{
  "acoustic_entropy": 131.15716552734375,
  "bands": [
    {
      "high_freq": 148.1999969482422,
      "loudness": -55.510440826416016,
      "loudness_range": 25.57913589477539,
      "mid_mean": -52.303810119628906,
      "mid_to_side_loudness": -10.664443969726562,
      "mid_to_side_loudness_range": 10.573031425476074,
      "side_mean": -60.709068298339844
    },
    {
      "high_freq": 392.3793640136719,
      "loudness": -41.83810043334961,
      "loudness_range": 22.01812744140625,
      "low_freq": 148.1999969482422,
      "mid_mean": -39.366024017333984,
      "mid_to_side_loudness": -6.33004093170166,
      "mid_to_side_loudness_range": 11.328012466430664,
      "side_mean": -46.447509765625
    },
    {
      "high_freq": 794.6976318359375,
      "loudness": -38.011837005615234,
      "loudness_range": 24.648828506469727,
      "low_freq": 392.3793640136719,
      "mid_mean": -37.195396423339844,
      "mid_to_side_loudness": -1.3991550207138062,
      "mid_to_side_loudness_range": 12.900890350341797,
      "side_mean": -38.639095306396484
    },
    {
      "high_freq": 1457.5709228515625,
      "loudness": -43.85271072387695,
      "loudness_range": 28.56087875366211,
      "low_freq": 794.6976318359375,
      "mid_mean": -43.11299514770508,
      "mid_to_side_loudness": -1.3464930057525635,
      "mid_to_side_loudness_range": 9.300603866577148,
      "side_mean": -44.68028259277344
    },
    {
      "high_freq": 2549.74365234375,
      "loudness": -52.51913833618164,
      "loudness_range": 30.624263763427734,
      "low_freq": 1457.5709228515625,
      "mid_mean": -53.88519287109375,
      "mid_to_side_loudness": -0.466027170419693,
      "mid_to_side_loudness_range": 6.760470390319824,
      "side_mean": -54.071632385253906
    },
    {
      "high_freq": 4349.24462890625,
      "loudness": -59.69049835205078,
      "loudness_range": 28.742557525634766,
      "low_freq": 2549.74365234375,
      "mid_mean": -60.636112213134766,
      "mid_to_side_loudness": -1.2726658582687378,
      "mid_to_side_loudness_range": 8.940759658813477,
      "side_mean": -61.239044189453125
    },
    {
      "high_freq": 7314.1640625,
      "loudness": -69.17433166503906,
      "loudness_range": 28.418495178222656,
      "low_freq": 4349.24462890625,
      "mid_mean": -67.22557830810547,
      "mid_to_side_loudness": -0.515982449054718,
      "mid_to_side_loudness_range": 4.985095500946045,
      "side_mean": -67.38191986083984
    },
    {
      "high_freq": 12199.2666015625,
      "loudness": -75.36262512207031,
      "loudness_range": 24.5347900390625,
      "low_freq": 7314.1640625,
      "mid_mean": -69.21324157714844,
      "mid_to_side_loudness": -0.2628704607486725,
      "mid_to_side_loudness_range": 2.981344699859619,
      "side_mean": -69.18746185302734
    },
    {
      "loudness": -82.93132781982422,
      "loudness_range": 9.853507995605469,
      "low_freq": 12199.2666015625,
      "mid_mean": -69.85298919677734,
      "mid_to_side_loudness": -0.371281236410141,
      "mid_to_side_loudness_range": 1.3091404438018799,
      "side_mean": -69.85160827636719
    }
  ],
  "bands_short": [
    {
      "high_freq": 148.1999969482422,
      "loudness": -58.43837356567383,
      "loudness_range": 25.292064666748047,
      "mid_mean": -54.865455627441406,
      "mid_to_side_loudness": -13.455028533935547,
      "mid_to_side_loudness_range": 14.154657363891602,
      "side_mean": -64.51520538330078
    },
    {
      "high_freq": 392.3793640136719,
      "loudness": -42.42268371582031,
      "loudness_range": 22.594112396240234,
      "low_freq": 148.1999969482422,
      "mid_mean": -40.119956970214844,
      "mid_to_side_loudness": -6.050592422485352,
      "mid_to_side_loudness_range": 12.66169261932373,
      "side_mean": -46.797035217285156
    },
    {
      "high_freq": 794.6976318359375,
      "loudness": -38.23491287231445,
      "loudness_range": 24.805831909179688,
      "low_freq": 392.3793640136719,
      "mid_mean": -37.27924346923828,
      "mid_to_side_loudness": -2.114419937133789,
      "mid_to_side_loudness_range": 14.718517303466797,
      "side_mean": -39.303035736083984
    },
    {
      "high_freq": 1457.5709228515625,
      "loudness": -44.45189666748047,
      "loudness_range": 28.985376358032227,
      "low_freq": 794.6976318359375,
      "mid_mean": -43.84428787231445,
      "mid_to_side_loudness": -1.3185237646102905,
      "mid_to_side_loudness_range": 10.623324394226074,
      "side_mean": -45.35578918457031
    },
    {
      "high_freq": 2549.74365234375,
      "loudness": -53.053932189941406,
      "loudness_range": 30.54409408569336,
      "low_freq": 1457.5709228515625,
      "mid_mean": -54.58542251586914,
      "mid_to_side_loudness": -0.37443405389785767,
      "mid_to_side_loudness_range": 8.80849838256836,
      "side_mean": -54.73576736450195
    },
    {
      "high_freq": 4349.24462890625,
      "loudness": -59.945621490478516,
      "loudness_range": 29.56646728515625,
      "low_freq": 2549.74365234375,
      "mid_mean": -60.92637252807617,
      "mid_to_side_loudness": -0.9922609925270081,
      "mid_to_side_loudness_range": 11.451745986938477,
      "side_mean": -61.337867736816406
    },
    {
      "high_freq": 7314.1640625,
      "loudness": -70.0584487915039,
      "loudness_range": 27.440860748291016,
      "low_freq": 4349.24462890625,
      "mid_mean": -67.53306579589844,
      "mid_to_side_loudness": -0.5302382707595825,
      "mid_to_side_loudness_range": 7.1836771965026855,
      "side_mean": -67.6839599609375
    },
    {
      "high_freq": 12199.2666015625,
      "loudness": -75.66968536376953,
      "loudness_range": 22.261333465576172,
      "low_freq": 7314.1640625,
      "mid_mean": -69.41039276123047,
      "mid_to_side_loudness": -0.3024134337902069,
      "mid_to_side_loudness_range": 3.9241323471069336,
      "side_mean": -69.39373779296875
    },
    {
      "loudness": -80.53142547607422,
      "loudness_range": 9.674652099609375,
      "low_freq": 12199.2666015625,
      "mid_mean": -69.87853240966797,
      "mid_to_side_loudness": -0.4627915322780609,
      "mid_to_side_loudness_range": 2.493650197982788,
      "side_mean": -69.88009643554688
    }
  ],
  "bandwidth": 684.3408813476562,
  "channels": 2,
  "covariance": [
    [
      73.87438201904297,
      63.33015823364258,
      41.22706604003906,
      50.797855377197266,
      41.413021087646484,
      42.47400665283203,
      45.67340850830078,
      46.26261520385742,
      63.3949089050293,
      62.90788269042969,
      47.028656005859375,
      46.024574279785156,
      21.30721664428711,
      20.487674713134766,
      7.056915760040283,
      7.269878387451172,
      1.1797288656234741,
      1.2333323955535889
    ],
    [
      63.33015823364258,
      64.48695373535156,
      34.461143493652344,
      43.55584716796875,
      34.090850830078125,
      32.65336608886719,
      36.036956787109375,
      36.916683197021484,
      51.25664138793945,
      50.66004943847656,
      38.43019104003906,
      37.65673828125,
      18.93429183959961,
      18.293067932128906,
      6.465394020080566,
      6.701720714569092,
      1.0571269989013672,
      1.126154899597168
    ],
    [
      41.22706604003906,
      34.461143493652344,
      63.74811553955078,
      55.99032974243164,
      43.623252868652344,
      46.865142822265625,
      46.564517974853516,
      45.498565673828125,
      60.514225006103516,
      60.88382339477539,
      45.59695816040039,
      45.27432632446289,
      20.98878288269043,
      20.220199584960938,
      6.8527607917785645,
      7.065413475036621,
      0.8637124300003052,
      0.9270554184913635
    ],
    [
      50.797855377197266,
      43.55584716796875,
      55.99032974243164,
      74.45550537109375,
      51.672359466552734,
      53.07487487792969,
      50.38541030883789,
      50.14723587036133,
      68.74510955810547,
      68.89839172363281,
      49.94500732421875,
      48.72481918334961,
      21.623371124267578,
      20.852733612060547,
      6.894885540008545,
      7.088430881500244,
      0.9700366854667664,
      1.0361827611923218
    ],
    [
      41.413021087646484,
      34.090850830078125,
      43.623252868652344,
      51.672359466552734,
      70.32750701904297,
      67.68811798095703,
      59.29778289794922,
      58.72624969482422,
      67.98307800292969,
      69.28489685058594,
      56.655235290527344,
      55.41551208496094,
      25.550189971923828,
      24.53388786315918,
      8.459437370300293,
      8.72249984741211,
      1.1475056409835815,
      1.2325308322906494
    ],
    [
      42.47400665283203,
      32.65336608886719,
      46.865142822265625,
      53.07487487792969,
      67.68811798095703,
      86.47296905517578,
      66.83458709716797,
      66.78297424316406,
      74.23989868164062,
      75.86011505126953,
      61.347999572753906,
      58.97615051269531,
      26.747455596923828,
      25.593788146972656,
      8.868037223815918,
      8.914999008178711,
      1.1802388429641724,
      1.2669503688812256
    ],
    [
      45.67340850830078,
      36.036956787109375,
      46.564517974853516,
      50.38541030883789,
      59.29778289794922,
      66.83458709716797,
      94.24295806884766,
      83.96027374267578,
      80.24337768554688,
      81.41021728515625,
      69.64547729492188,
      66.9955825805664,
      32.56104278564453,
      30.896575927734375,
      11.258126258850098,
      11.880024909973145,
      1.4127691984176636,
      1.503884196281433
    ],
    [
      46.26261520385742,
      36.916683197021484,
      45.498565673828125,
      50.14723587036133,
      58.72624969482422,
      66.78297424316406,
      83.96027374267578,
      91.99372100830078,
      81.214111328125,
      81.4026107788086,
      71.86922454833984,
      68.82962799072266,
      32.87660598754883,
      31.765640258789062,
      11.226980209350586,
      11.677393913269043,
      1.5402272939682007,
      1.6511729955673218
    ],
    [
      63.3949089050293,
      51.25664138793945,
      60.514225006103516,
      68.74510955810547,
      67.98307800292969,
      74.23989868164062,
      80.24337768554688,
      81.214111328125,
      109.5360336303711,
      108.3987808227539,
      81.34688568115234,
      78.34942626953125,
      38.0072135925293,
      36.56886672973633,
      13.049842834472656,
      13.42131519317627,
      1.781987190246582,
      1.901058316230774
    ],
    [
      62.90788269042969,
      50.66004943847656,
      60.88382339477539,
      68.89839172363281,
      69.28489685058594,
      75.86011505126953,
      81.41021728515625,
      81.4026107788086,
      108.3987808227539,
      110.9056396484375,
      81.72673034667969,
      79.16780090332031,
      38.353485107421875,
      36.986656188964844,
      13.255425453186035,
      13.631184577941895,
      1.7856580018997192,
      1.9042768478393555
    ],
    [
      47.028656005859375,
      38.43019104003906,
      45.59695816040039,
      49.94500732421875,
      56.655235290527344,
      61.347999572753906,
      69.64547729492188,
      71.86922454833984,
      81.34688568115234,
      81.72673034667969,
      75.87543487548828,
      71.77189636230469,
      36.418426513671875,
      35.043338775634766,
      12.728985786437988,
      13.089594841003418,
      1.6502138376235962,
      1.7679885625839233
    ],
    [
      46.024574279785156,
      37.65673828125,
      45.27432632446289,
      48.72481918334961,
      55.41551208496094,
      58.97615051269531,
      66.9955825805664,
      68.82962799072266,
      78.34942626953125,
      79.16780090332031,
      71.77189636230469,
      72.41603088378906,
      36.28672409057617,
      34.866188049316406,
      12.695432662963867,
      13.055998802185059,
      1.6652419567108154,
      1.7743979692459106
    ],
    [
      21.30721664428711,
      18.93429183959961,
      20.98878288269043,
      21.623371124267578,
      25.550189971923828,
      26.747455596923828,
      32.56104278564453,
      32.87660598754883,
      38.0072135925293,
      38.353485107421875,
      36.418426513671875,
      36.28672409057617,
      26.57602882385254,
      25.40557861328125,
      10.283580780029297,
      10.603540420532227,
      1.316975474357605,
      1.4147624969482422
    ],
    [
      20.487674713134766,
      18.293067932128906,
      20.220199584960938,
      20.852733612060547,
      24.53388786315918,
      25.593788146972656,
      30.896575927734375,
      31.765640258789062,
      36.56886672973633,
      36.986656188964844,
      35.043338775634766,
      34.866188049316406,
      25.40557861328125,
      24.940385818481445,
      10.156466484069824,
      10.52705192565918,
      1.3062515258789062,
      1.4056158065795898
    ],
    [
      7.056915760040283,
      6.465394020080566,
      6.8527607917785645,
      6.894885540008545,
      8.459437370300293,
      8.868037223815918,
      11.258126258850098,
      11.226980209350586,
      13.049842834472656,
      13.255425453186035,
      12.728985786437988,
      12.695432662963867,
      10.283580780029297,
      10.156466484069824,
      5.995612144470215,
      5.907291889190674,
      0.8006071448326111,
      0.8767266869544983
    ],
    [
      7.269878387451172,
      6.701720714569092,
      7.065413475036621,
      7.088430881500244,
      8.72249984741211,
      8.914999008178711,
      11.880024909973145,
      11.677393913269043,
      13.42131519317627,
      13.631184577941895,
      13.089594841003418,
      13.055998802185059,
      10.603540420532227,
      10.52705192565918,
      5.907291889190674,
      6.1891350746154785,
      0.8103110790252686,
      0.8754652738571167
    ],
    [
      1.1797288656234741,
      1.0571269989013672,
      0.8637124300003052,
      0.9700366854667664,
      1.1475056409835815,
      1.1802388429641724,
      1.4127691984176636,
      1.5402272939682007,
      1.781987190246582,
      1.7856580018997192,
      1.6502138376235962,
      1.6652419567108154,
      1.316975474357605,
      1.3062515258789062,
      0.8006071448326111,
      0.8103110790252686,
      0.23117029666900635,
      0.248642235994339
    ],
    [
      1.2333323955535889,
      1.126154899597168,
      0.9270554184913635,
      1.0361827611923218,
      1.2325308322906494,
      1.2669503688812256,
      1.503884196281433,
      1.6511729955673218,
      1.901058316230774,
      1.9042768478393555,
      1.7679885625839233,
      1.7743979692459106,
      1.4147624969482422,
      1.4056158065795898,
      0.8767266869544983,
      0.8754652738571167,
      0.248642235994339,
      0.2769410014152527
    ]
  ],
  "covariance_short": [
    [
      67.28802490234375,
      39.990047454833984,
      39.54878234863281,
      46.45079040527344,
      38.18854522705078,
      40.454872131347656,
      43.88764953613281,
      45.02373123168945,
      56.417659759521484,
      56.68745422363281,
      43.444580078125,
      43.403717041015625,
      18.52292823791504,
      17.830448150634766,
      5.103734493255615,
      5.204072952270508,
      0.7925447225570679,
      0.8098948001861572
    ],
    [
      39.990047454833984,
      34.089210510253906,
      25.76163101196289,
      31.1020450592041,
      24.72292709350586,
      24.749835968017578,
      27.250329971313477,
      28.50690269470215,
      35.90888214111328,
      36.136348724365234,
      28.10237693786621,
      28.344013214111328,
      13.178872108459473,
      12.880264282226562,
      3.876737356185913,
      3.9866154193878174,
      0.5908130407333374,
      0.6146094799041748
    ],
    [
      39.54878234863281,
      25.76163101196289,
      65.92530822753906,
      57.2294807434082,
      45.5692024230957,
      45.44690704345703,
      47.79685974121094,
      46.48424530029297,
      60.51327896118164,
      60.72303771972656,
      44.266944885253906,
      44.6970329284668,
      18.478492736816406,
      17.611629486083984,
      4.866861820220947,
      5.013249397277832,
      0.6343240141868591,
      0.6632828712463379
    ],
    [
      46.45079040527344,
      31.1020450592041,
      57.2294807434082,
      77.14897918701172,
      51.852420806884766,
      52.323974609375,
      51.72596740722656,
      51.4220085144043,
      68.18651580810547,
      68.60472106933594,
      48.62374496459961,
      48.458187103271484,
      18.900035858154297,
      18.16522216796875,
      4.943129062652588,
      5.065200328826904,
      0.6949134469032288,
      0.7231595516204834
    ],
    [
      38.18854522705078,
      24.72292709350586,
      45.5692024230957,
      51.852420806884766,
      72.11083984375,
      67.19123840332031,
      59.231693267822266,
      59.874752044677734,
      67.63480377197266,
      68.79750061035156,
      56.247467041015625,
      55.77175521850586,
      22.591785430908203,
      21.6341552734375,
      6.134238243103027,
      6.2177581787109375,
      0.7654560804367065,
      0.8063036799430847
    ],
    [
      40.454872131347656,
      24.749835968017578,
      45.44690704345703,
      52.323974609375,
      67.19123840332031,
      89.77977752685547,
      67.02062225341797,
      68.64631652832031,
      73.69058227539062,
      75.31790924072266,
      61.06818389892578,
      59.4891471862793,
      23.977214813232422,
      22.87649917602539,
      6.630831718444824,
      6.529996871948242,
      0.8201528787612915,
      0.8671748042106628
    ],
    [
      43.88764953613281,
      27.250329971313477,
      47.79685974121094,
      51.72596740722656,
      59.231693267822266,
      67.02062225341797,
      98.53331756591797,
      85.97332000732422,
      81.42650604248047,
      82.44247436523438,
      69.6456527709961,
      68.00131225585938,
      30.11719512939453,
      28.30034828186035,
      8.665767669677734,
      9.089269638061523,
      1.0812679529190063,
      1.1241061687469482
    ],
    [
      45.02373123168945,
      28.50690269470215,
      46.48424530029297,
      51.4220085144043,
      59.874752044677734,
      68.64631652832031,
      85.97332000732422,
      94.15389251708984,
      81.56658172607422,
      81.5081558227539,
      72.2745132446289,
      70.20340728759766,
      30.555618286132812,
      29.270099639892578,
      8.591686248779297,
      8.89486026763916,
      1.1492663621902466,
      1.2031586170196533
    ],
    [
      56.417659759521484,
      35.90888214111328,
      60.51327896118164,
      68.18651580810547,
      67.63480377197266,
      73.69058227539062,
      81.42650604248047,
      81.56658172607422,
      107.570556640625,
      105.3426742553711,
      80.02010345458984,
      78.1285400390625,
      33.70939636230469,
      32.24943542480469,
      9.596896171569824,
      9.871711730957031,
      1.263487458229065,
      1.3104850053787231
    ],
    [
      56.68745422363281,
      36.136348724365234,
      60.72303771972656,
      68.60472106933594,
      68.79750061035156,
      75.31790924072266,
      82.44247436523438,
      81.5081558227539,
      105.3426742553711,
      109.7208023071289,
      80.54103088378906,
      79.26403045654297,
      34.22120666503906,
      32.83572006225586,
      9.825502395629883,
      10.078258514404297,
      1.2752487659454346,
      1.3227870464324951
    ],
    [
      43.444580078125,
      28.10237693786621,
      44.266944885253906,
      48.62374496459961,
      56.247467041015625,
      61.06818389892578,
      69.6456527709961,
      72.2745132446289,
      80.02010345458984,
      80.54103088378906,
      78.44920349121094,
      73.5317611694336,
      33.58794403076172,
      32.27195739746094,
      9.948612213134766,
      10.136385917663574,
      1.2732102870941162,
      1.3461297750473022
    ],
    [
      43.403717041015625,
      28.344013214111328,
      44.6970329284668,
      48.458187103271484,
      55.77175521850586,
      59.4891471862793,
      68.00131225585938,
      70.20340728759766,
      78.1285400390625,
      79.26403045654297,
      73.5317611694336,
      75.24886322021484,
      33.12661361694336,
      31.87122344970703,
      9.784961700439453,
      9.984400749206543,
      1.2636667490005493,
      1.3285127878189087
    ],
    [
      18.52292823791504,
      13.178872108459473,
      18.478492736816406,
      18.900035858154297,
      22.591785430908203,
      23.977214813232422,
      30.11719512939453,
      30.555618286132812,
      33.70939636230469,
      34.22120666503906,
      33.58794403076172,
      33.12661361694336,
      23.627782821655273,
      22.146223068237305,
      7.754279136657715,
      7.963526248931885,
      0.9809550642967224,
      1.0323137044906616
    ],
    [
      17.830448150634766,
      12.880264282226562,
      17.611629486083984,
      18.16522216796875,
      21.6341552734375,
      22.87649917602539,
      28.30034828186035,
      29.270099639892578,
      32.24943542480469,
      32.83572006225586,
      32.27195739746094,
      31.87122344970703,
      22.146223068237305,
      21.86050033569336,
      7.598974227905273,
      7.882307052612305,
      0.9691433310508728,
      1.0217621326446533
    ],
    [
      5.103734493255615,
      3.876737356185913,
      4.866861820220947,
      4.943129062652588,
      6.134238243103027,
      6.630831718444824,
      8.665767669677734,
      8.591686248779297,
      9.596896171569824,
      9.825502395629883,
      9.948612213134766,
      9.784961700439453,
      7.754279136657715,
      7.598974227905273,
      4.363479137420654,
      4.217552185058594,
      0.6259347796440125,
      0.6628157496452332
    ],
    [
      5.204072952270508,
      3.9866154193878174,
      5.013249397277832,
      5.065200328826904,
      6.2177581787109375,
      6.529996871948242,
      9.089269638061523,
      8.89486026763916,
      9.871711730957031,
      10.078258514404297,
      10.136385917663574,
      9.984400749206543,
      7.963526248931885,
      7.882307052612305,
      4.217552185058594,
      4.508301258087158,
      0.6296291947364807,
      0.6624606251716614
    ],
    [
      0.7925447225570679,
      0.5908130407333374,
      0.6343240141868591,
      0.6949134469032288,
      0.7654560804367065,
      0.8201528787612915,
      1.0812679529190063,
      1.1492663621902466,
      1.263487458229065,
      1.2752487659454346,
      1.2732102870941162,
      1.2636667490005493,
      0.9809550642967224,
      0.9691433310508728,
      0.6259347796440125,
      0.6296291947364807,
      0.2292616218328476,
      0.23681692779064178
    ],
    [
      0.8098948001861572,
      0.6146094799041748,
      0.6632828712463379,
      0.7231595516204834,
      0.8063036799430847,
      0.8671748042106628,
      1.1241061687469482,
      1.2031586170196533,
      1.3104850053787231,
      1.3227870464324951,
      1.3461297750473022,
      1.3285127878189087,
      1.0323137044906616,
      1.0217621326446533,
      0.6628157496452332,
      0.6624606251716614,
      0.23681692779064178,
      0.25723597407341003
    ]
  ],
  "damage": -18.455154418945312,
  "diff_bandwidth": 722.4931640625,
  "dissonance": 4.287786175508859,
  "drr": 7.294153213500977,
  "dynamics": 6.072388648986816,
  "format": 1245190,
  "frames": 16850944,
  "loudness": -29.627002716064453,
  "loudness_range": 22.319883346557617,
  "loudness_range_short": 23.305763244628906,
  "lowpass_true_peak_15khz": -2.9671285152435303,
  "mastering3_acoustic_entropies": [
    {
      "acoustic_entropy": 8.37712287902832,
      "acoustic_entropy_mono": 5.800729751586914,
      "band_eliminated_acoustic_entropies": [
        {
          "acoustic_entropy": 8.377713203430176,
          "acoustic_entropy_side": 8.377115249633789,
          "hz": 129.47220167065723
        },
        {
          "acoustic_entropy": 8.336432456970215,
          "acoustic_entropy_side": 8.373034477233887,
          "hz": 202.92927478742237
        },
        {
          "acoustic_entropy": 8.416516304016113,
          "acoustic_entropy_side": 8.364584922790527,
          "hz": 282.89161906338205
        },
        {
          "acoustic_entropy": 8.385599136352539,
          "acoustic_entropy_side": 8.323765754699707,
          "hz": 369.9353335868758
        },
        {
          "acoustic_entropy": 8.121772766113281,
          "acoustic_entropy_side": 8.17349910736084,
          "hz": 464.6875360973435
        },
        {
          "acoustic_entropy": 8.361542701721191,
          "acoustic_entropy_side": 8.77841854095459,
          "hz": 567.8308811364784
        },
        {
          "acoustic_entropy": 6.79838228225708,
          "acoustic_entropy_side": 7.241212844848633,
          "hz": 680.1084783214808
        },
        {
          "acoustic_entropy": 6.9820966720581055,
          "acoustic_entropy_side": 7.4790167808532715,
          "hz": 802.3292461747484
        },
        {
          "acoustic_entropy": 7.475162506103516,
          "acoustic_entropy_side": 8.474119186401367,
          "hz": 935.3737400823702
        },
        {
          "acoustic_entropy": 8.30930233001709,
          "acoustic_entropy_side": 8.475566864013672,
          "hz": 1080.2004963696966
        },
        {
          "acoustic_entropy": 7.387923240661621,
          "acoustic_entropy_side": 7.890988826751709,
          "hz": 1237.8529382007157
        },
        {
          "acoustic_entropy": 8.453352928161621,
          "acoustic_entropy_side": 8.468242645263672,
          "hz": 1409.4668930556702
        },
        {
          "acoustic_entropy": 7.946784973144531,
          "acoustic_entropy_side": 8.204792022705078,
          "hz": 1596.2787759475705
        },
        {
          "acoustic_entropy": 8.3164644241333,
          "acoustic_entropy_side": 8.393203735351562,
          "hz": 1799.6344973346393
        },
        {
          "acoustic_entropy": 8.249649047851562,
          "acoustic_entropy_side": 8.19039535522461,
          "hz": 2020.9991599069049
        },
        {
          "acoustic_entropy": 8.368800163269043,
          "acoustic_entropy_side": 8.366423606872559,
          "hz": 2261.9676141086993
        },
        {
          "acoustic_entropy": 8.38184642791748,
          "acoustic_entropy_side": 8.358662605285645,
          "hz": 2524.2759484456974
        },
        {
          "acoustic_entropy": 8.239274024963379,
          "acoustic_entropy_side": 8.450604438781738,
          "hz": 2809.813997359896
        },
        {
          "acoustic_entropy": 8.392165184020996,
          "acoustic_entropy_side": 8.363237380981445,
          "hz": 3120.6389567871424
        },
        {
          "acoustic_entropy": 8.402207374572754,
          "acoustic_entropy_side": 8.38601016998291,
          "hz": 3458.990205492291
        },
        {
          "acoustic_entropy": 8.368212699890137,
          "acoustic_entropy_side": 8.37173080444336,
          "hz": 3827.305438964164
        },
        {
          "acoustic_entropy": 8.389008522033691,
          "acoustic_entropy_side": 8.37773323059082,
          "hz": 4228.238232109126
        },
        {
          "acoustic_entropy": 8.379420280456543,
          "acoustic_entropy_side": 8.377382278442383,
          "hz": 4664.6771572759235
        },
        {
          "acoustic_entropy": 8.382622718811035,
          "acoustic_entropy_side": 8.38078784942627,
          "hz": 5139.766595350093
        },
        {
          "acoustic_entropy": 8.380705833435059,
          "acoustic_entropy_side": 8.37810230255127,
          "hz": 5656.929389854203
        },
        {
          "acoustic_entropy": 8.379495620727539,
          "acoustic_entropy_side": 8.37789249420166,
          "hz": 6219.891507268283
        },
        {
          "acoustic_entropy": 8.379714965820312,
          "acoustic_entropy_side": 8.378715515136719,
          "hz": 6832.70888123896
        },
        {
          "acoustic_entropy": 8.377838134765625,
          "acoustic_entropy_side": 8.37771224975586,
          "hz": 7499.796634079867
        },
        {
          "acoustic_entropy": 8.377222061157227,
          "acoustic_entropy_side": 8.377213478088379,
          "hz": 8225.96088609342
        },
        {
          "acoustic_entropy": 8.377238273620605,
          "acoustic_entropy_side": 8.377199172973633,
          "hz": 9016.43338188839
        },
        {
          "acoustic_entropy": 8.377111434936523,
          "acoustic_entropy_side": 8.377119064331055,
          "hz": 9876.909183162974
        },
        {
          "acoustic_entropy": 8.377216339111328,
          "acoustic_entropy_side": 8.377132415771484,
          "hz": 10813.587699516042
        },
        {
          "acoustic_entropy": 8.377130508422852,
          "acoustic_entropy_side": 8.37712287902832,
          "hz": 11833.21735289826
        },
        {
          "acoustic_entropy": 8.377124786376953,
          "acoustic_entropy_side": 8.377123832702637,
          "hz": 12943.144197493959
        },
        {
          "acoustic_entropy": 8.377123832702637,
          "acoustic_entropy_side": 8.377123832702637,
          "hz": 14151.364845322005
        },
        {
          "acoustic_entropy": 8.377123832702637,
          "acoustic_entropy_side": 8.37712287902832,
          "hz": 15466.58407886509
        },
        {
          "acoustic_entropy": 8.37712287902832,
          "acoustic_entropy_side": 8.37712287902832,
          "hz": 16898.27756580493
        },
        {
          "acoustic_entropy": 8.37712287902832,
          "acoustic_entropy_side": 8.37712287902832,
          "hz": 18456.760127700032
        },
        {
          "acoustic_entropy": 8.37712287902832,
          "acoustic_entropy_side": 8.37712287902832,
          "hz": 20153.260054456492
        },
        {
          "acoustic_entropy": 8.37712287902832,
          "acoustic_entropy_side": 8.37712287902832,
          "hz": 22000.00000000001
        }
      ],
      "diff_acoustic_entropy": 4.7315545082092285,
      "sn": 6
    },
    {
      "acoustic_entropy": 12.0632905960083,
      "acoustic_entropy_mono": 9.522729873657227,
      "band_eliminated_acoustic_entropies": [
        {
          "acoustic_entropy": 12.05566692352295,
          "acoustic_entropy_side": 12.063143730163574,
          "hz": 129.47220167065723
        },
        {
          "acoustic_entropy": 11.863922119140625,
          "acoustic_entropy_side": 12.042116165161133,
          "hz": 202.92927478742237
        },
        {
          "acoustic_entropy": 11.986677169799805,
          "acoustic_entropy_side": 11.984644889831543,
          "hz": 282.89161906338205
        },
        {
          "acoustic_entropy": 12.340298652648926,
          "acoustic_entropy_side": 11.9326753616333,
          "hz": 369.9353335868758
        },
        {
          "acoustic_entropy": 11.601202964782715,
          "acoustic_entropy_side": 12.113763809204102,
          "hz": 464.6875360973435
        },
        {
          "acoustic_entropy": 12.881692886352539,
          "acoustic_entropy_side": 12.919781684875488,
          "hz": 567.8308811364784
        },
        {
          "acoustic_entropy": 10.91649341583252,
          "acoustic_entropy_side": 10.535568237304688,
          "hz": 680.1084783214808
        },
        {
          "acoustic_entropy": 11.0911226272583,
          "acoustic_entropy_side": 11.883111953735352,
          "hz": 802.3292461747484
        },
        {
          "acoustic_entropy": 11.170971870422363,
          "acoustic_entropy_side": 11.923181533813477,
          "hz": 935.3737400823702
        },
        {
          "acoustic_entropy": 11.525611877441406,
          "acoustic_entropy_side": 12.431546211242676,
          "hz": 1080.2004963696966
        },
        {
          "acoustic_entropy": 10.584250450134277,
          "acoustic_entropy_side": 10.800076484680176,
          "hz": 1237.8529382007157
        },
        {
          "acoustic_entropy": 11.8977632522583,
          "acoustic_entropy_side": 11.865093231201172,
          "hz": 1409.4668930556702
        },
        {
          "acoustic_entropy": 11.557046890258789,
          "acoustic_entropy_side": 11.604970932006836,
          "hz": 1596.2787759475705
        },
        {
          "acoustic_entropy": 11.736884117126465,
          "acoustic_entropy_side": 11.990155220031738,
          "hz": 1799.6344973346393
        },
        {
          "acoustic_entropy": 11.515684127807617,
          "acoustic_entropy_side": 11.780839920043945,
          "hz": 2020.9991599069049
        },
        {
          "acoustic_entropy": 11.840644836425781,
          "acoustic_entropy_side": 12.008554458618164,
          "hz": 2261.9676141086993
        },
        {
          "acoustic_entropy": 11.97342300415039,
          "acoustic_entropy_side": 12.048669815063477,
          "hz": 2524.2759484456974
        },
        {
          "acoustic_entropy": 11.756150245666504,
          "acoustic_entropy_side": 11.959600448608398,
          "hz": 2809.813997359896
        },
        {
          "acoustic_entropy": 11.998815536499023,
          "acoustic_entropy_side": 12.018665313720703,
          "hz": 3120.6389567871424
        },
        {
          "acoustic_entropy": 11.970534324645996,
          "acoustic_entropy_side": 12.024484634399414,
          "hz": 3458.990205492291
        },
        {
          "acoustic_entropy": 11.976236343383789,
          "acoustic_entropy_side": 12.029871940612793,
          "hz": 3827.305438964164
        },
        {
          "acoustic_entropy": 11.989069938659668,
          "acoustic_entropy_side": 12.043381690979004,
          "hz": 4228.238232109126
        },
        {
          "acoustic_entropy": 12.02061939239502,
          "acoustic_entropy_side": 12.042436599731445,
          "hz": 4664.6771572759235
        },
        {
          "acoustic_entropy": 12.029773712158203,
          "acoustic_entropy_side": 12.04880428314209,
          "hz": 5139.766595350093
        },
        {
          "acoustic_entropy": 12.036706924438477,
          "acoustic_entropy_side": 12.053699493408203,
          "hz": 5656.929389854203
        },
        {
          "acoustic_entropy": 12.055480003356934,
          "acoustic_entropy_side": 12.060275077819824,
          "hz": 6219.891507268283
        },
        {
          "acoustic_entropy": 12.055341720581055,
          "acoustic_entropy_side": 12.058320045471191,
          "hz": 6832.70888123896
        },
        {
          "acoustic_entropy": 12.055614471435547,
          "acoustic_entropy_side": 12.056625366210938,
          "hz": 7499.796634079867
        },
        {
          "acoustic_entropy": 12.060297966003418,
          "acoustic_entropy_side": 12.06143856048584,
          "hz": 8225.96088609342
        },
        {
          "acoustic_entropy": 12.061699867248535,
          "acoustic_entropy_side": 12.062583923339844,
          "hz": 9016.43338188839
        },
        {
          "acoustic_entropy": 12.062536239624023,
          "acoustic_entropy_side": 12.063000679016113,
          "hz": 9876.909183162974
        },
        {
          "acoustic_entropy": 12.06254768371582,
          "acoustic_entropy_side": 12.062870979309082,
          "hz": 10813.587699516042
        },
        {
          "acoustic_entropy": 12.063045501708984,
          "acoustic_entropy_side": 12.063128471374512,
          "hz": 11833.21735289826
        },
        {
          "acoustic_entropy": 12.063230514526367,
          "acoustic_entropy_side": 12.063260078430176,
          "hz": 12943.144197493959
        },
        {
          "acoustic_entropy": 12.063248634338379,
          "acoustic_entropy_side": 12.063261985778809,
          "hz": 14151.364845322005
        },
        {
          "acoustic_entropy": 12.063279151916504,
          "acoustic_entropy_side": 12.063285827636719,
          "hz": 15466.58407886509
        },
        {
          "acoustic_entropy": 12.063288688659668,
          "acoustic_entropy_side": 12.063287734985352,
          "hz": 16898.27756580493
        },
        {
          "acoustic_entropy": 12.063289642333984,
          "acoustic_entropy_side": 12.063289642333984,
          "hz": 18456.760127700032
        },
        {
          "acoustic_entropy": 12.0632905960083,
          "acoustic_entropy_side": 12.0632905960083,
          "hz": 20153.260054456492
        },
        {
          "acoustic_entropy": 12.0632905960083,
          "acoustic_entropy_side": 12.0632905960083,
          "hz": 22000.00000000001
        }
      ],
      "diff_acoustic_entropy": 7.12555456161499,
      "sn": 12
    },
    {
      "acoustic_entropy": 17.602571487426758,
      "acoustic_entropy_mono": 14.451268196105957,
      "band_eliminated_acoustic_entropies": [
        {
          "acoustic_entropy": 17.607303619384766,
          "acoustic_entropy_side": 17.613996505737305,
          "hz": 129.47220167065723
        },
        {
          "acoustic_entropy": 16.680139541625977,
          "acoustic_entropy_side": 17.69000816345215,
          "hz": 202.92927478742237
        },
        {
          "acoustic_entropy": 18.089431762695312,
          "acoustic_entropy_side": 17.515527725219727,
          "hz": 282.89161906338205
        },
        {
          "acoustic_entropy": 17.225858688354492,
          "acoustic_entropy_side": 17.5447940826416,
          "hz": 369.9353335868758
        },
        {
          "acoustic_entropy": 17.70722198486328,
          "acoustic_entropy_side": 17.77191734313965,
          "hz": 464.6875360973435
        },
        {
          "acoustic_entropy": 19.017637252807617,
          "acoustic_entropy_side": 18.151390075683594,
          "hz": 567.8308811364784
        },
        {
          "acoustic_entropy": 17.170745849609375,
          "acoustic_entropy_side": 17.12403678894043,
          "hz": 680.1084783214808
        },
        {
          "acoustic_entropy": 16.927865982055664,
          "acoustic_entropy_side": 18.352384567260742,
          "hz": 802.3292461747484
        },
        {
          "acoustic_entropy": 17.058319091796875,
          "acoustic_entropy_side": 17.990659713745117,
          "hz": 935.3737400823702
        },
        {
          "acoustic_entropy": 17.599512100219727,
          "acoustic_entropy_side": 18.776920318603516,
          "hz": 1080.2004963696966
        },
        {
          "acoustic_entropy": 16.497215270996094,
          "acoustic_entropy_side": 17.706775665283203,
          "hz": 1237.8529382007157
        },
        {
          "acoustic_entropy": 18.332368850708008,
          "acoustic_entropy_side": 18.404712677001953,
          "hz": 1409.4668930556702
        },
        {
          "acoustic_entropy": 15.934511184692383,
          "acoustic_entropy_side": 16.713985443115234,
          "hz": 1596.2787759475705
        },
        {
          "acoustic_entropy": 16.8491268157959,
          "acoustic_entropy_side": 17.433753967285156,
          "hz": 1799.6344973346393
        },
        {
          "acoustic_entropy": 16.967308044433594,
          "acoustic_entropy_side": 17.251375198364258,
          "hz": 2020.9991599069049
        },
        {
          "acoustic_entropy": 17.34117889404297,
          "acoustic_entropy_side": 17.564922332763672,
          "hz": 2261.9676141086993
        },
        {
          "acoustic_entropy": 17.886333465576172,
          "acoustic_entropy_side": 17.651506423950195,
          "hz": 2524.2759484456974
        },
        {
          "acoustic_entropy": 17.516733169555664,
          "acoustic_entropy_side": 17.533203125,
          "hz": 2809.813997359896
        },
        {
          "acoustic_entropy": 17.304180145263672,
          "acoustic_entropy_side": 17.58135223388672,
          "hz": 3120.6389567871424
        },
        {
