{
  "acoustic_entropy": 168.530517578125,
  "bands": [
    {
      "high_freq": 148.1999969482422,
      "loudness": -35.171485900878906,
      "loudness_range": 23.8642520904541,
      "mid_mean": -34.01356887817383,
      "mid_to_side_loudness": -1.5303282737731934,
      "mid_to_side_loudness_range": 3.1921920776367188,
      "side_mean": -39.02001190185547
    },
    {
      "high_freq": 392.3793640136719,
      "loudness": -32.012882232666016,
      "loudness_range": 15.113107681274414,
      "low_freq": 148.1999969482422,
      "mid_mean": -30.797836303710938,
      "mid_to_side_loudness": -1.3859761953353882,
      "mid_to_side_loudness_range": 3.5536036491394043,
      "side_mean": -31.530790328979492
    },
    {
      "high_freq": 794.6976318359375,
      "loudness": -32.14204025268555,
      "loudness_range": 19.311168670654297,
      "low_freq": 392.3793640136719,
      "mid_mean": -30.903432846069336,
      "mid_to_side_loudness": -0.8023679256439209,
      "mid_to_side_loudness_range": 1.7821167707443237,
      "side_mean": -29.178192138671875
    },
    {
      "high_freq": 1457.5709228515625,
      "loudness": -34.336029052734375,
      "loudness_range": 25.596969604492188,
      "low_freq": 794.6976318359375,
      "mid_mean": -33.272422790527344,
      "mid_to_side_loudness": -1.0822103023529053,
      "mid_to_side_loudness_range": 1.0669920444488525,
      "side_mean": -31.115503311157227
    },
    {
      "high_freq": 2549.74365234375,
      "loudness": -34.15652084350586,
      "loudness_range": 27.000417709350586,
      "low_freq": 1457.5709228515625,
      "mid_mean": -33.581050872802734,
      "mid_to_side_loudness": -1.4341492652893066,
      "mid_to_side_loudness_range": 0.9806535243988037,
      "side_mean": -30.55423927307129
    },
    {
      "high_freq": 4349.24462890625,
      "loudness": -38.5960693359375,
      "loudness_range": 29.427385330200195,
      "low_freq": 2549.74365234375,
      "mid_mean": -37.45333480834961,
      "mid_to_side_loudness": -2.810166120529175,
      "mid_to_side_loudness_range": 19.443021774291992,
      "side_mean": -34.756011962890625
    },
    {
      "high_freq": 7314.1640625,
      "loudness": -41.25861740112305,
      "loudness_range": 26.75113296508789,
      "low_freq": 4349.24462890625,
      "mid_mean": -39.92849349975586,
      "mid_to_side_loudness": -3.2957334518432617,
      "mid_to_side_loudness_range": 15.5090913772583,
      "side_mean": -41.77617263793945
    },
    {
      "high_freq": 12199.2666015625,
      "loudness": -46.486839294433594,
      "loudness_range": 23.300756454467773,
      "low_freq": 7314.1640625,
      "mid_mean": -45.27761459350586,
      "mid_to_side_loudness": -2.418605327606201,
      "mid_to_side_loudness_range": 10.970451354980469,
      "side_mean": -48.82535171508789
    },
    {
      "loudness": -54.504737854003906,
      "loudness_range": 24.484710693359375,
      "low_freq": 12199.2666015625,
      "mid_mean": -53.06075668334961,
      "mid_to_side_loudness": -1.3341325521469116,
      "mid_to_side_loudness_range": 5.899590969085693,
      "side_mean": -54.17886734008789
    }
  ],
  "bands_short": [
    {
      "high_freq": 148.1999969482422,
      "loudness": -40.459442138671875,
      "loudness_range": 31.395999908447266,
      "mid_mean": -40.12928009033203,
      "mid_to_side_loudness": -2.8798627853393555,
      "mid_to_side_loudness_range": 16.880023956298828,
      "side_mean": -41.98764419555664
    },
    {
      "high_freq": 392.3793640136719,
      "loudness": -34.162139892578125,
      "loudness_range": 24.533323287963867,
      "low_freq": 148.1999969482422,
      "mid_mean": -33.54018020629883,
      "mid_to_side_loudness": -2.2906675338745117,
      "mid_to_side_loudness_range": 10.692520141601562,
      "side_mean": -34.05550003051758
    },
    {
      "high_freq": 794.6976318359375,
      "loudness": -32.709999084472656,
      "loudness_range": 20.611711502075195,
      "low_freq": 392.3793640136719,
      "mid_mean": -33.129913330078125,
      "mid_to_side_loudness": -2.2687203884124756,
      "mid_to_side_loudness_range": 13.790698051452637,
      "side_mean": -31.965621948242188
    },
    {
      "high_freq": 1457.5709228515625,
      "loudness": -32.91305160522461,
      "loudness_range": 25.210765838623047,
      "low_freq": 794.6976318359375,
      "mid_mean": -32.75099182128906,
      "mid_to_side_loudness": -2.73598313331604,
      "mid_to_side_loudness_range": 13.936820030212402,
      "side_mean": -32.272335052490234
    },
    {
      "high_freq": 2549.74365234375,
      "loudness": -33.43473815917969,
      "loudness_range": 26.212696075439453,
      "low_freq": 1457.5709228515625,
      "mid_mean": -33.30759811401367,
      "mid_to_side_loudness": -1.9328384399414062,
      "mid_to_side_loudness_range": 10.126025199890137,
      "side_mean": -32.75303649902344
    },
    {
      "high_freq": 4349.24462890625,
      "loudness": -37.6228141784668,
      "loudness_range": 29.302217483520508,
      "low_freq": 2549.74365234375,
      "mid_mean": -37.26029586791992,
      "mid_to_side_loudness": -1.8794931173324585,
      "mid_to_side_loudness_range": 8.256645202636719,
      "side_mean": -36.89523696899414
    },
    {
      "high_freq": 7314.1640625,
      "loudness": -42.216304779052734,
      "loudness_range": 30.519840240478516,
      "low_freq": 4349.24462890625,
      "mid_mean": -41.744178771972656,
      "mid_to_side_loudness": -2.0483644008636475,
      "mid_to_side_loudness_range": 7.080787658691406,
      "side_mean": -42.570518493652344
    },
    {
      "high_freq": 12199.2666015625,
      "loudness": -48.84333801269531,
      "loudness_range": 31.477079391479492,
      "low_freq": 7314.1640625,
      "mid_mean": -51.051536560058594,
      "mid_to_side_loudness": -1.4451509714126587,
      "mid_to_side_loudness_range": 4.935309410095215,
      "side_mean": -52.22893142700195
    },
    {
      "loudness": -59.690853118896484,
      "loudness_range": 29.306137084960938,
      "low_freq": 12199.2666015625,
      "mid_mean": -57.888099670410156,
      "mid_to_side_loudness": -0.8217755556106567,
      "mid_to_side_loudness_range": 3.1335153579711914,
      "side_mean": -58.536598205566406
    }
  ],
  "bandwidth": 772.61376953125,
  "channels": 2,
  "covariance": [
    [
      82.52593994140625,
      23.508716583251953,
      11.617639541625977,
      9.43779468536377,
      3.0970206260681152,
      24.1983642578125,
      0.42441070079803467,
      36.74190139770508,
      -2.8946220874786377,
      27.42234230041504,
      -1.3461112976074219,
      23.005727767944336,
      -4.169757843017578,
      -18.775266647338867,
      7.0551323890686035,
      -9.028846740722656,
      -0.46288377046585083,
      -8.220703125
    ],
    [
      23.508716583251953,
      97.18803405761719,
      11.577938079833984,
      18.637542724609375,
      42.89805221557617,
      24.75913429260254,
      64.10627746582031,
      35.87325668334961,
      60.75642013549805,
      27.9550724029541,
      52.71230697631836,
      24.015625,
      35.20179748535156,
      53.572723388671875,
      25.961341857910156,
      51.428627014160156,
      35.122154235839844,
      46.887420654296875
    ],
    [
      11.617639541625977,
      11.577938079833984,
      29.530935287475586,
      25.4556941986084,
      13.610989570617676,
      14.722506523132324,
      10.0541410446167,
      11.17558765411377,
      10.238876342773438,
      10.375466346740723,
      13.310444831848145,
      12.028590202331543,
      13.354673385620117,
      11.9669828414917,
      15.981305122375488,
      16.028350830078125,
      13.25558853149414,
      12.876383781433105
    ],
    [
      9.43779468536377,
      18.637542724609375,
      25.4556941986084,
      41.20060348510742,
      16.18582534790039,
      15.949250221252441,
      12.335371017456055,
      16.41230583190918,
      15.085859298706055,
      14.058928489685059,
      15.710283279418945,
      17.63201332092285,
      17.709810256958008,
      23.26516342163086,
      16.703142166137695,
      21.262922286987305,
      17.099693298339844,
      18.655309677124023
    ],
    [
      3.0970206260681152,
      42.89805221557617,
      13.610989570617676,
      16.18582534790039,
      38.66557312011719,
      23.349029541015625,
      47.83092498779297,
      28.25771713256836,
      47.6027946472168,
      25.05589485168457,
      42.67158508300781,
      24.454477310180664,
      32.2263069152832,
      44.50044250488281,
      23.915754318237305,
      40.9827995300293,
      27.262434005737305,
      35.0165901184082
    ],
    [
      24.1983642578125,
      24.75913429260254,
      14.722506523132324,
      15.949250221252441,
      23.349029541015625,
      24.62836265563965,
      27.429418563842773,
      28.44444465637207,
      25.531986236572266,
      25.413240432739258,
      24.065473556518555,
      24.134675979614258,
      19.736980438232422,
      19.740943908691406,
      20.252277374267578,
      20.21619415283203,
      16.395357131958008,
      16.483497619628906
    ],
    [
      0.42441070079803467,
      64.10627746582031,
      10.0541410446167,
      12.335371017456055,
      47.83092498779297,
      27.429418563842773,
      75.51202392578125,
      41.520416259765625,
      72.54865264892578,
      37.5947151184082,
      64.45572662353516,
      35.26114273071289,
      46.04357147216797,
      64.59786987304688,
      32.71424865722656,
      56.99711990356445,
      36.081695556640625,
      47.653770446777344
    ],
    [
      36.74190139770508,
      35.87325668334961,
      11.17558765411377,
      16.41230583190918,
      28.25771713256836,
      28.44444465637207,
      41.520416259765625,
      49.3261604309082,
      40.51300048828125,
      42.19622802734375,
      38.66365432739258,
      43.24353790283203,
      30.31308937072754,
      33.3576774597168,
      26.137964248657227,
      28.039695739746094,
      21.16861915588379,
      21.97403335571289
    ],
    [
      -2.8946220874786377,
      60.75642013549805,
      10.238876342773438,
      15.085859298706055,
      47.6027946472168,
      25.531986236572266,
      72.54865264892578,
      40.51300048828125,
      87.3703842163086,
      42.929847717285156,
      78.12884521484375,
      45.06404495239258,
      56.896209716796875,
      83.49246978759766,
      37.5946044921875,
      67.98091888427734,
      42.103675842285156,
      56.459468841552734
    ],
    [
      27.42234230041504,
      27.9550724029541,
      10.375466346740723,
      14.058928489685059,
      25.05589485168457,
      25.413240432739258,
      37.5947151184082,
      42.19622802734375,
      42.929847717285156,
      47.252418518066406,
      44.34886932373047,
      48.08427810668945,
      37.40439224243164,
      40.391815185546875,
      33.7677001953125,
      34.83955764770508,
      25.04054832458496,
      25.48442840576172
    ],
    [
      -1.3461112976074219,
      52.71230697631836,
      13.310444831848145,
      15.710283279418945,
      42.67158508300781,
      24.065473556518555,
      64.45572662353516,
      38.66365432739258,
      78.12884521484375,
      44.34886932373047,
      82.66590881347656,
      53.817012786865234,
      64.2142562866211,
      84.97713470458984,
      44.73723602294922,
      72.14431762695312,
      43.50484085083008,
      56.00313949584961
    ],
    [
      23.005727767944336,
      24.015625,
      12.028590202331543,
      17.63201332092285,
      24.454477310180664,
      24.134675979614258,
      35.26114273071289,
      43.24353790283203,
      45.06404495239258,
      48.08427810668945,
      53.817012786865234,
      59.7098274230957,
      48.888999938964844,
      53.14958190917969,
      41.37328338623047,
      43.48618698120117,
      28.086626052856445,
      29.06230926513672
    ],
    [
      -4.169757843017578,
      35.20179748535156,
      13.354673385620117,
      17.709810256958008,
      32.2263069152832,
      19.736980438232422,
      46.04357147216797,
      30.31308937072754,
      56.896209716796875,
      37.40439224243164,
      64.2142562866211,
      48.888999938964844,
      57.41813659667969,
      70.63985443115234,
      43.73016357421875,
      62.01107406616211,
      39.2234001159668,
      47.31563186645508
    ],
    [
      -18.775266647338867,
      53.572723388671875,
      11.9669828414917,
      23.26516342163086,
      44.50044250488281,
      19.740943908691406,
      64.59786987304688,
      33.3576774597168,
      83.49246978759766,
      40.391815185546875,
      84.97713470458984,
      53.14958190917969,
      70.63985443115234,
      117.18744659423828,
      48.25496292114258,
      81.41092681884766,
      50.79521942138672,
      67.07295989990234
    ],
    [
      7.0551323890686035,
      25.961341857910156,
      15.981305122375488,
      16.703142166137695,
      23.915754318237305,
      20.252277374267578,
      32.71424865722656,
      26.137964248657227,
      37.5946044921875,
      33.7677001953125,
      44.73723602294922,
      41.37328338623047,
      43.73016357421875,
      48.25496292114258,
      44.51980209350586,
      51.39260482788086,
      35.39175796508789,
      38.3813362121582
    ],
    [
      -9.028846740722656,
      51.428627014160156,
      16.028350830078125,
      21.262922286987305,
      40.9827995300293,
      20.21619415283203,
      56.99711990356445,
      28.039695739746094,
      67.98091888427734,
      34.83955764770508,
      72.14431762695312,
      43.48618698120117,
      62.01107406616211,
      81.41092681884766,
      51.39260482788086,
      96.0391845703125,
      63.117523193359375,
      74.22293090820312
    ],
    [
      -0.46288377046585083,
      35.122154235839844,
      13.25558853149414,
      17.099693298339844,
      27.262434005737305,
      16.395357131958008,
      36.081695556640625,
      21.16861915588379,
      42.103675842285156,
      25.04054832458496,
      43.50484085083008,
      28.086626052856445,
      39.2234001159668,
      50.79521942138672,
      35.39175796508789,
      63.117523193359375,
      49.126033782958984,
      54.68709945678711
    ],
    [
      -8.220703125,
      46.887420654296875,
      12.876383781433105,
      18.655309677124023,
      35.0165901184082,
      16.483497619628906,
      47.653770446777344,
      21.97403335571289,
      56.459468841552734,
      25.48442840576172,
      56.00313949584961,
      29.06230926513672,
      47.31563186645508,
      67.07295989990234,
      38.3813362121582,
      74.22293090820312,
      54.68709945678711,
      64.8587875366211
    ]
  ],
  "covariance_short": [
    [
      122.5250473022461,
      69.92027282714844,
      27.715036392211914,
      14.877692222595215,
      16.736021041870117,
      22.324604034423828,
      38.811378479003906,
      42.413543701171875,
      35.37296676635742,
      34.22837829589844,
      28.77696990966797,
      21.58456039428711,
      10.325933456420898,
      10.990422248840332,
      21.61738395690918,
      20.117122650146484,
      8.98388385772705,
      7.711898326873779
    ],
    [
      69.92027282714844,
      113.56123352050781,
      32.2618408203125,
      37.6114387512207,
      39.77081298828125,
      34.24604415893555,
      44.37190246582031,
      42.0124397277832,
      39.59284591674805,
      36.55672073364258,
      32.58915328979492,
      31.383691787719727,
      23.518064498901367,
      26.53852081298828,
      38.6435661315918,
      44.4235725402832,
      17.357219696044922,
      20.89652442932129
    ],
    [
      27.715036392211914,
      32.2618408203125,
      74.75286102294922,
      34.794944763183594,
      39.341575622558594,
      25.425186157226562,
      31.203941345214844,
      27.57120704650879,
      28.941099166870117,
      25.9753360748291,
      27.472335815429688,
      22.85580825805664,
      27.339645385742188,
      25.000864028930664,
      43.23076248168945,
      43.41825485229492,
      28.457321166992188,
      28.696836471557617
    ],
    [
      14.877692222595215,
      37.6114387512207,
      34.794944763183594,
      72.72652435302734,
      40.25763702392578,
      42.2160530090332,
      33.18620681762695,
      31.544660568237305,
      33.185035705566406,
      30.037439346313477,
      31.006072998046875,
      32.31352996826172,
      33.03028106689453,
      41.76386260986328,
      31.729145050048828,
      40.89121627807617,
      24.153812408447266,
      29.111501693725586
    ],
    [
      16.736021041870117,
      39.77081298828125,
      39.341575622558594,
      40.25763702392578,
      81.26348876953125,
      44.67277145385742,
      59.0445671081543,
      50.343406677246094,
      55.15984344482422,
      48.451560974121094,
      48.76472473144531,
      45.144561767578125,
      44.756492614746094,
      48.61567687988281,
      51.147010803222656,
      59.56547546386719,
      36.52642822265625,
      41.367366790771484
    ],
    [
      22.324604034423828,
      34.24604415893555,
      25.425186157226562,
      42.2160530090332,
      44.67277145385742,
      59.85728454589844,
      50.75138854980469,
      51.877689361572266,
      50.182735443115234,
      50.69983673095703,
      45.56269073486328,
      48.196388244628906,
      38.57231140136719,
      45.889442443847656,
      34.71040344238281,
      39.96668243408203,
      29.299150466918945,
      32.30271530151367
    ],
    [
      38.811378479003906,
      44.37190246582031,
      31.203941345214844,
      33.18620681762695,
      59.0445671081543,
      50.75138854980469,
      94.17867279052734,
      81.30409240722656,
      86.9605484008789,
      78.1589126586914,
      76.57485961914062,
      72.31568908691406,
      57.66971206665039,
      66.87993621826172,
      46.434967041015625,
      55.02653884887695,
      35.501182556152344,
      40.6774787902832
    ],
    [
      42.413543701171875,
      42.0124397277832,
      27.57120704650879,
      31.544660568237305,
      50.343406677246094,
      51.877689361572266,
      81.30409240722656,
      85.26863098144531,
      79.50495147705078,
      80.30375671386719,
      71.4530258178711,
      72.33906555175781,
      58.37507629394531,
      59.769813537597656,
      50.45551300048828,
      51.3474235534668,
      38.35767364501953,
      38.71782684326172
    ],
    [
      35.37296676635742,
      39.59284591674805,
      28.941099166870117,
      33.185035705566406,
      55.15984344482422,
      50.182735443115234,
      86.9605484008789,
      79.50495147705078,
      99.1566390991211,
      89.00619506835938,
      90.49211883544922,
      86.11502838134766,
      72.57636260986328,
      82.3580551147461,
      56.73246765136719,
      65.99674224853516,
      42.78927230834961,
      47.9194221496582
    ],
    [
      34.22837829589844,
      36.55672073364258,
      25.9753360748291,
      30.037439346313477,
      48.451560974121094,
      50.69983673095703,
      78.1589126586914,
      80.30375671386719,
      89.00619506835938,
      92.28667449951172,
      84.78612518310547,
      86.6074447631836,
      72.75989532470703,
      74.17565155029297,
      61.40917205810547,
      62.1143798828125,
      45.475830078125,
      45.8726692199707
    ],
    [
      28.77696990966797,
      32.58915328979492,
      27.472335815429688,
      31.006072998046875,
      48.76472473144531,
      45.56269073486328,
      76.57485961914062,
      71.4530258178711,
      90.49211883544922,
      84.78612518310547,
      101.04888153076172,
      93.62299346923828,
      86.9112319946289,
      95.45671844482422,
      69.78174591064453,
      78.42142486572266,
      51.593772888183594,
      56.264034271240234
    ],
    [
      21.58456039428711,
      31.383691787719727,
      22.85580825805664,
      32.31352996826172,
      45.144561767578125,
      48.196388244628906,
      72.31568908691406,
      72.33906555175781,
      86.11502838134766,
      86.6074447631836,
      93.62299346923828,
      101.40279388427734,
      86.17984771728516,
      91.37992858886719,
      71.79825592041016,
      75.12112426757812,
      52.9667854309082,
      54.91588592529297
    ],
    [
      10.325933456420898,
      23.518064498901367,
      27.339645385742188,
      33.03028106689453,
      44.756492614746094,
      38.57231140136719,
      57.66971206665039,
      58.37507629394531,
      72.57636260986328,
      72.75989532470703,
      86.9112319946289,
      86.17984771728516,
      100.75999450683594,
      95.84361267089844,
      87.44348907470703,
      92.48822784423828,
      66.20780181884766,
      68.19740295410156
    ],
    [
      10.990422248840332,
      26.53852081298828,
      25.000864028930664,
      41.76386260986328,
      48.61567687988281,
      45.889442443847656,
      66.87993621826172,
      59.769813537597656,
      82.3580551147461,
      74.17565155029297,
      95.45671844482422,
      91.37992858886719,
      95.84361267089844,
      117.89554595947266,
      78.49238586425781,
      94.60401153564453,
      62.58407211303711,
      71.34427642822266
    ],
    [
      21.61738395690918,
      38.6435661315918,
      43.23076248168945,
      31.729145050048828,
      51.147010803222656,
      34.71040344238281,
      46.434967041015625,
      50.45551300048828,
      56.73246765136719,
      61.40917205810547,
      69.78174591064453,
      71.79825592041016,
      87.44348907470703,
      78.49238586425781,
      123.68590545654297,
      122.65703582763672,
      82.61925506591797,
      82.18492126464844
    ],
    [
      20.117122650146484,
      44.4235725402832,
      43.41825485229492,
      40.89121627807617,
      59.56547546386719,
      39.96668243408203,
      55.02653884887695,
      51.3474235534668,
      65.99674224853516,
      62.1143798828125,
      78.42142486572266,
      75.12112426757812,
      92.48822784423828,
      94.60401153564453,
      122.65703582763672,
      130.92933654785156,
      82.86444854736328,
      87.4972152709961
    ],
    [
      8.98388385772705,
      17.357219696044922,
      28.457321166992188,
      24.153812408447266,
      36.52642822265625,
      29.299150466918945,
      35.501182556152344,
      38.35767364501953,
      42.78927230834961,
      45.475830078125,
      51.593772888183594,
      52.9667854309082,
      66.20780181884766,
      62.58407211303711,
      82.61925506591797,
      82.86444854736328,
      71.02890014648438,
      70.86319732666016
    ],
    [
      7.711898326873779,
      20.89652442932129,
      28.696836471557617,
      29.111501693725586,
      41.367366790771484,
      32.30271530151367,
      40.6774787902832,
      38.71782684326172,
      47.9194221496582,
      45.8726692199707,
      56.264034271240234,
      54.91588592529297,
      68.19740295410156,
      71.34427642822266,
      82.18492126464844,
      87.4972152709961,
      70.86319732666016,
      73.85072326660156
    ]
  ],
  "damage": -14.971883773803711,
  "diff_bandwidth": 732.8858032226562,
  "dissonance": 9.473002695611815,
  "drr": 2.155916690826416,
  "dynamics": 4.775053977966309,
  "format": 1245190,
  "frames": 3350464,
  "loudness": -19.778974533081055,
  "loudness_range": 12.921566009521484,
  "loudness_range_short": 21.7971134185791,
  "lowpass_true_peak_15khz": -1.401035189628601,
  "mastering3_acoustic_entropies": [
    {
      "acoustic_entropy": 6.668398857116699,
      "acoustic_entropy_mono": 6.452420711517334,
      "band_eliminated_acoustic_entropies": [
        {
          "acoustic_entropy": 6.585536479949951,
          "acoustic_entropy_side": 6.6837897300720215,
          "hz": 129.47220167065723
        },
        {
          "acoustic_entropy": 5.655710697174072,
          "acoustic_entropy_side": 6.601644515991211,
          "hz": 202.92927478742237
        },
        {
          "acoustic_entropy": 6.460939884185791,
          "acoustic_entropy_side": 6.631209373474121,
          "hz": 282.89161906338205
        },
        {
          "acoustic_entropy": 6.175060272216797,
          "acoustic_entropy_side": 6.56043004989624,
          "hz": 369.9353335868758
        },
        {
          "acoustic_entropy": 6.57860803604126,
          "acoustic_entropy_side": 6.644217491149902,
          "hz": 464.6875360973435
        },
        {
          "acoustic_entropy": 6.588956832885742,
          "acoustic_entropy_side": 6.6905388832092285,
          "hz": 567.8308811364784
        },
        {
          "acoustic_entropy": 6.644877910614014,
          "acoustic_entropy_side": 6.604332447052002,
          "hz": 680.1084783214808
        },
        {
          "acoustic_entropy": 6.8080668449401855,
          "acoustic_entropy_side": 6.797285556793213,
          "hz": 802.3292461747484
        },
        {
          "acoustic_entropy": 6.283191204071045,
          "acoustic_entropy_side": 6.946985244750977,
          "hz": 935.3737400823702
        },
        {
          "acoustic_entropy": 6.4639482498168945,
          "acoustic_entropy_side": 6.512288570404053,
          "hz": 1080.2004963696966
        },
        {
          "acoustic_entropy": 6.79806661605835,
          "acoustic_entropy_side": 6.822900295257568,
          "hz": 1237.8529382007157
        },
        {
          "acoustic_entropy": 6.8315749168396,
          "acoustic_entropy_side": 6.779933452606201,
          "hz": 1409.4668930556702
        },
        {
          "acoustic_entropy": 6.634018421173096,
          "acoustic_entropy_side": 6.659579753875732,
          "hz": 1596.2787759475705
        },
        {
          "acoustic_entropy": 6.698973178863525,
          "acoustic_entropy_side": 6.668447971343994,
          "hz": 1799.6344973346393
        },
        {
          "acoustic_entropy": 6.8747406005859375,
          "acoustic_entropy_side": 6.726381778717041,
          "hz": 2020.9991599069049
        },
        {
          "acoustic_entropy": 6.65806770324707,
          "acoustic_entropy_side": 6.610504150390625,
          "hz": 2261.9676141086993
        },
        {
          "acoustic_entropy": 6.660975456237793,
          "acoustic_entropy_side": 6.6537041664123535,
          "hz": 2524.2759484456974
        },
        {
          "acoustic_entropy": 6.615472793579102,
          "acoustic_entropy_side": 6.613413333892822,
          "hz": 2809.813997359896
        },
        {
          "acoustic_entropy": 6.594900131225586,
          "acoustic_entropy_side": 6.641886234283447,
          "hz": 3120.6389567871424
        },
        {
          "acoustic_entropy": 6.575344562530518,
          "acoustic_entropy_side": 6.589676380157471,
          "hz": 3458.990205492291
        },
        {
          "acoustic_entropy": 6.666079044342041,
          "acoustic_entropy_side": 6.598165988922119,
          "hz": 3827.305438964164
        },
        {
          "acoustic_entropy": 6.619557857513428,
          "acoustic_entropy_side": 6.646003723144531,
          "hz": 4228.238232109126
        },
        {
          "acoustic_entropy": 6.6073174476623535,
          "acoustic_entropy_side": 6.638533115386963,
          "hz": 4664.6771572759235
        },
        {
          "acoustic_entropy": 6.618338108062744,
          "acoustic_entropy_side": 6.652101993560791,
          "hz": 5139.766595350093
        },
        {
          "acoustic_entropy": 6.583659648895264,
          "acoustic_entropy_side": 6.624838352203369,
          "hz": 5656.929389854203
        },
        {
          "acoustic_entropy": 6.634568691253662,
          "acoustic_entropy_side": 6.660470008850098,
          "hz": 6219.891507268283
        },
        {
          "acoustic_entropy": 6.616390228271484,
          "acoustic_entropy_side": 6.646531105041504,
          "hz": 6832.70888123896
        },
        {
          "acoustic_entropy": 6.630282878875732,
          "acoustic_entropy_side": 6.652266979217529,
          "hz": 7499.796634079867
        },
        {
          "acoustic_entropy": 6.682695388793945,
          "acoustic_entropy_side": 6.661232948303223,
          "hz": 8225.96088609342
        },
        {
          "acoustic_entropy": 6.699461460113525,
          "acoustic_entropy_side": 6.667679786682129,
          "hz": 9016.43338188839
        },
        {
          "acoustic_entropy": 6.684344291687012,
          "acoustic_entropy_side": 6.661225318908691,
          "hz": 9876.909183162974
        },
        {
          "acoustic_entropy": 6.67640495300293,
          "acoustic_entropy_side": 6.65850830078125,
          "hz": 10813.587699516042
        },
        {
          "acoustic_entropy": 6.6726789474487305,
          "acoustic_entropy_side": 6.661461353302002,
          "hz": 11833.21735289826
        },
        {
          "acoustic_entropy": 6.67825174331665,
          "acoustic_entropy_side": 6.666126728057861,
          "hz": 12943.144197493959
        },
        {
          "acoustic_entropy": 6.674860954284668,
          "acoustic_entropy_side": 6.669203758239746,
          "hz": 14151.364845322005
        },
        {
          "acoustic_entropy": 6.66584587097168,
          "acoustic_entropy_side": 6.670278549194336,
          "hz": 15466.58407886509
        },
        {
          "acoustic_entropy": 6.666794776916504,
          "acoustic_entropy_side": 6.668348789215088,
          "hz": 16898.27756580493
        },
        {
          "acoustic_entropy": 6.6659464836120605,
          "acoustic_entropy_side": 6.667171955108643,
          "hz": 18456.760127700032
        },
        {
          "acoustic_entropy": 6.667683124542236,
          "acoustic_entropy_side": 6.6680073738098145,
          "hz": 20153.260054456492
        },
        {
          "acoustic_entropy": 6.668382167816162,
          "acoustic_entropy_side": 6.668388366699219,
          "hz": 22000.00000000001
        }
      ],
      "diff_acoustic_entropy": 4.816885471343994,
      "sn": 6
    },
    {
      "acoustic_entropy": 10.941452980041504,
      "acoustic_entropy_mono": 9.699517250061035,
      "band_eliminated_acoustic_entropies": [
        {
          "acoustic_entropy": 10.31069564819336,
          "acoustic_entropy_side": 11.151229858398438,
          "hz": 129.47220167065723
        },
        {
          "acoustic_entropy": 9.174684524536133,
          "acoustic_entropy_side": 10.721855163574219,
          "hz": 202.92927478742237
        },
        {
          "acoustic_entropy": 10.961349487304688,
          "acoustic_entropy_side": 10.687063217163086,
          "hz": 282.89161906338205
        },
        {
          "acoustic_entropy": 10.128395080566406,
          "acoustic_entropy_side": 10.165205001831055,
          "hz": 369.9353335868758
        },
        {
          "acoustic_entropy": 10.694896697998047,
          "acoustic_entropy_side": 10.994182586669922,
          "hz": 464.6875360973435
        },
        {
          "acoustic_entropy": 10.573233604431152,
          "acoustic_entropy_side": 10.79033088684082,
          "hz": 567.8308811364784
        },
        {
          "acoustic_entropy": 11.092467308044434,
          "acoustic_entropy_side": 11.079012870788574,
          "hz": 680.1084783214808
        },
        {
          "acoustic_entropy": 11.24204158782959,
          "acoustic_entropy_side": 10.887730598449707,
          "hz": 802.3292461747484
        },
        {
          "acoustic_entropy": 10.118831634521484,
          "acoustic_entropy_side": 10.811244010925293,
          "hz": 935.3737400823702
        },
        {
          "acoustic_entropy": 10.71984577178955,
          "acoustic_entropy_side": 11.116674423217773,
          "hz": 1080.2004963696966
        },
        {
          "acoustic_entropy": 10.831737518310547,
          "acoustic_entropy_side": 10.972443580627441,
          "hz": 1237.8529382007157
        },
        {
          "acoustic_entropy": 11.006970405578613,
          "acoustic_entropy_side": 10.97896671295166,
          "hz": 1409.4668930556702
        },
        {
          "acoustic_entropy": 10.889875411987305,
          "acoustic_entropy_side": 10.91871452331543,
          "hz": 1596.2787759475705
        },
        {
          "acoustic_entropy": 11.002240180969238,
          "acoustic_entropy_side": 11.118096351623535,
          "hz": 1799.6344973346393
        },
        {
          "acoustic_entropy": 10.817298889160156,
          "acoustic_entropy_side": 11.061067581176758,
          "hz": 2020.9991599069049
        },
        {
          "acoustic_entropy": 10.912217140197754,
          "acoustic_entropy_side": 10.90358829498291,
          "hz": 2261.9676141086993
        },
        {
          "acoustic_entropy": 10.950770378112793,
          "acoustic_entropy_side": 10.959173202514648,
          "hz": 2524.2759484456974
        },
        {
          "acoustic_entropy": 10.962549209594727,
          "acoustic_entropy_side": 10.961309432983398,
          "hz": 2809.813997359896
        },
        {
          "acoustic_entropy": 10.805495262145996,
          "acoustic_entropy_side": 10.894231796264648,
          "hz": 3120.6389567871424
        },
        {
          "acoustic_entropy": 10.861183166503906,
          "acoustic_entropy_side": 10.943918228149414,
          "hz": 3458.990205492291
        },
        {
          "acoustic_entropy": 10.88152027130127,
          "acoustic_entropy_side": 10.94230842590332,
          "hz": 3827.305438964164
        },
        {
          "acoustic_entropy": 10.838889122009277,
          "acoustic_entropy_side": 10.896158218383789,
          "hz": 4228.238232109126
        },
        {
          "acoustic_entropy": 10.873102188110352,
          "acoustic_entropy_side": 10.912765502929688,
          "hz": 4664.6771572759235
        },
        {
          "acoustic_entropy": 10.888086318969727,
          "acoustic_entropy_side": 10.921502113342285,
          "hz": 5139.766595350093
        },
        {
          "acoustic_entropy": 10.842707633972168,
          "acoustic_entropy_side": 10.897712707519531,
          "hz": 5656.929389854203
        },
        {
          "acoustic_entropy": 10.90890121459961,
          "acoustic_entropy_side": 10.919353485107422,
          "hz": 6219.891507268283
        },
        {
          "acoustic_entropy": 10.905048370361328,
          "acoustic_entropy_side": 10.913016319274902,
          "hz": 6832.70888123896
        },
        {
          "acoustic_entropy": 10.91716480255127,
          "acoustic_entropy_side": 10.91409969329834,
          "hz": 7499.796634079867
        },
        {
          "acoustic_entropy": 10.927005767822266,
          "acoustic_entropy_side": 10.922959327697754,
          "hz": 8225.96088609342
        },
        {
          "acoustic_entropy": 10.954214096069336,
          "acoustic_entropy_side": 10.949170112609863,
          "hz": 9016.43338188839
        },
        {
          "acoustic_entropy": 10.92813491821289,
          "acoustic_entropy_side": 10.951875686645508,
          "hz": 9876.909183162974
        },
        {
          "acoustic_entropy": 10.926332473754883,
          "acoustic_entropy_side": 10.95736312866211,
          "hz": 10813.587699516042
        },
        {
          "acoustic_entropy": 10.960577011108398,
          "acoustic_entropy_side": 10.977117538452148,
          "hz": 11833.21735289826
        },
        {
          "acoustic_entropy": 10.976036071777344,
          "acoustic_entropy_side": 10.992294311523438,
          "hz": 12943.144197493959
        },
        {
          "acoustic_entropy": 11.022846221923828,
          "acoustic_entropy_side": 11.006998062133789,
          "hz": 14151.364845322005
        },
        {
          "acoustic_entropy": 11.029839515686035,
          "acoustic_entropy_side": 11.009326934814453,
          "hz": 15466.58407886509
        },
        {
          "acoustic_entropy": 11.018972396850586,
          "acoustic_entropy_side": 10.993255615234375,
          "hz": 16898.27756580493
        },
        {
          "acoustic_entropy": 10.99298095703125,
          "acoustic_entropy_side": 10.971232414245605,
          "hz": 18456.760127700032
        },
        {
          "acoustic_entropy": 10.953001976013184,
          "acoustic_entropy_side": 10.94764518737793,
          "hz": 20153.260054456492
        },
        {
          "acoustic_entropy": 10.941798210144043,
          "acoustic_entropy_side": 10.941630363464355,
          "hz": 22000.00000000001
        }
      ],
      "diff_acoustic_entropy": 8.239982604980469,
      "sn": 12
    },
    {
      "acoustic_entropy": 16.010860443115234,
      "acoustic_entropy_mono": 13.71109390258789,
      "band_eliminated_acoustic_entropies": [
        {
          "acoustic_entropy": 15.802546501159668,
          "acoustic_entropy_side": 15.905176162719727,
          "hz": 129.47220167065723
        },
        {
          "acoustic_entropy": 15.674166679382324,
          "acoustic_entropy_side": 15.839585304260254,
          "hz": 202.92927478742237
        },
        {
          "acoustic_entropy": 16.324220657348633,
          "acoustic_entropy_side": 16.353076934814453,
          "hz": 282.89161906338205
        },
        {
          "acoustic_entropy": 15.836722373962402,
          "acoustic_entropy_side": 15.789067268371582,
          "hz": 369.9353335868758
        },
        {
          "acoustic_entropy": 16.062191009521484,
          "acoustic_entropy_side": 16.067909240722656,
          "hz": 464.6875360973435
        },
        {
          "acoustic_entropy": 15.719318389892578,
          "acoustic_entropy_side": 15.80091667175293,
          "hz": 567.8308811364784
        },
        {
          "acoustic_entropy": 15.570732116699219,
          "acoustic_entropy_side": 16.051189422607422,
          "hz": 680.1084783214808
        },
        {
          "acoustic_entropy": 15.61975383758545,
          "acoustic_entropy_side": 16.010990142822266,
          "hz": 802.3292461747484
        },
        {
          "acoustic_entropy": 15.022003173828125,
          "acoustic_entropy_side": 15.779241561889648,
          "hz": 935.3737400823702
        },
        {
          "acoustic_entropy": 15.476903915405273,
          "acoustic_entropy_side": 15.924361228942871,
          "hz": 1080.2004963696966
        },
        {
          "acoustic_entropy": 15.57363510131836,
          "acoustic_entropy_side": 15.678849220275879,
          "hz": 1237.8529382007157
        },
        {
          "acoustic_entropy": 15.862857818603516,
          "acoustic_entropy_side": 15.957537651062012,
          "hz": 1409.4668930556702
        },
        {
          "acoustic_entropy": 15.9332914352417,
          "acoustic_entropy_side": 15.821876525878906,
          "hz": 1596.2787759475705
        },
        {
          "acoustic_entropy": 15.99618148803711,
          "acoustic_entropy_side": 15.986324310302734,
          "hz": 1799.6344973346393
        },
        {
          "acoustic_entropy": 15.835628509521484,
          "acoustic_entropy_side": 16.008522033691406,
          "hz": 2020.9991599069049
        },
        {
          "acoustic_entropy": 15.957071304321289,
          "acoustic_entropy_side": 15.982707977294922,
          "hz": 2261.9676141086993
        },
        {
          "acoustic_entropy": 15.694951057434082,
          "acoustic_entropy_side": 15.798127174377441,
          "hz": 2524.2759484456974
        },
        {
          "acoustic_entropy": 15.752992630004883,
          "acoustic_entropy_side": 15.871435165405273,
          "hz": 2809.813997359896
        },
        {
          "acoustic_entropy": 15.792183876037598,
          "acoustic_entropy_side": 15.81786823272705,
          "hz": 3120.6389567871424
        },
        {
          "acoustic_entropy": 15.679231643676758,
