{
  "acoustic_entropy": 122.56379699707031,
  "bands": [
    {
      "high_freq": 148.1999969482422,
      "loudness": -36.192848205566406,
      "loudness_range": 28.35773277282715,
      "mid_mean": -34.303062438964844,
      "mid_to_side_loudness": -3.949047088623047,
      "mid_to_side_loudness_range": 9.408530235290527,
      "side_mean": -38.22184371948242
    },
    {
      "high_freq": 392.3793640136719,
      "loudness": -25.60194206237793,
      "loudness_range": 24.852725982666016,
      "low_freq": 148.1999969482422,
      "mid_mean": -24.58436393737793,
      "mid_to_side_loudness": -1.6503996849060059,
      "mid_to_side_loudness_range": 7.974823474884033,
      "side_mean": -26.70488166809082
    },
    {
      "high_freq": 794.6976318359375,
      "loudness": -27.72972297668457,
      "loudness_range": 23.83788299560547,
      "low_freq": 392.3793640136719,
      "mid_mean": -27.292346954345703,
      "mid_to_side_loudness": -0.5273136496543884,
      "mid_to_side_loudness_range": 8.442131042480469,
      "side_mean": -28.40628433227539
    },
    {
      "high_freq": 1457.5709228515625,
      "loudness": -35.19684600830078,
      "loudness_range": 29.151020050048828,
      "low_freq": 794.6976318359375,
      "mid_mean": -34.89279556274414,
      "mid_to_side_loudness": -1.4129269123077393,
      "mid_to_side_loudness_range": 5.206672191619873,
      "side_mean": -36.752113342285156
    },
    {
      "high_freq": 2549.74365234375,
      "loudness": -38.02083206176758,
      "loudness_range": 25.472307205200195,
      "low_freq": 1457.5709228515625,
      "mid_mean": -37.775978088378906,
      "mid_to_side_loudness": -2.124358654022217,
      "mid_to_side_loudness_range": 3.8725457191467285,
      "side_mean": -40.17237854003906
    },
    {
      "high_freq": 4349.24462890625,
      "loudness": -43.66791915893555,
      "loudness_range": 24.423404693603516,
      "low_freq": 2549.74365234375,
      "mid_mean": -45.14800262451172,
      "mid_to_side_loudness": -2.0349438190460205,
      "mid_to_side_loudness_range": 2.5462732315063477,
      "side_mean": -50.181827545166016
    },
    {
      "high_freq": 7314.1640625,
      "loudness": -56.2294807434082,
      "loudness_range": 26.177330017089844,
      "low_freq": 4349.24462890625,
      "mid_mean": -57.000335693359375,
      "mid_to_side_loudness": -1.7921113967895508,
      "mid_to_side_loudness_range": 1.7616496086120605,
      "side_mean": -58.31114959716797
    },
    {
      "high_freq": 12199.2666015625,
      "loudness": -66.56299591064453,
      "loudness_range": 21.197162628173828,
      "low_freq": 7314.1640625,
      "mid_mean": -63.23161315917969,
      "mid_to_side_loudness": -1.6482717990875244,
      "mid_to_side_loudness_range": 1.5339465141296387,
      "side_mean": -64.17021179199219
    },
    {
      "loudness": -67.80199432373047,
      "loudness_range": 8.128456115722656,
      "low_freq": 12199.2666015625,
      "mid_mean": -64.08584594726562,
      "mid_to_side_loudness": -6.210633754730225,
      "mid_to_side_loudness_range": 7.48443603515625,
      "side_mean": -67.24630737304688
    }
  ],
  "bands_short": [
    {
      "high_freq": 148.1999969482422,
      "loudness": -38.66170120239258,
      "loudness_range": 27.154062271118164,
      "mid_mean": -37.11129379272461,
      "mid_to_side_loudness": -3.9105160236358643,
      "mid_to_side_loudness_range": 14.135976791381836,
      "side_mean": -41.07303237915039
    },
    {
      "high_freq": 392.3793640136719,
      "loudness": -25.930526733398438,
      "loudness_range": 25.17184066772461,
      "low_freq": 148.1999969482422,
      "mid_mean": -24.900259017944336,
      "mid_to_side_loudness": -1.7575860023498535,
      "mid_to_side_loudness_range": 10.164982795715332,
      "side_mean": -27.187917709350586
    },
    {
      "high_freq": 794.6976318359375,
      "loudness": -27.306354522705078,
      "loudness_range": 24.399694442749023,
      "low_freq": 392.3793640136719,
      "mid_mean": -26.859539031982422,
      "mid_to_side_loudness": -0.6450033783912659,
      "mid_to_side_loudness_range": 11.90512466430664,
      "side_mean": -28.207443237304688
    },
    {
      "high_freq": 1457.5709228515625,
      "loudness": -34.55291748046875,
      "loudness_range": 28.63858413696289,
      "low_freq": 794.6976318359375,
      "mid_mean": -34.57876968383789,
      "mid_to_side_loudness": -1.3034371137619019,
      "mid_to_side_loudness_range": 8.971670150756836,
      "side_mean": -36.21785354614258
    },
    {
      "high_freq": 2549.74365234375,
      "loudness": -38.249942779541016,
      "loudness_range": 26.046077728271484,
      "low_freq": 1457.5709228515625,
      "mid_mean": -37.88352966308594,
      "mid_to_side_loudness": -2.1101081371307373,
      "mid_to_side_loudness_range": 6.743758201599121,
      "side_mean": -40.42594909667969
    },
    {
      "high_freq": 4349.24462890625,
      "loudness": -43.65952682495117,
      "loudness_range": 24.521156311035156,
      "low_freq": 2549.74365234375,
      "mid_mean": -45.0545768737793,
      "mid_to_side_loudness": -2.104102373123169,
      "mid_to_side_loudness_range": 4.401769638061523,
      "side_mean": -50.253662109375
    },
    {
      "high_freq": 7314.1640625,
      "loudness": -56.11371994018555,
      "loudness_range": 26.414871215820312,
      "low_freq": 4349.24462890625,
      "mid_mean": -57.03217315673828,
      "mid_to_side_loudness": -1.7787706851959229,
      "mid_to_side_loudness_range": 3.466215133666992,
      "side_mean": -58.331600189208984
    },
    {
      "high_freq": 12199.2666015625,
      "loudness": -66.59857177734375,
      "loudness_range": 21.690048217773438,
      "low_freq": 7314.1640625,
      "mid_mean": -63.25188446044922,
      "mid_to_side_loudness": -1.6264967918395996,
      "mid_to_side_loudness_range": 2.3213229179382324,
      "side_mean": -64.19007873535156
    },
    {
      "loudness": -67.85515594482422,
      "loudness_range": 8.602027893066406,
      "low_freq": 12199.2666015625,
      "mid_mean": -64.08881378173828,
      "mid_to_side_loudness": -6.221369743347168,
      "mid_to_side_loudness_range": 8.14453411102295,
      "side_mean": -67.2437515258789
    }
  ],
  "bandwidth": 486.3420104980469,
  "channels": 2,
  "covariance": [
    [
      99.28443908691406,
      92.2390365600586,
      66.4967269897461,
      70.41496276855469,
      63.45458984375,
      64.00166320800781,
      58.03087615966797,
      60.490814208984375,
      62.1639289855957,
      59.442867279052734,
      81.8894271850586,
      97.97252655029297,
      72.85897827148438,
      67.95458221435547,
      39.74424743652344,
      35.69451904296875,
      13.056805610656738,
      13.743600845336914
    ],
    [
      92.2390365600586,
      96.89517974853516,
      69.6090087890625,
      72.48815155029297,
      64.83536529541016,
      65.75129699707031,
      58.46699523925781,
      61.26417922973633,
      61.83952713012695,
      59.515865325927734,
      83.87146759033203,
      96.96587371826172,
      74.0008316040039,
      69.38394165039062,
      40.60868453979492,
      36.81359100341797,
      12.532743453979492,
      14.17800235748291
    ],
    [
      66.4967269897461,
      69.6090087890625,
      91.0791244506836,
      82.2215805053711,
      67.0654067993164,
      63.35243606567383,
      65.77586364746094,
      70.25556182861328,
      59.47166061401367,
      60.82216262817383,
      82.0621566772461,
      87.2236328125,
      70.82386016845703,
      66.54125213623047,
      40.08412551879883,
      36.358802795410156,
      9.095568656921387,
      14.107372283935547
    ],
    [
      70.41496276855469,
      72.48815155029297,
      82.2215805053711,
      87.3663558959961,
      64.44436645507812,
      63.24720001220703,
      64.48043060302734,
      68.77789306640625,
      60.11223220825195,
      60.407875061035156,
      84.63760375976562,
      89.33065032958984,
      70.75057983398438,
      66.5969467163086,
      40.32174301147461,
      36.512428283691406,
      9.259577751159668,
      13.992624282836914
    ],
    [
      63.45458984375,
      64.83536529541016,
      67.0654067993164,
      64.44436645507812,
      90.67472839355469,
      78.2248306274414,
      89.8526840209961,
      89.31765747070312,
      85.68975067138672,
      83.18919372558594,
      89.97239685058594,
      93.37665557861328,
      71.59260559082031,
      66.48394775390625,
      40.02544403076172,
      35.84563064575195,
      9.352477073669434,
      13.221847534179688
    ],
    [
      64.00166320800781,
      65.75129699707031,
      63.35243606567383,
      63.24720001220703,
      78.2248306274414,
      82.030517578125,
      76.5624771118164,
      78.52362823486328,
      74.43053436279297,
      72.20172882080078,
      80.0860366821289,
      88.49665069580078,
      67.45367431640625,
      62.94655990600586,
      37.219268798828125,
      33.553565979003906,
      9.483278274536133,
      12.513646125793457
    ],
    [
      58.03087615966797,
      58.46699523925781,
      65.77586364746094,
      64.48043060302734,
      89.8526840209961,
      76.5624771118164,
      113.14273834228516,
      105.26644134521484,
      99.52584838867188,
      97.06021118164062,
      101.10231018066406,
      99.55071258544922,
      77.46974182128906,
      71.82664489746094,
      42.82694625854492,
      37.71813201904297,
      7.915731430053711,
      12.650426864624023
    ],
    [
      60.490814208984375,
      61.26417922973633,
      70.25556182861328,
      68.77789306640625,
      89.31765747070312,
      78.52362823486328,
      105.26644134521484,
      107.99937438964844,
      94.58379364013672,
      92.78485107421875,
      100.10972595214844,
      101.11046600341797,
      78.73936462402344,
      73.08909606933594,
      43.39393997192383,
      38.36566925048828,
      8.127547264099121,
      12.958600997924805
    ],
    [
      62.1639289855957,
      61.83952713012695,
      59.47166061401367,
      60.11223220825195,
      85.68975067138672,
      74.43053436279297,
      99.52584838867188,
      94.58379364013672,
      110.62468719482422,
      101.70921325683594,
      100.7608642578125,
      95.4154281616211,
      72.64775848388672,
      67.887451171875,
      40.387874603271484,
      35.795841217041016,
      7.97431755065918,
      12.167588233947754
    ],
    [
      59.442867279052734,
      59.515865325927734,
      60.82216262817383,
      60.407875061035156,
      83.18919372558594,
      72.20172882080078,
      97.06021118164062,
      92.78485107421875,
      101.70921325683594,
      99.02603912353516,
      97.72962951660156,
      93.58489227294922,
      72.20370483398438,
      67.44850158691406,
      40.222312927246094,
      35.67369079589844,
      7.845959663391113,
      12.15612506866455
    ],
    [
      81.8894271850586,
      83.87146759033203,
      82.0621566772461,
      84.63760375976562,
      89.97239685058594,
      80.0860366821289,
      101.10231018066406,
      100.10972595214844,
      100.7608642578125,
      97.72962951660156,
      129.61134338378906,
      122.19245147705078,
      94.90667724609375,
      88.80372619628906,
      52.978939056396484,
      47.59574508666992,
      10.632158279418945,
      16.57215118408203
    ],
    [
      97.97252655029297,
      96.96587371826172,
      87.2236328125,
      89.33065032958984,
      93.37665557861328,
      88.49665069580078,
      99.55071258544922,
      101.11046600341797,
      95.4154281616211,
      93.58489227294922,
      122.19245147705078,
      161.0679168701172,
      116.89990997314453,
      108.11148834228516,
      63.346275329589844,
      56.4403190612793,
      22.130172729492188,
      20.9211483001709
    ],
    [
      72.85897827148438,
      74.0008316040039,
      70.82386016845703,
      70.75057983398438,
      71.59260559082031,
      67.45367431640625,
      77.46974182128906,
      78.73936462402344,
      72.64775848388672,
      72.20370483398438,
      94.90667724609375,
      116.89990997314453,
      90.97454833984375,
      84.44158172607422,
      50.28907775878906,
      44.92559051513672,
      16.724733352661133,
      17.036401748657227
    ],
    [
      67.95458221435547,
      69.38394165039062,
      66.54125213623047,
      66.5969467163086,
      66.48394775390625,
      62.94655990600586,
      71.82664489746094,
      73.08909606933594,
      67.887451171875,
      67.44850158691406,
      88.80372619628906,
      108.11148834228516,
      84.44158172607422,
      78.74552917480469,
      46.87767791748047,
      41.968238830566406,
      15.492323875427246,
      15.923718452453613
    ],
    [
      39.74424743652344,
      40.60868453979492,
      40.08412551879883,
      40.32174301147461,
      40.02544403076172,
      37.219268798828125,
      42.82694625854492,
      43.39393997192383,
      40.387874603271484,
      40.222312927246094,
      52.978939056396484,
      63.346275329589844,
      50.28907775878906,
      46.87767791748047,
      29.17722511291504,
      26.14862632751465,
      9.483818054199219,
      10.185352325439453
    ],
    [
      35.69451904296875,
      36.81359100341797,
      36.358802795410156,
      36.512428283691406,
      35.84563064575195,
      33.553565979003906,
      37.71813201904297,
      38.36566925048828,
      35.795841217041016,
      35.67369079589844,
      47.59574508666992,
      56.4403190612793,
      44.92559051513672,
      41.968238830566406,
      26.14862632751465,
      23.59211540222168,
      8.450756072998047,
      9.20397663116455
    ],
    [
      13.056805610656738,
      12.532743453979492,
      9.095568656921387,
      9.259577751159668,
      9.352477073669434,
      9.483278274536133,
      7.915731430053711,
      8.127547264099121,
      7.97431755065918,
      7.845959663391113,
      10.632158279418945,
      22.130172729492188,
      16.724733352661133,
      15.492323875427246,
      9.483818054199219,
      8.450756072998047,
      5.469926834106445,
      3.8151865005493164
    ],
    [
      13.743600845336914,
      14.17800235748291,
      14.107372283935547,
      13.992624282836914,
      13.221847534179688,
      12.513646125793457,
      12.650426864624023,
      12.958600997924805,
      12.167588233947754,
      12.15612506866455,
      16.57215118408203,
      20.9211483001709,
      17.036401748657227,
      15.923718452453613,
      10.185352325439453,
      9.20397663116455,
      3.8151865005493164,
      4.161831378936768
    ]
  ],
  "covariance_short": [
    [
      92.3916015625,
      77.75592041015625,
      60.18738555908203,
      64.23226928710938,
      59.17973327636719,
      59.6484489440918,
      55.84257125854492,
      57.02235794067383,
      58.78489685058594,
      58.03015899658203,
      73.62336730957031,
      90.4035415649414,
      65.59519958496094,
      61.20191192626953,
      36.445068359375,
      32.71390151977539,
      12.26200008392334,
      12.928360939025879
    ],
    [
      77.75592041015625,
      90.21598052978516,
      61.613624572753906,
      64.79094696044922,
      58.57795333862305,
      58.57754135131836,
      53.73127365112305,
      54.60633850097656,
      55.99983596801758,
      55.21156311035156,
      73.93599700927734,
      89.51415252685547,
      66.69466400146484,
      62.4643440246582,
      37.066650390625,
      33.400062561035156,
      11.8921537399292,
      12.923685073852539
    ],
    [
      60.18738555908203,
      61.613624572753906,
      92.6085433959961,
      80.81597137451172,
      71.44561767578125,
      66.16169738769531,
      65.2260971069336,
      65.24732971191406,
      59.147850036621094,
      62.98341369628906,
      82.28140258789062,
      86.96510314941406,
      69.95928955078125,
      65.80511474609375,
      39.8389778137207,
      36.016788482666016,
      9.334047317504883,
      14.031744956970215
    ],
    [
      64.23226928710938,
      64.79094696044922,
      80.81597137451172,
      89.60688018798828,
      67.13695526123047,
      68.1860580444336,
      63.980037689208984,
      66.16613006591797,
      59.227115631103516,
      62.19667434692383,
      84.67005157470703,
      89.19866180419922,
      70.17342376708984,
      66.10503387451172,
      40.0216178894043,
      36.196529388427734,
      9.347057342529297,
      13.90831470489502
    ],
    [
      59.17973327636719,
      58.57795333862305,
      71.44561767578125,
      67.13695526123047,
      92.19993591308594,
      74.072509765625,
      85.46846771240234,
      84.20989227294922,
      80.5030288696289,
      80.69517517089844,
      89.89338684082031,
      92.78540802001953,
      71.59880828857422,
      66.57371520996094,
      39.996158599853516,
      35.82260513305664,
      9.074480056762695,
      13.182595252990723
    ],
    [
      59.6484489440918,
      58.57754135131836,
      66.16169738769531,
      68.1860580444336,
      74.072509765625,
      83.8475112915039,
      74.65647888183594,
      76.8279037475586,
      69.38655090332031,
      70.34480285644531,
      82.89167022705078,
      89.77676391601562,
      68.69402313232422,
      64.22639465332031,
      38.112884521484375,
      34.32244873046875,
      9.241644859313965,
      12.868512153625488
    ],
    [
      55.84257125854492,
      53.73127365112305,
      65.2260971069336,
      63.980037689208984,
      85.46846771240234,
      74.65647888183594,
      112.60249328613281,
      101.63838958740234,
      94.87203216552734,
      95.41851806640625,
      98.93363189697266,
      98.02615356445312,
      75.31204223632812,
      70.03981018066406,
      41.77409362792969,
      36.964630126953125,
      8.062809944152832,
      12.505969047546387
    ],
    [
      57.02235794067383,
      54.60633850097656,
      65.24732971191406,
      66.16613006591797,
      84.20989227294922,
      76.8279037475586,
      101.63838958740234,
      107.7927474975586,
      92.66998291015625,
      93.02471160888672,
      96.99254608154297,
      98.26002502441406,
      75.33280181884766,
      70.17811584472656,
      41.4406623840332,
      36.75032043457031,
      8.38353443145752,
      12.517389297485352
    ],
    [
      58.78489685058594,
      55.99983596801758,
      59.147850036621094,
      59.227115631103516,
      80.5030288696289,
      69.38655090332031,
      94.87203216552734,
      92.66998291015625,
      108.09674835205078,
      97.04688262939453,
      97.12520599365234,
      92.1055679321289,
      71.13233184814453,
      66.59751892089844,
      39.72795867919922,
      35.2926139831543,
      7.906432628631592,
      12.108400344848633
    ],
    [
      58.03015899658203,
      55.21156311035156,
      62.98341369628906,
      62.19667434692383,
      80.69517517089844,
      70.34480285644531,
      95.41851806640625,
      93.02471160888672,
      97.04688262939453,
      100.35332489013672,
      97.3925552368164,
      93.48053741455078,
      72.35562896728516,
      67.60502624511719,
      40.3932991027832,
      35.91424560546875,
      8.016247749328613,
      12.350762367248535
    ],
    [
      73.62336730957031,
      73.93599700927734,
      82.28140258789062,
      84.67005157470703,
      89.89338684082031,
      82.89167022705078,
      98.93363189697266,
      96.99254608154297,
      97.12520599365234,
      97.3925552368164,
      128.30880737304688,
      120.49848937988281,
      93.54826354980469,
      87.73768615722656,
      52.60655975341797,
      47.28167724609375,
      10.767698287963867,
      16.681385040283203
    ],
    [
      90.4035415649414,
      89.51415252685547,
      86.96510314941406,
      89.19866180419922,
      92.78540802001953,
      89.77676391601562,
      98.02615356445312,
      98.26002502441406,
      92.1055679321289,
      93.48053741455078,
      120.49848937988281,
      161.73410034179688,
      116.70108795166016,
      108.0997085571289,
      63.471351623535156,
      56.582786560058594,
      22.265953063964844,
      21.153289794921875
    ],
    [
      65.59519958496094,
      66.69466400146484,
      69.95928955078125,
      70.17342376708984,
      71.59880828857422,
      68.69402313232422,
      75.31204223632812,
      75.33280181884766,
      71.13233184814453,
      72.35562896728516,
      93.54826354980469,
      116.70108795166016,
      91.09028625488281,
      84.1998519897461,
      50.28544998168945,
      44.92679977416992,
      16.836706161499023,
      17.152109146118164
    ],
    [
      61.20191192626953,
      62.4643440246582,
      65.80511474609375,
      66.10503387451172,
      66.57371520996094,
      64.22639465332031,
      70.03981018066406,
      70.17811584472656,
      66.59751892089844,
      67.60502624511719,
      87.73768615722656,
      108.0997085571289,
      84.1998519897461,
      79.00105285644531,
      46.92273712158203,
      42.01287078857422,
      15.596800804138184,
      16.041912078857422
    ],
    [
      36.445068359375,
      37.066650390625,
      39.8389778137207,
      40.0216178894043,
      39.996158599853516,
      38.112884521484375,
      41.77409362792969,
      41.4406623840332,
      39.72795867919922,
      40.3932991027832,
      52.60655975341797,
      63.471351623535156,
      50.28544998168945,
      46.92273712158203,
      29.52729606628418,
      26.371366500854492,
      9.605321884155273,
      10.331132888793945
    ],
    [
      32.71390151977539,
      33.400062561035156,
      36.016788482666016,
      36.196529388427734,
      35.82260513305664,
      34.32244873046875,
      36.964630126953125,
      36.75032043457031,
      35.2926139831543,
      35.91424560546875,
      47.28167724609375,
      56.582786560058594,
      44.92679977416992,
      42.01287078857422,
      26.371366500854492,
      23.869653701782227,
      8.540430068969727,
      9.327926635742188
    ],
    [
      12.26200008392334,
      11.8921537399292,
      9.334047317504883,
      9.347057342529297,
      9.074480056762695,
      9.241644859313965,
      8.062809944152832,
      8.38353443145752,
      7.906432628631592,
      8.016247749328613,
      10.767698287963867,
      22.265953063964844,
      16.836706161499023,
      15.596800804138184,
      9.605321884155273,
      8.540430068969727,
      5.654580593109131,
      3.8835644721984863
    ],
    [
      12.928360939025879,
      12.923685073852539,
      14.031744956970215,
      13.90831470489502,
      13.182595252990723,
      12.868512153625488,
      12.505969047546387,
      12.517389297485352,
      12.108400344848633,
      12.350762367248535,
      16.681385040283203,
      21.153289794921875,
      17.152109146118164,
      16.041912078857422,
      10.331132888793945,
      9.327926635742188,
      3.8835644721984863,
      4.333673477172852
    ]
  ],
  "damage": -6.904271125793457,
  "diff_bandwidth": 511.2961120605469,
  "dissonance": 4.242923354983452,
  "drr": 9.356738090515137,
  "dynamics": 6.177058696746826,
  "format": 1245190,
  "frames": 2437056,
  "loudness": -16.826396942138672,
  "loudness_range": 23.198108673095703,
  "loudness_range_short": 23.491714477539062,
  "lowpass_true_peak_15khz": 0.023815546184778214,
  "mastering3_acoustic_entropies": [
    {
      "acoustic_entropy": 6.111426830291748,
      "acoustic_entropy_mono": 5.546051025390625,
      "band_eliminated_acoustic_entropies": [
        {
          "acoustic_entropy": 5.908473968505859,
          "acoustic_entropy_side": 6.105557441711426,
          "hz": 129.47220167065723
        },
        {
          "acoustic_entropy": 5.922945022583008,
          "acoustic_entropy_side": 6.1399827003479,
          "hz": 202.92927478742237
        },
        {
          "acoustic_entropy": 5.877972602844238,
          "acoustic_entropy_side": 5.928030967712402,
          "hz": 282.89161906338205
        },
        {
          "acoustic_entropy": 6.4733123779296875,
          "acoustic_entropy_side": 6.498287200927734,
          "hz": 369.9353335868758
        },
        {
          "acoustic_entropy": 5.184492111206055,
          "acoustic_entropy_side": 5.814507484436035,
          "hz": 464.6875360973435
        },
        {
          "acoustic_entropy": 6.26847505569458,
          "acoustic_entropy_side": 6.502557754516602,
          "hz": 567.8308811364784
        },
        {
          "acoustic_entropy": 5.808258056640625,
          "acoustic_entropy_side": 5.913702011108398,
          "hz": 680.1084783214808
        },
        {
          "acoustic_entropy": 5.952965259552002,
          "acoustic_entropy_side": 6.135573387145996,
          "hz": 802.3292461747484
        },
        {
          "acoustic_entropy": 6.134479999542236,
          "acoustic_entropy_side": 6.04651403427124,
          "hz": 935.3737400823702
        },
        {
          "acoustic_entropy": 5.665645122528076,
          "acoustic_entropy_side": 5.678283214569092,
          "hz": 1080.2004963696966
        },
        {
          "acoustic_entropy": 5.509360313415527,
          "acoustic_entropy_side": 6.013713836669922,
          "hz": 1237.8529382007157
        },
        {
          "acoustic_entropy": 5.839001178741455,
          "acoustic_entropy_side": 6.472161293029785,
          "hz": 1409.4668930556702
        },
        {
          "acoustic_entropy": 5.4199748039245605,
          "acoustic_entropy_side": 6.560613632202148,
          "hz": 1596.2787759475705
        },
        {
          "acoustic_entropy": 6.032601356506348,
          "acoustic_entropy_side": 5.582133769989014,
          "hz": 1799.6344973346393
        },
        {
          "acoustic_entropy": 6.015305042266846,
          "acoustic_entropy_side": 6.102980613708496,
          "hz": 2020.9991599069049
        },
        {
          "acoustic_entropy": 6.156504154205322,
          "acoustic_entropy_side": 6.120986461639404,
          "hz": 2261.9676141086993
        },
        {
          "acoustic_entropy": 6.144542217254639,
          "acoustic_entropy_side": 6.10273551940918,
          "hz": 2524.2759484456974
        },
        {
          "acoustic_entropy": 6.093274116516113,
          "acoustic_entropy_side": 6.110057353973389,
          "hz": 2809.813997359896
        },
        {
          "acoustic_entropy": 6.083130836486816,
          "acoustic_entropy_side": 6.108382701873779,
          "hz": 3120.6389567871424
        },
        {
          "acoustic_entropy": 6.075499057769775,
          "acoustic_entropy_side": 6.101903915405273,
          "hz": 3458.990205492291
        },
        {
          "acoustic_entropy": 6.094071865081787,
          "acoustic_entropy_side": 6.105334758758545,
          "hz": 3827.305438964164
        },
        {
          "acoustic_entropy": 6.0797224044799805,
          "acoustic_entropy_side": 6.102849960327148,
          "hz": 4228.238232109126
        },
        {
          "acoustic_entropy": 6.092469215393066,
          "acoustic_entropy_side": 6.107196807861328,
          "hz": 4664.6771572759235
        },
        {
          "acoustic_entropy": 6.108334541320801,
          "acoustic_entropy_side": 6.110735893249512,
          "hz": 5139.766595350093
        },
        {
          "acoustic_entropy": 6.110729217529297,
          "acoustic_entropy_side": 6.111246585845947,
          "hz": 5656.929389854203
        },
        {
          "acoustic_entropy": 6.111263751983643,
          "acoustic_entropy_side": 6.111400127410889,
          "hz": 6219.891507268283
        },
        {
          "acoustic_entropy": 6.111408710479736,
          "acoustic_entropy_side": 6.1114277839660645,
          "hz": 6832.70888123896
        },
        {
          "acoustic_entropy": 6.111401557922363,
          "acoustic_entropy_side": 6.111420631408691,
          "hz": 7499.796634079867
        },
        {
          "acoustic_entropy": 6.111422061920166,
          "acoustic_entropy_side": 6.111425876617432,
          "hz": 8225.96088609342
        },
        {
          "acoustic_entropy": 6.111423492431641,
          "acoustic_entropy_side": 6.11142635345459,
          "hz": 9016.43338188839
        },
        {
          "acoustic_entropy": 6.111423492431641,
          "acoustic_entropy_side": 6.111425399780273,
          "hz": 9876.909183162974
        },
        {
          "acoustic_entropy": 6.111425876617432,
          "acoustic_entropy_side": 6.111425399780273,
          "hz": 10813.587699516042
        },
        {
          "acoustic_entropy": 6.111425876617432,
          "acoustic_entropy_side": 6.111425876617432,
          "hz": 11833.21735289826
        },
        {
          "acoustic_entropy": 6.111425876617432,
          "acoustic_entropy_side": 6.11142635345459,
          "hz": 12943.144197493959
        },
        {
          "acoustic_entropy": 6.111425876617432,
          "acoustic_entropy_side": 6.11142635345459,
          "hz": 14151.364845322005
        },
        {
          "acoustic_entropy": 6.111425876617432,
          "acoustic_entropy_side": 6.11142635345459,
          "hz": 15466.58407886509
        },
        {
          "acoustic_entropy": 6.11142635345459,
          "acoustic_entropy_side": 6.11142635345459,
          "hz": 16898.27756580493
        },
        {
          "acoustic_entropy": 6.11142635345459,
          "acoustic_entropy_side": 6.111426830291748,
          "hz": 18456.760127700032
        },
        {
          "acoustic_entropy": 6.111426830291748,
          "acoustic_entropy_side": 6.111426830291748,
          "hz": 20153.260054456492
        },
        {
          "acoustic_entropy": 6.111426830291748,
          "acoustic_entropy_side": 6.111426830291748,
          "hz": 22000.00000000001
        }
      ],
      "diff_acoustic_entropy": 1.949977159500122,
      "sn": 6
    },
    {
      "acoustic_entropy": 8.517693519592285,
      "acoustic_entropy_mono": 7.927525520324707,
      "band_eliminated_acoustic_entropies": [
        {
          "acoustic_entropy": 8.48254680633545,
          "acoustic_entropy_side": 8.502138137817383,
          "hz": 129.47220167065723
        },
        {
          "acoustic_entropy": 8.07260799407959,
          "acoustic_entropy_side": 8.397566795349121,
          "hz": 202.92927478742237
        },
        {
          "acoustic_entropy": 8.123363494873047,
          "acoustic_entropy_side": 7.940213680267334,
          "hz": 282.89161906338205
        },
        {
          "acoustic_entropy": 8.35605525970459,
          "acoustic_entropy_side": 8.401603698730469,
          "hz": 369.9353335868758
        },
        {
          "acoustic_entropy": 7.744279384613037,
          "acoustic_entropy_side": 8.398167610168457,
          "hz": 464.6875360973435
        },
        {
          "acoustic_entropy": 8.730268478393555,
          "acoustic_entropy_side": 8.724485397338867,
          "hz": 567.8308811364784
        },
        {
          "acoustic_entropy": 7.750288963317871,
          "acoustic_entropy_side": 8.032649993896484,
          "hz": 680.1084783214808
        },
        {
          "acoustic_entropy": 8.310378074645996,
          "acoustic_entropy_side": 8.633635520935059,
          "hz": 802.3292461747484
        },
        {
          "acoustic_entropy": 9.034759521484375,
          "acoustic_entropy_side": 8.264320373535156,
          "hz": 935.3737400823702
        },
        {
          "acoustic_entropy": 7.819938659667969,
          "acoustic_entropy_side": 8.344916343688965,
          "hz": 1080.2004963696966
        },
        {
          "acoustic_entropy": 8.111141204833984,
          "acoustic_entropy_side": 8.337520599365234,
          "hz": 1237.8529382007157
        },
        {
          "acoustic_entropy": 8.30210018157959,
          "acoustic_entropy_side": 8.583365440368652,
          "hz": 1409.4668930556702
        },
        {
          "acoustic_entropy": 7.271156311035156,
          "acoustic_entropy_side": 8.614946365356445,
          "hz": 1596.2787759475705
        },
        {
          "acoustic_entropy": 8.157951354980469,
          "acoustic_entropy_side": 8.544384002685547,
          "hz": 1799.6344973346393
        },
        {
          "acoustic_entropy": 8.561290740966797,
          "acoustic_entropy_side": 8.47786808013916,
          "hz": 2020.9991599069049
        },
        {
          "acoustic_entropy": 8.325776100158691,
          "acoustic_entropy_side": 8.458331108093262,
          "hz": 2261.9676141086993
        },
        {
          "acoustic_entropy": 8.633692741394043,
          "acoustic_entropy_side": 8.523122787475586,
          "hz": 2524.2759484456974
        },
        {
          "acoustic_entropy": 8.367912292480469,
          "acoustic_entropy_side": 8.472646713256836,
          "hz": 2809.813997359896
        },
        {
          "acoustic_entropy": 8.454872131347656,
          "acoustic_entropy_side": 8.456225395202637,
          "hz": 3120.6389567871424
        },
        {
          "acoustic_entropy": 8.266472816467285,
          "acoustic_entropy_side": 8.429976463317871,
          "hz": 3458.990205492291
        },
        {
          "acoustic_entropy": 8.452320098876953,
          "acoustic_entropy_side": 8.477458953857422,
          "hz": 3827.305438964164
        },
        {
          "acoustic_entropy": 8.448328018188477,
          "acoustic_entropy_side": 8.485231399536133,
          "hz": 4228.238232109126
        },
        {
          "acoustic_entropy": 8.478232383728027,
          "acoustic_entropy_side": 8.499797821044922,
          "hz": 4664.6771572759235
        },
        {
          "acoustic_entropy": 8.511524200439453,
          "acoustic_entropy_side": 8.516727447509766,
          "hz": 5139.766595350093
        },
        {
          "acoustic_entropy": 8.518086433410645,
          "acoustic_entropy_side": 8.517577171325684,
          "hz": 5656.929389854203
        },
        {
          "acoustic_entropy": 8.518168449401855,
          "acoustic_entropy_side": 8.51767349243164,
          "hz": 6219.891507268283
        },
        {
          "acoustic_entropy": 8.517663955688477,
          "acoustic_entropy_side": 8.517613410949707,
          "hz": 6832.70888123896
        },
        {
          "acoustic_entropy": 8.51756477355957,
          "acoustic_entropy_side": 8.517637252807617,
          "hz": 7499.796634079867
        },
        {
          "acoustic_entropy": 8.517709732055664,
          "acoustic_entropy_side": 8.517694473266602,
          "hz": 8225.96088609342
        },
        {
          "acoustic_entropy": 8.517698287963867,
          "acoustic_entropy_side": 8.517694473266602,
          "hz": 9016.43338188839
        },
        {
          "acoustic_entropy": 8.517670631408691,
          "acoustic_entropy_side": 8.517681121826172,
          "hz": 9876.909183162974
        },
        {
          "acoustic_entropy": 8.517680168151855,
          "acoustic_entropy_side": 8.517687797546387,
          "hz": 10813.587699516042
        },
        {
          "acoustic_entropy": 8.517683982849121,
          "acoustic_entropy_side": 8.517687797546387,
          "hz": 11833.21735289826
        },
        {
          "acoustic_entropy": 8.51768684387207,
          "acoustic_entropy_side": 8.517688751220703,
          "hz": 12943.144197493959
        },
        {
          "acoustic_entropy": 8.517687797546387,
          "acoustic_entropy_side": 8.51768970489502,
          "hz": 14151.364845322005
        },
        {
          "acoustic_entropy": 8.517688751220703,
          "acoustic_entropy_side": 8.517690658569336,
          "hz": 15466.58407886509
        },
        {
          "acoustic_entropy": 8.517707824707031,
          "acoustic_entropy_side": 8.517693519592285,
          "hz": 16898.27756580493
        },
        {
          "acoustic_entropy": 8.517696380615234,
          "acoustic_entropy_side": 8.517693519592285,
          "hz": 18456.760127700032
        },
        {
          "acoustic_entropy": 8.517693519592285,
          "acoustic_entropy_side": 8.517693519592285,
          "hz": 20153.260054456492
        },
        {
          "acoustic_entropy": 8.517693519592285,
          "acoustic_entropy_side": 8.517693519592285,
          "hz": 22000.00000000001
        }
      ],
      "diff_acoustic_entropy": 3.147031545639038,
      "sn": 12
    },
    {
      "acoustic_entropy": 11.376445770263672,
      "acoustic_entropy_mono": 11.05290699005127,
      "band_eliminated_acoustic_entropies": [
        {
          "acoustic_entropy": 11.651690483093262,
          "acoustic_entropy_side": 11.402541160583496,
          "hz": 129.47220167065723
        },
        {
          "acoustic_entropy": 12.228043556213379,
          "acoustic_entropy_side": 11.455403327941895,
          "hz": 202.92927478742237
        },
        {
          "acoustic_entropy": 11.55414867401123,
          "acoustic_entropy_side": 11.250182151794434,
          "hz": 282.89161906338205
        },
        {
          "acoustic_entropy": 11.783693313598633,
          "acoustic_entropy_side": 11.56271743774414,
          "hz": 369.9353335868758
        },
        {
          "acoustic_entropy": 11.522286415100098,
          "acoustic_entropy_side": 11.406961441040039,
          "hz": 464.6875360973435
        },
        {
          "acoustic_entropy": 11.926534652709961,
          "acoustic_entropy_side": 11.284967422485352,
          "hz": 567.8308811364784
        },
        {
          "acoustic_entropy": 11.790377616882324,
          "acoustic_entropy_side": 11.557623863220215,
          "hz": 680.1084783214808
        },
        {
          "acoustic_entropy": 11.516904830932617,
          "acoustic_entropy_side": 11.801446914672852,
          "hz": 802.3292461747484
        },
        {
          "acoustic_entropy": 11.894680976867676,
          "acoustic_entropy_side": 11.657553672790527,
          "hz": 935.3737400823702
        },
        {
          "acoustic_entropy": 11.118483543395996,
          "acoustic_entropy_side": 11.28548812866211,
          "hz": 1080.2004963696966
        },
        {
          "acoustic_entropy": 11.18714714050293,
          "acoustic_entropy_side": 11.280738830566406,
          "hz": 1237.8529382007157
        },
        {
          "acoustic_entropy": 11.752614974975586,
          "acoustic_entropy_side": 11.78611946105957,
          "hz": 1409.4668930556702
        },
        {
          "acoustic_entropy": 11.435894966125488,
          "acoustic_entropy_side": 11.118193626403809,
          "hz": 1596.2787759475705
        },
        {
          "acoustic_entropy": 11.264534950256348,
          "acoustic_entropy_side": 11.502963066101074,
          "hz": 1799.6344973346393
        },
        {
          "acoustic_entropy": 10.805024147033691,
          "acoustic_entropy_side": 11.307293891906738,
          "hz": 2020.9991599069049
        },
        {
          "acoustic_entropy": 11.723344802856445,
          "acoustic_entropy_side": 11.43964958190918,
          "hz": 2261.9676141086993
        },
        {
          "acoustic_entropy": 11.602132797241211,
          "acoustic_entropy_side": 11.368892669677734,
          "hz": 2524.2759484456974
        },
        {
          "acoustic_entropy": 11.325704574584961,
          "acoustic_entropy_side": 11.340448379516602,
          "hz": 2809.813997359896
        },
        {
          "acoustic_entropy": 11.806733131408691,
          "acoustic_entropy_side": 11.545063972473145,
          "hz": 3120.6389567871424
        },
        {
          "acoustic_entropy": 11.42696762084961,
          "acoustic_entropy_side": 11.280072212219238,
          "hz": 3458.990205492291
        },
        {
          "acoustic_entropy": 11.37895393371582,
