{
  "acoustic_entropy": 177.22164916992188,
  "bands": [
    {
      "high_freq": 148.1999969482422,
      "loudness": -35.12203598022461,
      "loudness_range": 17.632240295410156,
      "mid_mean": -31.954776763916016,
      "mid_to_side_loudness": -10.80795669555664,
      "mid_to_side_loudness_range": 13.974475860595703,
      "side_mean": -43.58692169189453
    },
    {
      "high_freq": 392.3793640136719,
      "loudness": -31.355213165283203,
      "loudness_range": 17.275259017944336,
      "low_freq": 148.1999969482422,
      "mid_mean": -29.573257446289062,
      "mid_to_side_loudness": -3.2134742736816406,
      "mid_to_side_loudness_range": 10.19913387298584,
      "side_mean": -33.026756286621094
    },
    {
      "high_freq": 794.6976318359375,
      "loudness": -32.15052795410156,
      "loudness_range": 18.108015060424805,
      "low_freq": 392.3793640136719,
      "mid_mean": -29.942611694335938,
      "mid_to_side_loudness": -4.893045425415039,
      "mid_to_side_loudness_range": 11.829914093017578,
      "side_mean": -35.052738189697266
    },
    {
      "high_freq": 1457.5709228515625,
      "loudness": -37.0418815612793,
      "loudness_range": 15.727470397949219,
      "low_freq": 794.6976318359375,
      "mid_mean": -35.117435455322266,
      "mid_to_side_loudness": -3.879195213317871,
      "mid_to_side_loudness_range": 11.051980972290039,
      "side_mean": -39.04531478881836
    },
    {
      "high_freq": 2549.74365234375,
      "loudness": -40.60980987548828,
      "loudness_range": 19.568668365478516,
      "low_freq": 1457.5709228515625,
      "mid_mean": -38.75320053100586,
      "mid_to_side_loudness": -3.275644540786743,
      "mid_to_side_loudness_range": 7.790036678314209,
      "side_mean": -42.082027435302734
    },
    {
      "high_freq": 4349.24462890625,
      "loudness": -45.28382110595703,
      "loudness_range": 15.441608428955078,
      "low_freq": 2549.74365234375,
      "mid_mean": -43.394100189208984,
      "mid_to_side_loudness": -3.2281553745269775,
      "mid_to_side_loudness_range": 5.705885410308838,
      "side_mean": -47.10948944091797
    },
    {
      "high_freq": 7314.1640625,
      "loudness": -45.943119049072266,
      "loudness_range": 10.88759994506836,
      "low_freq": 4349.24462890625,
      "mid_mean": -43.62576675415039,
      "mid_to_side_loudness": -4.9955058097839355,
      "mid_to_side_loudness_range": 6.019618511199951,
      "side_mean": -50.88874053955078
    },
    {
      "high_freq": 12199.2666015625,
      "loudness": -45.507530212402344,
      "loudness_range": 9.565460205078125,
      "low_freq": 7314.1640625,
      "mid_mean": -43.510581970214844,
      "mid_to_side_loudness": -3.2728617191314697,
      "mid_to_side_loudness_range": 3.129828929901123,
      "side_mean": -47.454795837402344
    },
    {
      "loudness": -45.34090042114258,
      "loudness_range": 12.5078125,
      "low_freq": 12199.2666015625,
      "mid_mean": -43.690696716308594,
      "mid_to_side_loudness": -2.867586851119995,
      "mid_to_side_loudness_range": 2.8012142181396484,
      "side_mean": -46.31129455566406
    }
  ],
  "bands_short": [
    {
      "high_freq": 148.1999969482422,
      "loudness": -39.37331008911133,
      "loudness_range": 24.451549530029297,
      "mid_mean": -36.10491943359375,
      "mid_to_side_loudness": -13.23628044128418,
      "mid_to_side_loudness_range": 18.635120391845703,
      "side_mean": -50.3698616027832
    },
    {
      "high_freq": 392.3793640136719,
      "loudness": -32.08767318725586,
      "loudness_range": 18.66887664794922,
      "low_freq": 148.1999969482422,
      "mid_mean": -30.31354522705078,
      "mid_to_side_loudness": -3.6309945583343506,
      "mid_to_side_loudness_range": 12.535761833190918,
      "side_mean": -34.10276412963867
    },
    {
      "high_freq": 794.6976318359375,
      "loudness": -33.03672790527344,
      "loudness_range": 21.229169845581055,
      "low_freq": 392.3793640136719,
      "mid_mean": -30.97291374206543,
      "mid_to_side_loudness": -5.15717077255249,
      "mid_to_side_loudness_range": 14.779784202575684,
      "side_mean": -36.335086822509766
    },
    {
      "high_freq": 1457.5709228515625,
      "loudness": -37.800907135009766,
      "loudness_range": 19.107975006103516,
      "low_freq": 794.6976318359375,
      "mid_mean": -35.82341384887695,
      "mid_to_side_loudness": -4.299454212188721,
      "mid_to_side_loudness_range": 12.976936340332031,
      "side_mean": -40.286155700683594
    },
    {
      "high_freq": 2549.74365234375,
      "loudness": -41.835453033447266,
      "loudness_range": 21.38084602355957,
      "low_freq": 1457.5709228515625,
      "mid_mean": -40.08826446533203,
      "mid_to_side_loudness": -3.149467706680298,
      "mid_to_side_loudness_range": 9.550248146057129,
      "side_mean": -43.343467712402344
    },
    {
      "high_freq": 4349.24462890625,
      "loudness": -45.79151153564453,
      "loudness_range": 17.531749725341797,
      "low_freq": 2549.74365234375,
      "mid_mean": -43.960731506347656,
      "mid_to_side_loudness": -3.330146551132202,
      "mid_to_side_loudness_range": 7.02593469619751,
      "side_mean": -47.82322311401367
    },
    {
      "high_freq": 7314.1640625,
      "loudness": -46.718570709228516,
      "loudness_range": 13.219474792480469,
      "low_freq": 4349.24462890625,
      "mid_mean": -44.45939636230469,
      "mid_to_side_loudness": -4.94359827041626,
      "mid_to_side_loudness_range": 6.513670444488525,
      "side_mean": -51.55793762207031
    },
    {
      "high_freq": 12199.2666015625,
      "loudness": -46.521942138671875,
      "loudness_range": 13.375129699707031,
      "low_freq": 7314.1640625,
      "mid_mean": -44.7287712097168,
      "mid_to_side_loudness": -3.284560441970825,
      "mid_to_side_loudness_range": 3.8695244789123535,
      "side_mean": -50.472511291503906
    },
    {
      "loudness": -48.967498779296875,
      "loudness_range": 21.959842681884766,
      "low_freq": 12199.2666015625,
      "mid_mean": -50.12605667114258,
      "mid_to_side_loudness": -2.8952877521514893,
      "mid_to_side_loudness_range": 4.850449085235596,
      "side_mean": -52.30750274658203
    }
  ],
  "bandwidth": 536.6046752929688,
  "channels": 2,
  "covariance": [
    [
      45.092498779296875,
      32.96983337402344,
      20.785221099853516,
      17.421600341796875,
      18.34398651123047,
      16.207679748535156,
      14.202930450439453,
      9.06538200378418,
      11.359405517578125,
      12.691439628601074,
      16.89663314819336,
      18.15023422241211,
      8.480921745300293,
      30.026302337646484,
      4.445040702819824,
      11.335713386535645,
      5.4918131828308105,
      5.543445110321045
    ],
    [
      32.96983337402344,
      54.4773063659668,
      22.112133026123047,
      26.19504165649414,
      14.154529571533203,
      11.877612113952637,
      13.377941131591797,
      7.809622764587402,
      9.969949722290039,
      9.05721664428711,
      13.062565803527832,
      13.651163101196289,
      9.55733871459961,
      26.25725746154785,
      4.054318428039551,
      7.140281677246094,
      3.5258257389068604,
      3.7619075775146484
    ],
    [
      20.785221099853516,
      22.112133026123047,
      44.16627883911133,
      29.736778259277344,
      27.3187313079834,
      18.7684326171875,
      8.678454399108887,
      -0.7172430753707886,
      2.8937828540802,
      1.0841870307922363,
      10.43410587310791,
      8.243232727050781,
      6.7772440910339355,
      19.137165069580078,
      4.471281051635742,
      8.63593578338623,
      6.100346088409424,
      4.781777858734131
    ],
    [
      17.421600341796875,
      26.19504165649414,
      29.736778259277344,
      31.39337158203125,
      18.41956901550293,
      13.918103218078613,
      10.800850868225098,
      5.254289150238037,
      5.819797992706299,
      4.778285980224609,
      11.130677223205566,
      9.866747856140137,
      7.967867851257324,
      17.030900955200195,
      3.910308837890625,
      6.99478006362915,
      3.994809627532959,
      3.737015724182129
    ],
    [
      18.34398651123047,
      14.154529571533203,
      27.3187313079834,
      18.41956901550293,
      45.70038604736328,
      32.98556137084961,
      12.863053321838379,
      0.2762798070907593,
      6.867098808288574,
      6.1126604080200195,
      14.456008911132812,
      12.218437194824219,
      8.763324737548828,
      23.9457950592041,
      5.813540458679199,
      11.561376571655273,
      6.505954742431641,
      5.9127397537231445
    ],
    [
      16.207679748535156,
      11.877612113952637,
      18.7684326171875,
      13.918103218078613,
      32.98556137084961,
      38.744258880615234,
      12.290382385253906,
      7.98360013961792,
      9.353549003601074,
      12.9891357421875,
      14.081689834594727,
      14.922435760498047,
      6.79453182220459,
      22.77826499938965,
      5.86460542678833,
      10.756322860717773,
      7.679823398590088,
      7.707289695739746
    ],
    [
      14.202930450439453,
      13.377941131591797,
      8.678454399108887,
      10.800850868225098,
      12.863053321838379,
      12.290382385253906,
      32.80317306518555,
      29.742408752441406,
      21.8374080657959,
      22.04604148864746,
      20.43607521057129,
      22.65079116821289,
      10.572114944458008,
      25.490848541259766,
      4.258913040161133,
      8.1993989944458,
      0.8105331659317017,
      1.5439430475234985
    ],
    [
      9.06538200378418,
      7.809622764587402,
      -0.7172430753707886,
      5.254289150238037,
      0.2762798070907593,
      7.98360013961792,
      29.742408752441406,
      42.99424743652344,
      23.34181785583496,
      27.575021743774414,
      17.967252731323242,
      22.50330924987793,
      7.017727851867676,
      19.657621383666992,
      2.0858640670776367,
      5.311516761779785,
      -0.4514467120170593,
      0.5547933578491211
    ],
    [
      11.359405517578125,
      9.969949722290039,
      2.8937828540802,
      5.819797992706299,
      6.867098808288574,
      9.353549003601074,
      21.8374080657959,
      23.34181785583496,
      42.38047790527344,
      40.29130554199219,
      24.174489974975586,
      29.506620407104492,
      10.669414520263672,
      28.597492218017578,
      2.37095046043396,
      7.809426307678223,
      -2.6350793838500977,
      -1.2137951850891113
    ],
    [
      12.691439628601074,
      9.05721664428711,
      1.0841870307922363,
      4.778285980224609,
      6.1126604080200195,
      12.9891357421875,
      22.04604148864746,
      27.575021743774414,
      40.29130554199219,
      48.40250778198242,
      26.048892974853516,
      33.15018081665039,
      8.571514129638672,
      29.855981826782227,
      1.022691011428833,
      6.620438575744629,
      -3.2952189445495605,
      -1.8909589052200317
    ],
    [
      16.89663314819336,
      13.062565803527832,
      10.43410587310791,
      11.130677223205566,
      14.456008911132812,
      14.081689834594727,
      20.43607521057129,
      17.967252731323242,
      24.174489974975586,
      26.048892974853516,
      36.857784271240234,
      34.02614212036133,
      16.09377670288086,
      33.782623291015625,
      5.9785847663879395,
      13.459291458129883,
      1.1911742687225342,
      2.2287003993988037
    ],
    [
      18.15023422241211,
      13.651163101196289,
      8.243232727050781,
      9.866747856140137,
      12.218437194824219,
      14.922435760498047,
      22.65079116821289,
      22.50330924987793,
      29.506620407104492,
      33.15018081665039,
      34.02614212036133,
      41.26210021972656,
      13.87414836883545,
      37.13020324707031,
      4.868949890136719,
      11.60752010345459,
      0.36181575059890747,
      1.838307499885559
    ],
    [
      8.480921745300293,
      9.55733871459961,
      6.7772440910339355,
      7.967867851257324,
      8.763324737548828,
      6.79453182220459,
      10.572114944458008,
      7.017727851867676,
      10.669414520263672,
      8.571514129638672,
      16.09377670288086,
      13.87414836883545,
      21.866680145263672,
      19.94125747680664,
      11.711773872375488,
      18.730152130126953,
      8.921577453613281,
      10.072684288024902
    ],
    [
      30.026302337646484,
      26.25725746154785,
      19.137165069580078,
      17.030900955200195,
      23.9457950592041,
      22.77826499938965,
      25.490848541259766,
      19.657621383666992,
      28.597492218017578,
      29.855981826782227,
      33.782623291015625,
      37.13020324707031,
      19.94125747680664,
      54.84812927246094,
      10.51733112335205,
      21.899051666259766,
      7.408458709716797,
      9.118829727172852
    ],
    [
      4.445040702819824,
      4.054318428039551,
      4.471281051635742,
      3.910308837890625,
      5.813540458679199,
      5.86460542678833,
      4.258913040161133,
      2.0858640670776367,
      2.37095046043396,
      1.022691011428833,
      5.9785847663879395,
      4.868949890136719,
      11.711773872375488,
      10.51733112335205,
      15.893003463745117,
      16.403051376342773,
      17.029003143310547,
      18.13973617553711
    ],
    [
      11.335713386535645,
      7.140281677246094,
      8.63593578338623,
      6.99478006362915,
      11.561376571655273,
      10.756322860717773,
      8.1993989944458,
      5.311516761779785,
      7.809426307678223,
      6.620438575744629,
      13.459291458129883,
      11.60752010345459,
      18.730152130126953,
      21.899051666259766,
      16.403051376342773,
      29.642818450927734,
      17.571565628051758,
      19.320711135864258
    ],
    [
      5.4918131828308105,
      3.5258257389068604,
      6.100346088409424,
      3.994809627532959,
      6.505954742431641,
      7.679823398590088,
      0.8105331659317017,
      -0.4514467120170593,
      -2.6350793838500977,
      -3.2952189445495605,
      1.1911742687225342,
      0.36181575059890747,
      8.921577453613281,
      7.408458709716797,
      17.029003143310547,
      17.571565628051758,
      25.28266716003418,
      25.73396110534668
    ],
    [
      5.543445110321045,
      3.7619075775146484,
      4.781777858734131,
      3.737015724182129,
      5.9127397537231445,
      7.707289695739746,
      1.5439430475234985,
      0.5547933578491211,
      -1.2137951850891113,
      -1.8909589052200317,
      2.2287003993988037,
      1.838307499885559,
      10.072684288024902,
      9.118829727172852,
      18.13973617553711,
      19.320711135864258,
      25.73396110534668,
      27.41531753540039
    ]
  ],
  "covariance_short": [
    [
      76.07263946533203,
      46.33537292480469,
      27.512460708618164,
      18.30275535583496,
      18.7712459564209,
      17.227432250976562,
      14.058124542236328,
      12.26427936553955,
      11.80539608001709,
      12.164189338684082,
      14.863848686218262,
      17.443944931030273,
      9.715852737426758,
      29.323469161987305,
      10.47253704071045,
      35.14750289916992,
      42.6247444152832,
      39.28069305419922
    ],
    [
      46.33537292480469,
      70.52967071533203,
      29.12571144104004,
      29.847808837890625,
      17.149911880493164,
      17.24890899658203,
      12.523697853088379,
      11.154605865478516,
      8.327804565429688,
      8.06779956817627,
      11.561178207397461,
      12.936372756958008,
      11.272307395935059,
      26.365131378173828,
      11.156487464904785,
      30.52094268798828,
      35.76621627807617,
      33.34804916381836
    ],
    [
      27.512460708618164,
      29.12571144104004,
      47.592193603515625,
      33.0128059387207,
      29.046356201171875,
      20.465761184692383,
      13.576986312866211,
      6.4316020011901855,
      7.83210563659668,
      5.654869079589844,
      11.907514572143555,
      11.346123695373535,
      9.242416381835938,
      20.572757720947266,
      7.440988063812256,
      24.267189025878906,
      28.437393188476562,
      24.760696411132812
    ],
    [
      18.30275535583496,
      29.847808837890625,
      33.0128059387207,
      42.013572692871094,
      20.435317993164062,
      17.076335906982422,
      15.048871994018555,
      11.109794616699219,
      9.712504386901855,
      8.704586029052734,
      12.648686408996582,
      12.754912376403809,
      9.335904121398926,
      18.32111358642578,
      5.555251598358154,
      17.994060516357422,
      19.987144470214844,
      17.928081512451172
    ],
    [
      18.7712459564209,
      17.149911880493164,
      29.046356201171875,
      20.435317993164062,
      56.27867126464844,
      39.15559387207031,
      19.47462272644043,
      7.1179046630859375,
      11.86214542388916,
      9.6094388961792,
      16.674325942993164,
      15.919429779052734,
      11.039875030517578,
      23.7879695892334,
      9.528246879577637,
      28.500171661376953,
      30.256071090698242,
      26.582199096679688
    ],
    [
      17.227432250976562,
      17.24890899658203,
      20.465761184692383,
      17.076335906982422,
      39.15559387207031,
      50.85842514038086,
      19.246519088745117,
      15.490640640258789,
      15.628934860229492,
      18.776033401489258,
      18.27081871032715,
      20.560091018676758,
      9.774811744689941,
      23.81496238708496,
      9.480396270751953,
      26.828832626342773,
      27.871814727783203,
      25.711753845214844
    ],
    [
      14.058124542236328,
      12.523697853088379,
      13.576986312866211,
      15.048871994018555,
      19.47462272644043,
      19.246519088745117,
      44.504249572753906,
      38.51213455200195,
      28.871131896972656,
      29.505638122558594,
      25.63089370727539,
      28.50977897644043,
      13.983821868896484,
      27.731704711914062,
      7.758982181549072,
      22.915096282958984,
      22.94936180114746,
      21.442962646484375
    ],
    [
      12.26427936553955,
      11.154605865478516,
      6.4316020011901855,
      11.109794616699219,
      7.1179046630859375,
      15.490640640258789,
      38.51213455200195,
      56.0308952331543,
      30.65035629272461,
      36.9334602355957,
      24.84654426574707,
      30.04853057861328,
      10.615262031555176,
      24.676198959350586,
      5.261559009552002,
      17.72757911682129,
      17.48619842529297,
      17.181720733642578
    ],
    [
      11.80539608001709,
      8.327804565429688,
      7.83210563659668,
      9.712504386901855,
      11.86214542388916,
      15.628934860229492,
      28.871131896972656,
      30.65035629272461,
      50.15087127685547,
      46.74876403808594,
      30.958370208740234,
      37.05044937133789,
      15.716675758361816,
      32.755859375,
      6.914968967437744,
      24.830881118774414,
      24.72017478942871,
      23.4569034576416
    ],
    [
      12.164189338684082,
      8.06779956817627,
      5.654869079589844,
      8.704586029052734,
      9.6094388961792,
      18.776033401489258,
      29.505638122558594,
      36.9334602355957,
      46.74876403808594,
      56.87154769897461,
      32.074771881103516,
      39.89665222167969,
      13.552047729492188,
      33.12617874145508,
      5.642611980438232,
      24.816017150878906,
      24.458499908447266,
      23.603713989257812
    ],
    [
      14.863848686218262,
      11.561178207397461,
      11.907514572143555,
      12.648686408996582,
      16.674325942993164,
      18.27081871032715,
      25.63089370727539,
      24.84654426574707,
      30.958370208740234,
      32.074771881103516,
      42.71921920776367,
      39.507606506347656,
      22.40311050415039,
      36.861549377441406,
      12.205507278442383,
      30.43418312072754,
      32.12846374511719,
      30.252906799316406
    ],
    [
      17.443944931030273,
      12.936372756958008,
      11.346123695373535,
      12.754912376403809,
      15.919429779052734,
      20.560091018676758,
      28.50977897644043,
      30.04853057861328,
      37.05044937133789,
      39.89665222167969,
      39.507606506347656,
      49.113609313964844,
      20.105966567993164,
      41.5177001953125,
      10.693953514099121,
      34.77961730957031,
      35.605079650878906,
      33.96614074707031
    ],
    [
      9.715852737426758,
      11.272307395935059,
      9.242416381835938,
      9.335904121398926,
      11.039875030517578,
      9.774811744689941,
      13.983821868896484,
      10.615262031555176,
      15.716675758361816,
      13.552047729492188,
      22.40311050415039,
      20.105966567993164,
      30.226137161254883,
      26.758607864379883,
      21.434833526611328,
      27.047651290893555,
      33.33423614501953,
      32.19756317138672
    ],
    [
      29.323469161987305,
      26.365131378173828,
      20.572757720947266,
      18.32111358642578,
      23.7879695892334,
      23.81496238708496,
      27.731704711914062,
      24.676198959350586,
      32.755859375,
      33.12617874145508,
      36.861549377441406,
      41.5177001953125,
      26.758607864379883,
      60.084312438964844,
      19.525711059570312,
      60.488609313964844,
      64.54988861083984,
      60.646846771240234
    ],
    [
      10.47253704071045,
      11.156487464904785,
      7.440988063812256,
      5.555251598358154,
      9.528246879577637,
      9.480396270751953,
      7.758982181549072,
      5.261559009552002,
      6.914968967437744,
      5.642611980438232,
      12.205507278442383,
      10.693953514099121,
      21.434833526611328,
      19.525711059570312,
      30.13535499572754,
      29.342641830444336,
      38.35411834716797,
      38.02834701538086
    ],
    [
      35.14750289916992,
      30.52094268798828,
      24.267189025878906,
      17.994060516357422,
      28.500171661376953,
      26.828832626342773,
      22.915096282958984,
      17.72757911682129,
      24.830881118774414,
      24.816017150878906,
      30.43418312072754,
      34.77961730957031,
      27.047651290893555,
      60.488609313964844,
      29.342641830444336,
      73.54330444335938,
      80.52799224853516,
      76.21607971191406
    ],
    [
      42.6247444152832,
      35.76621627807617,
      28.437393188476562,
      19.987144470214844,
      30.256071090698242,
      27.871814727783203,
      22.94936180114746,
      17.48619842529297,
      24.72017478942871,
      24.458499908447266,
      32.12846374511719,
      35.605079650878906,
      33.33423614501953,
      64.54988861083984,
      38.35411834716797,
      80.52799224853516,
      106.24867248535156,
      99.26184844970703
    ],
    [
      39.28069305419922,
      33.34804916381836,
      24.760696411132812,
      17.928081512451172,
      26.582199096679688,
      25.711753845214844,
      21.442962646484375,
      17.181720733642578,
      23.4569034576416,
      23.603713989257812,
      30.252906799316406,
      33.96614074707031,
      32.19756317138672,
      60.646846771240234,
      38.02834701538086,
      76.21607971191406,
      99.26184844970703,
      95.01139831542969
    ]
  ],
  "damage": -14.667622566223145,
  "diff_bandwidth": 539.29052734375,
  "dissonance": 8.127299337497657,
  "drr": 13.543172836303711,
  "dynamics": 3.7603936195373535,
  "format": 1245190,
  "frames": 20104128,
  "loudness": -21.475173950195312,
  "loudness_range": 12.744876861572266,
  "loudness_range_short": 14.70178508758545,
  "lowpass_true_peak_15khz": 0.015067053958773613,
  "mastering3_acoustic_entropies": [
    {
      "acoustic_entropy": 6.9919657707214355,
      "acoustic_entropy_mono": 6.770577430725098,
      "band_eliminated_acoustic_entropies": [
        {
          "acoustic_entropy": 6.980876922607422,
          "acoustic_entropy_side": 6.992245197296143,
          "hz": 129.47220167065723
        },
        {
          "acoustic_entropy": 7.0644025802612305,
          "acoustic_entropy_side": 7.005609035491943,
          "hz": 202.92927478742237
        },
        {
          "acoustic_entropy": 6.9414963722229,
          "acoustic_entropy_side": 6.771861553192139,
          "hz": 282.89161906338205
        },
        {
          "acoustic_entropy": 7.082662582397461,
          "acoustic_entropy_side": 7.018490791320801,
          "hz": 369.9353335868758
        },
        {
          "acoustic_entropy": 6.9789137840271,
          "acoustic_entropy_side": 7.449495792388916,
          "hz": 464.6875360973435
        },
        {
          "acoustic_entropy": 7.805224895477295,
          "acoustic_entropy_side": 7.546808242797852,
          "hz": 567.8308811364784
        },
        {
          "acoustic_entropy": 6.946152210235596,
          "acoustic_entropy_side": 7.153001308441162,
          "hz": 680.1084783214808
        },
        {
          "acoustic_entropy": 7.272153377532959,
          "acoustic_entropy_side": 7.9093122482299805,
          "hz": 802.3292461747484
        },
        {
          "acoustic_entropy": 7.129614353179932,
          "acoustic_entropy_side": 6.709369659423828,
          "hz": 935.3737400823702
        },
        {
          "acoustic_entropy": 7.095585346221924,
          "acoustic_entropy_side": 6.910009860992432,
          "hz": 1080.2004963696966
        },
        {
          "acoustic_entropy": 7.413186550140381,
          "acoustic_entropy_side": 7.51974630355835,
          "hz": 1237.8529382007157
        },
        {
          "acoustic_entropy": 7.525940895080566,
          "acoustic_entropy_side": 7.225343704223633,
          "hz": 1409.4668930556702
        },
        {
          "acoustic_entropy": 6.7620768547058105,
          "acoustic_entropy_side": 6.922408580780029,
          "hz": 1596.2787759475705
        },
        {
          "acoustic_entropy": 7.323703765869141,
          "acoustic_entropy_side": 7.089308261871338,
          "hz": 1799.6344973346393
        },
        {
          "acoustic_entropy": 6.929895401000977,
          "acoustic_entropy_side": 6.623810291290283,
          "hz": 2020.9991599069049
        },
        {
          "acoustic_entropy": 6.414687156677246,
          "acoustic_entropy_side": 6.598392009735107,
          "hz": 2261.9676141086993
        },
        {
          "acoustic_entropy": 6.4840569496154785,
          "acoustic_entropy_side": 6.648611068725586,
          "hz": 2524.2759484456974
        },
        {
          "acoustic_entropy": 6.635069370269775,
          "acoustic_entropy_side": 6.8603434562683105,
          "hz": 2809.813997359896
        },
        {
          "acoustic_entropy": 6.88801908493042,
          "acoustic_entropy_side": 6.953210353851318,
          "hz": 3120.6389567871424
        },
        {
          "acoustic_entropy": 6.957520961761475,
          "acoustic_entropy_side": 6.977320194244385,
          "hz": 3458.990205492291
        },
        {
          "acoustic_entropy": 6.971904754638672,
          "acoustic_entropy_side": 6.98093843460083,
          "hz": 3827.305438964164
        },
        {
          "acoustic_entropy": 7.0091233253479,
          "acoustic_entropy_side": 6.990426540374756,
          "hz": 4228.238232109126
        },
        {
          "acoustic_entropy": 7.004485607147217,
          "acoustic_entropy_side": 6.989314556121826,
          "hz": 4664.6771572759235
        },
        {
          "acoustic_entropy": 7.01263952255249,
          "acoustic_entropy_side": 6.989753246307373,
          "hz": 5139.766595350093
        },
        {
          "acoustic_entropy": 7.027358055114746,
          "acoustic_entropy_side": 6.991734027862549,
          "hz": 5656.929389854203
        },
        {
          "acoustic_entropy": 6.998230934143066,
          "acoustic_entropy_side": 6.989194393157959,
          "hz": 6219.891507268283
        },
        {
          "acoustic_entropy": 7.016960620880127,
          "acoustic_entropy_side": 6.992180824279785,
          "hz": 6832.70888123896
        },
        {
          "acoustic_entropy": 7.013844966888428,
          "acoustic_entropy_side": 6.992161750793457,
          "hz": 7499.796634079867
        },
        {
          "acoustic_entropy": 6.997928619384766,
          "acoustic_entropy_side": 6.990218639373779,
          "hz": 8225.96088609342
        },
        {
          "acoustic_entropy": 6.989755630493164,
          "acoustic_entropy_side": 6.989856719970703,
          "hz": 9016.43338188839
        },
        {
          "acoustic_entropy": 6.989536285400391,
          "acoustic_entropy_side": 6.992156505584717,
          "hz": 9876.909183162974
        },
        {
          "acoustic_entropy": 6.976611614227295,
          "acoustic_entropy_side": 6.991855621337891,
          "hz": 10813.587699516042
        },
        {
          "acoustic_entropy": 6.9938507080078125,
          "acoustic_entropy_side": 6.99451208114624,
          "hz": 11833.21735289826
        },
        {
          "acoustic_entropy": 7.05272102355957,
          "acoustic_entropy_side": 6.975258827209473,
          "hz": 12943.144197493959
        },
        {
          "acoustic_entropy": 6.956815242767334,
          "acoustic_entropy_side": 7.017669677734375,
          "hz": 14151.364845322005
        },
        {
          "acoustic_entropy": 6.943291187286377,
          "acoustic_entropy_side": 7.02018928527832,
          "hz": 15466.58407886509
        },
        {
          "acoustic_entropy": 7.073413848876953,
          "acoustic_entropy_side": 6.9913411140441895,
          "hz": 16898.27756580493
        },
        {
          "acoustic_entropy": 7.000843524932861,
          "acoustic_entropy_side": 6.983896255493164,
          "hz": 18456.760127700032
        },
        {
          "acoustic_entropy": 6.9776530265808105,
          "acoustic_entropy_side": 6.988725185394287,
          "hz": 20153.260054456492
        },
        {
          "acoustic_entropy": 6.990137100219727,
          "acoustic_entropy_side": 6.991125106811523,
          "hz": 22000.00000000001
        }
      ],
      "diff_acoustic_entropy": 6.026308059692383,
      "sn": 6
    },
    {
      "acoustic_entropy": 12.022699356079102,
      "acoustic_entropy_mono": 10.136140823364258,
      "band_eliminated_acoustic_entropies": [
        {
          "acoustic_entropy": 12.206860542297363,
          "acoustic_entropy_side": 12.027422904968262,
          "hz": 129.47220167065723
        },
        {
          "acoustic_entropy": 12.691304206848145,
          "acoustic_entropy_side": 12.060419082641602,
          "hz": 202.92927478742237
        },
        {
          "acoustic_entropy": 12.451001167297363,
          "acoustic_entropy_side": 12.251822471618652,
          "hz": 282.89161906338205
        },
        {
          "acoustic_entropy": 12.093986511230469,
          "acoustic_entropy_side": 12.388050079345703,
          "hz": 369.9353335868758
        },
        {
          "acoustic_entropy": 13.425947189331055,
          "acoustic_entropy_side": 12.3677396774292,
          "hz": 464.6875360973435
        },
        {
          "acoustic_entropy": 12.921242713928223,
          "acoustic_entropy_side": 12.391995429992676,
          "hz": 567.8308811364784
        },
        {
          "acoustic_entropy": 12.024505615234375,
          "acoustic_entropy_side": 12.527337074279785,
          "hz": 680.1084783214808
        },
        {
          "acoustic_entropy": 12.500804901123047,
          "acoustic_entropy_side": 13.4697904586792,
          "hz": 802.3292461747484
        },
        {
          "acoustic_entropy": 11.967277526855469,
          "acoustic_entropy_side": 12.354422569274902,
          "hz": 935.3737400823702
        },
        {
          "acoustic_entropy": 11.933780670166016,
          "acoustic_entropy_side": 12.333878517150879,
          "hz": 1080.2004963696966
        },
        {
          "acoustic_entropy": 13.08488941192627,
          "acoustic_entropy_side": 11.829716682434082,
          "hz": 1237.8529382007157
        },
        {
          "acoustic_entropy": 12.509174346923828,
          "acoustic_entropy_side": 12.620794296264648,
          "hz": 1409.4668930556702
        },
        {
          "acoustic_entropy": 11.915447235107422,
          "acoustic_entropy_side": 12.287602424621582,
          "hz": 1596.2787759475705
        },
        {
          "acoustic_entropy": 12.274559020996094,
          "acoustic_entropy_side": 12.53450870513916,
          "hz": 1799.6344973346393
        },
        {
          "acoustic_entropy": 12.043052673339844,
          "acoustic_entropy_side": 11.962493896484375,
          "hz": 2020.9991599069049
        },
        {
          "acoustic_entropy": 12.081949234008789,
          "acoustic_entropy_side": 11.988197326660156,
          "hz": 2261.9676141086993
        },
        {
          "acoustic_entropy": 12.117452621459961,
          "acoustic_entropy_side": 12.03069019317627,
          "hz": 2524.2759484456974
        },
        {
          "acoustic_entropy": 11.648272514343262,
          "acoustic_entropy_side": 11.900286674499512,
          "hz": 2809.813997359896
        },
        {
          "acoustic_entropy": 11.710840225219727,
          "acoustic_entropy_side": 11.928108215332031,
          "hz": 3120.6389567871424
        },
        {
          "acoustic_entropy": 11.871898651123047,
          "acoustic_entropy_side": 11.941742897033691,
          "hz": 3458.990205492291
        },
        {
          "acoustic_entropy": 11.90192985534668,
          "acoustic_entropy_side": 11.971169471740723,
          "hz": 3827.305438964164
        },
        {
          "acoustic_entropy": 12.003544807434082,
          "acoustic_entropy_side": 12.00540542602539,
          "hz": 4228.238232109126
        },
        {
          "acoustic_entropy": 12.006178855895996,
          "acoustic_entropy_side": 12.003355026245117,
          "hz": 4664.6771572759235
        },
        {
          "acoustic_entropy": 12.05462646484375,
          "acoustic_entropy_side": 12.009608268737793,
          "hz": 5139.766595350093
        },
        {
          "acoustic_entropy": 12.106698989868164,
          "acoustic_entropy_side": 12.021278381347656,
          "hz": 5656.929389854203
        },
        {
          "acoustic_entropy": 12.051095008850098,
          "acoustic_entropy_side": 12.011868476867676,
          "hz": 6219.891507268283
        },
        {
          "acoustic_entropy": 12.144041061401367,
          "acoustic_entropy_side": 12.028916358947754,
          "hz": 6832.70888123896
        },
        {
          "acoustic_entropy": 12.15152645111084,
          "acoustic_entropy_side": 12.030059814453125,
          "hz": 7499.796634079867
        },
        {
          "acoustic_entropy": 12.097837448120117,
          "acoustic_entropy_side": 12.02700424194336,
          "hz": 8225.96088609342
        },
        {
          "acoustic_entropy": 12.095775604248047,
          "acoustic_entropy_side": 12.0322904586792,
          "hz": 9016.43338188839
        },
        {
          "acoustic_entropy": 12.089969635009766,
          "acoustic_entropy_side": 12.036252975463867,
          "hz": 9876.909183162974
        },
        {
          "acoustic_entropy": 12.071045875549316,
          "acoustic_entropy_side": 12.0376615524292,
          "hz": 10813.587699516042
        },
        {
          "acoustic_entropy": 12.061988830566406,
          "acoustic_entropy_side": 12.042531967163086,
          "hz": 11833.21735289826
        },
        {
          "acoustic_entropy": 11.992389678955078,
          "acoustic_entropy_side": 12.037068367004395,
          "hz": 12943.144197493959
        },
        {
          "acoustic_entropy": 11.979525566101074,
          "acoustic_entropy_side": 12.026104927062988,
          "hz": 14151.364845322005
        },
        {
          "acoustic_entropy": 11.952242851257324,
          "acoustic_entropy_side": 12.012286186218262,
          "hz": 15466.58407886509
        },
        {
          "acoustic_entropy": 12.064830780029297,
          "acoustic_entropy_side": 12.03611946105957,
          "hz": 16898.27756580493
        },
        {
          "acoustic_entropy": 12.101846694946289,
          "acoustic_entropy_side": 12.057571411132812,
          "hz": 18456.760127700032
        },
        {
          "acoustic_entropy": 12.086053848266602,
          "acoustic_entropy_side": 12.051094055175781,
          "hz": 20153.260054456492
        },
        {
          "acoustic_entropy": 11.997894287109375,
          "acoustic_entropy_side": 12.03282642364502,
          "hz": 22000.00000000001
        }
      ],
      "diff_acoustic_entropy": 10.699166297912598,
      "sn": 12
    },
    {
      "acoustic_entropy": 18.42611312866211,
      "acoustic_entropy_mono": 15.959847450256348,
      "band_eliminated_acoustic_entropies": [
        {
          "acoustic_entropy": 18.266536712646484,
          "acoustic_entropy_side": 18.43257713317871,
          "hz": 129.47220167065723
        },
        {
          "acoustic_entropy": 20.15010643005371,
          "acoustic_entropy_side": 19.407278060913086,
          "hz": 202.92927478742237
        },
        {
          "acoustic_entropy": 18.943376541137695,
          "acoustic_entropy_side": 19.009597778320312,
          "hz": 282.89161906338205
        },
        {
          "acoustic_entropy": 18.756484985351562,
          "acoustic_entropy_side": 19.179529190063477,
          "hz": 369.9353335868758
        },
        {
          "acoustic_entropy": 19.23402976989746,
          "acoustic_entropy_side": 18.99590492248535,
          "hz": 464.6875360973435
        },
        {
          "acoustic_entropy": 19.67498016357422,
          "acoustic_entropy_side": 19.232500076293945,
          "hz": 567.8308811364784
        },
        {
          "acoustic_entropy": 17.79200553894043,
          "acoustic_entropy_side": 19.348112106323242,
          "hz": 680.1084783214808
        },
        {
          "acoustic_entropy": 18.61087417602539,
          "acoustic_entropy_side": 19.57476806640625,
          "hz": 802.3292461747484
        },
        {
          "acoustic_entropy": 19.178730010986328,
          "acoustic_entropy_side": 19.14066505432129,
          "hz": 935.3737400823702
        },
        {
          "acoustic_entropy": 19.219755172729492,
          "acoustic_entropy_side": 19.45156478881836,
          "hz": 1080.2004963696966
        },
        {
          "acoustic_entropy": 19.082931518554688,
          "acoustic_entropy_side": 19.289289474487305,
          "hz": 1237.8529382007157
        },
        {
          "acoustic_entropy": 19.28095054626465,
          "acoustic_entropy_side": 19.48442268371582,
          "hz": 1409.4668930556702
        },
        {
          "acoustic_entropy": 18.510717391967773,
          "acoustic_entropy_side": 17.809696197509766,
          "hz": 1596.2787759475705
        },
        {
          "acoustic_entropy": 18.536266326904297,
          "acoustic_entropy_side": 18.74247932434082,
          "hz": 1799.6344973346393
        },
        {
          "acoustic_entropy": 19.012460708618164,
          "acoustic_entropy_side": 19.010469436645508,
          "hz": 2020.9991599069049
        },
        {
          "acoustic_entropy": 18.78375244140625,
          "acoustic_entropy_side": 18.701608657836914,
          "hz": 2261.9676141086993
        },
        {
          "acoustic_entropy": 18.80017852783203,
          "acoustic_entropy_side": 18.945405960083008,
          "hz": 2524.2759484456974
        },
        {
          "acoustic_entropy": 19.085323333740234,
          "acoustic_entropy_side": 18.31882095336914,
          "hz": 2809.813997359896
        },
        {
          "acoustic_entropy": 19.031883239746094,
          "acoustic_entropy_side": 18.755191802978516,
