{
  "acoustic_entropy": 123.5014877319336,
  "bands": [
    {
      "high_freq": 148.1999969482422,
      "loudness": -39.72285079956055,
      "loudness_range": 18.879352569580078,
      "mid_mean": -36.63729476928711,
      "mid_to_side_loudness": -9.018147468566895,
      "mid_to_side_loudness_range": 6.033683776855469,
      "side_mean": -45.33879470825195
    },
    {
      "high_freq": 392.3793640136719,
      "loudness": -29.615428924560547,
      "loudness_range": 18.384490966796875,
      "low_freq": 148.1999969482422,
      "mid_mean": -26.47944450378418,
      "mid_to_side_loudness": -9.720739364624023,
      "mid_to_side_loudness_range": 8.461379051208496,
      "side_mean": -35.69439697265625
    },
    {
      "high_freq": 794.6976318359375,
      "loudness": -24.411623001098633,
      "loudness_range": 16.478302001953125,
      "low_freq": 392.3793640136719,
      "mid_mean": -21.25250816345215,
      "mid_to_side_loudness": -10.11086368560791,
      "mid_to_side_loudness_range": 8.23114013671875,
      "side_mean": -30.97214126586914
    },
    {
      "high_freq": 1457.5709228515625,
      "loudness": -29.03700065612793,
      "loudness_range": 19.32338523864746,
      "low_freq": 794.6976318359375,
      "mid_mean": -25.607519149780273,
      "mid_to_side_loudness": -13.011749267578125,
      "mid_to_side_loudness_range": 8.863578796386719,
      "side_mean": -38.51554489135742
    },
    {
      "high_freq": 2549.74365234375,
      "loudness": -34.547523498535156,
      "loudness_range": 18.615238189697266,
      "low_freq": 1457.5709228515625,
      "mid_mean": -31.24471664428711,
      "mid_to_side_loudness": -11.418606758117676,
      "mid_to_side_loudness_range": 8.401281356811523,
      "side_mean": -42.695003509521484
    },
    {
      "high_freq": 4349.24462890625,
      "loudness": -42.88554382324219,
      "loudness_range": 20.97150230407715,
      "low_freq": 2549.74365234375,
      "mid_mean": -39.64122009277344,
      "mid_to_side_loudness": -11.052412033081055,
      "mid_to_side_loudness_range": 8.007589340209961,
      "side_mean": -51.3122444152832
    },
    {
      "high_freq": 7314.1640625,
      "loudness": -55.05781173706055,
      "loudness_range": 27.215782165527344,
      "low_freq": 4349.24462890625,
      "mid_mean": -52.89384078979492,
      "mid_to_side_loudness": -12.521968841552734,
      "mid_to_side_loudness_range": 8.133261680603027,
      "side_mean": -62.87206268310547
    },
    {
      "high_freq": 12199.2666015625,
      "loudness": -63.328189849853516,
      "loudness_range": 31.91143035888672,
      "low_freq": 7314.1640625,
      "mid_mean": -59.775901794433594,
      "mid_to_side_loudness": -10.813613891601562,
      "mid_to_side_loudness_range": 9.788572311401367,
      "side_mean": -66.3897933959961
    },
    {
      "loudness": -72.71044158935547,
      "loudness_range": 25.94940948486328,
      "low_freq": 12199.2666015625,
      "mid_mean": -65.62998962402344,
      "mid_to_side_loudness": -6.815737724304199,
      "mid_to_side_loudness_range": 9.905187606811523,
      "side_mean": -68.56330871582031
    }
  ],
  "bands_short": [
    {
      "high_freq": 148.1999969482422,
      "loudness": -45.25735855102539,
      "loudness_range": 20.079200744628906,
      "mid_mean": -42.21493911743164,
      "mid_to_side_loudness": -9.185225486755371,
      "mid_to_side_loudness_range": 10.351272583007812,
      "side_mean": -51.47346496582031
    },
    {
      "high_freq": 392.3793640136719,
      "loudness": -30.40259552001953,
      "loudness_range": 20.22855567932129,
      "low_freq": 148.1999969482422,
      "mid_mean": -27.270280838012695,
      "mid_to_side_loudness": -10.217419624328613,
      "mid_to_side_loudness_range": 9.99420166015625,
      "side_mean": -36.92570877075195
    },
    {
      "high_freq": 794.6976318359375,
      "loudness": -25.780040740966797,
      "loudness_range": 20.225238800048828,
      "low_freq": 392.3793640136719,
      "mid_mean": -22.678823471069336,
      "mid_to_side_loudness": -10.232816696166992,
      "mid_to_side_loudness_range": 11.609170913696289,
      "side_mean": -32.45753479003906
    },
    {
      "high_freq": 1457.5709228515625,
      "loudness": -29.921573638916016,
      "loudness_range": 21.064069747924805,
      "low_freq": 794.6976318359375,
      "mid_mean": -26.54448699951172,
      "mid_to_side_loudness": -13.139419555664062,
      "mid_to_side_loudness_range": 11.077692031860352,
      "side_mean": -39.496280670166016
    },
    {
      "high_freq": 2549.74365234375,
      "loudness": -35.864044189453125,
      "loudness_range": 21.943641662597656,
      "low_freq": 1457.5709228515625,
      "mid_mean": -32.61827850341797,
      "mid_to_side_loudness": -11.381146430969238,
      "mid_to_side_loudness_range": 9.955741882324219,
      "side_mean": -44.02721405029297
    },
    {
      "high_freq": 4349.24462890625,
      "loudness": -44.054561614990234,
      "loudness_range": 23.84406852722168,
      "low_freq": 2549.74365234375,
      "mid_mean": -40.90552520751953,
      "mid_to_side_loudness": -11.329278945922852,
      "mid_to_side_loudness_range": 9.708783149719238,
      "side_mean": -52.89339065551758
    },
    {
      "high_freq": 7314.1640625,
      "loudness": -57.45344543457031,
      "loudness_range": 31.144916534423828,
      "low_freq": 4349.24462890625,
      "mid_mean": -55.28035354614258,
      "mid_to_side_loudness": -12.0111722946167,
      "mid_to_side_loudness_range": 9.425924301147461,
      "side_mean": -64.08929443359375
    },
    {
      "high_freq": 12199.2666015625,
      "loudness": -66.09050750732422,
      "loudness_range": 34.15953063964844,
      "low_freq": 7314.1640625,
      "mid_mean": -61.895111083984375,
      "mid_to_side_loudness": -10.062193870544434,
      "mid_to_side_loudness_range": 10.55481243133545,
      "side_mean": -67.29744720458984
    },
    {
      "loudness": -73.82450103759766,
      "loudness_range": 26.11827850341797,
      "low_freq": 12199.2666015625,
      "mid_mean": -66.50215148925781,
      "mid_to_side_loudness": -5.767557621002197,
      "mid_to_side_loudness_range": 8.818992614746094,
      "side_mean": -68.70764923095703
    }
  ],
  "bandwidth": 722.1058959960938,
  "channels": 2,
  "covariance": [
    [
      42.47972869873047,
      43.49665069580078,
      27.354087829589844,
      26.089269638061523,
      15.918461799621582,
      16.66993522644043,
      12.597357749938965,
      17.515853881835938,
      9.95422077178955,
      14.510706901550293,
      12.555956840515137,
      16.761781692504883,
      9.453901290893555,
      7.145698547363281,
      1.3113433122634888,
      -1.6848965883255005,
      -6.294760704040527,
      -5.6091532707214355
    ],
    [
      43.49665069580078,
      50.229854583740234,
      27.66507911682129,
      29.716949462890625,
      14.950067520141602,
      18.82448387145996,
      9.841541290283203,
      16.050779342651367,
      6.559355735778809,
      12.42512035369873,
      9.051122665405273,
      14.07919692993164,
      4.304951190948486,
      4.607680320739746,
      -3.346684455871582,
      -4.0799384117126465,
      -10.090415000915527,
      -7.848966121673584
    ],
    [
      27.354087829589844,
      27.66507911682129,
      42.23337936401367,
      40.706050872802734,
      19.328311920166016,
      18.771127700805664,
      13.424158096313477,
      16.92853546142578,
      11.852164268493652,
      16.67952537536621,
      11.53052806854248,
      17.781803131103516,
      11.856483459472656,
      10.21723461151123,
      1.5458850860595703,
      -1.3157258033752441,
      -6.749432563781738,
      -4.840274333953857
    ],
    [
      26.089269638061523,
      29.716949462890625,
      40.706050872802734,
      51.95462417602539,
      18.19023895263672,
      22.626296997070312,
      8.943167686462402,
      13.051581382751465,
      6.683804035186768,
      12.687383651733398,
      6.073923110961914,
      14.119431495666504,
      7.22463846206665,
      7.39778995513916,
      -4.553614616394043,
      -5.002247333526611,
      -12.010887145996094,
      -7.890207290649414
    ],
    [
      15.918461799621582,
      14.950067520141602,
      19.328311920166016,
      18.19023895263672,
      35.64625930786133,
      31.977293014526367,
      22.3298397064209,
      26.414379119873047,
      21.003768920898438,
      21.339778900146484,
      21.927886962890625,
      28.62770652770996,
      27.519044876098633,
      16.632965087890625,
      16.18964195251465,
      5.577836513519287,
      1.1789802312850952,
      -1.7705539464950562
    ],
    [
      16.66993522644043,
      18.82448387145996,
      18.771127700805664,
      22.626296997070312,
      31.977293014526367,
      40.75377655029297,
      15.636649131774902,
      23.012516021728516,
      13.95173454284668,
      16.910554885864258,
      13.45413875579834,
      23.409944534301758,
      18.3929386138916,
      10.79022216796875,
      5.512912750244141,
      -0.4684804379940033,
      -7.4879631996154785,
      -6.628952503204346
    ],
    [
      12.597357749938965,
      9.841541290283203,
      13.424158096313477,
      8.943167686462402,
      22.3298397064209,
      15.636649131774902,
      43.70537567138672,
      38.88663101196289,
      33.844112396240234,
      32.631996154785156,
      37.84516906738281,
      36.54144287109375,
      49.14840316772461,
      27.456768035888672,
      40.488956451416016,
      18.81646156311035,
      19.043060302734375,
      6.0943403244018555
    ],
    [
      17.515853881835938,
      16.050779342651367,
      16.92853546142578,
      13.051581382751465,
      26.414379119873047,
      23.012516021728516,
      38.88663101196289,
      45.85004425048828,
      30.008466720581055,
      32.5960807800293,
      34.5940055847168,
      37.06391906738281,
      42.40530014038086,
      24.142297744750977,
      33.21986389160156,
      14.749608993530273,
      12.095706939697266,
      1.8144761323928833
    ],
    [
      9.95422077178955,
      6.559355735778809,
      11.852164268493652,
      6.683804035186768,
      21.003768920898438,
      13.95173454284668,
      33.844112396240234,
      30.008466720581055,
      42.662864685058594,
      34.818077087402344,
      41.54479217529297,
      38.75651168823242,
      52.16081619262695,
      31.018959045410156,
      44.383216857910156,
      21.26625633239746,
      23.42209243774414,
      8.807093620300293
    ],
    [
      14.510706901550293,
      12.42512035369873,
      16.67952537536621,
      12.687383651733398,
      21.339778900146484,
      16.910554885864258,
      32.631996154785156,
      32.5960807800293,
      34.818077087402344,
      37.79035949707031,
      35.59881591796875,
      37.012542724609375,
      45.33133316040039,
      27.43896484375,
      35.96199035644531,
      16.818544387817383,
      16.68015480041504,
      5.235072135925293
    ],
    [
      12.555956840515137,
      9.051122665405273,
      11.53052806854248,
      6.073923110961914,
      21.927886962890625,
      13.45413875579834,
      37.84516906738281,
      34.5940055847168,
      41.54479217529297,
      35.59881591796875,
      53.082061767578125,
      43.4463005065918,
      59.1672477722168,
      35.562522888183594,
      51.15563201904297,
      24.554960250854492,
      27.121063232421875,
      9.807723999023438
    ],
    [
      16.761781692504883,
      14.07919692993164,
      17.781803131103516,
      14.119431495666504,
      28.62770652770996,
      23.409944534301758,
      36.54144287109375,
      37.06391906738281,
      38.75651168823242,
      37.012542724609375,
      43.4463005065918,
      53.72974395751953,
      57.97410583496094,
      33.62132263183594,
      44.82558059692383,
      20.359586715698242,
      20.261383056640625,
      6.3236894607543945
    ],
    [
      9.453901290893555,
      4.304951190948486,
      11.856483459472656,
      7.22463846206665,
      27.519044876098633,
      18.3929386138916,
      49.14840316772461,
      42.40530014038086,
      52.16081619262695,
      45.33133316040039,
      59.1672477722168,
      57.97410583496094,
      91.5721206665039,
      52.742515563964844,
      78.6107406616211,
      37.88558578491211,
      41.759891510009766,
      15.318146705627441
    ],
    [
      7.145698547363281,
      4.607680320739746,
      10.21723461151123,
      7.39778995513916,
      16.632965087890625,
      10.79022216796875,
      27.456768035888672,
      24.142297744750977,
      31.018959045410156,
      27.43896484375,
      35.562522888183594,
      33.62132263183594,
      52.742515563964844,
      34.419334411621094,
      47.66371536254883,
      24.209672927856445,
      25.606632232666016,
      9.442254066467285
    ],
    [
      1.3113433122634888,
      -3.346684455871582,
      1.5458850860595703,
      -4.553614616394043,
      16.18964195251465,
      5.512912750244141,
      40.488956451416016,
      33.21986389160156,
      44.383216857910156,
      35.96199035644531,
      51.15563201904297,
      44.82558059692383,
      78.6107406616211,
      47.66371536254883,
      83.09087371826172,
      42.529869079589844,
      49.08846664428711,
      18.385770797729492
    ],
    [
      -1.6848965883255005,
      -4.0799384117126465,
      -1.3157258033752441,
      -5.002247333526611,
      5.577836513519287,
      -0.4684804379940033,
      18.81646156311035,
      14.749608993530273,
      21.26625633239746,
      16.818544387817383,
      24.554960250854492,
      20.359586715698242,
      37.88558578491211,
      24.209672927856445,
      42.529869079589844,
      24.089759826660156,
      27.599836349487305,
      10.847094535827637
    ],
    [
      -6.294760704040527,
      -10.090415000915527,
      -6.749432563781738,
      -12.010887145996094,
      1.1789802312850952,
      -7.4879631996154785,
      19.043060302734375,
      12.095706939697266,
      23.42209243774414,
      16.68015480041504,
      27.121063232421875,
      20.261383056640625,
      41.759891510009766,
      25.606632232666016,
      49.08846664428711,
      27.599836349487305,
      36.9757080078125,
      15.363090515136719
    ],
    [
      -5.6091532707214355,
      -7.848966121673584,
      -4.840274333953857,
      -7.890207290649414,
      -1.7705539464950562,
      -6.628952503204346,
      6.0943403244018555,
      1.8144761323928833,
      8.807093620300293,
      5.235072135925293,
      9.807723999023438,
      6.3236894607543945,
      15.318146705627441,
      9.442254066467285,
      18.385770797729492,
      10.847094535827637,
      15.363090515136719,
      7.636340141296387
    ]
  ],
  "covariance_short": [
    [
      47.20570373535156,
      48.013343811035156,
      28.8720760345459,
      28.478897094726562,
      18.73751449584961,
      18.81397819519043,
      14.50234603881836,
      18.884214401245117,
      12.485337257385254,
      15.658149719238281,
      14.397663116455078,
      18.88823890686035,
      10.049362182617188,
      6.823990345001221,
      0.7222399711608887,
      -2.070655345916748,
      -6.979940891265869,
      -4.6830549240112305
    ],
    [
      48.013343811035156,
      67.3436508178711,
      31.14504051208496,
      32.1137580871582,
      20.21074676513672,
      21.236860275268555,
      14.286458969116211,
      20.108043670654297,
      11.398238182067871,
      16.432043075561523,
      13.422693252563477,
      23.33698272705078,
      9.38239574432373,
      6.969137191772461,
      -2.1324338912963867,
      -3.108045816421509,
      -10.049538612365723,
      -6.11636209487915
    ],
    [
      28.8720760345459,
      31.14504051208496,
      51.745479583740234,
      49.59207534790039,
      26.544719696044922,
      26.370567321777344,
      17.394630432128906,
      20.640254974365234,
      16.35031509399414,
      20.74139404296875,
      14.066178321838379,
      21.956090927124023,
      14.608644485473633,
      10.073447227478027,
      0.5762008428573608,
      -2.40440034866333,
      -7.806228160858154,
      -4.921917915344238
    ],
    [
      28.478897094726562,
      32.1137580871582,
      49.59207534790039,
      63.148155212402344,
      25.466388702392578,
      28.44546127319336,
      14.715147972106934,
      17.456926345825195,
      12.897232055664062,
      18.07575798034668,
      10.294892311096191,
      19.130271911621094,
      11.972305297851562,
      8.769953727722168,
      -2.585773468017578,
      -4.3012824058532715,
      -10.658279418945312,
      -6.8076605796813965
    ],
    [
      18.73751449584961,
      20.21074676513672,
      26.544719696044922,
      25.466388702392578,
      49.098148345947266,
      42.99529266357422,
      29.060178756713867,
      33.617958068847656,
      29.510618209838867,
      29.750751495361328,
      29.760873794555664,
      37.06342315673828,
      33.10601806640625,
      19.79688262939453,
      14.962955474853516,
      5.115535736083984,
      0.5597811341285706,
      -1.076133370399475
    ],
    [
      18.81397819519043,
      21.236860275268555,
      26.370567321777344,
      28.44546127319336,
      42.99529266357422,
      55.428466796875,
      22.007545471191406,
      30.26233673095703,
      21.748821258544922,
      24.853492736816406,
      20.25981903076172,
      31.246028900146484,
      21.86717414855957,
      13.327117919921875,
      2.744007110595703,
      -1.3697562217712402,
      -8.562705993652344,
      -5.940189361572266
    ],
    [
      14.50234603881836,
      14.286458969116211,
      17.394630432128906,
      14.715147972106934,
      29.060178756713867,
      22.007545471191406,
      52.3318977355957,
      45.7066535949707,
      42.14811325073242,
      40.878074645996094,
      44.55571746826172,
      44.614784240722656,
      53.58527755737305,
      29.650020599365234,
      37.64706802368164,
      16.76523780822754,
      15.713089942932129,
      6.067101955413818
    ],
    [
      18.884214401245117,
      20.108043670654297,
      20.640254974365234,
      17.456926345825195,
      33.617958068847656,
      30.26233673095703,
      45.7066535949707,
      56.246681213378906,
      38.35877990722656,
      41.30650329589844,
      41.189327239990234,
      44.97760009765625,
      46.145423889160156,
      25.9013729095459,
      29.061988830566406,
      12.272384643554688,
      7.699898719787598,
      1.882047414779663
    ],
    [
      12.485337257385254,
      11.398238182067871,
      16.35031509399414,
      12.897232055664062,
      29.510618209838867,
      21.748821258544922,
      42.14811325073242,
      38.35877990722656,
      57.13655090332031,
      46.03757095336914,
      51.28282928466797,
      50.34748840332031,
      60.76653289794922,
      34.87286376953125,
      45.51276397705078,
      21.167940139770508,
      22.551246643066406,
      9.360925674438477
    ],
    [
      15.658149719238281,
      16.432043075561523,
      20.74139404296875,
      18.07575798034668,
      29.750751495361328,
      24.853492736816406,
      40.878074645996094,
      41.30650329589844,
      46.03757095336914,
      50.05907440185547,
      44.49627685546875,
      47.47746276855469,
      52.40937042236328,
      30.580486297607422,
      35.60316467285156,
      16.169137954711914,
      14.84558391571045,
      5.681739807128906
    ],
    [
      14.397663116455078,
      13.422693252563477,
      14.066178321838379,
      10.294892311096191,
      29.760873794555664,
      20.25981903076172,
      44.55571746826172,
      41.189327239990234,
      51.28282928466797,
      44.49627685546875,
      68.2004165649414,
      55.53983688354492,
      68.44012451171875,
      39.74264144897461,
      51.45843505859375,
      23.793794631958008,
      25.256607055664062,
      10.305150032043457
    ],
    [
      18.88823890686035,
      23.33698272705078,
      21.956090927124023,
      19.130271911621094,
      37.06342315673828,
      31.246028900146484,
      44.614784240722656,
      44.97760009765625,
      50.34748840332031,
      47.47746276855469,
      55.53983688354492,
      65.91887664794922,
      65.22200012207031,
      36.714298248291016,
      43.95602035522461,
      19.470901489257812,
      18.43663215637207,
      6.9506635665893555
    ],
    [
      10.049362182617188,
      9.38239574432373,
      14.608644485473633,
      11.972305297851562,
      33.10601806640625,
      21.86717414855957,
      53.58527755737305,
      46.145423889160156,
      60.76653289794922,
      52.40937042236328,
      68.44012451171875,
      65.22200012207031,
      98.5690689086914,
      55.722267150878906,
      75.49295043945312,
      35.48283386230469,
      38.846336364746094,
      15.863649368286133
    ],
    [
      6.823990345001221,
      6.969137191772461,
      10.073447227478027,
      8.769953727722168,
      19.79688262939453,
      13.327117919921875,
      29.650020599365234,
      25.9013729095459,
      34.87286376953125,
      30.580486297607422,
      39.74264144897461,
      36.714298248291016,
      55.722267150878906,
      36.083560943603516,
      45.31734848022461,
      22.715768814086914,
      23.56522560119629,
      9.687448501586914
    ],
    [
      0.7222399711608887,
      -2.1324338912963867,
      0.5762008428573608,
      -2.585773468017578,
      14.962955474853516,
      2.744007110595703,
      37.64706802368164,
      29.061988830566406,
      45.51276397705078,
      35.60316467285156,
      51.45843505859375,
      43.95602035522461,
      75.49295043945312,
      45.31734848022461,
      76.29914093017578,
      37.81071472167969,
      43.87928009033203,
      18.260021209716797
    ],
    [
      -2.070655345916748,
      -3.108045816421509,
      -2.40440034866333,
      -4.3012824058532715,
      5.115535736083984,
      -1.3697562217712402,
      16.76523780822754,
      12.272384643554688,
      21.167940139770508,
      16.169137954711914,
      23.793794631958008,
      19.470901489257812,
      35.48283386230469,
      22.715768814086914,
      37.81071472167969,
      21.312015533447266,
      24.005430221557617,
      10.524340629577637
    ],
    [
      -6.979940891265869,
      -10.049538612365723,
      -7.806228160858154,
      -10.658279418945312,
      0.5597811341285706,
      -8.562705993652344,
      15.713089942932129,
      7.699898719787598,
      22.551246643066406,
      14.84558391571045,
      25.256607055664062,
      18.43663215637207,
      38.846336364746094,
      23.56522560119629,
      43.87928009033203,
      24.005430221557617,
      32.95235061645508,
      14.723562240600586
    ],
    [
      -4.6830549240112305,
      -6.11636209487915,
      -4.921917915344238,
      -6.8076605796813965,
      -1.076133370399475,
      -5.940189361572266,
      6.067101955413818,
      1.882047414779663,
      9.360925674438477,
      5.681739807128906,
      10.305150032043457,
      6.9506635665893555,
      15.863649368286133,
      9.687448501586914,
      18.260021209716797,
      10.524340629577637,
      14.723562240600586,
      7.407555103302002
    ]
  ],
  "damage": -7.074946403503418,
  "diff_bandwidth": 733.2711181640625,
  "dissonance": 6.377345069463063,
  "drr": 16.789535522460938,
  "dynamics": 4.44916296005249,
  "format": 1245190,
  "frames": 15243200,
  "loudness": -16.851669311523438,
  "loudness_range": 12.959396362304688,
  "loudness_range_short": 16.992332458496094,
  "lowpass_true_peak_15khz": -0.12976586818695068,
  "mastering3_acoustic_entropies": [
    {
      "acoustic_entropy": 7.565986633300781,
      "acoustic_entropy_mono": 7.936634540557861,
      "band_eliminated_acoustic_entropies": [
        {
          "acoustic_entropy": 7.566853046417236,
          "acoustic_entropy_side": 7.5660271644592285,
          "hz": 129.47220167065723
        },
        {
          "acoustic_entropy": 7.59515380859375,
          "acoustic_entropy_side": 7.568570613861084,
          "hz": 202.92927478742237
        },
        {
          "acoustic_entropy": 7.539706230163574,
          "acoustic_entropy_side": 7.567392349243164,
          "hz": 282.89161906338205
        },
        {
          "acoustic_entropy": 7.074743270874023,
          "acoustic_entropy_side": 7.552004337310791,
          "hz": 369.9353335868758
        },
        {
          "acoustic_entropy": 7.137611389160156,
          "acoustic_entropy_side": 7.477790355682373,
          "hz": 464.6875360973435
        },
        {
          "acoustic_entropy": 7.578427314758301,
          "acoustic_entropy_side": 7.410030364990234,
          "hz": 567.8308811364784
        },
        {
          "acoustic_entropy": 6.476999282836914,
          "acoustic_entropy_side": 7.601052284240723,
          "hz": 680.1084783214808
        },
        {
          "acoustic_entropy": 7.6126556396484375,
          "acoustic_entropy_side": 7.620537281036377,
          "hz": 802.3292461747484
        },
        {
          "acoustic_entropy": 7.551872730255127,
          "acoustic_entropy_side": 7.6257734298706055,
          "hz": 935.3737400823702
        },
        {
          "acoustic_entropy": 7.7110748291015625,
          "acoustic_entropy_side": 7.571496486663818,
          "hz": 1080.2004963696966
        },
        {
          "acoustic_entropy": 7.373363971710205,
          "acoustic_entropy_side": 7.6333441734313965,
          "hz": 1237.8529382007157
        },
        {
          "acoustic_entropy": 7.805941104888916,
          "acoustic_entropy_side": 7.564615726470947,
          "hz": 1409.4668930556702
        },
        {
          "acoustic_entropy": 6.993294715881348,
          "acoustic_entropy_side": 7.852773666381836,
          "hz": 1596.2787759475705
        },
        {
          "acoustic_entropy": 7.637827396392822,
          "acoustic_entropy_side": 7.563333511352539,
          "hz": 1799.6344973346393
        },
        {
          "acoustic_entropy": 7.563904285430908,
          "acoustic_entropy_side": 7.561298370361328,
          "hz": 2020.9991599069049
        },
        {
          "acoustic_entropy": 7.43770694732666,
          "acoustic_entropy_side": 7.565057754516602,
          "hz": 2261.9676141086993
        },
        {
          "acoustic_entropy": 7.453835487365723,
          "acoustic_entropy_side": 7.575824737548828,
          "hz": 2524.2759484456974
        },
        {
          "acoustic_entropy": 7.51980447769165,
          "acoustic_entropy_side": 7.572638034820557,
          "hz": 2809.813997359896
        },
        {
          "acoustic_entropy": 7.5943732261657715,
          "acoustic_entropy_side": 7.569994926452637,
          "hz": 3120.6389567871424
        },
        {
          "acoustic_entropy": 7.570931434631348,
          "acoustic_entropy_side": 7.5660858154296875,
          "hz": 3458.990205492291
        },
        {
          "acoustic_entropy": 7.581422805786133,
          "acoustic_entropy_side": 7.565983772277832,
          "hz": 3827.305438964164
        },
        {
          "acoustic_entropy": 7.562580585479736,
          "acoustic_entropy_side": 7.5659942626953125,
          "hz": 4228.238232109126
        },
        {
          "acoustic_entropy": 7.565546035766602,
          "acoustic_entropy_side": 7.565999507904053,
          "hz": 4664.6771572759235
        },
        {
          "acoustic_entropy": 7.565003395080566,
          "acoustic_entropy_side": 7.565982341766357,
          "hz": 5139.766595350093
        },
        {
          "acoustic_entropy": 7.564372539520264,
          "acoustic_entropy_side": 7.5659871101379395,
          "hz": 5656.929389854203
        },
        {
          "acoustic_entropy": 7.565756320953369,
          "acoustic_entropy_side": 7.565986633300781,
          "hz": 6219.891507268283
        },
        {
          "acoustic_entropy": 7.5658674240112305,
          "acoustic_entropy_side": 7.565986633300781,
          "hz": 6832.70888123896
        },
        {
          "acoustic_entropy": 7.565381050109863,
          "acoustic_entropy_side": 7.565986633300781,
          "hz": 7499.796634079867
        },
        {
          "acoustic_entropy": 7.564839839935303,
          "acoustic_entropy_side": 7.565983772277832,
          "hz": 8225.96088609342
        },
        {
          "acoustic_entropy": 7.565441131591797,
          "acoustic_entropy_side": 7.565986156463623,
          "hz": 9016.43338188839
        },
        {
          "acoustic_entropy": 7.564935684204102,
          "acoustic_entropy_side": 7.565986156463623,
          "hz": 9876.909183162974
        },
        {
          "acoustic_entropy": 7.5656352043151855,
          "acoustic_entropy_side": 7.565985679626465,
          "hz": 10813.587699516042
        },
        {
          "acoustic_entropy": 7.565744876861572,
          "acoustic_entropy_side": 7.565986156463623,
          "hz": 11833.21735289826
        },
        {
          "acoustic_entropy": 7.56591272354126,
          "acoustic_entropy_side": 7.565987586975098,
          "hz": 12943.144197493959
        },
        {
          "acoustic_entropy": 7.565910339355469,
          "acoustic_entropy_side": 7.565987586975098,
          "hz": 14151.364845322005
        },
        {
          "acoustic_entropy": 7.5659499168396,
          "acoustic_entropy_side": 7.565986156463623,
          "hz": 15466.58407886509
        },
        {
          "acoustic_entropy": 7.565985202789307,
          "acoustic_entropy_side": 7.565986633300781,
          "hz": 16898.27756580493
        },
        {
          "acoustic_entropy": 7.565986633300781,
          "acoustic_entropy_side": 7.565986633300781,
          "hz": 18456.760127700032
        },
        {
          "acoustic_entropy": 7.565986633300781,
          "acoustic_entropy_side": 7.565986633300781,
          "hz": 20153.260054456492
        },
        {
          "acoustic_entropy": 7.565986633300781,
          "acoustic_entropy_side": 7.565986633300781,
          "hz": 22000.00000000001
        }
      ],
      "diff_acoustic_entropy": 7.145700931549072,
      "sn": 6
    },
    {
      "acoustic_entropy": 10.845088958740234,
      "acoustic_entropy_mono": 10.611981391906738,
      "band_eliminated_acoustic_entropies": [
        {
          "acoustic_entropy": 10.852438926696777,
          "acoustic_entropy_side": 10.84543228149414,
          "hz": 129.47220167065723
        },
        {
          "acoustic_entropy": 10.808929443359375,
          "acoustic_entropy_side": 10.868561744689941,
          "hz": 202.92927478742237
        },
        {
          "acoustic_entropy": 10.326299667358398,
          "acoustic_entropy_side": 10.811614036560059,
          "hz": 282.89161906338205
        },
        {
          "acoustic_entropy": 11.16736125946045,
          "acoustic_entropy_side": 10.826269149780273,
          "hz": 369.9353335868758
        },
        {
          "acoustic_entropy": 10.817442893981934,
          "acoustic_entropy_side": 10.3172025680542,
          "hz": 464.6875360973435
        },
        {
          "acoustic_entropy": 10.787562370300293,
          "acoustic_entropy_side": 10.687167167663574,
          "hz": 567.8308811364784
        },
        {
          "acoustic_entropy": 10.656561851501465,
          "acoustic_entropy_side": 10.954413414001465,
          "hz": 680.1084783214808
        },
        {
          "acoustic_entropy": 11.162186622619629,
          "acoustic_entropy_side": 10.68616771697998,
          "hz": 802.3292461747484
        },
        {
          "acoustic_entropy": 10.18124771118164,
          "acoustic_entropy_side": 10.552935600280762,
          "hz": 935.3737400823702
        },
        {
          "acoustic_entropy": 10.507414817810059,
          "acoustic_entropy_side": 10.995935440063477,
          "hz": 1080.2004963696966
        },
        {
          "acoustic_entropy": 10.844866752624512,
          "acoustic_entropy_side": 10.773825645446777,
          "hz": 1237.8529382007157
        },
        {
          "acoustic_entropy": 11.189352989196777,
          "acoustic_entropy_side": 11.021324157714844,
          "hz": 1409.4668930556702
        },
        {
          "acoustic_entropy": 10.838250160217285,
          "acoustic_entropy_side": 11.06992244720459,
          "hz": 1596.2787759475705
        },
        {
          "acoustic_entropy": 10.930276870727539,
          "acoustic_entropy_side": 10.980307579040527,
          "hz": 1799.6344973346393
        },
        {
          "acoustic_entropy": 10.787714958190918,
          "acoustic_entropy_side": 10.920268058776855,
          "hz": 2020.9991599069049
        },
        {
          "acoustic_entropy": 11.000628471374512,
          "acoustic_entropy_side": 10.824336051940918,
          "hz": 2261.9676141086993
        },
        {
          "acoustic_entropy": 10.661712646484375,
          "acoustic_entropy_side": 10.817204475402832,
          "hz": 2524.2759484456974
        },
        {
          "acoustic_entropy": 10.751471519470215,
          "acoustic_entropy_side": 10.831038475036621,
          "hz": 2809.813997359896
        },
        {
          "acoustic_entropy": 10.690115928649902,
          "acoustic_entropy_side": 10.858736038208008,
          "hz": 3120.6389567871424
        },
        {
          "acoustic_entropy": 10.76887321472168,
          "acoustic_entropy_side": 10.84046745300293,
          "hz": 3458.990205492291
        },
        {
          "acoustic_entropy": 10.747307777404785,
          "acoustic_entropy_side": 10.839451789855957,
          "hz": 3827.305438964164
        },
        {
          "acoustic_entropy": 10.830124855041504,
          "acoustic_entropy_side": 10.844014167785645,
          "hz": 4228.238232109126
        },
        {
          "acoustic_entropy": 10.82631778717041,
          "acoustic_entropy_side": 10.84455394744873,
          "hz": 4664.6771572759235
        },
        {
          "acoustic_entropy": 10.844949722290039,
          "acoustic_entropy_side": 10.845117568969727,
          "hz": 5139.766595350093
        },
        {
          "acoustic_entropy": 10.836429595947266,
          "acoustic_entropy_side": 10.845091819763184,
          "hz": 5656.929389854203
        },
        {
          "acoustic_entropy": 10.848793983459473,
          "acoustic_entropy_side": 10.845108032226562,
          "hz": 6219.891507268283
        },
        {
          "acoustic_entropy": 10.848156929016113,
          "acoustic_entropy_side": 10.845096588134766,
          "hz": 6832.70888123896
        },
        {
          "acoustic_entropy": 10.843442916870117,
          "acoustic_entropy_side": 10.84508991241455,
          "hz": 7499.796634079867
        },
        {
          "acoustic_entropy": 10.845325469970703,
          "acoustic_entropy_side": 10.845114707946777,
          "hz": 8225.96088609342
        },
        {
          "acoustic_entropy": 10.843109130859375,
          "acoustic_entropy_side": 10.845096588134766,
          "hz": 9016.43338188839
        },
        {
          "acoustic_entropy": 10.841008186340332,
          "acoustic_entropy_side": 10.845093727111816,
          "hz": 9876.909183162974
        },
        {
          "acoustic_entropy": 10.844155311584473,
          "acoustic_entropy_side": 10.84509563446045,
          "hz": 10813.587699516042
        },
        {
          "acoustic_entropy": 10.843442916870117,
          "acoustic_entropy_side": 10.845096588134766,
          "hz": 11833.21735289826
        },
        {
          "acoustic_entropy": 10.843687057495117,
          "acoustic_entropy_side": 10.845100402832031,
          "hz": 12943.144197493959
        },
        {
          "acoustic_entropy": 10.844453811645508,
          "acoustic_entropy_side": 10.845099449157715,
          "hz": 14151.364845322005
        },
        {
          "acoustic_entropy": 10.845431327819824,
          "acoustic_entropy_side": 10.845093727111816,
          "hz": 15466.58407886509
        },
        {
          "acoustic_entropy": 10.845187187194824,
          "acoustic_entropy_side": 10.84508991241455,
          "hz": 16898.27756580493
        },
        {
          "acoustic_entropy": 10.8450927734375,
          "acoustic_entropy_side": 10.845088958740234,
          "hz": 18456.760127700032
        },
        {
          "acoustic_entropy": 10.845088958740234,
          "acoustic_entropy_side": 10.845088958740234,
          "hz": 20153.260054456492
        },
        {
          "acoustic_entropy": 10.845088958740234,
          "acoustic_entropy_side": 10.845088958740234,
          "hz": 22000.00000000001
        }
      ],
      "diff_acoustic_entropy": 10.081467628479004,
      "sn": 12
    },
    {
      "acoustic_entropy": 15.886504173278809,
      "acoustic_entropy_mono": 14.235702514648438,
      "band_eliminated_acoustic_entropies": [
        {
          "acoustic_entropy": 15.779524803161621,
          "acoustic_entropy_side": 15.866000175476074,
          "hz": 129.47220167065723
        },
        {
          "acoustic_entropy": 16.64043617248535,
          "acoustic_entropy_side": 15.890249252319336,
          "hz": 202.92927478742237
        },
        {
          "acoustic_entropy": 16.019445419311523,
          "acoustic_entropy_side": 15.734068870544434,
          "hz": 282.89161906338205
        },
        {
          "acoustic_entropy": 16.241180419921875,
          "acoustic_entropy_side": 16.290773391723633,
          "hz": 369.9353335868758
        },
        {
          "acoustic_entropy": 15.548704147338867,
          "acoustic_entropy_side": 15.235977172851562,
          "hz": 464.6875360973435
        },
        {
          "acoustic_entropy": 15.926077842712402,
          "acoustic_entropy_side": 16.05997085571289,
          "hz": 567.8308811364784
        },
        {
          "acoustic_entropy": 15.65194034576416,
          "acoustic_entropy_side": 16.204267501831055,
          "hz": 680.1084783214808
        },
        {
          "acoustic_entropy": 15.534904479980469,
          "acoustic_entropy_side": 16.396886825561523,
          "hz": 802.3292461747484
        },
        {
          "acoustic_entropy": 15.68550968170166,
          "acoustic_entropy_side": 16.154579162597656,
          "hz": 935.3737400823702
        },
        {
          "acoustic_entropy": 16.525592803955078,
          "acoustic_entropy_side": 16.355697631835938,
          "hz": 1080.2004963696966
        },
        {
          "acoustic_entropy": 15.887575149536133,
          "acoustic_entropy_side": 15.769540786743164,
          "hz": 1237.8529382007157
        },
        {
          "acoustic_entropy": 16.682071685791016,
          "acoustic_entropy_side": 16.032785415649414,
          "hz": 1409.4668930556702
        },
        {
          "acoustic_entropy": 15.268058776855469,
          "acoustic_entropy_side": 15.14719009399414,
          "hz": 1596.2787759475705
        },
        {
          "acoustic_entropy": 16.068517684936523,
          "acoustic_entropy_side": 16.313077926635742,
          "hz": 1799.6344973346393
        },
        {
          "acoustic_entropy": 16.16983413696289,
          "acoustic_entropy_side": 16.271451950073242,
          "hz": 2020.9991599069049
        },
        {
          "acoustic_entropy": 16.084197998046875,
          "acoustic_entropy_side": 15.91613483428955,
          "hz": 2261.9676141086993
        },
        {
          "acoustic_entropy": 16.630735397338867,
          "acoustic_entropy_side": 16.183218002319336,
          "hz": 2524.2759484456974
        },
        {
          "acoustic_entropy": 16.17504119873047,
          "acoustic_entropy_side": 16.013248443603516,
          "hz": 2809.813997359896
        },
        {
