{
  "acoustic_entropy": 237.10475158691406,
  "bands": [
    {
      "high_freq": 148.1999969482422,
      "loudness": -19.4720516204834,
      "loudness_range": 7.429165840148926,
      "mid_mean": -15.87522029876709,
      "mid_to_side_loudness": -20.41670799255371,
      "mid_to_side_loudness_range": 14.128297805786133,
      "side_mean": -36.64972686767578
    },
    {
      "high_freq": 392.3793640136719,
      "loudness": -20.150476455688477,
      "loudness_range": 6.857952117919922,
      "low_freq": 148.1999969482422,
      "mid_mean": -17.011104583740234,
      "mid_to_side_loudness": -9.71832275390625,
      "mid_to_side_loudness_range": 10.703729629516602,
      "side_mean": -26.804515838623047
    },
    {
      "high_freq": 794.6976318359375,
      "loudness": -21.63574981689453,
      "loudness_range": 8.88292121887207,
      "low_freq": 392.3793640136719,
      "mid_mean": -18.79051971435547,
      "mid_to_side_loudness": -7.985842227935791,
      "mid_to_side_loudness_range": 11.699546813964844,
      "side_mean": -26.8321590423584
    },
    {
      "high_freq": 1457.5709228515625,
      "loudness": -20.218475341796875,
      "loudness_range": 13.172795295715332,
      "low_freq": 794.6976318359375,
      "mid_mean": -17.229618072509766,
      "mid_to_side_loudness": -9.185185432434082,
      "mid_to_side_loudness_range": 14.079647064208984,
      "side_mean": -26.605159759521484
    },
    {
      "high_freq": 2549.74365234375,
      "loudness": -17.17364501953125,
      "loudness_range": 12.55720043182373,
      "low_freq": 1457.5709228515625,
      "mid_mean": -14.228473663330078,
      "mid_to_side_loudness": -9.024519920349121,
      "mid_to_side_loudness_range": 14.545278549194336,
      "side_mean": -23.37116241455078
    },
    {
      "high_freq": 4349.24462890625,
      "loudness": -19.226964950561523,
      "loudness_range": 11.424459457397461,
      "low_freq": 2549.74365234375,
      "mid_mean": -16.384666442871094,
      "mid_to_side_loudness": -8.324759483337402,
      "mid_to_side_loudness_range": 13.398914337158203,
      "side_mean": -24.535003662109375
    },
    {
      "high_freq": 7314.1640625,
      "loudness": -24.985607147216797,
      "loudness_range": 12.1243896484375,
      "low_freq": 4349.24462890625,
      "mid_mean": -21.81853675842285,
      "mid_to_side_loudness": -10.249828338623047,
      "mid_to_side_loudness_range": 12.57470703125,
      "side_mean": -32.00267028808594
    },
    {
      "high_freq": 12199.2666015625,
      "loudness": -27.560882568359375,
      "loudness_range": 11.097156524658203,
      "low_freq": 7314.1640625,
      "mid_mean": -24.363574981689453,
      "mid_to_side_loudness": -11.186349868774414,
      "mid_to_side_loudness_range": 16.420440673828125,
      "side_mean": -35.723052978515625
    },
    {
      "loudness": -35.26320266723633,
      "loudness_range": 12.886285781860352,
      "low_freq": 12199.2666015625,
      "mid_mean": -32.20588684082031,
      "mid_to_side_loudness": -9.412866592407227,
      "mid_to_side_loudness_range": 12.919559478759766,
      "side_mean": -41.109886169433594
    }
  ],
  "bands_short": [
    {
      "high_freq": 148.1999969482422,
      "loudness": -23.440534591674805,
      "loudness_range": 13.174936294555664,
      "mid_mean": -19.87230110168457,
      "mid_to_side_loudness": -21.289352416992188,
      "mid_to_side_loudness_range": 21.658315658569336,
      "side_mean": -41.59245300292969
    },
    {
      "high_freq": 392.3793640136719,
      "loudness": -18.825523376464844,
      "loudness_range": 8.938554763793945,
      "low_freq": 148.1999969482422,
      "mid_mean": -15.558181762695312,
      "mid_to_side_loudness": -11.527583122253418,
      "mid_to_side_loudness_range": 13.964339256286621,
      "side_mean": -27.263050079345703
    },
    {
      "high_freq": 794.6976318359375,
      "loudness": -23.136892318725586,
      "loudness_range": 12.350725173950195,
      "low_freq": 392.3793640136719,
      "mid_mean": -20.628711700439453,
      "mid_to_side_loudness": -6.826981067657471,
      "mid_to_side_loudness_range": 14.239518165588379,
      "side_mean": -27.51441764831543
    },
    {
      "high_freq": 1457.5709228515625,
      "loudness": -20.975234985351562,
      "loudness_range": 16.609458923339844,
      "low_freq": 794.6976318359375,
      "mid_mean": -18.215232849121094,
      "mid_to_side_loudness": -8.33609676361084,
      "mid_to_side_loudness_range": 16.00501823425293,
      "side_mean": -26.778188705444336
    },
    {
      "high_freq": 2549.74365234375,
      "loudness": -18.244890213012695,
      "loudness_range": 16.634132385253906,
      "low_freq": 1457.5709228515625,
      "mid_mean": -15.473196029663086,
      "mid_to_side_loudness": -8.194972038269043,
      "mid_to_side_loudness_range": 15.063264846801758,
      "side_mean": -23.8800048828125
    },
    {
      "high_freq": 4349.24462890625,
      "loudness": -19.945817947387695,
      "loudness_range": 14.36617374420166,
      "low_freq": 2549.74365234375,
      "mid_mean": -17.19397735595703,
      "mid_to_side_loudness": -7.858677387237549,
      "mid_to_side_loudness_range": 13.725966453552246,
      "side_mean": -25.081945419311523
    },
    {
      "high_freq": 7314.1640625,
      "loudness": -25.437410354614258,
      "loudness_range": 14.233585357666016,
      "low_freq": 4349.24462890625,
      "mid_mean": -22.36307716369629,
      "mid_to_side_loudness": -9.849703788757324,
      "mid_to_side_loudness_range": 14.23359203338623,
      "side_mean": -32.25741958618164
    },
    {
      "high_freq": 12199.2666015625,
      "loudness": -28.692501068115234,
      "loudness_range": 13.6795654296875,
      "low_freq": 7314.1640625,
      "mid_mean": -25.535852432250977,
      "mid_to_side_loudness": -10.611413955688477,
      "mid_to_side_loudness_range": 16.794857025146484,
      "side_mean": -36.66717529296875
    },
    {
      "loudness": -37.40412139892578,
      "loudness_range": 18.905914306640625,
      "low_freq": 12199.2666015625,
      "mid_mean": -34.37396240234375,
      "mid_to_side_loudness": -9.26709270477295,
      "mid_to_side_loudness_range": 14.005202293395996,
      "side_mean": -43.514888763427734
    }
  ],
  "bandwidth": 925.1239013671875,
  "channels": 2,
  "covariance": [
    [
      10.972808837890625,
      7.7020440101623535,
      0.7346608638763428,
      4.051168918609619,
      2.7703702449798584,
      4.6915202140808105,
      1.5883526802062988,
      7.071791648864746,
      2.8747215270996094,
      8.000130653381348,
      4.6937737464904785,
      7.450723171234131,
      5.704684257507324,
      7.854103088378906,
      4.236894607543945,
      7.273882865905762,
      5.779925346374512,
      5.235535144805908
    ],
    [
      7.7020440101623535,
      26.98180389404297,
      4.700148105621338,
      10.355982780456543,
      3.3438313007354736,
      8.538679122924805,
      1.587659239768982,
      11.797286033630371,
      4.222477436065674,
      15.681466102600098,
      8.116490364074707,
      17.757532119750977,
      11.352291107177734,
      19.35859489440918,
      5.686302661895752,
      17.621089935302734,
      8.106176376342773,
      12.70730209350586
    ],
    [
      0.7346608638763428,
      4.700148105621338,
      8.282574653625488,
      4.489846229553223,
      1.5034490823745728,
      3.899838924407959,
      0.9285032153129578,
      4.761570930480957,
      2.2929155826568604,
      6.464106559753418,
      3.787343740463257,
      6.197422027587891,
      5.216245651245117,
      7.436931133270264,
      1.9786020517349243,
      6.102086067199707,
      3.2768774032592773,
      4.344661235809326
    ],
    [
      4.051168918609619,
      10.355982780456543,
      4.489846229553223,
      14.345562934875488,
      2.5596203804016113,
      9.1327543258667,
      3.9642088413238525,
      12.708297729492188,
      5.560602188110352,
      15.860456466674805,
      7.740674018859863,
      17.03215980529785,
      9.73438549041748,
      18.349733352661133,
      3.7757411003112793,
      16.093238830566406,
      6.055257320404053,
      12.986557960510254
    ],
    [
      2.7703702449798584,
      3.3438313007354736,
      1.5034490823745728,
      2.5596203804016113,
      13.31330394744873,
      5.447397232055664,
      5.4804887771606445,
      3.9773926734924316,
      6.786417007446289,
      4.6269707679748535,
      6.411004066467285,
      4.874252796173096,
      4.970203399658203,
      4.986865043640137,
      6.325161457061768,
      6.658023834228516,
      6.282601833343506,
      5.374318599700928
    ],
    [
      4.6915202140808105,
      8.538679122924805,
      3.899838924407959,
      9.1327543258667,
      5.447397232055664,
      15.59304428100586,
      5.719778537750244,
      14.439111709594727,
      7.8006696701049805,
      17.23920249938965,
      9.882882118225098,
      17.627788543701172,
      11.571014404296875,
      19.661352157592773,
      6.642667293548584,
      18.55600929260254,
      9.286206245422363,
      14.635115623474121
    ],
    [
      1.5883526802062988,
      1.587659239768982,
      0.9285032153129578,
      3.9642088413238525,
      5.4804887771606445,
      5.719778537750244,
      26.356468200683594,
      12.914813995361328,
      19.259048461914062,
      11.68079948425293,
      9.602208137512207,
      8.166692733764648,
      7.5051727294921875,
      8.769155502319336,
      4.802461624145508,
      8.076982498168945,
      3.7147040367126465,
      6.621793270111084
    ],
    [
      7.071791648864746,
      11.797286033630371,
      4.761570930480957,
      12.708297729492188,
      3.9773926734924316,
      14.439111709594727,
      12.914813995361328,
      27.171720504760742,
      12.818975448608398,
      27.6569881439209,
      14.236818313598633,
      27.47823715209961,
      16.38894271850586,
      30.496488571166992,
      7.926292896270752,
      27.037160873413086,
      12.404346466064453,
      22.276092529296875
    ],
    [
      2.8747215270996094,
      4.222477436065674,
      2.2929155826568604,
      5.560602188110352,
      6.786417007446289,
      7.8006696701049805,
      19.259048461914062,
      12.818975448608398,
      23.334579467773438,
      16.273439407348633,
      12.978734016418457,
      12.753472328186035,
      11.473562240600586,
      14.0838041305542,
      8.511013984680176,
      13.315431594848633,
      7.85477352142334,
      11.762139320373535
    ],
    [
      8.000130653381348,
      15.681466102600098,
      6.464106559753418,
      15.860456466674805,
      4.6269707679748535,
      17.23920249938965,
      11.68079948425293,
      27.6569881439209,
      16.273439407348633,
      38.36739730834961,
      18.10552978515625,
      37.02325439453125,
      21.396821975708008,
      39.38351058959961,
      10.904589653015137,
      34.99957275390625,
      16.682479858398438,
      30.431987762451172
    ],
    [
      4.6937737464904785,
      8.116490364074707,
      3.787343740463257,
      7.740674018859863,
      6.411004066467285,
      9.882882118225098,
      9.602208137512207,
      14.236818313598633,
      12.978734016418457,
      18.10552978515625,
      18.941022872924805,
      19.01255226135254,
      14.847393989562988,
      19.644472122192383,
      9.3681001663208,
      17.6583251953125,
      10.701683044433594,
      15.225152969360352
    ],
    [
      7.450723171234131,
      17.757532119750977,
      6.197422027587891,
      17.03215980529785,
      4.874252796173096,
      17.627788543701172,
      8.166692733764648,
      27.47823715209961,
      12.753472328186035,
      37.02325439453125,
      19.01255226135254,
      45.1374397277832,
      22.024656295776367,
      45.549251556396484,
      11.120525360107422,
      39.896766662597656,
      17.829015731811523,
      34.09796142578125
    ],
    [
      5.704684257507324,
      11.352291107177734,
      5.216245651245117,
      9.73438549041748,
      4.970203399658203,
      11.571014404296875,
      7.5051727294921875,
      16.38894271850586,
      11.473562240600586,
      21.396821975708008,
      14.847393989562988,
      22.024656295776367,
      20.02805519104004,
      25.10396385192871,
      11.608131408691406,
      22.694286346435547,
      13.804265022277832,
      19.605854034423828
    ],
    [
      7.854103088378906,
      19.35859489440918,
      7.436931133270264,
      18.349733352661133,
      4.986865043640137,
      19.661352157592773,
      8.769155502319336,
      30.496488571166992,
      14.0838041305542,
      39.38351058959961,
      19.644472122192383,
      45.549251556396484,
      25.10396385192871,
      54.08219528198242,
      12.34123706817627,
      47.027061462402344,
      20.09734344482422,
      38.96966552734375
    ],
    [
      4.236894607543945,
      5.686302661895752,
      1.9786020517349243,
      3.7757411003112793,
      6.325161457061768,
      6.642667293548584,
      4.802461624145508,
      7.926292896270752,
      8.511013984680176,
      10.904589653015137,
      9.3681001663208,
      11.120525360107422,
      11.608131408691406,
      12.34123706817627,
      16.939109802246094,
      18.170316696166992,
      16.87802505493164,
      15.507417678833008
    ],
    [
      7.273882865905762,
      17.621089935302734,
      6.102086067199707,
      16.093238830566406,
      6.658023834228516,
      18.55600929260254,
      8.076982498168945,
      27.037160873413086,
      13.315431594848633,
      34.99957275390625,
      17.6583251953125,
      39.896766662597656,
      22.694286346435547,
      47.027061462402344,
      18.170316696166992,
      58.71905517578125,
      25.857620239257812,
      47.048274993896484
    ],
    [
      5.779925346374512,
      8.106176376342773,
      3.2768774032592773,
      6.055257320404053,
      6.282601833343506,
      9.286206245422363,
      3.7147040367126465,
      12.404346466064453,
      7.85477352142334,
      16.682479858398438,
      10.701683044433594,
      17.829015731811523,
      13.804265022277832,
      20.09734344482422,
      16.87802505493164,
      25.857620239257812,
      23.39295768737793,
      25.391098022460938
    ],
    [
      5.235535144805908,
      12.70730209350586,
      4.344661235809326,
      12.986557960510254,
      5.374318599700928,
      14.635115623474121,
      6.621793270111084,
      22.276092529296875,
      11.762139320373535,
      30.431987762451172,
      15.225152969360352,
      34.09796142578125,
      19.605854034423828,
      38.96966552734375,
      15.507417678833008,
      47.048274993896484,
      25.391098022460938,
      54.0609016418457
    ]
  ],
  "covariance_short": [
    [
      25.112180709838867,
      11.058440208435059,
      4.831339359283447,
      4.636716842651367,
      4.071513652801514,
      4.811437606811523,
      1.4600906372070312,
      6.043143272399902,
      3.2484848499298096,
      7.972813129425049,
      4.625382423400879,
      8.26282024383545,
      6.086037635803223,
      9.07783317565918,
      5.144644260406494,
      10.333574295043945,
      7.206427097320557,
      8.954324722290039
    ],
    [
      11.058440208435059,
      47.33345031738281,
      4.85022497177124,
      11.137079238891602,
      6.485416889190674,
      9.856354713439941,
      3.1824934482574463,
      10.700273513793945,
      6.121927261352539,
      15.52402114868164,
      9.312125205993652,
      18.308717727661133,
      12.10936450958252,
      18.861846923828125,
      8.45526123046875,
      18.366127014160156,
      9.944461822509766,
      15.985949516296387
    ],
    [
      4.831339359283447,
      4.85022497177124,
      11.554430961608887,
      4.286779880523682,
      4.329286098480225,
      4.364226341247559,
      1.6407949924468994,
      4.780299663543701,
      2.4366776943206787,
      5.677072048187256,
      4.142638683319092,
      5.417304992675781,
      5.303301811218262,
      6.682370185852051,
      3.8153247833251953,
      6.703117847442627,
      6.163162708282471,
      6.943820476531982
    ],
    [
      4.636716842651367,
      11.137079238891602,
      4.286779880523682,
      18.681941986083984,
      4.775750160217285,
      9.7840576171875,
      5.432425022125244,
      11.654487609863281,
      7.570777416229248,
      15.511073112487793,
      8.598809242248535,
      16.79763412475586,
      10.520877838134766,
      17.554773330688477,
      4.616600036621094,
      14.533432006835938,
      7.034537315368652,
      13.332491874694824
    ],
    [
      4.071513652801514,
      6.485416889190674,
      4.329286098480225,
      4.775750160217285,
      23.024675369262695,
      9.099879264831543,
      9.648589134216309,
      7.240031719207764,
      10.851127624511719,
      9.007062911987305,
      12.457724571228027,
      10.382136344909668,
      9.783744812011719,
      10.614555358886719,
      10.123188972473145,
      11.407088279724121,
      11.768800735473633,
      11.605944633483887
    ],
    [
      4.811437606811523,
      9.856354713439941,
      4.364226341247559,
      9.7840576171875,
      9.099879264831543,
      21.008264541625977,
      9.173194885253906,
      15.218059539794922,
      11.375571250915527,
      18.730854034423828,
      12.739336967468262,
      20.158117294311523,
      13.369754791259766,
      21.006956100463867,
      8.507930755615234,
      18.548309326171875,
      10.473252296447754,
      16.23954200744629
    ],
    [
      1.4600906372070312,
      3.1824934482574463,
      1.6407949924468994,
      5.432425022125244,
      9.648589134216309,
      9.173194885253906,
      42.75035095214844,
      17.90532112121582,
      32.51791000366211,
      17.915382385253906,
      19.279516220092773,
      14.602944374084473,
      15.000690460205078,
      15.016341209411621,
      12.132155418395996,
      12.954365730285645,
      9.157564163208008,
      12.481689453125
    ],
    [
      6.043143272399902,
      10.700273513793945,
      4.780299663543701,
      11.654487609863281,
      7.240031719207764,
      15.218059539794922,
      17.90532112121582,
      29.604042053222656,
      17.872533798217773,
      28.104785919189453,
      16.859943389892578,
      28.47899627685547,
      17.431676864624023,
      29.761709213256836,
      9.850903511047363,
      25.382221221923828,
      13.131104469299316,
      23.062803268432617
    ],
    [
      3.2484848499298096,
      6.121927261352539,
      2.4366776943206787,
      7.570777416229248,
      10.851127624511719,
      11.375571250915527,
      32.51791000366211,
      17.872533798217773,
      39.831092834472656,
      23.666065216064453,
      23.880647659301758,
      20.932294845581055,
      19.79424476623535,
      22.018333435058594,
      15.312877655029297,
      18.866683959960938,
      13.607172966003418,
      18.36389923095703
    ],
    [
      7.972813129425049,
      15.52402114868164,
      5.677072048187256,
      15.511073112487793,
      9.007062911987305,
      18.730854034423828,
      17.915382385253906,
      28.104785919189453,
      23.666065216064453,
      42.899288177490234,
      22.991548538208008,
      40.236454010009766,
      24.061208724975586,
      41.266883850097656,
      13.599876403808594,
      34.3052978515625,
      18.5069580078125,
      32.45863342285156
    ],
    [
      4.625382423400879,
      9.312125205993652,
      4.142638683319092,
      8.598809242248535,
      12.457724571228027,
      12.739336967468262,
      19.279516220092773,
      16.859943389892578,
      23.880647659301758,
      22.991548538208008,
      30.756656646728516,
      26.238651275634766,
      22.377389907836914,
      26.338390350341797,
      15.608060836791992,
      22.07404899597168,
      16.143564224243164,
      21.585813522338867
    ],
    [
      8.26282024383545,
      18.308717727661133,
      5.417304992675781,
      16.79763412475586,
      10.382136344909668,
      20.158117294311523,
      14.602944374084473,
      28.47899627685547,
      20.932294845581055,
      40.236454010009766,
      26.238651275634766,
      51.481285095214844,
      26.171022415161133,
      48.40296936035156,
      14.572845458984375,
      39.51231384277344,
      20.800949096679688,
      37.35160827636719
    ],
    [
      6.086037635803223,
      12.10936450958252,
      5.303301811218262,
      10.520877838134766,
      9.783744812011719,
      13.369754791259766,
      15.000690460205078,
      17.431676864624023,
      19.79424476623535,
      24.061208724975586,
      22.377389907836914,
      26.171022415161133,
      30.219898223876953,
      30.097814559936523,
      19.70781707763672,
      26.98822021484375,
      21.985187530517578,
      28.455595016479492
    ],
    [
      9.07783317565918,
      18.861846923828125,
      6.682370185852051,
      17.554773330688477,
      10.614555358886719,
      21.006956100463867,
      15.016341209411621,
      29.761709213256836,
      22.018333435058594,
      41.266883850097656,
      26.338390350341797,
      48.40296936035156,
      30.097814559936523,
      58.87971878051758,
      17.470651626586914,
      47.964561462402344,
      24.724000930786133,
      44.520896911621094
    ],
    [
      5.144644260406494,
      8.45526123046875,
      3.8153247833251953,
      4.616600036621094,
      10.123188972473145,
      8.507930755615234,
      12.132155418395996,
      9.850903511047363,
      15.312877655029297,
      13.599876403808594,
      15.608060836791992,
      14.572845458984375,
      19.70781707763672,
      17.470651626586914,
      30.47658920288086,
      27.007680892944336,
      29.941730499267578,
      29.0770206451416
    ],
    [
      10.333574295043945,
      18.366127014160156,
      6.703117847442627,
      14.533432006835938,
      11.407088279724121,
      18.548309326171875,
      12.954365730285645,
      25.382221221923828,
      18.866683959960938,
      34.3052978515625,
      22.07404899597168,
      39.51231384277344,
      26.98822021484375,
      47.964561462402344,
      27.007680892944336,
      65.73538970947266,
      34.8275146484375,
      57.705848693847656
    ],
    [
      7.206427097320557,
      9.944461822509766,
      6.163162708282471,
      7.034537315368652,
      11.768800735473633,
      10.473252296447754,
      9.157564163208008,
      13.131104469299316,
      13.607172966003418,
      18.5069580078125,
      16.143564224243164,
      20.800949096679688,
      21.985187530517578,
      24.724000930786133,
      29.941730499267578,
      34.8275146484375,
      44.67997360229492,
      44.015262603759766
    ],
    [
      8.954324722290039,
      15.985949516296387,
      6.943820476531982,
      13.332491874694824,
      11.605944633483887,
      16.23954200744629,
      12.481689453125,
      23.062803268432617,
      18.36389923095703,
      32.45863342285156,
      21.585813522338867,
      37.35160827636719,
      28.455595016479492,
      44.520896911621094,
      29.0770206451416,
      57.705848693847656,
      44.015262603759766,
      76.87071228027344
    ]
  ],
  "damage": -3.953754186630249,
  "diff_bandwidth": 962.4219970703125,
  "dissonance": 9.914128033341061,
  "drr": 6.246565818786621,
  "dynamics": 2.6486494541168213,
  "format": 1245190,
  "frames": 10699712,
  "loudness": -7.331825256347656,
  "loudness_range": 6.426778793334961,
  "loudness_range_short": 8.785653114318848,
  "lowpass_true_peak_15khz": 1.0159448385238647,
  "mastering3_acoustic_entropies": [
    {
      "acoustic_entropy": 6.572006702423096,
      "acoustic_entropy_mono": 6.656750679016113,
      "band_eliminated_acoustic_entropies": [
        {
          "acoustic_entropy": 6.528767108917236,
          "acoustic_entropy_side": 6.571990966796875,
          "hz": 129.47220167065723
        },
        {
          "acoustic_entropy": 6.5418572425842285,
          "acoustic_entropy_side": 6.570651054382324,
          "hz": 202.92927478742237
        },
        {
          "acoustic_entropy": 6.693912029266357,
          "acoustic_entropy_side": 6.565032005310059,
          "hz": 282.89161906338205
        },
        {
          "acoustic_entropy": 6.553356170654297,
          "acoustic_entropy_side": 6.565830707550049,
          "hz": 369.9353335868758
        },
        {
          "acoustic_entropy": 6.867285251617432,
          "acoustic_entropy_side": 6.568970203399658,
          "hz": 464.6875360973435
        },
        {
          "acoustic_entropy": 7.152335166931152,
          "acoustic_entropy_side": 6.634096145629883,
          "hz": 567.8308811364784
        },
        {
          "acoustic_entropy": 6.992746353149414,
          "acoustic_entropy_side": 6.56716251373291,
          "hz": 680.1084783214808
        },
        {
          "acoustic_entropy": 8.38243579864502,
          "acoustic_entropy_side": 6.586244583129883,
          "hz": 802.3292461747484
        },
        {
          "acoustic_entropy": 7.945001125335693,
          "acoustic_entropy_side": 6.585062503814697,
          "hz": 935.3737400823702
        },
        {
          "acoustic_entropy": 6.692700386047363,
          "acoustic_entropy_side": 6.777060031890869,
          "hz": 1080.2004963696966
        },
        {
          "acoustic_entropy": 7.468948841094971,
          "acoustic_entropy_side": 6.913308620452881,
          "hz": 1237.8529382007157
        },
        {
          "acoustic_entropy": 6.484437942504883,
          "acoustic_entropy_side": 6.616947650909424,
          "hz": 1409.4668930556702
        },
        {
          "acoustic_entropy": 7.4367852210998535,
          "acoustic_entropy_side": 6.5102362632751465,
          "hz": 1596.2787759475705
        },
        {
          "acoustic_entropy": 7.604071617126465,
          "acoustic_entropy_side": 6.806100368499756,
          "hz": 1799.6344973346393
        },
        {
          "acoustic_entropy": 7.232603549957275,
          "acoustic_entropy_side": 6.601750373840332,
          "hz": 2020.9991599069049
        },
        {
          "acoustic_entropy": 7.5699663162231445,
          "acoustic_entropy_side": 6.805294036865234,
          "hz": 2261.9676141086993
        },
        {
          "acoustic_entropy": 7.748973369598389,
          "acoustic_entropy_side": 7.358992576599121,
          "hz": 2524.2759484456974
        },
        {
          "acoustic_entropy": 7.382828235626221,
          "acoustic_entropy_side": 6.53380823135376,
          "hz": 2809.813997359896
        },
        {
          "acoustic_entropy": 7.641408920288086,
          "acoustic_entropy_side": 6.748519420623779,
          "hz": 3120.6389567871424
        },
        {
          "acoustic_entropy": 7.505168914794922,
          "acoustic_entropy_side": 6.509509563446045,
          "hz": 3458.990205492291
        },
        {
          "acoustic_entropy": 6.867918014526367,
          "acoustic_entropy_side": 6.468973159790039,
          "hz": 3827.305438964164
        },
        {
          "acoustic_entropy": 6.995274543762207,
          "acoustic_entropy_side": 6.48906135559082,
          "hz": 4228.238232109126
        },
        {
          "acoustic_entropy": 6.804135799407959,
          "acoustic_entropy_side": 6.532781600952148,
          "hz": 4664.6771572759235
        },
        {
          "acoustic_entropy": 6.447768688201904,
          "acoustic_entropy_side": 6.532362461090088,
          "hz": 5139.766595350093
        },
        {
          "acoustic_entropy": 6.702006816864014,
          "acoustic_entropy_side": 6.623293399810791,
          "hz": 5656.929389854203
        },
        {
          "acoustic_entropy": 6.874239444732666,
          "acoustic_entropy_side": 6.643203258514404,
          "hz": 6219.891507268283
        },
        {
          "acoustic_entropy": 7.0180253982543945,
          "acoustic_entropy_side": 6.667575836181641,
          "hz": 6832.70888123896
        },
        {
          "acoustic_entropy": 7.107552528381348,
          "acoustic_entropy_side": 6.606687545776367,
          "hz": 7499.796634079867
        },
        {
          "acoustic_entropy": 7.144078254699707,
          "acoustic_entropy_side": 6.566917419433594,
          "hz": 8225.96088609342
        },
        {
          "acoustic_entropy": 7.115103244781494,
          "acoustic_entropy_side": 6.5703840255737305,
          "hz": 9016.43338188839
        },
        {
          "acoustic_entropy": 7.20287561416626,
          "acoustic_entropy_side": 6.6010308265686035,
          "hz": 9876.909183162974
        },
        {
          "acoustic_entropy": 7.073214054107666,
          "acoustic_entropy_side": 6.797255039215088,
          "hz": 10813.587699516042
        },
        {
          "acoustic_entropy": 6.978231430053711,
          "acoustic_entropy_side": 7.196454048156738,
          "hz": 11833.21735289826
        },
        {
          "acoustic_entropy": 6.974246501922607,
          "acoustic_entropy_side": 6.590997695922852,
          "hz": 12943.144197493959
        },
        {
          "acoustic_entropy": 6.964375019073486,
          "acoustic_entropy_side": 6.577109336853027,
          "hz": 14151.364845322005
        },
        {
          "acoustic_entropy": 7.027443885803223,
          "acoustic_entropy_side": 6.575255870819092,
          "hz": 15466.58407886509
        },
        {
          "acoustic_entropy": 7.102712631225586,
          "acoustic_entropy_side": 6.573698997497559,
          "hz": 16898.27756580493
        },
        {
          "acoustic_entropy": 6.719536781311035,
          "acoustic_entropy_side": 6.572637557983398,
          "hz": 18456.760127700032
        },
        {
          "acoustic_entropy": 6.575450897216797,
          "acoustic_entropy_side": 6.572212219238281,
          "hz": 20153.260054456492
        },
        {
          "acoustic_entropy": 6.57208776473999,
          "acoustic_entropy_side": 6.5720086097717285,
          "hz": 22000.00000000001
        }
      ],
      "diff_acoustic_entropy": 6.627971649169922,
      "sn": 6
    },
    {
      "acoustic_entropy": 11.40401554107666,
      "acoustic_entropy_mono": 10.6775484085083,
      "band_eliminated_acoustic_entropies": [
        {
          "acoustic_entropy": 11.435664176940918,
          "acoustic_entropy_side": 11.404423713684082,
          "hz": 129.47220167065723
        },
        {
          "acoustic_entropy": 11.44404125213623,
          "acoustic_entropy_side": 11.403885841369629,
          "hz": 202.92927478742237
        },
        {
          "acoustic_entropy": 11.823922157287598,
          "acoustic_entropy_side": 11.373879432678223,
          "hz": 282.89161906338205
        },
        {
          "acoustic_entropy": 12.028390884399414,
          "acoustic_entropy_side": 11.411699295043945,
          "hz": 369.9353335868758
        },
        {
          "acoustic_entropy": 10.941329956054688,
          "acoustic_entropy_side": 11.37297248840332,
          "hz": 464.6875360973435
        },
        {
          "acoustic_entropy": 11.837696075439453,
          "acoustic_entropy_side": 11.850852966308594,
          "hz": 567.8308811364784
        },
        {
          "acoustic_entropy": 10.94941520690918,
          "acoustic_entropy_side": 11.327948570251465,
          "hz": 680.1084783214808
        },
        {
          "acoustic_entropy": 11.99484634399414,
          "acoustic_entropy_side": 11.334428787231445,
          "hz": 802.3292461747484
        },
        {
          "acoustic_entropy": 12.42215633392334,
          "acoustic_entropy_side": 11.541176795959473,
          "hz": 935.3737400823702
        },
        {
          "acoustic_entropy": 11.81789779663086,
          "acoustic_entropy_side": 11.678174018859863,
          "hz": 1080.2004963696966
        },
        {
          "acoustic_entropy": 12.365431785583496,
          "acoustic_entropy_side": 10.985998153686523,
          "hz": 1237.8529382007157
        },
        {
          "acoustic_entropy": 11.49407958984375,
          "acoustic_entropy_side": 11.342493057250977,
          "hz": 1409.4668930556702
        },
        {
          "acoustic_entropy": 11.257977485656738,
          "acoustic_entropy_side": 11.556034088134766,
          "hz": 1596.2787759475705
        },
        {
          "acoustic_entropy": 11.479007720947266,
          "acoustic_entropy_side": 11.340521812438965,
          "hz": 1799.6344973346393
        },
        {
          "acoustic_entropy": 11.082348823547363,
          "acoustic_entropy_side": 11.636013984680176,
          "hz": 2020.9991599069049
        },
        {
          "acoustic_entropy": 12.188912391662598,
          "acoustic_entropy_side": 11.452092170715332,
          "hz": 2261.9676141086993
        },
        {
          "acoustic_entropy": 11.694459915161133,
          "acoustic_entropy_side": 11.269201278686523,
          "hz": 2524.2759484456974
        },
        {
          "acoustic_entropy": 11.227742195129395,
          "acoustic_entropy_side": 11.278520584106445,
          "hz": 2809.813997359896
        },
        {
          "acoustic_entropy": 11.268854141235352,
          "acoustic_entropy_side": 11.475042343139648,
          "hz": 3120.6389567871424
        },
        {
          "acoustic_entropy": 11.553583145141602,
          "acoustic_entropy_side": 11.351367950439453,
          "hz": 3458.990205492291
        },
        {
          "acoustic_entropy": 11.274862289428711,
          "acoustic_entropy_side": 11.438267707824707,
          "hz": 3827.305438964164
        },
        {
          "acoustic_entropy": 11.293164253234863,
          "acoustic_entropy_side": 11.339555740356445,
          "hz": 4228.238232109126
        },
        {
          "acoustic_entropy": 10.898186683654785,
          "acoustic_entropy_side": 11.43507194519043,
          "hz": 4664.6771572759235
        },
        {
          "acoustic_entropy": 10.92930793762207,
          "acoustic_entropy_side": 11.511207580566406,
          "hz": 5139.766595350093
        },
        {
          "acoustic_entropy": 11.45630168914795,
          "acoustic_entropy_side": 11.377710342407227,
          "hz": 5656.929389854203
        },
        {
          "acoustic_entropy": 11.581188201904297,
          "acoustic_entropy_side": 11.374897003173828,
          "hz": 6219.891507268283
        },
        {
          "acoustic_entropy": 11.274166107177734,
          "acoustic_entropy_side": 11.454389572143555,
          "hz": 6832.70888123896
        },
        {
          "acoustic_entropy": 10.901092529296875,
          "acoustic_entropy_side": 11.307631492614746,
          "hz": 7499.796634079867
        },
        {
          "acoustic_entropy": 10.935603141784668,
          "acoustic_entropy_side": 11.42276382446289,
          "hz": 8225.96088609342
        },
        {
          "acoustic_entropy": 10.916313171386719,
          "acoustic_entropy_side": 11.379547119140625,
          "hz": 9016.43338188839
        },
        {
          "acoustic_entropy": 10.946878433227539,
          "acoustic_entropy_side": 11.406906127929688,
          "hz": 9876.909183162974
        },
        {
          "acoustic_entropy": 11.223648071289062,
          "acoustic_entropy_side": 11.37923526763916,
          "hz": 10813.587699516042
        },
        {
          "acoustic_entropy": 10.995478630065918,
          "acoustic_entropy_side": 11.254629135131836,
          "hz": 11833.21735289826
        },
        {
          "acoustic_entropy": 11.248419761657715,
          "acoustic_entropy_side": 11.397992134094238,
          "hz": 12943.144197493959
        },
        {
          "acoustic_entropy": 11.282877922058105,
          "acoustic_entropy_side": 11.451544761657715,
          "hz": 14151.364845322005
        },
        {
          "acoustic_entropy": 11.335684776306152,
          "acoustic_entropy_side": 11.415318489074707,
          "hz": 15466.58407886509
        },
        {
          "acoustic_entropy": 11.35925579071045,
          "acoustic_entropy_side": 11.404130935668945,
          "hz": 16898.27756580493
        },
        {
          "acoustic_entropy": 11.404772758483887,
          "acoustic_entropy_side": 11.40600299835205,
          "hz": 18456.760127700032
        },
        {
          "acoustic_entropy": 11.397892951965332,
          "acoustic_entropy_side": 11.405488014221191,
          "hz": 20153.260054456492
        },
        {
          "acoustic_entropy": 11.403475761413574,
          "acoustic_entropy_side": 11.404013633728027,
          "hz": 22000.00000000001
        }
      ],
      "diff_acoustic_entropy": 10.935196876525879,
      "sn": 12
    },
    {
      "acoustic_entropy": 17.31174659729004,
      "acoustic_entropy_mono": 15.004769325256348,
      "band_eliminated_acoustic_entropies": [
        {
          "acoustic_entropy": 17.46539878845215,
          "acoustic_entropy_side": 17.336837768554688,
          "hz": 129.47220167065723
        },
        {
          "acoustic_entropy": 17.596668243408203,
          "acoustic_entropy_side": 17.389822006225586,
          "hz": 202.92927478742237
        },
        {
          "acoustic_entropy": 17.06378746032715,
          "acoustic_entropy_side": 17.33622169494629,
          "hz": 282.89161906338205
        },
        {
          "acoustic_entropy": 17.0832462310791,
          "acoustic_entropy_side": 17.355098724365234,
          "hz": 369.9353335868758
        },
        {
          "acoustic_entropy": 16.460546493530273,
          "acoustic_entropy_side": 16.845117568969727,
          "hz": 464.6875360973435
        },
        {
          "acoustic_entropy": 16.52234649658203,
          "acoustic_entropy_side": 17.469669342041016,
          "hz": 567.8308811364784
        },
        {
          "acoustic_entropy": 16.378257751464844,
          "acoustic_entropy_side": 16.941364288330078,
          "hz": 680.1084783214808
        },
        {
          "acoustic_entropy": 16.985576629638672,
          "acoustic_entropy_side": 17.039323806762695,
          "hz": 802.3292461747484
        },
        {
          "acoustic_entropy": 16.802488327026367,
          "acoustic_entropy_side": 16.464725494384766,
          "hz": 935.3737400823702
        },
        {
          "acoustic_entropy": 16.759822845458984,
          "acoustic_entropy_side": 17.050857543945312,
          "hz": 1080.2004963696966
        },
        {
          "acoustic_entropy": 15.906895637512207,
          "acoustic_entropy_side": 16.979276657104492,
          "hz": 1237.8529382007157
        },
        {
          "acoustic_entropy": 16.58120346069336,
          "acoustic_entropy_side": 17.574804306030273,
          "hz": 1409.4668930556702
        },
        {
          "acoustic_entropy": 17.1097469329834,
          "acoustic_entropy_side": 16.95011329650879,
          "hz": 1596.2787759475705
        },
        {
          "acoustic_entropy": 17.060670852661133,
          "acoustic_entropy_side": 17.03742027282715,
          "hz": 1799.6344973346393
        },
        {
          "acoustic_entropy": 17.497995376586914,
          "acoustic_entropy_side": 17.624332427978516,
          "hz": 2020.9991599069049
        },
        {
          "acoustic_entropy": 16.645980834960938,
          "acoustic_entropy_side": 16.66489028930664,
          "hz": 2261.9676141086993
        },
        {
          "acoustic_entropy": 17.367958068847656,
          "acoustic_entropy_side": 17.426023483276367,
          "hz": 2524.2759484456974
        },
        {
          "acoustic_entropy": 16.554458618164062,
          "acoustic_entropy_side": 16.96727180480957,
          "hz": 2809.813997359896
        },
        {
          "acoustic_entropy": 17.280773162841797,
