{
  "acoustic_entropy": 200.79791259765625,
  "bands": [
    {
      "high_freq": 148.1999969482422,
      "loudness": -23.884552001953125,
      "loudness_range": 20.31806755065918,
      "mid_mean": -20.604692459106445,
      "mid_to_side_loudness": -15.126579284667969,
      "mid_to_side_loudness_range": 25.429378509521484,
      "side_mean": -37.00962829589844
    },
    {
      "high_freq": 392.3793640136719,
      "loudness": -23.542335510253906,
      "loudness_range": 13.462369918823242,
      "low_freq": 148.1999969482422,
      "mid_mean": -20.68257713317871,
      "mid_to_side_loudness": -8.168013572692871,
      "mid_to_side_loudness_range": 12.695886611938477,
      "side_mean": -28.938261032104492
    },
    {
      "high_freq": 794.6976318359375,
      "loudness": -27.788860321044922,
      "loudness_range": 15.411602020263672,
      "low_freq": 392.3793640136719,
      "mid_mean": -25.075763702392578,
      "mid_to_side_loudness": -7.225274562835693,
      "mid_to_side_loudness_range": 12.230982780456543,
      "side_mean": -32.32571029663086
    },
    {
      "high_freq": 1457.5709228515625,
      "loudness": -33.806907653808594,
      "loudness_range": 20.20366668701172,
      "low_freq": 794.6976318359375,
      "mid_mean": -31.012319564819336,
      "mid_to_side_loudness": -7.967909812927246,
      "mid_to_side_loudness_range": 13.298641204833984,
      "side_mean": -38.99631881713867
    },
    {
      "high_freq": 2549.74365234375,
      "loudness": -33.4988899230957,
      "loudness_range": 21.343429565429688,
      "low_freq": 1457.5709228515625,
      "mid_mean": -30.781044006347656,
      "mid_to_side_loudness": -7.621474742889404,
      "mid_to_side_loudness_range": 13.075739860534668,
      "side_mean": -38.41377639770508
    },
    {
      "high_freq": 4349.24462890625,
      "loudness": -35.04103469848633,
      "loudness_range": 17.763916015625,
      "low_freq": 2549.74365234375,
      "mid_mean": -32.21116256713867,
      "mid_to_side_loudness": -8.207262992858887,
      "mid_to_side_loudness_range": 12.903158187866211,
      "side_mean": -40.549320220947266
    },
    {
      "high_freq": 7314.1640625,
      "loudness": -31.33733558654785,
      "loudness_range": 14.274877548217773,
      "low_freq": 4349.24462890625,
      "mid_mean": -28.734220504760742,
      "mid_to_side_loudness": -6.287192344665527,
      "mid_to_side_loudness_range": 9.342855453491211,
      "side_mean": -35.103759765625
    },
    {
      "high_freq": 12199.2666015625,
      "loudness": -29.746841430664062,
      "loudness_range": 12.001325607299805,
      "low_freq": 7314.1640625,
      "mid_mean": -27.39833641052246,
      "mid_to_side_loudness": -5.011961936950684,
      "mid_to_side_loudness_range": 8.18115234375,
      "side_mean": -32.47342300415039
    },
    {
      "loudness": -32.837677001953125,
      "loudness_range": 12.006303787231445,
      "low_freq": 12199.2666015625,
      "mid_mean": -31.067373275756836,
      "mid_to_side_loudness": -2.731421709060669,
      "mid_to_side_loudness_range": 4.563804626464844,
      "side_mean": -33.8300666809082
    }
  ],
  "bands_short": [
    {
      "high_freq": 148.1999969482422,
      "loudness": -27.756649017333984,
      "loudness_range": 28.607803344726562,
      "mid_mean": -24.74481773376465,
      "mid_to_side_loudness": -13.322359085083008,
      "mid_to_side_loudness_range": 29.644325256347656,
      "side_mean": -41.51152801513672
    },
    {
      "high_freq": 392.3793640136719,
      "loudness": -24.65581512451172,
      "loudness_range": 19.167442321777344,
      "low_freq": 148.1999969482422,
      "mid_mean": -22.102617263793945,
      "mid_to_side_loudness": -7.576094627380371,
      "mid_to_side_loudness_range": 17.465927124023438,
      "side_mean": -29.8424129486084
    },
    {
      "high_freq": 794.6976318359375,
      "loudness": -29.23081398010254,
      "loudness_range": 19.122087478637695,
      "low_freq": 392.3793640136719,
      "mid_mean": -26.726795196533203,
      "mid_to_side_loudness": -6.712998390197754,
      "mid_to_side_loudness_range": 13.6566162109375,
      "side_mean": -33.410587310791016
    },
    {
      "high_freq": 1457.5709228515625,
      "loudness": -34.91082763671875,
      "loudness_range": 24.667022705078125,
      "low_freq": 794.6976318359375,
      "mid_mean": -32.50995635986328,
      "mid_to_side_loudness": -6.792938709259033,
      "mid_to_side_loudness_range": 14.995025634765625,
      "side_mean": -39.181427001953125
    },
    {
      "high_freq": 2549.74365234375,
      "loudness": -35.585506439208984,
      "loudness_range": 25.208019256591797,
      "low_freq": 1457.5709228515625,
      "mid_mean": -33.186485290527344,
      "mid_to_side_loudness": -6.473237991333008,
      "mid_to_side_loudness_range": 14.05881118774414,
      "side_mean": -39.67646026611328
    },
    {
      "high_freq": 4349.24462890625,
      "loudness": -37.2826042175293,
      "loudness_range": 23.082313537597656,
      "low_freq": 2549.74365234375,
      "mid_mean": -34.86588668823242,
      "mid_to_side_loudness": -6.4781270027160645,
      "mid_to_side_loudness_range": 13.872894287109375,
      "side_mean": -41.351436614990234
    },
    {
      "high_freq": 7314.1640625,
      "loudness": -35.195579528808594,
      "loudness_range": 25.76372718811035,
      "low_freq": 4349.24462890625,
      "mid_mean": -32.773597717285156,
      "mid_to_side_loudness": -5.998234748840332,
      "mid_to_side_loudness_range": 13.072097778320312,
      "side_mean": -39.22162628173828
    },
    {
      "high_freq": 12199.2666015625,
      "loudness": -33.47981643676758,
      "loudness_range": 23.312448501586914,
      "low_freq": 7314.1640625,
      "mid_mean": -31.23516273498535,
      "mid_to_side_loudness": -5.475134372711182,
      "mid_to_side_loudness_range": 12.197037696838379,
      "side_mean": -36.84468078613281
    },
    {
      "loudness": -39.16942596435547,
      "loudness_range": 28.681276321411133,
      "low_freq": 12199.2666015625,
      "mid_mean": -37.31524658203125,
      "mid_to_side_loudness": -4.311760425567627,
      "mid_to_side_loudness_range": 10.999873161315918,
      "side_mean": -41.453067779541016
    }
  ],
  "bandwidth": 483.7658996582031,
  "channels": 2,
  "covariance": [
    [
      55.54572296142578,
      28.79758071899414,
      11.127354621887207,
      2.6015853881835938,
      4.976426124572754,
      3.20804500579834,
      4.612515449523926,
      3.5320727825164795,
      0.26060396432876587,
      0.712328314781189,
      2.5692970752716064,
      5.181914806365967,
      -0.14979173243045807,
      6.6481122970581055,
      2.4800076484680176,
      9.209771156311035,
      7.851564884185791,
      11.874845504760742
    ],
    [
      28.79758071899414,
      71.79717254638672,
      6.98082971572876,
      5.921622276306152,
      3.273165464401245,
      0.20549023151397705,
      3.1459193229675293,
      3.6735141277313232,
      -2.3645083904266357,
      1.4065943956375122,
      0.022125745192170143,
      4.884710788726807,
      -4.177718639373779,
      0.542963445186615,
      -1.5558122396469116,
      2.513655662536621,
      4.1069722175598145,
      6.252603054046631
    ],
    [
      11.127354621887207,
      6.98082971572876,
      29.32984733581543,
      22.0244083404541,
      18.823396682739258,
      14.972710609436035,
      16.33304214477539,
      13.19832706451416,
      18.961030960083008,
      14.7493257522583,
      22.898839950561523,
      17.557714462280273,
      16.3065185546875,
      11.120196342468262,
      12.882353782653809,
      8.154797554016113,
      7.295344829559326,
      5.307265758514404
    ],
    [
      2.6015853881835938,
      5.921622276306152,
      22.0244083404541,
      34.38908386230469,
      19.091386795043945,
      22.22105598449707,
      15.083802223205566,
      18.98954200744629,
      17.709774017333984,
      20.449214935302734,
      18.981489181518555,
      22.188634872436523,
      12.835618019104004,
      9.718917846679688,
      9.452669143676758,
      5.85834264755249,
      3.350532293319702,
      1.6795130968093872
    ],
    [
      4.976426124572754,
      3.273165464401245,
      18.823396682739258,
      19.091386795043945,
      32.95096969604492,
      27.92205047607422,
      24.71567726135254,
      21.614845275878906,
      22.310367584228516,
      18.19038963317871,
      22.345487594604492,
      20.815383911132812,
      13.759031295776367,
      9.500849723815918,
      10.36861801147461,
      6.557646751403809,
      5.672062397003174,
      4.153226375579834
    ],
    [
      3.20804500579834,
      0.20549023151397705,
      14.972710609436035,
      22.22105598449707,
      27.92205047607422,
      41.5715217590332,
      21.36652946472168,
      30.185428619384766,
      18.817453384399414,
      24.641115188598633,
      16.93378448486328,
      24.54844093322754,
      9.725472450256348,
      9.917778968811035,
      7.777212142944336,
      7.206737518310547,
      3.849550485610962,
      3.666137218475342
    ],
    [
      4.612515449523926,
      3.1459193229675293,
      16.33304214477539,
      15.083802223205566,
      24.71567726135254,
      21.36652946472168,
      48.6839599609375,
      42.264671325683594,
      34.41499328613281,
      29.34585189819336,
      28.683040618896484,
      26.592418670654297,
      15.20394515991211,
      9.135427474975586,
      10.344107627868652,
      5.450301170349121,
      5.254755973815918,
      3.2290263175964355
    ],
    [
      3.5320727825164795,
      3.6735141277313232,
      13.19832706451416,
      18.98954200744629,
      21.614845275878906,
      30.185428619384766,
      42.264671325683594,
      56.69662094116211,
      28.623620986938477,
      38.06148910522461,
      22.222654342651367,
      32.42827224731445,
      10.058393478393555,
      9.627388000488281,
      7.050456523895264,
      6.365800380706787,
      3.0085225105285645,
      2.725980758666992
    ],
    [
      0.26060396432876587,
      -2.3645083904266357,
      18.961030960083008,
      17.709774017333984,
      22.310367584228516,
      18.817453384399414,
      34.41499328613281,
      28.623620986938477,
      51.70921325683594,
      42.21101760864258,
      38.00653076171875,
      33.343589782714844,
      22.19575309753418,
      13.053114891052246,
      15.66895580291748,
      8.028929710388184,
      7.521724224090576,
      4.409675121307373
    ],
    [
      0.712328314781189,
      1.4065943956375122,
      14.7493257522583,
      20.449214935302734,
      18.19038963317871,
      24.641115188598633,
      29.34585189819336,
      38.06148910522461,
      42.21101760864258,
      55.08879852294922,
      29.51205062866211,
      40.581695556640625,
      16.137609481811523,
      13.885359764099121,
      11.974892616271973,
      9.113362312316895,
      5.028723239898682,
      3.7680399417877197
    ],
    [
      2.5692970752716064,
      0.022125745192170143,
      22.898839950561523,
      18.981489181518555,
      22.345487594604492,
      16.93378448486328,
      28.683040618896484,
      22.222654342651367,
      38.00653076171875,
      29.51205062866211,
      44.493717193603516,
      32.872188568115234,
      27.745847702026367,
      14.934530258178711,
      19.008962631225586,
      8.148680686950684,
      7.698705196380615,
      2.62746262550354
    ],
    [
      5.181914806365967,
      4.884710788726807,
      17.557714462280273,
      22.188634872436523,
      20.815383911132812,
      24.54844093322754,
      26.592418670654297,
      32.42827224731445,
      33.343589782714844,
      40.581695556640625,
      32.872188568115234,
      44.47791290283203,
      20.24734115600586,
      18.554588317871094,
      15.448958396911621,
      12.237558364868164,
      7.0182271003723145,
      5.1152472496032715
    ],
    [
      -0.14979173243045807,
      -4.177718639373779,
      16.3065185546875,
      12.835618019104004,
      13.759031295776367,
      9.725472450256348,
      15.20394515991211,
      10.058393478393555,
      22.19575309753418,
      16.137609481811523,
      27.745847702026367,
      20.24734115600586,
      28.6274356842041,
      18.6344051361084,
      22.837894439697266,
      13.372186660766602,
      11.0776948928833,
      6.291918754577637
    ],
    [
      6.6481122970581055,
      0.542963445186615,
      11.120196342468262,
      9.718917846679688,
      9.500849723815918,
      9.917778968811035,
      9.135427474975586,
      9.627388000488281,
      13.053114891052246,
      13.885359764099121,
      14.934530258178711,
      18.554588317871094,
      18.6344051361084,
      21.14077377319336,
      18.162090301513672,
      18.553813934326172,
      12.662750244140625,
      12.408550262451172
    ],
    [
      2.4800076484680176,
      -1.5558122396469116,
      12.882353782653809,
      9.452669143676758,
      10.36861801147461,
      7.777212142944336,
      10.344107627868652,
      7.050456523895264,
      15.66895580291748,
      11.974892616271973,
      19.008962631225586,
      15.448958396911621,
      22.837894439697266,
      18.162090301513672,
      22.640052795410156,
      16.814224243164062,
      13.763736724853516,
      10.47955322265625
    ],
    [
      9.209771156311035,
      2.513655662536621,
      8.154797554016113,
      5.85834264755249,
      6.557646751403809,
      7.206737518310547,
      5.450301170349121,
      6.365800380706787,
      8.028929710388184,
      9.113362312316895,
      8.148680686950684,
      12.237558364868164,
      13.372186660766602,
      18.553813934326172,
      16.814224243164062,
      21.144556045532227,
      15.372400283813477,
      17.165639877319336
    ],
    [
      7.851564884185791,
      4.1069722175598145,
      7.295344829559326,
      3.350532293319702,
      5.672062397003174,
      3.849550485610962,
      5.254755973815918,
      3.0085225105285645,
      7.521724224090576,
      5.028723239898682,
      7.698705196380615,
      7.0182271003723145,
      11.0776948928833,
      12.662750244140625,
      13.763736724853516,
      15.372400283813477,
      16.702566146850586,
      17.6396484375
    ],
    [
      11.874845504760742,
      6.252603054046631,
      5.307265758514404,
      1.6795130968093872,
      4.153226375579834,
      3.666137218475342,
      3.2290263175964355,
      2.725980758666992,
      4.409675121307373,
      3.7680399417877197,
      2.62746262550354,
      5.1152472496032715,
      6.291918754577637,
      12.408550262451172,
      10.47955322265625,
      17.165639877319336,
      17.6396484375,
      22.253280639648438
    ]
  ],
  "covariance_short": [
    [
      101.96116638183594,
      44.04058074951172,
      26.707616806030273,
      5.43683385848999,
      10.084168434143066,
      3.941941499710083,
      9.73220157623291,
      4.863293170928955,
      3.7294270992279053,
      1.813845157623291,
      6.5218987464904785,
      5.715497016906738,
      6.2134222984313965,
      11.935304641723633,
      8.874496459960938,
      17.912025451660156,
      17.079607009887695,
      25.394201278686523
    ],
    [
      44.04058074951172,
      106.37421417236328,
      16.241817474365234,
      8.572163581848145,
      4.958792209625244,
      -1.1006691455841064,
      3.970183849334717,
      -1.372070550918579,
      0.07209749519824982,
      -1.6119015216827393,
      0.24627816677093506,
      1.437443494796753,
      -2.68818736076355,
      1.3615601062774658,
      2.2399394512176514,
      7.764529705047607,
      7.978332042694092,
      10.82175350189209
    ],
    [
      26.707616806030273,
      16.241817474365234,
      51.30525588989258,
      28.120458602905273,
      26.041955947875977,
      20.377656936645508,
      22.710546493530273,
      16.464462280273438,
      25.49152374267578,
      18.002532958984375,
      29.487762451171875,
      20.631057739257812,
      27.046520233154297,
      25.269084930419922,
      22.505720138549805,
      22.19651222229004,
      21.815176010131836,
      24.665273666381836
    ],
    [
      5.43683385848999,
      8.572163581848145,
      28.120458602905273,
      45.02730178833008,
      22.978952407836914,
      27.13692283630371,
      20.52307891845703,
      21.87529945373535,
      22.547605514526367,
      22.148468017578125,
      24.257465362548828,
      23.737579345703125,
      21.13982582092285,
      19.812183380126953,
      16.64151382446289,
      13.932300567626953,
      11.047593116760254,
      9.896923065185547
    ],
    [
      10.084168434143066,
      4.958792209625244,
      26.041955947875977,
      22.978952407836914,
      47.535865783691406,
      36.44314193725586,
      33.264808654785156,
      25.12354278564453,
      29.92134666442871,
      20.840700149536133,
      29.744768142700195,
      23.199960708618164,
      22.794519424438477,
      21.82461166381836,
      17.35486602783203,
      15.464363098144531,
      15.352640151977539,
      14.693998336791992
    ],
    [
      3.941941499710083,
      -1.1006691455841064,
      20.377656936645508,
      27.13692283630371,
      36.44314193725586,
      50.937828063964844,
      28.248981475830078,
      33.07084655761719,
      25.724885940551758,
      26.79292106628418,
      24.854021072387695,
      26.847673416137695,
      18.336105346679688,
      20.492721557617188,
      13.8369779586792,
      14.200411796569824,
      10.206048011779785,
      10.920916557312012
    ],
    [
      9.73220157623291,
      3.970183849334717,
      22.710546493530273,
      20.52307891845703,
      33.264808654785156,
      28.248981475830078,
      70.21185302734375,
      52.329532623291016,
      50.71065902709961,
      36.81665802001953,
      43.59125518798828,
      32.81645584106445,
      31.801237106323242,
      27.32430076599121,
      21.18742561340332,
      16.589595794677734,
      18.18234634399414,
      14.730178833007812
    ],
    [
      4.863293170928955,
      -1.372070550918579,
      16.464462280273438,
      21.87529945373535,
      25.12354278564453,
      33.07084655761719,
      52.329532623291016,
      66.16668701171875,
      37.19878005981445,
      41.59878158569336,
      31.420888900756836,
      35.075382232666016,
      20.305908203125,
      23.015758514404297,
      13.318957328796387,
      15.171531677246094,
      9.189082145690918,
      9.996868133544922
    ],
    [
      3.7294270992279053,
      0.07209749519824982,
      25.49152374267578,
      22.547605514526367,
      29.92134666442871,
      25.724885940551758,
      50.71065902709961,
      37.19878005981445,
      76.67373657226562,
      53.324737548828125,
      57.70821762084961,
      42.86524963378906,
      44.16706466674805,
      35.2923698425293,
      31.040618896484375,
      21.665727615356445,
      24.151309967041016,
      18.617294311523438
    ],
    [
      1.813845157623291,
      -1.6119015216827393,
      18.002532958984375,
      22.148468017578125,
      20.840700149536133,
      26.79292106628418,
      36.81665802001953,
      41.59878158569336,
      53.324737548828125,
      61.39641571044922,
      40.84624099731445,
      45.21826171875,
      29.289831161499023,
      30.537918090820312,
      20.565532684326172,
      20.35393714904785,
      14.262572288513184,
      14.703970909118652
    ],
    [
      6.5218987464904785,
      0.24627816677093506,
      29.487762451171875,
      24.257465362548828,
      29.744768142700195,
      24.854021072387695,
      43.59125518798828,
      31.420888900756836,
      57.70821762084961,
      40.84624099731445,
      71.31940460205078,
      46.996665954589844,
      58.05513000488281,
      44.198326110839844,
      41.167930603027344,
      27.221261978149414,
      31.397083282470703,
      23.004545211791992
    ],
    [
      5.715497016906738,
      1.437443494796753,
      20.631057739257812,
      23.737579345703125,
      23.199960708618164,
      26.847673416137695,
      32.81645584106445,
      35.075382232666016,
      42.86524963378906,
      45.21826171875,
      46.996665954589844,
      54.48298263549805,
      38.42659378051758,
      41.78030014038086,
      27.858154296875,
      26.94281578063965,
      20.698381423950195,
      19.97312355041504
    ],
    [
      6.2134222984313965,
      -2.68818736076355,
      27.046520233154297,
      21.13982582092285,
      22.794519424438477,
      18.336105346679688,
      31.801237106323242,
      20.305908203125,
      44.16706466674805,
      29.289831161499023,
      58.05513000488281,
      38.42659378051758,
      83.6670150756836,
      64.03861999511719,
      65.97530364990234,
      52.124916076660156,
      58.671146392822266,
      51.26145553588867
    ],
    [
      11.935304641723633,
      1.3615601062774658,
      25.269084930419922,
      19.812183380126953,
      21.82461166381836,
      20.492721557617188,
      27.32430076599121,
      23.015758514404297,
      35.2923698425293,
      30.537918090820312,
      44.198326110839844,
      41.78030014038086,
      64.03861999511719,
      75.55409240722656,
      57.59852981567383,
      63.29621505737305,
      59.23727035522461,
      65.18277740478516
    ],
    [
      8.874496459960938,
      2.2399394512176514,
      22.505720138549805,
      16.64151382446289,
      17.35486602783203,
      13.8369779586792,
      21.18742561340332,
      13.318957328796387,
      31.040618896484375,
      20.565532684326172,
      41.167930603027344,
      27.858154296875,
      65.97530364990234,
      57.59852981567383,
      74.50308227539062,
      63.96855163574219,
      69.53813934326172,
      66.73959350585938
    ],
    [
      17.912025451660156,
      7.764529705047607,
      22.19651222229004,
      13.932300567626953,
      15.464363098144531,
      14.200411796569824,
      16.589595794677734,
      15.171531677246094,
      21.665727615356445,
      20.35393714904785,
      27.221261978149414,
      26.94281578063965,
      52.124916076660156,
      63.29621505737305,
      63.96855163574219,
      82.67558288574219,
      71.82936096191406,
      86.45611572265625
    ],
    [
      17.079607009887695,
      7.978332042694092,
      21.815176010131836,
      11.047593116760254,
      15.352640151977539,
      10.206048011779785,
      18.18234634399414,
      9.189082145690918,
      24.151309967041016,
      14.262572288513184,
      31.397083282470703,
      20.698381423950195,
      58.671146392822266,
      59.23727035522461,
      69.53813934326172,
      71.82936096191406,
      95.04190826416016,
      94.9708480834961
    ],
    [
      25.394201278686523,
      10.82175350189209,
      24.665273666381836,
      9.896923065185547,
      14.693998336791992,
      10.920916557312012,
      14.730178833007812,
      9.996868133544922,
      18.617294311523438,
      14.703970909118652,
      23.004545211791992,
      19.97312355041504,
      51.26145553588867,
      65.18277740478516,
      66.73959350585938,
      86.45611572265625,
      94.9708480834961,
      127.68330383300781
    ]
  ],
  "damage": -7.1401214599609375,
  "diff_bandwidth": 493.43951416015625,
  "dissonance": 9.793034888855235,
  "drr": 7.817808628082275,
  "dynamics": 3.7033965587615967,
  "format": 1245190,
  "frames": 13092864,
  "loudness": -13.471715927124023,
  "loudness_range": 8.714717864990234,
  "loudness_range_short": 15.357156753540039,
  "lowpass_true_peak_15khz": 1.3576924800872803,
  "mastering3_acoustic_entropies": [
    {
      "acoustic_entropy": 9.8069486618042,
      "acoustic_entropy_mono": 9.494426727294922,
      "band_eliminated_acoustic_entropies": [
        {
          "acoustic_entropy": 9.840290069580078,
          "acoustic_entropy_side": 9.809698104858398,
          "hz": 129.47220167065723
        },
        {
          "acoustic_entropy": 8.447837829589844,
          "acoustic_entropy_side": 9.784514427185059,
          "hz": 202.92927478742237
        },
        {
          "acoustic_entropy": 10.147531509399414,
          "acoustic_entropy_side": 9.643797874450684,
          "hz": 282.89161906338205
        },
        {
          "acoustic_entropy": 9.601164817810059,
          "acoustic_entropy_side": 9.758613586425781,
          "hz": 369.9353335868758
        },
        {
          "acoustic_entropy": 9.106523513793945,
          "acoustic_entropy_side": 9.599071502685547,
          "hz": 464.6875360973435
        },
        {
          "acoustic_entropy": 9.484633445739746,
          "acoustic_entropy_side": 9.788288116455078,
          "hz": 567.8308811364784
        },
        {
          "acoustic_entropy": 9.90926456451416,
          "acoustic_entropy_side": 9.975303649902344,
          "hz": 680.1084783214808
        },
        {
          "acoustic_entropy": 9.31507682800293,
          "acoustic_entropy_side": 9.527297019958496,
          "hz": 802.3292461747484
        },
        {
          "acoustic_entropy": 9.458419799804688,
          "acoustic_entropy_side": 9.6040620803833,
          "hz": 935.3737400823702
        },
        {
          "acoustic_entropy": 9.598193168640137,
          "acoustic_entropy_side": 9.74089527130127,
          "hz": 1080.2004963696966
        },
        {
          "acoustic_entropy": 8.982156753540039,
          "acoustic_entropy_side": 9.394830703735352,
          "hz": 1237.8529382007157
        },
        {
          "acoustic_entropy": 9.004491806030273,
          "acoustic_entropy_side": 9.529679298400879,
          "hz": 1409.4668930556702
        },
        {
          "acoustic_entropy": 9.355774879455566,
          "acoustic_entropy_side": 9.76049518585205,
          "hz": 1596.2787759475705
        },
        {
          "acoustic_entropy": 9.907258987426758,
          "acoustic_entropy_side": 9.628166198730469,
          "hz": 1799.6344973346393
        },
        {
          "acoustic_entropy": 9.841499328613281,
          "acoustic_entropy_side": 9.732087135314941,
          "hz": 2020.9991599069049
        },
        {
          "acoustic_entropy": 9.059527397155762,
          "acoustic_entropy_side": 9.5536527633667,
          "hz": 2261.9676141086993
        },
        {
          "acoustic_entropy": 8.555193901062012,
          "acoustic_entropy_side": 9.637229919433594,
          "hz": 2524.2759484456974
        },
        {
          "acoustic_entropy": 9.622773170471191,
          "acoustic_entropy_side": 9.644872665405273,
          "hz": 2809.813997359896
        },
        {
          "acoustic_entropy": 9.815722465515137,
          "acoustic_entropy_side": 9.762508392333984,
          "hz": 3120.6389567871424
        },
        {
          "acoustic_entropy": 9.845292091369629,
          "acoustic_entropy_side": 9.777632713317871,
          "hz": 3458.990205492291
        },
        {
          "acoustic_entropy": 9.723496437072754,
          "acoustic_entropy_side": 9.761653900146484,
          "hz": 3827.305438964164
        },
        {
          "acoustic_entropy": 9.553181648254395,
          "acoustic_entropy_side": 9.759363174438477,
          "hz": 4228.238232109126
        },
        {
          "acoustic_entropy": 9.523104667663574,
          "acoustic_entropy_side": 9.73708724975586,
          "hz": 4664.6771572759235
        },
        {
          "acoustic_entropy": 9.571999549865723,
          "acoustic_entropy_side": 9.746021270751953,
          "hz": 5139.766595350093
        },
        {
          "acoustic_entropy": 9.637283325195312,
          "acoustic_entropy_side": 9.71540641784668,
          "hz": 5656.929389854203
        },
        {
          "acoustic_entropy": 9.651052474975586,
          "acoustic_entropy_side": 9.702902793884277,
          "hz": 6219.891507268283
        },
        {
          "acoustic_entropy": 9.659017562866211,
          "acoustic_entropy_side": 9.695141792297363,
          "hz": 6832.70888123896
        },
        {
          "acoustic_entropy": 9.540873527526855,
          "acoustic_entropy_side": 9.685935020446777,
          "hz": 7499.796634079867
        },
        {
          "acoustic_entropy": 9.434895515441895,
          "acoustic_entropy_side": 9.680047035217285,
          "hz": 8225.96088609342
        },
        {
          "acoustic_entropy": 9.55031967163086,
          "acoustic_entropy_side": 9.650456428527832,
          "hz": 9016.43338188839
        },
        {
          "acoustic_entropy": 9.46677017211914,
          "acoustic_entropy_side": 9.62472152709961,
          "hz": 9876.909183162974
        },
        {
          "acoustic_entropy": 9.754531860351562,
          "acoustic_entropy_side": 9.837072372436523,
          "hz": 10813.587699516042
        },
        {
          "acoustic_entropy": 9.73121452331543,
          "acoustic_entropy_side": 9.81302261352539,
          "hz": 11833.21735289826
        },
        {
          "acoustic_entropy": 9.859338760375977,
          "acoustic_entropy_side": 9.854296684265137,
          "hz": 12943.144197493959
        },
        {
          "acoustic_entropy": 9.897917747497559,
          "acoustic_entropy_side": 9.870899200439453,
          "hz": 14151.364845322005
        },
        {
          "acoustic_entropy": 9.850362777709961,
          "acoustic_entropy_side": 9.847293853759766,
          "hz": 15466.58407886509
        },
        {
          "acoustic_entropy": 9.726840019226074,
          "acoustic_entropy_side": 9.809052467346191,
          "hz": 16898.27756580493
        },
        {
          "acoustic_entropy": 9.733771324157715,
          "acoustic_entropy_side": 9.816751480102539,
          "hz": 18456.760127700032
        },
        {
          "acoustic_entropy": 9.778242111206055,
          "acoustic_entropy_side": 9.822632789611816,
          "hz": 20153.260054456492
        },
        {
          "acoustic_entropy": 9.806653022766113,
          "acoustic_entropy_side": 9.807084083557129,
          "hz": 22000.00000000001
        }
      ],
      "diff_acoustic_entropy": 10.257387161254883,
      "sn": 6
    },
    {
      "acoustic_entropy": 14.832252502441406,
      "acoustic_entropy_mono": 12.820002555847168,
      "band_eliminated_acoustic_entropies": [
        {
          "acoustic_entropy": 14.449719429016113,
          "acoustic_entropy_side": 14.819210052490234,
          "hz": 129.47220167065723
        },
        {
          "acoustic_entropy": 14.330321311950684,
          "acoustic_entropy_side": 14.724369049072266,
          "hz": 202.92927478742237
        },
        {
          "acoustic_entropy": 15.106392860412598,
          "acoustic_entropy_side": 14.570261001586914,
          "hz": 282.89161906338205
        },
        {
          "acoustic_entropy": 14.366266250610352,
          "acoustic_entropy_side": 14.64779281616211,
          "hz": 369.9353335868758
        },
        {
          "acoustic_entropy": 14.570512771606445,
          "acoustic_entropy_side": 14.900182723999023,
          "hz": 464.6875360973435
        },
        {
          "acoustic_entropy": 14.509278297424316,
          "acoustic_entropy_side": 14.348736763000488,
          "hz": 567.8308811364784
        },
        {
          "acoustic_entropy": 15.061958312988281,
          "acoustic_entropy_side": 15.28611946105957,
          "hz": 680.1084783214808
        },
        {
          "acoustic_entropy": 14.185331344604492,
          "acoustic_entropy_side": 14.965099334716797,
          "hz": 802.3292461747484
        },
        {
          "acoustic_entropy": 14.604382514953613,
          "acoustic_entropy_side": 14.919529914855957,
          "hz": 935.3737400823702
        },
        {
          "acoustic_entropy": 14.592047691345215,
          "acoustic_entropy_side": 14.841821670532227,
          "hz": 1080.2004963696966
        },
        {
          "acoustic_entropy": 14.93098258972168,
          "acoustic_entropy_side": 14.426779747009277,
          "hz": 1237.8529382007157
        },
        {
          "acoustic_entropy": 13.855012893676758,
          "acoustic_entropy_side": 13.689677238464355,
          "hz": 1409.4668930556702
        },
        {
          "acoustic_entropy": 14.642370223999023,
          "acoustic_entropy_side": 14.947014808654785,
          "hz": 1596.2787759475705
        },
        {
          "acoustic_entropy": 14.584404945373535,
          "acoustic_entropy_side": 13.875463485717773,
          "hz": 1799.6344973346393
        },
        {
          "acoustic_entropy": 14.572117805480957,
          "acoustic_entropy_side": 14.904827117919922,
          "hz": 2020.9991599069049
        },
        {
          "acoustic_entropy": 14.290414810180664,
          "acoustic_entropy_side": 14.609720230102539,
          "hz": 2261.9676141086993
        },
        {
          "acoustic_entropy": 14.33085823059082,
          "acoustic_entropy_side": 14.369954109191895,
          "hz": 2524.2759484456974
        },
        {
          "acoustic_entropy": 14.715743064880371,
          "acoustic_entropy_side": 14.885197639465332,
          "hz": 2809.813997359896
        },
        {
          "acoustic_entropy": 14.92324161529541,
          "acoustic_entropy_side": 14.847726821899414,
          "hz": 3120.6389567871424
        },
        {
          "acoustic_entropy": 14.797192573547363,
          "acoustic_entropy_side": 14.780299186706543,
          "hz": 3458.990205492291
        },
        {
          "acoustic_entropy": 14.659729957580566,
          "acoustic_entropy_side": 14.650431632995605,
          "hz": 3827.305438964164
        },
        {
          "acoustic_entropy": 14.391221046447754,
          "acoustic_entropy_side": 14.530145645141602,
          "hz": 4228.238232109126
        },
        {
          "acoustic_entropy": 14.196844100952148,
          "acoustic_entropy_side": 14.458405494689941,
          "hz": 4664.6771572759235
        },
        {
          "acoustic_entropy": 14.351361274719238,
          "acoustic_entropy_side": 14.536554336547852,
          "hz": 5139.766595350093
        },
        {
          "acoustic_entropy": 14.28199291229248,
          "acoustic_entropy_side": 14.479455947875977,
          "hz": 5656.929389854203
        },
        {
          "acoustic_entropy": 14.653657913208008,
          "acoustic_entropy_side": 14.73590087890625,
          "hz": 6219.891507268283
        },
        {
          "acoustic_entropy": 14.652524948120117,
          "acoustic_entropy_side": 14.828437805175781,
          "hz": 6832.70888123896
        },
        {
          "acoustic_entropy": 14.743460655212402,
          "acoustic_entropy_side": 14.879592895507812,
          "hz": 7499.796634079867
        },
        {
          "acoustic_entropy": 14.617146492004395,
          "acoustic_entropy_side": 14.743244171142578,
          "hz": 8225.96088609342
        },
        {
          "acoustic_entropy": 14.84638500213623,
          "acoustic_entropy_side": 14.826433181762695,
          "hz": 9016.43338188839
        },
        {
          "acoustic_entropy": 14.762125968933105,
          "acoustic_entropy_side": 14.840548515319824,
          "hz": 9876.909183162974
        },
        {
          "acoustic_entropy": 14.73754596710205,
          "acoustic_entropy_side": 14.6841402053833,
          "hz": 10813.587699516042
        },
        {
          "acoustic_entropy": 14.814691543579102,
          "acoustic_entropy_side": 14.834721565246582,
          "hz": 11833.21735289826
        },
        {
          "acoustic_entropy": 14.944257736206055,
          "acoustic_entropy_side": 14.878959655761719,
          "hz": 12943.144197493959
        },
        {
          "acoustic_entropy": 14.831907272338867,
          "acoustic_entropy_side": 14.795848846435547,
          "hz": 14151.364845322005
        },
        {
          "acoustic_entropy": 14.870892524719238,
          "acoustic_entropy_side": 14.83559799194336,
          "hz": 15466.58407886509
        },
        {
          "acoustic_entropy": 14.843109130859375,
          "acoustic_entropy_side": 14.766281127929688,
          "hz": 16898.27756580493
        },
        {
          "acoustic_entropy": 14.67000675201416,
          "acoustic_entropy_side": 14.821635246276855,
          "hz": 18456.760127700032
        },
        {
          "acoustic_entropy": 14.860776901245117,
          "acoustic_entropy_side": 14.849308013916016,
          "hz": 20153.260054456492
        },
        {
          "acoustic_entropy": 14.833758354187012,
          "acoustic_entropy_side": 14.832930564880371,
          "hz": 22000.00000000001
        }
      ],
      "diff_acoustic_entropy": 14.298209190368652,
      "sn": 12
    },
    {
      "acoustic_entropy": 20.9807071685791,
      "acoustic_entropy_mono": 17.058189392089844,
      "band_eliminated_acoustic_entropies": [
        {
          "acoustic_entropy": 21.833881378173828,
          "acoustic_entropy_side": 21.71698570251465,
          "hz": 129.47220167065723
        },
        {
          "acoustic_entropy": 22.214801788330078,
          "acoustic_entropy_side": 22.19032096862793,
          "hz": 202.92927478742237
        },
        {
          "acoustic_entropy": 22.656827926635742,
          "acoustic_entropy_side": 21.94160270690918,
          "hz": 282.89161906338205
        },
        {
          "acoustic_entropy": 21.613550186157227,
          "acoustic_entropy_side": 21.761032104492188,
          "hz": 369.9353335868758
        },
        {
          "acoustic_entropy": 21.481847763061523,
          "acoustic_entropy_side": 21.782772064208984,
          "hz": 464.6875360973435
        },
        {
          "acoustic_entropy": 21.082876205444336,
          "acoustic_entropy_side": 21.302566528320312,
          "hz": 567.8308811364784
        },
        {
          "acoustic_entropy": 21.741750717163086,
          "acoustic_entropy_side": 22.231616973876953,
          "hz": 680.1084783214808
        },
        {
          "acoustic_entropy": 21.678438186645508,
          "acoustic_entropy_side": 21.318429946899414,
          "hz": 802.3292461747484
        },
        {
          "acoustic_entropy": 21.725698471069336,
          "acoustic_entropy_side": 21.684165954589844,
          "hz": 935.3737400823702
        },
        {
          "acoustic_entropy": 20.628128051757812,
          "acoustic_entropy_side": 21.06385040283203,
          "hz": 1080.2004963696966
        },
        {
          "acoustic_entropy": 21.164379119873047,
          "acoustic_entropy_side": 21.253480911254883,
          "hz": 1237.8529382007157
        },
        {
          "acoustic_entropy": 21.239484786987305,
          "acoustic_entropy_side": 21.52638053894043,
          "hz": 1409.4668930556702
        },
        {
          "acoustic_entropy": 21.371171951293945,
          "acoustic_entropy_side": 21.41575050354004,
          "hz": 1596.2787759475705
        },
        {
          "acoustic_entropy": 20.81865882873535,
          "acoustic_entropy_side": 21.561222076416016,
          "hz": 1799.6344973346393
        },
        {
          "acoustic_entropy": 20.881423950195312,
          "acoustic_entropy_side": 20.796730041503906,
          "hz": 2020.9991599069049
        },
        {
          "acoustic_entropy": 20.810089111328125,
          "acoustic_entropy_side": 20.846736907958984,
          "hz": 2261.9676141086993
        },
        {
          "acoustic_entropy": 21.391149520874023,
          "acoustic_entropy_side": 21.100231170654297,
          "hz": 2524.2759484456974
        },
        {
          "acoustic_entropy": 21.17578887939453,
          "acoustic_entropy_side": 21.055570602416992,
          "hz": 2809.813997359896
        },
        {
          "acoustic_entropy": 20.85723876953125,
