{
  "acoustic_entropy": 104.45298767089844,
  "bands": [
    {
      "high_freq": 148.1999969482422,
      "loudness": -57.64775466918945,
      "loudness_range": 27.73943328857422,
      "mid_mean": -55.280799865722656,
      "mid_to_side_loudness": -9.381529808044434,
      "mid_to_side_loudness_range": 10.528667449951172,
      "side_mean": -62.30521774291992
    },
    {
      "high_freq": 392.3793640136719,
      "loudness": -40.22129440307617,
      "loudness_range": 26.31807518005371,
      "low_freq": 148.1999969482422,
      "mid_mean": -38.364585876464844,
      "mid_to_side_loudness": -4.974117755889893,
      "mid_to_side_loudness_range": 9.989847183227539,
      "side_mean": -45.197025299072266
    },
    {
      "high_freq": 794.6976318359375,
      "loudness": -34.735477447509766,
      "loudness_range": 14.090950012207031,
      "low_freq": 392.3793640136719,
      "mid_mean": -33.67858123779297,
      "mid_to_side_loudness": -1.8453556299209595,
      "mid_to_side_loudness_range": 8.825521469116211,
      "side_mean": -35.42923355102539
    },
    {
      "high_freq": 1457.5709228515625,
      "loudness": -42.883026123046875,
      "loudness_range": 23.946901321411133,
      "low_freq": 794.6976318359375,
      "mid_mean": -42.28662109375,
      "mid_to_side_loudness": -1.506298542022705,
      "mid_to_side_loudness_range": 12.248603820800781,
      "side_mean": -44.37518310546875
    },
    {
      "high_freq": 2549.74365234375,
      "loudness": -49.93149948120117,
      "loudness_range": 16.317665100097656,
      "low_freq": 1457.5709228515625,
      "mid_mean": -52.251304626464844,
      "mid_to_side_loudness": -1.7364475727081299,
      "mid_to_side_loudness_range": 10.403724670410156,
      "side_mean": -53.65700149536133
    },
    {
      "high_freq": 4349.24462890625,
      "loudness": -60.05363845825195,
      "loudness_range": 19.287734985351562,
      "low_freq": 2549.74365234375,
      "mid_mean": -60.572357177734375,
      "mid_to_side_loudness": -0.48851659893989563,
      "mid_to_side_loudness_range": 7.536257743835449,
      "side_mean": -60.95210647583008
    },
    {
      "high_freq": 7314.1640625,
      "loudness": -75.50274658203125,
      "loudness_range": 19.45105743408203,
      "low_freq": 4349.24462890625,
      "mid_mean": -68.78227233886719,
      "mid_to_side_loudness": 0.5955167412757874,
      "mid_to_side_loudness_range": 6.352112770080566,
      "side_mean": -68.84412384033203
    },
    {
      "high_freq": 12199.2666015625,
      "loudness": 0,
      "loudness_range": 0,
      "low_freq": 7314.1640625,
      "mid_mean": -69.95635223388672,
      "mid_to_side_loudness": 3.509535074234009,
      "mid_to_side_loudness_range": 9.665620803833008,
      "side_mean": -69.9541244506836
    },
    {
      "loudness": 0,
      "loudness_range": 0,
      "low_freq": 12199.2666015625,
      "mid_mean": -69.99879455566406,
      "mid_to_side_loudness": 11.648127555847168,
      "mid_to_side_loudness_range": 14.893218040466309,
      "side_mean": -69.99234771728516
    }
  ],
  "bands_short": [
    {
      "high_freq": 148.1999969482422,
      "loudness": -62.73196029663086,
      "loudness_range": 20.199840545654297,
      "mid_mean": -59.44454574584961,
      "mid_to_side_loudness": -10.080811500549316,
      "mid_to_side_loudness_range": 13.832618713378906,
      "side_mean": -65.87818145751953
    },
    {
      "high_freq": 392.3793640136719,
      "loudness": -39.6970329284668,
      "loudness_range": 26.059467315673828,
      "low_freq": 148.1999969482422,
      "mid_mean": -38.944576263427734,
      "mid_to_side_loudness": -4.8365797996521,
      "mid_to_side_loudness_range": 12.648054122924805,
      "side_mean": -45.94539260864258
    },
    {
      "high_freq": 794.6976318359375,
      "loudness": -36.808738708496094,
      "loudness_range": 18.253358840942383,
      "low_freq": 392.3793640136719,
      "mid_mean": -35.76082992553711,
      "mid_to_side_loudness": -2.117668390274048,
      "mid_to_side_loudness_range": 11.176227569580078,
      "side_mean": -37.84724807739258
    },
    {
      "high_freq": 1457.5709228515625,
      "loudness": -42.38075637817383,
      "loudness_range": 29.033451080322266,
      "low_freq": 794.6976318359375,
      "mid_mean": -41.56417465209961,
      "mid_to_side_loudness": -1.089157223701477,
      "mid_to_side_loudness_range": 11.206372261047363,
      "side_mean": -42.98174285888672
    },
    {
      "high_freq": 2549.74365234375,
      "loudness": -50.66957473754883,
      "loudness_range": 18.997940063476562,
      "low_freq": 1457.5709228515625,
      "mid_mean": -53.19145202636719,
      "mid_to_side_loudness": -1.3515574932098389,
      "mid_to_side_loudness_range": 13.448981285095215,
      "side_mean": -54.37422180175781
    },
    {
      "high_freq": 4349.24462890625,
      "loudness": -61.649593353271484,
      "loudness_range": 23.83713150024414,
      "low_freq": 2549.74365234375,
      "mid_mean": -61.87976837158203,
      "mid_to_side_loudness": -0.41437622904777527,
      "mid_to_side_loudness_range": 9.640259742736816,
      "side_mean": -62.062599182128906
    },
    {
      "high_freq": 7314.1640625,
      "loudness": -75.69478607177734,
      "loudness_range": 21.22842025756836,
      "low_freq": 4349.24462890625,
      "mid_mean": -68.66110229492188,
      "mid_to_side_loudness": -0.06942681223154068,
      "mid_to_side_loudness_range": 9.954536437988281,
      "side_mean": -68.91390991210938
    },
    {
      "high_freq": 12199.2666015625,
      "loudness": -84.60186767578125,
      "loudness_range": 13.840354919433594,
      "low_freq": 7314.1640625,
      "mid_mean": -69.9592056274414,
      "mid_to_side_loudness": 3.560955286026001,
      "mid_to_side_loudness_range": 5.7519426345825195,
      "side_mean": -69.95637512207031
    },
    {
      "loudness": 0,
      "loudness_range": 0,
      "low_freq": 12199.2666015625,
      "mid_mean": -69.99873352050781,
      "mid_to_side_loudness": 14.660161018371582,
      "mid_to_side_loudness_range": 33.56652069091797,
      "side_mean": -69.99220275878906
    }
  ],
  "bandwidth": 626.6171264648438,
  "channels": 2,
  "covariance": [
    [
      74.25961303710938,
      56.9002571105957,
      40.9990234375,
      52.14472961425781,
      17.95303726196289,
      15.125672340393066,
      50.069847106933594,
      49.82851791381836,
      58.49740982055664,
      63.43831253051758,
      40.894554138183594,
      42.20346450805664,
      9.993510246276855,
      8.413787841796875,
      0.4984825551509857,
      0.4232166111469269,
      0.0032880681101232767,
      0.00978913065046072
    ],
    [
      56.9002571105957,
      52.116554260253906,
      35.73036193847656,
      44.1596794128418,
      10.042318344116211,
      6.401339530944824,
      35.29059982299805,
      37.542137145996094,
      33.23026657104492,
      39.548736572265625,
      23.078386306762695,
      25.239763259887695,
      6.625329971313477,
      5.2499775886535645,
      0.38679614663124084,
      0.32159140706062317,
      0.0016573243774473667,
      0.0053251273930072784
    ],
    [
      40.9990234375,
      35.73036193847656,
      99.7446060180664,
      89.7535629272461,
      21.01701545715332,
      19.147993087768555,
      47.76472091674805,
      38.5374870300293,
      33.03227233886719,
      50.58753967285156,
      19.823484420776367,
      22.57201385498047,
      7.000943183898926,
      5.506537437438965,
      0.35471034049987793,
      0.3107525110244751,
      0.0004735509864985943,
      -0.0007438635220751166
    ],
    [
      52.14472961425781,
      44.1596794128418,
      89.7535629272461,
      115.53218841552734,
      27.032716751098633,
      22.51819610595703,
      52.28584671020508,
      45.372440338134766,
      42.32435607910156,
      58.88795852661133,
      30.85332489013672,
      33.27814865112305,
      7.767770290374756,
      6.342716693878174,
      0.35651782155036926,
      0.3090366721153259,
      0.00016406488430220634,
      -0.0020207443740218878
    ],
    [
      17.95303726196289,
      10.042318344116211,
      21.01701545715332,
      27.032716751098633,
      31.461463928222656,
      28.72920036315918,
      25.138669967651367,
      30.381004333496094,
      33.84206008911133,
      33.428035736083984,
      23.310585021972656,
      21.31736946105957,
      3.149399518966675,
      3.387810468673706,
      0.0752042829990387,
      0.0707157626748085,
      0.0003291167668066919,
      -0.001619181246496737
    ],
    [
      15.125672340393066,
      6.401339530944824,
      19.147993087768555,
      22.51819610595703,
      28.72920036315918,
      35.938987731933594,
      29.5690975189209,
      29.98642349243164,
      39.37191390991211,
      37.959388732910156,
      22.490280151367188,
      19.24189567565918,
      2.975841522216797,
      3.7428247928619385,
      0.1147308275103569,
      0.09632840007543564,
      0.00022542744409292936,
      -0.0021975459530949593
    ],
    [
      50.069847106933594,
      35.29059982299805,
      47.76472091674805,
      52.28584671020508,
      25.138669967651367,
      29.5690975189209,
      75.17070770263672,
      60.07180404663086,
      53.720458984375,
      62.175960540771484,
      39.27477264404297,
      37.99256896972656,
      10.738059043884277,
      9.707354545593262,
      0.5550068020820618,
      0.4669336676597595,
      0.002006674185395241,
      0.0009865900501608849
    ],
    [
      49.82851791381836,
      37.542137145996094,
      38.5374870300293,
      45.372440338134766,
      30.381004333496094,
      29.98642349243164,
      60.07180404663086,
      67.04811096191406,
      52.67560577392578,
      60.38588333129883,
      38.12651824951172,
      36.98540496826172,
      8.46427059173584,
      7.866974353790283,
      0.4135211706161499,
      0.3445607125759125,
      0.0015111597022041678,
      0.0006465704645961523
    ],
    [
      58.49740982055664,
      33.23026657104492,
      33.03227233886719,
      42.32435607910156,
      33.84206008911133,
      39.37191390991211,
      53.720458984375,
      52.67560577392578,
      92.54505157470703,
      86.89107513427734,
      54.979949951171875,
      51.62550354003906,
      9.096489906311035,
      9.008085250854492,
      0.314152330160141,
      0.2843565046787262,
      0.0020665673073381186,
      0.008514846675097942
    ],
    [
      63.43831253051758,
      39.548736572265625,
      50.58753967285156,
      58.88795852661133,
      33.428035736083984,
      37.959388732910156,
      62.175960540771484,
      60.38588333129883,
      86.89107513427734,
      93.53205871582031,
      51.21226119995117,
      49.04597473144531,
      8.996752738952637,
      8.740205764770508,
      0.39666101336479187,
      0.3419772982597351,
      0.0019258538959547877,
      0.007671653758734465
    ],
    [
      40.894554138183594,
      23.078386306762695,
      19.823484420776367,
      30.85332489013672,
      23.310585021972656,
      22.490280151367188,
      39.27477264404297,
      38.12651824951172,
      54.979949951171875,
      51.21226119995117,
      47.967159271240234,
      44.96714782714844,
      10.100953102111816,
      9.311774253845215,
      0.35401827096939087,
      0.32628586888313293,
      0.0023194290697574615,
      0.00612318329513073
    ],
    [
      42.20346450805664,
      25.239763259887695,
      22.57201385498047,
      33.27814865112305,
      21.31736946105957,
      19.24189567565918,
      37.99256896972656,
      36.98540496826172,
      51.62550354003906,
      49.04597473144531,
      44.96714782714844,
      45.74452590942383,
      9.695570945739746,
      8.417346000671387,
      0.3081742525100708,
      0.29029279947280884,
      0.002025037305429578,
      0.005206672940403223
    ],
    [
      9.993510246276855,
      6.625329971313477,
      7.000943183898926,
      7.767770290374756,
      3.149399518966675,
      2.975841522216797,
      10.738059043884277,
      8.46427059173584,
      9.096489906311035,
      8.996752738952637,
      10.100953102111816,
      9.695570945739746,
      3.7764809131622314,
      3.256553888320923,
      0.1590404063463211,
      0.1440623253583908,
      0.0008013867773115635,
      0.0015935724368318915
    ],
    [
      8.413787841796875,
      5.2499775886535645,
      5.506537437438965,
      6.342716693878174,
      3.387810468673706,
      3.7428247928619385,
      9.707354545593262,
      7.866974353790283,
      9.008085250854492,
      8.740205764770508,
      9.311774253845215,
      8.417346000671387,
      3.256553888320923,
      3.054766893386841,
      0.14803726971149445,
      0.13350439071655273,
      0.0007945382385514677,
      0.0016038237372413278
    ],
    [
      0.4984825551509857,
      0.38679614663124084,
      0.35471034049987793,
      0.35651782155036926,
      0.0752042829990387,
      0.1147308275103569,
      0.5550068020820618,
      0.4135211706161499,
      0.314152330160141,
      0.39666101336479187,
      0.35401827096939087,
      0.3081742525100708,
      0.1590404063463211,
      0.14803726971149445,
      0.014405032619833946,
      0.01222627516835928,
      6.138278695289046e-05,
      0.00010751226363936439
    ],
    [
      0.4232166111469269,
      0.32159140706062317,
      0.3107525110244751,
      0.3090366721153259,
      0.0707157626748085,
      0.09632840007543564,
      0.4669336676597595,
      0.3445607125759125,
      0.2843565046787262,
      0.3419772982597351,
      0.32628586888313293,
      0.29029279947280884,
      0.1440623253583908,
      0.13350439071655273,
      0.01222627516835928,
      0.010618839412927628,
      5.076076558907516e-05,
      9.188966214423999e-05
    ],
    [
      0.0032880681101232767,
      0.0016573243774473667,
      0.0004735509864985943,
      0.00016406488430220634,
      0.0003291167668066919,
      0.00022542744409292936,
      0.002006674185395241,
      0.0015111597022041678,
      0.0020665673073381186,
      0.0019258538959547877,
      0.0023194290697574615,
      0.002025037305429578,
      0.0008013867773115635,
      0.0007945382385514677,
      6.138278695289046e-05,
      5.076076558907516e-05,
      1.3468546740114107e-06,
      2.3903844521555584e-06
    ],
    [
      0.00978913065046072,
      0.0053251273930072784,
      -0.0007438635220751166,
      -0.0020207443740218878,
      -0.001619181246496737,
      -0.0021975459530949593,
      0.0009865900501608849,
      0.0006465704645961523,
      0.008514846675097942,
      0.007671653758734465,
      0.00612318329513073,
      0.005206672940403223,
      0.0015935724368318915,
      0.0016038237372413278,
      0.00010751226363936439,
      9.188966214423999e-05,
      2.3903844521555584e-06,
      7.230361006804742e-06
    ]
  ],
  "covariance_short": [
    [
      39.35783767700195,
      20.180936813354492,
      26.904375076293945,
      36.70225524902344,
      19.939443588256836,
      15.523336410522461,
      28.58701515197754,
      32.090030670166016,
      42.792633056640625,
      43.91328048706055,
      30.419696807861328,
      29.890399932861328,
      7.260598182678223,
      5.872570514678955,
      0.29176071286201477,
      0.2574232816696167,
      0.003357186447829008,
      0.008616851642727852
    ],
    [
      20.180936813354492,
      18.737628936767578,
      16.26488494873047,
      24.965770721435547,
      11.232481956481934,
      7.119382381439209,
      11.539641380310059,
      16.677757263183594,
      17.078323364257812,
      19.054363250732422,
      11.737605094909668,
      11.457721710205078,
      2.224594831466675,
      1.822251319885254,
      0.12700945138931274,
      0.10913442820310593,
      0.0009304058621637523,
      0.0029953629709780216
    ],
    [
      26.904375076293945,
      16.26488494873047,
      116.63250732421875,
      98.54069519042969,
      26.875246047973633,
      19.242902755737305,
      49.20381164550781,
      44.89350128173828,
      32.00591278076172,
      52.97779083251953,
      24.850528717041016,
      27.320215225219727,
      5.4878973960876465,
      4.866343975067139,
      0.38577085733413696,
      0.34442853927612305,
      0.0008125199819914997,
      -0.0004598352243192494
    ],
    [
      36.70225524902344,
      24.965770721435547,
      98.54069519042969,
      132.30584716796875,
      40.28374099731445,
      30.632352828979492,
      56.55521774291992,
      54.80411148071289,
      45.69148635864258,
      60.84725570678711,
      34.708740234375,
      37.08740997314453,
      6.151085376739502,
      5.265440464019775,
      0.3617098331451416,
      0.3145609200000763,
      0.0008261394104920328,
      -0.001508541638031602
    ],
    [
      19.939443588256836,
      11.232481956481934,
      26.875246047973633,
      40.28374099731445,
      49.13982009887695,
      35.26210403442383,
      13.246100425720215,
      18.50897979736328,
      29.77520751953125,
      26.092687606811523,
      29.0599308013916,
      28.58711051940918,
      6.435425758361816,
      4.638080596923828,
      0.1088002547621727,
      0.11229503154754639,
      0.0009361742995679379,
      -0.0012226758990436792
    ],
    [
      15.523336410522461,
      7.119382381439209,
      19.242902755737305,
      30.632352828979492,
      35.26210403442383,
      39.75297927856445,
      13.907279968261719,
      13.868818283081055,
      27.495162963867188,
      23.09208106994629,
      24.674732208251953,
      24.162174224853516,
      7.058830738067627,
      4.662712097167969,
      0.11796146631240845,
      0.11723805963993073,
      0.0009140234906226397,
      -0.0009356883238069713
    ],
    [
      28.58701515197754,
      11.539641380310059,
      49.20381164550781,
      56.55521774291992,
      13.246100425720215,
      13.907279968261719,
      81.50330352783203,
      74.84681701660156,
      59.90843963623047,
      67.26754760742188,
      39.0006103515625,
      38.983699798583984,
      9.070920944213867,
      8.766676902770996,
      0.586004376411438,
      0.4986073076725006,
      0.0029280383605509996,
      0.0025391671806573868
    ],
    [
      32.090030670166016,
      16.677757263183594,
      44.89350128173828,
      54.80411148071289,
      18.50897979736328,
      13.868818283081055,
      74.84681701660156,
      86.92940521240234,
      62.63298416137695,
      70.80718231201172,
      37.76333999633789,
      37.01448059082031,
      6.86340856552124,
      7.498116493225098,
      0.44046685099601746,
      0.3691757023334503,
      0.0024155545979738235,
      0.002104350132867694
    ],
    [
      42.792633056640625,
      17.078323364257812,
      32.00591278076172,
      45.69148635864258,
      29.77520751953125,
      27.495162963867188,
      59.90843963623047,
      62.63298416137695,
      98.90933990478516,
      89.09166717529297,
      54.78525161743164,
      53.36647415161133,
      11.75910758972168,
      10.153914451599121,
      0.36857855319976807,
      0.33672523498535156,
      0.0033054801169782877,
      0.009587678126990795
    ],
    [
      43.91328048706055,
      19.054363250732422,
      52.97779083251953,
      60.84725570678711,
      26.092687606811523,
      23.09208106994629,
      67.26754760742188,
      70.80718231201172,
      89.09166717529297,
      96.50398254394531,
      51.7186393737793,
      51.08503341674805,
      9.948397636413574,
      9.159398078918457,
      0.4497140049934387,
      0.3958246111869812,
      0.0031503147911280394,
      0.008533187210559845
    ],
    [
      30.419696807861328,
      11.737605094909668,
      24.850528717041016,
      34.708740234375,
      29.0599308013916,
      24.674732208251953,
      39.0006103515625,
      37.76333999633789,
      54.78525161743164,
      51.7186393737793,
      47.92029571533203,
      44.987701416015625,
      12.726037979125977,
      10.305389404296875,
      0.4327283203601837,
      0.4019877016544342,
      0.003744008019566536,
      0.007344777230173349
    ],
    [
      29.890399932861328,
      11.457721710205078,
      27.320215225219727,
      37.08740997314453,
      28.58711051940918,
      24.162174224853516,
      38.983699798583984,
      37.01448059082031,
      53.36647415161133,
      51.08503341674805,
      44.987701416015625,
      48.29825210571289,
      12.596668243408203,
      9.812651634216309,
      0.39277443289756775,
      0.37152546644210815,
      0.003561547491699457,
      0.006922462489455938
    ],
    [
      7.260598182678223,
      2.224594831466675,
      5.4878973960876465,
      6.151085376739502,
      6.435425758361816,
      7.058830738067627,
      9.070920944213867,
      6.86340856552124,
      11.75910758972168,
      9.948397636413574,
      12.726037979125977,
      12.596668243408203,
      7.670464515686035,
      5.711389064788818,
      0.21835455298423767,
      0.20485958456993103,
      0.0023216919507831335,
      0.003374564228579402
    ],
    [
      5.872570514678955,
      1.822251319885254,
      4.866343975067139,
      5.265440464019775,
      4.638080596923828,
      4.662712097167969,
      8.766676902770996,
      7.498116493225098,
      10.153914451599121,
      9.159398078918457,
      10.305389404296875,
      9.812651634216309,
      5.711389064788818,
      4.9835524559021,
      0.21295423805713654,
      0.20221975445747375,
      0.0021562986075878143,
      0.0031392439268529415
    ],
    [
      0.29176071286201477,
      0.12700945138931274,
      0.38577085733413696,
      0.3617098331451416,
      0.1088002547621727,
      0.11796146631240845,
      0.586004376411438,
      0.44046685099601746,
      0.36857855319976807,
      0.4497140049934387,
      0.4327283203601837,
      0.39277443289756775,
      0.21835455298423767,
      0.21295423805713654,
      0.0347309373319149,
      0.030221763998270035,
      0.0001864429796114564,
      0.0002850643650162965
    ],
    [
      0.2574232816696167,
      0.10913442820310593,
      0.34442853927612305,
      0.3145609200000763,
      0.11229503154754639,
      0.11723805963993073,
      0.4986073076725006,
      0.3691757023334503,
      0.33672523498535156,
      0.3958246111869812,
      0.4019877016544342,
      0.37152546644210815,
      0.20485958456993103,
      0.20221975445747375,
      0.030221763998270035,
      0.027391817420721054,
      0.0001592402986716479,
      0.00024669943377375603
    ],
    [
      0.003357186447829008,
      0.0009304058621637523,
      0.0008125199819914997,
      0.0008261394104920328,
      0.0009361742995679379,
      0.0009140234906226397,
      0.0029280383605509996,
      0.0024155545979738235,
      0.0033054801169782877,
      0.0031503147911280394,
      0.003744008019566536,
      0.003561547491699457,
      0.0023216919507831335,
      0.0021562986075878143,
      0.0001864429796114564,
      0.0001592402986716479,
      5.147036972630303e-06,
      6.718512395309517e-06
    ],
    [
      0.008616851642727852,
      0.0029953629709780216,
      -0.0004598352243192494,
      -0.001508541638031602,
      -0.0012226758990436792,
      -0.0009356883238069713,
      0.0025391671806573868,
      0.002104350132867694,
      0.009587678126990795,
      0.008533187210559845,
      0.007344777230173349,
      0.006922462489455938,
      0.003374564228579402,
      0.0031392439268529415,
      0.0002850643650162965,
      0.00024669943377375603,
      6.718512395309517e-06,
      1.676448118814733e-05
    ]
  ],
  "damage": -19.107892990112305,
  "diff_bandwidth": 649.0623779296875,
  "dissonance": 2.6442204547977886,
  "drr": 5.688931941986084,
  "dynamics": 4.307312488555908,
  "format": 1245190,
  "frames": 640960,
  "loudness": -27.908748626708984,
  "loudness_range": 13.540687561035156,
  "loudness_range_short": 15.732461929321289,
  "lowpass_true_peak_15khz": -12.206756591796875,
  "mastering3_acoustic_entropies": [
    {
      "acoustic_entropy": 8.20405387878418,
      "acoustic_entropy_mono": 6.98760986328125,
      "band_eliminated_acoustic_entropies": [
        {
          "acoustic_entropy": 8.204041481018066,
          "acoustic_entropy_side": 8.204056739807129,
          "hz": 129.47220167065723
        },
        {
          "acoustic_entropy": 8.212882995605469,
          "acoustic_entropy_side": 8.209747314453125,
          "hz": 202.92927478742237
        },
        {
          "acoustic_entropy": 8.381659507751465,
          "acoustic_entropy_side": 8.260787010192871,
          "hz": 282.89161906338205
        },
        {
          "acoustic_entropy": 7.979841709136963,
          "acoustic_entropy_side": 8.177101135253906,
          "hz": 369.9353335868758
        },
        {
          "acoustic_entropy": 8.115348815917969,
          "acoustic_entropy_side": 8.618410110473633,
          "hz": 464.6875360973435
        },
        {
          "acoustic_entropy": 8.279891967773438,
          "acoustic_entropy_side": 7.982753753662109,
          "hz": 567.8308811364784
        },
        {
          "acoustic_entropy": 7.996478080749512,
          "acoustic_entropy_side": 8.227811813354492,
          "hz": 680.1084783214808
        },
        {
          "acoustic_entropy": 7.903786659240723,
          "acoustic_entropy_side": 8.141352653503418,
          "hz": 802.3292461747484
        },
        {
          "acoustic_entropy": 7.01231050491333,
          "acoustic_entropy_side": 7.753971099853516,
          "hz": 935.3737400823702
        },
        {
          "acoustic_entropy": 7.514175891876221,
          "acoustic_entropy_side": 7.96177864074707,
          "hz": 1080.2004963696966
        },
        {
          "acoustic_entropy": 8.156826972961426,
          "acoustic_entropy_side": 8.077946662902832,
          "hz": 1237.8529382007157
        },
        {
          "acoustic_entropy": 8.349541664123535,
          "acoustic_entropy_side": 8.299455642700195,
          "hz": 1409.4668930556702
        },
        {
          "acoustic_entropy": 8.156283378601074,
          "acoustic_entropy_side": 8.175426483154297,
          "hz": 1596.2787759475705
        },
        {
          "acoustic_entropy": 8.21021842956543,
          "acoustic_entropy_side": 8.231202125549316,
          "hz": 1799.6344973346393
        },
        {
          "acoustic_entropy": 8.155960083007812,
          "acoustic_entropy_side": 8.1618013381958,
          "hz": 2020.9991599069049
        },
        {
          "acoustic_entropy": 8.205923080444336,
          "acoustic_entropy_side": 8.197427749633789,
          "hz": 2261.9676141086993
        },
        {
          "acoustic_entropy": 8.20801067352295,
          "acoustic_entropy_side": 8.203695297241211,
          "hz": 2524.2759484456974
        },
        {
          "acoustic_entropy": 8.204631805419922,
          "acoustic_entropy_side": 8.204179763793945,
          "hz": 2809.813997359896
        },
        {
          "acoustic_entropy": 8.20804500579834,
          "acoustic_entropy_side": 8.204938888549805,
          "hz": 3120.6389567871424
        },
        {
          "acoustic_entropy": 8.204446792602539,
          "acoustic_entropy_side": 8.203872680664062,
          "hz": 3458.990205492291
        },
        {
          "acoustic_entropy": 8.205150604248047,
          "acoustic_entropy_side": 8.204310417175293,
          "hz": 3827.305438964164
        },
        {
          "acoustic_entropy": 8.204160690307617,
          "acoustic_entropy_side": 8.204023361206055,
          "hz": 4228.238232109126
        },
        {
          "acoustic_entropy": 8.204296112060547,
          "acoustic_entropy_side": 8.2041015625,
          "hz": 4664.6771572759235
        },
        {
          "acoustic_entropy": 8.204150199890137,
          "acoustic_entropy_side": 8.204075813293457,
          "hz": 5139.766595350093
        },
        {
          "acoustic_entropy": 8.204058647155762,
          "acoustic_entropy_side": 8.204056739807129,
          "hz": 5656.929389854203
        },
        {
          "acoustic_entropy": 8.20405387878418,
          "acoustic_entropy_side": 8.20405387878418,
          "hz": 6219.891507268283
        },
        {
          "acoustic_entropy": 8.20405387878418,
          "acoustic_entropy_side": 8.20405387878418,
          "hz": 6832.70888123896
        },
        {
          "acoustic_entropy": 8.20405387878418,
          "acoustic_entropy_side": 8.20405387878418,
          "hz": 7499.796634079867
        },
        {
          "acoustic_entropy": 8.20405387878418,
          "acoustic_entropy_side": 8.20405387878418,
          "hz": 8225.96088609342
        },
        {
          "acoustic_entropy": 8.20405387878418,
          "acoustic_entropy_side": 8.20405387878418,
          "hz": 9016.43338188839
        },
        {
          "acoustic_entropy": 8.20405387878418,
          "acoustic_entropy_side": 8.20405387878418,
          "hz": 9876.909183162974
        },
        {
          "acoustic_entropy": 8.20405387878418,
          "acoustic_entropy_side": 8.20405387878418,
          "hz": 10813.587699516042
        },
        {
          "acoustic_entropy": 8.20405387878418,
          "acoustic_entropy_side": 8.20405387878418,
          "hz": 11833.21735289826
        },
        {
          "acoustic_entropy": 8.20405387878418,
          "acoustic_entropy_side": 8.20405387878418,
          "hz": 12943.144197493959
        },
        {
          "acoustic_entropy": 8.20405387878418,
          "acoustic_entropy_side": 8.20405387878418,
          "hz": 14151.364845322005
        },
        {
          "acoustic_entropy": 8.20405387878418,
          "acoustic_entropy_side": 8.20405387878418,
          "hz": 15466.58407886509
        },
        {
          "acoustic_entropy": 8.20405387878418,
          "acoustic_entropy_side": 8.20405387878418,
          "hz": 16898.27756580493
        },
        {
          "acoustic_entropy": 8.20405387878418,
          "acoustic_entropy_side": 8.20405387878418,
          "hz": 18456.760127700032
        },
        {
          "acoustic_entropy": 8.20405387878418,
          "acoustic_entropy_side": 8.20405387878418,
          "hz": 20153.260054456492
        },
        {
          "acoustic_entropy": 8.20405387878418,
          "acoustic_entropy_side": 8.20405387878418,
          "hz": 22000.00000000001
        }
      ],
      "diff_acoustic_entropy": 6.059020519256592,
      "sn": 6
    },
    {
      "acoustic_entropy": 10.999227523803711,
      "acoustic_entropy_mono": 9.418868064880371,
      "band_eliminated_acoustic_entropies": [
        {
          "acoustic_entropy": 10.999103546142578,
          "acoustic_entropy_side": 10.999117851257324,
          "hz": 129.47220167065723
        },
        {
          "acoustic_entropy": 11.186159133911133,
          "acoustic_entropy_side": 10.990731239318848,
          "hz": 202.92927478742237
        },
        {
          "acoustic_entropy": 11.702871322631836,
          "acoustic_entropy_side": 11.005650520324707,
          "hz": 282.89161906338205
        },
        {
          "acoustic_entropy": 10.96934700012207,
          "acoustic_entropy_side": 10.884929656982422,
          "hz": 369.9353335868758
        },
        {
          "acoustic_entropy": 10.33638858795166,
          "acoustic_entropy_side": 11.29319953918457,
          "hz": 464.6875360973435
        },
        {
          "acoustic_entropy": 10.766304969787598,
          "acoustic_entropy_side": 10.578354835510254,
          "hz": 567.8308811364784
        },
        {
          "acoustic_entropy": 10.428594589233398,
          "acoustic_entropy_side": 11.40512466430664,
          "hz": 680.1084783214808
        },
        {
          "acoustic_entropy": 10.51298999786377,
          "acoustic_entropy_side": 10.671154022216797,
          "hz": 802.3292461747484
        },
        {
          "acoustic_entropy": 10.175209045410156,
          "acoustic_entropy_side": 11.365812301635742,
          "hz": 935.3737400823702
        },
        {
          "acoustic_entropy": 11.195484161376953,
          "acoustic_entropy_side": 11.393051147460938,
          "hz": 1080.2004963696966
        },
        {
          "acoustic_entropy": 11.062580108642578,
          "acoustic_entropy_side": 11.140304565429688,
          "hz": 1237.8529382007157
        },
        {
          "acoustic_entropy": 10.982259750366211,
          "acoustic_entropy_side": 11.024715423583984,
          "hz": 1409.4668930556702
        },
        {
          "acoustic_entropy": 11.352136611938477,
          "acoustic_entropy_side": 11.13342571258545,
          "hz": 1596.2787759475705
        },
        {
          "acoustic_entropy": 11.208860397338867,
          "acoustic_entropy_side": 11.385769844055176,
          "hz": 1799.6344973346393
        },
        {
          "acoustic_entropy": 10.99489688873291,
          "acoustic_entropy_side": 11.000597953796387,
          "hz": 2020.9991599069049
        },
        {
          "acoustic_entropy": 11.317183494567871,
          "acoustic_entropy_side": 11.015324592590332,
          "hz": 2261.9676141086993
        },
        {
          "acoustic_entropy": 11.042705535888672,
          "acoustic_entropy_side": 11.00865364074707,
          "hz": 2524.2759484456974
        },
        {
          "acoustic_entropy": 11.082489967346191,
          "acoustic_entropy_side": 11.026335716247559,
          "hz": 2809.813997359896
        },
        {
          "acoustic_entropy": 11.016700744628906,
          "acoustic_entropy_side": 11.000968933105469,
          "hz": 3120.6389567871424
        },
        {
          "acoustic_entropy": 11.001439094543457,
          "acoustic_entropy_side": 10.998275756835938,
          "hz": 3458.990205492291
        },
        {
          "acoustic_entropy": 11.009751319885254,
          "acoustic_entropy_side": 10.999995231628418,
          "hz": 3827.305438964164
        },
        {
          "acoustic_entropy": 11.000816345214844,
          "acoustic_entropy_side": 11.000776290893555,
          "hz": 4228.238232109126
        },
        {
          "acoustic_entropy": 11.001442909240723,
          "acoustic_entropy_side": 10.999712944030762,
          "hz": 4664.6771572759235
        },
        {
          "acoustic_entropy": 10.999799728393555,
          "acoustic_entropy_side": 10.999313354492188,
          "hz": 5139.766595350093
        },
        {
          "acoustic_entropy": 10.999238967895508,
          "acoustic_entropy_side": 10.999226570129395,
          "hz": 5656.929389854203
        },
        {
          "acoustic_entropy": 10.999222755432129,
          "acoustic_entropy_side": 10.999221801757812,
          "hz": 6219.891507268283
        },
        {
          "acoustic_entropy": 10.999224662780762,
          "acoustic_entropy_side": 10.999224662780762,
          "hz": 6832.70888123896
        },
        {
          "acoustic_entropy": 10.999223709106445,
          "acoustic_entropy_side": 10.999223709106445,
          "hz": 7499.796634079867
        },
        {
          "acoustic_entropy": 10.999227523803711,
          "acoustic_entropy_side": 10.999227523803711,
          "hz": 8225.96088609342
        },
        {
          "acoustic_entropy": 10.999227523803711,
          "acoustic_entropy_side": 10.999227523803711,
          "hz": 9016.43338188839
        },
        {
          "acoustic_entropy": 10.999227523803711,
          "acoustic_entropy_side": 10.999227523803711,
          "hz": 9876.909183162974
        },
        {
          "acoustic_entropy": 10.999227523803711,
          "acoustic_entropy_side": 10.999227523803711,
          "hz": 10813.587699516042
        },
        {
          "acoustic_entropy": 10.999227523803711,
          "acoustic_entropy_side": 10.999227523803711,
          "hz": 11833.21735289826
        },
        {
          "acoustic_entropy": 10.999227523803711,
          "acoustic_entropy_side": 10.999227523803711,
          "hz": 12943.144197493959
        },
        {
          "acoustic_entropy": 10.999227523803711,
          "acoustic_entropy_side": 10.999227523803711,
          "hz": 14151.364845322005
        },
        {
          "acoustic_entropy": 10.999227523803711,
          "acoustic_entropy_side": 10.999227523803711,
          "hz": 15466.58407886509
        },
        {
          "acoustic_entropy": 10.999227523803711,
          "acoustic_entropy_side": 10.999227523803711,
          "hz": 16898.27756580493
        },
        {
          "acoustic_entropy": 10.999227523803711,
          "acoustic_entropy_side": 10.999227523803711,
          "hz": 18456.760127700032
        },
        {
          "acoustic_entropy": 10.999227523803711,
          "acoustic_entropy_side": 10.999227523803711,
          "hz": 20153.260054456492
        },
        {
          "acoustic_entropy": 10.999227523803711,
          "acoustic_entropy_side": 10.999227523803711,
          "hz": 22000.00000000001
        }
      ],
      "diff_acoustic_entropy": 7.450074195861816,
      "sn": 12
    },
    {
      "acoustic_entropy": 17.21979522705078,
      "acoustic_entropy_mono": 14.361069679260254,
      "band_eliminated_acoustic_entropies": [
        {
          "acoustic_entropy": 17.177085876464844,
          "acoustic_entropy_side": 17.203245162963867,
          "hz": 129.47220167065723
        },
        {
          "acoustic_entropy": 17.0105037689209,
          "acoustic_entropy_side": 17.299278259277344,
          "hz": 202.92927478742237
        },
        {
          "acoustic_entropy": 17.631511688232422,
          "acoustic_entropy_side": 17.159427642822266,
          "hz": 282.89161906338205
        },
        {
          "acoustic_entropy": 16.68552017211914,
          "acoustic_entropy_side": 16.962757110595703,
          "hz": 369.9353335868758
        },
        {
          "acoustic_entropy": 17.10405731201172,
          "acoustic_entropy_side": 16.96713638305664,
          "hz": 464.6875360973435
        },
        {
          "acoustic_entropy": 16.6381778717041,
          "acoustic_entropy_side": 16.99072265625,
          "hz": 567.8308811364784
        },
        {
          "acoustic_entropy": 16.918872833251953,
          "acoustic_entropy_side": 17.202463150024414,
          "hz": 680.1084783214808
        },
        {
          "acoustic_entropy": 16.55985450744629,
          "acoustic_entropy_side": 16.71683692932129,
          "hz": 802.3292461747484
        },
        {
          "acoustic_entropy": 17.109115600585938,
          "acoustic_entropy_side": 16.80277442932129,
          "hz": 935.3737400823702
        },
        {
          "acoustic_entropy": 16.2926025390625,
          "acoustic_entropy_side": 17.448671340942383,
          "hz": 1080.2004963696966
        },
        {
          "acoustic_entropy": 17.076984405517578,
          "acoustic_entropy_side": 16.526338577270508,
          "hz": 1237.8529382007157
        },
        {
          "acoustic_entropy": 17.022361755371094,
          "acoustic_entropy_side": 17.136539459228516,
          "hz": 1409.4668930556702
        },
        {
          "acoustic_entropy": 17.059032440185547,
          "acoustic_entropy_side": 17.217830657958984,
          "hz": 1596.2787759475705
        },
        {
          "acoustic_entropy": 17.06889533996582,
          "acoustic_entropy_side": 17.01250648498535,
          "hz": 1799.6344973346393
        },
        {
          "acoustic_entropy": 17.31652069091797,
          "acoustic_entropy_side": 17.488773345947266,
          "hz": 2020.9991599069049
        },
        {
          "acoustic_entropy": 17.202062606811523,
          "acoustic_entropy_side": 17.162208557128906,
          "hz": 2261.9676141086993
        },
        {
