{
  "acoustic_entropy": 187.6519775390625,
  "bands": [
    {
      "high_freq": 148.1999969482422,
      "loudness": -40.74247741699219,
      "loudness_range": 19.207035064697266,
      "mid_mean": -37.834808349609375,
      "mid_to_side_loudness": -8.015158653259277,
      "mid_to_side_loudness_range": 14.514774322509766,
      "side_mean": -46.694217681884766
    },
    {
      "high_freq": 392.3793640136719,
      "loudness": -38.61774826049805,
      "loudness_range": 19.793855667114258,
      "low_freq": 148.1999969482422,
      "mid_mean": -37.03070831298828,
      "mid_to_side_loudness": -3.0702695846557617,
      "mid_to_side_loudness_range": 10.170896530151367,
      "side_mean": -40.00886535644531
    },
    {
      "high_freq": 794.6976318359375,
      "loudness": -40.30475616455078,
      "loudness_range": 20.15089225769043,
      "low_freq": 392.3793640136719,
      "mid_mean": -38.19987869262695,
      "mid_to_side_loudness": -4.632716655731201,
      "mid_to_side_loudness_range": 10.065346717834473,
      "side_mean": -43.156982421875
    },
    {
      "high_freq": 1457.5709228515625,
      "loudness": -38.60136795043945,
      "loudness_range": 24.272043228149414,
      "low_freq": 794.6976318359375,
      "mid_mean": -36.26546859741211,
      "mid_to_side_loudness": -7.830524444580078,
      "mid_to_side_loudness_range": 11.38610553741455,
      "side_mean": -44.7354850769043
    },
    {
      "high_freq": 2549.74365234375,
      "loudness": -46.87029266357422,
      "loudness_range": 20.999229431152344,
      "low_freq": 1457.5709228515625,
      "mid_mean": -45.2286491394043,
      "mid_to_side_loudness": -3.2563278675079346,
      "mid_to_side_loudness_range": 9.392902374267578,
      "side_mean": -50.434730529785156
    },
    {
      "high_freq": 4349.24462890625,
      "loudness": -47.85634231567383,
      "loudness_range": 24.227813720703125,
      "low_freq": 2549.74365234375,
      "mid_mean": -47.10842514038086,
      "mid_to_side_loudness": -1.81606125831604,
      "mid_to_side_loudness_range": 8.372964859008789,
      "side_mean": -50.75678634643555
    },
    {
      "high_freq": 7314.1640625,
      "loudness": -56.243858337402344,
      "loudness_range": 34.44835662841797,
      "low_freq": 4349.24462890625,
      "mid_mean": -55.84394836425781,
      "mid_to_side_loudness": -3.0715506076812744,
      "mid_to_side_loudness_range": 9.935905456542969,
      "side_mean": -58.51171112060547
    },
    {
      "high_freq": 12199.2666015625,
      "loudness": -64.12931060791016,
      "loudness_range": 26.642860412597656,
      "low_freq": 7314.1640625,
      "mid_mean": -61.61357116699219,
      "mid_to_side_loudness": -2.7818667888641357,
      "mid_to_side_loudness_range": 9.525174140930176,
      "side_mean": -63.780845642089844
    },
    {
      "loudness": -72.0608901977539,
      "loudness_range": 13.864452362060547,
      "low_freq": 12199.2666015625,
      "mid_mean": -66.33002471923828,
      "mid_to_side_loudness": -4.215750694274902,
      "mid_to_side_loudness_range": 5.541507244110107,
      "side_mean": -67.93557739257812
    }
  ],
  "bands_short": [
    {
      "high_freq": 148.1999969482422,
      "loudness": -42.75298309326172,
      "loudness_range": 22.075326919555664,
      "mid_mean": -39.88886260986328,
      "mid_to_side_loudness": -8.750507354736328,
      "mid_to_side_loudness_range": 18.004072189331055,
      "side_mean": -50.914276123046875
    },
    {
      "high_freq": 392.3793640136719,
      "loudness": -38.01516342163086,
      "loudness_range": 18.452083587646484,
      "low_freq": 148.1999969482422,
      "mid_mean": -36.163543701171875,
      "mid_to_side_loudness": -3.737210750579834,
      "mid_to_side_loudness_range": 10.607829093933105,
      "side_mean": -39.988590240478516
    },
    {
      "high_freq": 794.6976318359375,
      "loudness": -40.20311737060547,
      "loudness_range": 20.737550735473633,
      "low_freq": 392.3793640136719,
      "mid_mean": -38.11845397949219,
      "mid_to_side_loudness": -4.773659706115723,
      "mid_to_side_loudness_range": 11.850408554077148,
      "side_mean": -43.1944465637207
    },
    {
      "high_freq": 1457.5709228515625,
      "loudness": -39.16541290283203,
      "loudness_range": 24.337793350219727,
      "low_freq": 794.6976318359375,
      "mid_mean": -36.98727798461914,
      "mid_to_side_loudness": -7.828128337860107,
      "mid_to_side_loudness_range": 14.153419494628906,
      "side_mean": -45.46315383911133
    },
    {
      "high_freq": 2549.74365234375,
      "loudness": -47.434940338134766,
      "loudness_range": 22.222469329833984,
      "low_freq": 1457.5709228515625,
      "mid_mean": -46.07896041870117,
      "mid_to_side_loudness": -3.051766872406006,
      "mid_to_side_loudness_range": 12.421512603759766,
      "side_mean": -50.95922088623047
    },
    {
      "high_freq": 4349.24462890625,
      "loudness": -48.81775665283203,
      "loudness_range": 25.801895141601562,
      "low_freq": 2549.74365234375,
      "mid_mean": -50.17512130737305,
      "mid_to_side_loudness": -1.6124927997589111,
      "mid_to_side_loudness_range": 10.737529754638672,
      "side_mean": -51.5427131652832
    },
    {
      "high_freq": 7314.1640625,
      "loudness": -57.902381896972656,
      "loudness_range": 34.80788803100586,
      "low_freq": 4349.24462890625,
      "mid_mean": -57.23598098754883,
      "mid_to_side_loudness": -2.6008315086364746,
      "mid_to_side_loudness_range": 10.923754692077637,
      "side_mean": -59.47333526611328
    },
    {
      "high_freq": 12199.2666015625,
      "loudness": -65.69367218017578,
      "loudness_range": 27.403392791748047,
      "low_freq": 7314.1640625,
      "mid_mean": -62.67271423339844,
      "mid_to_side_loudness": -2.501542329788208,
      "mid_to_side_loudness_range": 10.43594741821289,
      "side_mean": -64.61577606201172
    },
    {
      "loudness": -73.10303497314453,
      "loudness_range": 11.975265502929688,
      "low_freq": 12199.2666015625,
      "mid_mean": -66.87518310546875,
      "mid_to_side_loudness": -4.521572113037109,
      "mid_to_side_loudness_range": 5.234074592590332,
      "side_mean": -68.48906707763672
    }
  ],
  "bandwidth": 581.0348510742188,
  "channels": 2,
  "covariance": [
    [
      50.19868850708008,
      32.5836067199707,
      36.198177337646484,
      30.461719512939453,
      14.760393142700195,
      22.46175765991211,
      7.195130825042725,
      14.964529991149902,
      29.286577224731445,
      30.49733543395996,
      40.5845832824707,
      33.57839584350586,
      49.626338958740234,
      37.444175720214844,
      28.891368865966797,
      18.48801612854004,
      6.53278923034668,
      1.5538547039031982
    ],
    [
      32.5836067199707,
      35.700706481933594,
      27.726144790649414,
      24.99854278564453,
      13.766814231872559,
      20.294191360473633,
      6.550295829772949,
      13.032576560974121,
      25.09461212158203,
      28.9725341796875,
      33.13737106323242,
      31.566431045532227,
      41.49142074584961,
      32.02274703979492,
      24.83272361755371,
      16.621374130249023,
      5.875427722930908,
      1.8941905498504639
    ],
    [
      36.198177337646484,
      27.726144790649414,
      48.15129852294922,
      40.52854537963867,
      23.754276275634766,
      33.203125,
      9.37598705291748,
      22.146005630493164,
      36.74449920654297,
      35.200923919677734,
      45.8549690246582,
      37.34646987915039,
      59.18830108642578,
      43.27571487426758,
      36.094573974609375,
      22.552196502685547,
      8.599663734436035,
      2.8709347248077393
    ],
    [
      30.461719512939453,
      24.99854278564453,
      40.52854537963867,
      45.132347106933594,
      31.938865661621094,
      40.46876525878906,
      20.866039276123047,
      33.630897521972656,
      42.63654708862305,
      41.134605407714844,
      52.58819580078125,
      42.85457992553711,
      64.26319122314453,
      48.64646530151367,
      40.313602447509766,
      26.392650604248047,
      9.596185684204102,
      3.883828639984131
    ],
    [
      14.760393142700195,
      13.766814231872559,
      23.754276275634766,
      31.938865661621094,
      51.7308464050293,
      47.70698547363281,
      41.659156799316406,
      52.667747497558594,
      42.80845642089844,
      39.29421615600586,
      49.882198333740234,
      43.66691589355469,
      58.03689193725586,
      47.92386245727539,
      38.800018310546875,
      28.354223251342773,
      10.819609642028809,
      6.892935276031494
    ],
    [
      22.46175765991211,
      20.294191360473633,
      33.203125,
      40.46876525878906,
      47.70698547363281,
      57.810150146484375,
      36.225860595703125,
      50.91206741333008,
      50.048274993896484,
      46.25608444213867,
      61.11170959472656,
      50.58047103881836,
      71.48853302001953,
      57.33544158935547,
      47.69438552856445,
      34.26486587524414,
      12.87033748626709,
      7.655364036560059
    ],
    [
      7.195130825042725,
      6.550295829772949,
      9.37598705291748,
      20.866039276123047,
      41.659156799316406,
      36.225860595703125,
      72.43273162841797,
      63.14902877807617,
      27.94977378845215,
      30.443387985229492,
      41.98822784423828,
      40.41862869262695,
      40.121253967285156,
      38.874359130859375,
      29.204925537109375,
      25.344921112060547,
      10.110766410827637,
      9.327191352844238
    ],
    [
      14.964529991149902,
      13.032576560974121,
      22.146005630493164,
      33.630897521972656,
      52.667747497558594,
      50.91206741333008,
      63.14902877807617,
      74.2012710571289,
      41.98941421508789,
      41.6242561340332,
      56.907291412353516,
      50.1553840637207,
      62.870296478271484,
      53.51217269897461,
      42.59272766113281,
      32.16124725341797,
      12.367634773254395,
      9.112167358398438
    ],
    [
      29.286577224731445,
      25.09461212158203,
      36.74449920654297,
      42.63654708862305,
      42.80845642089844,
      50.048274993896484,
      27.94977378845215,
      41.98941421508789,
      68.3772964477539,
      54.21556854248047,
      71.08386993408203,
      56.532840728759766,
      87.72909545898438,
      65.86714172363281,
      57.818519592285156,
      37.99546432495117,
      14.316605567932129,
      6.548303127288818
    ],
    [
      30.49733543395996,
      28.9725341796875,
      35.200923919677734,
      41.134605407714844,
      39.29421615600586,
      46.25608444213867,
      30.443387985229492,
      41.6242561340332,
      54.21556854248047,
      84.35729217529297,
      63.42692184448242,
      84.62628173828125,
      93.55140686035156,
      75.79335021972656,
      59.21418762207031,
      42.72903060913086,
      17.38656234741211,
      9.861114501953125
    ],
    [
      40.5845832824707,
      33.13737106323242,
      45.8549690246582,
      52.58819580078125,
      49.882198333740234,
      61.11170959472656,
      41.98822784423828,
      56.907291412353516,
      71.08386993408203,
      63.42692184448242,
      96.53596496582031,
      75.7631607055664,
      110.10868072509766,
      86.27008819580078,
      72.87062072753906,
      51.42949676513672,
      21.568439483642578,
      12.21894359588623
    ],
    [
      33.57839584350586,
      31.566431045532227,
      37.34646987915039,
      42.85457992553711,
      43.66691589355469,
      50.58047103881836,
      40.41862869262695,
      50.1553840637207,
      56.532840728759766,
      84.62628173828125,
      75.7631607055664,
      95.86473083496094,
      101.92807006835938,
      84.09185791015625,
      66.54706573486328,
      50.122745513916016,
      21.771949768066406,
      14.015340805053711
    ],
    [
      49.626338958740234,
      41.49142074584961,
      59.18830108642578,
      64.26319122314453,
      58.03689193725586,
      71.48853302001953,
      40.121253967285156,
      62.870296478271484,
      87.72909545898438,
      93.55140686035156,
      110.10868072509766,
      101.92807006835938,
      147.32699584960938,
      110.75094604492188,
      93.8064956665039,
      62.2982063293457,
      26.562454223632812,
      13.670425415039062
    ],
    [
      37.444175720214844,
      32.02274703979492,
      43.27571487426758,
      48.64646530151367,
      47.92386245727539,
      57.33544158935547,
      38.874359130859375,
      53.51217269897461,
      65.86714172363281,
      75.79335021972656,
      86.27008819580078,
      84.09185791015625,
      110.75094604492188,
      90.1397476196289,
      72.39913940429688,
      52.38960266113281,
      22.366348266601562,
      13.199646949768066
    ],
    [
      28.891368865966797,
      24.83272361755371,
      36.094573974609375,
      40.313602447509766,
      38.800018310546875,
      47.69438552856445,
      29.204925537109375,
      42.59272766113281,
      57.818519592285156,
      59.21418762207031,
      72.87062072753906,
      66.54706573486328,
      93.8064956665039,
      72.39913940429688,
      64.72950744628906,
      44.862945556640625,
      19.23613929748535,
      11.44538402557373
    ],
    [
      18.48801612854004,
      16.621374130249023,
      22.552196502685547,
      26.392650604248047,
      28.354223251342773,
      34.26486587524414,
      25.344921112060547,
      32.16124725341797,
      37.99546432495117,
      42.72903060913086,
      51.42949676513672,
      50.122745513916016,
      62.2982063293457,
      52.38960266113281,
      44.862945556640625,
      35.31201934814453,
      15.37047004699707,
      10.681434631347656
    ],
    [
      6.53278923034668,
      5.875427722930908,
      8.599663734436035,
      9.596185684204102,
      10.819609642028809,
      12.87033748626709,
      10.110766410827637,
      12.367634773254395,
      14.316605567932129,
      17.38656234741211,
      21.568439483642578,
      21.771949768066406,
      26.562454223632812,
      22.366348266601562,
      19.23613929748535,
      15.37047004699707,
      8.868180274963379,
      6.5258378982543945
    ],
    [
      1.5538547039031982,
      1.8941905498504639,
      2.8709347248077393,
      3.883828639984131,
      6.892935276031494,
      7.655364036560059,
      9.327191352844238,
      9.112167358398438,
      6.548303127288818,
      9.861114501953125,
      12.21894359588623,
      14.015340805053711,
      13.670425415039062,
      13.199646949768066,
      11.44538402557373,
      10.681434631347656,
      6.5258378982543945,
      6.219147682189941
    ]
  ],
  "covariance_short": [
    [
      58.86392593383789,
      38.70896911621094,
      37.29322052001953,
      28.71086883544922,
      14.419533729553223,
      20.61532211303711,
      5.232821464538574,
      12.355514526367188,
      26.1529483795166,
      28.075180053710938,
      40.38517379760742,
      31.981454849243164,
      46.95798110961914,
      34.73869705200195,
      26.384326934814453,
      17.062088012695312,
      6.934425354003906,
      2.390341281890869
    ],
    [
      38.70896911621094,
      72.07772064208984,
      30.716779708862305,
      23.16749382019043,
      11.422347068786621,
      16.34614372253418,
      0.6950090527534485,
      6.246604919433594,
      21.966569900512695,
      50.838584899902344,
      60.79289627075195,
      53.10780715942383,
      52.60502243041992,
      40.997467041015625,
      30.17011260986328,
      20.876249313354492,
      8.747697830200195,
      3.7811203002929688
    ],
    [
      37.29322052001953,
      30.716779708862305,
      44.68955993652344,
      38.464534759521484,
      24.17108726501465,
      32.80799865722656,
      10.882033348083496,
      22.275434494018555,
      36.692474365234375,
      34.87303161621094,
      48.935508728027344,
      37.55562973022461,
      59.148712158203125,
      43.70721435546875,
      35.581424713134766,
      22.767757415771484,
      8.590621948242188,
      3.4669196605682373
    ],
    [
      28.71086883544922,
      23.16749382019043,
      38.464534759521484,
      45.76301574707031,
      31.36236572265625,
      40.27249526977539,
      21.657068252563477,
      34.51561737060547,
      42.92908477783203,
      41.814945220947266,
      56.17106246948242,
      44.24456024169922,
      65.01319885253906,
      49.52275085449219,
      39.914005279541016,
      26.41381072998047,
      9.451870918273926,
      4.100223064422607
    ],
    [
      14.419533729553223,
      11.422347068786621,
      24.17108726501465,
      31.36236572265625,
      50.58307647705078,
      45.31307601928711,
      37.99441909790039,
      48.493316650390625,
      42.66008377075195,
      38.618446350097656,
      49.242156982421875,
      41.87538146972656,
      55.500667572021484,
      45.07612609863281,
      35.37778091430664,
      24.931875228881836,
      8.5802640914917,
      4.476511001586914
    ],
    [
      20.61532211303711,
      16.34614372253418,
      32.80799865722656,
      40.27249526977539,
      45.31307601928711,
      59.72357177734375,
      35.3582649230957,
      50.86346435546875,
      51.3311767578125,
      47.418025970458984,
      62.16453552246094,
      51.59709930419922,
      71.40520477294922,
      56.69002151489258,
      45.37531280517578,
      31.853961944580078,
      11.180657386779785,
      5.8529229164123535
    ],
    [
      5.232821464538574,
      0.6950090527534485,
      10.882033348083496,
      21.657068252563477,
      37.99441909790039,
      35.3582649230957,
      76.28374481201172,
      62.38329315185547,
      30.294071197509766,
      31.41617774963379,
      41.69938659667969,
      39.57379913330078,
      39.135684967041016,
      36.219356536865234,
      26.775991439819336,
      21.626022338867188,
      6.597719669342041,
      5.195771217346191
    ],
    [
      12.355514526367188,
      6.246604919433594,
      22.275434494018555,
      34.51561737060547,
      48.493316650390625,
      50.86346435546875,
      62.38329315185547,
      78.64620971679688,
      44.9619140625,
      43.90332794189453,
      58.31786346435547,
      51.35283279418945,
      63.34775924682617,
      53.19490432739258,
      41.448551177978516,
      30.40382957458496,
      9.976365089416504,
      6.48305606842041
    ],
    [
      26.1529483795166,
      21.966569900512695,
      36.692474365234375,
      42.92908477783203,
      42.66008377075195,
      51.3311767578125,
      30.294071197509766,
      44.9619140625,
      74.27816772460938,
      55.41326904296875,
      74.37206268310547,
      58.98654556274414,
      89.86456298828125,
      68.55496978759766,
      58.81477355957031,
      38.745582580566406,
      14.388867378234863,
      6.514793872833252
    ],
    [
      28.075180053710938,
      50.838584899902344,
      34.87303161621094,
      41.814945220947266,
      38.618446350097656,
      47.418025970458984,
      31.41617774963379,
      43.90332794189453,
      55.41326904296875,
      86.49434661865234,
      96.12452697753906,
      83.73458862304688,
      92.0423583984375,
      74.88873291015625,
      56.56061935424805,
      40.462459564208984,
      15.471014976501465,
      8.060474395751953
    ],
    [
      40.38517379760742,
      60.79289627075195,
      48.935508728027344,
      56.17106246948242,
      49.242156982421875,
      62.16453552246094,
      41.69938659667969,
      58.31786346435547,
      74.37206268310547,
      96.12452697753906,
      130.35089111328125,
      106.50981140136719,
      127.78018951416016,
      100.11883544921875,
      80.91383361816406,
      56.4879264831543,
      23.264659881591797,
      12.070625305175781
    ],
    [
      31.981454849243164,
      53.10780715942383,
      37.55562973022461,
      44.24456024169922,
      41.87538146972656,
      51.59709930419922,
      39.57379913330078,
      51.35283279418945,
      58.98654556274414,
      83.73458862304688,
      106.50981140136719,
      96.45328521728516,
      100.8797607421875,
      82.58646392822266,
      63.93544006347656,
      47.020713806152344,
      18.768400192260742,
      10.7806396484375
    ],
    [
      46.95798110961914,
      52.60502243041992,
      59.148712158203125,
      65.01319885253906,
      55.500667572021484,
      71.40520477294922,
      39.135684967041016,
      63.34775924682617,
      89.86456298828125,
      92.0423583984375,
      127.78018951416016,
      100.8797607421875,
      149.52285766601562,
      111.76560974121094,
      94.07713317871094,
      61.88129806518555,
      25.58494758605957,
      12.328187942504883
    ],
    [
      34.73869705200195,
      40.997467041015625,
      43.70721435546875,
      49.52275085449219,
      45.07612609863281,
      56.69002151489258,
      36.219356536865234,
      53.19490432739258,
      68.55496978759766,
      74.88873291015625,
      100.11883544921875,
      82.58646392822266,
      111.76560974121094,
      90.97132873535156,
      71.77812194824219,
      50.75501251220703,
      20.356840133666992,
      10.914680480957031
    ],
    [
      26.384326934814453,
      30.17011260986328,
      35.581424713134766,
      39.914005279541016,
      35.37778091430664,
      45.37531280517578,
      26.775991439819336,
      41.448551177978516,
      58.81477355957031,
      56.56061935424805,
      80.91383361816406,
      63.93544006347656,
      94.07713317871094,
      71.77812194824219,
      64.82177734375,
      43.29304504394531,
      17.963485717773438,
      9.589128494262695
    ],
    [
      17.062088012695312,
      20.876249313354492,
      22.767757415771484,
      26.41381072998047,
      24.931875228881836,
      31.853961944580078,
      21.626022338867188,
      30.40382957458496,
      38.745582580566406,
      40.462459564208984,
      56.4879264831543,
      47.020713806152344,
      61.88129806518555,
      50.75501251220703,
      43.29304504394531,
      33.3529167175293,
      13.401704788208008,
      8.235456466674805
    ],
    [
      6.934425354003906,
      8.747697830200195,
      8.590621948242188,
      9.451870918273926,
      8.5802640914917,
      11.180657386779785,
      6.597719669342041,
      9.976365089416504,
      14.388867378234863,
      15.471014976501465,
      23.264659881591797,
      18.768400192260742,
      25.58494758605957,
      20.356840133666992,
      17.963485717773438,
      13.401704788208008,
      7.804184913635254,
      4.905023574829102
    ],
    [
      2.390341281890869,
      3.7811203002929688,
      3.4669196605682373,
      4.100223064422607,
      4.476511001586914,
      5.8529229164123535,
      5.195771217346191,
      6.48305606842041,
      6.514793872833252,
      8.060474395751953,
      12.070625305175781,
      10.7806396484375,
      12.328187942504883,
      10.914680480957031,
      9.589128494262695,
      8.235456466674805,
      4.905023574829102,
      4.267886161804199
    ]
  ],
  "damage": -20.52912712097168,
  "diff_bandwidth": 703.567138671875,
  "dissonance": 3.517911761019768,
  "drr": 5.90606689453125,
  "dynamics": 5.370898246765137,
  "format": 1245190,
  "frames": 3511232,
  "loudness": -27.732595443725586,
  "loudness_range": 15.454029083251953,
  "loudness_range_short": 16.301162719726562,
  "lowpass_true_peak_15khz": -4.092134952545166,
  "mastering3_acoustic_entropies": [
    {
      "acoustic_entropy": 8.213165283203125,
      "acoustic_entropy_mono": 7.508635520935059,
      "band_eliminated_acoustic_entropies": [
        {
          "acoustic_entropy": 7.966141700744629,
          "acoustic_entropy_side": 8.21189022064209,
          "hz": 129.47220167065723
        },
        {
          "acoustic_entropy": 7.7726006507873535,
          "acoustic_entropy_side": 8.161108016967773,
          "hz": 202.92927478742237
        },
        {
          "acoustic_entropy": 7.3995361328125,
          "acoustic_entropy_side": 8.139561653137207,
          "hz": 282.89161906338205
        },
        {
          "acoustic_entropy": 7.6819281578063965,
          "acoustic_entropy_side": 8.147107124328613,
          "hz": 369.9353335868758
        },
        {
          "acoustic_entropy": 8.15829086303711,
          "acoustic_entropy_side": 8.16089916229248,
          "hz": 464.6875360973435
        },
        {
          "acoustic_entropy": 9.026802062988281,
          "acoustic_entropy_side": 8.595686912536621,
          "hz": 567.8308811364784
        },
        {
          "acoustic_entropy": 7.723080158233643,
          "acoustic_entropy_side": 7.681738376617432,
          "hz": 680.1084783214808
        },
        {
          "acoustic_entropy": 7.894269943237305,
          "acoustic_entropy_side": 8.197820663452148,
          "hz": 802.3292461747484
        },
        {
          "acoustic_entropy": 7.9115447998046875,
          "acoustic_entropy_side": 7.4980974197387695,
          "hz": 935.3737400823702
        },
        {
          "acoustic_entropy": 8.58901596069336,
          "acoustic_entropy_side": 8.608967781066895,
          "hz": 1080.2004963696966
        },
        {
          "acoustic_entropy": 7.648991107940674,
          "acoustic_entropy_side": 7.834923267364502,
          "hz": 1237.8529382007157
        },
        {
          "acoustic_entropy": 7.970746994018555,
          "acoustic_entropy_side": 8.499234199523926,
          "hz": 1409.4668930556702
        },
        {
          "acoustic_entropy": 8.549505233764648,
          "acoustic_entropy_side": 8.418777465820312,
          "hz": 1596.2787759475705
        },
        {
          "acoustic_entropy": 7.944068431854248,
          "acoustic_entropy_side": 8.183162689208984,
          "hz": 1799.6344973346393
        },
        {
          "acoustic_entropy": 8.35636043548584,
          "acoustic_entropy_side": 8.232332229614258,
          "hz": 2020.9991599069049
        },
        {
          "acoustic_entropy": 7.877808570861816,
          "acoustic_entropy_side": 8.04385757446289,
          "hz": 2261.9676141086993
        },
        {
          "acoustic_entropy": 8.151824951171875,
          "acoustic_entropy_side": 8.208390235900879,
          "hz": 2524.2759484456974
        },
        {
          "acoustic_entropy": 8.275259971618652,
          "acoustic_entropy_side": 8.246577262878418,
          "hz": 2809.813997359896
        },
        {
          "acoustic_entropy": 8.207304000854492,
          "acoustic_entropy_side": 8.211862564086914,
          "hz": 3120.6389567871424
        },
        {
          "acoustic_entropy": 8.020709991455078,
          "acoustic_entropy_side": 8.202544212341309,
          "hz": 3458.990205492291
        },
        {
          "acoustic_entropy": 8.114117622375488,
          "acoustic_entropy_side": 8.120744705200195,
          "hz": 3827.305438964164
        },
        {
          "acoustic_entropy": 7.945160865783691,
          "acoustic_entropy_side": 8.1143217086792,
          "hz": 4228.238232109126
        },
        {
          "acoustic_entropy": 8.095117568969727,
          "acoustic_entropy_side": 8.208212852478027,
          "hz": 4664.6771572759235
        },
        {
          "acoustic_entropy": 7.889063358306885,
          "acoustic_entropy_side": 8.179962158203125,
          "hz": 5139.766595350093
        },
        {
          "acoustic_entropy": 7.893916606903076,
          "acoustic_entropy_side": 8.150945663452148,
          "hz": 5656.929389854203
        },
        {
          "acoustic_entropy": 8.144980430603027,
          "acoustic_entropy_side": 8.18517017364502,
          "hz": 6219.891507268283
        },
        {
          "acoustic_entropy": 8.196828842163086,
          "acoustic_entropy_side": 8.212263107299805,
          "hz": 6832.70888123896
        },
        {
          "acoustic_entropy": 8.184589385986328,
          "acoustic_entropy_side": 8.214844703674316,
          "hz": 7499.796634079867
        },
        {
          "acoustic_entropy": 8.16231918334961,
          "acoustic_entropy_side": 8.209125518798828,
          "hz": 8225.96088609342
        },
        {
          "acoustic_entropy": 8.208695411682129,
          "acoustic_entropy_side": 8.214599609375,
          "hz": 9016.43338188839
        },
        {
          "acoustic_entropy": 8.208799362182617,
          "acoustic_entropy_side": 8.213255882263184,
          "hz": 9876.909183162974
        },
        {
          "acoustic_entropy": 8.20712947845459,
          "acoustic_entropy_side": 8.21364688873291,
          "hz": 10813.587699516042
        },
        {
          "acoustic_entropy": 8.212189674377441,
          "acoustic_entropy_side": 8.213335037231445,
          "hz": 11833.21735289826
        },
        {
          "acoustic_entropy": 8.21265983581543,
          "acoustic_entropy_side": 8.213321685791016,
          "hz": 12943.144197493959
        },
        {
          "acoustic_entropy": 8.2132568359375,
          "acoustic_entropy_side": 8.213369369506836,
          "hz": 14151.364845322005
        },
        {
          "acoustic_entropy": 8.213907241821289,
          "acoustic_entropy_side": 8.213536262512207,
          "hz": 15466.58407886509
        },
        {
          "acoustic_entropy": 8.213602066040039,
          "acoustic_entropy_side": 8.213346481323242,
          "hz": 16898.27756580493
        },
        {
          "acoustic_entropy": 8.213231086730957,
          "acoustic_entropy_side": 8.213191986083984,
          "hz": 18456.760127700032
        },
        {
          "acoustic_entropy": 8.213176727294922,
          "acoustic_entropy_side": 8.21316909790039,
          "hz": 20153.260054456492
        },
        {
          "acoustic_entropy": 8.213165283203125,
          "acoustic_entropy_side": 8.213165283203125,
          "hz": 22000.00000000001
        }
      ],
      "diff_acoustic_entropy": 3.615325450897217,
      "sn": 6
    },
    {
      "acoustic_entropy": 12.25712776184082,
      "acoustic_entropy_mono": 12.175891876220703,
      "band_eliminated_acoustic_entropies": [
        {
          "acoustic_entropy": 12.02354907989502,
          "acoustic_entropy_side": 12.252225875854492,
          "hz": 129.47220167065723
        },
        {
          "acoustic_entropy": 11.516918182373047,
          "acoustic_entropy_side": 12.173895835876465,
          "hz": 202.92927478742237
        },
        {
          "acoustic_entropy": 12.04357624053955,
          "acoustic_entropy_side": 12.285609245300293,
          "hz": 282.89161906338205
        },
        {
          "acoustic_entropy": 11.763140678405762,
          "acoustic_entropy_side": 12.349479675292969,
          "hz": 369.9353335868758
        },
        {
          "acoustic_entropy": 12.274718284606934,
          "acoustic_entropy_side": 12.285669326782227,
          "hz": 464.6875360973435
        },
        {
          "acoustic_entropy": 12.776665687561035,
          "acoustic_entropy_side": 12.63475227355957,
          "hz": 567.8308811364784
        },
        {
          "acoustic_entropy": 11.706942558288574,
          "acoustic_entropy_side": 11.820523262023926,
          "hz": 680.1084783214808
        },
        {
          "acoustic_entropy": 11.986249923706055,
          "acoustic_entropy_side": 12.20952033996582,
          "hz": 802.3292461747484
        },
        {
          "acoustic_entropy": 11.954248428344727,
          "acoustic_entropy_side": 12.029117584228516,
          "hz": 935.3737400823702
        },
        {
          "acoustic_entropy": 12.0925874710083,
          "acoustic_entropy_side": 12.238659858703613,
          "hz": 1080.2004963696966
        },
        {
          "acoustic_entropy": 10.962160110473633,
          "acoustic_entropy_side": 11.637681007385254,
          "hz": 1237.8529382007157
        },
        {
          "acoustic_entropy": 11.927212715148926,
          "acoustic_entropy_side": 12.483349800109863,
          "hz": 1409.4668930556702
        },
        {
          "acoustic_entropy": 12.381256103515625,
          "acoustic_entropy_side": 12.34951114654541,
          "hz": 1596.2787759475705
        },
        {
          "acoustic_entropy": 11.962114334106445,
          "acoustic_entropy_side": 12.086824417114258,
          "hz": 1799.6344973346393
        },
        {
          "acoustic_entropy": 12.144451141357422,
          "acoustic_entropy_side": 12.195895195007324,
          "hz": 2020.9991599069049
        },
        {
          "acoustic_entropy": 12.073753356933594,
          "acoustic_entropy_side": 12.200860977172852,
          "hz": 2261.9676141086993
        },
        {
          "acoustic_entropy": 12.288544654846191,
          "acoustic_entropy_side": 12.17834186553955,
          "hz": 2524.2759484456974
        },
        {
          "acoustic_entropy": 12.120450019836426,
          "acoustic_entropy_side": 12.221653938293457,
          "hz": 2809.813997359896
        },
        {
          "acoustic_entropy": 12.112077713012695,
          "acoustic_entropy_side": 12.081961631774902,
          "hz": 3120.6389567871424
        },
        {
          "acoustic_entropy": 11.939887046813965,
          "acoustic_entropy_side": 12.41370677947998,
          "hz": 3458.990205492291
        },
        {
          "acoustic_entropy": 12.253280639648438,
          "acoustic_entropy_side": 12.327831268310547,
          "hz": 3827.305438964164
        },
        {
          "acoustic_entropy": 12.161285400390625,
          "acoustic_entropy_side": 12.047175407409668,
          "hz": 4228.238232109126
        },
        {
          "acoustic_entropy": 11.965965270996094,
          "acoustic_entropy_side": 12.260364532470703,
          "hz": 4664.6771572759235
        },
        {
          "acoustic_entropy": 11.882478713989258,
          "acoustic_entropy_side": 12.192914009094238,
          "hz": 5139.766595350093
        },
        {
          "acoustic_entropy": 12.339305877685547,
          "acoustic_entropy_side": 12.315625190734863,
          "hz": 5656.929389854203
        },
        {
          "acoustic_entropy": 12.15245246887207,
          "acoustic_entropy_side": 12.207952499389648,
          "hz": 6219.891507268283
        },
        {
          "acoustic_entropy": 12.1852445602417,
          "acoustic_entropy_side": 12.243556022644043,
          "hz": 6832.70888123896
        },
        {
          "acoustic_entropy": 12.183180809020996,
          "acoustic_entropy_side": 12.260043144226074,
          "hz": 7499.796634079867
        },
        {
          "acoustic_entropy": 12.227012634277344,
          "acoustic_entropy_side": 12.263772010803223,
          "hz": 8225.96088609342
        },
        {
          "acoustic_entropy": 12.195590019226074,
          "acoustic_entropy_side": 12.264573097229004,
          "hz": 9016.43338188839
        },
        {
          "acoustic_entropy": 12.217204093933105,
          "acoustic_entropy_side": 12.255525588989258,
          "hz": 9876.909183162974
        },
        {
          "acoustic_entropy": 12.254046440124512,
          "acoustic_entropy_side": 12.255266189575195,
          "hz": 10813.587699516042
        },
        {
          "acoustic_entropy": 12.239253997802734,
          "acoustic_entropy_side": 12.258260726928711,
          "hz": 11833.21735289826
        },
        {
          "acoustic_entropy": 12.252671241760254,
          "acoustic_entropy_side": 12.258149147033691,
          "hz": 12943.144197493959
        },
        {
          "acoustic_entropy": 12.258012771606445,
          "acoustic_entropy_side": 12.25820255279541,
          "hz": 14151.364845322005
        },
        {
          "acoustic_entropy": 12.260955810546875,
          "acoustic_entropy_side": 12.25899600982666,
          "hz": 15466.58407886509
        },
        {
          "acoustic_entropy": 12.259204864501953,
          "acoustic_entropy_side": 12.258103370666504,
          "hz": 16898.27756580493
        },
        {
          "acoustic_entropy": 12.257384300231934,
          "acoustic_entropy_side": 12.257246971130371,
          "hz": 18456.760127700032
        },
        {
          "acoustic_entropy": 12.257165908813477,
          "acoustic_entropy_side": 12.257144927978516,
          "hz": 20153.260054456492
        },
        {
          "acoustic_entropy": 12.257133483886719,
          "acoustic_entropy_side": 12.25712776184082,
          "hz": 22000.00000000001
        }
      ],
      "diff_acoustic_entropy": 5.36159086227417,
      "sn": 12
    },
    {
      "acoustic_entropy": 18.100488662719727,
      "acoustic_entropy_mono": 17.100156784057617,
      "band_eliminated_acoustic_entropies": [
        {
          "acoustic_entropy": 18.15035629272461,
          "acoustic_entropy_side": 18.174030303955078,
          "hz": 129.47220167065723
        },
        {
          "acoustic_entropy": 19.189708709716797,
          "acoustic_entropy_side": 18.131723403930664,
          "hz": 202.92927478742237
        },
        {
          "acoustic_entropy": 17.865596771240234,
          "acoustic_entropy_side": 18.214731216430664,
          "hz": 282.89161906338205
        },
        {
          "acoustic_entropy": 17.760831832885742,
          "acoustic_entropy_side": 18.144018173217773,
          "hz": 369.9353335868758
        },
        {
          "acoustic_entropy": 18.508319854736328,
          "acoustic_entropy_side": 18.48029327392578,
          "hz": 464.6875360973435
        },
        {
          "acoustic_entropy": 18.058454513549805,
          "acoustic_entropy_side": 18.03295135498047,
          "hz": 567.8308811364784
        },
        {
          "acoustic_entropy": 18.31085968017578,
          "acoustic_entropy_side": 18.496747970581055,
          "hz": 680.1084783214808
        },
        {
          "acoustic_entropy": 18.403947830200195,
          "acoustic_entropy_side": 18.77179527282715,
          "hz": 802.3292461747484
        },
        {
          "acoustic_entropy": 18.64338493347168,
          "acoustic_entropy_side": 18.363935470581055,
          "hz": 935.3737400823702
        },
        {
          "acoustic_entropy": 18.759265899658203,
          "acoustic_entropy_side": 18.511255264282227,
          "hz": 1080.2004963696966
        },
        {
          "acoustic_entropy": 16.920177459716797,
          "acoustic_entropy_side": 17.819908142089844,
          "hz": 1237.8529382007157
        },
        {
          "acoustic_entropy": 17.858436584472656,
          "acoustic_entropy_side": 18.255868911743164,
          "hz": 1409.4668930556702
        },
        {
          "acoustic_entropy": 18.835111618041992,
          "acoustic_entropy_side": 18.04910659790039,
          "hz": 1596.2787759475705
        },
        {
          "acoustic_entropy": 18.50402069091797,
          "acoustic_entropy_side": 18.169790267944336,
          "hz": 1799.6344973346393
        },
        {
          "acoustic_entropy": 18.347810745239258,
          "acoustic_entropy_side": 18.27880096435547,
          "hz": 2020.9991599069049
        },
        {
          "acoustic_entropy": 18.34459114074707,
          "acoustic_entropy_side": 18.367021560668945,
          "hz": 2261.9676141086993
        },
        {
          "acoustic_entropy": 18.727252960205078,
          "acoustic_entropy_side": 18.59876823425293,
          "hz": 2524.2759484456974
        },
        {
          "acoustic_entropy": 17.363731384277344,
          "acoustic_entropy_side": 17.606117248535156,
          "hz": 2809.813997359896
        },
        {
          "acoustic_entropy": 18.256898880004883,
          "acoustic_entropy_side": 18.009010314941406,
          "hz": 3120.6389567871424
        },
        {
          "acoustic_entropy": 18.19560432434082,
