{
  "acoustic_entropy": 111.16056060791016,
  "bands": [
    {
      "high_freq": 148.1999969482422,
      "loudness": -36.71889114379883,
      "loudness_range": 36.934471130371094,
      "mid_mean": -33.65545654296875,
      "mid_to_side_loudness": -18.617969512939453,
      "mid_to_side_loudness_range": 27.523500442504883,
      "side_mean": -56.89694595336914
    },
    {
      "high_freq": 392.3793640136719,
      "loudness": -35.53687286376953,
      "loudness_range": 24.346105575561523,
      "low_freq": 148.1999969482422,
      "mid_mean": -32.46044158935547,
      "mid_to_side_loudness": -17.063804626464844,
      "mid_to_side_loudness_range": 24.32906150817871,
      "side_mean": -54.723777770996094
    },
    {
      "high_freq": 794.6976318359375,
      "loudness": -38.75865936279297,
      "loudness_range": 18.38140296936035,
      "low_freq": 392.3793640136719,
      "mid_mean": -35.676151275634766,
      "mid_to_side_loudness": -16.220508575439453,
      "mid_to_side_loudness_range": 22.965776443481445,
      "side_mean": -56.51483917236328
    },
    {
      "high_freq": 1457.5709228515625,
      "loudness": -35.844627380371094,
      "loudness_range": 20.37596893310547,
      "low_freq": 794.6976318359375,
      "mid_mean": -33.048133850097656,
      "mid_to_side_loudness": -17.620433807373047,
      "mid_to_side_loudness_range": 25.138818740844727,
      "side_mean": -56.0579948425293
    },
    {
      "high_freq": 2549.74365234375,
      "loudness": -37.32279586791992,
      "loudness_range": 27.317678451538086,
      "low_freq": 1457.5709228515625,
      "mid_mean": -34.41340255737305,
      "mid_to_side_loudness": -18.13007164001465,
      "mid_to_side_loudness_range": 26.47696876525879,
      "side_mean": -57.93698501586914
    },
    {
      "high_freq": 4349.24462890625,
      "loudness": -42.452880859375,
      "loudness_range": 32.46270751953125,
      "low_freq": 2549.74365234375,
      "mid_mean": -39.62810516357422,
      "mid_to_side_loudness": -19.90974998474121,
      "mid_to_side_loudness_range": 31.176054000854492,
      "side_mean": -62.680076599121094
    },
    {
      "high_freq": 7314.1640625,
      "loudness": -46.69367218017578,
      "loudness_range": 32.37946319580078,
      "low_freq": 4349.24462890625,
      "mid_mean": -50.90873718261719,
      "mid_to_side_loudness": -21.674406051635742,
      "mid_to_side_loudness_range": 38.43874740600586,
      "side_mean": -67.57090759277344
    },
    {
      "high_freq": 12199.2666015625,
      "loudness": -56.890464782714844,
      "loudness_range": 32.95700454711914,
      "low_freq": 7314.1640625,
      "mid_mean": -55.5830078125,
      "mid_to_side_loudness": -23.16400718688965,
      "mid_to_side_loudness_range": 41.655311584472656,
      "side_mean": -69.6219711303711
    },
    {
      "loudness": -64.7573013305664,
      "loudness_range": 26.46365737915039,
      "low_freq": 12199.2666015625,
      "mid_mean": -61.45853042602539,
      "mid_to_side_loudness": -26.292129516601562,
      "mid_to_side_loudness_range": 40.0130729675293,
      "side_mean": -69.95275115966797
    }
  ],
  "bands_short": [
    {
      "high_freq": 148.1999969482422,
      "loudness": -40.57189178466797,
      "loudness_range": 33.30438995361328,
      "mid_mean": -37.54397201538086,
      "mid_to_side_loudness": -18.87397003173828,
      "mid_to_side_loudness_range": 31.108314514160156,
      "side_mean": -59.40755844116211
    },
    {
      "high_freq": 392.3793640136719,
      "loudness": -35.30927276611328,
      "loudness_range": 28.32581901550293,
      "low_freq": 148.1999969482422,
      "mid_mean": -32.45412063598633,
      "mid_to_side_loudness": -17.41425323486328,
      "mid_to_side_loudness_range": 25.618629455566406,
      "side_mean": -54.805381774902344
    },
    {
      "high_freq": 794.6976318359375,
      "loudness": -38.40103530883789,
      "loudness_range": 18.92061996459961,
      "low_freq": 392.3793640136719,
      "mid_mean": -35.32707977294922,
      "mid_to_side_loudness": -15.743041038513184,
      "mid_to_side_loudness_range": 23.940269470214844,
      "side_mean": -55.86370086669922
    },
    {
      "high_freq": 1457.5709228515625,
      "loudness": -36.38783645629883,
      "loudness_range": 20.633726119995117,
      "low_freq": 794.6976318359375,
      "mid_mean": -33.57212448120117,
      "mid_to_side_loudness": -17.257598876953125,
      "mid_to_side_loudness_range": 24.988849639892578,
      "side_mean": -56.29804992675781
    },
    {
      "high_freq": 2549.74365234375,
      "loudness": -38.25893783569336,
      "loudness_range": 27.925302505493164,
      "low_freq": 1457.5709228515625,
      "mid_mean": -35.197608947753906,
      "mid_to_side_loudness": -17.769376754760742,
      "mid_to_side_loudness_range": 26.146652221679688,
      "side_mean": -58.27254867553711
    },
    {
      "high_freq": 4349.24462890625,
      "loudness": -43.06721878051758,
      "loudness_range": 32.67300033569336,
      "low_freq": 2549.74365234375,
      "mid_mean": -40.658348083496094,
      "mid_to_side_loudness": -19.223155975341797,
      "mid_to_side_loudness_range": 30.680667877197266,
      "side_mean": -62.97933578491211
    },
    {
      "high_freq": 7314.1640625,
      "loudness": -48.59354782104492,
      "loudness_range": 35.28594970703125,
      "low_freq": 4349.24462890625,
      "mid_mean": -52.01449203491211,
      "mid_to_side_loudness": -19.03278923034668,
      "mid_to_side_loudness_range": 32.340423583984375,
      "side_mean": -67.84503173828125
    },
    {
      "high_freq": 12199.2666015625,
      "loudness": -58.76808166503906,
      "loudness_range": 31.33160400390625,
      "low_freq": 7314.1640625,
      "mid_mean": -56.909969329833984,
      "mid_to_side_loudness": -18.897686004638672,
      "mid_to_side_loudness_range": 38.53792190551758,
      "side_mean": -69.66320037841797
    },
    {
      "loudness": -66.19329833984375,
      "loudness_range": 23.193828582763672,
      "low_freq": 12199.2666015625,
      "mid_mean": -62.4536247253418,
      "mid_to_side_loudness": -24.62351417541504,
      "mid_to_side_loudness_range": 39.69362258911133,
      "side_mean": -69.95280456542969
    }
  ],
  "bandwidth": 479.77423095703125,
  "channels": 2,
  "covariance": [
    [
      143.4527130126953,
      84.00141143798828,
      90.15233612060547,
      63.37152099609375,
      48.39844512939453,
      28.041759490966797,
      51.38094711303711,
      34.2974967956543,
      38.446964263916016,
      26.956754684448242,
      46.31008529663086,
      26.519466400146484,
      78.26031494140625,
      5.3987202644348145,
      58.35277557373047,
      0.9846471548080444,
      29.2404842376709,
      0.11045283079147339
    ],
    [
      84.00141143798828,
      102.9201889038086,
      57.48831558227539,
      85.11859893798828,
      33.34377670288086,
      57.28310012817383,
      33.81399154663086,
      62.12862014770508,
      29.004568099975586,
      54.52786636352539,
      36.6240348815918,
      44.270565032958984,
      90.53458404541016,
      12.432849884033203,
      60.12598419189453,
      1.7972391843795776,
      29.69591522216797,
      0.11017531156539917
    ],
    [
      90.15233612060547,
      57.48831558227539,
      80.82167053222656,
      59.21208190917969,
      53.72040939331055,
      33.453365325927734,
      59.773963928222656,
      39.46831512451172,
      48.479774475097656,
      30.523426055908203,
      51.289058685302734,
      26.740360260009766,
      81.4300537109375,
      9.05573844909668,
      57.269683837890625,
      1.9732944965362549,
      28.884214401245117,
      0.14953260123729706
    ],
    [
      63.37152099609375,
      85.11859893798828,
      59.21208190917969,
      94.2935791015625,
      45.66078186035156,
      69.98381042480469,
      46.63013458251953,
      75.47553253173828,
      37.447998046875,
      63.50732421875,
      38.21711730957031,
      46.426544189453125,
      105.43218231201172,
      14.652535438537598,
      70.25568389892578,
      2.3222761154174805,
      34.90660858154297,
      0.06342419981956482
    ],
    [
      48.39844512939453,
      33.34377670288086,
      53.72040939331055,
      45.66078186035156,
      63.540130615234375,
      37.868900299072266,
      55.5179443359375,
      41.22444152832031,
      53.0892333984375,
      36.55729293823242,
      56.199825286865234,
      28.875993728637695,
      87.31885528564453,
      9.345959663391113,
      62.50261688232422,
      1.7091602087020874,
      35.70893096923828,
      0.04147946462035179
    ],
    [
      28.041759490966797,
      57.28310012817383,
      33.453365325927734,
      69.98381042480469,
      37.868900299072266,
      65.27430725097656,
      39.70930099487305,
      66.78013610839844,
      38.51069259643555,
      61.145503997802734,
      39.46767807006836,
      45.81376647949219,
      91.10847473144531,
      15.265924453735352,
      61.455379486083984,
      2.786538600921631,
      32.35000228881836,
      0.11891142278909683
    ],
    [
      51.38094711303711,
      33.81399154663086,
      59.773963928222656,
      46.63013458251953,
      55.5179443359375,
      39.70930099487305,
      75.55538177490234,
      50.12651824951172,
      77.05233001708984,
      45.177734375,
      82.51737976074219,
      43.14896011352539,
      102.2688217163086,
      14.69642162322998,
      70.65568542480469,
      2.423708438873291,
      41.01976013183594,
      0.15348564088344574
    ],
    [
      34.2974967956543,
      62.12862014770508,
      39.46831512451172,
      75.47553253173828,
      41.22444152832031,
      66.78013610839844,
      50.12651824951172,
      78.1171875,
      54.17967224121094,
      70.34844207763672,
      56.467594146728516,
      55.57208251953125,
      106.73621368408203,
      18.40345573425293,
      71.08898162841797,
      2.905134677886963,
      37.5172004699707,
      0.13325907289981842
    ],
    [
      38.446964263916016,
      29.004568099975586,
      48.479774475097656,
      37.447998046875,
      53.0892333984375,
      38.51069259643555,
      77.05233001708984,
      54.17967224121094,
      101.48234558105469,
      60.099491119384766,
      111.23136138916016,
      60.45780563354492,
      120.11238861083984,
      20.02975082397461,
      81.46395874023438,
      2.8241610527038574,
      48.75511169433594,
      0.2384461909532547
    ],
    [
      26.956754684448242,
      54.52786636352539,
      30.523426055908203,
      63.50732421875,
      36.55729293823242,
      61.145503997802734,
      45.177734375,
      70.34844207763672,
      60.099491119384766,
      75.59203338623047,
      63.57796096801758,
      60.19424819946289,
      100.20536041259766,
      20.61583709716797,
      66.28536987304688,
      3.651123285293579,
      34.37118148803711,
      0.21893377602100372
    ],
    [
      46.31008529663086,
      36.6240348815918,
      51.289058685302734,
      38.21711730957031,
      56.199825286865234,
      39.46767807006836,
      82.51737976074219,
      56.467594146728516,
      111.23136138916016,
      63.57796096801758,
      154.2073974609375,
      73.208251953125,
      154.15234375,
      23.883888244628906,
      106.28101348876953,
      2.7829177379608154,
      65.02983856201172,
      0.2532620131969452
    ],
    [
      26.519466400146484,
      44.270565032958984,
      26.740360260009766,
      46.426544189453125,
      28.875993728637695,
      45.81376647949219,
      43.14896011352539,
      55.57208251953125,
      60.45780563354492,
      60.19424819946289,
      73.208251953125,
      60.541748046875,
      84.93292236328125,
      22.934364318847656,
      53.99336624145508,
      4.10195779800415,
      29.926584243774414,
      0.2917558550834656
    ],
    [
      78.26031494140625,
      90.53458404541016,
      81.4300537109375,
      105.43218231201172,
      87.31885528564453,
      91.10847473144531,
      102.2688217163086,
      106.73621368408203,
      120.11238861083984,
      100.20536041259766,
      154.15234375,
      84.93292236328125,
      225.54705810546875,
      30.0335693359375,
      163.69525146484375,
      4.236588478088379,
      98.06876373291016,
      0.24880832433700562
    ],
    [
      5.3987202644348145,
      12.432849884033203,
      9.05573844909668,
      14.652535438537598,
      9.345959663391113,
      15.265924453735352,
      14.69642162322998,
      18.40345573425293,
      20.02975082397461,
      20.61583709716797,
      23.883888244628906,
      22.934364318847656,
      30.0335693359375,
      15.940662384033203,
      20.924104690551758,
      3.9289488792419434,
      13.59218692779541,
      0.3375329077243805
    ],
    [
      58.35277557373047,
      60.12598419189453,
      57.269683837890625,
      70.25568389892578,
      62.50261688232422,
      61.455379486083984,
      70.65568542480469,
      71.08898162841797,
      81.46395874023438,
      66.28536987304688,
      106.28101348876953,
      53.99336624145508,
      163.69525146484375,
      20.924104690551758,
      131.1097412109375,
      3.6788723468780518,
      83.62593078613281,
      0.23052023351192474
    ],
    [
      0.9846471548080444,
      1.7972391843795776,
      1.9732944965362549,
      2.3222761154174805,
      1.7091602087020874,
      2.786538600921631,
      2.423708438873291,
      2.905134677886963,
      2.8241610527038574,
      3.651123285293579,
      2.7829177379608154,
      4.10195779800415,
      4.236588478088379,
      3.9289488792419434,
      3.6788723468780518,
      1.7362204790115356,
      2.601503610610962,
      0.17996810376644135
    ],
    [
      29.2404842376709,
      29.69591522216797,
      28.884214401245117,
      34.90660858154297,
      35.70893096923828,
      32.35000228881836,
      41.01976013183594,
      37.5172004699707,
      48.75511169433594,
      34.37118148803711,
      65.02983856201172,
      29.926584243774414,
      98.06876373291016,
      13.59218692779541,
      83.62593078613281,
      2.601503610610962,
      59.27887725830078,
      0.17443087697029114
    ],
    [
      0.11045283079147339,
      0.11017531156539917,
      0.14953260123729706,
      0.06342419981956482,
      0.04147946462035179,
      0.11891142278909683,
      0.15348564088344574,
      0.13325907289981842,
      0.2384461909532547,
      0.21893377602100372,
      0.2532620131969452,
      0.2917558550834656,
      0.24880832433700562,
      0.3375329077243805,
      0.23052023351192474,
      0.17996810376644135,
      0.17443087697029114,
      0.02399536222219467
    ]
  ],
  "covariance_short": [
    [
      143.57199096679688,
      66.74421691894531,
      97.75596618652344,
      70.02534484863281,
      52.465599060058594,
      32.6517448425293,
      42.721981048583984,
      31.841136932373047,
      29.79582405090332,
      24.337890625,
      42.63711166381836,
      23.09698486328125,
      71.93841552734375,
      3.2330262660980225,
      50.41127014160156,
      1.0373479127883911,
      24.747528076171875,
      0.13399487733840942
    ],
    [
      66.74421691894531,
      89.83259582519531,
      53.12677764892578,
      78.1819839477539,
      29.58564567565918,
      52.60212326049805,
      29.666446685791016,
      53.73432922363281,
      30.732398986816406,
      49.454708099365234,
      42.940025329589844,
      41.065162658691406,
      79.60323333740234,
      9.444265365600586,
      49.44674301147461,
      1.3471156358718872,
      23.571306228637695,
      0.0956801027059555
    ],
    [
      97.75596618652344,
      53.12677764892578,
      102.91217041015625,
      70.03971862792969,
      57.750343322753906,
      34.92528533935547,
      58.88131332397461,
      35.597110748291016,
      45.378517150878906,
      26.593523025512695,
      56.46294021606445,
      23.294357299804688,
      82.36719512939453,
      6.515249729156494,
      56.085453033447266,
      1.719558835029602,
      26.779098510742188,
      0.16366682946681976
    ],
    [
      70.02534484863281,
      78.1819839477539,
      70.03971862792969,
      104.87981414794922,
      47.21912384033203,
      73.26944732666016,
      45.36595153808594,
      73.28035736083984,
      35.1656379699707,
      61.652652740478516,
      42.1766242980957,
      44.27960968017578,
      103.40290069580078,
      12.59119701385498,
      66.48688507080078,
      2.0324251651763916,
      31.481714248657227,
      0.07555162161588669
    ],
    [
      52.465599060058594,
      29.58564567565918,
      57.750343322753906,
      47.21912384033203,
      62.58327865600586,
      35.12725067138672,
      54.2769660949707,
      38.79364776611328,
      50.927040100097656,
      32.253780364990234,
      58.01553726196289,
      25.219995498657227,
      82.98128509521484,
      7.325052738189697,
      56.6348876953125,
      1.5126004219055176,
      29.704790115356445,
      0.045464057475328445
    ],
    [
      32.6517448425293,
      52.60212326049805,
      34.92528533935547,
      73.26944732666016,
      35.12725067138672,
      68.01109313964844,
      38.08905029296875,
      66.63511657714844,
      36.37301254272461,
      59.311607360839844,
      42.54798889160156,
      43.69041442871094,
      92.04354095458984,
      13.579989433288574,
      60.20621871948242,
      2.4112513065338135,
      30.923194885253906,
      0.1137431412935257
    ],
    [
      42.721981048583984,
      29.666446685791016,
      58.88131332397461,
      45.36595153808594,
      54.2769660949707,
      38.08905029296875,
      76.66744232177734,
      48.69700241088867,
      77.31149291992188,
      43.66669464111328,
      88.44351196289062,
      39.82326889038086,
      102.74808502197266,
      11.423721313476562,
      68.23614501953125,
      1.7447510957717896,
      36.871681213378906,
      0.12356659024953842
    ],
    [
      31.841136932373047,
      53.73432922363281,
      35.597110748291016,
      73.28035736083984,
      38.79364776611328,
      66.63511657714844,
      48.69700241088867,
      79.216552734375,
      54.5376091003418,
      69.40908813476562,
      61.94644546508789,
      53.592708587646484,
      104.2175064086914,
      16.335851669311523,
      65.94233703613281,
      2.5639898777008057,
      32.67988204956055,
      0.1385202705860138
    ],
    [
      29.79582405090332,
      30.732398986816406,
      45.378517150878906,
      35.1656379699707,
      50.927040100097656,
      36.37301254272461,
      77.31149291992188,
      54.5376091003418,
      106.80226135253906,
      61.552223205566406,
      120.76163482666016,
      58.5623779296875,
      123.8718032836914,
      16.932636260986328,
      80.14865112304688,
      2.3041019439697266,
      44.036617279052734,
      0.21297171711921692
    ],
    [
      24.337890625,
      49.454708099365234,
      26.593523025512695,
      61.652652740478516,
      32.253780364990234,
      59.311607360839844,
      43.66669464111328,
      69.40908813476562,
      61.552223205566406,
      77.17719268798828,
      70.34207916259766,
      59.03382110595703,
      99.13573455810547,
      18.649860382080078,
      61.50465774536133,
      3.300556182861328,
      29.401090621948242,
      0.2262858897447586
    ],
    [
      42.63711166381836,
      42.940025329589844,
      56.46294021606445,
      42.1766242980957,
      58.01553726196289,
      42.54798889160156,
      88.44351196289062,
      61.94644546508789,
      120.76163482666016,
      70.34207916259766,
      167.31446838378906,
      74.5691146850586,
      163.06805419921875,
      21.816015243530273,
      105.98177337646484,
      2.795518636703491,
      58.87691879272461,
      0.2863978445529938
    ],
    [
      23.09698486328125,
      41.065162658691406,
      23.294357299804688,
      44.27960968017578,
      25.219995498657227,
      43.69041442871094,
      39.82326889038086,
      53.592708587646484,
      58.5623779296875,
      59.03382110595703,
      74.5691146850586,
      61.31804656982422,
      80.51905822753906,
      21.27267074584961,
      47.38417434692383,
      3.861130475997925,
      23.779691696166992,
      0.31403857469558716
    ],
    [
      71.93841552734375,
      79.60323333740234,
      82.36719512939453,
      103.40290069580078,
      82.98128509521484,
      92.04354095458984,
      102.74808502197266,
      104.2175064086914,
      123.8718032836914,
      99.13573455810547,
      163.06805419921875,
      80.51905822753906,
      220.561767578125,
      24.596698760986328,
      151.91819763183594,
      3.177600383758545,
      84.8326416015625,
      0.18064245581626892
    ],
    [
      3.2330262660980225,
      9.444265365600586,
      6.515249729156494,
      12.59119701385498,
      7.325052738189697,
      13.579989433288574,
      11.423721313476562,
      16.335851669311523,
      16.932636260986328,
      18.649860382080078,
      21.816015243530273,
      21.27267074584961,
      24.596698760986328,
      16.412036895751953,
      16.183853149414062,
      3.6508965492248535,
      9.471382141113281,
      0.35073938965797424
    ],
    [
      50.41127014160156,
      49.44674301147461,
      56.085453033447266,
      66.48688507080078,
      56.6348876953125,
      60.20621871948242,
      68.23614501953125,
      65.94233703613281,
      80.14865112304688,
      61.50465774536133,
      105.98177337646484,
      47.38417434692383,
      151.91819763183594,
      16.183853149414062,
      117.73265075683594,
      2.608393907546997,
      70.77023315429688,
      0.16021841764450073
    ],
    [
      1.0373479127883911,
      1.3471156358718872,
      1.719558835029602,
      2.0324251651763916,
      1.5126004219055176,
      2.4112513065338135,
      1.7447510957717896,
      2.5639898777008057,
      2.3041019439697266,
      3.300556182861328,
      2.795518636703491,
      3.861130475997925,
      3.177600383758545,
      3.6508965492248535,
      2.608393907546997,
      1.7860286235809326,
      1.6220557689666748,
      0.20436400175094604
    ],
    [
      24.747528076171875,
      23.571306228637695,
      26.779098510742188,
      31.481714248657227,
      29.704790115356445,
      30.923194885253906,
      36.871681213378906,
      32.67988204956055,
      44.036617279052734,
      29.401090621948242,
      58.87691879272461,
      23.779691696166992,
      84.8326416015625,
      9.471382141113281,
      70.77023315429688,
      1.6220557689666748,
      48.28974914550781,
      0.1026577278971672
    ],
    [
      0.13399487733840942,
      0.0956801027059555,
      0.16366682946681976,
      0.07555162161588669,
      0.045464057475328445,
      0.1137431412935257,
      0.12356659024953842,
      0.1385202705860138,
      0.21297171711921692,
      0.2262858897447586,
      0.2863978445529938,
      0.31403857469558716,
      0.18064245581626892,
      0.35073938965797424,
      0.16021841764450073,
      0.20436400175094604,
      0.1026577278971672,
      0.034638769924640656
    ]
  ],
  "damage": -12.01915454864502,
  "diff_bandwidth": 451.5582580566406,
  "dissonance": 6.874356877229289,
  "drr": 0.11011285334825516,
  "dynamics": 5.94716739654541,
  "format": 1245190,
  "frames": 1336256,
  "loudness": -21.52187156677246,
  "loudness_range": 20.506839752197266,
  "loudness_range_short": 22.506093978881836,
  "lowpass_true_peak_15khz": -2.1866157054901123,
  "mastering3_acoustic_entropies": [
    {
      "acoustic_entropy": 8.535972595214844,
      "acoustic_entropy_mono": 8.535784721374512,
      "band_eliminated_acoustic_entropies": [
        {
          "acoustic_entropy": 8.59007453918457,
          "acoustic_entropy_side": 8.53596019744873,
          "hz": 129.47220167065723
        },
        {
          "acoustic_entropy": 7.695473670959473,
          "acoustic_entropy_side": 8.535734176635742,
          "hz": 202.92927478742237
        },
        {
          "acoustic_entropy": 8.559144973754883,
          "acoustic_entropy_side": 8.535772323608398,
          "hz": 282.89161906338205
        },
        {
          "acoustic_entropy": 8.465250968933105,
          "acoustic_entropy_side": 8.535236358642578,
          "hz": 369.9353335868758
        },
        {
          "acoustic_entropy": 8.537996292114258,
          "acoustic_entropy_side": 8.535737037658691,
          "hz": 464.6875360973435
        },
        {
          "acoustic_entropy": 8.526527404785156,
          "acoustic_entropy_side": 8.53425121307373,
          "hz": 567.8308811364784
        },
        {
          "acoustic_entropy": 8.443262100219727,
          "acoustic_entropy_side": 8.533441543579102,
          "hz": 680.1084783214808
        },
        {
          "acoustic_entropy": 8.506355285644531,
          "acoustic_entropy_side": 8.535026550292969,
          "hz": 802.3292461747484
        },
        {
          "acoustic_entropy": 8.56110954284668,
          "acoustic_entropy_side": 8.5362548828125,
          "hz": 935.3737400823702
        },
        {
          "acoustic_entropy": 8.577413558959961,
          "acoustic_entropy_side": 8.537123680114746,
          "hz": 1080.2004963696966
        },
        {
          "acoustic_entropy": 8.476778984069824,
          "acoustic_entropy_side": 8.537887573242188,
          "hz": 1237.8529382007157
        },
        {
          "acoustic_entropy": 8.268816947937012,
          "acoustic_entropy_side": 8.535921096801758,
          "hz": 1409.4668930556702
        },
        {
          "acoustic_entropy": 8.569070816040039,
          "acoustic_entropy_side": 8.535490036010742,
          "hz": 1596.2787759475705
        },
        {
          "acoustic_entropy": 8.509358406066895,
          "acoustic_entropy_side": 8.535614013671875,
          "hz": 1799.6344973346393
        },
        {
          "acoustic_entropy": 7.760009765625,
          "acoustic_entropy_side": 8.53675651550293,
          "hz": 2020.9991599069049
        },
        {
          "acoustic_entropy": 8.530939102172852,
          "acoustic_entropy_side": 8.536805152893066,
          "hz": 2261.9676141086993
        },
        {
          "acoustic_entropy": 8.523472785949707,
          "acoustic_entropy_side": 8.5364990234375,
          "hz": 2524.2759484456974
        },
        {
          "acoustic_entropy": 8.529739379882812,
          "acoustic_entropy_side": 8.536063194274902,
          "hz": 2809.813997359896
        },
        {
          "acoustic_entropy": 8.799483299255371,
          "acoustic_entropy_side": 8.536436080932617,
          "hz": 3120.6389567871424
        },
        {
          "acoustic_entropy": 8.416069984436035,
          "acoustic_entropy_side": 8.536020278930664,
          "hz": 3458.990205492291
        },
        {
          "acoustic_entropy": 8.477884292602539,
          "acoustic_entropy_side": 8.535979270935059,
          "hz": 3827.305438964164
        },
        {
          "acoustic_entropy": 8.400933265686035,
          "acoustic_entropy_side": 8.535999298095703,
          "hz": 4228.238232109126
        },
        {
          "acoustic_entropy": 8.314189910888672,
          "acoustic_entropy_side": 8.53600788116455,
          "hz": 4664.6771572759235
        },
        {
          "acoustic_entropy": 8.380572319030762,
          "acoustic_entropy_side": 8.53597640991211,
          "hz": 5139.766595350093
        },
        {
          "acoustic_entropy": 8.4865140914917,
          "acoustic_entropy_side": 8.535968780517578,
          "hz": 5656.929389854203
        },
        {
          "acoustic_entropy": 8.499959945678711,
          "acoustic_entropy_side": 8.53597354888916,
          "hz": 6219.891507268283
        },
        {
          "acoustic_entropy": 8.368551254272461,
          "acoustic_entropy_side": 8.535982131958008,
          "hz": 6832.70888123896
        },
        {
          "acoustic_entropy": 8.405205726623535,
          "acoustic_entropy_side": 8.535969734191895,
          "hz": 7499.796634079867
        },
        {
          "acoustic_entropy": 8.38671588897705,
          "acoustic_entropy_side": 8.535971641540527,
          "hz": 8225.96088609342
        },
        {
          "acoustic_entropy": 8.404876708984375,
          "acoustic_entropy_side": 8.535972595214844,
          "hz": 9016.43338188839
        },
        {
          "acoustic_entropy": 8.410341262817383,
          "acoustic_entropy_side": 8.535971641540527,
          "hz": 9876.909183162974
        },
        {
          "acoustic_entropy": 8.410235404968262,
          "acoustic_entropy_side": 8.535972595214844,
          "hz": 10813.587699516042
        },
        {
          "acoustic_entropy": 8.417131423950195,
          "acoustic_entropy_side": 8.535972595214844,
          "hz": 11833.21735289826
        },
        {
          "acoustic_entropy": 8.425107955932617,
          "acoustic_entropy_side": 8.535972595214844,
          "hz": 12943.144197493959
        },
        {
          "acoustic_entropy": 8.445067405700684,
          "acoustic_entropy_side": 8.535972595214844,
          "hz": 14151.364845322005
        },
        {
          "acoustic_entropy": 8.490158081054688,
          "acoustic_entropy_side": 8.535972595214844,
          "hz": 15466.58407886509
        },
        {
          "acoustic_entropy": 8.520954132080078,
          "acoustic_entropy_side": 8.535972595214844,
          "hz": 16898.27756580493
        },
        {
          "acoustic_entropy": 8.534818649291992,
          "acoustic_entropy_side": 8.535972595214844,
          "hz": 18456.760127700032
        },
        {
          "acoustic_entropy": 8.535917282104492,
          "acoustic_entropy_side": 8.535972595214844,
          "hz": 20153.260054456492
        },
        {
          "acoustic_entropy": 8.535971641540527,
          "acoustic_entropy_side": 8.535972595214844,
          "hz": 22000.00000000001
        }
      ],
      "diff_acoustic_entropy": 5.167367935180664,
      "sn": 6
    },
    {
      "acoustic_entropy": 11.32168960571289,
      "acoustic_entropy_mono": 11.32243824005127,
      "band_eliminated_acoustic_entropies": [
        {
          "acoustic_entropy": 11.4614839553833,
          "acoustic_entropy_side": 11.321949005126953,
          "hz": 129.47220167065723
        },
        {
          "acoustic_entropy": 11.172261238098145,
          "acoustic_entropy_side": 11.323456764221191,
          "hz": 202.92927478742237
        },
        {
          "acoustic_entropy": 11.686558723449707,
          "acoustic_entropy_side": 11.321118354797363,
          "hz": 282.89161906338205
        },
        {
          "acoustic_entropy": 11.661911964416504,
          "acoustic_entropy_side": 11.310531616210938,
          "hz": 369.9353335868758
        },
        {
          "acoustic_entropy": 11.607232093811035,
          "acoustic_entropy_side": 11.321085929870605,
          "hz": 464.6875360973435
        },
        {
          "acoustic_entropy": 11.108251571655273,
          "acoustic_entropy_side": 11.318151473999023,
          "hz": 567.8308811364784
        },
        {
          "acoustic_entropy": 11.238757133483887,
          "acoustic_entropy_side": 11.331659317016602,
          "hz": 680.1084783214808
        },
        {
          "acoustic_entropy": 11.232261657714844,
          "acoustic_entropy_side": 11.31367301940918,
          "hz": 802.3292461747484
        },
        {
          "acoustic_entropy": 11.60097599029541,
          "acoustic_entropy_side": 11.322001457214355,
          "hz": 935.3737400823702
        },
        {
          "acoustic_entropy": 11.730079650878906,
          "acoustic_entropy_side": 11.320220947265625,
          "hz": 1080.2004963696966
        },
        {
          "acoustic_entropy": 11.20859432220459,
          "acoustic_entropy_side": 11.315176963806152,
          "hz": 1237.8529382007157
        },
        {
          "acoustic_entropy": 11.548786163330078,
          "acoustic_entropy_side": 11.323976516723633,
          "hz": 1409.4668930556702
        },
        {
          "acoustic_entropy": 11.475523948669434,
          "acoustic_entropy_side": 11.314613342285156,
          "hz": 1596.2787759475705
        },
        {
          "acoustic_entropy": 11.600984573364258,
          "acoustic_entropy_side": 11.319503784179688,
          "hz": 1799.6344973346393
        },
        {
          "acoustic_entropy": 10.700675964355469,
          "acoustic_entropy_side": 11.328378677368164,
          "hz": 2020.9991599069049
        },
        {
          "acoustic_entropy": 11.353882789611816,
          "acoustic_entropy_side": 11.323283195495605,
          "hz": 2261.9676141086993
        },
        {
          "acoustic_entropy": 11.564937591552734,
          "acoustic_entropy_side": 11.322998046875,
          "hz": 2524.2759484456974
        },
        {
          "acoustic_entropy": 11.35673999786377,
          "acoustic_entropy_side": 11.32712173461914,
          "hz": 2809.813997359896
        },
        {
          "acoustic_entropy": 11.406070709228516,
          "acoustic_entropy_side": 11.325115203857422,
          "hz": 3120.6389567871424
        },
        {
          "acoustic_entropy": 11.176056861877441,
          "acoustic_entropy_side": 11.32144832611084,
          "hz": 3458.990205492291
        },
        {
          "acoustic_entropy": 11.328230857849121,
          "acoustic_entropy_side": 11.322501182556152,
          "hz": 3827.305438964164
        },
        {
          "acoustic_entropy": 11.183587074279785,
          "acoustic_entropy_side": 11.323579788208008,
          "hz": 4228.238232109126
        },
        {
          "acoustic_entropy": 11.012772560119629,
          "acoustic_entropy_side": 11.322100639343262,
          "hz": 4664.6771572759235
        },
        {
          "acoustic_entropy": 11.13732624053955,
          "acoustic_entropy_side": 11.321823120117188,
          "hz": 5139.766595350093
        },
        {
          "acoustic_entropy": 11.271599769592285,
          "acoustic_entropy_side": 11.321733474731445,
          "hz": 5656.929389854203
        },
        {
          "acoustic_entropy": 11.326188087463379,
          "acoustic_entropy_side": 11.321873664855957,
          "hz": 6219.891507268283
        },
        {
          "acoustic_entropy": 11.287147521972656,
          "acoustic_entropy_side": 11.322510719299316,
          "hz": 6832.70888123896
        },
        {
          "acoustic_entropy": 11.29796028137207,
          "acoustic_entropy_side": 11.321681022644043,
          "hz": 7499.796634079867
        },
        {
          "acoustic_entropy": 11.241748809814453,
          "acoustic_entropy_side": 11.321695327758789,
          "hz": 8225.96088609342
        },
        {
          "acoustic_entropy": 11.264443397521973,
          "acoustic_entropy_side": 11.321690559387207,
          "hz": 9016.43338188839
        },
        {
          "acoustic_entropy": 11.251022338867188,
          "acoustic_entropy_side": 11.32168960571289,
          "hz": 9876.909183162974
        },
        {
          "acoustic_entropy": 11.262293815612793,
          "acoustic_entropy_side": 11.32168960571289,
          "hz": 10813.587699516042
        },
        {
          "acoustic_entropy": 11.259856224060059,
          "acoustic_entropy_side": 11.321688652038574,
          "hz": 11833.21735289826
        },
        {
          "acoustic_entropy": 11.258308410644531,
          "acoustic_entropy_side": 11.32168960571289,
          "hz": 12943.144197493959
        },
        {
          "acoustic_entropy": 11.272749900817871,
          "acoustic_entropy_side": 11.32168960571289,
          "hz": 14151.364845322005
        },
        {
          "acoustic_entropy": 11.277763366699219,
          "acoustic_entropy_side": 11.32168960571289,
          "hz": 15466.58407886509
        },
        {
          "acoustic_entropy": 11.297843933105469,
          "acoustic_entropy_side": 11.32168960571289,
          "hz": 16898.27756580493
        },
        {
          "acoustic_entropy": 11.315592765808105,
          "acoustic_entropy_side": 11.32168960571289,
          "hz": 18456.760127700032
        },
        {
          "acoustic_entropy": 11.321019172668457,
          "acoustic_entropy_side": 11.32168960571289,
          "hz": 20153.260054456492
        },
        {
          "acoustic_entropy": 11.3216552734375,
          "acoustic_entropy_side": 11.32168960571289,
          "hz": 22000.00000000001
        }
      ],
      "diff_acoustic_entropy": 6.037333011627197,
      "sn": 12
    },
    {
      "acoustic_entropy": 15.643424034118652,
      "acoustic_entropy_mono": 15.009893417358398,
      "band_eliminated_acoustic_entropies": [
        {
          "acoustic_entropy": 15.634697914123535,
          "acoustic_entropy_side": 15.516215324401855,
          "hz": 129.47220167065723
        },
        {
          "acoustic_entropy": 14.840559005737305,
          "acoustic_entropy_side": 15.137725830078125,
          "hz": 202.92927478742237
        },
        {
          "acoustic_entropy": 15.698285102844238,
          "acoustic_entropy_side": 15.6160249710083,
          "hz": 282.89161906338205
        },
        {
          "acoustic_entropy": 15.636996269226074,
          "acoustic_entropy_side": 15.347529411315918,
          "hz": 369.9353335868758
        },
        {
          "acoustic_entropy": 15.384300231933594,
          "acoustic_entropy_side": 15.576855659484863,
          "hz": 464.6875360973435
        },
        {
          "acoustic_entropy": 15.716236114501953,
          "acoustic_entropy_side": 15.618866920471191,
          "hz": 567.8308811364784
        },
        {
          "acoustic_entropy": 15.291444778442383,
          "acoustic_entropy_side": 15.601227760314941,
          "hz": 680.1084783214808
        },
        {
          "acoustic_entropy": 15.745594024658203,
          "acoustic_entropy_side": 15.640093803405762,
          "hz": 802.3292461747484
        },
        {
          "acoustic_entropy": 15.879359245300293,
          "acoustic_entropy_side": 15.850138664245605,
          "hz": 935.3737400823702
        },
        {
          "acoustic_entropy": 15.48947811126709,
          "acoustic_entropy_side": 15.796055793762207,
          "hz": 1080.2004963696966
        },
        {
          "acoustic_entropy": 14.874698638916016,
          "acoustic_entropy_side": 15.759861946105957,
          "hz": 1237.8529382007157
        },
        {
          "acoustic_entropy": 15.903902053833008,
          "acoustic_entropy_side": 15.58135986328125,
          "hz": 1409.4668930556702
        },
        {
          "acoustic_entropy": 15.742521286010742,
          "acoustic_entropy_side": 15.608153343200684,
          "hz": 1596.2787759475705
        },
        {
          "acoustic_entropy": 15.463412284851074,
          "acoustic_entropy_side": 15.660402297973633,
          "hz": 1799.6344973346393
        },
        {
          "acoustic_entropy": 15.361348152160645,
          "acoustic_entropy_side": 15.679381370544434,
          "hz": 2020.9991599069049
        },
        {
          "acoustic_entropy": 15.958065032958984,
          "acoustic_entropy_side": 15.563702583312988,
          "hz": 2261.9676141086993
        },
        {
          "acoustic_entropy": 15.695844650268555,
          "acoustic_entropy_side": 15.573330879211426,
          "hz": 2524.2759484456974
        },
        {
          "acoustic_entropy": 15.730015754699707,
          "acoustic_entropy_side": 15.749320983886719,
          "hz": 2809.813997359896
        },
        {
          "acoustic_entropy": 15.358535766601562,
          "acoustic_entropy_side": 15.587306022644043,
          "hz": 3120.6389567871424
        },
        {
