{
  "acoustic_entropy": 200.84750366210938,
  "bands": [
    {
      "high_freq": 148.1999969482422,
      "loudness": -22.60822868347168,
      "loudness_range": 20.44469451904297,
      "mid_mean": -19.229705810546875,
      "mid_to_side_loudness": -29.13047981262207,
      "mid_to_side_loudness_range": 34.472599029541016,
      "side_mean": -51.234188079833984
    },
    {
      "high_freq": 392.3793640136719,
      "loudness": -21.926803588867188,
      "loudness_range": 14.3967924118042,
      "low_freq": 148.1999969482422,
      "mid_mean": -18.601627349853516,
      "mid_to_side_loudness": -13.48910903930664,
      "mid_to_side_loudness_range": 18.86520767211914,
      "side_mean": -32.24668502807617
    },
    {
      "high_freq": 794.6976318359375,
      "loudness": -23.760515213012695,
      "loudness_range": 17.11577796936035,
      "low_freq": 392.3793640136719,
      "mid_mean": -20.42327308654785,
      "mid_to_side_loudness": -13.016956329345703,
      "mid_to_side_loudness_range": 14.173896789550781,
      "side_mean": -33.28541946411133
    },
    {
      "high_freq": 1457.5709228515625,
      "loudness": -30.566837310791016,
      "loudness_range": 18.333860397338867,
      "low_freq": 794.6976318359375,
      "mid_mean": -27.448348999023438,
      "mid_to_side_loudness": -10.887136459350586,
      "mid_to_side_loudness_range": 17.231426239013672,
      "side_mean": -38.029685974121094
    },
    {
      "high_freq": 2549.74365234375,
      "loudness": -30.43175506591797,
      "loudness_range": 19.219350814819336,
      "low_freq": 1457.5709228515625,
      "mid_mean": -27.134864807128906,
      "mid_to_side_loudness": -13.114116668701172,
      "mid_to_side_loudness_range": 16.749589920043945,
      "side_mean": -40.05228042602539
    },
    {
      "high_freq": 4349.24462890625,
      "loudness": -32.90208435058594,
      "loudness_range": 19.569683074951172,
      "low_freq": 2549.74365234375,
      "mid_mean": -29.46175765991211,
      "mid_to_side_loudness": -16.380735397338867,
      "mid_to_side_loudness_range": 18.799158096313477,
      "side_mean": -46.51442337036133
    },
    {
      "high_freq": 7314.1640625,
      "loudness": -34.919403076171875,
      "loudness_range": 17.431123733520508,
      "low_freq": 4349.24462890625,
      "mid_mean": -31.48643684387207,
      "mid_to_side_loudness": -15.421087265014648,
      "mid_to_side_loudness_range": 17.748889923095703,
      "side_mean": -47.17619323730469
    },
    {
      "high_freq": 12199.2666015625,
      "loudness": -35.454044342041016,
      "loudness_range": 16.238561630249023,
      "low_freq": 7314.1640625,
      "mid_mean": -32.29179763793945,
      "mid_to_side_loudness": -12.416872024536133,
      "mid_to_side_loudness_range": 16.10747528076172,
      "side_mean": -43.35492706298828
    },
    {
      "loudness": -45.51082992553711,
      "loudness_range": 17.03662872314453,
      "low_freq": 12199.2666015625,
      "mid_mean": -42.38705825805664,
      "mid_to_side_loudness": -12.836112022399902,
      "mid_to_side_loudness_range": 22.128782272338867,
      "side_mean": -56.58725357055664
    }
  ],
  "bands_short": [
    {
      "high_freq": 148.1999969482422,
      "loudness": -25.80034828186035,
      "loudness_range": 33.65346145629883,
      "mid_mean": -22.7734317779541,
      "mid_to_side_loudness": -26.640380859375,
      "mid_to_side_loudness_range": 39.782135009765625,
      "side_mean": -56.153141021728516
    },
    {
      "high_freq": 392.3793640136719,
      "loudness": -23.0129337310791,
      "loudness_range": 16.85612678527832,
      "low_freq": 148.1999969482422,
      "mid_mean": -19.772178649902344,
      "mid_to_side_loudness": -13.10632610321045,
      "mid_to_side_loudness_range": 21.997344970703125,
      "side_mean": -33.71178436279297
    },
    {
      "high_freq": 794.6976318359375,
      "loudness": -25.294876098632812,
      "loudness_range": 21.048431396484375,
      "low_freq": 392.3793640136719,
      "mid_mean": -22.094406127929688,
      "mid_to_side_loudness": -12.463611602783203,
      "mid_to_side_loudness_range": 17.904382705688477,
      "side_mean": -34.635963439941406
    },
    {
      "high_freq": 1457.5709228515625,
      "loudness": -30.208620071411133,
      "loudness_range": 21.14718246459961,
      "low_freq": 794.6976318359375,
      "mid_mean": -27.247289657592773,
      "mid_to_side_loudness": -10.641111373901367,
      "mid_to_side_loudness_range": 19.257783889770508,
      "side_mean": -37.831825256347656
    },
    {
      "high_freq": 2549.74365234375,
      "loudness": -32.43678665161133,
      "loudness_range": 24.09866714477539,
      "low_freq": 1457.5709228515625,
      "mid_mean": -29.299345016479492,
      "mid_to_side_loudness": -12.149223327636719,
      "mid_to_side_loudness_range": 19.078182220458984,
      "side_mean": -41.59930419921875
    },
    {
      "high_freq": 4349.24462890625,
      "loudness": -35.569950103759766,
      "loudness_range": 26.223983764648438,
      "low_freq": 2549.74365234375,
      "mid_mean": -32.26079177856445,
      "mid_to_side_loudness": -14.373894691467285,
      "mid_to_side_loudness_range": 22.45885467529297,
      "side_mean": -48.22874450683594
    },
    {
      "high_freq": 7314.1640625,
      "loudness": -38.914554595947266,
      "loudness_range": 27.67909049987793,
      "low_freq": 4349.24462890625,
      "mid_mean": -35.843223571777344,
      "mid_to_side_loudness": -15.045186996459961,
      "mid_to_side_loudness_range": 24.567142486572266,
      "side_mean": -54.93452835083008
    },
    {
      "high_freq": 12199.2666015625,
      "loudness": -39.297183990478516,
      "loudness_range": 28.452285766601562,
      "low_freq": 7314.1640625,
      "mid_mean": -36.5384521484375,
      "mid_to_side_loudness": -13.714269638061523,
      "mid_to_side_loudness_range": 24.16110610961914,
      "side_mean": -55.906959533691406
    },
    {
      "loudness": -48.95597839355469,
      "loudness_range": 29.350135803222656,
      "low_freq": 12199.2666015625,
      "mid_mean": -47.77032470703125,
      "mid_to_side_loudness": -13.625195503234863,
      "mid_to_side_loudness_range": 24.233440399169922,
      "side_mean": -61.608238220214844
    }
  ],
  "bandwidth": 407.5050048828125,
  "channels": 2,
  "covariance": [
    [
      62.18233871459961,
      17.328285217285156,
      7.41795539855957,
      1.291346549987793,
      2.5650815963745117,
      2.2807881832122803,
      -1.924309253692627,
      -1.8886414766311646,
      -4.99342155456543,
      -0.3319202661514282,
      -1.9299843311309814,
      4.388205528259277,
      2.781324625015259,
      20.73447608947754,
      8.170205116271973,
      16.365833282470703,
      5.351648807525635,
      23.420677185058594
    ],
    [
      17.328285217285156,
      69.98963928222656,
      11.767274856567383,
      29.59224510192871,
      17.62803840637207,
      28.730758666992188,
      14.739946365356445,
      29.0583438873291,
      5.8901686668396,
      20.573566436767578,
      6.065407752990723,
      24.457073211669922,
      6.104335308074951,
      18.184476852416992,
      7.534436225891113,
      15.454504013061523,
      13.130863189697266,
      25.701204299926758
    ],
    [
      7.41795539855957,
      11.767274856567383,
      26.889007568359375,
      11.09904670715332,
      6.662651538848877,
      1.3492732048034668,
      4.932635307312012,
      2.3554556369781494,
      2.044825792312622,
      3.957090377807617,
      8.418679237365723,
      5.279841423034668,
      11.766988754272461,
      12.552557945251465,
      16.313758850097656,
      17.454729080200195,
      9.314001083374023,
      20.38865089416504
    ],
    [
      1.291346549987793,
      29.59224510192871,
      11.09904670715332,
      40.71771240234375,
      16.645355224609375,
      30.742528915405273,
      16.504640579223633,
      33.575775146484375,
      5.548980712890625,
      20.30401611328125,
      2.9637372493743896,
      19.649097442626953,
      3.382281541824341,
      11.265583992004395,
      6.738728046417236,
      10.612915992736816,
      7.130671501159668,
      13.850194931030273
    ],
    [
      2.5650815963745117,
      17.62803840637207,
      6.662651538848877,
      16.645355224609375,
      38.2198371887207,
      29.253162384033203,
      24.72272491455078,
      24.24103546142578,
      19.55118751525879,
      20.67535972595215,
      18.52558135986328,
      25.0460147857666,
      10.218778610229492,
      15.169739723205566,
      14.537220001220703,
      12.858468055725098,
      20.313823699951172,
      17.850276947021484
    ],
    [
      2.2807881832122803,
      28.730758666992188,
      1.3492732048034668,
      30.742528915405273,
      29.253162384033203,
      48.654964447021484,
      23.348848342895508,
      42.3346061706543,
      14.633278846740723,
      30.65144920349121,
      9.668728828430176,
      30.82754135131836,
      4.999593257904053,
      13.012102127075195,
      7.37631368637085,
      7.646320819854736,
      13.692136764526367,
      14.056145668029785
    ],
    [
      -1.924309253692627,
      14.739946365356445,
      4.932635307312012,
      16.504640579223633,
      24.72272491455078,
      23.348848342895508,
      39.54783630371094,
      30.16288185119629,
      27.48953628540039,
      27.042753219604492,
      23.066875457763672,
      27.34400749206543,
      14.566483497619629,
      11.159409523010254,
      11.9225492477417,
      6.7188568115234375,
      16.713634490966797,
      11.965885162353516
    ],
    [
      -1.8886414766311646,
      29.0583438873291,
      2.3554556369781494,
      33.575775146484375,
      24.24103546142578,
      42.3346061706543,
      30.16288185119629,
      58.548561096191406,
      16.48227310180664,
      38.841365814208984,
      9.687948226928711,
      33.565250396728516,
      6.969869136810303,
      11.954479217529297,
      6.520082473754883,
      5.089666843414307,
      11.949966430664062,
      11.665682792663574
    ],
    [
      -4.99342155456543,
      5.8901686668396,
      2.044825792312622,
      5.548980712890625,
      19.55118751525879,
      14.633278846740723,
      27.48953628540039,
      16.48227310180664,
      45.987205505371094,
      29.82549476623535,
      36.61789321899414,
      30.836366653442383,
      19.5972957611084,
      7.52874231338501,
      9.675461769104004,
      -0.4856725037097931,
      17.451963424682617,
      6.951206684112549
    ],
    [
      -0.3319202661514282,
      20.573566436767578,
      3.957090377807617,
      20.30401611328125,
      20.67535972595215,
      30.65144920349121,
      27.042753219604492,
      38.841365814208984,
      29.82549476623535,
      53.977970123291016,
      20.581605911254883,
      44.96158218383789,
      12.527130126953125,
      16.312360763549805,
      9.548227310180664,
      4.794477462768555,
      16.083627700805664,
      14.438936233520508
    ],
    [
      -1.9299843311309814,
      6.065407752990723,
      8.418679237365723,
      2.9637372493743896,
      18.52558135986328,
      9.668728828430176,
      23.066875457763672,
      9.687948226928711,
      36.61789321899414,
      20.581605911254883,
      51.75558090209961,
      30.107389450073242,
      30.60718536376953,
      13.903425216674805,
      17.84362030029297,
      6.316699981689453,
      23.07799530029297,
      13.564494132995605
    ],
    [
      4.388205528259277,
      24.457073211669922,
      5.279841423034668,
      19.649097442626953,
      25.0460147857666,
      30.82754135131836,
      27.34400749206543,
      33.565250396728516,
      30.836366653442383,
      44.96158218383789,
      30.107389450073242,
      58.94376754760742,
      18.381460189819336,
      26.566308975219727,
      15.074692726135254,
      10.808815002441406,
      23.045198440551758,
      23.177207946777344
    ],
    [
      2.781324625015259,
      6.104335308074951,
      11.766988754272461,
      3.382281541824341,
      10.218778610229492,
      4.999593257904053,
      14.566483497619629,
      6.969869136810303,
      19.5972957611084,
      12.527130126953125,
      30.60718536376953,
      18.381460189819336,
      36.81427764892578,
      22.77727699279785,
      25.639080047607422,
      15.81934642791748,
      22.375764846801758,
      23.616588592529297
    ],
    [
      20.73447608947754,
      18.184476852416992,
      12.552557945251465,
      11.265583992004395,
      15.169739723205566,
      13.012102127075195,
      11.159409523010254,
      11.954479217529297,
      7.52874231338501,
      16.312360763549805,
      13.903425216674805,
      26.566308975219727,
      22.77727699279785,
      59.0573844909668,
      29.33855628967285,
      38.36737823486328,
      21.093067169189453,
      48.96179962158203
    ],
    [
      8.170205116271973,
      7.534436225891113,
      16.313758850097656,
      6.738728046417236,
      14.537220001220703,
      7.37631368637085,
      11.9225492477417,
      6.520082473754883,
      9.675461769104004,
      9.548227310180664,
      17.84362030029297,
      15.074692726135254,
      25.639080047607422,
      29.33855628967285,
      38.72775650024414,
      30.470504760742188,
      27.797555923461914,
      34.569801330566406
    ],
    [
      16.365833282470703,
      15.454504013061523,
      17.454729080200195,
      10.612915992736816,
      12.858468055725098,
      7.646320819854736,
      6.7188568115234375,
      5.089666843414307,
      -0.4856725037097931,
      4.794477462768555,
      6.316699981689453,
      10.808815002441406,
      15.81934642791748,
      38.36737823486328,
      30.470504760742188,
      68.51829528808594,
      15.089271545410156,
      51.34751510620117
    ],
    [
      5.351648807525635,
      13.130863189697266,
      9.314001083374023,
      7.130671501159668,
      20.313823699951172,
      13.692136764526367,
      16.713634490966797,
      11.949966430664062,
      17.451963424682617,
      16.083627700805664,
      23.07799530029297,
      23.045198440551758,
      22.375764846801758,
      21.093067169189453,
      27.797555923461914,
      15.089271545410156,
      44.40037155151367,
      21.110612869262695
    ],
    [
      23.420677185058594,
      25.701204299926758,
      20.38865089416504,
      13.850194931030273,
      17.850276947021484,
      14.056145668029785,
      11.965885162353516,
      11.665682792663574,
      6.951206684112549,
      14.438936233520508,
      13.564494132995605,
      23.177207946777344,
      23.616588592529297,
      48.96179962158203,
      34.569801330566406,
      51.34751510620117,
      21.110612869262695,
      64.3675308227539
    ]
  ],
  "covariance_short": [
    [
      138.97589111328125,
      32.95783615112305,
      16.234872817993164,
      0.47735586762428284,
      5.455612659454346,
      3.5929887294769287,
      3.549609422683716,
      -0.027379769831895828,
      7.249469757080078,
      3.734767436981201,
      13.480351448059082,
      12.735288619995117,
      11.387349128723145,
      22.808130264282227,
      6.5619611740112305,
      26.15188980102539,
      19.97463607788086,
      15.376803398132324
    ],
    [
      32.95783615112305,
      78.07716369628906,
      16.317663192749023,
      31.640167236328125,
      22.7076473236084,
      30.211627960205078,
      19.197895050048828,
      30.595691680908203,
      10.864871978759766,
      25.215229034423828,
      11.555702209472656,
      29.687467575073242,
      16.237916946411133,
      41.25663757324219,
      17.980587005615234,
      49.70625305175781,
      27.31290054321289,
      32.82362365722656
    ],
    [
      16.234872817993164,
      16.317663192749023,
      41.55207443237305,
      13.547826766967773,
      10.172523498535156,
      2.36057186126709,
      3.9037280082702637,
      0.6453728079795837,
      4.125975131988525,
      3.2870445251464844,
      9.294206619262695,
      7.275826930999756,
      11.801841735839844,
      18.658061981201172,
      18.867294311523438,
      32.00947189331055,
      21.688276290893555,
      21.455202102661133
    ],
    [
      0.47735586762428284,
      31.640167236328125,
      13.547826766967773,
      55.99299240112305,
      18.85453224182129,
      34.51848220825195,
      17.59474754333496,
      36.59794998168945,
      7.363962173461914,
      24.324071884155273,
      5.192178726196289,
      21.930747985839844,
      4.612021446228027,
      22.722854614257812,
      7.530400276184082,
      28.753204345703125,
      11.546196937561035,
      17.556093215942383
    ],
    [
      5.455612659454346,
      22.7076473236084,
      10.172523498535156,
      18.85453224182129,
      57.414642333984375,
      34.98374938964844,
      33.55002975463867,
      26.098756790161133,
      30.271825790405273,
      26.740137100219727,
      31.331167221069336,
      33.02619552612305,
      26.003896713256836,
      39.31083679199219,
      34.468658447265625,
      45.300113677978516,
      45.25476837158203,
      29.57709312438965
    ],
    [
      3.5929887294769287,
      30.211627960205078,
      2.36057186126709,
      34.51848220825195,
      34.98374938964844,
      57.9853630065918,
      25.254980087280273,
      43.580623626708984,
      17.240528106689453,
      34.12481689453125,
      13.248040199279785,
      34.19949722290039,
      11.009337425231934,
      33.58253479003906,
      14.624275207519531,
      37.054901123046875,
      22.48714828491211,
      24.84295082092285
    ],
    [
      3.549609422683716,
      19.197895050048828,
      3.9037280082702637,
      17.59474754333496,
      33.55002975463867,
      25.254980087280273,
      56.77372741699219,
      37.26061248779297,
      38.91792297363281,
      34.5379638671875,
      34.297821044921875,
      34.03366470336914,
      30.319562911987305,
      36.45684814453125,
      27.870853424072266,
      36.85537338256836,
      35.46369934082031,
      22.549823760986328
    ],
    [
      -0.027379769831895828,
      30.595691680908203,
      0.6453728079795837,
      36.59794998168945,
      26.098756790161133,
      43.580623626708984,
      37.26061248779297,
      66.50920867919922,
      22.202905654907227,
      43.96699905395508,
      13.963481903076172,
      37.289306640625,
      12.59066104888916,
      34.15407943725586,
      12.623332023620605,
      35.0261116027832,
      18.157419204711914,
      22.068378448486328
    ],
    [
      7.249469757080078,
      10.864871978759766,
      4.125975131988525,
      7.363962173461914,
      30.271825790405273,
      17.240528106689453,
      38.91792297363281,
      22.202905654907227,
      70.33731079101562,
      44.07980728149414,
      55.46207046508789,
      44.21249771118164,
      43.49503707885742,
      42.515296936035156,
      30.448564529418945,
      38.29197692871094,
      41.87491226196289,
      23.25544548034668
    ],
    [
      3.734767436981201,
      25.215229034423828,
      3.2870445251464844,
      24.324071884155273,
      26.740137100219727,
      34.12481689453125,
      34.5379638671875,
      43.96699905395508,
      44.07980728149414,
      69.29142761230469,
      30.342845916748047,
      56.820709228515625,
      24.245159149169922,
      48.31535720825195,
      20.71990203857422,
      46.974365234375,
      29.21465301513672,
      29.703540802001953
    ],
    [
      13.480351448059082,
      11.555702209472656,
      9.294206619262695,
      5.192178726196289,
      31.331167221069336,
      13.248040199279785,
      34.297821044921875,
      13.963481903076172,
      55.46207046508789,
      30.342845916748047,
      82.47735595703125,
      44.714962005615234,
      62.358787536621094,
      45.670650482177734,
      44.93900680541992,
      48.02677917480469,
      53.94076919555664,
      30.840988159179688
    ],
    [
      12.735288619995117,
      29.687467575073242,
      7.275826930999756,
      21.930747985839844,
      33.02619552612305,
      34.19949722290039,
      34.03366470336914,
      37.289306640625,
      44.21249771118164,
      56.820709228515625,
      44.714962005615234,
      80.14012145996094,
      37.095577239990234,
      70.24159240722656,
      34.493228912353516,
      70.22206115722656,
      46.3103141784668,
      44.67708206176758
    ],
    [
      11.387349128723145,
      16.237916946411133,
      11.801841735839844,
      4.612021446228027,
      26.003896713256836,
      11.009337425231934,
      30.319562911987305,
      12.59066104888916,
      43.49503707885742,
      24.245159149169922,
      62.358787536621094,
      37.095577239990234,
      94.19530487060547,
      60.7903938293457,
      68.90702056884766,
      71.80103302001953,
      67.99063873291016,
      47.176326751708984
    ],
    [
      22.808130264282227,
      41.25663757324219,
      18.658061981201172,
      22.722854614257812,
      39.31083679199219,
      33.58253479003906,
      36.45684814453125,
      34.15407943725586,
      42.515296936035156,
      48.31535720825195,
      45.670650482177734,
      70.24159240722656,
      60.7903938293457,
      129.8223419189453,
      65.6741943359375,
      137.17059326171875,
      76.87399291992188,
      86.44160461425781
    ],
    [
      6.5619611740112305,
      17.980587005615234,
      18.867294311523438,
      7.530400276184082,
      34.468658447265625,
      14.624275207519531,
      27.870853424072266,
      12.623332023620605,
      30.448564529418945,
      20.71990203857422,
      44.93900680541992,
      34.493228912353516,
      68.90702056884766,
      65.6741943359375,
      101.88197326660156,
      89.33129119873047,
      86.28362274169922,
      58.368080139160156
    ],
    [
      26.15188980102539,
      49.70625305175781,
      32.00947189331055,
      28.753204345703125,
      45.300113677978516,
      37.054901123046875,
      36.85537338256836,
      35.0261116027832,
      38.29197692871094,
      46.974365234375,
      48.02677917480469,
      70.22206115722656,
      71.80103302001953,
      137.17059326171875,
      89.33129119873047,
      181.0464630126953,
      95.70368194580078,
      115.12406921386719
    ],
    [
      19.97463607788086,
      27.31290054321289,
      21.688276290893555,
      11.546196937561035,
      45.25476837158203,
      22.48714828491211,
      35.46369934082031,
      18.157419204711914,
      41.87491226196289,
      29.21465301513672,
      53.94076919555664,
      46.3103141784668,
      67.99063873291016,
      76.87399291992188,
      86.28362274169922,
      95.70368194580078,
      128.13235473632812,
      59.53403854370117
    ],
    [
      15.376803398132324,
      32.82362365722656,
      21.455202102661133,
      17.556093215942383,
      29.57709312438965,
      24.84295082092285,
      22.549823760986328,
      22.068378448486328,
      23.25544548034668,
      29.703540802001953,
      30.840988159179688,
      44.67708206176758,
      47.176326751708984,
      86.44160461425781,
      58.368080139160156,
      115.12406921386719,
      59.53403854370117,
      82.66256713867188
    ]
  ],
  "damage": -6.3958868980407715,
  "diff_bandwidth": 405.7705078125,
  "dissonance": 6.855581303850604,
  "drr": 1.5663965940475464,
  "dynamics": 3.4538261890411377,
  "format": 1245190,
  "frames": 12157888,
  "loudness": -11.91668701171875,
  "loudness_range": 8.279873847961426,
  "loudness_range_short": 12.66468620300293,
  "lowpass_true_peak_15khz": 0.7263959050178528,
  "mastering3_acoustic_entropies": [
    {
      "acoustic_entropy": 9.225931167602539,
      "acoustic_entropy_mono": 9.211527824401855,
      "band_eliminated_acoustic_entropies": [
        {
          "acoustic_entropy": 9.813481330871582,
          "acoustic_entropy_side": 9.225931167602539,
          "hz": 129.47220167065723
        },
        {
          "acoustic_entropy": 9.913671493530273,
          "acoustic_entropy_side": 9.22602367401123,
          "hz": 202.92927478742237
        },
        {
          "acoustic_entropy": 8.84370231628418,
          "acoustic_entropy_side": 9.229382514953613,
          "hz": 282.89161906338205
        },
        {
          "acoustic_entropy": 8.880708694458008,
          "acoustic_entropy_side": 9.309652328491211,
          "hz": 369.9353335868758
        },
        {
          "acoustic_entropy": 9.661190032958984,
          "acoustic_entropy_side": 9.287243843078613,
          "hz": 464.6875360973435
        },
        {
          "acoustic_entropy": 8.942314147949219,
          "acoustic_entropy_side": 9.179412841796875,
          "hz": 567.8308811364784
        },
        {
          "acoustic_entropy": 9.348018646240234,
          "acoustic_entropy_side": 9.193605422973633,
          "hz": 680.1084783214808
        },
        {
          "acoustic_entropy": 9.06312370300293,
          "acoustic_entropy_side": 9.254429817199707,
          "hz": 802.3292461747484
        },
        {
          "acoustic_entropy": 9.218117713928223,
          "acoustic_entropy_side": 9.276665687561035,
          "hz": 935.3737400823702
        },
        {
          "acoustic_entropy": 9.085890769958496,
          "acoustic_entropy_side": 9.248321533203125,
          "hz": 1080.2004963696966
        },
        {
          "acoustic_entropy": 8.71536922454834,
          "acoustic_entropy_side": 9.224416732788086,
          "hz": 1237.8529382007157
        },
        {
          "acoustic_entropy": 8.19611930847168,
          "acoustic_entropy_side": 9.209665298461914,
          "hz": 1409.4668930556702
        },
        {
          "acoustic_entropy": 8.626032829284668,
          "acoustic_entropy_side": 9.181655883789062,
          "hz": 1596.2787759475705
        },
        {
          "acoustic_entropy": 8.319389343261719,
          "acoustic_entropy_side": 9.174761772155762,
          "hz": 1799.6344973346393
        },
        {
          "acoustic_entropy": 9.716440200805664,
          "acoustic_entropy_side": 9.244294166564941,
          "hz": 2020.9991599069049
        },
        {
          "acoustic_entropy": 9.106599807739258,
          "acoustic_entropy_side": 9.298571586608887,
          "hz": 2261.9676141086993
        },
        {
          "acoustic_entropy": 9.16995620727539,
          "acoustic_entropy_side": 9.23534870147705,
          "hz": 2524.2759484456974
        },
        {
          "acoustic_entropy": 9.07083511352539,
          "acoustic_entropy_side": 9.23181438446045,
          "hz": 2809.813997359896
        },
        {
          "acoustic_entropy": 8.963878631591797,
          "acoustic_entropy_side": 9.229825019836426,
          "hz": 3120.6389567871424
        },
        {
          "acoustic_entropy": 8.458880424499512,
          "acoustic_entropy_side": 9.230395317077637,
          "hz": 3458.990205492291
        },
        {
          "acoustic_entropy": 9.212056159973145,
          "acoustic_entropy_side": 9.229996681213379,
          "hz": 3827.305438964164
        },
        {
          "acoustic_entropy": 9.176416397094727,
          "acoustic_entropy_side": 9.226794242858887,
          "hz": 4228.238232109126
        },
        {
          "acoustic_entropy": 8.912766456604004,
          "acoustic_entropy_side": 9.228282928466797,
          "hz": 4664.6771572759235
        },
        {
          "acoustic_entropy": 8.983649253845215,
          "acoustic_entropy_side": 9.226035118103027,
          "hz": 5139.766595350093
        },
        {
          "acoustic_entropy": 9.197181701660156,
          "acoustic_entropy_side": 9.225629806518555,
          "hz": 5656.929389854203
        },
        {
          "acoustic_entropy": 9.308708190917969,
          "acoustic_entropy_side": 9.225714683532715,
          "hz": 6219.891507268283
        },
        {
          "acoustic_entropy": 9.335915565490723,
          "acoustic_entropy_side": 9.226011276245117,
          "hz": 6832.70888123896
        },
        {
          "acoustic_entropy": 9.397618293762207,
          "acoustic_entropy_side": 9.226433753967285,
          "hz": 7499.796634079867
        },
        {
          "acoustic_entropy": 9.396337509155273,
          "acoustic_entropy_side": 9.225788116455078,
          "hz": 8225.96088609342
        },
        {
          "acoustic_entropy": 9.340868949890137,
          "acoustic_entropy_side": 9.226215362548828,
          "hz": 9016.43338188839
        },
        {
          "acoustic_entropy": 9.266016960144043,
          "acoustic_entropy_side": 9.22819995880127,
          "hz": 9876.909183162974
        },
        {
          "acoustic_entropy": 9.008333206176758,
          "acoustic_entropy_side": 9.227091789245605,
          "hz": 10813.587699516042
        },
        {
          "acoustic_entropy": 9.24123764038086,
          "acoustic_entropy_side": 9.227192878723145,
          "hz": 11833.21735289826
        },
        {
          "acoustic_entropy": 9.181366920471191,
          "acoustic_entropy_side": 9.226583480834961,
          "hz": 12943.144197493959
        },
        {
          "acoustic_entropy": 9.174322128295898,
          "acoustic_entropy_side": 9.226032257080078,
          "hz": 14151.364845322005
        },
        {
          "acoustic_entropy": 9.191352844238281,
          "acoustic_entropy_side": 9.225977897644043,
          "hz": 15466.58407886509
        },
        {
          "acoustic_entropy": 9.221920013427734,
          "acoustic_entropy_side": 9.225936889648438,
          "hz": 16898.27756580493
        },
        {
          "acoustic_entropy": 9.22524356842041,
          "acoustic_entropy_side": 9.225931167602539,
          "hz": 18456.760127700032
        },
        {
          "acoustic_entropy": 9.22575569152832,
          "acoustic_entropy_side": 9.225931167602539,
          "hz": 20153.260054456492
        },
        {
          "acoustic_entropy": 9.225963592529297,
          "acoustic_entropy_side": 9.225930213928223,
          "hz": 22000.00000000001
        }
      ],
      "diff_acoustic_entropy": 7.962961673736572,
      "sn": 6
    },
    {
      "acoustic_entropy": 13.425700187683105,
      "acoustic_entropy_mono": 13.519452095031738,
      "band_eliminated_acoustic_entropies": [
        {
          "acoustic_entropy": 14.203033447265625,
          "acoustic_entropy_side": 13.425637245178223,
          "hz": 129.47220167065723
        },
        {
          "acoustic_entropy": 14.99173641204834,
          "acoustic_entropy_side": 13.426493644714355,
          "hz": 202.92927478742237
        },
        {
          "acoustic_entropy": 14.949288368225098,
          "acoustic_entropy_side": 13.461735725402832,
          "hz": 282.89161906338205
        },
        {
          "acoustic_entropy": 14.070899963378906,
          "acoustic_entropy_side": 13.616179466247559,
          "hz": 369.9353335868758
        },
        {
          "acoustic_entropy": 13.71371078491211,
          "acoustic_entropy_side": 13.539780616760254,
          "hz": 464.6875360973435
        },
        {
          "acoustic_entropy": 12.798674583435059,
          "acoustic_entropy_side": 13.497054100036621,
          "hz": 567.8308811364784
        },
        {
          "acoustic_entropy": 13.103180885314941,
          "acoustic_entropy_side": 13.27715015411377,
          "hz": 680.1084783214808
        },
        {
          "acoustic_entropy": 12.966999053955078,
          "acoustic_entropy_side": 13.532642364501953,
          "hz": 802.3292461747484
        },
        {
          "acoustic_entropy": 13.673297882080078,
          "acoustic_entropy_side": 13.454939842224121,
          "hz": 935.3737400823702
        },
        {
          "acoustic_entropy": 13.50072956085205,
          "acoustic_entropy_side": 13.471302032470703,
          "hz": 1080.2004963696966
        },
        {
          "acoustic_entropy": 13.039958953857422,
          "acoustic_entropy_side": 13.413036346435547,
          "hz": 1237.8529382007157
        },
        {
          "acoustic_entropy": 13.836362838745117,
          "acoustic_entropy_side": 13.431830406188965,
          "hz": 1409.4668930556702
        },
        {
          "acoustic_entropy": 13.520557403564453,
          "acoustic_entropy_side": 13.502686500549316,
          "hz": 1596.2787759475705
        },
        {
          "acoustic_entropy": 13.312088966369629,
          "acoustic_entropy_side": 13.509095191955566,
          "hz": 1799.6344973346393
        },
        {
          "acoustic_entropy": 14.611719131469727,
          "acoustic_entropy_side": 13.270295143127441,
          "hz": 2020.9991599069049
        },
        {
          "acoustic_entropy": 13.91558837890625,
          "acoustic_entropy_side": 13.2974853515625,
          "hz": 2261.9676141086993
        },
        {
          "acoustic_entropy": 14.056683540344238,
          "acoustic_entropy_side": 13.387319564819336,
          "hz": 2524.2759484456974
        },
        {
          "acoustic_entropy": 13.696709632873535,
          "acoustic_entropy_side": 13.365888595581055,
          "hz": 2809.813997359896
        },
        {
          "acoustic_entropy": 13.881075859069824,
          "acoustic_entropy_side": 13.340215682983398,
          "hz": 3120.6389567871424
        },
        {
          "acoustic_entropy": 13.609182357788086,
          "acoustic_entropy_side": 13.348231315612793,
          "hz": 3458.990205492291
        },
        {
          "acoustic_entropy": 13.704442024230957,
          "acoustic_entropy_side": 13.395543098449707,
          "hz": 3827.305438964164
        },
        {
          "acoustic_entropy": 13.214578628540039,
          "acoustic_entropy_side": 13.406743049621582,
          "hz": 4228.238232109126
        },
        {
          "acoustic_entropy": 13.733724594116211,
          "acoustic_entropy_side": 13.350656509399414,
          "hz": 4664.6771572759235
        },
        {
          "acoustic_entropy": 13.32595157623291,
          "acoustic_entropy_side": 13.374244689941406,
          "hz": 5139.766595350093
        },
        {
          "acoustic_entropy": 13.39062213897705,
          "acoustic_entropy_side": 13.399441719055176,
          "hz": 5656.929389854203
        },
        {
          "acoustic_entropy": 13.733478546142578,
          "acoustic_entropy_side": 13.411383628845215,
          "hz": 6219.891507268283
        },
        {
          "acoustic_entropy": 13.968278884887695,
          "acoustic_entropy_side": 13.431070327758789,
          "hz": 6832.70888123896
        },
        {
          "acoustic_entropy": 13.770185470581055,
          "acoustic_entropy_side": 13.444296836853027,
          "hz": 7499.796634079867
        },
        {
          "acoustic_entropy": 13.570582389831543,
          "acoustic_entropy_side": 13.432381629943848,
          "hz": 8225.96088609342
        },
        {
          "acoustic_entropy": 13.701018333435059,
          "acoustic_entropy_side": 13.439191818237305,
          "hz": 9016.43338188839
        },
        {
          "acoustic_entropy": 13.808653831481934,
          "acoustic_entropy_side": 13.480008125305176,
          "hz": 9876.909183162974
        },
        {
          "acoustic_entropy": 14.09045124053955,
          "acoustic_entropy_side": 13.464679718017578,
          "hz": 10813.587699516042
        },
        {
          "acoustic_entropy": 13.713239669799805,
          "acoustic_entropy_side": 13.444503784179688,
          "hz": 11833.21735289826
        },
        {
          "acoustic_entropy": 13.62451171875,
          "acoustic_entropy_side": 13.444280624389648,
          "hz": 12943.144197493959
        },
        {
          "acoustic_entropy": 13.675627708435059,
          "acoustic_entropy_side": 13.425853729248047,
          "hz": 14151.364845322005
        },
        {
          "acoustic_entropy": 13.532918930053711,
          "acoustic_entropy_side": 13.42648983001709,
          "hz": 15466.58407886509
        },
        {
          "acoustic_entropy": 13.45267105102539,
          "acoustic_entropy_side": 13.425832748413086,
          "hz": 16898.27756580493
        },
        {
          "acoustic_entropy": 13.436238288879395,
          "acoustic_entropy_side": 13.425704956054688,
          "hz": 18456.760127700032
        },
        {
          "acoustic_entropy": 13.431472778320312,
          "acoustic_entropy_side": 13.425701141357422,
          "hz": 20153.260054456492
        },
        {
          "acoustic_entropy": 13.425959587097168,
          "acoustic_entropy_side": 13.425700187683105,
          "hz": 22000.00000000001
        }
      ],
      "diff_acoustic_entropy": 11.927230834960938,
      "sn": 12
    },
    {
      "acoustic_entropy": 23.64324378967285,
      "acoustic_entropy_mono": 20.933631896972656,
      "band_eliminated_acoustic_entropies": [
        {
          "acoustic_entropy": 22.89910316467285,
          "acoustic_entropy_side": 23.64113998413086,
          "hz": 129.47220167065723
        },
        {
          "acoustic_entropy": 23.979169845581055,
          "acoustic_entropy_side": 23.26609992980957,
          "hz": 202.92927478742237
        },
        {
          "acoustic_entropy": 22.86326026916504,
          "acoustic_entropy_side": 23.518909454345703,
          "hz": 282.89161906338205
        },
        {
          "acoustic_entropy": 24.48191261291504,
          "acoustic_entropy_side": 23.95166778564453,
          "hz": 369.9353335868758
        },
        {
          "acoustic_entropy": 24.10560417175293,
          "acoustic_entropy_side": 22.867006301879883,
          "hz": 464.6875360973435
        },
        {
          "acoustic_entropy": 22.8331356048584,
          "acoustic_entropy_side": 23.120615005493164,
          "hz": 567.8308811364784
        },
        {
          "acoustic_entropy": 21.16963768005371,
          "acoustic_entropy_side": 23.4736328125,
          "hz": 680.1084783214808
        },
        {
          "acoustic_entropy": 22.472017288208008,
          "acoustic_entropy_side": 23.315099716186523,
          "hz": 802.3292461747484
        },
        {
          "acoustic_entropy": 23.25127601623535,
          "acoustic_entropy_side": 23.481586456298828,
          "hz": 935.3737400823702
        },
        {
          "acoustic_entropy": 23.30632781982422,
          "acoustic_entropy_side": 23.57234001159668,
          "hz": 1080.2004963696966
        },
        {
          "acoustic_entropy": 23.29995346069336,
          "acoustic_entropy_side": 23.100059509277344,
          "hz": 1237.8529382007157
        },
        {
          "acoustic_entropy": 24.107717514038086,
          "acoustic_entropy_side": 23.391061782836914,
          "hz": 1409.4668930556702
        },
        {
          "acoustic_entropy": 22.067453384399414,
          "acoustic_entropy_side": 22.824016571044922,
          "hz": 1596.2787759475705
        },
        {
          "acoustic_entropy": 22.867351531982422,
          "acoustic_entropy_side": 22.85744857788086,
          "hz": 1799.6344973346393
        },
        {
          "acoustic_entropy": 23.0693302154541,
          "acoustic_entropy_side": 22.763158798217773,
          "hz": 2020.9991599069049
        },
        {
          "acoustic_entropy": 23.223913192749023,
          "acoustic_entropy_side": 23.294527053833008,
          "hz": 2261.9676141086993
        },
        {
          "acoustic_entropy": 23.684280395507812,
          "acoustic_entropy_side": 23.6907958984375,
          "hz": 2524.2759484456974
        },
        {
          "acoustic_entropy": 22.81071662902832,
          "acoustic_entropy_side": 23.598447799682617,
          "hz": 2809.813997359896
        },
        {
          "acoustic_entropy": 22.863813400268555,
