{
  "acoustic_entropy": 77.82776641845703,
  "bands": [
    {
      "high_freq": 148.1999969482422,
      "loudness": -69.00069427490234,
      "loudness_range": 11.874088287353516,
      "mid_mean": -65.5208740234375,
      "mid_to_side_loudness": -1.0334408283233643,
      "mid_to_side_loudness_range": 3.229473114013672,
      "side_mean": -65.96480560302734
    },
    {
      "high_freq": 392.3793640136719,
      "loudness": -56.18901824951172,
      "loudness_range": 8.920135498046875,
      "low_freq": 148.1999969482422,
      "mid_mean": -55.00929260253906,
      "mid_to_side_loudness": -1.5282034873962402,
      "mid_to_side_loudness_range": 2.995370388031006,
      "side_mean": -56.360130310058594
    },
    {
      "high_freq": 794.6976318359375,
      "loudness": -55.41801452636719,
      "loudness_range": 17.65505599975586,
      "low_freq": 392.3793640136719,
      "mid_mean": -55.781028747558594,
      "mid_to_side_loudness": -0.9275842308998108,
      "mid_to_side_loudness_range": 4.938126087188721,
      "side_mean": -56.59776306152344
    },
    {
      "high_freq": 1457.5709228515625,
      "loudness": -54.5749626159668,
      "loudness_range": 16.831031799316406,
      "low_freq": 794.6976318359375,
      "mid_mean": -53.619285583496094,
      "mid_to_side_loudness": -2.048373222351074,
      "mid_to_side_loudness_range": 4.524240493774414,
      "side_mean": -55.396915435791016
    },
    {
      "high_freq": 2549.74365234375,
      "loudness": -45.103694915771484,
      "loudness_range": 16.99625015258789,
      "low_freq": 1457.5709228515625,
      "mid_mean": -43.789554595947266,
      "mid_to_side_loudness": -1.9921214580535889,
      "mid_to_side_loudness_range": 4.2750773429870605,
      "side_mean": -46.260215759277344
    },
    {
      "high_freq": 4349.24462890625,
      "loudness": -35.68338394165039,
      "loudness_range": 19.235580444335938,
      "low_freq": 2549.74365234375,
      "mid_mean": -34.29521560668945,
      "mid_to_side_loudness": -1.9632571935653687,
      "mid_to_side_loudness_range": 4.1514153480529785,
      "side_mean": -36.17623519897461
    },
    {
      "high_freq": 7314.1640625,
      "loudness": -36.761451721191406,
      "loudness_range": 17.614818572998047,
      "low_freq": 4349.24462890625,
      "mid_mean": -35.25025177001953,
      "mid_to_side_loudness": -1.572188377380371,
      "mid_to_side_loudness_range": 3.276937246322632,
      "side_mean": -37.6163444519043
    },
    {
      "high_freq": 12199.2666015625,
      "loudness": -36.97990036010742,
      "loudness_range": 13.133455276489258,
      "low_freq": 7314.1640625,
      "mid_mean": -35.255516052246094,
      "mid_to_side_loudness": -2.0692806243896484,
      "mid_to_side_loudness_range": 2.48893404006958,
      "side_mean": -37.953826904296875
    },
    {
      "loudness": -43.177711486816406,
      "loudness_range": 23.704227447509766,
      "low_freq": 12199.2666015625,
      "mid_mean": -42.42218017578125,
      "mid_to_side_loudness": -1.9715577363967896,
      "mid_to_side_loudness_range": 3.278336763381958,
      "side_mean": -44.35798645019531
    }
  ],
  "bands_short": [
    {
      "high_freq": 148.1999969482422,
      "loudness": -70.78448486328125,
      "loudness_range": 15.459331512451172,
      "mid_mean": -66.35227966308594,
      "mid_to_side_loudness": -0.9200593829154968,
      "mid_to_side_loudness_range": 6.552280426025391,
      "side_mean": -66.67919158935547
    },
    {
      "high_freq": 392.3793640136719,
      "loudness": -57.010868072509766,
      "loudness_range": 11.323558807373047,
      "low_freq": 148.1999969482422,
      "mid_mean": -55.82146453857422,
      "mid_to_side_loudness": -1.553540587425232,
      "mid_to_side_loudness_range": 4.218067169189453,
      "side_mean": -57.2398567199707
    },
    {
      "high_freq": 794.6976318359375,
      "loudness": -56.36737060546875,
      "loudness_range": 17.599960327148438,
      "low_freq": 392.3793640136719,
      "mid_mean": -56.6832389831543,
      "mid_to_side_loudness": -0.7344025373458862,
      "mid_to_side_loudness_range": 6.816004753112793,
      "side_mean": -57.42877960205078
    },
    {
      "high_freq": 1457.5709228515625,
      "loudness": -56.0789680480957,
      "loudness_range": 18.111560821533203,
      "low_freq": 794.6976318359375,
      "mid_mean": -54.678226470947266,
      "mid_to_side_loudness": -2.730236053466797,
      "mid_to_side_loudness_range": 4.7121710777282715,
      "side_mean": -57.14244079589844
    },
    {
      "high_freq": 2549.74365234375,
      "loudness": -46.466148376464844,
      "loudness_range": 17.72214126586914,
      "low_freq": 1457.5709228515625,
      "mid_mean": -45.600521087646484,
      "mid_to_side_loudness": -1.3253339529037476,
      "mid_to_side_loudness_range": 5.348494052886963,
      "side_mean": -47.25141143798828
    },
    {
      "high_freq": 4349.24462890625,
      "loudness": -36.007240295410156,
      "loudness_range": 19.41912269592285,
      "low_freq": 2549.74365234375,
      "mid_mean": -34.67595672607422,
      "mid_to_side_loudness": -1.632544994354248,
      "mid_to_side_loudness_range": 3.8588109016418457,
      "side_mean": -36.42451477050781
    },
    {
      "high_freq": 7314.1640625,
      "loudness": -37.8480110168457,
      "loudness_range": 19.810802459716797,
      "low_freq": 4349.24462890625,
      "mid_mean": -36.32487869262695,
      "mid_to_side_loudness": -2.330599784851074,
      "mid_to_side_loudness_range": 3.2114248275756836,
      "side_mean": -38.914466857910156
    },
    {
      "high_freq": 12199.2666015625,
      "loudness": -38.53828811645508,
      "loudness_range": 17.178184509277344,
      "low_freq": 7314.1640625,
      "mid_mean": -36.780853271484375,
      "mid_to_side_loudness": -2.3113951683044434,
      "mid_to_side_loudness_range": 3.3029873371124268,
      "side_mean": -39.61216735839844
    },
    {
      "loudness": -50.56943893432617,
      "loudness_range": 34.904075622558594,
      "low_freq": 12199.2666015625,
      "mid_mean": -51.06841278076172,
      "mid_to_side_loudness": -2.4498536586761475,
      "mid_to_side_loudness_range": 3.8699278831481934,
      "side_mean": -53.282936096191406
    }
  ],
  "bandwidth": 2315.2919921875,
  "channels": 2,
  "covariance": [
    [
      5.424718856811523,
      5.2987775802612305,
      7.159552574157715,
      8.08315658569336,
      8.030854225158691,
      8.15128231048584,
      7.912852764129639,
      7.644219875335693,
      5.9447102546691895,
      7.58037805557251,
      4.420550346374512,
      4.608983039855957,
      3.592379093170166,
      3.9876773357391357,
      4.087808609008789,
      4.539796352386475,
      3.998072624206543,
      4.851160526275635
    ],
    [
      5.2987775802612305,
      5.423359394073486,
      6.81690788269043,
      7.721943378448486,
      7.444372653961182,
      7.5397210121154785,
      7.336943626403809,
      7.0501580238342285,
      5.544058799743652,
      6.965641975402832,
      4.083194732666016,
      4.2486090660095215,
      3.1187171936035156,
      3.410687208175659,
      3.6600944995880127,
      4.068946838378906,
      2.8287851810455322,
      3.5749409198760986
    ],
    [
      7.159552574157715,
      6.81690788269043,
      15.424592018127441,
      15.635087013244629,
      20.167816162109375,
      18.687725067138672,
      20.190406799316406,
      18.303133010864258,
      12.342978477478027,
      15.493302345275879,
      8.85142993927002,
      7.902227401733398,
      6.489991188049316,
      5.981266975402832,
      5.593971252441406,
      5.292126178741455,
      7.463646411895752,
      7.2983832359313965
    ],
    [
      8.08315658569336,
      7.721943378448486,
      15.635087013244629,
      17.12591552734375,
      17.397926330566406,
      17.48630714416504,
      17.72028160095215,
      17.043140411376953,
      10.807941436767578,
      15.646117210388184,
      6.633718967437744,
      7.1803765296936035,
      4.056541442871094,
      5.067595481872559,
      4.428919315338135,
      5.444087982177734,
      4.928443431854248,
      6.564140319824219
    ],
    [
      8.030854225158691,
      7.444372653961182,
      20.167816162109375,
      17.397926330566406,
      54.228511810302734,
      43.197471618652344,
      50.29205322265625,
      41.246368408203125,
      40.49799728393555,
      37.5640869140625,
      40.34931945800781,
      30.62213706970215,
      34.94846725463867,
      26.72107696533203,
      22.18659782409668,
      15.585537910461426,
      33.91865539550781,
      25.742816925048828
    ],
    [
      8.15128231048584,
      7.5397210121154785,
      18.687725067138672,
      17.48630714416504,
      43.197471618652344,
      36.58454132080078,
      40.50511169433594,
      34.917877197265625,
      32.60970687866211,
      32.654014587402344,
      31.056135177612305,
      24.957185745239258,
      26.495908737182617,
      21.616355895996094,
      17.3599796295166,
      13.381661415100098,
      25.731250762939453,
      21.048200607299805
    ],
    [
      7.912852764129639,
      7.336943626403809,
      20.190406799316406,
      17.72028160095215,
      50.29205322265625,
      40.50511169433594,
      47.6379508972168,
      39.3614501953125,
      36.446102142333984,
      34.802913665771484,
      35.700313568115234,
      27.205278396606445,
      30.794368743896484,
      23.552616119384766,
      19.704988479614258,
      13.910778045654297,
      30.045934677124023,
      22.797378540039062
    ],
    [
      7.644219875335693,
      7.0501580238342285,
      18.303133010864258,
      17.043140411376953,
      41.246368408203125,
      34.917877197265625,
      39.3614501953125,
      34.388179779052734,
      30.86991310119629,
      31.35964584350586,
      28.72850227355957,
      23.156234741210938,
      24.006261825561523,
      19.472457885742188,
      15.269850730895996,
      11.56566333770752,
      22.184011459350586,
      17.736324310302734
    ],
    [
      5.9447102546691895,
      5.544058799743652,
      12.342978477478027,
      10.807941436767578,
      40.49799728393555,
      32.60970687866211,
      36.446102142333984,
      30.86991310119629,
      40.04018020629883,
      33.57563018798828,
      35.569419860839844,
      28.57604217529297,
      28.906248092651367,
      23.068456649780273,
      17.806785583496094,
      13.029616355895996,
      26.000690460205078,
      20.147321701049805
    ],
    [
      7.58037805557251,
      6.965641975402832,
      15.493302345275879,
      15.646117210388184,
      37.5640869140625,
      32.654014587402344,
      34.802913665771484,
      31.35964584350586,
      33.57563018798828,
      37.85986328125,
      28.566804885864258,
      24.442241668701172,
      22.125972747802734,
      19.086265563964844,
      13.798479080200195,
      11.22463321685791,
      19.831174850463867,
      16.90469741821289
    ],
    [
      4.420550346374512,
      4.083194732666016,
      8.85142993927002,
      6.633718967437744,
      40.34931945800781,
      31.056135177612305,
      35.700313568115234,
      28.72850227355957,
      35.569419860839844,
      28.566804885864258,
      42.17446517944336,
      33.75606155395508,
      34.48044967651367,
      27.653583526611328,
      21.2756290435791,
      15.684015274047852,
      32.2568244934082,
      25.2799129486084
    ],
    [
      4.608983039855957,
      4.2486090660095215,
      7.902227401733398,
      7.1803765296936035,
      30.62213706970215,
      24.957185745239258,
      27.205278396606445,
      23.156234741210938,
      28.57604217529297,
      24.442241668701172,
      33.75606155395508,
      28.70210838317871,
      26.384414672851562,
      22.560781478881836,
      16.439786911010742,
      13.303802490234375,
      23.94313621520996,
      20.17689323425293
    ],
    [
      3.592379093170166,
      3.1187171936035156,
      6.489991188049316,
      4.056541442871094,
      34.94846725463867,
      26.495908737182617,
      30.794368743896484,
      24.006261825561523,
      28.906248092651367,
      22.125972747802734,
      34.48044967651367,
      26.384414672851562,
      37.92474365234375,
      31.512277603149414,
      24.590917587280273,
      19.443132400512695,
      39.076820373535156,
      32.96549606323242
    ],
    [
      3.9876773357391357,
      3.410687208175659,
      5.981266975402832,
      5.067595481872559,
      26.72107696533203,
      21.616355895996094,
      23.552616119384766,
      19.472457885742188,
      23.068456649780273,
      19.086265563964844,
      27.653583526611328,
      22.560781478881836,
      31.512277603149414,
      28.081148147583008,
      20.92429542541504,
      18.15793800354004,
      33.25194549560547,
      30.22988510131836
    ],
    [
      4.087808609008789,
      3.6600944995880127,
      5.593971252441406,
      4.428919315338135,
      22.18659782409668,
      17.3599796295166,
      19.704988479614258,
      15.269850730895996,
      17.806785583496094,
      13.798479080200195,
      21.2756290435791,
      16.439786911010742,
      24.590917587280273,
      20.92429542541504,
      23.18990135192871,
      20.36042594909668,
      34.80148696899414,
      32.100704193115234
    ],
    [
      4.539796352386475,
      4.068946838378906,
      5.292126178741455,
      5.444087982177734,
      15.585537910461426,
      13.381661415100098,
      13.910778045654297,
      11.56566333770752,
      13.029616355895996,
      11.22463321685791,
      15.684015274047852,
      13.303802490234375,
      19.443132400512695,
      18.15793800354004,
      20.36042594909668,
      19.617788314819336,
      30.54167938232422,
      30.468233108520508
    ],
    [
      3.998072624206543,
      2.8287851810455322,
      7.463646411895752,
      4.928443431854248,
      33.91865539550781,
      25.731250762939453,
      30.045934677124023,
      22.184011459350586,
      26.000690460205078,
      19.831174850463867,
      32.2568244934082,
      23.94313621520996,
      39.076820373535156,
      33.25194549560547,
      34.80148696899414,
      30.54167938232422,
      71.47804260253906,
      66.3382568359375
    ],
    [
      4.851160526275635,
      3.5749409198760986,
      7.2983832359313965,
      6.564140319824219,
      25.742816925048828,
      21.048200607299805,
      22.797378540039062,
      17.736324310302734,
      20.147321701049805,
      16.90469741821289,
      25.2799129486084,
      20.17689323425293,
      32.96549606323242,
      30.22988510131836,
      32.100704193115234,
      30.468233108520508,
      66.3382568359375,
      66.14665222167969
    ]
  ],
  "covariance_short": [
    [
      7.5602030754089355,
      7.287797927856445,
      6.665685653686523,
      7.461056232452393,
      7.127066612243652,
      7.324342727661133,
      6.730321884155273,
      6.14533805847168,
      6.1085357666015625,
      6.763427734375,
      4.4781694412231445,
      4.652543544769287,
      4.7206807136535645,
      4.993847370147705,
      6.204279899597168,
      6.715948581695557,
      13.16806697845459,
      12.87791919708252
    ],
    [
      7.287797927856445,
      7.912951946258545,
      6.006982326507568,
      6.699810028076172,
      6.591393947601318,
      6.705026149749756,
      6.0603227615356445,
      5.370291709899902,
      5.634976863861084,
      6.144451141357422,
      4.071671962738037,
      4.104503631591797,
      4.021014213562012,
      4.110321998596191,
      5.592113018035889,
      5.964150905609131,
      11.604597091674805,
      11.175393104553223
    ],
    [
      6.665685653686523,
      6.006982326507568,
      20.323299407958984,
      20.329458236694336,
      19.185945510864258,
      17.73774528503418,
      19.443744659423828,
      17.11285972595215,
      14.150345802307129,
      14.67906665802002,
      8.594825744628906,
      7.563450813293457,
      8.993654251098633,
      8.664438247680664,
      9.801513671875,
      9.779523849487305,
      33.49565887451172,
      31.043476104736328
    ],
    [
      7.461056232452393,
      6.699810028076172,
      20.329458236694336,
      22.600492477416992,
      17.170703887939453,
      17.27855682373047,
      17.537946701049805,
      16.27537727355957,
      13.17300796508789,
      15.236848831176758,
      7.259661674499512,
      7.696413040161133,
      7.876691818237305,
      8.655305862426758,
      9.487855911254883,
      10.700695991516113,
      32.38591384887695,
      31.57927703857422
    ],
    [
      7.127066612243652,
      6.591393947601318,
      19.185945510864258,
      17.170703887939453,
      51.15616226196289,
      40.66473388671875,
      46.8647575378418,
      39.198272705078125,
      43.539649963378906,
      36.452152252197266,
      38.921993255615234,
      29.890493392944336,
      37.72047424316406,
      31.075321197509766,
      28.15252113342285,
      22.710569381713867,
      73.753173828125,
      63.08110809326172
    ],
    [
      7.324342727661133,
      6.705026149749756,
      17.73774528503418,
      17.27855682373047,
      40.66473388671875,
      37.506805419921875,
      38.039756774902344,
      34.04195022583008,
      35.8344612121582,
      32.4659538269043,
      31.15978240966797,
      25.47705078125,
      29.93804359436035,
      26.054622650146484,
      23.231014251708984,
      20.077838897705078,
      62.04735565185547,
      55.87632751464844
    ],
    [
      6.730321884155273,
      6.0603227615356445,
      19.443744659423828,
      17.537946701049805,
      46.8647575378418,
      38.039756774902344,
      46.90744400024414,
      38.53706741333008,
      40.29977035522461,
      34.224857330322266,
      35.30405044555664,
      27.111364364624023,
      34.63571548461914,
      28.537609100341797,
      25.91834831237793,
      20.96073341369629,
      71.1087646484375,
      61.05085754394531
    ],
    [
      6.14533805847168,
      5.370291709899902,
      17.11285972595215,
      16.27537727355957,
      39.198272705078125,
      34.04195022583008,
      38.53706741333008,
      34.85630416870117,
      34.87895584106445,
      31.253097534179688,
      30.313880920410156,
      24.493749618530273,
      30.123762130737305,
      26.06507682800293,
      22.85630989074707,
      19.545434951782227,
      62.00779724121094,
      55.49544143676758
    ],
    [
      6.1085357666015625,
      5.634976863861084,
      14.150345802307129,
      13.17300796508789,
      43.539649963378906,
      35.8344612121582,
      40.29977035522461,
      34.87895584106445,
      47.31669235229492,
      39.399925231933594,
      37.597721099853516,
      29.893224716186523,
      34.45756912231445,
      29.042282104492188,
      25.238252639770508,
      20.734739303588867,
      65.34712982177734,
      56.96708679199219
    ],
    [
      6.763427734375,
      6.144451141357422,
      14.67906665802002,
      15.236848831176758,
      36.452152252197266,
      32.4659538269043,
      34.224857330322266,
      31.253097534179688,
      39.399925231933594,
      39.47231674194336,
      30.11001205444336,
      25.941381454467773,
      27.153587341308594,
      24.708459854125977,
      20.02927017211914,
      18.190082550048828,
      57.013153076171875,
      52.514190673828125
    ],
    [
      4.4781694412231445,
      4.071671962738037,
      8.594825744628906,
      7.259661674499512,
      38.921993255615234,
      31.15978240966797,
      35.30405044555664,
      30.313880920410156,
      37.597721099853516,
      30.11001205444336,
      43.3318977355957,
      34.5330810546875,
      38.7337646484375,
      33.03499221801758,
      27.86181640625,
      23.034887313842773,
      60.979270935058594,
      52.88224792480469
    ],
    [
      4.652543544769287,
      4.104503631591797,
      7.563450813293457,
      7.696413040161133,
      29.890493392944336,
      25.47705078125,
      27.111364364624023,
      24.493749618530273,
      29.893224716186523,
      25.941381454467773,
      34.5330810546875,
      30.584121704101562,
      30.76137351989746,
      27.98981285095215,
      22.415695190429688,
      20.402347564697266,
      49.8416862487793,
      45.7243537902832
    ],
    [
      4.7206807136535645,
      4.021014213562012,
      8.993654251098633,
      7.876691818237305,
      37.72047424316406,
      29.93804359436035,
      34.63571548461914,
      30.123762130737305,
      34.45756912231445,
      27.153587341308594,
      38.7337646484375,
      30.76137351989746,
      47.445556640625,
      41.234779357910156,
      36.225013732910156,
      32.173988342285156,
      71.5033187866211,
      63.93476867675781
    ],
    [
      4.993847370147705,
      4.110321998596191,
      8.664438247680664,
      8.655305862426758,
      31.075321197509766,
      26.054622650146484,
      28.537609100341797,
      26.06507682800293,
      29.042282104492188,
      24.708459854125977,
      33.03499221801758,
      27.98981285095215,
      41.234779357910156,
      39.139461517333984,
      31.977794647216797,
      30.394729614257812,
      64.31501770019531,
      60.26744842529297
    ],
    [
      6.204279899597168,
      5.592113018035889,
      9.801513671875,
      9.487855911254883,
      28.15252113342285,
      23.231014251708984,
      25.91834831237793,
      22.85630989074707,
      25.238252639770508,
      20.02927017211914,
      27.86181640625,
      22.415695190429688,
      36.225013732910156,
      31.977794647216797,
      39.93743133544922,
      36.5804443359375,
      67.57404327392578,
      62.92148971557617
    ],
    [
      6.715948581695557,
      5.964150905609131,
      9.779523849487305,
      10.700695991516113,
      22.710569381713867,
      20.077838897705078,
      20.96073341369629,
      19.545434951782227,
      20.734739303588867,
      18.190082550048828,
      23.034887313842773,
      20.402347564697266,
      32.173988342285156,
      30.394729614257812,
      36.5804443359375,
      36.99345016479492,
      62.30780029296875,
      60.75459289550781
    ],
    [
      13.16806697845459,
      11.604597091674805,
      33.49565887451172,
      32.38591384887695,
      73.753173828125,
      62.04735565185547,
      71.1087646484375,
      62.00779724121094,
      65.34712982177734,
      57.013153076171875,
      60.979270935058594,
      49.8416862487793,
      71.5033187866211,
      64.31501770019531,
      67.57404327392578,
      62.30780029296875,
      159.63998413085938,
      147.454345703125
    ],
    [
      12.87791919708252,
      11.175393104553223,
      31.043476104736328,
      31.57927703857422,
      63.08110809326172,
      55.87632751464844,
      61.05085754394531,
      55.49544143676758,
      56.96708679199219,
      52.514190673828125,
      52.88224792480469,
      45.7243537902832,
      63.93476867675781,
      60.26744842529297,
      62.92148971557617,
      60.75459289550781,
      147.454345703125,
      141.1410369873047
    ]
  ],
  "damage": -18.660327911376953,
  "diff_bandwidth": 2330.3896484375,
  "dissonance": 15.72740703019695,
  "drr": 7.176745891571045,
  "dynamics": 5.097129821777344,
  "format": 1245190,
  "frames": 1503168,
  "loudness": -27.20359230041504,
  "loudness_range": 16.722379684448242,
  "loudness_range_short": 19.10008430480957,
  "lowpass_true_peak_15khz": -3.4775471687316895,
  "mastering3_acoustic_entropies": [
    {
      "acoustic_entropy": 4.511859893798828,
      "acoustic_entropy_mono": 4.100198268890381,
      "band_eliminated_acoustic_entropies": [
        {
          "acoustic_entropy": 4.511859893798828,
          "acoustic_entropy_side": 4.511859893798828,
          "hz": 129.47220167065723
        },
        {
          "acoustic_entropy": 4.511860370635986,
          "acoustic_entropy_side": 4.511859893798828,
          "hz": 202.92927478742237
        },
        {
          "acoustic_entropy": 4.511861801147461,
          "acoustic_entropy_side": 4.511861324310303,
          "hz": 282.89161906338205
        },
        {
          "acoustic_entropy": 4.511870384216309,
          "acoustic_entropy_side": 4.51188325881958,
          "hz": 369.9353335868758
        },
        {
          "acoustic_entropy": 4.511455059051514,
          "acoustic_entropy_side": 4.51184606552124,
          "hz": 464.6875360973435
        },
        {
          "acoustic_entropy": 4.5102691650390625,
          "acoustic_entropy_side": 4.51187801361084,
          "hz": 567.8308811364784
        },
        {
          "acoustic_entropy": 4.499711036682129,
          "acoustic_entropy_side": 4.511283874511719,
          "hz": 680.1084783214808
        },
        {
          "acoustic_entropy": 4.502917289733887,
          "acoustic_entropy_side": 4.511826515197754,
          "hz": 802.3292461747484
        },
        {
          "acoustic_entropy": 4.505490779876709,
          "acoustic_entropy_side": 4.511846542358398,
          "hz": 935.3737400823702
        },
        {
          "acoustic_entropy": 4.5056633949279785,
          "acoustic_entropy_side": 4.511984825134277,
          "hz": 1080.2004963696966
        },
        {
          "acoustic_entropy": 4.50536584854126,
          "acoustic_entropy_side": 4.511756420135498,
          "hz": 1237.8529382007157
        },
        {
          "acoustic_entropy": 4.507596492767334,
          "acoustic_entropy_side": 4.511853218078613,
          "hz": 1409.4668930556702
        },
        {
          "acoustic_entropy": 4.505749225616455,
          "acoustic_entropy_side": 4.511012077331543,
          "hz": 1596.2787759475705
        },
        {
          "acoustic_entropy": 4.505875110626221,
          "acoustic_entropy_side": 4.512077331542969,
          "hz": 1799.6344973346393
        },
        {
          "acoustic_entropy": 4.508585453033447,
          "acoustic_entropy_side": 4.512357234954834,
          "hz": 2020.9991599069049
        },
        {
          "acoustic_entropy": 4.506223201751709,
          "acoustic_entropy_side": 4.511920928955078,
          "hz": 2261.9676141086993
        },
        {
          "acoustic_entropy": 4.510767936706543,
          "acoustic_entropy_side": 4.511798858642578,
          "hz": 2524.2759484456974
        },
        {
          "acoustic_entropy": 4.46973180770874,
          "acoustic_entropy_side": 4.498384952545166,
          "hz": 2809.813997359896
        },
        {
          "acoustic_entropy": 4.459369659423828,
          "acoustic_entropy_side": 4.486852645874023,
          "hz": 3120.6389567871424
        },
        {
          "acoustic_entropy": 4.4696149826049805,
          "acoustic_entropy_side": 4.502093315124512,
          "hz": 3458.990205492291
        },
        {
          "acoustic_entropy": 4.428835391998291,
          "acoustic_entropy_side": 4.486931800842285,
          "hz": 3827.305438964164
        },
        {
          "acoustic_entropy": 4.4775285720825195,
          "acoustic_entropy_side": 4.4955244064331055,
          "hz": 4228.238232109126
        },
        {
          "acoustic_entropy": 4.478209018707275,
          "acoustic_entropy_side": 4.506833553314209,
          "hz": 4664.6771572759235
        },
        {
          "acoustic_entropy": 4.428103923797607,
          "acoustic_entropy_side": 4.487727642059326,
          "hz": 5139.766595350093
        },
        {
          "acoustic_entropy": 4.441324234008789,
          "acoustic_entropy_side": 4.48743200302124,
          "hz": 5656.929389854203
        },
        {
          "acoustic_entropy": 4.488708019256592,
          "acoustic_entropy_side": 4.505527019500732,
          "hz": 6219.891507268283
        },
        {
          "acoustic_entropy": 4.492938995361328,
          "acoustic_entropy_side": 4.505590438842773,
          "hz": 6832.70888123896
        },
        {
          "acoustic_entropy": 4.496315002441406,
          "acoustic_entropy_side": 4.5089545249938965,
          "hz": 7499.796634079867
        },
        {
          "acoustic_entropy": 4.489728927612305,
          "acoustic_entropy_side": 4.507237911224365,
          "hz": 8225.96088609342
        },
        {
          "acoustic_entropy": 4.5030131340026855,
          "acoustic_entropy_side": 4.518146991729736,
          "hz": 9016.43338188839
        },
        {
          "acoustic_entropy": 4.510598182678223,
          "acoustic_entropy_side": 4.521402359008789,
          "hz": 9876.909183162974
        },
        {
          "acoustic_entropy": 4.528392791748047,
          "acoustic_entropy_side": 4.5249433517456055,
          "hz": 10813.587699516042
        },
        {
          "acoustic_entropy": 4.521189212799072,
          "acoustic_entropy_side": 4.521621227264404,
          "hz": 11833.21735289826
        },
        {
          "acoustic_entropy": 4.554566383361816,
          "acoustic_entropy_side": 4.532577991485596,
          "hz": 12943.144197493959
        },
        {
          "acoustic_entropy": 4.556660175323486,
          "acoustic_entropy_side": 4.531332969665527,
          "hz": 14151.364845322005
        },
        {
          "acoustic_entropy": 4.547671318054199,
          "acoustic_entropy_side": 4.524437427520752,
          "hz": 15466.58407886509
        },
        {
          "acoustic_entropy": 4.48544454574585,
          "acoustic_entropy_side": 4.4800825119018555,
          "hz": 16898.27756580493
        },
        {
          "acoustic_entropy": 4.403564929962158,
          "acoustic_entropy_side": 4.413412094116211,
          "hz": 18456.760127700032
        },
        {
          "acoustic_entropy": 4.493877410888672,
          "acoustic_entropy_side": 4.56730842590332,
          "hz": 20153.260054456492
        },
        {
          "acoustic_entropy": 4.534697532653809,
          "acoustic_entropy_side": 4.529297351837158,
          "hz": 22000.00000000001
        }
      ],
      "diff_acoustic_entropy": 4.401515007019043,
      "sn": 6
    },
    {
      "acoustic_entropy": 6.235249996185303,
      "acoustic_entropy_mono": 5.854865074157715,
      "band_eliminated_acoustic_entropies": [
        {
          "acoustic_entropy": 6.2352495193481445,
          "acoustic_entropy_side": 6.235249042510986,
          "hz": 129.47220167065723
        },
        {
          "acoustic_entropy": 6.2352495193481445,
          "acoustic_entropy_side": 6.235249042510986,
          "hz": 202.92927478742237
        },
        {
          "acoustic_entropy": 6.235218048095703,
          "acoustic_entropy_side": 6.2352447509765625,
          "hz": 282.89161906338205
        },
        {
          "acoustic_entropy": 6.234608173370361,
          "acoustic_entropy_side": 6.2351274490356445,
          "hz": 369.9353335868758
        },
        {
          "acoustic_entropy": 6.236012935638428,
          "acoustic_entropy_side": 6.2352118492126465,
          "hz": 464.6875360973435
        },
        {
          "acoustic_entropy": 6.247684001922607,
          "acoustic_entropy_side": 6.235556602478027,
          "hz": 567.8308811364784
        },
        {
          "acoustic_entropy": 6.23410177230835,
          "acoustic_entropy_side": 6.235110759735107,
          "hz": 680.1084783214808
        },
        {
          "acoustic_entropy": 6.237515926361084,
          "acoustic_entropy_side": 6.2367424964904785,
          "hz": 802.3292461747484
        },
        {
          "acoustic_entropy": 6.242428779602051,
          "acoustic_entropy_side": 6.236711025238037,
          "hz": 935.3737400823702
        },
        {
          "acoustic_entropy": 6.2433180809021,
          "acoustic_entropy_side": 6.236734390258789,
          "hz": 1080.2004963696966
        },
        {
          "acoustic_entropy": 6.240084648132324,
          "acoustic_entropy_side": 6.2358832359313965,
          "hz": 1237.8529382007157
        },
        {
          "acoustic_entropy": 6.25213098526001,
          "acoustic_entropy_side": 6.237110614776611,
          "hz": 1409.4668930556702
        },
        {
          "acoustic_entropy": 6.233933448791504,
          "acoustic_entropy_side": 6.234147548675537,
          "hz": 1596.2787759475705
        },
        {
          "acoustic_entropy": 6.243966102600098,
          "acoustic_entropy_side": 6.238899230957031,
          "hz": 1799.6344973346393
        },
        {
          "acoustic_entropy": 6.247241497039795,
          "acoustic_entropy_side": 6.2354536056518555,
          "hz": 2020.9991599069049
        },
        {
          "acoustic_entropy": 6.235766887664795,
          "acoustic_entropy_side": 6.240854740142822,
          "hz": 2261.9676141086993
        },
        {
          "acoustic_entropy": 6.233538627624512,
          "acoustic_entropy_side": 6.224501132965088,
          "hz": 2524.2759484456974
        },
        {
          "acoustic_entropy": 6.196043491363525,
          "acoustic_entropy_side": 6.231961250305176,
          "hz": 2809.813997359896
        },
        {
          "acoustic_entropy": 6.195660591125488,
          "acoustic_entropy_side": 6.215429782867432,
          "hz": 3120.6389567871424
        },
        {
          "acoustic_entropy": 6.195827960968018,
          "acoustic_entropy_side": 6.241288661956787,
          "hz": 3458.990205492291
        },
        {
          "acoustic_entropy": 6.151819705963135,
          "acoustic_entropy_side": 6.2164154052734375,
          "hz": 3827.305438964164
        },
        {
          "acoustic_entropy": 6.182216644287109,
          "acoustic_entropy_side": 6.2087883949279785,
          "hz": 4228.238232109126
        },
        {
          "acoustic_entropy": 6.209915637969971,
          "acoustic_entropy_side": 6.24605655670166,
          "hz": 4664.6771572759235
        },
        {
          "acoustic_entropy": 6.220222473144531,
          "acoustic_entropy_side": 6.240481376647949,
          "hz": 5139.766595350093
        },
        {
          "acoustic_entropy": 6.184678554534912,
          "acoustic_entropy_side": 6.222729682922363,
          "hz": 5656.929389854203
        },
        {
          "acoustic_entropy": 6.222790241241455,
          "acoustic_entropy_side": 6.23954439163208,
          "hz": 6219.891507268283
        },
        {
          "acoustic_entropy": 6.219252109527588,
          "acoustic_entropy_side": 6.242103099822998,
          "hz": 6832.70888123896
        },
        {
          "acoustic_entropy": 6.2315568923950195,
          "acoustic_entropy_side": 6.239960193634033,
          "hz": 7499.796634079867
        },
        {
          "acoustic_entropy": 6.223272323608398,
          "acoustic_entropy_side": 6.2409987449646,
          "hz": 8225.96088609342
        },
        {
          "acoustic_entropy": 6.237215518951416,
          "acoustic_entropy_side": 6.2322282791137695,
          "hz": 9016.43338188839
        },
        {
          "acoustic_entropy": 6.228235721588135,
          "acoustic_entropy_side": 6.235830307006836,
          "hz": 9876.909183162974
        },
        {
          "acoustic_entropy": 6.266857624053955,
          "acoustic_entropy_side": 6.262429237365723,
          "hz": 10813.587699516042
        },
        {
          "acoustic_entropy": 6.240694999694824,
          "acoustic_entropy_side": 6.249355792999268,
          "hz": 11833.21735289826
        },
        {
          "acoustic_entropy": 6.284476280212402,
          "acoustic_entropy_side": 6.256759166717529,
          "hz": 12943.144197493959
        },
        {
          "acoustic_entropy": 6.280875205993652,
          "acoustic_entropy_side": 6.253612995147705,
          "hz": 14151.364845322005
        },
        {
          "acoustic_entropy": 6.2480058670043945,
          "acoustic_entropy_side": 6.2443623542785645,
          "hz": 15466.58407886509
        },
        {
          "acoustic_entropy": 6.227160930633545,
          "acoustic_entropy_side": 6.224973201751709,
          "hz": 16898.27756580493
        },
        {
          "acoustic_entropy": 6.170289039611816,
          "acoustic_entropy_side": 6.1977152824401855,
          "hz": 18456.760127700032
        },
        {
          "acoustic_entropy": 6.288361549377441,
          "acoustic_entropy_side": 6.278428077697754,
          "hz": 20153.260054456492
        },
        {
          "acoustic_entropy": 6.163711071014404,
          "acoustic_entropy_side": 6.227837085723877,
          "hz": 22000.00000000001
        }
      ],
      "diff_acoustic_entropy": 6.202351093292236,
      "sn": 12
    },
    {
      "acoustic_entropy": 8.379270553588867,
      "acoustic_entropy_mono": 7.992838382720947,
      "band_eliminated_acoustic_entropies": [
        {
          "acoustic_entropy": 8.37886905670166,
          "acoustic_entropy_side": 8.379069328308105,
          "hz": 129.47220167065723
        },
        {
          "acoustic_entropy": 8.37796401977539,
          "acoustic_entropy_side": 8.378983497619629,
          "hz": 202.92927478742237
        },
        {
          "acoustic_entropy": 8.390206336975098,
          "acoustic_entropy_side": 8.389765739440918,
          "hz": 282.89161906338205
        },
        {
          "acoustic_entropy": 8.477505683898926,
          "acoustic_entropy_side": 8.519564628601074,
          "hz": 369.9353335868758
        },
        {
          "acoustic_entropy": 8.423171043395996,
          "acoustic_entropy_side": 8.399504661560059,
          "hz": 464.6875360973435
        },
        {
          "acoustic_entropy": 8.323832511901855,
          "acoustic_entropy_side": 8.351738929748535,
          "hz": 567.8308811364784
        },
        {
          "acoustic_entropy": 8.492907524108887,
          "acoustic_entropy_side": 8.541213035583496,
          "hz": 680.1084783214808
        },
        {
          "acoustic_entropy": 8.365864753723145,
          "acoustic_entropy_side": 8.368550300598145,
          "hz": 802.3292461747484
        },
        {
          "acoustic_entropy": 8.377396583557129,
          "acoustic_entropy_side": 8.37531566619873,
          "hz": 935.3737400823702
        },
        {
          "acoustic_entropy": 8.382161140441895,
          "acoustic_entropy_side": 8.373866081237793,
          "hz": 1080.2004963696966
        },
        {
          "acoustic_entropy": 8.386751174926758,
          "acoustic_entropy_side": 8.419878005981445,
          "hz": 1237.8529382007157
        },
        {
          "acoustic_entropy": 8.39631175994873,
          "acoustic_entropy_side": 8.438373565673828,
          "hz": 1409.4668930556702
        },
        {
          "acoustic_entropy": 8.458879470825195,
          "acoustic_entropy_side": 8.506799697875977,
          "hz": 1596.2787759475705
        },
        {
          "acoustic_entropy": 8.467435836791992,
          "acoustic_entropy_side": 8.41785717010498,
          "hz": 1799.6344973346393
        },
        {
          "acoustic_entropy": 8.476295471191406,
          "acoustic_entropy_side": 8.41634464263916,
          "hz": 2020.9991599069049
        },
        {
          "acoustic_entropy": 8.488241195678711,
          "acoustic_entropy_side": 8.476741790771484,
          "hz": 2261.9676141086993
        },
        {
          "acoustic_entropy": 8.481588363647461,
          "acoustic_entropy_side": 8.476037979125977,
          "hz": 2524.2759484456974
        },
        {
          "acoustic_entropy": 8.518290519714355,
          "acoustic_entropy_side": 8.525298118591309,
          "hz": 2809.813997359896
        },
        {
          "acoustic_entropy": 8.528403282165527,
          "acoustic_entropy_side": 8.56162166595459,
          "hz": 3120.6389567871424
        },
        {
          "acoustic_entropy": 8.657578468322754,
          "acoustic_entropy_side": 8.415746688842773,
