{
  "acoustic_entropy": 82.7109375,
  "bands": [
    {
      "high_freq": 148.1999969482422,
      "loudness": -34.607608795166016,
      "loudness_range": 17.71394920349121,
      "mid_mean": -35.23809051513672,
      "mid_to_side_loudness": -23.332197189331055,
      "mid_to_side_loudness_range": 11.398602485656738,
      "side_mean": -59.71472930908203
    },
    {
      "high_freq": 392.3793640136719,
      "loudness": -38.38085174560547,
      "loudness_range": 13.848127365112305,
      "low_freq": 148.1999969482422,
      "mid_mean": -34.87696838378906,
      "mid_to_side_loudness": -18.467247009277344,
      "mid_to_side_loudness_range": 10.632447242736816,
      "side_mean": -55.0775032043457
    },
    {
      "high_freq": 794.6976318359375,
      "loudness": -41.05002212524414,
      "loudness_range": 28.30962371826172,
      "low_freq": 392.3793640136719,
      "mid_mean": -37.62804412841797,
      "mid_to_side_loudness": -14.09033489227295,
      "mid_to_side_loudness_range": 11.49159049987793,
      "side_mean": -53.742340087890625
    },
    {
      "high_freq": 1457.5709228515625,
      "loudness": -39.91901397705078,
      "loudness_range": 30.33252716064453,
      "low_freq": 794.6976318359375,
      "mid_mean": -38.3381233215332,
      "mid_to_side_loudness": -16.114999771118164,
      "mid_to_side_loudness_range": 17.369853973388672,
      "side_mean": -56.49403762817383
    },
    {
      "high_freq": 2549.74365234375,
      "loudness": -51.663753509521484,
      "loudness_range": 31.08486557006836,
      "low_freq": 1457.5709228515625,
      "mid_mean": -53.735836029052734,
      "mid_to_side_loudness": -15.849226951599121,
      "mid_to_side_loudness_range": 14.826726913452148,
      "side_mean": -63.811012268066406
    },
    {
      "high_freq": 4349.24462890625,
      "loudness": -59.598506927490234,
      "loudness_range": 29.09206771850586,
      "low_freq": 2549.74365234375,
      "mid_mean": -59.97688293457031,
      "mid_to_side_loudness": -17.601194381713867,
      "mid_to_side_loudness_range": 12.312419891357422,
      "side_mean": -67.78854370117188
    },
    {
      "high_freq": 7314.1640625,
      "loudness": -74.7643051147461,
      "loudness_range": 18.2828369140625,
      "low_freq": 4349.24462890625,
      "mid_mean": -66.7998275756836,
      "mid_to_side_loudness": -19.137733459472656,
      "mid_to_side_loudness_range": 10.109491348266602,
      "side_mean": -69.93521881103516
    },
    {
      "high_freq": 12199.2666015625,
      "loudness": -77.61244201660156,
      "loudness_range": 11.605049133300781,
      "low_freq": 7314.1640625,
      "mid_mean": -68.32473754882812,
      "mid_to_side_loudness": -17.726661682128906,
      "mid_to_side_loudness_range": 16.7510986328125,
      "side_mean": -69.97154235839844
    },
    {
      "loudness": 0,
      "loudness_range": 0,
      "low_freq": 12199.2666015625,
      "mid_mean": -69.3638687133789,
      "mid_to_side_loudness": -6.7043561935424805,
      "mid_to_side_loudness_range": 2.5264320373535156,
      "side_mean": -69.85869598388672
    }
  ],
  "bands_short": [
    {
      "high_freq": 148.1999969482422,
      "loudness": -36.3499641418457,
      "loudness_range": 22.260971069335938,
      "mid_mean": -37.422359466552734,
      "mid_to_side_loudness": -22.918495178222656,
      "mid_to_side_loudness_range": 13.476932525634766,
      "side_mean": -60.06254196166992
    },
    {
      "high_freq": 392.3793640136719,
      "loudness": -37.50441360473633,
      "loudness_range": 14.269546508789062,
      "low_freq": 148.1999969482422,
      "mid_mean": -33.94862365722656,
      "mid_to_side_loudness": -19.626489639282227,
      "mid_to_side_loudness_range": 14.252846717834473,
      "side_mean": -55.335044860839844
    },
    {
      "high_freq": 794.6976318359375,
      "loudness": -41.52238845825195,
      "loudness_range": 28.82044792175293,
      "low_freq": 392.3793640136719,
      "mid_mean": -38.2288932800293,
      "mid_to_side_loudness": -13.848379135131836,
      "mid_to_side_loudness_range": 14.370241165161133,
      "side_mean": -54.0692253112793
    },
    {
      "high_freq": 1457.5709228515625,
      "loudness": -40.617027282714844,
      "loudness_range": 31.690349578857422,
      "low_freq": 794.6976318359375,
      "mid_mean": -38.93540954589844,
      "mid_to_side_loudness": -15.953720092773438,
      "mid_to_side_loudness_range": 20.163726806640625,
      "side_mean": -56.71076583862305
    },
    {
      "high_freq": 2549.74365234375,
      "loudness": -52.196598052978516,
      "loudness_range": 31.17642593383789,
      "low_freq": 1457.5709228515625,
      "mid_mean": -54.28620147705078,
      "mid_to_side_loudness": -15.65630054473877,
      "mid_to_side_loudness_range": 16.25204849243164,
      "side_mean": -64.08495330810547
    },
    {
      "high_freq": 4349.24462890625,
      "loudness": -58.6826171875,
      "loudness_range": 29.857563018798828,
      "low_freq": 2549.74365234375,
      "mid_mean": -59.880374908447266,
      "mid_to_side_loudness": -17.214000701904297,
      "mid_to_side_loudness_range": 13.663604736328125,
      "side_mean": -67.57759857177734
    },
    {
      "high_freq": 7314.1640625,
      "loudness": -74.79086303710938,
      "loudness_range": 19.374767303466797,
      "low_freq": 4349.24462890625,
      "mid_mean": -66.73262786865234,
      "mid_to_side_loudness": -18.819515228271484,
      "mid_to_side_loudness_range": 10.974113464355469,
      "side_mean": -69.91738891601562
    },
    {
      "high_freq": 12199.2666015625,
      "loudness": -77.73090362548828,
      "loudness_range": 11.823211669921875,
      "low_freq": 7314.1640625,
      "mid_mean": -68.35092163085938,
      "mid_to_side_loudness": -17.705747604370117,
      "mid_to_side_loudness_range": 17.11952781677246,
      "side_mean": -69.97171020507812
    },
    {
      "loudness": 0,
      "loudness_range": 0,
      "low_freq": 12199.2666015625,
      "mid_mean": -69.35738372802734,
      "mid_to_side_loudness": -6.77763032913208,
      "mid_to_side_loudness_range": 3.439732074737549,
      "side_mean": -69.8581314086914
    }
  ],
  "bandwidth": 553.103271484375,
  "channels": 2,
  "covariance": [
    [
      154.2635955810547,
      95.85511016845703,
      11.778642654418945,
      0.5366954207420349,
      20.751283645629883,
      18.02546501159668,
      89.67621612548828,
      73.3131332397461,
      95.9377670288086,
      51.05091857910156,
      61.10517501831055,
      20.638761520385742,
      21.359970092773438,
      0.3897486627101898,
      10.185917854309082,
      -0.05750745162367821,
      0.7205080389976501,
      -0.0004113419563509524
    ],
    [
      95.85511016845703,
      85.55169677734375,
      -3.548858165740967,
      8.941935539245605,
      14.833077430725098,
      35.75931930541992,
      64.9706039428711,
      68.97870635986328,
      87.82168579101562,
      45.610504150390625,
      63.35751724243164,
      18.327547073364258,
      19.851261138916016,
      0.3851000666618347,
      9.406487464904785,
      -0.003322666510939598,
      1.2561535835266113,
      0.14982718229293823
    ],
    [
      11.778642654418945,
      -3.548858165740967,
      28.155174255371094,
      20.929683685302734,
      18.541919708251953,
      20.16127586364746,
      -4.511721611022949,
      5.750871658325195,
      13.725120544433594,
      2.3040506839752197,
      -2.051069498062134,
      -1.5457046031951904,
      -0.7866983413696289,
      -0.026302900165319443,
      -0.843420684337616,
      0.0018356206128373742,
      0.06848331540822983,
      -0.0033894137013703585
    ],
    [
      0.5366954207420349,
      8.941935539245605,
      20.929683685302734,
      47.74342346191406,
      20.998573303222656,
      45.52368927001953,
      -9.143941879272461,
      22.00570297241211,
      33.847434997558594,
      9.774598121643066,
      11.296337127685547,
      1.3344275951385498,
      3.6750845909118652,
      0.08846364170312881,
      1.267509937286377,
      0.05052078142762184,
      1.0177305936813354,
      0.2132600098848343
    ],
    [
      20.751283645629883,
      14.833077430725098,
      18.541919708251953,
      20.998573303222656,
      91.87889099121094,
      71.51488494873047,
      -3.1068601608276367,
      2.331233263015747,
      49.87955093383789,
      22.153100967407227,
      18.752090454101562,
      -0.3043307363986969,
      3.469625473022461,
      0.10209755599498749,
      -1.8276673555374146,
      0.02809617854654789,
      -0.018549256026744843,
      0.0012773824855685234
    ],
    [
      18.02546501159668,
      35.75931930541992,
      20.16127586364746,
      45.52368927001953,
      71.51488494873047,
      92.94561767578125,
      1.610811710357666,
      35.64352798461914,
      75.75308227539062,
      32.5870246887207,
      38.81076431274414,
      5.090930461883545,
      10.600037574768066,
      0.2350870817899704,
      2.770023822784424,
      0.062484800815582275,
      1.2265557050704956,
      0.23066526651382446
    ],
    [
      89.67621612548828,
      64.9706039428711,
      -4.511721611022949,
      -9.143941879272461,
      -3.1068601608276367,
      1.610811710357666,
      152.88050842285156,
      110.49816131591797,
      114.67725372314453,
      59.297054290771484,
      92.95808410644531,
      31.778793334960938,
      34.084529876708984,
      0.6791896224021912,
      15.45612907409668,
      -0.08803166449069977,
      1.1148239374160767,
      -0.009731264784932137
    ],
    [
      73.3131332397461,
      68.97870635986328,
      5.750871658325195,
      22.00570297241211,
      2.331233263015747,
      35.64352798461914,
      110.49816131591797,
      120.96942138671875,
      117.61470031738281,
      60.192466735839844,
      89.3456039428711,
      29.42735481262207,
      30.27794075012207,
      0.6571119427680969,
      13.966543197631836,
      -0.026807285845279694,
      1.83246648311615,
      0.18411415815353394
    ],
    [
      95.9377670288086,
      87.82168579101562,
      13.725120544433594,
      33.847434997558594,
      49.87955093383789,
      75.75308227539062,
      114.67725372314453,
      117.61470031738281,
      168.8093719482422,
      85.84727478027344,
      115.19538116455078,
      34.063514709472656,
      37.46628952026367,
      0.7994515299797058,
      16.429168701171875,
      -0.02169676311314106,
      2.1974949836730957,
      0.22742122411727905
    ],
    [
      51.05091857910156,
      45.610504150390625,
      2.3040506839752197,
      9.774598121643066,
      22.153100967407227,
      32.5870246887207,
      59.297054290771484,
      60.192466735839844,
      85.84727478027344,
      53.41239929199219,
      61.43073272705078,
      21.225099563598633,
      19.467208862304688,
      0.4742097556591034,
      8.545415878295898,
      -0.02200872078537941,
      1.0038522481918335,
      0.08757433295249939
    ],
    [
      61.10517501831055,
      63.35751724243164,
      -2.051069498062134,
      11.296337127685547,
      18.752090454101562,
      38.81076431274414,
      92.95808410644531,
      89.3456039428711,
      115.19538116455078,
      61.43073272705078,
      98.46585845947266,
      29.70345115661621,
      31.733715057373047,
      0.6666098833084106,
      14.470837593078613,
      -0.029289068654179573,
      1.6539925336837769,
      0.140585258603096
    ],
    [
      20.638761520385742,
      18.327547073364258,
      -1.5457046031951904,
      1.3344275951385498,
      -0.3043307363986969,
      5.090930461883545,
      31.778793334960938,
      29.42735481262207,
      34.063514709472656,
      21.225099563598633,
      29.70345115661621,
      11.956183433532715,
      9.448501586914062,
      0.23226623237133026,
      4.710118293762207,
      -0.014344397000968456,
      0.468037486076355,
      0.030119342729449272
    ],
    [
      21.359970092773438,
      19.851261138916016,
      -0.7866983413696289,
      3.6750845909118652,
      3.469625473022461,
      10.600037574768066,
      34.084529876708984,
      30.27794075012207,
      37.46628952026367,
      19.467208862304688,
      31.733715057373047,
      9.448501586914062,
      12.567845344543457,
      0.2728179395198822,
      5.291276454925537,
      -0.012998919934034348,
      0.5820779204368591,
      0.045031171292066574
    ],
    [
      0.3897486627101898,
      0.3851000666618347,
      -0.026302900165319443,
      0.08846364170312881,
      0.10209755599498749,
      0.2350870817899704,
      0.6791896224021912,
      0.6571119427680969,
      0.7994515299797058,
      0.4742097556591034,
      0.6666098833084106,
      0.23226623237133026,
      0.2728179395198822,
      0.0091636311262846,
      0.10551619529724121,
      -0.00019803171744570136,
      0.01198770385235548,
      0.0008933109347708523
    ],
    [
      10.185917854309082,
      9.406487464904785,
      -0.843420684337616,
      1.267509937286377,
      -1.8276673555374146,
      2.770023822784424,
      15.45612907409668,
      13.966543197631836,
      16.429168701171875,
      8.545415878295898,
      14.470837593078613,
      4.710118293762207,
      5.291276454925537,
      0.10551619529724121,
      2.77457594871521,
      -0.005759617779403925,
      0.29303622245788574,
      0.02316538617014885
    ],
    [
      -0.05750745162367821,
      -0.003322666510939598,
      0.0018356206128373742,
      0.05052078142762184,
      0.02809617854654789,
      0.062484800815582275,
      -0.08803166449069977,
      -0.026807285845279694,
      -0.02169676311314106,
      -0.02200872078537941,
      -0.029289068654179573,
      -0.014344397000968456,
      -0.012998919934034348,
      -0.00019803171744570136,
      -0.005759617779403925,
      0.00022742881265003234,
      0.0010895238956436515,
      0.00041002946090884507
    ],
    [
      0.7205080389976501,
      1.2561535835266113,
      0.06848331540822983,
      1.0177305936813354,
      -0.018549256026744843,
      1.2265557050704956,
      1.1148239374160767,
      1.83246648311615,
      2.1974949836730957,
      1.0038522481918335,
      1.6539925336837769,
      0.468037486076355,
      0.5820779204368591,
      0.01198770385235548,
      0.29303622245788574,
      0.0010895238956436515,
      0.05909573286771774,
      0.00904933363199234
    ],
    [
      -0.0004113419563509524,
      0.14982718229293823,
      -0.0033894137013703585,
      0.2132600098848343,
      0.0012773824855685234,
      0.23066526651382446,
      -0.009731264784932137,
      0.18411415815353394,
      0.22742122411727905,
      0.08757433295249939,
      0.140585258603096,
      0.030119342729449272,
      0.045031171292066574,
      0.0008933109347708523,
      0.02316538617014885,
      0.00041002946090884507,
      0.00904933363199234,
      0.002217418048530817
    ]
  ],
  "covariance_short": [
    [
      185.2051544189453,
      107.68279266357422,
      18.29542350769043,
      -3.52242374420166,
      22.294456481933594,
      21.134151458740234,
      95.56219482421875,
      81.37136840820312,
      105.41361999511719,
      54.679725646972656,
      79.4039077758789,
      26.177623748779297,
      27.308687210083008,
      0.7015352249145508,
      11.374695777893066,
      -0.0593319833278656,
      0.8414245247840881,
      0.007836815901100636
    ],
    [
      107.68279266357422,
      83.07603454589844,
      8.163647651672363,
      11.909258842468262,
      17.390127182006836,
      35.072792053222656,
      64.98477172851562,
      66.6522216796875,
      84.37056732177734,
      42.655982971191406,
      64.39131164550781,
      19.465517044067383,
      20.84910774230957,
      0.5426802039146423,
      9.059799194335938,
      -0.005242512561380863,
      1.239005208015442,
      0.14257076382637024
    ],
    [
      18.29542350769043,
      8.163647651672363,
      26.26131248474121,
      14.009352684020996,
      13.310462951660156,
      13.978841781616211,
      11.993345260620117,
      14.363570213317871,
      19.99213981628418,
      6.619885444641113,
      8.526819229125977,
      2.373382568359375,
      2.8198580741882324,
      0.034092728048563004,
      1.0571433305740356,
      -0.009048711508512497,
      0.13373051583766937,
      -0.0087741669267416
    ],
    [
      -3.52242374420166,
      11.909258842468262,
      14.009352684020996,
      44.38725280761719,
      15.402592658996582,
      40.370479583740234,
      0.21874400973320007,
      26.704086303710938,
      33.98638153076172,
      11.016671180725098,
      16.195920944213867,
      3.803791046142578,
      5.050858497619629,
      0.1182057186961174,
      2.2319722175598145,
      0.04400942847132683,
      1.0424344539642334,
      0.20698368549346924
    ],
    [
      22.294456481933594,
      17.390127182006836,
      13.310462951660156,
      15.402592658996582,
      101.15460968017578,
      73.41319274902344,
      4.172839164733887,
      5.233030796051025,
      53.376678466796875,
      23.878347396850586,
      18.04145622253418,
      0.4336183965206146,
      1.9267481565475464,
      -0.048566482961177826,
      -1.7278109788894653,
      0.02510366216301918,
      -0.021057123318314552,
      0.0036574455443769693
    ],
    [
      21.134151458740234,
      35.072792053222656,
      13.978841781616211,
      40.370479583740234,
      73.41319274902344,
      95.18399047851562,
      6.169590950012207,
      35.57268524169922,
      73.15946960449219,
      31.48035430908203,
      36.5280647277832,
      5.65748929977417,
      9.227921485900879,
      0.15697336196899414,
      2.42730450630188,
      0.060172807425260544,
      1.1712192296981812,
      0.2231634110212326
    ],
    [
      95.56219482421875,
      64.98477172851562,
      11.993345260620117,
      0.21874400973320007,
      4.172839164733887,
      6.169590950012207,
      151.47694396972656,
      101.84886169433594,
      115.16925811767578,
      57.00624465942383,
      97.87509155273438,
      34.01914596557617,
      36.0435791015625,
      0.9776198863983154,
      14.708271980285645,
      -0.08748342096805573,
      1.1509793996810913,
      -0.002200324786826968
    ],
    [
      81.37136840820312,
      66.6522216796875,
      14.363570213317871,
      26.704086303710938,
      5.233030796051025,
      35.57268524169922,
      101.84886169433594,
      116.2984848022461,
      112.07340240478516,
      56.664466857910156,
      90.40933990478516,
      31.47746467590332,
      30.993070602416992,
      0.9336669445037842,
      13.071636199951172,
      -0.027387574315071106,
      1.7920950651168823,
      0.17730088531970978
    ],
    [
      105.41361999511719,
      84.37056732177734,
      19.99213981628418,
      33.98638153076172,
      53.376678466796875,
      73.15946960449219,
      115.16925811767578,
      112.07340240478516,
      164.8039093017578,
      80.38465881347656,
      116.40894317626953,
      36.99229431152344,
      38.34427261352539,
      1.0439034700393677,
      15.70043659210205,
      -0.02279640920460224,
      2.17699933052063,
      0.21624942123889923
    ],
    [
      54.679725646972656,
      42.655982971191406,
      6.619885444641113,
      11.016671180725098,
      23.878347396850586,
      31.48035430908203,
      57.00624465942383,
      56.664466857910156,
      80.38465881347656,
      51.032039642333984,
      60.53221130371094,
      22.517749786376953,
      19.196033477783203,
      0.5873619914054871,
      7.8543853759765625,
      -0.02074054628610611,
      0.9653870463371277,
      0.08385604619979858
    ],
    [
      79.4039077758789,
      64.39131164550781,
      8.526819229125977,
      16.195920944213867,
      18.04145622253418,
      36.5280647277832,
      97.87509155273438,
      90.40933990478516,
      116.40894317626953,
      60.53221130371094,
      106.18262481689453,
      34.035430908203125,
      35.26029586791992,
      0.9857146739959717,
      14.712340354919434,
      -0.03489319607615471,
      1.7449053525924683,
      0.1381436586380005
    ],
    [
      26.177623748779297,
      19.465517044067383,
      2.373382568359375,
      3.803791046142578,
      0.4336183965206146,
      5.65748929977417,
      34.01914596557617,
      31.47746467590332,
      36.99229431152344,
      22.517749786376953,
      34.035430908203125,
      15.018288612365723,
      11.475709915161133,
      0.3765704929828644,
      5.000069618225098,
      -0.017125777900218964,
      0.5294215679168701,
      0.03163955733180046
    ],
    [
      27.308687210083008,
      20.84910774230957,
      2.8198580741882324,
      5.050858497619629,
      1.9267481565475464,
      9.227921485900879,
      36.0435791015625,
      30.993070602416992,
      38.34427261352539,
      19.196033477783203,
      35.26029586791992,
      11.475709915161133,
      15.032622337341309,
      0.4218680262565613,
      5.837060928344727,
      -0.01596679352223873,
      0.655083179473877,
      0.0438605397939682
    ],
    [
      0.7015352249145508,
      0.5426802039146423,
      0.034092728048563004,
      0.1182057186961174,
      -0.048566482961177826,
      0.15697336196899414,
      0.9776198863983154,
      0.9336669445037842,
      1.0439034700393677,
      0.5873619914054871,
      0.9857146739959717,
      0.3765704929828644,
      0.4218680262565613,
      0.023739833384752274,
      0.16872504353523254,
      -0.0005023170378990471,
      0.01810786873102188,
      0.0010157509241253138
    ],
    [
      11.374695777893066,
      9.059799194335938,
      1.0571433305740356,
      2.2319722175598145,
      -1.7278109788894653,
      2.42730450630188,
      14.708271980285645,
      13.071636199951172,
      15.70043659210205,
      7.8543853759765625,
      14.712340354919434,
      5.000069618225098,
      5.837060928344727,
      0.16872504353523254,
      2.891045331954956,
      -0.005854458548128605,
      0.3213774561882019,
      0.021937722340226173
    ],
    [
      -0.0593319833278656,
      -0.005242512561380863,
      -0.009048711508512497,
      0.04400942847132683,
      0.02510366216301918,
      0.060172807425260544,
      -0.08748342096805573,
      -0.027387574315071106,
      -0.02279640920460224,
      -0.02074054628610611,
      -0.03489319607615471,
      -0.017125777900218964,
      -0.01596679352223873,
      -0.0005023170378990471,
      -0.005854458548128605,
      0.0002450059982948005,
      0.0010466271778568625,
      0.00041064879042096436
    ],
    [
      0.8414245247840881,
      1.239005208015442,
      0.13373051583766937,
      1.0424344539642334,
      -0.021057123318314552,
      1.1712192296981812,
      1.1509793996810913,
      1.7920950651168823,
      2.17699933052063,
      0.9653870463371277,
      1.7449053525924683,
      0.5294215679168701,
      0.655083179473877,
      0.01810786873102188,
      0.3213774561882019,
      0.0010466271778568625,
      0.0693330392241478,
      0.009065182879567146
    ],
    [
      0.007836815901100636,
      0.14257076382637024,
      -0.0087741669267416,
      0.20698368549346924,
      0.0036574455443769693,
      0.2231634110212326,
      -0.002200324786826968,
      0.17730088531970978,
      0.21624942123889923,
      0.08385604619979858,
      0.1381436586380005,
      0.03163955733180046,
      0.0438605397939682,
      0.0010157509241253138,
      0.021937722340226173,
      0.00041064879042096436,
      0.009065182879567146,
      0.0028437001165002584
    ]
  ],
  "damage": -14.607128143310547,
  "diff_bandwidth": 742.559814453125,
  "dissonance": 2.5587372468256167,
  "drr": 5.395004749298096,
  "dynamics": 4.725391864776611,
  "format": 1245190,
  "frames": 1795008,
  "loudness": -25.291120529174805,
  "loudness_range": 17.873981475830078,
  "loudness_range_short": 19.14082145690918,
  "lowpass_true_peak_15khz": -10.030407905578613,
  "mastering3_acoustic_entropies": [
    {
      "acoustic_entropy": 8.614173889160156,
      "acoustic_entropy_mono": 8.596454620361328,
      "band_eliminated_acoustic_entropies": [
        {
          "acoustic_entropy": 8.586529731750488,
          "acoustic_entropy_side": 8.614171028137207,
          "hz": 129.47220167065723
        },
        {
          "acoustic_entropy": 8.552482604980469,
          "acoustic_entropy_side": 8.614167213439941,
          "hz": 202.92927478742237
        },
        {
          "acoustic_entropy": 8.330500602722168,
          "acoustic_entropy_side": 8.614006996154785,
          "hz": 282.89161906338205
        },
        {
          "acoustic_entropy": 7.631532669067383,
          "acoustic_entropy_side": 8.613008499145508,
          "hz": 369.9353335868758
        },
        {
          "acoustic_entropy": 8.307754516601562,
          "acoustic_entropy_side": 8.615582466125488,
          "hz": 464.6875360973435
        },
        {
          "acoustic_entropy": 8.47632122039795,
          "acoustic_entropy_side": 8.611993789672852,
          "hz": 567.8308811364784
        },
        {
          "acoustic_entropy": 7.957902431488037,
          "acoustic_entropy_side": 8.605269432067871,
          "hz": 680.1084783214808
        },
        {
          "acoustic_entropy": 7.351497173309326,
          "acoustic_entropy_side": 8.63589859008789,
          "hz": 802.3292461747484
        },
        {
          "acoustic_entropy": 8.08163833618164,
          "acoustic_entropy_side": 8.591919898986816,
          "hz": 935.3737400823702
        },
        {
          "acoustic_entropy": 8.027153968811035,
          "acoustic_entropy_side": 8.587126731872559,
          "hz": 1080.2004963696966
        },
        {
          "acoustic_entropy": 8.493597030639648,
          "acoustic_entropy_side": 8.614347457885742,
          "hz": 1237.8529382007157
        },
        {
          "acoustic_entropy": 8.466005325317383,
          "acoustic_entropy_side": 8.616007804870605,
          "hz": 1409.4668930556702
        },
        {
          "acoustic_entropy": 8.618945121765137,
          "acoustic_entropy_side": 8.614089012145996,
          "hz": 1596.2787759475705
        },
        {
          "acoustic_entropy": 8.466572761535645,
          "acoustic_entropy_side": 8.614175796508789,
          "hz": 1799.6344973346393
        },
        {
          "acoustic_entropy": 8.389825820922852,
          "acoustic_entropy_side": 8.613089561462402,
          "hz": 2020.9991599069049
        },
        {
          "acoustic_entropy": 8.640077590942383,
          "acoustic_entropy_side": 8.614323616027832,
          "hz": 2261.9676141086993
        },
        {
          "acoustic_entropy": 8.641012191772461,
          "acoustic_entropy_side": 8.614357948303223,
          "hz": 2524.2759484456974
        },
        {
          "acoustic_entropy": 8.60851001739502,
          "acoustic_entropy_side": 8.614153861999512,
          "hz": 2809.813997359896
        },
        {
          "acoustic_entropy": 8.61640453338623,
          "acoustic_entropy_side": 8.614171028137207,
          "hz": 3120.6389567871424
        },
        {
          "acoustic_entropy": 8.614470481872559,
          "acoustic_entropy_side": 8.614173889160156,
          "hz": 3458.990205492291
        },
        {
          "acoustic_entropy": 8.612069129943848,
          "acoustic_entropy_side": 8.614174842834473,
          "hz": 3827.305438964164
        },
        {
          "acoustic_entropy": 8.614323616027832,
          "acoustic_entropy_side": 8.614173889160156,
          "hz": 4228.238232109126
        },
        {
          "acoustic_entropy": 8.614267349243164,
          "acoustic_entropy_side": 8.614173889160156,
          "hz": 4664.6771572759235
        },
        {
          "acoustic_entropy": 8.614187240600586,
          "acoustic_entropy_side": 8.614173889160156,
          "hz": 5139.766595350093
        },
        {
          "acoustic_entropy": 8.614171028137207,
          "acoustic_entropy_side": 8.614173889160156,
          "hz": 5656.929389854203
        },
        {
          "acoustic_entropy": 8.614173889160156,
          "acoustic_entropy_side": 8.614173889160156,
          "hz": 6219.891507268283
        },
        {
          "acoustic_entropy": 8.614173889160156,
          "acoustic_entropy_side": 8.614173889160156,
          "hz": 6832.70888123896
        },
        {
          "acoustic_entropy": 8.614173889160156,
          "acoustic_entropy_side": 8.614173889160156,
          "hz": 7499.796634079867
        },
        {
          "acoustic_entropy": 8.614173889160156,
          "acoustic_entropy_side": 8.614173889160156,
          "hz": 8225.96088609342
        },
        {
          "acoustic_entropy": 8.614173889160156,
          "acoustic_entropy_side": 8.614173889160156,
          "hz": 9016.43338188839
        },
        {
          "acoustic_entropy": 8.614173889160156,
          "acoustic_entropy_side": 8.614173889160156,
          "hz": 9876.909183162974
        },
        {
          "acoustic_entropy": 8.614173889160156,
          "acoustic_entropy_side": 8.614173889160156,
          "hz": 10813.587699516042
        },
        {
          "acoustic_entropy": 8.614173889160156,
          "acoustic_entropy_side": 8.614173889160156,
          "hz": 11833.21735289826
        },
        {
          "acoustic_entropy": 8.614173889160156,
          "acoustic_entropy_side": 8.614173889160156,
          "hz": 12943.144197493959
        },
        {
          "acoustic_entropy": 8.614173889160156,
          "acoustic_entropy_side": 8.614173889160156,
          "hz": 14151.364845322005
        },
        {
          "acoustic_entropy": 8.614173889160156,
          "acoustic_entropy_side": 8.614173889160156,
          "hz": 15466.58407886509
        },
        {
          "acoustic_entropy": 8.614173889160156,
          "acoustic_entropy_side": 8.614173889160156,
          "hz": 16898.27756580493
        },
        {
          "acoustic_entropy": 8.614173889160156,
          "acoustic_entropy_side": 8.614173889160156,
          "hz": 18456.760127700032
        },
        {
          "acoustic_entropy": 8.614173889160156,
          "acoustic_entropy_side": 8.614173889160156,
          "hz": 20153.260054456492
        },
        {
          "acoustic_entropy": 8.614173889160156,
          "acoustic_entropy_side": 8.614173889160156,
          "hz": 22000.00000000001
        }
      ],
      "diff_acoustic_entropy": 2.1147851943969727,
      "sn": 6
    },
    {
      "acoustic_entropy": 11.311097145080566,
      "acoustic_entropy_mono": 11.154240608215332,
      "band_eliminated_acoustic_entropies": [
        {
          "acoustic_entropy": 11.105748176574707,
          "acoustic_entropy_side": 11.311245918273926,
          "hz": 129.47220167065723
        },
        {
          "acoustic_entropy": 10.869097709655762,
          "acoustic_entropy_side": 11.311216354370117,
          "hz": 202.92927478742237
        },
        {
          "acoustic_entropy": 11.273199081420898,
          "acoustic_entropy_side": 11.311095237731934,
          "hz": 282.89161906338205
        },
        {
          "acoustic_entropy": 10.939817428588867,
          "acoustic_entropy_side": 11.31483268737793,
          "hz": 369.9353335868758
        },
        {
          "acoustic_entropy": 10.771864891052246,
          "acoustic_entropy_side": 11.307877540588379,
          "hz": 464.6875360973435
        },
        {
          "acoustic_entropy": 11.207890510559082,
          "acoustic_entropy_side": 11.308000564575195,
          "hz": 567.8308811364784
        },
        {
          "acoustic_entropy": 11.591642379760742,
          "acoustic_entropy_side": 11.396200180053711,
          "hz": 680.1084783214808
        },
        {
          "acoustic_entropy": 10.81052303314209,
          "acoustic_entropy_side": 11.293903350830078,
          "hz": 802.3292461747484
        },
        {
          "acoustic_entropy": 11.672075271606445,
          "acoustic_entropy_side": 11.424153327941895,
          "hz": 935.3737400823702
        },
        {
          "acoustic_entropy": 11.019437789916992,
          "acoustic_entropy_side": 11.33275032043457,
          "hz": 1080.2004963696966
        },
        {
          "acoustic_entropy": 11.169047355651855,
          "acoustic_entropy_side": 11.303067207336426,
          "hz": 1237.8529382007157
        },
        {
          "acoustic_entropy": 11.818462371826172,
          "acoustic_entropy_side": 11.340784072875977,
          "hz": 1409.4668930556702
        },
        {
          "acoustic_entropy": 11.513084411621094,
          "acoustic_entropy_side": 11.314894676208496,
          "hz": 1596.2787759475705
        },
        {
          "acoustic_entropy": 11.199491500854492,
          "acoustic_entropy_side": 11.303345680236816,
          "hz": 1799.6344973346393
        },
        {
          "acoustic_entropy": 11.4594087600708,
          "acoustic_entropy_side": 11.294270515441895,
          "hz": 2020.9991599069049
        },
        {
          "acoustic_entropy": 11.489256858825684,
          "acoustic_entropy_side": 11.312849044799805,
          "hz": 2261.9676141086993
        },
        {
          "acoustic_entropy": 11.36426830291748,
          "acoustic_entropy_side": 11.304756164550781,
          "hz": 2524.2759484456974
        },
        {
          "acoustic_entropy": 11.472631454467773,
          "acoustic_entropy_side": 11.311322212219238,
          "hz": 2809.813997359896
        },
        {
          "acoustic_entropy": 11.315791130065918,
          "acoustic_entropy_side": 11.311087608337402,
          "hz": 3120.6389567871424
        },
        {
          "acoustic_entropy": 11.313211441040039,
          "acoustic_entropy_side": 11.311094284057617,
          "hz": 3458.990205492291
        },
        {
          "acoustic_entropy": 11.302042007446289,
          "acoustic_entropy_side": 11.311076164245605,
          "hz": 3827.305438964164
        },
        {
          "acoustic_entropy": 11.310914039611816,
          "acoustic_entropy_side": 11.31109619140625,
          "hz": 4228.238232109126
        },
        {
          "acoustic_entropy": 11.31101131439209,
          "acoustic_entropy_side": 11.311098098754883,
          "hz": 4664.6771572759235
        },
        {
          "acoustic_entropy": 11.311205863952637,
          "acoustic_entropy_side": 11.311097145080566,
          "hz": 5139.766595350093
        },
        {
          "acoustic_entropy": 11.311108589172363,
          "acoustic_entropy_side": 11.311097145080566,
          "hz": 5656.929389854203
        },
        {
          "acoustic_entropy": 11.311103820800781,
          "acoustic_entropy_side": 11.311097145080566,
          "hz": 6219.891507268283
        },
        {
          "acoustic_entropy": 11.311095237731934,
          "acoustic_entropy_side": 11.311097145080566,
          "hz": 6832.70888123896
        },
        {
          "acoustic_entropy": 11.31109619140625,
          "acoustic_entropy_side": 11.311097145080566,
          "hz": 7499.796634079867
        },
        {
          "acoustic_entropy": 11.311097145080566,
          "acoustic_entropy_side": 11.311097145080566,
          "hz": 8225.96088609342
        },
        {
          "acoustic_entropy": 11.31109619140625,
          "acoustic_entropy_side": 11.311097145080566,
          "hz": 9016.43338188839
        },
        {
          "acoustic_entropy": 11.3110933303833,
          "acoustic_entropy_side": 11.311097145080566,
          "hz": 9876.909183162974
        },
        {
          "acoustic_entropy": 11.3110933303833,
          "acoustic_entropy_side": 11.311097145080566,
          "hz": 10813.587699516042
        },
        {
          "acoustic_entropy": 11.31109619140625,
          "acoustic_entropy_side": 11.311097145080566,
          "hz": 11833.21735289826
        },
        {
          "acoustic_entropy": 11.311097145080566,
          "acoustic_entropy_side": 11.311097145080566,
          "hz": 12943.144197493959
        },
        {
          "acoustic_entropy": 11.311098098754883,
          "acoustic_entropy_side": 11.311097145080566,
          "hz": 14151.364845322005
        },
        {
          "acoustic_entropy": 11.311097145080566,
          "acoustic_entropy_side": 11.311097145080566,
          "hz": 15466.58407886509
        },
        {
          "acoustic_entropy": 11.311097145080566,
          "acoustic_entropy_side": 11.311097145080566,
          "hz": 16898.27756580493
        },
        {
          "acoustic_entropy": 11.311097145080566,
          "acoustic_entropy_side": 11.311097145080566,
          "hz": 18456.760127700032
        },
        {
          "acoustic_entropy": 11.311097145080566,
          "acoustic_entropy_side": 11.311097145080566,
          "hz": 20153.260054456492
        },
        {
          "acoustic_entropy": 11.311097145080566,
          "acoustic_entropy_side": 11.311097145080566,
          "hz": 22000.00000000001
        }
      ],
      "diff_acoustic_entropy": 3.9848461151123047,
      "sn": 12
    },
    {
      "acoustic_entropy": 17.087785720825195,
      "acoustic_entropy_mono": 15.330288887023926,
      "band_eliminated_acoustic_entropies": [
        {
          "acoustic_entropy": 16.52642250061035,
          "acoustic_entropy_side": 17.096487045288086,
          "hz": 129.47220167065723
        },
        {
          "acoustic_entropy": 17.14571189880371,
          "acoustic_entropy_side": 17.09341812133789,
          "hz": 202.92927478742237
        },
        {
          "acoustic_entropy": 16.512060165405273,
          "acoustic_entropy_side": 16.901079177856445,
          "hz": 282.89161906338205
        },
        {
          "acoustic_entropy": 17.07325553894043,
          "acoustic_entropy_side": 17.193166732788086,
          "hz": 369.9353335868758
        },
        {
          "acoustic_entropy": 16.427536010742188,
          "acoustic_entropy_side": 16.895503997802734,
          "hz": 464.6875360973435
        },
        {
          "acoustic_entropy": 16.881301879882812,
          "acoustic_entropy_side": 17.01633071899414,
          "hz": 567.8308811364784
        },
        {
          "acoustic_entropy": 16.566917419433594,
          "acoustic_entropy_side": 16.70424461364746,
          "hz": 680.1084783214808
        },
        {
          "acoustic_entropy": 16.958223342895508,
          "acoustic_entropy_side": 17.6184024810791,
          "hz": 802.3292461747484
        },
        {
          "acoustic_entropy": 16.985389709472656,
          "acoustic_entropy_side": 16.840084075927734,
          "hz": 935.3737400823702
        },
        {
          "acoustic_entropy": 17.146404266357422,
          "acoustic_entropy_side": 16.97378921508789,
          "hz": 1080.2004963696966
        },
        {
          "acoustic_entropy": 16.827281951904297,
          "acoustic_entropy_side": 17.069753646850586,
          "hz": 1237.8529382007157
        },
        {
          "acoustic_entropy": 16.92819595336914,
          "acoustic_entropy_side": 17.050111770629883,
          "hz": 1409.4668930556702
        },
        {
          "acoustic_entropy": 16.87937355041504,
          "acoustic_entropy_side": 16.997379302978516,
          "hz": 1596.2787759475705
        },
        {
          "acoustic_entropy": 17.07695198059082,
          "acoustic_entropy_side": 16.896142959594727,
          "hz": 1799.6344973346393
        },
        {
          "acoustic_entropy": 16.15668487548828,
          "acoustic_entropy_side": 16.79558753967285,
          "hz": 2020.9991599069049
        },
        {
          "acoustic_entropy": 16.912221908569336,
          "acoustic_entropy_side": 17.01492691040039,
          "hz": 2261.9676141086993
        },
        {
