{
  "acoustic_entropy": 153.33860778808594,
  "bands": [
    {
      "high_freq": 148.1999969482422,
      "loudness": -43.937503814697266,
      "loudness_range": 18.99161148071289,
      "mid_mean": -40.40277862548828,
      "mid_to_side_loudness": -23.141071319580078,
      "mid_to_side_loudness_range": 17.257783889770508,
      "side_mean": -62.81279754638672
    },
    {
      "high_freq": 392.3793640136719,
      "loudness": -37.03546142578125,
      "loudness_range": 15.224966049194336,
      "low_freq": 148.1999969482422,
      "mid_mean": -33.38649368286133,
      "mid_to_side_loudness": -22.576416015625,
      "mid_to_side_loudness_range": 14.327115058898926,
      "side_mean": -55.96630859375
    },
    {
      "high_freq": 794.6976318359375,
      "loudness": -35.63968276977539,
      "loudness_range": 18.307409286499023,
      "low_freq": 392.3793640136719,
      "mid_mean": -32.07280731201172,
      "mid_to_side_loudness": -19.998876571655273,
      "mid_to_side_loudness_range": 13.284979820251465,
      "side_mean": -52.57425308227539
    },
    {
      "high_freq": 1457.5709228515625,
      "loudness": -33.80706787109375,
      "loudness_range": 21.364444732666016,
      "low_freq": 794.6976318359375,
      "mid_mean": -30.2625789642334,
      "mid_to_side_loudness": -22.424585342407227,
      "mid_to_side_loudness_range": 16.80774688720703,
      "side_mean": -53.79316329956055
    },
    {
      "high_freq": 2549.74365234375,
      "loudness": -36.70538330078125,
      "loudness_range": 19.276508331298828,
      "low_freq": 1457.5709228515625,
      "mid_mean": -33.16313552856445,
      "mid_to_side_loudness": -21.829788208007812,
      "mid_to_side_loudness_range": 19.1988525390625,
      "side_mean": -56.65617752075195
    },
    {
      "high_freq": 4349.24462890625,
      "loudness": -46.67963790893555,
      "loudness_range": 25.018173217773438,
      "low_freq": 2549.74365234375,
      "mid_mean": -43.45233917236328,
      "mid_to_side_loudness": -24.301313400268555,
      "mid_to_side_loudness_range": 18.990955352783203,
      "side_mean": -65.3497085571289
    },
    {
      "high_freq": 7314.1640625,
      "loudness": -61.787845611572266,
      "loudness_range": 27.544445037841797,
      "low_freq": 4349.24462890625,
      "mid_mean": -58.584320068359375,
      "mid_to_side_loudness": -28.737430572509766,
      "mid_to_side_loudness_range": 22.951248168945312,
      "side_mean": -69.68061828613281
    },
    {
      "high_freq": 12199.2666015625,
      "loudness": -71.9061050415039,
      "loudness_range": 24.071250915527344,
      "low_freq": 7314.1640625,
      "mid_mean": -64.73896789550781,
      "mid_to_side_loudness": -21.489200592041016,
      "mid_to_side_loudness_range": 22.360397338867188,
      "side_mean": -69.95838928222656
    },
    {
      "loudness": -76.30072784423828,
      "loudness_range": 11.941192626953125,
      "low_freq": 12199.2666015625,
      "mid_mean": -67.85179901123047,
      "mid_to_side_loudness": -7.319106101989746,
      "mid_to_side_loudness_range": 9.062387466430664,
      "side_mean": -69.70658874511719
    }
  ],
  "bands_short": [
    {
      "high_freq": 148.1999969482422,
      "loudness": -48.42579650878906,
      "loudness_range": 26.794944763183594,
      "mid_mean": -45.272315979003906,
      "mid_to_side_loudness": -21.095199584960938,
      "mid_to_side_loudness_range": 25.349544525146484,
      "side_mean": -64.44923400878906
    },
    {
      "high_freq": 392.3793640136719,
      "loudness": -37.60667419433594,
      "loudness_range": 17.587915420532227,
      "low_freq": 148.1999969482422,
      "mid_mean": -33.980796813964844,
      "mid_to_side_loudness": -21.89015769958496,
      "mid_to_side_loudness_range": 18.38937759399414,
      "side_mean": -56.172332763671875
    },
    {
      "high_freq": 794.6976318359375,
      "loudness": -36.43414306640625,
      "loudness_range": 20.23029899597168,
      "low_freq": 392.3793640136719,
      "mid_mean": -32.90806198120117,
      "mid_to_side_loudness": -19.082469940185547,
      "mid_to_side_loudness_range": 17.49446678161621,
      "side_mean": -52.90690994262695
    },
    {
      "high_freq": 1457.5709228515625,
      "loudness": -34.319026947021484,
      "loudness_range": 23.207073211669922,
      "low_freq": 794.6976318359375,
      "mid_mean": -30.807880401611328,
      "mid_to_side_loudness": -21.553688049316406,
      "mid_to_side_loudness_range": 21.745861053466797,
      "side_mean": -54.03876495361328
    },
    {
      "high_freq": 2549.74365234375,
      "loudness": -37.74599838256836,
      "loudness_range": 22.260847091674805,
      "low_freq": 1457.5709228515625,
      "mid_mean": -34.29283905029297,
      "mid_to_side_loudness": -20.774505615234375,
      "mid_to_side_loudness_range": 22.47757339477539,
      "side_mean": -57.117156982421875
    },
    {
      "high_freq": 4349.24462890625,
      "loudness": -47.76052474975586,
      "loudness_range": 27.501209259033203,
      "low_freq": 2549.74365234375,
      "mid_mean": -44.8983154296875,
      "mid_to_side_loudness": -22.85742950439453,
      "mid_to_side_loudness_range": 22.595901489257812,
      "side_mean": -65.46585845947266
    },
    {
      "high_freq": 7314.1640625,
      "loudness": -62.89877700805664,
      "loudness_range": 28.651023864746094,
      "low_freq": 4349.24462890625,
      "mid_mean": -59.698177337646484,
      "mid_to_side_loudness": -26.064453125,
      "mid_to_side_loudness_range": 23.441667556762695,
      "side_mean": -69.69222259521484
    },
    {
      "high_freq": 12199.2666015625,
      "loudness": -72.86906433105469,
      "loudness_range": 23.837520599365234,
      "low_freq": 7314.1640625,
      "mid_mean": -65.39519500732422,
      "mid_to_side_loudness": -19.72498893737793,
      "mid_to_side_loudness_range": 20.389331817626953,
      "side_mean": -69.9595718383789
    },
    {
      "loudness": -76.73379516601562,
      "loudness_range": 10.656478881835938,
      "low_freq": 12199.2666015625,
      "mid_mean": -68.07522583007812,
      "mid_to_side_loudness": -6.924214839935303,
      "mid_to_side_loudness_range": 9.50210952758789,
      "side_mean": -69.70643615722656
    }
  ],
  "bandwidth": 867.322998046875,
  "channels": 2,
  "covariance": [
    [
      46.04204177856445,
      13.671160697937012,
      -1.8029370307922363,
      -1.2935560941696167,
      -2.1367411613464355,
      -0.7815986275672913,
      -1.3541910648345947,
      -1.582197666168213,
      -0.8215764760971069,
      -0.5512141585350037,
      -5.336647987365723,
      -2.9556751251220703,
      -4.544022083282471,
      -0.4077160954475403,
      0.5167738795280457,
      0.01699472963809967,
      0.7168622016906738,
      0.02556980587542057
    ],
    [
      13.671160697937012,
      18.119464874267578,
      -1.9771418571472168,
      3.334078788757324,
      -0.6857097744941711,
      4.043678283691406,
      -0.6153367757797241,
      3.5702199935913086,
      0.4146018624305725,
      3.664419651031494,
      -2.474081039428711,
      -0.36543312668800354,
      1.5291845798492432,
      0.00508265383541584,
      1.6275666952133179,
      0.03752388805150986,
      1.16321861743927,
      0.07933785766363144
    ],
    [
      -1.8029370307922363,
      -1.9771418571472168,
      29.040491104125977,
      17.499650955200195,
      15.858144760131836,
      11.388493537902832,
      16.375625610351562,
      14.004366874694824,
      12.459900856018066,
      11.016377449035645,
      15.560956954956055,
      6.40849494934082,
      19.70155143737793,
      0.6722922325134277,
      10.625572204589844,
      -0.017409073188900948,
      2.385080575942993,
      0.0037363984156399965
    ],
    [
      -1.2935560941696167,
      3.334078788757324,
      17.499650955200195,
      31.455686569213867,
      14.099799156188965,
      23.320568084716797,
      14.755027770996094,
      24.11139488220215,
      10.168390274047852,
      17.783613204956055,
      11.886712074279785,
      8.247208595275879,
      19.860082626342773,
      0.5831558704376221,
      11.299124717712402,
      -0.0122178103774786,
      2.5915369987487793,
      0.13515256345272064
    ],
    [
      -2.1367411613464355,
      -0.6857097744941711,
      15.858144760131836,
      14.099799156188965,
      43.86766815185547,
      30.819887161254883,
      32.51482391357422,
      27.76844024658203,
      24.223649978637695,
      25.0058536529541,
      25.366714477539062,
      11.798110008239746,
      22.162464141845703,
      0.5248663425445557,
      7.002945899963379,
      -0.1393934190273285,
      -0.9292724132537842,
      -0.011256544850766659
    ],
    [
      -0.7815986275672913,
      4.043678283691406,
      11.388493537902832,
      23.320568084716797,
      30.819887161254883,
      47.11979293823242,
      25.46933364868164,
      36.29632568359375,
      14.593478202819824,
      29.433809280395508,
      12.531963348388672,
      12.0712890625,
      19.496532440185547,
      0.5576038956642151,
      7.468481063842773,
      -0.09223189949989319,
      0.03624238818883896,
      0.14330177009105682
    ],
    [
      -1.3541910648345947,
      -0.6153367757797241,
      16.375625610351562,
      14.755027770996094,
      32.51482391357422,
      25.46933364868164,
      58.61331558227539,
      41.48691177368164,
      35.29269790649414,
      32.0899772644043,
      41.36978530883789,
      17.712251663208008,
      36.66375732421875,
      1.9286996126174927,
      17.128719329833984,
      0.003113747574388981,
      2.6455225944519043,
      -0.009212792851030827
    ],
    [
      -1.582197666168213,
      3.5702199935913086,
      14.004366874694824,
      24.11139488220215,
      27.76844024658203,
      36.29632568359375,
      41.48691177368164,
      57.68449783325195,
      21.982982635498047,
      37.24817657470703,
      27.524431228637695,
      19.13147735595703,
      34.13362503051758,
      2.230839490890503,
      17.366697311401367,
      0.03928740695118904,
      3.3911540508270264,
      0.1442137211561203
    ],
    [
      -0.8215764760971069,
      0.4146018624305725,
      12.459900856018066,
      10.168390274047852,
      24.223649978637695,
      14.593478202819824,
      35.29269790649414,
      21.982982635498047,
      52.4742431640625,
      30.877519607543945,
      52.73656463623047,
      18.450592041015625,
      43.257713317871094,
      2.5079925060272217,
      22.39474868774414,
      0.14404882490634918,
      8.423846244812012,
      0.02143142744898796
    ],
    [
      -0.5512141585350037,
      3.664419651031494,
      11.016377449035645,
      17.783613204956055,
      25.0058536529541,
      29.433809280395508,
      32.0899772644043,
      37.24817657470703,
      30.877519607543945,
      44.843135833740234,
      33.11674118041992,
      20.804668426513672,
      36.78017044067383,
      2.490003824234009,
      18.516969680786133,
      0.1186337023973465,
      6.329403877258301,
      0.1295887529850006
    ],
    [
      -5.336647987365723,
      -2.474081039428711,
      15.560956954956055,
      11.886712074279785,
      25.366714477539062,
      12.531963348388672,
      41.36978530883789,
      27.524431228637695,
      52.73656463623047,
      33.11674118041992,
      80.61886596679688,
      27.92855453491211,
      63.06120681762695,
      3.6538383960723877,
      31.90667152404785,
      0.19892624020576477,
      10.692122459411621,
      0.02467297576367855
    ],
    [
      -2.9556751251220703,
      -0.36543312668800354,
      6.40849494934082,
      8.247208595275879,
      11.798110008239746,
      12.0712890625,
      17.712251663208008,
      19.13147735595703,
      18.450592041015625,
      20.804668426513672,
      27.92855453491211,
      18.43645477294922,
      26.339570999145508,
      2.418519973754883,
      13.850909233093262,
      0.14543356001377106,
      4.222363471984863,
      0.06246289610862732
    ],
    [
      -4.544022083282471,
      1.5291845798492432,
      19.70155143737793,
      19.860082626342773,
      22.162464141845703,
      19.496532440185547,
      36.66375732421875,
      34.13362503051758,
      43.257713317871094,
      36.78017044067383,
      63.06120681762695,
      26.339570999145508,
      74.491455078125,
      3.99040150642395,
      43.86994171142578,
      0.2552064061164856,
      15.772705078125,
      0.11805229634046555
    ],
    [
      -0.4077160954475403,
      0.00508265383541584,
      0.6722922325134277,
      0.5831558704376221,
      0.5248663425445557,
      0.5576038956642151,
      1.9286996126174927,
      2.230839490890503,
      2.5079925060272217,
      2.490003824234009,
      3.6538383960723877,
      2.418519973754883,
      3.99040150642395,
      0.7928402423858643,
      2.661729097366333,
      0.06782595813274384,
      1.037885308265686,
      0.00468128826469183
    ],
    [
      0.5167738795280457,
      1.6275666952133179,
      10.625572204589844,
      11.299124717712402,
      7.002945899963379,
      7.468481063842773,
      17.128719329833984,
      17.366697311401367,
      22.39474868774414,
      18.516969680786133,
      31.90667152404785,
      13.850909233093262,
      43.86994171142578,
      2.661729097366333,
      36.345069885253906,
      0.2516593337059021,
      15.473057746887207,
      0.058519329875707626
    ],
    [
      0.01699472963809967,
      0.03752388805150986,
      -0.017409073188900948,
      -0.0122178103774786,
      -0.1393934190273285,
      -0.09223189949989319,
      0.003113747574388981,
      0.03928740695118904,
      0.14404882490634918,
      0.1186337023973465,
      0.19892624020576477,
      0.14543356001377106,
      0.2552064061164856,
      0.06782595813274384,
      0.2516593337059021,
      0.0147488908842206,
      0.16491441428661346,
      0.00428342167288065
    ],
    [
      0.7168622016906738,
      1.16321861743927,
      2.385080575942993,
      2.5915369987487793,
      -0.9292724132537842,
      0.03624238818883896,
      2.6455225944519043,
      3.3911540508270264,
      8.423846244812012,
      6.329403877258301,
      10.692122459411621,
      4.222363471984863,
      15.772705078125,
      1.037885308265686,
      15.473057746887207,
      0.16491441428661346,
      10.516756057739258,
      0.034788694232702255
    ],
    [
      0.02556980587542057,
      0.07933785766363144,
      0.0037363984156399965,
      0.13515256345272064,
      -0.011256544850766659,
      0.14330177009105682,
      -0.009212792851030827,
      0.1442137211561203,
      0.02143142744898796,
      0.1295887529850006,
      0.02467297576367855,
      0.06246289610862732,
      0.11805229634046555,
      0.00468128826469183,
      0.058519329875707626,
      0.00428342167288065,
      0.034788694232702255,
      0.0063484529964625835
    ]
  ],
  "covariance_short": [
    [
      88.41818237304688,
      17.844831466674805,
      1.6132194995880127,
      -2.4716575145721436,
      -0.4503237009048462,
      -1.0562840700149536,
      -1.8540070056915283,
      -2.2469799518585205,
      -1.6018472909927368,
      0.09648018330335617,
      -7.13316535949707,
      -3.04268217086792,
      -3.6332027912139893,
      -0.28803446888923645,
      0.8238523006439209,
      0.025408871471881866,
      0.7626358866691589,
      0.021313156932592392
    ],
    [
      17.844831466674805,
      19.83683967590332,
      -4.1999831199646,
      1.9913157224655151,
      -0.9831153750419617,
      2.992192268371582,
      -2.0452754497528076,
      1.2245265245437622,
      -0.5684097409248352,
      1.5620733499526978,
      -3.791231393814087,
      -1.1690328121185303,
      -0.9533502459526062,
      -0.08396655321121216,
      -0.41289326548576355,
      0.02328294701874256,
      0.1600486934185028,
      0.060197919607162476
    ],
    [
      1.6132194995880127,
      -4.1999831199646,
      38.194583892822266,
      15.597886085510254,
      18.12240219116211,
      10.377546310424805,
      18.573284149169922,
      13.697588920593262,
      13.05146598815918,
      10.764535903930664,
      16.688474655151367,
      6.494302749633789,
      18.04069709777832,
      0.5328693389892578,
      9.117341995239258,
      -0.016668599098920822,
      2.440133571624756,
      0.0019425948848947883
    ],
    [
      -2.4716575145721436,
      1.9913157224655151,
      15.597886085510254,
      32.62529754638672,
      12.8449125289917,
      22.59982681274414,
      14.503158569335938,
      23.051450729370117,
      10.046234130859375,
      17.114727020263672,
      12.406846046447754,
      8.129276275634766,
      17.73868751525879,
      0.5172770619392395,
      9.523090362548828,
      -0.004611602984368801,
      2.5132877826690674,
      0.13316790759563446
    ],
    [
      -0.4503237009048462,
      -0.9831153750419617,
      18.12240219116211,
      12.8449125289917,
      51.39603805541992,
      29.143980026245117,
      34.5016975402832,
      25.666519165039062,
      28.536001205444336,
      23.60512924194336,
      32.52424240112305,
      11.282745361328125,
      23.647401809692383,
      0.3906899392604828,
      7.306670188903809,
      -0.14401838183403015,
      -0.08601674437522888,
      -0.014985079877078533
    ],
    [
      -1.0562840700149536,
      2.992192268371582,
      10.377546310424805,
      22.59982681274414,
      29.143980026245117,
      48.79048538208008,
      23.597660064697266,
      35.71664810180664,
      14.14769458770752,
      28.97156524658203,
      15.0679931640625,
      12.405801773071289,
      18.818544387817383,
      0.5679914951324463,
      7.149023056030273,
      -0.08604120463132858,
      0.5893998146057129,
      0.13947544991970062
    ],
    [
      -1.8540070056915283,
      -2.0452754497528076,
      18.573284149169922,
      14.503158569335938,
      34.5016975402832,
      23.597660064697266,
      67.01853942871094,
      39.343544006347656,
      42.80078887939453,
      30.894500732421875,
      52.54412841796875,
      17.772705078125,
      40.2855110168457,
      1.7826972007751465,
      17.878908157348633,
      0.001152508775703609,
      3.492107391357422,
      -0.005740406922996044
    ],
    [
      -2.2469799518585205,
      1.2245265245437622,
      13.697588920593262,
      23.051450729370117,
      25.666519165039062,
      35.71664810180664,
      39.343544006347656,
      59.59455490112305,
      21.79145622253418,
      37.24531555175781,
      30.540910720825195,
      19.59562110900879,
      32.747867584228516,
      2.0803258419036865,
      15.437000274658203,
      0.030949808657169342,
      3.4063351154327393,
      0.14391250908374786
    ],
    [
      -1.6018472909927368,
      -0.5684097409248352,
      13.05146598815918,
      10.046234130859375,
      28.536001205444336,
      14.14769458770752,
      42.80078887939453,
      21.79145622253418,
      66.50018310546875,
      29.69459342956543,
      64.88105010986328,
      18.017868041992188,
      49.40342712402344,
      2.377192497253418,
      23.51451873779297,
      0.11734533309936523,
      8.553215980529785,
      0.0143100805580616
    ],
    [
      0.09648018330335617,
      1.5620733499526978,
      10.764535903930664,
      17.114727020263672,
      23.60512924194336,
      28.97156524658203,
      30.894500732421875,
      37.24531555175781,
      29.69459342956543,
      47.54388427734375,
      35.43191146850586,
      21.185810089111328,
      34.27438735961914,
      2.4332337379455566,
      15.906500816345215,
      0.11976170539855957,
      5.08786678314209,
      0.12890955805778503
    ],
    [
      -7.13316535949707,
      -3.791231393814087,
      16.688474655151367,
      12.406846046447754,
      32.52424240112305,
      15.0679931640625,
      52.54412841796875,
      30.540910720825195,
      64.88105010986328,
      35.43191146850586,
      100.5865707397461,
      28.486331939697266,
      71.08675384521484,
      3.4587128162384033,
      33.88069534301758,
      0.16093985736370087,
      11.288237571716309,
      0.016619132831692696
    ],
    [
      -3.04268217086792,
      -1.1690328121185303,
      6.494302749633789,
      8.129276275634766,
      11.282745361328125,
      12.405801773071289,
      17.772705078125,
      19.59562110900879,
      18.017868041992188,
      21.185810089111328,
      28.486331939697266,
      19.861820220947266,
      24.04644775390625,
      2.2950146198272705,
      11.629655838012695,
      0.14332088828086853,
      3.2161102294921875,
      0.0682673305273056
    ],
    [
      -3.6332027912139893,
      -0.9533502459526062,
      18.04069709777832,
      17.73868751525879,
      23.647401809692383,
      18.818544387817383,
      40.2855110168457,
      32.747867584228516,
      49.40342712402344,
      34.27438735961914,
      71.08675384521484,
      24.04644775390625,
      75.11219024658203,
      3.4720828533172607,
      41.0698356628418,
      0.20377379655838013,
      14.48430061340332,
      0.09150956571102142
    ],
    [
      -0.28803446888923645,
      -0.08396655321121216,
      0.5328693389892578,
      0.5172770619392395,
      0.3906899392604828,
      0.5679914951324463,
      1.7826972007751465,
      2.0803258419036865,
      2.377192497253418,
      2.4332337379455566,
      3.4587128162384033,
      2.2950146198272705,
      3.4720828533172607,
      0.8109604716300964,
      2.0448837280273438,
      0.06750421971082687,
      0.6386728882789612,
      0.008030707016587257
    ],
    [
      0.8238523006439209,
      -0.41289326548576355,
      9.117341995239258,
      9.523090362548828,
      7.306670188903809,
      7.149023056030273,
      17.878908157348633,
      15.437000274658203,
      23.51451873779297,
      15.906500816345215,
      33.88069534301758,
      11.629655838012695,
      41.0698356628418,
      2.0448837280273438,
      32.31790542602539,
      0.1737496703863144,
      13.374791145324707,
      0.026898495852947235
    ],
    [
      0.025408871471881866,
      0.02328294701874256,
      -0.016668599098920822,
      -0.004611602984368801,
      -0.14401838183403015,
      -0.08604120463132858,
      0.001152508775703609,
      0.030949808657169342,
      0.11734533309936523,
      0.11976170539855957,
      0.16093985736370087,
      0.14332088828086853,
      0.20377379655838013,
      0.06750421971082687,
      0.1737496703863144,
      0.018810909241437912,
      0.0707518681883812,
      0.005606591701507568
    ],
    [
      0.7626358866691589,
      0.1600486934185028,
      2.440133571624756,
      2.5132877826690674,
      -0.08601674437522888,
      0.5893998146057129,
      3.492107391357422,
      3.4063351154327393,
      8.553215980529785,
      5.08786678314209,
      11.288237571716309,
      3.2161102294921875,
      14.48430061340332,
      0.6386728882789612,
      13.374791145324707,
      0.0707518681883812,
      8.822007179260254,
      -0.010646157898008823
    ],
    [
      0.021313156932592392,
      0.060197919607162476,
      0.0019425948848947883,
      0.13316790759563446,
      -0.014985079877078533,
      0.13947544991970062,
      -0.005740406922996044,
      0.14391250908374786,
      0.0143100805580616,
      0.12890955805778503,
      0.016619132831692696,
      0.0682673305273056,
      0.09150956571102142,
      0.008030707016587257,
      0.026898495852947235,
      0.005606591701507568,
      -0.010646157898008823,
      0.009313089773058891
    ]
  ],
  "damage": -16.05561065673828,
  "diff_bandwidth": 885.5628051757812,
  "dissonance": 4.9117803497727355,
  "drr": 11.877887725830078,
  "dynamics": 4.75301456451416,
  "format": 1245190,
  "frames": 8835008,
  "loudness": -24.123273849487305,
  "loudness_range": 14.233314514160156,
  "loudness_range_short": 16.73694610595703,
  "lowpass_true_peak_15khz": -5.979033470153809,
  "mastering3_acoustic_entropies": [
    {
      "acoustic_entropy": 10.25410270690918,
      "acoustic_entropy_mono": 10.21427059173584,
      "band_eliminated_acoustic_entropies": [
        {
          "acoustic_entropy": 10.258042335510254,
          "acoustic_entropy_side": 10.254104614257812,
          "hz": 129.47220167065723
        },
        {
          "acoustic_entropy": 10.13916301727295,
          "acoustic_entropy_side": 10.254105567932129,
          "hz": 202.92927478742237
        },
        {
          "acoustic_entropy": 10.260725975036621,
          "acoustic_entropy_side": 10.253997802734375,
          "hz": 282.89161906338205
        },
        {
          "acoustic_entropy": 10.37423038482666,
          "acoustic_entropy_side": 10.25375747680664,
          "hz": 369.9353335868758
        },
        {
          "acoustic_entropy": 9.972127914428711,
          "acoustic_entropy_side": 10.251299858093262,
          "hz": 464.6875360973435
        },
        {
          "acoustic_entropy": 10.035712242126465,
          "acoustic_entropy_side": 10.251009941101074,
          "hz": 567.8308811364784
        },
        {
          "acoustic_entropy": 9.891209602355957,
          "acoustic_entropy_side": 10.23521900177002,
          "hz": 680.1084783214808
        },
        {
          "acoustic_entropy": 9.349055290222168,
          "acoustic_entropy_side": 10.240110397338867,
          "hz": 802.3292461747484
        },
        {
          "acoustic_entropy": 10.482695579528809,
          "acoustic_entropy_side": 10.256010055541992,
          "hz": 935.3737400823702
        },
        {
          "acoustic_entropy": 9.406907081604004,
          "acoustic_entropy_side": 10.260024070739746,
          "hz": 1080.2004963696966
        },
        {
          "acoustic_entropy": 10.175968170166016,
          "acoustic_entropy_side": 10.259393692016602,
          "hz": 1237.8529382007157
        },
        {
          "acoustic_entropy": 10.271598815917969,
          "acoustic_entropy_side": 10.256508827209473,
          "hz": 1409.4668930556702
        },
        {
          "acoustic_entropy": 9.655133247375488,
          "acoustic_entropy_side": 10.255026817321777,
          "hz": 1596.2787759475705
        },
        {
          "acoustic_entropy": 10.255078315734863,
          "acoustic_entropy_side": 10.254600524902344,
          "hz": 1799.6344973346393
        },
        {
          "acoustic_entropy": 10.197319030761719,
          "acoustic_entropy_side": 10.253995895385742,
          "hz": 2020.9991599069049
        },
        {
          "acoustic_entropy": 10.039026260375977,
          "acoustic_entropy_side": 10.256746292114258,
          "hz": 2261.9676141086993
        },
        {
          "acoustic_entropy": 10.421083450317383,
          "acoustic_entropy_side": 10.253711700439453,
          "hz": 2524.2759484456974
        },
        {
          "acoustic_entropy": 9.734434127807617,
          "acoustic_entropy_side": 10.254610061645508,
          "hz": 2809.813997359896
        },
        {
          "acoustic_entropy": 10.21497917175293,
          "acoustic_entropy_side": 10.254440307617188,
          "hz": 3120.6389567871424
        },
        {
          "acoustic_entropy": 10.21841049194336,
          "acoustic_entropy_side": 10.254129409790039,
          "hz": 3458.990205492291
        },
        {
          "acoustic_entropy": 10.239453315734863,
          "acoustic_entropy_side": 10.254110336303711,
          "hz": 3827.305438964164
        },
        {
          "acoustic_entropy": 10.314865112304688,
          "acoustic_entropy_side": 10.254146575927734,
          "hz": 4228.238232109126
        },
        {
          "acoustic_entropy": 10.304985046386719,
          "acoustic_entropy_side": 10.254171371459961,
          "hz": 4664.6771572759235
        },
        {
          "acoustic_entropy": 10.269177436828613,
          "acoustic_entropy_side": 10.254104614257812,
          "hz": 5139.766595350093
        },
        {
          "acoustic_entropy": 10.288125038146973,
          "acoustic_entropy_side": 10.254106521606445,
          "hz": 5656.929389854203
        },
        {
          "acoustic_entropy": 10.248712539672852,
          "acoustic_entropy_side": 10.254103660583496,
          "hz": 6219.891507268283
        },
        {
          "acoustic_entropy": 10.261573791503906,
          "acoustic_entropy_side": 10.254103660583496,
          "hz": 6832.70888123896
        },
        {
          "acoustic_entropy": 10.240547180175781,
          "acoustic_entropy_side": 10.25410270690918,
          "hz": 7499.796634079867
        },
        {
          "acoustic_entropy": 10.246397018432617,
          "acoustic_entropy_side": 10.25410270690918,
          "hz": 8225.96088609342
        },
        {
          "acoustic_entropy": 10.260135650634766,
          "acoustic_entropy_side": 10.25410270690918,
          "hz": 9016.43338188839
        },
        {
          "acoustic_entropy": 10.24612808227539,
          "acoustic_entropy_side": 10.25410270690918,
          "hz": 9876.909183162974
        },
        {
          "acoustic_entropy": 10.260802268981934,
          "acoustic_entropy_side": 10.25410270690918,
          "hz": 10813.587699516042
        },
        {
          "acoustic_entropy": 10.25650405883789,
          "acoustic_entropy_side": 10.25410270690918,
          "hz": 11833.21735289826
        },
        {
          "acoustic_entropy": 10.250157356262207,
          "acoustic_entropy_side": 10.25410270690918,
          "hz": 12943.144197493959
        },
        {
          "acoustic_entropy": 10.247440338134766,
          "acoustic_entropy_side": 10.25410270690918,
          "hz": 14151.364845322005
        },
        {
          "acoustic_entropy": 10.25211238861084,
          "acoustic_entropy_side": 10.25410270690918,
          "hz": 15466.58407886509
        },
        {
          "acoustic_entropy": 10.253986358642578,
          "acoustic_entropy_side": 10.25410270690918,
          "hz": 16898.27756580493
        },
        {
          "acoustic_entropy": 10.254104614257812,
          "acoustic_entropy_side": 10.25410270690918,
          "hz": 18456.760127700032
        },
        {
          "acoustic_entropy": 10.254103660583496,
          "acoustic_entropy_side": 10.25410270690918,
          "hz": 20153.260054456492
        },
        {
          "acoustic_entropy": 10.254103660583496,
          "acoustic_entropy_side": 10.25410270690918,
          "hz": 22000.00000000001
        }
      ],
      "diff_acoustic_entropy": 5.941474437713623,
      "sn": 6
    },
    {
      "acoustic_entropy": 14.564763069152832,
      "acoustic_entropy_mono": 14.510093688964844,
      "band_eliminated_acoustic_entropies": [
        {
          "acoustic_entropy": 14.543684005737305,
          "acoustic_entropy_side": 14.564766883850098,
          "hz": 129.47220167065723
        },
        {
          "acoustic_entropy": 13.837251663208008,
          "acoustic_entropy_side": 14.564751625061035,
          "hz": 202.92927478742237
        },
        {
          "acoustic_entropy": 14.971648216247559,
          "acoustic_entropy_side": 14.564230918884277,
          "hz": 282.89161906338205
        },
        {
          "acoustic_entropy": 13.58367919921875,
          "acoustic_entropy_side": 14.567449569702148,
          "hz": 369.9353335868758
        },
        {
          "acoustic_entropy": 15.046929359436035,
          "acoustic_entropy_side": 14.557345390319824,
          "hz": 464.6875360973435
        },
        {
          "acoustic_entropy": 14.580826759338379,
          "acoustic_entropy_side": 14.563572883605957,
          "hz": 567.8308811364784
        },
        {
          "acoustic_entropy": 14.386192321777344,
          "acoustic_entropy_side": 14.563124656677246,
          "hz": 680.1084783214808
        },
        {
          "acoustic_entropy": 14.21852970123291,
          "acoustic_entropy_side": 14.527488708496094,
          "hz": 802.3292461747484
        },
        {
          "acoustic_entropy": 14.439029693603516,
          "acoustic_entropy_side": 14.548600196838379,
          "hz": 935.3737400823702
        },
        {
          "acoustic_entropy": 13.301687240600586,
          "acoustic_entropy_side": 14.575554847717285,
          "hz": 1080.2004963696966
        },
        {
          "acoustic_entropy": 14.219779014587402,
          "acoustic_entropy_side": 14.558812141418457,
          "hz": 1237.8529382007157
        },
        {
          "acoustic_entropy": 13.715792655944824,
          "acoustic_entropy_side": 14.56888484954834,
          "hz": 1409.4668930556702
        },
        {
          "acoustic_entropy": 14.20213508605957,
          "acoustic_entropy_side": 14.586880683898926,
          "hz": 1596.2787759475705
        },
        {
          "acoustic_entropy": 13.869510650634766,
          "acoustic_entropy_side": 14.581295013427734,
          "hz": 1799.6344973346393
        },
        {
          "acoustic_entropy": 15.067876815795898,
          "acoustic_entropy_side": 14.58083724975586,
          "hz": 2020.9991599069049
        },
        {
          "acoustic_entropy": 14.207520484924316,
          "acoustic_entropy_side": 14.57492446899414,
          "hz": 2261.9676141086993
        },
        {
          "acoustic_entropy": 14.873504638671875,
          "acoustic_entropy_side": 14.571067810058594,
          "hz": 2524.2759484456974
        },
        {
          "acoustic_entropy": 14.148493766784668,
          "acoustic_entropy_side": 14.565447807312012,
          "hz": 2809.813997359896
        },
        {
          "acoustic_entropy": 15.066551208496094,
          "acoustic_entropy_side": 14.56613540649414,
          "hz": 3120.6389567871424
        },
        {
          "acoustic_entropy": 14.204498291015625,
          "acoustic_entropy_side": 14.564867973327637,
          "hz": 3458.990205492291
        },
        {
          "acoustic_entropy": 14.223888397216797,
          "acoustic_entropy_side": 14.564693450927734,
          "hz": 3827.305438964164
        },
        {
          "acoustic_entropy": 14.236618995666504,
          "acoustic_entropy_side": 14.564947128295898,
          "hz": 4228.238232109126
        },
        {
          "acoustic_entropy": 14.465703010559082,
          "acoustic_entropy_side": 14.56507682800293,
          "hz": 4664.6771572759235
        },
        {
          "acoustic_entropy": 14.502861976623535,
          "acoustic_entropy_side": 14.564767837524414,
          "hz": 5139.766595350093
        },
        {
          "acoustic_entropy": 14.538622856140137,
          "acoustic_entropy_side": 14.564779281616211,
          "hz": 5656.929389854203
        },
        {
          "acoustic_entropy": 14.551819801330566,
          "acoustic_entropy_side": 14.564763069152832,
          "hz": 6219.891507268283
        },
        {
          "acoustic_entropy": 14.545340538024902,
          "acoustic_entropy_side": 14.564764022827148,
          "hz": 6832.70888123896
        },
        {
          "acoustic_entropy": 14.561583518981934,
          "acoustic_entropy_side": 14.564763069152832,
          "hz": 7499.796634079867
        },
        {
          "acoustic_entropy": 14.59622573852539,
          "acoustic_entropy_side": 14.564763069152832,
          "hz": 8225.96088609342
        },
        {
          "acoustic_entropy": 14.544318199157715,
          "acoustic_entropy_side": 14.564763069152832,
          "hz": 9016.43338188839
        },
        {
          "acoustic_entropy": 14.619096755981445,
          "acoustic_entropy_side": 14.564763069152832,
          "hz": 9876.909183162974
        },
        {
          "acoustic_entropy": 14.540075302124023,
          "acoustic_entropy_side": 14.564763069152832,
          "hz": 10813.587699516042
        },
        {
          "acoustic_entropy": 14.554741859436035,
          "acoustic_entropy_side": 14.564763069152832,
          "hz": 11833.21735289826
        },
        {
          "acoustic_entropy": 14.583425521850586,
          "acoustic_entropy_side": 14.564763069152832,
          "hz": 12943.144197493959
        },
        {
          "acoustic_entropy": 14.578367233276367,
          "acoustic_entropy_side": 14.564763069152832,
          "hz": 14151.364845322005
        },
        {
          "acoustic_entropy": 14.573278427124023,
          "acoustic_entropy_side": 14.564763069152832,
          "hz": 15466.58407886509
        },
        {
          "acoustic_entropy": 14.568448066711426,
          "acoustic_entropy_side": 14.564763069152832,
          "hz": 16898.27756580493
        },
        {
          "acoustic_entropy": 14.56522274017334,
          "acoustic_entropy_side": 14.564763069152832,
          "hz": 18456.760127700032
        },
        {
          "acoustic_entropy": 14.56485366821289,
          "acoustic_entropy_side": 14.564763069152832,
          "hz": 20153.260054456492
        },
        {
          "acoustic_entropy": 14.56476879119873,
          "acoustic_entropy_side": 14.564763069152832,
          "hz": 22000.00000000001
        }
      ],
      "diff_acoustic_entropy": 9.706302642822266,
      "sn": 12
    },
    {
      "acoustic_entropy": 19.944765090942383,
      "acoustic_entropy_mono": 19.413311004638672,
      "band_eliminated_acoustic_entropies": [
        {
          "acoustic_entropy": 20.961366653442383,
          "acoustic_entropy_side": 19.945119857788086,
          "hz": 129.47220167065723
        },
        {
          "acoustic_entropy": 20.886287689208984,
          "acoustic_entropy_side": 19.95458984375,
          "hz": 202.92927478742237
        },
        {
          "acoustic_entropy": 20.080738067626953,
          "acoustic_entropy_side": 19.828367233276367,
          "hz": 282.89161906338205
        },
        {
          "acoustic_entropy": 20.414600372314453,
          "acoustic_entropy_side": 20.375234603881836,
          "hz": 369.9353335868758
        },
        {
          "acoustic_entropy": 20.86540412902832,
          "acoustic_entropy_side": 20.696977615356445,
          "hz": 464.6875360973435
        },
        {
          "acoustic_entropy": 20.6400203704834,
          "acoustic_entropy_side": 20.053218841552734,
          "hz": 567.8308811364784
        },
        {
          "acoustic_entropy": 20.511552810668945,
          "acoustic_entropy_side": 20.103574752807617,
          "hz": 680.1084783214808
        },
        {
          "acoustic_entropy": 19.277254104614258,
          "acoustic_entropy_side": 20.302562713623047,
          "hz": 802.3292461747484
        },
        {
          "acoustic_entropy": 20.13185691833496,
          "acoustic_entropy_side": 19.91996955871582,
          "hz": 935.3737400823702
        },
        {
          "acoustic_entropy": 19.07012939453125,
          "acoustic_entropy_side": 19.214529037475586,
          "hz": 1080.2004963696966
        },
        {
          "acoustic_entropy": 21.107742309570312,
          "acoustic_entropy_side": 20.449783325195312,
          "hz": 1237.8529382007157
        },
        {
          "acoustic_entropy": 19.442272186279297,
          "acoustic_entropy_side": 20.25560760498047,
          "hz": 1409.4668930556702
        },
        {
          "acoustic_entropy": 20.4404354095459,
          "acoustic_entropy_side": 20.716005325317383,
          "hz": 1596.2787759475705
        },
        {
          "acoustic_entropy": 19.472900390625,
          "acoustic_entropy_side": 20.27355194091797,
          "hz": 1799.6344973346393
        },
        {
          "acoustic_entropy": 20.24966049194336,
          "acoustic_entropy_side": 19.86716079711914,
          "hz": 2020.9991599069049
        },
        {
          "acoustic_entropy": 20.30303382873535,
          "acoustic_entropy_side": 20.115842819213867,
          "hz": 2261.9676141086993
