{
  "acoustic_entropy": 217.4569091796875,
  "bands": [
    {
      "high_freq": 148.1999969482422,
      "loudness": -19.72862434387207,
      "loudness_range": 12.774176597595215,
      "mid_mean": -16.155427932739258,
      "mid_to_side_loudness": -21.717458724975586,
      "mid_to_side_loudness_range": 25.350046157836914,
      "side_mean": -38.99872970581055
    },
    {
      "high_freq": 392.3793640136719,
      "loudness": -21.7506160736084,
      "loudness_range": 8.332422256469727,
      "low_freq": 148.1999969482422,
      "mid_mean": -18.68645477294922,
      "mid_to_side_loudness": -9.27302074432373,
      "mid_to_side_loudness_range": 10.806118965148926,
      "side_mean": -28.02073097229004
    },
    {
      "high_freq": 794.6976318359375,
      "loudness": -20.81733512878418,
      "loudness_range": 9.915802955627441,
      "low_freq": 392.3793640136719,
      "mid_mean": -17.92290496826172,
      "mid_to_side_loudness": -7.746988296508789,
      "mid_to_side_loudness_range": 10.148775100708008,
      "side_mean": -25.926734924316406
    },
    {
      "high_freq": 1457.5709228515625,
      "loudness": -22.75620460510254,
      "loudness_range": 10.91134262084961,
      "low_freq": 794.6976318359375,
      "mid_mean": -20.11714744567871,
      "mid_to_side_loudness": -6.428849697113037,
      "mid_to_side_loudness_range": 9.089366912841797,
      "side_mean": -26.80828857421875
    },
    {
      "high_freq": 2549.74365234375,
      "loudness": -25.690500259399414,
      "loudness_range": 14.96449089050293,
      "low_freq": 1457.5709228515625,
      "mid_mean": -22.890493392944336,
      "mid_to_side_loudness": -7.254672050476074,
      "mid_to_side_loudness_range": 10.495881080627441,
      "side_mean": -30.344507217407227
    },
    {
      "high_freq": 4349.24462890625,
      "loudness": -28.98801040649414,
      "loudness_range": 13.313470840454102,
      "low_freq": 2549.74365234375,
      "mid_mean": -26.142047882080078,
      "mid_to_side_loudness": -7.367340087890625,
      "mid_to_side_loudness_range": 10.212844848632812,
      "side_mean": -33.69225311279297
    },
    {
      "high_freq": 7314.1640625,
      "loudness": -33.815757751464844,
      "loudness_range": 16.115177154541016,
      "low_freq": 4349.24462890625,
      "mid_mean": -30.896038055419922,
      "mid_to_side_loudness": -7.976090908050537,
      "mid_to_side_loudness_range": 11.264612197875977,
      "side_mean": -39.099761962890625
    },
    {
      "high_freq": 12199.2666015625,
      "loudness": -36.895084381103516,
      "loudness_range": 16.567842483520508,
      "low_freq": 7314.1640625,
      "mid_mean": -34.3564567565918,
      "mid_to_side_loudness": -7.456228733062744,
      "mid_to_side_loudness_range": 13.375055313110352,
      "side_mean": -41.880279541015625
    },
    {
      "loudness": -46.121463775634766,
      "loudness_range": 21.293506622314453,
      "low_freq": 12199.2666015625,
      "mid_mean": -43.544273376464844,
      "mid_to_side_loudness": -7.387285232543945,
      "mid_to_side_loudness_range": 14.274765968322754,
      "side_mean": -52.01499557495117
    }
  ],
  "bands_short": [
    {
      "high_freq": 148.1999969482422,
      "loudness": -23.853002548217773,
      "loudness_range": 26.79892349243164,
      "mid_mean": -21.434980392456055,
      "mid_to_side_loudness": -21.493635177612305,
      "mid_to_side_loudness_range": 29.50107192993164,
      "side_mean": -45.36519241333008
    },
    {
      "high_freq": 392.3793640136719,
      "loudness": -21.835006713867188,
      "loudness_range": 13.365253448486328,
      "low_freq": 148.1999969482422,
      "mid_mean": -18.899091720581055,
      "mid_to_side_loudness": -9.475736618041992,
      "mid_to_side_loudness_range": 16.363515853881836,
      "side_mean": -28.636348724365234
    },
    {
      "high_freq": 794.6976318359375,
      "loudness": -21.46954917907715,
      "loudness_range": 12.267194747924805,
      "low_freq": 392.3793640136719,
      "mid_mean": -18.74750518798828,
      "mid_to_side_loudness": -7.409114837646484,
      "mid_to_side_loudness_range": 12.772931098937988,
      "side_mean": -26.39693832397461
    },
    {
      "high_freq": 1457.5709228515625,
      "loudness": -22.807096481323242,
      "loudness_range": 13.034881591796875,
      "low_freq": 794.6976318359375,
      "mid_mean": -20.3431453704834,
      "mid_to_side_loudness": -6.296477794647217,
      "mid_to_side_loudness_range": 13.090408325195312,
      "side_mean": -26.92296600341797
    },
    {
      "high_freq": 2549.74365234375,
      "loudness": -26.284090042114258,
      "loudness_range": 16.726171493530273,
      "low_freq": 1457.5709228515625,
      "mid_mean": -23.65570640563965,
      "mid_to_side_loudness": -6.9767866134643555,
      "mid_to_side_loudness_range": 12.278874397277832,
      "side_mean": -30.849084854125977
    },
    {
      "high_freq": 4349.24462890625,
      "loudness": -29.588714599609375,
      "loudness_range": 15.751773834228516,
      "low_freq": 2549.74365234375,
      "mid_mean": -26.897811889648438,
      "mid_to_side_loudness": -6.987542152404785,
      "mid_to_side_loudness_range": 11.323222160339355,
      "side_mean": -34.0499267578125
    },
    {
      "high_freq": 7314.1640625,
      "loudness": -35.152645111083984,
      "loudness_range": 19.986215591430664,
      "low_freq": 4349.24462890625,
      "mid_mean": -32.56211853027344,
      "mid_to_side_loudness": -6.689343452453613,
      "mid_to_side_loudness_range": 12.365941047668457,
      "side_mean": -39.52355194091797
    },
    {
      "high_freq": 12199.2666015625,
      "loudness": -38.74176025390625,
      "loudness_range": 20.869525909423828,
      "low_freq": 7314.1640625,
      "mid_mean": -36.44856262207031,
      "mid_to_side_loudness": -5.5003581047058105,
      "mid_to_side_loudness_range": 11.73348617553711,
      "side_mean": -42.657867431640625
    },
    {
      "loudness": -48.39047622680664,
      "loudness_range": 23.130985260009766,
      "low_freq": 12199.2666015625,
      "mid_mean": -46.24646759033203,
      "mid_to_side_loudness": -5.262248992919922,
      "mid_to_side_loudness_range": 11.869132041931152,
      "side_mean": -53.46886444091797
    }
  ],
  "bandwidth": 476.09716796875,
  "channels": 2,
  "covariance": [
    [
      26.46042823791504,
      2.8995256423950195,
      8.360262870788574,
      0.2331843227148056,
      1.8520216941833496,
      -3.6279234886169434,
      6.712559700012207,
      4.25969123840332,
      11.205113410949707,
      8.51555347442627,
      12.325139999389648,
      10.776490211486816,
      14.981751441955566,
      10.191226959228516,
      10.027884483337402,
      3.581721305847168,
      9.513301849365234,
      3.413522720336914
    ],
    [
      2.8995256423950195,
      41.69894027709961,
      -0.8827006816864014,
      1.7022545337677002,
      -8.190083503723145,
      -6.10261869430542,
      -8.041116714477539,
      -6.453996181488037,
      -2.2386603355407715,
      -1.9313275814056396,
      -1.3648791313171387,
      -1.691184639930725,
      3.7322826385498047,
      3.3419220447540283,
      8.257816314697266,
      8.233275413513184,
      9.611639022827148,
      7.706435680389404
    ],
    [
      8.360262870788574,
      -0.8827006816864014,
      12.721617698669434,
      6.416048526763916,
      6.191452980041504,
      4.834825038909912,
      4.272511959075928,
      4.421579360961914,
      3.8519201278686523,
      3.3494298458099365,
      6.908487319946289,
      6.130255222320557,
      8.128931045532227,
      5.695638179779053,
      9.70399284362793,
      5.256677627563477,
      9.732223510742188,
      5.87946891784668
    ],
    [
      0.2331843227148056,
      1.7022545337677002,
      6.416048526763916,
      11.922233581542969,
      3.1595141887664795,
      6.255199432373047,
      1.059378981590271,
      2.973355531692505,
      -0.7964985966682434,
      0.4276874363422394,
      1.6948364973068237,
      2.3006601333618164,
      2.505153179168701,
      4.8650078773498535,
      5.570108413696289,
      7.974574565887451,
      5.6178460121154785,
      8.771516799926758
    ],
    [
      1.8520216941833496,
      -8.190083503723145,
      6.191452980041504,
      3.1595141887664795,
      15.912337303161621,
      12.659061431884766,
      10.460602760314941,
      7.426278114318848,
      5.684677600860596,
      1.8005013465881348,
      3.0241892337799072,
      -0.3371322453022003,
      1.1171348094940186,
      -1.512028694152832,
      3.3296210765838623,
      1.2557293176651,
      2.2757551670074463,
      1.7073969841003418
    ],
    [
      -3.6279234886169434,
      -6.10261869430542,
      4.834825038909912,
      6.255199432373047,
      12.659061431884766,
      20.584400177001953,
      7.910998821258545,
      10.444348335266113,
      2.175013303756714,
      3.800006628036499,
      0.28595536947250366,
      1.2318406105041504,
      -2.385434627532959,
      0.9747059941291809,
      2.357520580291748,
      8.323641777038574,
      1.9951982498168945,
      10.122160911560059
    ],
    [
      6.712559700012207,
      -8.041116714477539,
      4.272511959075928,
      1.059378981590271,
      10.460602760314941,
      7.910998821258545,
      21.05978775024414,
      14.387452125549316,
      14.166261672973633,
      10.241409301757812,
      9.646470069885254,
      6.198237895965576,
      7.236154079437256,
      4.239011287689209,
      6.801402568817139,
      3.647716760635376,
      5.747946262359619,
      3.9181857109069824
    ],
    [
      4.25969123840332,
      -6.453996181488037,
      4.421579360961914,
      2.973355531692505,
      7.426278114318848,
      10.444348335266113,
      14.387452125549316,
      19.914499282836914,
      11.42670726776123,
      13.31338882446289,
      9.001282691955566,
      10.60303020477295,
      6.9116740226745605,
      8.400285720825195,
      7.999208927154541,
      9.12509536743164,
      7.114462375640869,
      10.44763469696045
    ],
    [
      11.205113410949707,
      -2.2386603355407715,
      3.8519201278686523,
      -0.7964985966682434,
      5.684677600860596,
      2.175013303756714,
      14.166261672973633,
      11.42670726776123,
      31.542659759521484,
      25.237825393676758,
      18.29526138305664,
      16.604679107666016,
      20.286678314208984,
      17.4232120513916,
      16.20918846130371,
      10.29670238494873,
      15.089407920837402,
      9.653861999511719
    ],
    [
      8.51555347442627,
      -1.9313275814056396,
      3.3494298458099365,
      0.4276874363422394,
      1.8005013465881348,
      3.800006628036499,
      10.241409301757812,
      13.31338882446289,
      25.237825393676758,
      29.91289520263672,
      17.577001571655273,
      22.66230010986328,
      18.115036010742188,
      22.46309471130371,
      15.928245544433594,
      17.263269424438477,
      15.777657508850098,
      17.826099395751953
    ],
    [
      12.325139999389648,
      -1.3648791313171387,
      6.908487319946289,
      1.6948364973068237,
      3.0241892337799072,
      0.28595536947250366,
      9.646470069885254,
      9.001282691955566,
      18.29526138305664,
      17.577001571655273,
      21.920541763305664,
      22.6355037689209,
      21.669666290283203,
      21.72743034362793,
      17.22490119934082,
      12.3319091796875,
      16.929794311523438,
      12.87343978881836
    ],
    [
      10.776490211486816,
      -1.691184639930725,
      6.130255222320557,
      2.3006601333618164,
      -0.3371322453022003,
      1.2318406105041504,
      6.198237895965576,
      10.60303020477295,
      16.604679107666016,
      22.66230010986328,
      22.6355037689209,
      33.54279708862305,
      21.446413040161133,
      28.807905197143555,
      16.9390926361084,
      19.187978744506836,
      17.617389678955078,
      21.930654525756836
    ],
    [
      14.981751441955566,
      3.7322826385498047,
      8.128931045532227,
      2.505153179168701,
      1.1171348094940186,
      -2.385434627532959,
      7.236154079437256,
      6.9116740226745605,
      20.286678314208984,
      18.115036010742188,
      21.669666290283203,
      21.446413040161133,
      32.513404846191406,
      28.483604431152344,
      28.790071487426758,
      18.282480239868164,
      28.154741287231445,
      19.890380859375
    ],
    [
      10.191226959228516,
      3.3419220447540283,
      5.695638179779053,
      4.8650078773498535,
      -1.512028694152832,
      0.9747059941291809,
      4.239011287689209,
      8.400285720825195,
      17.4232120513916,
      22.46309471130371,
      21.72743034362793,
      28.807905197143555,
      28.483604431152344,
      38.62997055053711,
      25.216829299926758,
      29.123903274536133,
      26.2867488861084,
      32.20621109008789
    ],
    [
      10.027884483337402,
      8.257816314697266,
      9.70399284362793,
      5.570108413696289,
      3.3296210765838623,
      2.357520580291748,
      6.801402568817139,
      7.999208927154541,
      16.20918846130371,
      15.928245544433594,
      17.22490119934082,
      16.9390926361084,
      28.790071487426758,
      25.216829299926758,
      39.185302734375,
      28.92734146118164,
      40.74092483520508,
      33.3631591796875
    ],
    [
      3.581721305847168,
      8.233275413513184,
      5.256677627563477,
      7.974574565887451,
      1.2557293176651,
      8.323641777038574,
      3.647716760635376,
      9.12509536743164,
      10.29670238494873,
      17.263269424438477,
      12.3319091796875,
      19.187978744506836,
      18.282480239868164,
      29.123903274536133,
      28.92734146118164,
      43.340110778808594,
      34.42414855957031,
      50.27846908569336
    ],
    [
      9.513301849365234,
      9.611639022827148,
      9.732223510742188,
      5.6178460121154785,
      2.2757551670074463,
      1.9951982498168945,
      5.747946262359619,
      7.114462375640869,
      15.089407920837402,
      15.777657508850098,
      16.929794311523438,
      17.617389678955078,
      28.154741287231445,
      26.2867488861084,
      40.74092483520508,
      34.42414855957031,
      49.82148361206055,
      43.1177864074707
    ],
    [
      3.413522720336914,
      7.706435680389404,
      5.87946891784668,
      8.771516799926758,
      1.7073969841003418,
      10.122160911560059,
      3.9181857109069824,
      10.44763469696045,
      9.653861999511719,
      17.826099395751953,
      12.87343978881836,
      21.930654525756836,
      19.890380859375,
      32.20621109008789,
      33.3631591796875,
      50.27846908569336,
      43.1177864074707,
      79.701171875
    ]
  ],
  "covariance_short": [
    [
      122.18531799316406,
      45.45790100097656,
      28.767757415771484,
      1.8633681535720825,
      1.7859317064285278,
      -8.743756294250488,
      10.930774688720703,
      7.155848026275635,
      20.01604652404785,
      16.63039779663086,
      26.78699493408203,
      24.162240982055664,
      35.86134719848633,
      24.771257400512695,
      22.14061737060547,
      12.619769096374512,
      22.019533157348633,
      14.272567749023438
    ],
    [
      45.45790100097656,
      64.8219223022461,
      13.51672649383545,
      6.829051494598389,
      -9.29458236694336,
      -9.187055587768555,
      -4.336324691772461,
      -2.1440024375915527,
      6.697725772857666,
      7.997426509857178,
      9.949796676635742,
      12.240081787109375,
      17.965028762817383,
      16.32400894165039,
      16.825651168823242,
      13.359414100646973,
      18.044591903686523,
      14.342135429382324
    ],
    [
      28.767757415771484,
      13.51672649383545,
      28.39797592163086,
      7.194429397583008,
      8.678683280944824,
      3.0001118183135986,
      5.127613067626953,
      3.1984102725982666,
      7.240725517272949,
      3.8339924812316895,
      12.390461921691895,
      7.41287899017334,
      14.795236587524414,
      7.07750940322876,
      13.4473295211792,
      5.78545618057251,
      15.772530555725098,
      6.875807762145996
    ],
    [
      1.8633681535720825,
      6.829051494598389,
      7.194429397583008,
      15.66696548461914,
      2.199178695678711,
      4.450780391693115,
      0.09287503361701965,
      2.2352161407470703,
      -0.24251623451709747,
      1.2875679731369019,
      3.0630075931549072,
      4.213871002197266,
      4.008373260498047,
      6.268207550048828,
      6.384364604949951,
      8.935186386108398,
      6.779253005981445,
      9.42251205444336
    ],
    [
      1.7859317064285278,
      -9.29458236694336,
      8.678683280944824,
      2.199178695678711,
      24.802444458007812,
      16.309288024902344,
      12.262609481811523,
      9.600665092468262,
      6.496583461761475,
      2.4261796474456787,
      7.077146530151367,
      1.9479166269302368,
      4.643214702606201,
      0.41954681277275085,
      7.189784049987793,
      4.215799808502197,
      7.970840930938721,
      4.242224216461182
    ],
    [
      -8.743756294250488,
      -9.187055587768555,
      3.0001118183135986,
      4.450780391693115,
      16.309288024902344,
      26.72043800354004,
      8.534224510192871,
      11.293237686157227,
      2.1349785327911377,
      3.587827682495117,
      1.2189855575561523,
      1.8475722074508667,
      -2.046438694000244,
      2.204958438873291,
      4.672917366027832,
      10.849202156066895,
      4.674585342407227,
      11.724327087402344
    ],
    [
      10.930774688720703,
      -4.336324691772461,
      5.127613067626953,
      0.09287503361701965,
      12.262609481811523,
      8.534224510192871,
      29.595338821411133,
      15.302018165588379,
      17.875614166259766,
      10.822422981262207,
      12.441246032714844,
      6.444314479827881,
      10.579861640930176,
      4.6134514808654785,
      9.112789154052734,
      5.463910102844238,
      9.28238582611084,
      6.047683238983154
    ],
    [
      7.155848026275635,
      -2.1440024375915527,
      3.1984102725982666,
      2.2352161407470703,
      9.600665092468262,
      11.293237686157227,
      15.302018165588379,
      24.02318000793457,
      12.91502571105957,
      13.552650451660156,
      10.427486419677734,
      10.735686302185059,
      8.746597290039062,
      8.690114974975586,
      9.714729309082031,
      11.005781173706055,
      9.798205375671387,
      12.40709400177002
    ],
    [
      20.01604652404785,
      6.697725772857666,
      7.240725517272949,
      -0.24251623451709747,
      6.496583461761475,
      2.1349785327911377,
      17.875614166259766,
      12.91502571105957,
      39.22800064086914,
      27.015846252441406,
      23.174863815307617,
      18.157869338989258,
      27.365901947021484,
      18.5191650390625,
      20.86452865600586,
      12.445096969604492,
      20.935531616210938,
      11.944422721862793
    ],
    [
      16.63039779663086,
      7.997426509857178,
      3.8339924812316895,
      1.2875679731369019,
      2.4261796474456787,
      3.587827682495117,
      10.822422981262207,
      13.552650451660156,
      27.015846252441406,
      33.70199966430664,
      19.92047882080078,
      23.831310272216797,
      22.467615127563477,
      23.452341079711914,
      18.441150665283203,
      19.528644561767578,
      18.44281005859375,
      19.844928741455078
    ],
    [
      26.78699493408203,
      9.949796676635742,
      12.390461921691895,
      3.0630075931549072,
      7.077146530151367,
      1.2189855575561523,
      12.441246032714844,
      10.427486419677734,
      23.174863815307617,
      19.92047882080078,
      31.399497985839844,
      26.15606689453125,
      32.124141693115234,
      24.341571807861328,
      23.8817138671875,
      15.717405319213867,
      25.012187957763672,
      16.348905563354492
    ],
    [
      24.162240982055664,
      12.240081787109375,
      7.41287899017334,
      4.213871002197266,
      1.9479166269302368,
      1.8475722074508667,
      6.444314479827881,
      10.735686302185059,
      18.157869338989258,
      23.831310272216797,
      26.15606689453125,
      36.856075286865234,
      27.16290283203125,
      31.126787185668945,
      20.378864288330078,
      22.643550872802734,
      20.92465591430664,
      25.00066566467285
    ],
    [
      35.86134719848633,
      17.965028762817383,
      14.795236587524414,
      4.008373260498047,
      4.643214702606201,
      -2.046438694000244,
      10.579861640930176,
      8.746597290039062,
      27.365901947021484,
      22.467615127563477,
      32.124141693115234,
      27.16290283203125,
      51.717830657958984,
      35.78056335449219,
      41.78407669067383,
      24.67235565185547,
      42.59878921508789,
      25.122148513793945
    ],
    [
      24.771257400512695,
      16.32400894165039,
      7.07750940322876,
      6.268207550048828,
      0.41954681277275085,
      2.204958438873291,
      4.6134514808654785,
      8.690114974975586,
      18.5191650390625,
      23.452341079711914,
      24.341571807861328,
      31.126787185668945,
      35.78056335449219,
      43.39949035644531,
      29.49176025390625,
      34.56626510620117,
      30.209938049316406,
      37.63801956176758
    ],
    [
      22.14061737060547,
      16.825651168823242,
      13.4473295211792,
      6.384364604949951,
      7.189784049987793,
      4.672917366027832,
      9.112789154052734,
      9.714729309082031,
      20.86452865600586,
      18.441150665283203,
      23.8817138671875,
      20.378864288330078,
      41.78407669067383,
      29.49176025390625,
      55.08396911621094,
      36.878257751464844,
      57.130191802978516,
      37.70454406738281
    ],
    [
      12.619769096374512,
      13.359414100646973,
      5.78545618057251,
      8.935186386108398,
      4.215799808502197,
      10.849202156066895,
      5.463910102844238,
      11.005781173706055,
      12.445096969604492,
      19.528644561767578,
      15.717405319213867,
      22.643550872802734,
      24.67235565185547,
      34.56626510620117,
      36.878257751464844,
      55.008323669433594,
      40.15571594238281,
      59.18306350708008
    ],
    [
      22.019533157348633,
      18.044591903686523,
      15.772530555725098,
      6.779253005981445,
      7.970840930938721,
      4.674585342407227,
      9.28238582611084,
      9.798205375671387,
      20.935531616210938,
      18.44281005859375,
      25.012187957763672,
      20.92465591430664,
      42.59878921508789,
      30.209938049316406,
      57.130191802978516,
      40.15571594238281,
      67.94327545166016,
      47.316184997558594
    ],
    [
      14.272567749023438,
      14.342135429382324,
      6.875807762145996,
      9.42251205444336,
      4.242224216461182,
      11.724327087402344,
      6.047683238983154,
      12.40709400177002,
      11.944422721862793,
      19.844928741455078,
      16.348905563354492,
      25.00066566467285,
      25.122148513793945,
      37.63801956176758,
      37.70454406738281,
      59.18306350708008,
      47.316184997558594,
      87.50672912597656
    ]
  ],
  "damage": -5.308859825134277,
  "diff_bandwidth": 476.1442565917969,
  "dissonance": 6.754857653433239,
  "drr": -10.577400207519531,
  "dynamics": 2.5501708984375,
  "format": 1245190,
  "frames": 5473216,
  "loudness": -10.296875953674316,
  "loudness_range": 5.866632461547852,
  "loudness_range_short": 8.656365394592285,
  "lowpass_true_peak_15khz": 0.352104514837265,
  "mastering3_acoustic_entropies": [
    {
      "acoustic_entropy": 7.820399284362793,
      "acoustic_entropy_mono": 8.480447769165039,
      "band_eliminated_acoustic_entropies": [
        {
          "acoustic_entropy": 7.69376802444458,
          "acoustic_entropy_side": 7.820382595062256,
          "hz": 129.47220167065723
        },
        {
          "acoustic_entropy": 6.761744976043701,
          "acoustic_entropy_side": 7.818851470947266,
          "hz": 202.92927478742237
        },
        {
          "acoustic_entropy": 7.807422161102295,
          "acoustic_entropy_side": 7.8175201416015625,
          "hz": 282.89161906338205
        },
        {
          "acoustic_entropy": 7.799264907836914,
          "acoustic_entropy_side": 7.828600883483887,
          "hz": 369.9353335868758
        },
        {
          "acoustic_entropy": 8.208683967590332,
          "acoustic_entropy_side": 7.868713855743408,
          "hz": 464.6875360973435
        },
        {
          "acoustic_entropy": 8.351025581359863,
          "acoustic_entropy_side": 8.074098587036133,
          "hz": 567.8308811364784
        },
        {
          "acoustic_entropy": 7.907201766967773,
          "acoustic_entropy_side": 8.177159309387207,
          "hz": 680.1084783214808
        },
        {
          "acoustic_entropy": 8.141969680786133,
          "acoustic_entropy_side": 7.882160186767578,
          "hz": 802.3292461747484
        },
        {
          "acoustic_entropy": 8.392707824707031,
          "acoustic_entropy_side": 7.623266220092773,
          "hz": 935.3737400823702
        },
        {
          "acoustic_entropy": 8.018111228942871,
          "acoustic_entropy_side": 7.805461883544922,
          "hz": 1080.2004963696966
        },
        {
          "acoustic_entropy": 7.97519063949585,
          "acoustic_entropy_side": 7.794328212738037,
          "hz": 1237.8529382007157
        },
        {
          "acoustic_entropy": 8.05843448638916,
          "acoustic_entropy_side": 8.181658744812012,
          "hz": 1409.4668930556702
        },
        {
          "acoustic_entropy": 7.884340286254883,
          "acoustic_entropy_side": 7.931393146514893,
          "hz": 1596.2787759475705
        },
        {
          "acoustic_entropy": 7.768871784210205,
          "acoustic_entropy_side": 7.818317413330078,
          "hz": 1799.6344973346393
        },
        {
          "acoustic_entropy": 8.139521598815918,
          "acoustic_entropy_side": 8.11351490020752,
          "hz": 2020.9991599069049
        },
        {
          "acoustic_entropy": 7.856348514556885,
          "acoustic_entropy_side": 7.618343353271484,
          "hz": 2261.9676141086993
        },
        {
          "acoustic_entropy": 7.729561805725098,
          "acoustic_entropy_side": 7.830859661102295,
          "hz": 2524.2759484456974
        },
        {
          "acoustic_entropy": 7.808075428009033,
          "acoustic_entropy_side": 7.943878173828125,
          "hz": 2809.813997359896
        },
        {
          "acoustic_entropy": 7.731546878814697,
          "acoustic_entropy_side": 7.697969913482666,
          "hz": 3120.6389567871424
        },
        {
          "acoustic_entropy": 7.7054009437561035,
          "acoustic_entropy_side": 7.741203784942627,
          "hz": 3458.990205492291
        },
        {
          "acoustic_entropy": 8.023700714111328,
          "acoustic_entropy_side": 7.89045524597168,
          "hz": 3827.305438964164
        },
        {
          "acoustic_entropy": 7.730175495147705,
          "acoustic_entropy_side": 7.720597267150879,
          "hz": 4228.238232109126
        },
        {
          "acoustic_entropy": 7.8008341789245605,
          "acoustic_entropy_side": 7.7318267822265625,
          "hz": 4664.6771572759235
        },
        {
          "acoustic_entropy": 7.873364448547363,
          "acoustic_entropy_side": 7.920920372009277,
          "hz": 5139.766595350093
        },
        {
          "acoustic_entropy": 7.860005855560303,
          "acoustic_entropy_side": 7.8747429847717285,
          "hz": 5656.929389854203
        },
        {
          "acoustic_entropy": 7.719674587249756,
          "acoustic_entropy_side": 7.79829216003418,
          "hz": 6219.891507268283
        },
        {
          "acoustic_entropy": 7.787369728088379,
          "acoustic_entropy_side": 7.82152795791626,
          "hz": 6832.70888123896
        },
        {
          "acoustic_entropy": 7.773133277893066,
          "acoustic_entropy_side": 7.83741569519043,
          "hz": 7499.796634079867
        },
        {
          "acoustic_entropy": 7.797310829162598,
          "acoustic_entropy_side": 7.833746910095215,
          "hz": 8225.96088609342
        },
        {
          "acoustic_entropy": 7.7827653884887695,
          "acoustic_entropy_side": 7.820119857788086,
          "hz": 9016.43338188839
        },
        {
          "acoustic_entropy": 7.779126167297363,
          "acoustic_entropy_side": 7.832858562469482,
          "hz": 9876.909183162974
        },
        {
          "acoustic_entropy": 7.784557819366455,
          "acoustic_entropy_side": 7.838605880737305,
          "hz": 10813.587699516042
        },
        {
          "acoustic_entropy": 7.785505771636963,
          "acoustic_entropy_side": 7.824183940887451,
          "hz": 11833.21735289826
        },
        {
          "acoustic_entropy": 7.808009624481201,
          "acoustic_entropy_side": 7.8279900550842285,
          "hz": 12943.144197493959
        },
        {
          "acoustic_entropy": 7.81907844543457,
          "acoustic_entropy_side": 7.836191654205322,
          "hz": 14151.364845322005
        },
        {
          "acoustic_entropy": 7.8388495445251465,
          "acoustic_entropy_side": 7.829627513885498,
          "hz": 15466.58407886509
        },
        {
          "acoustic_entropy": 7.816019535064697,
          "acoustic_entropy_side": 7.821224212646484,
          "hz": 16898.27756580493
        },
        {
          "acoustic_entropy": 7.82073974609375,
          "acoustic_entropy_side": 7.820984840393066,
          "hz": 18456.760127700032
        },
        {
          "acoustic_entropy": 7.828343868255615,
          "acoustic_entropy_side": 7.822187423706055,
          "hz": 20153.260054456492
        },
        {
          "acoustic_entropy": 7.821824550628662,
          "acoustic_entropy_side": 7.820684432983398,
          "hz": 22000.00000000001
        }
      ],
      "diff_acoustic_entropy": 5.376821994781494,
      "sn": 6
    },
    {
      "acoustic_entropy": 12.060113906860352,
      "acoustic_entropy_mono": 11.231077194213867,
      "band_eliminated_acoustic_entropies": [
        {
          "acoustic_entropy": 12.779927253723145,
          "acoustic_entropy_side": 12.059146881103516,
          "hz": 129.47220167065723
        },
        {
          "acoustic_entropy": 12.19919204711914,
          "acoustic_entropy_side": 11.980086326599121,
          "hz": 202.92927478742237
        },
        {
          "acoustic_entropy": 11.353438377380371,
          "acoustic_entropy_side": 11.97851848602295,
          "hz": 282.89161906338205
        },
        {
          "acoustic_entropy": 12.107608795166016,
          "acoustic_entropy_side": 11.788067817687988,
          "hz": 369.9353335868758
        },
        {
          "acoustic_entropy": 12.157721519470215,
          "acoustic_entropy_side": 11.327653884887695,
          "hz": 464.6875360973435
        },
        {
          "acoustic_entropy": 12.481565475463867,
          "acoustic_entropy_side": 11.784090995788574,
          "hz": 567.8308811364784
        },
        {
          "acoustic_entropy": 11.619935989379883,
          "acoustic_entropy_side": 12.156739234924316,
          "hz": 680.1084783214808
        },
        {
          "acoustic_entropy": 12.303752899169922,
          "acoustic_entropy_side": 11.852889060974121,
          "hz": 802.3292461747484
        },
        {
          "acoustic_entropy": 11.45246410369873,
          "acoustic_entropy_side": 11.684941291809082,
          "hz": 935.3737400823702
        },
        {
          "acoustic_entropy": 12.287836074829102,
          "acoustic_entropy_side": 12.222933769226074,
          "hz": 1080.2004963696966
        },
        {
          "acoustic_entropy": 10.726605415344238,
          "acoustic_entropy_side": 11.589505195617676,
          "hz": 1237.8529382007157
        },
        {
          "acoustic_entropy": 12.122712135314941,
          "acoustic_entropy_side": 12.605439186096191,
          "hz": 1409.4668930556702
        },
        {
          "acoustic_entropy": 11.269511222839355,
          "acoustic_entropy_side": 11.96138858795166,
          "hz": 1596.2787759475705
        },
        {
          "acoustic_entropy": 12.191557884216309,
          "acoustic_entropy_side": 12.228299140930176,
          "hz": 1799.6344973346393
        },
        {
          "acoustic_entropy": 12.221251487731934,
          "acoustic_entropy_side": 12.064903259277344,
          "hz": 2020.9991599069049
        },
        {
          "acoustic_entropy": 11.883478164672852,
          "acoustic_entropy_side": 11.846689224243164,
          "hz": 2261.9676141086993
        },
        {
          "acoustic_entropy": 11.89029312133789,
          "acoustic_entropy_side": 11.81811237335205,
          "hz": 2524.2759484456974
        },
        {
          "acoustic_entropy": 12.014315605163574,
          "acoustic_entropy_side": 11.914400100708008,
          "hz": 2809.813997359896
        },
        {
          "acoustic_entropy": 11.964844703674316,
          "acoustic_entropy_side": 11.899502754211426,
          "hz": 3120.6389567871424
        },
        {
          "acoustic_entropy": 12.19288158416748,
          "acoustic_entropy_side": 12.098169326782227,
          "hz": 3458.990205492291
        },
        {
          "acoustic_entropy": 12.047019958496094,
          "acoustic_entropy_side": 11.855633735656738,
          "hz": 3827.305438964164
        },
        {
          "acoustic_entropy": 11.743895530700684,
          "acoustic_entropy_side": 11.802107810974121,
          "hz": 4228.238232109126
        },
        {
          "acoustic_entropy": 12.490482330322266,
          "acoustic_entropy_side": 12.042566299438477,
          "hz": 4664.6771572759235
        },
        {
          "acoustic_entropy": 12.065516471862793,
          "acoustic_entropy_side": 12.101645469665527,
          "hz": 5139.766595350093
        },
        {
          "acoustic_entropy": 12.06089973449707,
          "acoustic_entropy_side": 12.06775951385498,
          "hz": 5656.929389854203
        },
        {
          "acoustic_entropy": 12.027088165283203,
          "acoustic_entropy_side": 11.996807098388672,
          "hz": 6219.891507268283
        },
        {
          "acoustic_entropy": 12.164841651916504,
          "acoustic_entropy_side": 12.048782348632812,
          "hz": 6832.70888123896
        },
        {
          "acoustic_entropy": 12.163100242614746,
          "acoustic_entropy_side": 12.066161155700684,
          "hz": 7499.796634079867
        },
        {
          "acoustic_entropy": 12.143924713134766,
          "acoustic_entropy_side": 12.030988693237305,
          "hz": 8225.96088609342
        },
        {
          "acoustic_entropy": 12.147364616394043,
          "acoustic_entropy_side": 12.082584381103516,
          "hz": 9016.43338188839
        },
        {
          "acoustic_entropy": 12.032574653625488,
          "acoustic_entropy_side": 12.09016227722168,
          "hz": 9876.909183162974
        },
        {
          "acoustic_entropy": 11.858565330505371,
          "acoustic_entropy_side": 11.996095657348633,
          "hz": 10813.587699516042
        },
        {
          "acoustic_entropy": 11.766677856445312,
          "acoustic_entropy_side": 11.962834358215332,
          "hz": 11833.21735289826
        },
        {
          "acoustic_entropy": 11.891085624694824,
          "acoustic_entropy_side": 12.05648136138916,
          "hz": 12943.144197493959
        },
        {
          "acoustic_entropy": 12.08676528930664,
          "acoustic_entropy_side": 12.111122131347656,
          "hz": 14151.364845322005
        },
        {
          "acoustic_entropy": 12.084463119506836,
          "acoustic_entropy_side": 12.088128089904785,
          "hz": 15466.58407886509
        },
        {
          "acoustic_entropy": 12.00063419342041,
          "acoustic_entropy_side": 12.052093505859375,
          "hz": 16898.27756580493
        },
        {
          "acoustic_entropy": 12.039654731750488,
          "acoustic_entropy_side": 12.05926513671875,
          "hz": 18456.760127700032
        },
        {
          "acoustic_entropy": 12.072504997253418,
          "acoustic_entropy_side": 12.068380355834961,
          "hz": 20153.260054456492
        },
        {
          "acoustic_entropy": 12.057334899902344,
          "acoustic_entropy_side": 12.061233520507812,
          "hz": 22000.00000000001
        }
      ],
      "diff_acoustic_entropy": 8.563651084899902,
      "sn": 12
    },
    {
      "acoustic_entropy": 19.278636932373047,
      "acoustic_entropy_mono": 16.01131820678711,
      "band_eliminated_acoustic_entropies": [
        {
          "acoustic_entropy": 18.666175842285156,
          "acoustic_entropy_side": 19.342172622680664,
          "hz": 129.47220167065723
        },
        {
          "acoustic_entropy": 19.16287612915039,
          "acoustic_entropy_side": 19.040868759155273,
          "hz": 202.92927478742237
        },
        {
          "acoustic_entropy": 19.700456619262695,
          "acoustic_entropy_side": 19.606781005859375,
          "hz": 282.89161906338205
        },
        {
          "acoustic_entropy": 18.947223663330078,
          "acoustic_entropy_side": 18.97706413269043,
          "hz": 369.9353335868758
        },
        {
          "acoustic_entropy": 19.607074737548828,
          "acoustic_entropy_side": 20.137920379638672,
          "hz": 464.6875360973435
        },
        {
          "acoustic_entropy": 18.550016403198242,
          "acoustic_entropy_side": 18.922069549560547,
          "hz": 567.8308811364784
        },
        {
          "acoustic_entropy": 19.44947624206543,
          "acoustic_entropy_side": 19.126720428466797,
          "hz": 680.1084783214808
        },
        {
          "acoustic_entropy": 19.271427154541016,
          "acoustic_entropy_side": 19.67357635498047,
          "hz": 802.3292461747484
        },
        {
          "acoustic_entropy": 18.806468963623047,
          "acoustic_entropy_side": 19.529157638549805,
          "hz": 935.3737400823702
        },
        {
          "acoustic_entropy": 19.607770919799805,
          "acoustic_entropy_side": 19.74896812438965,
          "hz": 1080.2004963696966
        },
        {
          "acoustic_entropy": 18.595020294189453,
          "acoustic_entropy_side": 18.32224464416504,
          "hz": 1237.8529382007157
        },
        {
          "acoustic_entropy": 18.940710067749023,
          "acoustic_entropy_side": 19.47545623779297,
          "hz": 1409.4668930556702
        },
        {
          "acoustic_entropy": 17.666275024414062,
          "acoustic_entropy_side": 18.074342727661133,
          "hz": 1596.2787759475705
        },
        {
          "acoustic_entropy": 19.327388763427734,
          "acoustic_entropy_side": 19.230712890625,
          "hz": 1799.6344973346393
        },
        {
          "acoustic_entropy": 19.279979705810547,
          "acoustic_entropy_side": 19.10626983642578,
          "hz": 2020.9991599069049
        },
        {
          "acoustic_entropy": 19.222654342651367,
          "acoustic_entropy_side": 19.214632034301758,
          "hz": 2261.9676141086993
        },
        {
          "acoustic_entropy": 19.608478546142578,
          "acoustic_entropy_side": 19.090898513793945,
          "hz": 2524.2759484456974
        },
        {
          "acoustic_entropy": 19.15800666809082,
          "acoustic_entropy_side": 19.141258239746094,
          "hz": 2809.813997359896
        },
        {
          "acoustic_entropy": 18.677627563476562,
