{
  "acoustic_entropy": 234.6439666748047,
  "bands": [
    {
      "high_freq": 148.1999969482422,
      "loudness": -20.906728744506836,
      "loudness_range": 7.928249359130859,
      "mid_mean": -17.251096725463867,
      "mid_to_side_loudness": -20.80228042602539,
      "mid_to_side_loudness_range": 14.585212707519531,
      "side_mean": -38.09177017211914
    },
    {
      "high_freq": 392.3793640136719,
      "loudness": -19.641389846801758,
      "loudness_range": 5.770181655883789,
      "low_freq": 148.1999969482422,
      "mid_mean": -16.32466697692871,
      "mid_to_side_loudness": -11.588303565979004,
      "mid_to_side_loudness_range": 9.515250205993652,
      "side_mean": -27.90996742248535
    },
    {
      "high_freq": 794.6976318359375,
      "loudness": -20.45986557006836,
      "loudness_range": 9.810686111450195,
      "low_freq": 392.3793640136719,
      "mid_mean": -17.672372817993164,
      "mid_to_side_loudness": -8.11841869354248,
      "mid_to_side_loudness_range": 13.235422134399414,
      "side_mean": -25.8112735748291
    },
    {
      "high_freq": 1457.5709228515625,
      "loudness": -21.069656372070312,
      "loudness_range": 13.086152076721191,
      "low_freq": 794.6976318359375,
      "mid_mean": -18.577062606811523,
      "mid_to_side_loudness": -6.265748977661133,
      "mid_to_side_loudness_range": 11.690744400024414,
      "side_mean": -24.821069717407227
    },
    {
      "high_freq": 2549.74365234375,
      "loudness": -20.351303100585938,
      "loudness_range": 11.931974411010742,
      "low_freq": 1457.5709228515625,
      "mid_mean": -18.049442291259766,
      "mid_to_side_loudness": -5.239201545715332,
      "mid_to_side_loudness_range": 10.377206802368164,
      "side_mean": -23.26888656616211
    },
    {
      "high_freq": 4349.24462890625,
      "loudness": -21.17594337463379,
      "loudness_range": 10.777921676635742,
      "low_freq": 2549.74365234375,
      "mid_mean": -18.827587127685547,
      "mid_to_side_loudness": -5.274221420288086,
      "mid_to_side_loudness_range": 9.379631996154785,
      "side_mean": -24.087482452392578
    },
    {
      "high_freq": 7314.1640625,
      "loudness": -24.858367919921875,
      "loudness_range": 8.655799865722656,
      "low_freq": 4349.24462890625,
      "mid_mean": -22.459095001220703,
      "mid_to_side_loudness": -5.108503818511963,
      "mid_to_side_loudness_range": 7.359257698059082,
      "side_mean": -27.54966926574707
    },
    {
      "high_freq": 12199.2666015625,
      "loudness": -27.524721145629883,
      "loudness_range": 9.036298751831055,
      "low_freq": 7314.1640625,
      "mid_mean": -25.03699493408203,
      "mid_to_side_loudness": -5.556818008422852,
      "mid_to_side_loudness_range": 7.218698978424072,
      "side_mean": -30.620086669921875
    },
    {
      "loudness": -36.458518981933594,
      "loudness_range": 11.92656135559082,
      "low_freq": 12199.2666015625,
      "mid_mean": -34.128501892089844,
      "mid_to_side_loudness": -5.098784923553467,
      "mid_to_side_loudness_range": 8.855361938476562,
      "side_mean": -39.2407341003418
    }
  ],
  "bands_short": [
    {
      "high_freq": 148.1999969482422,
      "loudness": -25.27594757080078,
      "loudness_range": 19.154367446899414,
      "mid_mean": -21.630537033081055,
      "mid_to_side_loudness": -19.958534240722656,
      "mid_to_side_loudness_range": 21.02271270751953,
      "side_mean": -42.01924514770508
    },
    {
      "high_freq": 392.3793640136719,
      "loudness": -20.15671157836914,
      "loudness_range": 13.273330688476562,
      "low_freq": 148.1999969482422,
      "mid_mean": -16.93714714050293,
      "mid_to_side_loudness": -12.190695762634277,
      "mid_to_side_loudness_range": 17.06304168701172,
      "side_mean": -29.09564781188965
    },
    {
      "high_freq": 794.6976318359375,
      "loudness": -21.849895477294922,
      "loudness_range": 14.115386962890625,
      "low_freq": 392.3793640136719,
      "mid_mean": -19.282548904418945,
      "mid_to_side_loudness": -7.636626720428467,
      "mid_to_side_loudness_range": 16.477020263671875,
      "side_mean": -27.009984970092773
    },
    {
      "high_freq": 1457.5709228515625,
      "loudness": -21.90968132019043,
      "loudness_range": 16.41355323791504,
      "low_freq": 794.6976318359375,
      "mid_mean": -19.620100021362305,
      "mid_to_side_loudness": -6.053165435791016,
      "mid_to_side_loudness_range": 14.55610179901123,
      "side_mean": -25.58226203918457
    },
    {
      "high_freq": 2549.74365234375,
      "loudness": -21.4598445892334,
      "loudness_range": 15.772882461547852,
      "low_freq": 1457.5709228515625,
      "mid_mean": -19.29364776611328,
      "mid_to_side_loudness": -5.333383560180664,
      "mid_to_side_loudness_range": 13.186172485351562,
      "side_mean": -24.5175838470459
    },
    {
      "high_freq": 4349.24462890625,
      "loudness": -22.17655372619629,
      "loudness_range": 14.545231819152832,
      "low_freq": 2549.74365234375,
      "mid_mean": -19.93564224243164,
      "mid_to_side_loudness": -5.338482856750488,
      "mid_to_side_loudness_range": 11.909316062927246,
      "side_mean": -25.23619842529297
    },
    {
      "high_freq": 7314.1640625,
      "loudness": -26.153484344482422,
      "loudness_range": 14.047531127929688,
      "low_freq": 4349.24462890625,
      "mid_mean": -23.808074951171875,
      "mid_to_side_loudness": -5.3762383460998535,
      "mid_to_side_loudness_range": 10.309249877929688,
      "side_mean": -29.11168670654297
    },
    {
      "high_freq": 12199.2666015625,
      "loudness": -29.385522842407227,
      "loudness_range": 16.725797653198242,
      "low_freq": 7314.1640625,
      "mid_mean": -26.918073654174805,
      "mid_to_side_loudness": -5.9411301612854,
      "mid_to_side_loudness_range": 11.578598022460938,
      "side_mean": -32.85773849487305
    },
    {
      "loudness": -38.2664909362793,
      "loudness_range": 18.441055297851562,
      "low_freq": 12199.2666015625,
      "mid_mean": -35.93876266479492,
      "mid_to_side_loudness": -5.456298351287842,
      "mid_to_side_loudness_range": 11.668381690979004,
      "side_mean": -41.49309539794922
    }
  ],
  "bandwidth": 796.0760498046875,
  "channels": 2,
  "covariance": [
    [
      12.291343688964844,
      7.213666915893555,
      2.4425127506256104,
      -0.2569662928581238,
      2.059257984161377,
      1.6559234857559204,
      2.7750582695007324,
      1.221592664718628,
      2.0107223987579346,
      0.42976701259613037,
      2.4212374687194824,
      1.4418625831604004,
      2.2248342037200928,
      2.466937303543091,
      2.6195027828216553,
      5.03405237197876,
      2.7495498657226562,
      4.823884963989258
    ],
    [
      7.213666915893555,
      22.201196670532227,
      1.7941449880599976,
      5.297720432281494,
      1.8535906076431274,
      2.57000994682312,
      3.566878318786621,
      3.0350139141082764,
      3.891833782196045,
      3.796687364578247,
      4.331812858581543,
      5.829141616821289,
      3.6360323429107666,
      6.041444301605225,
      2.8724493980407715,
      6.240309238433838,
      4.548079967498779,
      8.591200828552246
    ],
    [
      2.4425127506256104,
      1.7941449880599976,
      5.366372108459473,
      2.0254080295562744,
      1.536295771598816,
      -0.0862981379032135,
      0.21236342191696167,
      -0.2738228142261505,
      1.223222017288208,
      -0.08026360720396042,
      1.660316824913025,
      0.27898192405700684,
      1.7845960855484009,
      0.634616494178772,
      1.9569501876831055,
      1.438012957572937,
      2.3704466819763184,
      1.3421000242233276
    ],
    [
      -0.2569662928581238,
      5.297720432281494,
      2.0254080295562744,
      14.253360748291016,
      1.434627652168274,
      5.97031307220459,
      3.2855587005615234,
      5.981180667877197,
      5.151811599731445,
      8.142072677612305,
      4.6033453941345215,
      8.376829147338867,
      2.0782723426818848,
      5.388874530792236,
      1.1509977579116821,
      3.3602993488311768,
      1.384516716003418,
      3.934857130050659
    ],
    [
      2.059257984161377,
      1.8535906076431274,
      1.536295771598816,
      1.434627652168274,
      15.159209251403809,
      3.400536060333252,
      12.205048561096191,
      3.8978970050811768,
      6.672626495361328,
      2.305121898651123,
      7.151549816131592,
      3.5487220287323,
      4.590192794799805,
      3.7429959774017334,
      4.5070719718933105,
      5.399611473083496,
      6.840380668640137,
      6.180335998535156
    ],
    [
      1.6559234857559204,
      2.57000994682312,
      -0.0862981379032135,
      5.97031307220459,
      3.400536060333252,
      15.423325538635254,
      6.872281551361084,
      13.380875587463379,
      7.230862140655518,
      13.527458190917969,
      5.917257785797119,
      12.506370544433594,
      3.556947946548462,
      8.221336364746094,
      2.866692543029785,
      7.706814289093018,
      3.3359241485595703,
      8.76123046875
    ],
    [
      2.7750582695007324,
      3.566878318786621,
      0.21236342191696167,
      3.2855587005615234,
      12.205048561096191,
      6.872281551361084,
      22.752477645874023,
      11.561456680297852,
      10.858575820922852,
      8.78390884399414,
      10.800261497497559,
      10.18322467803955,
      6.643808841705322,
      8.22004508972168,
      5.342495918273926,
      9.000166893005371,
      7.321577548980713,
      10.446707725524902
    ],
    [
      1.221592664718628,
      3.0350139141082764,
      -0.2738228142261505,
      5.981180667877197,
      3.8978970050811768,
      13.380875587463379,
      11.561456680297852,
      19.529590606689453,
      10.027560234069824,
      17.673648834228516,
      8.01667594909668,
      15.540799140930176,
      4.10374116897583,
      9.340087890625,
      2.4331891536712646,
      6.820745944976807,
      3.591313123703003,
      8.934649467468262
    ],
    [
      2.0107223987579346,
      3.891833782196045,
      1.223222017288208,
      5.151811599731445,
      6.672626495361328,
      7.230862140655518,
      10.858575820922852,
      10.027560234069824,
      18.420326232910156,
      13.790521621704102,
      14.105496406555176,
      13.101042747497559,
      7.1793622970581055,
      8.331790924072266,
      5.59505558013916,
      8.636418342590332,
      7.0283684730529785,
      9.373443603515625
    ],
    [
      0.42976701259613037,
      3.796687364578247,
      -0.08026360720396042,
      8.142072677612305,
      2.305121898651123,
      13.527458190917969,
      8.78390884399414,
      17.673648834228516,
      13.790521621704102,
      24.066347122192383,
      10.22339153289795,
      20.600194931030273,
      4.925236701965332,
      11.399771690368652,
      2.3882832527160645,
      7.44789981842041,
      3.2560088634490967,
      9.476963996887207
    ],
    [
      2.4212374687194824,
      4.331812858581543,
      1.660316824913025,
      4.6033453941345215,
      7.151549816131592,
      5.917257785797119,
      10.800261497497559,
      8.01667594909668,
      14.105496406555176,
      10.22339153289795,
      14.716385841369629,
      12.565954208374023,
      8.594470977783203,
      9.461471557617188,
      6.911724090576172,
      10.450067520141602,
      8.937439918518066,
      11.882384300231934
    ],
    [
      1.4418625831604004,
      5.829141616821289,
      0.27898192405700684,
      8.376829147338867,
      3.5487220287323,
      12.506370544433594,
      10.18322467803955,
      15.540799140930176,
      13.101042747497559,
      20.600194931030273,
      12.565954208374023,
      23.28573226928711,
      7.782261848449707,
      15.638761520385742,
      5.502959251403809,
      12.963722229003906,
      7.207613945007324,
      16.0293025970459
    ],
    [
      2.2248342037200928,
      3.6360323429107666,
      1.7845960855484009,
      2.0782723426818848,
      4.590192794799805,
      3.556947946548462,
      6.643808841705322,
      4.10374116897583,
      7.1793622970581055,
      4.925236701965332,
      8.594470977783203,
      7.782261848449707,
      9.593680381774902,
      9.183542251586914,
      9.152220726013184,
      12.28431510925293,
      10.428886413574219,
      13.493688583374023
    ],
    [
      2.466937303543091,
      6.041444301605225,
      0.634616494178772,
      5.388874530792236,
      3.7429959774017334,
      8.221336364746094,
      8.22004508972168,
      9.340087890625,
      8.331790924072266,
      11.399771690368652,
      9.461471557617188,
      15.638761520385742,
      9.183542251586914,
      16.18781852722168,
      9.176362037658691,
      17.645954132080078,
      11.105777740478516,
      20.24620246887207
    ],
    [
      2.6195027828216553,
      2.8724493980407715,
      1.9569501876831055,
      1.1509977579116821,
      4.5070719718933105,
      2.866692543029785,
      5.342495918273926,
      2.4331891536712646,
      5.59505558013916,
      2.3882832527160645,
      6.911724090576172,
      5.502959251403809,
      9.152220726013184,
      9.176362037658691,
      13.387821197509766,
      16.197837829589844,
      13.305710792541504,
      15.91667366027832
    ],
    [
      5.03405237197876,
      6.240309238433838,
      1.438012957572937,
      3.3602993488311768,
      5.399611473083496,
      7.706814289093018,
      9.000166893005371,
      6.820745944976807,
      8.636418342590332,
      7.44789981842041,
      10.450067520141602,
      12.963722229003906,
      12.28431510925293,
      17.645954132080078,
      16.197837829589844,
      28.57695198059082,
      16.67139434814453,
      28.083759307861328
    ],
    [
      2.7495498657226562,
      4.548079967498779,
      2.3704466819763184,
      1.384516716003418,
      6.840380668640137,
      3.3359241485595703,
      7.321577548980713,
      3.591313123703003,
      7.0283684730529785,
      3.2560088634490967,
      8.937439918518066,
      7.207613945007324,
      10.428886413574219,
      11.105777740478516,
      13.305710792541504,
      16.67139434814453,
      18.781970977783203,
      19.975135803222656
    ],
    [
      4.823884963989258,
      8.591200828552246,
      1.3421000242233276,
      3.934857130050659,
      6.180335998535156,
      8.76123046875,
      10.446707725524902,
      8.934649467468262,
      9.373443603515625,
      9.476963996887207,
      11.882384300231934,
      16.0293025970459,
      13.493688583374023,
      20.24620246887207,
      15.91667366027832,
      28.083759307861328,
      19.975135803222656,
      32.23573303222656
    ]
  ],
  "covariance_short": [
    [
      45.77851867675781,
      18.125883102416992,
      8.856449127197266,
      1.3840773105621338,
      4.967800140380859,
      4.846494197845459,
      5.070569038391113,
      4.023482799530029,
      3.918104887008667,
      3.4954497814178467,
      5.198977947235107,
      4.041322708129883,
      6.031721591949463,
      6.2704267501831055,
      4.173259258270264,
      7.433612823486328,
      5.5106520652771,
      9.417380332946777
    ],
    [
      18.125883102416992,
      37.227256774902344,
      5.994617938995361,
      8.298052787780762,
      4.713798522949219,
      4.790151119232178,
      6.621431350708008,
      5.321378707885742,
      6.995396614074707,
      7.0801286697387695,
      7.625201225280762,
      9.121045112609863,
      7.126784324645996,
      9.644486427307129,
      5.391844272613525,
      9.464510917663574,
      7.666186332702637,
      12.364771842956543
    ],
    [
      8.856449127197266,
      5.994617938995361,
      23.72978401184082,
      8.026981353759766,
      7.551039695739746,
      4.292525291442871,
      4.056948661804199,
      2.6328799724578857,
      5.686934947967529,
      3.0893726348876953,
      6.766349792480469,
      4.306782245635986,
      7.791224002838135,
      6.789173126220703,
      8.581664085388184,
      9.24164867401123,
      8.347817420959473,
      8.62831974029541
    ],
    [
      1.3840773105621338,
      8.298052787780762,
      8.026981353759766,
      29.421072006225586,
      5.836276531219482,
      10.788525581359863,
      6.908661365509033,
      9.18384075164795,
      8.693649291992188,
      12.460722923278809,
      8.829452514648438,
      13.53614616394043,
      7.240351676940918,
      13.022848129272461,
      6.459225654602051,
      10.906081199645996,
      5.9165358543396,
      10.363058090209961
    ],
    [
      4.967800140380859,
      4.713798522949219,
      7.551039695739746,
      5.836276531219482,
      30.146820068359375,
      9.114396095275879,
      20.164554595947266,
      8.36385440826416,
      14.471076011657715,
      7.434902191162109,
      15.598999977111816,
      9.327982902526855,
      11.532981872558594,
      10.042835235595703,
      10.72411060333252,
      11.496014595031738,
      12.36486530303955,
      12.336366653442383
    ],
    [
      4.846494197845459,
      4.790151119232178,
      4.292525291442871,
      10.788525581359863,
      9.114396095275879,
      27.405485153198242,
      12.107351303100586,
      19.090837478637695,
      12.164535522460938,
      19.669076919555664,
      10.934371948242188,
      18.644702911376953,
      7.966803073883057,
      14.525152206420898,
      6.3490309715271,
      13.205089569091797,
      6.060108661651611,
      13.085352897644043
    ],
    [
      5.070569038391113,
      6.621431350708008,
      4.056948661804199,
      6.908661365509033,
      20.164554595947266,
      12.107351303100586,
      38.06669616699219,
      19.005643844604492,
      21.147737503051758,
      17.169614791870117,
      20.86070442199707,
      19.025943756103516,
      15.18453598022461,
      16.957767486572266,
      12.683924674987793,
      17.456039428710938,
      13.894820213317871,
      18.706377029418945
    ],
    [
      4.023482799530029,
      5.321378707885742,
      2.6328799724578857,
      9.18384075164795,
      8.36385440826416,
      19.090837478637695,
      19.005643844604492,
      31.257579803466797,
      17.07253646850586,
      26.58323860168457,
      14.471718788146973,
      23.591886520385742,
      9.409734725952148,
      16.94304084777832,
      6.9780049324035645,
      14.110891342163086,
      7.191291332244873,
      14.83817195892334
    ],
    [
      3.918104887008667,
      6.995396614074707,
      5.686934947967529,
      8.693649291992188,
      14.471076011657715,
      12.164535522460938,
      21.147737503051758,
      17.07253646850586,
      34.9275016784668,
      25.253116607666016,
      26.825698852539062,
      23.692176818847656,
      16.851587295532227,
      18.269886016845703,
      13.799752235412598,
      17.556148529052734,
      14.396939277648926,
      17.940532684326172
    ],
    [
      3.4954497814178467,
      7.0801286697387695,
      3.0893726348876953,
      12.460722923278809,
      7.434902191162109,
      19.669076919555664,
      17.169614791870117,
      26.58323860168457,
      25.253116607666016,
      41.380149841308594,
      20.08102798461914,
      33.50340270996094,
      12.676076889038086,
      23.25371551513672,
      8.860099792480469,
      18.170183181762695,
      8.307536125183105,
      18.17141342163086
    ],
    [
      5.198977947235107,
      7.625201225280762,
      6.766349792480469,
      8.829452514648438,
      15.598999977111816,
      10.934371948242188,
      20.86070442199707,
      14.471718788146973,
      26.825698852539062,
      20.08102798461914,
      30.472599029541016,
      24.162195205688477,
      20.889556884765625,
      21.642839431762695,
      17.721031188964844,
      22.349365234375,
      19.450450897216797,
      23.96323013305664
    ],
    [
      4.041322708129883,
      9.121045112609863,
      4.306782245635986,
      13.53614616394043,
      9.327982902526855,
      18.644702911376953,
      19.025943756103516,
      23.591886520385742,
      23.692176818847656,
      33.50340270996094,
      24.162195205688477,
      39.885765075683594,
      18.108539581298828,
      31.255645751953125,
      15.032440185546875,
      28.34757423400879,
      15.63023853302002,
      29.466005325317383
    ],
    [
      6.031721591949463,
      7.126784324645996,
      7.791224002838135,
      7.240351676940918,
      11.532981872558594,
      7.966803073883057,
      15.18453598022461,
      9.409734725952148,
      16.851587295532227,
      12.676076889038086,
      20.889556884765625,
      18.108539581298828,
      26.708587646484375,
      24.310380935668945,
      25.369197845458984,
      29.131799697875977,
      25.685100555419922,
      30.982532501220703
    ],
    [
      6.2704267501831055,
      9.644486427307129,
      6.789173126220703,
      13.022848129272461,
      10.042835235595703,
      14.525152206420898,
      16.957767486572266,
      16.94304084777832,
      18.269886016845703,
      23.25371551513672,
      21.642839431762695,
      31.255645751953125,
      24.310380935668945,
      38.676849365234375,
      24.44994354248047,
      39.96409606933594,
      25.290842056274414,
      40.90098571777344
    ],
    [
      4.173259258270264,
      5.391844272613525,
      8.581664085388184,
      6.459225654602051,
      10.72411060333252,
      6.3490309715271,
      12.683924674987793,
      6.9780049324035645,
      13.799752235412598,
      8.860099792480469,
      17.721031188964844,
      15.032440185546875,
      25.369197845458984,
      24.44994354248047,
      35.14176559448242,
      35.82012939453125,
      33.34956359863281,
      37.72271728515625
    ],
    [
      7.433612823486328,
      9.464510917663574,
      9.24164867401123,
      10.906081199645996,
      11.496014595031738,
      13.205089569091797,
      17.456039428710938,
      14.110891342163086,
      17.556148529052734,
      18.170183181762695,
      22.349365234375,
      28.34757423400879,
      29.131799697875977,
      39.96409606933594,
      35.82012939453125,
      56.971744537353516,
      34.902584075927734,
      54.52896499633789
    ],
    [
      5.5106520652771,
      7.666186332702637,
      8.347817420959473,
      5.9165358543396,
      12.36486530303955,
      6.060108661651611,
      13.894820213317871,
      7.191291332244873,
      14.396939277648926,
      8.307536125183105,
      19.450450897216797,
      15.63023853302002,
      25.685100555419922,
      25.290842056274414,
      33.34956359863281,
      34.902584075927734,
      43.249671936035156,
      42.451961517333984
    ],
    [
      9.417380332946777,
      12.364771842956543,
      8.62831974029541,
      10.363058090209961,
      12.336366653442383,
      13.085352897644043,
      18.706377029418945,
      14.83817195892334,
      17.940532684326172,
      18.17141342163086,
      23.96323013305664,
      29.466005325317383,
      30.982532501220703,
      40.90098571777344,
      37.72271728515625,
      54.52896499633789,
      42.451961517333984,
      61.78181838989258
    ]
  ],
  "damage": -5.54376745223999,
  "diff_bandwidth": 765.3233032226562,
  "dissonance": 10.702940863322643,
  "drr": 5.537136554718018,
  "dynamics": 2.3533310890197754,
  "format": 1245190,
  "frames": 13309952,
  "loudness": -8.497387886047363,
  "loudness_range": 5.242799758911133,
  "loudness_range_short": 8.64958667755127,
  "lowpass_true_peak_15khz": 1.13346529006958,
  "mastering3_acoustic_entropies": [
    {
      "acoustic_entropy": 5.9962992668151855,
      "acoustic_entropy_mono": 6.235213279724121,
      "band_eliminated_acoustic_entropies": [
        {
          "acoustic_entropy": 5.911517143249512,
          "acoustic_entropy_side": 5.995825290679932,
          "hz": 129.47220167065723
        },
        {
          "acoustic_entropy": 5.716405868530273,
          "acoustic_entropy_side": 5.990821361541748,
          "hz": 202.92927478742237
        },
        {
          "acoustic_entropy": 6.305736541748047,
          "acoustic_entropy_side": 5.997284412384033,
          "hz": 282.89161906338205
        },
        {
          "acoustic_entropy": 5.944886207580566,
          "acoustic_entropy_side": 5.995048522949219,
          "hz": 369.9353335868758
        },
        {
          "acoustic_entropy": 6.415654182434082,
          "acoustic_entropy_side": 6.0261149406433105,
          "hz": 464.6875360973435
        },
        {
          "acoustic_entropy": 5.999783992767334,
          "acoustic_entropy_side": 5.984665870666504,
          "hz": 567.8308811364784
        },
        {
          "acoustic_entropy": 5.663453578948975,
          "acoustic_entropy_side": 6.0423760414123535,
          "hz": 680.1084783214808
        },
        {
          "acoustic_entropy": 6.253390312194824,
          "acoustic_entropy_side": 6.012596607208252,
          "hz": 802.3292461747484
        },
        {
          "acoustic_entropy": 6.1777143478393555,
          "acoustic_entropy_side": 5.93059778213501,
          "hz": 935.3737400823702
        },
        {
          "acoustic_entropy": 6.565182209014893,
          "acoustic_entropy_side": 5.849533557891846,
          "hz": 1080.2004963696966
        },
        {
          "acoustic_entropy": 6.168010711669922,
          "acoustic_entropy_side": 6.053685665130615,
          "hz": 1237.8529382007157
        },
        {
          "acoustic_entropy": 6.267908096313477,
          "acoustic_entropy_side": 6.032047748565674,
          "hz": 1409.4668930556702
        },
        {
          "acoustic_entropy": 6.290037631988525,
          "acoustic_entropy_side": 6.141695499420166,
          "hz": 1596.2787759475705
        },
        {
          "acoustic_entropy": 5.978565216064453,
          "acoustic_entropy_side": 5.836047649383545,
          "hz": 1799.6344973346393
        },
        {
          "acoustic_entropy": 6.167038440704346,
          "acoustic_entropy_side": 5.832367420196533,
          "hz": 2020.9991599069049
        },
        {
          "acoustic_entropy": 6.284032344818115,
          "acoustic_entropy_side": 5.956477165222168,
          "hz": 2261.9676141086993
        },
        {
          "acoustic_entropy": 6.131218910217285,
          "acoustic_entropy_side": 5.835666656494141,
          "hz": 2524.2759484456974
        },
        {
          "acoustic_entropy": 5.848639488220215,
          "acoustic_entropy_side": 5.959718704223633,
          "hz": 2809.813997359896
        },
        {
          "acoustic_entropy": 6.1626787185668945,
          "acoustic_entropy_side": 6.019135475158691,
          "hz": 3120.6389567871424
        },
        {
          "acoustic_entropy": 5.988965034484863,
          "acoustic_entropy_side": 5.936453342437744,
          "hz": 3458.990205492291
        },
        {
          "acoustic_entropy": 5.7801079750061035,
          "acoustic_entropy_side": 5.91627311706543,
          "hz": 3827.305438964164
        },
        {
          "acoustic_entropy": 5.725114345550537,
          "acoustic_entropy_side": 5.873022556304932,
          "hz": 4228.238232109126
        },
        {
          "acoustic_entropy": 5.738462924957275,
          "acoustic_entropy_side": 5.899857997894287,
          "hz": 4664.6771572759235
        },
        {
          "acoustic_entropy": 5.919802188873291,
          "acoustic_entropy_side": 5.955098628997803,
          "hz": 5139.766595350093
        },
        {
          "acoustic_entropy": 5.9371490478515625,
          "acoustic_entropy_side": 5.968603610992432,
          "hz": 5656.929389854203
        },
        {
          "acoustic_entropy": 5.902003288269043,
          "acoustic_entropy_side": 5.966274261474609,
          "hz": 6219.891507268283
        },
        {
          "acoustic_entropy": 5.893333435058594,
          "acoustic_entropy_side": 5.953849792480469,
          "hz": 6832.70888123896
        },
        {
          "acoustic_entropy": 5.899302959442139,
          "acoustic_entropy_side": 5.960333347320557,
          "hz": 7499.796634079867
        },
        {
          "acoustic_entropy": 5.9355926513671875,
          "acoustic_entropy_side": 5.974639892578125,
          "hz": 8225.96088609342
        },
        {
          "acoustic_entropy": 5.912774562835693,
          "acoustic_entropy_side": 5.950334548950195,
          "hz": 9016.43338188839
        },
        {
          "acoustic_entropy": 5.952672481536865,
          "acoustic_entropy_side": 5.958953857421875,
          "hz": 9876.909183162974
        },
        {
          "acoustic_entropy": 5.958369255065918,
          "acoustic_entropy_side": 5.961308479309082,
          "hz": 10813.587699516042
        },
        {
          "acoustic_entropy": 5.943443298339844,
          "acoustic_entropy_side": 5.975554466247559,
          "hz": 11833.21735289826
        },
        {
          "acoustic_entropy": 5.951004505157471,
          "acoustic_entropy_side": 5.980371952056885,
          "hz": 12943.144197493959
        },
        {
          "acoustic_entropy": 5.969272136688232,
          "acoustic_entropy_side": 5.984485149383545,
          "hz": 14151.364845322005
        },
        {
          "acoustic_entropy": 5.98259162902832,
          "acoustic_entropy_side": 5.990077972412109,
          "hz": 15466.58407886509
        },
        {
          "acoustic_entropy": 5.9950151443481445,
          "acoustic_entropy_side": 5.9929423332214355,
          "hz": 16898.27756580493
        },
        {
          "acoustic_entropy": 5.999851226806641,
          "acoustic_entropy_side": 5.994384765625,
          "hz": 18456.760127700032
        },
        {
          "acoustic_entropy": 6.003211975097656,
          "acoustic_entropy_side": 5.996196269989014,
          "hz": 20153.260054456492
        },
        {
          "acoustic_entropy": 5.997543811798096,
          "acoustic_entropy_side": 5.996283531188965,
          "hz": 22000.00000000001
        }
      ],
      "diff_acoustic_entropy": 6.147647380828857,
      "sn": 6
    },
    {
      "acoustic_entropy": 10.203912734985352,
      "acoustic_entropy_mono": 9.100920677185059,
      "band_eliminated_acoustic_entropies": [
        {
          "acoustic_entropy": 10.1235990524292,
          "acoustic_entropy_side": 10.200668334960938,
          "hz": 129.47220167065723
        },
        {
          "acoustic_entropy": 9.547842025756836,
          "acoustic_entropy_side": 10.138721466064453,
          "hz": 202.92927478742237
        },
        {
          "acoustic_entropy": 10.737720489501953,
          "acoustic_entropy_side": 10.213661193847656,
          "hz": 282.89161906338205
        },
        {
          "acoustic_entropy": 10.739936828613281,
          "acoustic_entropy_side": 10.17349910736084,
          "hz": 369.9353335868758
        },
        {
          "acoustic_entropy": 10.458048820495605,
          "acoustic_entropy_side": 10.261232376098633,
          "hz": 464.6875360973435
        },
        {
          "acoustic_entropy": 9.7787504196167,
          "acoustic_entropy_side": 10.28554630279541,
          "hz": 567.8308811364784
        },
        {
          "acoustic_entropy": 10.603297233581543,
          "acoustic_entropy_side": 10.28510570526123,
          "hz": 680.1084783214808
        },
        {
          "acoustic_entropy": 10.169014930725098,
          "acoustic_entropy_side": 10.175092697143555,
          "hz": 802.3292461747484
        },
        {
          "acoustic_entropy": 10.137636184692383,
          "acoustic_entropy_side": 10.044258117675781,
          "hz": 935.3737400823702
        },
        {
          "acoustic_entropy": 10.293173789978027,
          "acoustic_entropy_side": 10.076170921325684,
          "hz": 1080.2004963696966
        },
        {
          "acoustic_entropy": 10.227749824523926,
          "acoustic_entropy_side": 10.35671615600586,
          "hz": 1237.8529382007157
        },
        {
          "acoustic_entropy": 10.17706298828125,
          "acoustic_entropy_side": 10.191685676574707,
          "hz": 1409.4668930556702
        },
        {
          "acoustic_entropy": 10.297615051269531,
          "acoustic_entropy_side": 10.117816925048828,
          "hz": 1596.2787759475705
        },
        {
          "acoustic_entropy": 9.533295631408691,
          "acoustic_entropy_side": 9.70242691040039,
          "hz": 1799.6344973346393
        },
        {
          "acoustic_entropy": 9.997355461120605,
          "acoustic_entropy_side": 9.940857887268066,
          "hz": 2020.9991599069049
        },
        {
          "acoustic_entropy": 9.981772422790527,
          "acoustic_entropy_side": 10.048050880432129,
          "hz": 2261.9676141086993
        },
        {
          "acoustic_entropy": 9.971508026123047,
          "acoustic_entropy_side": 10.096261024475098,
          "hz": 2524.2759484456974
        },
        {
          "acoustic_entropy": 10.149468421936035,
          "acoustic_entropy_side": 10.123197555541992,
          "hz": 2809.813997359896
        },
        {
          "acoustic_entropy": 10.133167266845703,
          "acoustic_entropy_side": 10.119485855102539,
          "hz": 3120.6389567871424
        },
        {
          "acoustic_entropy": 10.252943992614746,
          "acoustic_entropy_side": 10.120588302612305,
          "hz": 3458.990205492291
        },
        {
          "acoustic_entropy": 10.193049430847168,
          "acoustic_entropy_side": 10.220622062683105,
          "hz": 3827.305438964164
        },
        {
          "acoustic_entropy": 10.289525032043457,
          "acoustic_entropy_side": 10.281157493591309,
          "hz": 4228.238232109126
        },
        {
          "acoustic_entropy": 10.30962085723877,
          "acoustic_entropy_side": 10.270560264587402,
          "hz": 4664.6771572759235
        },
        {
          "acoustic_entropy": 10.240833282470703,
          "acoustic_entropy_side": 10.16438102722168,
          "hz": 5139.766595350093
        },
        {
          "acoustic_entropy": 10.27124309539795,
          "acoustic_entropy_side": 10.198941230773926,
          "hz": 5656.929389854203
        },
        {
          "acoustic_entropy": 10.27364444732666,
          "acoustic_entropy_side": 10.23338508605957,
          "hz": 6219.891507268283
        },
        {
          "acoustic_entropy": 10.34766960144043,
          "acoustic_entropy_side": 10.227313041687012,
          "hz": 6832.70888123896
        },
        {
          "acoustic_entropy": 10.15150260925293,
          "acoustic_entropy_side": 10.244281768798828,
          "hz": 7499.796634079867
        },
        {
          "acoustic_entropy": 10.214431762695312,
          "acoustic_entropy_side": 10.341702461242676,
          "hz": 8225.96088609342
        },
        {
          "acoustic_entropy": 10.237967491149902,
          "acoustic_entropy_side": 10.321134567260742,
          "hz": 9016.43338188839
        },
        {
          "acoustic_entropy": 10.244359970092773,
          "acoustic_entropy_side": 10.308011054992676,
          "hz": 9876.909183162974
        },
        {
          "acoustic_entropy": 10.266756057739258,
          "acoustic_entropy_side": 10.301122665405273,
          "hz": 10813.587699516042
        },
        {
          "acoustic_entropy": 10.348386764526367,
          "acoustic_entropy_side": 10.340214729309082,
          "hz": 11833.21735289826
        },
        {
          "acoustic_entropy": 10.369772911071777,
          "acoustic_entropy_side": 10.314543724060059,
          "hz": 12943.144197493959
        },
        {
          "acoustic_entropy": 10.310340881347656,
          "acoustic_entropy_side": 10.25903606414795,
          "hz": 14151.364845322005
        },
        {
          "acoustic_entropy": 10.274494171142578,
          "acoustic_entropy_side": 10.226737976074219,
          "hz": 15466.58407886509
        },
        {
          "acoustic_entropy": 10.241422653198242,
          "acoustic_entropy_side": 10.218326568603516,
          "hz": 16898.27756580493
        },
        {
          "acoustic_entropy": 10.216014862060547,
          "acoustic_entropy_side": 10.210973739624023,
          "hz": 18456.760127700032
        },
        {
          "acoustic_entropy": 10.202818870544434,
          "acoustic_entropy_side": 10.210186958312988,
          "hz": 20153.260054456492
        },
        {
          "acoustic_entropy": 10.208498001098633,
          "acoustic_entropy_side": 10.20405387878418,
          "hz": 22000.00000000001
        }
      ],
      "diff_acoustic_entropy": 8.476823806762695,
      "sn": 12
    },
    {
      "acoustic_entropy": 15.48935604095459,
      "acoustic_entropy_mono": 11.950189590454102,
      "band_eliminated_acoustic_entropies": [
        {
          "acoustic_entropy": 15.07076358795166,
          "acoustic_entropy_side": 15.579242706298828,
          "hz": 129.47220167065723
        },
        {
          "acoustic_entropy": 15.701533317565918,
          "acoustic_entropy_side": 14.84707260131836,
          "hz": 202.92927478742237
        },
        {
          "acoustic_entropy": 16.338459014892578,
          "acoustic_entropy_side": 16.042333602905273,
          "hz": 282.89161906338205
        },
        {
          "acoustic_entropy": 15.138752937316895,
          "acoustic_entropy_side": 15.310113906860352,
          "hz": 369.9353335868758
        },
        {
          "acoustic_entropy": 16.187944412231445,
          "acoustic_entropy_side": 16.134855270385742,
          "hz": 464.6875360973435
        },
        {
          "acoustic_entropy": 15.016275405883789,
          "acoustic_entropy_side": 15.671876907348633,
          "hz": 567.8308811364784
        },
        {
          "acoustic_entropy": 16.151594161987305,
          "acoustic_entropy_side": 15.711455345153809,
          "hz": 680.1084783214808
        },
        {
          "acoustic_entropy": 14.841702461242676,
          "acoustic_entropy_side": 15.485064506530762,
          "hz": 802.3292461747484
        },
        {
          "acoustic_entropy": 15.627603530883789,
          "acoustic_entropy_side": 15.982001304626465,
          "hz": 935.3737400823702
        },
        {
          "acoustic_entropy": 15.295665740966797,
          "acoustic_entropy_side": 15.530248641967773,
          "hz": 1080.2004963696966
        },
        {
          "acoustic_entropy": 15.571346282958984,
          "acoustic_entropy_side": 15.554412841796875,
          "hz": 1237.8529382007157
        },
        {
          "acoustic_entropy": 15.497221946716309,
          "acoustic_entropy_side": 15.248725891113281,
          "hz": 1409.4668930556702
        },
        {
          "acoustic_entropy": 15.673422813415527,
          "acoustic_entropy_side": 16.07293128967285,
          "hz": 1596.2787759475705
        },
        {
          "acoustic_entropy": 15.585294723510742,
          "acoustic_entropy_side": 15.854503631591797,
          "hz": 1799.6344973346393
        },
        {
          "acoustic_entropy": 15.285477638244629,
          "acoustic_entropy_side": 15.466752052307129,
          "hz": 2020.9991599069049
        },
        {
          "acoustic_entropy": 15.414783477783203,
          "acoustic_entropy_side": 15.48997974395752,
          "hz": 2261.9676141086993
        },
        {
          "acoustic_entropy": 15.5935697555542,
          "acoustic_entropy_side": 15.698673248291016,
          "hz": 2524.2759484456974
        },
        {
          "acoustic_entropy": 15.547076225280762,
          "acoustic_entropy_side": 15.584979057312012,
          "hz": 2809.813997359896
        },
        {
          "acoustic_entropy": 15.617239952087402,
          "acoustic_entropy_side": 15.618701934814453,
