{
  "acoustic_entropy": 169.61143493652344,
  "bands": [
    {
      "high_freq": 148.1999969482422,
      "loudness": -45.88665771484375,
      "loudness_range": 27.533611297607422,
      "mid_mean": -43.117374420166016,
      "mid_to_side_loudness": -8.918680191040039,
      "mid_to_side_loudness_range": 9.295190811157227,
      "side_mean": -52.36882019042969
    },
    {
      "high_freq": 392.3793640136719,
      "loudness": -48.47319030761719,
      "loudness_range": 24.10622787475586,
      "low_freq": 148.1999969482422,
      "mid_mean": -46.57373809814453,
      "mid_to_side_loudness": -10.40857219696045,
      "mid_to_side_loudness_range": 11.1298246383667,
      "side_mean": -56.688072204589844
    },
    {
      "high_freq": 794.6976318359375,
      "loudness": -59.28993225097656,
      "loudness_range": 24.262176513671875,
      "low_freq": 392.3793640136719,
      "mid_mean": -56.280738830566406,
      "mid_to_side_loudness": -10.529809951782227,
      "mid_to_side_loudness_range": 11.220569610595703,
      "side_mean": -64.16729736328125
    },
    {
      "high_freq": 1457.5709228515625,
      "loudness": -58.70486068725586,
      "loudness_range": 23.40335464477539,
      "low_freq": 794.6976318359375,
      "mid_mean": -56.089725494384766,
      "mid_to_side_loudness": -10.50403118133545,
      "mid_to_side_loudness_range": 12.014280319213867,
      "side_mean": -64.06399536132812
    },
    {
      "high_freq": 2549.74365234375,
      "loudness": -48.0013427734375,
      "loudness_range": 24.015830993652344,
      "low_freq": 1457.5709228515625,
      "mid_mean": -44.867767333984375,
      "mid_to_side_loudness": -9.896523475646973,
      "mid_to_side_loudness_range": 9.373662948608398,
      "side_mean": -55.35581588745117
    },
    {
      "high_freq": 4349.24462890625,
      "loudness": -46.283546447753906,
      "loudness_range": 20.303043365478516,
      "low_freq": 2549.74365234375,
      "mid_mean": -43.302825927734375,
      "mid_to_side_loudness": -9.244062423706055,
      "mid_to_side_loudness_range": 9.700748443603516,
      "side_mean": -53.345603942871094
    },
    {
      "high_freq": 7314.1640625,
      "loudness": -41.70996856689453,
      "loudness_range": 21.7304630279541,
      "low_freq": 4349.24462890625,
      "mid_mean": -38.92894744873047,
      "mid_to_side_loudness": -8.22370719909668,
      "mid_to_side_loudness_range": 9.139168739318848,
      "side_mean": -47.02996063232422
    },
    {
      "high_freq": 12199.2666015625,
      "loudness": -38.62575912475586,
      "loudness_range": 15.611955642700195,
      "low_freq": 7314.1640625,
      "mid_mean": -36.025794982910156,
      "mid_to_side_loudness": -7.193026065826416,
      "mid_to_side_loudness_range": 6.754974365234375,
      "side_mean": -43.051692962646484
    },
    {
      "loudness": -48.6011962890625,
      "loudness_range": 24.577865600585938,
      "low_freq": 12199.2666015625,
      "mid_mean": -47.037620544433594,
      "mid_to_side_loudness": -6.974064350128174,
      "mid_to_side_loudness_range": 6.868071556091309,
      "side_mean": -53.75137710571289
    }
  ],
  "bands_short": [
    {
      "high_freq": 148.1999969482422,
      "loudness": -48.91676712036133,
      "loudness_range": 27.649375915527344,
      "mid_mean": -46.342063903808594,
      "mid_to_side_loudness": -8.418042182922363,
      "mid_to_side_loudness_range": 9.600022315979004,
      "side_mean": -54.537353515625
    },
    {
      "high_freq": 392.3793640136719,
      "loudness": -45.60129928588867,
      "loudness_range": 23.015869140625,
      "low_freq": 148.1999969482422,
      "mid_mean": -43.70960235595703,
      "mid_to_side_loudness": -10.014185905456543,
      "mid_to_side_loudness_range": 12.194160461425781,
      "side_mean": -54.47554397583008
    },
    {
      "high_freq": 794.6976318359375,
      "loudness": -61.32118606567383,
      "loudness_range": 26.348342895507812,
      "low_freq": 392.3793640136719,
      "mid_mean": -58.12575912475586,
      "mid_to_side_loudness": -9.593551635742188,
      "mid_to_side_loudness_range": 11.208612442016602,
      "side_mean": -64.72003173828125
    },
    {
      "high_freq": 1457.5709228515625,
      "loudness": -60.86037063598633,
      "loudness_range": 24.226139068603516,
      "low_freq": 794.6976318359375,
      "mid_mean": -58.06673049926758,
      "mid_to_side_loudness": -9.799603462219238,
      "mid_to_side_loudness_range": 12.64858627319336,
      "side_mean": -64.94659423828125
    },
    {
      "high_freq": 2549.74365234375,
      "loudness": -50.77592086791992,
      "loudness_range": 26.508544921875,
      "low_freq": 1457.5709228515625,
      "mid_mean": -47.95038604736328,
      "mid_to_side_loudness": -9.395771026611328,
      "mid_to_side_loudness_range": 10.429351806640625,
      "side_mean": -57.35330581665039
    },
    {
      "high_freq": 4349.24462890625,
      "loudness": -47.940433502197266,
      "loudness_range": 22.373123168945312,
      "low_freq": 2549.74365234375,
      "mid_mean": -45.119781494140625,
      "mid_to_side_loudness": -9.132220268249512,
      "mid_to_side_loudness_range": 10.132085800170898,
      "side_mean": -54.912105560302734
    },
    {
      "high_freq": 7314.1640625,
      "loudness": -42.73225021362305,
      "loudness_range": 24.27981948852539,
      "low_freq": 4349.24462890625,
      "mid_mean": -40.080501556396484,
      "mid_to_side_loudness": -8.384084701538086,
      "mid_to_side_loudness_range": 9.603398323059082,
      "side_mean": -50.17543411254883
    },
    {
      "high_freq": 12199.2666015625,
      "loudness": -39.481231689453125,
      "loudness_range": 18.522544860839844,
      "low_freq": 7314.1640625,
      "mid_mean": -37.320106506347656,
      "mid_to_side_loudness": -7.1406073570251465,
      "mid_to_side_loudness_range": 7.57033634185791,
      "side_mean": -44.1606330871582
    },
    {
      "loudness": -49.811561584472656,
      "loudness_range": 28.196136474609375,
      "low_freq": 12199.2666015625,
      "mid_mean": -48.54273223876953,
      "mid_to_side_loudness": -6.950589179992676,
      "mid_to_side_loudness_range": 7.646088600158691,
      "side_mean": -54.909847259521484
    }
  ],
  "bandwidth": 1593.406005859375,
  "channels": 2,
  "covariance": [
    [
      91.9556884765625,
      82.41197204589844,
      58.26264572143555,
      43.05598068237305,
      31.530744552612305,
      18.666383743286133,
      24.67645835876465,
      8.994213104248047,
      17.613243103027344,
      19.15999984741211,
      13.872591972351074,
      22.49468231201172,
      15.806203842163086,
      22.382503509521484,
      12.293802261352539,
      9.290851593017578,
      29.953927993774414,
      26.411026000976562
    ],
    [
      82.41197204589844,
      93.95166015625,
      56.60826873779297,
      55.424747467041016,
      33.33942413330078,
      21.554443359375,
      23.42629051208496,
      9.714332580566406,
      16.804357528686523,
      27.887205123901367,
      12.942112922668457,
      27.60845947265625,
      14.183460235595703,
      18.343181610107422,
      11.40230941772461,
      6.201727390289307,
      24.328290939331055,
      27.679943084716797
    ],
    [
      58.26264572143555,
      56.60826873779297,
      87.48221588134766,
      70.88130187988281,
      39.975006103515625,
      21.359092712402344,
      25.59175682067871,
      10.094877243041992,
      14.372722625732422,
      17.079875946044922,
      7.359957695007324,
      16.770145416259766,
      2.652297019958496,
      6.885477542877197,
      7.837832927703857,
      7.137906551361084,
      19.533910751342773,
      15.531458854675293
    ],
    [
      43.05598068237305,
      55.424747467041016,
      70.88130187988281,
      77.1025619506836,
      34.653018951416016,
      22.0999755859375,
      20.040870666503906,
      10.05633544921875,
      14.166726112365723,
      24.7138729095459,
      9.318177223205566,
      21.690919876098633,
      0.296206533908844,
      2.006119728088379,
      6.501661777496338,
      3.149456739425659,
      13.357924461364746,
      14.056825637817383
    ],
    [
      31.530744552612305,
      33.33942413330078,
      39.975006103515625,
      34.653018951416016,
      67.11256408691406,
      37.63384246826172,
      42.39043426513672,
      19.087993621826172,
      26.131921768188477,
      30.53101348876953,
      9.744157791137695,
      18.509124755859375,
      -2.3876149654388428,
      -3.6772053241729736,
      1.8894470930099487,
      -2.424595355987549,
      -2.2069613933563232,
      -2.049686908721924
    ],
    [
      18.666383743286133,
      21.554443359375,
      21.359092712402344,
      22.0999755859375,
      37.63384246826172,
      28.245136260986328,
      17.462228775024414,
      10.45970344543457,
      14.375823020935059,
      18.285974502563477,
      5.474745273590088,
      10.66043758392334,
      -1.6424390077590942,
      -1.6391370296478271,
      1.8966032266616821,
      -1.5658854246139526,
      -1.3156142234802246,
      -2.510122299194336
    ],
    [
      24.67645835876465,
      23.42629051208496,
      25.59175682067871,
      20.040870666503906,
      42.39043426513672,
      17.462228775024414,
      61.270164489746094,
      32.109920501708984,
      40.83535385131836,
      43.065582275390625,
      32.11665725708008,
      41.51566696166992,
      21.291473388671875,
      24.289323806762695,
      11.347795486450195,
      13.025489807128906,
      21.153440475463867,
      26.213382720947266
    ],
    [
      8.994213104248047,
      9.714332580566406,
      10.094877243041992,
      10.05633544921875,
      19.087993621826172,
      10.45970344543457,
      32.109920501708984,
      22.703399658203125,
      26.864948272705078,
      30.46847915649414,
      23.906518936157227,
      31.037168502807617,
      18.52696990966797,
      22.63017463684082,
      9.426177024841309,
      11.561458587646484,
      17.20189094543457,
      20.647430419921875
    ],
    [
      17.613243103027344,
      16.804357528686523,
      14.372722625732422,
      14.166726112365723,
      26.131921768188477,
      14.375823020935059,
      40.83535385131836,
      26.864948272705078,
      70.8502197265625,
      66.30555725097656,
      45.97955322265625,
      47.959014892578125,
      38.31893539428711,
      41.787899017333984,
      20.518136978149414,
      18.974716186523438,
      28.27263832092285,
      26.4827880859375
    ],
    [
      19.15999984741211,
      27.887205123901367,
      17.079875946044922,
      24.7138729095459,
      30.53101348876953,
      18.285974502563477,
      43.065582275390625,
      30.46847915649414,
      66.30555725097656,
      79.1586685180664,
      47.9312744140625,
      65.52201843261719,
      42.001651763916016,
      48.16954040527344,
      23.166906356811523,
      22.55928611755371,
      37.38815689086914,
      42.01985168457031
    ],
    [
      13.872591972351074,
      12.942112922668457,
      7.359957695007324,
      9.318177223205566,
      9.744157791137695,
      5.474745273590088,
      32.11665725708008,
      23.906518936157227,
      45.97955322265625,
      47.9312744140625,
      53.316951751708984,
      56.01298904418945,
      42.22332000732422,
      48.087371826171875,
      22.275163650512695,
      23.69439697265625,
      37.34760284423828,
      38.191837310791016
    ],
    [
      22.49468231201172,
      27.60845947265625,
      16.770145416259766,
      21.690919876098633,
      18.509124755859375,
      10.66043758392334,
      41.51566696166992,
      31.037168502807617,
      47.959014892578125,
      65.52201843261719,
      56.01298904418945,
      80.81260681152344,
      52.05684280395508,
      65.42054748535156,
      28.696725845336914,
      34.07801055908203,
      54.63195037841797,
      64.64901733398438
    ],
    [
      15.806203842163086,
      14.183460235595703,
      2.652297019958496,
      0.296206533908844,
      -2.3876149654388428,
      -1.6424390077590942,
      21.291473388671875,
      18.52696990966797,
      38.31893539428711,
      42.001651763916016,
      42.22332000732422,
      52.05684280395508,
      63.273433685302734,
      71.32263946533203,
      27.211328506469727,
      29.972314834594727,
      44.47282028198242,
      51.40312576293945
    ],
    [
      22.382503509521484,
      18.343181610107422,
      6.885477542877197,
      2.006119728088379,
      -3.6772053241729736,
      -1.6391370296478271,
      24.289323806762695,
      22.63017463684082,
      41.787899017333984,
      48.16954040527344,
      48.087371826171875,
      65.42054748535156,
      71.32263946533203,
      92.36982727050781,
      35.29936981201172,
      43.85314178466797,
      59.4608039855957,
      70.90864562988281
    ],
    [
      12.293802261352539,
      11.40230941772461,
      7.837832927703857,
      6.501661777496338,
      1.8894470930099487,
      1.8966032266616821,
      11.347795486450195,
      9.426177024841309,
      20.518136978149414,
      23.166906356811523,
      22.275163650512695,
      28.696725845336914,
      27.211328506469727,
      35.29936981201172,
      35.64818572998047,
      36.313079833984375,
      39.59143829345703,
      41.10574722290039
    ],
    [
      9.290851593017578,
      6.201727390289307,
      7.137906551361084,
      3.149456739425659,
      -2.424595355987549,
      -1.5658854246139526,
      13.025489807128906,
      11.561458587646484,
      18.974716186523438,
      22.55928611755371,
      23.69439697265625,
      34.07801055908203,
      29.972314834594727,
      43.85314178466797,
      36.313079833984375,
      48.98255920410156,
      49.673465728759766,
      55.44320297241211
    ],
    [
      29.953927993774414,
      24.328290939331055,
      19.533910751342773,
      13.357924461364746,
      -2.2069613933563232,
      -1.3156142234802246,
      21.153440475463867,
      17.20189094543457,
      28.27263832092285,
      37.38815689086914,
      37.34760284423828,
      54.63195037841797,
      44.47282028198242,
      59.4608039855957,
      39.59143829345703,
      49.673465728759766,
      85.14644622802734,
      86.84806060791016
    ],
    [
      26.411026000976562,
      27.679943084716797,
      15.531458854675293,
      14.056825637817383,
      -2.049686908721924,
      -2.510122299194336,
      26.213382720947266,
      20.647430419921875,
      26.4827880859375,
      42.01985168457031,
      38.191837310791016,
      64.64901733398438,
      51.40312576293945,
      70.90864562988281,
      41.10574722290039,
      55.44320297241211,
      86.84806060791016,
      100.71705627441406
    ]
  ],
  "covariance_short": [
    [
      96.91795349121094,
      80.9272232055664,
      59.691917419433594,
      54.25093078613281,
      43.05608367919922,
      22.853496551513672,
      24.614028930664062,
      9.22707462310791,
      26.288434982299805,
      23.03736686706543,
      18.422657012939453,
      24.780353546142578,
      16.595884323120117,
      35.647056579589844,
      14.05665397644043,
      9.631803512573242,
      30.489015579223633,
      24.38926124572754
    ],
    [
      80.9272232055664,
      81.68869018554688,
      50.589298248291016,
      55.096580505371094,
      41.68666458129883,
      23.464176177978516,
      21.7387638092041,
      8.312554359436035,
      22.063138961791992,
      25.487579345703125,
      13.9045991897583,
      25.09975814819336,
      12.596105575561523,
      36.6515007019043,
      10.192375183105469,
      5.849654197692871,
      24.223583221435547,
      24.475088119506836
    ],
    [
      59.691917419433594,
      50.589298248291016,
      87.13236236572266,
      72.9095458984375,
      40.254798889160156,
      20.627559661865234,
      27.044971466064453,
      10.520289421081543,
      20.290403366088867,
      18.207929611206055,
      13.734222412109375,
      20.479036331176758,
      7.552937984466553,
      26.877532958984375,
      10.969552040100098,
      9.723795890808105,
      28.31585121154785,
      22.525033950805664
    ],
    [
      54.25093078613281,
      55.096580505371094,
      72.9095458984375,
      90.3526382446289,
      40.88629150390625,
      24.038049697875977,
      28.967885971069336,
      13.015732765197754,
      25.937368392944336,
      30.003616333007812,
      15.54955005645752,
      28.761852264404297,
      6.322917461395264,
      33.47201919555664,
      9.585315704345703,
      6.7586350440979,
      24.30868911743164,
      24.127063751220703
    ],
    [
      43.05608367919922,
      41.68666458129883,
      40.254798889160156,
      40.88629150390625,
      71.0848617553711,
      40.14889144897461,
      43.288700103759766,
      19.518098831176758,
      39.0670166015625,
      34.32526779174805,
      17.55362319946289,
      22.00248908996582,
      2.0502476692199707,
      16.882625579833984,
      3.8055567741394043,
      -1.1710195541381836,
      6.3689141273498535,
      2.5764408111572266
    ],
    [
      22.853496551513672,
      23.464176177978516,
      20.627559661865234,
      24.038049697875977,
      40.14889144897461,
      28.976037979125977,
      20.946571350097656,
      12.058382034301758,
      22.183042526245117,
      21.59535026550293,
      10.428059577941895,
      13.532100677490234,
      0.9465746879577637,
      9.014094352722168,
      2.9322516918182373,
      -0.22143924236297607,
      2.776623249053955,
      0.37745675444602966
    ],
    [
      24.614028930664062,
      21.7387638092041,
      27.044971466064453,
      28.967885971069336,
      43.288700103759766,
      20.946571350097656,
      60.99882125854492,
      31.9096736907959,
      50.14057159423828,
      44.52269744873047,
      35.624603271484375,
      41.12915802001953,
      17.822450637817383,
      34.564422607421875,
      12.203722953796387,
      12.394193649291992,
      22.96905517578125,
      22.847137451171875
    ],
    [
      9.22707462310791,
      8.312554359436035,
      10.520289421081543,
      13.015732765197754,
      19.518098831176758,
      12.058382034301758,
      31.9096736907959,
      22.511154174804688,
      29.968935012817383,
      30.094844818115234,
      24.744213104248047,
      30.045377731323242,
      16.681638717651367,
      26.671234130859375,
      10.697758674621582,
      11.84882640838623,
      17.002197265625,
      18.307559967041016
    ],
    [
      26.288434982299805,
      22.063138961791992,
      20.290403366088867,
      25.937368392944336,
      39.0670166015625,
      22.183042526245117,
      50.14057159423828,
      29.968935012817383,
      84.76573181152344,
      72.93342590332031,
      53.98967361450195,
      53.897159576416016,
      37.887367248535156,
      49.879215240478516,
      24.751012802124023,
      20.48670196533203,
      31.948486328125,
      25.518707275390625
    ],
    [
      23.03736686706543,
      25.487579345703125,
      18.207929611206055,
      30.003616333007812,
      34.32526779174805,
      21.59535026550293,
      44.52269744873047,
      30.094844818115234,
      72.93342590332031,
      77.35115814208984,
      50.31195831298828,
      64.7972412109375,
      41.75051498413086,
      66.23606872558594,
      27.366926193237305,
      25.96196746826172,
      40.25711441040039,
      41.28428649902344
    ],
    [
      18.422657012939453,
      13.9045991897583,
      13.734222412109375,
      15.54955005645752,
      17.55362319946289,
      10.428059577941895,
      35.624603271484375,
      24.744213104248047,
      53.98967361450195,
      50.31195831298828,
      59.261016845703125,
      59.82365798950195,
      46.405738830566406,
      60.988277435302734,
      30.135311126708984,
      30.05316925048828,
      43.857845306396484,
      42.33531188964844
    ],
    [
      24.780353546142578,
      25.09975814819336,
      20.479036331176758,
      28.761852264404297,
      22.00248908996582,
      13.532100677490234,
      41.12915802001953,
      30.045377731323242,
      53.897159576416016,
      64.7972412109375,
      59.82365798950195,
      82.90187072753906,
      56.99257278442383,
      92.63951110839844,
      37.954612731933594,
      42.90056610107422,
      62.79674530029297,
      69.54337310791016
    ],
    [
      16.595884323120117,
      12.596105575561523,
      7.552937984466553,
      6.322917461395264,
      2.0502476692199707,
      0.9465746879577637,
      17.822450637817383,
      16.681638717651367,
      37.887367248535156,
      41.75051498413086,
      46.405738830566406,
      56.99257278442383,
      75.31484985351562,
      84.3794937133789,
      38.753639221191406,
      39.45759582519531,
      51.7725830078125,
      58.17890167236328
    ],
    [
      35.647056579589844,
      36.6515007019043,
      26.877532958984375,
      33.47201919555664,
      16.882625579833984,
      9.014094352722168,
      34.564422607421875,
      26.671234130859375,
      49.879215240478516,
      66.23606872558594,
      60.988277435302734,
      92.63951110839844,
      84.3794937133789,
      133.64187622070312,
      49.54863739013672,
      57.37397766113281,
      87.73121643066406,
      100.53845977783203
    ],
    [
      14.05665397644043,
      10.192375183105469,
      10.969552040100098,
      9.585315704345703,
      3.8055567741394043,
      2.9322516918182373,
      12.203722953796387,
      10.697758674621582,
      24.751012802124023,
      27.366926193237305,
      30.135311126708984,
      37.954612731933594,
      38.753639221191406,
      49.54863739013672,
      56.825618743896484,
      52.32293701171875,
      55.05587387084961,
      54.166351318359375
    ],
    [
      9.631803512573242,
      5.849654197692871,
      9.723795890808105,
      6.7586350440979,
      -1.1710195541381836,
      -0.22143924236297607,
      12.394193649291992,
      11.84882640838623,
      20.48670196533203,
      25.96196746826172,
      30.05316925048828,
      42.90056610107422,
      39.45759582519531,
      57.37397766113281,
      52.32293701171875,
      66.81564331054688,
      64.85894012451172,
      68.5226058959961
    ],
    [
      30.489015579223633,
      24.223583221435547,
      28.31585121154785,
      24.30868911743164,
      6.3689141273498535,
      2.776623249053955,
      22.96905517578125,
      17.002197265625,
      31.948486328125,
      40.25711441040039,
      43.857845306396484,
      62.79674530029297,
      51.7725830078125,
      87.73121643066406,
      55.05587387084961,
      64.85894012451172,
      99.9010238647461,
      98.15219116210938
    ],
    [
      24.38926124572754,
      24.475088119506836,
      22.525033950805664,
      24.127063751220703,
      2.5764408111572266,
      0.37745675444602966,
      22.847137451171875,
      18.307559967041016,
      25.518707275390625,
      41.28428649902344,
      42.33531188964844,
      69.54337310791016,
      58.17890167236328,
      100.53845977783203,
      54.166351318359375,
      68.5226058959961,
      98.15219116210938,
      108.54329681396484
    ]
  ],
  "damage": -25.990949630737305,
  "diff_bandwidth": 1916.545166015625,
  "dissonance": 15.028695309510226,
  "drr": 7.8719072341918945,
  "dynamics": 4.240823268890381,
  "format": 1245190,
  "frames": 11231232,
  "loudness": -29.43311309814453,
  "loudness_range": 12.274333953857422,
  "loudness_range_short": 14.721433639526367,
  "lowpass_true_peak_15khz": 0.6780738234519958,
  "mastering3_acoustic_entropies": [
    {
      "acoustic_entropy": 12.797625541687012,
      "acoustic_entropy_mono": 12.00047779083252,
      "band_eliminated_acoustic_entropies": [
        {
          "acoustic_entropy": 12.800514221191406,
          "acoustic_entropy_side": 12.797224998474121,
          "hz": 129.47220167065723
        },
        {
          "acoustic_entropy": 12.755745887756348,
          "acoustic_entropy_side": 12.836328506469727,
          "hz": 202.92927478742237
        },
        {
          "acoustic_entropy": 13.886397361755371,
          "acoustic_entropy_side": 12.89059829711914,
          "hz": 282.89161906338205
        },
        {
          "acoustic_entropy": 13.030521392822266,
          "acoustic_entropy_side": 12.686041831970215,
          "hz": 369.9353335868758
        },
        {
          "acoustic_entropy": 12.83059310913086,
          "acoustic_entropy_side": 12.780550003051758,
          "hz": 464.6875360973435
        },
        {
          "acoustic_entropy": 13.033638000488281,
          "acoustic_entropy_side": 12.799298286437988,
          "hz": 567.8308811364784
        },
        {
          "acoustic_entropy": 12.88195514678955,
          "acoustic_entropy_side": 12.798192024230957,
          "hz": 680.1084783214808
        },
        {
          "acoustic_entropy": 12.882465362548828,
          "acoustic_entropy_side": 12.800187110900879,
          "hz": 802.3292461747484
        },
        {
          "acoustic_entropy": 12.886746406555176,
          "acoustic_entropy_side": 12.798232078552246,
          "hz": 935.3737400823702
        },
        {
          "acoustic_entropy": 12.800235748291016,
          "acoustic_entropy_side": 12.796747207641602,
          "hz": 1080.2004963696966
        },
        {
          "acoustic_entropy": 12.662703514099121,
          "acoustic_entropy_side": 12.794647216796875,
          "hz": 1237.8529382007157
        },
        {
          "acoustic_entropy": 12.606618881225586,
          "acoustic_entropy_side": 12.791523933410645,
          "hz": 1409.4668930556702
        },
        {
          "acoustic_entropy": 12.726668357849121,
          "acoustic_entropy_side": 12.795058250427246,
          "hz": 1596.2787759475705
        },
        {
          "acoustic_entropy": 12.824211120605469,
          "acoustic_entropy_side": 12.797785758972168,
          "hz": 1799.6344973346393
        },
        {
          "acoustic_entropy": 12.711613655090332,
          "acoustic_entropy_side": 12.789969444274902,
          "hz": 2020.9991599069049
        },
        {
          "acoustic_entropy": 12.76363468170166,
          "acoustic_entropy_side": 12.764001846313477,
          "hz": 2261.9676141086993
        },
        {
          "acoustic_entropy": 11.981597900390625,
          "acoustic_entropy_side": 12.896084785461426,
          "hz": 2524.2759484456974
        },
        {
          "acoustic_entropy": 12.946501731872559,
          "acoustic_entropy_side": 12.822690963745117,
          "hz": 2809.813997359896
        },
        {
          "acoustic_entropy": 13.127425193786621,
          "acoustic_entropy_side": 12.829291343688965,
          "hz": 3120.6389567871424
        },
        {
          "acoustic_entropy": 12.92485523223877,
          "acoustic_entropy_side": 12.785911560058594,
          "hz": 3458.990205492291
        },
        {
          "acoustic_entropy": 12.871976852416992,
          "acoustic_entropy_side": 12.733892440795898,
          "hz": 3827.305438964164
        },
        {
          "acoustic_entropy": 12.731402397155762,
          "acoustic_entropy_side": 12.815067291259766,
          "hz": 4228.238232109126
        },
        {
          "acoustic_entropy": 12.80876636505127,
          "acoustic_entropy_side": 12.58403205871582,
          "hz": 4664.6771572759235
        },
        {
          "acoustic_entropy": 12.939496040344238,
          "acoustic_entropy_side": 12.523737907409668,
          "hz": 5139.766595350093
        },
        {
          "acoustic_entropy": 12.879632949829102,
          "acoustic_entropy_side": 13.076467514038086,
          "hz": 5656.929389854203
        },
        {
          "acoustic_entropy": 13.091108322143555,
          "acoustic_entropy_side": 12.953665733337402,
          "hz": 6219.891507268283
        },
        {
          "acoustic_entropy": 12.479640007019043,
          "acoustic_entropy_side": 12.628287315368652,
          "hz": 6832.70888123896
        },
        {
          "acoustic_entropy": 12.016189575195312,
          "acoustic_entropy_side": 12.691604614257812,
          "hz": 7499.796634079867
        },
        {
          "acoustic_entropy": 12.392642974853516,
          "acoustic_entropy_side": 12.88331127166748,
          "hz": 8225.96088609342
        },
        {
          "acoustic_entropy": 12.85394287109375,
          "acoustic_entropy_side": 12.76045036315918,
          "hz": 9016.43338188839
        },
        {
          "acoustic_entropy": 12.40954875946045,
          "acoustic_entropy_side": 12.898167610168457,
          "hz": 9876.909183162974
        },
        {
          "acoustic_entropy": 12.794659614562988,
          "acoustic_entropy_side": 12.804855346679688,
          "hz": 10813.587699516042
        },
        {
          "acoustic_entropy": 12.714062690734863,
          "acoustic_entropy_side": 12.85588264465332,
          "hz": 11833.21735289826
        },
        {
          "acoustic_entropy": 12.973527908325195,
          "acoustic_entropy_side": 12.902685165405273,
          "hz": 12943.144197493959
        },
        {
          "acoustic_entropy": 12.838242530822754,
          "acoustic_entropy_side": 12.681419372558594,
          "hz": 14151.364845322005
        },
        {
          "acoustic_entropy": 12.76229190826416,
          "acoustic_entropy_side": 12.8096342086792,
          "hz": 15466.58407886509
        },
        {
          "acoustic_entropy": 12.686406135559082,
          "acoustic_entropy_side": 12.760908126831055,
          "hz": 16898.27756580493
        },
        {
          "acoustic_entropy": 12.568580627441406,
          "acoustic_entropy_side": 12.690285682678223,
          "hz": 18456.760127700032
        },
        {
          "acoustic_entropy": 12.514162063598633,
          "acoustic_entropy_side": 12.694135665893555,
          "hz": 20153.260054456492
        },
        {
          "acoustic_entropy": 12.656115531921387,
          "acoustic_entropy_side": 12.770681381225586,
          "hz": 22000.00000000001
        }
      ],
      "diff_acoustic_entropy": 6.381049633026123,
      "sn": 6
    },
    {
      "acoustic_entropy": 16.70027732849121,
      "acoustic_entropy_mono": 15.592055320739746,
      "band_eliminated_acoustic_entropies": [
        {
          "acoustic_entropy": 16.47364616394043,
          "acoustic_entropy_side": 16.66865348815918,
          "hz": 129.47220167065723
        },
        {
          "acoustic_entropy": 16.74981689453125,
          "acoustic_entropy_side": 16.64507484436035,
          "hz": 202.92927478742237
        },
        {
          "acoustic_entropy": 17.624469757080078,
          "acoustic_entropy_side": 16.835468292236328,
          "hz": 282.89161906338205
        },
        {
          "acoustic_entropy": 16.814790725708008,
          "acoustic_entropy_side": 16.8698673248291,
          "hz": 369.9353335868758
        },
        {
          "acoustic_entropy": 17.228130340576172,
          "acoustic_entropy_side": 16.918853759765625,
          "hz": 464.6875360973435
        },
        {
          "acoustic_entropy": 16.93757438659668,
          "acoustic_entropy_side": 16.708511352539062,
          "hz": 567.8308811364784
        },
        {
          "acoustic_entropy": 16.911375045776367,
          "acoustic_entropy_side": 16.709056854248047,
          "hz": 680.1084783214808
        },
        {
          "acoustic_entropy": 16.964563369750977,
          "acoustic_entropy_side": 16.715715408325195,
          "hz": 802.3292461747484
        },
        {
          "acoustic_entropy": 16.58408546447754,
          "acoustic_entropy_side": 16.69621467590332,
          "hz": 935.3737400823702
        },
        {
          "acoustic_entropy": 16.292631149291992,
          "acoustic_entropy_side": 16.699918746948242,
          "hz": 1080.2004963696966
        },
        {
          "acoustic_entropy": 16.280696868896484,
          "acoustic_entropy_side": 16.704381942749023,
          "hz": 1237.8529382007157
        },
        {
          "acoustic_entropy": 16.45054817199707,
          "acoustic_entropy_side": 16.7244930267334,
          "hz": 1409.4668930556702
        },
        {
          "acoustic_entropy": 16.2722110748291,
          "acoustic_entropy_side": 16.70187759399414,
          "hz": 1596.2787759475705
        },
        {
          "acoustic_entropy": 16.40964698791504,
          "acoustic_entropy_side": 16.564910888671875,
          "hz": 1799.6344973346393
        },
        {
          "acoustic_entropy": 16.43003273010254,
          "acoustic_entropy_side": 16.54486846923828,
          "hz": 2020.9991599069049
        },
        {
          "acoustic_entropy": 16.60987091064453,
          "acoustic_entropy_side": 16.73984718322754,
          "hz": 2261.9676141086993
        },
        {
          "acoustic_entropy": 16.31298828125,
          "acoustic_entropy_side": 16.69582176208496,
          "hz": 2524.2759484456974
        },
        {
          "acoustic_entropy": 16.48029136657715,
          "acoustic_entropy_side": 16.699350357055664,
          "hz": 2809.813997359896
        },
        {
          "acoustic_entropy": 16.39663314819336,
          "acoustic_entropy_side": 16.55449676513672,
          "hz": 3120.6389567871424
        },
        {
          "acoustic_entropy": 16.57459831237793,
          "acoustic_entropy_side": 16.645122528076172,
          "hz": 3458.990205492291
        },
        {
          "acoustic_entropy": 16.714181900024414,
          "acoustic_entropy_side": 16.597082138061523,
          "hz": 3827.305438964164
        },
        {
          "acoustic_entropy": 16.908754348754883,
          "acoustic_entropy_side": 16.5865478515625,
          "hz": 4228.238232109126
        },
        {
          "acoustic_entropy": 16.265703201293945,
          "acoustic_entropy_side": 16.662761688232422,
          "hz": 4664.6771572759235
        },
        {
          "acoustic_entropy": 16.90589141845703,
          "acoustic_entropy_side": 16.74666976928711,
          "hz": 5139.766595350093
        },
        {
          "acoustic_entropy": 15.985020637512207,
          "acoustic_entropy_side": 15.983841896057129,
          "hz": 5656.929389854203
        },
        {
          "acoustic_entropy": 16.645450592041016,
          "acoustic_entropy_side": 16.238845825195312,
          "hz": 6219.891507268283
        },
        {
          "acoustic_entropy": 17.01589012145996,
          "acoustic_entropy_side": 16.697690963745117,
          "hz": 6832.70888123896
        },
        {
          "acoustic_entropy": 16.85614013671875,
          "acoustic_entropy_side": 16.995737075805664,
          "hz": 7499.796634079867
        },
        {
          "acoustic_entropy": 17.05799674987793,
          "acoustic_entropy_side": 16.81739616394043,
          "hz": 8225.96088609342
        },
        {
          "acoustic_entropy": 17.053518295288086,
          "acoustic_entropy_side": 16.890369415283203,
          "hz": 9016.43338188839
        },
        {
          "acoustic_entropy": 16.4876651763916,
          "acoustic_entropy_side": 16.6563777923584,
          "hz": 9876.909183162974
        },
        {
          "acoustic_entropy": 17.265316009521484,
          "acoustic_entropy_side": 16.86492156982422,
          "hz": 10813.587699516042
        },
        {
          "acoustic_entropy": 15.73778247833252,
          "acoustic_entropy_side": 16.08997917175293,
          "hz": 11833.21735289826
        },
        {
          "acoustic_entropy": 16.039342880249023,
          "acoustic_entropy_side": 16.096826553344727,
          "hz": 12943.144197493959
        },
        {
          "acoustic_entropy": 16.959535598754883,
          "acoustic_entropy_side": 16.91837501525879,
          "hz": 14151.364845322005
        },
        {
          "acoustic_entropy": 16.816112518310547,
          "acoustic_entropy_side": 16.704002380371094,
          "hz": 15466.58407886509
        },
        {
          "acoustic_entropy": 16.551820755004883,
          "acoustic_entropy_side": 16.87380599975586,
          "hz": 16898.27756580493
        },
        {
          "acoustic_entropy": 16.842174530029297,
          "acoustic_entropy_side": 16.798110961914062,
          "hz": 18456.760127700032
        },
        {
          "acoustic_entropy": 16.7513484954834,
          "acoustic_entropy_side": 16.75594711303711,
          "hz": 20153.260054456492
        },
        {
          "acoustic_entropy": 16.707855224609375,
          "acoustic_entropy_side": 16.732568740844727,
          "hz": 22000.00000000001
        }
      ],
      "diff_acoustic_entropy": 7.803402423858643,
      "sn": 12
    },
    {
      "acoustic_entropy": 22.729705810546875,
      "acoustic_entropy_mono": 21.04100227355957,
      "band_eliminated_acoustic_entropies": [
        {
          "acoustic_entropy": 22.9921932220459,
          "acoustic_entropy_side": 22.788986206054688,
          "hz": 129.47220167065723
        },
        {
          "acoustic_entropy": 23.30779266357422,
          "acoustic_entropy_side": 22.4897403717041,
          "hz": 202.92927478742237
        },
        {
          "acoustic_entropy": 24.279430389404297,
          "acoustic_entropy_side": 23.311803817749023,
          "hz": 282.89161906338205
        },
        {
          "acoustic_entropy": 23.181867599487305,
          "acoustic_entropy_side": 23.6365909576416,
          "hz": 369.9353335868758
        },
        {
          "acoustic_entropy": 23.861242294311523,
          "acoustic_entropy_side": 23.52748680114746,
          "hz": 464.6875360973435
        },
        {
          "acoustic_entropy": 22.548921585083008,
          "acoustic_entropy_side": 22.8750057220459,
          "hz": 567.8308811364784
        },
        {
          "acoustic_entropy": 23.203046798706055,
          "acoustic_entropy_side": 22.839008331298828,
          "hz": 680.1084783214808
        },
        {
          "acoustic_entropy": 22.65300941467285,
          "acoustic_entropy_side": 22.3951358795166,
          "hz": 802.3292461747484
        },
        {
          "acoustic_entropy": 22.49209976196289,
          "acoustic_entropy_side": 22.631662368774414,
          "hz": 935.3737400823702
        },
        {
          "acoustic_entropy": 22.571075439453125,
          "acoustic_entropy_side": 22.73621368408203,
          "hz": 1080.2004963696966
        },
        {
          "acoustic_entropy": 22.561614990234375,
          "acoustic_entropy_side": 22.632150650024414,
          "hz": 1237.8529382007157
        },
        {
          "acoustic_entropy": 22.366666793823242,
          "acoustic_entropy_side": 22.615821838378906,
          "hz": 1409.4668930556702
        },
        {
          "acoustic_entropy": 22.908151626586914,
          "acoustic_entropy_side": 22.658662796020508,
          "hz": 1596.2787759475705
        },
        {
          "acoustic_entropy": 22.175382614135742,
          "acoustic_entropy_side": 22.721513748168945,
          "hz": 1799.6344973346393
        },
        {
          "acoustic_entropy": 22.647769927978516,
          "acoustic_entropy_side": 22.882965087890625,
          "hz": 2020.9991599069049
        },
        {
          "acoustic_entropy": 22.48271942138672,
          "acoustic_entropy_side": 22.604150772094727,
          "hz": 2261.9676141086993
        },
        {
          "acoustic_entropy": 23.36901092529297,
          "acoustic_entropy_side": 23.026865005493164,
          "hz": 2524.2759484456974
        },
        {
          "acoustic_entropy": 22.59004783630371,
          "acoustic_entropy_side": 22.622203826904297,
          "hz": 2809.813997359896
        },
        {
          "acoustic_entropy": 22.891193389892578,
