{
  "acoustic_entropy": 121.41215515136719,
  "bands": [
    {
      "high_freq": 148.1999969482422,
      "loudness": -35.50481033325195,
      "loudness_range": 18.530807495117188,
      "mid_mean": -31.865819931030273,
      "mid_to_side_loudness": -35.30538558959961,
      "mid_to_side_loudness_range": 24.986215591430664,
      "side_mean": -65.88592529296875
    },
    {
      "high_freq": 392.3793640136719,
      "loudness": -34.974830627441406,
      "loudness_range": 19.51519775390625,
      "low_freq": 148.1999969482422,
      "mid_mean": -31.394874572753906,
      "mid_to_side_loudness": -18.275161743164062,
      "mid_to_side_loudness_range": 17.403541564941406,
      "side_mean": -51.452999114990234
    },
    {
      "high_freq": 794.6976318359375,
      "loudness": -35.51991271972656,
      "loudness_range": 22.283533096313477,
      "low_freq": 392.3793640136719,
      "mid_mean": -32.21711349487305,
      "mid_to_side_loudness": -18.045480728149414,
      "mid_to_side_loudness_range": 21.347911834716797,
      "side_mean": -53.016605377197266
    },
    {
      "high_freq": 1457.5709228515625,
      "loudness": -41.22528076171875,
      "loudness_range": 23.34832191467285,
      "low_freq": 794.6976318359375,
      "mid_mean": -38.09545135498047,
      "mid_to_side_loudness": -16.58704948425293,
      "mid_to_side_loudness_range": 25.007705688476562,
      "side_mean": -56.725685119628906
    },
    {
      "high_freq": 2549.74365234375,
      "loudness": -43.19715118408203,
      "loudness_range": 27.067188262939453,
      "low_freq": 1457.5709228515625,
      "mid_mean": -40.209407806396484,
      "mid_to_side_loudness": -17.163393020629883,
      "mid_to_side_loudness_range": 25.147375106811523,
      "side_mean": -58.74932861328125
    },
    {
      "high_freq": 4349.24462890625,
      "loudness": -44.753421783447266,
      "loudness_range": 38.74753952026367,
      "low_freq": 2549.74365234375,
      "mid_mean": -45.91497802734375,
      "mid_to_side_loudness": -18.57868766784668,
      "mid_to_side_loudness_range": 27.209877014160156,
      "side_mean": -61.42525100708008
    },
    {
      "high_freq": 7314.1640625,
      "loudness": -46.691307067871094,
      "loudness_range": 26.66543960571289,
      "low_freq": 4349.24462890625,
      "mid_mean": -56.04001235961914,
      "mid_to_side_loudness": -21.479110717773438,
      "mid_to_side_loudness_range": 31.203693389892578,
      "side_mean": -67.42504119873047
    },
    {
      "high_freq": 12199.2666015625,
      "loudness": -55.0523796081543,
      "loudness_range": 25.670761108398438,
      "low_freq": 7314.1640625,
      "mid_mean": -60.93253707885742,
      "mid_to_side_loudness": -22.65151023864746,
      "mid_to_side_loudness_range": 28.733171463012695,
      "side_mean": -69.67736053466797
    },
    {
      "loudness": -68.30682373046875,
      "loudness_range": 25.007022857666016,
      "low_freq": 12199.2666015625,
      "mid_mean": -66.6378402709961,
      "mid_to_side_loudness": -20.919103622436523,
      "mid_to_side_loudness_range": 23.654794692993164,
      "side_mean": -69.98853302001953
    }
  ],
  "bands_short": [
    {
      "high_freq": 148.1999969482422,
      "loudness": -39.25841522216797,
      "loudness_range": 26.651832580566406,
      "mid_mean": -35.92743682861328,
      "mid_to_side_loudness": -33.51545333862305,
      "mid_to_side_loudness_range": 28.96670913696289,
      "side_mean": -66.82577514648438
    },
    {
      "high_freq": 392.3793640136719,
      "loudness": -35.12853240966797,
      "loudness_range": 19.462705612182617,
      "low_freq": 148.1999969482422,
      "mid_mean": -31.638652801513672,
      "mid_to_side_loudness": -18.31629180908203,
      "mid_to_side_loudness_range": 21.55042266845703,
      "side_mean": -52.541072845458984
    },
    {
      "high_freq": 794.6976318359375,
      "loudness": -36.334232330322266,
      "loudness_range": 25.007335662841797,
      "low_freq": 392.3793640136719,
      "mid_mean": -33.42483139038086,
      "mid_to_side_loudness": -16.599227905273438,
      "mid_to_side_loudness_range": 23.527099609375,
      "side_mean": -53.71183395385742
    },
    {
      "high_freq": 1457.5709228515625,
      "loudness": -41.876495361328125,
      "loudness_range": 25.038522720336914,
      "low_freq": 794.6976318359375,
      "mid_mean": -39.251564025878906,
      "mid_to_side_loudness": -14.652192115783691,
      "mid_to_side_loudness_range": 26.25306510925293,
      "side_mean": -57.102169036865234
    },
    {
      "high_freq": 2549.74365234375,
      "loudness": -44.68906784057617,
      "loudness_range": 28.531736373901367,
      "low_freq": 1457.5709228515625,
      "mid_mean": -42.24399185180664,
      "mid_to_side_loudness": -14.60915470123291,
      "mid_to_side_loudness_range": 26.250301361083984,
      "side_mean": -59.30622863769531
    },
    {
      "high_freq": 4349.24462890625,
      "loudness": -47.22319030761719,
      "loudness_range": 39.957542419433594,
      "low_freq": 2549.74365234375,
      "mid_mean": -51.009910583496094,
      "mid_to_side_loudness": -15.389053344726562,
      "mid_to_side_loudness_range": 27.820039749145508,
      "side_mean": -61.91155242919922
    },
    {
      "high_freq": 7314.1640625,
      "loudness": -51.614662170410156,
      "loudness_range": 34.63135528564453,
      "low_freq": 4349.24462890625,
      "mid_mean": -58.70823669433594,
      "mid_to_side_loudness": -17.32537078857422,
      "mid_to_side_loudness_range": 29.449573516845703,
      "side_mean": -67.59027862548828
    },
    {
      "high_freq": 12199.2666015625,
      "loudness": -57.364776611328125,
      "loudness_range": 30.448993682861328,
      "low_freq": 7314.1640625,
      "mid_mean": -63.23970031738281,
      "mid_to_side_loudness": -17.94979476928711,
      "mid_to_side_loudness_range": 29.101028442382812,
      "side_mean": -69.68575286865234
    },
    {
      "loudness": -67.06690979003906,
      "loudness_range": 25.567523956298828,
      "low_freq": 12199.2666015625,
      "mid_mean": -67.49225616455078,
      "mid_to_side_loudness": -17.33637046813965,
      "mid_to_side_loudness_range": 21.15465545654297,
      "side_mean": -69.9884262084961
    }
  ],
  "bandwidth": 574.2243041992188,
  "channels": 2,
  "covariance": [
    [
      48.95861053466797,
      6.245450019836426,
      19.398324966430664,
      7.607608795166016,
      15.029787063598633,
      13.386073112487793,
      14.18455982208252,
      14.009971618652344,
      19.165090560913086,
      14.69532299041748,
      25.835840225219727,
      14.505931854248047,
      20.963523864746094,
      4.698081016540527,
      15.258808135986328,
      0.6497848629951477,
      7.982994079589844,
      0.014286667108535767
    ],
    [
      6.245450019836426,
      11.235034942626953,
      9.644571304321289,
      14.486306190490723,
      8.423578262329102,
      14.897016525268555,
      8.846245765686035,
      12.139888763427734,
      7.968024730682373,
      10.33554744720459,
      10.963427543640137,
      6.7191057205200195,
      11.737323760986328,
      2.1407699584960938,
      7.580257892608643,
      0.25479111075401306,
      2.574918508529663,
      0.005816658027470112
    ],
    [
      19.398324966430664,
      9.644571304321289,
      46.15553665161133,
      34.60798645019531,
      39.163299560546875,
      33.78599166870117,
      38.96062469482422,
      26.406749725341797,
      41.55986404418945,
      25.375577926635742,
      54.061317443847656,
      21.351552963256836,
      50.99260330200195,
      8.584568977355957,
      36.14122772216797,
      1.3254773616790771,
      15.520830154418945,
      0.03143956512212753
    ],
    [
      7.607608795166016,
      14.486306190490723,
      34.60798645019531,
      73.38954162597656,
      33.02037048339844,
      65.23116302490234,
      35.53363037109375,
      53.90451431274414,
      35.803138732910156,
      48.744140625,
      58.233802795410156,
      40.47573471069336,
      65.3996353149414,
      14.450565338134766,
      44.02922058105469,
      1.9622341394424438,
      17.336679458618164,
      0.04089080169796944
    ],
    [
      15.029787063598633,
      8.423578262329102,
      39.163299560546875,
      33.02037048339844,
      70.23612213134766,
      44.963993072509766,
      59.97954177856445,
      32.50798416137695,
      65.721435546875,
      34.42441940307617,
      71.98027038574219,
      29.59755516052246,
      64.9776611328125,
      13.026413917541504,
      47.68968963623047,
      2.070120096206665,
      22.817432403564453,
      0.045484937727451324
    ],
    [
      13.386073112487793,
      14.897016525268555,
      33.78599166870117,
      65.23116302490234,
      44.963993072509766,
      78.11991119384766,
      42.505802154541016,
      61.680213928222656,
      48.49445343017578,
      59.86579513549805,
      75.10952758789062,
      51.13069534301758,
      76.02125549316406,
      18.906444549560547,
      52.015342712402344,
      2.5850625038146973,
      21.8469181060791,
      0.05568816885352135
    ],
    [
      14.18455982208252,
      8.846245765686035,
      38.96062469482422,
      35.53363037109375,
      59.97954177856445,
      42.505802154541016,
      78.6903305053711,
      44.97692108154297,
      79.91094970703125,
      45.319759368896484,
      106.24774169921875,
      46.2089729309082,
      95.22533416748047,
      19.0871639251709,
      70.6488265991211,
      3.0820999145507812,
      32.813804626464844,
      0.06890784949064255
    ],
    [
      14.009971618652344,
      12.139888763427734,
      26.406749725341797,
      53.90451431274414,
      32.50798416137695,
      61.680213928222656,
      44.97692108154297,
      66.2727279663086,
      48.24068069458008,
      60.900360107421875,
      85.84817504882812,
      59.21585464477539,
      81.23912811279297,
      21.905349731445312,
      57.02116775512695,
      3.1222028732299805,
      25.24749755859375,
      0.06664404273033142
    ],
    [
      19.165090560913086,
      7.968024730682373,
      41.55986404418945,
      35.803138732910156,
      65.721435546875,
      48.49445343017578,
      79.91094970703125,
      48.24068069458008,
      103.10614776611328,
      56.79946517944336,
      136.057373046875,
      61.22682189941406,
      122.60297393798828,
      24.86553192138672,
      91.9345703125,
      3.801847457885742,
      41.68088912963867,
      0.08157660067081451
    ],
    [
      14.69532299041748,
      10.33554744720459,
      25.375577926635742,
      48.744140625,
      34.42441940307617,
      59.86579513549805,
      45.319759368896484,
      60.900360107421875,
      56.79946517944336,
      65.56281280517578,
      99.1637954711914,
      64.92218780517578,
      90.17568969726562,
      24.375181198120117,
      63.61974334716797,
      3.4079675674438477,
      27.681596755981445,
      0.07080783694982529
    ],
    [
      25.835840225219727,
      10.963427543640137,
      54.061317443847656,
      58.233802795410156,
      71.98027038574219,
      75.10952758789062,
      106.24774169921875,
      85.84817504882812,
      136.057373046875,
      99.1637954711914,
      251.580810546875,
      120.84712219238281,
      221.43736267089844,
      45.33554458618164,
      163.11312866210938,
      6.5094194412231445,
      69.22360229492188,
      0.1362285166978836
    ],
    [
      14.505931854248047,
      6.7191057205200195,
      21.351552963256836,
      40.47573471069336,
      29.59755516052246,
      51.13069534301758,
      46.2089729309082,
      59.21585464477539,
      61.22682189941406,
      64.92218780517578,
      120.84712219238281,
      79.29904174804688,
      107.80042266845703,
      29.98509979248047,
      78.4961929321289,
      4.192159175872803,
      34.27141189575195,
      0.08509323745965958
    ],
    [
      20.963523864746094,
      11.737323760986328,
      50.99260330200195,
      65.3996353149414,
      64.9776611328125,
      76.02125549316406,
      95.22533416748047,
      81.23912811279297,
      122.60297393798828,
      90.17568969726562,
      221.43736267089844,
      107.80042266845703,
      204.03372192382812,
      40.990928649902344,
      151.61964416503906,
      5.9865217208862305,
      64.52326202392578,
      0.12874509394168854
    ],
    [
      4.698081016540527,
      2.1407699584960938,
      8.584568977355957,
      14.450565338134766,
      13.026413917541504,
      18.906444549560547,
      19.0871639251709,
      21.905349731445312,
      24.86553192138672,
      24.375181198120117,
      45.33554458618164,
      29.98509979248047,
      40.990928649902344,
      13.7608060836792,
      31.1491641998291,
      2.137758731842041,
      14.821816444396973,
      0.04412984848022461
    ],
    [
      15.258808135986328,
      7.580257892608643,
      36.14122772216797,
      44.02922058105469,
      47.68968963623047,
      52.015342712402344,
      70.6488265991211,
      57.02116775512695,
      91.9345703125,
      63.61974334716797,
      163.11312866210938,
      78.4961929321289,
      151.61964416503906,
      31.1491641998291,
      118.04059600830078,
      4.872035503387451,
      53.09307861328125,
      0.10722392797470093
    ],
    [
      0.6497848629951477,
      0.25479111075401306,
      1.3254773616790771,
      1.9622341394424438,
      2.070120096206665,
      2.5850625038146973,
      3.0820999145507812,
      3.1222028732299805,
      3.801847457885742,
      3.4079675674438477,
      6.5094194412231445,
      4.192159175872803,
      5.9865217208862305,
      2.137758731842041,
      4.872035503387451,
      0.4630739986896515,
      2.6654272079467773,
      0.011242836713790894
    ],
    [
      7.982994079589844,
      2.574918508529663,
      15.520830154418945,
      17.336679458618164,
      22.817432403564453,
      21.8469181060791,
      32.813804626464844,
      25.24749755859375,
      41.68088912963867,
      27.681596755981445,
      69.22360229492188,
      34.27141189575195,
      64.52326202392578,
      14.821816444396973,
      53.09307861328125,
      2.6654272079467773,
      28.34633445739746,
      0.06553982943296432
    ],
    [
      0.014286667108535767,
      0.005816658027470112,
      0.03143956512212753,
      0.04089080169796944,
      0.045484937727451324,
      0.05568816885352135,
      0.06890784949064255,
      0.06664404273033142,
      0.08157660067081451,
      0.07080783694982529,
      0.1362285166978836,
      0.08509323745965958,
      0.12874509394168854,
      0.04412984848022461,
      0.10722392797470093,
      0.011242836713790894,
      0.06553982943296432,
      0.00041343586053699255
    ]
  ],
  "covariance_short": [
    [
      87.83650207519531,
      8.256155014038086,
      31.247272491455078,
      9.215007781982422,
      20.864648818969727,
      16.075212478637695,
      16.730907440185547,
      15.07316780090332,
      23.882593154907227,
      16.239850997924805,
      34.336490631103516,
      17.255189895629883,
      23.117889404296875,
      5.380415916442871,
      16.578174591064453,
      0.7981094121932983,
      8.225578308105469,
      0.0174627173691988
    ],
    [
      8.256155014038086,
      9.448351860046387,
      7.379724502563477,
      11.492612838745117,
      6.793910503387451,
      12.437834739685059,
      6.25189208984375,
      9.255383491516113,
      6.09469747543335,
      7.965001106262207,
      12.026540756225586,
      5.122023105621338,
      7.442190170288086,
      1.7447383403778076,
      4.255898475646973,
      0.20349422097206116,
      1.1613472700119019,
      0.003895169822499156
    ],
    [
      31.247272491455078,
      7.379724502563477,
      49.75742721557617,
      27.658748626708984,
      42.90861511230469,
      29.549734115600586,
      39.60530471801758,
      21.14431381225586,
      44.366886138916016,
      20.309404373168945,
      59.94468688964844,
      16.675527572631836,
      46.1780891418457,
      6.086648941040039,
      31.033496856689453,
      0.9664583206176758,
      12.450544357299805,
      0.02321549318730831
    ],
    [
      9.215007781982422,
      11.492612838745117,
      27.658748626708984,
      80.18984985351562,
      34.19298553466797,
      70.7086410522461,
      32.11354446411133,
      55.48112869262695,
      33.706642150878906,
      49.21861267089844,
      79.64686584472656,
      39.31132888793945,
      53.688446044921875,
      14.149843215942383,
      33.17231750488281,
      2.0248754024505615,
      12.513559341430664,
      0.04158609360456467
    ],
    [
      20.864648818969727,
      6.793910503387451,
      42.90861511230469,
      34.19298553466797,
      92.16157531738281,
      47.008148193359375,
      73.6114273071289,
      32.05302810668945,
      80.2002182006836,
      33.12553405761719,
      90.98273468017578,
      27.071779251098633,
      74.21553039550781,
      12.04825496673584,
      52.072574615478516,
      2.090181589126587,
      23.902297973632812,
      0.05204670876264572
    ],
    [
      16.075212478637695,
      12.437834739685059,
      29.549734115600586,
      70.7086410522461,
      47.008148193359375,
      88.13153839111328,
      42.70028305053711,
      65.81694030761719,
      49.33469772338867,
      62.272125244140625,
      97.22293853759766,
      51.936370849609375,
      66.88011169433594,
      18.921985626220703,
      41.545841217041016,
      2.6958322525024414,
      16.54012107849121,
      0.06081092357635498
    ],
    [
      16.730907440185547,
      6.25189208984375,
      39.60530471801758,
      32.11354446411133,
      73.6114273071289,
      42.70028305053711,
      95.91496276855469,
      39.77426528930664,
      93.84700775146484,
      39.41716384887695,
      116.1562271118164,
      38.596744537353516,
      98.09406280517578,
      16.7260799407959,
      70.53739166259766,
      3.011012077331543,
      32.57585144042969,
      0.0744546428322792
    ],
    [
      15.07316780090332,
      9.255383491516113,
      21.14431381225586,
      55.48112869262695,
      32.05302810668945,
      65.81694030761719,
      39.77426528930664,
      69.39779663085938,
      44.78948211669922,
      60.921199798583984,
      97.14646911621094,
      58.480987548828125,
      67.834716796875,
      21.6085147857666,
      43.21299362182617,
      3.1928584575653076,
      18.712465286254883,
      0.06772732734680176
    ],
    [
      23.882593154907227,
      6.09469747543335,
      44.366886138916016,
      33.706642150878906,
      80.2002182006836,
      49.33469772338867,
      93.84700775146484,
      44.78948211669922,
      120.916748046875,
      52.120967864990234,
      146.72879028320312,
      53.619144439697266,
      125.8165512084961,
      22.302499771118164,
      90.96295928955078,
      3.7519211769104004,
      41.39295196533203,
      0.08888743817806244
    ],
    [
      16.239850997924805,
      7.965001106262207,
      20.309404373168945,
      49.21861267089844,
      33.12553405761719,
      62.272125244140625,
      39.41716384887695,
      60.921199798583984,
      52.120967864990234,
      66.5644760131836,
      103.73080444335938,
      63.91890335083008,
      75.7227783203125,
      23.964006423950195,
      48.585872650146484,
      3.475341558456421,
      20.436681747436523,
      0.07292913645505905
    ],
    [
      34.336490631103516,
      12.026540756225586,
      59.94468688964844,
      79.64686584472656,
      90.98273468017578,
      97.22293853759766,
      116.1562271118164,
      97.14646911621094,
      146.72879028320312,
      103.73080444335938,
      263.23162841796875,
      115.4052963256836,
      212.24668884277344,
      42.447330474853516,
      147.64857482910156,
      6.460199356079102,
      62.951133728027344,
      0.14862298965454102
    ],
    [
      17.255189895629883,
      5.122023105621338,
      16.675527572631836,
      39.31132888793945,
      27.071779251098633,
      51.936370849609375,
      38.596744537353516,
      58.480987548828125,
      53.619144439697266,
      63.91890335083008,
      115.4052963256836,
      79.21316528320312,
      88.69940185546875,
      29.771617889404297,
      58.62202453613281,
      4.339443683624268,
      25.166471481323242,
      0.08811435103416443
    ],
    [
      23.117889404296875,
      7.442190170288086,
      46.1780891418457,
      53.688446044921875,
      74.21553039550781,
      66.88011169433594,
      98.09406280517578,
      67.834716796875,
      125.8165512084961,
      75.7227783203125,
      212.24668884277344,
      88.69940185546875,
      184.4413604736328,
      34.43967819213867,
      133.8053741455078,
      5.5911359786987305,
      58.47499084472656,
      0.13172180950641632
    ],
    [
      5.380415916442871,
      1.7447383403778076,
      6.086648941040039,
      14.149843215942383,
      12.04825496673584,
      18.921985626220703,
      16.7260799407959,
      21.6085147857666,
      22.302499771118164,
      23.964006423950195,
      42.447330474853516,
      29.771617889404297,
      34.43967819213867,
      14.215265274047852,
      23.9383602142334,
      2.256014108657837,
      11.01978588104248,
      0.046956565231084824
    ],
    [
      16.578174591064453,
      4.255898475646973,
      31.033496856689453,
      33.17231750488281,
      52.072574615478516,
      41.545841217041016,
      70.53739166259766,
      43.21299362182617,
      90.96295928955078,
      48.585872650146484,
      147.64857482910156,
      58.62202453613281,
      133.8053741455078,
      23.9383602142334,
      104.26545715332031,
      4.276073455810547,
      48.546958923339844,
      0.10586655139923096
    ],
    [
      0.7981094121932983,
      0.20349422097206116,
      0.9664583206176758,
      2.0248754024505615,
      2.090181589126587,
      2.6958322525024414,
      3.011012077331543,
      3.1928584575653076,
      3.7519211769104004,
      3.475341558456421,
      6.460199356079102,
      4.339443683624268,
      5.5911359786987305,
      2.256014108657837,
      4.276073455810547,
      0.5486939549446106,
      2.258841037750244,
      0.013157419860363007
    ],
    [
      8.225578308105469,
      1.1613472700119019,
      12.450544357299805,
      12.513559341430664,
      23.902297973632812,
      16.54012107849121,
      32.57585144042969,
      18.712465286254883,
      41.39295196533203,
      20.436681747436523,
      62.951133728027344,
      25.166471481323242,
      58.47499084472656,
      11.01978588104248,
      48.546958923339844,
      2.258841037750244,
      26.511619567871094,
      0.060524266213178635
    ],
    [
      0.0174627173691988,
      0.003895169822499156,
      0.02321549318730831,
      0.04158609360456467,
      0.05204670876264572,
      0.06081092357635498,
      0.0744546428322792,
      0.06772732734680176,
      0.08888743817806244,
      0.07292913645505905,
      0.14862298965454102,
      0.08811435103416443,
      0.13172180950641632,
      0.046956565231084824,
      0.10586655139923096,
      0.013157419860363007,
      0.060524266213178635,
      0.0007069411221891642
    ]
  ],
  "damage": -17.278406143188477,
  "diff_bandwidth": 596.394775390625,
  "dissonance": 4.585915669501813,
  "drr": 10.81640338897705,
  "dynamics": 5.4722466468811035,
  "format": 1245190,
  "frames": 7124928,
  "loudness": -23.99745750427246,
  "loudness_range": 17.014400482177734,
  "loudness_range_short": 20.509801864624023,
  "lowpass_true_peak_15khz": -1.5785223245620728,
  "mastering3_acoustic_entropies": [
    {
      "acoustic_entropy": 6.195720672607422,
      "acoustic_entropy_mono": 6.165740013122559,
      "band_eliminated_acoustic_entropies": [
        {
          "acoustic_entropy": 7.0040059089660645,
          "acoustic_entropy_side": 6.195720195770264,
          "hz": 129.47220167065723
        },
        {
          "acoustic_entropy": 6.478490829467773,
          "acoustic_entropy_side": 6.19573450088501,
          "hz": 202.92927478742237
        },
        {
          "acoustic_entropy": 6.755660533905029,
          "acoustic_entropy_side": 6.196752071380615,
          "hz": 282.89161906338205
        },
        {
          "acoustic_entropy": 7.1272993087768555,
          "acoustic_entropy_side": 6.206981182098389,
          "hz": 369.9353335868758
        },
        {
          "acoustic_entropy": 6.132436752319336,
          "acoustic_entropy_side": 6.179903030395508,
          "hz": 464.6875360973435
        },
        {
          "acoustic_entropy": 6.9318647384643555,
          "acoustic_entropy_side": 6.224031925201416,
          "hz": 567.8308811364784
        },
        {
          "acoustic_entropy": 6.491063117980957,
          "acoustic_entropy_side": 6.188934326171875,
          "hz": 680.1084783214808
        },
        {
          "acoustic_entropy": 7.471484661102295,
          "acoustic_entropy_side": 6.236210346221924,
          "hz": 802.3292461747484
        },
        {
          "acoustic_entropy": 6.040689945220947,
          "acoustic_entropy_side": 6.206210613250732,
          "hz": 935.3737400823702
        },
        {
          "acoustic_entropy": 6.347139358520508,
          "acoustic_entropy_side": 6.19337272644043,
          "hz": 1080.2004963696966
        },
        {
          "acoustic_entropy": 6.582658767700195,
          "acoustic_entropy_side": 6.20588493347168,
          "hz": 1237.8529382007157
        },
        {
          "acoustic_entropy": 6.53494930267334,
          "acoustic_entropy_side": 6.18916130065918,
          "hz": 1409.4668930556702
        },
        {
          "acoustic_entropy": 6.498227596282959,
          "acoustic_entropy_side": 6.18930721282959,
          "hz": 1596.2787759475705
        },
        {
          "acoustic_entropy": 6.886813640594482,
          "acoustic_entropy_side": 6.2008748054504395,
          "hz": 1799.6344973346393
        },
        {
          "acoustic_entropy": 6.219106674194336,
          "acoustic_entropy_side": 6.193478107452393,
          "hz": 2020.9991599069049
        },
        {
          "acoustic_entropy": 6.255833625793457,
          "acoustic_entropy_side": 6.196949481964111,
          "hz": 2261.9676141086993
        },
        {
          "acoustic_entropy": 6.216118812561035,
          "acoustic_entropy_side": 6.195731163024902,
          "hz": 2524.2759484456974
        },
        {
          "acoustic_entropy": 6.113699436187744,
          "acoustic_entropy_side": 6.196730136871338,
          "hz": 2809.813997359896
        },
        {
          "acoustic_entropy": 6.054640293121338,
          "acoustic_entropy_side": 6.196016788482666,
          "hz": 3120.6389567871424
        },
        {
          "acoustic_entropy": 6.09027099609375,
          "acoustic_entropy_side": 6.1946120262146,
          "hz": 3458.990205492291
        },
        {
          "acoustic_entropy": 6.323529243469238,
          "acoustic_entropy_side": 6.194180965423584,
          "hz": 3827.305438964164
        },
        {
          "acoustic_entropy": 6.149809837341309,
          "acoustic_entropy_side": 6.194864273071289,
          "hz": 4228.238232109126
        },
        {
          "acoustic_entropy": 6.122237205505371,
          "acoustic_entropy_side": 6.195770740509033,
          "hz": 4664.6771572759235
        },
        {
          "acoustic_entropy": 6.140242099761963,
          "acoustic_entropy_side": 6.195741653442383,
          "hz": 5139.766595350093
        },
        {
          "acoustic_entropy": 6.182830333709717,
          "acoustic_entropy_side": 6.195723533630371,
          "hz": 5656.929389854203
        },
        {
          "acoustic_entropy": 6.241362571716309,
          "acoustic_entropy_side": 6.195720672607422,
          "hz": 6219.891507268283
        },
        {
          "acoustic_entropy": 6.216537952423096,
          "acoustic_entropy_side": 6.195720672607422,
          "hz": 6832.70888123896
        },
        {
          "acoustic_entropy": 6.190654754638672,
          "acoustic_entropy_side": 6.195720672607422,
          "hz": 7499.796634079867
        },
        {
          "acoustic_entropy": 6.189093589782715,
          "acoustic_entropy_side": 6.195720195770264,
          "hz": 8225.96088609342
        },
        {
          "acoustic_entropy": 6.186208724975586,
          "acoustic_entropy_side": 6.195720195770264,
          "hz": 9016.43338188839
        },
        {
          "acoustic_entropy": 6.196751594543457,
          "acoustic_entropy_side": 6.195720672607422,
          "hz": 9876.909183162974
        },
        {
          "acoustic_entropy": 6.1984734535217285,
          "acoustic_entropy_side": 6.195720672607422,
          "hz": 10813.587699516042
        },
        {
          "acoustic_entropy": 6.19271993637085,
          "acoustic_entropy_side": 6.195720672607422,
          "hz": 11833.21735289826
        },
        {
          "acoustic_entropy": 6.194132328033447,
          "acoustic_entropy_side": 6.195720672607422,
          "hz": 12943.144197493959
        },
        {
          "acoustic_entropy": 6.193570613861084,
          "acoustic_entropy_side": 6.195720672607422,
          "hz": 14151.364845322005
        },
        {
          "acoustic_entropy": 6.1946892738342285,
          "acoustic_entropy_side": 6.195720672607422,
          "hz": 15466.58407886509
        },
        {
          "acoustic_entropy": 6.195427894592285,
          "acoustic_entropy_side": 6.195720672607422,
          "hz": 16898.27756580493
        },
        {
          "acoustic_entropy": 6.1955718994140625,
          "acoustic_entropy_side": 6.195720672607422,
          "hz": 18456.760127700032
        },
        {
          "acoustic_entropy": 6.195687770843506,
          "acoustic_entropy_side": 6.195720672607422,
          "hz": 20153.260054456492
        },
        {
          "acoustic_entropy": 6.195719242095947,
          "acoustic_entropy_side": 6.195720672607422,
          "hz": 22000.00000000001
        }
      ],
      "diff_acoustic_entropy": 6.321295261383057,
      "sn": 6
    },
    {
      "acoustic_entropy": 10.093006134033203,
      "acoustic_entropy_mono": 9.998052597045898,
      "band_eliminated_acoustic_entropies": [
        {
          "acoustic_entropy": 10.255961418151855,
          "acoustic_entropy_side": 10.093009948730469,
          "hz": 129.47220167065723
        },
        {
          "acoustic_entropy": 10.6830415725708,
          "acoustic_entropy_side": 10.093170166015625,
          "hz": 202.92927478742237
        },
        {
          "acoustic_entropy": 10.405465126037598,
          "acoustic_entropy_side": 10.098252296447754,
          "hz": 282.89161906338205
        },
        {
          "acoustic_entropy": 11.271759033203125,
          "acoustic_entropy_side": 10.112489700317383,
          "hz": 369.9353335868758
        },
        {
          "acoustic_entropy": 9.541451454162598,
          "acoustic_entropy_side": 10.04249382019043,
          "hz": 464.6875360973435
        },
        {
          "acoustic_entropy": 10.26020336151123,
          "acoustic_entropy_side": 10.03980541229248,
          "hz": 567.8308811364784
        },
        {
          "acoustic_entropy": 10.094789505004883,
          "acoustic_entropy_side": 10.051183700561523,
          "hz": 680.1084783214808
        },
        {
          "acoustic_entropy": 10.644356727600098,
          "acoustic_entropy_side": 10.09913158416748,
          "hz": 802.3292461747484
        },
        {
          "acoustic_entropy": 9.684890747070312,
          "acoustic_entropy_side": 10.060735702514648,
          "hz": 935.3737400823702
        },
        {
          "acoustic_entropy": 10.118797302246094,
          "acoustic_entropy_side": 10.0729398727417,
          "hz": 1080.2004963696966
        },
        {
          "acoustic_entropy": 10.114764213562012,
          "acoustic_entropy_side": 10.01644515991211,
          "hz": 1237.8529382007157
        },
        {
          "acoustic_entropy": 10.283522605895996,
          "acoustic_entropy_side": 10.056146621704102,
          "hz": 1409.4668930556702
        },
        {
          "acoustic_entropy": 10.316312789916992,
          "acoustic_entropy_side": 10.011373519897461,
          "hz": 1596.2787759475705
        },
        {
          "acoustic_entropy": 10.197720527648926,
          "acoustic_entropy_side": 10.052934646606445,
          "hz": 1799.6344973346393
        },
        {
          "acoustic_entropy": 9.930046081542969,
          "acoustic_entropy_side": 10.026260375976562,
          "hz": 2020.9991599069049
        },
        {
          "acoustic_entropy": 10.269078254699707,
          "acoustic_entropy_side": 10.081307411193848,
          "hz": 2261.9676141086993
        },
        {
          "acoustic_entropy": 10.043142318725586,
          "acoustic_entropy_side": 10.085022926330566,
          "hz": 2524.2759484456974
        },
        {
          "acoustic_entropy": 10.072614669799805,
          "acoustic_entropy_side": 10.080720901489258,
          "hz": 2809.813997359896
        },
        {
          "acoustic_entropy": 10.0763578414917,
          "acoustic_entropy_side": 10.063068389892578,
          "hz": 3120.6389567871424
        },
        {
          "acoustic_entropy": 10.01688003540039,
          "acoustic_entropy_side": 10.074724197387695,
          "hz": 3458.990205492291
        },
        {
          "acoustic_entropy": 10.10338306427002,
          "acoustic_entropy_side": 10.084006309509277,
          "hz": 3827.305438964164
        },
        {
          "acoustic_entropy": 10.04375171661377,
          "acoustic_entropy_side": 10.085759162902832,
          "hz": 4228.238232109126
        },
        {
          "acoustic_entropy": 10.173981666564941,
          "acoustic_entropy_side": 10.089500427246094,
          "hz": 4664.6771572759235
        },
        {
          "acoustic_entropy": 10.318537712097168,
          "acoustic_entropy_side": 10.092516899108887,
          "hz": 5139.766595350093
        },
        {
          "acoustic_entropy": 10.158822059631348,
          "acoustic_entropy_side": 10.09296703338623,
          "hz": 5656.929389854203
        },
        {
          "acoustic_entropy": 10.073716163635254,
          "acoustic_entropy_side": 10.092998504638672,
          "hz": 6219.891507268283
        },
        {
          "acoustic_entropy": 10.1260404586792,
          "acoustic_entropy_side": 10.09298324584961,
          "hz": 6832.70888123896
        },
        {
          "acoustic_entropy": 10.290419578552246,
          "acoustic_entropy_side": 10.092989921569824,
          "hz": 7499.796634079867
        },
        {
          "acoustic_entropy": 10.367927551269531,
          "acoustic_entropy_side": 10.093000411987305,
          "hz": 8225.96088609342
        },
        {
          "acoustic_entropy": 10.269533157348633,
          "acoustic_entropy_side": 10.093005180358887,
          "hz": 9016.43338188839
        },
        {
          "acoustic_entropy": 10.208579063415527,
          "acoustic_entropy_side": 10.093006134033203,
          "hz": 9876.909183162974
        },
        {
          "acoustic_entropy": 10.232329368591309,
          "acoustic_entropy_side": 10.093006134033203,
          "hz": 10813.587699516042
        },
        {
          "acoustic_entropy": 10.211026191711426,
          "acoustic_entropy_side": 10.093006134033203,
          "hz": 11833.21735289826
        },
        {
          "acoustic_entropy": 10.111001968383789,
          "acoustic_entropy_side": 10.093006134033203,
          "hz": 12943.144197493959
        },
        {
          "acoustic_entropy": 10.109552383422852,
          "acoustic_entropy_side": 10.093006134033203,
          "hz": 14151.364845322005
        },
        {
          "acoustic_entropy": 10.098111152648926,
          "acoustic_entropy_side": 10.093006134033203,
          "hz": 15466.58407886509
        },
        {
          "acoustic_entropy": 10.09495735168457,
          "acoustic_entropy_side": 10.093006134033203,
          "hz": 16898.27756580493
        },
        {
          "acoustic_entropy": 10.094046592712402,
          "acoustic_entropy_side": 10.093006134033203,
          "hz": 18456.760127700032
        },
        {
          "acoustic_entropy": 10.093110084533691,
          "acoustic_entropy_side": 10.093006134033203,
          "hz": 20153.260054456492
        },
        {
          "acoustic_entropy": 10.093013763427734,
          "acoustic_entropy_side": 10.093006134033203,
          "hz": 22000.00000000001
        }
      ],
      "diff_acoustic_entropy": 8.160548210144043,
      "sn": 12
    },
    {
      "acoustic_entropy": 16.756731033325195,
      "acoustic_entropy_mono": 14.72260570526123,
      "band_eliminated_acoustic_entropies": [
        {
          "acoustic_entropy": 15.6607666015625,
          "acoustic_entropy_side": 16.75690460205078,
          "hz": 129.47220167065723
        },
        {
          "acoustic_entropy": 16.84053611755371,
          "acoustic_entropy_side": 16.769248962402344,
          "hz": 202.92927478742237
        },
        {
          "acoustic_entropy": 16.43600082397461,
          "acoustic_entropy_side": 16.78350067138672,
          "hz": 282.89161906338205
        },
        {
          "acoustic_entropy": 16.283447265625,
          "acoustic_entropy_side": 16.90215492248535,
          "hz": 369.9353335868758
        },
        {
          "acoustic_entropy": 16.485919952392578,
          "acoustic_entropy_side": 16.85922622680664,
          "hz": 464.6875360973435
        },
        {
          "acoustic_entropy": 16.51160430908203,
          "acoustic_entropy_side": 16.319875717163086,
          "hz": 567.8308811364784
        },
        {
          "acoustic_entropy": 15.122795104980469,
          "acoustic_entropy_side": 16.314998626708984,
          "hz": 680.1084783214808
        },
        {
          "acoustic_entropy": 17.52687644958496,
          "acoustic_entropy_side": 16.695199966430664,
          "hz": 802.3292461747484
        },
        {
          "acoustic_entropy": 15.958708763122559,
          "acoustic_entropy_side": 16.76615333557129,
          "hz": 935.3737400823702
        },
        {
          "acoustic_entropy": 16.439849853515625,
          "acoustic_entropy_side": 16.757566452026367,
          "hz": 1080.2004963696966
        },
        {
          "acoustic_entropy": 16.82790184020996,
          "acoustic_entropy_side": 16.9310302734375,
          "hz": 1237.8529382007157
        },
        {
          "acoustic_entropy": 16.495010375976562,
          "acoustic_entropy_side": 16.672653198242188,
          "hz": 1409.4668930556702
        },
        {
          "acoustic_entropy": 16.541921615600586,
          "acoustic_entropy_side": 16.676963806152344,
          "hz": 1596.2787759475705
        },
        {
          "acoustic_entropy": 16.806615829467773,
          "acoustic_entropy_side": 16.801332473754883,
          "hz": 1799.6344973346393
        },
        {
          "acoustic_entropy": 16.98281478881836,
          "acoustic_entropy_side": 16.958511352539062,
          "hz": 2020.9991599069049
        },
        {
          "acoustic_entropy": 16.3703556060791,
          "acoustic_entropy_side": 16.822757720947266,
          "hz": 2261.9676141086993
        },
        {
          "acoustic_entropy": 16.539159774780273,
          "acoustic_entropy_side": 16.797670364379883,
          "hz": 2524.2759484456974
        },
        {
          "acoustic_entropy": 16.72774887084961,
          "acoustic_entropy_side": 16.880395889282227,
          "hz": 2809.813997359896
        },
        {
          "acoustic_entropy": 16.350440979003906,
