{
  "acoustic_entropy": 204.6584014892578,
  "bands": [
    {
      "high_freq": 148.1999969482422,
      "loudness": -51.07838821411133,
      "loudness_range": 23.060741424560547,
      "mid_mean": -48.963409423828125,
      "mid_to_side_loudness": -4.6302266120910645,
      "mid_to_side_loudness_range": 11.556377410888672,
      "side_mean": -53.38352584838867
    },
    {
      "high_freq": 392.3793640136719,
      "loudness": -31.868684768676758,
      "loudness_range": 18.072351455688477,
      "low_freq": 148.1999969482422,
      "mid_mean": -31.44632339477539,
      "mid_to_side_loudness": -0.37307968735694885,
      "mid_to_side_loudness_range": 11.14459228515625,
      "side_mean": -31.82192039489746
    },
    {
      "high_freq": 794.6976318359375,
      "loudness": -27.694555282592773,
      "loudness_range": 16.26656150817871,
      "low_freq": 392.3793640136719,
      "mid_mean": -25.832679748535156,
      "mid_to_side_loudness": -4.303501605987549,
      "mid_to_side_loudness_range": 15.887897491455078,
      "side_mean": -30.489967346191406
    },
    {
      "high_freq": 1457.5709228515625,
      "loudness": -26.004261016845703,
      "loudness_range": 15.61446762084961,
      "low_freq": 794.6976318359375,
      "mid_mean": -24.864002227783203,
      "mid_to_side_loudness": -2.395354747772217,
      "mid_to_side_loudness_range": 12.552046775817871,
      "side_mean": -27.124263763427734
    },
    {
      "high_freq": 2549.74365234375,
      "loudness": -37.51418685913086,
      "loudness_range": 24.898225784301758,
      "low_freq": 1457.5709228515625,
      "mid_mean": -36.10227966308594,
      "mid_to_side_loudness": -1.9935466051101685,
      "mid_to_side_loudness_range": 6.8359055519104,
      "side_mean": -38.293880462646484
    },
    {
      "high_freq": 4349.24462890625,
      "loudness": -38.82415771484375,
      "loudness_range": 18.655126571655273,
      "low_freq": 2549.74365234375,
      "mid_mean": -37.75252914428711,
      "mid_to_side_loudness": -1.3034710884094238,
      "mid_to_side_loudness_range": 6.325153827667236,
      "side_mean": -38.81947708129883
    },
    {
      "high_freq": 7314.1640625,
      "loudness": -48.530738830566406,
      "loudness_range": 16.32849884033203,
      "low_freq": 4349.24462890625,
      "mid_mean": -47.52245330810547,
      "mid_to_side_loudness": -1.2503409385681152,
      "mid_to_side_loudness_range": 5.869385242462158,
      "side_mean": -48.76852798461914
    },
    {
      "high_freq": 12199.2666015625,
      "loudness": -55.979095458984375,
      "loudness_range": 19.636566162109375,
      "low_freq": 7314.1640625,
      "mid_mean": -54.665611267089844,
      "mid_to_side_loudness": -1.337516188621521,
      "mid_to_side_loudness_range": 4.807247161865234,
      "side_mean": -55.85201644897461
    },
    {
      "loudness": -65.7112808227539,
      "loudness_range": 14.755516052246094,
      "low_freq": 12199.2666015625,
      "mid_mean": -62.9755859375,
      "mid_to_side_loudness": -1.5513584613800049,
      "mid_to_side_loudness_range": 2.0931410789489746,
      "side_mean": -64.06704711914062
    }
  ],
  "bands_short": [
    {
      "high_freq": 148.1999969482422,
      "loudness": -53.72118377685547,
      "loudness_range": 20.947879791259766,
      "mid_mean": -51.99641799926758,
      "mid_to_side_loudness": -4.49448823928833,
      "mid_to_side_loudness_range": 15.538497924804688,
      "side_mean": -55.99673843383789
    },
    {
      "high_freq": 392.3793640136719,
      "loudness": -32.24604415893555,
      "loudness_range": 19.060617446899414,
      "low_freq": 148.1999969482422,
      "mid_mean": -32.0447998046875,
      "mid_to_side_loudness": -0.06586963683366776,
      "mid_to_side_loudness_range": 12.952581405639648,
      "side_mean": -32.23255920410156
    },
    {
      "high_freq": 794.6976318359375,
      "loudness": -28.83699607849121,
      "loudness_range": 17.205350875854492,
      "low_freq": 392.3793640136719,
      "mid_mean": -27.129581451416016,
      "mid_to_side_loudness": -4.12510871887207,
      "mid_to_side_loudness_range": 17.571935653686523,
      "side_mean": -31.715299606323242
    },
    {
      "high_freq": 1457.5709228515625,
      "loudness": -25.952117919921875,
      "loudness_range": 17.2447452545166,
      "low_freq": 794.6976318359375,
      "mid_mean": -24.82262420654297,
      "mid_to_side_loudness": -2.6065642833709717,
      "mid_to_side_loudness_range": 15.420999526977539,
      "side_mean": -27.392892837524414
    },
    {
      "high_freq": 2549.74365234375,
      "loudness": -37.4457893371582,
      "loudness_range": 25.386547088623047,
      "low_freq": 1457.5709228515625,
      "mid_mean": -36.336219787597656,
      "mid_to_side_loudness": -1.690182089805603,
      "mid_to_side_loudness_range": 9.939605712890625,
      "side_mean": -38.31334686279297
    },
    {
      "high_freq": 4349.24462890625,
      "loudness": -38.63429641723633,
      "loudness_range": 19.340665817260742,
      "low_freq": 2549.74365234375,
      "mid_mean": -37.754520416259766,
      "mid_to_side_loudness": -1.136758804321289,
      "mid_to_side_loudness_range": 8.552545547485352,
      "side_mean": -38.87498474121094
    },
    {
      "high_freq": 7314.1640625,
      "loudness": -48.650814056396484,
      "loudness_range": 17.423431396484375,
      "low_freq": 4349.24462890625,
      "mid_mean": -48.25992202758789,
      "mid_to_side_loudness": -1.1221060752868652,
      "mid_to_side_loudness_range": 7.714103698730469,
      "side_mean": -49.368263244628906
    },
    {
      "high_freq": 12199.2666015625,
      "loudness": -56.728965759277344,
      "loudness_range": 21.72386932373047,
      "low_freq": 7314.1640625,
      "mid_mean": -55.37221145629883,
      "mid_to_side_loudness": -1.2651430368423462,
      "mid_to_side_loudness_range": 6.444565773010254,
      "side_mean": -56.48061752319336
    },
    {
      "loudness": -66.06312561035156,
      "loudness_range": 13.478885650634766,
      "low_freq": 12199.2666015625,
      "mid_mean": -63.268775939941406,
      "mid_to_side_loudness": -1.5572385787963867,
      "mid_to_side_loudness_range": 2.490294933319092,
      "side_mean": -64.35848236083984
    }
  ],
  "bandwidth": 887.1176147460938,
  "channels": 2,
  "covariance": [
    [
      58.27161407470703,
      78.92477416992188,
      1.5997976064682007,
      -0.12045993655920029,
      0.5959656238555908,
      -9.781970977783203,
      -4.621748447418213,
      -15.375033378601074,
      -5.915095329284668,
      -8.279800415039062,
      -6.877042770385742,
      -7.352827072143555,
      -4.510064601898193,
      -6.898908615112305,
      -1.1605873107910156,
      -2.9620964527130127,
      0.782964825630188,
      1.036773681640625
    ],
    [
      78.92477416992188,
      116.700927734375,
      2.8164944648742676,
      0.16595767438411713,
      1.7007226943969727,
      -12.786434173583984,
      -9.382608413696289,
      -25.19964599609375,
      -5.965514659881592,
      -10.407106399536133,
      -10.266066551208496,
      -10.468406677246094,
      -8.27767276763916,
      -11.833528518676758,
      -0.3483315706253052,
      -3.0218441486358643,
      2.176309585571289,
      2.4019486904144287
    ],
    [
      1.5997976064682007,
      2.8164944648742676,
      46.468658447265625,
      37.43675231933594,
      5.4226250648498535,
      3.7301292419433594,
      6.472782611846924,
      10.362509727478027,
      7.440324306488037,
      10.21428108215332,
      9.84947395324707,
      9.196486473083496,
      8.6719388961792,
      9.66921329498291,
      10.079898834228516,
      10.101436614990234,
      3.8705599308013916,
      3.5160152912139893
    ],
    [
      -0.12045993655920029,
      0.16595767438411713,
      37.43675231933594,
      51.83658981323242,
      3.5262222290039062,
      5.143875598907471,
      8.4043607711792,
      14.530351638793945,
      7.124081134796143,
      10.660000801086426,
      10.368813514709473,
      9.694746017456055,
      10.537222862243652,
      11.710719108581543,
      10.493803977966309,
      10.598893165588379,
      3.7734899520874023,
      3.546973466873169
    ],
    [
      0.5959656238555908,
      1.7007226943969727,
      5.4226250648498535,
      3.5262222290039062,
      44.45885467529297,
      30.68844223022461,
      3.1527180671691895,
      3.99175763130188,
      16.968341827392578,
      17.55703353881836,
      10.209101676940918,
      9.953459739685059,
      8.79452896118164,
      12.100178718566895,
      8.092691421508789,
      7.905015468597412,
      3.0649468898773193,
      2.5856552124023438
    ],
    [
      -9.781970977783203,
      -12.786434173583984,
      3.7301292419433594,
      5.143875598907471,
      30.68844223022461,
      50.34683609008789,
      0.9313377737998962,
      10.66331958770752,
      21.79231834411621,
      25.3876953125,
      17.06259536743164,
      17.741498947143555,
      13.234505653381348,
      18.87627410888672,
      9.104597091674805,
      10.62492561340332,
      2.5161478519439697,
      1.7986602783203125
    ],
    [
      -4.621748447418213,
      -9.382608413696289,
      6.472782611846924,
      8.4043607711792,
      3.1527180671691895,
      0.9313377737998962,
      34.091304779052734,
      31.29697036743164,
      -17.79094886779785,
      -12.500360488891602,
      -3.5231049060821533,
      -3.9815762042999268,
      3.8598811626434326,
      5.713322162628174,
      3.1060166358947754,
      3.9815263748168945,
      -2.9215800762176514,
      -2.5289275646209717
    ],
    [
      -15.375033378601074,
      -25.19964599609375,
      10.362509727478027,
      14.530351638793945,
      3.99175763130188,
      10.66331958770752,
      31.29697036743164,
      54.173187255859375,
      -15.43654727935791,
      -9.071869850158691,
      1.1795183420181274,
      3.1858129501342773,
      8.890177726745605,
      15.223807334899902,
      4.453891754150391,
      7.821599006652832,
      -4.376997947692871,
      -3.5743885040283203
    ],
    [
      -5.915095329284668,
      -5.965514659881592,
      7.440324306488037,
      7.124081134796143,
      16.968341827392578,
      21.79231834411621,
      -17.79094886779785,
      -15.43654727935791,
      94.36592102050781,
      82.53801727294922,
      43.61539840698242,
      42.1642951965332,
      33.22227096557617,
      31.703092575073242,
      23.881044387817383,
      20.754953384399414,
      17.73520278930664,
      14.997361183166504
    ],
    [
      -8.279800415039062,
      -10.407106399536133,
      10.21428108215332,
      10.660000801086426,
      17.55703353881836,
      25.3876953125,
      -12.500360488891602,
      -9.071869850158691,
      82.53801727294922,
      83.07354736328125,
      44.29129409790039,
      42.663856506347656,
      36.64836120605469,
      37.44951248168945,
      26.6600341796875,
      24.97829818725586,
      17.481603622436523,
      15.072869300842285
    ],
    [
      -6.877042770385742,
      -10.266066551208496,
      9.84947395324707,
      10.368813514709473,
      10.209101676940918,
      17.06259536743164,
      -3.5231049060821533,
      1.1795183420181274,
      43.61539840698242,
      44.29129409790039,
      58.1298942565918,
      52.032920837402344,
      33.11579132080078,
      34.326812744140625,
      32.936737060546875,
      29.98554801940918,
      21.66371726989746,
      19.288970947265625
    ],
    [
      -7.352827072143555,
      -10.468406677246094,
      9.196486473083496,
      9.694746017456055,
      9.953459739685059,
      17.741498947143555,
      -3.9815762042999268,
      3.1858129501342773,
      42.1642951965332,
      42.663856506347656,
      52.032920837402344,
      54.03670120239258,
      30.885862350463867,
      33.16924285888672,
      30.511398315429688,
      28.585588455200195,
      20.017057418823242,
      17.85884666442871
    ],
    [
      -4.510064601898193,
      -8.27767276763916,
      8.6719388961792,
      10.537222862243652,
      8.79452896118164,
      13.234505653381348,
      3.8598811626434326,
      8.890177726745605,
      33.22227096557617,
      36.64836120605469,
      33.11579132080078,
      30.885862350463867,
      40.957672119140625,
      39.541996002197266,
      28.102802276611328,
      27.508134841918945,
      15.523153305053711,
      14.201146125793457
    ],
    [
      -6.898908615112305,
      -11.833528518676758,
      9.66921329498291,
      11.710719108581543,
      12.100178718566895,
      18.87627410888672,
      5.713322162628174,
      15.223807334899902,
      31.703092575073242,
      37.44951248168945,
      34.326812744140625,
      33.16924285888672,
      39.541996002197266,
      45.188541412353516,
      29.62676239013672,
      30.589534759521484,
      15.346360206604004,
      14.278111457824707
    ],
    [
      -1.1605873107910156,
      -0.3483315706253052,
      10.079898834228516,
      10.493803977966309,
      8.092691421508789,
      9.104597091674805,
      3.1060166358947754,
      4.453891754150391,
      23.881044387817383,
      26.6600341796875,
      32.936737060546875,
      30.511398315429688,
      28.102802276611328,
      29.62676239013672,
      39.007537841796875,
      36.74896240234375,
      21.406641006469727,
      20.43403434753418
    ],
    [
      -2.9620964527130127,
      -3.0218441486358643,
      10.101436614990234,
      10.598893165588379,
      7.905015468597412,
      10.62492561340332,
      3.9815263748168945,
      7.821599006652832,
      20.754953384399414,
      24.97829818725586,
      29.98554801940918,
      28.585588455200195,
      27.508134841918945,
      30.589534759521484,
      36.74896240234375,
      37.45362091064453,
      20.00417709350586,
      19.509916305541992
    ],
    [
      0.782964825630188,
      2.176309585571289,
      3.8705599308013916,
      3.7734899520874023,
      3.0649468898773193,
      2.5161478519439697,
      -2.9215800762176514,
      -4.376997947692871,
      17.73520278930664,
      17.481603622436523,
      21.66371726989746,
      20.017057418823242,
      15.523153305053711,
      15.346360206604004,
      21.406641006469727,
      20.00417709350586,
      18.195844650268555,
      17.390132904052734
    ],
    [
      1.036773681640625,
      2.4019486904144287,
      3.5160152912139893,
      3.546973466873169,
      2.5856552124023438,
      1.7986602783203125,
      -2.5289275646209717,
      -3.5743885040283203,
      14.997361183166504,
      15.072869300842285,
      19.288970947265625,
      17.85884666442871,
      14.201146125793457,
      14.278111457824707,
      20.43403434753418,
      19.509916305541992,
      17.390132904052734,
      17.003765106201172
    ]
  ],
  "covariance_short": [
    [
      43.258644104003906,
      49.876487731933594,
      3.4358770847320557,
      3.698033332824707,
      1.0817757844924927,
      -6.187867641448975,
      -2.233586311340332,
      -7.495095252990723,
      -8.222991943359375,
      -9.558860778808594,
      -5.894233226776123,
      -6.126399993896484,
      -3.7724549770355225,
      -4.98611307144165,
      1.9575340747833252,
      1.6791514158248901,
      1.7454324960708618,
      2.1804661750793457
    ],
    [
      49.876487731933594,
      80.95381164550781,
      8.655193328857422,
      11.029007911682129,
      4.492496967315674,
      -5.4705119132995605,
      -7.446662425994873,
      -16.546594619750977,
      -2.3670220375061035,
      -6.6121039390563965,
      -4.501029968261719,
      -4.753283977508545,
      -5.944067478179932,
      -7.843365669250488,
      0.6836090087890625,
      -0.13900014758110046,
      2.415109634399414,
      2.7565701007843018
    ],
    [
      3.4358770847320557,
      8.655193328857422,
      55.567466735839844,
      40.940826416015625,
      9.129079818725586,
      7.671071529388428,
      5.453940391540527,
      9.381230354309082,
      7.730339527130127,
      10.273578643798828,
      9.33120346069336,
      8.869715690612793,
      11.09914779663086,
      10.956235885620117,
      11.782613754272461,
      11.146376609802246,
      4.327337265014648,
      3.8882205486297607
    ],
    [
      3.698033332824707,
      11.029007911682129,
      40.940826416015625,
      59.03640365600586,
      8.5997314453125,
      10.995683670043945,
      7.158240795135498,
      14.090587615966797,
      6.569918632507324,
      9.408061981201172,
      7.398265838623047,
      6.930589199066162,
      11.620451927185059,
      11.40491771697998,
      11.239408493041992,
      10.472216606140137,
      3.177708148956299,
      2.8615758419036865
    ],
    [
      1.0817757844924927,
      4.492496967315674,
      9.129079818725586,
      8.5997314453125,
      46.905391693115234,
      29.621749877929688,
      1.3728545904159546,
      2.319143533706665,
      19.815536499023438,
      19.77822494506836,
      16.373140335083008,
      14.255253791809082,
      13.402473449707031,
      13.793156623840332,
      13.8734712600708,
      12.344775199890137,
      6.879626750946045,
      6.090385913848877
    ],
    [
      -6.187867641448975,
      -5.4705119132995605,
      7.671071529388428,
      10.995683670043945,
      29.621749877929688,
      53.21244812011719,
      -0.7315850853919983,
      7.5958027839660645,
      24.340539932250977,
      26.591590881347656,
      20.064016342163086,
      19.706716537475586,
      18.91234588623047,
      20.218189239501953,
      16.129880905151367,
      15.345480918884277,
      6.755868911743164,
      5.657325744628906
    ],
    [
      -2.233586311340332,
      -7.446662425994873,
      5.453940391540527,
      7.158240795135498,
      1.3728545904159546,
      -0.7315850853919983,
      40.1655387878418,
      33.62113571166992,
      -13.656249046325684,
      -8.410886764526367,
      -7.3343186378479,
      -6.611066818237305,
      5.882752418518066,
      7.649441719055176,
      3.739252805709839,
      5.082773208618164,
      -3.202402114868164,
      -2.744590997695923
    ],
    [
      -7.495095252990723,
      -16.546594619750977,
      9.381230354309082,
      14.090587615966797,
      2.319143533706665,
      7.5958027839660645,
      33.62113571166992,
      59.37325668334961,
      -12.350156784057617,
      -4.212324619293213,
      -3.7822136878967285,
      -1.644694209098816,
      13.720270156860352,
      18.22999382019043,
      7.169960021972656,
      10.092483520507812,
      -3.613291025161743,
      -2.8260703086853027
    ],
    [
      -8.222991943359375,
      -2.3670220375061035,
      7.730339527130127,
      6.569918632507324,
      19.815536499023438,
      24.340539932250977,
      -13.656249046325684,
      -12.350156784057617,
      95.47097778320312,
      78.86376953125,
      44.19343185424805,
      41.45224380493164,
      36.48658752441406,
      33.67897033691406,
      27.027978897094727,
      23.336149215698242,
      18.4494686126709,
      15.763837814331055
    ],
    [
      -9.558860778808594,
      -6.6121039390563965,
      10.273578643798828,
      9.408061981201172,
      19.77822494506836,
      26.591590881347656,
      -8.410886764526367,
      -4.212324619293213,
      78.86376953125,
      81.7288818359375,
      42.03791809082031,
      40.31878662109375,
      40.7476806640625,
      39.13808059692383,
      29.68206024169922,
      27.162015914916992,
      17.682527542114258,
      15.43200969696045
    ],
    [
      -5.894233226776123,
      -4.501029968261719,
      9.33120346069336,
      7.398265838623047,
      16.373140335083008,
      20.064016342163086,
      -7.3343186378479,
      -3.7822136878967285,
      44.19343185424805,
      42.03791809082031,
      58.91146469116211,
      49.65935516357422,
      32.77204895019531,
      31.621505737304688,
      33.08609390258789,
      28.8914852142334,
      21.059307098388672,
      18.556873321533203
    ],
    [
      -6.126399993896484,
      -4.753283977508545,
      8.869715690612793,
      6.930589199066162,
      14.255253791809082,
      19.706716537475586,
      -6.611066818237305,
      -1.644694209098816,
      41.45224380493164,
      40.31878662109375,
      49.65935516357422,
      53.044979095458984,
      31.752538681030273,
      31.406551361083984,
      31.410831451416016,
      28.175048828125,
      19.377573013305664,
      17.199840545654297
    ],
    [
      -3.7724549770355225,
      -5.944067478179932,
      11.09914779663086,
      11.620451927185059,
      13.402473449707031,
      18.91234588623047,
      5.882752418518066,
      13.720270156860352,
      36.48658752441406,
      40.7476806640625,
      32.77204895019531,
      31.752538681030273,
      52.80320358276367,
      48.2489128112793,
      35.0767822265625,
      33.45201110839844,
      17.05093765258789,
      15.548147201538086
    ],
    [
      -4.98611307144165,
      -7.843365669250488,
      10.956235885620117,
      11.40491771697998,
      13.793156623840332,
      20.218189239501953,
      7.649441719055176,
      18.22999382019043,
      33.67897033691406,
      39.13808059692383,
      31.621505737304688,
      31.406551361083984,
      48.2489128112793,
      52.819061279296875,
      35.30875778198242,
      34.92154312133789,
      16.34100914001465,
      15.170099258422852
    ],
    [
      1.9575340747833252,
      0.6836090087890625,
      11.782613754272461,
      11.239408493041992,
      13.8734712600708,
      16.129880905151367,
      3.739252805709839,
      7.169960021972656,
      27.027978897094727,
      29.68206024169922,
      33.08609390258789,
      31.410831451416016,
      35.0767822265625,
      35.30875778198242,
      44.69178771972656,
      40.49413299560547,
      20.725669860839844,
      19.42874526977539
    ],
    [
      1.6791514158248901,
      -0.13900014758110046,
      11.146376609802246,
      10.472216606140137,
      12.344775199890137,
      15.345480918884277,
      5.082773208618164,
      10.092483520507812,
      23.336149215698242,
      27.162015914916992,
      28.8914852142334,
      28.175048828125,
      33.45201110839844,
      34.92154312133789,
      40.49413299560547,
      41.390235900878906,
      18.934368133544922,
      18.19376564025879
    ],
    [
      1.7454324960708618,
      2.415109634399414,
      4.327337265014648,
      3.177708148956299,
      6.879626750946045,
      6.755868911743164,
      -3.202402114868164,
      -3.613291025161743,
      18.4494686126709,
      17.682527542114258,
      21.059307098388672,
      19.377573013305664,
      17.05093765258789,
      16.34100914001465,
      20.725669860839844,
      18.934368133544922,
      16.513469696044922,
      15.33694839477539
    ],
    [
      2.1804661750793457,
      2.7565701007843018,
      3.8882205486297607,
      2.8615758419036865,
      6.090385913848877,
      5.657325744628906,
      -2.744590997695923,
      -2.8260703086853027,
      15.763837814331055,
      15.43200969696045,
      18.556873321533203,
      17.199840545654297,
      15.548147201538086,
      15.170099258422852,
      19.42874526977539,
      18.19376564025879,
      15.33694839477539,
      14.88967514038086
    ]
  ],
  "damage": -10.255411148071289,
  "diff_bandwidth": 938.5701293945312,
  "dissonance": 2.7878792711507536,
  "drr": 8.92410659790039,
  "dynamics": 3.2858612537384033,
  "format": 1245190,
  "frames": 7820988,
  "loudness": -17.33072853088379,
  "loudness_range": 8.999343872070312,
  "loudness_range_short": 10.378195762634277,
  "lowpass_true_peak_15khz": -2.5448718070983887,
  "mastering3_acoustic_entropies": [
    {
      "acoustic_entropy": 13.29934310913086,
      "acoustic_entropy_mono": 10.751317024230957,
      "band_eliminated_acoustic_entropies": [
        {
          "acoustic_entropy": 13.299583435058594,
          "acoustic_entropy_side": 13.299519538879395,
          "hz": 129.47220167065723
        },
        {
          "acoustic_entropy": 13.321707725524902,
          "acoustic_entropy_side": 13.324141502380371,
          "hz": 202.92927478742237
        },
        {
          "acoustic_entropy": 13.218236923217773,
          "acoustic_entropy_side": 13.241785049438477,
          "hz": 282.89161906338205
        },
        {
          "acoustic_entropy": 12.82174301147461,
          "acoustic_entropy_side": 12.999799728393555,
          "hz": 369.9353335868758
        },
        {
          "acoustic_entropy": 12.670604705810547,
          "acoustic_entropy_side": 13.078721046447754,
          "hz": 464.6875360973435
        },
        {
          "acoustic_entropy": 12.435718536376953,
          "acoustic_entropy_side": 12.98011302947998,
          "hz": 567.8308811364784
        },
        {
          "acoustic_entropy": 12.870804786682129,
          "acoustic_entropy_side": 13.292630195617676,
          "hz": 680.1084783214808
        },
        {
          "acoustic_entropy": 12.625261306762695,
          "acoustic_entropy_side": 13.26717472076416,
          "hz": 802.3292461747484
        },
        {
          "acoustic_entropy": 11.613895416259766,
          "acoustic_entropy_side": 11.928742408752441,
          "hz": 935.3737400823702
        },
        {
          "acoustic_entropy": 12.492813110351562,
          "acoustic_entropy_side": 13.161166191101074,
          "hz": 1080.2004963696966
        },
        {
          "acoustic_entropy": 11.919297218322754,
          "acoustic_entropy_side": 12.614148139953613,
          "hz": 1237.8529382007157
        },
        {
          "acoustic_entropy": 12.787878036499023,
          "acoustic_entropy_side": 13.188817024230957,
          "hz": 1409.4668930556702
        },
        {
          "acoustic_entropy": 12.005847930908203,
          "acoustic_entropy_side": 12.030813217163086,
          "hz": 1596.2787759475705
        },
        {
          "acoustic_entropy": 11.823431968688965,
          "acoustic_entropy_side": 13.414332389831543,
          "hz": 1799.6344973346393
        },
        {
          "acoustic_entropy": 13.208338737487793,
          "acoustic_entropy_side": 13.409078598022461,
          "hz": 2020.9991599069049
        },
        {
          "acoustic_entropy": 13.235223770141602,
          "acoustic_entropy_side": 13.323038101196289,
          "hz": 2261.9676141086993
        },
        {
          "acoustic_entropy": 13.086726188659668,
          "acoustic_entropy_side": 13.243812561035156,
          "hz": 2524.2759484456974
        },
        {
          "acoustic_entropy": 13.291890144348145,
          "acoustic_entropy_side": 13.29525375366211,
          "hz": 2809.813997359896
        },
        {
          "acoustic_entropy": 13.109248161315918,
          "acoustic_entropy_side": 13.262395858764648,
          "hz": 3120.6389567871424
        },
        {
          "acoustic_entropy": 13.218650817871094,
          "acoustic_entropy_side": 13.316815376281738,
          "hz": 3458.990205492291
        },
        {
          "acoustic_entropy": 13.356176376342773,
          "acoustic_entropy_side": 13.33979320526123,
          "hz": 3827.305438964164
        },
        {
          "acoustic_entropy": 13.370697021484375,
          "acoustic_entropy_side": 13.331424713134766,
          "hz": 4228.238232109126
        },
        {
          "acoustic_entropy": 13.10633659362793,
          "acoustic_entropy_side": 13.180424690246582,
          "hz": 4664.6771572759235
        },
        {
          "acoustic_entropy": 13.27017593383789,
          "acoustic_entropy_side": 13.288995742797852,
          "hz": 5139.766595350093
        },
        {
          "acoustic_entropy": 13.282103538513184,
          "acoustic_entropy_side": 13.29173469543457,
          "hz": 5656.929389854203
        },
        {
          "acoustic_entropy": 13.300302505493164,
          "acoustic_entropy_side": 13.2981595993042,
          "hz": 6219.891507268283
        },
        {
          "acoustic_entropy": 13.293008804321289,
          "acoustic_entropy_side": 13.297521591186523,
          "hz": 6832.70888123896
        },
        {
          "acoustic_entropy": 13.30229663848877,
          "acoustic_entropy_side": 13.300674438476562,
          "hz": 7499.796634079867
        },
        {
          "acoustic_entropy": 13.298213005065918,
          "acoustic_entropy_side": 13.299235343933105,
          "hz": 8225.96088609342
        },
        {
          "acoustic_entropy": 13.30147647857666,
          "acoustic_entropy_side": 13.300468444824219,
          "hz": 9016.43338188839
        },
        {
          "acoustic_entropy": 13.299286842346191,
          "acoustic_entropy_side": 13.299369812011719,
          "hz": 9876.909183162974
        },
        {
          "acoustic_entropy": 13.299668312072754,
          "acoustic_entropy_side": 13.299403190612793,
          "hz": 10813.587699516042
        },
        {
          "acoustic_entropy": 13.299558639526367,
          "acoustic_entropy_side": 13.299400329589844,
          "hz": 11833.21735289826
        },
        {
          "acoustic_entropy": 13.299416542053223,
          "acoustic_entropy_side": 13.299388885498047,
          "hz": 12943.144197493959
        },
        {
          "acoustic_entropy": 13.299450874328613,
          "acoustic_entropy_side": 13.29938793182373,
          "hz": 14151.364845322005
        },
        {
          "acoustic_entropy": 13.299384117126465,
          "acoustic_entropy_side": 13.299362182617188,
          "hz": 15466.58407886509
        },
        {
          "acoustic_entropy": 13.299354553222656,
          "acoustic_entropy_side": 13.299345016479492,
          "hz": 16898.27756580493
        },
        {
          "acoustic_entropy": 13.299342155456543,
          "acoustic_entropy_side": 13.29934310913086,
          "hz": 18456.760127700032
        },
        {
          "acoustic_entropy": 13.299342155456543,
          "acoustic_entropy_side": 13.29934310913086,
          "hz": 20153.260054456492
        },
        {
          "acoustic_entropy": 13.29934310913086,
          "acoustic_entropy_side": 13.29934310913086,
          "hz": 22000.00000000001
        }
      ],
      "diff_acoustic_entropy": 5.244604110717773,
      "sn": 6
    },
    {
      "acoustic_entropy": 17.289161682128906,
      "acoustic_entropy_mono": 14.978493690490723,
      "band_eliminated_acoustic_entropies": [
        {
          "acoustic_entropy": 17.28900909423828,
          "acoustic_entropy_side": 17.28901481628418,
          "hz": 129.47220167065723
        },
        {
          "acoustic_entropy": 17.390565872192383,
          "acoustic_entropy_side": 17.389022827148438,
          "hz": 202.92927478742237
        },
        {
          "acoustic_entropy": 18.00596809387207,
          "acoustic_entropy_side": 17.77366065979004,
          "hz": 282.89161906338205
        },
        {
          "acoustic_entropy": 17.647964477539062,
          "acoustic_entropy_side": 16.67890167236328,
          "hz": 369.9353335868758
        },
        {
          "acoustic_entropy": 17.9035701751709,
          "acoustic_entropy_side": 17.842222213745117,
          "hz": 464.6875360973435
        },
        {
          "acoustic_entropy": 17.94822120666504,
          "acoustic_entropy_side": 17.868894577026367,
          "hz": 567.8308811364784
        },
        {
          "acoustic_entropy": 18.095659255981445,
          "acoustic_entropy_side": 17.512643814086914,
          "hz": 680.1084783214808
        },
        {
          "acoustic_entropy": 17.992843627929688,
          "acoustic_entropy_side": 17.416046142578125,
          "hz": 802.3292461747484
        },
        {
          "acoustic_entropy": 17.48788070678711,
          "acoustic_entropy_side": 17.772905349731445,
          "hz": 935.3737400823702
        },
        {
          "acoustic_entropy": 17.597482681274414,
          "acoustic_entropy_side": 17.920148849487305,
          "hz": 1080.2004963696966
        },
        {
          "acoustic_entropy": 18.205665588378906,
          "acoustic_entropy_side": 18.6540584564209,
          "hz": 1237.8529382007157
        },
        {
          "acoustic_entropy": 17.772611618041992,
          "acoustic_entropy_side": 17.740230560302734,
          "hz": 1409.4668930556702
        },
        {
          "acoustic_entropy": 16.476093292236328,
          "acoustic_entropy_side": 17.605363845825195,
          "hz": 1596.2787759475705
        },
        {
          "acoustic_entropy": 17.414806365966797,
          "acoustic_entropy_side": 17.421785354614258,
          "hz": 1799.6344973346393
        },
        {
          "acoustic_entropy": 16.74406623840332,
          "acoustic_entropy_side": 17.248075485229492,
          "hz": 2020.9991599069049
        },
        {
          "acoustic_entropy": 17.644407272338867,
          "acoustic_entropy_side": 17.612321853637695,
          "hz": 2261.9676141086993
        },
        {
          "acoustic_entropy": 17.30187225341797,
          "acoustic_entropy_side": 17.37342071533203,
          "hz": 2524.2759484456974
        },
        {
          "acoustic_entropy": 17.244524002075195,
          "acoustic_entropy_side": 17.244096755981445,
          "hz": 2809.813997359896
        },
        {
          "acoustic_entropy": 17.027095794677734,
          "acoustic_entropy_side": 17.206161499023438,
          "hz": 3120.6389567871424
        },
        {
          "acoustic_entropy": 17.319499969482422,
          "acoustic_entropy_side": 17.479265213012695,
          "hz": 3458.990205492291
        },
        {
          "acoustic_entropy": 17.11774444580078,
          "acoustic_entropy_side": 17.23458480834961,
          "hz": 3827.305438964164
        },
        {
          "acoustic_entropy": 17.026533126831055,
          "acoustic_entropy_side": 17.15677833557129,
          "hz": 4228.238232109126
        },
        {
          "acoustic_entropy": 17.249141693115234,
          "acoustic_entropy_side": 17.421903610229492,
          "hz": 4664.6771572759235
        },
        {
          "acoustic_entropy": 17.30698013305664,
          "acoustic_entropy_side": 17.285490036010742,
          "hz": 5139.766595350093
        },
        {
          "acoustic_entropy": 17.31143569946289,
          "acoustic_entropy_side": 17.303569793701172,
          "hz": 5656.929389854203
        },
        {
          "acoustic_entropy": 17.299766540527344,
          "acoustic_entropy_side": 17.294443130493164,
          "hz": 6219.891507268283
        },
        {
          "acoustic_entropy": 17.296817779541016,
          "acoustic_entropy_side": 17.295564651489258,
          "hz": 6832.70888123896
        },
        {
          "acoustic_entropy": 17.303327560424805,
          "acoustic_entropy_side": 17.297700881958008,
          "hz": 7499.796634079867
        },
        {
          "acoustic_entropy": 17.331932067871094,
          "acoustic_entropy_side": 17.302770614624023,
          "hz": 8225.96088609342
        },
        {
          "acoustic_entropy": 17.336545944213867,
          "acoustic_entropy_side": 17.311603546142578,
          "hz": 9016.43338188839
        },
        {
          "acoustic_entropy": 17.296947479248047,
          "acoustic_entropy_side": 17.291183471679688,
          "hz": 9876.909183162974
        },
        {
          "acoustic_entropy": 17.29900550842285,
          "acoustic_entropy_side": 17.29191017150879,
          "hz": 10813.587699516042
        },
        {
          "acoustic_entropy": 17.29416275024414,
          "acoustic_entropy_side": 17.290546417236328,
          "hz": 11833.21735289826
        },
        {
          "acoustic_entropy": 17.29302215576172,
          "acoustic_entropy_side": 17.29084014892578,
          "hz": 12943.144197493959
        },
        {
          "acoustic_entropy": 17.292339324951172,
          "acoustic_entropy_side": 17.290468215942383,
          "hz": 14151.364845322005
        },
        {
          "acoustic_entropy": 17.29001235961914,
          "acoustic_entropy_side": 17.28946304321289,
          "hz": 15466.58407886509
        },
        {
          "acoustic_entropy": 17.28940200805664,
          "acoustic_entropy_side": 17.289255142211914,
          "hz": 16898.27756580493
        },
        {
          "acoustic_entropy": 17.289216995239258,
          "acoustic_entropy_side": 17.2891845703125,
          "hz": 18456.760127700032
        },
        {
          "acoustic_entropy": 17.28916358947754,
          "acoustic_entropy_side": 17.28916358947754,
          "hz": 20153.260054456492
        },
        {
          "acoustic_entropy": 17.289161682128906,
          "acoustic_entropy_side": 17.289161682128906,
          "hz": 22000.00000000001
        }
      ],
      "diff_acoustic_entropy": 7.7790961265563965,
      "sn": 12
    },
    {
      "acoustic_entropy": 25.45525550842285,
      "acoustic_entropy_mono": 22.17186164855957,
      "band_eliminated_acoustic_entropies": [
        {
          "acoustic_entropy": 25.56826400756836,
          "acoustic_entropy_side": 25.527219772338867,
          "hz": 129.47220167065723
        },
        {
          "acoustic_entropy": 25.359880447387695,
          "acoustic_entropy_side": 25.285043716430664,
          "hz": 202.92927478742237
        },
        {
          "acoustic_entropy": 26.304065704345703,
          "acoustic_entropy_side": 26.110904693603516,
          "hz": 282.89161906338205
        },
        {
          "acoustic_entropy": 24.86083984375,
          "acoustic_entropy_side": 25.654062271118164,
          "hz": 369.9353335868758
        },
        {
          "acoustic_entropy": 25.471662521362305,
          "acoustic_entropy_side": 25.78813934326172,
          "hz": 464.6875360973435
        },
        {
          "acoustic_entropy": 25.331262588500977,
          "acoustic_entropy_side": 26.311321258544922,
          "hz": 567.8308811364784
        },
        {
          "acoustic_entropy": 25.96874237060547,
          "acoustic_entropy_side": 25.66559410095215,
          "hz": 680.1084783214808
        },
        {
          "acoustic_entropy": 24.30525016784668,
          "acoustic_entropy_side": 25.75890350341797,
          "hz": 802.3292461747484
        },
        {
          "acoustic_entropy": 25.585159301757812,
          "acoustic_entropy_side": 25.80116081237793,
          "hz": 935.3737400823702
        },
        {
          "acoustic_entropy": 25.37166976928711,
          "acoustic_entropy_side": 25.712831497192383,
          "hz": 1080.2004963696966
        },
        {
          "acoustic_entropy": 25.370738983154297,
          "acoustic_entropy_side": 25.186174392700195,
          "hz": 1237.8529382007157
        },
        {
          "acoustic_entropy": 25.147268295288086,
          "acoustic_entropy_side": 25.07659912109375,
          "hz": 1409.4668930556702
        },
        {
          "acoustic_entropy": 25.38308334350586,
          "acoustic_entropy_side": 26.082393646240234,
          "hz": 1596.2787759475705
        },
        {
          "acoustic_entropy": 26.354835510253906,
          "acoustic_entropy_side": 26.324888229370117,
          "hz": 1799.6344973346393
        },
        {
          "acoustic_entropy": 25.31293487548828,
          "acoustic_entropy_side": 25.279888153076172,
          "hz": 2020.9991599069049
        },
        {
          "acoustic_entropy": 25.04132080078125,
          "acoustic_entropy_side": 24.959821701049805,
          "hz": 2261.9676141086993
        },
        {
          "acoustic_entropy": 25.079219818115234,
          "acoustic_entropy_side": 25.685129165649414,
          "hz": 2524.2759484456974
        },
        {
          "acoustic_entropy": 25.687705993652344,
          "acoustic_entropy_side": 25.735637664794922,
