{
  "acoustic_entropy": 210.23826599121094,
  "bands": [
    {
      "high_freq": 148.1999969482422,
      "loudness": -20.702438354492188,
      "loudness_range": 5.811866760253906,
      "mid_mean": -18.218505859375,
      "mid_to_side_loudness": -5.640071392059326,
      "mid_to_side_loudness_range": 8.17144775390625,
      "side_mean": -23.812959671020508
    },
    {
      "high_freq": 392.3793640136719,
      "loudness": -18.44927406311035,
      "loudness_range": 5.228477478027344,
      "low_freq": 148.1999969482422,
      "mid_mean": -16.8723201751709,
      "mid_to_side_loudness": -2.2960684299468994,
      "mid_to_side_loudness_range": 6.024084091186523,
      "side_mean": -19.180208206176758
    },
    {
      "high_freq": 794.6976318359375,
      "loudness": -16.271703720092773,
      "loudness_range": 8.672784805297852,
      "low_freq": 392.3793640136719,
      "mid_mean": -15.435523986816406,
      "mid_to_side_loudness": -0.9868160486221313,
      "mid_to_side_loudness_range": 9.912471771240234,
      "side_mean": -16.417316436767578
    },
    {
      "high_freq": 1457.5709228515625,
      "loudness": -20.222740173339844,
      "loudness_range": 10.26658821105957,
      "low_freq": 794.6976318359375,
      "mid_mean": -18.4097900390625,
      "mid_to_side_loudness": -3.0258469581604004,
      "mid_to_side_loudness_range": 6.8127546310424805,
      "side_mean": -21.45865249633789
    },
    {
      "high_freq": 2549.74365234375,
      "loudness": -21.07963752746582,
      "loudness_range": 7.888217926025391,
      "low_freq": 1457.5709228515625,
      "mid_mean": -19.389816284179688,
      "mid_to_side_loudness": -2.5047264099121094,
      "mid_to_side_loudness_range": 5.493960857391357,
      "side_mean": -21.941532135009766
    },
    {
      "high_freq": 4349.24462890625,
      "loudness": -23.41470718383789,
      "loudness_range": 8.509841918945312,
      "low_freq": 2549.74365234375,
      "mid_mean": -21.381267547607422,
      "mid_to_side_loudness": -3.547956705093384,
      "mid_to_side_loudness_range": 5.259154319763184,
      "side_mean": -24.910709381103516
    },
    {
      "high_freq": 7314.1640625,
      "loudness": -29.283370971679688,
      "loudness_range": 11.358171463012695,
      "low_freq": 4349.24462890625,
      "mid_mean": -27.06524085998535,
      "mid_to_side_loudness": -4.186120510101318,
      "mid_to_side_loudness_range": 5.775482177734375,
      "side_mean": -31.215087890625
    },
    {
      "high_freq": 12199.2666015625,
      "loudness": -33.01340103149414,
      "loudness_range": 14.604909896850586,
      "low_freq": 7314.1640625,
      "mid_mean": -30.57696533203125,
      "mid_to_side_loudness": -5.357166290283203,
      "mid_to_side_loudness_range": 7.1269850730896,
      "side_mean": -35.91768264770508
    },
    {
      "loudness": -32.90803909301758,
      "loudness_range": 14.987520217895508,
      "low_freq": 12199.2666015625,
      "mid_mean": -30.022485733032227,
      "mid_to_side_loudness": -7.188443183898926,
      "mid_to_side_loudness_range": 10.050140380859375,
      "side_mean": -38.31501388549805
    }
  ],
  "bands_short": [
    {
      "high_freq": 148.1999969482422,
      "loudness": -23.567237854003906,
      "loudness_range": 12.459320068359375,
      "mid_mean": -21.587099075317383,
      "mid_to_side_loudness": -5.400607585906982,
      "mid_to_side_loudness_range": 16.673301696777344,
      "side_mean": -26.976768493652344
    },
    {
      "high_freq": 392.3793640136719,
      "loudness": -18.113798141479492,
      "loudness_range": 6.406327247619629,
      "low_freq": 148.1999969482422,
      "mid_mean": -16.676088333129883,
      "mid_to_side_loudness": -2.4490294456481934,
      "mid_to_side_loudness_range": 10.231457710266113,
      "side_mean": -19.132814407348633
    },
    {
      "high_freq": 794.6976318359375,
      "loudness": -17.158727645874023,
      "loudness_range": 10.65252685546875,
      "low_freq": 392.3793640136719,
      "mid_mean": -16.584386825561523,
      "mid_to_side_loudness": -0.7803263068199158,
      "mid_to_side_loudness_range": 12.767927169799805,
      "side_mean": -17.36664581298828
    },
    {
      "high_freq": 1457.5709228515625,
      "loudness": -19.73967742919922,
      "loudness_range": 12.153180122375488,
      "low_freq": 794.6976318359375,
      "mid_mean": -18.017635345458984,
      "mid_to_side_loudness": -3.1617348194122314,
      "mid_to_side_loudness_range": 9.73054313659668,
      "side_mean": -21.20499038696289
    },
    {
      "high_freq": 2549.74365234375,
      "loudness": -21.51841926574707,
      "loudness_range": 9.728607177734375,
      "low_freq": 1457.5709228515625,
      "mid_mean": -19.936168670654297,
      "mid_to_side_loudness": -2.5263655185699463,
      "mid_to_side_loudness_range": 8.024677276611328,
      "side_mean": -22.502368927001953
    },
    {
      "high_freq": 4349.24462890625,
      "loudness": -23.763723373413086,
      "loudness_range": 10.41705322265625,
      "low_freq": 2549.74365234375,
      "mid_mean": -21.927824020385742,
      "mid_to_side_loudness": -3.176295280456543,
      "mid_to_side_loudness_range": 7.4145355224609375,
      "side_mean": -25.10772132873535
    },
    {
      "high_freq": 7314.1640625,
      "loudness": -29.876529693603516,
      "loudness_range": 13.862892150878906,
      "low_freq": 4349.24462890625,
      "mid_mean": -27.819690704345703,
      "mid_to_side_loudness": -3.8824079036712646,
      "mid_to_side_loudness_range": 7.155331611633301,
      "side_mean": -31.716028213500977
    },
    {
      "high_freq": 12199.2666015625,
      "loudness": -34.22398376464844,
      "loudness_range": 17.02068519592285,
      "low_freq": 7314.1640625,
      "mid_mean": -32.01892852783203,
      "mid_to_side_loudness": -4.6515069007873535,
      "mid_to_side_loudness_range": 8.122529029846191,
      "side_mean": -36.74859619140625
    },
    {
      "loudness": -35.723716735839844,
      "loudness_range": 22.328792572021484,
      "low_freq": 12199.2666015625,
      "mid_mean": -33.038429260253906,
      "mid_to_side_loudness": -6.201428413391113,
      "mid_to_side_loudness_range": 10.181214332580566,
      "side_mean": -40.22430419921875
    }
  ],
  "bandwidth": 679.969970703125,
  "channels": 2,
  "covariance": [
    [
      7.518677711486816,
      2.339402675628662,
      0.2701573669910431,
      -0.5993446111679077,
      -0.21216289699077606,
      1.3170493841171265,
      0.2709532380104065,
      0.5225824117660522,
      -0.06470859795808792,
      0.8004925847053528,
      -0.3117080628871918,
      0.5208022594451904,
      -0.3087369501590729,
      0.6888394355773926,
      -3.60446834564209,
      -1.578758716583252,
      -5.030818462371826,
      -2.459882974624634
    ],
    [
      2.339402675628662,
      6.082995891571045,
      1.2925137281417847,
      1.4053575992584229,
      2.1817588806152344,
      1.4146932363510132,
      3.1911869049072266,
      2.815190315246582,
      2.7095890045166016,
      2.7424042224884033,
      2.578803062438965,
      2.369277000427246,
      3.4541611671447754,
      3.104922294616699,
      2.4619812965393066,
      1.9385085105895996,
      1.827162504196167,
      2.2590878009796143
    ],
    [
      0.2701573669910431,
      1.2925137281417847,
      5.2047224044799805,
      3.3925580978393555,
      1.390403151512146,
      1.6637481451034546,
      2.0294079780578613,
      1.6506108045578003,
      2.0807101726531982,
      1.6805522441864014,
      3.1405346393585205,
      2.1843369007110596,
      3.815560817718506,
      2.601494789123535,
      5.942978858947754,
      4.107723712921143,
      5.788375377655029,
      5.470588207244873
    ],
    [
      -0.5993446111679077,
      1.4053575992584229,
      3.3925580978393555,
      6.316389560699463,
      1.5969632863998413,
      1.6750352382659912,
      2.4137017726898193,
      1.9573023319244385,
      1.9396264553070068,
      1.6509449481964111,
      2.8704516887664795,
      2.045682191848755,
      3.5847179889678955,
      2.4098753929138184,
      5.953621864318848,
      4.033242702484131,
      5.413200378417969,
      5.309860706329346
    ],
    [
      -0.21216289699077606,
      2.1817588806152344,
      1.390403151512146,
      1.5969632863998413,
      11.361778259277344,
      7.211720943450928,
      7.129524230957031,
      5.944499969482422,
      7.736603260040283,
      6.8463826179504395,
      7.789777755737305,
      7.319693088531494,
      9.531750679016113,
      8.76386547088623,
      8.212507247924805,
      6.520441055297852,
      4.623846054077148,
      6.490471839904785
    ],
    [
      1.3170493841171265,
      1.4146932363510132,
      1.6637481451034546,
      1.6750352382659912,
      7.211720943450928,
      14.971997261047363,
      4.136088848114014,
      5.439436912536621,
      4.822500705718994,
      6.537560939788818,
      3.607468843460083,
      5.274514198303223,
      3.8457233905792236,
      5.0721893310546875,
      2.2196428775787354,
      2.073977470397949,
      -0.4731244742870331,
      1.4573241472244263
    ],
    [
      0.2709532380104065,
      3.1911869049072266,
      2.0294079780578613,
      2.4137017726898193,
      7.129524230957031,
      4.136088848114014,
      15.854499816894531,
      11.538698196411133,
      10.234721183776855,
      8.376141548156738,
      11.166739463806152,
      8.83542537689209,
      13.850295066833496,
      11.074426651000977,
      13.804509162902832,
      10.054344177246094,
      10.859755516052246,
      11.9212646484375
    ],
    [
      0.5225824117660522,
      2.815190315246582,
      1.6506108045578003,
      1.9573023319244385,
      5.944499969482422,
      5.439436912536621,
      11.538698196411133,
      12.880969047546387,
      7.859912872314453,
      7.827276229858398,
      8.130916595458984,
      7.215737342834473,
      10.493953704833984,
      9.20375919342041,
      10.308417320251465,
      7.6502861976623535,
      8.015689849853516,
      9.141159057617188
    ],
    [
      -0.06470859795808792,
      2.7095890045166016,
      2.0807101726531982,
      1.9396264553070068,
      7.736603260040283,
      4.822500705718994,
      10.234721183776855,
      7.859912872314453,
      11.129007339477539,
      7.854753017425537,
      10.258581161499023,
      8.177770614624023,
      12.617233276367188,
      10.532485961914062,
      11.277244567871094,
      8.695902824401855,
      7.599939346313477,
      9.310612678527832
    ],
    [
      0.8004925847053528,
      2.7424042224884033,
      1.6805522441864014,
      1.6509449481964111,
      6.8463826179504395,
      6.537560939788818,
      8.376141548156738,
      7.827276229858398,
      7.854753017425537,
      8.202842712402344,
      7.242156028747559,
      6.964196681976318,
      9.239745140075684,
      8.613666534423828,
      7.894896030426025,
      5.949334144592285,
      4.639495849609375,
      6.578858375549316
    ],
    [
      -0.3117080628871918,
      2.578803062438965,
      3.1405346393585205,
      2.8704516887664795,
      7.789777755737305,
      3.607468843460083,
      11.166739463806152,
      8.130916595458984,
      10.258581161499023,
      7.242156028747559,
      13.993819236755371,
      10.287403106689453,
      16.55133056640625,
      13.034159660339355,
      16.602237701416016,
      12.380112648010254,
      13.337757110595703,
      14.28076171875
    ],
    [
      0.5208022594451904,
      2.369277000427246,
      2.1843369007110596,
      2.045682191848755,
      7.319693088531494,
      5.274514198303223,
      8.83542537689209,
      7.215737342834473,
      8.177770614624023,
      6.964196681976318,
      10.287403106689453,
      9.559637069702148,
      12.448246955871582,
      11.347268104553223,
      11.561943054199219,
      9.29073715209961,
      7.67163610458374,
      9.929529190063477
    ],
    [
      -0.3087369501590729,
      3.4541611671447754,
      3.815560817718506,
      3.5847179889678955,
      9.531750679016113,
      3.8457233905792236,
      13.850295066833496,
      10.493953704833984,
      12.617233276367188,
      9.239745140075684,
      16.55133056640625,
      12.448246955871582,
      22.089649200439453,
      17.514245986938477,
      22.70604133605957,
      17.094078063964844,
      18.261154174804688,
      20.60149383544922
    ],
    [
      0.6888394355773926,
      3.104922294616699,
      2.601494789123535,
      2.4098753929138184,
      8.76386547088623,
      5.0721893310546875,
      11.074426651000977,
      9.20375919342041,
      10.532485961914062,
      8.613666534423828,
      13.034159660339355,
      11.347268104553223,
      17.514245986938477,
      16.163686752319336,
      16.619041442871094,
      13.826915740966797,
      11.278016090393066,
      15.32763957977295
    ],
    [
      -3.60446834564209,
      2.4619812965393066,
      5.942978858947754,
      5.953621864318848,
      8.212507247924805,
      2.2196428775787354,
      13.804509162902832,
      10.308417320251465,
      11.277244567871094,
      7.894896030426025,
      16.602237701416016,
      11.561943054199219,
      22.70604133605957,
      16.619041442871094,
      32.484710693359375,
      22.990089416503906,
      27.261919021606445,
      29.107343673706055
    ],
    [
      -1.578758716583252,
      1.9385085105895996,
      4.107723712921143,
      4.033242702484131,
      6.520441055297852,
      2.073977470397949,
      10.054344177246094,
      7.6502861976623535,
      8.695902824401855,
      5.949334144592285,
      12.380112648010254,
      9.29073715209961,
      17.094078063964844,
      13.826915740966797,
      22.990089416503906,
      19.9001407623291,
      17.810203552246094,
      22.339176177978516
    ],
    [
      -5.030818462371826,
      1.827162504196167,
      5.788375377655029,
      5.413200378417969,
      4.623846054077148,
      -0.4731244742870331,
      10.859755516052246,
      8.015689849853516,
      7.599939346313477,
      4.639495849609375,
      13.337757110595703,
      7.67163610458374,
      18.261154174804688,
      11.278016090393066,
      27.261919021606445,
      17.810203552246094,
      41.6773796081543,
      27.252349853515625
    ],
    [
      -2.459882974624634,
      2.2590878009796143,
      5.470588207244873,
      5.309860706329346,
      6.490471839904785,
      1.4573241472244263,
      11.9212646484375,
      9.141159057617188,
      9.310612678527832,
      6.578858375549316,
      14.28076171875,
      9.929529190063477,
      20.60149383544922,
      15.32763957977295,
      29.107343673706055,
      22.339176177978516,
      27.252349853515625,
      34.11931228637695
    ]
  ],
  "covariance_short": [
    [
      26.323801040649414,
      5.281325340270996,
      3.3149900436401367,
      -0.5928364396095276,
      0.5071130394935608,
      3.1660122871398926,
      0.05502517148852348,
      1.4387367963790894,
      0.15475168824195862,
      1.2702707052230835,
      0.235510915517807,
      0.6155913472175598,
      -1.3371785879135132,
      0.25962626934051514,
      -3.2271318435668945,
      -1.397166132926941,
      -5.0831522941589355,
      -2.698990821838379
    ],
    [
      5.281325340270996,
      17.214818954467773,
      1.8214558362960815,
      2.617117166519165,
      1.1448522806167603,
      1.1091859340667725,
      3.2014307975769043,
      3.2209341526031494,
      2.351860761642456,
      2.8776228427886963,
      2.028887987136841,
      2.105435609817505,
      1.8538358211517334,
      2.6974332332611084,
      0.669468104839325,
      1.106968879699707,
      0.00027015540399588645,
      0.6134235262870789
    ],
    [
      3.3149900436401367,
      1.8214558362960815,
      8.268024444580078,
      2.609426736831665,
      2.0919559001922607,
      1.9369755983352661,
      1.6441296339035034,
      1.573151707649231,
      2.7405943870544434,
      2.4134106636047363,
      3.490658760070801,
      2.431483507156372,
      4.290102958679199,
      3.1972665786743164,
      5.941310405731201,
      4.342659950256348,
      6.738397598266602,
      5.679408550262451
    ],
    [
      -0.5928364396095276,
      2.617117166519165,
      2.609426736831665,
      9.311819076538086,
      2.8755905628204346,
      2.6918535232543945,
      2.5293893814086914,
      1.998661756515503,
      3.010929822921753,
      2.7737863063812256,
      3.4985952377319336,
      2.7386906147003174,
      4.058477878570557,
      3.114244222640991,
      5.487998962402344,
      3.9535558223724365,
      5.052481651306152,
      4.653297424316406
    ],
    [
      0.5071130394935608,
      1.1448522806167603,
      2.0919559001922607,
      2.8755905628204346,
      17.119531631469727,
      9.332260131835938,
      8.03825569152832,
      7.1704816818237305,
      8.583878517150879,
      7.760636329650879,
      10.453286170959473,
      9.120463371276855,
      11.688156127929688,
      10.527873992919922,
      10.608209609985352,
      8.909842491149902,
      7.818521976470947,
      8.718806266784668
    ],
    [
      3.1660122871398926,
      1.1091859340667725,
      1.9369755983352661,
      2.6918535232543945,
      9.332260131835938,
      20.39763832092285,
      4.937185287475586,
      6.738590717315674,
      5.758275508880615,
      7.61706018447876,
      5.590135097503662,
      7.038385391235352,
      5.0429511070251465,
      6.019289970397949,
      4.733481407165527,
      4.185878276824951,
      3.117565393447876,
      4.167252063751221
    ],
    [
      0.05502517148852348,
      3.2014307975769043,
      1.6441296339035034,
      2.5293893814086914,
      8.03825569152832,
      4.937185287475586,
      21.38131332397461,
      14.113518714904785,
      13.797213554382324,
      11.625650405883789,
      13.378564834594727,
      11.072382926940918,
      16.074180603027344,
      13.788277626037598,
      13.61616325378418,
      10.714681625366211,
      9.170842170715332,
      10.709513664245605
    ],
    [
      1.4387367963790894,
      3.2209341526031494,
      1.573151707649231,
      1.998661756515503,
      7.1704816818237305,
      6.738590717315674,
      14.113518714904785,
      18.410533905029297,
      11.34726619720459,
      11.426657676696777,
      10.369799613952637,
      9.608782768249512,
      12.8178071975708,
      12.31189250946045,
      11.36023235321045,
      9.174495697021484,
      8.033714294433594,
      9.548361778259277
    ],
    [
      0.15475168824195862,
      2.351860761642456,
      2.7405943870544434,
      3.010929822921753,
      8.583878517150879,
      5.758275508880615,
      13.797213554382324,
      11.34726619720459,
      16.98406982421875,
      11.28100299835205,
      14.162632942199707,
      10.846966743469238,
      16.765607833862305,
      14.052063941955566,
      14.802708625793457,
      11.597082138061523,
      10.66627025604248,
      11.524773597717285
    ],
    [
      1.2702707052230835,
      2.8776228427886963,
      2.4134106636047363,
      2.7737863063812256,
      7.760636329650879,
      7.61706018447876,
      11.625650405883789,
      11.426657676696777,
      11.28100299835205,
      13.464301109313965,
      10.380154609680176,
      9.675929069519043,
      12.320128440856934,
      11.853218078613281,
      10.273457527160645,
      8.37858772277832,
      6.578518867492676,
      8.199063301086426
    ],
    [
      0.235510915517807,
      2.028887987136841,
      3.490658760070801,
      3.4985952377319336,
      10.453286170959473,
      5.590135097503662,
      13.378564834594727,
      10.369799613952637,
      14.162632942199707,
      10.380154609680176,
      20.34792709350586,
      13.528528213500977,
      22.404197692871094,
      17.759658813476562,
      20.94851303100586,
      15.994513511657715,
      16.43631362915039,
      16.73107147216797
    ],
    [
      0.6155913472175598,
      2.105435609817505,
      2.431483507156372,
      2.7386906147003174,
      9.120463371276855,
      7.038385391235352,
      11.072382926940918,
      9.608782768249512,
      10.846966743469238,
      9.675929069519043,
      13.528528213500977,
      13.633780479431152,
      16.04095458984375,
      15.05923843383789,
      14.573160171508789,
      12.643229484558105,
      10.095311164855957,
      12.25683307647705
    ],
    [
      -1.3371785879135132,
      1.8538358211517334,
      4.290102958679199,
      4.058477878570557,
      11.688156127929688,
      5.0429511070251465,
      16.074180603027344,
      12.8178071975708,
      16.765607833862305,
      12.320128440856934,
      22.404197692871094,
      16.04095458984375,
      32.46469497680664,
      24.727609634399414,
      31.842041015625,
      24.139928817749023,
      26.80340576171875,
      27.96885871887207
    ],
    [
      0.25962626934051514,
      2.6974332332611084,
      3.1972665786743164,
      3.114244222640991,
      10.527873992919922,
      6.019289970397949,
      13.788277626037598,
      12.31189250946045,
      14.052063941955566,
      11.853218078613281,
      17.759658813476562,
      15.05923843383789,
      24.727609634399414,
      24.342269897460938,
      24.06918716430664,
      21.1195068359375,
      18.282325744628906,
      21.938074111938477
    ],
    [
      -3.2271318435668945,
      0.669468104839325,
      5.941310405731201,
      5.487998962402344,
      10.608209609985352,
      4.733481407165527,
      13.61616325378418,
      11.36023235321045,
      14.802708625793457,
      10.273457527160645,
      20.94851303100586,
      14.573160171508789,
      31.842041015625,
      24.06918716430664,
      48.25043869018555,
      34.132354736328125,
      46.76276779174805,
      44.77945327758789
    ],
    [
      -1.397166132926941,
      1.106968879699707,
      4.342659950256348,
      3.9535558223724365,
      8.909842491149902,
      4.185878276824951,
      10.714681625366211,
      9.174495697021484,
      11.597082138061523,
      8.37858772277832,
      15.994513511657715,
      12.643229484558105,
      24.139928817749023,
      21.1195068359375,
      34.132354736328125,
      31.772563934326172,
      32.613651275634766,
      35.01819610595703
    ],
    [
      -5.0831522941589355,
      0.00027015540399588645,
      6.738397598266602,
      5.052481651306152,
      7.818521976470947,
      3.117565393447876,
      9.170842170715332,
      8.033714294433594,
      10.66627025604248,
      6.578518867492676,
      16.43631362915039,
      10.095311164855957,
      26.80340576171875,
      18.282325744628906,
      46.76276779174805,
      32.613651275634766,
      76.45832061767578,
      57.77785110473633
    ],
    [
      -2.698990821838379,
      0.6134235262870789,
      5.679408550262451,
      4.653297424316406,
      8.718806266784668,
      4.167252063751221,
      10.709513664245605,
      9.548361778259277,
      11.524773597717285,
      8.199063301086426,
      16.73107147216797,
      12.25683307647705,
      27.96885871887207,
      21.938074111938477,
      44.77945327758789,
      35.01819610595703,
      57.77785110473633,
      59.86799621582031
    ]
  ],
  "damage": -2.5852699279785156,
  "diff_bandwidth": 713.5169067382812,
  "dissonance": 8.241730597740235,
  "drr": 7.4608001708984375,
  "dynamics": 1.9837011098861694,
  "format": 1245190,
  "frames": 11073536,
  "loudness": -7.934457302093506,
  "loudness_range": 4.6944732666015625,
  "loudness_range_short": 6.405869483947754,
  "lowpass_true_peak_15khz": 1.0266778469085693,
  "mastering3_acoustic_entropies": [
    {
      "acoustic_entropy": 6.098887920379639,
      "acoustic_entropy_mono": 5.951882362365723,
      "band_eliminated_acoustic_entropies": [
        {
          "acoustic_entropy": 6.084018707275391,
          "acoustic_entropy_side": 6.098823547363281,
          "hz": 129.47220167065723
        },
        {
          "acoustic_entropy": 6.058648109436035,
          "acoustic_entropy_side": 6.0938262939453125,
          "hz": 202.92927478742237
        },
        {
          "acoustic_entropy": 6.08571195602417,
          "acoustic_entropy_side": 6.089011192321777,
          "hz": 282.89161906338205
        },
        {
          "acoustic_entropy": 5.859997749328613,
          "acoustic_entropy_side": 5.887935161590576,
          "hz": 369.9353335868758
        },
        {
          "acoustic_entropy": 5.9790472984313965,
          "acoustic_entropy_side": 5.74265193939209,
          "hz": 464.6875360973435
        },
        {
          "acoustic_entropy": 6.234583377838135,
          "acoustic_entropy_side": 6.871061325073242,
          "hz": 567.8308811364784
        },
        {
          "acoustic_entropy": 5.932362079620361,
          "acoustic_entropy_side": 5.849462985992432,
          "hz": 680.1084783214808
        },
        {
          "acoustic_entropy": 5.225603103637695,
          "acoustic_entropy_side": 5.795320510864258,
          "hz": 802.3292461747484
        },
        {
          "acoustic_entropy": 5.719184875488281,
          "acoustic_entropy_side": 6.365906715393066,
          "hz": 935.3737400823702
        },
        {
          "acoustic_entropy": 5.6684136390686035,
          "acoustic_entropy_side": 6.0502519607543945,
          "hz": 1080.2004963696966
        },
        {
          "acoustic_entropy": 6.380579471588135,
          "acoustic_entropy_side": 6.307142734527588,
          "hz": 1237.8529382007157
        },
        {
          "acoustic_entropy": 6.483702182769775,
          "acoustic_entropy_side": 6.250706195831299,
          "hz": 1409.4668930556702
        },
        {
          "acoustic_entropy": 6.0033650398254395,
          "acoustic_entropy_side": 5.72527551651001,
          "hz": 1596.2787759475705
        },
        {
          "acoustic_entropy": 5.375313758850098,
          "acoustic_entropy_side": 6.1139140129089355,
          "hz": 1799.6344973346393
        },
        {
          "acoustic_entropy": 6.084997653961182,
          "acoustic_entropy_side": 6.024550914764404,
          "hz": 2020.9991599069049
        },
        {
          "acoustic_entropy": 6.224036693572998,
          "acoustic_entropy_side": 6.114335536956787,
          "hz": 2261.9676141086993
        },
        {
          "acoustic_entropy": 6.012935161590576,
          "acoustic_entropy_side": 6.092205047607422,
          "hz": 2524.2759484456974
        },
        {
          "acoustic_entropy": 5.596633434295654,
          "acoustic_entropy_side": 6.091566562652588,
          "hz": 2809.813997359896
        },
        {
          "acoustic_entropy": 6.32133150100708,
          "acoustic_entropy_side": 6.11860990524292,
          "hz": 3120.6389567871424
        },
        {
          "acoustic_entropy": 5.644662380218506,
          "acoustic_entropy_side": 6.152413368225098,
          "hz": 3458.990205492291
        },
        {
          "acoustic_entropy": 5.948435306549072,
          "acoustic_entropy_side": 6.0722174644470215,
          "hz": 3827.305438964164
        },
        {
          "acoustic_entropy": 6.004826068878174,
          "acoustic_entropy_side": 6.101558208465576,
          "hz": 4228.238232109126
        },
        {
          "acoustic_entropy": 5.863583087921143,
          "acoustic_entropy_side": 6.049944877624512,
          "hz": 4664.6771572759235
        },
        {
          "acoustic_entropy": 5.990379810333252,
          "acoustic_entropy_side": 6.099972724914551,
          "hz": 5139.766595350093
        },
        {
          "acoustic_entropy": 5.967731952667236,
          "acoustic_entropy_side": 6.090613842010498,
          "hz": 5656.929389854203
        },
        {
          "acoustic_entropy": 6.070135593414307,
          "acoustic_entropy_side": 6.097474575042725,
          "hz": 6219.891507268283
        },
        {
          "acoustic_entropy": 6.085456371307373,
          "acoustic_entropy_side": 6.097235679626465,
          "hz": 6832.70888123896
        },
        {
          "acoustic_entropy": 6.094158172607422,
          "acoustic_entropy_side": 6.098733425140381,
          "hz": 7499.796634079867
        },
        {
          "acoustic_entropy": 6.106398582458496,
          "acoustic_entropy_side": 6.1005377769470215,
          "hz": 8225.96088609342
        },
        {
          "acoustic_entropy": 6.115850925445557,
          "acoustic_entropy_side": 6.101900577545166,
          "hz": 9016.43338188839
        },
        {
          "acoustic_entropy": 6.119964122772217,
          "acoustic_entropy_side": 6.101874351501465,
          "hz": 9876.909183162974
        },
        {
          "acoustic_entropy": 6.1284637451171875,
          "acoustic_entropy_side": 6.102118968963623,
          "hz": 10813.587699516042
        },
        {
          "acoustic_entropy": 6.128236293792725,
          "acoustic_entropy_side": 6.102583885192871,
          "hz": 11833.21735289826
        },
        {
          "acoustic_entropy": 6.136477470397949,
          "acoustic_entropy_side": 6.102100372314453,
          "hz": 12943.144197493959
        },
        {
          "acoustic_entropy": 6.140078544616699,
          "acoustic_entropy_side": 6.100943565368652,
          "hz": 14151.364845322005
        },
        {
          "acoustic_entropy": 6.142611026763916,
          "acoustic_entropy_side": 6.100907802581787,
          "hz": 15466.58407886509
        },
        {
          "acoustic_entropy": 6.149196147918701,
          "acoustic_entropy_side": 6.102104663848877,
          "hz": 16898.27756580493
        },
        {
          "acoustic_entropy": 6.1562581062316895,
          "acoustic_entropy_side": 6.104467391967773,
          "hz": 18456.760127700032
        },
        {
          "acoustic_entropy": 6.145323753356934,
          "acoustic_entropy_side": 6.104787349700928,
          "hz": 20153.260054456492
        },
        {
          "acoustic_entropy": 6.129530429840088,
          "acoustic_entropy_side": 6.099856376647949,
          "hz": 22000.00000000001
        }
      ],
      "diff_acoustic_entropy": 5.00376033782959,
      "sn": 6
    },
    {
      "acoustic_entropy": 9.793213844299316,
      "acoustic_entropy_mono": 7.79513692855835,
      "band_eliminated_acoustic_entropies": [
        {
          "acoustic_entropy": 9.739401817321777,
          "acoustic_entropy_side": 9.770493507385254,
          "hz": 129.47220167065723
        },
        {
          "acoustic_entropy": 9.482552528381348,
          "acoustic_entropy_side": 9.529208183288574,
          "hz": 202.92927478742237
        },
        {
          "acoustic_entropy": 9.692817687988281,
          "acoustic_entropy_side": 9.33814811706543,
          "hz": 282.89161906338205
        },
        {
          "acoustic_entropy": 9.809449195861816,
          "acoustic_entropy_side": 9.554893493652344,
          "hz": 369.9353335868758
        },
        {
          "acoustic_entropy": 9.689581871032715,
          "acoustic_entropy_side": 9.646717071533203,
          "hz": 464.6875360973435
        },
        {
          "acoustic_entropy": 9.37942123413086,
          "acoustic_entropy_side": 10.485206604003906,
          "hz": 567.8308811364784
        },
        {
          "acoustic_entropy": 9.939017295837402,
          "acoustic_entropy_side": 10.257884979248047,
          "hz": 680.1084783214808
        },
        {
          "acoustic_entropy": 9.836342811584473,
          "acoustic_entropy_side": 10.058561325073242,
          "hz": 802.3292461747484
        },
        {
          "acoustic_entropy": 9.660938262939453,
          "acoustic_entropy_side": 10.409989356994629,
          "hz": 935.3737400823702
        },
        {
          "acoustic_entropy": 9.348937034606934,
          "acoustic_entropy_side": 8.909493446350098,
          "hz": 1080.2004963696966
        },
        {
          "acoustic_entropy": 9.148991584777832,
          "acoustic_entropy_side": 9.695751190185547,
          "hz": 1237.8529382007157
        },
        {
          "acoustic_entropy": 9.3848237991333,
          "acoustic_entropy_side": 9.515083312988281,
          "hz": 1409.4668930556702
        },
        {
          "acoustic_entropy": 10.209966659545898,
          "acoustic_entropy_side": 9.568801879882812,
          "hz": 1596.2787759475705
        },
        {
          "acoustic_entropy": 9.84895133972168,
          "acoustic_entropy_side": 9.63260269165039,
          "hz": 1799.6344973346393
        },
        {
          "acoustic_entropy": 9.59591293334961,
          "acoustic_entropy_side": 9.684541702270508,
          "hz": 2020.9991599069049
        },
        {
          "acoustic_entropy": 9.478245735168457,
          "acoustic_entropy_side": 9.558093070983887,
          "hz": 2261.9676141086993
        },
        {
          "acoustic_entropy": 9.650663375854492,
          "acoustic_entropy_side": 9.747406005859375,
          "hz": 2524.2759484456974
        },
        {
          "acoustic_entropy": 9.599444389343262,
          "acoustic_entropy_side": 9.900524139404297,
          "hz": 2809.813997359896
        },
        {
          "acoustic_entropy": 9.550833702087402,
          "acoustic_entropy_side": 9.432693481445312,
          "hz": 3120.6389567871424
        },
        {
          "acoustic_entropy": 9.728717803955078,
          "acoustic_entropy_side": 9.639110565185547,
          "hz": 3458.990205492291
        },
        {
          "acoustic_entropy": 9.627887725830078,
          "acoustic_entropy_side": 9.63874626159668,
          "hz": 3827.305438964164
        },
        {
          "acoustic_entropy": 9.961363792419434,
          "acoustic_entropy_side": 9.741673469543457,
          "hz": 4228.238232109126
        },
        {
          "acoustic_entropy": 9.450624465942383,
          "acoustic_entropy_side": 9.573360443115234,
          "hz": 4664.6771572759235
        },
        {
          "acoustic_entropy": 9.853995323181152,
          "acoustic_entropy_side": 9.801745414733887,
          "hz": 5139.766595350093
        },
        {
          "acoustic_entropy": 9.643197059631348,
          "acoustic_entropy_side": 9.708812713623047,
          "hz": 5656.929389854203
        },
        {
          "acoustic_entropy": 9.847859382629395,
          "acoustic_entropy_side": 9.805246353149414,
          "hz": 6219.891507268283
        },
        {
          "acoustic_entropy": 9.775796890258789,
          "acoustic_entropy_side": 9.81809139251709,
          "hz": 6832.70888123896
        },
        {
          "acoustic_entropy": 9.833263397216797,
          "acoustic_entropy_side": 9.82977294921875,
          "hz": 7499.796634079867
        },
        {
          "acoustic_entropy": 9.92525577545166,
          "acoustic_entropy_side": 9.89521598815918,
          "hz": 8225.96088609342
        },
        {
          "acoustic_entropy": 9.887388229370117,
          "acoustic_entropy_side": 9.885828971862793,
          "hz": 9016.43338188839
        },
        {
          "acoustic_entropy": 9.871562957763672,
          "acoustic_entropy_side": 9.85622787475586,
          "hz": 9876.909183162974
        },
        {
          "acoustic_entropy": 9.855374336242676,
          "acoustic_entropy_side": 9.84447193145752,
          "hz": 10813.587699516042
        },
        {
          "acoustic_entropy": 9.831064224243164,
          "acoustic_entropy_side": 9.83385944366455,
          "hz": 11833.21735289826
        },
        {
          "acoustic_entropy": 9.810792922973633,
          "acoustic_entropy_side": 9.824860572814941,
          "hz": 12943.144197493959
        },
        {
          "acoustic_entropy": 9.823487281799316,
          "acoustic_entropy_side": 9.83059024810791,
          "hz": 14151.364845322005
        },
        {
          "acoustic_entropy": 9.80739688873291,
          "acoustic_entropy_side": 9.832443237304688,
          "hz": 15466.58407886509
        },
        {
          "acoustic_entropy": 9.818181037902832,
          "acoustic_entropy_side": 9.838768005371094,
          "hz": 16898.27756580493
        },
        {
          "acoustic_entropy": 9.791576385498047,
          "acoustic_entropy_side": 9.860437393188477,
          "hz": 18456.760127700032
        },
        {
          "acoustic_entropy": 9.775357246398926,
          "acoustic_entropy_side": 9.873740196228027,
          "hz": 20153.260054456492
        },
        {
          "acoustic_entropy": 9.742302894592285,
          "acoustic_entropy_side": 9.810955047607422,
          "hz": 22000.00000000001
        }
      ],
      "diff_acoustic_entropy": 9.325915336608887,
      "sn": 12
    },
    {
      "acoustic_entropy": 13.467334747314453,
      "acoustic_entropy_mono": 11.343981742858887,
      "band_eliminated_acoustic_entropies": [
        {
          "acoustic_entropy": 13.471811294555664,
          "acoustic_entropy_side": 13.387107849121094,
          "hz": 129.47220167065723
        },
        {
          "acoustic_entropy": 13.514236450195312,
          "acoustic_entropy_side": 13.356948852539062,
          "hz": 202.92927478742237
        },
        {
          "acoustic_entropy": 14.299604415893555,
          "acoustic_entropy_side": 13.944625854492188,
          "hz": 282.89161906338205
        },
        {
          "acoustic_entropy": 13.659159660339355,
          "acoustic_entropy_side": 13.205016136169434,
          "hz": 369.9353335868758
        },
        {
          "acoustic_entropy": 13.599627494812012,
          "acoustic_entropy_side": 13.430256843566895,
          "hz": 464.6875360973435
        },
        {
          "acoustic_entropy": 13.599996566772461,
          "acoustic_entropy_side": 13.659111022949219,
          "hz": 567.8308811364784
        },
        {
          "acoustic_entropy": 12.8358736038208,
          "acoustic_entropy_side": 13.199429512023926,
          "hz": 680.1084783214808
        },
        {
          "acoustic_entropy": 13.951946258544922,
          "acoustic_entropy_side": 13.669319152832031,
          "hz": 802.3292461747484
        },
        {
          "acoustic_entropy": 14.005678176879883,
          "acoustic_entropy_side": 13.673704147338867,
          "hz": 935.3737400823702
        },
        {
          "acoustic_entropy": 13.67138671875,
          "acoustic_entropy_side": 13.449487686157227,
          "hz": 1080.2004963696966
        },
        {
          "acoustic_entropy": 13.154422760009766,
          "acoustic_entropy_side": 13.704984664916992,
          "hz": 1237.8529382007157
        },
        {
          "acoustic_entropy": 14.586862564086914,
          "acoustic_entropy_side": 14.201020240783691,
          "hz": 1409.4668930556702
        },
        {
          "acoustic_entropy": 14.234763145446777,
          "acoustic_entropy_side": 13.851448059082031,
          "hz": 1596.2787759475705
        },
        {
          "acoustic_entropy": 12.520642280578613,
          "acoustic_entropy_side": 13.145355224609375,
          "hz": 1799.6344973346393
        },
        {
          "acoustic_entropy": 13.312315940856934,
          "acoustic_entropy_side": 13.208988189697266,
          "hz": 2020.9991599069049
        },
        {
          "acoustic_entropy": 13.35432243347168,
          "acoustic_entropy_side": 13.460515975952148,
          "hz": 2261.9676141086993
        },
        {
          "acoustic_entropy": 13.379087448120117,
          "acoustic_entropy_side": 13.488771438598633,
          "hz": 2524.2759484456974
        },
        {
          "acoustic_entropy": 13.522650718688965,
          "acoustic_entropy_side": 13.435750007629395,
          "hz": 2809.813997359896
        },
        {
          "acoustic_entropy": 13.4661865234375,
