{
  "acoustic_entropy": 168.61868286132812,
  "bands": [
    {
      "high_freq": 148.1999969482422,
      "loudness": -34.40966033935547,
      "loudness_range": 12.90976333618164,
      "mid_mean": -35.07421875,
      "mid_to_side_loudness": 0.41565367579460144,
      "mid_to_side_loudness_range": 21.129568099975586,
      "side_mean": -34.540042877197266
    },
    {
      "high_freq": 392.3793640136719,
      "loudness": -24.372148513793945,
      "loudness_range": 11.522468566894531,
      "low_freq": 148.1999969482422,
      "mid_mean": -22.631980895996094,
      "mid_to_side_loudness": -4.775096416473389,
      "mid_to_side_loudness_range": 17.37285614013672,
      "side_mean": -27.409963607788086
    },
    {
      "high_freq": 794.6976318359375,
      "loudness": -28.98860740661621,
      "loudness_range": 20.460529327392578,
      "low_freq": 392.3793640136719,
      "mid_mean": -27.15218734741211,
      "mid_to_side_loudness": -5.033716201782227,
      "mid_to_side_loudness_range": 19.326610565185547,
      "side_mean": -32.483768463134766
    },
    {
      "high_freq": 1457.5709228515625,
      "loudness": -36.18745803833008,
      "loudness_range": 30.60861587524414,
      "low_freq": 794.6976318359375,
      "mid_mean": -34.2957649230957,
      "mid_to_side_loudness": -5.958300590515137,
      "mid_to_side_loudness_range": 21.716358184814453,
      "side_mean": -40.688602447509766
    },
    {
      "high_freq": 2549.74365234375,
      "loudness": -38.954776763916016,
      "loudness_range": 26.461013793945312,
      "low_freq": 1457.5709228515625,
      "mid_mean": -36.950191497802734,
      "mid_to_side_loudness": -6.034041404724121,
      "mid_to_side_loudness_range": 20.117578506469727,
      "side_mean": -43.18922424316406
    },
    {
      "high_freq": 4349.24462890625,
      "loudness": -42.19783020019531,
      "loudness_range": 25.442543029785156,
      "low_freq": 2549.74365234375,
      "mid_mean": -40.01209259033203,
      "mid_to_side_loudness": -6.719304084777832,
      "mid_to_side_loudness_range": 19.7218074798584,
      "side_mean": -46.99457931518555
    },
    {
      "high_freq": 7314.1640625,
      "loudness": -47.82695770263672,
      "loudness_range": 21.65393829345703,
      "low_freq": 4349.24462890625,
      "mid_mean": -45.89328384399414,
      "mid_to_side_loudness": -5.185677528381348,
      "mid_to_side_loudness_range": 17.048377990722656,
      "side_mean": -51.778053283691406
    },
    {
      "high_freq": 12199.2666015625,
      "loudness": -46.774505615234375,
      "loudness_range": 26.936100006103516,
      "low_freq": 7314.1640625,
      "mid_mean": -43.997955322265625,
      "mid_to_side_loudness": -10.802837371826172,
      "mid_to_side_loudness_range": 19.524972915649414,
      "side_mean": -55.86275863647461
    },
    {
      "loudness": -55.769798278808594,
      "loudness_range": 27.093276977539062,
      "low_freq": 12199.2666015625,
      "mid_mean": -53.07178497314453,
      "mid_to_side_loudness": -10.111626625061035,
      "mid_to_side_loudness_range": 16.787639617919922,
      "side_mean": -62.239593505859375
    }
  ],
  "bands_short": [
    {
      "high_freq": 148.1999969482422,
      "loudness": -48.05949783325195,
      "loudness_range": 22.775543212890625,
      "mid_mean": -47.80049514770508,
      "mid_to_side_loudness": -1.0600149631500244,
      "mid_to_side_loudness_range": 18.00023078918457,
      "side_mean": -48.92321014404297
    },
    {
      "high_freq": 392.3793640136719,
      "loudness": -24.776241302490234,
      "loudness_range": 12.72834587097168,
      "low_freq": 148.1999969482422,
      "mid_mean": -23.3475399017334,
      "mid_to_side_loudness": -3.9271087646484375,
      "mid_to_side_loudness_range": 17.901704788208008,
      "side_mean": -27.24928855895996
    },
    {
      "high_freq": 794.6976318359375,
      "loudness": -28.40972900390625,
      "loudness_range": 19.850404739379883,
      "low_freq": 392.3793640136719,
      "mid_mean": -26.723649978637695,
      "mid_to_side_loudness": -5.129008769989014,
      "mid_to_side_loudness_range": 21.990230560302734,
      "side_mean": -32.20436096191406
    },
    {
      "high_freq": 1457.5709228515625,
      "loudness": -36.64842224121094,
      "loudness_range": 31.479162216186523,
      "low_freq": 794.6976318359375,
      "mid_mean": -34.99978256225586,
      "mid_to_side_loudness": -5.1579813957214355,
      "mid_to_side_loudness_range": 22.750240325927734,
      "side_mean": -40.932552337646484
    },
    {
      "high_freq": 2549.74365234375,
      "loudness": -39.71311569213867,
      "loudness_range": 28.001245498657227,
      "low_freq": 1457.5709228515625,
      "mid_mean": -37.8768424987793,
      "mid_to_side_loudness": -5.583322525024414,
      "mid_to_side_loudness_range": 21.339981079101562,
      "side_mean": -43.81833267211914
    },
    {
      "high_freq": 4349.24462890625,
      "loudness": -43.04410934448242,
      "loudness_range": 27.183778762817383,
      "low_freq": 2549.74365234375,
      "mid_mean": -40.98922348022461,
      "mid_to_side_loudness": -6.785080432891846,
      "mid_to_side_loudness_range": 21.77870750427246,
      "side_mean": -48.3798713684082
    },
    {
      "high_freq": 7314.1640625,
      "loudness": -49.26348114013672,
      "loudness_range": 24.223255157470703,
      "low_freq": 4349.24462890625,
      "mid_mean": -47.5401611328125,
      "mid_to_side_loudness": -6.008978843688965,
      "mid_to_side_loudness_range": 19.760255813598633,
      "side_mean": -54.212677001953125
    },
    {
      "high_freq": 12199.2666015625,
      "loudness": -47.55257034301758,
      "loudness_range": 28.011028289794922,
      "low_freq": 7314.1640625,
      "mid_mean": -45.20708465576172,
      "mid_to_side_loudness": -11.206535339355469,
      "mid_to_side_loudness_range": 20.171405792236328,
      "side_mean": -57.65503692626953
    },
    {
      "loudness": -56.96377944946289,
      "loudness_range": 28.901107788085938,
      "low_freq": 12199.2666015625,
      "mid_mean": -54.29316329956055,
      "mid_to_side_loudness": -10.28394889831543,
      "mid_to_side_loudness_range": 17.33073616027832,
      "side_mean": -63.236141204833984
    }
  ],
  "bandwidth": 632.8121948242188,
  "channels": 2,
  "covariance": [
    [
      34.53447341918945,
      6.206721305847168,
      8.32282543182373,
      2.4588406085968018,
      11.196892738342285,
      4.457037448883057,
      13.096671104431152,
      8.54504680633545,
      8.501386642456055,
      3.4811644554138184,
      8.497279167175293,
      3.4185397624969482,
      6.998225688934326,
      2.2269999980926514,
      10.60815715789795,
      5.181687355041504,
      10.540970802307129,
      3.952951192855835
    ],
    [
      6.206721305847168,
      27.647411346435547,
      6.281737804412842,
      7.64564847946167,
      5.551300048828125,
      3.813507080078125,
      6.24544095993042,
      5.521276473999023,
      4.2106170654296875,
      2.9753012657165527,
      4.686008930206299,
      2.4308598041534424,
      2.3406615257263184,
      -0.5729993581771851,
      7.395515441894531,
      1.5401796102523804,
      7.245665550231934,
      1.864111304283142
    ],
    [
      8.32282543182373,
      6.281737804412842,
      27.862777709960938,
      5.135945796966553,
      22.839738845825195,
      12.249032974243164,
      25.76727294921875,
      15.269877433776855,
      23.285669326782227,
      11.105393409729004,
      19.25341033935547,
      8.089852333068848,
      12.855579376220703,
      6.18002462387085,
      25.10474395751953,
      13.054789543151855,
      24.207355499267578,
      10.183635711669922
    ],
    [
      2.4588406085968018,
      7.64564847946167,
      5.135945796966553,
      18.315353393554688,
      9.278735160827637,
      11.88375473022461,
      9.530601501464844,
      14.74617862701416,
      7.04360294342041,
      10.72598934173584,
      4.204530239105225,
      6.891114711761475,
      3.8886818885803223,
      5.858381748199463,
      2.328219413757324,
      5.197760581970215,
      2.438403367996216,
      3.815425395965576
    ],
    [
      11.196892738342285,
      5.551300048828125,
      22.839738845825195,
      9.278735160827637,
      59.84321212768555,
      22.389577865600586,
      68.43045043945312,
      32.451175689697266,
      56.80890655517578,
      22.06662368774414,
      50.93753433227539,
      19.140972137451172,
      35.109073638916016,
      12.997368812561035,
      49.067466735839844,
      26.293651580810547,
      48.46064758300781,
      23.68041229248047
    ],
    [
      4.457037448883057,
      3.813507080078125,
      12.249032974243164,
      11.88375473022461,
      22.389577865600586,
      30.678571701049805,
      24.356443405151367,
      28.280399322509766,
      18.397953033447266,
      18.552581787109375,
      15.786530494689941,
      14.936532974243164,
      12.527325630187988,
      13.091283798217773,
      11.201526641845703,
      14.01644229888916,
      13.107938766479492,
      10.559389114379883
    ],
    [
      13.096671104431152,
      6.24544095993042,
      25.76727294921875,
      9.530601501464844,
      68.43045043945312,
      24.356443405151367,
      107.89730834960938,
      44.48466110229492,
      82.49742126464844,
      29.388471603393555,
      73.29568481445312,
      25.996776580810547,
      47.92739486694336,
      16.055084228515625,
      63.95516586303711,
      32.20277786254883,
      65.00131225585938,
      31.558645248413086
    ],
    [
      8.54504680633545,
      5.521276473999023,
      15.269877433776855,
      14.74617862701416,
      32.451175689697266,
      28.280399322509766,
      44.48466110229492,
      45.90151596069336,
      31.768211364746094,
      26.891496658325195,
      28.650636672973633,
      21.41570281982422,
      21.273317337036133,
      15.383106231689453,
      20.873443603515625,
      18.4849853515625,
      22.54071617126465,
      15.670465469360352
    ],
    [
      8.501386642456055,
      4.2106170654296875,
      23.285669326782227,
      7.04360294342041,
      56.80890655517578,
      18.397953033447266,
      82.49742126464844,
      31.768211364746094,
      84.08507537841797,
      29.20063591003418,
      74.63456726074219,
      26.715579986572266,
      51.67737579345703,
      17.697912216186523,
      61.78679275512695,
      32.655296325683594,
      61.7019157409668,
      30.381305694580078
    ],
    [
      3.4811644554138184,
      2.9753012657165527,
      11.105393409729004,
      10.72598934173584,
      22.06662368774414,
      18.552581787109375,
      29.388471603393555,
      26.891496658325195,
      29.20063591003418,
      27.730276107788086,
      25.627042770385742,
      23.40102767944336,
      20.01810073852539,
      18.357221603393555,
      15.921404838562012,
      18.042179107666016,
      17.15614128112793,
      13.951407432556152
    ],
    [
      8.497279167175293,
      4.686008930206299,
      19.25341033935547,
      4.204530239105225,
      50.93753433227539,
      15.786530494689941,
      73.29568481445312,
      28.650636672973633,
      74.63456726074219,
      25.627042770385742,
      83.78013610839844,
      29.601112365722656,
      62.80120086669922,
      21.333070755004883,
      69.70247650146484,
      37.22417068481445,
      68.45516967773438,
      33.57611083984375
    ],
    [
      3.4185397624969482,
      2.4308598041534424,
      8.089852333068848,
      6.891114711761475,
      19.140972137451172,
      14.936532974243164,
      25.996776580810547,
      21.41570281982422,
      26.715579986572266,
      23.40102767944336,
      29.601112365722656,
      29.85096549987793,
      24.49089813232422,
      23.4067440032959,
      17.58286476135254,
      22.161453247070312,
      18.770160675048828,
      15.949907302856445
    ],
    [
      6.998225688934326,
      2.3406615257263184,
      12.855579376220703,
      3.8886818885803223,
      35.109073638916016,
      12.527325630187988,
      47.92739486694336,
      21.273317337036133,
      51.67737579345703,
      20.01810073852539,
      62.80120086669922,
      24.49089813232422,
      66.64218139648438,
      27.105424880981445,
      61.46317672729492,
      37.90709686279297,
      59.59211730957031,
      32.2665901184082
    ],
    [
      2.2269999980926514,
      -0.5729993581771851,
      6.18002462387085,
      5.858381748199463,
      12.997368812561035,
      13.091283798217773,
      16.055084228515625,
      15.383106231689453,
      17.697912216186523,
      18.357221603393555,
      21.333070755004883,
      23.4067440032959,
      27.105424880981445,
      38.90491485595703,
      14.438823699951172,
      31.01487922668457,
      24.038959503173828,
      19.638919830322266
    ],
    [
      10.60815715789795,
      7.395515441894531,
      25.10474395751953,
      2.328219413757324,
      49.067466735839844,
      11.201526641845703,
      63.95516586303711,
      20.873443603515625,
      61.78679275512695,
      15.921404838562012,
      69.70247650146484,
      17.58286476135254,
      61.46317672729492,
      14.438823699951172,
      94.67816925048828,
      37.87404251098633,
      82.98047637939453,
      35.27640914916992
    ],
    [
      5.181687355041504,
      1.5401796102523804,
      13.054789543151855,
      5.197760581970215,
      26.293651580810547,
      14.01644229888916,
      32.20277786254883,
      18.4849853515625,
      32.655296325683594,
      18.042179107666016,
      37.22417068481445,
      22.161453247070312,
      37.90709686279297,
      31.01487922668457,
      37.87404251098633,
      38.47394561767578,
      42.31680679321289,
      27.346363067626953
    ],
    [
      10.540970802307129,
      7.245665550231934,
      24.207355499267578,
      2.438403367996216,
      48.46064758300781,
      13.107938766479492,
      65.00131225585938,
      22.54071617126465,
      61.7019157409668,
      17.15614128112793,
      68.45516967773438,
      18.770160675048828,
      59.59211730957031,
      24.038959503173828,
      82.98047637939453,
      42.31680679321289,
      89.77745819091797,
      39.112152099609375
    ],
    [
      3.952951192855835,
      1.864111304283142,
      10.183635711669922,
      3.815425395965576,
      23.68041229248047,
      10.559389114379883,
      31.558645248413086,
      15.670465469360352,
      30.381305694580078,
      13.951407432556152,
      33.57611083984375,
      15.949907302856445,
      32.2665901184082,
      19.638919830322266,
      35.27640914916992,
      27.346363067626953,
      39.112152099609375,
      24.511367797851562
    ]
  ],
  "covariance_short": [
    [
      61.641971588134766,
      44.008949279785156,
      18.4447078704834,
      15.643620491027832,
      10.676300048828125,
      9.904548645019531,
      14.929916381835938,
      16.428489685058594,
      10.6157808303833,
      9.532665252685547,
      10.549439430236816,
      10.931095123291016,
      11.600767135620117,
      12.6411714553833,
      13.430279731750488,
      13.959144592285156,
      16.72703742980957,
      8.088805198669434
    ],
    [
      44.008949279785156,
      66.04676818847656,
      15.346762657165527,
      20.99435043334961,
      8.808797836303711,
      9.745274543762207,
      12.683381080627441,
      14.573908805847168,
      9.100311279296875,
      9.746337890625,
      9.49777889251709,
      11.262343406677246,
      11.092475891113281,
      14.509658813476562,
      11.239423751831055,
      13.982278823852539,
      16.378931045532227,
      8.615730285644531
    ],
    [
      18.4447078704834,
      15.346762657165527,
      31.25740623474121,
      7.951570510864258,
      21.614606857299805,
      10.886260032653809,
      24.81328582763672,
      15.247113227844238,
      21.198747634887695,
      9.900995254516602,
      17.35272216796875,
      8.670682907104492,
      11.962130546569824,
      5.322961807250977,
      23.520946502685547,
      13.037830352783203,
      22.390016555786133,
      8.134098052978516
    ],
    [
      15.643620491027832,
      20.99435043334961,
      7.951570510864258,
      23.903011322021484,
      9.991971015930176,
      12.173315048217773,
      11.373835563659668,
      14.014427185058594,
      8.181269645690918,
      9.769721984863281,
      6.067927837371826,
      7.552127361297607,
      5.773279666900635,
      5.277357578277588,
      5.280332565307617,
      5.813336372375488,
      5.206648826599121,
      4.031838893890381
    ],
    [
      10.676300048828125,
      8.808797836303711,
      21.614606857299805,
      9.991971015930176,
      63.31418228149414,
      20.361549377441406,
      68.34590148925781,
      32.867271423339844,
      57.878440856933594,
      23.424625396728516,
      51.91901779174805,
      22.788793563842773,
      38.06639862060547,
      14.706609725952148,
      50.66932678222656,
      30.211397171020508,
      48.95979690551758,
      22.4725399017334
    ],
    [
      9.904548645019531,
      9.745274543762207,
      10.886260032653809,
      12.173315048217773,
      20.361549377441406,
      34.27412033081055,
      22.7458438873291,
      29.532405853271484,
      18.453847885131836,
      20.64694595336914,
      15.377518653869629,
      19.461374282836914,
      13.618332862854004,
      17.863801956176758,
      7.989787578582764,
      15.0108060836792,
      10.409845352172852,
      8.842641830444336
    ],
    [
      14.929916381835938,
      12.683381080627441,
      24.81328582763672,
      11.373835563659668,
      68.34590148925781,
      22.7458438873291,
      113.7198486328125,
      47.65629577636719,
      85.70972442626953,
      31.88497543334961,
      76.73435974121094,
      31.13111686706543,
      54.83571243286133,
      19.88916015625,
      66.33927917480469,
      37.940189361572266,
      67.68943786621094,
      31.984968185424805
    ],
    [
      16.428489685058594,
      14.573908805847168,
      15.247113227844238,
      14.014427185058594,
      32.867271423339844,
      29.532405853271484,
      47.65629577636719,
      53.62660217285156,
      34.46392822265625,
      30.108394622802734,
      31.527997970581055,
      27.36505699157715,
      25.495243072509766,
      20.949010848999023,
      21.442138671875,
      21.568464279174805,
      23.632862091064453,
      15.367022514343262
    ],
    [
      10.6157808303833,
      9.100311279296875,
      21.198747634887695,
      8.181269645690918,
      57.878440856933594,
      18.453847885131836,
      85.70972442626953,
      34.46392822265625,
      91.53565979003906,
      32.55492401123047,
      79.6572494506836,
      33.41929626464844,
      60.48961639404297,
      24.571876525878906,
      64.65797424316406,
      39.68408966064453,
      65.38591766357422,
      31.876224517822266
    ],
    [
      9.532665252685547,
      9.746337890625,
      9.900995254516602,
      9.769721984863281,
      23.424625396728516,
      20.64694595336914,
      31.88497543334961,
      30.108394622802734,
      32.55492401123047,
      33.717864990234375,
      27.741180419921875,
      29.9092960357666,
      23.850732803344727,
      25.528881072998047,
      15.580965042114258,
      20.998050689697266,
      17.67719841003418,
      13.943323135375977
    ],
    [
      10.549439430236816,
      9.49777889251709,
      17.35272216796875,
      6.067927837371826,
      51.91901779174805,
      15.377518653869629,
      76.73435974121094,
      31.527997970581055,
      79.6572494506836,
      27.741180419921875,
      93.19501495361328,
      35.74928665161133,
      73.41302490234375,
      30.37482452392578,
      73.7796401977539,
      46.55380630493164,
      72.5219955444336,
      36.34127426147461
    ],
    [
      10.931095123291016,
      11.262343406677246,
      8.670682907104492,
      7.552127361297607,
      22.788793563842773,
      19.461374282836914,
      31.13111686706543,
      27.36505699157715,
      33.41929626464844,
      29.9092960357666,
      35.74928665161133,
      45.49587631225586,
      33.63676071166992,
      40.90264129638672,
      17.934385299682617,
      31.04441261291504,
      22.252113342285156,
      18.477773666381836
    ],
    [
      11.600767135620117,
      11.092475891113281,
      11.962130546569824,
      5.773279666900635,
      38.06639862060547,
      13.618332862854004,
      54.83571243286133,
      25.495243072509766,
      60.48961639404297,
      23.850732803344727,
      73.41302490234375,
      33.63676071166992,
      82.75799560546875,
      43.10252380371094,
      68.22853088378906,
      52.38884353637695,
      67.02928924560547,
      37.903785705566406
    ],
    [
      12.6411714553833,
      14.509658813476562,
      5.322961807250977,
      5.277357578277588,
      14.706609725952148,
      17.863801956176758,
      19.88916015625,
      20.949010848999023,
      24.571876525878906,
      25.528881072998047,
      30.37482452392578,
      40.90264129638672,
      43.10252380371094,
      64.05592346191406,
      16.772106170654297,
      43.874813079833984,
      27.20996856689453,
      24.338226318359375
    ],
    [
      13.430279731750488,
      11.239423751831055,
      23.520946502685547,
      5.280332565307617,
      50.66932678222656,
      7.989787578582764,
      66.33927917480469,
      21.442138671875,
      64.65797424316406,
      15.580965042114258,
      73.7796401977539,
      17.934385299682617,
      68.22853088378906,
      16.772106170654297,
      106.42229461669922,
      48.91169738769531,
      89.65833282470703,
      39.52128982543945
    ],
    [
      13.959144592285156,
      13.982278823852539,
      13.037830352783203,
      5.813336372375488,
      30.211397171020508,
      15.0108060836792,
      37.940189361572266,
      21.568464279174805,
      39.68408966064453,
      20.998050689697266,
      46.55380630493164,
      31.04441261291504,
      52.38884353637695,
      43.874813079833984,
      48.91169738769531,
      52.406005859375,
      51.0787239074707,
      33.09747314453125
    ],
    [
      16.72703742980957,
      16.378931045532227,
      22.390016555786133,
      5.206648826599121,
      48.95979690551758,
      10.409845352172852,
      67.68943786621094,
      23.632862091064453,
      65.38591766357422,
      17.67719841003418,
      72.5219955444336,
      22.252113342285156,
      67.02928924560547,
      27.20996856689453,
      89.65833282470703,
      51.0787239074707,
      95.92658233642578,
      42.72621154785156
    ],
    [
      8.088805198669434,
      8.615730285644531,
      8.134098052978516,
      4.031838893890381,
      22.4725399017334,
      8.842641830444336,
      31.984968185424805,
      15.367022514343262,
      31.876224517822266,
      13.943323135375977,
      36.34127426147461,
      18.477773666381836,
      37.903785705566406,
      24.338226318359375,
      39.52128982543945,
      33.09747314453125,
      42.72621154785156,
      27.725229263305664
    ]
  ],
  "damage": -9.77630615234375,
  "diff_bandwidth": 682.9494018554688,
  "dissonance": 5.462598531062074,
  "drr": -1.6852551698684692,
  "dynamics": 4.691625595092773,
  "format": 1245190,
  "frames": 11399168,
  "loudness": -17.861225128173828,
  "loudness_range": 14.424263954162598,
  "loudness_range_short": 15.914531707763672,
  "lowpass_true_peak_15khz": -0.1283024400472641,
  "mastering3_acoustic_entropies": [
    {
      "acoustic_entropy": 8.225502967834473,
      "acoustic_entropy_mono": 8.113140106201172,
      "band_eliminated_acoustic_entropies": [
        {
          "acoustic_entropy": 8.229426383972168,
          "acoustic_entropy_side": 8.226908683776855,
          "hz": 129.47220167065723
        },
        {
          "acoustic_entropy": 7.8144989013671875,
          "acoustic_entropy_side": 8.200467109680176,
          "hz": 202.92927478742237
        },
        {
          "acoustic_entropy": 7.55136251449585,
          "acoustic_entropy_side": 8.444023132324219,
          "hz": 282.89161906338205
        },
        {
          "acoustic_entropy": 7.520772933959961,
          "acoustic_entropy_side": 8.064695358276367,
          "hz": 369.9353335868758
        },
        {
          "acoustic_entropy": 7.808969497680664,
          "acoustic_entropy_side": 8.619189262390137,
          "hz": 464.6875360973435
        },
        {
          "acoustic_entropy": 7.472917079925537,
          "acoustic_entropy_side": 8.35299301147461,
          "hz": 567.8308811364784
        },
        {
          "acoustic_entropy": 7.813960552215576,
          "acoustic_entropy_side": 8.197803497314453,
          "hz": 680.1084783214808
        },
        {
          "acoustic_entropy": 7.5640387535095215,
          "acoustic_entropy_side": 8.241100311279297,
          "hz": 802.3292461747484
        },
        {
          "acoustic_entropy": 8.210306167602539,
          "acoustic_entropy_side": 8.199935913085938,
          "hz": 935.3737400823702
        },
        {
          "acoustic_entropy": 7.633194446563721,
          "acoustic_entropy_side": 8.204784393310547,
          "hz": 1080.2004963696966
        },
        {
          "acoustic_entropy": 8.160256385803223,
          "acoustic_entropy_side": 8.238038063049316,
          "hz": 1237.8529382007157
        },
        {
          "acoustic_entropy": 8.19422435760498,
          "acoustic_entropy_side": 8.217011451721191,
          "hz": 1409.4668930556702
        },
        {
          "acoustic_entropy": 8.081815719604492,
          "acoustic_entropy_side": 8.213370323181152,
          "hz": 1596.2787759475705
        },
        {
          "acoustic_entropy": 8.194900512695312,
          "acoustic_entropy_side": 8.22588062286377,
          "hz": 1799.6344973346393
        },
        {
          "acoustic_entropy": 7.95552921295166,
          "acoustic_entropy_side": 8.227781295776367,
          "hz": 2020.9991599069049
        },
        {
          "acoustic_entropy": 8.411737442016602,
          "acoustic_entropy_side": 8.23156452178955,
          "hz": 2261.9676141086993
        },
        {
          "acoustic_entropy": 8.226858139038086,
          "acoustic_entropy_side": 8.226929664611816,
          "hz": 2524.2759484456974
        },
        {
          "acoustic_entropy": 8.442171096801758,
          "acoustic_entropy_side": 8.227564811706543,
          "hz": 2809.813997359896
        },
        {
          "acoustic_entropy": 8.446649551391602,
          "acoustic_entropy_side": 8.229743957519531,
          "hz": 3120.6389567871424
        },
        {
          "acoustic_entropy": 8.308069229125977,
          "acoustic_entropy_side": 8.226054191589355,
          "hz": 3458.990205492291
        },
        {
          "acoustic_entropy": 8.2669038772583,
          "acoustic_entropy_side": 8.225332260131836,
          "hz": 3827.305438964164
        },
        {
          "acoustic_entropy": 8.252681732177734,
          "acoustic_entropy_side": 8.225696563720703,
          "hz": 4228.238232109126
        },
        {
          "acoustic_entropy": 8.206912994384766,
          "acoustic_entropy_side": 8.225168228149414,
          "hz": 4664.6771572759235
        },
        {
          "acoustic_entropy": 8.094415664672852,
          "acoustic_entropy_side": 8.226539611816406,
          "hz": 5139.766595350093
        },
        {
          "acoustic_entropy": 8.171035766601562,
          "acoustic_entropy_side": 8.226739883422852,
          "hz": 5656.929389854203
        },
        {
          "acoustic_entropy": 8.149356842041016,
          "acoustic_entropy_side": 8.226228713989258,
          "hz": 6219.891507268283
        },
        {
          "acoustic_entropy": 8.133302688598633,
          "acoustic_entropy_side": 8.226522445678711,
          "hz": 6832.70888123896
        },
        {
          "acoustic_entropy": 8.15802001953125,
          "acoustic_entropy_side": 8.225911140441895,
          "hz": 7499.796634079867
        },
        {
          "acoustic_entropy": 8.175989151000977,
          "acoustic_entropy_side": 8.225564002990723,
          "hz": 8225.96088609342
        },
        {
          "acoustic_entropy": 8.16341495513916,
          "acoustic_entropy_side": 8.225398063659668,
          "hz": 9016.43338188839
        },
        {
          "acoustic_entropy": 8.091795921325684,
          "acoustic_entropy_side": 8.225320816040039,
          "hz": 9876.909183162974
        },
        {
          "acoustic_entropy": 8.044424057006836,
          "acoustic_entropy_side": 8.225232124328613,
          "hz": 10813.587699516042
        },
        {
          "acoustic_entropy": 8.050347328186035,
          "acoustic_entropy_side": 8.225457191467285,
          "hz": 11833.21735289826
        },
        {
          "acoustic_entropy": 8.165514945983887,
          "acoustic_entropy_side": 8.225549697875977,
          "hz": 12943.144197493959
        },
        {
          "acoustic_entropy": 8.206612586975098,
          "acoustic_entropy_side": 8.225500106811523,
          "hz": 14151.364845322005
        },
        {
          "acoustic_entropy": 8.220425605773926,
          "acoustic_entropy_side": 8.225492477416992,
          "hz": 15466.58407886509
        },
        {
          "acoustic_entropy": 8.22589111328125,
          "acoustic_entropy_side": 8.225504875183105,
          "hz": 16898.27756580493
        },
        {
          "acoustic_entropy": 8.22590160369873,
          "acoustic_entropy_side": 8.225504875183105,
          "hz": 18456.760127700032
        },
        {
          "acoustic_entropy": 8.225509643554688,
          "acoustic_entropy_side": 8.225504875183105,
          "hz": 20153.260054456492
        },
        {
          "acoustic_entropy": 8.225505828857422,
          "acoustic_entropy_side": 8.225503921508789,
          "hz": 22000.00000000001
        }
      ],
      "diff_acoustic_entropy": 4.520484447479248,
      "sn": 6
    },
    {
      "acoustic_entropy": 12.850266456604004,
      "acoustic_entropy_mono": 11.703822135925293,
      "band_eliminated_acoustic_entropies": [
        {
          "acoustic_entropy": 12.855693817138672,
          "acoustic_entropy_side": 12.856488227844238,
          "hz": 129.47220167065723
        },
        {
          "acoustic_entropy": 12.286031723022461,
          "acoustic_entropy_side": 12.498600006103516,
          "hz": 202.92927478742237
        },
        {
          "acoustic_entropy": 12.359502792358398,
          "acoustic_entropy_side": 13.209484100341797,
          "hz": 282.89161906338205
        },
        {
          "acoustic_entropy": 12.332479476928711,
          "acoustic_entropy_side": 11.780238151550293,
          "hz": 369.9353335868758
        },
        {
          "acoustic_entropy": 13.273563385009766,
          "acoustic_entropy_side": 12.943890571594238,
          "hz": 464.6875360973435
        },
        {
          "acoustic_entropy": 12.077990531921387,
          "acoustic_entropy_side": 12.110675811767578,
          "hz": 567.8308811364784
        },
        {
          "acoustic_entropy": 11.9736909866333,
          "acoustic_entropy_side": 12.128170013427734,
          "hz": 680.1084783214808
        },
        {
          "acoustic_entropy": 12.796521186828613,
          "acoustic_entropy_side": 12.692883491516113,
          "hz": 802.3292461747484
        },
        {
          "acoustic_entropy": 12.497186660766602,
          "acoustic_entropy_side": 12.67761516571045,
          "hz": 935.3737400823702
        },
        {
          "acoustic_entropy": 11.824405670166016,
          "acoustic_entropy_side": 12.550450325012207,
          "hz": 1080.2004963696966
        },
        {
          "acoustic_entropy": 12.304078102111816,
          "acoustic_entropy_side": 12.453072547912598,
          "hz": 1237.8529382007157
        },
        {
          "acoustic_entropy": 12.548160552978516,
          "acoustic_entropy_side": 12.760363578796387,
          "hz": 1409.4668930556702
        },
        {
          "acoustic_entropy": 12.900666236877441,
          "acoustic_entropy_side": 12.72909927368164,
          "hz": 1596.2787759475705
        },
        {
          "acoustic_entropy": 12.841629981994629,
          "acoustic_entropy_side": 12.755496978759766,
          "hz": 1799.6344973346393
        },
        {
          "acoustic_entropy": 12.859193801879883,
          "acoustic_entropy_side": 12.788254737854004,
          "hz": 2020.9991599069049
        },
        {
          "acoustic_entropy": 12.96523666381836,
          "acoustic_entropy_side": 12.846888542175293,
          "hz": 2261.9676141086993
        },
        {
          "acoustic_entropy": 12.953361511230469,
          "acoustic_entropy_side": 12.82758903503418,
          "hz": 2524.2759484456974
        },
        {
          "acoustic_entropy": 13.001137733459473,
          "acoustic_entropy_side": 12.805426597595215,
          "hz": 2809.813997359896
        },
        {
          "acoustic_entropy": 13.07448959350586,
          "acoustic_entropy_side": 12.82083797454834,
          "hz": 3120.6389567871424
        },
        {
          "acoustic_entropy": 12.911954879760742,
          "acoustic_entropy_side": 12.825397491455078,
          "hz": 3458.990205492291
        },
        {
          "acoustic_entropy": 12.844696044921875,
          "acoustic_entropy_side": 12.895706176757812,
          "hz": 3827.305438964164
        },
        {
          "acoustic_entropy": 12.736685752868652,
          "acoustic_entropy_side": 12.851306915283203,
          "hz": 4228.238232109126
        },
        {
          "acoustic_entropy": 12.589433670043945,
          "acoustic_entropy_side": 12.859017372131348,
          "hz": 4664.6771572759235
        },
        {
          "acoustic_entropy": 12.795832633972168,
          "acoustic_entropy_side": 12.843659400939941,
          "hz": 5139.766595350093
        },
        {
          "acoustic_entropy": 12.844010353088379,
          "acoustic_entropy_side": 12.841970443725586,
          "hz": 5656.929389854203
        },
        {
          "acoustic_entropy": 12.853920936584473,
          "acoustic_entropy_side": 12.848284721374512,
          "hz": 6219.891507268283
        },
        {
          "acoustic_entropy": 12.821043014526367,
          "acoustic_entropy_side": 12.860044479370117,
          "hz": 6832.70888123896
        },
        {
          "acoustic_entropy": 12.862286567687988,
          "acoustic_entropy_side": 12.859004020690918,
          "hz": 7499.796634079867
        },
        {
          "acoustic_entropy": 12.903424263000488,
          "acoustic_entropy_side": 12.853203773498535,
          "hz": 8225.96088609342
        },
        {
          "acoustic_entropy": 12.881789207458496,
          "acoustic_entropy_side": 12.852707862854004,
          "hz": 9016.43338188839
        },
        {
          "acoustic_entropy": 12.949426651000977,
          "acoustic_entropy_side": 12.849788665771484,
          "hz": 9876.909183162974
        },
        {
          "acoustic_entropy": 13.178223609924316,
          "acoustic_entropy_side": 12.849996566772461,
          "hz": 10813.587699516042
        },
        {
          "acoustic_entropy": 13.172657012939453,
          "acoustic_entropy_side": 12.853763580322266,
          "hz": 11833.21735289826
        },
        {
          "acoustic_entropy": 13.122063636779785,
          "acoustic_entropy_side": 12.849291801452637,
          "hz": 12943.144197493959
        },
        {
          "acoustic_entropy": 12.89561939239502,
          "acoustic_entropy_side": 12.848773002624512,
          "hz": 14151.364845322005
        },
        {
          "acoustic_entropy": 12.946854591369629,
          "acoustic_entropy_side": 12.849774360656738,
          "hz": 15466.58407886509
        },
        {
          "acoustic_entropy": 12.9005126953125,
          "acoustic_entropy_side": 12.85015869140625,
          "hz": 16898.27756580493
        },
        {
          "acoustic_entropy": 12.878985404968262,
          "acoustic_entropy_side": 12.850265502929688,
          "hz": 18456.760127700032
        },
        {
          "acoustic_entropy": 12.858248710632324,
          "acoustic_entropy_side": 12.85026741027832,
          "hz": 20153.260054456492
        },
        {
          "acoustic_entropy": 12.851456642150879,
          "acoustic_entropy_side": 12.85026741027832,
          "hz": 22000.00000000001
        }
      ],
      "diff_acoustic_entropy": 8.275803565979004,
      "sn": 12
    },
    {
      "acoustic_entropy": 19.60515594482422,
      "acoustic_entropy_mono": 17.21710777282715,
      "band_eliminated_acoustic_entropies": [
        {
          "acoustic_entropy": 20.059886932373047,
          "acoustic_entropy_side": 19.96347427368164,
          "hz": 129.47220167065723
        },
        {
          "acoustic_entropy": 20.471878051757812,
          "acoustic_entropy_side": 19.153270721435547,
          "hz": 202.92927478742237
        },
        {
          "acoustic_entropy": 21.439334869384766,
          "acoustic_entropy_side": 20.309188842773438,
          "hz": 282.89161906338205
        },
        {
          "acoustic_entropy": 19.8189640045166,
          "acoustic_entropy_side": 19.3190860748291,
          "hz": 369.9353335868758
        },
        {
          "acoustic_entropy": 21.017091751098633,
          "acoustic_entropy_side": 19.46363639831543,
          "hz": 464.6875360973435
        },
        {
          "acoustic_entropy": 19.829620361328125,
          "acoustic_entropy_side": 20.51091194152832,
          "hz": 567.8308811364784
        },
        {
          "acoustic_entropy": 19.800966262817383,
          "acoustic_entropy_side": 20.39546775817871,
          "hz": 680.1084783214808
        },
        {
          "acoustic_entropy": 20.728105545043945,
          "acoustic_entropy_side": 20.02427101135254,
          "hz": 802.3292461747484
        },
        {
          "acoustic_entropy": 20.916156768798828,
          "acoustic_entropy_side": 20.47507095336914,
          "hz": 935.3737400823702
        },
        {
          "acoustic_entropy": 19.50663185119629,
          "acoustic_entropy_side": 19.474586486816406,
          "hz": 1080.2004963696966
        },
        {
          "acoustic_entropy": 20.262104034423828,
          "acoustic_entropy_side": 20.221132278442383,
          "hz": 1237.8529382007157
        },
        {
          "acoustic_entropy": 19.976478576660156,
          "acoustic_entropy_side": 19.95614242553711,
          "hz": 1409.4668930556702
        },
        {
          "acoustic_entropy": 20.136587142944336,
          "acoustic_entropy_side": 20.02461814880371,
          "hz": 1596.2787759475705
        },
        {
          "acoustic_entropy": 19.64025115966797,
          "acoustic_entropy_side": 19.857723236083984,
          "hz": 1799.6344973346393
        },
        {
          "acoustic_entropy": 19.56329917907715,
          "acoustic_entropy_side": 19.90591812133789,
          "hz": 2020.9991599069049
        },
        {
          "acoustic_entropy": 19.68239402770996,
          "acoustic_entropy_side": 19.6839599609375,
          "hz": 2261.9676141086993
        },
        {
          "acoustic_entropy": 19.956295013427734,
          "acoustic_entropy_side": 19.901206970214844,
          "hz": 2524.2759484456974
        },
        {
          "acoustic_entropy": 19.69780731201172,
          "acoustic_entropy_side": 19.59597396850586,
          "hz": 2809.813997359896
        },
        {
          "acoustic_entropy": 19.80756950378418,
          "acoustic_entropy_side": 19.62841033935547,
          "hz": 3120.6389567871424
        },
        {
