{
  "acoustic_entropy": 231.40501403808594,
  "bands": [
    {
      "high_freq": 148.1999969482422,
      "loudness": -28.336624145507812,
      "loudness_range": 19.034151077270508,
      "mid_mean": -24.780736923217773,
      "mid_to_side_loudness": -19.145620346069336,
      "mid_to_side_loudness_range": 28.19975471496582,
      "side_mean": -49.108726501464844
    },
    {
      "high_freq": 392.3793640136719,
      "loudness": -25.86320686340332,
      "loudness_range": 16.87339210510254,
      "low_freq": 148.1999969482422,
      "mid_mean": -22.628347396850586,
      "mid_to_side_loudness": -11.514050483703613,
      "mid_to_side_loudness_range": 15.662663459777832,
      "side_mean": -34.683143615722656
    },
    {
      "high_freq": 794.6976318359375,
      "loudness": -25.566082000732422,
      "loudness_range": 13.54922866821289,
      "low_freq": 392.3793640136719,
      "mid_mean": -22.570653915405273,
      "mid_to_side_loudness": -9.640213012695312,
      "mid_to_side_loudness_range": 16.02277946472168,
      "side_mean": -32.21900177001953
    },
    {
      "high_freq": 1457.5709228515625,
      "loudness": -26.372541427612305,
      "loudness_range": 15.266120910644531,
      "low_freq": 794.6976318359375,
      "mid_mean": -23.43174934387207,
      "mid_to_side_loudness": -9.038124084472656,
      "mid_to_side_loudness_range": 13.988658905029297,
      "side_mean": -32.50885009765625
    },
    {
      "high_freq": 2549.74365234375,
      "loudness": -27.336383819580078,
      "loudness_range": 13.072160720825195,
      "low_freq": 1457.5709228515625,
      "mid_mean": -24.39217758178711,
      "mid_to_side_loudness": -8.75861644744873,
      "mid_to_side_loudness_range": 12.962018013000488,
      "side_mean": -33.20624542236328
    },
    {
      "high_freq": 4349.24462890625,
      "loudness": -28.18706703186035,
      "loudness_range": 15.678924560546875,
      "low_freq": 2549.74365234375,
      "mid_mean": -25.105880737304688,
      "mid_to_side_loudness": -10.479920387268066,
      "mid_to_side_loudness_range": 15.697288513183594,
      "side_mean": -35.667381286621094
    },
    {
      "high_freq": 7314.1640625,
      "loudness": -33.12490463256836,
      "loudness_range": 21.84905433654785,
      "low_freq": 4349.24462890625,
      "mid_mean": -29.937347412109375,
      "mid_to_side_loudness": -10.593520164489746,
      "mid_to_side_loudness_range": 15.241164207458496,
      "side_mean": -40.55009460449219
    },
    {
      "high_freq": 12199.2666015625,
      "loudness": -37.60886764526367,
      "loudness_range": 23.976886749267578,
      "low_freq": 7314.1640625,
      "mid_mean": -34.4478759765625,
      "mid_to_side_loudness": -9.622759819030762,
      "mid_to_side_loudness_range": 8.648815155029297,
      "side_mean": -44.72542190551758
    },
    {
      "loudness": -48.07810974121094,
      "loudness_range": 25.89910888671875,
      "low_freq": 12199.2666015625,
      "mid_mean": -45.576602935791016,
      "mid_to_side_loudness": -9.595827102661133,
      "mid_to_side_loudness_range": 13.013347625732422,
      "side_mean": -55.67356491088867
    }
  ],
  "bands_short": [
    {
      "high_freq": 148.1999969482422,
      "loudness": -34.44774627685547,
      "loudness_range": 32.053443908691406,
      "mid_mean": -30.871259689331055,
      "mid_to_side_loudness": -17.988845825195312,
      "mid_to_side_loudness_range": 32.075401306152344,
      "side_mean": -53.652015686035156
    },
    {
      "high_freq": 392.3793640136719,
      "loudness": -26.631471633911133,
      "loudness_range": 19.864160537719727,
      "low_freq": 148.1999969482422,
      "mid_mean": -23.41457748413086,
      "mid_to_side_loudness": -11.18881893157959,
      "mid_to_side_loudness_range": 19.114131927490234,
      "side_mean": -35.54658126831055
    },
    {
      "high_freq": 794.6976318359375,
      "loudness": -27.06709861755371,
      "loudness_range": 18.412160873413086,
      "low_freq": 392.3793640136719,
      "mid_mean": -24.23801612854004,
      "mid_to_side_loudness": -8.981666564941406,
      "mid_to_side_loudness_range": 17.077770233154297,
      "side_mean": -33.409034729003906
    },
    {
      "high_freq": 1457.5709228515625,
      "loudness": -27.44647789001465,
      "loudness_range": 19.326488494873047,
      "low_freq": 794.6976318359375,
      "mid_mean": -24.621078491210938,
      "mid_to_side_loudness": -8.789451599121094,
      "mid_to_side_loudness_range": 16.121673583984375,
      "side_mean": -33.67099380493164
    },
    {
      "high_freq": 2549.74365234375,
      "loudness": -28.92304039001465,
      "loudness_range": 17.9514217376709,
      "low_freq": 1457.5709228515625,
      "mid_mean": -26.206727981567383,
      "mid_to_side_loudness": -8.21340274810791,
      "mid_to_side_loudness_range": 15.898429870605469,
      "side_mean": -34.60891342163086
    },
    {
      "high_freq": 4349.24462890625,
      "loudness": -29.869976043701172,
      "loudness_range": 19.635305404663086,
      "low_freq": 2549.74365234375,
      "mid_mean": -26.933086395263672,
      "mid_to_side_loudness": -9.458780288696289,
      "mid_to_side_loudness_range": 17.026479721069336,
      "side_mean": -36.956050872802734
    },
    {
      "high_freq": 7314.1640625,
      "loudness": -35.044830322265625,
      "loudness_range": 25.17350196838379,
      "low_freq": 4349.24462890625,
      "mid_mean": -32.042991638183594,
      "mid_to_side_loudness": -9.436038970947266,
      "mid_to_side_loudness_range": 16.713165283203125,
      "side_mean": -42.29713821411133
    },
    {
      "high_freq": 12199.2666015625,
      "loudness": -40.25631332397461,
      "loudness_range": 28.064777374267578,
      "low_freq": 7314.1640625,
      "mid_mean": -37.2111701965332,
      "mid_to_side_loudness": -9.252511978149414,
      "mid_to_side_loudness_range": 14.004645347595215,
      "side_mean": -48.07109069824219
    },
    {
      "loudness": -51.9910888671875,
      "loudness_range": 30.52188491821289,
      "low_freq": 12199.2666015625,
      "mid_mean": -50.08769607543945,
      "mid_to_side_loudness": -8.838421821594238,
      "mid_to_side_loudness_range": 13.872859001159668,
      "side_mean": -58.70819091796875
    }
  ],
  "bandwidth": 762.6263427734375,
  "channels": 2,
  "covariance": [
    [
      56.84596252441406,
      31.630449295043945,
      25.01997184753418,
      20.665544509887695,
      6.583924770355225,
      3.0558035373687744,
      7.995312690734863,
      9.732802391052246,
      10.482229232788086,
      6.291514873504639,
      17.45226287841797,
      10.827542304992676,
      24.863544464111328,
      20.740352630615234,
      28.36630630493164,
      29.270605087280273,
      31.63818359375,
      29.848752975463867
    ],
    [
      31.630449295043945,
      79.92322540283203,
      32.070465087890625,
      40.36532974243164,
      18.628679275512695,
      15.946585655212402,
      15.294644355773926,
      15.77225399017334,
      19.320173263549805,
      16.280017852783203,
      27.681339263916016,
      22.69075584411621,
      36.26670837402344,
      31.32603645324707,
      27.160612106323242,
      34.066078186035156,
      32.53366470336914,
      38.55182647705078
    ],
    [
      25.01997184753418,
      32.070465087890625,
      41.26909255981445,
      33.72221755981445,
      15.487982749938965,
      6.633784770965576,
      13.925324440002441,
      11.625751495361328,
      13.526901245117188,
      6.772103309631348,
      22.499475479125977,
      11.609625816345215,
      30.038909912109375,
      21.787134170532227,
      34.022972106933594,
      34.89502716064453,
      36.85810852050781,
      33.48002624511719
    ],
    [
      20.665544509887695,
      40.36532974243164,
      33.72221755981445,
      58.13510513305664,
      19.201343536376953,
      21.326915740966797,
      15.290793418884277,
      19.093965530395508,
      15.964191436767578,
      17.138715744018555,
      20.350282669067383,
      22.253318786621094,
      26.761688232421875,
      28.528953552246094,
      25.95952606201172,
      28.30912971496582,
      31.5809326171875,
      32.86494064331055
    ],
    [
      6.583924770355225,
      18.628679275512695,
      15.487982749938965,
      19.201343536376953,
      29.595664978027344,
      13.758397102355957,
      17.48597526550293,
      8.411591529846191,
      14.271376609802246,
      8.417499542236328,
      13.587011337280273,
      9.118986129760742,
      16.648672103881836,
      12.457079887390137,
      15.816631317138672,
      18.924320220947266,
      20.428586959838867,
      19.969989776611328
    ],
    [
      3.0558035373687744,
      15.946585655212402,
      6.633784770965576,
      21.326915740966797,
      13.758397102355957,
      24.662790298461914,
      7.076518535614014,
      13.039671897888184,
      10.524099349975586,
      18.85654640197754,
      6.434901237487793,
      16.3359375,
      4.360924243927002,
      11.713584899902344,
      0.46625611186027527,
      3.3820464611053467,
      5.084972381591797,
      10.68527889251709
    ],
    [
      7.995312690734863,
      15.294644355773926,
      13.925324440002441,
      15.290793418884277,
      17.48597526550293,
      7.076518535614014,
      31.591527938842773,
      12.602993965148926,
      17.54615592956543,
      7.987484455108643,
      19.232147216796875,
      10.42677116394043,
      21.25670051574707,
      15.452717781066895,
      19.37411880493164,
      22.078685760498047,
      25.898666381835938,
      21.700450897216797
    ],
    [
      9.732802391052246,
      15.77225399017334,
      11.625751495361328,
      19.093965530395508,
      8.411591529846191,
      13.039671897888184,
      12.602993965148926,
      19.070819854736328,
      11.797527313232422,
      17.252099990844727,
      12.985373497009277,
      16.275728225708008,
      13.783571243286133,
      16.95724105834961,
      13.553794860839844,
      15.855311393737793,
      17.850805282592773,
      19.995431900024414
    ],
    [
      10.482229232788086,
      19.320173263549805,
      13.526901245117188,
      15.964191436767578,
      14.271376609802246,
      10.524099349975586,
      17.54615592956543,
      11.797527313232422,
      23.576152801513672,
      15.92859935760498,
      19.074670791625977,
      12.937416076660156,
      22.30485725402832,
      15.283160209655762,
      17.432899475097656,
      17.372146606445312,
      22.577600479125977,
      20.557024002075195
    ],
    [
      6.291514873504639,
      16.280017852783203,
      6.772103309631348,
      17.138715744018555,
      8.417499542236328,
      18.85654640197754,
      7.987484455108643,
      17.252099990844727,
      15.92859935760498,
      28.26335334777832,
      10.082292556762695,
      20.67698860168457,
      8.168481826782227,
      14.515424728393555,
      3.791365146636963,
      5.213227272033691,
      10.126413345336914,
      14.825067520141602
    ],
    [
      17.45226287841797,
      27.681339263916016,
      22.499475479125977,
      20.350282669067383,
      13.587011337280273,
      6.434901237487793,
      19.232147216796875,
      12.985373497009277,
      19.074670791625977,
      10.082292556762695,
      35.063255310058594,
      15.512850761413574,
      40.23208999633789,
      23.740110397338867,
      33.928646087646484,
      36.11842727661133,
      35.8759880065918,
      35.0717887878418
    ],
    [
      10.827542304992676,
      22.69075584411621,
      11.609625816345215,
      22.253318786621094,
      9.118986129760742,
      16.3359375,
      10.42677116394043,
      16.275728225708008,
      12.937416076660156,
      20.67698860168457,
      15.512850761413574,
      26.623275756835938,
      17.703601837158203,
      25.10850715637207,
      13.169795989990234,
      18.12765121459961,
      18.38712501525879,
      23.02428436279297
    ],
    [
      24.863544464111328,
      36.26670837402344,
      30.038909912109375,
      26.761688232421875,
      16.648672103881836,
      4.360924243927002,
      21.25670051574707,
      13.783571243286133,
      22.30485725402832,
      8.168481826782227,
      40.23208999633789,
      17.703601837158203,
      60.32196044921875,
      35.48125076293945,
      50.50209426879883,
      53.50478744506836,
      52.31907653808594,
      49.247589111328125
    ],
    [
      20.740352630615234,
      31.32603645324707,
      21.787134170532227,
      28.528953552246094,
      12.457079887390137,
      11.713584899902344,
      15.452717781066895,
      16.95724105834961,
      15.283160209655762,
      14.515424728393555,
      23.740110397338867,
      25.10850715637207,
      35.48125076293945,
      39.636470794677734,
      32.603790283203125,
      42.382179260253906,
      37.43955993652344,
      40.850563049316406
    ],
    [
      28.36630630493164,
      27.160612106323242,
      34.022972106933594,
      25.95952606201172,
      15.816631317138672,
      0.46625611186027527,
      19.37411880493164,
      13.553794860839844,
      17.432899475097656,
      3.791365146636963,
      33.928646087646484,
      13.169795989990234,
      50.50209426879883,
      32.603790283203125,
      72.32308959960938,
      66.0725326538086,
      69.29472351074219,
      56.6005859375
    ],
    [
      29.270605087280273,
      34.066078186035156,
      34.89502716064453,
      28.30912971496582,
      18.924320220947266,
      3.3820464611053467,
      22.078685760498047,
      15.855311393737793,
      17.372146606445312,
      5.213227272033691,
      36.11842727661133,
      18.12765121459961,
      53.50478744506836,
      42.382179260253906,
      66.0725326538086,
      79.09872436523438,
      67.07728576660156,
      66.61080169677734
    ],
    [
      31.63818359375,
      32.53366470336914,
      36.85810852050781,
      31.5809326171875,
      20.428586959838867,
      5.084972381591797,
      25.898666381835938,
      17.850805282592773,
      22.577600479125977,
      10.126413345336914,
      35.8759880065918,
      18.38712501525879,
      52.31907653808594,
      37.43955993652344,
      69.29472351074219,
      67.07728576660156,
      83.82810974121094,
      64.98904418945312
    ],
    [
      29.848752975463867,
      38.55182647705078,
      33.48002624511719,
      32.86494064331055,
      19.969989776611328,
      10.68527889251709,
      21.700450897216797,
      19.995431900024414,
      20.557024002075195,
      14.825067520141602,
      35.0717887878418,
      23.02428436279297,
      49.247589111328125,
      40.850563049316406,
      56.6005859375,
      66.61080169677734,
      64.98904418945312,
      70.24739074707031
    ]
  ],
  "covariance_short": [
    [
      116.9072494506836,
      56.526161193847656,
      35.950443267822266,
      27.747087478637695,
      10.369282722473145,
      8.044329643249512,
      9.638333320617676,
      15.860185623168945,
      9.893138885498047,
      12.053335189819336,
      16.311532974243164,
      18.51392364501953,
      26.964954376220703,
      30.334754943847656,
      29.370044708251953,
      35.11289596557617,
      31.332115173339844,
      33.71047592163086
    ],
    [
      56.526161193847656,
      89.71244049072266,
      34.5670280456543,
      40.81071853637695,
      20.316242218017578,
      20.045642852783203,
      17.077838897705078,
      20.55202293395996,
      21.249237060546875,
      21.833267211914062,
      25.35293197631836,
      26.56409454345703,
      33.24366760253906,
      35.580841064453125,
      26.743040084838867,
      38.69431686401367,
      41.78788375854492,
      39.22770690917969
    ],
    [
      35.950443267822266,
      34.5670280456543,
      51.782447814941406,
      36.512596130371094,
      21.49496841430664,
      13.450441360473633,
      14.925225257873535,
      15.55325698852539,
      18.8746280670166,
      13.147768020629883,
      25.69110679626465,
      17.083757400512695,
      33.72999954223633,
      27.568649291992188,
      35.534610748291016,
      37.693756103515625,
      40.07196807861328,
      34.6193962097168
    ],
    [
      27.747087478637695,
      40.81071853637695,
      36.512596130371094,
      67.31932830810547,
      24.1192626953125,
      29.792510986328125,
      17.841249465942383,
      26.98235511779785,
      19.761314392089844,
      25.52398681640625,
      22.511192321777344,
      28.458417892456055,
      27.81477165222168,
      34.03310775756836,
      29.49929428100586,
      36.71612548828125,
      34.97373580932617,
      37.09333801269531
    ],
    [
      10.369282722473145,
      20.316242218017578,
      21.49496841430664,
      24.1192626953125,
      47.79751205444336,
      23.191801071166992,
      27.105941772460938,
      16.203271865844727,
      24.153282165527344,
      16.37000274658203,
      22.453876495361328,
      16.619619369506836,
      25.193361282348633,
      20.0426025390625,
      25.675756454467773,
      28.473722457885742,
      38.83738708496094,
      28.127832412719727
    ],
    [
      8.044329643249512,
      20.045642852783203,
      13.450441360473633,
      29.792510986328125,
      23.191801071166992,
      37.67799758911133,
      15.3171968460083,
      23.47820281982422,
      17.983049392700195,
      28.377925872802734,
      14.916234016418457,
      26.01477813720703,
      11.828452110290527,
      22.04003143310547,
      10.720248222351074,
      18.70577049255371,
      18.97486686706543,
      22.519121170043945
    ],
    [
      9.638333320617676,
      17.077838897705078,
      14.925225257873535,
      17.841249465942383,
      27.105941772460938,
      15.3171968460083,
      49.772274017333984,
      23.802047729492188,
      30.010700225830078,
      16.96558380126953,
      29.4014835357666,
      18.66764259338379,
      31.421295166015625,
      22.923158645629883,
      28.19245719909668,
      29.029212951660156,
      42.64434814453125,
      26.75467300415039
    ],
    [
      15.860185623168945,
      20.55202293395996,
      15.55325698852539,
      26.98235511779785,
      16.203271865844727,
      23.47820281982422,
      23.802047729492188,
      36.95848083496094,
      20.51395034790039,
      28.866600036621094,
      21.064634323120117,
      27.35443878173828,
      22.068628311157227,
      28.883455276489258,
      22.096715927124023,
      29.2459659576416,
      29.63399314880371,
      29.753652572631836
    ],
    [
      9.893138885498047,
      21.249237060546875,
      18.8746280670166,
      19.761314392089844,
      24.153282165527344,
      17.983049392700195,
      30.010700225830078,
      20.51395034790039,
      44.061058044433594,
      26.554471969604492,
      36.39501190185547,
      23.70627212524414,
      38.56349182128906,
      27.331327438354492,
      30.720186233520508,
      31.388778686523438,
      41.896263122558594,
      31.28666877746582
    ],
    [
      12.053335189819336,
      21.833267211914062,
      13.147768020629883,
      25.52398681640625,
      16.37000274658203,
      28.377925872802734,
      16.96558380126953,
      28.866600036621094,
      26.554471969604492,
      45.13883972167969,
      20.33999252319336,
      34.5101203918457,
      17.999902725219727,
      30.655153274536133,
      14.231443405151367,
      24.432165145874023,
      24.794780731201172,
      29.65290641784668
    ],
    [
      16.311532974243164,
      25.35293197631836,
      25.69110679626465,
      22.511192321777344,
      22.453876495361328,
      14.916234016418457,
      29.4014835357666,
      21.064634323120117,
      36.39501190185547,
      20.33999252319336,
      55.14191818237305,
      27.959733963012695,
      55.29230880737305,
      35.90963363647461,
      46.74300765991211,
      45.12702941894531,
      52.49773025512695,
      38.76804733276367
    ],
    [
      18.51392364501953,
      26.56409454345703,
      17.083757400512695,
      28.458417892456055,
      16.619619369506836,
      26.01477813720703,
      18.66764259338379,
      27.35443878173828,
      23.70627212524414,
      34.5101203918457,
      27.959733963012695,
      44.603729248046875,
      28.74844741821289,
      42.267940521240234,
      25.269775390625,
      38.09055709838867,
      32.9112548828125,
      36.713356018066406
    ],
    [
      26.964954376220703,
      33.24366760253906,
      33.72999954223633,
      27.81477165222168,
      25.193361282348633,
      11.828452110290527,
      31.421295166015625,
      22.068628311157227,
      38.56349182128906,
      17.999902725219727,
      55.29230880737305,
      28.74844741821289,
      83.60623168945312,
      52.64820861816406,
      70.40620422363281,
      65.5287857055664,
      76.1373519897461,
      54.627113342285156
    ],
    [
      30.334754943847656,
      35.580841064453125,
      27.568649291992188,
      34.03310775756836,
      20.0426025390625,
      22.04003143310547,
      22.923158645629883,
      28.883455276489258,
      27.331327438354492,
      30.655153274536133,
      35.90963363647461,
      42.267940521240234,
      52.64820861816406,
      66.1593017578125,
      49.915199279785156,
      66.81877899169922,
      59.01544189453125,
      58.46673583984375
    ],
    [
      29.370044708251953,
      26.743040084838867,
      35.534610748291016,
      29.49929428100586,
      25.675756454467773,
      10.720248222351074,
      28.19245719909668,
      22.096715927124023,
      30.720186233520508,
      14.231443405151367,
      46.74300765991211,
      25.269775390625,
      70.40620422363281,
      49.915199279785156,
      99.24610137939453,
      82.79590606689453,
      93.88475799560547,
      66.5783462524414
    ],
    [
      35.11289596557617,
      38.69431686401367,
      37.693756103515625,
      36.71612548828125,
      28.473722457885742,
      18.70577049255371,
      29.029212951660156,
      29.2459659576416,
      31.388778686523438,
      24.432165145874023,
      45.12702941894531,
      38.09055709838867,
      65.5287857055664,
      66.81877899169922,
      82.79590606689453,
      109.18391418457031,
      93.00790405273438,
      86.84874725341797
    ],
    [
      31.332115173339844,
      41.78788375854492,
      40.07196807861328,
      34.97373580932617,
      38.83738708496094,
      18.97486686706543,
      42.64434814453125,
      29.63399314880371,
      41.896263122558594,
      24.794780731201172,
      52.49773025512695,
      32.9112548828125,
      76.1373519897461,
      59.01544189453125,
      93.88475799560547,
      93.00790405273438,
      131.5431365966797,
      87.84803009033203
    ],
    [
      33.71047592163086,
      39.22770690917969,
      34.6193962097168,
      37.09333801269531,
      28.127832412719727,
      22.519121170043945,
      26.75467300415039,
      29.753652572631836,
      31.28666877746582,
      29.65290641784668,
      38.76804733276367,
      36.713356018066406,
      54.627113342285156,
      58.46673583984375,
      66.5783462524414,
      86.84874725341797,
      87.84803009033203,
      87.96237182617188
    ]
  ],
  "damage": -10.257383346557617,
  "diff_bandwidth": 770.1531982421875,
  "dissonance": 9.432160950869914,
  "drr": 13.40318775177002,
  "dynamics": 3.847929000854492,
  "format": 1245190,
  "frames": 9240512,
  "loudness": -14.351028442382812,
  "loudness_range": 10.773098945617676,
  "loudness_range_short": 12.991642951965332,
  "lowpass_true_peak_15khz": 0.4436255991458893,
  "mastering3_acoustic_entropies": [
    {
      "acoustic_entropy": 8.7610502243042,
      "acoustic_entropy_mono": 9.15493106842041,
      "band_eliminated_acoustic_entropies": [
        {
          "acoustic_entropy": 8.721112251281738,
          "acoustic_entropy_side": 8.760886192321777,
          "hz": 129.47220167065723
        },
        {
          "acoustic_entropy": 8.506257057189941,
          "acoustic_entropy_side": 8.749638557434082,
          "hz": 202.92927478742237
        },
        {
          "acoustic_entropy": 7.992249488830566,
          "acoustic_entropy_side": 8.594159126281738,
          "hz": 282.89161906338205
        },
        {
          "acoustic_entropy": 7.658960819244385,
          "acoustic_entropy_side": 8.39953327178955,
          "hz": 369.9353335868758
        },
        {
          "acoustic_entropy": 8.066230773925781,
          "acoustic_entropy_side": 8.190723419189453,
          "hz": 464.6875360973435
        },
        {
          "acoustic_entropy": 8.321121215820312,
          "acoustic_entropy_side": 8.447521209716797,
          "hz": 567.8308811364784
        },
        {
          "acoustic_entropy": 8.16990852355957,
          "acoustic_entropy_side": 8.545655250549316,
          "hz": 680.1084783214808
        },
        {
          "acoustic_entropy": 7.639467716217041,
          "acoustic_entropy_side": 8.29767894744873,
          "hz": 802.3292461747484
        },
        {
          "acoustic_entropy": 7.898305416107178,
          "acoustic_entropy_side": 8.520426750183105,
          "hz": 935.3737400823702
        },
        {
          "acoustic_entropy": 9.426704406738281,
          "acoustic_entropy_side": 8.571602821350098,
          "hz": 1080.2004963696966
        },
        {
          "acoustic_entropy": 8.890763282775879,
          "acoustic_entropy_side": 8.83378791809082,
          "hz": 1237.8529382007157
        },
        {
          "acoustic_entropy": 9.241676330566406,
          "acoustic_entropy_side": 8.714920043945312,
          "hz": 1409.4668930556702
        },
        {
          "acoustic_entropy": 8.494721412658691,
          "acoustic_entropy_side": 8.610909461975098,
          "hz": 1596.2787759475705
        },
        {
          "acoustic_entropy": 8.57217025756836,
          "acoustic_entropy_side": 8.650352478027344,
          "hz": 1799.6344973346393
        },
        {
          "acoustic_entropy": 8.828380584716797,
          "acoustic_entropy_side": 8.825224876403809,
          "hz": 2020.9991599069049
        },
        {
          "acoustic_entropy": 8.46568489074707,
          "acoustic_entropy_side": 8.702879905700684,
          "hz": 2261.9676141086993
        },
        {
          "acoustic_entropy": 9.196206092834473,
          "acoustic_entropy_side": 8.721220016479492,
          "hz": 2524.2759484456974
        },
        {
          "acoustic_entropy": 8.302862167358398,
          "acoustic_entropy_side": 8.626078605651855,
          "hz": 2809.813997359896
        },
        {
          "acoustic_entropy": 8.47745418548584,
          "acoustic_entropy_side": 8.658855438232422,
          "hz": 3120.6389567871424
        },
        {
          "acoustic_entropy": 8.712211608886719,
          "acoustic_entropy_side": 8.58677864074707,
          "hz": 3458.990205492291
        },
        {
          "acoustic_entropy": 8.324483871459961,
          "acoustic_entropy_side": 8.668159484863281,
          "hz": 3827.305438964164
        },
        {
          "acoustic_entropy": 8.414247512817383,
          "acoustic_entropy_side": 8.672868728637695,
          "hz": 4228.238232109126
        },
        {
          "acoustic_entropy": 8.596959114074707,
          "acoustic_entropy_side": 8.703018188476562,
          "hz": 4664.6771572759235
        },
        {
          "acoustic_entropy": 8.408173561096191,
          "acoustic_entropy_side": 8.671812057495117,
          "hz": 5139.766595350093
        },
        {
          "acoustic_entropy": 8.697196006774902,
          "acoustic_entropy_side": 8.716286659240723,
          "hz": 5656.929389854203
        },
        {
          "acoustic_entropy": 8.610719680786133,
          "acoustic_entropy_side": 8.729358673095703,
          "hz": 6219.891507268283
        },
        {
          "acoustic_entropy": 8.72158145904541,
          "acoustic_entropy_side": 8.741345405578613,
          "hz": 6832.70888123896
        },
        {
          "acoustic_entropy": 8.679754257202148,
          "acoustic_entropy_side": 8.738536834716797,
          "hz": 7499.796634079867
        },
        {
          "acoustic_entropy": 9.15436840057373,
          "acoustic_entropy_side": 8.773553848266602,
          "hz": 8225.96088609342
        },
        {
          "acoustic_entropy": 9.1643648147583,
          "acoustic_entropy_side": 8.774045944213867,
          "hz": 9016.43338188839
        },
        {
          "acoustic_entropy": 9.070385932922363,
          "acoustic_entropy_side": 8.776371955871582,
          "hz": 9876.909183162974
        },
        {
          "acoustic_entropy": 9.172812461853027,
          "acoustic_entropy_side": 8.775038719177246,
          "hz": 10813.587699516042
        },
        {
          "acoustic_entropy": 9.203691482543945,
          "acoustic_entropy_side": 8.769725799560547,
          "hz": 11833.21735289826
        },
        {
          "acoustic_entropy": 9.149760246276855,
          "acoustic_entropy_side": 8.763531684875488,
          "hz": 12943.144197493959
        },
        {
          "acoustic_entropy": 8.982625961303711,
          "acoustic_entropy_side": 8.760441780090332,
          "hz": 14151.364845322005
        },
        {
          "acoustic_entropy": 8.784151077270508,
          "acoustic_entropy_side": 8.760110855102539,
          "hz": 15466.58407886509
        },
        {
          "acoustic_entropy": 8.750863075256348,
          "acoustic_entropy_side": 8.760706901550293,
          "hz": 16898.27756580493
        },
        {
          "acoustic_entropy": 8.753152847290039,
          "acoustic_entropy_side": 8.760930061340332,
          "hz": 18456.760127700032
        },
        {
          "acoustic_entropy": 8.758125305175781,
          "acoustic_entropy_side": 8.761011123657227,
          "hz": 20153.260054456492
        },
        {
          "acoustic_entropy": 8.760708808898926,
          "acoustic_entropy_side": 8.761045455932617,
          "hz": 22000.00000000001
        }
      ],
      "diff_acoustic_entropy": 9.077020645141602,
      "sn": 6
    },
    {
      "acoustic_entropy": 14.111889839172363,
      "acoustic_entropy_mono": 13.24399185180664,
      "band_eliminated_acoustic_entropies": [
        {
          "acoustic_entropy": 13.958287239074707,
          "acoustic_entropy_side": 14.11110782623291,
          "hz": 129.47220167065723
        },
        {
          "acoustic_entropy": 13.284829139709473,
          "acoustic_entropy_side": 14.084351539611816,
          "hz": 202.92927478742237
        },
        {
          "acoustic_entropy": 13.340158462524414,
          "acoustic_entropy_side": 13.860326766967773,
          "hz": 282.89161906338205
        },
        {
          "acoustic_entropy": 13.384400367736816,
          "acoustic_entropy_side": 13.718995094299316,
          "hz": 369.9353335868758
        },
        {
          "acoustic_entropy": 13.944825172424316,
          "acoustic_entropy_side": 13.812213897705078,
          "hz": 464.6875360973435
        },
        {
          "acoustic_entropy": 13.602822303771973,
          "acoustic_entropy_side": 14.178954124450684,
          "hz": 567.8308811364784
        },
        {
          "acoustic_entropy": 13.153687477111816,
          "acoustic_entropy_side": 14.225410461425781,
          "hz": 680.1084783214808
        },
        {
          "acoustic_entropy": 12.975682258605957,
          "acoustic_entropy_side": 14.004438400268555,
          "hz": 802.3292461747484
        },
        {
          "acoustic_entropy": 13.392796516418457,
          "acoustic_entropy_side": 13.936789512634277,
          "hz": 935.3737400823702
        },
        {
          "acoustic_entropy": 14.116127967834473,
          "acoustic_entropy_side": 14.41002082824707,
          "hz": 1080.2004963696966
        },
        {
          "acoustic_entropy": 13.405101776123047,
          "acoustic_entropy_side": 13.97937297821045,
          "hz": 1237.8529382007157
        },
        {
          "acoustic_entropy": 14.188444137573242,
          "acoustic_entropy_side": 14.019918441772461,
          "hz": 1409.4668930556702
        },
        {
          "acoustic_entropy": 13.345381736755371,
          "acoustic_entropy_side": 13.859721183776855,
          "hz": 1596.2787759475705
        },
        {
          "acoustic_entropy": 13.670105934143066,
          "acoustic_entropy_side": 13.891724586486816,
          "hz": 1799.6344973346393
        },
        {
          "acoustic_entropy": 14.241833686828613,
          "acoustic_entropy_side": 13.724238395690918,
          "hz": 2020.9991599069049
        },
        {
          "acoustic_entropy": 13.523022651672363,
          "acoustic_entropy_side": 13.979496955871582,
          "hz": 2261.9676141086993
        },
        {
          "acoustic_entropy": 14.3744535446167,
          "acoustic_entropy_side": 14.132967948913574,
          "hz": 2524.2759484456974
        },
        {
          "acoustic_entropy": 13.899439811706543,
          "acoustic_entropy_side": 14.025668144226074,
          "hz": 2809.813997359896
        },
        {
          "acoustic_entropy": 14.242271423339844,
          "acoustic_entropy_side": 14.081282615661621,
          "hz": 3120.6389567871424
        },
        {
          "acoustic_entropy": 13.661019325256348,
          "acoustic_entropy_side": 14.048687934875488,
          "hz": 3458.990205492291
        },
        {
          "acoustic_entropy": 13.78101634979248,
          "acoustic_entropy_side": 14.044805526733398,
          "hz": 3827.305438964164
        },
        {
          "acoustic_entropy": 13.805778503417969,
          "acoustic_entropy_side": 14.01172161102295,
          "hz": 4228.238232109126
        },
        {
          "acoustic_entropy": 14.042869567871094,
          "acoustic_entropy_side": 13.998000144958496,
          "hz": 4664.6771572759235
        },
        {
          "acoustic_entropy": 13.745068550109863,
          "acoustic_entropy_side": 13.977278709411621,
          "hz": 5139.766595350093
        },
        {
          "acoustic_entropy": 14.060194969177246,
          "acoustic_entropy_side": 14.062982559204102,
          "hz": 5656.929389854203
        },
        {
          "acoustic_entropy": 13.820596694946289,
          "acoustic_entropy_side": 14.065085411071777,
          "hz": 6219.891507268283
        },
        {
          "acoustic_entropy": 14.006272315979004,
          "acoustic_entropy_side": 14.066278457641602,
          "hz": 6832.70888123896
        },
        {
          "acoustic_entropy": 14.006925582885742,
          "acoustic_entropy_side": 14.067290306091309,
          "hz": 7499.796634079867
        },
        {
          "acoustic_entropy": 14.209275245666504,
          "acoustic_entropy_side": 14.177228927612305,
          "hz": 8225.96088609342
        },
        {
          "acoustic_entropy": 14.114105224609375,
          "acoustic_entropy_side": 14.16104793548584,
          "hz": 9016.43338188839
        },
        {
          "acoustic_entropy": 14.107762336730957,
          "acoustic_entropy_side": 14.168562889099121,
          "hz": 9876.909183162974
        },
        {
          "acoustic_entropy": 14.002983093261719,
          "acoustic_entropy_side": 14.161652565002441,
          "hz": 10813.587699516042
        },
        {
          "acoustic_entropy": 13.931809425354004,
          "acoustic_entropy_side": 14.13856315612793,
          "hz": 11833.21735289826
        },
        {
          "acoustic_entropy": 13.906636238098145,
          "acoustic_entropy_side": 14.117393493652344,
          "hz": 12943.144197493959
        },
        {
          "acoustic_entropy": 14.05604362487793,
          "acoustic_entropy_side": 14.110477447509766,
          "hz": 14151.364845322005
        },
        {
          "acoustic_entropy": 14.139342308044434,
          "acoustic_entropy_side": 14.114021301269531,
          "hz": 15466.58407886509
        },
        {
          "acoustic_entropy": 14.222933769226074,
          "acoustic_entropy_side": 14.113572120666504,
          "hz": 16898.27756580493
        },
        {
          "acoustic_entropy": 14.209208488464355,
          "acoustic_entropy_side": 14.112524032592773,
          "hz": 18456.760127700032
        },
        {
          "acoustic_entropy": 14.153522491455078,
          "acoustic_entropy_side": 14.112099647521973,
          "hz": 20153.260054456492
        },
        {
          "acoustic_entropy": 14.117151260375977,
          "acoustic_entropy_side": 14.111917495727539,
          "hz": 22000.00000000001
        }
      ],
      "diff_acoustic_entropy": 13.693359375,
      "sn": 12
    },
    {
      "acoustic_entropy": 19.9138240814209,
      "acoustic_entropy_mono": 19.752553939819336,
      "band_eliminated_acoustic_entropies": [
        {
          "acoustic_entropy": 19.869749069213867,
          "acoustic_entropy_side": 19.859891891479492,
          "hz": 129.47220167065723
        },
        {
          "acoustic_entropy": 20.556629180908203,
          "acoustic_entropy_side": 19.95965003967285,
          "hz": 202.92927478742237
        },
        {
          "acoustic_entropy": 20.249967575073242,
          "acoustic_entropy_side": 20.478914260864258,
          "hz": 282.89161906338205
        },
        {
          "acoustic_entropy": 20.686147689819336,
          "acoustic_entropy_side": 19.778295516967773,
          "hz": 369.9353335868758
        },
        {
          "acoustic_entropy": 20.86549186706543,
          "acoustic_entropy_side": 19.893592834472656,
          "hz": 464.6875360973435
        },
        {
          "acoustic_entropy": 20.469482421875,
          "acoustic_entropy_side": 20.5413818359375,
          "hz": 567.8308811364784
        },
        {
          "acoustic_entropy": 20.125354766845703,
          "acoustic_entropy_side": 20.4378719329834,
          "hz": 680.1084783214808
        },
        {
          "acoustic_entropy": 19.031641006469727,
          "acoustic_entropy_side": 20.05241584777832,
          "hz": 802.3292461747484
        },
        {
          "acoustic_entropy": 20.658687591552734,
          "acoustic_entropy_side": 20.80434799194336,
          "hz": 935.3737400823702
        },
        {
          "acoustic_entropy": 20.054786682128906,
          "acoustic_entropy_side": 19.799348831176758,
          "hz": 1080.2004963696966
        },
        {
          "acoustic_entropy": 21.353618621826172,
          "acoustic_entropy_side": 20.581829071044922,
          "hz": 1237.8529382007157
        },
        {
          "acoustic_entropy": 20.204652786254883,
          "acoustic_entropy_side": 20.164873123168945,
          "hz": 1409.4668930556702
        },
        {
          "acoustic_entropy": 20.439119338989258,
          "acoustic_entropy_side": 20.623641967773438,
          "hz": 1596.2787759475705
        },
        {
          "acoustic_entropy": 21.08588981628418,
          "acoustic_entropy_side": 20.67476463317871,
          "hz": 1799.6344973346393
        },
        {
          "acoustic_entropy": 19.8381290435791,
          "acoustic_entropy_side": 19.85573387145996,
          "hz": 2020.9991599069049
        },
        {
          "acoustic_entropy": 20.23324966430664,
          "acoustic_entropy_side": 19.960901260375977,
          "hz": 2261.9676141086993
        },
        {
          "acoustic_entropy": 20.256729125976562,
          "acoustic_entropy_side": 20.06822395324707,
          "hz": 2524.2759484456974
        },
        {
          "acoustic_entropy": 19.662349700927734,
          "acoustic_entropy_side": 20.032081604003906,
          "hz": 2809.813997359896
        },
        {
          "acoustic_entropy": 19.893604278564453,
          "acoustic_entropy_side": 19.842079162597656,
