{
  "acoustic_entropy": 114.89265441894531,
  "bands": [
    {
      "high_freq": 148.1999969482422,
      "loudness": -47.893592834472656,
      "loudness_range": 14.882648468017578,
      "mid_mean": -46.98991394042969,
      "mid_to_side_loudness": -5.95844030380249,
      "mid_to_side_loudness_range": 15.46498966217041,
      "side_mean": -52.933448791503906
    },
    {
      "high_freq": 392.3793640136719,
      "loudness": -37.12214279174805,
      "loudness_range": 13.590871810913086,
      "low_freq": 148.1999969482422,
      "mid_mean": -35.023155212402344,
      "mid_to_side_loudness": -4.246248722076416,
      "mid_to_side_loudness_range": 9.099398612976074,
      "side_mean": -39.362449645996094
    },
    {
      "high_freq": 794.6976318359375,
      "loudness": -35.624813079833984,
      "loudness_range": 20.73687744140625,
      "low_freq": 392.3793640136719,
      "mid_mean": -33.7370491027832,
      "mid_to_side_loudness": -3.8183512687683105,
      "mid_to_side_loudness_range": 11.022184371948242,
      "side_mean": -37.72120666503906
    },
    {
      "high_freq": 1457.5709228515625,
      "loudness": -46.72782897949219,
      "loudness_range": 19.756343841552734,
      "low_freq": 794.6976318359375,
      "mid_mean": -45.720394134521484,
      "mid_to_side_loudness": -1.6330825090408325,
      "mid_to_side_loudness_range": 7.691689968109131,
      "side_mean": -47.31001663208008
    },
    {
      "high_freq": 2549.74365234375,
      "loudness": -50.7908935546875,
      "loudness_range": 22.694499969482422,
      "low_freq": 1457.5709228515625,
      "mid_mean": -52.11764907836914,
      "mid_to_side_loudness": 0.03439942002296448,
      "mid_to_side_loudness_range": 8.45138931274414,
      "side_mean": -52.00474548339844
    },
    {
      "high_freq": 4349.24462890625,
      "loudness": -60.671817779541016,
      "loudness_range": 26.227401733398438,
      "low_freq": 2549.74365234375,
      "mid_mean": -60.505191802978516,
      "mid_to_side_loudness": -2.7407498359680176,
      "mid_to_side_loudness_range": 10.527200698852539,
      "side_mean": -62.32072067260742
    },
    {
      "high_freq": 7314.1640625,
      "loudness": -72.77388763427734,
      "loudness_range": 22.636474609375,
      "low_freq": 4349.24462890625,
      "mid_mean": -67.76676940917969,
      "mid_to_side_loudness": -1.8066848516464233,
      "mid_to_side_loudness_range": 7.358608245849609,
      "side_mean": -68.36872100830078
    },
    {
      "high_freq": 12199.2666015625,
      "loudness": -83.68856048583984,
      "loudness_range": 12.7620849609375,
      "low_freq": 7314.1640625,
      "mid_mean": -69.86357879638672,
      "mid_to_side_loudness": -1.3034089803695679,
      "mid_to_side_loudness_range": 2.421583414077759,
      "side_mean": -69.92064666748047
    },
    {
      "loudness": 0,
      "loudness_range": 0,
      "low_freq": 12199.2666015625,
      "mid_mean": -69.97052764892578,
      "mid_to_side_loudness": -2.537775754928589,
      "mid_to_side_loudness_range": 1.258600115776062,
      "side_mean": -69.98353576660156
    }
  ],
  "bands_short": [
    {
      "high_freq": 148.1999969482422,
      "loudness": -54.34292221069336,
      "loudness_range": 22.47522735595703,
      "mid_mean": -51.623600006103516,
      "mid_to_side_loudness": -9.10194206237793,
      "mid_to_side_loudness_range": 17.466163635253906,
      "side_mean": -59.956947326660156
    },
    {
      "high_freq": 392.3793640136719,
      "loudness": -37.69376754760742,
      "loudness_range": 14.314098358154297,
      "low_freq": 148.1999969482422,
      "mid_mean": -35.8343620300293,
      "mid_to_side_loudness": -3.754377841949463,
      "mid_to_side_loudness_range": 11.253904342651367,
      "side_mean": -39.7067985534668
    },
    {
      "high_freq": 794.6976318359375,
      "loudness": -35.5662727355957,
      "loudness_range": 21.340810775756836,
      "low_freq": 392.3793640136719,
      "mid_mean": -33.74746322631836,
      "mid_to_side_loudness": -4.026869773864746,
      "mid_to_side_loudness_range": 12.41732406616211,
      "side_mean": -37.943206787109375
    },
    {
      "high_freq": 1457.5709228515625,
      "loudness": -46.69984817504883,
      "loudness_range": 20.673343658447266,
      "low_freq": 794.6976318359375,
      "mid_mean": -45.48776626586914,
      "mid_to_side_loudness": -1.9139375686645508,
      "mid_to_side_loudness_range": 10.180245399475098,
      "side_mean": -47.42982864379883
    },
    {
      "high_freq": 2549.74365234375,
      "loudness": -51.788330078125,
      "loudness_range": 24.337955474853516,
      "low_freq": 1457.5709228515625,
      "mid_mean": -53.09707260131836,
      "mid_to_side_loudness": -0.060770802199840546,
      "mid_to_side_loudness_range": 10.493717193603516,
      "side_mean": -53.08817672729492
    },
    {
      "high_freq": 4349.24462890625,
      "loudness": -61.905879974365234,
      "loudness_range": 27.62552261352539,
      "low_freq": 2549.74365234375,
      "mid_mean": -61.38565444946289,
      "mid_to_side_loudness": -2.7054855823516846,
      "mid_to_side_loudness_range": 12.13623332977295,
      "side_mean": -63.01457977294922
    },
    {
      "high_freq": 7314.1640625,
      "loudness": -73.1406021118164,
      "loudness_range": 23.05710220336914,
      "low_freq": 4349.24462890625,
      "mid_mean": -68.02494049072266,
      "mid_to_side_loudness": -1.689569115638733,
      "mid_to_side_loudness_range": 7.748208999633789,
      "side_mean": -68.55828094482422
    },
    {
      "high_freq": 12199.2666015625,
      "loudness": -81.98772430419922,
      "loudness_range": 13.689834594726562,
      "low_freq": 7314.1640625,
      "mid_mean": -69.87808990478516,
      "mid_to_side_loudness": -1.1466187238693237,
      "mid_to_side_loudness_range": 2.7848901748657227,
      "side_mean": -69.92259216308594
    },
    {
      "loudness": 0,
      "loudness_range": 0,
      "low_freq": 12199.2666015625,
      "mid_mean": -69.9702377319336,
      "mid_to_side_loudness": -2.535071849822998,
      "mid_to_side_loudness_range": 3.162432909011841,
      "side_mean": -69.9832992553711
    }
  ],
  "bandwidth": 551.2079467773438,
  "channels": 2,
  "covariance": [
    [
      54.81908416748047,
      38.034156799316406,
      13.32930850982666,
      12.70082950592041,
      23.817474365234375,
      22.20248031616211,
      22.117910385131836,
      23.599048614501953,
      49.98655319213867,
      49.54693603515625,
      33.821773529052734,
      28.96893882751465,
      10.726519584655762,
      7.964766502380371,
      0.5378493070602417,
      0.28025874495506287,
      0.019021103158593178,
      0.010876553133130074
    ],
    [
      38.034156799316406,
      51.87076950073242,
      5.601012229919434,
      7.006776809692383,
      11.658708572387695,
      13.225775718688965,
      14.611202239990234,
      14.383304595947266,
      38.93230056762695,
      38.683380126953125,
      25.468952178955078,
      20.99774169921875,
      8.952088356018066,
      6.1857008934021,
      0.3137942850589752,
      0.18107064068317413,
      0.016215702518820763,
      0.009299196302890778
    ],
    [
      13.32930850982666,
      5.601012229919434,
      28.63898277282715,
      21.750879287719727,
      20.895008087158203,
      18.3641300201416,
      27.30082130432129,
      26.094518661499023,
      29.026777267456055,
      28.583574295043945,
      16.427169799804688,
      16.096269607543945,
      8.532931327819824,
      6.411049842834473,
      0.2764725983142853,
      0.13530007004737854,
      0.009715060703456402,
      0.005389729514718056
    ],
    [
      12.70082950592041,
      7.006776809692383,
      21.750879287719727,
      24.8883056640625,
      14.476020812988281,
      14.58908748626709,
      26.15944480895996,
      25.194808959960938,
      26.065988540649414,
      24.788511276245117,
      13.378263473510742,
      13.733030319213867,
      7.967605113983154,
      6.052089691162109,
      0.2525245249271393,
      0.12983117997646332,
      0.009115268476307392,
      0.0051637617871165276
    ],
    [
      23.817474365234375,
      11.658708572387695,
      20.895008087158203,
      14.476020812988281,
      58.87557601928711,
      46.767784118652344,
      40.02405548095703,
      38.9672737121582,
      49.25419235229492,
      51.20502471923828,
      48.6854133605957,
      41.51377487182617,
      14.226553916931152,
      10.146894454956055,
      1.0102773904800415,
      0.4601037800312042,
      0.022746140137314796,
      0.011779546737670898
    ],
    [
      22.20248031616211,
      13.225775718688965,
      18.3641300201416,
      14.58908748626709,
      46.767784118652344,
      50.66340255737305,
      40.59457015991211,
      39.86980438232422,
      47.67566680908203,
      47.92167282104492,
      48.80385208129883,
      43.56221008300781,
      13.671356201171875,
      10.887507438659668,
      1.0260218381881714,
      0.4787355959415436,
      0.023346194997429848,
      0.01222805306315422
    ],
    [
      22.117910385131836,
      14.611202239990234,
      27.30082130432129,
      26.15944480895996,
      40.02405548095703,
      40.59457015991211,
      54.385154724121094,
      47.78717041015625,
      52.54246520996094,
      52.54935836791992,
      42.5865592956543,
      39.325286865234375,
      16.756744384765625,
      12.823637008666992,
      0.7957303524017334,
      0.40007784962654114,
      0.02396203763782978,
      0.012637029401957989
    ],
    [
      23.599048614501953,
      14.383304595947266,
      26.094518661499023,
      25.194808959960938,
      38.9672737121582,
      39.86980438232422,
      47.78717041015625,
      49.450836181640625,
      51.89008331298828,
      50.477230072021484,
      41.487064361572266,
      38.348976135253906,
      14.710994720458984,
      11.33345890045166,
      0.7572052478790283,
      0.38559865951538086,
      0.022538917139172554,
      0.012235895730555058
    ],
    [
      49.98655319213867,
      38.93230056762695,
      29.026777267456055,
      26.065988540649414,
      49.25419235229492,
      47.67566680908203,
      52.54246520996094,
      51.89008331298828,
      87.49420928955078,
      83.97535705566406,
      63.25410079956055,
      56.69265365600586,
      21.487712860107422,
      15.960287094116211,
      1.2508552074432373,
      0.6303068399429321,
      0.03761213645339012,
      0.021019507199525833
    ],
    [
      49.54693603515625,
      38.683380126953125,
      28.583574295043945,
      24.788511276245117,
      51.20502471923828,
      47.92167282104492,
      52.54935836791992,
      50.477230072021484,
      83.97535705566406,
      86.78665924072266,
      65.08336639404297,
      55.303646087646484,
      21.42379379272461,
      15.345751762390137,
      1.2590150833129883,
      0.6074836850166321,
      0.03895258530974388,
      0.021366439759731293
    ],
    [
      33.821773529052734,
      25.468952178955078,
      16.427169799804688,
      13.378263473510742,
      48.6854133605957,
      48.80385208129883,
      42.5865592956543,
      41.487064361572266,
      63.25410079956055,
      65.08336639404297,
      67.30996704101562,
      54.30845260620117,
      19.07129669189453,
      14.281965255737305,
      1.3991003036499023,
      0.6462336182594299,
      0.03368380293250084,
      0.018168728798627853
    ],
    [
      28.96893882751465,
      20.99774169921875,
      16.096269607543945,
      13.733030319213867,
      41.51377487182617,
      43.56221008300781,
      39.325286865234375,
      38.348976135253906,
      56.69265365600586,
      55.303646087646484,
      54.30845260620117,
      51.4409065246582,
      18.0320987701416,
      14.599124908447266,
      1.3334072828292847,
      0.6332409977912903,
      0.029687609523534775,
      0.016333790495991707
    ],
    [
      10.726519584655762,
      8.952088356018066,
      8.532931327819824,
      7.967605113983154,
      14.226553916931152,
      13.671356201171875,
      16.756744384765625,
      14.710994720458984,
      21.487712860107422,
      21.42379379272461,
      19.07129669189453,
      18.0320987701416,
      11.60668659210205,
      8.326276779174805,
      0.6127594113349915,
      0.3208978772163391,
      0.012507720850408077,
      0.006987353786826134
    ],
    [
      7.964766502380371,
      6.1857008934021,
      6.411049842834473,
      6.052089691162109,
      10.146894454956055,
      10.887507438659668,
      12.823637008666992,
      11.33345890045166,
      15.960287094116211,
      15.345751762390137,
      14.281965255737305,
      14.599124908447266,
      8.326276779174805,
      6.867185592651367,
      0.5225157141685486,
      0.2659853994846344,
      0.009535396471619606,
      0.005389063153415918
    ],
    [
      0.5378493070602417,
      0.3137942850589752,
      0.2764725983142853,
      0.2525245249271393,
      1.0102773904800415,
      1.0260218381881714,
      0.7957303524017334,
      0.7572052478790283,
      1.2508552074432373,
      1.2590150833129883,
      1.3991003036499023,
      1.3334072828292847,
      0.6127594113349915,
      0.5225157141685486,
      0.20199640095233917,
      0.08212833106517792,
      0.0010865266667678952,
      0.0006166605744510889
    ],
    [
      0.28025874495506287,
      0.18107064068317413,
      0.13530007004737854,
      0.12983117997646332,
      0.4601037800312042,
      0.4787355959415436,
      0.40007784962654114,
      0.38559865951538086,
      0.6303068399429321,
      0.6074836850166321,
      0.6462336182594299,
      0.6332409977912903,
      0.3208978772163391,
      0.2659853994846344,
      0.08212833106517792,
      0.03800535947084427,
      0.0004979926743544638,
      0.0002803898532874882
    ],
    [
      0.019021103158593178,
      0.016215702518820763,
      0.009715060703456402,
      0.009115268476307392,
      0.022746140137314796,
      0.023346194997429848,
      0.02396203763782978,
      0.022538917139172554,
      0.03761213645339012,
      0.03895258530974388,
      0.03368380293250084,
      0.029687609523534775,
      0.012507720850408077,
      0.009535396471619606,
      0.0010865266667678952,
      0.0004979926743544638,
      4.629226532415487e-05,
      2.2860465833218768e-05
    ],
    [
      0.010876553133130074,
      0.009299196302890778,
      0.005389729514718056,
      0.0051637617871165276,
      0.011779546737670898,
      0.01222805306315422,
      0.012637029401957989,
      0.012235895730555058,
      0.021019507199525833,
      0.021366439759731293,
      0.018168728798627853,
      0.016333790495991707,
      0.006987353786826134,
      0.005389063153415918,
      0.0006166605744510889,
      0.0002803898532874882,
      2.2860465833218768e-05,
      1.4263539014791604e-05
    ]
  ],
  "covariance_short": [
    [
      61.01797103881836,
      26.86200523376465,
      16.685321807861328,
      16.3985538482666,
      24.483060836791992,
      24.84564781188965,
      25.483455657958984,
      28.605440139770508,
      52.42522430419922,
      50.602806091308594,
      34.50178527832031,
      31.66742515563965,
      10.31922435760498,
      8.327199935913086,
      0.5566337704658508,
      0.32272613048553467,
      0.02021893858909607,
      0.011405953206121922
    ],
    [
      26.86200523376465,
      27.45357894897461,
      7.2856645584106445,
      8.358869552612305,
      12.164687156677246,
      14.273123741149902,
      14.243396759033203,
      16.653324127197266,
      29.252222061157227,
      28.279617309570312,
      20.190349578857422,
      17.633928298950195,
      5.870179653167725,
      4.601278781890869,
      0.3125060498714447,
      0.18195846676826477,
      0.01148337870836258,
      0.005851049441844225
    ],
    [
      16.685321807861328,
      7.2856645584106445,
      31.383975982666016,
      20.536237716674805,
      22.981048583984375,
      18.885278701782227,
      27.960020065307617,
      25.686159133911133,
      29.129051208496094,
      29.912111282348633,
      17.463376998901367,
      16.191322326660156,
      7.424663066864014,
      5.81047248840332,
      0.26344773173332214,
      0.13159650564193726,
      0.008035843260586262,
      0.004439721815288067
    ],
    [
      16.3985538482666,
      8.358869552612305,
      20.536237716674805,
      24.767047882080078,
      15.748918533325195,
      15.249889373779297,
      24.046674728393555,
      23.40888786315918,
      25.665813446044922,
      24.702503204345703,
      13.489635467529297,
      13.117352485656738,
      6.5864644050598145,
      5.328211784362793,
      0.20816965401172638,
      0.12483946233987808,
      0.006494512315839529,
      0.0037643020041286945
    ],
    [
      24.483060836791992,
      12.164687156677246,
      22.981048583984375,
      15.748918533325195,
      59.85824203491211,
      45.37266540527344,
      42.83973693847656,
      39.888671875,
      50.93041229248047,
      51.778411865234375,
      46.73428726196289,
      40.8626823425293,
      14.203902244567871,
      9.843436241149902,
      0.8824452757835388,
      0.4769701063632965,
      0.020491795614361763,
      0.010328314267098904
    ],
    [
      24.84564781188965,
      14.273123741149902,
      18.885278701782227,
      15.249889373779297,
      45.37266540527344,
      51.901187896728516,
      40.39326095581055,
      39.934120178222656,
      49.14760208129883,
      49.02892303466797,
      47.03997802734375,
      41.65723419189453,
      13.902290344238281,
      10.64963436126709,
      0.9030177593231201,
      0.47521987557411194,
      0.021165132522583008,
      0.011094694025814533
    ],
    [
      25.483455657958984,
      14.243396759033203,
      27.960020065307617,
      24.046674728393555,
      42.83973693847656,
      40.39326095581055,
      55.76732635498047,
      46.244163513183594,
      53.70629119873047,
      54.66653060913086,
      41.273990631103516,
      38.05755615234375,
      16.881702423095703,
      12.234540939331055,
      0.7807086706161499,
      0.42586731910705566,
      0.02133314311504364,
      0.011074211448431015
    ],
    [
      28.605440139770508,
      16.653324127197266,
      25.686159133911133,
      23.40888786315918,
      39.888671875,
      39.934120178222656,
      46.244163513183594,
      50.17426300048828,
      53.20472717285156,
      52.91324234008789,
      41.809547424316406,
      37.740753173828125,
      14.91710090637207,
      10.92982006072998,
      0.744924783706665,
      0.4230569005012512,
      0.01960086263716221,
      0.010478105396032333
    ],
    [
      52.42522430419922,
      29.252222061157227,
      29.129051208496094,
      25.665813446044922,
      50.93041229248047,
      49.14760208129883,
      53.70629119873047,
      53.20472717285156,
      89.81041717529297,
      84.46084594726562,
      61.79373550415039,
      55.751068115234375,
      21.300403594970703,
      15.782428741455078,
      1.262467861175537,
      0.7072689533233643,
      0.03595849499106407,
      0.02023983933031559
    ],
    [
      50.602806091308594,
      28.279617309570312,
      29.912111282348633,
      24.702503204345703,
      51.778411865234375,
      49.02892303466797,
      54.66653060913086,
      52.91324234008789,
      84.46084594726562,
      89.24011993408203,
      63.813072204589844,
      54.843563079833984,
      21.58452033996582,
      15.358120918273926,
      1.291669487953186,
      0.6954265236854553,
      0.036515939980745316,
      0.02034747041761875
    ],
    [
      34.50178527832031,
      20.190349578857422,
      17.463376998901367,
      13.489635467529297,
      46.73428726196289,
      47.03997802734375,
      41.273990631103516,
      41.809547424316406,
      61.79373550415039,
      63.813072204589844,
      64.6698989868164,
      52.34889602661133,
      19.747093200683594,
      14.489949226379395,
      1.4054687023162842,
      0.7288599014282227,
      0.03105686418712139,
      0.01707868091762066
    ],
    [
      31.66742515563965,
      17.633928298950195,
      16.191322326660156,
      13.117352485656738,
      40.8626823425293,
      41.65723419189453,
      38.05755615234375,
      37.740753173828125,
      55.751068115234375,
      54.843563079833984,
      52.34889602661133,
      51.52018356323242,
      18.46190643310547,
      14.584234237670898,
      1.3171966075897217,
      0.6973551511764526,
      0.02692640945315361,
      0.014862758107483387
    ],
    [
      10.31922435760498,
      5.870179653167725,
      7.424663066864014,
      6.5864644050598145,
      14.203902244567871,
      13.902290344238281,
      16.881702423095703,
      14.91710090637207,
      21.300403594970703,
      21.58452033996582,
      19.747093200683594,
      18.46190643310547,
      11.750967025756836,
      8.371180534362793,
      0.7308818697929382,
      0.40247273445129395,
      0.012823647819459438,
      0.007139279041439295
    ],
    [
      8.327199935913086,
      4.601278781890869,
      5.81047248840332,
      5.328211784362793,
      9.843436241149902,
      10.64963436126709,
      12.234540939331055,
      10.92982006072998,
      15.782428741455078,
      15.358120918273926,
      14.489949226379395,
      14.584234237670898,
      8.371180534362793,
      7.073985576629639,
      0.584164559841156,
      0.3190726339817047,
      0.009675455279648304,
      0.0055021424777805805
    ],
    [
      0.5566337704658508,
      0.3125060498714447,
      0.26344773173332214,
      0.20816965401172638,
      0.8824452757835388,
      0.9030177593231201,
      0.7807086706161499,
      0.744924783706665,
      1.262467861175537,
      1.291669487953186,
      1.4054687023162842,
      1.3171966075897217,
      0.7308818697929382,
      0.584164559841156,
      0.25531113147735596,
      0.11958183348178864,
      0.0018228113185614347,
      0.0010020677000284195
    ],
    [
      0.32272613048553467,
      0.18195846676826477,
      0.13159650564193726,
      0.12483946233987808,
      0.4769701063632965,
      0.47521987557411194,
      0.42586731910705566,
      0.4230569005012512,
      0.7072689533233643,
      0.6954265236854553,
      0.7288599014282227,
      0.6973551511764526,
      0.40247273445129395,
      0.3190726339817047,
      0.11958183348178864,
      0.06651104986667633,
      0.0009196696919389069,
      0.000508603872731328
    ],
    [
      0.02021893858909607,
      0.01148337870836258,
      0.008035843260586262,
      0.006494512315839529,
      0.020491795614361763,
      0.021165132522583008,
      0.02133314311504364,
      0.01960086263716221,
      0.03595849499106407,
      0.036515939980745316,
      0.03105686418712139,
      0.02692640945315361,
      0.012823647819459438,
      0.009675455279648304,
      0.0018228113185614347,
      0.0009196696919389069,
      0.00013306972687132657,
      5.88051370868925e-05
    ],
    [
      0.011405953206121922,
      0.005851049441844225,
      0.004439721815288067,
      0.0037643020041286945,
      0.010328314267098904,
      0.011094694025814533,
      0.011074211448431015,
      0.010478105396032333,
      0.02023983933031559,
      0.02034747041761875,
      0.01707868091762066,
      0.014862758107483387,
      0.007139279041439295,
      0.0055021424777805805,
      0.0010020677000284195,
      0.000508603872731328,
      5.88051370868925e-05,
      4.1884133679559454e-05
    ]
  ],
  "damage": -17.340890884399414,
  "diff_bandwidth": 565.2951049804688,
  "dissonance": 3.728362057507799,
  "drr": 4.115603923797607,
  "dynamics": 4.997307300567627,
  "format": 1245190,
  "frames": 3880896,
  "loudness": -28.006519317626953,
  "loudness_range": 14.39493179321289,
  "loudness_range_short": 16.271194458007812,
  "lowpass_true_peak_15khz": -9.953325271606445,
  "mastering3_acoustic_entropies": [
    {
      "acoustic_entropy": 5.368607521057129,
      "acoustic_entropy_mono": 4.934599876403809,
      "band_eliminated_acoustic_entropies": [
        {
          "acoustic_entropy": 5.370767116546631,
          "acoustic_entropy_side": 5.368649959564209,
          "hz": 129.47220167065723
        },
        {
          "acoustic_entropy": 5.390134811401367,
          "acoustic_entropy_side": 5.374735355377197,
          "hz": 202.92927478742237
        },
        {
          "acoustic_entropy": 5.451241493225098,
          "acoustic_entropy_side": 5.384320259094238,
          "hz": 282.89161906338205
        },
        {
          "acoustic_entropy": 5.66558313369751,
          "acoustic_entropy_side": 5.542992115020752,
          "hz": 369.9353335868758
        },
        {
          "acoustic_entropy": 5.955437183380127,
          "acoustic_entropy_side": 5.2625813484191895,
          "hz": 464.6875360973435
        },
        {
          "acoustic_entropy": 5.313455104827881,
          "acoustic_entropy_side": 5.827894687652588,
          "hz": 567.8308811364784
        },
        {
          "acoustic_entropy": 5.182379722595215,
          "acoustic_entropy_side": 6.167032241821289,
          "hz": 680.1084783214808
        },
        {
          "acoustic_entropy": 5.92555046081543,
          "acoustic_entropy_side": 5.596887111663818,
          "hz": 802.3292461747484
        },
        {
          "acoustic_entropy": 5.591578483581543,
          "acoustic_entropy_side": 5.33864688873291,
          "hz": 935.3737400823702
        },
        {
          "acoustic_entropy": 5.199559688568115,
          "acoustic_entropy_side": 5.308946132659912,
          "hz": 1080.2004963696966
        },
        {
          "acoustic_entropy": 5.605307102203369,
          "acoustic_entropy_side": 5.503697872161865,
          "hz": 1237.8529382007157
        },
        {
          "acoustic_entropy": 5.209993839263916,
          "acoustic_entropy_side": 5.361515045166016,
          "hz": 1409.4668930556702
        },
        {
          "acoustic_entropy": 5.215639591217041,
          "acoustic_entropy_side": 5.3093366622924805,
          "hz": 1596.2787759475705
        },
        {
          "acoustic_entropy": 5.5891194343566895,
          "acoustic_entropy_side": 5.469799518585205,
          "hz": 1799.6344973346393
        },
        {
          "acoustic_entropy": 5.368452072143555,
          "acoustic_entropy_side": 5.345759391784668,
          "hz": 2020.9991599069049
        },
        {
          "acoustic_entropy": 5.444922924041748,
          "acoustic_entropy_side": 5.396154880523682,
          "hz": 2261.9676141086993
        },
        {
          "acoustic_entropy": 5.426650047302246,
          "acoustic_entropy_side": 5.385271072387695,
          "hz": 2524.2759484456974
        },
        {
          "acoustic_entropy": 5.40878438949585,
          "acoustic_entropy_side": 5.363311290740967,
          "hz": 2809.813997359896
        },
        {
          "acoustic_entropy": 5.395477771759033,
          "acoustic_entropy_side": 5.3603363037109375,
          "hz": 3120.6389567871424
        },
        {
          "acoustic_entropy": 5.37540864944458,
          "acoustic_entropy_side": 5.371217250823975,
          "hz": 3458.990205492291
        },
        {
          "acoustic_entropy": 5.3712477684021,
          "acoustic_entropy_side": 5.3686323165893555,
          "hz": 3827.305438964164
        },
        {
          "acoustic_entropy": 5.368834018707275,
          "acoustic_entropy_side": 5.368833065032959,
          "hz": 4228.238232109126
        },
        {
          "acoustic_entropy": 5.369285583496094,
          "acoustic_entropy_side": 5.368691444396973,
          "hz": 4664.6771572759235
        },
        {
          "acoustic_entropy": 5.368739128112793,
          "acoustic_entropy_side": 5.368575572967529,
          "hz": 5139.766595350093
        },
        {
          "acoustic_entropy": 5.368625164031982,
          "acoustic_entropy_side": 5.368598937988281,
          "hz": 5656.929389854203
        },
        {
          "acoustic_entropy": 5.368581771850586,
          "acoustic_entropy_side": 5.368594646453857,
          "hz": 6219.891507268283
        },
        {
          "acoustic_entropy": 5.368605136871338,
          "acoustic_entropy_side": 5.368602752685547,
          "hz": 6832.70888123896
        },
        {
          "acoustic_entropy": 5.368612289428711,
          "acoustic_entropy_side": 5.368609428405762,
          "hz": 7499.796634079867
        },
        {
          "acoustic_entropy": 5.36860990524292,
          "acoustic_entropy_side": 5.368607997894287,
          "hz": 8225.96088609342
        },
        {
          "acoustic_entropy": 5.368607997894287,
          "acoustic_entropy_side": 5.368607997894287,
          "hz": 9016.43338188839
        },
        {
          "acoustic_entropy": 5.368607997894287,
          "acoustic_entropy_side": 5.368607521057129,
          "hz": 9876.909183162974
        },
        {
          "acoustic_entropy": 5.368607521057129,
          "acoustic_entropy_side": 5.368607521057129,
          "hz": 10813.587699516042
        },
        {
          "acoustic_entropy": 5.368607521057129,
          "acoustic_entropy_side": 5.368607521057129,
          "hz": 11833.21735289826
        },
        {
          "acoustic_entropy": 5.368607521057129,
          "acoustic_entropy_side": 5.368607521057129,
          "hz": 12943.144197493959
        },
        {
          "acoustic_entropy": 5.368607521057129,
          "acoustic_entropy_side": 5.368607521057129,
          "hz": 14151.364845322005
        },
        {
          "acoustic_entropy": 5.368607521057129,
          "acoustic_entropy_side": 5.368607521057129,
          "hz": 15466.58407886509
        },
        {
          "acoustic_entropy": 5.368607521057129,
          "acoustic_entropy_side": 5.368607521057129,
          "hz": 16898.27756580493
        },
        {
          "acoustic_entropy": 5.368607521057129,
          "acoustic_entropy_side": 5.368607521057129,
          "hz": 18456.760127700032
        },
        {
          "acoustic_entropy": 5.368607521057129,
          "acoustic_entropy_side": 5.368607521057129,
          "hz": 20153.260054456492
        },
        {
          "acoustic_entropy": 5.368607521057129,
          "acoustic_entropy_side": 5.368607521057129,
          "hz": 22000.00000000001
        }
      ],
      "diff_acoustic_entropy": 4.748810291290283,
      "sn": 6
    },
    {
      "acoustic_entropy": 8.568887710571289,
      "acoustic_entropy_mono": 7.840662002563477,
      "band_eliminated_acoustic_entropies": [
        {
          "acoustic_entropy": 8.560104370117188,
          "acoustic_entropy_side": 8.569172859191895,
          "hz": 129.47220167065723
        },
        {
          "acoustic_entropy": 8.411494255065918,
          "acoustic_entropy_side": 8.593674659729004,
          "hz": 202.92927478742237
        },
        {
          "acoustic_entropy": 8.630860328674316,
          "acoustic_entropy_side": 8.655562400817871,
          "hz": 282.89161906338205
        },
        {
          "acoustic_entropy": 9.178773880004883,
          "acoustic_entropy_side": 8.192440032958984,
          "hz": 369.9353335868758
        },
        {
          "acoustic_entropy": 8.067911148071289,
          "acoustic_entropy_side": 8.87469482421875,
          "hz": 464.6875360973435
        },
        {
          "acoustic_entropy": 7.951870918273926,
          "acoustic_entropy_side": 8.55653190612793,
          "hz": 567.8308811364784
        },
        {
          "acoustic_entropy": 8.643248558044434,
          "acoustic_entropy_side": 8.719511032104492,
          "hz": 680.1084783214808
        },
        {
          "acoustic_entropy": 8.787212371826172,
          "acoustic_entropy_side": 8.437420845031738,
          "hz": 802.3292461747484
        },
        {
          "acoustic_entropy": 8.595805168151855,
          "acoustic_entropy_side": 8.606993675231934,
          "hz": 935.3737400823702
        },
        {
          "acoustic_entropy": 8.232163429260254,
          "acoustic_entropy_side": 8.235858917236328,
          "hz": 1080.2004963696966
        },
        {
          "acoustic_entropy": 8.249723434448242,
          "acoustic_entropy_side": 8.422800064086914,
          "hz": 1237.8529382007157
        },
        {
          "acoustic_entropy": 8.384995460510254,
          "acoustic_entropy_side": 8.53579044342041,
          "hz": 1409.4668930556702
        },
        {
          "acoustic_entropy": 8.38144302368164,
          "acoustic_entropy_side": 8.50472640991211,
          "hz": 1596.2787759475705
        },
        {
          "acoustic_entropy": 8.450122833251953,
          "acoustic_entropy_side": 8.407286643981934,
          "hz": 1799.6344973346393
        },
        {
          "acoustic_entropy": 8.265937805175781,
          "acoustic_entropy_side": 8.420312881469727,
          "hz": 2020.9991599069049
        },
        {
          "acoustic_entropy": 8.47485637664795,
          "acoustic_entropy_side": 8.531148910522461,
          "hz": 2261.9676141086993
        },
        {
          "acoustic_entropy": 8.513924598693848,
          "acoustic_entropy_side": 8.556156158447266,
          "hz": 2524.2759484456974
        },
        {
          "acoustic_entropy": 8.64119815826416,
          "acoustic_entropy_side": 8.567809104919434,
          "hz": 2809.813997359896
        },
        {
          "acoustic_entropy": 8.600153923034668,
          "acoustic_entropy_side": 8.648210525512695,
          "hz": 3120.6389567871424
        },
        {
          "acoustic_entropy": 8.542250633239746,
          "acoustic_entropy_side": 8.552349090576172,
          "hz": 3458.990205492291
        },
        {
          "acoustic_entropy": 8.582228660583496,
          "acoustic_entropy_side": 8.576231002807617,
          "hz": 3827.305438964164
        },
        {
          "acoustic_entropy": 8.577542304992676,
          "acoustic_entropy_side": 8.570513725280762,
          "hz": 4228.238232109126
        },
        {
          "acoustic_entropy": 8.571151733398438,
          "acoustic_entropy_side": 8.571490287780762,
          "hz": 4664.6771572759235
        },
        {
          "acoustic_entropy": 8.56857967376709,
          "acoustic_entropy_side": 8.569246292114258,
          "hz": 5139.766595350093
        },
        {
          "acoustic_entropy": 8.568704605102539,
          "acoustic_entropy_side": 8.568931579589844,
          "hz": 5656.929389854203
        },
        {
          "acoustic_entropy": 8.568989753723145,
          "acoustic_entropy_side": 8.568943977355957,
          "hz": 6219.891507268283
        },
        {
          "acoustic_entropy": 8.568868637084961,
          "acoustic_entropy_side": 8.56889533996582,
          "hz": 6832.70888123896
        },
        {
          "acoustic_entropy": 8.568825721740723,
          "acoustic_entropy_side": 8.56888198852539,
          "hz": 7499.796634079867
        },
        {
          "acoustic_entropy": 8.568862915039062,
          "acoustic_entropy_side": 8.568887710571289,
          "hz": 8225.96088609342
        },
        {
          "acoustic_entropy": 8.568887710571289,
          "acoustic_entropy_side": 8.568887710571289,
          "hz": 9016.43338188839
        },
        {
          "acoustic_entropy": 8.568887710571289,
          "acoustic_entropy_side": 8.568887710571289,
          "hz": 9876.909183162974
        },
        {
          "acoustic_entropy": 8.568887710571289,
          "acoustic_entropy_side": 8.568887710571289,
          "hz": 10813.587699516042
        },
        {
          "acoustic_entropy": 8.568887710571289,
          "acoustic_entropy_side": 8.568887710571289,
          "hz": 11833.21735289826
        },
        {
          "acoustic_entropy": 8.568887710571289,
          "acoustic_entropy_side": 8.568887710571289,
          "hz": 12943.144197493959
        },
        {
          "acoustic_entropy": 8.568887710571289,
          "acoustic_entropy_side": 8.568887710571289,
          "hz": 14151.364845322005
        },
        {
          "acoustic_entropy": 8.568887710571289,
          "acoustic_entropy_side": 8.568887710571289,
          "hz": 15466.58407886509
        },
        {
          "acoustic_entropy": 8.568887710571289,
          "acoustic_entropy_side": 8.568887710571289,
          "hz": 16898.27756580493
        },
        {
          "acoustic_entropy": 8.568887710571289,
          "acoustic_entropy_side": 8.568887710571289,
          "hz": 18456.760127700032
        },
        {
          "acoustic_entropy": 8.568887710571289,
          "acoustic_entropy_side": 8.568887710571289,
          "hz": 20153.260054456492
        },
        {
          "acoustic_entropy": 8.568887710571289,
          "acoustic_entropy_side": 8.568887710571289,
          "hz": 22000.00000000001
        }
      ],
      "diff_acoustic_entropy": 7.157593250274658,
      "sn": 12
    },
    {
      "acoustic_entropy": 13.815666198730469,
      "acoustic_entropy_mono": 11.2809476852417,
      "band_eliminated_acoustic_entropies": [
        {
          "acoustic_entropy": 14.483835220336914,
          "acoustic_entropy_side": 13.905715942382812,
          "hz": 129.47220167065723
        },
        {
          "acoustic_entropy": 13.753740310668945,
          "acoustic_entropy_side": 14.307458877563477,
          "hz": 202.92927478742237
        },
        {
          "acoustic_entropy": 14.936439514160156,
          "acoustic_entropy_side": 14.851449012756348,
          "hz": 282.89161906338205
        },
        {
          "acoustic_entropy": 14.702704429626465,
          "acoustic_entropy_side": 14.36879825592041,
          "hz": 369.9353335868758
        },
        {
          "acoustic_entropy": 15.098358154296875,
          "acoustic_entropy_side": 14.327078819274902,
          "hz": 464.6875360973435
        },
        {
          "acoustic_entropy": 14.546001434326172,
          "acoustic_entropy_side": 13.1785249710083,
          "hz": 567.8308811364784
        },
        {
          "acoustic_entropy": 14.349772453308105,
          "acoustic_entropy_side": 15.309452056884766,
          "hz": 680.1084783214808
        },
        {
          "acoustic_entropy": 15.026532173156738,
          "acoustic_entropy_side": 14.152508735656738,
          "hz": 802.3292461747484
        },
        {
          "acoustic_entropy": 14.611655235290527,
          "acoustic_entropy_side": 14.568460464477539,
          "hz": 935.3737400823702
        },
        {
          "acoustic_entropy": 13.421035766601562,
          "acoustic_entropy_side": 13.846487998962402,
          "hz": 1080.2004963696966
        },
        {
          "acoustic_entropy": 14.897534370422363,
          "acoustic_entropy_side": 15.40217113494873,
          "hz": 1237.8529382007157
        },
        {
          "acoustic_entropy": 14.02514362335205,
          "acoustic_entropy_side": 13.853409767150879,
          "hz": 1409.4668930556702
        },
        {
          "acoustic_entropy": 14.547832489013672,
          "acoustic_entropy_side": 15.172598838806152,
          "hz": 1596.2787759475705
        },
        {
          "acoustic_entropy": 14.093843460083008,
          "acoustic_entropy_side": 13.613194465637207,
          "hz": 1799.6344973346393
        },
        {
          "acoustic_entropy": 14.446741104125977,
          "acoustic_entropy_side": 14.2075777053833,
          "hz": 2020.9991599069049
        },
        {
          "acoustic_entropy": 13.806446075439453,
          "acoustic_entropy_side": 14.262267112731934,
          "hz": 2261.9676141086993
        },
        {
          "acoustic_entropy": 14.594773292541504,
          "acoustic_entropy_side": 14.23764705657959,
