{
  "acoustic_entropy": 159.751708984375,
  "bands": [
    {
      "high_freq": 148.1999969482422,
      "loudness": -33.61170959472656,
      "loudness_range": 23.583595275878906,
      "mid_mean": -30.2308349609375,
      "mid_to_side_loudness": -17.76144790649414,
      "mid_to_side_loudness_range": 16.59075164794922,
      "side_mean": -47.88861846923828
    },
    {
      "high_freq": 392.3793640136719,
      "loudness": -25.912675857543945,
      "loudness_range": 18.28069305419922,
      "low_freq": 148.1999969482422,
      "mid_mean": -22.698711395263672,
      "mid_to_side_loudness": -12.36953067779541,
      "mid_to_side_loudness_range": 13.313875198364258,
      "side_mean": -34.56302261352539
    },
    {
      "high_freq": 794.6976318359375,
      "loudness": -28.768661499023438,
      "loudness_range": 21.142837524414062,
      "low_freq": 392.3793640136719,
      "mid_mean": -26.137216567993164,
      "mid_to_side_loudness": -9.475112915039062,
      "mid_to_side_loudness_range": 17.280048370361328,
      "side_mean": -35.37889099121094
    },
    {
      "high_freq": 1457.5709228515625,
      "loudness": -24.54193115234375,
      "loudness_range": 19.954254150390625,
      "low_freq": 794.6976318359375,
      "mid_mean": -21.756567001342773,
      "mid_to_side_loudness": -17.425708770751953,
      "mid_to_side_loudness_range": 31.70389175415039,
      "side_mean": -38.466854095458984
    },
    {
      "high_freq": 2549.74365234375,
      "loudness": -34.16767883300781,
      "loudness_range": 18.21923065185547,
      "low_freq": 1457.5709228515625,
      "mid_mean": -31.230224609375,
      "mid_to_side_loudness": -12.373437881469727,
      "mid_to_side_loudness_range": 25.531618118286133,
      "side_mean": -43.23031234741211
    },
    {
      "high_freq": 4349.24462890625,
      "loudness": -36.641265869140625,
      "loudness_range": 12.192092895507812,
      "low_freq": 2549.74365234375,
      "mid_mean": -33.68702697753906,
      "mid_to_side_loudness": -11.204484939575195,
      "mid_to_side_loudness_range": 22.113794326782227,
      "side_mean": -43.3448371887207
    },
    {
      "high_freq": 7314.1640625,
      "loudness": -42.03188705444336,
      "loudness_range": 15.094970703125,
      "low_freq": 4349.24462890625,
      "mid_mean": -39.522403717041016,
      "mid_to_side_loudness": -8.642997741699219,
      "mid_to_side_loudness_range": 16.585695266723633,
      "side_mean": -47.030860900878906
    },
    {
      "high_freq": 12199.2666015625,
      "loudness": -44.89101791381836,
      "loudness_range": 19.03942108154297,
      "low_freq": 7314.1640625,
      "mid_mean": -42.375186920166016,
      "mid_to_side_loudness": -7.345019340515137,
      "mid_to_side_loudness_range": 10.362491607666016,
      "side_mean": -51.433746337890625
    },
    {
      "loudness": -51.037105560302734,
      "loudness_range": 24.923297882080078,
      "low_freq": 12199.2666015625,
      "mid_mean": -50.76593017578125,
      "mid_to_side_loudness": -5.910400390625,
      "mid_to_side_loudness_range": 7.8711066246032715,
      "side_mean": -55.755374908447266
    }
  ],
  "bands_short": [
    {
      "high_freq": 148.1999969482422,
      "loudness": -41.6103630065918,
      "loudness_range": 33.45808410644531,
      "mid_mean": -38.603004455566406,
      "mid_to_side_loudness": -16.242725372314453,
      "mid_to_side_loudness_range": 23.332916259765625,
      "side_mean": -54.661285400390625
    },
    {
      "high_freq": 392.3793640136719,
      "loudness": -28.287120819091797,
      "loudness_range": 26.205991744995117,
      "low_freq": 148.1999969482422,
      "mid_mean": -25.34365463256836,
      "mid_to_side_loudness": -11.876842498779297,
      "mid_to_side_loudness_range": 17.91927719116211,
      "side_mean": -35.88023376464844
    },
    {
      "high_freq": 794.6976318359375,
      "loudness": -30.014928817749023,
      "loudness_range": 28.406911849975586,
      "low_freq": 392.3793640136719,
      "mid_mean": -27.92691421508789,
      "mid_to_side_loudness": -8.31467342376709,
      "mid_to_side_loudness_range": 17.992616653442383,
      "side_mean": -36.139652252197266
    },
    {
      "high_freq": 1457.5709228515625,
      "loudness": -27.4783992767334,
      "loudness_range": 26.446086883544922,
      "low_freq": 794.6976318359375,
      "mid_mean": -24.96257972717285,
      "mid_to_side_loudness": -13.347949028015137,
      "mid_to_side_loudness_range": 31.594823837280273,
      "side_mean": -38.98960494995117
    },
    {
      "high_freq": 2549.74365234375,
      "loudness": -36.34748840332031,
      "loudness_range": 22.48615264892578,
      "low_freq": 1457.5709228515625,
      "mid_mean": -33.979576110839844,
      "mid_to_side_loudness": -10.262239456176758,
      "mid_to_side_loudness_range": 24.689228057861328,
      "side_mean": -44.974666595458984
    },
    {
      "high_freq": 4349.24462890625,
      "loudness": -38.279991149902344,
      "loudness_range": 19.88994026184082,
      "low_freq": 2549.74365234375,
      "mid_mean": -35.79424285888672,
      "mid_to_side_loudness": -10.363492965698242,
      "mid_to_side_loudness_range": 21.759538650512695,
      "side_mean": -45.68574905395508
    },
    {
      "high_freq": 7314.1640625,
      "loudness": -44.72298812866211,
      "loudness_range": 23.80606460571289,
      "low_freq": 4349.24462890625,
      "mid_mean": -42.84656524658203,
      "mid_to_side_loudness": -7.965481281280518,
      "mid_to_side_loudness_range": 17.173311233520508,
      "side_mean": -52.27433395385742
    },
    {
      "high_freq": 12199.2666015625,
      "loudness": -48.37494659423828,
      "loudness_range": 27.109233856201172,
      "low_freq": 7314.1640625,
      "mid_mean": -46.82150650024414,
      "mid_to_side_loudness": -7.131532192230225,
      "mid_to_side_loudness_range": 12.338618278503418,
      "side_mean": -55.03435134887695
    },
    {
      "loudness": -53.6689338684082,
      "loudness_range": 30.384723663330078,
      "low_freq": 12199.2666015625,
      "mid_mean": -54.50788879394531,
      "mid_to_side_loudness": -5.500094413757324,
      "mid_to_side_loudness_range": 9.82486629486084,
      "side_mean": -58.71739196777344
    }
  ],
  "bandwidth": 697.1172485351562,
  "channels": 2,
  "covariance": [
    [
      77.74504852294922,
      46.171390533447266,
      34.00520324707031,
      22.47211456298828,
      14.104175567626953,
      10.987826347351074,
      16.26485252380371,
      9.521716117858887,
      10.979046821594238,
      8.657346725463867,
      8.259184837341309,
      2.5974786281585693,
      7.988556861877441,
      5.476205348968506,
      14.496755599975586,
      12.75061321258545,
      17.748947143554688,
      15.250186920166016
    ],
    [
      46.171390533447266,
      52.868675231933594,
      29.061756134033203,
      27.65389060974121,
      19.769514083862305,
      25.844646453857422,
      1.946860432624817,
      26.002107620239258,
      10.511636734008789,
      29.534976959228516,
      15.426281929016113,
      22.22563362121582,
      20.05805015563965,
      24.398136138916016,
      26.244117736816406,
      34.82365798950195,
      36.46595001220703,
      35.01438903808594
    ],
    [
      34.00520324707031,
      29.061756134033203,
      48.57032012939453,
      33.90937805175781,
      36.411720275878906,
      36.07902908325195,
      10.35918140411377,
      24.643564224243164,
      13.866926193237305,
      26.847936630249023,
      13.408286094665527,
      19.606884002685547,
      16.30303955078125,
      21.871366500854492,
      19.089670181274414,
      27.41128158569336,
      24.17676544189453,
      24.94065284729004
    ],
    [
      22.47211456298828,
      27.65389060974121,
      33.90937805175781,
      50.12065505981445,
      43.67210388183594,
      49.6702766418457,
      12.202147483825684,
      31.439043045043945,
      15.547158241271973,
      33.946651458740234,
      17.845815658569336,
      27.207372665405273,
      24.238557815551758,
      30.521718978881836,
      28.116790771484375,
      39.794273376464844,
      37.55500030517578,
      37.9937744140625
    ],
    [
      14.104175567626953,
      19.769514083862305,
      36.411720275878906,
      43.67210388183594,
      67.81289672851562,
      61.822322845458984,
      4.888113975524902,
      35.71556854248047,
      15.083208084106445,
      33.03996276855469,
      14.358467102050781,
      29.142202377319336,
      21.448713302612305,
      30.36576271057129,
      23.54804229736328,
      35.54780578613281,
      29.68232536315918,
      31.756986618041992
    ],
    [
      10.987826347351074,
      25.844646453857422,
      36.07902908325195,
      49.6702766418457,
      61.822322845458984,
      107.66829681396484,
      3.517766237258911,
      56.64296340942383,
      18.520769119262695,
      59.92757034301758,
      28.255413055419922,
      48.35246276855469,
      37.6910285949707,
      47.86381530761719,
      38.874454498291016,
      60.28166198730469,
      51.391502380371094,
      51.73690414428711
    ],
    [
      16.26485252380371,
      1.946860432624817,
      10.35918140411377,
      12.202147483825684,
      4.888113975524902,
      3.517766237258911,
      68.36504364013672,
      -3.9582889080047607,
      21.436540603637695,
      -15.798792839050293,
      12.186776161193848,
      -23.60321617126465,
      3.332270383834839,
      -12.911927223205566,
      4.393091678619385,
      8.670450210571289,
      18.095821380615234,
      9.753028869628906
    ],
    [
      9.521716117858887,
      26.002107620239258,
      24.643564224243164,
      31.439043045043945,
      35.71556854248047,
      56.64296340942383,
      -3.9582889080047607,
      62.741302490234375,
      11.98254108428955,
      53.905113220214844,
      25.329933166503906,
      43.469970703125,
      28.524734497070312,
      40.88566589355469,
      29.54304313659668,
      42.053199768066406,
      34.23234558105469,
      36.7722053527832
    ],
    [
      10.979046821594238,
      10.511636734008789,
      13.866926193237305,
      15.547158241271973,
      15.083208084106445,
      18.520769119262695,
      21.436540603637695,
      11.98254108428955,
      38.41545486450195,
      15.744308471679688,
      17.642120361328125,
      4.29396915435791,
      11.561378479003906,
      6.109416484832764,
      10.893696784973145,
      14.172965049743652,
      17.540742874145508,
      14.391931533813477
    ],
    [
      8.657346725463867,
      29.534976959228516,
      26.847936630249023,
      33.946651458740234,
      33.03996276855469,
      59.92757034301758,
      -15.798792839050293,
      53.905113220214844,
      15.744308471679688,
      75.24961853027344,
      27.68486976623535,
      53.93046569824219,
      34.44594192504883,
      53.18406295776367,
      33.82856369018555,
      52.116512298583984,
      38.05303955078125,
      43.178794860839844
    ],
    [
      8.259184837341309,
      15.426281929016113,
      13.408286094665527,
      17.845815658569336,
      14.358467102050781,
      28.255413055419922,
      12.186776161193848,
      25.329933166503906,
      17.642120361328125,
      27.68486976623535,
      29.42765235900879,
      17.45407485961914,
      23.212291717529297,
      22.115121841430664,
      24.4578914642334,
      32.17230987548828,
      32.232696533203125,
      29.6186580657959
    ],
    [
      2.5974786281585693,
      22.22563362121582,
      19.606884002685547,
      27.207372665405273,
      29.142202377319336,
      48.35246276855469,
      -23.60321617126465,
      43.469970703125,
      4.29396915435791,
      53.93046569824219,
      17.45407485961914,
      59.881805419921875,
      27.296173095703125,
      50.8956184387207,
      29.35328483581543,
      44.2092170715332,
      29.632492065429688,
      38.666534423828125
    ],
    [
      7.988556861877441,
      20.05805015563965,
      16.30303955078125,
      24.238557815551758,
      21.448713302612305,
      37.6910285949707,
      3.332270383834839,
      28.524734497070312,
      11.561378479003906,
      34.44594192504883,
      23.212291717529297,
      27.296173095703125,
      37.646541595458984,
      37.707950592041016,
      36.24956130981445,
      45.864505767822266,
      42.828651428222656,
      42.626468658447266
    ],
    [
      5.476205348968506,
      24.398136138916016,
      21.871366500854492,
      30.521718978881836,
      30.36576271057129,
      47.86381530761719,
      -12.911927223205566,
      40.88566589355469,
      6.109416484832764,
      53.18406295776367,
      22.115121841430664,
      50.8956184387207,
      37.707950592041016,
      61.82371139526367,
      39.95195007324219,
      56.718772888183594,
      42.06806945800781,
      49.60721206665039
    ],
    [
      14.496755599975586,
      26.244117736816406,
      19.089670181274414,
      28.116790771484375,
      23.54804229736328,
      38.874454498291016,
      4.393091678619385,
      29.54304313659668,
      10.893696784973145,
      33.82856369018555,
      24.4578914642334,
      29.35328483581543,
      36.24956130981445,
      39.95195007324219,
      45.717220306396484,
      50.19025421142578,
      50.47318649291992,
      50.270755767822266
    ],
    [
      12.75061321258545,
      34.82365798950195,
      27.41128158569336,
      39.794273376464844,
      35.54780578613281,
      60.28166198730469,
      8.670450210571289,
      42.053199768066406,
      14.172965049743652,
      52.116512298583984,
      32.17230987548828,
      44.2092170715332,
      45.864505767822266,
      56.718772888183594,
      50.19025421142578,
      93.8961181640625,
      87.99503326416016,
      81.87419128417969
    ],
    [
      17.748947143554688,
      36.46595001220703,
      24.17676544189453,
      37.55500030517578,
      29.68232536315918,
      51.391502380371094,
      18.095821380615234,
      34.23234558105469,
      17.540742874145508,
      38.05303955078125,
      32.232696533203125,
      29.632492065429688,
      42.828651428222656,
      42.06806945800781,
      50.47318649291992,
      87.99503326416016,
      95.22850799560547,
      83.29949951171875
    ],
    [
      15.250186920166016,
      35.01438903808594,
      24.94065284729004,
      37.9937744140625,
      31.756986618041992,
      51.73690414428711,
      9.753028869628906,
      36.7722053527832,
      14.391931533813477,
      43.178794860839844,
      29.6186580657959,
      38.666534423828125,
      42.626468658447266,
      49.60721206665039,
      50.270755767822266,
      81.87419128417969,
      83.29949951171875,
      77.6001205444336
    ]
  ],
  "covariance_short": [
    [
      146.59942626953125,
      84.19242095947266,
      66.21147918701172,
      38.458412170410156,
      25.049640655517578,
      25.734045028686523,
      26.797086715698242,
      20.184534072875977,
      17.049047470092773,
      21.443954467773438,
      18.219327926635742,
      9.927255630493164,
      17.525066375732422,
      19.788658142089844,
      24.522464752197266,
      24.65540313720703,
      30.032590866088867,
      24.62691307067871
    ],
    [
      84.19242095947266,
      90.09675598144531,
      49.54716873168945,
      35.968048095703125,
      26.894332885742188,
      34.322853088378906,
      15.27548885345459,
      34.1052360534668,
      17.264183044433594,
      41.454383850097656,
      25.90602684020996,
      32.2976188659668,
      30.20207405090332,
      56.64287185668945,
      37.74555587768555,
      54.835147857666016,
      54.83499526977539,
      47.945152282714844
    ],
    [
      66.21147918701172,
      49.54716873168945,
      95.32833862304688,
      58.585472106933594,
      66.19478607177734,
      60.51307678222656,
      26.308374404907227,
      37.565032958984375,
      23.813344955444336,
      41.831687927246094,
      28.019105911254883,
      40.15683364868164,
      32.192893981933594,
      43.64041519165039,
      38.456092834472656,
      45.61029815673828,
      43.03357696533203,
      40.90409851074219
    ],
    [
      38.458412170410156,
      35.968048095703125,
      58.585472106933594,
      71.92970275878906,
      59.873497009277344,
      63.52145767211914,
      26.350666046142578,
      35.187904357910156,
      24.949045181274414,
      36.65422821044922,
      27.372671127319336,
      34.15047836303711,
      32.2847785949707,
      39.455081939697266,
      39.879493713378906,
      44.80107498168945,
      47.15340042114258,
      43.28007125854492
    ],
    [
      25.049640655517578,
      26.894332885742188,
      66.19478607177734,
      59.873497009277344,
      113.81620788574219,
      87.28196716308594,
      19.587459564208984,
      50.85382843017578,
      30.302143096923828,
      51.823211669921875,
      32.1568603515625,
      57.3820915222168,
      37.7104377746582,
      54.87021255493164,
      42.15903854370117,
      53.2209587097168,
      45.30126190185547,
      46.471981048583984
    ],
    [
      25.734045028686523,
      34.322853088378906,
      60.51307678222656,
      63.52145767211914,
      87.28196716308594,
      125.82308197021484,
      25.149028778076172,
      65.82254791259766,
      33.34356689453125,
      71.34589385986328,
      42.323020935058594,
      69.22368621826172,
      47.40060806274414,
      70.38220977783203,
      51.35150909423828,
      64.42707824707031,
      56.27360534667969,
      55.09489059448242
    ],
    [
      26.797086715698242,
      15.27548885345459,
      26.308374404907227,
      26.350666046142578,
      19.587459564208984,
      25.149028778076172,
      105.31046295166016,
      17.83666229248047,
      46.10041809082031,
      5.923314571380615,
      39.16559600830078,
      -2.0057976245880127,
      27.85462188720703,
      19.1084041595459,
      30.527084350585938,
      26.643207550048828,
      38.035743713378906,
      23.516908645629883
    ],
    [
      20.184534072875977,
      34.1052360534668,
      37.565032958984375,
      35.187904357910156,
      50.85382843017578,
      65.82254791259766,
      17.83666229248047,
      74.81913757324219,
      25.46591567993164,
      64.6988525390625,
      36.44577407836914,
      62.18711853027344,
      37.518028259277344,
      61.35729217529297,
      39.27116775512695,
      52.023494720458984,
      42.60053634643555,
      42.78177261352539
    ],
    [
      17.049047470092773,
      17.264183044433594,
      23.813344955444336,
      24.949045181274414,
      30.302143096923828,
      33.34356689453125,
      46.10041809082031,
      25.46591567993164,
      72.49626922607422,
      37.43499755859375,
      44.26167678833008,
      25.23611068725586,
      41.24742889404297,
      37.327392578125,
      41.176513671875,
      39.002174377441406,
      43.76082229614258,
      33.45286178588867
    ],
    [
      21.443954467773438,
      41.454383850097656,
      41.831687927246094,
      36.65422821044922,
      51.823211669921875,
      71.34589385986328,
      5.923314571380615,
      64.6988525390625,
      37.43499755859375,
      97.9098892211914,
      46.23692321777344,
      82.35276794433594,
      55.21384811401367,
      85.05804443359375,
      56.80634689331055,
      72.89009857177734,
      57.07748794555664,
      58.16699981689453
    ],
    [
      18.219327926635742,
      25.90602684020996,
      28.019105911254883,
      27.372671127319336,
      32.1568603515625,
      42.323020935058594,
      39.16559600830078,
      36.44577407836914,
      44.26167678833008,
      46.23692321777344,
      62.75421905517578,
      45.75480270385742,
      56.723838806152344,
      56.58918380737305,
      61.331787109375,
      58.452247619628906,
      61.7814826965332,
      51.56264114379883
    ],
    [
      9.927255630493164,
      32.2976188659668,
      40.15683364868164,
      34.15047836303711,
      57.3820915222168,
      69.22368621826172,
      -2.0057976245880127,
      62.18711853027344,
      25.23611068725586,
      82.35276794433594,
      45.75480270385742,
      98.34516143798828,
      59.4672966003418,
      88.68634033203125,
      63.21636962890625,
      79.46928405761719,
      62.345882415771484,
      66.20951080322266
    ],
    [
      17.525066375732422,
      30.20207405090332,
      32.192893981933594,
      32.2847785949707,
      37.7104377746582,
      47.40060806274414,
      27.85462188720703,
      37.518028259277344,
      41.24742889404297,
      55.21384811401367,
      56.723838806152344,
      59.4672966003418,
      82.74897003173828,
      78.34397888183594,
      87.43218231201172,
      85.14350128173828,
      87.6744384765625,
      76.88078308105469
    ],
    [
      19.788658142089844,
      56.64287185668945,
      43.64041519165039,
      39.455081939697266,
      54.87021255493164,
      70.38220977783203,
      19.1084041595459,
      61.35729217529297,
      37.327392578125,
      85.05804443359375,
      56.58918380737305,
      88.68634033203125,
      78.34397888183594,
      125.72682189941406,
      85.82070922851562,
      115.2008056640625,
      104.31665802001953,
      95.18450927734375
    ],
    [
      24.522464752197266,
      37.74555587768555,
      38.456092834472656,
      39.879493713378906,
      42.15903854370117,
      51.35150909423828,
      30.527084350585938,
      39.27116775512695,
      41.176513671875,
      56.80634689331055,
      61.331787109375,
      63.21636962890625,
      87.43218231201172,
      85.82070922851562,
      108.51437377929688,
      99.9901351928711,
      108.45079040527344,
      93.95433807373047
    ],
    [
      24.65540313720703,
      54.835147857666016,
      45.61029815673828,
      44.80107498168945,
      53.2209587097168,
      64.42707824707031,
      26.643207550048828,
      52.023494720458984,
      39.002174377441406,
      72.89009857177734,
      58.452247619628906,
      79.46928405761719,
      85.14350128173828,
      115.2008056640625,
      99.9901351928711,
      118.37155151367188,
      116.37654876708984,
      104.0728530883789
    ],
    [
      30.032590866088867,
      54.83499526977539,
      43.03357696533203,
      47.15340042114258,
      45.30126190185547,
      56.27360534667969,
      38.035743713378906,
      42.60053634643555,
      43.76082229614258,
      57.07748794555664,
      61.7814826965332,
      62.345882415771484,
      87.6744384765625,
      104.31665802001953,
      108.45079040527344,
      116.37654876708984,
      131.08642578125,
      109.78640747070312
    ],
    [
      24.62691307067871,
      47.945152282714844,
      40.90409851074219,
      43.28007125854492,
      46.471981048583984,
      55.09489059448242,
      23.516908645629883,
      42.78177261352539,
      33.45286178588867,
      58.16699981689453,
      51.56264114379883,
      66.20951080322266,
      76.88078308105469,
      95.18450927734375,
      93.95433807373047,
      104.0728530883789,
      109.78640747070312,
      98.24516296386719
    ]
  ],
  "damage": -7.834005832672119,
  "diff_bandwidth": 726.4390258789062,
  "dissonance": 5.955174619914823,
  "drr": 1.826550006866455,
  "dynamics": 4.5066938400268555,
  "format": 1245190,
  "frames": 10846144,
  "loudness": -14.936347961425781,
  "loudness_range": 13.7014741897583,
  "loudness_range_short": 18.95105743408203,
  "lowpass_true_peak_15khz": -0.253648579120636,
  "mastering3_acoustic_entropies": [
    {
      "acoustic_entropy": 9.772141456604004,
      "acoustic_entropy_mono": 9.574846267700195,
      "band_eliminated_acoustic_entropies": [
        {
          "acoustic_entropy": 9.822955131530762,
          "acoustic_entropy_side": 9.772165298461914,
          "hz": 129.47220167065723
        },
        {
          "acoustic_entropy": 10.167655944824219,
          "acoustic_entropy_side": 9.7728910446167,
          "hz": 202.92927478742237
        },
        {
          "acoustic_entropy": 10.271981239318848,
          "acoustic_entropy_side": 9.768636703491211,
          "hz": 282.89161906338205
        },
        {
          "acoustic_entropy": 10.242127418518066,
          "acoustic_entropy_side": 9.780431747436523,
          "hz": 369.9353335868758
        },
        {
          "acoustic_entropy": 9.954510688781738,
          "acoustic_entropy_side": 9.75335693359375,
          "hz": 464.6875360973435
        },
        {
          "acoustic_entropy": 9.67138671875,
          "acoustic_entropy_side": 9.721271514892578,
          "hz": 567.8308811364784
        },
        {
          "acoustic_entropy": 10.57409954071045,
          "acoustic_entropy_side": 9.96172046661377,
          "hz": 680.1084783214808
        },
        {
          "acoustic_entropy": 9.229673385620117,
          "acoustic_entropy_side": 9.767828941345215,
          "hz": 802.3292461747484
        },
        {
          "acoustic_entropy": 9.61140251159668,
          "acoustic_entropy_side": 9.746295928955078,
          "hz": 935.3737400823702
        },
        {
          "acoustic_entropy": 10.072449684143066,
          "acoustic_entropy_side": 9.696852684020996,
          "hz": 1080.2004963696966
        },
        {
          "acoustic_entropy": 9.69239616394043,
          "acoustic_entropy_side": 9.71342945098877,
          "hz": 1237.8529382007157
        },
        {
          "acoustic_entropy": 10.301180839538574,
          "acoustic_entropy_side": 9.54627513885498,
          "hz": 1409.4668930556702
        },
        {
          "acoustic_entropy": 9.935985565185547,
          "acoustic_entropy_side": 9.557181358337402,
          "hz": 1596.2787759475705
        },
        {
          "acoustic_entropy": 9.725767135620117,
          "acoustic_entropy_side": 9.726081848144531,
          "hz": 1799.6344973346393
        },
        {
          "acoustic_entropy": 9.665632247924805,
          "acoustic_entropy_side": 9.758880615234375,
          "hz": 2020.9991599069049
        },
        {
          "acoustic_entropy": 9.80610466003418,
          "acoustic_entropy_side": 9.75953483581543,
          "hz": 2261.9676141086993
        },
        {
          "acoustic_entropy": 9.60519027709961,
          "acoustic_entropy_side": 9.760004997253418,
          "hz": 2524.2759484456974
        },
        {
          "acoustic_entropy": 9.648581504821777,
          "acoustic_entropy_side": 9.744888305664062,
          "hz": 2809.813997359896
        },
        {
          "acoustic_entropy": 9.820924758911133,
          "acoustic_entropy_side": 9.761394500732422,
          "hz": 3120.6389567871424
        },
        {
          "acoustic_entropy": 9.740484237670898,
          "acoustic_entropy_side": 9.768985748291016,
          "hz": 3458.990205492291
        },
        {
          "acoustic_entropy": 9.664344787597656,
          "acoustic_entropy_side": 9.761261940002441,
          "hz": 3827.305438964164
        },
        {
          "acoustic_entropy": 9.731122016906738,
          "acoustic_entropy_side": 9.767487525939941,
          "hz": 4228.238232109126
        },
        {
          "acoustic_entropy": 9.736028671264648,
          "acoustic_entropy_side": 9.767765045166016,
          "hz": 4664.6771572759235
        },
        {
          "acoustic_entropy": 9.736023902893066,
          "acoustic_entropy_side": 9.767380714416504,
          "hz": 5139.766595350093
        },
        {
          "acoustic_entropy": 9.745309829711914,
          "acoustic_entropy_side": 9.76987361907959,
          "hz": 5656.929389854203
        },
        {
          "acoustic_entropy": 9.75406551361084,
          "acoustic_entropy_side": 9.770992279052734,
          "hz": 6219.891507268283
        },
        {
          "acoustic_entropy": 9.7605619430542,
          "acoustic_entropy_side": 9.771370887756348,
          "hz": 6832.70888123896
        },
        {
          "acoustic_entropy": 9.76113510131836,
          "acoustic_entropy_side": 9.77134895324707,
          "hz": 7499.796634079867
        },
        {
          "acoustic_entropy": 9.762540817260742,
          "acoustic_entropy_side": 9.771303176879883,
          "hz": 8225.96088609342
        },
        {
          "acoustic_entropy": 9.754861831665039,
          "acoustic_entropy_side": 9.770776748657227,
          "hz": 9016.43338188839
        },
        {
          "acoustic_entropy": 9.750153541564941,
          "acoustic_entropy_side": 9.77017593383789,
          "hz": 9876.909183162974
        },
        {
          "acoustic_entropy": 9.753453254699707,
          "acoustic_entropy_side": 9.770301818847656,
          "hz": 10813.587699516042
        },
        {
          "acoustic_entropy": 9.75755786895752,
          "acoustic_entropy_side": 9.770759582519531,
          "hz": 11833.21735289826
        },
        {
          "acoustic_entropy": 9.755553245544434,
          "acoustic_entropy_side": 9.770669937133789,
          "hz": 12943.144197493959
        },
        {
          "acoustic_entropy": 9.757731437683105,
          "acoustic_entropy_side": 9.770861625671387,
          "hz": 14151.364845322005
        },
        {
          "acoustic_entropy": 9.758447647094727,
          "acoustic_entropy_side": 9.771292686462402,
          "hz": 15466.58407886509
        },
        {
          "acoustic_entropy": 9.764440536499023,
          "acoustic_entropy_side": 9.771682739257812,
          "hz": 16898.27756580493
        },
        {
          "acoustic_entropy": 9.769412994384766,
          "acoustic_entropy_side": 9.77184772491455,
          "hz": 18456.760127700032
        },
        {
          "acoustic_entropy": 9.771608352661133,
          "acoustic_entropy_side": 9.772125244140625,
          "hz": 20153.260054456492
        },
        {
          "acoustic_entropy": 9.772149085998535,
          "acoustic_entropy_side": 9.772154808044434,
          "hz": 22000.00000000001
        }
      ],
      "diff_acoustic_entropy": 8.835467338562012,
      "sn": 6
    },
    {
      "acoustic_entropy": 14.359203338623047,
      "acoustic_entropy_mono": 13.245338439941406,
      "band_eliminated_acoustic_entropies": [
        {
          "acoustic_entropy": 14.10703182220459,
          "acoustic_entropy_side": 14.359192848205566,
          "hz": 129.47220167065723
        },
        {
          "acoustic_entropy": 14.320650100708008,
          "acoustic_entropy_side": 14.33257007598877,
          "hz": 202.92927478742237
        },
        {
          "acoustic_entropy": 14.925585746765137,
          "acoustic_entropy_side": 14.310554504394531,
          "hz": 282.89161906338205
        },
        {
          "acoustic_entropy": 14.388553619384766,
          "acoustic_entropy_side": 14.327049255371094,
          "hz": 369.9353335868758
        },
        {
          "acoustic_entropy": 14.493036270141602,
          "acoustic_entropy_side": 14.326066017150879,
          "hz": 464.6875360973435
        },
        {
          "acoustic_entropy": 14.020030975341797,
          "acoustic_entropy_side": 14.055717468261719,
          "hz": 567.8308811364784
        },
        {
          "acoustic_entropy": 14.14863395690918,
          "acoustic_entropy_side": 13.802271842956543,
          "hz": 680.1084783214808
        },
        {
          "acoustic_entropy": 13.585970878601074,
          "acoustic_entropy_side": 14.367198944091797,
          "hz": 802.3292461747484
        },
        {
          "acoustic_entropy": 14.814668655395508,
          "acoustic_entropy_side": 14.332143783569336,
          "hz": 935.3737400823702
        },
        {
          "acoustic_entropy": 14.71647834777832,
          "acoustic_entropy_side": 14.253828048706055,
          "hz": 1080.2004963696966
        },
        {
          "acoustic_entropy": 14.695916175842285,
          "acoustic_entropy_side": 14.342839241027832,
          "hz": 1237.8529382007157
        },
        {
          "acoustic_entropy": 14.864370346069336,
          "acoustic_entropy_side": 14.264551162719727,
          "hz": 1409.4668930556702
        },
        {
          "acoustic_entropy": 14.299588203430176,
          "acoustic_entropy_side": 14.273309707641602,
          "hz": 1596.2787759475705
        },
        {
          "acoustic_entropy": 14.719565391540527,
          "acoustic_entropy_side": 14.356379508972168,
          "hz": 1799.6344973346393
        },
        {
          "acoustic_entropy": 14.541132926940918,
          "acoustic_entropy_side": 14.349653244018555,
          "hz": 2020.9991599069049
        },
        {
          "acoustic_entropy": 14.15526008605957,
          "acoustic_entropy_side": 14.274866104125977,
          "hz": 2261.9676141086993
        },
        {
          "acoustic_entropy": 14.31899642944336,
          "acoustic_entropy_side": 14.275984764099121,
          "hz": 2524.2759484456974
        },
        {
          "acoustic_entropy": 14.081629753112793,
          "acoustic_entropy_side": 14.360729217529297,
          "hz": 2809.813997359896
        },
        {
          "acoustic_entropy": 14.351203918457031,
          "acoustic_entropy_side": 14.34299087524414,
          "hz": 3120.6389567871424
        },
        {
          "acoustic_entropy": 14.467513084411621,
          "acoustic_entropy_side": 14.31480598449707,
          "hz": 3458.990205492291
        },
        {
          "acoustic_entropy": 14.522191047668457,
          "acoustic_entropy_side": 14.346724510192871,
          "hz": 3827.305438964164
        },
        {
          "acoustic_entropy": 14.339574813842773,
          "acoustic_entropy_side": 14.363204956054688,
          "hz": 4228.238232109126
        },
        {
          "acoustic_entropy": 14.316398620605469,
          "acoustic_entropy_side": 14.357612609863281,
          "hz": 4664.6771572759235
        },
        {
          "acoustic_entropy": 14.387104988098145,
          "acoustic_entropy_side": 14.332722663879395,
          "hz": 5139.766595350093
        },
        {
          "acoustic_entropy": 14.423785209655762,
          "acoustic_entropy_side": 14.355180740356445,
          "hz": 5656.929389854203
        },
        {
          "acoustic_entropy": 14.369784355163574,
          "acoustic_entropy_side": 14.359391212463379,
          "hz": 6219.891507268283
        },
        {
          "acoustic_entropy": 14.360457420349121,
          "acoustic_entropy_side": 14.360146522521973,
          "hz": 6832.70888123896
        },
        {
          "acoustic_entropy": 14.368263244628906,
          "acoustic_entropy_side": 14.361428260803223,
          "hz": 7499.796634079867
        },
        {
          "acoustic_entropy": 14.364680290222168,
          "acoustic_entropy_side": 14.358073234558105,
          "hz": 8225.96088609342
        },
        {
          "acoustic_entropy": 14.335396766662598,
          "acoustic_entropy_side": 14.358057975769043,
          "hz": 9016.43338188839
        },
        {
          "acoustic_entropy": 14.324278831481934,
          "acoustic_entropy_side": 14.3593111038208,
          "hz": 9876.909183162974
        },
        {
          "acoustic_entropy": 14.330267906188965,
          "acoustic_entropy_side": 14.36276626586914,
          "hz": 10813.587699516042
        },
        {
          "acoustic_entropy": 14.35189151763916,
          "acoustic_entropy_side": 14.365589141845703,
          "hz": 11833.21735289826
        },
        {
          "acoustic_entropy": 14.361993789672852,
          "acoustic_entropy_side": 14.369397163391113,
          "hz": 12943.144197493959
        },
        {
          "acoustic_entropy": 14.377202987670898,
          "acoustic_entropy_side": 14.374066352844238,
          "hz": 14151.364845322005
        },
        {
          "acoustic_entropy": 14.374643325805664,
          "acoustic_entropy_side": 14.37744426727295,
          "hz": 15466.58407886509
        },
        {
          "acoustic_entropy": 14.347803115844727,
          "acoustic_entropy_side": 14.373455047607422,
          "hz": 16898.27756580493
        },
        {
          "acoustic_entropy": 14.348349571228027,
          "acoustic_entropy_side": 14.37149429321289,
          "hz": 18456.760127700032
        },
        {
          "acoustic_entropy": 14.356222152709961,
          "acoustic_entropy_side": 14.366304397583008,
          "hz": 20153.260054456492
        },
        {
          "acoustic_entropy": 14.372329711914062,
          "acoustic_entropy_side": 14.361695289611816,
          "hz": 22000.00000000001
        }
      ],
      "diff_acoustic_entropy": 13.42736530303955,
      "sn": 12
    },
    {
      "acoustic_entropy": 22.262216567993164,
      "acoustic_entropy_mono": 19.47320556640625,
      "band_eliminated_acoustic_entropies": [
        {
          "acoustic_entropy": 21.959644317626953,
          "acoustic_entropy_side": 22.246326446533203,
          "hz": 129.47220167065723
        },
        {
          "acoustic_entropy": 22.017574310302734,
          "acoustic_entropy_side": 22.197961807250977,
          "hz": 202.92927478742237
        },
        {
          "acoustic_entropy": 21.92673683166504,
          "acoustic_entropy_side": 22.20298194885254,
          "hz": 282.89161906338205
        },
        {
          "acoustic_entropy": 22.437589645385742,
          "acoustic_entropy_side": 21.972787857055664,
          "hz": 369.9353335868758
        },
        {
          "acoustic_entropy": 22.005937576293945,
          "acoustic_entropy_side": 22.273006439208984,
          "hz": 464.6875360973435
        },
        {
          "acoustic_entropy": 22.05691909790039,
          "acoustic_entropy_side": 22.21833610534668,
          "hz": 567.8308811364784
        },
        {
          "acoustic_entropy": 22.20423126220703,
          "acoustic_entropy_side": 21.33367156982422,
          "hz": 680.1084783214808
        },
        {
          "acoustic_entropy": 22.205703735351562,
          "acoustic_entropy_side": 22.07549476623535,
          "hz": 802.3292461747484
        },
        {
          "acoustic_entropy": 22.390249252319336,
          "acoustic_entropy_side": 21.948453903198242,
          "hz": 935.3737400823702
        },
        {
          "acoustic_entropy": 22.98252296447754,
          "acoustic_entropy_side": 21.863452911376953,
          "hz": 1080.2004963696966
        },
        {
          "acoustic_entropy": 22.340917587280273,
          "acoustic_entropy_side": 22.32828712463379,
          "hz": 1237.8529382007157
        },
        {
          "acoustic_entropy": 21.77210235595703,
          "acoustic_entropy_side": 22.19081687927246,
          "hz": 1409.4668930556702
        },
        {
          "acoustic_entropy": 22.110456466674805,
          "acoustic_entropy_side": 22.03058433532715,
          "hz": 1596.2787759475705
        },
        {
          "acoustic_entropy": 21.731334686279297,
          "acoustic_entropy_side": 22.235383987426758,
          "hz": 1799.6344973346393
        },
        {
          "acoustic_entropy": 22.389801025390625,
          "acoustic_entropy_side": 22.37818717956543,
          "hz": 2020.9991599069049
        },
        {
          "acoustic_entropy": 22.312557220458984,
          "acoustic_entropy_side": 22.145130157470703,
          "hz": 2261.9676141086993
        },
        {
          "acoustic_entropy": 22.743389129638672,
          "acoustic_entropy_side": 22.16610336303711,
          "hz": 2524.2759484456974
        },
        {
          "acoustic_entropy": 21.534509658813477,
          "acoustic_entropy_side": 21.925138473510742,
          "hz": 2809.813997359896
        },
        {
          "acoustic_entropy": 21.6909236907959,
          "acoustic_entropy_side": 22.10939598083496,
          "hz": 3120.6389567871424
        },
        {
