{
  "acoustic_entropy": 157.50608825683594,
  "bands": [
    {
      "high_freq": 148.1999969482422,
      "loudness": -32.000518798828125,
      "loudness_range": 17.34931755065918,
      "mid_mean": -28.329835891723633,
      "mid_to_side_loudness": -29.57370948791504,
      "mid_to_side_loudness_range": 25.744136810302734,
      "side_mean": -59.51148986816406
    },
    {
      "high_freq": 392.3793640136719,
      "loudness": -33.96489334106445,
      "loudness_range": 18.986780166625977,
      "low_freq": 148.1999969482422,
      "mid_mean": -30.488872528076172,
      "mid_to_side_loudness": -15.301074981689453,
      "mid_to_side_loudness_range": 15.741979598999023,
      "side_mean": -46.41796112060547
    },
    {
      "high_freq": 794.6976318359375,
      "loudness": -33.290531158447266,
      "loudness_range": 16.588430404663086,
      "low_freq": 392.3793640136719,
      "mid_mean": -29.91566276550293,
      "mid_to_side_loudness": -14.530621528625488,
      "mid_to_side_loudness_range": 18.675796508789062,
      "side_mean": -44.85672378540039
    },
    {
      "high_freq": 1457.5709228515625,
      "loudness": -31.573223114013672,
      "loudness_range": 18.348703384399414,
      "low_freq": 794.6976318359375,
      "mid_mean": -28.408300399780273,
      "mid_to_side_loudness": -13.798791885375977,
      "mid_to_side_loudness_range": 22.516508102416992,
      "side_mean": -42.750972747802734
    },
    {
      "high_freq": 2549.74365234375,
      "loudness": -32.85141372680664,
      "loudness_range": 19.796817779541016,
      "low_freq": 1457.5709228515625,
      "mid_mean": -29.6434383392334,
      "mid_to_side_loudness": -13.406170845031738,
      "mid_to_side_loudness_range": 22.813241958618164,
      "side_mean": -43.74259948730469
    },
    {
      "high_freq": 4349.24462890625,
      "loudness": -36.46584701538086,
      "loudness_range": 22.4445743560791,
      "low_freq": 2549.74365234375,
      "mid_mean": -33.890525817871094,
      "mid_to_side_loudness": -8.923102378845215,
      "mid_to_side_loudness_range": 20.807106018066406,
      "side_mean": -43.131160736083984
    },
    {
      "high_freq": 7314.1640625,
      "loudness": -41.75074768066406,
      "loudness_range": 18.912973403930664,
      "low_freq": 4349.24462890625,
      "mid_mean": -39.93483352661133,
      "mid_to_side_loudness": -5.04030704498291,
      "mid_to_side_loudness_range": 15.684440612792969,
      "side_mean": -44.970096588134766
    },
    {
      "high_freq": 12199.2666015625,
      "loudness": -44.438560485839844,
      "loudness_range": 12.635810852050781,
      "low_freq": 7314.1640625,
      "mid_mean": -43.42963409423828,
      "mid_to_side_loudness": -1.390212059020996,
      "mid_to_side_loudness_range": 5.606418609619141,
      "side_mean": -44.29494094848633
    },
    {
      "loudness": -47.67246627807617,
      "loudness_range": 13.741218566894531,
      "low_freq": 12199.2666015625,
      "mid_mean": -46.99689483642578,
      "mid_to_side_loudness": -0.8726676106452942,
      "mid_to_side_loudness_range": 1.1777797937393188,
      "side_mean": -47.20051956176758
    }
  ],
  "bands_short": [
    {
      "high_freq": 148.1999969482422,
      "loudness": -37.55462646484375,
      "loudness_range": 27.312406539916992,
      "mid_mean": -34.04714584350586,
      "mid_to_side_loudness": -28.036062240600586,
      "mid_to_side_loudness_range": 28.994773864746094,
      "side_mean": -62.748416900634766
    },
    {
      "high_freq": 392.3793640136719,
      "loudness": -33.96717834472656,
      "loudness_range": 19.944490432739258,
      "low_freq": 148.1999969482422,
      "mid_mean": -30.54880714416504,
      "mid_to_side_loudness": -17.506370544433594,
      "mid_to_side_loudness_range": 24.826251983642578,
      "side_mean": -49.614295959472656
    },
    {
      "high_freq": 794.6976318359375,
      "loudness": -35.3348503112793,
      "loudness_range": 23.98057746887207,
      "low_freq": 392.3793640136719,
      "mid_mean": -32.26401901245117,
      "mid_to_side_loudness": -12.768911361694336,
      "mid_to_side_loudness_range": 22.54686737060547,
      "side_mean": -46.155548095703125
    },
    {
      "high_freq": 1457.5709228515625,
      "loudness": -34.41716766357422,
      "loudness_range": 27.321247100830078,
      "low_freq": 794.6976318359375,
      "mid_mean": -31.660568237304688,
      "mid_to_side_loudness": -12.148527145385742,
      "mid_to_side_loudness_range": 25.817842483520508,
      "side_mean": -45.10330581665039
    },
    {
      "high_freq": 2549.74365234375,
      "loudness": -36.37248229980469,
      "loudness_range": 28.204736709594727,
      "low_freq": 1457.5709228515625,
      "mid_mean": -33.64852523803711,
      "mid_to_side_loudness": -10.635814666748047,
      "mid_to_side_loudness_range": 24.643043518066406,
      "side_mean": -45.709598541259766
    },
    {
      "high_freq": 4349.24462890625,
      "loudness": -39.40060806274414,
      "loudness_range": 26.89815902709961,
      "low_freq": 2549.74365234375,
      "mid_mean": -37.414947509765625,
      "mid_to_side_loudness": -5.7718610763549805,
      "mid_to_side_loudness_range": 19.116840362548828,
      "side_mean": -44.190914154052734
    },
    {
      "high_freq": 7314.1640625,
      "loudness": -44.17635726928711,
      "loudness_range": 22.89491081237793,
      "low_freq": 4349.24462890625,
      "mid_mean": -42.71349334716797,
      "mid_to_side_loudness": -3.2975833415985107,
      "mid_to_side_loudness_range": 12.942131042480469,
      "side_mean": -46.445289611816406
    },
    {
      "high_freq": 12199.2666015625,
      "loudness": -46.0067253112793,
      "loudness_range": 17.90060806274414,
      "low_freq": 7314.1640625,
      "mid_mean": -45.26447677612305,
      "mid_to_side_loudness": -1.1863499879837036,
      "mid_to_side_loudness_range": 5.2691755294799805,
      "side_mean": -45.91672134399414
    },
    {
      "loudness": -50.057125091552734,
      "loudness_range": 19.22681427001953,
      "low_freq": 12199.2666015625,
      "mid_mean": -50.715187072753906,
      "mid_to_side_loudness": -0.9228222966194153,
      "mid_to_side_loudness_range": 2.373053550720215,
      "side_mean": -51.120018005371094
    }
  ],
  "bandwidth": 753.340087890625,
  "channels": 2,
  "covariance": [
    [
      37.32217025756836,
      13.424073219299316,
      5.728142738342285,
      -0.6046728491783142,
      4.91641902923584,
      -2.4677181243896484,
      3.2920384407043457,
      -2.3038034439086914,
      1.9989386796951294,
      -3.764003276824951,
      2.5047008991241455,
      -3.2833406925201416,
      2.114565134048462,
      -0.7884153127670288,
      3.690542459487915,
      2.826063394546509,
      7.122402191162109,
      6.180440425872803
    ],
    [
      13.424073219299316,
      38.37259292602539,
      21.465944290161133,
      34.78487014770508,
      7.546744346618652,
      22.105449676513672,
      0.5589806437492371,
      11.32684326171875,
      -0.23662351071834564,
      14.773507118225098,
      3.5341906547546387,
      18.667436599731445,
      6.92131233215332,
      18.174104690551758,
      8.05774211883545,
      9.279935836791992,
      6.148343086242676,
      4.935033798217773
    ],
    [
      5.728142738342285,
      21.465944290161133,
      41.151275634765625,
      45.30581283569336,
      21.916908264160156,
      28.954891204833984,
      9.793797492980957,
      14.326260566711426,
      10.369244575500488,
      17.683792114257812,
      7.608123302459717,
      21.646148681640625,
      8.950384140014648,
      21.849124908447266,
      10.152667999267578,
      12.49288558959961,
      6.64655065536499,
      5.698672294616699
    ],
    [
      -0.6046728491783142,
      34.78487014770508,
      45.30581283569336,
      83.10212707519531,
      22.188371658325195,
      47.177188873291016,
      9.011615753173828,
      24.69633674621582,
      8.023883819580078,
      33.63958740234375,
      13.792158126831055,
      36.43850326538086,
      20.384872436523438,
      34.85194396972656,
      17.09407615661621,
      18.4937686920166,
      8.055303573608398,
      6.9439873695373535
    ],
    [
      4.91641902923584,
      7.546744346618652,
      21.916908264160156,
      22.188371658325195,
      41.15770721435547,
      21.289674758911133,
      35.44804000854492,
      11.411551475524902,
      34.899078369140625,
      13.164952278137207,
      32.20243453979492,
      14.83503532409668,
      25.266551971435547,
      13.580107688903809,
      15.12197494506836,
      10.410863876342773,
      9.219444274902344,
      8.247444152832031
    ],
    [
      -2.4677181243896484,
      22.105449676513672,
      28.954891204833984,
      47.177188873291016,
      21.289674758911133,
      40.75508499145508,
      14.050809860229492,
      23.508485794067383,
      15.568893432617188,
      26.634967803955078,
      20.528018951416016,
      27.8743896484375,
      19.932296752929688,
      25.575136184692383,
      14.427480697631836,
      14.53602409362793,
      7.588666915893555,
      6.793676376342773
    ],
    [
      3.2920384407043457,
      0.5589806437492371,
      9.793797492980957,
      9.011615753173828,
      35.44804000854492,
      14.050809860229492,
      54.0357780456543,
      12.768603324890137,
      52.45439529418945,
      12.720354080200195,
      53.26297378540039,
      12.259588241577148,
      38.20033264160156,
      9.468011856079102,
      17.177087783813477,
      9.444512367248535,
      8.411097526550293,
      8.57318115234375
    ],
    [
      -2.3038034439086914,
      11.32684326171875,
      14.326260566711426,
      24.69633674621582,
      11.411551475524902,
      23.508485794067383,
      12.768603324890137,
      26.1404972076416,
      14.753727912902832,
      22.512191772460938,
      17.37868309020996,
      16.583452224731445,
      15.34083366394043,
      13.48652458190918,
      9.14845085144043,
      7.798229217529297,
      3.8392860889434814,
      3.13598370552063
    ],
    [
      1.9989386796951294,
      -0.23662351071834564,
      10.369244575500488,
      8.023883819580078,
      34.899078369140625,
      15.568893432617188,
      52.45439529418945,
      14.753727912902832,
      56.69324493408203,
      14.414002418518066,
      56.69489669799805,
      12.73432445526123,
      41.5584716796875,
      9.820327758789062,
      18.960004806518555,
      10.308432579040527,
      9.184268951416016,
      9.314458847045898
    ],
    [
      -3.764003276824951,
      14.773507118225098,
      17.683792114257812,
      33.63958740234375,
      13.164952278137207,
      26.634967803955078,
      12.720354080200195,
      22.512191772460938,
      14.414002418518066,
      28.211698532104492,
      19.76490592956543,
      25.352922439575195,
      21.724742889404297,
      21.982913970947266,
      14.643577575683594,
      13.523700714111328,
      7.829325199127197,
      7.085824012756348
    ],
    [
      2.5047008991241455,
      3.5341906547546387,
      7.608123302459717,
      13.792158126831055,
      32.20243453979492,
      20.528018951416016,
      53.26297378540039,
      17.37868309020996,
      56.69489669799805,
      19.76490592956543,
      73.49848937988281,
      19.999170303344727,
      57.656368255615234,
      16.74043846130371,
      27.717411041259766,
      15.542823791503906,
      13.533443450927734,
      12.837225914001465
    ],
    [
      -3.2833406925201416,
      18.667436599731445,
      21.646148681640625,
      36.43850326538086,
      14.83503532409668,
      27.8743896484375,
      12.259588241577148,
      16.583452224731445,
      12.73432445526123,
      25.352922439575195,
      19.999170303344727,
      34.9245719909668,
      23.147459030151367,
      31.49969482421875,
      19.493268966674805,
      19.91578483581543,
      13.642683982849121,
      12.690498352050781
    ],
    [
      2.114565134048462,
      6.92131233215332,
      8.950384140014648,
      20.384872436523438,
      25.266551971435547,
      19.932296752929688,
      38.20033264160156,
      15.34083366394043,
      41.5584716796875,
      21.724742889404297,
      57.656368255615234,
      23.147459030151367,
      55.60591125488281,
      21.526185989379883,
      31.158601760864258,
      19.262649536132812,
      17.37082862854004,
      16.647506713867188
    ],
    [
      -0.7884153127670288,
      18.174104690551758,
      21.849124908447266,
      34.85194396972656,
      13.580107688903809,
      25.575136184692383,
      9.468011856079102,
      13.48652458190918,
      9.820327758789062,
      21.982913970947266,
      16.74043846130371,
      31.49969482421875,
      21.526185989379883,
      34.750492095947266,
      22.355878829956055,
      23.544986724853516,
      19.183019638061523,
      18.20413589477539
    ],
    [
      3.690542459487915,
      8.05774211883545,
      10.152667999267578,
      17.09407615661621,
      15.12197494506836,
      14.427480697631836,
      17.177087783813477,
      9.14845085144043,
      18.960004806518555,
      14.643577575683594,
      27.717411041259766,
      19.493268966674805,
      31.158601760864258,
      22.355878829956055,
      27.322856903076172,
      20.962825775146484,
      21.397445678710938,
      20.41545295715332
    ],
    [
      2.826063394546509,
      9.279935836791992,
      12.49288558959961,
      18.4937686920166,
      10.410863876342773,
      14.53602409362793,
      9.444512367248535,
      7.798229217529297,
      10.308432579040527,
      13.523700714111328,
      15.542823791503906,
      19.91578483581543,
      19.262649536132812,
      23.544986724853516,
      20.962825775146484,
      22.514041900634766,
      21.47345733642578,
      21.617389678955078
    ],
    [
      7.122402191162109,
      6.148343086242676,
      6.64655065536499,
      8.055303573608398,
      9.219444274902344,
      7.588666915893555,
      8.411097526550293,
      3.8392860889434814,
      9.184268951416016,
      7.829325199127197,
      13.533443450927734,
      13.642683982849121,
      17.37082862854004,
      19.183019638061523,
      21.397445678710938,
      21.47345733642578,
      30.105003356933594,
      27.313602447509766
    ],
    [
      6.180440425872803,
      4.935033798217773,
      5.698672294616699,
      6.9439873695373535,
      8.247444152832031,
      6.793676376342773,
      8.57318115234375,
      3.13598370552063,
      9.314458847045898,
      7.085824012756348,
      12.837225914001465,
      12.690498352050781,
      16.647506713867188,
      18.20413589477539,
      20.41545295715332,
      21.617389678955078,
      27.313602447509766,
      27.75421142578125
    ]
  ],
  "covariance_short": [
    [
      85.87115478515625,
      21.17171287536621,
      27.34042739868164,
      -1.4414783716201782,
      11.506288528442383,
      -0.5703768730163574,
      10.180072784423828,
      -1.5837162733078003,
      9.504097938537598,
      -2.089137554168701,
      7.788326263427734,
      -0.5966386795043945,
      7.428316593170166,
      5.6395487785339355,
      11.329984664916992,
      12.143845558166504,
      20.46345329284668,
      20.504331588745117
    ],
    [
      21.17171287536621,
      28.492233276367188,
      19.005624771118164,
      26.53859519958496,
      8.148442268371582,
      14.958144187927246,
      4.8013505935668945,
      9.328981399536133,
      4.878210067749023,
      10.597502708435059,
      6.748250484466553,
      12.821943283081055,
      9.034354209899902,
      14.772610664367676,
      9.912378311157227,
      10.886008262634277,
      19.571989059448242,
      20.06066131591797
    ],
    [
      27.34042739868164,
      19.005624771118164,
      51.20005416870117,
      34.192962646484375,
      28.655935287475586,
      24.902978897094727,
      21.607927322387695,
      15.668726921081543,
      23.526853561401367,
      16.889978408813477,
      18.81649398803711,
      19.765201568603516,
      19.04082489013672,
      22.94734001159668,
      16.70374298095703,
      17.59627342224121,
      19.91649055480957,
      20.61851692199707
    ],
    [
      -1.4414783716201782,
      26.53859519958496,
      34.192962646484375,
      92.3318862915039,
      24.42681884765625,
      49.274559020996094,
      13.80288028717041,
      31.47747802734375,
      16.882259368896484,
      35.46763610839844,
      19.95891761779785,
      36.707462310791016,
      25.209972381591797,
      36.99673080444336,
      19.96523094177246,
      21.196077346801758,
      27.94426727294922,
      28.898082733154297
    ],
    [
      11.506288528442383,
      8.148442268371582,
      28.655935287475586,
      24.42681884765625,
      74.29884338378906,
      28.71048355102539,
      73.7271499633789,
      21.69118309020996,
      75.41402435302734,
      20.313858032226562,
      60.8451042175293,
      23.246171951293945,
      44.561702728271484,
      23.6778507232666,
      26.012048721313477,
      19.758325576782227,
      21.523469924926758,
      20.225177764892578
    ],
    [
      -0.5703768730163574,
      14.958144187927246,
      24.902978897094727,
      49.274559020996094,
      28.71048355102539,
      50.318450927734375,
      23.13270378112793,
      31.574813842773438,
      27.065208435058594,
      31.27109146118164,
      27.40953254699707,
      30.022798538208008,
      26.042724609375,
      28.510454177856445,
      19.20599365234375,
      18.548864364624023,
      19.52946662902832,
      20.216045379638672
    ],
    [
      10.180072784423828,
      4.8013505935668945,
      21.607927322387695,
      13.80288028717041,
      73.7271499633789,
      23.13270378112793,
      106.76471710205078,
      26.75557518005371,
      103.05231475830078,
      23.278162002563477,
      87.62763214111328,
      24.900924682617188,
      60.9721565246582,
      23.185291290283203,
      30.630146026611328,
      20.920787811279297,
      20.971040725708008,
      18.88806915283203
    ],
    [
      -1.5837162733078003,
      9.328981399536133,
      15.668726921081543,
      31.47747802734375,
      21.69118309020996,
      31.574813842773438,
      26.75557518005371,
      40.55470657348633,
      29.58680534362793,
      31.923507690429688,
      28.66719627380371,
      24.711416244506836,
      25.01055145263672,
      21.620302200317383,
      16.41426658630371,
      15.203786849975586,
      13.793883323669434,
      14.15717887878418
    ],
    [
      9.504097938537598,
      4.878210067749023,
      23.526853561401367,
      16.882259368896484,
      75.41402435302734,
      27.065208435058594,
      103.05231475830078,
      29.58680534362793,
      110.65409088134766,
      25.652658462524414,
      92.84630584716797,
      26.32097816467285,
      66.15808868408203,
      24.81267547607422,
      33.65080642700195,
      22.618959426879883,
      22.86848258972168,
      20.5709171295166
    ],
    [
      -2.089137554168701,
      10.597502708435059,
      16.889978408813477,
      35.46763610839844,
      20.313858032226562,
      31.27109146118164,
      23.278162002563477,
      31.923507690429688,
      25.652658462524414,
      37.61466979980469,
      27.86533546447754,
      31.752958297729492,
      27.702957153320312,
      28.471435546875,
      20.21289825439453,
      19.862812042236328,
      17.516504287719727,
      18.101261138916016
    ],
    [
      7.788326263427734,
      6.748250484466553,
      18.81649398803711,
      19.95891761779785,
      60.8451042175293,
      27.40953254699707,
      87.62763214111328,
      28.66719627380371,
      92.84630584716797,
      27.86533546447754,
      99.69640350341797,
      31.66819190979004,
      76.13317108154297,
      30.952678680419922,
      40.65485382080078,
      26.74992561340332,
      27.87302589416504,
      25.066795349121094
    ],
    [
      -0.5966386795043945,
      12.821943283081055,
      19.765201568603516,
      36.707462310791016,
      23.246171951293945,
      30.022798538208008,
      24.900924682617188,
      24.711416244506836,
      26.32097816467285,
      31.752958297729492,
      31.66819190979004,
      42.27915573120117,
      33.41813278198242,
      39.099571228027344,
      26.60533905029297,
      27.17842674255371,
      24.923521041870117,
      25.66536521911621
    ],
    [
      7.428316593170166,
      9.034354209899902,
      19.04082489013672,
      25.209972381591797,
      44.561702728271484,
      26.042724609375,
      60.9721565246582,
      25.01055145263672,
      66.15808868408203,
      27.702957153320312,
      76.13317108154297,
      33.41813278198242,
      72.09342956542969,
      36.487327575683594,
      45.5475959777832,
      32.47450256347656,
      34.2047119140625,
      31.635841369628906
    ],
    [
      5.6395487785339355,
      14.772610664367676,
      22.94734001159668,
      36.99673080444336,
      23.6778507232666,
      28.510454177856445,
      23.185291290283203,
      21.620302200317383,
      24.81267547607422,
      28.471435546875,
      30.952678680419922,
      39.099571228027344,
      36.487327575683594,
      46.07691192626953,
      33.7315559387207,
      35.03225326538086,
      34.81467819213867,
      35.62516784667969
    ],
    [
      11.329984664916992,
      9.912378311157227,
      16.70374298095703,
      19.96523094177246,
      26.012048721313477,
      19.20599365234375,
      30.630146026611328,
      16.41426658630371,
      33.65080642700195,
      20.21289825439453,
      40.65485382080078,
      26.60533905029297,
      45.5475959777832,
      33.7315559387207,
      42.81741714477539,
      34.27712631225586,
      38.632781982421875,
      37.18363571166992
    ],
    [
      12.143845558166504,
      10.886008262634277,
      17.59627342224121,
      21.196077346801758,
      19.758325576782227,
      18.548864364624023,
      20.920787811279297,
      15.203786849975586,
      22.618959426879883,
      19.862812042236328,
      26.74992561340332,
      27.17842674255371,
      32.47450256347656,
      35.03225326538086,
      34.27712631225586,
      36.590301513671875,
      36.37287139892578,
      36.82027053833008
    ],
    [
      20.46345329284668,
      19.571989059448242,
      19.91649055480957,
      27.94426727294922,
      21.523469924926758,
      19.52946662902832,
      20.971040725708008,
      13.793883323669434,
      22.86848258972168,
      17.516504287719727,
      27.87302589416504,
      24.923521041870117,
      34.2047119140625,
      34.81467819213867,
      38.632781982421875,
      36.37287139892578,
      67.24112701416016,
      66.6292953491211
    ],
    [
      20.504331588745117,
      20.06066131591797,
      20.61851692199707,
      28.898082733154297,
      20.225177764892578,
      20.216045379638672,
      18.88806915283203,
      14.15717887878418,
      20.5709171295166,
      18.101261138916016,
      25.066795349121094,
      25.66536521911621,
      31.635841369628906,
      35.62516784667969,
      37.18363571166992,
      36.82027053833008,
      66.6292953491211,
      67.53855895996094
    ]
  ],
  "damage": -15.274510383605957,
  "diff_bandwidth": 775.0144653320312,
  "dissonance": 7.638093459796296,
  "drr": 11.272199630737305,
  "dynamics": 4.213271617889404,
  "format": 1245190,
  "frames": 7164864,
  "loudness": -19.504331588745117,
  "loudness_range": 9.600349426269531,
  "loudness_range_short": 18.85476303100586,
  "lowpass_true_peak_15khz": -0.6372315883636475,
  "mastering3_acoustic_entropies": [
    {
      "acoustic_entropy": 8.658162117004395,
      "acoustic_entropy_mono": 8.851025581359863,
      "band_eliminated_acoustic_entropies": [
        {
          "acoustic_entropy": 8.925454139709473,
          "acoustic_entropy_side": 8.658174514770508,
          "hz": 129.47220167065723
        },
        {
          "acoustic_entropy": 7.688321113586426,
          "acoustic_entropy_side": 8.658608436584473,
          "hz": 202.92927478742237
        },
        {
          "acoustic_entropy": 8.375357627868652,
          "acoustic_entropy_side": 8.598166465759277,
          "hz": 282.89161906338205
        },
        {
          "acoustic_entropy": 8.412412643432617,
          "acoustic_entropy_side": 8.559196472167969,
          "hz": 369.9353335868758
        },
        {
          "acoustic_entropy": 8.13422679901123,
          "acoustic_entropy_side": 8.387672424316406,
          "hz": 464.6875360973435
        },
        {
          "acoustic_entropy": 8.670019149780273,
          "acoustic_entropy_side": 8.5990571975708,
          "hz": 567.8308811364784
        },
        {
          "acoustic_entropy": 8.136311531066895,
          "acoustic_entropy_side": 8.620585441589355,
          "hz": 680.1084783214808
        },
        {
          "acoustic_entropy": 9.210107803344727,
          "acoustic_entropy_side": 8.605843544006348,
          "hz": 802.3292461747484
        },
        {
          "acoustic_entropy": 7.993161678314209,
          "acoustic_entropy_side": 8.571769714355469,
          "hz": 935.3737400823702
        },
        {
          "acoustic_entropy": 8.55305004119873,
          "acoustic_entropy_side": 8.568803787231445,
          "hz": 1080.2004963696966
        },
        {
          "acoustic_entropy": 8.964272499084473,
          "acoustic_entropy_side": 8.543333053588867,
          "hz": 1237.8529382007157
        },
        {
          "acoustic_entropy": 9.597837448120117,
          "acoustic_entropy_side": 8.379252433776855,
          "hz": 1409.4668930556702
        },
        {
          "acoustic_entropy": 8.833724021911621,
          "acoustic_entropy_side": 8.516173362731934,
          "hz": 1596.2787759475705
        },
        {
          "acoustic_entropy": 8.805825233459473,
          "acoustic_entropy_side": 8.493552207946777,
          "hz": 1799.6344973346393
        },
        {
          "acoustic_entropy": 8.464037895202637,
          "acoustic_entropy_side": 8.506440162658691,
          "hz": 2020.9991599069049
        },
        {
          "acoustic_entropy": 8.47072696685791,
          "acoustic_entropy_side": 8.562987327575684,
          "hz": 2261.9676141086993
        },
        {
          "acoustic_entropy": 8.50927734375,
          "acoustic_entropy_side": 8.584242820739746,
          "hz": 2524.2759484456974
        },
        {
          "acoustic_entropy": 8.761900901794434,
          "acoustic_entropy_side": 8.576440811157227,
          "hz": 2809.813997359896
        },
        {
          "acoustic_entropy": 8.662047386169434,
          "acoustic_entropy_side": 8.658714294433594,
          "hz": 3120.6389567871424
        },
        {
          "acoustic_entropy": 8.797049522399902,
          "acoustic_entropy_side": 8.69838809967041,
          "hz": 3458.990205492291
        },
        {
          "acoustic_entropy": 8.644265174865723,
          "acoustic_entropy_side": 8.727666854858398,
          "hz": 3827.305438964164
        },
        {
          "acoustic_entropy": 8.656039237976074,
          "acoustic_entropy_side": 8.675481796264648,
          "hz": 4228.238232109126
        },
        {
          "acoustic_entropy": 8.615860939025879,
          "acoustic_entropy_side": 8.717458724975586,
          "hz": 4664.6771572759235
        },
        {
          "acoustic_entropy": 8.570220947265625,
          "acoustic_entropy_side": 8.726625442504883,
          "hz": 5139.766595350093
        },
        {
          "acoustic_entropy": 8.603800773620605,
          "acoustic_entropy_side": 8.736734390258789,
          "hz": 5656.929389854203
        },
        {
          "acoustic_entropy": 8.593252182006836,
          "acoustic_entropy_side": 8.707252502441406,
          "hz": 6219.891507268283
        },
        {
          "acoustic_entropy": 8.613141059875488,
          "acoustic_entropy_side": 8.709505081176758,
          "hz": 6832.70888123896
        },
        {
          "acoustic_entropy": 8.629286766052246,
          "acoustic_entropy_side": 8.6987943649292,
          "hz": 7499.796634079867
        },
        {
          "acoustic_entropy": 8.641753196716309,
          "acoustic_entropy_side": 8.692291259765625,
          "hz": 8225.96088609342
        },
        {
          "acoustic_entropy": 8.653852462768555,
          "acoustic_entropy_side": 8.687387466430664,
          "hz": 9016.43338188839
        },
        {
          "acoustic_entropy": 8.668485641479492,
          "acoustic_entropy_side": 8.680604934692383,
          "hz": 9876.909183162974
        },
        {
          "acoustic_entropy": 8.636062622070312,
          "acoustic_entropy_side": 8.663912773132324,
          "hz": 10813.587699516042
        },
        {
          "acoustic_entropy": 8.585668563842773,
          "acoustic_entropy_side": 8.630009651184082,
          "hz": 11833.21735289826
        },
        {
          "acoustic_entropy": 8.538779258728027,
          "acoustic_entropy_side": 8.618205070495605,
          "hz": 12943.144197493959
        },
        {
          "acoustic_entropy": 8.420011520385742,
          "acoustic_entropy_side": 8.584683418273926,
          "hz": 14151.364845322005
        },
        {
          "acoustic_entropy": 8.37520694732666,
          "acoustic_entropy_side": 8.570841789245605,
          "hz": 15466.58407886509
        },
        {
          "acoustic_entropy": 8.47476863861084,
          "acoustic_entropy_side": 8.58858585357666,
          "hz": 16898.27756580493
        },
        {
          "acoustic_entropy": 8.5684814453125,
          "acoustic_entropy_side": 8.621729850769043,
          "hz": 18456.760127700032
        },
        {
          "acoustic_entropy": 8.63582992553711,
          "acoustic_entropy_side": 8.648155212402344,
          "hz": 20153.260054456492
        },
        {
          "acoustic_entropy": 8.655449867248535,
          "acoustic_entropy_side": 8.656899452209473,
          "hz": 22000.00000000001
        }
      ],
      "diff_acoustic_entropy": 8.862998962402344,
      "sn": 6
    },
    {
      "acoustic_entropy": 12.945930480957031,
      "acoustic_entropy_mono": 12.563934326171875,
      "band_eliminated_acoustic_entropies": [
        {
          "acoustic_entropy": 12.917736053466797,
          "acoustic_entropy_side": 12.94593334197998,
          "hz": 129.47220167065723
        },
        {
          "acoustic_entropy": 12.2181978225708,
          "acoustic_entropy_side": 12.95115852355957,
          "hz": 202.92927478742237
        },
        {
          "acoustic_entropy": 13.219712257385254,
          "acoustic_entropy_side": 13.030993461608887,
          "hz": 282.89161906338205
        },
        {
          "acoustic_entropy": 13.31771183013916,
          "acoustic_entropy_side": 13.007613182067871,
          "hz": 369.9353335868758
        },
        {
          "acoustic_entropy": 12.758338928222656,
          "acoustic_entropy_side": 13.087474822998047,
          "hz": 464.6875360973435
        },
        {
          "acoustic_entropy": 13.082012176513672,
          "acoustic_entropy_side": 13.033157348632812,
          "hz": 567.8308811364784
        },
        {
          "acoustic_entropy": 12.39418888092041,
          "acoustic_entropy_side": 12.972084999084473,
          "hz": 680.1084783214808
        },
        {
          "acoustic_entropy": 13.277769088745117,
          "acoustic_entropy_side": 12.9379243850708,
          "hz": 802.3292461747484
        },
        {
          "acoustic_entropy": 12.314361572265625,
          "acoustic_entropy_side": 12.987842559814453,
          "hz": 935.3737400823702
        },
        {
          "acoustic_entropy": 12.848886489868164,
          "acoustic_entropy_side": 12.933058738708496,
          "hz": 1080.2004963696966
        },
        {
          "acoustic_entropy": 12.921557426452637,
          "acoustic_entropy_side": 13.156834602355957,
          "hz": 1237.8529382007157
        },
        {
          "acoustic_entropy": 13.291952133178711,
          "acoustic_entropy_side": 12.940560340881348,
          "hz": 1409.4668930556702
        },
        {
          "acoustic_entropy": 12.858253479003906,
          "acoustic_entropy_side": 12.941912651062012,
          "hz": 1596.2787759475705
        },
        {
          "acoustic_entropy": 13.26792049407959,
          "acoustic_entropy_side": 12.956974983215332,
          "hz": 1799.6344973346393
        },
        {
          "acoustic_entropy": 12.790517807006836,
          "acoustic_entropy_side": 12.80499267578125,
          "hz": 2020.9991599069049
        },
        {
          "acoustic_entropy": 12.695672988891602,
          "acoustic_entropy_side": 12.922919273376465,
          "hz": 2261.9676141086993
        },
        {
          "acoustic_entropy": 13.109989166259766,
          "acoustic_entropy_side": 12.919715881347656,
          "hz": 2524.2759484456974
        },
        {
          "acoustic_entropy": 13.091124534606934,
          "acoustic_entropy_side": 12.935765266418457,
          "hz": 2809.813997359896
        },
        {
          "acoustic_entropy": 13.017380714416504,
          "acoustic_entropy_side": 12.952805519104004,
          "hz": 3120.6389567871424
        },
        {
          "acoustic_entropy": 13.144274711608887,
          "acoustic_entropy_side": 13.007981300354004,
          "hz": 3458.990205492291
        },
        {
          "acoustic_entropy": 12.912894248962402,
          "acoustic_entropy_side": 12.9547700881958,
          "hz": 3827.305438964164
        },
        {
          "acoustic_entropy": 13.046672821044922,
          "acoustic_entropy_side": 13.009740829467773,
          "hz": 4228.238232109126
        },
        {
          "acoustic_entropy": 12.89870548248291,
          "acoustic_entropy_side": 12.967520713806152,
          "hz": 4664.6771572759235
        },
        {
          "acoustic_entropy": 12.850465774536133,
          "acoustic_entropy_side": 12.941937446594238,
          "hz": 5139.766595350093
        },
        {
          "acoustic_entropy": 12.922325134277344,
          "acoustic_entropy_side": 12.921923637390137,
          "hz": 5656.929389854203
        },
        {
          "acoustic_entropy": 12.885709762573242,
          "acoustic_entropy_side": 12.939523696899414,
          "hz": 6219.891507268283
        },
        {
          "acoustic_entropy": 12.903255462646484,
          "acoustic_entropy_side": 12.919069290161133,
          "hz": 6832.70888123896
        },
        {
          "acoustic_entropy": 12.884746551513672,
          "acoustic_entropy_side": 12.908808708190918,
          "hz": 7499.796634079867
        },
        {
          "acoustic_entropy": 12.936379432678223,
          "acoustic_entropy_side": 12.908230781555176,
          "hz": 8225.96088609342
        },
        {
          "acoustic_entropy": 12.937317848205566,
          "acoustic_entropy_side": 12.909542083740234,
          "hz": 9016.43338188839
        },
        {
          "acoustic_entropy": 12.9503812789917,
          "acoustic_entropy_side": 12.914392471313477,
          "hz": 9876.909183162974
        },
        {
          "acoustic_entropy": 12.928187370300293,
          "acoustic_entropy_side": 12.91330337524414,
          "hz": 10813.587699516042
        },
        {
          "acoustic_entropy": 12.918499946594238,
          "acoustic_entropy_side": 12.919025421142578,
          "hz": 11833.21735289826
        },
        {
          "acoustic_entropy": 12.920767784118652,
          "acoustic_entropy_side": 12.922505378723145,
          "hz": 12943.144197493959
        },
        {
          "acoustic_entropy": 12.939542770385742,
          "acoustic_entropy_side": 12.942155838012695,
          "hz": 14151.364845322005
        },
        {
          "acoustic_entropy": 12.97558879852295,
          "acoustic_entropy_side": 12.961764335632324,
          "hz": 15466.58407886509
        },
        {
          "acoustic_entropy": 12.991772651672363,
          "acoustic_entropy_side": 12.971269607543945,
          "hz": 16898.27756580493
        },
        {
          "acoustic_entropy": 13.00173282623291,
          "acoustic_entropy_side": 12.978423118591309,
          "hz": 18456.760127700032
        },
        {
          "acoustic_entropy": 12.99755859375,
          "acoustic_entropy_side": 12.97449779510498,
          "hz": 20153.260054456492
        },
        {
          "acoustic_entropy": 12.972158432006836,
          "acoustic_entropy_side": 12.960309982299805,
          "hz": 22000.00000000001
        }
      ],
      "diff_acoustic_entropy": 13.410652160644531,
      "sn": 12
    },
    {
      "acoustic_entropy": 18.890727996826172,
      "acoustic_entropy_mono": 16.55787467956543,
      "band_eliminated_acoustic_entropies": [
        {
          "acoustic_entropy": 18.724733352661133,
          "acoustic_entropy_side": 18.893630981445312,
          "hz": 129.47220167065723
        },
        {
          "acoustic_entropy": 17.929792404174805,
          "acoustic_entropy_side": 18.989131927490234,
          "hz": 202.92927478742237
        },
        {
          "acoustic_entropy": 18.332067489624023,
          "acoustic_entropy_side": 18.510374069213867,
          "hz": 282.89161906338205
        },
        {
          "acoustic_entropy": 19.215707778930664,
          "acoustic_entropy_side": 18.836624145507812,
          "hz": 369.9353335868758
        },
        {
          "acoustic_entropy": 17.575580596923828,
          "acoustic_entropy_side": 18.051456451416016,
          "hz": 464.6875360973435
        },
        {
          "acoustic_entropy": 18.811986923217773,
          "acoustic_entropy_side": 18.90673828125,
          "hz": 567.8308811364784
        },
        {
          "acoustic_entropy": 18.755126953125,
          "acoustic_entropy_side": 19.353734970092773,
          "hz": 680.1084783214808
        },
        {
          "acoustic_entropy": 19.821855545043945,
          "acoustic_entropy_side": 19.15047264099121,
          "hz": 802.3292461747484
        },
        {
          "acoustic_entropy": 18.72553062438965,
          "acoustic_entropy_side": 18.839445114135742,
          "hz": 935.3737400823702
        },
        {
          "acoustic_entropy": 19.355775833129883,
          "acoustic_entropy_side": 18.76015281677246,
          "hz": 1080.2004963696966
        },
        {
          "acoustic_entropy": 18.895000457763672,
          "acoustic_entropy_side": 18.258106231689453,
          "hz": 1237.8529382007157
        },
        {
          "acoustic_entropy": 19.171138763427734,
          "acoustic_entropy_side": 18.991222381591797,
          "hz": 1409.4668930556702
        },
        {
          "acoustic_entropy": 19.4384822845459,
          "acoustic_entropy_side": 18.691818237304688,
          "hz": 1596.2787759475705
        },
        {
          "acoustic_entropy": 19.598371505737305,
          "acoustic_entropy_side": 18.904747009277344,
          "hz": 1799.6344973346393
        },
        {
          "acoustic_entropy": 18.906614303588867,
          "acoustic_entropy_side": 18.551780700683594,
          "hz": 2020.9991599069049
        },
        {
          "acoustic_entropy": 18.831724166870117,
          "acoustic_entropy_side": 18.413904190063477,
          "hz": 2261.9676141086993
        },
        {
          "acoustic_entropy": 18.735336303710938,
          "acoustic_entropy_side": 18.749561309814453,
          "hz": 2524.2759484456974
        },
        {
          "acoustic_entropy": 18.78223991394043,
          "acoustic_entropy_side": 18.95248794555664,
          "hz": 2809.813997359896
        },
        {
          "acoustic_entropy": 19.012117385864258,
