{
  "acoustic_entropy": 196.46871948242188,
  "bands": [
    {
      "high_freq": 148.1999969482422,
      "loudness": -29.50696563720703,
      "loudness_range": 10.560159683227539,
      "mid_mean": -25.884870529174805,
      "mid_to_side_loudness": -21.4534969329834,
      "mid_to_side_loudness_range": 21.425506591796875,
      "side_mean": -47.923221588134766
    },
    {
      "high_freq": 392.3793640136719,
      "loudness": -26.163034439086914,
      "loudness_range": 18.74123764038086,
      "low_freq": 148.1999969482422,
      "mid_mean": -23.124073028564453,
      "mid_to_side_loudness": -9.439162254333496,
      "mid_to_side_loudness_range": 13.63530445098877,
      "side_mean": -32.7255744934082
    },
    {
      "high_freq": 794.6976318359375,
      "loudness": -25.954267501831055,
      "loudness_range": 15.041532516479492,
      "low_freq": 392.3793640136719,
      "mid_mean": -23.139188766479492,
      "mid_to_side_loudness": -7.702239990234375,
      "mid_to_side_loudness_range": 11.591991424560547,
      "side_mean": -30.924015045166016
    },
    {
      "high_freq": 1457.5709228515625,
      "loudness": -28.674287796020508,
      "loudness_range": 19.572649002075195,
      "low_freq": 794.6976318359375,
      "mid_mean": -25.995939254760742,
      "mid_to_side_loudness": -6.928198337554932,
      "mid_to_side_loudness_range": 11.091506958007812,
      "side_mean": -32.971065521240234
    },
    {
      "high_freq": 2549.74365234375,
      "loudness": -30.988332748413086,
      "loudness_range": 17.296167373657227,
      "low_freq": 1457.5709228515625,
      "mid_mean": -28.056379318237305,
      "mid_to_side_loudness": -7.802962303161621,
      "mid_to_side_loudness_range": 7.6681413650512695,
      "side_mean": -35.844913482666016
    },
    {
      "high_freq": 4349.24462890625,
      "loudness": -34.5515251159668,
      "loudness_range": 18.141525268554688,
      "low_freq": 2549.74365234375,
      "mid_mean": -31.742185592651367,
      "mid_to_side_loudness": -6.938839912414551,
      "mid_to_side_loudness_range": 7.348129749298096,
      "side_mean": -38.714744567871094
    },
    {
      "high_freq": 7314.1640625,
      "loudness": -42.674007415771484,
      "loudness_range": 23.539094924926758,
      "low_freq": 4349.24462890625,
      "mid_mean": -39.70305633544922,
      "mid_to_side_loudness": -8.20695686340332,
      "mid_to_side_loudness_range": 8.606252670288086,
      "side_mean": -48.38271713256836
    },
    {
      "high_freq": 12199.2666015625,
      "loudness": -43.654537200927734,
      "loudness_range": 22.61591339111328,
      "low_freq": 7314.1640625,
      "mid_mean": -41.0020637512207,
      "mid_to_side_loudness": -6.993898868560791,
      "mid_to_side_loudness_range": 8.3369140625,
      "side_mean": -50.31538009643555
    },
    {
      "loudness": -52.12452697753906,
      "loudness_range": 26.443084716796875,
      "low_freq": 12199.2666015625,
      "mid_mean": -50.35185241699219,
      "mid_to_side_loudness": -3.151527166366577,
      "mid_to_side_loudness_range": 5.21019172668457,
      "side_mean": -53.419612884521484
    }
  ],
  "bands_short": [
    {
      "high_freq": 148.1999969482422,
      "loudness": -31.516033172607422,
      "loudness_range": 13.980005264282227,
      "mid_mean": -27.88329315185547,
      "mid_to_side_loudness": -24.167299270629883,
      "mid_to_side_loudness_range": 25.13344383239746,
      "side_mean": -53.15593719482422
    },
    {
      "high_freq": 392.3793640136719,
      "loudness": -26.898860931396484,
      "loudness_range": 18.213274002075195,
      "low_freq": 148.1999969482422,
      "mid_mean": -23.921396255493164,
      "mid_to_side_loudness": -9.927270889282227,
      "mid_to_side_loudness_range": 16.190319061279297,
      "side_mean": -33.761959075927734
    },
    {
      "high_freq": 794.6976318359375,
      "loudness": -26.33343505859375,
      "loudness_range": 18.354581832885742,
      "low_freq": 392.3793640136719,
      "mid_mean": -23.61910057067871,
      "mid_to_side_loudness": -7.836347579956055,
      "mid_to_side_loudness_range": 14.552558898925781,
      "side_mean": -31.526721954345703
    },
    {
      "high_freq": 1457.5709228515625,
      "loudness": -29.17403221130371,
      "loudness_range": 20.926279067993164,
      "low_freq": 794.6976318359375,
      "mid_mean": -26.577356338500977,
      "mid_to_side_loudness": -7.006222724914551,
      "mid_to_side_loudness_range": 12.885135650634766,
      "side_mean": -33.63447570800781
    },
    {
      "high_freq": 2549.74365234375,
      "loudness": -32.0764274597168,
      "loudness_range": 19.840803146362305,
      "low_freq": 1457.5709228515625,
      "mid_mean": -29.25084686279297,
      "mid_to_side_loudness": -7.586874485015869,
      "mid_to_side_loudness_range": 9.948827743530273,
      "side_mean": -36.84617233276367
    },
    {
      "high_freq": 4349.24462890625,
      "loudness": -35.040809631347656,
      "loudness_range": 19.632413864135742,
      "low_freq": 2549.74365234375,
      "mid_mean": -32.301116943359375,
      "mid_to_side_loudness": -6.8215436935424805,
      "mid_to_side_loudness_range": 8.87594985961914,
      "side_mean": -39.198970794677734
    },
    {
      "high_freq": 7314.1640625,
      "loudness": -45.67031478881836,
      "loudness_range": 29.020544052124023,
      "low_freq": 4349.24462890625,
      "mid_mean": -42.8941650390625,
      "mid_to_side_loudness": -7.592001914978027,
      "mid_to_side_loudness_range": 10.146759986877441,
      "side_mean": -51.11696243286133
    },
    {
      "high_freq": 12199.2666015625,
      "loudness": -50.312171936035156,
      "loudness_range": 35.003013610839844,
      "low_freq": 7314.1640625,
      "mid_mean": -47.38199234008789,
      "mid_to_side_loudness": -6.376615047454834,
      "mid_to_side_loudness_range": 8.794254302978516,
      "side_mean": -53.89348220825195
    },
    {
      "loudness": -57.04180908203125,
      "loudness_range": 26.651660919189453,
      "low_freq": 12199.2666015625,
      "mid_mean": -55.069488525390625,
      "mid_to_side_loudness": -2.588744878768921,
      "mid_to_side_loudness_range": 5.316479206085205,
      "side_mean": -57.5088996887207
    }
  ],
  "bandwidth": 682.9022827148438,
  "channels": 2,
  "covariance": [
    [
      16.67620086669922,
      16.88288116455078,
      8.034709930419922,
      8.710150718688965,
      6.0116729736328125,
      7.7936787605285645,
      4.865938186645508,
      4.112398147583008,
      4.60355806350708,
      5.783432483673096,
      6.94326114654541,
      7.42482328414917,
      11.50972843170166,
      12.962267875671387,
      7.404262065887451,
      14.855627059936523,
      12.150299072265625,
      10.575106620788574
    ],
    [
      16.88288116455078,
      56.314796447753906,
      15.656494140625,
      20.15321922302246,
      12.532472610473633,
      16.900453567504883,
      16.20484733581543,
      11.481772422790527,
      12.148028373718262,
      13.427362442016602,
      19.123382568359375,
      20.187397003173828,
      27.856189727783203,
      31.449520111083984,
      18.904048919677734,
      31.16762351989746,
      23.060832977294922,
      21.14419174194336
    ],
    [
      8.034709930419922,
      15.656494140625,
      49.30039978027344,
      28.036901473999023,
      22.85630226135254,
      12.767841339111328,
      19.212581634521484,
      9.20167350769043,
      17.638517379760742,
      14.169189453125,
      23.130352020263672,
      19.622072219848633,
      30.72260093688965,
      29.53972625732422,
      27.25727081298828,
      38.629554748535156,
      28.727970123291016,
      24.146255493164062
    ],
    [
      8.710150718688965,
      20.15321922302246,
      28.036901473999023,
      31.629552841186523,
      16.331796646118164,
      14.602572441101074,
      17.138248443603516,
      10.50545597076416,
      14.444823265075684,
      13.431206703186035,
      18.710308074951172,
      16.87311363220215,
      23.996984481811523,
      25.570974349975586,
      18.740144729614258,
      31.119766235351562,
      24.215412139892578,
      20.689626693725586
    ],
    [
      6.0116729736328125,
      12.532472610473633,
      22.85630226135254,
      16.331796646118164,
      30.494483947753906,
      17.864416122436523,
      22.55902099609375,
      13.39500904083252,
      17.7769775390625,
      14.413362503051758,
      18.059139251708984,
      16.67413902282715,
      21.14482879638672,
      22.56389617919922,
      18.869775772094727,
      27.018352508544922,
      21.130233764648438,
      18.524385452270508
    ],
    [
      7.7936787605285645,
      16.900453567504883,
      12.767841339111328,
      14.602572441101074,
      17.864416122436523,
      20.525537490844727,
      15.635587692260742,
      12.954570770263672,
      13.528732299804688,
      13.256601333618164,
      14.946696281433105,
      15.107126235961914,
      18.649051666259766,
      21.255056381225586,
      14.358232498168945,
      21.988155364990234,
      17.712854385375977,
      15.765157699584961
    ],
    [
      4.865938186645508,
      16.20484733581543,
      19.212581634521484,
      17.138248443603516,
      22.55902099609375,
      15.635587692260742,
      42.72670364379883,
      26.096351623535156,
      28.814922332763672,
      23.836912155151367,
      25.90860366821289,
      23.39396858215332,
      26.09247398376465,
      27.470787048339844,
      20.519620895385742,
      28.97759246826172,
      23.61100196838379,
      21.33109474182129
    ],
    [
      4.112398147583008,
      11.481772422790527,
      9.20167350769043,
      10.50545597076416,
      13.39500904083252,
      12.954570770263672,
      26.096351623535156,
      23.78841209411621,
      20.35266876220703,
      19.117603302001953,
      19.02763557434082,
      18.45778465270996,
      19.282901763916016,
      21.593412399291992,
      13.913113594055176,
      21.133615493774414,
      18.60012435913086,
      16.789554595947266
    ],
    [
      4.60355806350708,
      12.148028373718262,
      17.638517379760742,
      14.444823265075684,
      17.7769775390625,
      13.528732299804688,
      28.814922332763672,
      20.35266876220703,
      34.729522705078125,
      27.883495330810547,
      27.702085494995117,
      24.544191360473633,
      26.56289291381836,
      27.349660873413086,
      21.51063346862793,
      28.31035041809082,
      24.11344337463379,
      20.833057403564453
    ],
    [
      5.783432483673096,
      13.427362442016602,
      14.169189453125,
      13.431206703186035,
      14.413362503051758,
      13.256601333618164,
      23.836912155151367,
      19.117603302001953,
      27.883495330810547,
      27.706926345825195,
      25.19084930419922,
      23.969493865966797,
      25.422542572021484,
      27.203388214111328,
      19.87584686279297,
      27.093536376953125,
      23.729692459106445,
      20.792449951171875
    ],
    [
      6.94326114654541,
      19.123382568359375,
      23.130352020263672,
      18.710308074951172,
      18.059139251708984,
      14.946696281433105,
      25.90860366821289,
      19.02763557434082,
      27.702085494995117,
      25.19084930419922,
      38.62080383300781,
      33.74979782104492,
      34.792816162109375,
      36.21076202392578,
      29.25106430053711,
      37.10247802734375,
      30.300636291503906,
      26.22096061706543
    ],
    [
      7.42482328414917,
      20.187397003173828,
      19.622072219848633,
      16.87311363220215,
      16.67413902282715,
      15.107126235961914,
      23.39396858215332,
      18.45778465270996,
      24.544191360473633,
      23.969493865966797,
      33.74979782104492,
      35.011924743652344,
      33.17073059082031,
      37.58856201171875,
      26.555068969726562,
      35.177860260009766,
      28.989952087402344,
      25.58622169494629
    ],
    [
      11.50972843170166,
      27.856189727783203,
      30.72260093688965,
      23.996984481811523,
      21.14482879638672,
      18.649051666259766,
      26.09247398376465,
      19.282901763916016,
      26.56289291381836,
      25.422542572021484,
      34.792816162109375,
      33.17073059082031,
      67.79042053222656,
      61.25803756713867,
      55.854522705078125,
      66.52079772949219,
      55.25770950317383,
      48.44499588012695
    ],
    [
      12.962267875671387,
      31.449520111083984,
      29.53972625732422,
      25.570974349975586,
      22.56389617919922,
      21.255056381225586,
      27.470787048339844,
      21.593412399291992,
      27.349660873413086,
      27.203388214111328,
      36.21076202392578,
      37.58856201171875,
      61.25803756713867,
      67.58531188964844,
      49.24765396118164,
      64.71235656738281,
      52.61784362792969,
      47.063133239746094
    ],
    [
      7.404262065887451,
      18.904048919677734,
      27.25727081298828,
      18.740144729614258,
      18.869775772094727,
      14.358232498168945,
      20.519620895385742,
      13.913113594055176,
      21.51063346862793,
      19.87584686279297,
      29.25106430053711,
      26.555068969726562,
      55.854522705078125,
      49.24765396118164,
      74.40776062011719,
      66.82444763183594,
      56.422996520996094,
      49.655540466308594
    ],
    [
      14.855627059936523,
      31.16762351989746,
      38.629554748535156,
      31.119766235351562,
      27.018352508544922,
      21.988155364990234,
      28.97759246826172,
      21.133615493774414,
      28.31035041809082,
      27.093536376953125,
      37.10247802734375,
      35.177860260009766,
      66.52079772949219,
      64.71235656738281,
      66.82444763183594,
      88.26163482666016,
      74.61762237548828,
      65.38770294189453
    ],
    [
      12.150299072265625,
      23.060832977294922,
      28.727970123291016,
      24.215412139892578,
      21.130233764648438,
      17.712854385375977,
      23.61100196838379,
      18.60012435913086,
      24.11344337463379,
      23.729692459106445,
      30.300636291503906,
      28.989952087402344,
      55.25770950317383,
      52.61784362792969,
      56.422996520996094,
      74.61762237548828,
      73.29579162597656,
      63.21312713623047
    ],
    [
      10.575106620788574,
      21.14419174194336,
      24.146255493164062,
      20.689626693725586,
      18.524385452270508,
      15.765157699584961,
      21.33109474182129,
      16.789554595947266,
      20.833057403564453,
      20.792449951171875,
      26.22096061706543,
      25.58622169494629,
      48.44499588012695,
      47.063133239746094,
      49.655540466308594,
      65.38770294189453,
      63.21312713623047,
      56.43003845214844
    ]
  ],
  "covariance_short": [
    [
      29.735689163208008,
      14.656208038330078,
      8.684361457824707,
      6.63173246383667,
      5.208872318267822,
      7.092770576477051,
      4.1661057472229,
      4.27415132522583,
      4.603886604309082,
      5.1020073890686035,
      5.788735389709473,
      6.458878993988037,
      9.975729942321777,
      11.187769889831543,
      12.149636268615723,
      11.738496780395508,
      10.773804664611816,
      8.962718963623047
    ],
    [
      14.656208038330078,
      50.04554748535156,
      16.54547119140625,
      18.274396896362305,
      11.057940483093262,
      13.57370662689209,
      16.212594985961914,
      12.308248519897461,
      14.212645530700684,
      14.658149719238281,
      17.137758255004883,
      17.250640869140625,
      27.607847213745117,
      32.555110931396484,
      30.038705825805664,
      31.832298278808594,
      25.134185791015625,
      21.366270065307617
    ],
    [
      8.684361457824707,
      16.54547119140625,
      46.84943389892578,
      24.700883865356445,
      24.679563522338867,
      14.687189102172852,
      18.958660125732422,
      10.855189323425293,
      16.86871910095215,
      14.276620864868164,
      19.745473861694336,
      16.943565368652344,
      32.73125076293945,
      27.816848754882812,
      45.88533401489258,
      35.11219024658203,
      25.18893051147461,
      19.528240203857422
    ],
    [
      6.63173246383667,
      18.274396896362305,
      24.700883865356445,
      36.57808303833008,
      16.570816040039062,
      17.422008514404297,
      16.94327735900879,
      12.286591529846191,
      13.906275749206543,
      13.82033920288086,
      16.22627830505371,
      15.249687194824219,
      26.605955123901367,
      25.816022872924805,
      34.70124435424805,
      29.340572357177734,
      21.471141815185547,
      17.285451889038086
    ],
    [
      5.208872318267822,
      11.057940483093262,
      24.679563522338867,
      16.570816040039062,
      42.77659606933594,
      23.179067611694336,
      26.692628860473633,
      16.73431396484375,
      24.802797317504883,
      18.946828842163086,
      25.083072662353516,
      21.883136749267578,
      31.01674461364746,
      26.877220153808594,
      42.52579879760742,
      33.876075744628906,
      24.846609115600586,
      19.673358917236328
    ],
    [
      7.092770576477051,
      13.57370662689209,
      14.687189102172852,
      17.422008514404297,
      23.179067611694336,
      29.5656795501709,
      18.240814208984375,
      16.67255210876465,
      18.087326049804688,
      16.949724197387695,
      18.318557739257812,
      18.834928512573242,
      24.274763107299805,
      23.617000579833984,
      29.22735595703125,
      25.000926971435547,
      19.187822341918945,
      15.899740219116211
    ],
    [
      4.1661057472229,
      16.212594985961914,
      18.958660125732422,
      16.94327735900879,
      26.692628860473633,
      18.240814208984375,
      48.97360610961914,
      30.198556900024414,
      34.18738555908203,
      27.781766891479492,
      29.693761825561523,
      26.393646240234375,
      34.39044952392578,
      30.684370040893555,
      40.10797119140625,
      32.93475341796875,
      24.854310989379883,
      20.176776885986328
    ],
    [
      4.27415132522583,
      12.308248519897461,
      10.855189323425293,
      12.286591529846191,
      16.73431396484375,
      16.67255210876465,
      30.198556900024414,
      31.76270294189453,
      25.575151443481445,
      23.618562698364258,
      22.74806022644043,
      23.223064422607422,
      25.854829788208008,
      24.902944564819336,
      27.924560546875,
      23.53900146484375,
      18.63661003112793,
      15.632758140563965
    ],
    [
      4.603886604309082,
      14.212645530700684,
      16.86871910095215,
      13.906275749206543,
      24.802797317504883,
      18.087326049804688,
      34.18738555908203,
      25.575151443481445,
      45.23634719848633,
      33.878719329833984,
      33.663299560546875,
      29.860322952270508,
      37.49348831176758,
      32.98542785644531,
      42.206233978271484,
      33.99043655395508,
      26.612573623657227,
      21.36324119567871
    ],
    [
      5.1020073890686035,
      14.658149719238281,
      14.276620864868164,
      13.82033920288086,
      18.946828842163086,
      16.949724197387695,
      27.781766891479492,
      23.618562698364258,
      33.878719329833984,
      35.01421356201172,
      29.311569213867188,
      28.497568130493164,
      32.778865814208984,
      30.862062454223633,
      35.916072845458984,
      30.120285034179688,
      23.959922790527344,
      19.948095321655273
    ],
    [
      5.788735389709473,
      17.137758255004883,
      19.745473861694336,
      16.22627830505371,
      25.083072662353516,
      18.318557739257812,
      29.693761825561523,
      22.74806022644043,
      33.663299560546875,
      29.311569213867188,
      44.55575942993164,
      37.23683166503906,
      43.790733337402344,
      39.19138717651367,
      50.346797943115234,
      41.70206832885742,
      32.32841110229492,
      26.35234260559082
    ],
    [
      6.458878993988037,
      17.250640869140625,
      16.943565368652344,
      15.249687194824219,
      21.883136749267578,
      18.834928512573242,
      26.393646240234375,
      23.223064422607422,
      29.860322952270508,
      28.497568130493164,
      37.23683166503906,
      39.55501937866211,
      38.80129623413086,
      38.167755126953125,
      42.821014404296875,
      36.39995193481445,
      28.251419067382812,
      23.625185012817383
    ],
    [
      9.975729942321777,
      27.607847213745117,
      32.73125076293945,
      26.605955123901367,
      31.01674461364746,
      24.274763107299805,
      34.39044952392578,
      25.854829788208008,
      37.49348831176758,
      32.778865814208984,
      43.790733337402344,
      38.80129623413086,
      93.88363647460938,
      75.5005111694336,
      102.83499145507812,
      86.17166137695312,
      71.88762664794922,
      60.11544418334961
    ],
    [
      11.187769889831543,
      32.555110931396484,
      27.816848754882812,
      25.816022872924805,
      26.877220153808594,
      23.617000579833984,
      30.684370040893555,
      24.902944564819336,
      32.98542785644531,
      30.862062454223633,
      39.19138717651367,
      38.167755126953125,
      75.5005111694336,
      77.43074035644531,
      82.98979187011719,
      76.87217712402344,
      63.27618408203125,
      54.026912689208984
    ],
    [
      12.149636268615723,
      30.038705825805664,
      45.88533401489258,
      34.70124435424805,
      42.52579879760742,
      29.22735595703125,
      40.10797119140625,
      27.924560546875,
      42.206233978271484,
      35.916072845458984,
      50.346797943115234,
      42.821014404296875,
      102.83499145507812,
      82.98979187011719,
      143.34707641601562,
      116.92057800292969,
      97.63624572753906,
      80.16437530517578
    ],
    [
      11.738496780395508,
      31.832298278808594,
      35.11219024658203,
      29.340572357177734,
      33.876075744628906,
      25.000926971435547,
      32.93475341796875,
      23.53900146484375,
      33.99043655395508,
      30.120285034179688,
      41.70206832885742,
      36.39995193481445,
      86.17166137695312,
      76.87217712402344,
      116.92057800292969,
      103.4035415649414,
      86.33804321289062,
      72.97380828857422
    ],
    [
      10.773804664611816,
      25.134185791015625,
      25.18893051147461,
      21.471141815185547,
      24.846609115600586,
      19.187822341918945,
      24.854310989379883,
      18.63661003112793,
      26.612573623657227,
      23.959922790527344,
      32.32841110229492,
      28.251419067382812,
      71.88762664794922,
      63.27618408203125,
      97.63624572753906,
      86.33804321289062,
      84.17951965332031,
      71.20650482177734
    ],
    [
      8.962718963623047,
      21.366270065307617,
      19.528240203857422,
      17.285451889038086,
      19.673358917236328,
      15.899740219116211,
      20.176776885986328,
      15.632758140563965,
      21.36324119567871,
      19.948095321655273,
      26.35234260559082,
      23.625185012817383,
      60.11544418334961,
      54.026912689208984,
      80.16437530517578,
      72.97380828857422,
      71.20650482177734,
      62.19704055786133
    ]
  ],
  "damage": -7.814500331878662,
  "diff_bandwidth": 723.7085571289062,
  "dissonance": 6.76329723943753,
  "drr": 7.645476341247559,
  "dynamics": 4.5516839027404785,
  "format": 1245190,
  "frames": 11368448,
  "loudness": -15.864808082580566,
  "loudness_range": 13.00525188446045,
  "loudness_range_short": 14.842344284057617,
  "lowpass_true_peak_15khz": 0.4025202691555023,
  "mastering3_acoustic_entropies": [
    {
      "acoustic_entropy": 7.8281707763671875,
      "acoustic_entropy_mono": 8.010334014892578,
      "band_eliminated_acoustic_entropies": [
        {
          "acoustic_entropy": 7.7924017906188965,
          "acoustic_entropy_side": 7.828060626983643,
          "hz": 129.47220167065723
        },
        {
          "acoustic_entropy": 7.6796674728393555,
          "acoustic_entropy_side": 7.824782371520996,
          "hz": 202.92927478742237
        },
        {
          "acoustic_entropy": 7.486068248748779,
          "acoustic_entropy_side": 7.824025630950928,
          "hz": 282.89161906338205
        },
        {
          "acoustic_entropy": 8.114180564880371,
          "acoustic_entropy_side": 7.822847843170166,
          "hz": 369.9353335868758
        },
        {
          "acoustic_entropy": 7.6198554039001465,
          "acoustic_entropy_side": 7.915709018707275,
          "hz": 464.6875360973435
        },
        {
          "acoustic_entropy": 7.810236930847168,
          "acoustic_entropy_side": 7.898628234863281,
          "hz": 567.8308811364784
        },
        {
          "acoustic_entropy": 7.261643409729004,
          "acoustic_entropy_side": 7.894894599914551,
          "hz": 680.1084783214808
        },
        {
          "acoustic_entropy": 7.919278144836426,
          "acoustic_entropy_side": 7.832669258117676,
          "hz": 802.3292461747484
        },
        {
          "acoustic_entropy": 7.751258850097656,
          "acoustic_entropy_side": 7.767952919006348,
          "hz": 935.3737400823702
        },
        {
          "acoustic_entropy": 7.554487705230713,
          "acoustic_entropy_side": 7.723841190338135,
          "hz": 1080.2004963696966
        },
        {
          "acoustic_entropy": 7.979607105255127,
          "acoustic_entropy_side": 7.810304641723633,
          "hz": 1237.8529382007157
        },
        {
          "acoustic_entropy": 8.107919692993164,
          "acoustic_entropy_side": 7.894089221954346,
          "hz": 1409.4668930556702
        },
        {
          "acoustic_entropy": 8.000144958496094,
          "acoustic_entropy_side": 7.84395694732666,
          "hz": 1596.2787759475705
        },
        {
          "acoustic_entropy": 8.2155122756958,
          "acoustic_entropy_side": 7.860386848449707,
          "hz": 1799.6344973346393
        },
        {
          "acoustic_entropy": 7.701690673828125,
          "acoustic_entropy_side": 7.720665454864502,
          "hz": 2020.9991599069049
        },
        {
          "acoustic_entropy": 7.863773822784424,
          "acoustic_entropy_side": 7.795740604400635,
          "hz": 2261.9676141086993
        },
        {
          "acoustic_entropy": 7.484959602355957,
          "acoustic_entropy_side": 7.803112506866455,
          "hz": 2524.2759484456974
        },
        {
          "acoustic_entropy": 7.988570690155029,
          "acoustic_entropy_side": 7.887142658233643,
          "hz": 2809.813997359896
        },
        {
          "acoustic_entropy": 7.569942951202393,
          "acoustic_entropy_side": 7.827259540557861,
          "hz": 3120.6389567871424
        },
        {
          "acoustic_entropy": 7.821804046630859,
          "acoustic_entropy_side": 7.893648624420166,
          "hz": 3458.990205492291
        },
        {
          "acoustic_entropy": 7.96921443939209,
          "acoustic_entropy_side": 7.8969035148620605,
          "hz": 3827.305438964164
        },
        {
          "acoustic_entropy": 7.858026504516602,
          "acoustic_entropy_side": 7.8606390953063965,
          "hz": 4228.238232109126
        },
        {
          "acoustic_entropy": 7.880396366119385,
          "acoustic_entropy_side": 7.894737720489502,
          "hz": 4664.6771572759235
        },
        {
          "acoustic_entropy": 7.9381937980651855,
          "acoustic_entropy_side": 7.867521286010742,
          "hz": 5139.766595350093
        },
        {
          "acoustic_entropy": 7.959043979644775,
          "acoustic_entropy_side": 7.8628034591674805,
          "hz": 5656.929389854203
        },
        {
          "acoustic_entropy": 7.946491718292236,
          "acoustic_entropy_side": 7.868137836456299,
          "hz": 6219.891507268283
        },
        {
          "acoustic_entropy": 7.836064338684082,
          "acoustic_entropy_side": 7.839081764221191,
          "hz": 6832.70888123896
        },
        {
          "acoustic_entropy": 7.761241912841797,
          "acoustic_entropy_side": 7.8284010887146,
          "hz": 7499.796634079867
        },
        {
          "acoustic_entropy": 7.705203533172607,
          "acoustic_entropy_side": 7.822444915771484,
          "hz": 8225.96088609342
        },
        {
          "acoustic_entropy": 7.665851593017578,
          "acoustic_entropy_side": 7.820220947265625,
          "hz": 9016.43338188839
        },
        {
          "acoustic_entropy": 7.675815582275391,
          "acoustic_entropy_side": 7.8327836990356445,
          "hz": 9876.909183162974
        },
        {
          "acoustic_entropy": 7.768789291381836,
          "acoustic_entropy_side": 7.838171482086182,
          "hz": 10813.587699516042
        },
        {
          "acoustic_entropy": 7.781110763549805,
          "acoustic_entropy_side": 7.83282470703125,
          "hz": 11833.21735289826
        },
        {
          "acoustic_entropy": 7.805310249328613,
          "acoustic_entropy_side": 7.827267169952393,
          "hz": 12943.144197493959
        },
        {
          "acoustic_entropy": 7.815619945526123,
          "acoustic_entropy_side": 7.827427387237549,
          "hz": 14151.364845322005
        },
        {
          "acoustic_entropy": 7.8256516456604,
          "acoustic_entropy_side": 7.8283162117004395,
          "hz": 15466.58407886509
        },
        {
          "acoustic_entropy": 7.828699588775635,
          "acoustic_entropy_side": 7.828868865966797,
          "hz": 16898.27756580493
        },
        {
          "acoustic_entropy": 7.829414367675781,
          "acoustic_entropy_side": 7.828988075256348,
          "hz": 18456.760127700032
        },
        {
          "acoustic_entropy": 7.828932285308838,
          "acoustic_entropy_side": 7.828557014465332,
          "hz": 20153.260054456492
        },
        {
          "acoustic_entropy": 7.828232288360596,
          "acoustic_entropy_side": 7.828207492828369,
          "hz": 22000.00000000001
        }
      ],
      "diff_acoustic_entropy": 6.419918537139893,
      "sn": 6
    },
    {
      "acoustic_entropy": 12.68082046508789,
      "acoustic_entropy_mono": 12.48641300201416,
      "band_eliminated_acoustic_entropies": [
        {
          "acoustic_entropy": 12.614572525024414,
          "acoustic_entropy_side": 12.681657791137695,
          "hz": 129.47220167065723
        },
        {
          "acoustic_entropy": 12.650676727294922,
          "acoustic_entropy_side": 12.643436431884766,
          "hz": 202.92927478742237
        },
        {
          "acoustic_entropy": 12.662251472473145,
          "acoustic_entropy_side": 12.638262748718262,
          "hz": 282.89161906338205
        },
        {
          "acoustic_entropy": 12.005775451660156,
          "acoustic_entropy_side": 12.220921516418457,
          "hz": 369.9353335868758
        },
        {
          "acoustic_entropy": 11.637353897094727,
          "acoustic_entropy_side": 12.069440841674805,
          "hz": 464.6875360973435
        },
        {
          "acoustic_entropy": 12.166625022888184,
          "acoustic_entropy_side": 12.218964576721191,
          "hz": 567.8308811364784
        },
        {
          "acoustic_entropy": 12.27963638305664,
          "acoustic_entropy_side": 12.594682693481445,
          "hz": 680.1084783214808
        },
        {
          "acoustic_entropy": 12.052781105041504,
          "acoustic_entropy_side": 12.989335060119629,
          "hz": 802.3292461747484
        },
        {
          "acoustic_entropy": 11.67492961883545,
          "acoustic_entropy_side": 12.349292755126953,
          "hz": 935.3737400823702
        },
        {
          "acoustic_entropy": 12.310324668884277,
          "acoustic_entropy_side": 12.276259422302246,
          "hz": 1080.2004963696966
        },
        {
          "acoustic_entropy": 12.54919147491455,
          "acoustic_entropy_side": 12.701142311096191,
          "hz": 1237.8529382007157
        },
        {
          "acoustic_entropy": 12.934246063232422,
          "acoustic_entropy_side": 13.25006103515625,
          "hz": 1409.4668930556702
        },
        {
          "acoustic_entropy": 12.503497123718262,
          "acoustic_entropy_side": 12.684950828552246,
          "hz": 1596.2787759475705
        },
        {
          "acoustic_entropy": 12.529765129089355,
          "acoustic_entropy_side": 12.530444145202637,
          "hz": 1799.6344973346393
        },
        {
          "acoustic_entropy": 12.867743492126465,
          "acoustic_entropy_side": 12.887123107910156,
          "hz": 2020.9991599069049
        },
        {
          "acoustic_entropy": 12.673215866088867,
          "acoustic_entropy_side": 12.909381866455078,
          "hz": 2261.9676141086993
        },
        {
          "acoustic_entropy": 12.993367195129395,
          "acoustic_entropy_side": 12.890240669250488,
          "hz": 2524.2759484456974
        },
        {
          "acoustic_entropy": 12.378074645996094,
          "acoustic_entropy_side": 12.705565452575684,
          "hz": 2809.813997359896
        },
        {
          "acoustic_entropy": 12.658127784729004,
          "acoustic_entropy_side": 12.59791374206543,
          "hz": 3120.6389567871424
        },
        {
          "acoustic_entropy": 12.629223823547363,
          "acoustic_entropy_side": 12.621227264404297,
          "hz": 3458.990205492291
        },
        {
          "acoustic_entropy": 12.659049034118652,
          "acoustic_entropy_side": 12.678852081298828,
          "hz": 3827.305438964164
        },
        {
          "acoustic_entropy": 12.679939270019531,
          "acoustic_entropy_side": 12.667388916015625,
          "hz": 4228.238232109126
        },
        {
          "acoustic_entropy": 12.486193656921387,
          "acoustic_entropy_side": 12.514721870422363,
          "hz": 4664.6771572759235
        },
        {
          "acoustic_entropy": 12.309656143188477,
          "acoustic_entropy_side": 12.543374061584473,
          "hz": 5139.766595350093
        },
        {
          "acoustic_entropy": 12.29092788696289,
          "acoustic_entropy_side": 12.546948432922363,
          "hz": 5656.929389854203
        },
        {
          "acoustic_entropy": 12.282652854919434,
          "acoustic_entropy_side": 12.525917053222656,
          "hz": 6219.891507268283
        },
        {
          "acoustic_entropy": 12.559832572937012,
          "acoustic_entropy_side": 12.635004997253418,
          "hz": 6832.70888123896
        },
        {
          "acoustic_entropy": 12.657011985778809,
          "acoustic_entropy_side": 12.676092147827148,
          "hz": 7499.796634079867
        },
        {
          "acoustic_entropy": 12.647948265075684,
          "acoustic_entropy_side": 12.687032699584961,
          "hz": 8225.96088609342
        },
        {
          "acoustic_entropy": 12.630666732788086,
          "acoustic_entropy_side": 12.69559383392334,
          "hz": 9016.43338188839
        },
        {
          "acoustic_entropy": 12.503649711608887,
          "acoustic_entropy_side": 12.663670539855957,
          "hz": 9876.909183162974
        },
        {
          "acoustic_entropy": 12.4985990524292,
          "acoustic_entropy_side": 12.63610553741455,
          "hz": 10813.587699516042
        },
        {
          "acoustic_entropy": 12.548270225524902,
          "acoustic_entropy_side": 12.64887809753418,
          "hz": 11833.21735289826
        },
        {
          "acoustic_entropy": 12.652787208557129,
          "acoustic_entropy_side": 12.665779113769531,
          "hz": 12943.144197493959
        },
        {
          "acoustic_entropy": 12.68661880493164,
          "acoustic_entropy_side": 12.674711227416992,
          "hz": 14151.364845322005
        },
        {
          "acoustic_entropy": 12.692343711853027,
          "acoustic_entropy_side": 12.682551383972168,
          "hz": 15466.58407886509
        },
        {
          "acoustic_entropy": 12.705053329467773,
          "acoustic_entropy_side": 12.686121940612793,
          "hz": 16898.27756580493
        },
        {
          "acoustic_entropy": 12.692401885986328,
          "acoustic_entropy_side": 12.682937622070312,
          "hz": 18456.760127700032
        },
        {
          "acoustic_entropy": 12.682265281677246,
          "acoustic_entropy_side": 12.680782318115234,
          "hz": 20153.260054456492
        },
        {
          "acoustic_entropy": 12.680902481079102,
          "acoustic_entropy_side": 12.680843353271484,
          "hz": 22000.00000000001
        }
      ],
      "diff_acoustic_entropy": 8.916597366333008,
      "sn": 12
    },
    {
      "acoustic_entropy": 18.810144424438477,
      "acoustic_entropy_mono": 17.140914916992188,
      "band_eliminated_acoustic_entropies": [
        {
          "acoustic_entropy": 18.599788665771484,
          "acoustic_entropy_side": 18.77187156677246,
          "hz": 129.47220167065723
        },
        {
          "acoustic_entropy": 19.784381866455078,
          "acoustic_entropy_side": 18.678970336914062,
          "hz": 202.92927478742237
        },
        {
          "acoustic_entropy": 19.66154670715332,
          "acoustic_entropy_side": 18.70029640197754,
          "hz": 282.89161906338205
        },
        {
          "acoustic_entropy": 18.820287704467773,
          "acoustic_entropy_side": 18.911928176879883,
          "hz": 369.9353335868758
        },
        {
          "acoustic_entropy": 18.166078567504883,
          "acoustic_entropy_side": 18.509952545166016,
          "hz": 464.6875360973435
        },
        {
          "acoustic_entropy": 19.03969383239746,
          "acoustic_entropy_side": 19.036914825439453,
          "hz": 567.8308811364784
        },
        {
          "acoustic_entropy": 18.14581298828125,
          "acoustic_entropy_side": 19.115568161010742,
          "hz": 680.1084783214808
        },
        {
          "acoustic_entropy": 19.507410049438477,
          "acoustic_entropy_side": 18.989980697631836,
          "hz": 802.3292461747484
        },
        {
          "acoustic_entropy": 19.6441650390625,
          "acoustic_entropy_side": 19.05951499938965,
          "hz": 935.3737400823702
        },
        {
          "acoustic_entropy": 19.752620697021484,
          "acoustic_entropy_side": 19.33053207397461,
          "hz": 1080.2004963696966
        },
        {
          "acoustic_entropy": 19.339923858642578,
          "acoustic_entropy_side": 19.458755493164062,
          "hz": 1237.8529382007157
        },
        {
          "acoustic_entropy": 19.246212005615234,
          "acoustic_entropy_side": 19.25664520263672,
          "hz": 1409.4668930556702
        },
        {
          "acoustic_entropy": 18.81187629699707,
          "acoustic_entropy_side": 18.68695640563965,
          "hz": 1596.2787759475705
        },
        {
          "acoustic_entropy": 19.29586410522461,
          "acoustic_entropy_side": 18.981584548950195,
          "hz": 1799.6344973346393
        },
        {
          "acoustic_entropy": 19.360864639282227,
          "acoustic_entropy_side": 18.876127243041992,
          "hz": 2020.9991599069049
        },
        {
          "acoustic_entropy": 18.773719787597656,
          "acoustic_entropy_side": 18.335641860961914,
          "hz": 2261.9676141086993
        },
        {
          "acoustic_entropy": 18.717262268066406,
          "acoustic_entropy_side": 19.45480728149414,
          "hz": 2524.2759484456974
        },
        {
          "acoustic_entropy": 18.92535972595215,
          "acoustic_entropy_side": 19.17013168334961,
          "hz": 2809.813997359896
        },
        {
