{
  "acoustic_entropy": 113.52202606201172,
  "bands": [
    {
      "high_freq": 148.1999969482422,
      "loudness": -61.1925048828125,
      "loudness_range": 29.84804916381836,
      "mid_mean": -58.335262298583984,
      "mid_to_side_loudness": -24.475814819335938,
      "mid_to_side_loudness_range": 20.0782527923584,
      "side_mean": -69.55438995361328
    },
    {
      "high_freq": 392.3793640136719,
      "loudness": -40.04326629638672,
      "loudness_range": 17.4444580078125,
      "low_freq": 148.1999969482422,
      "mid_mean": -38.55024337768555,
      "mid_to_side_loudness": -26.616008758544922,
      "mid_to_side_loudness_range": 27.255468368530273,
      "side_mean": -66.7882308959961
    },
    {
      "high_freq": 794.6976318359375,
      "loudness": -45.0499153137207,
      "loudness_range": 23.320465087890625,
      "low_freq": 392.3793640136719,
      "mid_mean": -52.617835998535156,
      "mid_to_side_loudness": -25.69558334350586,
      "mid_to_side_loudness_range": 30.167407989501953,
      "side_mean": -68.11066436767578
    },
    {
      "high_freq": 1457.5709228515625,
      "loudness": -48.69304275512695,
      "loudness_range": 25.064189910888672,
      "low_freq": 794.6976318359375,
      "mid_mean": -56.01024627685547,
      "mid_to_side_loudness": -23.366012573242188,
      "mid_to_side_loudness_range": 30.56298828125,
      "side_mean": -68.66630554199219
    },
    {
      "high_freq": 2549.74365234375,
      "loudness": -50.6032829284668,
      "loudness_range": 25.673458099365234,
      "low_freq": 1457.5709228515625,
      "mid_mean": -56.7237548828125,
      "mid_to_side_loudness": -20.661890029907227,
      "mid_to_side_loudness_range": 27.452228546142578,
      "side_mean": -68.50223541259766
    },
    {
      "high_freq": 4349.24462890625,
      "loudness": -49.12602996826172,
      "loudness_range": 21.946590423583984,
      "low_freq": 2549.74365234375,
      "mid_mean": -55.368343353271484,
      "mid_to_side_loudness": -19.27909278869629,
      "mid_to_side_loudness_range": 25.983354568481445,
      "side_mean": -67.66703796386719
    },
    {
      "high_freq": 7314.1640625,
      "loudness": -61.868812561035156,
      "loudness_range": 24.871070861816406,
      "low_freq": 4349.24462890625,
      "mid_mean": -62.34567642211914,
      "mid_to_side_loudness": -16.10360336303711,
      "mid_to_side_loudness_range": 22.728775024414062,
      "side_mean": -69.28199768066406
    },
    {
      "high_freq": 12199.2666015625,
      "loudness": -60.38996124267578,
      "loudness_range": 23.28665542602539,
      "low_freq": 7314.1640625,
      "mid_mean": -61.6917839050293,
      "mid_to_side_loudness": -14.366508483886719,
      "mid_to_side_loudness_range": 21.32965850830078,
      "side_mean": -68.82527923583984
    },
    {
      "loudness": -75.42884826660156,
      "loudness_range": 19.87297821044922,
      "low_freq": 12199.2666015625,
      "mid_mean": -67.89913940429688,
      "mid_to_side_loudness": -8.388716697692871,
      "mid_to_side_loudness_range": 13.513489723205566,
      "side_mean": -69.75154876708984
    }
  ],
  "bands_short": [
    {
      "high_freq": 148.1999969482422,
      "loudness": -68.77828216552734,
      "loudness_range": 28.237918853759766,
      "mid_mean": -63.306129455566406,
      "mid_to_side_loudness": -22.748241424560547,
      "mid_to_side_loudness_range": 19.94304084777832,
      "side_mean": -69.8505859375
    },
    {
      "high_freq": 392.3793640136719,
      "loudness": -41.59878158569336,
      "loudness_range": 24.8546142578125,
      "low_freq": 148.1999969482422,
      "mid_mean": -53.744781494140625,
      "mid_to_side_loudness": -26.65526008605957,
      "mid_to_side_loudness_range": 26.880964279174805,
      "side_mean": -67.75225830078125
    },
    {
      "high_freq": 794.6976318359375,
      "loudness": -46.1934928894043,
      "loudness_range": 30.668746948242188,
      "low_freq": 392.3793640136719,
      "mid_mean": -56.919063568115234,
      "mid_to_side_loudness": -24.889131546020508,
      "mid_to_side_loudness_range": 29.44886016845703,
      "side_mean": -68.41079711914062
    },
    {
      "high_freq": 1457.5709228515625,
      "loudness": -51.72356414794922,
      "loudness_range": 33.660945892333984,
      "low_freq": 794.6976318359375,
      "mid_mean": -60.33005142211914,
      "mid_to_side_loudness": -21.79636573791504,
      "mid_to_side_loudness_range": 29.350479125976562,
      "side_mean": -68.96959686279297
    },
    {
      "high_freq": 2549.74365234375,
      "loudness": -53.20991516113281,
      "loudness_range": 31.51940155029297,
      "low_freq": 1457.5709228515625,
      "mid_mean": -60.82485580444336,
      "mid_to_side_loudness": -18.962167739868164,
      "mid_to_side_loudness_range": 26.819835662841797,
      "side_mean": -68.94503021240234
    },
    {
      "high_freq": 4349.24462890625,
      "loudness": -51.56459045410156,
      "loudness_range": 30.27701187133789,
      "low_freq": 2549.74365234375,
      "mid_mean": -59.471805572509766,
      "mid_to_side_loudness": -17.715238571166992,
      "mid_to_side_loudness_range": 25.007354736328125,
      "side_mean": -68.25711059570312
    },
    {
      "high_freq": 7314.1640625,
      "loudness": -64.06563568115234,
      "loudness_range": 29.448959350585938,
      "low_freq": 4349.24462890625,
      "mid_mean": -65.02766418457031,
      "mid_to_side_loudness": -14.433201789855957,
      "mid_to_side_loudness_range": 21.64892578125,
      "side_mean": -69.48158264160156
    },
    {
      "high_freq": 12199.2666015625,
      "loudness": -62.319915771484375,
      "loudness_range": 28.257858276367188,
      "low_freq": 7314.1640625,
      "mid_mean": -64.22557067871094,
      "mid_to_side_loudness": -12.919781684875488,
      "mid_to_side_loudness_range": 20.16193199157715,
      "side_mean": -69.14947509765625
    },
    {
      "loudness": -75.78931427001953,
      "loudness_range": 21.15850830078125,
      "low_freq": 12199.2666015625,
      "mid_mean": -68.4375991821289,
      "mid_to_side_loudness": -7.133896827697754,
      "mid_to_side_loudness_range": 12.719121932983398,
      "side_mean": -69.7691421508789
    }
  ],
  "bandwidth": 613.1639404296875,
  "channels": 2,
  "covariance": [
    [
      102.12760925292969,
      5.126701831817627,
      17.1013240814209,
      13.351517677307129,
      96.96369934082031,
      8.310961723327637,
      76.12586212158203,
      6.324368953704834,
      91.4927978515625,
      12.627540588378906,
      96.79621887207031,
      17.477081298828125,
      48.19051742553711,
      4.692910671234131,
      56.18244934082031,
      8.371909141540527,
      12.619699478149414,
      1.3181284666061401
    ],
    [
      5.126701831817627,
      0.863211989402771,
      1.2896997928619385,
      1.3382172584533691,
      3.888439416885376,
      0.4203808605670929,
      2.3245911598205566,
      0.09184923022985458,
      4.1561079025268555,
      0.697665274143219,
      4.540872573852539,
      0.9553312063217163,
      2.3382833003997803,
      0.28572142124176025,
      2.5812265872955322,
      0.5316717028617859,
      0.542350709438324,
      0.07000959664583206
    ],
    [
      17.1013240814209,
      1.2896997928619385,
      91.60111236572266,
      25.441293716430664,
      80.47502899169922,
      15.547146797180176,
      79.01434326171875,
      10.68431568145752,
      62.21689987182617,
      9.557474136352539,
      63.159908294677734,
      14.46070671081543,
      23.40549087524414,
      0.49634450674057007,
      27.365571975708008,
      2.36912202835083,
      5.119245529174805,
      0.364535391330719
    ],
    [
      13.351517677307129,
      1.3382172584533691,
      25.441293716430664,
      13.208800315856934,
      40.023738861083984,
      6.35024356842041,
      34.51791763305664,
      4.020318508148193,
      29.473703384399414,
      4.14703369140625,
      31.72871208190918,
      6.154180526733398,
      16.4970703125,
      1.3714593648910522,
      16.8245792388916,
      2.3417394161224365,
      3.981576442718506,
      0.38986319303512573
    ],
    [
      96.96369934082031,
      3.888439416885376,
      80.47502899169922,
      40.023738861083984,
      236.84388732910156,
      35.0492057800293,
      200.9497528076172,
      23.892742156982422,
      173.05270385742188,
      23.323814392089844,
      180.99378967285156,
      33.20807647705078,
      72.33113098144531,
      5.022031784057617,
      88.65908813476562,
      10.635496139526367,
      18.983474731445312,
      1.7394061088562012
    ],
    [
      8.310961723327637,
      0.4203808605670929,
      15.547146797180176,
      6.35024356842041,
      35.0492057800293,
      8.121479988098145,
      30.490032196044922,
      5.184685230255127,
      23.254920959472656,
      3.9371745586395264,
      22.657367706298828,
      4.932621002197266,
      7.341912746429443,
      0.25077834725379944,
      9.950379371643066,
      0.9395342469215393,
      1.958202838897705,
      0.1387164145708084
    ],
    [
      76.12586212158203,
      2.3245911598205566,
      79.01434326171875,
      34.51791763305664,
      200.9497528076172,
      30.490032196044922,
      195.296875,
      25.267059326171875,
      150.71360778808594,
      21.57566261291504,
      153.90679931640625,
      29.300796508789062,
      57.96405029296875,
      3.2046029567718506,
      72.83760070800781,
      7.724863529205322,
      15.830177307128906,
      1.3238675594329834
    ],
    [
      6.324368953704834,
      0.09184923022985458,
      10.68431568145752,
      4.020318508148193,
      23.892742156982422,
      5.184685230255127,
      25.267059326171875,
      4.920116424560547,
      17.701068878173828,
      3.1967620849609375,
      16.60157585144043,
      3.844722270965576,
      4.731307029724121,
      0.002021010732278228,
      6.910682678222656,
      0.46532565355300903,
      1.531506061553955,
      0.08861659467220306
    ],
    [
      91.4927978515625,
      4.1561079025268555,
      62.21689987182617,
      29.473703384399414,
      173.05270385742188,
      23.254920959472656,
      150.71360778808594,
      17.701068878173828,
      170.578369140625,
      25.801637649536133,
      166.59390258789062,
      34.108970642089844,
      72.00370025634766,
      6.149584770202637,
      88.39799499511719,
      11.739723205566406,
      19.992454528808594,
      1.9346683025360107
    ],
    [
      12.627540588378906,
      0.697665274143219,
      9.557474136352539,
      4.14703369140625,
      23.323814392089844,
      3.9371745586395264,
      21.57566261291504,
      3.1967620849609375,
      25.801637649536133,
      5.854617118835449,
      23.011451721191406,
      6.261652946472168,
      9.077723503112793,
      0.8200206756591797,
      12.113381385803223,
      1.8084224462509155,
      2.7803428173065186,
      0.2760983109474182
    ],
    [
      96.79621887207031,
      4.540872573852539,
      63.159908294677734,
      31.72871208190918,
      180.99378967285156,
      22.657367706298828,
      153.90679931640625,
      16.60157585144043,
      166.59390258789062,
      23.011451721191406,
      176.6332244873047,
      34.320980072021484,
      77.52870178222656,
      6.740240097045898,
      90.96639251708984,
      11.820222854614258,
      20.19317626953125,
      1.9749313592910767
    ],
    [
      17.477081298828125,
      0.9553312063217163,
      14.46070671081543,
      6.154180526733398,
      33.20807647705078,
      4.932621002197266,
      29.300796508789062,
      3.844722270965576,
      34.108970642089844,
      6.261652946472168,
      34.320980072021484,
      8.858819007873535,
      14.167048454284668,
      1.34872567653656,
      17.585309982299805,
      2.642493486404419,
      3.865290403366089,
      0.4037823975086212
    ],
    [
      48.19051742553711,
      2.3382833003997803,
      23.40549087524414,
      16.4970703125,
      72.33113098144531,
      7.341912746429443,
      57.96405029296875,
      4.731307029724121,
      72.00370025634766,
      9.077723503112793,
      77.52870178222656,
      14.167048454284668,
      67.85676574707031,
      9.511773109436035,
      66.69517517089844,
      13.260050773620605,
      20.528308868408203,
      2.290646553039551
    ],
    [
      4.692910671234131,
      0.28572142124176025,
      0.49634450674057007,
      1.3714593648910522,
      5.022031784057617,
      0.25077834725379944,
      3.2046029567718506,
      0.002021010732278228,
      6.149584770202637,
      0.8200206756591797,
      6.740240097045898,
      1.34872567653656,
      9.511773109436035,
      2.0181376934051514,
      8.641629219055176,
      2.45622181892395,
      3.303591728210449,
      0.43714290857315063
    ],
    [
      56.18244934082031,
      2.5812265872955322,
      27.365571975708008,
      16.8245792388916,
      88.65908813476562,
      9.950379371643066,
      72.83760070800781,
      6.910682678222656,
      88.39799499511719,
      12.113381385803223,
      90.96639251708984,
      17.585309982299805,
      66.69517517089844,
      8.641629219055176,
      72.44601440429688,
      13.972574234008789,
      21.202526092529297,
      2.352400541305542
    ],
    [
      8.371909141540527,
      0.5316717028617859,
      2.36912202835083,
      2.3417394161224365,
      10.635496139526367,
      0.9395342469215393,
      7.724863529205322,
      0.46532565355300903,
      11.739723205566406,
      1.8084224462509155,
      11.820222854614258,
      2.642493486404419,
      13.260050773620605,
      2.45622181892395,
      13.972574234008789,
      4.055855751037598,
      5.109811305999756,
      0.6738641858100891
    ],
    [
      12.619699478149414,
      0.542350709438324,
      5.119245529174805,
      3.981576442718506,
      18.983474731445312,
      1.958202838897705,
      15.830177307128906,
      1.531506061553955,
      19.992454528808594,
      2.7803428173065186,
      20.19317626953125,
      3.865290403366089,
      20.528308868408203,
      3.303591728210449,
      21.202526092529297,
      5.109811305999756,
      8.355154037475586,
      0.9587438106536865
    ],
    [
      1.3181284666061401,
      0.07000959664583206,
      0.364535391330719,
      0.38986319303512573,
      1.7394061088562012,
      0.1387164145708084,
      1.3238675594329834,
      0.08861659467220306,
      1.9346683025360107,
      0.2760983109474182,
      1.9749313592910767,
      0.4037823975086212,
      2.290646553039551,
      0.43714290857315063,
      2.352400541305542,
      0.6738641858100891,
      0.9587438106536865,
      0.12702356278896332
    ]
  ],
  "covariance_short": [
    [
      46.91222381591797,
      1.260054111480713,
      61.77783966064453,
      6.872893810272217,
      44.61164093017578,
      3.0144453048706055,
      28.20648193359375,
      2.036079168319702,
      37.41828155517578,
      4.185114860534668,
      38.69734191894531,
      6.2858076095581055,
      13.457823753356934,
      1.149399757385254,
      18.2326602935791,
      2.122925043106079,
      3.0227315425872803,
      0.3538365662097931
    ],
    [
      1.260054111480713,
      0.16537463665008545,
      1.8075013160705566,
      0.536493182182312,
      1.335600733757019,
      0.19261696934700012,
      0.6850607395172119,
      0.05818065628409386,
      1.1529979705810547,
      0.18848782777786255,
      1.0801074504852295,
      0.2202254682779312,
      0.3176601827144623,
      0.02377995103597641,
      0.4756530821323395,
      0.06793597340583801,
      0.06563771516084671,
      0.008138386532664299
    ],
    [
      61.77783966064453,
      1.8075013160705566,
      280.2172546386719,
      47.94424057006836,
      233.0524444580078,
      31.792530059814453,
      179.2867431640625,
      20.453227996826172,
      160.5395050048828,
      20.67215919494629,
      176.60585021972656,
      32.527854919433594,
      58.33331298828125,
      2.6560282707214355,
      74.5372085571289,
      7.018195629119873,
      12.049102783203125,
      1.080143928527832
    ],
    [
      6.872893810272217,
      0.536493182182312,
      47.94424057006836,
      13.057214736938477,
      36.70661544799805,
      5.676303386688232,
      28.035816192626953,
      3.0206828117370605,
      25.189233779907227,
      3.7035717964172363,
      27.497838973999023,
      5.536428451538086,
      9.502228736877441,
      0.29879963397979736,
      10.790916442871094,
      0.8400743007659912,
      1.1558424234390259,
      0.0655234158039093
    ],
    [
      44.61164093017578,
      1.335600733757019,
      233.0524444580078,
      36.70661544799805,
      235.529296875,
      39.59169006347656,
      185.44570922851562,
      25.047128677368164,
      152.60174560546875,
      21.587238311767578,
      165.63693237304688,
      32.37933349609375,
      47.514102935791016,
      0.9155727624893188,
      68.1089859008789,
      5.2906575202941895,
      10.271515846252441,
      0.6573333740234375
    ],
    [
      3.0144453048706055,
      0.19261696934700012,
      31.792530059814453,
      5.676303386688232,
      39.59169006347656,
      9.99178409576416,
      32.680294036865234,
      6.0164408683776855,
      23.58136558532715,
      4.0467352867126465,
      25.671594619750977,
      5.7201690673828125,
      7.388167381286621,
      0.020061802119016647,
      10.782849311828613,
      0.7735046744346619,
      1.6887620687484741,
      0.06829094141721725
    ],
    [
      28.20648193359375,
      0.6850607395172119,
      179.2867431640625,
      28.035816192626953,
      185.44570922851562,
      32.680294036865234,
      171.3740234375,
      26.218198776245117,
      121.31279754638672,
      17.49117660522461,
      132.09384155273438,
      26.040075302124023,
      37.928131103515625,
      0.6210448145866394,
      54.28361129760742,
      4.041587829589844,
      10.23259449005127,
      0.6593852043151855
    ],
    [
      2.036079168319702,
      0.05818065628409386,
      20.453227996826172,
      3.0206828117370605,
      25.047128677368164,
      6.0164408683776855,
      26.218198776245117,
      6.100135326385498,
      15.245746612548828,
      2.750976324081421,
      16.319795608520508,
      3.900270938873291,
      4.048792839050293,
      -0.0846477672457695,
      6.259726524353027,
      0.3466423451900482,
      1.3196665048599243,
      0.045131929218769073
    ],
    [
      37.41828155517578,
      1.1529979705810547,
      160.5395050048828,
      25.189233779907227,
      152.60174560546875,
      23.58136558532715,
      121.31279754638672,
      15.245746612548828,
      146.8931884765625,
      24.11113739013672,
      144.0179443359375,
      30.992368698120117,
      53.44199752807617,
      4.0015950202941895,
      69.27696990966797,
      8.809715270996094,
      13.744039535522461,
      1.5126862525939941
    ],
    [
      4.185114860534668,
      0.18848782777786255,
      20.67215919494629,
      3.7035717964172363,
      21.587238311767578,
      4.0467352867126465,
      17.49117660522461,
      2.750976324081421,
      24.11113739013672,
      6.207084655761719,
      21.270536422729492,
      6.3445210456848145,
      7.280774116516113,
      0.44785308837890625,
      9.87902545928955,
      1.3499571084976196,
      1.6913175582885742,
      0.16289755702018738
    ],
    [
      38.69734191894531,
      1.0801074504852295,
      176.60585021972656,
      27.497838973999023,
      165.63693237304688,
      25.671594619750977,
      132.09384155273438,
      16.319795608520508,
      144.0179443359375,
      21.270536422729492,
      165.11851501464844,
      34.56251907348633,
      67.1865005493164,
      6.556560516357422,
      82.61939239501953,
      11.802865982055664,
      17.721094131469727,
      2.1292200088500977
    ],
    [
      6.2858076095581055,
      0.2202254682779312,
      32.527854919433594,
      5.536428451538086,
      32.37933349609375,
      5.7201690673828125,
      26.040075302124023,
      3.900270938873291,
      30.992368698120117,
      6.3445210456848145,
      34.56251907348633,
      10.038612365722656,
      13.148972511291504,
      1.4322794675827026,
      16.636402130126953,
      2.7862470149993896,
      3.166217565536499,
      0.39169132709503174
    ],
    [
      13.457823753356934,
      0.3176601827144623,
      58.33331298828125,
      9.502228736877441,
      47.514102935791016,
      7.388167381286621,
      37.928131103515625,
      4.048792839050293,
      53.44199752807617,
      7.280774116516113,
      67.1865005493164,
      13.148972511291504,
      56.28118896484375,
      9.120704650878906,
      55.78485870361328,
      12.379422187805176,
      17.571487426757812,
      2.6752994060516357
    ],
    [
      1.149399757385254,
      0.02377995103597641,
      2.6560282707214355,
      0.29879963397979736,
      0.9155727624893188,
      0.020061802119016647,
      0.6210448145866394,
      -0.0846477672457695,
      4.0015950202941895,
      0.44785308837890625,
      6.556560516357422,
      1.4322794675827026,
      9.120704650878906,
      2.3860955238342285,
      8.355819702148438,
      2.800542116165161,
      3.3433122634887695,
      0.6262292861938477
    ],
    [
      18.2326602935791,
      0.4756530821323395,
      74.5372085571289,
      10.790916442871094,
      68.1089859008789,
      10.782849311828613,
      54.28361129760742,
      6.259726524353027,
      69.27696990966797,
      9.87902545928955,
      82.61939239501953,
      16.636402130126953,
      55.78485870361328,
      8.355819702148438,
      63.71133804321289,
      13.354686737060547,
      18.66452407836914,
      2.755807399749756
    ],
    [
      2.122925043106079,
      0.06793597340583801,
      7.018195629119873,
      0.8400743007659912,
      5.2906575202941895,
      0.7735046744346619,
      4.041587829589844,
      0.3466423451900482,
      8.809715270996094,
      1.3499571084976196,
      11.802865982055664,
      2.7862470149993896,
      12.379422187805176,
      2.800542116165161,
      13.354686737060547,
      4.353370666503906,
      4.94918155670166,
      0.9154027104377747
    ],
    [
      3.0227315425872803,
      0.06563771516084671,
      12.049102783203125,
      1.1558424234390259,
      10.271515846252441,
      1.6887620687484741,
      10.23259449005127,
      1.3196665048599243,
      13.744039535522461,
      1.6913175582885742,
      17.721094131469727,
      3.166217565536499,
      17.571487426757812,
      3.3433122634887695,
      18.66452407836914,
      4.94918155670166,
      8.12085247039795,
      1.2444411516189575
    ],
    [
      0.3538365662097931,
      0.008138386532664299,
      1.080143928527832,
      0.0655234158039093,
      0.6573333740234375,
      0.06829094141721725,
      0.6593852043151855,
      0.045131929218769073,
      1.5126862525939941,
      0.16289755702018738,
      2.1292200088500977,
      0.39169132709503174,
      2.6752994060516357,
      0.6262292861938477,
      2.755807399749756,
      0.9154027104377747,
      1.2444411516189575,
      0.23779697716236115
    ]
  ],
  "damage": -24.6804256439209,
  "diff_bandwidth": 615.3357543945312,
  "dissonance": 8.315975140512036,
  "drr": -22.571636199951172,
  "dynamics": 6.140629768371582,
  "format": 1245190,
  "frames": 1808100,
  "loudness": -32.826595306396484,
  "loudness_range": 16.383329391479492,
  "loudness_range_short": 25.58119773864746,
  "lowpass_true_peak_15khz": -10.969018936157227,
  "mastering3_acoustic_entropies": [
    {
      "acoustic_entropy": 6.25372838973999,
      "acoustic_entropy_mono": 6.253305912017822,
      "band_eliminated_acoustic_entropies": [
        {
          "acoustic_entropy": 6.252333164215088,
          "acoustic_entropy_side": 6.253728866577148,
          "hz": 129.47220167065723
        },
        {
          "acoustic_entropy": 6.277523040771484,
          "acoustic_entropy_side": 6.253726959228516,
          "hz": 202.92927478742237
        },
        {
          "acoustic_entropy": 6.515143394470215,
          "acoustic_entropy_side": 6.253717422485352,
          "hz": 282.89161906338205
        },
        {
          "acoustic_entropy": 6.8486175537109375,
          "acoustic_entropy_side": 6.254117012023926,
          "hz": 369.9353335868758
        },
        {
          "acoustic_entropy": 7.210566520690918,
          "acoustic_entropy_side": 6.253805637359619,
          "hz": 464.6875360973435
        },
        {
          "acoustic_entropy": 6.632640838623047,
          "acoustic_entropy_side": 6.253818035125732,
          "hz": 567.8308811364784
        },
        {
          "acoustic_entropy": 6.136776924133301,
          "acoustic_entropy_side": 6.253721714019775,
          "hz": 680.1084783214808
        },
        {
          "acoustic_entropy": 6.166870594024658,
          "acoustic_entropy_side": 6.253729820251465,
          "hz": 802.3292461747484
        },
        {
          "acoustic_entropy": 6.626121997833252,
          "acoustic_entropy_side": 6.253621578216553,
          "hz": 935.3737400823702
        },
        {
          "acoustic_entropy": 6.101809501647949,
          "acoustic_entropy_side": 6.25370454788208,
          "hz": 1080.2004963696966
        },
        {
          "acoustic_entropy": 6.165156841278076,
          "acoustic_entropy_side": 6.253727436065674,
          "hz": 1237.8529382007157
        },
        {
          "acoustic_entropy": 6.428536891937256,
          "acoustic_entropy_side": 6.253748893737793,
          "hz": 1409.4668930556702
        },
        {
          "acoustic_entropy": 6.4365763664245605,
          "acoustic_entropy_side": 6.253767013549805,
          "hz": 1596.2787759475705
        },
        {
          "acoustic_entropy": 6.6543450355529785,
          "acoustic_entropy_side": 6.253809452056885,
          "hz": 1799.6344973346393
        },
        {
          "acoustic_entropy": 6.561656951904297,
          "acoustic_entropy_side": 6.253779411315918,
          "hz": 2020.9991599069049
        },
        {
          "acoustic_entropy": 6.196515083312988,
          "acoustic_entropy_side": 6.2537336349487305,
          "hz": 2261.9676141086993
        },
        {
          "acoustic_entropy": 5.938541889190674,
          "acoustic_entropy_side": 6.253729343414307,
          "hz": 2524.2759484456974
        },
        {
          "acoustic_entropy": 6.151509761810303,
          "acoustic_entropy_side": 6.253815174102783,
          "hz": 2809.813997359896
        },
        {
          "acoustic_entropy": 6.311748027801514,
          "acoustic_entropy_side": 6.253848552703857,
          "hz": 3120.6389567871424
        },
        {
          "acoustic_entropy": 6.057488918304443,
          "acoustic_entropy_side": 6.2537336349487305,
          "hz": 3458.990205492291
        },
        {
          "acoustic_entropy": 6.196635723114014,
          "acoustic_entropy_side": 6.253599166870117,
          "hz": 3827.305438964164
        },
        {
          "acoustic_entropy": 6.208344459533691,
          "acoustic_entropy_side": 6.25358772277832,
          "hz": 4228.238232109126
        },
        {
          "acoustic_entropy": 6.281980514526367,
          "acoustic_entropy_side": 6.253697872161865,
          "hz": 4664.6771572759235
        },
        {
          "acoustic_entropy": 6.259097099304199,
          "acoustic_entropy_side": 6.253711700439453,
          "hz": 5139.766595350093
        },
        {
          "acoustic_entropy": 6.245593070983887,
          "acoustic_entropy_side": 6.253723621368408,
          "hz": 5656.929389854203
        },
        {
          "acoustic_entropy": 6.246405124664307,
          "acoustic_entropy_side": 6.2537336349487305,
          "hz": 6219.891507268283
        },
        {
          "acoustic_entropy": 6.232504367828369,
          "acoustic_entropy_side": 6.253746509552002,
          "hz": 6832.70888123896
        },
        {
          "acoustic_entropy": 6.214585304260254,
          "acoustic_entropy_side": 6.2537150382995605,
          "hz": 7499.796634079867
        },
        {
          "acoustic_entropy": 6.133378028869629,
          "acoustic_entropy_side": 6.2536492347717285,
          "hz": 8225.96088609342
        },
        {
          "acoustic_entropy": 6.088547229766846,
          "acoustic_entropy_side": 6.253439426422119,
          "hz": 9016.43338188839
        },
        {
          "acoustic_entropy": 5.999161720275879,
          "acoustic_entropy_side": 6.253362655639648,
          "hz": 9876.909183162974
        },
        {
          "acoustic_entropy": 6.16359806060791,
          "acoustic_entropy_side": 6.253568649291992,
          "hz": 10813.587699516042
        },
        {
          "acoustic_entropy": 6.225926876068115,
          "acoustic_entropy_side": 6.253688335418701,
          "hz": 11833.21735289826
        },
        {
          "acoustic_entropy": 6.244495391845703,
          "acoustic_entropy_side": 6.253720283508301,
          "hz": 12943.144197493959
        },
        {
          "acoustic_entropy": 6.250927925109863,
          "acoustic_entropy_side": 6.253727436065674,
          "hz": 14151.364845322005
        },
        {
          "acoustic_entropy": 6.253015041351318,
          "acoustic_entropy_side": 6.25372838973999,
          "hz": 15466.58407886509
        },
        {
          "acoustic_entropy": 6.253313064575195,
          "acoustic_entropy_side": 6.253727912902832,
          "hz": 16898.27756580493
        },
        {
          "acoustic_entropy": 6.253645896911621,
          "acoustic_entropy_side": 6.253727912902832,
          "hz": 18456.760127700032
        },
        {
          "acoustic_entropy": 6.253717422485352,
          "acoustic_entropy_side": 6.253727912902832,
          "hz": 20153.260054456492
        },
        {
          "acoustic_entropy": 6.253726959228516,
          "acoustic_entropy_side": 6.253727912902832,
          "hz": 22000.00000000001
        }
      ],
      "diff_acoustic_entropy": 7.527332782745361,
      "sn": 6
    },
    {
      "acoustic_entropy": 9.432075500488281,
      "acoustic_entropy_mono": 9.433104515075684,
      "band_eliminated_acoustic_entropies": [
        {
          "acoustic_entropy": 9.428236961364746,
          "acoustic_entropy_side": 9.432075500488281,
          "hz": 129.47220167065723
        },
        {
          "acoustic_entropy": 9.237944602966309,
          "acoustic_entropy_side": 9.4320707321167,
          "hz": 202.92927478742237
        },
        {
          "acoustic_entropy": 9.234343528747559,
          "acoustic_entropy_side": 9.431838035583496,
          "hz": 282.89161906338205
        },
        {
          "acoustic_entropy": 9.417755126953125,
          "acoustic_entropy_side": 9.435471534729004,
          "hz": 369.9353335868758
        },
        {
          "acoustic_entropy": 9.728658676147461,
          "acoustic_entropy_side": 9.43152904510498,
          "hz": 464.6875360973435
        },
        {
          "acoustic_entropy": 9.10099983215332,
          "acoustic_entropy_side": 9.432374000549316,
          "hz": 567.8308811364784
        },
        {
          "acoustic_entropy": 9.446303367614746,
          "acoustic_entropy_side": 9.43205451965332,
          "hz": 680.1084783214808
        },
        {
          "acoustic_entropy": 9.462347984313965,
          "acoustic_entropy_side": 9.431824684143066,
          "hz": 802.3292461747484
        },
        {
          "acoustic_entropy": 9.24034309387207,
          "acoustic_entropy_side": 9.42952823638916,
          "hz": 935.3737400823702
        },
        {
          "acoustic_entropy": 10.002228736877441,
          "acoustic_entropy_side": 9.432093620300293,
          "hz": 1080.2004963696966
        },
        {
          "acoustic_entropy": 9.328563690185547,
          "acoustic_entropy_side": 9.432104110717773,
          "hz": 1237.8529382007157
        },
        {
          "acoustic_entropy": 9.734443664550781,
          "acoustic_entropy_side": 9.431875228881836,
          "hz": 1409.4668930556702
        },
        {
          "acoustic_entropy": 9.123664855957031,
          "acoustic_entropy_side": 9.431275367736816,
          "hz": 1596.2787759475705
        },
        {
          "acoustic_entropy": 9.373290061950684,
          "acoustic_entropy_side": 9.431992530822754,
          "hz": 1799.6344973346393
        },
        {
          "acoustic_entropy": 9.83198356628418,
          "acoustic_entropy_side": 9.43265438079834,
          "hz": 2020.9991599069049
        },
        {
          "acoustic_entropy": 9.411323547363281,
          "acoustic_entropy_side": 9.432225227355957,
          "hz": 2261.9676141086993
        },
        {
          "acoustic_entropy": 9.31999397277832,
          "acoustic_entropy_side": 9.432244300842285,
          "hz": 2524.2759484456974
        },
        {
          "acoustic_entropy": 9.397184371948242,
          "acoustic_entropy_side": 9.432104110717773,
          "hz": 2809.813997359896
        },
        {
          "acoustic_entropy": 9.506637573242188,
          "acoustic_entropy_side": 9.432363510131836,
          "hz": 3120.6389567871424
        },
        {
          "acoustic_entropy": 9.422013282775879,
          "acoustic_entropy_side": 9.432165145874023,
          "hz": 3458.990205492291
        },
        {
          "acoustic_entropy": 9.51247787475586,
          "acoustic_entropy_side": 9.432558059692383,
          "hz": 3827.305438964164
        },
        {
          "acoustic_entropy": 9.383099555969238,
          "acoustic_entropy_side": 9.432600021362305,
          "hz": 4228.238232109126
        },
        {
          "acoustic_entropy": 9.217292785644531,
          "acoustic_entropy_side": 9.432120323181152,
          "hz": 4664.6771572759235
        },
        {
          "acoustic_entropy": 9.328206062316895,
          "acoustic_entropy_side": 9.432084083557129,
          "hz": 5139.766595350093
        },
        {
          "acoustic_entropy": 9.399551391601562,
          "acoustic_entropy_side": 9.432104110717773,
          "hz": 5656.929389854203
        },
        {
          "acoustic_entropy": 9.529318809509277,
          "acoustic_entropy_side": 9.432393074035645,
          "hz": 6219.891507268283
        },
        {
          "acoustic_entropy": 9.615934371948242,
          "acoustic_entropy_side": 9.43298053741455,
          "hz": 6832.70888123896
        },
        {
          "acoustic_entropy": 9.531133651733398,
          "acoustic_entropy_side": 9.432546615600586,
          "hz": 7499.796634079867
        },
        {
          "acoustic_entropy": 9.435036659240723,
          "acoustic_entropy_side": 9.432181358337402,
          "hz": 8225.96088609342
        },
        {
          "acoustic_entropy": 9.452230453491211,
          "acoustic_entropy_side": 9.431797981262207,
          "hz": 9016.43338188839
        },
        {
          "acoustic_entropy": 9.406880378723145,
          "acoustic_entropy_side": 9.432656288146973,
          "hz": 9876.909183162974
        },
        {
          "acoustic_entropy": 9.487751960754395,
          "acoustic_entropy_side": 9.432353973388672,
          "hz": 10813.587699516042
        },
        {
          "acoustic_entropy": 9.461180686950684,
          "acoustic_entropy_side": 9.432266235351562,
          "hz": 11833.21735289826
        },
        {
          "acoustic_entropy": 9.452156066894531,
          "acoustic_entropy_side": 9.43209457397461,
          "hz": 12943.144197493959
        },
        {
          "acoustic_entropy": 9.442914962768555,
          "acoustic_entropy_side": 9.432085037231445,
          "hz": 14151.364845322005
        },
        {
          "acoustic_entropy": 9.435025215148926,
          "acoustic_entropy_side": 9.432083129882812,
          "hz": 15466.58407886509
        },
        {
          "acoustic_entropy": 9.434693336486816,
          "acoustic_entropy_side": 9.43208122253418,
          "hz": 16898.27756580493
        },
        {
          "acoustic_entropy": 9.433088302612305,
          "acoustic_entropy_side": 9.432079315185547,
          "hz": 18456.760127700032
        },
        {
          "acoustic_entropy": 9.432221412658691,
          "acoustic_entropy_side": 9.432077407836914,
          "hz": 20153.260054456492
        },
        {
          "acoustic_entropy": 9.432085990905762,
          "acoustic_entropy_side": 9.432076454162598,
          "hz": 22000.00000000001
        }
      ],
      "diff_acoustic_entropy": 10.964927673339844,
      "sn": 12
    },
    {
      "acoustic_entropy": 13.840038299560547,
      "acoustic_entropy_mono": 14.116973876953125,
      "band_eliminated_acoustic_entropies": [
        {
          "acoustic_entropy": 13.91537857055664,
          "acoustic_entropy_side": 13.839993476867676,
          "hz": 129.47220167065723
        },
        {
          "acoustic_entropy": 13.254960060119629,
          "acoustic_entropy_side": 13.837794303894043,
          "hz": 202.92927478742237
        },
        {
          "acoustic_entropy": 14.791637420654297,
          "acoustic_entropy_side": 13.81286907196045,
          "hz": 282.89161906338205
        },
        {
          "acoustic_entropy": 13.12988567352295,
          "acoustic_entropy_side": 13.893610000610352,
          "hz": 369.9353335868758
        },
        {
          "acoustic_entropy": 13.622420310974121,
          "acoustic_entropy_side": 13.932622909545898,
          "hz": 464.6875360973435
        },
        {
          "acoustic_entropy": 13.613628387451172,
          "acoustic_entropy_side": 13.87996768951416,
          "hz": 567.8308811364784
        },
        {
          "acoustic_entropy": 13.675177574157715,
          "acoustic_entropy_side": 13.842589378356934,
          "hz": 680.1084783214808
        },
        {
          "acoustic_entropy": 13.56041431427002,
          "acoustic_entropy_side": 13.86612606048584,
          "hz": 802.3292461747484
        },
        {
          "acoustic_entropy": 13.900042533874512,
          "acoustic_entropy_side": 13.915749549865723,
          "hz": 935.3737400823702
        },
        {
          "acoustic_entropy": 14.150450706481934,
          "acoustic_entropy_side": 13.853515625,
          "hz": 1080.2004963696966
        },
        {
          "acoustic_entropy": 13.350403785705566,
          "acoustic_entropy_side": 13.844353675842285,
          "hz": 1237.8529382007157
        },
        {
          "acoustic_entropy": 14.151074409484863,
          "acoustic_entropy_side": 13.85405158996582,
          "hz": 1409.4668930556702
        },
        {
          "acoustic_entropy": 13.22765064239502,
          "acoustic_entropy_side": 13.831009864807129,
          "hz": 1596.2787759475705
        },
        {
          "acoustic_entropy": 13.443354606628418,
          "acoustic_entropy_side": 13.86068344116211,
          "hz": 1799.6344973346393
        },
        {
          "acoustic_entropy": 13.827167510986328,
          "acoustic_entropy_side": 13.866610527038574,
          "hz": 2020.9991599069049
        },
        {
          "acoustic_entropy": 13.587953567504883,
          "acoustic_entropy_side": 13.847647666931152,
          "hz": 2261.9676141086993
        },
        {
          "acoustic_entropy": 14.09451675415039,
          "acoustic_entropy_side": 13.86356258392334,
          "hz": 2524.2759484456974
        },
        {
          "acoustic_entropy": 13.91092586517334,
          "acoustic_entropy_side": 13.869564056396484,
          "hz": 2809.813997359896
        },
        {
          "acoustic_entropy": 13.801959037780762,
          "acoustic_entropy_side": 13.812456130981445,
