{
  "acoustic_entropy": 197.66375732421875,
  "bands": [
    {
      "high_freq": 148.1999969482422,
      "loudness": -21.186668395996094,
      "loudness_range": 17.53670883178711,
      "mid_mean": -17.547218322753906,
      "mid_to_side_loudness": -25.312271118164062,
      "mid_to_side_loudness_range": 22.07596206665039,
      "side_mean": -42.77857208251953
    },
    {
      "high_freq": 392.3793640136719,
      "loudness": -20.106008529663086,
      "loudness_range": 10.003364562988281,
      "low_freq": 148.1999969482422,
      "mid_mean": -16.678621292114258,
      "mid_to_side_loudness": -17.89838981628418,
      "mid_to_side_loudness_range": 27.548688888549805,
      "side_mean": -33.937923431396484
    },
    {
      "high_freq": 794.6976318359375,
      "loudness": -24.4892520904541,
      "loudness_range": 17.687650680541992,
      "low_freq": 392.3793640136719,
      "mid_mean": -21.396028518676758,
      "mid_to_side_loudness": -12.982403755187988,
      "mid_to_side_loudness_range": 24.593868255615234,
      "side_mean": -33.1621208190918
    },
    {
      "high_freq": 1457.5709228515625,
      "loudness": -25.99819564819336,
      "loudness_range": 20.379425048828125,
      "low_freq": 794.6976318359375,
      "mid_mean": -22.81406593322754,
      "mid_to_side_loudness": -13.697114944458008,
      "mid_to_side_loudness_range": 24.729299545288086,
      "side_mean": -34.53947448730469
    },
    {
      "high_freq": 2549.74365234375,
      "loudness": -28.008419036865234,
      "loudness_range": 22.7370548248291,
      "low_freq": 1457.5709228515625,
      "mid_mean": -25.119054794311523,
      "mid_to_side_loudness": -10.8631010055542,
      "mid_to_side_loudness_range": 21.519834518432617,
      "side_mean": -33.320735931396484
    },
    {
      "high_freq": 4349.24462890625,
      "loudness": -30.094348907470703,
      "loudness_range": 21.3985652923584,
      "low_freq": 2549.74365234375,
      "mid_mean": -26.96992301940918,
      "mid_to_side_loudness": -13.705690383911133,
      "mid_to_side_loudness_range": 24.155614852905273,
      "side_mean": -37.52882385253906
    },
    {
      "high_freq": 7314.1640625,
      "loudness": -33.69542694091797,
      "loudness_range": 18.185163497924805,
      "low_freq": 4349.24462890625,
      "mid_mean": -30.316232681274414,
      "mid_to_side_loudness": -13.908353805541992,
      "mid_to_side_loudness_range": 17.250139236450195,
      "side_mean": -44.43752670288086
    },
    {
      "high_freq": 12199.2666015625,
      "loudness": -35.79693603515625,
      "loudness_range": 17.683732986450195,
      "low_freq": 7314.1640625,
      "mid_mean": -32.27313995361328,
      "mid_to_side_loudness": -17.150346755981445,
      "mid_to_side_loudness_range": 20.561141967773438,
      "side_mean": -50.347042083740234
    },
    {
      "loudness": -41.52226638793945,
      "loudness_range": 14.441360473632812,
      "low_freq": 12199.2666015625,
      "mid_mean": -38.04831314086914,
      "mid_to_side_loudness": -15.310810089111328,
      "mid_to_side_loudness_range": 16.75414276123047,
      "side_mean": -54.04419708251953
    }
  ],
  "bands_short": [
    {
      "high_freq": 148.1999969482422,
      "loudness": -26.78221893310547,
      "loudness_range": 25.916839599609375,
      "mid_mean": -23.251296997070312,
      "mid_to_side_loudness": -25.70956802368164,
      "mid_to_side_loudness_range": 24.822242736816406,
      "side_mean": -49.46009063720703
    },
    {
      "high_freq": 392.3793640136719,
      "loudness": -18.37649917602539,
      "loudness_range": 11.243470191955566,
      "low_freq": 148.1999969482422,
      "mid_mean": -14.901987075805664,
      "mid_to_side_loudness": -19.03742027282715,
      "mid_to_side_loudness_range": 27.58538246154785,
      "side_mean": -33.78567123413086
    },
    {
      "high_freq": 794.6976318359375,
      "loudness": -24.759918212890625,
      "loudness_range": 18.958023071289062,
      "low_freq": 392.3793640136719,
      "mid_mean": -21.827434539794922,
      "mid_to_side_loudness": -12.445082664489746,
      "mid_to_side_loudness_range": 25.47957420349121,
      "side_mean": -33.712257385253906
    },
    {
      "high_freq": 1457.5709228515625,
      "loudness": -26.190940856933594,
      "loudness_range": 21.93886947631836,
      "low_freq": 794.6976318359375,
      "mid_mean": -23.166465759277344,
      "mid_to_side_loudness": -12.386063575744629,
      "mid_to_side_loudness_range": 25.061870574951172,
      "side_mean": -34.57078552246094
    },
    {
      "high_freq": 2549.74365234375,
      "loudness": -28.386075973510742,
      "loudness_range": 24.26921844482422,
      "low_freq": 1457.5709228515625,
      "mid_mean": -25.66036033630371,
      "mid_to_side_loudness": -10.03276538848877,
      "mid_to_side_loudness_range": 21.28792381286621,
      "side_mean": -33.752498626708984
    },
    {
      "high_freq": 4349.24462890625,
      "loudness": -30.605093002319336,
      "loudness_range": 24.17453384399414,
      "low_freq": 2549.74365234375,
      "mid_mean": -27.706066131591797,
      "mid_to_side_loudness": -11.95485782623291,
      "mid_to_side_loudness_range": 22.977962493896484,
      "side_mean": -37.7999267578125
    },
    {
      "high_freq": 7314.1640625,
      "loudness": -34.98537063598633,
      "loudness_range": 22.38979148864746,
      "low_freq": 4349.24462890625,
      "mid_mean": -31.802387237548828,
      "mid_to_side_loudness": -12.655628204345703,
      "mid_to_side_loudness_range": 18.319673538208008,
      "side_mean": -44.112815856933594
    },
    {
      "high_freq": 12199.2666015625,
      "loudness": -37.65607833862305,
      "loudness_range": 24.46530532836914,
      "low_freq": 7314.1640625,
      "mid_mean": -34.36782455444336,
      "mid_to_side_loudness": -15.24395751953125,
      "mid_to_side_loudness_range": 22.748083114624023,
      "side_mean": -52.9453010559082
    },
    {
      "loudness": -45.631858825683594,
      "loudness_range": 26.445999145507812,
      "low_freq": 12199.2666015625,
      "mid_mean": -42.826900482177734,
      "mid_to_side_loudness": -14.751507759094238,
      "mid_to_side_loudness_range": 21.44959259033203,
      "side_mean": -58.93928146362305
    }
  ],
  "bandwidth": 508.8147277832031,
  "channels": 2,
  "covariance": [
    [
      43.59521484375,
      49.748470306396484,
      14.105680465698242,
      48.48691177368164,
      21.595623016357422,
      46.2759895324707,
      25.013444900512695,
      42.123451232910156,
      32.515499114990234,
      47.86619186401367,
      29.56450653076172,
      43.2752685546875,
      18.0836238861084,
      40.396820068359375,
      16.45492172241211,
      42.28567123413086,
      7.395582675933838,
      28.29597282409668
    ],
    [
      49.748470306396484,
      102.79743194580078,
      16.849449157714844,
      91.52704620361328,
      34.49418640136719,
      86.3157730102539,
      38.262638092041016,
      76.1994857788086,
      54.10685729980469,
      85.02960968017578,
      47.69420623779297,
      76.3092041015625,
      29.461177825927734,
      68.4631118774414,
      29.69795799255371,
      67.62384033203125,
      15.599413871765137,
      42.54705047607422
    ],
    [
      14.105680465698242,
      16.849449157714844,
      17.05497169494629,
      17.36786651611328,
      15.523900032043457,
      16.560157775878906,
      15.723124504089355,
      16.21839714050293,
      19.162691116333008,
      20.090749740600586,
      16.884023666381836,
      17.822786331176758,
      11.75680160522461,
      18.16064453125,
      11.198229789733887,
      18.10340690612793,
      5.555379390716553,
      12.023101806640625
    ],
    [
      48.48691177368164,
      91.52704620361328,
      17.36786651611328,
      112.28262329101562,
      35.958152770996094,
      99.69303894042969,
      42.957096099853516,
      89.90541076660156,
      61.32994842529297,
      100.95320892333984,
      55.6949462890625,
      92.5681381225586,
      36.85002899169922,
      79.41700744628906,
      34.99222946166992,
      78.8381576538086,
      20.402164459228516,
      51.443870544433594
    ],
    [
      21.595623016357422,
      34.49418640136719,
      15.523900032043457,
      35.958152770996094,
      39.303035736083984,
      38.923343658447266,
      34.7672119140625,
      34.786067962646484,
      38.208065032958984,
      41.4228515625,
      35.4960823059082,
      34.92828369140625,
      22.66850471496582,
      36.546592712402344,
      22.34885597229004,
      33.79767608642578,
      13.786675453186035,
      22.768512725830078
    ],
    [
      46.2759895324707,
      86.3157730102539,
      16.560157775878906,
      99.69303894042969,
      38.923343658447266,
      120.02003479003906,
      43.817203521728516,
      96.81838989257812,
      62.7541389465332,
      106.65791320800781,
      57.12273406982422,
      98.94029998779297,
      38.0194091796875,
      84.110107421875,
      34.85725021362305,
      82.38573455810547,
      20.061790466308594,
      54.40070343017578
    ],
    [
      25.013444900512695,
      38.262638092041016,
      15.723124504089355,
      42.957096099853516,
      34.7672119140625,
      43.817203521728516,
      49.78322219848633,
      42.09323501586914,
      41.41120147705078,
      51.2053108215332,
      40.435272216796875,
      44.535179138183594,
      24.888671875,
      43.11067199707031,
      22.90361976623535,
      41.613121032714844,
      14.596348762512207,
      28.895795822143555
    ],
    [
      42.123451232910156,
      76.1994857788086,
      16.21839714050293,
      89.90541076660156,
      34.786067962646484,
      96.81838989257812,
      42.09323501586914,
      106.2596435546875,
      61.200496673583984,
      100.59869384765625,
      55.9515495300293,
      94.69781494140625,
      38.073909759521484,
      81.5281982421875,
      33.552642822265625,
      78.06732177734375,
      19.944259643554688,
      52.96955108642578
    ],
    [
      32.515499114990234,
      54.10685729980469,
      19.162691116333008,
      61.32994842529297,
      38.208065032958984,
      62.7541389465332,
      41.41120147705078,
      61.200496673583984,
      66.35430908203125,
      70.01737213134766,
      56.03497314453125,
      61.19914245605469,
      36.65119171142578,
      60.75212860107422,
      35.973941802978516,
      56.63603973388672,
      23.288881301879883,
      38.817115783691406
    ],
    [
      47.86619186401367,
      85.02960968017578,
      20.090749740600586,
      100.95320892333984,
      41.4228515625,
      106.65791320800781,
      51.2053108215332,
      100.59869384765625,
      70.01737213134766,
      137.63096618652344,
      60.60509490966797,
      112.79414367675781,
      40.33641815185547,
      87.85303497314453,
      37.724830627441406,
      89.23027038574219,
      20.112031936645508,
      59.32957077026367
    ],
    [
      29.56450653076172,
      47.69420623779297,
      16.884023666381836,
      55.6949462890625,
      35.4960823059082,
      57.12273406982422,
      40.435272216796875,
      55.9515495300293,
      56.03497314453125,
      60.60509490966797,
      61.7624626159668,
      55.037757873535156,
      38.31787109375,
      56.39303970336914,
      36.02456283569336,
      52.93623352050781,
      23.590778350830078,
      35.68391418457031
    ],
    [
      43.2752685546875,
      76.3092041015625,
      17.822786331176758,
      92.5681381225586,
      34.92828369140625,
      98.94029998779297,
      44.535179138183594,
      94.69781494140625,
      61.19914245605469,
      112.79414367675781,
      55.037757873535156,
      126.15154266357422,
      39.76654052734375,
      88.8871078491211,
      33.137718200683594,
      88.05428314208984,
      19.437397003173828,
      59.269256591796875
    ],
    [
      18.0836238861084,
      29.461177825927734,
      11.75680160522461,
      36.85002899169922,
      22.66850471496582,
      38.0194091796875,
      24.888671875,
      38.073909759521484,
      36.65119171142578,
      40.33641815185547,
      38.31787109375,
      39.76654052734375,
      39.112144470214844,
      44.68458938598633,
      32.63016891479492,
      41.304561614990234,
      23.350727081298828,
      29.56072998046875
    ],
    [
      40.396820068359375,
      68.4631118774414,
      18.16064453125,
      79.41700744628906,
      36.546592712402344,
      84.110107421875,
      43.11067199707031,
      81.5281982421875,
      60.75212860107422,
      87.85303497314453,
      56.39303970336914,
      88.8871078491211,
      44.68458938598633,
      88.30583953857422,
      36.66218948364258,
      79.9090347290039,
      23.27097511291504,
      56.06641387939453
    ],
    [
      16.45492172241211,
      29.69795799255371,
      11.198229789733887,
      34.99222946166992,
      22.34885597229004,
      34.85725021362305,
      22.90361976623535,
      33.552642822265625,
      35.973941802978516,
      37.724830627441406,
      36.02456283569336,
      33.137718200683594,
      32.63016891479492,
      36.66218948364258,
      40.3736572265625,
      39.767311096191406,
      25.861892700195312,
      25.69172477722168
    ],
    [
      42.28567123413086,
      67.62384033203125,
      18.10340690612793,
      78.8381576538086,
      33.79767608642578,
      82.38573455810547,
      41.613121032714844,
      78.06732177734375,
      56.63603973388672,
      89.23027038574219,
      52.93623352050781,
      88.05428314208984,
      41.304561614990234,
      79.9090347290039,
      39.767311096191406,
      96.50121307373047,
      22.492568969726562,
      64.4873046875
    ],
    [
      7.395582675933838,
      15.599413871765137,
      5.555379390716553,
      20.402164459228516,
      13.786675453186035,
      20.061790466308594,
      14.596348762512207,
      19.944259643554688,
      23.288881301879883,
      20.112031936645508,
      23.590778350830078,
      19.437397003173828,
      23.350727081298828,
      23.27097511291504,
      25.861892700195312,
      22.492568969726562,
      24.771570205688477,
      18.80307960510254
    ],
    [
      28.29597282409668,
      42.54705047607422,
      12.023101806640625,
      51.443870544433594,
      22.768512725830078,
      54.40070343017578,
      28.895795822143555,
      52.96955108642578,
      38.817115783691406,
      59.32957077026367,
      35.68391418457031,
      59.269256591796875,
      29.56072998046875,
      56.06641387939453,
      25.69172477722168,
      64.4873046875,
      18.80307960510254,
      54.345428466796875
    ]
  ],
  "covariance_short": [
    [
      81.97985076904297,
      75.68011474609375,
      14.980775833129883,
      59.528564453125,
      23.360946655273438,
      61.556671142578125,
      26.03093910217285,
      52.79438400268555,
      38.691898345947266,
      60.21933364868164,
      35.6054801940918,
      56.15449905395508,
      24.445430755615234,
      45.495628356933594,
      21.52048110961914,
      57.98421096801758,
      16.363107681274414,
      35.476844787597656
    ],
    [
      75.68011474609375,
      129.17398071289062,
      18.60325813293457,
      93.0868911743164,
      34.87727737426758,
      96.37393188476562,
      36.78291702270508,
      81.54094696044922,
      56.62548828125,
      91.22529602050781,
      51.807682037353516,
      84.28768157958984,
      36.45209884643555,
      67.32451629638672,
      32.194091796875,
      84.7990493774414,
      22.38729476928711,
      51.52361297607422
    ],
    [
      14.980775833129883,
      18.60325813293457,
      20.797998428344727,
      21.079214096069336,
      15.684879302978516,
      21.718997955322266,
      15.655177116394043,
      19.161643981933594,
      19.687217712402344,
      23.749225616455078,
      17.926206588745117,
      21.345539093017578,
      13.374120712280273,
      19.03803825378418,
      14.11982536315918,
      22.348896026611328,
      14.710639953613281,
      14.965553283691406
    ],
    [
      59.528564453125,
      93.0868911743164,
      21.079214096069336,
      108.6743392944336,
      36.507564544677734,
      102.03300476074219,
      40.049251556396484,
      85.01668548583984,
      61.16099166870117,
      96.99220275878906,
      55.661048889160156,
      89.6803207397461,
      39.01062774658203,
      71.49393463134766,
      36.241180419921875,
      84.28447723388672,
      25.106285095214844,
      51.129730224609375
    ],
    [
      23.360946655273438,
      34.87727737426758,
      15.684879302978516,
      36.507564544677734,
      46.591373443603516,
      44.58917236328125,
      37.373138427734375,
      38.10269546508789,
      41.12464904785156,
      45.5346794128418,
      39.734649658203125,
      41.33194351196289,
      28.867237091064453,
      37.050453186035156,
      30.371959686279297,
      40.75148010253906,
      28.877666473388672,
      26.397520065307617
    ],
    [
      61.556671142578125,
      96.37393188476562,
      21.718997955322266,
      102.03300476074219,
      44.58917236328125,
      132.7237548828125,
      46.36381912231445,
      99.93096160888672,
      71.314697265625,
      113.91487884521484,
      65.20057678222656,
      107.45484924316406,
      46.87843704223633,
      85.84405517578125,
      40.98805236816406,
      98.2722396850586,
      29.577104568481445,
      61.498165130615234
    ],
    [
      26.03093910217285,
      36.78291702270508,
      15.655177116394043,
      40.049251556396484,
      37.373138427734375,
      46.36381912231445,
      57.87468719482422,
      43.064857482910156,
      44.8520393371582,
      52.46131134033203,
      45.84814453125,
      47.45577621459961,
      32.51207733154297,
      41.425804138183594,
      32.23467254638672,
      46.297035217285156,
      30.95789337158203,
      30.643556594848633
    ],
    [
      52.79438400268555,
      81.54094696044922,
      19.161643981933594,
      85.01668548583984,
      38.10269546508789,
      99.93096160888672,
      43.064857482910156,
      106.59001159667969,
      63.700191497802734,
      100.5708999633789,
      59.45150375366211,
      96.25965881347656,
      43.23185729980469,
      78.38259887695312,
      37.573951721191406,
      86.8895263671875,
      27.37872886657715,
      55.79426956176758
    ],
    [
      38.691898345947266,
      56.62548828125,
      19.687217712402344,
      61.16099166870117,
      41.12464904785156,
      71.314697265625,
      44.8520393371582,
      63.700191497802734,
      76.53743743896484,
      76.4221420288086,
      64.85060119628906,
      69.41868591308594,
      46.28181838989258,
      61.00643539428711,
      46.51841354370117,
      67.8212890625,
      42.12948226928711,
      45.0118408203125
    ],
    [
      60.21933364868164,
      91.22529602050781,
      23.749225616455078,
      96.99220275878906,
      45.5346794128418,
      113.91487884521484,
      52.46131134033203,
      100.5708999633789,
      76.4221420288086,
      142.16685485839844,
      67.44071960449219,
      117.49961853027344,
      47.997337341308594,
      91.21580505371094,
      46.18173599243164,
      101.00438690185547,
      30.175918579101562,
      64.1378173828125
    ],
    [
      35.6054801940918,
      51.807682037353516,
      17.926206588745117,
      55.661048889160156,
      39.734649658203125,
      65.20057678222656,
      45.84814453125,
      59.45150375366211,
      64.85060119628906,
      67.44071960449219,
      77.57708740234375,
      65.61436462402344,
      52.16903305053711,
      59.12887191772461,
      50.696693420410156,
      64.77024841308594,
      46.63117599487305,
      44.66211700439453
    ],
    [
      56.15449905395508,
      84.28768157958984,
      21.345539093017578,
      89.6803207397461,
      41.33194351196289,
      107.45484924316406,
      47.45577621459961,
      96.25965881347656,
      69.41868591308594,
      117.49961853027344,
      65.61436462402344,
      135.4663848876953,
      50.90301513671875,
      94.9090576171875,
      41.41224670410156,
      102.25482940673828,
      28.631654739379883,
      67.44204711914062
    ],
    [
      24.445430755615234,
      36.45209884643555,
      13.374120712280273,
      39.01062774658203,
      28.867237091064453,
      46.87843704223633,
      32.51207733154297,
      43.23185729980469,
      46.28181838989258,
      47.997337341308594,
      52.16903305053711,
      50.90301513671875,
      61.64369583129883,
      52.36312484741211,
      53.29193878173828,
      56.79258728027344,
      54.08063507080078,
      48.57282257080078
    ],
    [
      45.495628356933594,
      67.32451629638672,
      19.03803825378418,
      71.49393463134766,
      37.050453186035156,
      85.84405517578125,
      41.425804138183594,
      78.38259887695312,
      61.00643539428711,
      91.21580505371094,
      59.12887191772461,
      94.9090576171875,
      52.36312484741211,
      98.09410095214844,
      43.29325866699219,
      93.26900482177734,
      36.03159713745117,
      67.2928466796875
    ],
    [
      21.52048110961914,
      32.194091796875,
      14.11982536315918,
      36.241180419921875,
      30.371959686279297,
      40.98805236816406,
      32.23467254638672,
      37.573951721191406,
      46.51841354370117,
      46.18173599243164,
      50.696693420410156,
      41.41224670410156,
      53.29193878173828,
      43.29325866699219,
      75.91836547851562,
      54.00241470336914,
      67.09375762939453,
      46.885398864746094
    ],
    [
      57.98421096801758,
      84.7990493774414,
      22.348896026611328,
      84.28447723388672,
      40.75148010253906,
      98.2722396850586,
      46.297035217285156,
      86.8895263671875,
      67.8212890625,
      101.00438690185547,
      64.77024841308594,
      102.25482940673828,
      56.79258728027344,
      93.26900482177734,
      54.00241470336914,
      136.89137268066406,
      49.19986343383789,
      95.44219970703125
    ],
    [
      16.363107681274414,
      22.38729476928711,
      14.710639953613281,
      25.106285095214844,
      28.877666473388672,
      29.577104568481445,
      30.95789337158203,
      27.37872886657715,
      42.12948226928711,
      30.175918579101562,
      46.63117599487305,
      28.631654739379883,
      54.08063507080078,
      36.03159713745117,
      67.09375762939453,
      49.19986343383789,
      91.33538818359375,
      53.942054748535156
    ],
    [
      35.476844787597656,
      51.52361297607422,
      14.965553283691406,
      51.129730224609375,
      26.397520065307617,
      61.498165130615234,
      30.643556594848633,
      55.79426956176758,
      45.0118408203125,
      64.1378173828125,
      44.66211700439453,
      67.44204711914062,
      48.57282257080078,
      67.2928466796875,
      46.885398864746094,
      95.44219970703125,
      53.942054748535156,
      94.05070495605469
    ]
  ],
  "damage": -4.724588394165039,
  "diff_bandwidth": 529.9700927734375,
  "dissonance": 7.712060996212273,
  "drr": -1.79033625125885,
  "dynamics": 3.957139492034912,
  "format": 1245190,
  "frames": 15220672,
  "loudness": -11.070023536682129,
  "loudness_range": 11.273942947387695,
  "loudness_range_short": 12.448371887207031,
  "lowpass_true_peak_15khz": 0.29521444439888,
  "mastering3_acoustic_entropies": [
    {
      "acoustic_entropy": 7.370911121368408,
      "acoustic_entropy_mono": 6.737086772918701,
      "band_eliminated_acoustic_entropies": [
        {
          "acoustic_entropy": 7.2469940185546875,
          "acoustic_entropy_side": 7.3709001541137695,
          "hz": 129.47220167065723
        },
        {
          "acoustic_entropy": 7.145633220672607,
          "acoustic_entropy_side": 7.3727617263793945,
          "hz": 202.92927478742237
        },
        {
          "acoustic_entropy": 7.231232166290283,
          "acoustic_entropy_side": 7.373871326446533,
          "hz": 282.89161906338205
        },
        {
          "acoustic_entropy": 6.926327705383301,
          "acoustic_entropy_side": 7.374757766723633,
          "hz": 369.9353335868758
        },
        {
          "acoustic_entropy": 7.398549556732178,
          "acoustic_entropy_side": 7.323052406311035,
          "hz": 464.6875360973435
        },
        {
          "acoustic_entropy": 7.1921210289001465,
          "acoustic_entropy_side": 7.190820693969727,
          "hz": 567.8308811364784
        },
        {
          "acoustic_entropy": 6.808098793029785,
          "acoustic_entropy_side": 7.303504467010498,
          "hz": 680.1084783214808
        },
        {
          "acoustic_entropy": 6.970792293548584,
          "acoustic_entropy_side": 7.414586544036865,
          "hz": 802.3292461747484
        },
        {
          "acoustic_entropy": 7.142841339111328,
          "acoustic_entropy_side": 7.242496967315674,
          "hz": 935.3737400823702
        },
        {
          "acoustic_entropy": 6.954028606414795,
          "acoustic_entropy_side": 7.378185749053955,
          "hz": 1080.2004963696966
        },
        {
          "acoustic_entropy": 7.539867877960205,
          "acoustic_entropy_side": 7.386026859283447,
          "hz": 1237.8529382007157
        },
        {
          "acoustic_entropy": 7.3187642097473145,
          "acoustic_entropy_side": 7.384617805480957,
          "hz": 1409.4668930556702
        },
        {
          "acoustic_entropy": 6.896851539611816,
          "acoustic_entropy_side": 7.4057841300964355,
          "hz": 1596.2787759475705
        },
        {
          "acoustic_entropy": 7.254631996154785,
          "acoustic_entropy_side": 7.36522102355957,
          "hz": 1799.6344973346393
        },
        {
          "acoustic_entropy": 7.251642227172852,
          "acoustic_entropy_side": 7.327812671661377,
          "hz": 2020.9991599069049
        },
        {
          "acoustic_entropy": 6.993732929229736,
          "acoustic_entropy_side": 7.247064590454102,
          "hz": 2261.9676141086993
        },
        {
          "acoustic_entropy": 6.9006476402282715,
          "acoustic_entropy_side": 7.245394229888916,
          "hz": 2524.2759484456974
        },
        {
          "acoustic_entropy": 7.278461933135986,
          "acoustic_entropy_side": 7.297970294952393,
          "hz": 2809.813997359896
        },
        {
          "acoustic_entropy": 7.535369873046875,
          "acoustic_entropy_side": 7.339114665985107,
          "hz": 3120.6389567871424
        },
        {
          "acoustic_entropy": 7.390981674194336,
          "acoustic_entropy_side": 7.347925662994385,
          "hz": 3458.990205492291
        },
        {
          "acoustic_entropy": 7.268336296081543,
          "acoustic_entropy_side": 7.345703601837158,
          "hz": 3827.305438964164
        },
        {
          "acoustic_entropy": 7.380037307739258,
          "acoustic_entropy_side": 7.361440181732178,
          "hz": 4228.238232109126
        },
        {
          "acoustic_entropy": 7.344918251037598,
          "acoustic_entropy_side": 7.36282205581665,
          "hz": 4664.6771572759235
        },
        {
          "acoustic_entropy": 7.363100528717041,
          "acoustic_entropy_side": 7.371560573577881,
          "hz": 5139.766595350093
        },
        {
          "acoustic_entropy": 7.367762565612793,
          "acoustic_entropy_side": 7.369227886199951,
          "hz": 5656.929389854203
        },
        {
          "acoustic_entropy": 7.362207412719727,
          "acoustic_entropy_side": 7.369282245635986,
          "hz": 6219.891507268283
        },
        {
          "acoustic_entropy": 7.3690385818481445,
          "acoustic_entropy_side": 7.371451377868652,
          "hz": 6832.70888123896
        },
        {
          "acoustic_entropy": 7.438960075378418,
          "acoustic_entropy_side": 7.37161922454834,
          "hz": 7499.796634079867
        },
        {
          "acoustic_entropy": 7.420160293579102,
          "acoustic_entropy_side": 7.370948791503906,
          "hz": 8225.96088609342
        },
        {
          "acoustic_entropy": 7.146507263183594,
          "acoustic_entropy_side": 7.370852470397949,
          "hz": 9016.43338188839
        },
        {
          "acoustic_entropy": 7.3333635330200195,
          "acoustic_entropy_side": 7.370492458343506,
          "hz": 9876.909183162974
        },
        {
          "acoustic_entropy": 7.3646650314331055,
          "acoustic_entropy_side": 7.370734691619873,
          "hz": 10813.587699516042
        },
        {
          "acoustic_entropy": 7.368185997009277,
          "acoustic_entropy_side": 7.370943546295166,
          "hz": 11833.21735289826
        },
        {
          "acoustic_entropy": 7.377660274505615,
          "acoustic_entropy_side": 7.371110439300537,
          "hz": 12943.144197493959
        },
        {
          "acoustic_entropy": 7.360026836395264,
          "acoustic_entropy_side": 7.3710198402404785,
          "hz": 14151.364845322005
        },
        {
          "acoustic_entropy": 7.3764328956604,
          "acoustic_entropy_side": 7.370892524719238,
          "hz": 15466.58407886509
        },
        {
          "acoustic_entropy": 7.380469799041748,
          "acoustic_entropy_side": 7.3708720207214355,
          "hz": 16898.27756580493
        },
        {
          "acoustic_entropy": 7.379562854766846,
          "acoustic_entropy_side": 7.370860576629639,
          "hz": 18456.760127700032
        },
        {
          "acoustic_entropy": 7.376975059509277,
          "acoustic_entropy_side": 7.370844841003418,
          "hz": 20153.260054456492
        },
        {
          "acoustic_entropy": 7.374392986297607,
          "acoustic_entropy_side": 7.37087345123291,
          "hz": 22000.00000000001
        }
      ],
      "diff_acoustic_entropy": 5.2283406257629395,
      "sn": 6
    },
    {
      "acoustic_entropy": 11.36278247833252,
      "acoustic_entropy_mono": 10.393450736999512,
      "band_eliminated_acoustic_entropies": [
        {
          "acoustic_entropy": 11.671489715576172,
          "acoustic_entropy_side": 11.362671852111816,
          "hz": 129.47220167065723
        },
        {
          "acoustic_entropy": 11.730111122131348,
          "acoustic_entropy_side": 11.394476890563965,
          "hz": 202.92927478742237
        },
        {
          "acoustic_entropy": 11.64916706085205,
          "acoustic_entropy_side": 11.371041297912598,
          "hz": 282.89161906338205
        },
        {
          "acoustic_entropy": 11.535383224487305,
          "acoustic_entropy_side": 11.506392478942871,
          "hz": 369.9353335868758
        },
        {
          "acoustic_entropy": 11.83323860168457,
          "acoustic_entropy_side": 11.434303283691406,
          "hz": 464.6875360973435
        },
        {
          "acoustic_entropy": 11.811856269836426,
          "acoustic_entropy_side": 11.584567070007324,
          "hz": 567.8308811364784
        },
        {
          "acoustic_entropy": 11.148273468017578,
          "acoustic_entropy_side": 11.272311210632324,
          "hz": 680.1084783214808
        },
        {
          "acoustic_entropy": 11.48896312713623,
          "acoustic_entropy_side": 11.386616706848145,
          "hz": 802.3292461747484
        },
        {
          "acoustic_entropy": 11.303184509277344,
          "acoustic_entropy_side": 11.083520889282227,
          "hz": 935.3737400823702
        },
        {
          "acoustic_entropy": 10.796992301940918,
          "acoustic_entropy_side": 11.339791297912598,
          "hz": 1080.2004963696966
        },
        {
          "acoustic_entropy": 10.95621395111084,
          "acoustic_entropy_side": 11.368444442749023,
          "hz": 1237.8529382007157
        },
        {
          "acoustic_entropy": 11.024943351745605,
          "acoustic_entropy_side": 11.309976577758789,
          "hz": 1409.4668930556702
        },
        {
          "acoustic_entropy": 10.810925483703613,
          "acoustic_entropy_side": 11.239288330078125,
          "hz": 1596.2787759475705
        },
        {
          "acoustic_entropy": 11.496675491333008,
          "acoustic_entropy_side": 11.29316234588623,
          "hz": 1799.6344973346393
        },
        {
          "acoustic_entropy": 11.187768936157227,
          "acoustic_entropy_side": 11.19715690612793,
          "hz": 2020.9991599069049
        },
        {
          "acoustic_entropy": 10.825295448303223,
          "acoustic_entropy_side": 11.135025024414062,
          "hz": 2261.9676141086993
        },
        {
          "acoustic_entropy": 10.859358787536621,
          "acoustic_entropy_side": 11.129426956176758,
          "hz": 2524.2759484456974
        },
        {
          "acoustic_entropy": 10.988699913024902,
          "acoustic_entropy_side": 11.221035957336426,
          "hz": 2809.813997359896
        },
        {
          "acoustic_entropy": 10.816301345825195,
          "acoustic_entropy_side": 11.287185668945312,
          "hz": 3120.6389567871424
        },
        {
          "acoustic_entropy": 11.398674011230469,
          "acoustic_entropy_side": 11.269248962402344,
          "hz": 3458.990205492291
        },
        {
          "acoustic_entropy": 11.323925018310547,
          "acoustic_entropy_side": 11.243077278137207,
          "hz": 3827.305438964164
        },
        {
          "acoustic_entropy": 11.706294059753418,
          "acoustic_entropy_side": 11.28351879119873,
          "hz": 4228.238232109126
        },
        {
          "acoustic_entropy": 11.562763214111328,
          "acoustic_entropy_side": 11.376582145690918,
          "hz": 4664.6771572759235
        },
        {
          "acoustic_entropy": 11.588290214538574,
          "acoustic_entropy_side": 11.350735664367676,
          "hz": 5139.766595350093
        },
        {
          "acoustic_entropy": 11.617766380310059,
          "acoustic_entropy_side": 11.370201110839844,
          "hz": 5656.929389854203
        },
        {
          "acoustic_entropy": 11.601481437683105,
          "acoustic_entropy_side": 11.395013809204102,
          "hz": 6219.891507268283
        },
        {
          "acoustic_entropy": 11.534427642822266,
          "acoustic_entropy_side": 11.370061874389648,
          "hz": 6832.70888123896
        },
        {
          "acoustic_entropy": 11.567739486694336,
          "acoustic_entropy_side": 11.377806663513184,
          "hz": 7499.796634079867
        },
        {
          "acoustic_entropy": 11.437061309814453,
          "acoustic_entropy_side": 11.369439125061035,
          "hz": 8225.96088609342
        },
        {
          "acoustic_entropy": 11.414700508117676,
          "acoustic_entropy_side": 11.3629789352417,
          "hz": 9016.43338188839
        },
        {
          "acoustic_entropy": 11.537875175476074,
          "acoustic_entropy_side": 11.370759963989258,
          "hz": 9876.909183162974
        },
        {
          "acoustic_entropy": 11.552132606506348,
          "acoustic_entropy_side": 11.359251022338867,
          "hz": 10813.587699516042
        },
        {
          "acoustic_entropy": 11.513703346252441,
          "acoustic_entropy_side": 11.359406471252441,
          "hz": 11833.21735289826
        },
        {
          "acoustic_entropy": 11.475366592407227,
          "acoustic_entropy_side": 11.362939834594727,
          "hz": 12943.144197493959
        },
        {
          "acoustic_entropy": 11.495016098022461,
          "acoustic_entropy_side": 11.365336418151855,
          "hz": 14151.364845322005
        },
        {
          "acoustic_entropy": 11.500953674316406,
          "acoustic_entropy_side": 11.363717079162598,
          "hz": 15466.58407886509
        },
        {
          "acoustic_entropy": 11.517330169677734,
          "acoustic_entropy_side": 11.362483978271484,
          "hz": 16898.27756580493
        },
        {
          "acoustic_entropy": 11.586755752563477,
          "acoustic_entropy_side": 11.361536979675293,
          "hz": 18456.760127700032
        },
        {
          "acoustic_entropy": 11.515625953674316,
          "acoustic_entropy_side": 11.361533164978027,
          "hz": 20153.260054456492
        },
        {
          "acoustic_entropy": 11.432525634765625,
          "acoustic_entropy_side": 11.362160682678223,
          "hz": 22000.00000000001
        }
      ],
      "diff_acoustic_entropy": 7.985173225402832,
      "sn": 12
    },
    {
      "acoustic_entropy": 17.730525970458984,
      "acoustic_entropy_mono": 15.910086631774902,
      "band_eliminated_acoustic_entropies": [
        {
          "acoustic_entropy": 17.479469299316406,
          "acoustic_entropy_side": 17.745351791381836,
          "hz": 129.47220167065723
        },
        {
          "acoustic_entropy": 18.851863861083984,
          "acoustic_entropy_side": 17.780498504638672,
          "hz": 202.92927478742237
        },
        {
          "acoustic_entropy": 17.96755599975586,
          "acoustic_entropy_side": 17.87745475769043,
          "hz": 282.89161906338205
        },
        {
          "acoustic_entropy": 18.26302719116211,
          "acoustic_entropy_side": 18.07190704345703,
          "hz": 369.9353335868758
        },
        {
          "acoustic_entropy": 18.555469512939453,
          "acoustic_entropy_side": 17.958776473999023,
          "hz": 464.6875360973435
        },
        {
          "acoustic_entropy": 17.83009910583496,
          "acoustic_entropy_side": 18.009567260742188,
          "hz": 567.8308811364784
        },
        {
          "acoustic_entropy": 16.842899322509766,
          "acoustic_entropy_side": 17.21247673034668,
          "hz": 680.1084783214808
        },
        {
          "acoustic_entropy": 17.752418518066406,
          "acoustic_entropy_side": 17.779088973999023,
          "hz": 802.3292461747484
        },
        {
          "acoustic_entropy": 16.971078872680664,
          "acoustic_entropy_side": 17.645309448242188,
          "hz": 935.3737400823702
        },
        {
          "acoustic_entropy": 17.555126190185547,
          "acoustic_entropy_side": 17.771696090698242,
          "hz": 1080.2004963696966
        },
        {
          "acoustic_entropy": 18.43446922302246,
          "acoustic_entropy_side": 17.656906127929688,
          "hz": 1237.8529382007157
        },
        {
          "acoustic_entropy": 17.841720581054688,
          "acoustic_entropy_side": 17.322105407714844,
          "hz": 1409.4668930556702
        },
        {
          "acoustic_entropy": 18.405149459838867,
          "acoustic_entropy_side": 17.686996459960938,
          "hz": 1596.2787759475705
        },
        {
          "acoustic_entropy": 17.64533233642578,
          "acoustic_entropy_side": 17.564327239990234,
          "hz": 1799.6344973346393
        },
        {
          "acoustic_entropy": 18.032825469970703,
          "acoustic_entropy_side": 17.718538284301758,
          "hz": 2020.9991599069049
        },
        {
          "acoustic_entropy": 17.22125816345215,
          "acoustic_entropy_side": 17.493104934692383,
          "hz": 2261.9676141086993
        },
        {
          "acoustic_entropy": 17.515878677368164,
          "acoustic_entropy_side": 17.47843360900879,
          "hz": 2524.2759484456974
        },
        {
          "acoustic_entropy": 17.64801788330078,
          "acoustic_entropy_side": 17.86421775817871,
          "hz": 2809.813997359896
        },
        {
          "acoustic_entropy": 18.10076141357422,
          "acoustic_entropy_side": 17.661834716796875,
          "hz": 3120.6389567871424
        },
        {
          "acoustic_entropy": 17.278108596801758,
