{
  "acoustic_entropy": 102.11994934082031,
  "bands": [
    {
      "high_freq": 148.1999969482422,
      "loudness": -46.54776382446289,
      "loudness_range": 28.57791519165039,
      "mid_mean": -42.951385498046875,
      "mid_to_side_loudness": -19.498716354370117,
      "mid_to_side_loudness_range": 22.17428970336914,
      "side_mean": -61.98801040649414
    },
    {
      "high_freq": 392.3793640136719,
      "loudness": -31.386762619018555,
      "loudness_range": 17.806270599365234,
      "low_freq": 148.1999969482422,
      "mid_mean": -28.050771713256836,
      "mid_to_side_loudness": -15.507635116577148,
      "mid_to_side_loudness_range": 21.102333068847656,
      "side_mean": -45.11885452270508
    },
    {
      "high_freq": 794.6976318359375,
      "loudness": -36.27195358276367,
      "loudness_range": 24.681472778320312,
      "low_freq": 392.3793640136719,
      "mid_mean": -33.435768127441406,
      "mid_to_side_loudness": -13.640419960021973,
      "mid_to_side_loudness_range": 17.21657371520996,
      "side_mean": -47.658111572265625
    },
    {
      "high_freq": 1457.5709228515625,
      "loudness": -39.76516342163086,
      "loudness_range": 23.183164596557617,
      "low_freq": 794.6976318359375,
      "mid_mean": -36.37228012084961,
      "mid_to_side_loudness": -15.302573204040527,
      "mid_to_side_loudness_range": 20.44407081604004,
      "side_mean": -54.26124572753906
    },
    {
      "high_freq": 2549.74365234375,
      "loudness": -46.667381286621094,
      "loudness_range": 20.862892150878906,
      "low_freq": 1457.5709228515625,
      "mid_mean": -43.571556091308594,
      "mid_to_side_loudness": -12.470044136047363,
      "mid_to_side_loudness_range": 17.978057861328125,
      "side_mean": -57.98515319824219
    },
    {
      "high_freq": 4349.24462890625,
      "loudness": -54.80646514892578,
      "loudness_range": 25.039997100830078,
      "low_freq": 2549.74365234375,
      "mid_mean": -53.65098190307617,
      "mid_to_side_loudness": -14.262128829956055,
      "mid_to_side_loudness_range": 19.92228126525879,
      "side_mean": -64.60601043701172
    },
    {
      "high_freq": 7314.1640625,
      "loudness": -67.65522003173828,
      "loudness_range": 19.98358154296875,
      "low_freq": 4349.24462890625,
      "mid_mean": -62.991432189941406,
      "mid_to_side_loudness": -17.525856018066406,
      "mid_to_side_loudness_range": 24.057600021362305,
      "side_mean": -69.5965805053711
    },
    {
      "high_freq": 12199.2666015625,
      "loudness": -73.90681457519531,
      "loudness_range": 10.611549377441406,
      "low_freq": 7314.1640625,
      "mid_mean": -67.02960968017578,
      "mid_to_side_loudness": -22.12993812561035,
      "mid_to_side_loudness_range": 33.9715576171875,
      "side_mean": -69.98145294189453
    },
    {
      "loudness": 0,
      "loudness_range": 0,
      "low_freq": 12199.2666015625,
      "mid_mean": -69.00630187988281,
      "mid_to_side_loudness": -9.942675590515137,
      "mid_to_side_loudness_range": 12.692978858947754,
      "side_mean": -69.91129302978516
    }
  ],
  "bands_short": [
    {
      "high_freq": 148.1999969482422,
      "loudness": -49.74938201904297,
      "loudness_range": 27.188114166259766,
      "mid_mean": -46.13848876953125,
      "mid_to_side_loudness": -19.8458194732666,
      "mid_to_side_loudness_range": 21.118118286132812,
      "side_mean": -64.17023468017578
    },
    {
      "high_freq": 392.3793640136719,
      "loudness": -31.832258224487305,
      "loudness_range": 18.879091262817383,
      "low_freq": 148.1999969482422,
      "mid_mean": -28.3833065032959,
      "mid_to_side_loudness": -16.22329330444336,
      "mid_to_side_loudness_range": 21.91042137145996,
      "side_mean": -45.72819137573242
    },
    {
      "high_freq": 794.6976318359375,
      "loudness": -36.09635925292969,
      "loudness_range": 25.09475326538086,
      "low_freq": 392.3793640136719,
      "mid_mean": -33.208919525146484,
      "mid_to_side_loudness": -13.539752960205078,
      "mid_to_side_loudness_range": 18.900436401367188,
      "side_mean": -47.5714225769043
    },
    {
      "high_freq": 1457.5709228515625,
      "loudness": -39.855770111083984,
      "loudness_range": 23.945560455322266,
      "low_freq": 794.6976318359375,
      "mid_mean": -36.47807312011719,
      "mid_to_side_loudness": -14.98112964630127,
      "mid_to_side_loudness_range": 20.542112350463867,
      "side_mean": -54.218994140625
    },
    {
      "high_freq": 2549.74365234375,
      "loudness": -47.142982482910156,
      "loudness_range": 22.480327606201172,
      "low_freq": 1457.5709228515625,
      "mid_mean": -44.156982421875,
      "mid_to_side_loudness": -12.257901191711426,
      "mid_to_side_loudness_range": 18.823896408081055,
      "side_mean": -58.24541091918945
    },
    {
      "high_freq": 4349.24462890625,
      "loudness": -54.208702087402344,
      "loudness_range": 24.784210205078125,
      "low_freq": 2549.74365234375,
      "mid_mean": -53.17056655883789,
      "mid_to_side_loudness": -14.557113647460938,
      "mid_to_side_loudness_range": 20.94205665588379,
      "side_mean": -64.52363586425781
    },
    {
      "high_freq": 7314.1640625,
      "loudness": -67.91252899169922,
      "loudness_range": 20.657550811767578,
      "low_freq": 4349.24462890625,
      "mid_mean": -63.10707092285156,
      "mid_to_side_loudness": -16.733875274658203,
      "mid_to_side_loudness_range": 24.065011978149414,
      "side_mean": -69.5905532836914
    },
    {
      "high_freq": 12199.2666015625,
      "loudness": -74.00794982910156,
      "loudness_range": 11.289947509765625,
      "low_freq": 7314.1640625,
      "mid_mean": -67.05451965332031,
      "mid_to_side_loudness": -21.129037857055664,
      "mid_to_side_loudness_range": 31.7125186920166,
      "side_mean": -69.98137664794922
    },
    {
      "loudness": 0,
      "loudness_range": 0,
      "low_freq": 12199.2666015625,
      "mid_mean": -68.99694061279297,
      "mid_to_side_loudness": -10.046579360961914,
      "mid_to_side_loudness_range": 13.32786750793457,
      "side_mean": -69.91100311279297
    }
  ],
  "bandwidth": 522.7138671875,
  "channels": 2,
  "covariance": [
    [
      100.18690490722656,
      63.39406204223633,
      9.383174896240234,
      23.861024856567383,
      55.97476577758789,
      57.5599250793457,
      49.04265594482422,
      50.533843994140625,
      30.89214515686035,
      33.835514068603516,
      23.879764556884766,
      13.913424491882324,
      10.648845672607422,
      1.5780705213546753,
      4.118392467498779,
      0.028352105990052223,
      0.7545120120048523,
      0.0004440015181899071
    ],
    [
      63.39406204223633,
      51.89756774902344,
      5.944211959838867,
      12.649068832397461,
      33.08149337768555,
      35.13182067871094,
      28.752744674682617,
      40.41684341430664,
      17.00594139099121,
      27.130346298217773,
      20.07208824157715,
      9.43048095703125,
      7.673415660858154,
      0.9151881337165833,
      2.945305109024048,
      0.02390098199248314,
      0.8407798409461975,
      0.05011141672730446
    ],
    [
      9.383174896240234,
      5.944211959838867,
      44.473350524902344,
      34.42577362060547,
      25.982934951782227,
      26.551809310913086,
      21.978225708007812,
      16.470401763916016,
      21.157033920288086,
      15.411214828491211,
      13.935600280761719,
      6.037579536437988,
      8.769538879394531,
      0.6099213361740112,
      2.438091516494751,
      0.0243757925927639,
      0.23915934562683105,
      -0.0016018792521208525
    ],
    [
      23.861024856567383,
      12.649068832397461,
      34.42577362060547,
      43.60200500488281,
      37.96113967895508,
      39.128456115722656,
      31.582338333129883,
      29.105701446533203,
      30.177885055541992,
      26.898550033569336,
      24.282329559326172,
      12.368401527404785,
      13.215636253356934,
      1.0873689651489258,
      4.275808334350586,
      0.019779998809099197,
      0.5946244597434998,
      -0.003011044580489397
    ],
    [
      55.97476577758789,
      33.08149337768555,
      25.982934951782227,
      37.96113967895508,
      83.32925415039062,
      69.37797546386719,
      63.620567321777344,
      61.556114196777344,
      56.404598236083984,
      50.124481201171875,
      59.21792221069336,
      30.680097579956055,
      31.42778778076172,
      2.849193572998047,
      11.28388500213623,
      0.02159726805984974,
      1.433156132698059,
      -0.014588875696063042
    ],
    [
      57.5599250793457,
      35.13182067871094,
      26.551809310913086,
      39.128456115722656,
      69.37797546386719,
      79.12739562988281,
      54.14997100830078,
      58.53888702392578,
      48.659549713134766,
      49.06697463989258,
      49.68390655517578,
      26.897857666015625,
      25.843088150024414,
      2.3812811374664307,
      9.037429809570312,
      0.028369903564453125,
      1.2378746271133423,
      -0.008571294136345387
    ],
    [
      49.04265594482422,
      28.752744674682617,
      21.978225708007812,
      31.582338333129883,
      63.620567321777344,
      54.14997100830078,
      66.35420989990234,
      59.056941986083984,
      56.78114700317383,
      47.251441955566406,
      56.56425857543945,
      27.834117889404297,
      29.436853408813477,
      2.4511706829071045,
      10.524711608886719,
      0.008785813115537167,
      1.370085597038269,
      -0.01433951873332262
    ],
    [
      50.533843994140625,
      40.41684341430664,
      16.470401763916016,
      29.105701446533203,
      61.556114196777344,
      58.53888702392578,
      59.056941986083984,
      82.26093292236328,
      51.072757720947266,
      63.244239807128906,
      73.93418884277344,
      33.9307746887207,
      35.706504821777344,
      2.8556880950927734,
      13.640039443969727,
      0.020418094471096992,
      2.717979669570923,
      0.0793600082397461
    ],
    [
      30.89214515686035,
      17.00594139099121,
      21.157033920288086,
      30.177885055541992,
      56.404598236083984,
      48.659549713134766,
      56.78114700317383,
      51.072757720947266,
      64.5363998413086,
      49.604896545410156,
      65.49901580810547,
      32.63972473144531,
      35.45826721191406,
      2.9294660091400146,
      12.365211486816406,
      0.007161288987845182,
      1.4538408517837524,
      -0.015208866447210312
    ],
    [
      33.835514068603516,
      27.130346298217773,
      15.411214828491211,
      26.898550033569336,
      50.124481201171875,
      49.06697463989258,
      47.251441955566406,
      63.244239807128906,
      49.604896545410156,
      59.2679328918457,
      68.24098205566406,
      33.515113830566406,
      34.464420318603516,
      2.9981603622436523,
      12.837361335754395,
      0.01739085279405117,
      2.358440637588501,
      0.05481073260307312
    ],
    [
      23.879764556884766,
      20.07208824157715,
      13.935600280761719,
      24.282329559326172,
      59.21792221069336,
      49.68390655517578,
      56.56425857543945,
      73.93418884277344,
      65.49901580810547,
      68.24098205566406,
      104.50347900390625,
      46.833465576171875,
      53.174034118652344,
      3.999596357345581,
      19.98394775390625,
      -0.002225346164777875,
      3.454502820968628,
      0.06706777215003967
    ],
    [
      13.913424491882324,
      9.43048095703125,
      6.037579536437988,
      12.368401527404785,
      30.680097579956055,
      26.897857666015625,
      27.834117889404297,
      33.9307746887207,
      32.63972473144531,
      33.515113830566406,
      46.833465576171875,
      25.488752365112305,
      25.46750831604004,
      2.3456966876983643,
      9.832831382751465,
      0.006184882018715143,
      1.5262137651443481,
      0.01536792702972889
    ],
    [
      10.648845672607422,
      7.673415660858154,
      8.769538879394531,
      13.215636253356934,
      31.42778778076172,
      25.843088150024414,
      29.436853408813477,
      35.706504821777344,
      35.45826721191406,
      34.464420318603516,
      53.174034118652344,
      25.46750831604004,
      29.98291778564453,
      2.403139352798462,
      11.646407127380371,
      -0.0001098247739719227,
      1.862768292427063,
      0.020727364346385002
    ],
    [
      1.5780705213546753,
      0.9151881337165833,
      0.6099213361740112,
      1.0873689651489258,
      2.849193572998047,
      2.3812811374664307,
      2.4511706829071045,
      2.8556880950927734,
      2.9294660091400146,
      2.9981603622436523,
      3.999596357345581,
      2.3456966876983643,
      2.403139352798462,
      0.31624728441238403,
      0.9959238171577454,
      0.002131951041519642,
      0.15107426047325134,
      0.00019824551418423653
    ],
    [
      4.118392467498779,
      2.945305109024048,
      2.438091516494751,
      4.275808334350586,
      11.28388500213623,
      9.037429809570312,
      10.524711608886719,
      13.640039443969727,
      12.365211486816406,
      12.837361335754395,
      19.98394775390625,
      9.832831382751465,
      11.646407127380371,
      0.9959238171577454,
      4.978483200073242,
      -0.0010559650836512446,
      0.8164406418800354,
      0.007505562622100115
    ],
    [
      0.028352105990052223,
      0.02390098199248314,
      0.0243757925927639,
      0.019779998809099197,
      0.02159726805984974,
      0.028369903564453125,
      0.008785813115537167,
      0.020418094471096992,
      0.007161288987845182,
      0.01739085279405117,
      -0.002225346164777875,
      0.006184882018715143,
      -0.0001098247739719227,
      0.002131951041519642,
      -0.0010559650836512446,
      0.0002558050327934325,
      -0.00014115941303316504,
      4.5425622374750674e-05
    ],
    [
      0.7545120120048523,
      0.8407798409461975,
      0.23915934562683105,
      0.5946244597434998,
      1.433156132698059,
      1.2378746271133423,
      1.370085597038269,
      2.717979669570923,
      1.4538408517837524,
      2.358440637588501,
      3.454502820968628,
      1.5262137651443481,
      1.862768292427063,
      0.15107426047325134,
      0.8164406418800354,
      -0.00014115941303316504,
      0.1770453006029129,
      0.004197548143565655
    ],
    [
      0.0004440015181899071,
      0.05011141672730446,
      -0.0016018792521208525,
      -0.003011044580489397,
      -0.014588875696063042,
      -0.008571294136345387,
      -0.01433951873332262,
      0.0793600082397461,
      -0.015208866447210312,
      0.05481073260307312,
      0.06706777215003967,
      0.01536792702972889,
      0.020727364346385002,
      0.00019824551418423653,
      0.007505562622100115,
      4.5425622374750674e-05,
      0.004197548143565655,
      0.0004803900374099612
    ]
  ],
  "covariance_short": [
    [
      84.38182830810547,
      43.547672271728516,
      20.05927848815918,
      26.117528915405273,
      48.56108856201172,
      50.24425506591797,
      43.4251823425293,
      44.98078918457031,
      29.8004150390625,
      32.305702209472656,
      24.532405853271484,
      13.589693069458008,
      11.069612503051758,
      1.4225538969039917,
      4.014537334442139,
      0.018693242222070694,
      0.705744743347168,
      -0.0016073856968432665
    ],
    [
      43.547672271728516,
      36.29454803466797,
      11.423141479492188,
      13.309442520141602,
      25.52153205871582,
      28.295957565307617,
      23.174652099609375,
      31.478515625,
      15.360515594482422,
      23.043155670166016,
      18.807584762573242,
      8.722302436828613,
      7.316050052642822,
      0.7994950413703918,
      2.6287310123443604,
      0.013468839228153229,
      0.6498131155967712,
      0.03660140931606293
    ],
    [
      20.05927848815918,
      11.423141479492188,
      48.56624221801758,
      36.028297424316406,
      33.788387298583984,
      32.25642395019531,
      30.342111587524414,
      23.99536895751953,
      25.270994186401367,
      18.283220291137695,
      18.512218475341797,
      7.095797538757324,
      9.073266983032227,
      0.6902463436126709,
      2.5228419303894043,
      0.023296743631362915,
      0.2919946610927582,
      -0.001508580520749092
    ],
    [
      26.117528915405273,
      13.309442520141602,
      36.028297424316406,
      49.27653503417969,
      40.48350524902344,
      42.5752067565918,
      35.4748649597168,
      33.28173065185547,
      30.033109664916992,
      27.80829429626465,
      24.971534729003906,
      12.493138313293457,
      12.780970573425293,
      1.1152548789978027,
      4.082179546356201,
      0.0235428623855114,
      0.6002447605133057,
      -0.002855213824659586
    ],
    [
      48.56108856201172,
      25.52153205871582,
      33.788387298583984,
      40.48350524902344,
      84.69248962402344,
      65.35617065429688,
      61.56214141845703,
      58.085960388183594,
      55.26045227050781,
      46.86606216430664,
      55.0236930847168,
      29.32839584350586,
      30.457136154174805,
      2.7221286296844482,
      10.884093284606934,
      0.022435873746871948,
      1.3956819772720337,
      -0.014961679466068745
    ],
    [
      50.24425506591797,
      28.295957565307617,
      32.25642395019531,
      42.5752067565918,
      65.35617065429688,
      78.68675994873047,
      53.35358428955078,
      56.99467086791992,
      48.90690994262695,
      47.39765167236328,
      47.4710578918457,
      26.0831298828125,
      25.062116622924805,
      2.308511972427368,
      8.665844917297363,
      0.028259621933102608,
      1.193454384803772,
      -0.00810057483613491
    ],
    [
      43.4251823425293,
      23.174652099609375,
      30.342111587524414,
      35.4748649597168,
      61.56214141845703,
      53.35358428955078,
      68.87812805175781,
      56.87306594848633,
      58.47684860229492,
      46.510433197021484,
      56.508628845214844,
      27.945615768432617,
      29.82208824157715,
      2.502326726913452,
      10.460203170776367,
      0.011982754804193974,
      1.350759506225586,
      -0.016251951456069946
    ],
    [
      44.98078918457031,
      31.478515625,
      23.99536895751953,
      33.28173065185547,
      58.085960388183594,
      56.99467086791992,
      56.87306594848633,
      83.6042251586914,
      51.565948486328125,
      62.82233810424805,
      73.87435913085938,
      34.398963928222656,
      35.6177864074707,
      2.9145209789276123,
      13.350911140441895,
      0.0262006726115942,
      2.70064115524292,
      0.07885371148586273
    ],
    [
      29.8004150390625,
      15.360515594482422,
      25.270994186401367,
      30.033109664916992,
      55.26045227050781,
      48.90690994262695,
      58.47684860229492,
      51.565948486328125,
      69.95430755615234,
      49.553436279296875,
      67.01069641113281,
      33.401588439941406,
      36.31588363647461,
      3.0060055255889893,
      12.625236511230469,
      0.009316881187260151,
      1.5103974342346191,
      -0.019404718652367592
    ],
    [
      32.305702209472656,
      23.043155670166016,
      18.283220291137695,
      27.80829429626465,
      46.86606216430664,
      47.39765167236328,
      46.510433197021484,
      62.82233810424805,
      49.553436279296875,
      60.20524215698242,
      67.00640869140625,
      33.59905242919922,
      33.75290298461914,
      3.0245604515075684,
      12.504566192626953,
      0.019187290221452713,
      2.3393468856811523,
      0.05240451917052269
    ],
    [
      24.532405853271484,
      18.807584762573242,
      18.512218475341797,
      24.971534729003906,
      55.0236930847168,
      47.4710578918457,
      56.508628845214844,
      73.87435913085938,
      67.01069641113281,
      67.00640869140625,
      104.53353881835938,
      45.55532455444336,
      52.47868347167969,
      3.930333137512207,
      19.775699615478516,
      0.0031161452643573284,
      3.539273738861084,
      0.06519750505685806
    ],
    [
      13.589693069458008,
      8.722302436828613,
      7.095797538757324,
      12.493138313293457,
      29.32839584350586,
      26.0831298828125,
      27.945615768432617,
      34.398963928222656,
      33.401588439941406,
      33.59905242919922,
      45.55532455444336,
      26.37211799621582,
      25.471290588378906,
      2.374777317047119,
      9.718974113464355,
      0.007513894233852625,
      1.5439567565917969,
      0.01470645610243082
    ],
    [
      11.069612503051758,
      7.316050052642822,
      9.073266983032227,
      12.780970573425293,
      30.457136154174805,
      25.062116622924805,
      29.82208824157715,
      35.6177864074707,
      36.31588363647461,
      33.75290298461914,
      52.47868347167969,
      25.471290588378906,
      31.0183162689209,
      2.4056508541107178,
      11.935857772827148,
      -0.0005210063536651433,
      1.9175609350204468,
      0.01825517602264881
    ],
    [
      1.4225538969039917,
      0.7994950413703918,
      0.6902463436126709,
      1.1152548789978027,
      2.7221286296844482,
      2.308511972427368,
      2.502326726913452,
      2.9145209789276123,
      3.0060055255889893,
      3.0245604515075684,
      3.930333137512207,
      2.374777317047119,
      2.4056508541107178,
      0.34815624356269836,
      0.9831559658050537,
      0.0024003537837415934,
      0.15383876860141754,
      2.1296007616911083e-05
    ],
    [
      4.014537334442139,
      2.6287310123443604,
      2.5228419303894043,
      4.082179546356201,
      10.884093284606934,
      8.665844917297363,
      10.460203170776367,
      13.350911140441895,
      12.625236511230469,
      12.504566192626953,
      19.775699615478516,
      9.718974113464355,
      11.935857772827148,
      0.9831559658050537,
      5.289148330688477,
      -0.0012790870387107134,
      0.8628919720649719,
      0.006432990077883005
    ],
    [
      0.018693242222070694,
      0.013468839228153229,
      0.023296743631362915,
      0.0235428623855114,
      0.022435873746871948,
      0.028259621933102608,
      0.011982754804193974,
      0.0262006726115942,
      0.009316881187260151,
      0.019187290221452713,
      0.0031161452643573284,
      0.007513894233852625,
      -0.0005210063536651433,
      0.0024003537837415934,
      -0.0012790870387107134,
      0.00035619744448922575,
      -0.00013553473399952054,
      4.3650466977851465e-05
    ],
    [
      0.705744743347168,
      0.6498131155967712,
      0.2919946610927582,
      0.6002447605133057,
      1.3956819772720337,
      1.193454384803772,
      1.350759506225586,
      2.70064115524292,
      1.5103974342346191,
      2.3393468856811523,
      3.539273738861084,
      1.5439567565917969,
      1.9175609350204468,
      0.15383876860141754,
      0.8628919720649719,
      -0.00013553473399952054,
      0.20223425328731537,
      0.0038943863473832607
    ],
    [
      -0.0016073856968432665,
      0.03660140931606293,
      -0.001508580520749092,
      -0.002855213824659586,
      -0.014961679466068745,
      -0.00810057483613491,
      -0.016251951456069946,
      0.07885371148586273,
      -0.019404718652367592,
      0.05240451917052269,
      0.06519750505685806,
      0.01470645610243082,
      0.01825517602264881,
      2.1296007616911083e-05,
      0.006432990077883005,
      4.3650466977851465e-05,
      0.0038943863473832607,
      0.0008534688386134803
    ]
  ],
  "damage": -14.294242858886719,
  "diff_bandwidth": 538.2869262695312,
  "dissonance": 3.9840715438499834,
  "drr": 7.338204860687256,
  "dynamics": 4.914217472076416,
  "format": 1245190,
  "frames": 2661312,
  "loudness": -24.114398956298828,
  "loudness_range": 16.036487579345703,
  "loudness_range_short": 17.779394149780273,
  "lowpass_true_peak_15khz": -4.21232271194458,
  "mastering3_acoustic_entropies": [
    {
      "acoustic_entropy": 7.336403846740723,
      "acoustic_entropy_mono": 7.3595805168151855,
      "band_eliminated_acoustic_entropies": [
        {
          "acoustic_entropy": 7.36648416519165,
          "acoustic_entropy_side": 7.336400508880615,
          "hz": 129.47220167065723
        },
        {
          "acoustic_entropy": 7.01546573638916,
          "acoustic_entropy_side": 7.335906982421875,
          "hz": 202.92927478742237
        },
        {
          "acoustic_entropy": 7.532174110412598,
          "acoustic_entropy_side": 7.380383014678955,
          "hz": 282.89161906338205
        },
        {
          "acoustic_entropy": 6.697579383850098,
          "acoustic_entropy_side": 7.392445087432861,
          "hz": 369.9353335868758
        },
        {
          "acoustic_entropy": 6.863891124725342,
          "acoustic_entropy_side": 7.341864585876465,
          "hz": 464.6875360973435
        },
        {
          "acoustic_entropy": 6.964738368988037,
          "acoustic_entropy_side": 7.239659786224365,
          "hz": 567.8308811364784
        },
        {
          "acoustic_entropy": 7.299188613891602,
          "acoustic_entropy_side": 7.4582014083862305,
          "hz": 680.1084783214808
        },
        {
          "acoustic_entropy": 7.445005893707275,
          "acoustic_entropy_side": 7.183284759521484,
          "hz": 802.3292461747484
        },
        {
          "acoustic_entropy": 7.013641357421875,
          "acoustic_entropy_side": 7.422630786895752,
          "hz": 935.3737400823702
        },
        {
          "acoustic_entropy": 7.111273765563965,
          "acoustic_entropy_side": 7.32952880859375,
          "hz": 1080.2004963696966
        },
        {
          "acoustic_entropy": 7.362748622894287,
          "acoustic_entropy_side": 7.353122234344482,
          "hz": 1237.8529382007157
        },
        {
          "acoustic_entropy": 7.770279884338379,
          "acoustic_entropy_side": 7.348011016845703,
          "hz": 1409.4668930556702
        },
        {
          "acoustic_entropy": 6.9185967445373535,
          "acoustic_entropy_side": 7.3195881843566895,
          "hz": 1596.2787759475705
        },
        {
          "acoustic_entropy": 7.422170162200928,
          "acoustic_entropy_side": 7.339439868927002,
          "hz": 1799.6344973346393
        },
        {
          "acoustic_entropy": 7.503133296966553,
          "acoustic_entropy_side": 7.332184314727783,
          "hz": 2020.9991599069049
        },
        {
          "acoustic_entropy": 7.517552852630615,
          "acoustic_entropy_side": 7.335122108459473,
          "hz": 2261.9676141086993
        },
        {
          "acoustic_entropy": 7.4517107009887695,
          "acoustic_entropy_side": 7.33740758895874,
          "hz": 2524.2759484456974
        },
        {
          "acoustic_entropy": 7.360644340515137,
          "acoustic_entropy_side": 7.336515426635742,
          "hz": 2809.813997359896
        },
        {
          "acoustic_entropy": 7.484696865081787,
          "acoustic_entropy_side": 7.336539268493652,
          "hz": 3120.6389567871424
        },
        {
          "acoustic_entropy": 7.3943281173706055,
          "acoustic_entropy_side": 7.336444854736328,
          "hz": 3458.990205492291
        },
        {
          "acoustic_entropy": 7.374605178833008,
          "acoustic_entropy_side": 7.336435794830322,
          "hz": 3827.305438964164
        },
        {
          "acoustic_entropy": 7.348056793212891,
          "acoustic_entropy_side": 7.336408615112305,
          "hz": 4228.238232109126
        },
        {
          "acoustic_entropy": 7.338656425476074,
          "acoustic_entropy_side": 7.336405277252197,
          "hz": 4664.6771572759235
        },
        {
          "acoustic_entropy": 7.33662748336792,
          "acoustic_entropy_side": 7.336404323577881,
          "hz": 5139.766595350093
        },
        {
          "acoustic_entropy": 7.336631774902344,
          "acoustic_entropy_side": 7.336403846740723,
          "hz": 5656.929389854203
        },
        {
          "acoustic_entropy": 7.3365302085876465,
          "acoustic_entropy_side": 7.336403846740723,
          "hz": 6219.891507268283
        },
        {
          "acoustic_entropy": 7.336513519287109,
          "acoustic_entropy_side": 7.336403846740723,
          "hz": 6832.70888123896
        },
        {
          "acoustic_entropy": 7.336495876312256,
          "acoustic_entropy_side": 7.336403846740723,
          "hz": 7499.796634079867
        },
        {
          "acoustic_entropy": 7.336427211761475,
          "acoustic_entropy_side": 7.336403846740723,
          "hz": 8225.96088609342
        },
        {
          "acoustic_entropy": 7.336410045623779,
          "acoustic_entropy_side": 7.336403846740723,
          "hz": 9016.43338188839
        },
        {
          "acoustic_entropy": 7.3364057540893555,
          "acoustic_entropy_side": 7.336403846740723,
          "hz": 9876.909183162974
        },
        {
          "acoustic_entropy": 7.336405277252197,
          "acoustic_entropy_side": 7.336403846740723,
          "hz": 10813.587699516042
        },
        {
          "acoustic_entropy": 7.336404800415039,
          "acoustic_entropy_side": 7.336403846740723,
          "hz": 11833.21735289826
        },
        {
          "acoustic_entropy": 7.336403846740723,
          "acoustic_entropy_side": 7.336403846740723,
          "hz": 12943.144197493959
        },
        {
          "acoustic_entropy": 7.336404323577881,
          "acoustic_entropy_side": 7.336403846740723,
          "hz": 14151.364845322005
        },
        {
          "acoustic_entropy": 7.336403846740723,
          "acoustic_entropy_side": 7.336403846740723,
          "hz": 15466.58407886509
        },
        {
          "acoustic_entropy": 7.336403846740723,
          "acoustic_entropy_side": 7.336403846740723,
          "hz": 16898.27756580493
        },
        {
          "acoustic_entropy": 7.336403846740723,
          "acoustic_entropy_side": 7.336403846740723,
          "hz": 18456.760127700032
        },
        {
          "acoustic_entropy": 7.336403846740723,
          "acoustic_entropy_side": 7.336403846740723,
          "hz": 20153.260054456492
        },
        {
          "acoustic_entropy": 7.336403846740723,
          "acoustic_entropy_side": 7.336403846740723,
          "hz": 22000.00000000001
        }
      ],
      "diff_acoustic_entropy": 1.825697660446167,
      "sn": 6
    },
    {
      "acoustic_entropy": 9.88317584991455,
      "acoustic_entropy_mono": 9.653570175170898,
      "band_eliminated_acoustic_entropies": [
        {
          "acoustic_entropy": 9.597419738769531,
          "acoustic_entropy_side": 9.88319206237793,
          "hz": 129.47220167065723
        },
        {
          "acoustic_entropy": 9.998613357543945,
          "acoustic_entropy_side": 9.893463134765625,
          "hz": 202.92927478742237
        },
        {
          "acoustic_entropy": 10.299901962280273,
          "acoustic_entropy_side": 9.894457817077637,
          "hz": 282.89161906338205
        },
        {
          "acoustic_entropy": 9.549612045288086,
          "acoustic_entropy_side": 9.944467544555664,
          "hz": 369.9353335868758
        },
        {
          "acoustic_entropy": 10.157706260681152,
          "acoustic_entropy_side": 9.776952743530273,
          "hz": 464.6875360973435
        },
        {
          "acoustic_entropy": 9.378341674804688,
          "acoustic_entropy_side": 9.636431694030762,
          "hz": 567.8308811364784
        },
        {
          "acoustic_entropy": 9.277213096618652,
          "acoustic_entropy_side": 10.112178802490234,
          "hz": 680.1084783214808
        },
        {
          "acoustic_entropy": 9.84869384765625,
          "acoustic_entropy_side": 9.6527099609375,
          "hz": 802.3292461747484
        },
        {
          "acoustic_entropy": 10.033660888671875,
          "acoustic_entropy_side": 10.071977615356445,
          "hz": 935.3737400823702
        },
        {
          "acoustic_entropy": 10.145109176635742,
          "acoustic_entropy_side": 9.812834739685059,
          "hz": 1080.2004963696966
        },
        {
          "acoustic_entropy": 9.75918960571289,
          "acoustic_entropy_side": 9.834612846374512,
          "hz": 1237.8529382007157
        },
        {
          "acoustic_entropy": 10.420266151428223,
          "acoustic_entropy_side": 9.827629089355469,
          "hz": 1409.4668930556702
        },
        {
          "acoustic_entropy": 9.692465782165527,
          "acoustic_entropy_side": 9.607193946838379,
          "hz": 1596.2787759475705
        },
        {
          "acoustic_entropy": 9.939107894897461,
          "acoustic_entropy_side": 9.889467239379883,
          "hz": 1799.6344973346393
        },
        {
          "acoustic_entropy": 9.67015266418457,
          "acoustic_entropy_side": 9.8744478225708,
          "hz": 2020.9991599069049
        },
        {
          "acoustic_entropy": 9.54270076751709,
          "acoustic_entropy_side": 9.886682510375977,
          "hz": 2261.9676141086993
        },
        {
          "acoustic_entropy": 9.746955871582031,
          "acoustic_entropy_side": 9.870081901550293,
          "hz": 2524.2759484456974
        },
        {
          "acoustic_entropy": 9.632691383361816,
          "acoustic_entropy_side": 9.884062767028809,
          "hz": 2809.813997359896
        },
        {
          "acoustic_entropy": 9.474898338317871,
          "acoustic_entropy_side": 9.881448745727539,
          "hz": 3120.6389567871424
        },
        {
          "acoustic_entropy": 9.785000801086426,
          "acoustic_entropy_side": 9.8810396194458,
          "hz": 3458.990205492291
        },
        {
          "acoustic_entropy": 9.4229154586792,
          "acoustic_entropy_side": 9.882819175720215,
          "hz": 3827.305438964164
        },
        {
          "acoustic_entropy": 9.648317337036133,
          "acoustic_entropy_side": 9.883100509643555,
          "hz": 4228.238232109126
        },
        {
          "acoustic_entropy": 9.81280517578125,
          "acoustic_entropy_side": 9.883153915405273,
          "hz": 4664.6771572759235
        },
        {
          "acoustic_entropy": 9.874650001525879,
          "acoustic_entropy_side": 9.883173942565918,
          "hz": 5139.766595350093
        },
        {
          "acoustic_entropy": 9.874015808105469,
          "acoustic_entropy_side": 9.883174896240234,
          "hz": 5656.929389854203
        },
        {
          "acoustic_entropy": 9.87891960144043,
          "acoustic_entropy_side": 9.88317584991455,
          "hz": 6219.891507268283
        },
        {
          "acoustic_entropy": 9.87967300415039,
          "acoustic_entropy_side": 9.88317584991455,
          "hz": 6832.70888123896
        },
        {
          "acoustic_entropy": 9.880998611450195,
          "acoustic_entropy_side": 9.88317584991455,
          "hz": 7499.796634079867
        },
        {
          "acoustic_entropy": 9.882585525512695,
          "acoustic_entropy_side": 9.88317584991455,
          "hz": 8225.96088609342
        },
        {
          "acoustic_entropy": 9.883004188537598,
          "acoustic_entropy_side": 9.88317584991455,
          "hz": 9016.43338188839
        },
        {
          "acoustic_entropy": 9.883100509643555,
          "acoustic_entropy_side": 9.88317584991455,
          "hz": 9876.909183162974
        },
        {
          "acoustic_entropy": 9.883146286010742,
          "acoustic_entropy_side": 9.88317584991455,
          "hz": 10813.587699516042
        },
        {
          "acoustic_entropy": 9.883164405822754,
          "acoustic_entropy_side": 9.88317584991455,
          "hz": 11833.21735289826
        },
        {
          "acoustic_entropy": 9.883173942565918,
          "acoustic_entropy_side": 9.88317584991455,
          "hz": 12943.144197493959
        },
        {
          "acoustic_entropy": 9.883173942565918,
          "acoustic_entropy_side": 9.88317584991455,
          "hz": 14151.364845322005
        },
        {
          "acoustic_entropy": 9.88317584991455,
          "acoustic_entropy_side": 9.88317584991455,
          "hz": 15466.58407886509
        },
        {
          "acoustic_entropy": 9.88317584991455,
          "acoustic_entropy_side": 9.88317584991455,
          "hz": 16898.27756580493
        },
        {
          "acoustic_entropy": 9.88317584991455,
          "acoustic_entropy_side": 9.88317584991455,
          "hz": 18456.760127700032
        },
        {
          "acoustic_entropy": 9.88317584991455,
          "acoustic_entropy_side": 9.88317584991455,
          "hz": 20153.260054456492
        },
        {
          "acoustic_entropy": 9.88317584991455,
          "acoustic_entropy_side": 9.88317584991455,
          "hz": 22000.00000000001
        }
      ],
      "diff_acoustic_entropy": 2.940112829208374,
      "sn": 12
    },
    {
      "acoustic_entropy": 14.423969268798828,
      "acoustic_entropy_mono": 14.219841957092285,
      "band_eliminated_acoustic_entropies": [
        {
          "acoustic_entropy": 14.666255950927734,
          "acoustic_entropy_side": 14.426355361938477,
          "hz": 129.47220167065723
        },
        {
          "acoustic_entropy": 15.285867691040039,
          "acoustic_entropy_side": 14.526750564575195,
          "hz": 202.92927478742237
        },
        {
          "acoustic_entropy": 15.020340919494629,
          "acoustic_entropy_side": 15.002370834350586,
          "hz": 282.89161906338205
        },
        {
          "acoustic_entropy": 14.553619384765625,
          "acoustic_entropy_side": 14.433053970336914,
          "hz": 369.9353335868758
        },
        {
          "acoustic_entropy": 16.066104888916016,
          "acoustic_entropy_side": 14.891487121582031,
          "hz": 464.6875360973435
        },
        {
          "acoustic_entropy": 15.137442588806152,
          "acoustic_entropy_side": 14.86450481414795,
          "hz": 567.8308811364784
        },
        {
          "acoustic_entropy": 14.916690826416016,
          "acoustic_entropy_side": 15.380488395690918,
          "hz": 680.1084783214808
        },
        {
          "acoustic_entropy": 15.82646656036377,
          "acoustic_entropy_side": 15.069594383239746,
          "hz": 802.3292461747484
        },
        {
          "acoustic_entropy": 14.247529983520508,
          "acoustic_entropy_side": 14.188847541809082,
          "hz": 935.3737400823702
        },
        {
          "acoustic_entropy": 14.85782241821289,
          "acoustic_entropy_side": 13.97957992553711,
          "hz": 1080.2004963696966
        },
        {
          "acoustic_entropy": 15.171453475952148,
          "acoustic_entropy_side": 14.7854585647583,
          "hz": 1237.8529382007157
        },
        {
          "acoustic_entropy": 16.291553497314453,
          "acoustic_entropy_side": 14.707232475280762,
          "hz": 1409.4668930556702
        },
        {
          "acoustic_entropy": 15.248517990112305,
          "acoustic_entropy_side": 14.629524230957031,
          "hz": 1596.2787759475705
        },
        {
          "acoustic_entropy": 14.675275802612305,
          "acoustic_entropy_side": 14.350371360778809,
          "hz": 1799.6344973346393
        },
        {
          "acoustic_entropy": 15.018438339233398,
          "acoustic_entropy_side": 14.874601364135742,
          "hz": 2020.9991599069049
        },
        {
          "acoustic_entropy": 14.879594802856445,
          "acoustic_entropy_side": 14.493529319763184,
          "hz": 2261.9676141086993
        },
        {
          "acoustic_entropy": 14.759273529052734,
          "acoustic_entropy_side": 14.632304191589355,
          "hz": 2524.2759484456974
        },
        {
