{
  "acoustic_entropy": 221.252685546875,
  "bands": [
    {
      "high_freq": 148.1999969482422,
      "loudness": -35.380985260009766,
      "loudness_range": 25.3291072845459,
      "mid_mean": -32.826961517333984,
      "mid_to_side_loudness": -5.748309135437012,
      "mid_to_side_loudness_range": 9.385411262512207,
      "side_mean": -38.867958068847656
    },
    {
      "high_freq": 392.3793640136719,
      "loudness": -27.8468017578125,
      "loudness_range": 15.741941452026367,
      "low_freq": 148.1999969482422,
      "mid_mean": -26.274831771850586,
      "mid_to_side_loudness": -2.2580504417419434,
      "mid_to_side_loudness_range": 6.287679672241211,
      "side_mean": -28.650312423706055
    },
    {
      "high_freq": 794.6976318359375,
      "loudness": -27.382492065429688,
      "loudness_range": 12.536966323852539,
      "low_freq": 392.3793640136719,
      "mid_mean": -25.281118392944336,
      "mid_to_side_loudness": -3.824248790740967,
      "mid_to_side_loudness_range": 8.068862915039062,
      "side_mean": -29.242067337036133
    },
    {
      "high_freq": 1457.5709228515625,
      "loudness": -28.269201278686523,
      "loudness_range": 20.894296646118164,
      "low_freq": 794.6976318359375,
      "mid_mean": -26.45966148376465,
      "mid_to_side_loudness": -3.141611099243164,
      "mid_to_side_loudness_range": 9.440058708190918,
      "side_mean": -29.759601593017578
    },
    {
      "high_freq": 2549.74365234375,
      "loudness": -31.73792839050293,
      "loudness_range": 18.29701042175293,
      "low_freq": 1457.5709228515625,
      "mid_mean": -29.561767578125,
      "mid_to_side_loudness": -4.71735143661499,
      "mid_to_side_loudness_range": 12.190260887145996,
      "side_mean": -34.55788803100586
    },
    {
      "high_freq": 4349.24462890625,
      "loudness": -36.98955154418945,
      "loudness_range": 21.118425369262695,
      "low_freq": 2549.74365234375,
      "mid_mean": -34.4891242980957,
      "mid_to_side_loudness": -5.7724609375,
      "mid_to_side_loudness_range": 12.236102104187012,
      "side_mean": -40.734100341796875
    },
    {
      "high_freq": 7314.1640625,
      "loudness": -42.69301223754883,
      "loudness_range": 21.65997886657715,
      "low_freq": 4349.24462890625,
      "mid_mean": -41.652530670166016,
      "mid_to_side_loudness": -1.5075585842132568,
      "mid_to_side_loudness_range": 8.100847244262695,
      "side_mean": -43.23208999633789
    },
    {
      "high_freq": 12199.2666015625,
      "loudness": -49.981292724609375,
      "loudness_range": 26.642669677734375,
      "low_freq": 7314.1640625,
      "mid_mean": -48.7679557800293,
      "mid_to_side_loudness": -1.7491353750228882,
      "mid_to_side_loudness_range": 9.569866180419922,
      "side_mean": -50.831947326660156
    },
    {
      "loudness": -60.664276123046875,
      "loudness_range": 24.680252075195312,
      "low_freq": 12199.2666015625,
      "mid_mean": -58.14254379272461,
      "mid_to_side_loudness": -2.411252737045288,
      "mid_to_side_loudness_range": 9.805427551269531,
      "side_mean": -60.103797912597656
    }
  ],
  "bands_short": [
    {
      "high_freq": 148.1999969482422,
      "loudness": -39.6178092956543,
      "loudness_range": 30.97570037841797,
      "mid_mean": -37.60342025756836,
      "mid_to_side_loudness": -5.960536956787109,
      "mid_to_side_loudness_range": 17.24419403076172,
      "side_mean": -43.95570755004883
    },
    {
      "high_freq": 392.3793640136719,
      "loudness": -28.68218231201172,
      "loudness_range": 18.242528915405273,
      "low_freq": 148.1999969482422,
      "mid_mean": -27.272493362426758,
      "mid_to_side_loudness": -2.266082763671875,
      "mid_to_side_loudness_range": 10.702859878540039,
      "side_mean": -29.730234146118164
    },
    {
      "high_freq": 794.6976318359375,
      "loudness": -28.665279388427734,
      "loudness_range": 15.54918098449707,
      "low_freq": 392.3793640136719,
      "mid_mean": -26.85860824584961,
      "mid_to_side_loudness": -3.3649048805236816,
      "mid_to_side_loudness_range": 10.677452087402344,
      "side_mean": -30.40027618408203
    },
    {
      "high_freq": 1457.5709228515625,
      "loudness": -28.16193962097168,
      "loudness_range": 22.34362030029297,
      "low_freq": 794.6976318359375,
      "mid_mean": -26.631935119628906,
      "mid_to_side_loudness": -2.797119140625,
      "mid_to_side_loudness_range": 12.272686004638672,
      "side_mean": -29.6744441986084
    },
    {
      "high_freq": 2549.74365234375,
      "loudness": -32.814659118652344,
      "loudness_range": 20.669511795043945,
      "low_freq": 1457.5709228515625,
      "mid_mean": -30.955795288085938,
      "mid_to_side_loudness": -3.948589324951172,
      "mid_to_side_loudness_range": 15.013965606689453,
      "side_mean": -35.39850997924805
    },
    {
      "high_freq": 4349.24462890625,
      "loudness": -38.53631591796875,
      "loudness_range": 24.34203338623047,
      "low_freq": 2549.74365234375,
      "mid_mean": -36.38148880004883,
      "mid_to_side_loudness": -4.770317554473877,
      "mid_to_side_loudness_range": 14.367679595947266,
      "side_mean": -41.77018737792969
    },
    {
      "high_freq": 7314.1640625,
      "loudness": -45.01911926269531,
      "loudness_range": 26.70412826538086,
      "low_freq": 4349.24462890625,
      "mid_mean": -44.10874557495117,
      "mid_to_side_loudness": -1.2367231845855713,
      "mid_to_side_loudness_range": 9.388608932495117,
      "side_mean": -45.65871047973633
    },
    {
      "high_freq": 12199.2666015625,
      "loudness": -53.38836669921875,
      "loudness_range": 32.130741119384766,
      "low_freq": 7314.1640625,
      "mid_mean": -52.37587356567383,
      "mid_to_side_loudness": -1.8004937171936035,
      "mid_to_side_loudness_range": 10.686016082763672,
      "side_mean": -54.13603591918945
    },
    {
      "loudness": -63.7581787109375,
      "loudness_range": 28.039833068847656,
      "low_freq": 12199.2666015625,
      "mid_mean": -60.38371276855469,
      "mid_to_side_loudness": -2.491140365600586,
      "mid_to_side_loudness_range": 11.437793731689453,
      "side_mean": -62.52510452270508
    }
  ],
  "bandwidth": 753.049072265625,
  "channels": 2,
  "covariance": [
    [
      83.0197982788086,
      68.68323516845703,
      34.362613677978516,
      33.00846481323242,
      10.328845977783203,
      14.115757942199707,
      10.996227264404297,
      9.02211856842041,
      2.0655195713043213,
      3.8910796642303467,
      3.289264678955078,
      7.629076957702637,
      12.786788940429688,
      18.661556243896484,
      19.048389434814453,
      31.205976486206055,
      16.260990142822266,
      22.631637573242188
    ],
    [
      68.68323516845703,
      73.41427612304688,
      32.70182800292969,
      31.52399253845215,
      9.052179336547852,
      12.369773864746094,
      11.85485553741455,
      9.819650650024414,
      4.027941703796387,
      5.449914932250977,
      5.8965983390808105,
      9.774734497070312,
      14.723973274230957,
      21.28143882751465,
      20.619503021240234,
      33.78892135620117,
      16.011587142944336,
      22.463382720947266
    ],
    [
      34.362613677978516,
      32.70182800292969,
      36.347503662109375,
      31.027742385864258,
      11.817861557006836,
      15.044921875,
      12.426828384399414,
      11.343117713928223,
      5.627260684967041,
      6.969916343688965,
      4.052850723266602,
      9.629265785217285,
      13.324633598327637,
      19.668899536132812,
      20.10152244567871,
      30.120939254760742,
      14.218727111816406,
      20.451364517211914
    ],
    [
      33.00846481323242,
      31.52399253845215,
      31.027742385864258,
      33.01926803588867,
      11.453362464904785,
      14.49616813659668,
      11.47075080871582,
      11.15283203125,
      4.989381790161133,
      7.077723026275635,
      5.482673168182373,
      10.199955940246582,
      13.628656387329102,
      19.776243209838867,
      18.69878578186035,
      28.95545196533203,
      13.72421932220459,
      19.34830093383789
    ],
    [
      10.328845977783203,
      9.052179336547852,
      11.817861557006836,
      11.453362464904785,
      22.538616180419922,
      18.459228515625,
      14.14771556854248,
      12.072175979614258,
      14.338390350341797,
      14.113924980163574,
      12.540719985961914,
      12.676963806152344,
      14.417516708374023,
      12.77591609954834,
      12.55880355834961,
      13.949507713317871,
      11.371899604797363,
      9.775876998901367
    ],
    [
      14.115757942199707,
      12.369773864746094,
      15.044921875,
      14.49616813659668,
      18.459228515625,
      21.749969482421875,
      19.083969116210938,
      16.62569236755371,
      14.369470596313477,
      14.513937950134277,
      14.001111030578613,
      14.854642868041992,
      16.514183044433594,
      15.195268630981445,
      14.38441276550293,
      16.5725040435791,
      13.03292179107666,
      11.779068946838379
    ],
    [
      10.996227264404297,
      11.85485553741455,
      12.426828384399414,
      11.47075080871582,
      14.14771556854248,
      19.083969116210938,
      56.74846649169922,
      43.258785247802734,
      32.0729866027832,
      24.438953399658203,
      40.487342834472656,
      35.505428314208984,
      36.69964599609375,
      30.691028594970703,
      30.442630767822266,
      26.018287658691406,
      27.03849220275879,
      17.694042205810547
    ],
    [
      9.02211856842041,
      9.819650650024414,
      11.343117713928223,
      11.15283203125,
      12.072175979614258,
      16.62569236755371,
      43.258785247802734,
      39.8355598449707,
      25.37529754638672,
      21.181259155273438,
      32.60413360595703,
      29.97827911376953,
      28.854202270507812,
      25.5583553314209,
      23.400245666503906,
      21.39371681213379,
      20.57671546936035,
      14.307765007019043
    ],
    [
      2.0655195713043213,
      4.027941703796387,
      5.627260684967041,
      4.989381790161133,
      14.338390350341797,
      14.369470596313477,
      32.0729866027832,
      25.37529754638672,
      49.856422424316406,
      32.78226089477539,
      41.118534088134766,
      29.2021541595459,
      26.65936279296875,
      19.641815185546875,
      19.156726837158203,
      12.543560028076172,
      18.1551513671875,
      7.940372467041016
    ],
    [
      3.8910796642303467,
      5.449914932250977,
      6.969916343688965,
      7.077723026275635,
      14.113924980163574,
      14.513937950134277,
      24.438953399658203,
      21.181259155273438,
      32.78226089477539,
      32.42849349975586,
      30.49263572692871,
      24.60729217529297,
      22.36490249633789,
      18.008926391601562,
      15.518388748168945,
      12.811681747436523,
      13.68028736114502,
      7.604540824890137
    ],
    [
      3.289264678955078,
      5.8965983390808105,
      4.052850723266602,
      5.482673168182373,
      12.540719985961914,
      14.001111030578613,
      40.487342834472656,
      32.60413360595703,
      41.118534088134766,
      30.49263572692871,
      61.176876068115234,
      41.0293083190918,
      40.268123626708984,
      30.93537139892578,
      28.8752384185791,
      20.605775833129883,
      26.828527450561523,
      12.351271629333496
    ],
    [
      7.629076957702637,
      9.774734497070312,
      9.629265785217285,
      10.199955940246582,
      12.676963806152344,
      14.854642868041992,
      35.505428314208984,
      29.97827911376953,
      29.2021541595459,
      24.60729217529297,
      41.0293083190918,
      40.40945053100586,
      39.137115478515625,
      36.84865188598633,
      33.59865188598633,
      32.91965866088867,
      26.54921531677246,
      20.132240295410156
    ],
    [
      12.786788940429688,
      14.723973274230957,
      13.324633598327637,
      13.628656387329102,
      14.417516708374023,
      16.514183044433594,
      36.69964599609375,
      28.854202270507812,
      26.65936279296875,
      22.36490249633789,
      40.268123626708984,
      39.137115478515625,
      60.20762634277344,
      55.582435607910156,
      54.90021896362305,
      57.94736862182617,
      42.720760345458984,
      38.31864929199219
    ],
    [
      18.661556243896484,
      21.28143882751465,
      19.668899536132812,
      19.776243209838867,
      12.77591609954834,
      15.195268630981445,
      30.691028594970703,
      25.5583553314209,
      19.641815185546875,
      18.008926391601562,
      30.93537139892578,
      36.84865188598633,
      55.582435607910156,
      63.085636138916016,
      59.257476806640625,
      69.79596710205078,
      43.30906677246094,
      46.00370788574219
    ],
    [
      19.048389434814453,
      20.619503021240234,
      20.10152244567871,
      18.69878578186035,
      12.55880355834961,
      14.38441276550293,
      30.442630767822266,
      23.400245666503906,
      19.156726837158203,
      15.518388748168945,
      28.8752384185791,
      33.59865188598633,
      54.90021896362305,
      59.257476806640625,
      68.47161865234375,
      75.67009735107422,
      50.246822357177734,
      52.219112396240234
    ],
    [
      31.205976486206055,
      33.78892135620117,
      30.120939254760742,
      28.95545196533203,
      13.949507713317871,
      16.5725040435791,
      26.018287658691406,
      21.39371681213379,
      12.543560028076172,
      12.811681747436523,
      20.605775833129883,
      32.91965866088867,
      57.94736862182617,
      69.79596710205078,
      75.67009735107422,
      100.07117462158203,
      56.421321868896484,
      66.72636413574219
    ],
    [
      16.260990142822266,
      16.011587142944336,
      14.218727111816406,
      13.72421932220459,
      11.371899604797363,
      13.03292179107666,
      27.03849220275879,
      20.57671546936035,
      18.1551513671875,
      13.68028736114502,
      26.828527450561523,
      26.54921531677246,
      42.720760345458984,
      43.30906677246094,
      50.246822357177734,
      56.421321868896484,
      46.63810729980469,
      43.705909729003906
    ],
    [
      22.631637573242188,
      22.463382720947266,
      20.451364517211914,
      19.34830093383789,
      9.775876998901367,
      11.779068946838379,
      17.694042205810547,
      14.307765007019043,
      7.940372467041016,
      7.604540824890137,
      12.351271629333496,
      20.132240295410156,
      38.31864929199219,
      46.00370788574219,
      52.219112396240234,
      66.72636413574219,
      43.705909729003906,
      52.14207077026367
    ]
  ],
  "covariance_short": [
    [
      117.35797882080078,
      83.4320068359375,
      43.492774963378906,
      41.37887191772461,
      19.839736938476562,
      25.602214813232422,
      12.013394355773926,
      10.136035919189453,
      8.721330642700195,
      7.503341197967529,
      12.550395011901855,
      11.90733814239502,
      18.341472625732422,
      19.645648956298828,
      24.7250919342041,
      27.97342872619629,
      17.96112632751465,
      17.433719635009766
    ],
    [
      83.4320068359375,
      99.87669372558594,
      38.59516525268555,
      38.06467819213867,
      17.507043838500977,
      22.17127227783203,
      12.029450416564941,
      10.216998100280762,
      11.738336563110352,
      10.30117416381836,
      17.068328857421875,
      14.571475982666016,
      20.899011611938477,
      22.012779235839844,
      25.130964279174805,
      28.307466506958008,
      16.673625946044922,
      14.989143371582031
    ],
    [
      43.492774963378906,
      38.59516525268555,
      49.364925384521484,
      37.86370086669922,
      21.620277404785156,
      24.827287673950195,
      14.221776008605957,
      11.635828018188477,
      8.887763023376465,
      8.624884605407715,
      9.364533424377441,
      10.943085670471191,
      17.048728942871094,
      20.56454849243164,
      23.10418128967285,
      28.412248611450195,
      14.338496208190918,
      16.80628204345703
    ],
    [
      41.37887191772461,
      38.06467819213867,
      37.86370086669922,
      44.23537826538086,
      19.888565063476562,
      23.676855087280273,
      13.520817756652832,
      12.540470123291016,
      9.167515754699707,
      9.648578643798828,
      10.302748680114746,
      12.169475555419922,
      17.219987869262695,
      21.43168067932129,
      21.999719619750977,
      27.177759170532227,
      14.065298080444336,
      16.037858963012695
    ],
    [
      19.839736938476562,
      17.507043838500977,
      21.620277404785156,
      19.888565063476562,
      33.93989181518555,
      26.57394027709961,
      16.34866714477539,
      14.43122386932373,
      13.533266067504883,
      15.911628723144531,
      13.963122367858887,
      15.479841232299805,
      19.667972564697266,
      20.638874053955078,
      21.738250732421875,
      23.424076080322266,
      14.529967308044434,
      14.004463195800781
    ],
    [
      25.602214813232422,
      22.17127227783203,
      24.827287673950195,
      23.676855087280273,
      26.57394027709961,
      33.92103958129883,
      21.11756706237793,
      19.166690826416016,
      13.821820259094238,
      15.529997825622559,
      15.62168025970459,
      17.481441497802734,
      21.74388885498047,
      23.306018829345703,
      23.66154670715332,
      25.97694969177246,
      16.265596389770508,
      15.527078628540039
    ],
    [
      12.013394355773926,
      12.029450416564941,
      14.221776008605957,
      13.520817756652832,
      16.34866714477539,
      21.11756706237793,
      68.28954315185547,
      47.52531814575195,
      39.809837341308594,
      29.467012405395508,
      48.068050384521484,
      40.53437042236328,
      47.22947692871094,
      41.57642364501953,
      43.913238525390625,
      35.30530548095703,
      34.063331604003906,
      21.019023895263672
    ],
    [
      10.136035919189453,
      10.216998100280762,
      11.635828018188477,
      12.540470123291016,
      14.43122386932373,
      19.166690826416016,
      47.52531814575195,
      46.92115783691406,
      29.45008659362793,
      25.18418312072754,
      37.31916809082031,
      34.57279968261719,
      36.88148498535156,
      35.35051727294922,
      34.000335693359375,
      29.37327003479004,
      25.60419273376465,
      16.878189086914062
    ],
    [
      8.721330642700195,
      11.738336563110352,
      8.887763023376465,
      9.167515754699707,
      13.533266067504883,
      13.821820259094238,
      39.809837341308594,
      29.45008659362793,
      63.81577682495117,
      37.670745849609375,
      52.51576614379883,
      35.55215835571289,
      39.07368469238281,
      30.312026977539062,
      33.14247131347656,
      21.989343643188477,
      26.59592056274414,
      13.03562068939209
    ],
    [
      7.503341197967529,
      10.30117416381836,
      8.624884605407715,
      9.648578643798828,
      15.911628723144531,
      15.529997825622559,
      29.467012405395508,
      25.18418312072754,
      37.670745849609375,
      41.70208740234375,
      36.819358825683594,
      30.05165672302246,
      30.787921905517578,
      27.725013732910156,
      26.74625587463379,
      21.18610382080078,
      19.5653133392334,
      11.6329345703125
    ],
    [
      12.550395011901855,
      17.068328857421875,
      9.364533424377441,
      10.302748680114746,
      13.963122367858887,
      15.62168025970459,
      48.068050384521484,
      37.31916809082031,
      52.51576614379883,
      36.819358825683594,
      81.68700408935547,
      51.60678482055664,
      60.27490234375,
      48.697540283203125,
      51.89919662475586,
      38.291866302490234,
      41.06330490112305,
      22.34199333190918
    ],
    [
      11.90733814239502,
      14.571475982666016,
      10.943085670471191,
      12.169475555419922,
      15.479841232299805,
      17.481441497802734,
      40.53437042236328,
      34.57279968261719,
      35.55215835571289,
      30.05165672302246,
      51.60678482055664,
      51.36079406738281,
      52.03757095336914,
      50.25037384033203,
      47.5876350402832,
      43.711402893066406,
      33.79616928100586,
      24.694910049438477
    ],
    [
      18.341472625732422,
      20.899011611938477,
      17.048728942871094,
      17.219987869262695,
      19.667972564697266,
      21.74388885498047,
      47.22947692871094,
      36.88148498535156,
      39.07368469238281,
      30.787921905517578,
      60.27490234375,
      52.03757095336914,
      86.13180541992188,
      77.1431884765625,
      78.2786865234375,
      76.02496337890625,
      55.64039993286133,
      46.321815490722656
    ],
    [
      19.645648956298828,
      22.012779235839844,
      20.56454849243164,
      21.43168067932129,
      20.638874053955078,
      23.306018829345703,
      41.57642364501953,
      35.35051727294922,
      30.312026977539062,
      27.725013732910156,
      48.697540283203125,
      50.25037384033203,
      77.1431884765625,
      84.5091552734375,
      78.77587127685547,
      84.48023223876953,
      52.77790451049805,
      50.56926727294922
    ],
    [
      24.7250919342041,
      25.130964279174805,
      23.10418128967285,
      21.999719619750977,
      21.738250732421875,
      23.66154670715332,
      43.913238525390625,
      34.000335693359375,
      33.14247131347656,
      26.74625587463379,
      51.89919662475586,
      47.5876350402832,
      78.2786865234375,
      78.77587127685547,
      98.27299499511719,
      95.27791595458984,
      66.15433502197266,
      60.08515930175781
    ],
    [
      27.97342872619629,
      28.307466506958008,
      28.412248611450195,
      27.177759170532227,
      23.424076080322266,
      25.97694969177246,
      35.30530548095703,
      29.37327003479004,
      21.989343643188477,
      21.18610382080078,
      38.291866302490234,
      43.711402893066406,
      76.02496337890625,
      84.48023223876953,
      95.27791595458984,
      106.68214416503906,
      62.122074127197266,
      66.24573516845703
    ],
    [
      17.96112632751465,
      16.673625946044922,
      14.338496208190918,
      14.065298080444336,
      14.529967308044434,
      16.265596389770508,
      34.063331604003906,
      25.60419273376465,
      26.59592056274414,
      19.5653133392334,
      41.06330490112305,
      33.79616928100586,
      55.64039993286133,
      52.77790451049805,
      66.15433502197266,
      62.122074127197266,
      56.83796691894531,
      47.157100677490234
    ],
    [
      17.433719635009766,
      14.989143371582031,
      16.80628204345703,
      16.037858963012695,
      14.004463195800781,
      15.527078628540039,
      21.019023895263672,
      16.878189086914062,
      13.03562068939209,
      11.6329345703125,
      22.34199333190918,
      24.694910049438477,
      46.321815490722656,
      50.56926727294922,
      60.08515930175781,
      66.24573516845703,
      47.157100677490234,
      51.322654724121094
    ]
  ],
  "damage": -10.61002254486084,
  "diff_bandwidth": 773.4010009765625,
  "dissonance": 6.879027811949207,
  "drr": 8.855947494506836,
  "dynamics": 4.036825656890869,
  "format": 1245190,
  "frames": 8550696,
  "loudness": -16.989450454711914,
  "loudness_range": 11.245014190673828,
  "loudness_range_short": 13.54814624786377,
  "lowpass_true_peak_15khz": -0.022996965795755386,
  "mastering3_acoustic_entropies": [
    {
      "acoustic_entropy": 8.343899726867676,
      "acoustic_entropy_mono": 8.054118156433105,
      "band_eliminated_acoustic_entropies": [
        {
          "acoustic_entropy": 8.330074310302734,
          "acoustic_entropy_side": 8.343735694885254,
          "hz": 129.47220167065723
        },
        {
          "acoustic_entropy": 8.241629600524902,
          "acoustic_entropy_side": 8.327635765075684,
          "hz": 202.92927478742237
        },
        {
          "acoustic_entropy": 8.345837593078613,
          "acoustic_entropy_side": 8.24866008758545,
          "hz": 282.89161906338205
        },
        {
          "acoustic_entropy": 8.128676414489746,
          "acoustic_entropy_side": 8.09988784790039,
          "hz": 369.9353335868758
        },
        {
          "acoustic_entropy": 7.779407024383545,
          "acoustic_entropy_side": 8.112853050231934,
          "hz": 464.6875360973435
        },
        {
          "acoustic_entropy": 8.033076286315918,
          "acoustic_entropy_side": 8.273752212524414,
          "hz": 567.8308811364784
        },
        {
          "acoustic_entropy": 8.230964660644531,
          "acoustic_entropy_side": 8.304034233093262,
          "hz": 680.1084783214808
        },
        {
          "acoustic_entropy": 7.884085655212402,
          "acoustic_entropy_side": 8.25390911102295,
          "hz": 802.3292461747484
        },
        {
          "acoustic_entropy": 9.065285682678223,
          "acoustic_entropy_side": 8.468707084655762,
          "hz": 935.3737400823702
        },
        {
          "acoustic_entropy": 8.087904930114746,
          "acoustic_entropy_side": 8.141020774841309,
          "hz": 1080.2004963696966
        },
        {
          "acoustic_entropy": 7.911726951599121,
          "acoustic_entropy_side": 8.377724647521973,
          "hz": 1237.8529382007157
        },
        {
          "acoustic_entropy": 8.395162582397461,
          "acoustic_entropy_side": 8.562036514282227,
          "hz": 1409.4668930556702
        },
        {
          "acoustic_entropy": 8.501364707946777,
          "acoustic_entropy_side": 8.491397857666016,
          "hz": 1596.2787759475705
        },
        {
          "acoustic_entropy": 7.541731834411621,
          "acoustic_entropy_side": 8.303340911865234,
          "hz": 1799.6344973346393
        },
        {
          "acoustic_entropy": 8.452960968017578,
          "acoustic_entropy_side": 8.359771728515625,
          "hz": 2020.9991599069049
        },
        {
          "acoustic_entropy": 8.736236572265625,
          "acoustic_entropy_side": 8.357375144958496,
          "hz": 2261.9676141086993
        },
        {
          "acoustic_entropy": 8.420865058898926,
          "acoustic_entropy_side": 8.342535972595215,
          "hz": 2524.2759484456974
        },
        {
          "acoustic_entropy": 8.289176940917969,
          "acoustic_entropy_side": 8.343825340270996,
          "hz": 2809.813997359896
        },
        {
          "acoustic_entropy": 8.488964080810547,
          "acoustic_entropy_side": 8.348235130310059,
          "hz": 3120.6389567871424
        },
        {
          "acoustic_entropy": 7.84520959854126,
          "acoustic_entropy_side": 8.366410255432129,
          "hz": 3458.990205492291
        },
        {
          "acoustic_entropy": 8.40235424041748,
          "acoustic_entropy_side": 8.350493431091309,
          "hz": 3827.305438964164
        },
        {
          "acoustic_entropy": 8.435829162597656,
          "acoustic_entropy_side": 8.350994110107422,
          "hz": 4228.238232109126
        },
        {
          "acoustic_entropy": 8.703640937805176,
          "acoustic_entropy_side": 8.353224754333496,
          "hz": 4664.6771572759235
        },
        {
          "acoustic_entropy": 8.201656341552734,
          "acoustic_entropy_side": 8.352068901062012,
          "hz": 5139.766595350093
        },
        {
          "acoustic_entropy": 8.344837188720703,
          "acoustic_entropy_side": 8.343938827514648,
          "hz": 5656.929389854203
        },
        {
          "acoustic_entropy": 8.342082977294922,
          "acoustic_entropy_side": 8.325100898742676,
          "hz": 6219.891507268283
        },
        {
          "acoustic_entropy": 8.312910079956055,
          "acoustic_entropy_side": 8.314682960510254,
          "hz": 6832.70888123896
        },
        {
          "acoustic_entropy": 8.312795639038086,
          "acoustic_entropy_side": 8.311537742614746,
          "hz": 7499.796634079867
        },
        {
          "acoustic_entropy": 8.313101768493652,
          "acoustic_entropy_side": 8.312553405761719,
          "hz": 8225.96088609342
        },
        {
          "acoustic_entropy": 8.315521240234375,
          "acoustic_entropy_side": 8.31779670715332,
          "hz": 9016.43338188839
        },
        {
          "acoustic_entropy": 8.32066535949707,
          "acoustic_entropy_side": 8.327856063842773,
          "hz": 9876.909183162974
        },
        {
          "acoustic_entropy": 8.330598831176758,
          "acoustic_entropy_side": 8.334894180297852,
          "hz": 10813.587699516042
        },
        {
          "acoustic_entropy": 8.33946704864502,
          "acoustic_entropy_side": 8.340439796447754,
          "hz": 11833.21735289826
        },
        {
          "acoustic_entropy": 8.342159271240234,
          "acoustic_entropy_side": 8.342493057250977,
          "hz": 12943.144197493959
        },
        {
          "acoustic_entropy": 8.3433198928833,
          "acoustic_entropy_side": 8.343464851379395,
          "hz": 14151.364845322005
        },
        {
          "acoustic_entropy": 8.343791961669922,
          "acoustic_entropy_side": 8.343791007995605,
          "hz": 15466.58407886509
        },
        {
          "acoustic_entropy": 8.343886375427246,
          "acoustic_entropy_side": 8.343876838684082,
          "hz": 16898.27756580493
        },
        {
          "acoustic_entropy": 8.34389591217041,
          "acoustic_entropy_side": 8.343894004821777,
          "hz": 18456.760127700032
        },
        {
          "acoustic_entropy": 8.343902587890625,
          "acoustic_entropy_side": 8.343900680541992,
          "hz": 20153.260054456492
        },
        {
          "acoustic_entropy": 8.343899726867676,
          "acoustic_entropy_side": 8.34389877319336,
          "hz": 22000.00000000001
        }
      ],
      "diff_acoustic_entropy": 7.436129570007324,
      "sn": 6
    },
    {
      "acoustic_entropy": 13.86440372467041,
      "acoustic_entropy_mono": 13.314598083496094,
      "band_eliminated_acoustic_entropies": [
        {
          "acoustic_entropy": 13.777392387390137,
          "acoustic_entropy_side": 13.863390922546387,
          "hz": 129.47220167065723
        },
        {
          "acoustic_entropy": 13.34706974029541,
          "acoustic_entropy_side": 13.77618408203125,
          "hz": 202.92927478742237
        },
        {
          "acoustic_entropy": 13.67199993133545,
          "acoustic_entropy_side": 13.872109413146973,
          "hz": 282.89161906338205
        },
        {
          "acoustic_entropy": 13.370572090148926,
          "acoustic_entropy_side": 13.951944351196289,
          "hz": 369.9353335868758
        },
        {
          "acoustic_entropy": 12.743490219116211,
          "acoustic_entropy_side": 13.676158905029297,
          "hz": 464.6875360973435
        },
        {
          "acoustic_entropy": 14.053455352783203,
          "acoustic_entropy_side": 13.788680076599121,
          "hz": 567.8308811364784
        },
        {
          "acoustic_entropy": 13.3169527053833,
          "acoustic_entropy_side": 14.056373596191406,
          "hz": 680.1084783214808
        },
        {
          "acoustic_entropy": 13.649465560913086,
          "acoustic_entropy_side": 14.309890747070312,
          "hz": 802.3292461747484
        },
        {
          "acoustic_entropy": 14.03907585144043,
          "acoustic_entropy_side": 14.005990982055664,
          "hz": 935.3737400823702
        },
        {
          "acoustic_entropy": 13.775742530822754,
          "acoustic_entropy_side": 13.595337867736816,
          "hz": 1080.2004963696966
        },
        {
          "acoustic_entropy": 13.606330871582031,
          "acoustic_entropy_side": 13.82131290435791,
          "hz": 1237.8529382007157
        },
        {
          "acoustic_entropy": 13.669503211975098,
          "acoustic_entropy_side": 13.855539321899414,
          "hz": 1409.4668930556702
        },
        {
          "acoustic_entropy": 13.943888664245605,
          "acoustic_entropy_side": 14.081026077270508,
          "hz": 1596.2787759475705
        },
        {
          "acoustic_entropy": 13.703519821166992,
          "acoustic_entropy_side": 13.691864967346191,
          "hz": 1799.6344973346393
        },
        {
          "acoustic_entropy": 13.46140193939209,
          "acoustic_entropy_side": 13.716917037963867,
          "hz": 2020.9991599069049
        },
        {
          "acoustic_entropy": 13.534712791442871,
          "acoustic_entropy_side": 13.905526161193848,
          "hz": 2261.9676141086993
        },
        {
          "acoustic_entropy": 13.43151569366455,
          "acoustic_entropy_side": 13.855765342712402,
          "hz": 2524.2759484456974
        },
        {
          "acoustic_entropy": 13.6182861328125,
          "acoustic_entropy_side": 13.66540241241455,
          "hz": 2809.813997359896
        },
        {
          "acoustic_entropy": 13.527326583862305,
          "acoustic_entropy_side": 13.844213485717773,
          "hz": 3120.6389567871424
        },
        {
          "acoustic_entropy": 12.969799995422363,
          "acoustic_entropy_side": 13.97230052947998,
          "hz": 3458.990205492291
        },
        {
          "acoustic_entropy": 13.837587356567383,
          "acoustic_entropy_side": 13.837300300598145,
          "hz": 3827.305438964164
        },
        {
          "acoustic_entropy": 13.345948219299316,
          "acoustic_entropy_side": 13.852609634399414,
          "hz": 4228.238232109126
        },
        {
          "acoustic_entropy": 13.144039154052734,
          "acoustic_entropy_side": 13.86467170715332,
          "hz": 4664.6771572759235
        },
        {
          "acoustic_entropy": 13.864974975585938,
          "acoustic_entropy_side": 13.805425643920898,
          "hz": 5139.766595350093
        },
        {
          "acoustic_entropy": 13.895170211791992,
          "acoustic_entropy_side": 13.87857437133789,
          "hz": 5656.929389854203
        },
        {
          "acoustic_entropy": 13.85797119140625,
          "acoustic_entropy_side": 13.894669532775879,
          "hz": 6219.891507268283
        },
        {
          "acoustic_entropy": 13.8964262008667,
          "acoustic_entropy_side": 13.91021728515625,
          "hz": 6832.70888123896
        },
        {
          "acoustic_entropy": 13.856315612792969,
          "acoustic_entropy_side": 13.863157272338867,
          "hz": 7499.796634079867
        },
        {
          "acoustic_entropy": 13.868841171264648,
          "acoustic_entropy_side": 13.871408462524414,
          "hz": 8225.96088609342
        },
        {
          "acoustic_entropy": 13.865701675415039,
          "acoustic_entropy_side": 13.883071899414062,
          "hz": 9016.43338188839
        },
        {
          "acoustic_entropy": 13.902070045471191,
          "acoustic_entropy_side": 13.890908241271973,
          "hz": 9876.909183162974
        },
        {
          "acoustic_entropy": 13.893741607666016,
          "acoustic_entropy_side": 13.886577606201172,
          "hz": 10813.587699516042
        },
        {
          "acoustic_entropy": 13.879169464111328,
          "acoustic_entropy_side": 13.87350845336914,
          "hz": 11833.21735289826
        },
        {
          "acoustic_entropy": 13.869366645812988,
          "acoustic_entropy_side": 13.869012832641602,
          "hz": 12943.144197493959
        },
        {
          "acoustic_entropy": 13.86838150024414,
          "acoustic_entropy_side": 13.866414070129395,
          "hz": 14151.364845322005
        },
        {
          "acoustic_entropy": 13.866070747375488,
          "acoustic_entropy_side": 13.865738868713379,
          "hz": 15466.58407886509
        },
        {
          "acoustic_entropy": 13.865275382995605,
          "acoustic_entropy_side": 13.865079879760742,
          "hz": 16898.27756580493
        },
        {
          "acoustic_entropy": 13.865001678466797,
          "acoustic_entropy_side": 13.864776611328125,
          "hz": 18456.760127700032
        },
        {
          "acoustic_entropy": 13.864683151245117,
          "acoustic_entropy_side": 13.864568710327148,
          "hz": 20153.260054456492
        },
        {
          "acoustic_entropy": 13.864411354064941,
          "acoustic_entropy_side": 13.864410400390625,
          "hz": 22000.00000000001
        }
      ],
      "diff_acoustic_entropy": 13.521600723266602,
      "sn": 12
    },
    {
      "acoustic_entropy": 21.470067977905273,
      "acoustic_entropy_mono": 18.90961265563965,
      "band_eliminated_acoustic_entropies": [
        {
          "acoustic_entropy": 21.85304069519043,
          "acoustic_entropy_side": 21.739864349365234,
          "hz": 129.47220167065723
        },
        {
          "acoustic_entropy": 21.633718490600586,
          "acoustic_entropy_side": 22.08129119873047,
          "hz": 202.92927478742237
        },
        {
          "acoustic_entropy": 21.75350570678711,
          "acoustic_entropy_side": 21.593549728393555,
          "hz": 282.89161906338205
        },
        {
          "acoustic_entropy": 21.362747192382812,
          "acoustic_entropy_side": 21.091325759887695,
          "hz": 369.9353335868758
        },
        {
          "acoustic_entropy": 21.89960289001465,
          "acoustic_entropy_side": 21.85386848449707,
          "hz": 464.6875360973435
        },
        {
          "acoustic_entropy": 20.49718475341797,
          "acoustic_entropy_side": 20.882156372070312,
          "hz": 567.8308811364784
        },
        {
          "acoustic_entropy": 21.273496627807617,
          "acoustic_entropy_side": 21.638315200805664,
          "hz": 680.1084783214808
        },
        {
          "acoustic_entropy": 20.84323501586914,
          "acoustic_entropy_side": 21.951129913330078,
          "hz": 802.3292461747484
        },
        {
          "acoustic_entropy": 22.136703491210938,
          "acoustic_entropy_side": 21.921457290649414,
          "hz": 935.3737400823702
        },
        {
          "acoustic_entropy": 21.865238189697266,
          "acoustic_entropy_side": 21.679908752441406,
          "hz": 1080.2004963696966
        },
        {
          "acoustic_entropy": 21.103431701660156,
          "acoustic_entropy_side": 21.91177749633789,
          "hz": 1237.8529382007157
        },
        {
          "acoustic_entropy": 21.684598922729492,
          "acoustic_entropy_side": 21.6362247467041,
          "hz": 1409.4668930556702
        },
        {
          "acoustic_entropy": 21.111242294311523,
          "acoustic_entropy_side": 21.259450912475586,
          "hz": 1596.2787759475705
        },
        {
          "acoustic_entropy": 21.19184684753418,
          "acoustic_entropy_side": 22.394275665283203,
          "hz": 1799.6344973346393
        },
        {
          "acoustic_entropy": 21.67288589477539,
          "acoustic_entropy_side": 22.84418296813965,
          "hz": 2020.9991599069049
        },
        {
          "acoustic_entropy": 21.826133728027344,
          "acoustic_entropy_side": 21.30959129333496,
          "hz": 2261.9676141086993
        },
        {
          "acoustic_entropy": 20.628419876098633,
          "acoustic_entropy_side": 21.319162368774414,
          "hz": 2524.2759484456974
        },
        {
          "acoustic_entropy": 21.042476654052734,
          "acoustic_entropy_side": 21.59965705871582,
          "hz": 2809.813997359896
        },
        {
          "acoustic_entropy": 20.754375457763672,
          "acoustic_entropy_side": 20.253923416137695,
          "hz": 3120.6389567871424
