{
  "acoustic_entropy": 115.56747436523438,
  "bands": [
    {
      "high_freq": 148.1999969482422,
      "loudness": -53.95905303955078,
      "loudness_range": 18.375274658203125,
      "mid_mean": -52.589752197265625,
      "mid_to_side_loudness": -10.334024429321289,
      "mid_to_side_loudness_range": 12.565258979797363,
      "side_mean": -61.432498931884766
    },
    {
      "high_freq": 392.3793640136719,
      "loudness": -34.12122344970703,
      "loudness_range": 14.250747680664062,
      "low_freq": 148.1999969482422,
      "mid_mean": -31.288049697875977,
      "mid_to_side_loudness": -7.566154479980469,
      "mid_to_side_loudness_range": 13.467885971069336,
      "side_mean": -39.775264739990234
    },
    {
      "high_freq": 794.6976318359375,
      "loudness": -35.984230041503906,
      "loudness_range": 14.282962799072266,
      "low_freq": 392.3793640136719,
      "mid_mean": -35.27359390258789,
      "mid_to_side_loudness": -1.4280226230621338,
      "mid_to_side_loudness_range": 10.503120422363281,
      "side_mean": -36.900787353515625
    },
    {
      "high_freq": 1457.5709228515625,
      "loudness": -43.9967041015625,
      "loudness_range": 13.594280242919922,
      "low_freq": 794.6976318359375,
      "mid_mean": -43.01457214355469,
      "mid_to_side_loudness": -1.7074731588363647,
      "mid_to_side_loudness_range": 8.06428050994873,
      "side_mean": -44.875274658203125
    },
    {
      "high_freq": 2549.74365234375,
      "loudness": -49.51543045043945,
      "loudness_range": 18.246353149414062,
      "low_freq": 1457.5709228515625,
      "mid_mean": -51.81613540649414,
      "mid_to_side_loudness": -1.9661705493927002,
      "mid_to_side_loudness_range": 7.794401168823242,
      "side_mean": -53.48231506347656
    },
    {
      "high_freq": 4349.24462890625,
      "loudness": -60.57984161376953,
      "loudness_range": 22.632312774658203,
      "low_freq": 2549.74365234375,
      "mid_mean": -61.49011993408203,
      "mid_to_side_loudness": -0.10000365972518921,
      "mid_to_side_loudness_range": 6.740242958068848,
      "side_mean": -61.49734878540039
    },
    {
      "high_freq": 7314.1640625,
      "loudness": -76.93132019042969,
      "loudness_range": 19.600257873535156,
      "low_freq": 4349.24462890625,
      "mid_mean": -69.23998260498047,
      "mid_to_side_loudness": 0.016988206654787064,
      "mid_to_side_loudness_range": 5.214327812194824,
      "side_mean": -69.30884552001953
    },
    {
      "high_freq": 12199.2666015625,
      "loudness": 0,
      "loudness_range": 0,
      "low_freq": 7314.1640625,
      "mid_mean": -69.98252868652344,
      "mid_to_side_loudness": 2.1606595516204834,
      "mid_to_side_loudness_range": 3.367135763168335,
      "side_mean": -69.9784164428711
    },
    {
      "loudness": 0,
      "loudness_range": 0,
      "low_freq": 12199.2666015625,
      "mid_mean": -69.99871063232422,
      "mid_to_side_loudness": 9.713608741760254,
      "mid_to_side_loudness_range": 11.907886505126953,
      "side_mean": -69.99240112304688
    }
  ],
  "bands_short": [
    {
      "high_freq": 148.1999969482422,
      "loudness": -57.753665924072266,
      "loudness_range": 19.81061553955078,
      "mid_mean": -55.63517379760742,
      "mid_to_side_loudness": -11.00528621673584,
      "mid_to_side_loudness_range": 16.720144271850586,
      "side_mean": -64.32392883300781
    },
    {
      "high_freq": 392.3793640136719,
      "loudness": -35.449188232421875,
      "loudness_range": 14.582176208496094,
      "low_freq": 148.1999969482422,
      "mid_mean": -32.8812255859375,
      "mid_to_side_loudness": -7.156373500823975,
      "mid_to_side_loudness_range": 15.84701156616211,
      "side_mean": -40.96007537841797
    },
    {
      "high_freq": 794.6976318359375,
      "loudness": -34.69143295288086,
      "loudness_range": 15.199090957641602,
      "low_freq": 392.3793640136719,
      "mid_mean": -33.45979690551758,
      "mid_to_side_loudness": -2.8568594455718994,
      "mid_to_side_loudness_range": 13.666862487792969,
      "side_mean": -36.87042999267578
    },
    {
      "high_freq": 1457.5709228515625,
      "loudness": -44.11952590942383,
      "loudness_range": 14.59466552734375,
      "low_freq": 794.6976318359375,
      "mid_mean": -43.173011779785156,
      "mid_to_side_loudness": -1.561601996421814,
      "mid_to_side_loudness_range": 9.631233215332031,
      "side_mean": -45.0067138671875
    },
    {
      "high_freq": 2549.74365234375,
      "loudness": -50.131752014160156,
      "loudness_range": 19.60474395751953,
      "low_freq": 1457.5709228515625,
      "mid_mean": -52.43669128417969,
      "mid_to_side_loudness": -1.7896921634674072,
      "mid_to_side_loudness_range": 9.622604370117188,
      "side_mean": -54.01386642456055
    },
    {
      "high_freq": 4349.24462890625,
      "loudness": -61.22053146362305,
      "loudness_range": 24.196395874023438,
      "low_freq": 2549.74365234375,
      "mid_mean": -61.92753982543945,
      "mid_to_side_loudness": 0.19831469655036926,
      "mid_to_side_loudness_range": 8.645228385925293,
      "side_mean": -61.850399017333984
    },
    {
      "high_freq": 7314.1640625,
      "loudness": -75.74090576171875,
      "loudness_range": 20.798442840576172,
      "low_freq": 4349.24462890625,
      "mid_mean": -69.30123901367188,
      "mid_to_side_loudness": 0.5218940377235413,
      "mid_to_side_loudness_range": 6.619995594024658,
      "side_mean": -69.29901885986328
    },
    {
      "high_freq": 12199.2666015625,
      "loudness": 0,
      "loudness_range": 0,
      "low_freq": 7314.1640625,
      "mid_mean": -69.98265075683594,
      "mid_to_side_loudness": 2.416954278945923,
      "mid_to_side_loudness_range": 4.095821857452393,
      "side_mean": -69.97865295410156
    },
    {
      "loudness": 0,
      "loudness_range": 0,
      "low_freq": 12199.2666015625,
      "mid_mean": -69.99864959716797,
      "mid_to_side_loudness": 12.165913581848145,
      "mid_to_side_loudness_range": 23.78350067138672,
      "side_mean": -69.9922866821289
    }
  ],
  "bandwidth": 521.47021484375,
  "channels": 2,
  "covariance": [
    [
      69.99160766601562,
      45.17955017089844,
      11.810992240905762,
      9.457079887390137,
      9.92520809173584,
      12.507326126098633,
      10.295681953430176,
      10.025819778442383,
      52.34817123413086,
      48.19979476928711,
      27.98480987548828,
      28.18702507019043,
      3.740152359008789,
      3.4022748470306396,
      0.07078801095485687,
      0.06915363669395447,
      0.001134804217144847,
      0.005005196668207645
    ],
    [
      45.17955017089844,
      34.422813415527344,
      9.582417488098145,
      7.855959415435791,
      7.9126973152160645,
      10.510916709899902,
      9.136877059936523,
      7.899007797241211,
      29.685495376586914,
      27.3243408203125,
      16.601993560791016,
      16.94942283630371,
      2.289844274520874,
      2.1074016094207764,
      0.04224620386958122,
      0.04026535153388977,
      0.00029440486105158925,
      0.0017303104978054762
    ],
    [
      11.810992240905762,
      9.582417488098145,
      34.38128662109375,
      26.05098533630371,
      18.00574493408203,
      22.52676010131836,
      22.49292755126953,
      25.043197631835938,
      32.56501007080078,
      30.063920974731445,
      17.98733139038086,
      17.89482879638672,
      2.406142473220825,
      2.391812562942505,
      0.029706649482250214,
      0.01667066290974617,
      -0.0012308170553296804,
      -0.003130675759166479
    ],
    [
      9.457079887390137,
      7.855959415435791,
      26.05098533630371,
      35.27912521362305,
      22.582170486450195,
      25.296504974365234,
      21.387739181518555,
      25.199665069580078,
      32.791419982910156,
      31.947689056396484,
      21.073060989379883,
      21.20176887512207,
      3.256497859954834,
      2.8179469108581543,
      0.04100148379802704,
      0.02827569842338562,
      -3.0359369702637196e-05,
      -0.0016358341090381145
    ],
    [
      9.92520809173584,
      7.9126973152160645,
      18.00574493408203,
      22.582170486450195,
      44.53075408935547,
      36.917152404785156,
      28.716482162475586,
      33.28429412841797,
      39.87886428833008,
      41.62168884277344,
      30.553621292114258,
      30.365705490112305,
      4.609333038330078,
      3.930140972137451,
      0.06430400907993317,
      0.05431697517633438,
      0.0015984411584213376,
      0.00021123731858097017
    ],
    [
      12.507326126098633,
      10.510916709899902,
      22.52676010131836,
      25.296504974365234,
      36.917152404785156,
      44.54831314086914,
      30.358339309692383,
      32.8746337890625,
      45.94913101196289,
      44.48969268798828,
      33.49252700805664,
      34.757102966308594,
      4.519326686859131,
      4.066362380981445,
      0.07062332332134247,
      0.0575387105345726,
      0.001416834769770503,
      -0.00016939808847382665
    ],
    [
      10.295681953430176,
      9.136877059936523,
      22.49292755126953,
      21.387739181518555,
      28.716482162475586,
      30.358339309692383,
      35.10212326049805,
      33.37604904174805,
      39.52189636230469,
      36.93546676635742,
      29.14547348022461,
      28.495500564575195,
      4.0601582527160645,
      3.5851986408233643,
      0.057571493089199066,
      0.04144749045372009,
      0.0011542474385350943,
      -0.000207682722248137
    ],
    [
      10.025819778442383,
      7.899007797241211,
      25.043197631835938,
      25.199665069580078,
      33.28429412841797,
      32.8746337890625,
      33.37604904174805,
      41.64849853515625,
      43.193843841552734,
      43.17363739013672,
      33.02645492553711,
      31.892169952392578,
      4.400752067565918,
      4.1786298751831055,
      0.06178512051701546,
      0.046824321150779724,
      0.0014721103943884373,
      0.0003504076157696545
    ],
    [
      52.34817123413086,
      29.685495376586914,
      32.56501007080078,
      32.791419982910156,
      39.87886428833008,
      45.94913101196289,
      39.52189636230469,
      43.193843841552734,
      99.560302734375,
      90.46087646484375,
      61.25474548339844,
      60.840457916259766,
      8.111956596374512,
      7.413161277770996,
      0.13326039910316467,
      0.11838553100824356,
      0.002753674052655697,
      0.005684886127710342
    ],
    [
      48.19979476928711,
      27.3243408203125,
      30.063920974731445,
      31.947689056396484,
      41.62168884277344,
      44.48969268798828,
      36.93546676635742,
      43.17363739013672,
      90.46087646484375,
      88.02681732177734,
      58.39107894897461,
      57.95003128051758,
      7.82218074798584,
      6.8231282234191895,
      0.12162037193775177,
      0.10288315266370773,
      0.002540589077398181,
      0.0053125182166695595
    ],
    [
      27.98480987548828,
      16.601993560791016,
      17.98733139038086,
      21.073060989379883,
      30.553621292114258,
      33.49252700805664,
      29.14547348022461,
      33.02645492553711,
      61.25474548339844,
      58.39107894897461,
      55.213504791259766,
      52.941829681396484,
      8.438078880310059,
      7.763729572296143,
      0.1380244344472885,
      0.10936566442251205,
      0.004223191644996405,
      0.00611945940181613
    ],
    [
      28.18702507019043,
      16.94942283630371,
      17.89482879638672,
      21.20176887512207,
      30.365705490112305,
      34.757102966308594,
      28.495500564575195,
      31.892169952392578,
      60.840457916259766,
      57.95003128051758,
      52.941829681396484,
      53.685150146484375,
      8.002655982971191,
      7.281301975250244,
      0.12748150527477264,
      0.10147552192211151,
      0.003837383119389415,
      0.0055845039896667
    ],
    [
      3.740152359008789,
      2.289844274520874,
      2.406142473220825,
      3.256497859954834,
      4.609333038330078,
      4.519326686859131,
      4.0601582527160645,
      4.400752067565918,
      8.111956596374512,
      7.82218074798584,
      8.438078880310059,
      8.002655982971191,
      3.1310694217681885,
      2.670666456222534,
      0.05336471274495125,
      0.03641282021999359,
      0.001234379131346941,
      0.0015639327466487885
    ],
    [
      3.4022748470306396,
      2.1074016094207764,
      2.391812562942505,
      2.8179469108581543,
      3.930140972137451,
      4.066362380981445,
      3.5851986408233643,
      4.1786298751831055,
      7.413161277770996,
      6.8231282234191895,
      7.763729572296143,
      7.281301975250244,
      2.670666456222534,
      2.6936771869659424,
      0.049652740359306335,
      0.03858941048383713,
      0.0013235523365437984,
      0.0015479486901313066
    ],
    [
      0.07078801095485687,
      0.04224620386958122,
      0.029706649482250214,
      0.04100148379802704,
      0.06430400907993317,
      0.07062332332134247,
      0.057571493089199066,
      0.06178512051701546,
      0.13326039910316467,
      0.12162037193775177,
      0.1380244344472885,
      0.12748150527477264,
      0.05336471274495125,
      0.049652740359306335,
      0.001381317269988358,
      0.0009704745607450604,
      2.6627190891304053e-05,
      3.740509782801382e-05
    ],
    [
      0.06915363669395447,
      0.04026535153388977,
      0.01667066290974617,
      0.02827569842338562,
      0.05431697517633438,
      0.0575387105345726,
      0.04144749045372009,
      0.046824321150779724,
      0.11838553100824356,
      0.10288315266370773,
      0.10936566442251205,
      0.10147552192211151,
      0.03641282021999359,
      0.03858941048383713,
      0.0009704745607450604,
      0.0010341726010665298,
      2.4930466679506935e-05,
      3.538820965331979e-05
    ],
    [
      0.001134804217144847,
      0.00029440486105158925,
      -0.0012308170553296804,
      -3.0359369702637196e-05,
      0.0015984411584213376,
      0.001416834769770503,
      0.0011542474385350943,
      0.0014721103943884373,
      0.002753674052655697,
      0.002540589077398181,
      0.004223191644996405,
      0.003837383119389415,
      0.001234379131346941,
      0.0013235523365437984,
      2.6627190891304053e-05,
      2.4930466679506935e-05,
      3.272450840086094e-06,
      4.666992936108727e-06
    ],
    [
      0.005005196668207645,
      0.0017303104978054762,
      -0.003130675759166479,
      -0.0016358341090381145,
      0.00021123731858097017,
      -0.00016939808847382665,
      -0.000207682722248137,
      0.0003504076157696545,
      0.005684886127710342,
      0.0053125182166695595,
      0.00611945940181613,
      0.0055845039896667,
      0.0015639327466487885,
      0.0015479486901313066,
      3.740509782801382e-05,
      3.538820965331979e-05,
      4.666992936108727e-06,
      1.1606958651100285e-05
    ]
  ],
  "covariance_short": [
    [
      61.69688034057617,
      29.33316421508789,
      11.478991508483887,
      7.726991176605225,
      7.41839599609375,
      9.163494110107422,
      10.184043884277344,
      11.33193588256836,
      42.09601593017578,
      38.90430450439453,
      22.971033096313477,
      23.371103286743164,
      3.260233163833618,
      3.2466728687286377,
      0.0709974393248558,
      0.06708929687738419,
      0.0017463144613429904,
      0.005018745549023151
    ],
    [
      29.33316421508789,
      21.827560424804688,
      6.7989888191223145,
      4.76359748840332,
      1.662139654159546,
      4.118557453155518,
      5.971207618713379,
      5.643559455871582,
      16.947757720947266,
      15.360560417175293,
      8.877554893493652,
      9.230875968933105,
      1.2276499271392822,
      1.321411371231079,
      0.03104279562830925,
      0.03171702101826668,
      0.000497407978400588,
      0.0015170751139521599
    ],
    [
      11.478991508483887,
      6.7989888191223145,
      36.02751541137695,
      24.646818161010742,
      19.09267234802246,
      20.806997299194336,
      24.536527633666992,
      24.29830551147461,
      30.338560104370117,
      26.01593017578125,
      15.814430236816406,
      14.9564208984375,
      2.4739511013031006,
      3.0476126670837402,
      0.033093877136707306,
      0.020310981199145317,
      -0.0006928845541551709,
      -0.002429668325930834
    ],
    [
      7.726991176605225,
      4.76359748840332,
      24.646818161010742,
      40.1872444152832,
      24.74421501159668,
      25.644975662231445,
      23.17401123046875,
      26.241514205932617,
      32.090187072753906,
      30.61664390563965,
      20.389652252197266,
      20.13949203491211,
      3.236037254333496,
      3.246951103210449,
      0.05080119147896767,
      0.033012907952070236,
      0.0003641601069830358,
      -0.0011248261434957385
    ],
    [
      7.41839599609375,
      1.662139654159546,
      19.09267234802246,
      24.74421501159668,
      48.957881927490234,
      35.80808639526367,
      29.942951202392578,
      39.48731994628906,
      41.792293548583984,
      43.965904235839844,
      31.209606170654297,
      31.140548706054688,
      4.2803754806518555,
      4.299557209014893,
      0.07211846113204956,
      0.057435933500528336,
      0.001467469846829772,
      -0.0004185655852779746
    ],
    [
      9.163494110107422,
      4.118557453155518,
      20.806997299194336,
      25.644975662231445,
      35.80808639526367,
      44.31890869140625,
      31.822265625,
      35.38654327392578,
      46.127471923828125,
      44.1976203918457,
      32.881378173828125,
      34.50846862792969,
      4.366652965545654,
      4.232147693634033,
      0.07914406061172485,
      0.06386394053697586,
      0.0014957260573282838,
      -0.00012068323121638969
    ],
    [
      10.184043884277344,
      5.971207618713379,
      24.536527633666992,
      23.17401123046875,
      29.942951202392578,
      31.822265625,
      38.9050178527832,
      35.52168273925781,
      42.2947998046875,
      39.52090072631836,
      31.223108291625977,
      30.13237190246582,
      4.695746898651123,
      4.6863508224487305,
      0.07591038197278976,
      0.053281936794519424,
      0.0016866184305399656,
      1.5287965652532876e-05
    ],
    [
      11.33193588256836,
      5.643559455871582,
      24.29830551147461,
      26.241514205932617,
      39.48731994628906,
      35.38654327392578,
      35.52168273925781,
      44.75365447998047,
      45.49030303955078,
      45.962005615234375,
      34.35508728027344,
      32.71532440185547,
      4.831151008605957,
      4.976181507110596,
      0.07702300697565079,
      0.05357125401496887,
      0.0018905337201431394,
      0.00033249962143599987
    ],
    [
      42.09601593017578,
      16.947757720947266,
      30.338560104370117,
      32.090187072753906,
      41.792293548583984,
      46.127471923828125,
      42.2947998046875,
      45.49030303955078,
      99.97409057617188,
      89.66081237792969,
      60.9135627746582,
      60.187591552734375,
      8.322979927062988,
      8.498029708862305,
      0.15378105640411377,
      0.13383688032627106,
      0.00375120947137475,
      0.00673718424513936
    ],
    [
      38.90430450439453,
      15.360560417175293,
      26.01593017578125,
      30.61664390563965,
      43.965904235839844,
      44.1976203918457,
      39.52090072631836,
      45.962005615234375,
      89.66081237792969,
      88.22374725341797,
      57.800865173339844,
      56.88642883300781,
      7.967460632324219,
      7.719006538391113,
      0.13688483834266663,
      0.11356877535581589,
      0.0032067475840449333,
      0.006039422005414963
    ],
    [
      22.971033096313477,
      8.877554893493652,
      15.814430236816406,
      20.389652252197266,
      31.209606170654297,
      32.881378173828125,
      31.223108291625977,
      34.35508728027344,
      60.9135627746582,
      57.800865173339844,
      55.07706069946289,
      51.922584533691406,
      8.411572456359863,
      8.566699981689453,
      0.15876458585262299,
      0.12673725187778473,
      0.005311802960932255,
      0.007293372415006161
    ],
    [
      23.371103286743164,
      9.230875968933105,
      14.9564208984375,
      20.13949203491211,
      31.140548706054688,
      34.50846862792969,
      30.13237190246582,
      32.71532440185547,
      60.187591552734375,
      56.88642883300781,
      51.922584533691406,
      53.65273666381836,
      7.668173789978027,
      7.696131229400635,
      0.1432029753923416,
      0.11810478568077087,
      0.004602630622684956,
      0.006397509481757879
    ],
    [
      3.260233163833618,
      1.2276499271392822,
      2.4739511013031006,
      3.236037254333496,
      4.2803754806518555,
      4.366652965545654,
      4.695746898651123,
      4.831151008605957,
      8.322979927062988,
      7.967460632324219,
      8.411572456359863,
      7.668173789978027,
      3.5621585845947266,
      3.2545108795166016,
      0.07071533054113388,
      0.04830799624323845,
      0.0018268850399181247,
      0.002211580518633127
    ],
    [
      3.2466728687286377,
      1.321411371231079,
      3.0476126670837402,
      3.246951103210449,
      4.299557209014893,
      4.232147693634033,
      4.6863508224487305,
      4.976181507110596,
      8.498029708862305,
      7.719006538391113,
      8.566699981689453,
      7.696131229400635,
      3.2545108795166016,
      3.675583600997925,
      0.06924476474523544,
      0.05281039699912071,
      0.0020434395410120487,
      0.0023330000694841146
    ],
    [
      0.0709974393248558,
      0.03104279562830925,
      0.033093877136707306,
      0.05080119147896767,
      0.07211846113204956,
      0.07914406061172485,
      0.07591038197278976,
      0.07702300697565079,
      0.15378105640411377,
      0.13688483834266663,
      0.15876458585262299,
      0.1432029753923416,
      0.07071533054113388,
      0.06924476474523544,
      0.0033553701359778643,
      0.002399471588432789,
      6.341437256196514e-05,
      8.360954961972311e-05
    ],
    [
      0.06708929687738419,
      0.03171702101826668,
      0.020310981199145317,
      0.033012907952070236,
      0.057435933500528336,
      0.06386394053697586,
      0.053281936794519424,
      0.05357125401496887,
      0.13383688032627106,
      0.11356877535581589,
      0.12673725187778473,
      0.11810478568077087,
      0.04830799624323845,
      0.05281039699912071,
      0.002399471588432789,
      0.002941349521279335,
      6.171924178488553e-05,
      8.170925866579637e-05
    ],
    [
      0.0017463144613429904,
      0.000497407978400588,
      -0.0006928845541551709,
      0.0003641601069830358,
      0.001467469846829772,
      0.0014957260573282838,
      0.0016866184305399656,
      0.0018905337201431394,
      0.00375120947137475,
      0.0032067475840449333,
      0.005311802960932255,
      0.004602630622684956,
      0.0018268850399181247,
      0.0020434395410120487,
      6.341437256196514e-05,
      6.171924178488553e-05,
      9.63738148129778e-06,
      1.1221992281207349e-05
    ],
    [
      0.005018745549023151,
      0.0015170751139521599,
      -0.002429668325930834,
      -0.0011248261434957385,
      -0.0004185655852779746,
      -0.00012068323121638969,
      1.5287965652532876e-05,
      0.00033249962143599987,
      0.00673718424513936,
      0.006039422005414963,
      0.007293372415006161,
      0.006397509481757879,
      0.002211580518633127,
      0.0023330000694841146,
      8.360954961972311e-05,
      8.170925866579637e-05,
      1.1221992281207349e-05,
      2.2812513634562492e-05
    ]
  ],
  "damage": -18.493825912475586,
  "diff_bandwidth": 536.7755126953125,
  "dissonance": 3.1201202777773265,
  "drr": 8.943587303161621,
  "dynamics": 3.5581037998199463,
  "format": 1245190,
  "frames": 4118464,
  "loudness": -26.942968368530273,
  "loudness_range": 10.875843048095703,
  "loudness_range_short": 12.561502456665039,
  "lowpass_true_peak_15khz": -11.510172843933105,
  "mastering3_acoustic_entropies": [
    {
      "acoustic_entropy": 6.961455345153809,
      "acoustic_entropy_mono": 5.588021755218506,
      "band_eliminated_acoustic_entropies": [
        {
          "acoustic_entropy": 6.960988521575928,
          "acoustic_entropy_side": 6.961465835571289,
          "hz": 129.47220167065723
        },
        {
          "acoustic_entropy": 7.003246784210205,
          "acoustic_entropy_side": 6.97180700302124,
          "hz": 202.92927478742237
        },
        {
          "acoustic_entropy": 7.729426860809326,
          "acoustic_entropy_side": 7.211570739746094,
          "hz": 282.89161906338205
        },
        {
          "acoustic_entropy": 6.346515655517578,
          "acoustic_entropy_side": 6.316531181335449,
          "hz": 369.9353335868758
        },
        {
          "acoustic_entropy": 6.367034912109375,
          "acoustic_entropy_side": 6.771389484405518,
          "hz": 464.6875360973435
        },
        {
          "acoustic_entropy": 6.337473392486572,
          "acoustic_entropy_side": 6.382180690765381,
          "hz": 567.8308811364784
        },
        {
          "acoustic_entropy": 7.343264102935791,
          "acoustic_entropy_side": 6.981175899505615,
          "hz": 680.1084783214808
        },
        {
          "acoustic_entropy": 7.3089189529418945,
          "acoustic_entropy_side": 6.735586643218994,
          "hz": 802.3292461747484
        },
        {
          "acoustic_entropy": 7.0301995277404785,
          "acoustic_entropy_side": 7.058058261871338,
          "hz": 935.3737400823702
        },
        {
          "acoustic_entropy": 7.025247097015381,
          "acoustic_entropy_side": 7.039520740509033,
          "hz": 1080.2004963696966
        },
        {
          "acoustic_entropy": 6.908726215362549,
          "acoustic_entropy_side": 6.90283727645874,
          "hz": 1237.8529382007157
        },
        {
          "acoustic_entropy": 6.950954914093018,
          "acoustic_entropy_side": 6.964224815368652,
          "hz": 1409.4668930556702
        },
        {
          "acoustic_entropy": 6.973577499389648,
          "acoustic_entropy_side": 6.968172550201416,
          "hz": 1596.2787759475705
        },
        {
          "acoustic_entropy": 7.053895473480225,
          "acoustic_entropy_side": 6.953017711639404,
          "hz": 1799.6344973346393
        },
        {
          "acoustic_entropy": 6.989927291870117,
          "acoustic_entropy_side": 6.975346088409424,
          "hz": 2020.9991599069049
        },
        {
          "acoustic_entropy": 6.998173236846924,
          "acoustic_entropy_side": 6.984445571899414,
          "hz": 2261.9676141086993
        },
        {
          "acoustic_entropy": 7.003275394439697,
          "acoustic_entropy_side": 6.948699951171875,
          "hz": 2524.2759484456974
        },
        {
          "acoustic_entropy": 7.001763820648193,
          "acoustic_entropy_side": 6.964965343475342,
          "hz": 2809.813997359896
        },
        {
          "acoustic_entropy": 6.995091438293457,
          "acoustic_entropy_side": 6.97429895401001,
          "hz": 3120.6389567871424
        },
        {
          "acoustic_entropy": 6.961094856262207,
          "acoustic_entropy_side": 6.9591755867004395,
          "hz": 3458.990205492291
        },
        {
          "acoustic_entropy": 6.961434364318848,
          "acoustic_entropy_side": 6.9614386558532715,
          "hz": 3827.305438964164
        },
        {
          "acoustic_entropy": 6.961721897125244,
          "acoustic_entropy_side": 6.961625576019287,
          "hz": 4228.238232109126
        },
        {
          "acoustic_entropy": 6.961508274078369,
          "acoustic_entropy_side": 6.961490631103516,
          "hz": 4664.6771572759235
        },
        {
          "acoustic_entropy": 6.96152925491333,
          "acoustic_entropy_side": 6.961491584777832,
          "hz": 5139.766595350093
        },
        {
          "acoustic_entropy": 6.961459159851074,
          "acoustic_entropy_side": 6.961456298828125,
          "hz": 5656.929389854203
        },
        {
          "acoustic_entropy": 6.961456298828125,
          "acoustic_entropy_side": 6.961455821990967,
          "hz": 6219.891507268283
        },
        {
          "acoustic_entropy": 6.961455345153809,
          "acoustic_entropy_side": 6.961455821990967,
          "hz": 6832.70888123896
        },
        {
          "acoustic_entropy": 6.961455345153809,
          "acoustic_entropy_side": 6.961455345153809,
          "hz": 7499.796634079867
        },
        {
          "acoustic_entropy": 6.961455345153809,
          "acoustic_entropy_side": 6.961455345153809,
          "hz": 8225.96088609342
        },
        {
          "acoustic_entropy": 6.961455345153809,
          "acoustic_entropy_side": 6.961455345153809,
          "hz": 9016.43338188839
        },
        {
          "acoustic_entropy": 6.961455345153809,
          "acoustic_entropy_side": 6.961455345153809,
          "hz": 9876.909183162974
        },
        {
          "acoustic_entropy": 6.961455345153809,
          "acoustic_entropy_side": 6.961455345153809,
          "hz": 10813.587699516042
        },
        {
          "acoustic_entropy": 6.961455345153809,
          "acoustic_entropy_side": 6.961455345153809,
          "hz": 11833.21735289826
        },
        {
          "acoustic_entropy": 6.961455345153809,
          "acoustic_entropy_side": 6.961455345153809,
          "hz": 12943.144197493959
        },
        {
          "acoustic_entropy": 6.961455345153809,
          "acoustic_entropy_side": 6.961455345153809,
          "hz": 14151.364845322005
        },
        {
          "acoustic_entropy": 6.961455345153809,
          "acoustic_entropy_side": 6.961455345153809,
          "hz": 15466.58407886509
        },
        {
          "acoustic_entropy": 6.961455345153809,
          "acoustic_entropy_side": 6.961455345153809,
          "hz": 16898.27756580493
        },
        {
          "acoustic_entropy": 6.961455345153809,
          "acoustic_entropy_side": 6.961455345153809,
          "hz": 18456.760127700032
        },
        {
          "acoustic_entropy": 6.961455345153809,
          "acoustic_entropy_side": 6.961455345153809,
          "hz": 20153.260054456492
        },
        {
          "acoustic_entropy": 6.961455345153809,
          "acoustic_entropy_side": 6.961455345153809,
          "hz": 22000.00000000001
        }
      ],
      "diff_acoustic_entropy": 4.22460412979126,
      "sn": 6
    },
    {
      "acoustic_entropy": 10.565961837768555,
      "acoustic_entropy_mono": 8.016105651855469,
      "band_eliminated_acoustic_entropies": [
        {
          "acoustic_entropy": 10.570540428161621,
          "acoustic_entropy_side": 10.565987586975098,
          "hz": 129.47220167065723
        },
        {
          "acoustic_entropy": 10.410902976989746,
          "acoustic_entropy_side": 10.600153923034668,
          "hz": 202.92927478742237
        },
        {
          "acoustic_entropy": 10.428864479064941,
          "acoustic_entropy_side": 10.291543960571289,
          "hz": 282.89161906338205
        },
        {
          "acoustic_entropy": 9.844260215759277,
          "acoustic_entropy_side": 9.87517261505127,
          "hz": 369.9353335868758
        },
        {
          "acoustic_entropy": 10.366203308105469,
          "acoustic_entropy_side": 10.661409378051758,
          "hz": 464.6875360973435
        },
        {
          "acoustic_entropy": 10.610774993896484,
          "acoustic_entropy_side": 9.663396835327148,
          "hz": 567.8308811364784
        },
        {
          "acoustic_entropy": 10.589631080627441,
          "acoustic_entropy_side": 11.29515266418457,
          "hz": 680.1084783214808
        },
        {
          "acoustic_entropy": 9.789202690124512,
          "acoustic_entropy_side": 10.217757225036621,
          "hz": 802.3292461747484
        },
        {
          "acoustic_entropy": 10.562984466552734,
          "acoustic_entropy_side": 11.048545837402344,
          "hz": 935.3737400823702
        },
        {
          "acoustic_entropy": 10.574567794799805,
          "acoustic_entropy_side": 10.752970695495605,
          "hz": 1080.2004963696966
        },
        {
          "acoustic_entropy": 10.38277530670166,
          "acoustic_entropy_side": 10.568907737731934,
          "hz": 1237.8529382007157
        },
        {
          "acoustic_entropy": 10.309212684631348,
          "acoustic_entropy_side": 10.271334648132324,
          "hz": 1409.4668930556702
        },
        {
          "acoustic_entropy": 10.322604179382324,
          "acoustic_entropy_side": 10.391281127929688,
          "hz": 1596.2787759475705
        },
        {
          "acoustic_entropy": 10.603998184204102,
          "acoustic_entropy_side": 10.565174102783203,
          "hz": 1799.6344973346393
        },
        {
          "acoustic_entropy": 10.639927864074707,
          "acoustic_entropy_side": 10.45539665222168,
          "hz": 2020.9991599069049
        },
        {
          "acoustic_entropy": 10.386730194091797,
          "acoustic_entropy_side": 10.405552864074707,
          "hz": 2261.9676141086993
        },
        {
          "acoustic_entropy": 10.498628616333008,
          "acoustic_entropy_side": 10.561905860900879,
          "hz": 2524.2759484456974
        },
        {
          "acoustic_entropy": 10.679863929748535,
          "acoustic_entropy_side": 10.580175399780273,
          "hz": 2809.813997359896
        },
        {
          "acoustic_entropy": 10.652825355529785,
          "acoustic_entropy_side": 10.660283088684082,
          "hz": 3120.6389567871424
        },
        {
          "acoustic_entropy": 10.50186538696289,
          "acoustic_entropy_side": 10.537242889404297,
          "hz": 3458.990205492291
        },
        {
          "acoustic_entropy": 10.549333572387695,
          "acoustic_entropy_side": 10.559865951538086,
          "hz": 3827.305438964164
        },
        {
          "acoustic_entropy": 10.561175346374512,
          "acoustic_entropy_side": 10.562817573547363,
          "hz": 4228.238232109126
        },
        {
          "acoustic_entropy": 10.564982414245605,
          "acoustic_entropy_side": 10.565218925476074,
          "hz": 4664.6771572759235
        },
        {
          "acoustic_entropy": 10.565695762634277,
          "acoustic_entropy_side": 10.565693855285645,
          "hz": 5139.766595350093
        },
        {
          "acoustic_entropy": 10.565813064575195,
          "acoustic_entropy_side": 10.565841674804688,
          "hz": 5656.929389854203
        },
        {
          "acoustic_entropy": 10.565954208374023,
          "acoustic_entropy_side": 10.565951347351074,
          "hz": 6219.891507268283
        },
        {
          "acoustic_entropy": 10.565959930419922,
          "acoustic_entropy_side": 10.565963745117188,
          "hz": 6832.70888123896
        },
        {
          "acoustic_entropy": 10.565961837768555,
          "acoustic_entropy_side": 10.565961837768555,
          "hz": 7499.796634079867
        },
        {
          "acoustic_entropy": 10.565961837768555,
          "acoustic_entropy_side": 10.565961837768555,
          "hz": 8225.96088609342
        },
        {
          "acoustic_entropy": 10.565961837768555,
          "acoustic_entropy_side": 10.565961837768555,
          "hz": 9016.43338188839
        },
        {
          "acoustic_entropy": 10.565961837768555,
          "acoustic_entropy_side": 10.565961837768555,
          "hz": 9876.909183162974
        },
        {
          "acoustic_entropy": 10.565961837768555,
          "acoustic_entropy_side": 10.565961837768555,
          "hz": 10813.587699516042
        },
        {
          "acoustic_entropy": 10.565961837768555,
          "acoustic_entropy_side": 10.565961837768555,
          "hz": 11833.21735289826
        },
        {
          "acoustic_entropy": 10.565961837768555,
          "acoustic_entropy_side": 10.565961837768555,
          "hz": 12943.144197493959
        },
        {
          "acoustic_entropy": 10.565961837768555,
          "acoustic_entropy_side": 10.565961837768555,
          "hz": 14151.364845322005
        },
        {
          "acoustic_entropy": 10.565961837768555,
          "acoustic_entropy_side": 10.565961837768555,
          "hz": 15466.58407886509
        },
        {
          "acoustic_entropy": 10.565961837768555,
          "acoustic_entropy_side": 10.565961837768555,
          "hz": 16898.27756580493
        },
        {
          "acoustic_entropy": 10.565961837768555,
          "acoustic_entropy_side": 10.565961837768555,
          "hz": 18456.760127700032
        },
        {
          "acoustic_entropy": 10.565961837768555,
          "acoustic_entropy_side": 10.565961837768555,
          "hz": 20153.260054456492
        },
        {
          "acoustic_entropy": 10.565961837768555,
          "acoustic_entropy_side": 10.565961837768555,
          "hz": 22000.00000000001
        }
      ],
      "diff_acoustic_entropy": 5.802595138549805,
      "sn": 12
    },
    {
      "acoustic_entropy": 15.70689582824707,
      "acoustic_entropy_mono": 11.481600761413574,
      "band_eliminated_acoustic_entropies": [
        {
          "acoustic_entropy": 15.657772064208984,
          "acoustic_entropy_side": 15.709678649902344,
          "hz": 129.47220167065723
        },
        {
          "acoustic_entropy": 15.521429061889648,
          "acoustic_entropy_side": 16.063873291015625,
          "hz": 202.92927478742237
        },
        {
          "acoustic_entropy": 16.60550880432129,
          "acoustic_entropy_side": 15.904813766479492,
          "hz": 282.89161906338205
        },
        {
          "acoustic_entropy": 14.633442878723145,
          "acoustic_entropy_side": 15.245514869689941,
          "hz": 369.9353335868758
        },
        {
          "acoustic_entropy": 14.705291748046875,
          "acoustic_entropy_side": 15.741923332214355,
          "hz": 464.6875360973435
        },
        {
          "acoustic_entropy": 14.61793041229248,
          "acoustic_entropy_side": 14.138513565063477,
          "hz": 567.8308811364784
        },
        {
          "acoustic_entropy": 15.444271087646484,
          "acoustic_entropy_side": 16.785310745239258,
          "hz": 680.1084783214808
        },
        {
          "acoustic_entropy": 15.002108573913574,
          "acoustic_entropy_side": 14.950026512145996,
          "hz": 802.3292461747484
        },
        {
          "acoustic_entropy": 16.71636199951172,
          "acoustic_entropy_side": 16.635643005371094,
          "hz": 935.3737400823702
        },
        {
          "acoustic_entropy": 15.676414489746094,
          "acoustic_entropy_side": 15.849647521972656,
          "hz": 1080.2004963696966
        },
        {
          "acoustic_entropy": 15.31606674194336,
          "acoustic_entropy_side": 15.134621620178223,
          "hz": 1237.8529382007157
        },
        {
          "acoustic_entropy": 15.146450996398926,
          "acoustic_entropy_side": 15.206337928771973,
          "hz": 1409.4668930556702
        },
        {
          "acoustic_entropy": 15.456050872802734,
          "acoustic_entropy_side": 15.770012855529785,
          "hz": 1596.2787759475705
        },
        {
          "acoustic_entropy": 15.641336441040039,
          "acoustic_entropy_side": 15.665939331054688,
          "hz": 1799.6344973346393
        },
        {
          "acoustic_entropy": 15.712674140930176,
          "acoustic_entropy_side": 15.792587280273438,
          "hz": 2020.9991599069049
        },
        {
          "acoustic_entropy": 15.847636222839355,
