{
  "acoustic_entropy": 199.17884826660156,
  "bands": [
    {
      "high_freq": 148.1999969482422,
      "loudness": -60.865020751953125,
      "loudness_range": 30.13359832763672,
      "mid_mean": -57.30802917480469,
      "mid_to_side_loudness": -7.111100196838379,
      "mid_to_side_loudness_range": 6.7336835861206055,
      "side_mean": -62.64888381958008
    },
    {
      "high_freq": 392.3793640136719,
      "loudness": -41.59580993652344,
      "loudness_range": 29.008609771728516,
      "low_freq": 148.1999969482422,
      "mid_mean": -46.977474212646484,
      "mid_to_side_loudness": -5.134587287902832,
      "mid_to_side_loudness_range": 10.391212463378906,
      "side_mean": -52.40749740600586
    },
    {
      "high_freq": 794.6976318359375,
      "loudness": -43.47140121459961,
      "loudness_range": 27.320331573486328,
      "low_freq": 392.3793640136719,
      "mid_mean": -42.45486831665039,
      "mid_to_side_loudness": -2.921853542327881,
      "mid_to_side_loudness_range": 8.005659103393555,
      "side_mean": -46.13927459716797
    },
    {
      "high_freq": 1457.5709228515625,
      "loudness": -43.62234115600586,
      "loudness_range": 29.20470428466797,
      "low_freq": 794.6976318359375,
      "mid_mean": -42.77595901489258,
      "mid_to_side_loudness": -1.856920838356018,
      "mid_to_side_loudness_range": 7.401088714599609,
      "side_mean": -45.023311614990234
    },
    {
      "high_freq": 2549.74365234375,
      "loudness": -47.965126037597656,
      "loudness_range": 27.031017303466797,
      "low_freq": 1457.5709228515625,
      "mid_mean": -48.08981704711914,
      "mid_to_side_loudness": -1.9034770727157593,
      "mid_to_side_loudness_range": 5.695026397705078,
      "side_mean": -51.12598419189453
    },
    {
      "high_freq": 4349.24462890625,
      "loudness": -48.791839599609375,
      "loudness_range": 27.62265396118164,
      "low_freq": 2549.74365234375,
      "mid_mean": -50.51839065551758,
      "mid_to_side_loudness": -1.5673078298568726,
      "mid_to_side_loudness_range": 5.062253475189209,
      "side_mean": -51.87784957885742
    },
    {
      "high_freq": 7314.1640625,
      "loudness": -59.18207550048828,
      "loudness_range": 29.859420776367188,
      "low_freq": 4349.24462890625,
      "mid_mean": -59.26182556152344,
      "mid_to_side_loudness": -1.6275277137756348,
      "mid_to_side_loudness_range": 3.790147542953491,
      "side_mean": -60.443721771240234
    },
    {
      "high_freq": 12199.2666015625,
      "loudness": -68.2896728515625,
      "loudness_range": 27.393844604492188,
      "low_freq": 7314.1640625,
      "mid_mean": -63.67586135864258,
      "mid_to_side_loudness": -1.4451549053192139,
      "mid_to_side_loudness_range": 3.1234545707702637,
      "side_mean": -64.61738586425781
    },
    {
      "loudness": -68.86180877685547,
      "loudness_range": 19.56890106201172,
      "low_freq": 12199.2666015625,
      "mid_mean": -64.89954376220703,
      "mid_to_side_loudness": -0.8416520953178406,
      "mid_to_side_loudness_range": 2.9201931953430176,
      "side_mean": -65.53694152832031
    }
  ],
  "bands_short": [
    {
      "high_freq": 148.1999969482422,
      "loudness": -64.0914077758789,
      "loudness_range": 26.267044067382812,
      "mid_mean": -60.334320068359375,
      "mid_to_side_loudness": -7.20488166809082,
      "mid_to_side_loudness_range": 11.708459854125977,
      "side_mean": -65.11997985839844
    },
    {
      "high_freq": 392.3793640136719,
      "loudness": -42.034278869628906,
      "loudness_range": 29.578872680664062,
      "low_freq": 148.1999969482422,
      "mid_mean": -47.822242736816406,
      "mid_to_side_loudness": -5.430010795593262,
      "mid_to_side_loudness_range": 11.210251808166504,
      "side_mean": -52.89828872680664
    },
    {
      "high_freq": 794.6976318359375,
      "loudness": -43.30097579956055,
      "loudness_range": 27.798723220825195,
      "low_freq": 392.3793640136719,
      "mid_mean": -42.528804779052734,
      "mid_to_side_loudness": -2.916533946990967,
      "mid_to_side_loudness_range": 10.523080825805664,
      "side_mean": -46.66044235229492
    },
    {
      "high_freq": 1457.5709228515625,
      "loudness": -43.73424530029297,
      "loudness_range": 28.671653747558594,
      "low_freq": 794.6976318359375,
      "mid_mean": -43.031890869140625,
      "mid_to_side_loudness": -1.843247413635254,
      "mid_to_side_loudness_range": 10.46581745147705,
      "side_mean": -45.29508972167969
    },
    {
      "high_freq": 2549.74365234375,
      "loudness": -48.700233459472656,
      "loudness_range": 27.175304412841797,
      "low_freq": 1457.5709228515625,
      "mid_mean": -50.18181228637695,
      "mid_to_side_loudness": -1.861172080039978,
      "mid_to_side_loudness_range": 8.251823425292969,
      "side_mean": -51.868064880371094
    },
    {
      "high_freq": 4349.24462890625,
      "loudness": -48.72075271606445,
      "loudness_range": 28.151020050048828,
      "low_freq": 2549.74365234375,
      "mid_mean": -50.59884262084961,
      "mid_to_side_loudness": -1.6072533130645752,
      "mid_to_side_loudness_range": 6.890739440917969,
      "side_mean": -51.98741149902344
    },
    {
      "high_freq": 7314.1640625,
      "loudness": -59.32514572143555,
      "loudness_range": 29.920787811279297,
      "low_freq": 4349.24462890625,
      "mid_mean": -59.508949279785156,
      "mid_to_side_loudness": -1.6002414226531982,
      "mid_to_side_loudness_range": 5.094116687774658,
      "side_mean": -60.64875411987305
    },
    {
      "high_freq": 12199.2666015625,
      "loudness": -68.609619140625,
      "loudness_range": 27.22951889038086,
      "low_freq": 7314.1640625,
      "mid_mean": -63.87367630004883,
      "mid_to_side_loudness": -1.4312242269515991,
      "mid_to_side_loudness_range": 3.72724986076355,
      "side_mean": -64.78815460205078
    },
    {
      "loudness": -69.03965759277344,
      "loudness_range": 19.227046966552734,
      "low_freq": 12199.2666015625,
      "mid_mean": -65.03303527832031,
      "mid_to_side_loudness": -0.8195030093193054,
      "mid_to_side_loudness_range": 3.332557439804077,
      "side_mean": -65.6506576538086
    }
  ],
  "bandwidth": 694.8462524414062,
  "channels": 2,
  "covariance": [
    [
      104.16178894042969,
      78.49351501464844,
      86.248046875,
      71.90406036376953,
      31.749906539916992,
      29.911739349365234,
      19.38115119934082,
      16.26279067993164,
      15.291215896606445,
      20.861818313598633,
      20.848093032836914,
      19.75764274597168,
      17.839969635009766,
      17.461671829223633,
      13.628223419189453,
      13.446709632873535,
      11.117666244506836,
      10.850319862365723
    ],
    [
      78.49351501464844,
      62.1079216003418,
      65.5594711303711,
      55.41478729248047,
      26.213634490966797,
      24.973304748535156,
      16.749370574951172,
      14.600937843322754,
      13.87968921661377,
      17.18876075744629,
      17.357587814331055,
      16.58135414123535,
      14.704529762268066,
      14.486513137817383,
      11.335548400878906,
      11.188407897949219,
      9.151884078979492,
      8.928565979003906
    ],
    [
      86.248046875,
      65.5594711303711,
      224.2796173095703,
      189.0434112548828,
      84.57337951660156,
      84.37352752685547,
      71.81991577148438,
      70.47014617919922,
      64.86270904541016,
      70.32156372070312,
      64.68595886230469,
      61.241817474365234,
      59.375186920166016,
      55.386775970458984,
      37.970252990722656,
      33.205162048339844,
      31.144866943359375,
      25.72449493408203
    ],
    [
      71.90406036376953,
      55.41478729248047,
      189.0434112548828,
      176.28619384765625,
      72.1705551147461,
      74.65362548828125,
      63.940155029296875,
      64.91496276855469,
      58.17745590209961,
      69.67029571533203,
      62.786128997802734,
      59.774505615234375,
      53.51883316040039,
      49.90778732299805,
      33.177467346191406,
      29.06202507019043,
      27.542640686035156,
      22.983308792114258
    ],
    [
      31.749906539916992,
      26.213634490966797,
      84.57337951660156,
      72.1705551147461,
      95.44694519042969,
      89.81047058105469,
      68.63241577148438,
      66.29134368896484,
      72.47557067871094,
      71.30101013183594,
      72.90862274169922,
      69.22171783447266,
      61.1709098815918,
      56.07318878173828,
      40.0285530090332,
      34.6724739074707,
      28.923748016357422,
      23.667755126953125
    ],
    [
      29.911739349365234,
      24.973304748535156,
      84.37352752685547,
      74.65362548828125,
      89.81047058105469,
      103.41919708251953,
      63.83411407470703,
      63.07943344116211,
      74.64700317382812,
      76.06257629394531,
      74.524169921875,
      71.72998046875,
      59.776329040527344,
      55.26134490966797,
      37.9340705871582,
      33.09382247924805,
      27.26618766784668,
      22.57452392578125
    ],
    [
      19.38115119934082,
      16.749370574951172,
      71.81991577148438,
      63.940155029296875,
      68.63241577148438,
      63.83411407470703,
      105.04334259033203,
      100.03356170654297,
      78.5027084350586,
      77.90497589111328,
      85.66716003417969,
      84.49674224853516,
      75.7828369140625,
      70.9886474609375,
      52.28847885131836,
      46.3937873840332,
      37.76183319091797,
      32.00435256958008
    ],
    [
      16.26279067993164,
      14.600937843322754,
      70.47014617919922,
      64.91496276855469,
      66.29134368896484,
      63.07943344116211,
      100.03356170654297,
      110.73292541503906,
      79.39888763427734,
      81.3766098022461,
      88.59024047851562,
      88.34690856933594,
      74.46122741699219,
      70.82208251953125,
      50.983421325683594,
      45.90021896362305,
      36.29936599731445,
      31.384336471557617
    ],
    [
      15.291215896606445,
      13.87968921661377,
      64.86270904541016,
      58.17745590209961,
      72.47557067871094,
      74.64700317382812,
      78.5027084350586,
      79.39888763427734,
      105.97019958496094,
      105.06417083740234,
      97.82599639892578,
      95.84727478027344,
      79.268798828125,
      73.7852554321289,
      52.9476432800293,
      46.835269927978516,
      36.96328353881836,
      31.4866886138916
    ],
    [
      20.861818313598633,
      17.18876075744629,
      70.32156372070312,
      69.67029571533203,
      71.30101013183594,
      76.06257629394531,
      77.90497589111328,
      81.3766098022461,
      105.06417083740234,
      123.74812316894531,
      113.8652114868164,
      112.18385314941406,
      85.3096694946289,
      80.12522888183594,
      55.84182357788086,
      49.939395904541016,
      38.43867492675781,
      33.34278106689453
    ],
    [
      20.848093032836914,
      17.357587814331055,
      64.68595886230469,
      62.786128997802734,
      72.90862274169922,
      74.524169921875,
      85.66716003417969,
      88.59024047851562,
      97.82599639892578,
      113.8652114868164,
      131.376220703125,
      127.13545227050781,
      96.829833984375,
      89.59504699707031,
      62.59162139892578,
      54.83359146118164,
      43.42381286621094,
      36.58995056152344
    ],
    [
      19.75764274597168,
      16.58135414123535,
      61.241817474365234,
      59.774505615234375,
      69.22171783447266,
      71.72998046875,
      84.49674224853516,
      88.34690856933594,
      95.84727478027344,
      112.18385314941406,
      127.13545227050781,
      126.12444305419922,
      93.01331329345703,
      87.25656127929688,
      60.16579818725586,
      53.624473571777344,
      41.28007125854492,
      35.548309326171875
    ],
    [
      17.839969635009766,
      14.704529762268066,
      59.375186920166016,
      53.51883316040039,
      61.1709098815918,
      59.776329040527344,
      75.7828369140625,
      74.46122741699219,
      79.268798828125,
      85.3096694946289,
      96.829833984375,
      93.01331329345703,
      87.06375122070312,
      80.64107513427734,
      58.383338928222656,
      50.97557830810547,
      42.78205108642578,
      35.90388107299805
    ],
    [
      17.461671829223633,
      14.486513137817383,
      55.386775970458984,
      49.90778732299805,
      56.07318878173828,
      55.26134490966797,
      70.9886474609375,
      70.82208251953125,
      73.7852554321289,
      80.12522888183594,
      89.59504699707031,
      87.25656127929688,
      80.64107513427734,
      76.16779327392578,
      54.48955535888672,
      48.45981979370117,
      39.741153717041016,
      34.142333984375
    ],
    [
      13.628223419189453,
      11.335548400878906,
      37.970252990722656,
      33.177467346191406,
      40.0285530090332,
      37.9340705871582,
      52.28847885131836,
      50.983421325683594,
      52.9476432800293,
      55.84182357788086,
      62.59162139892578,
      60.16579818725586,
      58.383338928222656,
      54.48955535888672,
      44.60627746582031,
      39.68510818481445,
      32.767127990722656,
      28.185535430908203
    ],
    [
      13.446709632873535,
      11.188407897949219,
      33.205162048339844,
      29.06202507019043,
      34.6724739074707,
      33.09382247924805,
      46.3937873840332,
      45.90021896362305,
      46.835269927978516,
      49.939395904541016,
      54.83359146118164,
      53.624473571777344,
      50.97557830810547,
      48.45981979370117,
      39.68510818481445,
      36.21641540527344,
      29.003612518310547,
      25.740304946899414
    ],
    [
      11.117666244506836,
      9.151884078979492,
      31.144866943359375,
      27.542640686035156,
      28.923748016357422,
      27.26618766784668,
      37.76183319091797,
      36.29936599731445,
      36.96328353881836,
      38.43867492675781,
      43.42381286621094,
      41.28007125854492,
      42.78205108642578,
      39.741153717041016,
      32.767127990722656,
      29.003612518310547,
      26.196069717407227,
      22.428285598754883
    ],
    [
      10.850319862365723,
      8.928565979003906,
      25.72449493408203,
      22.983308792114258,
      23.667755126953125,
      22.57452392578125,
      32.00435256958008,
      31.384336471557617,
      31.4866886138916,
      33.34278106689453,
      36.58995056152344,
      35.548309326171875,
      35.90388107299805,
      34.142333984375,
      28.185535430908203,
      25.740304946899414,
      22.428285598754883,
      20.075271606445312
    ]
  ],
  "covariance_short": [
    [
      64.67762756347656,
      44.444984436035156,
      61.2329216003418,
      53.21682357788086,
      32.42676544189453,
      32.918697357177734,
      21.3934326171875,
      19.086606979370117,
      25.90854835510254,
      23.734403610229492,
      20.476335525512695,
      18.69200897216797,
      19.078868865966797,
      18.320283889770508,
      14.619985580444336,
      13.881251335144043,
      11.75508975982666,
      10.974275588989258
    ],
    [
      44.444984436035156,
      35.73123550415039,
      43.118316650390625,
      37.88798141479492,
      25.456268310546875,
      25.787309646606445,
      17.744890213012695,
      16.182893753051758,
      20.351612091064453,
      19.031654357910156,
      17.313709259033203,
      16.189958572387695,
      15.437565803527832,
      14.828654289245605,
      11.830779075622559,
      11.24680233001709,
      9.362960815429688,
      8.726719856262207
    ],
    [
      61.2329216003418,
      43.118316650390625,
      226.61431884765625,
      189.73312377929688,
      96.55915069580078,
      102.29308319091797,
      72.973876953125,
      68.859375,
      76.57177734375,
      68.85892486572266,
      69.22999572753906,
      64.560791015625,
      60.95771026611328,
      56.088653564453125,
      38.440433502197266,
      33.3652229309082,
      31.21742057800293,
      25.66675567626953
    ],
    [
      53.21682357788086,
      37.88798141479492,
      189.73312377929688,
      173.08172607421875,
      82.37882232666016,
      90.10195922851562,
      63.714515686035156,
      61.98904800415039,
      72.800537109375,
      66.49231719970703,
      64.2562484741211,
      60.611907958984375,
      53.34428405761719,
      49.33115005493164,
      33.00168228149414,
      28.7989559173584,
      27.14909553527832,
      22.600683212280273
    ],
    [
      32.42676544189453,
      25.456268310546875,
      96.55915069580078,
      82.37882232666016,
      104.14393615722656,
      93.23661804199219,
      68.09671020507812,
      63.91405487060547,
      68.59345245361328,
      64.09535217285156,
      68.0297622680664,
      63.69346237182617,
      58.341163635253906,
      53.15603256225586,
      37.98363494873047,
      32.56707763671875,
      28.02138328552246,
      22.733482360839844
    ],
    [
      32.918697357177734,
      25.787309646606445,
      102.29308319091797,
      90.10195922851562,
      93.23661804199219,
      113.1846694946289,
      62.602691650390625,
      60.147735595703125,
      72.76443481445312,
      68.32662963867188,
      70.4039077758789,
      66.99147033691406,
      56.897361755371094,
      52.10060119628906,
      35.43754196166992,
      30.49297523498535,
      25.978382110595703,
      21.15382194519043
    ],
    [
      21.3934326171875,
      17.744890213012695,
      72.973876953125,
      63.714515686035156,
      68.09671020507812,
      62.602691650390625,
      105.42249298095703,
      97.40007781982422,
      79.26053619384766,
      78.0848159790039,
      86.14912414550781,
      84.39322662353516,
      74.40452575683594,
      69.23434448242188,
      50.44226837158203,
      44.51974105834961,
      36.48152542114258,
      30.67810821533203
    ],
    [
      19.086606979370117,
      16.182893753051758,
      68.859375,
      61.98904800415039,
      63.91405487060547,
      60.147735595703125,
      97.40007781982422,
      109.96966552734375,
      81.70501708984375,
      82.20986938476562,
      88.68268585205078,
      88.48457336425781,
      72.48125457763672,
      68.66108703613281,
      48.84572982788086,
      43.8438835144043,
      34.72441101074219,
      29.874919891357422
    ],
    [
      25.90854835510254,
      20.351612091064453,
      76.57177734375,
      72.800537109375,
      68.59345245361328,
      72.76443481445312,
      79.26053619384766,
      81.70501708984375,
      125.63011932373047,
      120.20935821533203,
      116.36421203613281,
      112.56497192382812,
      86.30108642578125,
      79.56134033203125,
      55.59450149536133,
      48.73574447631836,
      38.51730728149414,
      32.5758056640625
    ],
    [
      23.734403610229492,
      19.031654357910156,
      68.85892486572266,
      66.49231719970703,
      64.09535217285156,
      68.32662963867188,
      78.0848159790039,
      82.20986938476562,
      120.20935821533203,
      122.17808532714844,
      113.15888977050781,
      111.31228637695312,
      83.282470703125,
      77.9562759399414,
      53.90296173095703,
      48.029273986816406,
      36.998260498046875,
      31.89574432373047
    ],
    [
      20.476335525512695,
      17.313709259033203,
      69.22999572753906,
      64.2562484741211,
      68.0297622680664,
      70.4039077758789,
      86.14912414550781,
      88.68268585205078,
      116.36421203613281,
      113.15888977050781,
      134.82656860351562,
      129.00436401367188,
      96.83905029296875,
      89.42356872558594,
      62.24545669555664,
      54.474430084228516,
      42.95116424560547,
      36.128849029541016
    ],
    [
      18.69200897216797,
      16.189958572387695,
      64.560791015625,
      60.611907958984375,
      63.69346237182617,
      66.99147033691406,
      84.39322662353516,
      88.48457336425781,
      112.56497192382812,
      111.31228637695312,
      129.00436401367188,
      128.7133331298828,
      92.6487808227539,
      86.78377532958984,
      59.63275909423828,
      53.097293853759766,
      40.66752624511719,
      34.95460510253906
    ],
    [
      19.078868865966797,
      15.437565803527832,
      60.95771026611328,
      53.34428405761719,
      58.341163635253906,
      56.897361755371094,
      74.40452575683594,
      72.48125457763672,
      86.30108642578125,
      83.282470703125,
      96.83905029296875,
      92.6487808227539,
      86.8503646850586,
      79.92461395263672,
      56.99986267089844,
      49.68166732788086,
      41.5550651550293,
      34.76472854614258
    ],
    [
      18.320283889770508,
      14.828654289245605,
      56.088653564453125,
      49.33115005493164,
      53.15603256225586,
      52.10060119628906,
      69.23434448242188,
      68.66108703613281,
      79.56134033203125,
      77.9562759399414,
      89.42356872558594,
      86.78377532958984,
      79.92461395263672,
      75.75575256347656,
      53.0031623840332,
      47.035579681396484,
      38.4490852355957,
      32.925201416015625
    ],
    [
      14.619985580444336,
      11.830779075622559,
      38.440433502197266,
      33.00168228149414,
      37.98363494873047,
      35.43754196166992,
      50.44226837158203,
      48.84572982788086,
      55.59450149536133,
      53.90296173095703,
      62.24545669555664,
      59.63275909423828,
      56.99986267089844,
      53.0031623840332,
      43.92955017089844,
      38.96147155761719,
      31.704519271850586,
      27.1845760345459
    ],
    [
      13.881251335144043,
      11.24680233001709,
      33.3652229309082,
      28.7989559173584,
      32.56707763671875,
      30.49297523498535,
      44.51974105834961,
      43.8438835144043,
      48.73574447631836,
      48.029273986816406,
      54.474430084228516,
      53.097293853759766,
      49.68166732788086,
      47.035579681396484,
      38.96147155761719,
      35.60392761230469,
      27.999971389770508,
      24.759490966796875
    ],
    [
      11.75508975982666,
      9.362960815429688,
      31.21742057800293,
      27.14909553527832,
      28.02138328552246,
      25.978382110595703,
      36.48152542114258,
      34.72441101074219,
      38.51730728149414,
      36.998260498046875,
      42.95116424560547,
      40.66752624511719,
      41.5550651550293,
      38.4490852355957,
      31.704519271850586,
      27.999971389770508,
      25.64536476135254,
      21.876344680786133
    ],
    [
      10.974275588989258,
      8.726719856262207,
      25.66675567626953,
      22.600683212280273,
      22.733482360839844,
      21.15382194519043,
      30.67810821533203,
      29.874919891357422,
      32.5758056640625,
      31.89574432373047,
      36.128849029541016,
      34.95460510253906,
      34.76472854614258,
      32.925201416015625,
      27.1845760345459,
      24.759490966796875,
      21.876344680786133,
      19.567638397216797
    ]
  ],
  "damage": -21.104469299316406,
  "diff_bandwidth": 785.188232421875,
  "dissonance": 5.144409316441202,
  "drr": 9.638651847839355,
  "dynamics": 7.023435115814209,
  "format": 1245190,
  "frames": 10341312,
  "loudness": -31.46181297302246,
  "loudness_range": 25.235980987548828,
  "loudness_range_short": 25.432044982910156,
  "lowpass_true_peak_15khz": -3.8689746856689453,
  "mastering3_acoustic_entropies": [
    {
      "acoustic_entropy": 6.756503582000732,
      "acoustic_entropy_mono": 7.740190505981445,
      "band_eliminated_acoustic_entropies": [
        {
          "acoustic_entropy": 6.765299320220947,
          "acoustic_entropy_side": 6.756560802459717,
          "hz": 129.47220167065723
        },
        {
          "acoustic_entropy": 6.896461009979248,
          "acoustic_entropy_side": 6.771703720092773,
          "hz": 202.92927478742237
        },
        {
          "acoustic_entropy": 7.196841239929199,
          "acoustic_entropy_side": 6.802421569824219,
          "hz": 282.89161906338205
        },
        {
          "acoustic_entropy": 7.3332977294921875,
          "acoustic_entropy_side": 7.076663970947266,
          "hz": 369.9353335868758
        },
        {
          "acoustic_entropy": 6.869715690612793,
          "acoustic_entropy_side": 6.819713115692139,
          "hz": 464.6875360973435
        },
        {
          "acoustic_entropy": 6.697628021240234,
          "acoustic_entropy_side": 6.907023906707764,
          "hz": 567.8308811364784
        },
        {
          "acoustic_entropy": 6.823598384857178,
          "acoustic_entropy_side": 7.0563788414001465,
          "hz": 680.1084783214808
        },
        {
          "acoustic_entropy": 6.705867290496826,
          "acoustic_entropy_side": 6.778007984161377,
          "hz": 802.3292461747484
        },
        {
          "acoustic_entropy": 6.846292495727539,
          "acoustic_entropy_side": 6.510444164276123,
          "hz": 935.3737400823702
        },
        {
          "acoustic_entropy": 6.564683437347412,
          "acoustic_entropy_side": 7.231810569763184,
          "hz": 1080.2004963696966
        },
        {
          "acoustic_entropy": 5.780958652496338,
          "acoustic_entropy_side": 7.251821994781494,
          "hz": 1237.8529382007157
        },
        {
          "acoustic_entropy": 6.670453071594238,
          "acoustic_entropy_side": 6.587828159332275,
          "hz": 1409.4668930556702
        },
        {
          "acoustic_entropy": 7.009889125823975,
          "acoustic_entropy_side": 6.952388763427734,
          "hz": 1596.2787759475705
        },
        {
          "acoustic_entropy": 7.09564208984375,
          "acoustic_entropy_side": 7.022822856903076,
          "hz": 1799.6344973346393
        },
        {
          "acoustic_entropy": 7.096817970275879,
          "acoustic_entropy_side": 6.945312976837158,
          "hz": 2020.9991599069049
        },
        {
          "acoustic_entropy": 7.002665996551514,
          "acoustic_entropy_side": 6.910491466522217,
          "hz": 2261.9676141086993
        },
        {
          "acoustic_entropy": 6.623780250549316,
          "acoustic_entropy_side": 6.698269844055176,
          "hz": 2524.2759484456974
        },
        {
          "acoustic_entropy": 6.419039726257324,
          "acoustic_entropy_side": 6.482573986053467,
          "hz": 2809.813997359896
        },
        {
          "acoustic_entropy": 6.715173721313477,
          "acoustic_entropy_side": 6.9224138259887695,
          "hz": 3120.6389567871424
        },
        {
          "acoustic_entropy": 6.7104363441467285,
          "acoustic_entropy_side": 6.794919013977051,
          "hz": 3458.990205492291
        },
        {
          "acoustic_entropy": 6.675355434417725,
          "acoustic_entropy_side": 6.807311534881592,
          "hz": 3827.305438964164
        },
        {
          "acoustic_entropy": 6.8274970054626465,
          "acoustic_entropy_side": 6.82654333114624,
          "hz": 4228.238232109126
        },
        {
          "acoustic_entropy": 6.8539509773254395,
          "acoustic_entropy_side": 6.810695648193359,
          "hz": 4664.6771572759235
        },
        {
          "acoustic_entropy": 6.788043022155762,
          "acoustic_entropy_side": 6.767674446105957,
          "hz": 5139.766595350093
        },
        {
          "acoustic_entropy": 6.758414268493652,
          "acoustic_entropy_side": 6.76839017868042,
          "hz": 5656.929389854203
        },
        {
          "acoustic_entropy": 6.759781837463379,
          "acoustic_entropy_side": 6.761868000030518,
          "hz": 6219.891507268283
        },
        {
          "acoustic_entropy": 6.746548652648926,
          "acoustic_entropy_side": 6.756495952606201,
          "hz": 6832.70888123896
        },
        {
          "acoustic_entropy": 6.803904056549072,
          "acoustic_entropy_side": 6.799062252044678,
          "hz": 7499.796634079867
        },
        {
          "acoustic_entropy": 6.753321170806885,
          "acoustic_entropy_side": 6.758362293243408,
          "hz": 8225.96088609342
        },
        {
          "acoustic_entropy": 6.762726306915283,
          "acoustic_entropy_side": 6.760201454162598,
          "hz": 9016.43338188839
        },
        {
          "acoustic_entropy": 6.76046895980835,
          "acoustic_entropy_side": 6.7582268714904785,
          "hz": 9876.909183162974
        },
        {
          "acoustic_entropy": 6.7605204582214355,
          "acoustic_entropy_side": 6.758088111877441,
          "hz": 10813.587699516042
        },
        {
          "acoustic_entropy": 6.754654884338379,
          "acoustic_entropy_side": 6.755575656890869,
          "hz": 11833.21735289826
        },
        {
          "acoustic_entropy": 6.753117084503174,
          "acoustic_entropy_side": 6.754934787750244,
          "hz": 12943.144197493959
        },
        {
          "acoustic_entropy": 6.7564311027526855,
          "acoustic_entropy_side": 6.756845474243164,
          "hz": 14151.364845322005
        },
        {
          "acoustic_entropy": 6.758060455322266,
          "acoustic_entropy_side": 6.757539749145508,
          "hz": 15466.58407886509
        },
        {
          "acoustic_entropy": 6.764139652252197,
          "acoustic_entropy_side": 6.760918617248535,
          "hz": 16898.27756580493
        },
        {
          "acoustic_entropy": 6.757397651672363,
          "acoustic_entropy_side": 6.756881237030029,
          "hz": 18456.760127700032
        },
        {
          "acoustic_entropy": 6.756593227386475,
          "acoustic_entropy_side": 6.756537914276123,
          "hz": 20153.260054456492
        },
        {
          "acoustic_entropy": 6.756502151489258,
          "acoustic_entropy_side": 6.7565016746521,
          "hz": 22000.00000000001
        }
      ],
      "diff_acoustic_entropy": 1.613637089729309,
      "sn": 6
    },
    {
      "acoustic_entropy": 12.170927047729492,
      "acoustic_entropy_mono": 12.746194839477539,
      "band_eliminated_acoustic_entropies": [
        {
          "acoustic_entropy": 12.66500473022461,
          "acoustic_entropy_side": 12.166447639465332,
          "hz": 129.47220167065723
        },
        {
          "acoustic_entropy": 12.802268981933594,
          "acoustic_entropy_side": 12.659940719604492,
          "hz": 202.92927478742237
        },
        {
          "acoustic_entropy": 13.278024673461914,
          "acoustic_entropy_side": 12.577749252319336,
          "hz": 282.89161906338205
        },
        {
          "acoustic_entropy": 13.011493682861328,
          "acoustic_entropy_side": 12.724457740783691,
          "hz": 369.9353335868758
        },
        {
          "acoustic_entropy": 12.76650333404541,
          "acoustic_entropy_side": 12.696839332580566,
          "hz": 464.6875360973435
        },
        {
          "acoustic_entropy": 12.898283958435059,
          "acoustic_entropy_side": 12.438252449035645,
          "hz": 567.8308811364784
        },
        {
          "acoustic_entropy": 13.203676223754883,
          "acoustic_entropy_side": 12.163007736206055,
          "hz": 680.1084783214808
        },
        {
          "acoustic_entropy": 11.78067398071289,
          "acoustic_entropy_side": 12.563956260681152,
          "hz": 802.3292461747484
        },
        {
          "acoustic_entropy": 12.060551643371582,
          "acoustic_entropy_side": 12.365598678588867,
          "hz": 935.3737400823702
        },
        {
          "acoustic_entropy": 11.982943534851074,
          "acoustic_entropy_side": 13.369129180908203,
          "hz": 1080.2004963696966
        },
        {
          "acoustic_entropy": 11.698715209960938,
          "acoustic_entropy_side": 12.79438304901123,
          "hz": 1237.8529382007157
        },
        {
          "acoustic_entropy": 13.115436553955078,
          "acoustic_entropy_side": 12.757061004638672,
          "hz": 1409.4668930556702
        },
        {
          "acoustic_entropy": 12.27897834777832,
          "acoustic_entropy_side": 12.497345924377441,
          "hz": 1596.2787759475705
        },
        {
          "acoustic_entropy": 12.217602729797363,
          "acoustic_entropy_side": 12.660246849060059,
          "hz": 1799.6344973346393
        },
        {
          "acoustic_entropy": 12.09485912322998,
          "acoustic_entropy_side": 12.441843032836914,
          "hz": 2020.9991599069049
        },
        {
          "acoustic_entropy": 12.466524124145508,
          "acoustic_entropy_side": 12.364998817443848,
          "hz": 2261.9676141086993
        },
        {
          "acoustic_entropy": 12.537139892578125,
          "acoustic_entropy_side": 13.023398399353027,
          "hz": 2524.2759484456974
        },
        {
          "acoustic_entropy": 11.849649429321289,
          "acoustic_entropy_side": 12.30744457244873,
          "hz": 2809.813997359896
        },
        {
          "acoustic_entropy": 12.196660995483398,
          "acoustic_entropy_side": 12.746262550354004,
          "hz": 3120.6389567871424
        },
        {
          "acoustic_entropy": 12.75412368774414,
          "acoustic_entropy_side": 12.89562702178955,
          "hz": 3458.990205492291
        },
        {
          "acoustic_entropy": 12.877017974853516,
          "acoustic_entropy_side": 12.896750450134277,
          "hz": 3827.305438964164
        },
        {
          "acoustic_entropy": 12.832798957824707,
          "acoustic_entropy_side": 12.270578384399414,
          "hz": 4228.238232109126
        },
        {
          "acoustic_entropy": 12.525426864624023,
          "acoustic_entropy_side": 12.549177169799805,
          "hz": 4664.6771572759235
        },
        {
          "acoustic_entropy": 12.407588958740234,
          "acoustic_entropy_side": 12.422358512878418,
          "hz": 5139.766595350093
        },
        {
          "acoustic_entropy": 12.692421913146973,
          "acoustic_entropy_side": 12.606661796569824,
          "hz": 5656.929389854203
        },
        {
          "acoustic_entropy": 12.439371109008789,
          "acoustic_entropy_side": 12.373089790344238,
          "hz": 6219.891507268283
        },
        {
          "acoustic_entropy": 12.056678771972656,
          "acoustic_entropy_side": 12.10995101928711,
          "hz": 6832.70888123896
        },
        {
          "acoustic_entropy": 12.41886043548584,
          "acoustic_entropy_side": 12.60030746459961,
          "hz": 7499.796634079867
        },
        {
          "acoustic_entropy": 12.15006160736084,
          "acoustic_entropy_side": 12.16094970703125,
          "hz": 8225.96088609342
        },
        {
          "acoustic_entropy": 12.386964797973633,
          "acoustic_entropy_side": 12.254800796508789,
          "hz": 9016.43338188839
        },
        {
          "acoustic_entropy": 12.241236686706543,
          "acoustic_entropy_side": 12.198424339294434,
          "hz": 9876.909183162974
        },
        {
          "acoustic_entropy": 12.232287406921387,
          "acoustic_entropy_side": 12.18812370300293,
          "hz": 10813.587699516042
        },
        {
          "acoustic_entropy": 12.118253707885742,
          "acoustic_entropy_side": 12.142650604248047,
          "hz": 11833.21735289826
        },
        {
          "acoustic_entropy": 12.110170364379883,
          "acoustic_entropy_side": 12.141584396362305,
          "hz": 12943.144197493959
        },
        {
          "acoustic_entropy": 12.2842435836792,
          "acoustic_entropy_side": 12.197677612304688,
          "hz": 14151.364845322005
        },
        {
          "acoustic_entropy": 12.281943321228027,
          "acoustic_entropy_side": 12.195610046386719,
          "hz": 15466.58407886509
        },
        {
          "acoustic_entropy": 12.28698444366455,
          "acoustic_entropy_side": 12.200616836547852,
          "hz": 16898.27756580493
        },
        {
          "acoustic_entropy": 12.182226181030273,
          "acoustic_entropy_side": 12.173027038574219,
          "hz": 18456.760127700032
        },
        {
          "acoustic_entropy": 12.17071533203125,
          "acoustic_entropy_side": 12.170312881469727,
          "hz": 20153.260054456492
        },
        {
          "acoustic_entropy": 12.170966148376465,
          "acoustic_entropy_side": 12.170907020568848,
          "hz": 22000.00000000001
        }
      ],
      "diff_acoustic_entropy": 2.965205669403076,
      "sn": 12
    },
    {
      "acoustic_entropy": 24.01680564880371,
      "acoustic_entropy_mono": 21.85101318359375,
      "band_eliminated_acoustic_entropies": [
        {
          "acoustic_entropy": 23.379892349243164,
          "acoustic_entropy_side": 23.948543548583984,
          "hz": 129.47220167065723
        },
        {
          "acoustic_entropy": 23.14281463623047,
          "acoustic_entropy_side": 23.906192779541016,
          "hz": 202.92927478742237
        },
        {
          "acoustic_entropy": 24.738250732421875,
          "acoustic_entropy_side": 23.992204666137695,
          "hz": 282.89161906338205
        },
        {
          "acoustic_entropy": 22.59438705444336,
          "acoustic_entropy_side": 22.73000144958496,
          "hz": 369.9353335868758
        },
        {
          "acoustic_entropy": 23.204402923583984,
          "acoustic_entropy_side": 24.46994400024414,
          "hz": 464.6875360973435
        },
        {
          "acoustic_entropy": 22.71055030822754,
          "acoustic_entropy_side": 23.237688064575195,
          "hz": 567.8308811364784
        },
        {
          "acoustic_entropy": 25.742290496826172,
          "acoustic_entropy_side": 24.053882598876953,
          "hz": 680.1084783214808
        },
        {
          "acoustic_entropy": 24.000133514404297,
          "acoustic_entropy_side": 24.573108673095703,
          "hz": 802.3292461747484
        },
        {
          "acoustic_entropy": 23.487924575805664,
          "acoustic_entropy_side": 23.54637336730957,
          "hz": 935.3737400823702
        },
        {
          "acoustic_entropy": 22.774473190307617,
          "acoustic_entropy_side": 23.620521545410156,
          "hz": 1080.2004963696966
        },
        {
          "acoustic_entropy": 23.435264587402344,
          "acoustic_entropy_side": 24.82767677307129,
          "hz": 1237.8529382007157
        },
        {
          "acoustic_entropy": 23.46368408203125,
          "acoustic_entropy_side": 23.288480758666992,
          "hz": 1409.4668930556702
        },
        {
          "acoustic_entropy": 24.895933151245117,
          "acoustic_entropy_side": 23.27372169494629,
          "hz": 1596.2787759475705
        },
        {
          "acoustic_entropy": 23.81454086303711,
          "acoustic_entropy_side": 24.43910026550293,
          "hz": 1799.6344973346393
        },
        {
          "acoustic_entropy": 23.260976791381836,
          "acoustic_entropy_side": 24.55647087097168,
          "hz": 2020.9991599069049
        },
        {
          "acoustic_entropy": 23.146892547607422,
          "acoustic_entropy_side": 23.681907653808594,
          "hz": 2261.9676141086993
        },
        {
          "acoustic_entropy": 24.12065887451172,
          "acoustic_entropy_side": 24.354734420776367,
          "hz": 2524.2759484456974
        },
        {
          "acoustic_entropy": 22.777589797973633,
          "acoustic_entropy_side": 23.96449089050293,
          "hz": 2809.813997359896
        },
        {
          "acoustic_entropy": 22.728498458862305,
          "acoustic_entropy_side": 23.722368240356445,
          "hz": 3120.6389567871424
        },
        {
          "acoustic_entropy": 23.45113754272461,
          "acoustic_entropy_side": 23.89795684814453,
