{
  "acoustic_entropy": 122.5068359375,
  "bands": [
    {
      "high_freq": 148.1999969482422,
      "loudness": -46.41398620605469,
      "loudness_range": 6.187065124511719,
      "mid_mean": -46.17325210571289,
      "mid_to_side_loudness": 0.7614285349845886,
      "mid_to_side_loudness_range": 4.63182258605957,
      "side_mean": -45.41585922241211
    },
    {
      "high_freq": 392.3793640136719,
      "loudness": -36.612911224365234,
      "loudness_range": 17.540380477905273,
      "low_freq": 148.1999969482422,
      "mid_mean": -36.641849517822266,
      "mid_to_side_loudness": 0.8666651844978333,
      "mid_to_side_loudness_range": 9.293198585510254,
      "side_mean": -35.88765335083008
    },
    {
      "high_freq": 794.6976318359375,
      "loudness": -33.205345153808594,
      "loudness_range": 11.877092361450195,
      "low_freq": 392.3793640136719,
      "mid_mean": -33.43628692626953,
      "mid_to_side_loudness": 1.1189565658569336,
      "mid_to_side_loudness_range": 9.298093795776367,
      "side_mean": -32.25553512573242
    },
    {
      "high_freq": 1457.5709228515625,
      "loudness": -39.19097137451172,
      "loudness_range": 20.286331176757812,
      "low_freq": 794.6976318359375,
      "mid_mean": -39.34849166870117,
      "mid_to_side_loudness": 1.2105580568313599,
      "mid_to_side_loudness_range": 9.031380653381348,
      "side_mean": -38.176048278808594
    },
    {
      "high_freq": 2549.74365234375,
      "loudness": -51.28675079345703,
      "loudness_range": 13.963554382324219,
      "low_freq": 1457.5709228515625,
      "mid_mean": -52.33356857299805,
      "mid_to_side_loudness": 2.404426336288452,
      "mid_to_side_loudness_range": 7.032270908355713,
      "side_mean": -50.00674057006836
    },
    {
      "high_freq": 4349.24462890625,
      "loudness": -65.48456573486328,
      "loudness_range": 11.180011749267578,
      "low_freq": 2549.74365234375,
      "mid_mean": -63.41065216064453,
      "mid_to_side_loudness": 0.4012957811355591,
      "mid_to_side_loudness_range": 4.221432685852051,
      "side_mean": -63.192405700683594
    },
    {
      "high_freq": 7314.1640625,
      "loudness": -74.30094146728516,
      "loudness_range": 7.9910736083984375,
      "low_freq": 4349.24462890625,
      "mid_mean": -68.21772766113281,
      "mid_to_side_loudness": -0.2079036682844162,
      "mid_to_side_loudness_range": 2.4982104301452637,
      "side_mean": -68.30653381347656
    },
    {
      "high_freq": 12199.2666015625,
      "loudness": 0,
      "loudness_range": 0,
      "low_freq": 7314.1640625,
      "mid_mean": -69.311767578125,
      "mid_to_side_loudness": -2.033806085586548,
      "mid_to_side_loudness_range": 1.0209439992904663,
      "side_mean": -69.55325317382812
    },
    {
      "loudness": 0,
      "loudness_range": 0,
      "low_freq": 12199.2666015625,
      "mid_mean": -68.11673736572266,
      "mid_to_side_loudness": -0.3634091019630432,
      "mid_to_side_loudness_range": 0.4688764810562134,
      "side_mean": -68.24119567871094
    }
  ],
  "bands_short": [
    {
      "high_freq": 148.1999969482422,
      "loudness": -47.414703369140625,
      "loudness_range": 9.45953369140625,
      "mid_mean": -47.46821975708008,
      "mid_to_side_loudness": 0.513724684715271,
      "mid_to_side_loudness_range": 12.907936096191406,
      "side_mean": -46.956722259521484
    },
    {
      "high_freq": 392.3793640136719,
      "loudness": -37.90575408935547,
      "loudness_range": 18.68937110900879,
      "low_freq": 148.1999969482422,
      "mid_mean": -38.21478271484375,
      "mid_to_side_loudness": 1.1197007894515991,
      "mid_to_side_loudness_range": 11.314905166625977,
      "side_mean": -37.14681625366211
    },
    {
      "high_freq": 794.6976318359375,
      "loudness": -33.20623016357422,
      "loudness_range": 11.662467956542969,
      "low_freq": 392.3793640136719,
      "mid_mean": -33.157073974609375,
      "mid_to_side_loudness": 0.67128986120224,
      "mid_to_side_loudness_range": 9.972084045410156,
      "side_mean": -32.31259536743164
    },
    {
      "high_freq": 1457.5709228515625,
      "loudness": -38.70267868041992,
      "loudness_range": 19.466203689575195,
      "low_freq": 794.6976318359375,
      "mid_mean": -38.95954132080078,
      "mid_to_side_loudness": 1.2566770315170288,
      "mid_to_side_loudness_range": 9.977458953857422,
      "side_mean": -37.742340087890625
    },
    {
      "high_freq": 2549.74365234375,
      "loudness": -51.47235107421875,
      "loudness_range": 15.223297119140625,
      "low_freq": 1457.5709228515625,
      "mid_mean": -52.65357971191406,
      "mid_to_side_loudness": 2.452014207839966,
      "mid_to_side_loudness_range": 9.877776145935059,
      "side_mean": -50.28221130371094
    },
    {
      "high_freq": 4349.24462890625,
      "loudness": -65.52285766601562,
      "loudness_range": 11.50918960571289,
      "low_freq": 2549.74365234375,
      "mid_mean": -63.45866394042969,
      "mid_to_side_loudness": 0.3938426375389099,
      "mid_to_side_loudness_range": 5.863537788391113,
      "side_mean": -63.24552536010742
    },
    {
      "high_freq": 7314.1640625,
      "loudness": -74.16808319091797,
      "loudness_range": 8.417861938476562,
      "low_freq": 4349.24462890625,
      "mid_mean": -68.17656707763672,
      "mid_to_side_loudness": -0.12302900850772858,
      "mid_to_side_loudness_range": 4.091128826141357,
      "side_mean": -68.2328109741211
    },
    {
      "high_freq": 12199.2666015625,
      "loudness": -79.31101989746094,
      "loudness_range": 3.0037307739257812,
      "low_freq": 7314.1640625,
      "mid_mean": -69.30933380126953,
      "mid_to_side_loudness": -2.0265157222747803,
      "mid_to_side_loudness_range": 1.9580268859863281,
      "side_mean": -69.55062103271484
    },
    {
      "loudness": 0,
      "loudness_range": 0,
      "low_freq": 12199.2666015625,
      "mid_mean": -68.11495208740234,
      "mid_to_side_loudness": -0.3686118721961975,
      "mid_to_side_loudness_range": 1.4491101503372192,
      "side_mean": -68.24060821533203
    }
  ],
  "bandwidth": 569.1900634765625,
  "channels": 2,
  "covariance": [
    [
      4.6469645500183105,
      4.418351650238037,
      -1.9785360097885132,
      -1.8676989078521729,
      0.5365794897079468,
      0.7642555832862854,
      -0.48132848739624023,
      -2.115360975265503,
      1.8140897750854492,
      3.0468356609344482,
      -0.504221498966217,
      -0.6809290051460266,
      0.07065744698047638,
      -0.01858760043978691,
      -0.007861846126616001,
      -0.014161168597638607,
      0.006973944138735533,
      0.011628718115389347
    ],
    [
      4.418351650238037,
      6.790353775024414,
      -2.1196887493133545,
      -2.06083083152771,
      0.004838928114622831,
      0.3767319619655609,
      -1.353005051612854,
      -3.396420955657959,
      1.7686688899993896,
      3.3860373497009277,
      -1.0670909881591797,
      -1.2078452110290527,
      -0.025934364646673203,
      -0.11873102188110352,
      -0.026940064504742622,
      -0.030876358970999718,
      0.0057759457267820835,
      0.007191590964794159
    ],
    [
      -1.9785360097885132,
      -2.1196887493133545,
      48.0411491394043,
      36.35479736328125,
      -20.370933532714844,
      -16.58912467956543,
      -22.110694885253906,
      -19.583786010742188,
      -12.847100257873535,
      -12.761868476867676,
      -5.39389705657959,
      -3.9446921348571777,
      -1.6633731126785278,
      -1.8543634414672852,
      -0.33429619669914246,
      -0.2304181158542633,
      -0.05223267525434494,
      -0.03635447099804878
    ],
    [
      -1.8676989078521729,
      -2.06083083152771,
      36.35479736328125,
      37.162879943847656,
      -18.044775009155273,
      -14.259326934814453,
      -21.28586196899414,
      -18.818044662475586,
      -10.408373832702637,
      -10.221884727478027,
      -4.690237045288086,
      -3.33325457572937,
      -1.4385409355163574,
      -1.5481573343276978,
      -0.29510626196861267,
      -0.20396870374679565,
      -0.04554257541894913,
      -0.02822154574096203
    ],
    [
      0.5365794897079468,
      0.004838928114622831,
      -20.370933532714844,
      -18.044775009155273,
      23.949365615844727,
      15.441425323486328,
      21.199657440185547,
      19.089950561523438,
      11.826201438903809,
      11.972453117370605,
      6.698161602020264,
      5.298277854919434,
      1.9140255451202393,
      2.181739091873169,
      0.31372126936912537,
      0.24315492808818817,
      0.03461375832557678,
      0.04336369037628174
    ],
    [
      0.7642555832862854,
      0.3767319619655609,
      -16.58912467956543,
      -14.259326934814453,
      15.441425323486328,
      18.672456741333008,
      17.641666412353516,
      17.656402587890625,
      11.396763801574707,
      12.01152229309082,
      5.827579021453857,
      5.397037029266357,
      1.5535956621170044,
      1.7270219326019287,
      0.26192429661750793,
      0.20743601024150848,
      0.02707008831202984,
      0.042667556554079056
    ],
    [
      -0.48132848739624023,
      -1.353005051612854,
      -22.110694885253906,
      -21.28586196899414,
      21.199657440185547,
      17.641666412353516,
      50.272300720214844,
      44.3996467590332,
      21.946327209472656,
      20.76580238342285,
      14.933111190795898,
      13.722037315368652,
      3.9273643493652344,
      3.994438886642456,
      0.6125030517578125,
      0.5071699619293213,
      0.07336984574794769,
      0.08724721521139145
    ],
    [
      -2.115360975265503,
      -3.396420955657959,
      -19.583786010742188,
      -18.818044662475586,
      19.089950561523438,
      17.656402587890625,
      44.3996467590332,
      47.937408447265625,
      19.748483657836914,
      18.208274841308594,
      14.440967559814453,
      13.293346405029297,
      3.692021131515503,
      3.6229300498962402,
      0.5915331244468689,
      0.48607292771339417,
      0.06630441546440125,
      0.08424254506826401
    ],
    [
      1.8140897750854492,
      1.7686688899993896,
      -12.847100257873535,
      -10.408373832702637,
      11.826201438903809,
      11.396763801574707,
      21.946327209472656,
      19.748483657836914,
      30.60555648803711,
      27.368898391723633,
      11.224129676818848,
      11.124725341796875,
      3.646587371826172,
      2.9479804039001465,
      0.4939110279083252,
      0.372653067111969,
      0.08934236317873001,
      0.12517060339450836
    ],
    [
      3.0468356609344482,
      3.3860373497009277,
      -12.761868476867676,
      -10.221884727478027,
      11.972453117370605,
      12.01152229309082,
      20.76580238342285,
      18.208274841308594,
      27.368898391723633,
      30.051794052124023,
      10.553550720214844,
      10.107885360717773,
      3.175848960876465,
      2.7122554779052734,
      0.44999590516090393,
      0.3427782654762268,
      0.08407630771398544,
      0.12670233845710754
    ],
    [
      -0.504221498966217,
      -1.0670909881591797,
      -5.39389705657959,
      -4.690237045288086,
      6.698161602020264,
      5.827579021453857,
      14.933111190795898,
      14.440967559814453,
      11.224129676818848,
      10.553550720214844,
      8.316105842590332,
      7.17610502243042,
      1.9921725988388062,
      1.823033094406128,
      0.27797645330429077,
      0.22254498302936554,
      0.0442654974758625,
      0.06060737743973732
    ],
    [
      -0.6809290051460266,
      -1.2078452110290527,
      -3.9446921348571777,
      -3.33325457572937,
      5.298277854919434,
      5.397037029266357,
      13.722037315368652,
      13.293346405029297,
      11.124725341796875,
      10.107885360717773,
      7.17610502243042,
      7.360299587249756,
      1.8908727169036865,
      1.7232420444488525,
      0.2564077079296112,
      0.2085837423801422,
      0.0415167361497879,
      0.05963579937815666
    ],
    [
      0.07065744698047638,
      -0.025934364646673203,
      -1.6633731126785278,
      -1.4385409355163574,
      1.9140255451202393,
      1.5535956621170044,
      3.9273643493652344,
      3.692021131515503,
      3.646587371826172,
      3.175848960876465,
      1.9921725988388062,
      1.8908727169036865,
      0.8789932727813721,
      0.6539779901504517,
      0.08611229062080383,
      0.06578074395656586,
      0.01277292799204588,
      0.01597372069954872
    ],
    [
      -0.01858760043978691,
      -0.11873102188110352,
      -1.8543634414672852,
      -1.5481573343276978,
      2.181739091873169,
      1.7270219326019287,
      3.994438886642456,
      3.6229300498962402,
      2.9479804039001465,
      2.7122554779052734,
      1.823033094406128,
      1.7232420444488525,
      0.6539779901504517,
      0.6332994699478149,
      0.07599513232707977,
      0.06011243537068367,
      0.010117494501173496,
      0.014261447824537754
    ],
    [
      -0.007861846126616001,
      -0.026940064504742622,
      -0.33429619669914246,
      -0.29510626196861267,
      0.31372126936912537,
      0.26192429661750793,
      0.6125030517578125,
      0.5915331244468689,
      0.4939110279083252,
      0.44999590516090393,
      0.27797645330429077,
      0.2564077079296112,
      0.08611229062080383,
      0.07599513232707977,
      0.015648072585463524,
      0.011494450271129608,
      0.002491190331056714,
      0.002926801098510623
    ],
    [
      -0.014161168597638607,
      -0.030876358970999718,
      -0.2304181158542633,
      -0.20396870374679565,
      0.24315492808818817,
      0.20743601024150848,
      0.5071699619293213,
      0.48607292771339417,
      0.372653067111969,
      0.3427782654762268,
      0.22254498302936554,
      0.2085837423801422,
      0.06578074395656586,
      0.06011243537068367,
      0.011494450271129608,
      0.00961172953248024,
      0.0018235730240121484,
      0.0019779617432504892
    ],
    [
      0.006973944138735533,
      0.0057759457267820835,
      -0.05223267525434494,
      -0.04554257541894913,
      0.03461375832557678,
      0.02707008831202984,
      0.07336984574794769,
      0.06630441546440125,
      0.08934236317873001,
      0.08407630771398544,
      0.0442654974758625,
      0.0415167361497879,
      0.01277292799204588,
      0.010117494501173496,
      0.002491190331056714,
      0.0018235730240121484,
      0.0033852960914373398,
      0.0018463926389813423
    ],
    [
      0.011628718115389347,
      0.007191590964794159,
      -0.03635447099804878,
      -0.02822154574096203,
      0.04336369037628174,
      0.042667556554079056,
      0.08724721521139145,
      0.08424254506826401,
      0.12517060339450836,
      0.12670233845710754,
      0.06060737743973732,
      0.05963579937815666,
      0.01597372069954872,
      0.014261447824537754,
      0.002926801098510623,
      0.0019779617432504892,
      0.0018463926389813423,
      0.003903839970007539
    ]
  ],
  "covariance_short": [
    [
      12.965900421142578,
      4.803074836730957,
      -0.974057137966156,
      -0.9165254235267639,
      -4.937560558319092,
      -4.13336181640625,
      -0.9025518894195557,
      -2.6348414421081543,
      1.645409107208252,
      3.075749635696411,
      -0.7460944652557373,
      -0.8989435434341431,
      -0.0167486984282732,
      -0.11958866566419601,
      -0.017999161034822464,
      -0.02182069420814514,
      3.203066808055155e-05,
      0.003456913633272052
    ],
    [
      4.803074836730957,
      16.28548812866211,
      -1.5842537879943848,
      -1.3571909666061401,
      -7.153175354003906,
      -5.9886322021484375,
      -1.7363042831420898,
      -3.990645408630371,
      1.778122067451477,
      3.6437063217163086,
      -1.402302622795105,
      -1.5770611763000488,
      -0.10454975813627243,
      -0.2349041998386383,
      -0.037848856300115585,
      -0.03939926624298096,
      0.0021845654118806124,
      0.0018867368344217539
    ],
    [
      -0.974057137966156,
      -1.5842537879943848,
      53.80745315551758,
      37.54005813598633,
      -11.87524700164795,
      -11.598404884338379,
      -22.330564498901367,
      -19.75371742248535,
      -9.972039222717285,
      -8.875837326049805,
      -4.763551235198975,
      -3.735653877258301,
      -1.4220622777938843,
      -1.148238182067871,
      -0.333956241607666,
      -0.23884771764278412,
      -0.048973456025123596,
      -0.008313165046274662
    ],
    [
      -0.9165254235267639,
      -1.3571909666061401,
      37.54005813598633,
      39.978084564208984,
      -11.090929985046387,
      -9.450859069824219,
      -19.439664840698242,
      -17.23110008239746,
      -8.287495613098145,
      -7.220072269439697,
      -4.289589881896973,
      -3.3741455078125,
      -1.2914559841156006,
      -1.0531327724456787,
      -0.2913894057273865,
      -0.20427092909812927,
      -0.044425442814826965,
      -0.00600086897611618
    ],
    [
      -4.937560558319092,
      -7.153175354003906,
      -11.87524700164795,
      -11.090929985046387,
      28.40022850036621,
      20.273103713989258,
      21.02630043029785,
      22.776002883911133,
      11.582427024841309,
      7.804646015167236,
      9.586081504821777,
      9.202203750610352,
      2.5414373874664307,
      2.505457639694214,
      0.40858134627342224,
      0.3373229205608368,
      0.040606848895549774,
      0.05692293867468834
    ],
    [
      -4.13336181640625,
      -5.9886322021484375,
      -11.598404884338379,
      -9.450859069824219,
      20.273103713989258,
      25.7793025970459,
      17.01313018798828,
      19.715869903564453,
      9.860686302185059,
      7.631622791290283,
      7.849505424499512,
      8.103043556213379,
      1.9067018032073975,
      1.949921727180481,
      0.31921112537384033,
      0.2668097913265228,
      0.029593922197818756,
      0.050786588340997696
    ],
    [
      -0.9025518894195557,
      -1.7363042831420898,
      -22.330564498901367,
      -19.439664840698242,
      21.02630043029785,
      17.01313018798828,
      49.13410186767578,
      41.3691520690918,
      20.912260055541992,
      19.988113403320312,
      14.571405410766602,
      13.406874656677246,
      3.9541587829589844,
      4.17401647567749,
      0.596248984336853,
      0.5001344084739685,
      0.07363350689411163,
      0.08712083846330643
    ],
    [
      -2.6348414421081543,
      -3.990645408630371,
      -19.75371742248535,
      -17.23110008239746,
      22.776002883911133,
      19.715869903564453,
      41.3691520690918,
      46.00648498535156,
      18.30955696105957,
      17.07819938659668,
      13.895669937133789,
      12.764720916748047,
      3.7084743976593018,
      3.7561209201812744,
      0.573485791683197,
      0.4753141403198242,
      0.06536974012851715,
      0.0837131217122078
    ],
    [
      1.645409107208252,
      1.778122067451477,
      -9.972039222717285,
      -8.287495613098145,
      11.582427024841309,
      9.860686302185059,
      20.912260055541992,
      18.30955696105957,
      32.740962982177734,
      27.01448631286621,
      11.037507057189941,
      10.964801788330078,
      3.803659439086914,
      3.0216224193573,
      0.5465364456176758,
      0.40441110730171204,
      0.08023950457572937,
      0.11519114673137665
    ],
    [
      3.075749635696411,
      3.6437063217163086,
      -8.875837326049805,
      -7.220072269439697,
      7.804646015167236,
      7.631622791290283,
      19.988113403320312,
      17.07819938659668,
      27.01448631286621,
      32.30207061767578,
      10.337691307067871,
      9.949264526367188,
      3.303321361541748,
      2.8735318183898926,
      0.47764548659324646,
      0.3628818392753601,
      0.0714263990521431,
      0.11435041576623917
    ],
    [
      -0.7460944652557373,
      -1.402302622795105,
      -4.763551235198975,
      -4.289589881896973,
      9.586081504821777,
      7.849505424499512,
      14.571405410766602,
      13.895669937133789,
      11.037507057189941,
      10.337691307067871,
      8.747846603393555,
      7.006782531738281,
      2.0890514850616455,
      2.009521007537842,
      0.2946630120277405,
      0.23360514640808105,
      0.04007803276181221,
      0.057579055428504944
    ],
    [
      -0.8989435434341431,
      -1.5770611763000488,
      -3.735653877258301,
      -3.3741455078125,
      9.202203750610352,
      8.103043556213379,
      13.406874656677246,
      12.764720916748047,
      10.964801788330078,
      9.949264526367188,
      7.006782531738281,
      7.831875801086426,
      1.9311623573303223,
      1.827303409576416,
      0.26654404401779175,
      0.21726465225219727,
      0.03697250410914421,
      0.05562774837017059
    ],
    [
      -0.0167486984282732,
      -0.10454975813627243,
      -1.4220622777938843,
      -1.2914559841156006,
      2.5414373874664307,
      1.9067018032073975,
      3.9541587829589844,
      3.7084743976593018,
      3.803659439086914,
      3.303321361541748,
      2.0890514850616455,
      1.9311623573303223,
      1.0080324411392212,
      0.7071787118911743,
      0.11138276755809784,
      0.0814972072839737,
      0.013297777622938156,
      0.01597372069954872
    ],
    [
      -0.11958866566419601,
      -0.2349041998386383,
      -1.148238182067871,
      -1.0531327724456787,
      2.505457639694214,
      1.949921727180481,
      4.17401647567749,
      3.7561209201812744,
      3.0216224193573,
      2.8735318183898926,
      2.009521007537842,
      1.827303409576416,
      0.7071787118911743,
      0.7972898483276367,
      0.09046217054128647,
      0.07085143774747849,
      0.010308552533388138,
      0.014160537160933018
    ],
    [
      -0.017999161034822464,
      -0.037848856300115585,
      -0.333956241607666,
      -0.2913894057273865,
      0.40858134627342224,
      0.31921112537384033,
      0.596248984336853,
      0.573485791683197,
      0.5465364456176758,
      0.47764548659324646,
      0.2946630120277405,
      0.26654404401779175,
      0.11138276755809784,
      0.09046217054128647,
      0.025421710684895515,
      0.015165609307587147,
      0.00269943755120039,
      0.002991695888340473
    ],
    [
      -0.02182069420814514,
      -0.03939926624298096,
      -0.23884771764278412,
      -0.20427092909812927,
      0.3373229205608368,
      0.2668097913265228,
      0.5001344084739685,
      0.4753141403198242,
      0.40441110730171204,
      0.3628818392753601,
      0.23360514640808105,
      0.21726465225219727,
      0.0814972072839737,
      0.07085143774747849,
      0.015165609307587147,
      0.0138833774253726,
      0.00186250451952219,
      0.0019481397466734052
    ],
    [
      3.203066808055155e-05,
      0.0021845654118806124,
      -0.048973456025123596,
      -0.044425442814826965,
      0.040606848895549774,
      0.029593922197818756,
      0.07363350689411163,
      0.06536974012851715,
      0.08023950457572937,
      0.0714263990521431,
      0.04007803276181221,
      0.03697250410914421,
      0.013297777622938156,
      0.010308552533388138,
      0.00269943755120039,
      0.00186250451952219,
      0.015523056499660015,
      0.0014543341239914298
    ],
    [
      0.003456913633272052,
      0.0018867368344217539,
      -0.008313165046274662,
      -0.00600086897611618,
      0.05692293867468834,
      0.050786588340997696,
      0.08712083846330643,
      0.0837131217122078,
      0.11519114673137665,
      0.11435041576623917,
      0.057579055428504944,
      0.05562774837017059,
      0.01597372069954872,
      0.014160537160933018,
      0.002991695888340473,
      0.0019481397466734052,
      0.0014543341239914298,
      0.01609104871749878
    ]
  ],
  "damage": -17.84898567199707,
  "diff_bandwidth": 585.3848266601562,
  "dissonance": 2.5018725010858276,
  "drr": 8.511486053466797,
  "dynamics": 2.411729097366333,
  "format": 1245190,
  "frames": 18778112,
  "loudness": -25.669004440307617,
  "loudness_range": 6.854278564453125,
  "loudness_range_short": 7.3007049560546875,
  "lowpass_true_peak_15khz": -12.165548324584961,
  "mastering3_acoustic_entropies": [
    {
      "acoustic_entropy": 7.036662578582764,
      "acoustic_entropy_mono": 6.255652904510498,
      "band_eliminated_acoustic_entropies": [
        {
          "acoustic_entropy": 7.031441688537598,
          "acoustic_entropy_side": 7.033034324645996,
          "hz": 129.47220167065723
        },
        {
          "acoustic_entropy": 7.002842426300049,
          "acoustic_entropy_side": 6.946859836578369,
          "hz": 202.92927478742237
        },
        {
          "acoustic_entropy": 7.675839424133301,
          "acoustic_entropy_side": 7.670015335083008,
          "hz": 282.89161906338205
        },
        {
          "acoustic_entropy": 7.763247489929199,
          "acoustic_entropy_side": 7.35319185256958,
          "hz": 369.9353335868758
        },
        {
          "acoustic_entropy": 6.201820373535156,
          "acoustic_entropy_side": 6.463597297668457,
          "hz": 464.6875360973435
        },
        {
          "acoustic_entropy": 7.805425643920898,
          "acoustic_entropy_side": 7.136382579803467,
          "hz": 567.8308811364784
        },
        {
          "acoustic_entropy": 7.016140460968018,
          "acoustic_entropy_side": 6.851141452789307,
          "hz": 680.1084783214808
        },
        {
          "acoustic_entropy": 6.659611225128174,
          "acoustic_entropy_side": 6.587431907653809,
          "hz": 802.3292461747484
        },
        {
          "acoustic_entropy": 7.221912384033203,
          "acoustic_entropy_side": 7.441318035125732,
          "hz": 935.3737400823702
        },
        {
          "acoustic_entropy": 7.0538177490234375,
          "acoustic_entropy_side": 7.334306716918945,
          "hz": 1080.2004963696966
        },
        {
          "acoustic_entropy": 7.0083184242248535,
          "acoustic_entropy_side": 6.653605937957764,
          "hz": 1237.8529382007157
        },
        {
          "acoustic_entropy": 7.431087017059326,
          "acoustic_entropy_side": 7.180879592895508,
          "hz": 1409.4668930556702
        },
        {
          "acoustic_entropy": 6.995863437652588,
          "acoustic_entropy_side": 7.060629367828369,
          "hz": 1596.2787759475705
        },
        {
          "acoustic_entropy": 6.936675071716309,
          "acoustic_entropy_side": 6.969516277313232,
          "hz": 1799.6344973346393
        },
        {
          "acoustic_entropy": 7.02439546585083,
          "acoustic_entropy_side": 7.031637191772461,
          "hz": 2020.9991599069049
        },
        {
          "acoustic_entropy": 7.01804256439209,
          "acoustic_entropy_side": 7.020831108093262,
          "hz": 2261.9676141086993
        },
        {
          "acoustic_entropy": 7.03655481338501,
          "acoustic_entropy_side": 7.036569118499756,
          "hz": 2524.2759484456974
        },
        {
          "acoustic_entropy": 7.036744117736816,
          "acoustic_entropy_side": 7.036738395690918,
          "hz": 2809.813997359896
        },
        {
          "acoustic_entropy": 7.036694526672363,
          "acoustic_entropy_side": 7.036682605743408,
          "hz": 3120.6389567871424
        },
        {
          "acoustic_entropy": 7.036642074584961,
          "acoustic_entropy_side": 7.036648273468018,
          "hz": 3458.990205492291
        },
        {
          "acoustic_entropy": 7.03666353225708,
          "acoustic_entropy_side": 7.036663055419922,
          "hz": 3827.305438964164
        },
        {
          "acoustic_entropy": 7.036662578582764,
          "acoustic_entropy_side": 7.0366621017456055,
          "hz": 4228.238232109126
        },
        {
          "acoustic_entropy": 7.036660671234131,
          "acoustic_entropy_side": 7.036660671234131,
          "hz": 4664.6771572759235
        },
        {
          "acoustic_entropy": 7.036663055419922,
          "acoustic_entropy_side": 7.0366621017456055,
          "hz": 5139.766595350093
        },
        {
          "acoustic_entropy": 7.0366621017456055,
          "acoustic_entropy_side": 7.036662578582764,
          "hz": 5656.929389854203
        },
        {
          "acoustic_entropy": 7.036662578582764,
          "acoustic_entropy_side": 7.036662578582764,
          "hz": 6219.891507268283
        },
        {
          "acoustic_entropy": 7.036662578582764,
          "acoustic_entropy_side": 7.036662578582764,
          "hz": 6832.70888123896
        },
        {
          "acoustic_entropy": 7.036662578582764,
          "acoustic_entropy_side": 7.036662578582764,
          "hz": 7499.796634079867
        },
        {
          "acoustic_entropy": 7.036662578582764,
          "acoustic_entropy_side": 7.036662578582764,
          "hz": 8225.96088609342
        },
        {
          "acoustic_entropy": 7.036662578582764,
          "acoustic_entropy_side": 7.036662578582764,
          "hz": 9016.43338188839
        },
        {
          "acoustic_entropy": 7.036662578582764,
          "acoustic_entropy_side": 7.036662578582764,
          "hz": 9876.909183162974
        },
        {
          "acoustic_entropy": 7.036662578582764,
          "acoustic_entropy_side": 7.036662578582764,
          "hz": 10813.587699516042
        },
        {
          "acoustic_entropy": 7.036662578582764,
          "acoustic_entropy_side": 7.036662578582764,
          "hz": 11833.21735289826
        },
        {
          "acoustic_entropy": 7.036662578582764,
          "acoustic_entropy_side": 7.036662578582764,
          "hz": 12943.144197493959
        },
        {
          "acoustic_entropy": 7.036662578582764,
          "acoustic_entropy_side": 7.036662578582764,
          "hz": 14151.364845322005
        },
        {
          "acoustic_entropy": 7.036662578582764,
          "acoustic_entropy_side": 7.036662578582764,
          "hz": 15466.58407886509
        },
        {
          "acoustic_entropy": 7.036662578582764,
          "acoustic_entropy_side": 7.036662578582764,
          "hz": 16898.27756580493
        },
        {
          "acoustic_entropy": 7.036662578582764,
          "acoustic_entropy_side": 7.036662578582764,
          "hz": 18456.760127700032
        },
        {
          "acoustic_entropy": 7.036662578582764,
          "acoustic_entropy_side": 7.036662578582764,
          "hz": 20153.260054456492
        },
        {
          "acoustic_entropy": 7.036662578582764,
          "acoustic_entropy_side": 7.036662578582764,
          "hz": 22000.00000000001
        }
      ],
      "diff_acoustic_entropy": 1.3059390783309937,
      "sn": 6
    },
    {
      "acoustic_entropy": 10.593744277954102,
      "acoustic_entropy_mono": 9.520587921142578,
      "band_eliminated_acoustic_entropies": [
        {
          "acoustic_entropy": 10.570975303649902,
          "acoustic_entropy_side": 10.583788871765137,
          "hz": 129.47220167065723
        },
        {
          "acoustic_entropy": 10.348608016967773,
          "acoustic_entropy_side": 10.318148612976074,
          "hz": 202.92927478742237
        },
        {
          "acoustic_entropy": 10.942752838134766,
          "acoustic_entropy_side": 10.589520454406738,
          "hz": 282.89161906338205
        },
        {
          "acoustic_entropy": 11.096112251281738,
          "acoustic_entropy_side": 10.3214750289917,
          "hz": 369.9353335868758
        },
        {
          "acoustic_entropy": 10.582890510559082,
          "acoustic_entropy_side": 10.133317947387695,
          "hz": 464.6875360973435
        },
        {
          "acoustic_entropy": 11.429448127746582,
          "acoustic_entropy_side": 10.403495788574219,
          "hz": 567.8308811364784
        },
        {
          "acoustic_entropy": 10.077775001525879,
          "acoustic_entropy_side": 11.040637016296387,
          "hz": 680.1084783214808
        },
        {
          "acoustic_entropy": 9.50148868560791,
          "acoustic_entropy_side": 9.413484573364258,
          "hz": 802.3292461747484
        },
        {
          "acoustic_entropy": 10.92638111114502,
          "acoustic_entropy_side": 11.0724515914917,
          "hz": 935.3737400823702
        },
        {
          "acoustic_entropy": 10.898537635803223,
          "acoustic_entropy_side": 11.320589065551758,
          "hz": 1080.2004963696966
        },
        {
          "acoustic_entropy": 9.508739471435547,
          "acoustic_entropy_side": 10.217108726501465,
          "hz": 1237.8529382007157
        },
        {
          "acoustic_entropy": 10.295489311218262,
          "acoustic_entropy_side": 10.63672161102295,
          "hz": 1409.4668930556702
        },
        {
          "acoustic_entropy": 10.010147094726562,
          "acoustic_entropy_side": 9.826591491699219,
          "hz": 1596.2787759475705
        },
        {
          "acoustic_entropy": 10.68481159210205,
          "acoustic_entropy_side": 10.574694633483887,
          "hz": 1799.6344973346393
        },
        {
          "acoustic_entropy": 10.60336971282959,
          "acoustic_entropy_side": 10.548783302307129,
          "hz": 2020.9991599069049
        },
        {
          "acoustic_entropy": 10.427297592163086,
          "acoustic_entropy_side": 10.488767623901367,
          "hz": 2261.9676141086993
        },
        {
          "acoustic_entropy": 10.583343505859375,
          "acoustic_entropy_side": 10.59060001373291,
          "hz": 2524.2759484456974
        },
        {
          "acoustic_entropy": 10.594675064086914,
          "acoustic_entropy_side": 10.5946044921875,
          "hz": 2809.813997359896
        },
        {
          "acoustic_entropy": 10.593918800354004,
          "acoustic_entropy_side": 10.593701362609863,
          "hz": 3120.6389567871424
        },
        {
          "acoustic_entropy": 10.593036651611328,
          "acoustic_entropy_side": 10.593088150024414,
          "hz": 3458.990205492291
        },
        {
          "acoustic_entropy": 10.593733787536621,
          "acoustic_entropy_side": 10.593708992004395,
          "hz": 3827.305438964164
        },
        {
          "acoustic_entropy": 10.59382152557373,
          "acoustic_entropy_side": 10.59377670288086,
          "hz": 4228.238232109126
        },
        {
          "acoustic_entropy": 10.593774795532227,
          "acoustic_entropy_side": 10.593749046325684,
          "hz": 4664.6771572759235
        },
        {
          "acoustic_entropy": 10.593742370605469,
          "acoustic_entropy_side": 10.593745231628418,
          "hz": 5139.766595350093
        },
        {
          "acoustic_entropy": 10.593753814697266,
          "acoustic_entropy_side": 10.593749046325684,
          "hz": 5656.929389854203
        },
        {
          "acoustic_entropy": 10.593748092651367,
          "acoustic_entropy_side": 10.593746185302734,
          "hz": 6219.891507268283
        },
        {
          "acoustic_entropy": 10.593743324279785,
          "acoustic_entropy_side": 10.593744277954102,
          "hz": 6832.70888123896
        },
        {
          "acoustic_entropy": 10.593744277954102,
          "acoustic_entropy_side": 10.593744277954102,
          "hz": 7499.796634079867
        },
        {
          "acoustic_entropy": 10.593744277954102,
          "acoustic_entropy_side": 10.593744277954102,
          "hz": 8225.96088609342
        },
        {
          "acoustic_entropy": 10.593744277954102,
          "acoustic_entropy_side": 10.593744277954102,
          "hz": 9016.43338188839
        },
        {
          "acoustic_entropy": 10.593744277954102,
          "acoustic_entropy_side": 10.593744277954102,
          "hz": 9876.909183162974
        },
        {
          "acoustic_entropy": 10.593744277954102,
          "acoustic_entropy_side": 10.593744277954102,
          "hz": 10813.587699516042
        },
        {
          "acoustic_entropy": 10.593744277954102,
          "acoustic_entropy_side": 10.593744277954102,
          "hz": 11833.21735289826
        },
        {
          "acoustic_entropy": 10.593744277954102,
          "acoustic_entropy_side": 10.593744277954102,
          "hz": 12943.144197493959
        },
        {
          "acoustic_entropy": 10.593744277954102,
          "acoustic_entropy_side": 10.593744277954102,
          "hz": 14151.364845322005
        },
        {
          "acoustic_entropy": 10.593744277954102,
          "acoustic_entropy_side": 10.593744277954102,
          "hz": 15466.58407886509
        },
        {
          "acoustic_entropy": 10.593744277954102,
          "acoustic_entropy_side": 10.593744277954102,
          "hz": 16898.27756580493
        },
        {
          "acoustic_entropy": 10.593744277954102,
          "acoustic_entropy_side": 10.593744277954102,
          "hz": 18456.760127700032
        },
        {
          "acoustic_entropy": 10.593744277954102,
          "acoustic_entropy_side": 10.593744277954102,
          "hz": 20153.260054456492
        },
        {
          "acoustic_entropy": 10.593744277954102,
          "acoustic_entropy_side": 10.593744277954102,
          "hz": 22000.00000000001
        }
      ],
      "diff_acoustic_entropy": 2.0368893146514893,
      "sn": 12
    },
    {
      "acoustic_entropy": 14.31447982788086,
      "acoustic_entropy_mono": 12.926321029663086,
      "band_eliminated_acoustic_entropies": [
        {
          "acoustic_entropy": 14.266009330749512,
          "acoustic_entropy_side": 14.37939453125,
          "hz": 129.47220167065723
        },
        {
          "acoustic_entropy": 14.168013572692871,
          "acoustic_entropy_side": 14.208608627319336,
          "hz": 202.92927478742237
        },
        {
          "acoustic_entropy": 14.84500503540039,
          "acoustic_entropy_side": 14.585493087768555,
          "hz": 282.89161906338205
        },
        {
          "acoustic_entropy": 14.728866577148438,
          "acoustic_entropy_side": 14.688998222351074,
          "hz": 369.9353335868758
        },
        {
          "acoustic_entropy": 15.695005416870117,
          "acoustic_entropy_side": 14.897846221923828,
          "hz": 464.6875360973435
        },
        {
          "acoustic_entropy": 15.518786430358887,
          "acoustic_entropy_side": 15.237792015075684,
          "hz": 567.8308811364784
        },
        {
          "acoustic_entropy": 14.055609703063965,
          "acoustic_entropy_side": 15.128365516662598,
          "hz": 680.1084783214808
        },
        {
          "acoustic_entropy": 14.877677917480469,
          "acoustic_entropy_side": 14.1774320602417,
          "hz": 802.3292461747484
        },
        {
          "acoustic_entropy": 15.256595611572266,
          "acoustic_entropy_side": 14.126517295837402,
          "hz": 935.3737400823702
        },
        {
          "acoustic_entropy": 14.739861488342285,
          "acoustic_entropy_side": 15.65233325958252,
          "hz": 1080.2004963696966
        },
        {
          "acoustic_entropy": 14.585661888122559,
          "acoustic_entropy_side": 14.69409465789795,
          "hz": 1237.8529382007157
        },
        {
          "acoustic_entropy": 15.397486686706543,
          "acoustic_entropy_side": 14.617636680603027,
          "hz": 1409.4668930556702
        },
        {
          "acoustic_entropy": 15.311708450317383,
          "acoustic_entropy_side": 15.305294036865234,
          "hz": 1596.2787759475705
        },
        {
          "acoustic_entropy": 14.938995361328125,
          "acoustic_entropy_side": 14.847661972045898,
          "hz": 1799.6344973346393
        },
        {
          "acoustic_entropy": 14.472891807556152,
          "acoustic_entropy_side": 14.537691116333008,
          "hz": 2020.9991599069049
        },
        {
