{
  "acoustic_entropy": 196.59844970703125,
  "bands": [
    {
      "high_freq": 148.1999969482422,
      "loudness": -14.594792366027832,
      "loudness_range": 4.683816909790039,
      "mid_mean": -11.380900382995605,
      "mid_to_side_loudness": -11.505081176757812,
      "mid_to_side_loudness_range": 17.551794052124023,
      "side_mean": -24.17789077758789
    },
    {
      "high_freq": 392.3793640136719,
      "loudness": -19.42637825012207,
      "loudness_range": 10.825116157531738,
      "low_freq": 148.1999969482422,
      "mid_mean": -16.668617248535156,
      "mid_to_side_loudness": -7.3748650550842285,
      "mid_to_side_loudness_range": 11.072724342346191,
      "side_mean": -24.062692642211914
    },
    {
      "high_freq": 794.6976318359375,
      "loudness": -19.949844360351562,
      "loudness_range": 8.01096248626709,
      "low_freq": 392.3793640136719,
      "mid_mean": -17.126035690307617,
      "mid_to_side_loudness": -8.828319549560547,
      "mid_to_side_loudness_range": 15.63725471496582,
      "side_mean": -26.068302154541016
    },
    {
      "high_freq": 1457.5709228515625,
      "loudness": -23.595319747924805,
      "loudness_range": 15.210262298583984,
      "low_freq": 794.6976318359375,
      "mid_mean": -21.040462493896484,
      "mid_to_side_loudness": -6.995180606842041,
      "mid_to_side_loudness_range": 14.486762046813965,
      "side_mean": -28.109209060668945
    },
    {
      "high_freq": 2549.74365234375,
      "loudness": -21.37799644470215,
      "loudness_range": 15.295568466186523,
      "low_freq": 1457.5709228515625,
      "mid_mean": -18.745054244995117,
      "mid_to_side_loudness": -7.887451171875,
      "mid_to_side_loudness_range": 15.689004898071289,
      "side_mean": -26.615589141845703
    },
    {
      "high_freq": 4349.24462890625,
      "loudness": -23.355548858642578,
      "loudness_range": 17.093109130859375,
      "low_freq": 2549.74365234375,
      "mid_mean": -20.580400466918945,
      "mid_to_side_loudness": -8.427957534790039,
      "mid_to_side_loudness_range": 16.09187126159668,
      "side_mean": -29.040271759033203
    },
    {
      "high_freq": 7314.1640625,
      "loudness": -27.0140438079834,
      "loudness_range": 21.638126373291016,
      "low_freq": 4349.24462890625,
      "mid_mean": -23.772987365722656,
      "mid_to_side_loudness": -9.418669700622559,
      "mid_to_side_loudness_range": 15.91123104095459,
      "side_mean": -34.947940826416016
    },
    {
      "high_freq": 12199.2666015625,
      "loudness": -31.177160263061523,
      "loudness_range": 24.631357192993164,
      "low_freq": 7314.1640625,
      "mid_mean": -28.056127548217773,
      "mid_to_side_loudness": -8.114157676696777,
      "mid_to_side_loudness_range": 17.458280563354492,
      "side_mean": -38.781185150146484
    },
    {
      "loudness": -41.043399810791016,
      "loudness_range": 27.5102596282959,
      "low_freq": 12199.2666015625,
      "mid_mean": -38.5810661315918,
      "mid_to_side_loudness": -6.221708297729492,
      "mid_to_side_loudness_range": 15.327803611755371,
      "side_mean": -45.48929214477539
    }
  ],
  "bands_short": [
    {
      "high_freq": 148.1999969482422,
      "loudness": -16.767335891723633,
      "loudness_range": 8.605195999145508,
      "mid_mean": -13.666406631469727,
      "mid_to_side_loudness": -12.8333158493042,
      "mid_to_side_loudness_range": 26.204975128173828,
      "side_mean": -28.34940528869629
    },
    {
      "high_freq": 392.3793640136719,
      "loudness": -17.171100616455078,
      "loudness_range": 12.662322998046875,
      "low_freq": 148.1999969482422,
      "mid_mean": -14.498995780944824,
      "mid_to_side_loudness": -7.784042835235596,
      "mid_to_side_loudness_range": 14.979437828063965,
      "side_mean": -22.278013229370117
    },
    {
      "high_freq": 794.6976318359375,
      "loudness": -20.7719669342041,
      "loudness_range": 11.76833438873291,
      "low_freq": 392.3793640136719,
      "mid_mean": -18.143016815185547,
      "mid_to_side_loudness": -8.126357078552246,
      "mid_to_side_loudness_range": 17.708446502685547,
      "side_mean": -26.41911506652832
    },
    {
      "high_freq": 1457.5709228515625,
      "loudness": -24.26752471923828,
      "loudness_range": 17.583412170410156,
      "low_freq": 794.6976318359375,
      "mid_mean": -21.963563919067383,
      "mid_to_side_loudness": -6.331170082092285,
      "mid_to_side_loudness_range": 15.985132217407227,
      "side_mean": -28.43345832824707
    },
    {
      "high_freq": 2549.74365234375,
      "loudness": -22.194604873657227,
      "loudness_range": 17.64728546142578,
      "low_freq": 1457.5709228515625,
      "mid_mean": -19.71133804321289,
      "mid_to_side_loudness": -7.48037576675415,
      "mid_to_side_loudness_range": 17.700098037719727,
      "side_mean": -27.247806549072266
    },
    {
      "high_freq": 4349.24462890625,
      "loudness": -23.999494552612305,
      "loudness_range": 20.461143493652344,
      "low_freq": 2549.74365234375,
      "mid_mean": -21.320070266723633,
      "mid_to_side_loudness": -7.927472114562988,
      "mid_to_side_loudness_range": 17.935340881347656,
      "side_mean": -29.558639526367188
    },
    {
      "high_freq": 7314.1640625,
      "loudness": -28.061410903930664,
      "loudness_range": 25.124956130981445,
      "low_freq": 4349.24462890625,
      "mid_mean": -24.953975677490234,
      "mid_to_side_loudness": -8.641932487487793,
      "mid_to_side_loudness_range": 18.157514572143555,
      "side_mean": -35.970237731933594
    },
    {
      "high_freq": 12199.2666015625,
      "loudness": -34.2329216003418,
      "loudness_range": 31.11281967163086,
      "low_freq": 7314.1640625,
      "mid_mean": -31.080322265625,
      "mid_to_side_loudness": -6.749797344207764,
      "mid_to_side_loudness_range": 14.770237922668457,
      "side_mean": -40.789337158203125
    },
    {
      "loudness": -44.0852165222168,
      "loudness_range": 29.60382843017578,
      "low_freq": 12199.2666015625,
      "mid_mean": -41.8571662902832,
      "mid_to_side_loudness": -5.181862831115723,
      "mid_to_side_loudness_range": 13.96243667602539,
      "side_mean": -48.11671829223633
    }
  ],
  "bandwidth": 521.002685546875,
  "channels": 2,
  "covariance": [
    [
      14.305975914001465,
      10.451935768127441,
      5.3041791915893555,
      4.143654823303223,
      2.532456398010254,
      -0.3922531306743622,
      2.489431381225586,
      1.2855405807495117,
      3.9647748470306396,
      1.7657477855682373,
      6.954549789428711,
      4.784289360046387,
      3.261596918106079,
      6.768533706665039,
      0.05702205002307892,
      7.7296905517578125,
      8.755617141723633,
      7.059534072875977
    ],
    [
      10.451935768127441,
      58.43574905395508,
      21.454334259033203,
      17.10382080078125,
      8.195645332336426,
      -2.9911324977874756,
      21.514802932739258,
      20.03314781188965,
      22.60416030883789,
      17.582786560058594,
      31.970170974731445,
      31.49761962890625,
      24.066293716430664,
      46.60929489135742,
      16.60908317565918,
      46.90828323364258,
      32.73844909667969,
      40.321346282958984
    ],
    [
      5.3041791915893555,
      21.454334259033203,
      20.01981544494629,
      11.425921440124512,
      7.968468189239502,
      -0.39290517568588257,
      13.803253173828125,
      11.260099411010742,
      16.711158752441406,
      13.024134635925293,
      22.79103660583496,
      21.964906692504883,
      17.32611083984375,
      30.3824520111084,
      15.527917861938477,
      29.949926376342773,
      24.662078857421875,
      25.84025001525879
    ],
    [
      4.143654823303223,
      17.10382080078125,
      11.425921440124512,
      16.95945930480957,
      7.698616981506348,
      0.9748659133911133,
      13.21390151977539,
      12.236915588378906,
      10.551737785339355,
      8.488005638122559,
      13.387473106384277,
      15.113943099975586,
      12.663326263427734,
      21.313135147094727,
      10.733226776123047,
      23.449779510498047,
      13.331960678100586,
      21.206722259521484
    ],
    [
      2.532456398010254,
      8.195645332336426,
      7.968468189239502,
      7.698616981506348,
      14.920668601989746,
      2.4198620319366455,
      13.706806182861328,
      8.204473495483398,
      11.94794750213623,
      6.242958068847656,
      12.596694946289062,
      10.471328735351562,
      12.009848594665527,
      13.460762977600098,
      9.50370979309082,
      15.503042221069336,
      9.419565200805664,
      14.681851387023926
    ],
    [
      -0.3922531306743622,
      -2.9911324977874756,
      -0.39290517568588257,
      0.9748659133911133,
      2.4198620319366455,
      20.287303924560547,
      0.3101433217525482,
      12.328252792358398,
      5.304391384124756,
      18.791563034057617,
      1.366029143333435,
      12.871542930603027,
      2.4335031509399414,
      5.231534957885742,
      5.456974506378174,
      -3.1840810775756836,
      -2.887481212615967,
      -0.8161693215370178
    ],
    [
      2.489431381225586,
      21.514802932739258,
      13.803253173828125,
      13.21390151977539,
      13.706806182861328,
      0.3101433217525482,
      33.99466323852539,
      25.600465774536133,
      23.592451095581055,
      15.436481475830078,
      24.886348724365234,
      25.084136962890625,
      24.414047241210938,
      36.319236755371094,
      20.4218807220459,
      38.74808883666992,
      23.768583297729492,
      35.35289764404297
    ],
    [
      1.2855405807495117,
      20.03314781188965,
      11.260099411010742,
      12.236915588378906,
      8.204473495483398,
      12.328252792358398,
      25.600465774536133,
      45.01084518432617,
      19.875232696533203,
      28.244335174560547,
      19.821043014526367,
      33.90049362182617,
      23.53009605407715,
      41.15290451049805,
      23.606679916381836,
      36.58976364135742,
      20.568876266479492,
      33.364864349365234
    ],
    [
      3.9647748470306396,
      22.60416030883789,
      16.711158752441406,
      10.551737785339355,
      11.94794750213623,
      5.304391384124756,
      23.592451095581055,
      19.875232696533203,
      31.976049423217773,
      24.884477615356445,
      32.18980026245117,
      32.488128662109375,
      26.19074821472168,
      39.54214859008789,
      22.014127731323242,
      36.50054168701172,
      29.253028869628906,
      32.50687026977539
    ],
    [
      1.7657477855682373,
      17.582786560058594,
      13.024134635925293,
      8.488005638122559,
      6.242958068847656,
      18.791563034057617,
      15.436481475830078,
      28.244335174560547,
      24.884477615356445,
      50.213775634765625,
      23.719646453857422,
      49.46153259277344,
      28.14821434020996,
      46.07823181152344,
      30.51102066040039,
      32.348045349121094,
      28.86240577697754,
      29.69668197631836
    ],
    [
      6.954549789428711,
      31.970170974731445,
      22.79103660583496,
      13.387473106384277,
      12.596694946289062,
      1.366029143333435,
      24.886348724365234,
      19.821043014526367,
      32.18980026245117,
      23.719646453857422,
      45.45686721801758,
      37.456512451171875,
      31.693599700927734,
      50.19677734375,
      26.1804141998291,
      48.983612060546875,
      42.852699279785156,
      41.82470703125
    ],
    [
      4.784289360046387,
      31.49761962890625,
      21.964906692504883,
      15.113943099975586,
      10.471328735351562,
      12.871542930603027,
      25.084136962890625,
      33.90049362182617,
      32.488128662109375,
      49.46153259277344,
      37.456512451171875,
      64.05664825439453,
      41.14421463012695,
      68.48733520507812,
      40.0023078918457,
      57.302555084228516,
      47.75497817993164,
      49.7869987487793
    ],
    [
      3.261596918106079,
      24.066293716430664,
      17.32611083984375,
      12.663326263427734,
      12.009848594665527,
      2.4335031509399414,
      24.414047241210938,
      23.53009605407715,
      26.19074821472168,
      28.14821434020996,
      31.693599700927734,
      41.14421463012695,
      58.28480529785156,
      57.56589889526367,
      50.07576370239258,
      57.93396759033203,
      52.71214294433594,
      50.34098434448242
    ],
    [
      6.768533706665039,
      46.60929489135742,
      30.3824520111084,
      21.313135147094727,
      13.460762977600098,
      5.231534957885742,
      36.319236755371094,
      41.15290451049805,
      39.54214859008789,
      46.07823181152344,
      50.19677734375,
      68.48733520507812,
      57.56589889526367,
      95.31526184082031,
      53.732173919677734,
      88.29325866699219,
      69.09929656982422,
      74.48814392089844
    ],
    [
      0.05702205002307892,
      16.60908317565918,
      15.527917861938477,
      10.733226776123047,
      9.50370979309082,
      5.456974506378174,
      20.4218807220459,
      23.606679916381836,
      22.014127731323242,
      30.51102066040039,
      26.1804141998291,
      40.0023078918457,
      50.07576370239258,
      53.732173919677734,
      69.64415740966797,
      55.663021087646484,
      60.959232330322266,
      49.984710693359375
    ],
    [
      7.7296905517578125,
      46.90828323364258,
      29.949926376342773,
      23.449779510498047,
      15.503042221069336,
      -3.1840810775756836,
      38.74808883666992,
      36.58976364135742,
      36.50054168701172,
      32.348045349121094,
      48.983612060546875,
      57.302555084228516,
      57.93396759033203,
      88.29325866699219,
      55.663021087646484,
      98.7491683959961,
      73.29044342041016,
      82.20104217529297
    ],
    [
      8.755617141723633,
      32.73844909667969,
      24.662078857421875,
      13.331960678100586,
      9.419565200805664,
      -2.887481212615967,
      23.768583297729492,
      20.568876266479492,
      29.253028869628906,
      28.86240577697754,
      42.852699279785156,
      47.75497817993164,
      52.71214294433594,
      69.09929656982422,
      60.959232330322266,
      73.29044342041016,
      91.2107925415039,
      63.264320373535156
    ],
    [
      7.059534072875977,
      40.321346282958984,
      25.84025001525879,
      21.206722259521484,
      14.681851387023926,
      -0.8161693215370178,
      35.35289764404297,
      33.364864349365234,
      32.50687026977539,
      29.69668197631836,
      41.82470703125,
      49.7869987487793,
      50.34098434448242,
      74.48814392089844,
      49.984710693359375,
      82.20104217529297,
      63.264320373535156,
      76.7509994506836
    ]
  ],
  "covariance_short": [
    [
      21.504854202270508,
      7.119804382324219,
      7.382259368896484,
      3.317516803741455,
      2.3358213901519775,
      -2.469480037689209,
      2.604309558868408,
      -0.6753929853439331,
      1.14511239528656,
      -3.5424110889434814,
      4.521230697631836,
      -0.6549391746520996,
      1.128380537033081,
      1.6063827276229858,
      -0.008803375996649265,
      3.9802069664001465,
      4.239370346069336,
      3.8296821117401123
    ],
    [
      7.119804382324219,
      70.03667449951172,
      22.389036178588867,
      30.80779266357422,
      6.336355209350586,
      -2.3248281478881836,
      19.43622398376465,
      16.75183868408203,
      20.074907302856445,
      16.339189529418945,
      29.43446159362793,
      28.954771041870117,
      25.4834041595459,
      42.42303466796875,
      27.02090835571289,
      39.28985595703125,
      33.612735748291016,
      32.35640335083008
    ],
    [
      7.382259368896484,
      22.389036178588867,
      25.724822998046875,
      12.34720516204834,
      5.2432146072387695,
      -1.861377239227295,
      11.737838745117188,
      8.678642272949219,
      16.00466537475586,
      12.20963191986084,
      23.09819793701172,
      21.28438377380371,
      17.208112716674805,
      30.007083892822266,
      20.449369430541992,
      28.19721031188965,
      27.681640625,
      23.568044662475586
    ],
    [
      3.317516803741455,
      30.80779266357422,
      12.34720516204834,
      25.361684799194336,
      6.238917827606201,
      -0.026820380240678787,
      14.959586143493652,
      13.618622779846191,
      12.712959289550781,
      11.59530258178711,
      16.93902587890625,
      18.779922485351562,
      17.949552536010742,
      26.38361167907715,
      18.663240432739258,
      26.415061950683594,
      21.206111907958984,
      23.282804489135742
    ],
    [
      2.3358213901519775,
      6.336355209350586,
      5.2432146072387695,
      6.238917827606201,
      23.919376373291016,
      4.752044677734375,
      16.12928009033203,
      7.905287742614746,
      14.654046058654785,
      6.848709583282471,
      14.866436958312988,
      10.362032890319824,
      14.450180053710938,
      12.915578842163086,
      10.582322120666504,
      14.49683952331543,
      11.234867095947266,
      14.710395812988281
    ],
    [
      -2.469480037689209,
      -2.3248281478881836,
      -1.861377239227295,
      -0.026820380240678787,
      4.752044677734375,
      24.390350341796875,
      1.6441103219985962,
      12.602705001831055,
      6.521902084350586,
      20.337736129760742,
      2.0048105716705322,
      14.690916061401367,
      1.374173641204834,
      8.66886043548584,
      5.187867641448975,
      2.62272572517395,
      0.1867874413728714,
      8.608211517333984
    ],
    [
      2.604309558868408,
      19.43622398376465,
      11.737838745117188,
      14.959586143493652,
      16.12928009033203,
      1.6441103219985962,
      44.584590911865234,
      27.800952911376953,
      28.924095153808594,
      18.1315975189209,
      29.98794937133789,
      27.534029006958008,
      34.59238815307617,
      39.826568603515625,
      30.646923065185547,
      40.433815002441406,
      34.76803207397461,
      37.01146697998047
    ],
    [
      -0.6753929853439331,
      16.75183868408203,
      8.678642272949219,
      13.618622779846191,
      7.905287742614746,
      12.602705001831055,
      27.800952911376953,
      47.085079193115234,
      21.204980850219727,
      31.228967666625977,
      21.452922821044922,
      36.02522659301758,
      28.350122451782227,
      45.06532287597656,
      30.730161666870117,
      40.19892120361328,
      30.401412963867188,
      39.1461067199707
    ],
    [
      1.14511239528656,
      20.074907302856445,
      16.00466537475586,
      12.712959289550781,
      14.654046058654785,
      6.521902084350586,
      28.924095153808594,
      21.204980850219727,
      43.46974563598633,
      30.148727416992188,
      39.710975646972656,
      37.19084930419922,
      34.95268249511719,
      44.95562744140625,
      32.91557693481445,
      41.43471145629883,
      38.0257453918457,
      38.59421157836914
    ],
    [
      -3.5424110889434814,
      16.339189529418945,
      12.20963191986084,
      11.59530258178711,
      6.848709583282471,
      20.337736129760742,
      18.1315975189209,
      31.228967666625977,
      30.148727416992188,
      58.773155212402344,
      27.413883209228516,
      56.155662536621094,
      30.595855712890625,
      56.36472702026367,
      37.209503173828125,
      43.8030891418457,
      37.210391998291016,
      44.43507766723633
    ],
    [
      4.521230697631836,
      29.43446159362793,
      23.09819793701172,
      16.93902587890625,
      14.866436958312988,
      2.0048105716705322,
      29.98794937133789,
      21.452922821044922,
      39.710975646972656,
      27.413883209228516,
      56.69126510620117,
      42.25006103515625,
      43.961822509765625,
      56.10400390625,
      43.81793975830078,
      53.34975814819336,
      52.75053787231445,
      45.69194412231445
    ],
    [
      -0.6549391746520996,
      28.954771041870117,
      21.28438377380371,
      18.779922485351562,
      10.362032890319824,
      14.690916061401367,
      27.534029006958008,
      36.02522659301758,
      37.19084930419922,
      56.155662536621094,
      42.25006103515625,
      74.80713653564453,
      44.933082580566406,
      79.01140594482422,
      52.3333854675293,
      66.9334945678711,
      57.67679214477539,
      60.324462890625
    ],
    [
      1.128380537033081,
      25.4834041595459,
      17.208112716674805,
      17.949552536010742,
      14.450180053710938,
      1.374173641204834,
      34.59238815307617,
      28.350122451782227,
      34.95268249511719,
      30.595855712890625,
      43.961822509765625,
      44.933082580566406,
      79.60675811767578,
      67.83587646484375,
      70.13973999023438,
      70.11109161376953,
      74.32553100585938,
      61.655616760253906
    ],
    [
      1.6063827276229858,
      42.42303466796875,
      30.007083892822266,
      26.38361167907715,
      12.915578842163086,
      8.66886043548584,
      39.826568603515625,
      45.06532287597656,
      44.95562744140625,
      56.36472702026367,
      56.10400390625,
      79.01140594482422,
      67.83587646484375,
      112.69758605957031,
      76.90387725830078,
      100.43175506591797,
      87.42916870117188,
      87.4704360961914
    ],
    [
      -0.008803375996649265,
      27.02090835571289,
      20.449369430541992,
      18.663240432739258,
      10.582322120666504,
      5.187867641448975,
      30.646923065185547,
      30.730161666870117,
      32.91557693481445,
      37.209503173828125,
      43.81793975830078,
      52.3333854675293,
      70.13973999023438,
      76.90387725830078,
      108.71669006347656,
      82.09040832519531,
      99.056640625,
      76.97569274902344
    ],
    [
      3.9802069664001465,
      39.28985595703125,
      28.19721031188965,
      26.415061950683594,
      14.49683952331543,
      2.62272572517395,
      40.433815002441406,
      40.19892120361328,
      41.43471145629883,
      43.8030891418457,
      53.34975814819336,
      66.9334945678711,
      70.11109161376953,
      100.43175506591797,
      82.09040832519531,
      114.1793212890625,
      95.07221221923828,
      97.2295150756836
    ],
    [
      4.239370346069336,
      33.612735748291016,
      27.681640625,
      21.206111907958984,
      11.234867095947266,
      0.1867874413728714,
      34.76803207397461,
      30.401412963867188,
      38.0257453918457,
      37.210391998291016,
      52.75053787231445,
      57.67679214477539,
      74.32553100585938,
      87.42916870117188,
      99.056640625,
      95.07221221923828,
      117.98141479492188,
      86.56033325195312
    ],
    [
      3.8296821117401123,
      32.35640335083008,
      23.568044662475586,
      23.282804489135742,
      14.710395812988281,
      8.608211517333984,
      37.01146697998047,
      39.1461067199707,
      38.59421157836914,
      44.43507766723633,
      45.69194412231445,
      60.324462890625,
      61.655616760253906,
      87.4704360961914,
      76.97569274902344,
      97.2295150756836,
      86.56033325195312,
      100.34712982177734
    ]
  ],
  "damage": -0.41300442814826965,
  "diff_bandwidth": 547.27001953125,
  "dissonance": 9.047643213748199,
  "drr": 16.04907989501953,
  "dynamics": 2.938999891281128,
  "format": 1245190,
  "frames": 15017920,
  "loudness": -7.369946002960205,
  "loudness_range": 7.720327377319336,
  "loudness_range_short": 9.637195587158203,
  "lowpass_true_peak_15khz": 2.6891424655914307,
  "mastering3_acoustic_entropies": [
    {
      "acoustic_entropy": 6.762923717498779,
      "acoustic_entropy_mono": 6.221613883972168,
      "band_eliminated_acoustic_entropies": [
        {
          "acoustic_entropy": 6.909957408905029,
          "acoustic_entropy_side": 6.767653465270996,
          "hz": 129.47220167065723
        },
        {
          "acoustic_entropy": 6.234072208404541,
          "acoustic_entropy_side": 6.66140604019165,
          "hz": 202.92927478742237
        },
        {
          "acoustic_entropy": 6.950695037841797,
          "acoustic_entropy_side": 6.761359691619873,
          "hz": 282.89161906338205
        },
        {
          "acoustic_entropy": 7.04697322845459,
          "acoustic_entropy_side": 6.753139019012451,
          "hz": 369.9353335868758
        },
        {
          "acoustic_entropy": 6.947323322296143,
          "acoustic_entropy_side": 6.793295860290527,
          "hz": 464.6875360973435
        },
        {
          "acoustic_entropy": 6.313269138336182,
          "acoustic_entropy_side": 6.697488307952881,
          "hz": 567.8308811364784
        },
        {
          "acoustic_entropy": 7.210474967956543,
          "acoustic_entropy_side": 6.854942321777344,
          "hz": 680.1084783214808
        },
        {
          "acoustic_entropy": 6.693282127380371,
          "acoustic_entropy_side": 6.822547435760498,
          "hz": 802.3292461747484
        },
        {
          "acoustic_entropy": 6.790635108947754,
          "acoustic_entropy_side": 6.744192600250244,
          "hz": 935.3737400823702
        },
        {
          "acoustic_entropy": 6.69182014465332,
          "acoustic_entropy_side": 6.813456058502197,
          "hz": 1080.2004963696966
        },
        {
          "acoustic_entropy": 6.8730363845825195,
          "acoustic_entropy_side": 6.762297630310059,
          "hz": 1237.8529382007157
        },
        {
          "acoustic_entropy": 6.9407958984375,
          "acoustic_entropy_side": 6.898789882659912,
          "hz": 1409.4668930556702
        },
        {
          "acoustic_entropy": 6.696125030517578,
          "acoustic_entropy_side": 6.757153511047363,
          "hz": 1596.2787759475705
        },
        {
          "acoustic_entropy": 7.0999436378479,
          "acoustic_entropy_side": 6.710183620452881,
          "hz": 1799.6344973346393
        },
        {
          "acoustic_entropy": 6.682244777679443,
          "acoustic_entropy_side": 6.649182319641113,
          "hz": 2020.9991599069049
        },
        {
          "acoustic_entropy": 6.606625556945801,
          "acoustic_entropy_side": 6.680540561676025,
          "hz": 2261.9676141086993
        },
        {
          "acoustic_entropy": 6.7461371421813965,
          "acoustic_entropy_side": 6.639101982116699,
          "hz": 2524.2759484456974
        },
        {
          "acoustic_entropy": 6.756319046020508,
          "acoustic_entropy_side": 6.655872821807861,
          "hz": 2809.813997359896
        },
        {
          "acoustic_entropy": 6.976827621459961,
          "acoustic_entropy_side": 6.705644130706787,
          "hz": 3120.6389567871424
        },
        {
          "acoustic_entropy": 6.717494010925293,
          "acoustic_entropy_side": 6.7111945152282715,
          "hz": 3458.990205492291
        },
        {
          "acoustic_entropy": 6.5533928871154785,
          "acoustic_entropy_side": 6.668274402618408,
          "hz": 3827.305438964164
        },
        {
          "acoustic_entropy": 6.639217853546143,
          "acoustic_entropy_side": 6.681090831756592,
          "hz": 4228.238232109126
        },
        {
          "acoustic_entropy": 6.281216621398926,
          "acoustic_entropy_side": 6.7035393714904785,
          "hz": 4664.6771572759235
        },
        {
          "acoustic_entropy": 6.550598621368408,
          "acoustic_entropy_side": 6.706005573272705,
          "hz": 5139.766595350093
        },
        {
          "acoustic_entropy": 6.617818832397461,
          "acoustic_entropy_side": 6.702367305755615,
          "hz": 5656.929389854203
        },
        {
          "acoustic_entropy": 6.68832540512085,
          "acoustic_entropy_side": 6.723741054534912,
          "hz": 6219.891507268283
        },
        {
          "acoustic_entropy": 6.800430774688721,
          "acoustic_entropy_side": 6.714743137359619,
          "hz": 6832.70888123896
        },
        {
          "acoustic_entropy": 6.846488952636719,
          "acoustic_entropy_side": 6.742109298706055,
          "hz": 7499.796634079867
        },
        {
          "acoustic_entropy": 6.836648464202881,
          "acoustic_entropy_side": 6.754271984100342,
          "hz": 8225.96088609342
        },
        {
          "acoustic_entropy": 6.8949198722839355,
          "acoustic_entropy_side": 6.80382776260376,
          "hz": 9016.43338188839
        },
        {
          "acoustic_entropy": 6.81810998916626,
          "acoustic_entropy_side": 6.869723796844482,
          "hz": 9876.909183162974
        },
        {
          "acoustic_entropy": 6.751769065856934,
          "acoustic_entropy_side": 6.836050987243652,
          "hz": 10813.587699516042
        },
        {
          "acoustic_entropy": 6.767489433288574,
          "acoustic_entropy_side": 6.746498107910156,
          "hz": 11833.21735289826
        },
        {
          "acoustic_entropy": 6.816804885864258,
          "acoustic_entropy_side": 6.749536514282227,
          "hz": 12943.144197493959
        },
        {
          "acoustic_entropy": 6.789943218231201,
          "acoustic_entropy_side": 6.752404689788818,
          "hz": 14151.364845322005
        },
        {
          "acoustic_entropy": 6.773984909057617,
          "acoustic_entropy_side": 6.757126808166504,
          "hz": 15466.58407886509
        },
        {
          "acoustic_entropy": 6.771083831787109,
          "acoustic_entropy_side": 6.761902809143066,
          "hz": 16898.27756580493
        },
        {
          "acoustic_entropy": 6.768970012664795,
          "acoustic_entropy_side": 6.7627668380737305,
          "hz": 18456.760127700032
        },
        {
          "acoustic_entropy": 6.766914367675781,
          "acoustic_entropy_side": 6.7629475593566895,
          "hz": 20153.260054456492
        },
        {
          "acoustic_entropy": 6.764598846435547,
          "acoustic_entropy_side": 6.762943744659424,
          "hz": 22000.00000000001
        }
      ],
      "diff_acoustic_entropy": 5.438160419464111,
      "sn": 6
    },
    {
      "acoustic_entropy": 12.297630310058594,
      "acoustic_entropy_mono": 9.829628944396973,
      "band_eliminated_acoustic_entropies": [
        {
          "acoustic_entropy": 12.691987037658691,
          "acoustic_entropy_side": 12.238451957702637,
          "hz": 129.47220167065723
        },
        {
          "acoustic_entropy": 11.492607116699219,
          "acoustic_entropy_side": 11.632943153381348,
          "hz": 202.92927478742237
        },
        {
          "acoustic_entropy": 12.470823287963867,
          "acoustic_entropy_side": 12.343435287475586,
          "hz": 282.89161906338205
        },
        {
          "acoustic_entropy": 12.057571411132812,
          "acoustic_entropy_side": 12.31509017944336,
          "hz": 369.9353335868758
        },
        {
          "acoustic_entropy": 12.85035514831543,
          "acoustic_entropy_side": 12.844620704650879,
          "hz": 464.6875360973435
        },
        {
          "acoustic_entropy": 10.643847465515137,
          "acoustic_entropy_side": 11.892674446105957,
          "hz": 567.8308811364784
        },
        {
          "acoustic_entropy": 12.451266288757324,
          "acoustic_entropy_side": 12.302851676940918,
          "hz": 680.1084783214808
        },
        {
          "acoustic_entropy": 12.29986572265625,
          "acoustic_entropy_side": 12.229256629943848,
          "hz": 802.3292461747484
        },
        {
          "acoustic_entropy": 12.508729934692383,
          "acoustic_entropy_side": 12.290602684020996,
          "hz": 935.3737400823702
        },
        {
          "acoustic_entropy": 12.570879936218262,
          "acoustic_entropy_side": 13.286766052246094,
          "hz": 1080.2004963696966
        },
        {
          "acoustic_entropy": 12.949285507202148,
          "acoustic_entropy_side": 12.916553497314453,
          "hz": 1237.8529382007157
        },
        {
          "acoustic_entropy": 12.874089241027832,
          "acoustic_entropy_side": 12.989853858947754,
          "hz": 1409.4668930556702
        },
        {
          "acoustic_entropy": 11.91500186920166,
          "acoustic_entropy_side": 11.980520248413086,
          "hz": 1596.2787759475705
        },
        {
          "acoustic_entropy": 11.94690990447998,
          "acoustic_entropy_side": 12.257735252380371,
          "hz": 1799.6344973346393
        },
        {
          "acoustic_entropy": 11.982611656188965,
          "acoustic_entropy_side": 12.166037559509277,
          "hz": 2020.9991599069049
        },
        {
          "acoustic_entropy": 12.335603713989258,
          "acoustic_entropy_side": 12.346114158630371,
          "hz": 2261.9676141086993
        },
        {
          "acoustic_entropy": 12.147138595581055,
          "acoustic_entropy_side": 12.405394554138184,
          "hz": 2524.2759484456974
        },
        {
          "acoustic_entropy": 12.161338806152344,
          "acoustic_entropy_side": 12.344696044921875,
          "hz": 2809.813997359896
        },
        {
          "acoustic_entropy": 12.264719009399414,
          "acoustic_entropy_side": 12.351045608520508,
          "hz": 3120.6389567871424
        },
        {
          "acoustic_entropy": 12.384749412536621,
          "acoustic_entropy_side": 12.338332176208496,
          "hz": 3458.990205492291
        },
        {
          "acoustic_entropy": 12.31479263305664,
          "acoustic_entropy_side": 12.383459091186523,
          "hz": 3827.305438964164
        },
        {
          "acoustic_entropy": 12.283397674560547,
          "acoustic_entropy_side": 12.253375053405762,
          "hz": 4228.238232109126
        },
        {
          "acoustic_entropy": 11.818198204040527,
          "acoustic_entropy_side": 12.293712615966797,
          "hz": 4664.6771572759235
        },
        {
          "acoustic_entropy": 11.800684928894043,
          "acoustic_entropy_side": 12.297891616821289,
          "hz": 5139.766595350093
        },
        {
          "acoustic_entropy": 11.825421333312988,
          "acoustic_entropy_side": 12.309026718139648,
          "hz": 5656.929389854203
        },
        {
          "acoustic_entropy": 12.013257026672363,
          "acoustic_entropy_side": 12.308611869812012,
          "hz": 6219.891507268283
        },
        {
          "acoustic_entropy": 12.024092674255371,
          "acoustic_entropy_side": 12.169548034667969,
          "hz": 6832.70888123896
        },
        {
          "acoustic_entropy": 12.32240104675293,
          "acoustic_entropy_side": 12.033280372619629,
          "hz": 7499.796634079867
        },
        {
          "acoustic_entropy": 12.441998481750488,
          "acoustic_entropy_side": 12.241460800170898,
          "hz": 8225.96088609342
        },
        {
          "acoustic_entropy": 12.539868354797363,
          "acoustic_entropy_side": 12.471583366394043,
          "hz": 9016.43338188839
        },
        {
          "acoustic_entropy": 12.556565284729004,
          "acoustic_entropy_side": 12.531708717346191,
          "hz": 9876.909183162974
        },
        {
          "acoustic_entropy": 12.585272789001465,
          "acoustic_entropy_side": 12.587604522705078,
          "hz": 10813.587699516042
        },
        {
          "acoustic_entropy": 12.449421882629395,
          "acoustic_entropy_side": 12.478397369384766,
          "hz": 11833.21735289826
        },
        {
          "acoustic_entropy": 12.131619453430176,
          "acoustic_entropy_side": 12.143965721130371,
          "hz": 12943.144197493959
        },
        {
          "acoustic_entropy": 12.194669723510742,
          "acoustic_entropy_side": 12.102460861206055,
          "hz": 14151.364845322005
        },
        {
          "acoustic_entropy": 11.987915992736816,
          "acoustic_entropy_side": 12.013742446899414,
          "hz": 15466.58407886509
        },
        {
          "acoustic_entropy": 12.230887413024902,
          "acoustic_entropy_side": 12.23328971862793,
          "hz": 16898.27756580493
        },
        {
          "acoustic_entropy": 12.28799057006836,
          "acoustic_entropy_side": 12.278989791870117,
          "hz": 18456.760127700032
        },
        {
          "acoustic_entropy": 12.29729175567627,
          "acoustic_entropy_side": 12.291560173034668,
          "hz": 20153.260054456492
        },
        {
          "acoustic_entropy": 12.302011489868164,
          "acoustic_entropy_side": 12.295872688293457,
          "hz": 22000.00000000001
        }
      ],
      "diff_acoustic_entropy": 9.993815422058105,
      "sn": 12
    },
    {
      "acoustic_entropy": 18.433639526367188,
      "acoustic_entropy_mono": 14.758906364440918,
      "band_eliminated_acoustic_entropies": [
        {
          "acoustic_entropy": 18.568737030029297,
          "acoustic_entropy_side": 18.805545806884766,
          "hz": 129.47220167065723
        },
        {
          "acoustic_entropy": 18.353851318359375,
          "acoustic_entropy_side": 17.84420394897461,
          "hz": 202.92927478742237
        },
        {
          "acoustic_entropy": 19.37811279296875,
          "acoustic_entropy_side": 19.49997329711914,
          "hz": 282.89161906338205
        },
        {
          "acoustic_entropy": 18.522180557250977,
          "acoustic_entropy_side": 18.027318954467773,
          "hz": 369.9353335868758
        },
        {
          "acoustic_entropy": 18.500106811523438,
          "acoustic_entropy_side": 18.614065170288086,
          "hz": 464.6875360973435
        },
        {
          "acoustic_entropy": 17.6816463470459,
          "acoustic_entropy_side": 19.1137638092041,
          "hz": 567.8308811364784
        },
        {
          "acoustic_entropy": 18.428653717041016,
          "acoustic_entropy_side": 18.781414031982422,
          "hz": 680.1084783214808
        },
        {
          "acoustic_entropy": 18.320512771606445,
          "acoustic_entropy_side": 18.707721710205078,
          "hz": 802.3292461747484
        },
        {
          "acoustic_entropy": 18.449161529541016,
          "acoustic_entropy_side": 18.3577938079834,
          "hz": 935.3737400823702
        },
        {
          "acoustic_entropy": 19.189144134521484,
          "acoustic_entropy_side": 20.0741024017334,
          "hz": 1080.2004963696966
        },
        {
          "acoustic_entropy": 19.364036560058594,
          "acoustic_entropy_side": 18.75931739807129,
          "hz": 1237.8529382007157
        },
        {
          "acoustic_entropy": 18.856945037841797,
          "acoustic_entropy_side": 18.733257293701172,
          "hz": 1409.4668930556702
        },
        {
          "acoustic_entropy": 18.889162063598633,
          "acoustic_entropy_side": 18.41411590576172,
          "hz": 1596.2787759475705
        },
        {
          "acoustic_entropy": 18.654735565185547,
          "acoustic_entropy_side": 18.43881607055664,
          "hz": 1799.6344973346393
        },
        {
          "acoustic_entropy": 18.778226852416992,
          "acoustic_entropy_side": 18.187278747558594,
          "hz": 2020.9991599069049
        },
        {
          "acoustic_entropy": 19.25253677368164,
          "acoustic_entropy_side": 19.10145378112793,
          "hz": 2261.9676141086993
        },
        {
          "acoustic_entropy": 18.082626342773438,
          "acoustic_entropy_side": 18.10774803161621,
          "hz": 2524.2759484456974
        },
        {
          "acoustic_entropy": 18.69367790222168,
          "acoustic_entropy_side": 18.372690200805664,
          "hz": 2809.813997359896
        },
        {
          "acoustic_entropy": 18.478418350219727,
          "acoustic_entropy_side": 18.3360538482666,
