{
  "acoustic_entropy": 104.05381774902344,
  "bands": [
    {
      "high_freq": 148.1999969482422,
      "loudness": -33.92382049560547,
      "loudness_range": 12.304386138916016,
      "mid_mean": -30.25104522705078,
      "mid_to_side_loudness": -23.74725914001465,
      "mid_to_side_loudness_range": 11.851875305175781,
      "side_mean": -53.895076751708984
    },
    {
      "high_freq": 392.3793640136719,
      "loudness": -32.11696243286133,
      "loudness_range": 11.063142776489258,
      "low_freq": 148.1999969482422,
      "mid_mean": -28.4671688079834,
      "mid_to_side_loudness": -20.14692497253418,
      "mid_to_side_loudness_range": 8.309442520141602,
      "side_mean": -48.59379196166992
    },
    {
      "high_freq": 794.6976318359375,
      "loudness": -38.17210388183594,
      "loudness_range": 12.36130142211914,
      "low_freq": 392.3793640136719,
      "mid_mean": -34.56816864013672,
      "mid_to_side_loudness": -17.479578018188477,
      "mid_to_side_loudness_range": 9.69288158416748,
      "side_mean": -51.96638870239258
    },
    {
      "high_freq": 1457.5709228515625,
      "loudness": -42.8368034362793,
      "loudness_range": 16.206180572509766,
      "low_freq": 794.6976318359375,
      "mid_mean": -39.23133087158203,
      "mid_to_side_loudness": -17.90137481689453,
      "mid_to_side_loudness_range": 8.531071662902832,
      "side_mean": -56.70816421508789
    },
    {
      "high_freq": 2549.74365234375,
      "loudness": -51.152469635009766,
      "loudness_range": 18.341289520263672,
      "low_freq": 1457.5709228515625,
      "mid_mean": -47.541561126708984,
      "mid_to_side_loudness": -16.510570526123047,
      "mid_to_side_loudness_range": 7.245725631713867,
      "side_mean": -62.467403411865234
    },
    {
      "high_freq": 4349.24462890625,
      "loudness": -62.32612228393555,
      "loudness_range": 17.554180145263672,
      "low_freq": 2549.74365234375,
      "mid_mean": -58.16265106201172,
      "mid_to_side_loudness": -14.550276756286621,
      "mid_to_side_loudness_range": 7.183205604553223,
      "side_mean": -67.8540267944336
    },
    {
      "high_freq": 7314.1640625,
      "loudness": -68.30022430419922,
      "loudness_range": 20.40019989013672,
      "low_freq": 4349.24462890625,
      "mid_mean": -62.890525817871094,
      "mid_to_side_loudness": -9.586091041564941,
      "mid_to_side_loudness_range": 9.681493759155273,
      "side_mean": -68.2669677734375
    },
    {
      "high_freq": 12199.2666015625,
      "loudness": -70.91148376464844,
      "loudness_range": 15.557510375976562,
      "low_freq": 7314.1640625,
      "mid_mean": -65.40016174316406,
      "mid_to_side_loudness": -5.154549598693848,
      "mid_to_side_loudness_range": 7.06092643737793,
      "side_mean": -68.143310546875
    },
    {
      "loudness": -74.67231750488281,
      "loudness_range": 3.4514007568359375,
      "low_freq": 12199.2666015625,
      "mid_mean": -68.33845520019531,
      "mid_to_side_loudness": -0.917413055896759,
      "mid_to_side_loudness_range": 1.8870545625686646,
      "side_mean": -68.65457916259766
    }
  ],
  "bands_short": [
    {
      "high_freq": 148.1999969482422,
      "loudness": -37.02742385864258,
      "loudness_range": 18.93212127685547,
      "mid_mean": -33.34885025024414,
      "mid_to_side_loudness": -23.85730743408203,
      "mid_to_side_loudness_range": 17.73232650756836,
      "side_mean": -57.0294189453125
    },
    {
      "high_freq": 392.3793640136719,
      "loudness": -31.184415817260742,
      "loudness_range": 10.697052001953125,
      "low_freq": 148.1999969482422,
      "mid_mean": -27.533205032348633,
      "mid_to_side_loudness": -20.64891242980957,
      "mid_to_side_loudness_range": 9.926857948303223,
      "side_mean": -48.18760681152344
    },
    {
      "high_freq": 794.6976318359375,
      "loudness": -37.670257568359375,
      "loudness_range": 12.575433731079102,
      "low_freq": 392.3793640136719,
      "mid_mean": -34.065345764160156,
      "mid_to_side_loudness": -18.107608795166016,
      "mid_to_side_loudness_range": 11.706555366516113,
      "side_mean": -52.06299591064453
    },
    {
      "high_freq": 1457.5709228515625,
      "loudness": -43.02775573730469,
      "loudness_range": 17.727497100830078,
      "low_freq": 794.6976318359375,
      "mid_mean": -39.42775344848633,
      "mid_to_side_loudness": -17.827085494995117,
      "mid_to_side_loudness_range": 10.6417236328125,
      "side_mean": -56.83045959472656
    },
    {
      "high_freq": 2549.74365234375,
      "loudness": -51.862327575683594,
      "loudness_range": 19.456562042236328,
      "low_freq": 1457.5709228515625,
      "mid_mean": -48.250457763671875,
      "mid_to_side_loudness": -16.366830825805664,
      "mid_to_side_loudness_range": 9.820363998413086,
      "side_mean": -62.8170051574707
    },
    {
      "high_freq": 4349.24462890625,
      "loudness": -63.22285842895508,
      "loudness_range": 18.759899139404297,
      "low_freq": 2549.74365234375,
      "mid_mean": -58.90557861328125,
      "mid_to_side_loudness": -14.029319763183594,
      "mid_to_side_loudness_range": 9.532337188720703,
      "side_mean": -67.94474029541016
    },
    {
      "high_freq": 7314.1640625,
      "loudness": -70.10270690917969,
      "loudness_range": 20.808189392089844,
      "low_freq": 4349.24462890625,
      "mid_mean": -64.1119384765625,
      "mid_to_side_loudness": -8.701401710510254,
      "mid_to_side_loudness_range": 10.0979585647583,
      "side_mean": -68.5146484375
    },
    {
      "high_freq": 12199.2666015625,
      "loudness": -72.22347259521484,
      "loudness_range": 15.216354370117188,
      "low_freq": 7314.1640625,
      "mid_mean": -66.21548461914062,
      "mid_to_side_loudness": -4.376800060272217,
      "mid_to_side_loudness_range": 7.242923736572266,
      "side_mean": -68.34661865234375
    },
    {
      "loudness": -74.80363464355469,
      "loudness_range": 3.22259521484375,
      "low_freq": 12199.2666015625,
      "mid_mean": -68.39048767089844,
      "mid_to_side_loudness": -0.7904968857765198,
      "mid_to_side_loudness_range": 1.986607313156128,
      "side_mean": -68.66659545898438
    }
  ],
  "bandwidth": 331.9374084472656,
  "channels": 2,
  "covariance": [
    [
      27.466238021850586,
      15.335599899291992,
      3.196406841278076,
      2.9252817630767822,
      2.531770706176758,
      2.7646210193634033,
      4.600767612457275,
      3.3120901584625244,
      1.7782113552093506,
      1.170521855354309,
      0.764573335647583,
      -0.08451719582080841,
      0.5329614877700806,
      0.34092962741851807,
      0.7338731288909912,
      0.42678144574165344,
      0.18948239088058472,
      0.13708405196666718
    ],
    [
      15.335599899291992,
      18.925207138061523,
      4.997710227966309,
      3.7246816158294678,
      2.327101707458496,
      3.435455083847046,
      3.203948736190796,
      3.2734622955322266,
      2.9160048961639404,
      2.590114116668701,
      0.7005415558815002,
      0.029766272753477097,
      0.29317978024482727,
      0.29389122128486633,
      0.7686973810195923,
      0.4723244607448578,
      0.27231624722480774,
      0.15014030039310455
    ],
    [
      3.196406841278076,
      4.997710227966309,
      17.409940719604492,
      12.224213600158691,
      6.469039440155029,
      7.4944305419921875,
      1.2986412048339844,
      2.601576328277588,
      2.0771164894104004,
      1.4662007093429565,
      2.689560890197754,
      0.8631129264831543,
      2.3666651248931885,
      0.5822652578353882,
      1.3395589590072632,
      0.4152146875858307,
      0.08159296959638596,
      0.02040335163474083
    ],
    [
      2.9252817630767822,
      3.7246816158294678,
      12.224213600158691,
      15.892277717590332,
      3.9427292346954346,
      5.557015419006348,
      -1.4830764532089233,
      -0.2471672147512436,
      -0.7866466641426086,
      -0.3850961923599243,
      0.39218777418136597,
      0.17913420498371124,
      -0.09824850410223007,
      -0.017818639054894447,
      -0.176881343126297,
      -0.013855225406587124,
      0.0045171151868999004,
      0.02214229665696621
    ],
    [
      2.531770706176758,
      2.327101707458496,
      6.469039440155029,
      3.9427292346954346,
      22.71627426147461,
      19.777183532714844,
      13.584842681884766,
      12.73609733581543,
      15.302517890930176,
      11.60053539276123,
      4.299912452697754,
      1.5460349321365356,
      2.2118072509765625,
      0.9236231446266174,
      1.6407501697540283,
      0.7401213049888611,
      0.3066783547401428,
      0.15588988363742828
    ],
    [
      2.7646210193634033,
      3.435455083847046,
      7.4944305419921875,
      5.557015419006348,
      19.777183532714844,
      27.301403045654297,
      14.050383567810059,
      13.329756736755371,
      13.94981575012207,
      10.910079002380371,
      3.1063733100891113,
      1.332271933555603,
      1.8546055555343628,
      0.756714940071106,
      2.0745902061462402,
      0.9501858949661255,
      0.4205434024333954,
      0.21387824416160583
    ],
    [
      4.600767612457275,
      3.203948736190796,
      1.2986412048339844,
      -1.4830764532089233,
      13.584842681884766,
      14.050383567810059,
      34.89971923828125,
      28.69083595275879,
      25.741607666015625,
      16.49786376953125,
      11.172198295593262,
      2.996495246887207,
      6.308559894561768,
      1.5575528144836426,
      6.558487892150879,
      2.178025007247925,
      0.9283931851387024,
      0.34980982542037964
    ],
    [
      3.3120901584625244,
      3.2734622955322266,
      2.601576328277588,
      -0.2471672147512436,
      12.73609733581543,
      13.329756736755371,
      28.69083595275879,
      31.471263885498047,
      22.77345848083496,
      15.501103401184082,
      10.734518051147461,
      2.721374273300171,
      6.898272514343262,
      1.7638745307922363,
      6.870429515838623,
      2.3704512119293213,
      1.0238831043243408,
      0.3887203633785248
    ],
    [
      1.7782113552093506,
      2.9160048961639404,
      2.0771164894104004,
      -0.7866466641426086,
      15.302517890930176,
      13.94981575012207,
      25.741607666015625,
      22.77345848083496,
      38.8333854675293,
      26.06526756286621,
      13.582925796508789,
      3.905247926712036,
      8.048925399780273,
      2.292442560195923,
      6.471900463104248,
      2.2982711791992188,
      0.9853671789169312,
      0.3998536765575409
    ],
    [
      1.170521855354309,
      2.590114116668701,
      1.4662007093429565,
      -0.3850961923599243,
      11.60053539276123,
      10.910079002380371,
      16.49786376953125,
      15.501103401184082,
      26.06526756286621,
      21.735408782958984,
      7.402049541473389,
      2.2766671180725098,
      4.047408580780029,
      1.2623014450073242,
      3.347588062286377,
      1.3059245347976685,
      0.5319863557815552,
      0.24932919442653656
    ],
    [
      0.764573335647583,
      0.7005415558815002,
      2.689560890197754,
      0.39218777418136597,
      4.299912452697754,
      3.1063733100891113,
      11.172198295593262,
      10.734518051147461,
      13.582925796508789,
      7.402049541473389,
      28.83233642578125,
      8.802507400512695,
      19.914348602294922,
      5.5006866455078125,
      11.822318077087402,
      4.0774827003479,
      1.5519824028015137,
      0.6408796906471252
    ],
    [
      -0.08451719582080841,
      0.029766272753477097,
      0.8631129264831543,
      0.17913420498371124,
      1.5460349321365356,
      1.332271933555603,
      2.996495246887207,
      2.721374273300171,
      3.905247926712036,
      2.2766671180725098,
      8.802507400512695,
      3.575465679168701,
      5.125019550323486,
      1.7444497346878052,
      2.7291641235351562,
      1.1390647888183594,
      0.37462618947029114,
      0.21857891976833344
    ],
    [
      0.5329614877700806,
      0.29317978024482727,
      2.3666651248931885,
      -0.09824850410223007,
      2.2118072509765625,
      1.8546055555343628,
      6.308559894561768,
      6.898272514343262,
      8.048925399780273,
      4.047408580780029,
      19.914348602294922,
      5.125019550323486,
      26.596698760986328,
      8.050568580627441,
      17.74113655090332,
      6.488391399383545,
      2.652022361755371,
      1.051642656326294
    ],
    [
      0.34092962741851807,
      0.29389122128486633,
      0.5822652578353882,
      -0.017818639054894447,
      0.9236231446266174,
      0.756714940071106,
      1.5575528144836426,
      1.7638745307922363,
      2.292442560195923,
      1.2623014450073242,
      5.5006866455078125,
      1.7444497346878052,
      8.050568580627441,
      3.186025857925415,
      5.736449241638184,
      2.580117702484131,
      1.0461357831954956,
      0.5142977833747864
    ],
    [
      0.7338731288909912,
      0.7686973810195923,
      1.3395589590072632,
      -0.176881343126297,
      1.6407501697540283,
      2.0745902061462402,
      6.558487892150879,
      6.870429515838623,
      6.471900463104248,
      3.347588062286377,
      11.822318077087402,
      2.7291641235351562,
      17.74113655090332,
      5.736449241638184,
      14.95821475982666,
      5.757350444793701,
      2.53354811668396,
      0.9998860955238342
    ],
    [
      0.42678144574165344,
      0.4723244607448578,
      0.4152146875858307,
      -0.013855225406587124,
      0.7401213049888611,
      0.9501858949661255,
      2.178025007247925,
      2.3704512119293213,
      2.2982711791992188,
      1.3059245347976685,
      4.0774827003479,
      1.1390647888183594,
      6.488391399383545,
      2.580117702484131,
      5.757350444793701,
      2.6598260402679443,
      1.1705952882766724,
      0.5589312314987183
    ],
    [
      0.18948239088058472,
      0.27231624722480774,
      0.08159296959638596,
      0.0045171151868999004,
      0.3066783547401428,
      0.4205434024333954,
      0.9283931851387024,
      1.0238831043243408,
      0.9853671789169312,
      0.5319863557815552,
      1.5519824028015137,
      0.37462618947029114,
      2.652022361755371,
      1.0461357831954956,
      2.53354811668396,
      1.1705952882766724,
      0.6893050670623779,
      0.3047890365123749
    ],
    [
      0.13708405196666718,
      0.15014030039310455,
      0.02040335163474083,
      0.02214229665696621,
      0.15588988363742828,
      0.21387824416160583,
      0.34980982542037964,
      0.3887203633785248,
      0.3998536765575409,
      0.24932919442653656,
      0.6408796906471252,
      0.21857891976833344,
      1.051642656326294,
      0.5142977833747864,
      0.9998860955238342,
      0.5589312314987183,
      0.3047890365123749,
      0.1756664216518402
    ]
  ],
  "covariance_short": [
    [
      44.61117172241211,
      20.465574264526367,
      4.539326190948486,
      3.744368553161621,
      1.2567620277404785,
      2.1333837509155273,
      2.8269777297973633,
      1.3728456497192383,
      -0.03698646277189255,
      -0.5539894104003906,
      2.176071882247925,
      0.41334325075149536,
      1.3809659481048584,
      0.4369164705276489,
      0.6131570935249329,
      0.3491743505001068,
      0.09995516389608383,
      0.07006940245628357
    ],
    [
      20.465574264526367,
      28.77118682861328,
      6.005748748779297,
      4.765134334564209,
      2.7673001289367676,
      4.137216091156006,
      4.02161169052124,
      3.9959921836853027,
      3.300715923309326,
      2.5755319595336914,
      0.833264172077179,
      0.10977549850940704,
      1.2097117900848389,
      0.6243903040885925,
      1.1974626779556274,
      0.722944974899292,
      0.3672671914100647,
      0.2065047025680542
    ],
    [
      4.539326190948486,
      6.005748748779297,
      15.529614448547363,
      9.248305320739746,
      5.243322372436523,
      5.539510726928711,
      3.7443158626556396,
      3.4828691482543945,
      4.01330041885376,
      2.0274341106414795,
      2.523146629333496,
      0.6284477114677429,
      1.8644734621047974,
      0.4543713629245758,
      1.0899218320846558,
      0.362630158662796,
      0.12029822915792465,
      0.050307802855968475
    ],
    [
      3.744368553161621,
      4.765134334564209,
      9.248305320739746,
      15.091795921325684,
      3.211778402328491,
      4.2757744789123535,
      -0.6056659817695618,
      -0.06125899776816368,
      0.11804547905921936,
      0.03344399854540825,
      0.08199875801801682,
      0.05007661506533623,
      -0.3700600266456604,
      -0.03131279721856117,
      -0.4365091919898987,
      -0.08961490541696548,
      -0.016474546864628792,
      0.011144726537168026
    ],
    [
      1.2567620277404785,
      2.7673001289367676,
      5.243322372436523,
      3.211778402328491,
      22.598012924194336,
      17.77135467529297,
      11.608844757080078,
      10.542780876159668,
      12.523171424865723,
      9.084049224853516,
      3.5941131114959717,
      1.1460663080215454,
      1.8348565101623535,
      0.7888540029525757,
      1.0213221311569214,
      0.5264208912849426,
      0.20724257826805115,
      0.12989488244056702
    ],
    [
      2.1333837509155273,
      4.137216091156006,
      5.539510726928711,
      4.2757744789123535,
      17.77135467529297,
      28.23646354675293,
      13.669393539428711,
      12.696911811828613,
      13.391268730163574,
      9.821714401245117,
      3.021085500717163,
      1.1193208694458008,
      1.4262921810150146,
      0.673719048500061,
      1.3198142051696777,
      0.6770077347755432,
      0.30379337072372437,
      0.16873891651630402
    ],
    [
      2.8269777297973633,
      4.02161169052124,
      3.7443158626556396,
      -0.6056659817695618,
      11.608844757080078,
      13.669393539428711,
      39.477970123291016,
      30.236404418945312,
      29.214468002319336,
      17.76017951965332,
      13.278143882751465,
      3.212623119354248,
      6.5580620765686035,
      1.672098994255066,
      5.537387847900391,
      1.8617901802062988,
      0.824755072593689,
      0.3173708915710449
    ],
    [
      1.3728456497192383,
      3.9959921836853027,
      3.4828691482543945,
      -0.06125899776816368,
      10.542780876159668,
      12.696911811828613,
      30.236404418945312,
      34.44316101074219,
      24.934497833251953,
      16.305339813232422,
      11.552864074707031,
      2.7025551795959473,
      6.419285297393799,
      1.735885739326477,
      5.379185199737549,
      1.9301596879959106,
      0.8524184823036194,
      0.3419243097305298
    ],
    [
      -0.03698646277189255,
      3.300715923309326,
      4.01330041885376,
      0.11804547905921936,
      12.523171424865723,
      13.391268730163574,
      29.214468002319336,
      24.934497833251953,
      44.92584991455078,
      27.464614868164062,
      16.86224937438965,
      4.483797550201416,
      9.089119911193848,
      2.568265914916992,
      6.525029182434082,
      2.356461524963379,
      1.0200786590576172,
      0.42092591524124146
    ],
    [
      -0.5539894104003906,
      2.5755319595336914,
      2.0274341106414795,
      0.03344399854540825,
      9.084049224853516,
      9.821714401245117,
      17.76017951965332,
      16.305339813232422,
      27.464614868164062,
      23.29503631591797,
      8.268867492675781,
      2.4152185916900635,
      3.8541550636291504,
      1.259119987487793,
      2.7834062576293945,
      1.1438090801239014,
      0.41626423597335815,
      0.2178220897912979
    ],
    [
      2.176071882247925,
      0.833264172077179,
      2.523146629333496,
      0.08199875801801682,
      3.5941131114959717,
      3.021085500717163,
      13.278143882751465,
      11.552864074707031,
      16.86224937438965,
      8.268867492675781,
      32.952293395996094,
      9.399728775024414,
      21.28130340576172,
      6.0211663246154785,
      13.149222373962402,
      4.794373512268066,
      1.8934015035629272,
      0.7919721603393555
    ],
    [
      0.41334325075149536,
      0.10977549850940704,
      0.6284477114677429,
      0.05007661506533623,
      1.1460663080215454,
      1.1193208694458008,
      3.212623119354248,
      2.7025551795959473,
      4.483797550201416,
      2.4152185916900635,
      9.399728775024414,
      4.034445762634277,
      5.611828327178955,
      2.0394794940948486,
      3.306628465652466,
      1.487760305404663,
      0.4927787482738495,
      0.28045403957366943
    ],
    [
      1.3809659481048584,
      1.2097117900848389,
      1.8644734621047974,
      -0.3700600266456604,
      1.8348565101623535,
      1.4262921810150146,
      6.5580620765686035,
      6.419285297393799,
      9.089119911193848,
      3.8541550636291504,
      21.28130340576172,
      5.611828327178955,
      27.57427406311035,
      8.526381492614746,
      18.330440521240234,
      7.055569648742676,
      2.968925714492798,
      1.2215420007705688
    ],
    [
      0.4369164705276489,
      0.6243903040885925,
      0.4543713629245758,
      -0.03131279721856117,
      0.7888540029525757,
      0.673719048500061,
      1.672098994255066,
      1.735885739326477,
      2.568265914916992,
      1.259119987487793,
      6.0211663246154785,
      2.0394794940948486,
      8.526381492614746,
      3.571668863296509,
      6.189292907714844,
      2.958400011062622,
      1.2009499073028564,
      0.6069902181625366
    ],
    [
      0.6131570935249329,
      1.1974626779556274,
      1.0899218320846558,
      -0.4365091919898987,
      1.0213221311569214,
      1.3198142051696777,
      5.537387847900391,
      5.379185199737549,
      6.525029182434082,
      2.7834062576293945,
      13.149222373962402,
      3.306628465652466,
      18.330440521240234,
      6.189292907714844,
      15.276128768920898,
      6.2056050300598145,
      2.7673470973968506,
      1.1342257261276245
    ],
    [
      0.3491743505001068,
      0.722944974899292,
      0.362630158662796,
      -0.08961490541696548,
      0.5264208912849426,
      0.6770077347755432,
      1.8617901802062988,
      1.9301596879959106,
      2.356461524963379,
      1.1438090801239014,
      4.794373512268066,
      1.487760305404663,
      7.055569648742676,
      2.958400011062622,
      6.2056050300598145,
      3.057361125946045,
      1.3315973281860352,
      0.6548120379447937
    ],
    [
      0.09995516389608383,
      0.3672671914100647,
      0.12029822915792465,
      -0.016474546864628792,
      0.20724257826805115,
      0.30379337072372437,
      0.824755072593689,
      0.8524184823036194,
      1.0200786590576172,
      0.41626423597335815,
      1.8934015035629272,
      0.4927787482738495,
      2.968925714492798,
      1.2009499073028564,
      2.7673470973968506,
      1.3315973281860352,
      0.874140739440918,
      0.39549124240875244
    ],
    [
      0.07006940245628357,
      0.2065047025680542,
      0.050307802855968475,
      0.011144726537168026,
      0.12989488244056702,
      0.16873891651630402,
      0.3173708915710449,
      0.3419243097305298,
      0.42092591524124146,
      0.2178220897912979,
      0.7919721603393555,
      0.28045403957366943,
      1.2215420007705688,
      0.6069902181625366,
      1.1342257261276245,
      0.6548120379447937,
      0.39549124240875244,
      0.23501701653003693
    ]
  ],
  "damage": -18.188947677612305,
  "diff_bandwidth": 336.3469543457031,
  "dissonance": 2.781424748603733,
  "drr": 7.352616786956787,
  "dynamics": 2.5420031547546387,
  "format": 1245190,
  "frames": 8503232,
  "loudness": -24.7951602935791,
  "loudness_range": 6.434671401977539,
  "loudness_range_short": 7.506004333496094,
  "lowpass_true_peak_15khz": -10.3131103515625,
  "mastering3_acoustic_entropies": [
    {
      "acoustic_entropy": 8.17679500579834,
      "acoustic_entropy_mono": 8.155303955078125,
      "band_eliminated_acoustic_entropies": [
        {
          "acoustic_entropy": 8.01528549194336,
          "acoustic_entropy_side": 8.176802635192871,
          "hz": 129.47220167065723
        },
        {
          "acoustic_entropy": 8.032957077026367,
          "acoustic_entropy_side": 8.177726745605469,
          "hz": 202.92927478742237
        },
        {
          "acoustic_entropy": 8.290190696716309,
          "acoustic_entropy_side": 8.1719331741333,
          "hz": 282.89161906338205
        },
        {
          "acoustic_entropy": 8.40813159942627,
          "acoustic_entropy_side": 8.173873901367188,
          "hz": 369.9353335868758
        },
        {
          "acoustic_entropy": 9.131564140319824,
          "acoustic_entropy_side": 8.206366539001465,
          "hz": 464.6875360973435
        },
        {
          "acoustic_entropy": 8.047057151794434,
          "acoustic_entropy_side": 8.164102554321289,
          "hz": 567.8308811364784
        },
        {
          "acoustic_entropy": 8.615854263305664,
          "acoustic_entropy_side": 8.173158645629883,
          "hz": 680.1084783214808
        },
        {
          "acoustic_entropy": 7.241421222686768,
          "acoustic_entropy_side": 8.160699844360352,
          "hz": 802.3292461747484
        },
        {
          "acoustic_entropy": 7.2611470222473145,
          "acoustic_entropy_side": 8.173484802246094,
          "hz": 935.3737400823702
        },
        {
          "acoustic_entropy": 7.625760078430176,
          "acoustic_entropy_side": 8.190266609191895,
          "hz": 1080.2004963696966
        },
        {
          "acoustic_entropy": 8.355205535888672,
          "acoustic_entropy_side": 8.152121543884277,
          "hz": 1237.8529382007157
        },
        {
          "acoustic_entropy": 8.335810661315918,
          "acoustic_entropy_side": 8.187079429626465,
          "hz": 1409.4668930556702
        },
        {
          "acoustic_entropy": 8.12385082244873,
          "acoustic_entropy_side": 8.175960540771484,
          "hz": 1596.2787759475705
        },
        {
          "acoustic_entropy": 8.239399909973145,
          "acoustic_entropy_side": 8.176131248474121,
          "hz": 1799.6344973346393
        },
        {
          "acoustic_entropy": 8.017046928405762,
          "acoustic_entropy_side": 8.176802635192871,
          "hz": 2020.9991599069049
        },
        {
          "acoustic_entropy": 8.159619331359863,
          "acoustic_entropy_side": 8.176911354064941,
          "hz": 2261.9676141086993
        },
        {
          "acoustic_entropy": 8.166110038757324,
          "acoustic_entropy_side": 8.176785469055176,
          "hz": 2524.2759484456974
        },
        {
          "acoustic_entropy": 8.183271408081055,
          "acoustic_entropy_side": 8.176773071289062,
          "hz": 2809.813997359896
        },
        {
          "acoustic_entropy": 8.180201530456543,
          "acoustic_entropy_side": 8.176753044128418,
          "hz": 3120.6389567871424
        },
        {
          "acoustic_entropy": 8.177482604980469,
          "acoustic_entropy_side": 8.17679214477539,
          "hz": 3458.990205492291
        },
        {
          "acoustic_entropy": 8.17725944519043,
          "acoustic_entropy_side": 8.176794052124023,
          "hz": 3827.305438964164
        },
        {
          "acoustic_entropy": 8.177765846252441,
          "acoustic_entropy_side": 8.17679214477539,
          "hz": 4228.238232109126
        },
        {
          "acoustic_entropy": 8.176702499389648,
          "acoustic_entropy_side": 8.17679500579834,
          "hz": 4664.6771572759235
        },
        {
          "acoustic_entropy": 8.17580795288086,
          "acoustic_entropy_side": 8.17679500579834,
          "hz": 5139.766595350093
        },
        {
          "acoustic_entropy": 8.175994873046875,
          "acoustic_entropy_side": 8.176790237426758,
          "hz": 5656.929389854203
        },
        {
          "acoustic_entropy": 8.177865028381348,
          "acoustic_entropy_side": 8.176791191101074,
          "hz": 6219.891507268283
        },
        {
          "acoustic_entropy": 8.175439834594727,
          "acoustic_entropy_side": 8.176788330078125,
          "hz": 6832.70888123896
        },
        {
          "acoustic_entropy": 8.175086975097656,
          "acoustic_entropy_side": 8.17678451538086,
          "hz": 7499.796634079867
        },
        {
          "acoustic_entropy": 8.177409172058105,
          "acoustic_entropy_side": 8.176791191101074,
          "hz": 8225.96088609342
        },
        {
          "acoustic_entropy": 8.177233695983887,
          "acoustic_entropy_side": 8.176793098449707,
          "hz": 9016.43338188839
        },
        {
          "acoustic_entropy": 8.176998138427734,
          "acoustic_entropy_side": 8.17679214477539,
          "hz": 9876.909183162974
        },
        {
          "acoustic_entropy": 8.176833152770996,
          "acoustic_entropy_side": 8.176790237426758,
          "hz": 10813.587699516042
        },
        {
          "acoustic_entropy": 8.176801681518555,
          "acoustic_entropy_side": 8.176793098449707,
          "hz": 11833.21735289826
        },
        {
          "acoustic_entropy": 8.176798820495605,
          "acoustic_entropy_side": 8.176794052124023,
          "hz": 12943.144197493959
        },
        {
          "acoustic_entropy": 8.17679500579834,
          "acoustic_entropy_side": 8.176794052124023,
          "hz": 14151.364845322005
        },
        {
          "acoustic_entropy": 8.176794052124023,
          "acoustic_entropy_side": 8.17679500579834,
          "hz": 15466.58407886509
        },
        {
          "acoustic_entropy": 8.17679500579834,
          "acoustic_entropy_side": 8.17679500579834,
          "hz": 16898.27756580493
        },
        {
          "acoustic_entropy": 8.17679500579834,
          "acoustic_entropy_side": 8.17679500579834,
          "hz": 18456.760127700032
        },
        {
          "acoustic_entropy": 8.17679500579834,
          "acoustic_entropy_side": 8.17679500579834,
          "hz": 20153.260054456492
        },
        {
          "acoustic_entropy": 8.17679500579834,
          "acoustic_entropy_side": 8.17679500579834,
          "hz": 22000.00000000001
        }
      ],
      "diff_acoustic_entropy": 3.002615451812744,
      "sn": 6
    },
    {
      "acoustic_entropy": 10.978658676147461,
      "acoustic_entropy_mono": 11.16878604888916,
      "band_eliminated_acoustic_entropies": [
        {
          "acoustic_entropy": 10.913431167602539,
          "acoustic_entropy_side": 10.978044509887695,
          "hz": 129.47220167065723
        },
        {
          "acoustic_entropy": 11.89884090423584,
          "acoustic_entropy_side": 10.977044105529785,
          "hz": 202.92927478742237
        },
        {
          "acoustic_entropy": 11.972203254699707,
          "acoustic_entropy_side": 10.949172019958496,
          "hz": 282.89161906338205
        },
        {
          "acoustic_entropy": 11.8447847366333,
          "acoustic_entropy_side": 10.880997657775879,
          "hz": 369.9353335868758
        },
        {
          "acoustic_entropy": 12.485962867736816,
          "acoustic_entropy_side": 11.055376052856445,
          "hz": 464.6875360973435
        },
        {
          "acoustic_entropy": 11.37037467956543,
          "acoustic_entropy_side": 10.916568756103516,
          "hz": 567.8308811364784
        },
        {
          "acoustic_entropy": 11.908038139343262,
          "acoustic_entropy_side": 10.946739196777344,
          "hz": 680.1084783214808
        },
        {
          "acoustic_entropy": 9.973393440246582,
          "acoustic_entropy_side": 11.066061019897461,
          "hz": 802.3292461747484
        },
        {
          "acoustic_entropy": 11.038447380065918,
          "acoustic_entropy_side": 10.950559616088867,
          "hz": 935.3737400823702
        },
        {
          "acoustic_entropy": 11.113253593444824,
          "acoustic_entropy_side": 10.949563026428223,
          "hz": 1080.2004963696966
        },
        {
          "acoustic_entropy": 11.268299102783203,
          "acoustic_entropy_side": 11.051600456237793,
          "hz": 1237.8529382007157
        },
        {
          "acoustic_entropy": 12.217259407043457,
          "acoustic_entropy_side": 10.991501808166504,
          "hz": 1409.4668930556702
        },
        {
          "acoustic_entropy": 11.439512252807617,
          "acoustic_entropy_side": 10.97864055633545,
          "hz": 1596.2787759475705
        },
        {
          "acoustic_entropy": 11.222709655761719,
          "acoustic_entropy_side": 11.024983406066895,
          "hz": 1799.6344973346393
        },
        {
          "acoustic_entropy": 11.124082565307617,
          "acoustic_entropy_side": 10.972990036010742,
          "hz": 2020.9991599069049
        },
        {
          "acoustic_entropy": 10.796889305114746,
          "acoustic_entropy_side": 10.9766845703125,
          "hz": 2261.9676141086993
        },
        {
          "acoustic_entropy": 11.061934471130371,
          "acoustic_entropy_side": 10.978063583374023,
          "hz": 2524.2759484456974
        },
        {
          "acoustic_entropy": 10.978096961975098,
          "acoustic_entropy_side": 10.97867488861084,
          "hz": 2809.813997359896
        },
        {
          "acoustic_entropy": 11.0192289352417,
          "acoustic_entropy_side": 10.978277206420898,
          "hz": 3120.6389567871424
        },
        {
          "acoustic_entropy": 10.970688819885254,
          "acoustic_entropy_side": 10.97862720489502,
          "hz": 3458.990205492291
        },
        {
          "acoustic_entropy": 10.982254028320312,
          "acoustic_entropy_side": 10.978639602661133,
          "hz": 3827.305438964164
        },
        {
          "acoustic_entropy": 10.976852416992188,
          "acoustic_entropy_side": 10.978642463684082,
          "hz": 4228.238232109126
        },
        {
          "acoustic_entropy": 10.976789474487305,
          "acoustic_entropy_side": 10.978655815124512,
          "hz": 4664.6771572759235
        },
        {
          "acoustic_entropy": 10.952072143554688,
          "acoustic_entropy_side": 10.97864055633545,
          "hz": 5139.766595350093
        },
        {
          "acoustic_entropy": 10.97152328491211,
          "acoustic_entropy_side": 10.97861099243164,
          "hz": 5656.929389854203
        },
        {
          "acoustic_entropy": 10.983816146850586,
          "acoustic_entropy_side": 10.978656768798828,
          "hz": 6219.891507268283
        },
        {
          "acoustic_entropy": 10.984441757202148,
          "acoustic_entropy_side": 10.97868824005127,
          "hz": 6832.70888123896
        },
        {
          "acoustic_entropy": 10.972522735595703,
          "acoustic_entropy_side": 10.978629112243652,
          "hz": 7499.796634079867
        },
        {
          "acoustic_entropy": 10.983335494995117,
          "acoustic_entropy_side": 10.978702545166016,
          "hz": 8225.96088609342
        },
        {
          "acoustic_entropy": 10.982795715332031,
          "acoustic_entropy_side": 10.97872257232666,
          "hz": 9016.43338188839
        },
        {
          "acoustic_entropy": 10.97890567779541,
          "acoustic_entropy_side": 10.978705406188965,
          "hz": 9876.909183162974
        },
        {
          "acoustic_entropy": 10.979227066040039,
          "acoustic_entropy_side": 10.978662490844727,
          "hz": 10813.587699516042
        },
        {
          "acoustic_entropy": 10.978870391845703,
          "acoustic_entropy_side": 10.978659629821777,
          "hz": 11833.21735289826
        },
        {
          "acoustic_entropy": 10.978765487670898,
          "acoustic_entropy_side": 10.978656768798828,
          "hz": 12943.144197493959
        },
        {
          "acoustic_entropy": 10.978693962097168,
          "acoustic_entropy_side": 10.978660583496094,
          "hz": 14151.364845322005
        },
        {
          "acoustic_entropy": 10.978669166564941,
          "acoustic_entropy_side": 10.978659629821777,
          "hz": 15466.58407886509
        },
        {
          "acoustic_entropy": 10.978659629821777,
          "acoustic_entropy_side": 10.978658676147461,
          "hz": 16898.27756580493
        },
        {
          "acoustic_entropy": 10.978659629821777,
          "acoustic_entropy_side": 10.978659629821777,
          "hz": 18456.760127700032
        },
        {
          "acoustic_entropy": 10.978660583496094,
          "acoustic_entropy_side": 10.978658676147461,
          "hz": 20153.260054456492
        },
        {
          "acoustic_entropy": 10.978658676147461,
          "acoustic_entropy_side": 10.978658676147461,
          "hz": 22000.00000000001
        }
      ],
      "diff_acoustic_entropy": 4.662589073181152,
      "sn": 12
    },
    {
      "acoustic_entropy": 17.763660430908203,
      "acoustic_entropy_mono": 15.768575668334961,
      "band_eliminated_acoustic_entropies": [
        {
          "acoustic_entropy": 17.826162338256836,
          "acoustic_entropy_side": 17.69814682006836,
          "hz": 129.47220167065723
        },
        {
          "acoustic_entropy": 18.76848793029785,
          "acoustic_entropy_side": 18.07490348815918,
          "hz": 202.92927478742237
        },
        {
          "acoustic_entropy": 18.449899673461914,
          "acoustic_entropy_side": 18.708328247070312,
          "hz": 282.89161906338205
        },
        {
          "acoustic_entropy": 18.210205078125,
          "acoustic_entropy_side": 17.719303131103516,
          "hz": 369.9353335868758
        },
        {
          "acoustic_entropy": 17.184080123901367,
          "acoustic_entropy_side": 17.405183792114258,
          "hz": 464.6875360973435
        },
        {
          "acoustic_entropy": 18.490903854370117,
          "acoustic_entropy_side": 18.215377807617188,
          "hz": 567.8308811364784
        },
        {
          "acoustic_entropy": 18.21881103515625,
          "acoustic_entropy_side": 18.5736026763916,
          "hz": 680.1084783214808
        },
        {
          "acoustic_entropy": 16.228548049926758,
          "acoustic_entropy_side": 17.132770538330078,
          "hz": 802.3292461747484
        },
        {
          "acoustic_entropy": 17.407228469848633,
          "acoustic_entropy_side": 18.03634262084961,
          "hz": 935.3737400823702
        },
        {
          "acoustic_entropy": 17.15432357788086,
          "acoustic_entropy_side": 17.730152130126953,
          "hz": 1080.2004963696966
        },
        {
          "acoustic_entropy": 18.265676498413086,
          "acoustic_entropy_side": 17.584068298339844,
          "hz": 1237.8529382007157
        },
        {
          "acoustic_entropy": 17.340673446655273,
          "acoustic_entropy_side": 18.054462432861328,
          "hz": 1409.4668930556702
        },
        {
          "acoustic_entropy": 17.59340476989746,
          "acoustic_entropy_side": 17.459882736206055,
          "hz": 1596.2787759475705
        },
        {
          "acoustic_entropy": 17.114105224609375,
          "acoustic_entropy_side": 17.81810188293457,
          "hz": 1799.6344973346393
        },
        {
          "acoustic_entropy": 16.683744430541992,
          "acoustic_entropy_side": 17.70407485961914,
          "hz": 2020.9991599069049
        },
        {
          "acoustic_entropy": 17.45626449584961,
          "acoustic_entropy_side": 17.982149124145508,
          "hz": 2261.9676141086993
        },
        {
          "acoustic_entropy": 17.402965545654297,
          "acoustic_entropy_side": 17.749610900878906,
          "hz": 2524.2759484456974
        },
        {
