{
  "acoustic_entropy": 188.0967559814453,
  "bands": [
    {
      "high_freq": 148.1999969482422,
      "loudness": -36.638858795166016,
      "loudness_range": 21.977102279663086,
      "mid_mean": -33.09580993652344,
      "mid_to_side_loudness": -14.412110328674316,
      "mid_to_side_loudness_range": 7.012969970703125,
      "side_mean": -48.17487335205078
    },
    {
      "high_freq": 392.3793640136719,
      "loudness": -29.90821647644043,
      "loudness_range": 16.077682495117188,
      "low_freq": 148.1999969482422,
      "mid_mean": -26.7104434967041,
      "mid_to_side_loudness": -10.990290641784668,
      "mid_to_side_loudness_range": 11.781339645385742,
      "side_mean": -37.52656173706055
    },
    {
      "high_freq": 794.6976318359375,
      "loudness": -29.7652530670166,
      "loudness_range": 17.056461334228516,
      "low_freq": 392.3793640136719,
      "mid_mean": -26.586999893188477,
      "mid_to_side_loudness": -11.890973091125488,
      "mid_to_side_loudness_range": 15.00819206237793,
      "side_mean": -38.142303466796875
    },
    {
      "high_freq": 1457.5709228515625,
      "loudness": -32.281288146972656,
      "loudness_range": 23.65245819091797,
      "low_freq": 794.6976318359375,
      "mid_mean": -29.135805130004883,
      "mid_to_side_loudness": -13.20348834991455,
      "mid_to_side_loudness_range": 18.31377410888672,
      "side_mean": -42.26679229736328
    },
    {
      "high_freq": 2549.74365234375,
      "loudness": -34.99576187133789,
      "loudness_range": 23.9833927154541,
      "low_freq": 1457.5709228515625,
      "mid_mean": -31.756874084472656,
      "mid_to_side_loudness": -12.878331184387207,
      "mid_to_side_loudness_range": 17.341110229492188,
      "side_mean": -44.89460372924805
    },
    {
      "high_freq": 4349.24462890625,
      "loudness": -37.255897521972656,
      "loudness_range": 24.29770851135254,
      "low_freq": 2549.74365234375,
      "mid_mean": -34.02420425415039,
      "mid_to_side_loudness": -11.590960502624512,
      "mid_to_side_loudness_range": 14.709362983703613,
      "side_mean": -46.01448440551758
    },
    {
      "high_freq": 7314.1640625,
      "loudness": -42.91183853149414,
      "loudness_range": 25.127967834472656,
      "low_freq": 4349.24462890625,
      "mid_mean": -39.77532196044922,
      "mid_to_side_loudness": -10.726407051086426,
      "mid_to_side_loudness_range": 14.858850479125977,
      "side_mean": -51.67906951904297
    },
    {
      "high_freq": 12199.2666015625,
      "loudness": -53.4482536315918,
      "loudness_range": 17.746681213378906,
      "low_freq": 7314.1640625,
      "mid_mean": -50.67611312866211,
      "mid_to_side_loudness": -8.0172700881958,
      "mid_to_side_loudness_range": 11.676153182983398,
      "side_mean": -58.367897033691406
    },
    {
      "loudness": -58.45296859741211,
      "loudness_range": 16.22992706298828,
      "low_freq": 12199.2666015625,
      "mid_mean": -55.777976989746094,
      "mid_to_side_loudness": -5.058522701263428,
      "mid_to_side_loudness_range": 8.990156173706055,
      "side_mean": -60.52058029174805
    }
  ],
  "bands_short": [
    {
      "high_freq": 148.1999969482422,
      "loudness": -38.39109420776367,
      "loudness_range": 25.047958374023438,
      "mid_mean": -34.90696716308594,
      "mid_to_side_loudness": -15.865764617919922,
      "mid_to_side_loudness_range": 9.24692440032959,
      "side_mean": -52.1071891784668
    },
    {
      "high_freq": 392.3793640136719,
      "loudness": -31.9097843170166,
      "loudness_range": 18.471271514892578,
      "low_freq": 148.1999969482422,
      "mid_mean": -28.808229446411133,
      "mid_to_side_loudness": -11.285277366638184,
      "mid_to_side_loudness_range": 15.744240760803223,
      "side_mean": -40.03619384765625
    },
    {
      "high_freq": 794.6976318359375,
      "loudness": -30.593490600585938,
      "loudness_range": 19.61676025390625,
      "low_freq": 392.3793640136719,
      "mid_mean": -27.466197967529297,
      "mid_to_side_loudness": -12.52202033996582,
      "mid_to_side_loudness_range": 18.48955726623535,
      "side_mean": -39.859901428222656
    },
    {
      "high_freq": 1457.5709228515625,
      "loudness": -33.81865692138672,
      "loudness_range": 26.624765396118164,
      "low_freq": 794.6976318359375,
      "mid_mean": -30.593509674072266,
      "mid_to_side_loudness": -13.859996795654297,
      "mid_to_side_loudness_range": 19.631771087646484,
      "side_mean": -44.674346923828125
    },
    {
      "high_freq": 2549.74365234375,
      "loudness": -36.433284759521484,
      "loudness_range": 27.88707160949707,
      "low_freq": 1457.5709228515625,
      "mid_mean": -33.20719909667969,
      "mid_to_side_loudness": -14.06232738494873,
      "mid_to_side_loudness_range": 19.20707130432129,
      "side_mean": -48.12934875488281
    },
    {
      "high_freq": 4349.24462890625,
      "loudness": -38.722530364990234,
      "loudness_range": 27.823734283447266,
      "low_freq": 2549.74365234375,
      "mid_mean": -35.52381896972656,
      "mid_to_side_loudness": -12.584295272827148,
      "mid_to_side_loudness_range": 16.898378372192383,
      "side_mean": -49.6897087097168
    },
    {
      "high_freq": 7314.1640625,
      "loudness": -44.363304138183594,
      "loudness_range": 28.82862663269043,
      "low_freq": 4349.24462890625,
      "mid_mean": -41.177921295166016,
      "mid_to_side_loudness": -11.909713745117188,
      "mid_to_side_loudness_range": 17.434757232666016,
      "side_mean": -54.411033630371094
    },
    {
      "high_freq": 12199.2666015625,
      "loudness": -55.02127456665039,
      "loudness_range": 20.541996002197266,
      "low_freq": 7314.1640625,
      "mid_mean": -51.894378662109375,
      "mid_to_side_loudness": -8.390359878540039,
      "mid_to_side_loudness_range": 14.084275245666504,
      "side_mean": -59.90969467163086
    },
    {
      "loudness": -59.10895919799805,
      "loudness_range": 17.302154541015625,
      "low_freq": 12199.2666015625,
      "mid_mean": -56.502079010009766,
      "mid_to_side_loudness": -4.824758052825928,
      "mid_to_side_loudness_range": 10.22011947631836,
      "side_mean": -61.017704010009766
    }
  ],
  "bandwidth": 744.44921875,
  "channels": 2,
  "covariance": [
    [
      54.83633804321289,
      48.22428512573242,
      21.295276641845703,
      13.8270263671875,
      1.6075913906097412,
      6.107259273529053,
      2.9770560264587402,
      8.459178924560547,
      -0.9874433875083923,
      7.458553314208984,
      -2.0126044750213623,
      8.302655220031738,
      -3.4164016246795654,
      5.488016128540039,
      -0.1640293300151825,
      5.411697864532471,
      -3.2929904460906982,
      -0.46573424339294434
    ],
    [
      48.22428512573242,
      53.897647857666016,
      24.928667068481445,
      18.30709457397461,
      6.083221912384033,
      10.329635620117188,
      5.632774353027344,
      12.425694465637207,
      7.868934154510498,
      13.87527084350586,
      6.571162223815918,
      15.846710205078125,
      5.276078224182129,
      18.640535354614258,
      9.906326293945312,
      11.756229400634766,
      5.222419261932373,
      4.325326919555664
    ],
    [
      21.295276641845703,
      24.928667068481445,
      29.409284591674805,
      24.169797897338867,
      13.196629524230957,
      17.122516632080078,
      5.497010231018066,
      13.977960586547852,
      15.715347290039062,
      18.566190719604492,
      15.737706184387207,
      21.19396209716797,
      14.482626914978027,
      20.538297653198242,
      12.550901412963867,
      12.221299171447754,
      8.598047256469727,
      5.678503513336182
    ],
    [
      13.8270263671875,
      18.30709457397461,
      24.169797897338867,
      38.27203369140625,
      15.473827362060547,
      24.20652198791504,
      9.16765022277832,
      21.950971603393555,
      22.927051544189453,
      26.76666831970215,
      21.812881469726562,
      27.696752548217773,
      22.846229553222656,
      27.338947296142578,
      15.503339767456055,
      14.112408638000488,
      13.609950065612793,
      8.415336608886719
    ],
    [
      1.6075913906097412,
      6.083221912384033,
      13.196629524230957,
      15.473827362060547,
      35.2666015625,
      20.050859451293945,
      11.713486671447754,
      13.269978523254395,
      26.22829818725586,
      22.500755310058594,
      29.068838119506836,
      27.900476455688477,
      28.58558464050293,
      25.919221878051758,
      19.27402687072754,
      12.060504913330078,
      18.108280181884766,
      9.854207038879395
    ],
    [
      6.107259273529053,
      10.329635620117188,
      17.122516632080078,
      24.20652198791504,
      20.050859451293945,
      34.89406204223633,
      13.700027465820312,
      27.083234786987305,
      31.72640037536621,
      33.15026092529297,
      29.03082847595215,
      33.78571701049805,
      30.132585525512695,
      31.960554122924805,
      21.407894134521484,
      16.932207107543945,
      17.973346710205078,
      9.381410598754883
    ],
    [
      2.9770560264587402,
      5.632774353027344,
      5.497010231018066,
      9.16765022277832,
      11.713486671447754,
      13.700027465820312,
      69.74372863769531,
      33.248878479003906,
      38.2014274597168,
      20.479999542236328,
      21.203384399414062,
      16.336885452270508,
      23.088607788085938,
      18.63129234313965,
      20.175167083740234,
      13.410810470581055,
      14.392529487609863,
      7.0477495193481445
    ],
    [
      8.459178924560547,
      12.425694465637207,
      13.977960586547852,
      21.950971603393555,
      13.269978523254395,
      27.083234786987305,
      33.248878479003906,
      41.74674606323242,
      32.7799186706543,
      36.658512115478516,
      26.224279403686523,
      33.8366813659668,
      28.269142150878906,
      32.065208435058594,
      19.321645736694336,
      17.962650299072266,
      14.513493537902832,
      8.556137084960938
    ],
    [
      -0.9874433875083923,
      7.868934154510498,
      15.715347290039062,
      22.927051544189453,
      26.22829818725586,
      31.72640037536621,
      38.2014274597168,
      32.7799186706543,
      79.07306671142578,
      50.10195541381836,
      61.76041030883789,
      51.67033004760742,
      63.447811126708984,
      49.86282730102539,
      41.40064239501953,
      26.63982582092285,
      38.09519577026367,
      19.175790786743164
    ],
    [
      7.458553314208984,
      13.87527084350586,
      18.566190719604492,
      26.76666831970215,
      22.500755310058594,
      33.15026092529297,
      20.479999542236328,
      36.658512115478516,
      50.10195541381836,
      57.41987228393555,
      43.78839111328125,
      52.986572265625,
      45.39894485473633,
      48.62440872192383,
      28.94146728515625,
      25.575359344482422,
      25.393035888671875,
      14.593160629272461
    ],
    [
      -2.0126044750213623,
      6.571162223815918,
      15.737706184387207,
      21.812881469726562,
      29.068838119506836,
      29.03082847595215,
      21.203384399414062,
      26.224279403686523,
      61.76041030883789,
      43.78839111328125,
      71.96409606933594,
      55.65677261352539,
      69.88853454589844,
      52.414649963378906,
      42.66071701049805,
      25.988622665405273,
      37.477046966552734,
      18.656824111938477
    ],
    [
      8.302655220031738,
      15.846710205078125,
      21.19396209716797,
      27.696752548217773,
      27.900476455688477,
      33.78571701049805,
      16.336885452270508,
      33.8366813659668,
      51.67033004760742,
      52.986572265625,
      55.65677261352539,
      63.95361328125,
      55.79985046386719,
      57.277740478515625,
      35.37761306762695,
      28.70568084716797,
      29.516084671020508,
      16.656705856323242
    ],
    [
      -3.4164016246795654,
      5.276078224182129,
      14.482626914978027,
      22.846229553222656,
      28.58558464050293,
      30.132585525512695,
      23.088607788085938,
      28.269142150878906,
      63.447811126708984,
      45.39894485473633,
      69.88853454589844,
      55.79985046386719,
      79.45592498779297,
      58.4522590637207,
      46.34835433959961,
      27.476022720336914,
      39.57002639770508,
      19.66619300842285
    ],
    [
      5.488016128540039,
      18.640535354614258,
      20.538297653198242,
      27.338947296142578,
      25.919221878051758,
      31.960554122924805,
      18.63129234313965,
      32.065208435058594,
      49.86282730102539,
      48.62440872192383,
      52.414649963378906,
      57.277740478515625,
      58.4522590637207,
      69.95063781738281,
      46.66759490966797,
      34.492740631103516,
      36.35354995727539,
      20.901960372924805
    ],
    [
      -0.1640293300151825,
      9.906326293945312,
      12.550901412963867,
      15.503339767456055,
      19.27402687072754,
      21.407894134521484,
      20.175167083740234,
      19.321645736694336,
      41.40064239501953,
      28.94146728515625,
      42.66071701049805,
      35.37761306762695,
      46.34835433959961,
      46.66759490966797,
      49.494266510009766,
      28.820119857788086,
      36.849456787109375,
      18.412076950073242
    ],
    [
      5.411697864532471,
      11.756229400634766,
      12.221299171447754,
      14.112408638000488,
      12.060504913330078,
      16.932207107543945,
      13.410810470581055,
      17.962650299072266,
      26.63982582092285,
      25.575359344482422,
      25.988622665405273,
      28.70568084716797,
      27.476022720336914,
      34.492740631103516,
      28.820119857788086,
      23.88543701171875,
      21.19402313232422,
      12.86632251739502
    ],
    [
      -3.2929904460906982,
      5.222419261932373,
      8.598047256469727,
      13.609950065612793,
      18.108280181884766,
      17.973346710205078,
      14.392529487609863,
      14.513493537902832,
      38.09519577026367,
      25.393035888671875,
      37.477046966552734,
      29.516084671020508,
      39.57002639770508,
      36.35354995727539,
      36.849456787109375,
      21.19402313232422,
      36.10329055786133,
      18.040441513061523
    ],
    [
      -0.46573424339294434,
      4.325326919555664,
      5.678503513336182,
      8.415336608886719,
      9.854207038879395,
      9.381410598754883,
      7.0477495193481445,
      8.556137084960938,
      19.175790786743164,
      14.593160629272461,
      18.656824111938477,
      16.656705856323242,
      19.66619300842285,
      20.901960372924805,
      18.412076950073242,
      12.86632251739502,
      18.040441513061523,
      11.139351844787598
    ]
  ],
  "covariance_short": [
    [
      69.78580474853516,
      61.50740432739258,
      23.33021354675293,
      17.429790496826172,
      -0.13864514231681824,
      3.5029215812683105,
      1.7741652727127075,
      7.509150981903076,
      -4.632135391235352,
      3.9293930530548096,
      -4.543796062469482,
      2.2497589588165283,
      -7.23356294631958,
      -2.0682554244995117,
      -3.4334733486175537,
      0.8576438426971436,
      -4.67879581451416,
      -1.340612530708313
    ],
    [
      61.50740432739258,
      75.87590026855469,
      24.01441192626953,
      22.395614624023438,
      6.763129711151123,
      9.372481346130371,
      6.0911736488342285,
      12.422412872314453,
      1.0600860118865967,
      12.915348052978516,
      2.7720577716827393,
      26.066259384155273,
      0.27517494559288025,
      16.90972328186035,
      12.89765739440918,
      9.410257339477539,
      6.982785224914551,
      5.165599346160889
    ],
    [
      23.33021354675293,
      24.01441192626953,
      41.20305633544922,
      28.335773468017578,
      14.003390312194824,
      19.430755615234375,
      7.5511908531188965,
      17.36070442199707,
      10.690302848815918,
      20.299671173095703,
      11.174346923828125,
      18.186471939086914,
      8.891661643981934,
      13.127812385559082,
      8.857952117919922,
      7.515293598175049,
      3.963902473449707,
      2.4307000637054443
    ],
    [
      17.429790496826172,
      22.395614624023438,
      28.335773468017578,
      46.97068405151367,
      16.27242088317871,
      30.534326553344727,
      14.484111785888672,
      27.888744354248047,
      19.7053165435791,
      30.587007522583008,
      17.6262264251709,
      26.6397705078125,
      17.30815315246582,
      22.552486419677734,
      12.193779945373535,
      10.894227027893066,
      8.465962409973145,
      4.745485305786133
    ],
    [
      -0.13864514231681824,
      6.763129711151123,
      14.003390312194824,
      16.27242088317871,
      45.94648742675781,
      28.994857788085938,
      20.517169952392578,
      19.20981216430664,
      32.31266784667969,
      31.407960891723633,
      37.50202178955078,
      38.117431640625,
      35.997196197509766,
      31.647991180419922,
      24.96438980102539,
      12.750738143920898,
      20.492856979370117,
      8.872993469238281
    ],
    [
      3.5029215812683105,
      9.372481346130371,
      19.430755615234375,
      30.534326553344727,
      28.994857788085938,
      54.81881332397461,
      22.253538131713867,
      38.23772430419922,
      35.894630432128906,
      47.798606872558594,
      34.92124557495117,
      44.32442855834961,
      35.20743942260742,
      37.403717041015625,
      23.564376831054688,
      15.251821517944336,
      18.52086639404297,
      8.405305862426758
    ],
    [
      1.7741652727127075,
      6.0911736488342285,
      7.5511908531188965,
      14.484111785888672,
      20.517169952392578,
      22.253538131713867,
      85.58381652832031,
      50.963539123535156,
      52.47527313232422,
      39.4820556640625,
      36.23973846435547,
      32.86714553833008,
      37.107948303222656,
      28.95779800415039,
      25.660886764526367,
      13.948928833007812,
      19.176002502441406,
      8.812165260314941
    ],
    [
      7.509150981903076,
      12.422412872314453,
      17.36070442199707,
      27.888744354248047,
      19.20981216430664,
      38.23772430419922,
      50.963539123535156,
      63.61640167236328,
      41.60843276977539,
      51.70195007324219,
      31.241287231445312,
      42.2347297668457,
      33.04262924194336,
      36.582271575927734,
      22.635541915893555,
      16.593727111816406,
      15.35329532623291,
      7.8442583084106445
    ],
    [
      -4.632135391235352,
      1.0600860118865967,
      10.690302848815918,
      19.7053165435791,
      32.31266784667969,
      35.894630432128906,
      52.47527313232422,
      41.60843276977539,
      98.13677978515625,
      69.58878326416016,
      75.28765869140625,
      66.45079803466797,
      76.18944549560547,
      59.775569915771484,
      45.44034194946289,
      23.637313842773438,
      39.89345932006836,
      17.234779357910156
    ],
    [
      3.9293930530548096,
      12.915348052978516,
      20.299671173095703,
      30.587007522583008,
      31.407960891723633,
      47.798606872558594,
      39.4820556640625,
      51.70195007324219,
      69.58878326416016,
      85.21353912353516,
      58.686981201171875,
      74.06950378417969,
      59.957252502441406,
      64.20183563232422,
      40.07148742675781,
      27.06256866455078,
      32.58924865722656,
      15.98054027557373
    ],
    [
      -4.543796062469482,
      2.7720577716827393,
      11.174346923828125,
      17.6262264251709,
      37.50202178955078,
      34.92124557495117,
      36.23973846435547,
      31.241287231445312,
      75.28765869140625,
      58.686981201171875,
      94.00756072998047,
      75.78424072265625,
      87.14632415771484,
      65.61163330078125,
      51.64656448364258,
      24.82229995727539,
      41.7709846496582,
      17.523181915283203
    ],
    [
      2.2497589588165283,
      26.066259384155273,
      18.186471939086914,
      26.6397705078125,
      38.117431640625,
      44.32442855834961,
      32.86714553833008,
      42.2347297668457,
      66.45079803466797,
      74.06950378417969,
      75.78424072265625,
      101.03632354736328,
      74.25191497802734,
      83.79835510253906,
      57.70918655395508,
      35.46603775024414,
      43.48186111450195,
      21.98933982849121
    ],
    [
      -7.23356294631958,
      0.27517494559288025,
      8.891661643981934,
      17.30815315246582,
      35.997196197509766,
      35.20743942260742,
      37.107948303222656,
      33.04262924194336,
      76.18944549560547,
      59.957252502441406,
      87.14632415771484,
      74.25191497802734,
      100.86973571777344,
      72.9704818725586,
      56.74253845214844,
      26.874082565307617,
      44.3306999206543,
      18.734445571899414
    ],
    [
      -2.0682554244995117,
      16.90972328186035,
      13.127812385559082,
      22.552486419677734,
      31.647991180419922,
      37.403717041015625,
      28.95779800415039,
      36.582271575927734,
      59.775569915771484,
      64.20183563232422,
      65.61163330078125,
      83.79835510253906,
      72.9704818725586,
      83.97318267822266,
      52.527103424072266,
      35.34013748168945,
      39.157596588134766,
      21.399728775024414
    ],
    [
      -3.4334733486175537,
      12.89765739440918,
      8.857952117919922,
      12.193779945373535,
      24.96438980102539,
      23.564376831054688,
      25.660886764526367,
      22.635541915893555,
      45.44034194946289,
      40.07148742675781,
      51.64656448364258,
      57.70918655395508,
      56.74253845214844,
      52.527103424072266,
      55.7686882019043,
      27.266990661621094,
      39.238037109375,
      17.674196243286133
    ],
    [
      0.8576438426971436,
      9.410257339477539,
      7.515293598175049,
      10.894227027893066,
      12.750738143920898,
      15.251821517944336,
      13.948928833007812,
      16.593727111816406,
      23.637313842773438,
      27.06256866455078,
      24.82229995727539,
      35.46603775024414,
      26.874082565307617,
      35.34013748168945,
      27.266990661621094,
      23.557920455932617,
      19.255130767822266,
      13.093130111694336
    ],
    [
      -4.67879581451416,
      6.982785224914551,
      3.963902473449707,
      8.465962409973145,
      20.492856979370117,
      18.52086639404297,
      19.176002502441406,
      15.35329532623291,
      39.89345932006836,
      32.58924865722656,
      41.7709846496582,
      43.48186111450195,
      44.3306999206543,
      39.157596588134766,
      39.238037109375,
      19.255130767822266,
      38.02896499633789,
      16.546417236328125
    ],
    [
      -1.340612530708313,
      5.165599346160889,
      2.4307000637054443,
      4.745485305786133,
      8.872993469238281,
      8.405305862426758,
      8.812165260314941,
      7.8442583084106445,
      17.234779357910156,
      15.98054027557373,
      17.523181915283203,
      21.98933982849121,
      18.734445571899414,
      21.399728775024414,
      17.674196243286133,
      13.093130111694336,
      16.546417236328125,
      11.349729537963867
    ]
  ],
  "damage": -12.256362915039062,
  "diff_bandwidth": 734.7705688476562,
  "dissonance": 8.384495337734506,
  "drr": -1.7058777809143066,
  "dynamics": 4.766069412231445,
  "format": 1245190,
  "frames": 4179904,
  "loudness": -18.548120498657227,
  "loudness_range": 12.754921913146973,
  "loudness_range_short": 15.635042190551758,
  "lowpass_true_peak_15khz": 0.45339101552963257,
  "mastering3_acoustic_entropies": [
    {
      "acoustic_entropy": 11.249619483947754,
      "acoustic_entropy_mono": 10.961807250976562,
      "band_eliminated_acoustic_entropies": [
        {
          "acoustic_entropy": 11.116974830627441,
          "acoustic_entropy_side": 11.249089241027832,
          "hz": 129.47220167065723
        },
        {
          "acoustic_entropy": 10.599912643432617,
          "acoustic_entropy_side": 11.232061386108398,
          "hz": 202.92927478742237
        },
        {
          "acoustic_entropy": 10.320524215698242,
          "acoustic_entropy_side": 11.186685562133789,
          "hz": 282.89161906338205
        },
        {
          "acoustic_entropy": 10.91415023803711,
          "acoustic_entropy_side": 11.248575210571289,
          "hz": 369.9353335868758
        },
        {
          "acoustic_entropy": 10.952337265014648,
          "acoustic_entropy_side": 11.219606399536133,
          "hz": 464.6875360973435
        },
        {
          "acoustic_entropy": 10.488045692443848,
          "acoustic_entropy_side": 11.216764450073242,
          "hz": 567.8308811364784
        },
        {
          "acoustic_entropy": 10.168789863586426,
          "acoustic_entropy_side": 11.290671348571777,
          "hz": 680.1084783214808
        },
        {
          "acoustic_entropy": 10.857773780822754,
          "acoustic_entropy_side": 11.428840637207031,
          "hz": 802.3292461747484
        },
        {
          "acoustic_entropy": 10.0994291305542,
          "acoustic_entropy_side": 11.370490074157715,
          "hz": 935.3737400823702
        },
        {
          "acoustic_entropy": 11.26512622833252,
          "acoustic_entropy_side": 11.216425895690918,
          "hz": 1080.2004963696966
        },
        {
          "acoustic_entropy": 11.455560684204102,
          "acoustic_entropy_side": 11.317103385925293,
          "hz": 1237.8529382007157
        },
        {
          "acoustic_entropy": 11.132553100585938,
          "acoustic_entropy_side": 11.271235466003418,
          "hz": 1409.4668930556702
        },
        {
          "acoustic_entropy": 11.497868537902832,
          "acoustic_entropy_side": 11.278965950012207,
          "hz": 1596.2787759475705
        },
        {
          "acoustic_entropy": 11.163003921508789,
          "acoustic_entropy_side": 11.283203125,
          "hz": 1799.6344973346393
        },
        {
          "acoustic_entropy": 10.59980583190918,
          "acoustic_entropy_side": 11.26651382446289,
          "hz": 2020.9991599069049
        },
        {
          "acoustic_entropy": 11.39765739440918,
          "acoustic_entropy_side": 11.256632804870605,
          "hz": 2261.9676141086993
        },
        {
          "acoustic_entropy": 11.225811958312988,
          "acoustic_entropy_side": 11.250255584716797,
          "hz": 2524.2759484456974
        },
        {
          "acoustic_entropy": 11.308987617492676,
          "acoustic_entropy_side": 11.239068031311035,
          "hz": 2809.813997359896
        },
        {
          "acoustic_entropy": 11.122370719909668,
          "acoustic_entropy_side": 11.259970664978027,
          "hz": 3120.6389567871424
        },
        {
          "acoustic_entropy": 11.20348834991455,
          "acoustic_entropy_side": 11.276418685913086,
          "hz": 3458.990205492291
        },
        {
          "acoustic_entropy": 11.130279541015625,
          "acoustic_entropy_side": 11.265584945678711,
          "hz": 3827.305438964164
        },
        {
          "acoustic_entropy": 10.988042831420898,
          "acoustic_entropy_side": 11.255448341369629,
          "hz": 4228.238232109126
        },
        {
          "acoustic_entropy": 11.090582847595215,
          "acoustic_entropy_side": 11.262285232543945,
          "hz": 4664.6771572759235
        },
        {
          "acoustic_entropy": 11.014187812805176,
          "acoustic_entropy_side": 11.260683059692383,
          "hz": 5139.766595350093
        },
        {
          "acoustic_entropy": 11.373858451843262,
          "acoustic_entropy_side": 11.270130157470703,
          "hz": 5656.929389854203
        },
        {
          "acoustic_entropy": 11.419175148010254,
          "acoustic_entropy_side": 11.26776123046875,
          "hz": 6219.891507268283
        },
        {
          "acoustic_entropy": 11.280207633972168,
          "acoustic_entropy_side": 11.253406524658203,
          "hz": 6832.70888123896
        },
        {
          "acoustic_entropy": 11.25741958618164,
          "acoustic_entropy_side": 11.250019073486328,
          "hz": 7499.796634079867
        },
        {
          "acoustic_entropy": 11.258098602294922,
          "acoustic_entropy_side": 11.249778747558594,
          "hz": 8225.96088609342
        },
        {
          "acoustic_entropy": 11.252660751342773,
          "acoustic_entropy_side": 11.24999713897705,
          "hz": 9016.43338188839
        },
        {
          "acoustic_entropy": 11.25387954711914,
          "acoustic_entropy_side": 11.249788284301758,
          "hz": 9876.909183162974
        },
        {
          "acoustic_entropy": 11.255691528320312,
          "acoustic_entropy_side": 11.24974250793457,
          "hz": 10813.587699516042
        },
        {
          "acoustic_entropy": 11.255313873291016,
          "acoustic_entropy_side": 11.249775886535645,
          "hz": 11833.21735289826
        },
        {
          "acoustic_entropy": 11.25359058380127,
          "acoustic_entropy_side": 11.249624252319336,
          "hz": 12943.144197493959
        },
        {
          "acoustic_entropy": 11.25389289855957,
          "acoustic_entropy_side": 11.249618530273438,
          "hz": 14151.364845322005
        },
        {
          "acoustic_entropy": 11.249886512756348,
          "acoustic_entropy_side": 11.24962043762207,
          "hz": 15466.58407886509
        },
        {
          "acoustic_entropy": 11.249689102172852,
          "acoustic_entropy_side": 11.249626159667969,
          "hz": 16898.27756580493
        },
        {
          "acoustic_entropy": 11.249645233154297,
          "acoustic_entropy_side": 11.249622344970703,
          "hz": 18456.760127700032
        },
        {
          "acoustic_entropy": 11.249622344970703,
          "acoustic_entropy_side": 11.249619483947754,
          "hz": 20153.260054456492
        },
        {
          "acoustic_entropy": 11.249619483947754,
          "acoustic_entropy_side": 11.249619483947754,
          "hz": 22000.00000000001
        }
      ],
      "diff_acoustic_entropy": 6.0731940269470215,
      "sn": 6
    },
    {
      "acoustic_entropy": 15.90207290649414,
      "acoustic_entropy_mono": 14.780184745788574,
      "band_eliminated_acoustic_entropies": [
        {
          "acoustic_entropy": 15.754775047302246,
          "acoustic_entropy_side": 15.902498245239258,
          "hz": 129.47220167065723
        },
        {
          "acoustic_entropy": 15.596466064453125,
          "acoustic_entropy_side": 15.889534950256348,
          "hz": 202.92927478742237
        },
        {
          "acoustic_entropy": 15.922207832336426,
          "acoustic_entropy_side": 15.877228736877441,
          "hz": 282.89161906338205
        },
        {
          "acoustic_entropy": 15.512389183044434,
          "acoustic_entropy_side": 15.846273422241211,
          "hz": 369.9353335868758
        },
        {
          "acoustic_entropy": 15.11190128326416,
          "acoustic_entropy_side": 15.528617858886719,
          "hz": 464.6875360973435
        },
        {
          "acoustic_entropy": 14.530686378479004,
          "acoustic_entropy_side": 15.928478240966797,
          "hz": 567.8308811364784
        },
        {
          "acoustic_entropy": 14.278836250305176,
          "acoustic_entropy_side": 15.573206901550293,
          "hz": 680.1084783214808
        },
        {
          "acoustic_entropy": 15.381051063537598,
          "acoustic_entropy_side": 15.906427383422852,
          "hz": 802.3292461747484
        },
        {
          "acoustic_entropy": 14.755922317504883,
          "acoustic_entropy_side": 15.910811424255371,
          "hz": 935.3737400823702
        },
        {
          "acoustic_entropy": 16.064868927001953,
          "acoustic_entropy_side": 15.924735069274902,
          "hz": 1080.2004963696966
        },
        {
          "acoustic_entropy": 16.16142463684082,
          "acoustic_entropy_side": 16.032068252563477,
          "hz": 1237.8529382007157
        },
        {
          "acoustic_entropy": 15.546414375305176,
          "acoustic_entropy_side": 15.880514144897461,
          "hz": 1409.4668930556702
        },
        {
          "acoustic_entropy": 16.16237449645996,
          "acoustic_entropy_side": 15.90252685546875,
          "hz": 1596.2787759475705
        },
        {
          "acoustic_entropy": 16.112295150756836,
          "acoustic_entropy_side": 15.895163536071777,
          "hz": 1799.6344973346393
        },
        {
          "acoustic_entropy": 15.805935859680176,
          "acoustic_entropy_side": 15.951034545898438,
          "hz": 2020.9991599069049
        },
        {
          "acoustic_entropy": 16.15018653869629,
          "acoustic_entropy_side": 15.972221374511719,
          "hz": 2261.9676141086993
        },
        {
          "acoustic_entropy": 16.3004207611084,
          "acoustic_entropy_side": 15.883152961730957,
          "hz": 2524.2759484456974
        },
        {
          "acoustic_entropy": 15.864860534667969,
          "acoustic_entropy_side": 15.896276473999023,
          "hz": 2809.813997359896
        },
        {
          "acoustic_entropy": 15.97309684753418,
          "acoustic_entropy_side": 15.863109588623047,
          "hz": 3120.6389567871424
        },
        {
          "acoustic_entropy": 16.039352416992188,
          "acoustic_entropy_side": 15.924532890319824,
          "hz": 3458.990205492291
        },
        {
          "acoustic_entropy": 15.938693046569824,
          "acoustic_entropy_side": 15.882862091064453,
          "hz": 3827.305438964164
        },
        {
          "acoustic_entropy": 15.827260971069336,
          "acoustic_entropy_side": 15.854443550109863,
          "hz": 4228.238232109126
        },
        {
          "acoustic_entropy": 15.961006164550781,
          "acoustic_entropy_side": 15.967470169067383,
          "hz": 4664.6771572759235
        },
        {
          "acoustic_entropy": 15.714478492736816,
          "acoustic_entropy_side": 15.940716743469238,
          "hz": 5139.766595350093
        },
        {
          "acoustic_entropy": 15.892144203186035,
          "acoustic_entropy_side": 15.91096019744873,
          "hz": 5656.929389854203
        },
        {
          "acoustic_entropy": 15.99131965637207,
          "acoustic_entropy_side": 15.937959671020508,
          "hz": 6219.891507268283
        },
        {
          "acoustic_entropy": 15.882080078125,
          "acoustic_entropy_side": 15.879931449890137,
          "hz": 6832.70888123896
        },
        {
          "acoustic_entropy": 15.787389755249023,
          "acoustic_entropy_side": 15.862264633178711,
          "hz": 7499.796634079867
        },
        {
          "acoustic_entropy": 15.768089294433594,
          "acoustic_entropy_side": 15.872190475463867,
          "hz": 8225.96088609342
        },
        {
          "acoustic_entropy": 15.850554466247559,
          "acoustic_entropy_side": 15.883689880371094,
          "hz": 9016.43338188839
        },
        {
          "acoustic_entropy": 15.898715019226074,
          "acoustic_entropy_side": 15.89670181274414,
          "hz": 9876.909183162974
        },
        {
          "acoustic_entropy": 15.918006896972656,
          "acoustic_entropy_side": 15.90131664276123,
          "hz": 10813.587699516042
        },
        {
          "acoustic_entropy": 15.91445541381836,
          "acoustic_entropy_side": 15.902080535888672,
          "hz": 11833.21735289826
        },
        {
          "acoustic_entropy": 15.876091957092285,
          "acoustic_entropy_side": 15.899580001831055,
          "hz": 12943.144197493959
        },
        {
          "acoustic_entropy": 15.849175453186035,
          "acoustic_entropy_side": 15.901503562927246,
          "hz": 14151.364845322005
        },
        {
          "acoustic_entropy": 15.914837837219238,
          "acoustic_entropy_side": 15.902521133422852,
          "hz": 15466.58407886509
        },
        {
          "acoustic_entropy": 15.910922050476074,
          "acoustic_entropy_side": 15.902393341064453,
          "hz": 16898.27756580493
        },
        {
          "acoustic_entropy": 15.902334213256836,
          "acoustic_entropy_side": 15.902069091796875,
          "hz": 18456.760127700032
        },
        {
          "acoustic_entropy": 15.902081489562988,
          "acoustic_entropy_side": 15.902074813842773,
          "hz": 20153.260054456492
        },
        {
          "acoustic_entropy": 15.90207290649414,
          "acoustic_entropy_side": 15.90207290649414,
          "hz": 22000.00000000001
        }
      ],
      "diff_acoustic_entropy": 10.426774024963379,
      "sn": 12
    },
    {
      "acoustic_entropy": 21.857011795043945,
      "acoustic_entropy_mono": 20.523481369018555,
      "band_eliminated_acoustic_entropies": [
        {
          "acoustic_entropy": 22.248756408691406,
          "acoustic_entropy_side": 21.919984817504883,
          "hz": 129.47220167065723
        },
        {
          "acoustic_entropy": 22.378681182861328,
          "acoustic_entropy_side": 22.114625930786133,
          "hz": 202.92927478742237
        },
        {
          "acoustic_entropy": 21.933486938476562,
          "acoustic_entropy_side": 21.90148162841797,
          "hz": 282.89161906338205
        },
        {
          "acoustic_entropy": 22.146238327026367,
          "acoustic_entropy_side": 22.648052215576172,
          "hz": 369.9353335868758
        },
        {
          "acoustic_entropy": 22.71432113647461,
          "acoustic_entropy_side": 21.844812393188477,
          "hz": 464.6875360973435
        },
        {
          "acoustic_entropy": 20.510446548461914,
          "acoustic_entropy_side": 22.28778648376465,
          "hz": 567.8308811364784
        },
        {
          "acoustic_entropy": 21.96240997314453,
          "acoustic_entropy_side": 22.652233123779297,
          "hz": 680.1084783214808
        },
        {
          "acoustic_entropy": 22.506017684936523,
          "acoustic_entropy_side": 22.498455047607422,
          "hz": 802.3292461747484
        },
        {
          "acoustic_entropy": 21.413284301757812,
          "acoustic_entropy_side": 22.33548355102539,
          "hz": 935.3737400823702
        },
        {
          "acoustic_entropy": 22.189821243286133,
          "acoustic_entropy_side": 22.559368133544922,
          "hz": 1080.2004963696966
        },
        {
          "acoustic_entropy": 21.60262107849121,
          "acoustic_entropy_side": 22.180198669433594,
          "hz": 1237.8529382007157
        },
        {
          "acoustic_entropy": 21.826766967773438,
          "acoustic_entropy_side": 21.808237075805664,
          "hz": 1409.4668930556702
        },
        {
          "acoustic_entropy": 22.713760375976562,
          "acoustic_entropy_side": 21.896770477294922,
          "hz": 1596.2787759475705
        },
        {
          "acoustic_entropy": 21.196495056152344,
          "acoustic_entropy_side": 21.861448287963867,
          "hz": 1799.6344973346393
        },
        {
          "acoustic_entropy": 22.048032760620117,
          "acoustic_entropy_side": 21.574480056762695,
          "hz": 2020.9991599069049
        },
        {
          "acoustic_entropy": 21.998289108276367,
          "acoustic_entropy_side": 22.252599716186523,
          "hz": 2261.9676141086993
        },
        {
          "acoustic_entropy": 21.5100154876709,
          "acoustic_entropy_side": 22.10083770751953,
          "hz": 2524.2759484456974
        },
        {
          "acoustic_entropy": 22.168212890625,
          "acoustic_entropy_side": 22.509714126586914,
          "hz": 2809.813997359896
        },
        {
