{
  "acoustic_entropy": 207.81105041503906,
  "bands": [
    {
      "high_freq": 148.1999969482422,
      "loudness": -53.619834899902344,
      "loudness_range": 36.34663772583008,
      "mid_mean": -57.77488708496094,
      "mid_to_side_loudness": -8.270025253295898,
      "mid_to_side_loudness_range": 7.44969367980957,
      "side_mean": -62.365116119384766
    },
    {
      "high_freq": 392.3793640136719,
      "loudness": -44.07237243652344,
      "loudness_range": 26.65824317932129,
      "low_freq": 148.1999969482422,
      "mid_mean": -43.17033767700195,
      "mid_to_side_loudness": -7.211141586303711,
      "mid_to_side_loudness_range": 10.077991485595703,
      "side_mean": -53.57986831665039
    },
    {
      "high_freq": 794.6976318359375,
      "loudness": -40.206504821777344,
      "loudness_range": 27.094911575317383,
      "low_freq": 392.3793640136719,
      "mid_mean": -38.065128326416016,
      "mid_to_side_loudness": -7.044073581695557,
      "mid_to_side_loudness_range": 9.266952514648438,
      "side_mean": -45.95796203613281
    },
    {
      "high_freq": 1457.5709228515625,
      "loudness": -43.32199478149414,
      "loudness_range": 27.267065048217773,
      "low_freq": 794.6976318359375,
      "mid_mean": -41.204681396484375,
      "mid_to_side_loudness": -7.690672397613525,
      "mid_to_side_loudness_range": 8.387939453125,
      "side_mean": -51.06575393676758
    },
    {
      "high_freq": 2549.74365234375,
      "loudness": -45.64912033081055,
      "loudness_range": 28.718505859375,
      "low_freq": 1457.5709228515625,
      "mid_mean": -43.699974060058594,
      "mid_to_side_loudness": -8.015273094177246,
      "mid_to_side_loudness_range": 7.217465400695801,
      "side_mean": -53.328182220458984
    },
    {
      "high_freq": 4349.24462890625,
      "loudness": -48.49996566772461,
      "loudness_range": 29.401031494140625,
      "low_freq": 2549.74365234375,
      "mid_mean": -48.81013870239258,
      "mid_to_side_loudness": -8.327597618103027,
      "mid_to_side_loudness_range": 6.602269172668457,
      "side_mean": -56.548824310302734
    },
    {
      "high_freq": 7314.1640625,
      "loudness": -54.26796340942383,
      "loudness_range": 29.786975860595703,
      "low_freq": 4349.24462890625,
      "mid_mean": -55.11932373046875,
      "mid_to_side_loudness": -8.483390808105469,
      "mid_to_side_loudness_range": 6.929039001464844,
      "side_mean": -61.285667419433594
    },
    {
      "high_freq": 12199.2666015625,
      "loudness": -58.66370391845703,
      "loudness_range": 28.998291015625,
      "low_freq": 7314.1640625,
      "mid_mean": -58.55884552001953,
      "mid_to_side_loudness": -8.360875129699707,
      "mid_to_side_loudness_range": 6.369892120361328,
      "side_mean": -63.97492218017578
    },
    {
      "loudness": -62.23553466796875,
      "loudness_range": 29.42589569091797,
      "low_freq": 12199.2666015625,
      "mid_mean": -60.7150764465332,
      "mid_to_side_loudness": -8.530807495117188,
      "mid_to_side_loudness_range": 6.015773296356201,
      "side_mean": -65.6620864868164
    }
  ],
  "bands_short": [
    {
      "high_freq": 148.1999969482422,
      "loudness": -59.110774993896484,
      "loudness_range": 37.40775680541992,
      "mid_mean": -60.45133972167969,
      "mid_to_side_loudness": -8.487211227416992,
      "mid_to_side_loudness_range": 13.14208984375,
      "side_mean": -64.55965423583984
    },
    {
      "high_freq": 392.3793640136719,
      "loudness": -45.236507415771484,
      "loudness_range": 28.77471351623535,
      "low_freq": 148.1999969482422,
      "mid_mean": -46.114990234375,
      "mid_to_side_loudness": -6.862887859344482,
      "mid_to_side_loudness_range": 12.84640884399414,
      "side_mean": -54.358028411865234
    },
    {
      "high_freq": 794.6976318359375,
      "loudness": -40.06816482543945,
      "loudness_range": 27.32686424255371,
      "low_freq": 392.3793640136719,
      "mid_mean": -38.28207778930664,
      "mid_to_side_loudness": -7.077084064483643,
      "mid_to_side_loudness_range": 12.474383354187012,
      "side_mean": -46.83726119995117
    },
    {
      "high_freq": 1457.5709228515625,
      "loudness": -43.424827575683594,
      "loudness_range": 27.891704559326172,
      "low_freq": 794.6976318359375,
      "mid_mean": -41.551822662353516,
      "mid_to_side_loudness": -7.543671131134033,
      "mid_to_side_loudness_range": 11.561763763427734,
      "side_mean": -51.26265335083008
    },
    {
      "high_freq": 2549.74365234375,
      "loudness": -46.25328063964844,
      "loudness_range": 29.567890167236328,
      "low_freq": 1457.5709228515625,
      "mid_mean": -44.469886779785156,
      "mid_to_side_loudness": -7.803946018218994,
      "mid_to_side_loudness_range": 10.006048202514648,
      "side_mean": -53.80940628051758
    },
    {
      "high_freq": 4349.24462890625,
      "loudness": -48.81002426147461,
      "loudness_range": 30.027019500732422,
      "low_freq": 2549.74365234375,
      "mid_mean": -50.31174087524414,
      "mid_to_side_loudness": -8.092090606689453,
      "mid_to_side_loudness_range": 8.907049179077148,
      "side_mean": -56.8277473449707
    },
    {
      "high_freq": 7314.1640625,
      "loudness": -54.85620880126953,
      "loudness_range": 30.423519134521484,
      "low_freq": 4349.24462890625,
      "mid_mean": -55.757484436035156,
      "mid_to_side_loudness": -8.226851463317871,
      "mid_to_side_loudness_range": 8.454957962036133,
      "side_mean": -61.626670837402344
    },
    {
      "high_freq": 12199.2666015625,
      "loudness": -59.45783615112305,
      "loudness_range": 29.155105590820312,
      "low_freq": 7314.1640625,
      "mid_mean": -59.272159576416016,
      "mid_to_side_loudness": -8.159854888916016,
      "mid_to_side_loudness_range": 7.149353981018066,
      "side_mean": -64.39595031738281
    },
    {
      "loudness": -63.399940490722656,
      "loudness_range": 29.25743865966797,
      "low_freq": 12199.2666015625,
      "mid_mean": -61.46480941772461,
      "mid_to_side_loudness": -8.379158020019531,
      "mid_to_side_loudness_range": 6.580486297607422,
      "side_mean": -66.09892272949219
    }
  ],
  "bandwidth": 785.6099853515625,
  "channels": 2,
  "covariance": [
    [
      155.83248901367188,
      119.28953552246094,
      62.83318328857422,
      80.30189514160156,
      -2.8707215785980225,
      -3.0540971755981445,
      5.562044143676758,
      12.958342552185059,
      23.90125274658203,
      20.911962509155273,
      19.723554611206055,
      20.457460403442383,
      18.538969039916992,
      14.207039833068848,
      16.540771484375,
      11.972993850708008,
      19.031320571899414,
      12.202807426452637
    ],
    [
      119.28953552246094,
      96.5726318359375,
      48.08664321899414,
      59.011497497558594,
      -1.0196444988250732,
      -1.0472246408462524,
      4.373375415802002,
      9.66171646118164,
      17.314138412475586,
      15.13148021697998,
      14.500288963317871,
      14.639243125915527,
      12.68830394744873,
      9.89001178741455,
      11.630091667175293,
      8.383975982666016,
      13.494344711303711,
      8.599162101745605
    ],
    [
      62.83318328857422,
      48.08664321899414,
      121.51582336425781,
      101.54088592529297,
      35.986595153808594,
      40.0073356628418,
      31.774837493896484,
      41.20580291748047,
      38.58753204345703,
      42.53105163574219,
      41.3875617980957,
      36.970794677734375,
      37.144954681396484,
      25.85422706604004,
      32.21652603149414,
      20.480886459350586,
      31.24942970275879,
      17.772592544555664
    ],
    [
      80.30189514160156,
      59.011497497558594,
      101.54088592529297,
      134.89451599121094,
      33.56732177734375,
      38.145179748535156,
      36.914424896240234,
      59.564064025878906,
      56.74993133544922,
      64.05126953125,
      62.02043151855469,
      57.14637756347656,
      57.27668380737305,
      39.945274353027344,
      49.07905960083008,
      31.44906997680664,
      45.669960021972656,
      25.70208168029785
    ],
    [
      -2.8707215785980225,
      -1.0196444988250732,
      35.986595153808594,
      33.56732177734375,
      98.32870483398438,
      87.19529724121094,
      60.0644645690918,
      65.6095199584961,
      56.84477996826172,
      57.705055236816406,
      60.02828598022461,
      50.35140609741211,
      54.61458969116211,
      39.49972915649414,
      46.92433166503906,
      31.010631561279297,
      42.52303695678711,
      24.313919067382812
    ],
    [
      -3.0540971755981445,
      -1.0472246408462524,
      40.0073356628418,
      38.145179748535156,
      87.19529724121094,
      99.45311737060547,
      62.36912536621094,
      73.4041748046875,
      59.27088165283203,
      63.601654052734375,
      62.97221374511719,
      54.41816711425781,
      58.1851692199707,
      41.816993713378906,
      49.62199401855469,
      32.20164108276367,
      44.24165725708008,
      24.776506423950195
    ],
    [
      5.562044143676758,
      4.373375415802002,
      31.774837493896484,
      36.914424896240234,
      60.0644645690918,
      62.36912536621094,
      99.52567291259766,
      87.66458129882812,
      76.79667663574219,
      77.68434143066406,
      89.98014068603516,
      75.90422821044922,
      78.48456573486328,
      56.86377716064453,
      65.86553192138672,
      43.05778884887695,
      58.650718688964844,
      32.99109649658203
    ],
    [
      12.958342552185059,
      9.66171646118164,
      41.20580291748047,
      59.564064025878906,
      65.6095199584961,
      73.4041748046875,
      87.66458129882812,
      117.4738540649414,
      82.27959442138672,
      98.78120422363281,
      97.21985626220703,
      87.93115997314453,
      90.88842010498047,
      63.4207763671875,
      75.72504425048828,
      47.831092834472656,
      65.8834228515625,
      36.09815216064453
    ],
    [
      23.90125274658203,
      17.314138412475586,
      38.58753204345703,
      56.74993133544922,
      56.84477996826172,
      59.27088165283203,
      76.79667663574219,
      82.27959442138672,
      117.32813262939453,
      102.11833190917969,
      113.67620086669922,
      95.88069152832031,
      101.03295135498047,
      74.62056732177734,
      87.19427490234375,
      58.637489318847656,
      76.6751937866211,
      44.767601013183594
    ],
    [
      20.911962509155273,
      15.13148021697998,
      42.53105163574219,
      64.05126953125,
      57.705055236816406,
      63.601654052734375,
      77.68434143066406,
      98.78120422363281,
      102.11833190917969,
      115.34453582763672,
      116.95773315429688,
      102.62254333496094,
      108.22803497314453,
      76.59991455078125,
      90.89385986328125,
      58.69816970825195,
      77.57315826416016,
      44.07303237915039
    ],
    [
      19.723554611206055,
      14.500288963317871,
      41.3875617980957,
      62.02043151855469,
      60.02828598022461,
      62.97221374511719,
      89.98014068603516,
      97.21985626220703,
      113.67620086669922,
      116.95773315429688,
      156.52206420898438,
      127.1786117553711,
      132.53753662109375,
      95.0513687133789,
      111.29584503173828,
      72.49414825439453,
      95.81884765625,
      54.91552734375
    ],
    [
      20.457460403442383,
      14.639243125915527,
      36.970794677734375,
      57.14637756347656,
      50.35140609741211,
      54.41816711425781,
      75.90422821044922,
      87.93115997314453,
      95.88069152832031,
      102.62254333496094,
      127.1786117553711,
      111.38168334960938,
      114.72872161865234,
      83.05474853515625,
      96.36106872558594,
      63.32784652709961,
      82.9365234375,
      48.02220153808594
    ],
    [
      18.538969039916992,
      12.68830394744873,
      37.144954681396484,
      57.27668380737305,
      54.61458969116211,
      58.1851692199707,
      78.48456573486328,
      90.88842010498047,
      101.03295135498047,
      108.22803497314453,
      132.53753662109375,
      114.72872161865234,
      132.18344116210938,
      94.6922836303711,
      111.33277130126953,
      73.16410827636719,
      95.78386688232422,
      55.968727111816406
    ],
    [
      14.207039833068848,
      9.89001178741455,
      25.85422706604004,
      39.945274353027344,
      39.49972915649414,
      41.816993713378906,
      56.86377716064453,
      63.4207763671875,
      74.62056732177734,
      76.59991455078125,
      95.0513687133789,
      83.05474853515625,
      94.6922836303711,
      71.40963745117188,
      81.86408233642578,
      56.05982208251953,
      71.08381652832031,
      43.38320541381836
    ],
    [
      16.540771484375,
      11.630091667175293,
      32.21652603149414,
      49.07905960083008,
      46.92433166503906,
      49.62199401855469,
      65.86553192138672,
      75.72504425048828,
      87.19427490234375,
      90.89385986328125,
      111.29584503173828,
      96.36106872558594,
      111.33277130126953,
      81.86408233642578,
      101.0433578491211,
      67.84584045410156,
      87.3057632446289,
      52.457454681396484
    ],
    [
      11.972993850708008,
      8.383975982666016,
      20.480886459350586,
      31.44906997680664,
      31.010631561279297,
      32.20164108276367,
      43.05778884887695,
      47.831092834472656,
      58.637489318847656,
      58.69816970825195,
      72.49414825439453,
      63.32784652709961,
      73.16410827636719,
      56.05982208251953,
      67.84584045410156,
      48.38976287841797,
      59.677371978759766,
      38.104312896728516
    ],
    [
      19.031320571899414,
      13.494344711303711,
      31.24942970275879,
      45.669960021972656,
      42.52303695678711,
      44.24165725708008,
      58.650718688964844,
      65.8834228515625,
      76.6751937866211,
      77.57315826416016,
      95.81884765625,
      82.9365234375,
      95.78386688232422,
      71.08381652832031,
      87.3057632446289,
      59.677371978759766,
      79.96162414550781,
      48.74836349487305
    ],
    [
      12.202807426452637,
      8.599162101745605,
      17.772592544555664,
      25.70208168029785,
      24.313919067382812,
      24.776506423950195,
      32.99109649658203,
      36.09815216064453,
      44.767601013183594,
      44.07303237915039,
      54.91552734375,
      48.02220153808594,
      55.968727111816406,
      43.38320541381836,
      52.457454681396484,
      38.104312896728516,
      48.74836349487305,
      32.39790725708008
    ]
  ],
  "covariance_short": [
    [
      122.91488647460938,
      85.61640167236328,
      75.9830093383789,
      74.24090576171875,
      -1.9645981788635254,
      2.4865760803222656,
      3.030508279800415,
      9.988351821899414,
      17.904233932495117,
      15.40283203125,
      16.72415542602539,
      14.55041790008545,
      11.951887130737305,
      9.45164680480957,
      9.36499309539795,
      7.077050685882568,
      11.173450469970703,
      7.115314960479736
    ],
    [
      85.61640167236328,
      67.38151550292969,
      54.23054122924805,
      52.19774627685547,
      -0.8298056721687317,
      2.8795013427734375,
      1.8189617395401,
      6.60975456237793,
      11.725101470947266,
      9.812841415405273,
      10.144686698913574,
      9.061728477478027,
      6.850569725036621,
      5.628201007843018,
      5.387065887451172,
      4.127893924713135,
      6.815286159515381,
      4.3414387702941895
    ],
    [
      75.9830093383789,
      54.23054122924805,
      156.78598022460938,
      126.49060821533203,
      30.869932174682617,
      42.230377197265625,
      29.277339935302734,
      38.98941421508789,
      42.96534729003906,
      43.89547348022461,
      49.67205047607422,
      39.58834457397461,
      37.86286544799805,
      26.406824111938477,
      31.44363021850586,
      19.707656860351562,
      29.84738540649414,
      16.393770217895508
    ],
    [
      74.24090576171875,
      52.19774627685547,
      126.49060821533203,
      136.66848754882812,
      28.467796325683594,
      40.894081115722656,
      31.464147567749023,
      52.4510612487793,
      51.579139709472656,
      57.07420349121094,
      62.031673431396484,
      50.08027267456055,
      47.5722770690918,
      33.57265853881836,
      39.59406661987305,
      25.22869300842285,
      36.24900817871094,
      19.86610221862793
    ],
    [
      -1.9645981788635254,
      -0.8298056721687317,
      30.869932174682617,
      28.467796325683594,
      106.23799133300781,
      90.50204467773438,
      62.00223922729492,
      65.39981842041016,
      57.59121322631836,
      57.48467254638672,
      61.43693923950195,
      48.7944450378418,
      53.117984771728516,
      37.47028732299805,
      45.04383087158203,
      28.768983840942383,
      39.87489700317383,
      21.84682846069336
    ],
    [
      2.4865760803222656,
      2.8795013427734375,
      42.230377197265625,
      40.894081115722656,
      90.50204467773438,
      114.78242492675781,
      65.4293212890625,
      75.03058624267578,
      62.327579498291016,
      66.335693359375,
      69.13899230957031,
      55.65089416503906,
      57.99338150024414,
      41.322994232177734,
      48.77756118774414,
      31.38486671447754,
      43.09047317504883,
      23.581809997558594
    ],
    [
      3.030508279800415,
      1.8189617395401,
      29.277339935302734,
      31.464147567749023,
      62.00223922729492,
      65.4293212890625,
      104.25704956054688,
      88.50469207763672,
      77.92376708984375,
      78.27442169189453,
      92.81698608398438,
      75.8234634399414,
      78.18472290039062,
      55.92858123779297,
      64.8335952758789,
      41.57604217529297,
      56.97722625732422,
      31.167112350463867
    ],
    [
      9.988351821899414,
      6.60975456237793,
      38.98941421508789,
      52.4510612487793,
      65.39981842041016,
      75.03058624267578,
      88.50469207763672,
      119.91153717041016,
      82.49711608886719,
      98.05066680908203,
      109.31615447998047,
      86.95779418945312,
      88.95075988769531,
      61.8326301574707,
      73.04613494873047,
      45.549476623535156,
      62.64801788330078,
      33.51945114135742
    ],
    [
      17.904233932495117,
      11.725101470947266,
      42.96534729003906,
      51.579139709472656,
      57.59121322631836,
      62.327579498291016,
      77.92376708984375,
      82.49711608886719,
      122.59564208984375,
      103.38309478759766,
      115.57469940185547,
      96.31815338134766,
      101.74784088134766,
      74.44051361083984,
      86.6092300415039,
      57.359344482421875,
      74.82862091064453,
      42.70893096923828
    ],
    [
      15.40283203125,
      9.812841415405273,
      43.89547348022461,
      57.07420349121094,
      57.48467254638672,
      66.335693359375,
      78.27442169189453,
      98.05066680908203,
      103.38309478759766,
      116.50920104980469,
      126.65430450439453,
      101.7900619506836,
      106.24921417236328,
      75.03317260742188,
      87.82721710205078,
      56.12246322631836,
      73.6158218383789,
      40.99595642089844
    ],
    [
      16.72415542602539,
      10.144686698913574,
      49.67205047607422,
      62.031673431396484,
      61.43693923950195,
      69.13899230957031,
      92.81698608398438,
      109.31615447998047,
      115.57469940185547,
      126.65430450439453,
      171.00279235839844,
      134.143798828125,
      139.37713623046875,
      97.71338653564453,
      114.31675720214844,
      72.38523864746094,
      95.85692596435547,
      53.024600982666016
    ],
    [
      14.55041790008545,
      9.061728477478027,
      39.58834457397461,
      50.08027267456055,
      48.7944450378418,
      55.65089416503906,
      75.8234634399414,
      86.95779418945312,
      96.31815338134766,
      101.7900619506836,
      134.143798828125,
      112.16570281982422,
      112.89736938476562,
      81.47044372558594,
      93.40602111816406,
      60.767974853515625,
      78.92076873779297,
      44.77299880981445
    ],
    [
      11.951887130737305,
      6.850569725036621,
      37.86286544799805,
      47.5722770690918,
      53.117984771728516,
      57.99338150024414,
      78.18472290039062,
      88.95075988769531,
      101.74784088134766,
      106.24921417236328,
      139.37713623046875,
      112.89736938476562,
      131.34564208984375,
      92.93724822998047,
      108.16012573242188,
      70.37100219726562,
      91.5351333618164,
      52.426048278808594
    ],
    [
      9.45164680480957,
      5.628201007843018,
      26.406824111938477,
      33.57265853881836,
      37.47028732299805,
      41.322994232177734,
      55.92858123779297,
      61.8326301574707,
      74.44051361083984,
      75.03317260742188,
      97.71338653564453,
      81.47044372558594,
      92.93724822998047,
      70.55248260498047,
      79.07685089111328,
      53.6654052734375,
      67.4545669555664,
      40.38707733154297
    ],
    [
      9.36499309539795,
      5.387065887451172,
      31.44363021850586,
      39.59406661987305,
      45.04383087158203,
      48.77756118774414,
      64.8335952758789,
      73.04613494873047,
      86.6092300415039,
      87.82721710205078,
      114.31675720214844,
      93.40602111816406,
      108.16012573242188,
      79.07685089111328,
      97.66744232177734,
      64.61752319335938,
      82.32780456542969,
      48.40718460083008
    ],
    [
      7.077050685882568,
      4.127893924713135,
      19.707656860351562,
      25.22869300842285,
      28.768983840942383,
      31.38486671447754,
      41.57604217529297,
      45.549476623535156,
      57.359344482421875,
      56.12246322631836,
      72.38523864746094,
      60.767974853515625,
      70.37100219726562,
      53.6654052734375,
      64.61752319335938,
      46.01122283935547,
      55.639190673828125,
      34.85756301879883
    ],
    [
      11.173450469970703,
      6.815286159515381,
      29.84738540649414,
      36.24900817871094,
      39.87489700317383,
      43.09047317504883,
      56.97722625732422,
      62.64801788330078,
      74.82862091064453,
      73.6158218383789,
      95.85692596435547,
      78.92076873779297,
      91.5351333618164,
      67.4545669555664,
      82.32780456542969,
      55.639190673828125,
      74.90536499023438,
      44.54460906982422
    ],
    [
      7.115314960479736,
      4.3414387702941895,
      16.393770217895508,
      19.86610221862793,
      21.84682846069336,
      23.581809997558594,
      31.167112350463867,
      33.51945114135742,
      42.70893096923828,
      40.99595642089844,
      53.024600982666016,
      44.77299880981445,
      52.426048278808594,
      40.38707733154297,
      48.40718460083008,
      34.85756301879883,
      44.54460906982422,
      29.305322647094727
    ]
  ],
  "damage": -21.165353775024414,
  "diff_bandwidth": 823.0823364257812,
  "dissonance": 6.41405985585482,
  "drr": 10.551214218139648,
  "dynamics": 6.3134846687316895,
  "format": 1245190,
  "frames": 43219904,
  "loudness": -29.6823787689209,
  "loudness_range": 23.738624572753906,
  "loudness_range_short": 25.132017135620117,
  "lowpass_true_peak_15khz": -1.3580185174942017,
  "mastering3_acoustic_entropies": [
    {
      "acoustic_entropy": 8.556989669799805,
      "acoustic_entropy_mono": 8.393224716186523,
      "band_eliminated_acoustic_entropies": [
        {
          "acoustic_entropy": 8.553793907165527,
          "acoustic_entropy_side": 8.557940483093262,
          "hz": 129.47220167065723
        },
        {
          "acoustic_entropy": 8.432708740234375,
          "acoustic_entropy_side": 8.591876983642578,
          "hz": 202.92927478742237
        },
        {
          "acoustic_entropy": 9.001839637756348,
          "acoustic_entropy_side": 8.644762992858887,
          "hz": 282.89161906338205
        },
        {
          "acoustic_entropy": 8.551338195800781,
          "acoustic_entropy_side": 8.53946304321289,
          "hz": 369.9353335868758
        },
        {
          "acoustic_entropy": 8.738829612731934,
          "acoustic_entropy_side": 8.605835914611816,
          "hz": 464.6875360973435
        },
        {
          "acoustic_entropy": 8.672706604003906,
          "acoustic_entropy_side": 8.866281509399414,
          "hz": 567.8308811364784
        },
        {
          "acoustic_entropy": 8.711902618408203,
          "acoustic_entropy_side": 8.452284812927246,
          "hz": 680.1084783214808
        },
        {
          "acoustic_entropy": 8.103907585144043,
          "acoustic_entropy_side": 8.890094757080078,
          "hz": 802.3292461747484
        },
        {
          "acoustic_entropy": 8.137954711914062,
          "acoustic_entropy_side": 8.645788192749023,
          "hz": 935.3737400823702
        },
        {
          "acoustic_entropy": 8.817151069641113,
          "acoustic_entropy_side": 8.700831413269043,
          "hz": 1080.2004963696966
        },
        {
          "acoustic_entropy": 8.295849800109863,
          "acoustic_entropy_side": 8.51025676727295,
          "hz": 1237.8529382007157
        },
        {
          "acoustic_entropy": 8.032273292541504,
          "acoustic_entropy_side": 8.533893585205078,
          "hz": 1409.4668930556702
        },
        {
          "acoustic_entropy": 8.004173278808594,
          "acoustic_entropy_side": 8.473932266235352,
          "hz": 1596.2787759475705
        },
        {
          "acoustic_entropy": 8.570158004760742,
          "acoustic_entropy_side": 8.507369041442871,
          "hz": 1799.6344973346393
        },
        {
          "acoustic_entropy": 8.554248809814453,
          "acoustic_entropy_side": 8.526838302612305,
          "hz": 2020.9991599069049
        },
        {
          "acoustic_entropy": 9.06050968170166,
          "acoustic_entropy_side": 8.57862663269043,
          "hz": 2261.9676141086993
        },
        {
          "acoustic_entropy": 8.514434814453125,
          "acoustic_entropy_side": 8.545316696166992,
          "hz": 2524.2759484456974
        },
        {
          "acoustic_entropy": 8.605263710021973,
          "acoustic_entropy_side": 8.53261947631836,
          "hz": 2809.813997359896
        },
        {
          "acoustic_entropy": 8.49090576171875,
          "acoustic_entropy_side": 8.546990394592285,
          "hz": 3120.6389567871424
        },
        {
          "acoustic_entropy": 8.719650268554688,
          "acoustic_entropy_side": 8.564094543457031,
          "hz": 3458.990205492291
        },
        {
          "acoustic_entropy": 8.717201232910156,
          "acoustic_entropy_side": 8.566790580749512,
          "hz": 3827.305438964164
        },
        {
          "acoustic_entropy": 8.451252937316895,
          "acoustic_entropy_side": 8.541532516479492,
          "hz": 4228.238232109126
        },
        {
          "acoustic_entropy": 8.519969940185547,
          "acoustic_entropy_side": 8.550352096557617,
          "hz": 4664.6771572759235
        },
        {
          "acoustic_entropy": 8.4844970703125,
          "acoustic_entropy_side": 8.546248435974121,
          "hz": 5139.766595350093
        },
        {
          "acoustic_entropy": 8.494667053222656,
          "acoustic_entropy_side": 8.547676086425781,
          "hz": 5656.929389854203
        },
        {
          "acoustic_entropy": 8.493719100952148,
          "acoustic_entropy_side": 8.55158519744873,
          "hz": 6219.891507268283
        },
        {
          "acoustic_entropy": 8.477655410766602,
          "acoustic_entropy_side": 8.55307674407959,
          "hz": 6832.70888123896
        },
        {
          "acoustic_entropy": 8.463231086730957,
          "acoustic_entropy_side": 8.553282737731934,
          "hz": 7499.796634079867
        },
        {
          "acoustic_entropy": 8.4723539352417,
          "acoustic_entropy_side": 8.552833557128906,
          "hz": 8225.96088609342
        },
        {
          "acoustic_entropy": 8.501956939697266,
          "acoustic_entropy_side": 8.556571006774902,
          "hz": 9016.43338188839
        },
        {
          "acoustic_entropy": 8.509193420410156,
          "acoustic_entropy_side": 8.557626724243164,
          "hz": 9876.909183162974
        },
        {
          "acoustic_entropy": 8.531237602233887,
          "acoustic_entropy_side": 8.558998107910156,
          "hz": 10813.587699516042
        },
        {
          "acoustic_entropy": 8.523608207702637,
          "acoustic_entropy_side": 8.558198928833008,
          "hz": 11833.21735289826
        },
        {
          "acoustic_entropy": 8.529569625854492,
          "acoustic_entropy_side": 8.558863639831543,
          "hz": 12943.144197493959
        },
        {
          "acoustic_entropy": 8.513482093811035,
          "acoustic_entropy_side": 8.558479309082031,
          "hz": 14151.364845322005
        },
        {
          "acoustic_entropy": 8.519977569580078,
          "acoustic_entropy_side": 8.559090614318848,
          "hz": 15466.58407886509
        },
        {
          "acoustic_entropy": 8.535334587097168,
          "acoustic_entropy_side": 8.559473037719727,
          "hz": 16898.27756580493
        },
        {
          "acoustic_entropy": 8.546298027038574,
          "acoustic_entropy_side": 8.559271812438965,
          "hz": 18456.760127700032
        },
        {
          "acoustic_entropy": 8.559048652648926,
          "acoustic_entropy_side": 8.559353828430176,
          "hz": 20153.260054456492
        },
        {
          "acoustic_entropy": 8.562457084655762,
          "acoustic_entropy_side": 8.557955741882324,
          "hz": 22000.00000000001
        }
      ],
      "diff_acoustic_entropy": 2.627286672592163,
      "sn": 6
    },
    {
      "acoustic_entropy": 13.908717155456543,
      "acoustic_entropy_mono": 13.576905250549316,
      "band_eliminated_acoustic_entropies": [
        {
          "acoustic_entropy": 13.83359146118164,
          "acoustic_entropy_side": 13.899898529052734,
          "hz": 129.47220167065723
        },
        {
          "acoustic_entropy": 13.467950820922852,
          "acoustic_entropy_side": 13.92937183380127,
          "hz": 202.92927478742237
        },
        {
          "acoustic_entropy": 14.287877082824707,
          "acoustic_entropy_side": 14.009467124938965,
          "hz": 282.89161906338205
        },
        {
          "acoustic_entropy": 13.85893440246582,
          "acoustic_entropy_side": 13.758284568786621,
          "hz": 369.9353335868758
        },
        {
          "acoustic_entropy": 14.584888458251953,
          "acoustic_entropy_side": 14.285237312316895,
          "hz": 464.6875360973435
        },
        {
          "acoustic_entropy": 13.524737358093262,
          "acoustic_entropy_side": 13.350298881530762,
          "hz": 567.8308811364784
        },
        {
          "acoustic_entropy": 13.737614631652832,
          "acoustic_entropy_side": 13.768102645874023,
          "hz": 680.1084783214808
        },
        {
          "acoustic_entropy": 13.087115287780762,
          "acoustic_entropy_side": 13.837215423583984,
          "hz": 802.3292461747484
        },
        {
          "acoustic_entropy": 13.239224433898926,
          "acoustic_entropy_side": 13.325510025024414,
          "hz": 935.3737400823702
        },
        {
          "acoustic_entropy": 13.7381010055542,
          "acoustic_entropy_side": 13.768803596496582,
          "hz": 1080.2004963696966
        },
        {
          "acoustic_entropy": 13.624438285827637,
          "acoustic_entropy_side": 13.700093269348145,
          "hz": 1237.8529382007157
        },
        {
          "acoustic_entropy": 13.153837203979492,
          "acoustic_entropy_side": 13.844406127929688,
          "hz": 1409.4668930556702
        },
        {
          "acoustic_entropy": 13.841930389404297,
          "acoustic_entropy_side": 13.896574020385742,
          "hz": 1596.2787759475705
        },
        {
          "acoustic_entropy": 14.139630317687988,
          "acoustic_entropy_side": 14.097455024719238,
          "hz": 1799.6344973346393
        },
        {
          "acoustic_entropy": 14.070387840270996,
          "acoustic_entropy_side": 14.0654935836792,
          "hz": 2020.9991599069049
        },
        {
          "acoustic_entropy": 14.58639144897461,
          "acoustic_entropy_side": 13.953404426574707,
          "hz": 2261.9676141086993
        },
        {
          "acoustic_entropy": 14.046989440917969,
          "acoustic_entropy_side": 13.972054481506348,
          "hz": 2524.2759484456974
        },
        {
          "acoustic_entropy": 13.82335090637207,
          "acoustic_entropy_side": 13.949223518371582,
          "hz": 2809.813997359896
        },
        {
          "acoustic_entropy": 13.640105247497559,
          "acoustic_entropy_side": 13.78903865814209,
          "hz": 3120.6389567871424
        },
        {
          "acoustic_entropy": 14.185934066772461,
          "acoustic_entropy_side": 13.927729606628418,
          "hz": 3458.990205492291
        },
        {
          "acoustic_entropy": 14.148975372314453,
          "acoustic_entropy_side": 14.051135063171387,
          "hz": 3827.305438964164
        },
        {
          "acoustic_entropy": 14.043750762939453,
          "acoustic_entropy_side": 13.917332649230957,
          "hz": 4228.238232109126
        },
        {
          "acoustic_entropy": 13.834551811218262,
          "acoustic_entropy_side": 13.864106178283691,
          "hz": 4664.6771572759235
        },
        {
          "acoustic_entropy": 13.841471672058105,
          "acoustic_entropy_side": 13.91397762298584,
          "hz": 5139.766595350093
        },
        {
          "acoustic_entropy": 13.926261901855469,
          "acoustic_entropy_side": 13.928661346435547,
          "hz": 5656.929389854203
        },
        {
          "acoustic_entropy": 13.892191886901855,
          "acoustic_entropy_side": 13.916172981262207,
          "hz": 6219.891507268283
        },
        {
          "acoustic_entropy": 13.827401161193848,
          "acoustic_entropy_side": 13.906082153320312,
          "hz": 6832.70888123896
        },
        {
          "acoustic_entropy": 13.882088661193848,
          "acoustic_entropy_side": 13.929990768432617,
          "hz": 7499.796634079867
        },
        {
          "acoustic_entropy": 13.862445831298828,
          "acoustic_entropy_side": 13.90488338470459,
          "hz": 8225.96088609342
        },
        {
          "acoustic_entropy": 13.856245040893555,
          "acoustic_entropy_side": 13.906994819641113,
          "hz": 9016.43338188839
        },
        {
          "acoustic_entropy": 13.894194602966309,
          "acoustic_entropy_side": 13.907344818115234,
          "hz": 9876.909183162974
        },
        {
          "acoustic_entropy": 13.87121868133545,
          "acoustic_entropy_side": 13.905728340148926,
          "hz": 10813.587699516042
        },
        {
          "acoustic_entropy": 13.902073860168457,
          "acoustic_entropy_side": 13.90755558013916,
          "hz": 11833.21735289826
        },
        {
          "acoustic_entropy": 13.893962860107422,
          "acoustic_entropy_side": 13.90831184387207,
          "hz": 12943.144197493959
        },
        {
          "acoustic_entropy": 13.882672309875488,
          "acoustic_entropy_side": 13.905351638793945,
          "hz": 14151.364845322005
        },
        {
          "acoustic_entropy": 13.911967277526855,
          "acoustic_entropy_side": 13.904709815979004,
          "hz": 15466.58407886509
        },
        {
          "acoustic_entropy": 13.908601760864258,
          "acoustic_entropy_side": 13.903532028198242,
          "hz": 16898.27756580493
        },
        {
          "acoustic_entropy": 13.893182754516602,
          "acoustic_entropy_side": 13.90424919128418,
          "hz": 18456.760127700032
        },
        {
          "acoustic_entropy": 13.900090217590332,
          "acoustic_entropy_side": 13.903605461120605,
          "hz": 20153.260054456492
        },
        {
          "acoustic_entropy": 13.8992338180542,
          "acoustic_entropy_side": 13.906450271606445,
          "hz": 22000.00000000001
        }
      ],
      "diff_acoustic_entropy": 5.721439838409424,
      "sn": 12
    },
    {
      "acoustic_entropy": 22.15703010559082,
      "acoustic_entropy_mono": 21.634510040283203,
      "band_eliminated_acoustic_entropies": [
        {
          "acoustic_entropy": 22.159000396728516,
          "acoustic_entropy_side": 22.14112663269043,
          "hz": 129.47220167065723
        },
        {
          "acoustic_entropy": 22.79145050048828,
          "acoustic_entropy_side": 22.7655029296875,
          "hz": 202.92927478742237
        },
        {
          "acoustic_entropy": 23.0338077545166,
          "acoustic_entropy_side": 22.66758918762207,
          "hz": 282.89161906338205
        },
        {
          "acoustic_entropy": 21.944337844848633,
          "acoustic_entropy_side": 22.251449584960938,
          "hz": 369.9353335868758
        },
        {
          "acoustic_entropy": 24.27552032470703,
          "acoustic_entropy_side": 23.705799102783203,
          "hz": 464.6875360973435
        },
        {
          "acoustic_entropy": 22.48265838623047,
          "acoustic_entropy_side": 22.3177490234375,
          "hz": 567.8308811364784
        },
        {
          "acoustic_entropy": 23.231250762939453,
          "acoustic_entropy_side": 22.656757354736328,
          "hz": 680.1084783214808
        },
        {
          "acoustic_entropy": 21.792688369750977,
          "acoustic_entropy_side": 22.674352645874023,
          "hz": 802.3292461747484
        },
        {
          "acoustic_entropy": 21.38807487487793,
          "acoustic_entropy_side": 21.944555282592773,
          "hz": 935.3737400823702
        },
        {
          "acoustic_entropy": 20.80512237548828,
          "acoustic_entropy_side": 22.57897186279297,
          "hz": 1080.2004963696966
        },
        {
          "acoustic_entropy": 21.36659049987793,
          "acoustic_entropy_side": 21.620849609375,
          "hz": 1237.8529382007157
        },
        {
          "acoustic_entropy": 22.215478897094727,
          "acoustic_entropy_side": 22.781129837036133,
          "hz": 1409.4668930556702
        },
        {
          "acoustic_entropy": 22.376340866088867,
          "acoustic_entropy_side": 22.527034759521484,
          "hz": 1596.2787759475705
        },
        {
          "acoustic_entropy": 21.58727264404297,
          "acoustic_entropy_side": 22.151779174804688,
          "hz": 1799.6344973346393
        },
        {
          "acoustic_entropy": 21.549823760986328,
          "acoustic_entropy_side": 21.94447135925293,
          "hz": 2020.9991599069049
        },
        {
          "acoustic_entropy": 22.71782112121582,
          "acoustic_entropy_side": 22.2053279876709,
          "hz": 2261.9676141086993
        },
        {
          "acoustic_entropy": 21.70650863647461,
          "acoustic_entropy_side": 21.814260482788086,
          "hz": 2524.2759484456974
        },
        {
          "acoustic_entropy": 22.741683959960938,
          "acoustic_entropy_side": 22.150859832763672,
          "hz": 2809.813997359896
        },
        {
          "acoustic_entropy": 21.91502571105957,
          "acoustic_entropy_side": 21.88895606994629,
          "hz": 3120.6389567871424
        },
        {
          "acoustic_entropy": 22.396833419799805,
          "acoustic_entropy_side": 22.260934829711914,
          "hz": 3458.990205492291
