{
  "acoustic_entropy": 186.48593139648438,
  "bands": [
    {
      "high_freq": 148.1999969482422,
      "loudness": -34.809364318847656,
      "loudness_range": 12.424171447753906,
      "mid_mean": -31.976272583007812,
      "mid_to_side_loudness": -7.309454917907715,
      "mid_to_side_loudness_range": 9.527563095092773,
      "side_mean": -39.36057662963867
    },
    {
      "high_freq": 392.3793640136719,
      "loudness": -24.573959350585938,
      "loudness_range": 5.973075866699219,
      "low_freq": 148.1999969482422,
      "mid_mean": -21.445589065551758,
      "mid_to_side_loudness": -9.316421508789062,
      "mid_to_side_loudness_range": 8.047000885009766,
      "side_mean": -30.956247329711914
    },
    {
      "high_freq": 794.6976318359375,
      "loudness": -30.192659378051758,
      "loudness_range": 5.419279098510742,
      "low_freq": 392.3793640136719,
      "mid_mean": -29.600854873657227,
      "mid_to_side_loudness": -0.12004993855953217,
      "mid_to_side_loudness_range": 6.335384368896484,
      "side_mean": -29.706218719482422
    },
    {
      "high_freq": 1457.5709228515625,
      "loudness": -30.13170623779297,
      "loudness_range": 9.528770446777344,
      "low_freq": 794.6976318359375,
      "mid_mean": -27.860414505004883,
      "mid_to_side_loudness": -4.296195030212402,
      "mid_to_side_loudness_range": 6.543208122253418,
      "side_mean": -32.293663024902344
    },
    {
      "high_freq": 2549.74365234375,
      "loudness": -30.737712860107422,
      "loudness_range": 9.990665435791016,
      "low_freq": 1457.5709228515625,
      "mid_mean": -28.85968589782715,
      "mid_to_side_loudness": -2.9980437755584717,
      "mid_to_side_loudness_range": 5.333047866821289,
      "side_mean": -31.978721618652344
    },
    {
      "high_freq": 4349.24462890625,
      "loudness": -34.78045654296875,
      "loudness_range": 10.848493576049805,
      "low_freq": 2549.74365234375,
      "mid_mean": -33.48421859741211,
      "mid_to_side_loudness": -1.6797840595245361,
      "mid_to_side_loudness_range": 6.167478084564209,
      "side_mean": -35.159751892089844
    },
    {
      "high_freq": 7314.1640625,
      "loudness": -45.83204650878906,
      "loudness_range": 12.871082305908203,
      "low_freq": 4349.24462890625,
      "mid_mean": -44.390960693359375,
      "mid_to_side_loudness": -1.834816813468933,
      "mid_to_side_loudness_range": 5.037448406219482,
      "side_mean": -46.26273727416992
    },
    {
      "high_freq": 12199.2666015625,
      "loudness": -54.52131652832031,
      "loudness_range": 15.57586669921875,
      "low_freq": 7314.1640625,
      "mid_mean": -53.690311431884766,
      "mid_to_side_loudness": -2.498831033706665,
      "mid_to_side_loudness_range": 4.396218776702881,
      "side_mean": -55.962677001953125
    },
    {
      "loudness": -63.719970703125,
      "loudness_range": 15.307498931884766,
      "low_freq": 12199.2666015625,
      "mid_mean": -61.1164436340332,
      "mid_to_side_loudness": -2.8254220485687256,
      "mid_to_side_loudness_range": 3.85249924659729,
      "side_mean": -63.26152801513672
    }
  ],
  "bands_short": [
    {
      "high_freq": 148.1999969482422,
      "loudness": -41.09138488769531,
      "loudness_range": 8.732284545898438,
      "mid_mean": -38.07939147949219,
      "mid_to_side_loudness": -9.34701156616211,
      "mid_to_side_loudness_range": 12.590810775756836,
      "side_mean": -47.5731201171875
    },
    {
      "high_freq": 392.3793640136719,
      "loudness": -24.445720672607422,
      "loudness_range": 6.67753791809082,
      "low_freq": 148.1999969482422,
      "mid_mean": -21.323680877685547,
      "mid_to_side_loudness": -9.130167961120605,
      "mid_to_side_loudness_range": 8.053403854370117,
      "side_mean": -30.60823631286621
    },
    {
      "high_freq": 794.6976318359375,
      "loudness": -29.641366958618164,
      "loudness_range": 6.65135383605957,
      "low_freq": 392.3793640136719,
      "mid_mean": -28.696094512939453,
      "mid_to_side_loudness": -0.8978901505470276,
      "mid_to_side_loudness_range": 7.827510833740234,
      "side_mean": -29.649654388427734
    },
    {
      "high_freq": 1457.5709228515625,
      "loudness": -30.38550567626953,
      "loudness_range": 10.55430793762207,
      "low_freq": 794.6976318359375,
      "mid_mean": -28.234169006347656,
      "mid_to_side_loudness": -4.30482292175293,
      "mid_to_side_loudness_range": 9.480039596557617,
      "side_mean": -32.66337585449219
    },
    {
      "high_freq": 2549.74365234375,
      "loudness": -31.09377098083496,
      "loudness_range": 11.159723281860352,
      "low_freq": 1457.5709228515625,
      "mid_mean": -29.391441345214844,
      "mid_to_side_loudness": -2.950361967086792,
      "mid_to_side_loudness_range": 8.633782386779785,
      "side_mean": -32.42314529418945
    },
    {
      "high_freq": 4349.24462890625,
      "loudness": -35.193050384521484,
      "loudness_range": 12.652410507202148,
      "low_freq": 2549.74365234375,
      "mid_mean": -34.022010803222656,
      "mid_to_side_loudness": -1.5893340110778809,
      "mid_to_side_loudness_range": 8.50772476196289,
      "side_mean": -35.616580963134766
    },
    {
      "high_freq": 7314.1640625,
      "loudness": -46.369903564453125,
      "loudness_range": 14.662700653076172,
      "low_freq": 4349.24462890625,
      "mid_mean": -45.0201530456543,
      "mid_to_side_loudness": -1.8340164422988892,
      "mid_to_side_loudness_range": 6.907569885253906,
      "side_mean": -46.8834342956543
    },
    {
      "high_freq": 12199.2666015625,
      "loudness": -55.09387969970703,
      "loudness_range": 16.69391632080078,
      "low_freq": 7314.1640625,
      "mid_mean": -54.2973747253418,
      "mid_to_side_loudness": -2.4507651329040527,
      "mid_to_side_loudness_range": 6.544151782989502,
      "side_mean": -56.49685287475586
    },
    {
      "loudness": -64.37831115722656,
      "loudness_range": 16.806148529052734,
      "low_freq": 12199.2666015625,
      "mid_mean": -61.55646896362305,
      "mid_to_side_loudness": -2.724322557449341,
      "mid_to_side_loudness_range": 5.206060886383057,
      "side_mean": -63.57136535644531
    }
  ],
  "bandwidth": 606.2586059570312,
  "channels": 2,
  "covariance": [
    [
      14.524209022521973,
      16.055932998657227,
      -2.977786064147949,
      0.5212549567222595,
      4.108813285827637,
      2.2599191665649414,
      0.3548606038093567,
      -0.15658608078956604,
      1.9960782527923584,
      1.2938456535339355,
      2.7848641872406006,
      1.7060765027999878,
      1.9203722476959229,
      1.9008640050888062,
      3.3979384899139404,
      3.310810089111328,
      1.654444694519043,
      0.7634077668190002
    ],
    [
      16.055932998657227,
      28.492605209350586,
      -4.429772853851318,
      -0.1444791704416275,
      2.3619272708892822,
      3.4969096183776855,
      1.9083598852157593,
      1.4863191843032837,
      5.86878776550293,
      4.838376522064209,
      4.250053882598877,
      3.4187376499176025,
      5.143640041351318,
      4.463644981384277,
      7.703811168670654,
      7.177826881408691,
      4.957900524139404,
      4.013347148895264
    ],
    [
      -2.977786064147949,
      -4.429772853851318,
      6.569416522979736,
      1.1170763969421387,
      -0.6083554029464722,
      0.1723688840866089,
      0.9527091979980469,
      -0.6295118927955627,
      1.1191611289978027,
      0.41786789894104004,
      -0.0039991047233343124,
      -0.301906019449234,
      -2.632178544998169,
      -1.4759281873703003,
      -3.2322468757629395,
      -3.4638822078704834,
      -3.239584445953369,
      -2.6913135051727295
    ],
    [
      0.5212549567222595,
      -0.1444791704416275,
      1.1170763969421387,
      3.458371162414551,
      1.0296111106872559,
      1.1121529340744019,
      -1.5396662950515747,
      -0.6570961475372314,
      -0.3634825646877289,
      -0.27539098262786865,
      -0.3518165051937103,
      -0.4059300124645233,
      -0.6226133704185486,
      -0.8616830706596375,
      0.28268247842788696,
      0.18533314764499664,
      -0.032487329095602036,
      -0.07923572510480881
    ],
    [
      4.108813285827637,
      2.3619272708892822,
      -0.6083554029464722,
      1.0296111106872559,
      5.181767463684082,
      2.8034496307373047,
      -0.9636157751083374,
      -0.8576587438583374,
      -1.0402263402938843,
      -0.9533374905586243,
      0.027298130095005035,
      -0.27086442708969116,
      -0.9071289300918579,
      -0.9542280435562134,
      -0.37513846158981323,
      -0.6925161480903625,
      -0.6856914758682251,
      -1.1752504110336304
    ],
    [
      2.2599191665649414,
      3.4969096183776855,
      0.1723688840866089,
      1.1121529340744019,
      2.8034496307373047,
      5.905536651611328,
      0.08064112067222595,
      -0.054870009422302246,
      1.639649748802185,
      1.49014413356781,
      0.8654098510742188,
      1.4271762371063232,
      0.7795189619064331,
      0.7945464253425598,
      2.116083860397339,
      1.7275211811065674,
      1.298727035522461,
      1.1958229541778564
    ],
    [
      0.3548606038093567,
      1.9083598852157593,
      0.9527091979980469,
      -1.5396662950515747,
      -0.9636157751083374,
      0.08064112067222595,
      11.995769500732422,
      7.997541904449463,
      9.666695594787598,
      7.448195457458496,
      8.838618278503418,
      9.32844066619873,
      11.455448150634766,
      12.34476089477539,
      11.585458755493164,
      11.826595306396484,
      9.329193115234375,
      8.22410774230957
    ],
    [
      -0.15658608078956604,
      1.4863191843032837,
      -0.6295118927955627,
      -0.6570961475372314,
      -0.8576587438583374,
      -0.054870009422302246,
      7.997541904449463,
      9.761479377746582,
      5.9372053146362305,
      6.209515571594238,
      6.200558185577393,
      6.624140739440918,
      9.601972579956055,
      9.276923179626465,
      11.439260482788086,
      11.49826431274414,
      9.513668060302734,
      8.368868827819824
    ],
    [
      1.9960782527923584,
      5.86878776550293,
      1.1191611289978027,
      -0.3634825646877289,
      -1.0402263402938843,
      1.639649748802185,
      9.666695594787598,
      5.9372053146362305,
      14.977765083312988,
      10.71504020690918,
      11.524243354797363,
      11.115471839904785,
      12.384170532226562,
      12.887234687805176,
      13.016839027404785,
      13.324030876159668,
      8.964879035949707,
      8.003830909729004
    ],
    [
      1.2938456535339355,
      4.838376522064209,
      0.41786789894104004,
      -0.27539098262786865,
      -0.9533374905586243,
      1.49014413356781,
      7.448195457458496,
      6.209515571594238,
      10.71504020690918,
      10.752046585083008,
      8.813820838928223,
      8.931588172912598,
      10.150867462158203,
      10.259096145629883,
      11.602375984191895,
      11.670287132263184,
      8.128023147583008,
      7.387701988220215
    ],
    [
      2.7848641872406006,
      4.250053882598877,
      -0.0039991047233343124,
      -0.3518165051937103,
      0.027298130095005035,
      0.8654098510742188,
      8.838618278503418,
      6.200558185577393,
      11.524243354797363,
      8.813820838928223,
      17.2160587310791,
      13.863045692443848,
      14.964313507080078,
      14.165206909179688,
      14.204794883728027,
      14.757071495056152,
      10.421120643615723,
      8.89625072479248
    ],
    [
      1.7060765027999878,
      3.4187376499176025,
      -0.301906019449234,
      -0.4059300124645233,
      -0.27086442708969116,
      1.4271762371063232,
      9.32844066619873,
      6.624140739440918,
      11.115471839904785,
      8.931588172912598,
      13.863045692443848,
      15.25682544708252,
      14.725163459777832,
      14.363201141357422,
      14.98282241821289,
      15.585794448852539,
      11.860270500183105,
      10.266990661621094
    ],
    [
      1.9203722476959229,
      5.143640041351318,
      -2.632178544998169,
      -0.6226133704185486,
      -0.9071289300918579,
      0.7795189619064331,
      11.455448150634766,
      9.601972579956055,
      12.384170532226562,
      10.150867462158203,
      14.964313507080078,
      14.725163459777832,
      22.70081329345703,
      20.85604476928711,
      22.21320343017578,
      22.871599197387695,
      17.953189849853516,
      15.36342716217041
    ],
    [
      1.9008640050888062,
      4.463644981384277,
      -1.4759281873703003,
      -0.8616830706596375,
      -0.9542280435562134,
      0.7945464253425598,
      12.34476089477539,
      9.276923179626465,
      12.887234687805176,
      10.259096145629883,
      14.165206909179688,
      14.363201141357422,
      20.85604476928711,
      22.287710189819336,
      20.979755401611328,
      21.71979331970215,
      16.93993377685547,
      14.497316360473633
    ],
    [
      3.3979384899139404,
      7.703811168670654,
      -3.2322468757629395,
      0.28268247842788696,
      -0.37513846158981323,
      2.116083860397339,
      11.585458755493164,
      11.439260482788086,
      13.016839027404785,
      11.602375984191895,
      14.204794883728027,
      14.98282241821289,
      22.21320343017578,
      20.979755401611328,
      42.507686614990234,
      39.459449768066406,
      29.108625411987305,
      24.112924575805664
    ],
    [
      3.310810089111328,
      7.177826881408691,
      -3.4638822078704834,
      0.18533314764499664,
      -0.6925161480903625,
      1.7275211811065674,
      11.826595306396484,
      11.49826431274414,
      13.324030876159668,
      11.670287132263184,
      14.757071495056152,
      15.585794448852539,
      22.871599197387695,
      21.71979331970215,
      39.459449768066406,
      38.562950134277344,
      27.776100158691406,
      23.141504287719727
    ],
    [
      1.654444694519043,
      4.957900524139404,
      -3.239584445953369,
      -0.032487329095602036,
      -0.6856914758682251,
      1.298727035522461,
      9.329193115234375,
      9.513668060302734,
      8.964879035949707,
      8.128023147583008,
      10.421120643615723,
      11.860270500183105,
      17.953189849853516,
      16.93993377685547,
      29.108625411987305,
      27.776100158691406,
      23.230220794677734,
      19.430011749267578
    ],
    [
      0.7634077668190002,
      4.013347148895264,
      -2.6913135051727295,
      -0.07923572510480881,
      -1.1752504110336304,
      1.1958229541778564,
      8.22410774230957,
      8.368868827819824,
      8.003830909729004,
      7.387701988220215,
      8.89625072479248,
      10.266990661621094,
      15.36342716217041,
      14.497316360473633,
      24.112924575805664,
      23.141504287719727,
      19.430011749267578,
      17.260225296020508
    ]
  ],
  "covariance_short": [
    [
      10.588902473449707,
      2.919023036956787,
      -1.7866625785827637,
      0.4659821689128876,
      0.8377030491828918,
      0.3575282096862793,
      2.403355836868286,
      2.888960599899292,
      2.0074663162231445,
      1.3677356243133545,
      4.067898750305176,
      3.0114047527313232,
      4.870390892028809,
      4.024918556213379,
      5.5544962882995605,
      5.318141937255859,
      4.286096572875977,
      3.567551851272583
    ],
    [
      2.919023036956787,
      14.915775299072266,
      -4.069829940795898,
      1.1307169198989868,
      3.0988216400146484,
      3.024834632873535,
      -1.6485038995742798,
      1.1564984321594238,
      0.7262001037597656,
      1.6412465572357178,
      0.7319322228431702,
      0.5664306282997131,
      3.5862860679626465,
      2.0922250747680664,
      5.8642897605896,
      5.6824564933776855,
      4.195697784423828,
      3.9013803005218506
    ],
    [
      -1.7866625785827637,
      -4.069829940795898,
      7.490569591522217,
      2.065019369125366,
      -1.3461501598358154,
      -0.28462108969688416,
      1.4507405757904053,
      -0.6932730078697205,
      1.0582275390625,
      0.09055372327566147,
      0.37137505412101746,
      -0.4071360230445862,
      -2.553679943084717,
      -1.4041188955307007,
      -3.849449872970581,
      -4.029572010040283,
      -3.620023488998413,
      -3.2830350399017334
    ],
    [
      0.4659821689128876,
      1.1307169198989868,
      2.065019369125366,
      4.23988151550293,
      0.7419200539588928,
      1.232110619544983,
      -0.29401931166648865,
      -0.6994627118110657,
      0.16520068049430847,
      -0.2432793527841568,
      0.3046461045742035,
      -0.030264945700764656,
      -0.7249771356582642,
      -0.5297925472259521,
      -0.6177886128425598,
      -0.7646145820617676,
      -1.0153547525405884,
      -1.2979083061218262
    ],
    [
      0.8377030491828918,
      3.0988216400146484,
      -1.3461501598358154,
      0.7419200539588928,
      5.5961151123046875,
      3.581851005554199,
      -0.9527350664138794,
      0.020231623202562332,
      0.6026968359947205,
      0.44755035638809204,
      0.9203177094459534,
      0.9652367234230042,
      1.0088841915130615,
      0.16799993813037872,
      1.6608463525772095,
      1.4553791284561157,
      1.0509943962097168,
      0.8540151119232178
    ],
    [
      0.3575282096862793,
      3.024834632873535,
      -0.28462108969688416,
      1.232110619544983,
      3.581851005554199,
      8.989211082458496,
      -0.6373223066329956,
      -0.2054791897535324,
      1.9888004064559937,
      1.729953408241272,
      1.0873196125030518,
      1.8799612522125244,
      1.3093597888946533,
      0.7435432076454163,
      2.6876065731048584,
      2.609224557876587,
      1.8093488216400146,
      1.9138305187225342
    ],
    [
      2.403355836868286,
      -1.6485038995742798,
      1.4507405757904053,
      -0.29401931166648865,
      -0.9527350664138794,
      -0.6373223066329956,
      16.173324584960938,
      9.093705177307129,
      11.646225929260254,
      8.053443908691406,
      11.297966957092285,
      10.881584167480469,
      14.033282279968262,
      14.851370811462402,
      13.117740631103516,
      13.241682052612305,
      10.375213623046875,
      8.964584350585938
    ],
    [
      2.888960599899292,
      1.1564984321594238,
      -0.6932730078697205,
      -0.6994627118110657,
      0.020231623202562332,
      -0.2054791897535324,
      9.093705177307129,
      12.921472549438477,
      7.15887451171875,
      6.402667999267578,
      7.460007190704346,
      7.5028157234191895,
      11.008450508117676,
      10.690152168273926,
      12.372214317321777,
      12.291494369506836,
      10.07247543334961,
      8.766900062561035
    ],
    [
      2.0074663162231445,
      0.7262001037597656,
      1.0582275390625,
      0.16520068049430847,
      0.6026968359947205,
      1.9888004064559937,
      11.646225929260254,
      7.15887451171875,
      20.36915397644043,
      12.2371244430542,
      14.788572311401367,
      13.182596206665039,
      15.731720924377441,
      16.159618377685547,
      14.945727348327637,
      15.316537857055664,
      10.078505516052246,
      8.804912567138672
    ],
    [
      1.3677356243133545,
      1.6412465572357178,
      0.09055372327566147,
      -0.2432793527841568,
      0.44755035638809204,
      1.729953408241272,
      8.053443908691406,
      6.402667999267578,
      12.2371244430542,
      13.772723197937012,
      9.913080215454102,
      9.608345031738281,
      11.6641206741333,
      11.733019828796387,
      12.028399467468262,
      12.205151557922363,
      8.26079273223877,
      7.364530563354492
    ],
    [
      4.067898750305176,
      0.7319322228431702,
      0.37137505412101746,
      0.3046461045742035,
      0.9203177094459534,
      1.0873196125030518,
      11.297966957092285,
      7.460007190704346,
      14.788572311401367,
      9.913080215454102,
      23.654504776000977,
      17.151473999023438,
      19.555686950683594,
      17.976850509643555,
      17.238977432250977,
      17.852283477783203,
      12.067152976989746,
      9.993457794189453
    ],
    [
      3.0114047527313232,
      0.5664306282997131,
      -0.4071360230445862,
      -0.030264945700764656,
      0.9652367234230042,
      1.8799612522125244,
      10.881584167480469,
      7.5028157234191895,
      13.182596206665039,
      9.608345031738281,
      17.151473999023438,
      19.663562774658203,
      17.809673309326172,
      16.711217880249023,
      17.52940559387207,
      18.06832504272461,
      13.29502010345459,
      11.159242630004883
    ],
    [
      4.870390892028809,
      3.5862860679626465,
      -2.553679943084717,
      -0.7249771356582642,
      1.0088841915130615,
      1.3093597888946533,
      14.033282279968262,
      11.008450508117676,
      15.731720924377441,
      11.6641206741333,
      19.555686950683594,
      17.809673309326172,
      29.704652786254883,
      26.181222915649414,
      26.433618545532227,
      26.664932250976562,
      20.593143463134766,
      17.246721267700195
    ],
    [
      4.024918556213379,
      2.0922250747680664,
      -1.4041188955307007,
      -0.5297925472259521,
      0.16799993813037872,
      0.7435432076454163,
      14.851370811462402,
      10.690152168273926,
      16.159618377685547,
      11.733019828796387,
      17.976850509643555,
      16.711217880249023,
      26.181222915649414,
      28.786672592163086,
      25.06692123413086,
      25.512372970581055,
      19.441532135009766,
      16.316736221313477
    ],
    [
      5.5544962882995605,
      5.8642897605896,
      -3.849449872970581,
      -0.6177886128425598,
      1.6608463525772095,
      2.6876065731048584,
      13.117740631103516,
      12.372214317321777,
      14.945727348327637,
      12.028399467468262,
      17.238977432250977,
      17.52940559387207,
      26.433618545532227,
      25.06692123413086,
      47.277706146240234,
      42.4005012512207,
      31.240352630615234,
      25.680395126342773
    ],
    [
      5.318141937255859,
      5.6824564933776855,
      -4.029572010040283,
      -0.7646145820617676,
      1.4553791284561157,
      2.609224557876587,
      13.241682052612305,
      12.291494369506836,
      15.316537857055664,
      12.205151557922363,
      17.852283477783203,
      18.06832504272461,
      26.664932250976562,
      25.512372970581055,
      42.4005012512207,
      42.009437561035156,
      29.442819595336914,
      24.345903396606445
    ],
    [
      4.286096572875977,
      4.195697784423828,
      -3.620023488998413,
      -1.0153547525405884,
      1.0509943962097168,
      1.8093488216400146,
      10.375213623046875,
      10.07247543334961,
      10.078505516052246,
      8.26079273223877,
      12.067152976989746,
      13.29502010345459,
      20.593143463134766,
      19.441532135009766,
      31.240352630615234,
      29.442819595336914,
      25.715383529663086,
      20.83216094970703
    ],
    [
      3.567551851272583,
      3.9013803005218506,
      -3.2830350399017334,
      -1.2979083061218262,
      0.8540151119232178,
      1.9138305187225342,
      8.964584350585938,
      8.766900062561035,
      8.804912567138672,
      7.364530563354492,
      9.993457794189453,
      11.159242630004883,
      17.246721267700195,
      16.316736221313477,
      25.680395126342773,
      24.345903396606445,
      20.83216094970703,
      18.805875778198242
    ]
  ],
  "damage": -11.890647888183594,
  "diff_bandwidth": 764.3724365234375,
  "dissonance": 4.223014811291714,
  "drr": 1.5413029193878174,
  "dynamics": 1.376900315284729,
  "format": 1245190,
  "frames": 3702784,
  "loudness": -17.936763763427734,
  "loudness_range": 3.5684080123901367,
  "loudness_range_short": 4.354186058044434,
  "lowpass_true_peak_15khz": -5.7300615310668945,
  "mastering3_acoustic_entropies": [
    {
      "acoustic_entropy": 5.767564296722412,
      "acoustic_entropy_mono": 6.060169696807861,
      "band_eliminated_acoustic_entropies": [
        {
          "acoustic_entropy": 5.768407344818115,
          "acoustic_entropy_side": 5.767540454864502,
          "hz": 129.47220167065723
        },
        {
          "acoustic_entropy": 5.756633758544922,
          "acoustic_entropy_side": 5.795433521270752,
          "hz": 202.92927478742237
        },
        {
          "acoustic_entropy": 5.916986465454102,
          "acoustic_entropy_side": 5.764937877655029,
          "hz": 282.89161906338205
        },
        {
          "acoustic_entropy": 5.668374538421631,
          "acoustic_entropy_side": 5.679006099700928,
          "hz": 369.9353335868758
        },
        {
          "acoustic_entropy": 5.646358966827393,
          "acoustic_entropy_side": 5.858933925628662,
          "hz": 464.6875360973435
        },
        {
          "acoustic_entropy": 5.607232570648193,
          "acoustic_entropy_side": 5.822481632232666,
          "hz": 567.8308811364784
        },
        {
          "acoustic_entropy": 5.788651466369629,
          "acoustic_entropy_side": 5.747851848602295,
          "hz": 680.1084783214808
        },
        {
          "acoustic_entropy": 5.7422776222229,
          "acoustic_entropy_side": 5.804304599761963,
          "hz": 802.3292461747484
        },
        {
          "acoustic_entropy": 6.16760778427124,
          "acoustic_entropy_side": 5.517236709594727,
          "hz": 935.3737400823702
        },
        {
          "acoustic_entropy": 5.34496545791626,
          "acoustic_entropy_side": 5.70677375793457,
          "hz": 1080.2004963696966
        },
        {
          "acoustic_entropy": 6.257222652435303,
          "acoustic_entropy_side": 5.968043327331543,
          "hz": 1237.8529382007157
        },
        {
          "acoustic_entropy": 5.367715358734131,
          "acoustic_entropy_side": 5.910981178283691,
          "hz": 1409.4668930556702
        },
        {
          "acoustic_entropy": 5.6759538650512695,
          "acoustic_entropy_side": 5.787158966064453,
          "hz": 1596.2787759475705
        },
        {
          "acoustic_entropy": 5.58910608291626,
          "acoustic_entropy_side": 5.802143096923828,
          "hz": 1799.6344973346393
        },
        {
          "acoustic_entropy": 5.398558616638184,
          "acoustic_entropy_side": 5.540615558624268,
          "hz": 2020.9991599069049
        },
        {
          "acoustic_entropy": 5.449039936065674,
          "acoustic_entropy_side": 5.693202495574951,
          "hz": 2261.9676141086993
        },
        {
          "acoustic_entropy": 5.823461532592773,
          "acoustic_entropy_side": 5.798216342926025,
          "hz": 2524.2759484456974
        },
        {
          "acoustic_entropy": 5.568766117095947,
          "acoustic_entropy_side": 5.725636005401611,
          "hz": 2809.813997359896
        },
        {
          "acoustic_entropy": 5.420292854309082,
          "acoustic_entropy_side": 5.70029354095459,
          "hz": 3120.6389567871424
        },
        {
          "acoustic_entropy": 5.8386688232421875,
          "acoustic_entropy_side": 5.889479637145996,
          "hz": 3458.990205492291
        },
        {
          "acoustic_entropy": 5.645618438720703,
          "acoustic_entropy_side": 5.638914108276367,
          "hz": 3827.305438964164
        },
        {
          "acoustic_entropy": 5.653336048126221,
          "acoustic_entropy_side": 5.72035026550293,
          "hz": 4228.238232109126
        },
        {
          "acoustic_entropy": 5.671283721923828,
          "acoustic_entropy_side": 5.736137866973877,
          "hz": 4664.6771572759235
        },
        {
          "acoustic_entropy": 5.7629547119140625,
          "acoustic_entropy_side": 5.760946273803711,
          "hz": 5139.766595350093
        },
        {
          "acoustic_entropy": 5.760863780975342,
          "acoustic_entropy_side": 5.764110088348389,
          "hz": 5656.929389854203
        },
        {
          "acoustic_entropy": 5.769437789916992,
          "acoustic_entropy_side": 5.76936674118042,
          "hz": 6219.891507268283
        },
        {
          "acoustic_entropy": 5.760056018829346,
          "acoustic_entropy_side": 5.768226146697998,
          "hz": 6832.70888123896
        },
        {
          "acoustic_entropy": 5.755380630493164,
          "acoustic_entropy_side": 5.767301559448242,
          "hz": 7499.796634079867
        },
        {
          "acoustic_entropy": 5.765842437744141,
          "acoustic_entropy_side": 5.767703533172607,
          "hz": 8225.96088609342
        },
        {
          "acoustic_entropy": 5.766198635101318,
          "acoustic_entropy_side": 5.767481803894043,
          "hz": 9016.43338188839
        },
        {
          "acoustic_entropy": 5.767845630645752,
          "acoustic_entropy_side": 5.767446994781494,
          "hz": 9876.909183162974
        },
        {
          "acoustic_entropy": 5.767663478851318,
          "acoustic_entropy_side": 5.767693042755127,
          "hz": 10813.587699516042
        },
        {
          "acoustic_entropy": 5.767596244812012,
          "acoustic_entropy_side": 5.767512321472168,
          "hz": 11833.21735289826
        },
        {
          "acoustic_entropy": 5.767343997955322,
          "acoustic_entropy_side": 5.767420291900635,
          "hz": 12943.144197493959
        },
        {
          "acoustic_entropy": 5.767514228820801,
          "acoustic_entropy_side": 5.767541885375977,
          "hz": 14151.364845322005
        },
        {
          "acoustic_entropy": 5.767543315887451,
          "acoustic_entropy_side": 5.7675557136535645,
          "hz": 15466.58407886509
        },
        {
          "acoustic_entropy": 5.767562389373779,
          "acoustic_entropy_side": 5.767564296722412,
          "hz": 16898.27756580493
        },
        {
          "acoustic_entropy": 5.767574310302734,
          "acoustic_entropy_side": 5.767568588256836,
          "hz": 18456.760127700032
        },
        {
          "acoustic_entropy": 5.767564296722412,
          "acoustic_entropy_side": 5.76756477355957,
          "hz": 20153.260054456492
        },
        {
          "acoustic_entropy": 5.76756477355957,
          "acoustic_entropy_side": 5.767564296722412,
          "hz": 22000.00000000001
        }
      ],
      "diff_acoustic_entropy": 3.3463003635406494,
      "sn": 6
    },
    {
      "acoustic_entropy": 9.826606750488281,
      "acoustic_entropy_mono": 9.163106918334961,
      "band_eliminated_acoustic_entropies": [
        {
          "acoustic_entropy": 9.813362121582031,
          "acoustic_entropy_side": 9.826945304870605,
          "hz": 129.47220167065723
        },
        {
          "acoustic_entropy": 10.01052474975586,
          "acoustic_entropy_side": 9.960165977478027,
          "hz": 202.92927478742237
        },
        {
          "acoustic_entropy": 9.77981948852539,
          "acoustic_entropy_side": 9.649682998657227,
          "hz": 282.89161906338205
        },
        {
          "acoustic_entropy": 9.979565620422363,
          "acoustic_entropy_side": 9.839544296264648,
          "hz": 369.9353335868758
        },
        {
          "acoustic_entropy": 9.5958890914917,
          "acoustic_entropy_side": 9.643172264099121,
          "hz": 464.6875360973435
        },
        {
          "acoustic_entropy": 9.215632438659668,
          "acoustic_entropy_side": 9.611242294311523,
          "hz": 567.8308811364784
        },
        {
          "acoustic_entropy": 10.043269157409668,
          "acoustic_entropy_side": 9.7632474899292,
          "hz": 680.1084783214808
        },
        {
          "acoustic_entropy": 10.014966011047363,
          "acoustic_entropy_side": 9.778602600097656,
          "hz": 802.3292461747484
        },
        {
          "acoustic_entropy": 9.699430465698242,
          "acoustic_entropy_side": 9.264065742492676,
          "hz": 935.3737400823702
        },
        {
          "acoustic_entropy": 9.484749794006348,
          "acoustic_entropy_side": 9.826573371887207,
          "hz": 1080.2004963696966
        },
        {
          "acoustic_entropy": 9.75599479675293,
          "acoustic_entropy_side": 9.80840015411377,
          "hz": 1237.8529382007157
        },
        {
          "acoustic_entropy": 9.614529609680176,
          "acoustic_entropy_side": 9.673992156982422,
          "hz": 1409.4668930556702
        },
        {
          "acoustic_entropy": 9.638402938842773,
          "acoustic_entropy_side": 9.756769180297852,
          "hz": 1596.2787759475705
        },
        {
          "acoustic_entropy": 9.86643123626709,
          "acoustic_entropy_side": 9.716179847717285,
          "hz": 1799.6344973346393
        },
        {
          "acoustic_entropy": 9.628484725952148,
          "acoustic_entropy_side": 10.08691120147705,
          "hz": 2020.9991599069049
        },
        {
          "acoustic_entropy": 9.11966609954834,
          "acoustic_entropy_side": 9.56495189666748,
          "hz": 2261.9676141086993
        },
        {
          "acoustic_entropy": 9.944744110107422,
          "acoustic_entropy_side": 9.878316879272461,
          "hz": 2524.2759484456974
        },
        {
          "acoustic_entropy": 10.17624282836914,
          "acoustic_entropy_side": 9.847437858581543,
          "hz": 2809.813997359896
        },
        {
          "acoustic_entropy": 9.586276054382324,
          "acoustic_entropy_side": 9.651726722717285,
          "hz": 3120.6389567871424
        },
        {
          "acoustic_entropy": 9.610947608947754,
          "acoustic_entropy_side": 10.049062728881836,
          "hz": 3458.990205492291
        },
        {
          "acoustic_entropy": 9.571174621582031,
          "acoustic_entropy_side": 9.443093299865723,
          "hz": 3827.305438964164
        },
        {
          "acoustic_entropy": 9.384669303894043,
          "acoustic_entropy_side": 9.59422492980957,
          "hz": 4228.238232109126
        },
        {
          "acoustic_entropy": 9.402726173400879,
          "acoustic_entropy_side": 9.518521308898926,
          "hz": 4664.6771572759235
        },
        {
          "acoustic_entropy": 9.810709953308105,
          "acoustic_entropy_side": 9.825674057006836,
          "hz": 5139.766595350093
        },
        {
          "acoustic_entropy": 9.640400886535645,
          "acoustic_entropy_side": 9.655652046203613,
          "hz": 5656.929389854203
        },
        {
          "acoustic_entropy": 9.860615730285645,
          "acoustic_entropy_side": 9.845123291015625,
          "hz": 6219.891507268283
        },
        {
          "acoustic_entropy": 9.727971076965332,
          "acoustic_entropy_side": 9.839434623718262,
          "hz": 6832.70888123896
        },
        {
          "acoustic_entropy": 9.848533630371094,
          "acoustic_entropy_side": 9.841489791870117,
          "hz": 7499.796634079867
        },
        {
          "acoustic_entropy": 9.78364372253418,
          "acoustic_entropy_side": 9.83989429473877,
          "hz": 8225.96088609342
        },
        {
          "acoustic_entropy": 9.824151992797852,
          "acoustic_entropy_side": 9.831313133239746,
          "hz": 9016.43338188839
        },
        {
          "acoustic_entropy": 9.825725555419922,
          "acoustic_entropy_side": 9.83132553100586,
          "hz": 9876.909183162974
        },
        {
          "acoustic_entropy": 9.827291488647461,
          "acoustic_entropy_side": 9.827797889709473,
          "hz": 10813.587699516042
        },
        {
          "acoustic_entropy": 9.83155632019043,
          "acoustic_entropy_side": 9.829568862915039,
          "hz": 11833.21735289826
        },
        {
          "acoustic_entropy": 9.833560943603516,
          "acoustic_entropy_side": 9.830105781555176,
          "hz": 12943.144197493959
        },
        {
          "acoustic_entropy": 9.831275939941406,
          "acoustic_entropy_side": 9.82778549194336,
          "hz": 14151.364845322005
        },
        {
          "acoustic_entropy": 9.82889175415039,
          "acoustic_entropy_side": 9.826973915100098,
          "hz": 15466.58407886509
        },
        {
          "acoustic_entropy": 9.827066421508789,
          "acoustic_entropy_side": 9.826684951782227,
          "hz": 16898.27756580493
        },
        {
          "acoustic_entropy": 9.826726913452148,
          "acoustic_entropy_side": 9.826642036437988,
          "hz": 18456.760127700032
        },
        {
          "acoustic_entropy": 9.826717376708984,
          "acoustic_entropy_side": 9.826638221740723,
          "hz": 20153.260054456492
        },
        {
          "acoustic_entropy": 9.826628684997559,
          "acoustic_entropy_side": 9.826608657836914,
          "hz": 22000.00000000001
        }
      ],
      "diff_acoustic_entropy": 5.893783092498779,
      "sn": 12
    },
    {
      "acoustic_entropy": 14.305564880371094,
      "acoustic_entropy_mono": 12.270323753356934,
      "band_eliminated_acoustic_entropies": [
        {
          "acoustic_entropy": 14.200987815856934,
          "acoustic_entropy_side": 14.289971351623535,
          "hz": 129.47220167065723
        },
        {
          "acoustic_entropy": 14.586807250976562,
          "acoustic_entropy_side": 14.113523483276367,
          "hz": 202.92927478742237
        },
        {
          "acoustic_entropy": 14.588812828063965,
          "acoustic_entropy_side": 14.594195365905762,
          "hz": 282.89161906338205
        },
        {
          "acoustic_entropy": 14.413179397583008,
          "acoustic_entropy_side": 14.419770240783691,
          "hz": 369.9353335868758
        },
        {
          "acoustic_entropy": 14.385000228881836,
          "acoustic_entropy_side": 14.211952209472656,
          "hz": 464.6875360973435
        },
        {
          "acoustic_entropy": 14.548835754394531,
          "acoustic_entropy_side": 13.789297103881836,
          "hz": 567.8308811364784
        },
        {
          "acoustic_entropy": 14.247714042663574,
          "acoustic_entropy_side": 14.228976249694824,
          "hz": 680.1084783214808
        },
        {
          "acoustic_entropy": 14.554232597351074,
          "acoustic_entropy_side": 14.029801368713379,
          "hz": 802.3292461747484
        },
        {
          "acoustic_entropy": 14.918802261352539,
          "acoustic_entropy_side": 14.230530738830566,
          "hz": 935.3737400823702
        },
        {
          "acoustic_entropy": 14.477726936340332,
          "acoustic_entropy_side": 14.403050422668457,
          "hz": 1080.2004963696966
        },
        {
          "acoustic_entropy": 14.585896492004395,
          "acoustic_entropy_side": 14.29384994506836,
          "hz": 1237.8529382007157
        },
        {
          "acoustic_entropy": 14.170243263244629,
          "acoustic_entropy_side": 14.089632987976074,
          "hz": 1409.4668930556702
        },
        {
          "acoustic_entropy": 14.933643341064453,
          "acoustic_entropy_side": 14.460963249206543,
          "hz": 1596.2787759475705
        },
        {
          "acoustic_entropy": 14.459994316101074,
          "acoustic_entropy_side": 14.373740196228027,
          "hz": 1799.6344973346393
        },
        {
          "acoustic_entropy": 14.765029907226562,
          "acoustic_entropy_side": 15.090666770935059,
          "hz": 2020.9991599069049
        },
        {
          "acoustic_entropy": 15.01050090789795,
          "acoustic_entropy_side": 14.102089881896973,
          "hz": 2261.9676141086993
        },
        {
          "acoustic_entropy": 14.665860176086426,
          "acoustic_entropy_side": 14.933199882507324,
          "hz": 2524.2759484456974
        },
        {
