{
  "acoustic_entropy": 225.60272216796875,
  "bands": [
    {
      "high_freq": 148.1999969482422,
      "loudness": -28.945297241210938,
      "loudness_range": 14.247814178466797,
      "mid_mean": -25.531232833862305,
      "mid_to_side_loudness": -13.436152458190918,
      "mid_to_side_loudness_range": 15.848550796508789,
      "side_mean": -39.913780212402344
    },
    {
      "high_freq": 392.3793640136719,
      "loudness": -27.757062911987305,
      "loudness_range": 12.373886108398438,
      "low_freq": 148.1999969482422,
      "mid_mean": -25.136226654052734,
      "mid_to_side_loudness": -6.323905944824219,
      "mid_to_side_loudness_range": 10.659586906433105,
      "side_mean": -31.726760864257812
    },
    {
      "high_freq": 794.6976318359375,
      "loudness": -29.826969146728516,
      "loudness_range": 14.29316520690918,
      "low_freq": 392.3793640136719,
      "mid_mean": -27.66434097290039,
      "mid_to_side_loudness": -4.441017150878906,
      "mid_to_side_loudness_range": 9.087007522583008,
      "side_mean": -31.992238998413086
    },
    {
      "high_freq": 1457.5709228515625,
      "loudness": -31.245222091674805,
      "loudness_range": 20.30088233947754,
      "low_freq": 794.6976318359375,
      "mid_mean": -29.055583953857422,
      "mid_to_side_loudness": -4.6199116706848145,
      "mid_to_side_loudness_range": 8.723902702331543,
      "side_mean": -33.5491828918457
    },
    {
      "high_freq": 2549.74365234375,
      "loudness": -28.503665924072266,
      "loudness_range": 18.64173698425293,
      "low_freq": 1457.5709228515625,
      "mid_mean": -26.132713317871094,
      "mid_to_side_loudness": -5.053354740142822,
      "mid_to_side_loudness_range": 8.215713500976562,
      "side_mean": -31.248188018798828
    },
    {
      "high_freq": 4349.24462890625,
      "loudness": -31.272911071777344,
      "loudness_range": 21.237255096435547,
      "low_freq": 2549.74365234375,
      "mid_mean": -28.863855361938477,
      "mid_to_side_loudness": -5.071442604064941,
      "mid_to_side_loudness_range": 7.134988784790039,
      "side_mean": -33.99386215209961
    },
    {
      "high_freq": 7314.1640625,
      "loudness": -33.482017517089844,
      "loudness_range": 22.854747772216797,
      "low_freq": 4349.24462890625,
      "mid_mean": -31.28345489501953,
      "mid_to_side_loudness": -4.48960018157959,
      "mid_to_side_loudness_range": 5.371792793273926,
      "side_mean": -35.99673843383789
    },
    {
      "high_freq": 12199.2666015625,
      "loudness": -35.9161376953125,
      "loudness_range": 25.56846046447754,
      "low_freq": 7314.1640625,
      "mid_mean": -34.482269287109375,
      "mid_to_side_loudness": -2.6950252056121826,
      "mid_to_side_loudness_range": 3.2674214839935303,
      "side_mean": -37.287288665771484
    },
    {
      "loudness": -41.3275260925293,
      "loudness_range": 31.36417579650879,
      "low_freq": 12199.2666015625,
      "mid_mean": -41.01103591918945,
      "mid_to_side_loudness": -0.9000186324119568,
      "mid_to_side_loudness_range": 2.9931981563568115,
      "side_mean": -41.69911575317383
    }
  ],
  "bands_short": [
    {
      "high_freq": 148.1999969482422,
      "loudness": -33.54116439819336,
      "loudness_range": 24.522672653198242,
      "mid_mean": -30.275358200073242,
      "mid_to_side_loudness": -11.725760459899902,
      "mid_to_side_loudness_range": 19.983762741088867,
      "side_mean": -43.48939514160156
    },
    {
      "high_freq": 392.3793640136719,
      "loudness": -27.913558959960938,
      "loudness_range": 15.33890151977539,
      "low_freq": 148.1999969482422,
      "mid_mean": -25.401233673095703,
      "mid_to_side_loudness": -6.293911457061768,
      "mid_to_side_loudness_range": 13.723993301391602,
      "side_mean": -32.17072296142578
    },
    {
      "high_freq": 794.6976318359375,
      "loudness": -30.344982147216797,
      "loudness_range": 14.571918487548828,
      "low_freq": 392.3793640136719,
      "mid_mean": -28.40886688232422,
      "mid_to_side_loudness": -4.009649753570557,
      "mid_to_side_loudness_range": 10.960954666137695,
      "side_mean": -32.37299728393555
    },
    {
      "high_freq": 1457.5709228515625,
      "loudness": -31.255868911743164,
      "loudness_range": 21.842262268066406,
      "low_freq": 794.6976318359375,
      "mid_mean": -29.240116119384766,
      "mid_to_side_loudness": -4.373869895935059,
      "mid_to_side_loudness_range": 10.558843612670898,
      "side_mean": -33.67130661010742
    },
    {
      "high_freq": 2549.74365234375,
      "loudness": -29.250635147094727,
      "loudness_range": 20.504884719848633,
      "low_freq": 1457.5709228515625,
      "mid_mean": -27.073923110961914,
      "mid_to_side_loudness": -4.609443664550781,
      "mid_to_side_loudness_range": 9.824352264404297,
      "side_mean": -31.905302047729492
    },
    {
      "high_freq": 4349.24462890625,
      "loudness": -31.94400978088379,
      "loudness_range": 23.58209228515625,
      "low_freq": 2549.74365234375,
      "mid_mean": -29.703418731689453,
      "mid_to_side_loudness": -4.551792144775391,
      "mid_to_side_loudness_range": 8.39377498626709,
      "side_mean": -34.43372344970703
    },
    {
      "high_freq": 7314.1640625,
      "loudness": -35.0966796875,
      "loudness_range": 25.622974395751953,
      "low_freq": 4349.24462890625,
      "mid_mean": -33.030235290527344,
      "mid_to_side_loudness": -3.9666383266448975,
      "mid_to_side_loudness_range": 6.802794456481934,
      "side_mean": -37.238101959228516
    },
    {
      "high_freq": 12199.2666015625,
      "loudness": -37.9347038269043,
      "loudness_range": 28.50245475769043,
      "low_freq": 7314.1640625,
      "mid_mean": -36.64300537109375,
      "mid_to_side_loudness": -2.5374419689178467,
      "mid_to_side_loudness_range": 4.058216094970703,
      "side_mean": -39.354854583740234
    },
    {
      "loudness": -43.72862243652344,
      "loudness_range": 34.3756103515625,
      "low_freq": 12199.2666015625,
      "mid_mean": -43.55934143066406,
      "mid_to_side_loudness": -1.2044482231140137,
      "mid_to_side_loudness_range": 4.311680793762207,
      "side_mean": -44.98029708862305
    }
  ],
  "bandwidth": 897.32177734375,
  "channels": 2,
  "covariance": [
    [
      33.58966064453125,
      20.435508728027344,
      9.677483558654785,
      3.1333982944488525,
      6.260463714599609,
      3.2455708980560303,
      6.399843215942383,
      3.734795331954956,
      3.3858277797698975,
      0.7359806299209595,
      2.625553846359253,
      0.7672251462936401,
      1.4638420343399048,
      -0.07683750241994858,
      -2.8120973110198975,
      -3.2758405208587646,
      -4.884876251220703,
      -4.900123119354248
    ],
    [
      20.435508728027344,
      33.077125549316406,
      11.4694242477417,
      9.37884521484375,
      13.454705238342285,
      10.567331314086914,
      17.197298049926758,
      14.59721851348877,
      15.124502182006836,
      12.552431106567383,
      15.887560844421387,
      14.278953552246094,
      6.959454536437988,
      5.7665114402771,
      -0.7155831456184387,
      -0.6181496381759644,
      1.540795922279358,
      1.05301833152771
    ],
    [
      9.677483558654785,
      11.4694242477417,
      26.591365814208984,
      20.905277252197266,
      15.798704147338867,
      15.03553295135498,
      18.441808700561523,
      19.67563819885254,
      13.380548477172852,
      14.749224662780762,
      13.982110977172852,
      15.26781177520752,
      4.842962741851807,
      4.009015083312988,
      1.669428825378418,
      2.4245598316192627,
      7.198580741882324,
      7.709385871887207
    ],
    [
      3.1333982944488525,
      9.37884521484375,
      20.905277252197266,
      30.5386905670166,
      18.234703063964844,
      20.512392044067383,
      20.652381896972656,
      24.098949432373047,
      13.458887100219727,
      17.446697235107422,
      14.866114616394043,
      18.47393035888672,
      3.474236488342285,
      4.865942001342773,
      2.742077112197876,
      4.300570011138916,
      10.402450561523438,
      10.909407615661621
    ],
    [
      6.260463714599609,
      13.454705238342285,
      15.798704147338867,
      18.234703063964844,
      31.88999366760254,
      24.73594856262207,
      36.962890625,
      32.36537170410156,
      29.012821197509766,
      27.369524002075195,
      29.828807830810547,
      29.892261505126953,
      12.631706237792969,
      11.851855278015137,
      4.300086498260498,
      4.636229991912842,
      4.430196762084961,
      5.541855812072754
    ],
    [
      3.2455708980560303,
      10.567331314086914,
      15.03553295135498,
      20.512392044067383,
      24.73594856262207,
      28.53415298461914,
      29.91329002380371,
      30.9190731048584,
      19.93202018737793,
      22.777196884155273,
      21.756620407104492,
      24.96428108215332,
      5.608950138092041,
      6.431883335113525,
      1.8878415822982788,
      2.556356191635132,
      7.163777828216553,
      8.151577949523926
    ],
    [
      6.399843215942383,
      17.197298049926758,
      18.441808700561523,
      20.652381896972656,
      36.962890625,
      29.91329002380371,
      60.71276092529297,
      49.71418762207031,
      47.39491653442383,
      42.935794830322266,
      48.34705352783203,
      46.30624771118164,
      19.908994674682617,
      18.11332130432129,
      3.4897782802581787,
      3.2440481185913086,
      -0.054068226367235184,
      2.24068021774292
    ],
    [
      3.734795331954956,
      14.59721851348877,
      19.67563819885254,
      24.098949432373047,
      32.36537170410156,
      30.9190731048584,
      49.71418762207031,
      49.496463775634766,
      37.2446403503418,
      38.1046257019043,
      39.23317337036133,
      41.141178131103516,
      14.3590087890625,
      14.3311185836792,
      4.069344520568848,
      4.501843452453613,
      7.471640110015869,
      9.287577629089355
    ],
    [
      3.3858277797698975,
      15.124502182006836,
      13.380548477172852,
      13.458887100219727,
      29.012821197509766,
      19.93202018737793,
      47.39491653442383,
      37.2446403503418,
      54.38014221191406,
      44.32658767700195,
      53.292598724365234,
      47.95280456542969,
      32.7408447265625,
      29.508464813232422,
      14.584182739257812,
      14.181793212890625,
      7.853959560394287,
      9.805196762084961
    ],
    [
      0.7359806299209595,
      12.552431106567383,
      14.749224662780762,
      17.446697235107422,
      27.369524002075195,
      22.777196884155273,
      42.935794830322266,
      38.1046257019043,
      44.32658767700195,
      42.964271545410156,
      44.78672409057617,
      43.99812316894531,
      25.718021392822266,
      24.797510147094727,
      13.409370422363281,
      13.734161376953125,
      13.597570419311523,
      15.118400573730469
    ],
    [
      2.625553846359253,
      15.887560844421387,
      13.982110977172852,
      14.866114616394043,
      29.828807830810547,
      21.756620407104492,
      48.34705352783203,
      39.23317337036133,
      53.292598724365234,
      44.78672409057617,
      63.60533142089844,
      55.62855911254883,
      45.49330520629883,
      41.56962203979492,
      26.254173278808594,
      25.86336326599121,
      21.833772659301758,
      23.73598861694336
    ],
    [
      0.7672251462936401,
      14.278953552246094,
      15.26781177520752,
      18.47393035888672,
      29.892261505126953,
      24.96428108215332,
      46.30624771118164,
      41.141178131103516,
      47.95280456542969,
      43.99812316894531,
      55.62855911254883,
      54.21815490722656,
      37.24606704711914,
      35.567928314208984,
      22.29845428466797,
      22.734241485595703,
      22.986373901367188,
      24.865562438964844
    ],
    [
      1.4638420343399048,
      6.959454536437988,
      4.842962741851807,
      3.474236488342285,
      12.631706237792969,
      5.608950138092041,
      19.908994674682617,
      14.3590087890625,
      32.7408447265625,
      25.718021392822266,
      45.49330520629883,
      37.24606704711914,
      65.90543365478516,
      60.82842254638672,
      57.76823043823242,
      58.60979080200195,
      56.2183723449707,
      56.56134033203125
    ],
    [
      -0.07683750241994858,
      5.7665114402771,
      4.009015083312988,
      4.865942001342773,
      11.851855278015137,
      6.431883335113525,
      18.11332130432129,
      14.3311185836792,
      29.508464813232422,
      24.797510147094727,
      41.56962203979492,
      35.567928314208984,
      60.82842254638672,
      60.64421844482422,
      57.5048942565918,
      59.14286804199219,
      58.480674743652344,
      58.929962158203125
    ],
    [
      -2.8120973110198975,
      -0.7155831456184387,
      1.669428825378418,
      2.742077112197876,
      4.300086498260498,
      1.8878415822982788,
      3.4897782802581787,
      4.069344520568848,
      14.584182739257812,
      13.409370422363281,
      26.254173278808594,
      22.29845428466797,
      57.76823043823242,
      57.5048942565918,
      83.89200592041016,
      84.10868072509766,
      87.0853500366211,
      87.88318634033203
    ],
    [
      -3.2758405208587646,
      -0.6181496381759644,
      2.4245598316192627,
      4.300570011138916,
      4.636229991912842,
      2.556356191635132,
      3.2440481185913086,
      4.501843452453613,
      14.181793212890625,
      13.734161376953125,
      25.86336326599121,
      22.734241485595703,
      58.60979080200195,
      59.14286804199219,
      84.10868072509766,
      89.10148620605469,
      90.22389221191406,
      91.20252990722656
    ],
    [
      -4.884876251220703,
      1.540795922279358,
      7.198580741882324,
      10.402450561523438,
      4.430196762084961,
      7.163777828216553,
      -0.054068226367235184,
      7.471640110015869,
      7.853959560394287,
      13.597570419311523,
      21.833772659301758,
      22.986373901367188,
      56.2183723449707,
      58.480674743652344,
      87.0853500366211,
      90.22389221191406,
      123.47345733642578,
      120.49287414550781
    ],
    [
      -4.900123119354248,
      1.05301833152771,
      7.709385871887207,
      10.909407615661621,
      5.541855812072754,
      8.151577949523926,
      2.24068021774292,
      9.287577629089355,
      9.805196762084961,
      15.118400573730469,
      23.73598861694336,
      24.865562438964844,
      56.56134033203125,
      58.929962158203125,
      87.88318634033203,
      91.20252990722656,
      120.49287414550781,
      121.77373504638672
    ]
  ],
  "covariance_short": [
    [
      85.0768051147461,
      41.198238372802734,
      26.13358497619629,
      11.49157428741455,
      4.022622108459473,
      4.6136474609375,
      -0.4201338589191437,
      1.5303393602371216,
      -7.730020046234131,
      -6.657534599304199,
      -10.339649200439453,
      -8.658193588256836,
      -6.33720064163208,
      -5.913045406341553,
      0.01769890822470188,
      0.16525109112262726,
      8.445233345031738,
      7.168759346008301
    ],
    [
      41.198238372802734,
      47.426998138427734,
      18.01494598388672,
      13.191842079162598,
      10.7763090133667,
      8.810283660888672,
      13.171756744384766,
      12.807382583618164,
      9.51616382598877,
      7.922915935516357,
      8.561775207519531,
      8.283173561096191,
      3.8860366344451904,
      2.5782880783081055,
      -0.06805258989334106,
      -0.3454453647136688,
      4.595574378967285,
      5.042574405670166
    ],
    [
      26.13358497619629,
      18.01494598388672,
      39.08557891845703,
      25.942317962646484,
      16.52499771118164,
      15.493109703063965,
      19.42862892150879,
      20.421314239501953,
      13.123242378234863,
      13.889349937438965,
      12.661311149597168,
      13.946248054504395,
      4.172806262969971,
      3.958568811416626,
      1.153047800064087,
      1.3546804189682007,
      6.743153095245361,
      6.008331775665283
    ],
    [
      11.49157428741455,
      13.191842079162598,
      25.942317962646484,
      38.00809097290039,
      19.10059928894043,
      21.674962997436523,
      23.611892700195312,
      27.198081970214844,
      15.688481330871582,
      19.604156494140625,
      16.519874572753906,
      20.086278915405273,
      5.259687900543213,
      6.660077095031738,
      2.4190292358398438,
      3.4989871978759766,
      8.614876747131348,
      7.976964950561523
    ],
    [
      4.022622108459473,
      10.7763090133667,
      16.52499771118164,
      19.10059928894043,
      32.18088912963867,
      22.60612678527832,
      34.88864517211914,
      30.49615478515625,
      30.883390426635742,
      28.386751174926758,
      32.38141632080078,
      31.0612850189209,
      19.312767028808594,
      17.539306640625,
      10.691959381103516,
      10.452657699584961,
      9.58245849609375,
      10.719481468200684
    ],
    [
      4.6136474609375,
      8.810283660888672,
      15.493109703063965,
      21.674962997436523,
      22.60612678527832,
      28.359350204467773,
      28.142406463623047,
      29.309206008911133,
      20.156673431396484,
      22.934547424316406,
      21.46744155883789,
      24.55035400390625,
      8.467565536499023,
      9.430912971496582,
      4.719307899475098,
      4.978096961975098,
      8.412830352783203,
      8.208517074584961
    ],
    [
      -0.4201338589191437,
      13.171756744384766,
      19.42862892150879,
      23.611892700195312,
      34.88864517211914,
      28.142406463623047,
      68.36124420166016,
      52.885169982910156,
      52.072593688964844,
      45.937744140625,
      53.10557174682617,
      50.02116012573242,
      26.87295150756836,
      24.02825927734375,
      9.214720726013184,
      8.847794532775879,
      3.6561927795410156,
      6.127543926239014
    ],
    [
      1.5303393602371216,
      12.807382583618164,
      20.421314239501953,
      27.198081970214844,
      30.49615478515625,
      29.309206008911133,
      52.885169982910156,
      54.46846008300781,
      39.94309997558594,
      40.53025817871094,
      42.37477111816406,
      43.88927459716797,
      19.361434936523438,
      19.04256820678711,
      8.131521224975586,
      8.62271785736084,
      9.454216003417969,
      10.635019302368164
    ],
    [
      -7.730020046234131,
      9.51616382598877,
      13.123242378234863,
      15.688481330871582,
      30.883390426635742,
      20.156673431396484,
      52.072593688964844,
      39.94309997558594,
      64.41667175292969,
      50.04289627075195,
      61.674957275390625,
      54.35304641723633,
      44.473167419433594,
      39.25508117675781,
      24.86833953857422,
      23.81658363342285,
      16.218313217163086,
      20.281400680541992
    ],
    [
      -6.657534599304199,
      7.922915935516357,
      13.889349937438965,
      19.604156494140625,
      28.386751174926758,
      22.934547424316406,
      45.937744140625,
      40.53025817871094,
      50.04289627075195,
      49.624027252197266,
      50.296356201171875,
      48.89326095581055,
      33.98970031738281,
      32.38108825683594,
      20.653287887573242,
      20.711471557617188,
      19.403514862060547,
      21.938121795654297
    ],
    [
      -10.339649200439453,
      8.561775207519531,
      12.661311149597168,
      16.519874572753906,
      32.38141632080078,
      21.46744155883789,
      53.10557174682617,
      42.37477111816406,
      61.674957275390625,
      50.296356201171875,
      74.8919448852539,
      63.59538650512695,
      59.96304702758789,
      53.49523162841797,
      39.60264205932617,
      38.59973907470703,
      33.11211395263672,
      37.97380065917969
    ],
    [
      -8.658193588256836,
      8.283173561096191,
      13.946248054504395,
      20.086278915405273,
      31.0612850189209,
      24.55035400390625,
      50.02116012573242,
      43.88927459716797,
      54.35304641723633,
      48.89326095581055,
      63.59538650512695,
      61.5753059387207,
      48.36290740966797,
      45.33789825439453,
      32.344078063964844,
      32.31554412841797,
      30.801517486572266,
      34.27960205078125
    ],
    [
      -6.33720064163208,
      3.8860366344451904,
      4.172806262969971,
      5.259687900543213,
      19.312767028808594,
      8.467565536499023,
      26.87295150756836,
      19.361434936523438,
      44.473167419433594,
      33.98970031738281,
      59.96304702758789,
      48.36290740966797,
      84.58684539794922,
      74.99476623535156,
      74.97815704345703,
      74.69904327392578,
      73.0439682006836,
      78.78884887695312
    ],
    [
      -5.913045406341553,
      2.5782880783081055,
      3.958568811416626,
      6.660077095031738,
      17.539306640625,
      9.430912971496582,
      24.02825927734375,
      19.04256820678711,
      39.25508117675781,
      32.38108825683594,
      53.49523162841797,
      45.33789825439453,
      74.99476623535156,
      72.35063934326172,
      70.89363098144531,
      71.9150161743164,
      72.00143432617188,
      77.11641693115234
    ],
    [
      0.01769890822470188,
      -0.06805258989334106,
      1.153047800064087,
      2.4190292358398438,
      10.691959381103516,
      4.719307899475098,
      9.214720726013184,
      8.131521224975586,
      24.86833953857422,
      20.653287887573242,
      39.60264205932617,
      32.344078063964844,
      74.97815704345703,
      70.89363098144531,
      102.39036560058594,
      100.26334381103516,
      105.30078125,
      109.00255584716797
    ],
    [
      0.16525109112262726,
      -0.3454453647136688,
      1.3546804189682007,
      3.4989871978759766,
      10.452657699584961,
      4.978096961975098,
      8.847794532775879,
      8.62271785736084,
      23.81658363342285,
      20.711471557617188,
      38.59973907470703,
      32.31554412841797,
      74.69904327392578,
      71.9150161743164,
      100.26334381103516,
      104.91386413574219,
      106.98970794677734,
      111.48013305664062
    ],
    [
      8.445233345031738,
      4.595574378967285,
      6.743153095245361,
      8.614876747131348,
      9.58245849609375,
      8.412830352783203,
      3.6561927795410156,
      9.454216003417969,
      16.218313217163086,
      19.403514862060547,
      33.11211395263672,
      30.801517486572266,
      73.0439682006836,
      72.00143432617188,
      105.30078125,
      106.98970794677734,
      143.44180297851562,
      142.79275512695312
    ],
    [
      7.168759346008301,
      5.042574405670166,
      6.008331775665283,
      7.976964950561523,
      10.719481468200684,
      8.208517074584961,
      6.127543926239014,
      10.635019302368164,
      20.281400680541992,
      21.938121795654297,
      37.97380065917969,
      34.27960205078125,
      78.78884887695312,
      77.11641693115234,
      109.00255584716797,
      111.48013305664062,
      142.79275512695312,
      147.89064025878906
    ]
  ],
  "damage": -13.453886032104492,
  "diff_bandwidth": 974.5868530273438,
  "dissonance": 10.204105430252405,
  "drr": 2.8031818866729736,
  "dynamics": 3.4938764572143555,
  "format": 1245190,
  "frames": 8953856,
  "loudness": -15.612531661987305,
  "loudness_range": 9.594992637634277,
  "loudness_range_short": 11.86037540435791,
  "lowpass_true_peak_15khz": 0.8356980085372925,
  "mastering3_acoustic_entropies": [
    {
      "acoustic_entropy": 6.824892044067383,
      "acoustic_entropy_mono": 7.2099199295043945,
      "band_eliminated_acoustic_entropies": [
        {
          "acoustic_entropy": 6.800228118896484,
          "acoustic_entropy_side": 6.824734687805176,
          "hz": 129.47220167065723
        },
        {
          "acoustic_entropy": 6.642118453979492,
          "acoustic_entropy_side": 6.835287094116211,
          "hz": 202.92927478742237
        },
        {
          "acoustic_entropy": 6.668521404266357,
          "acoustic_entropy_side": 6.8279948234558105,
          "hz": 282.89161906338205
        },
        {
          "acoustic_entropy": 6.619382381439209,
          "acoustic_entropy_side": 6.81234884262085,
          "hz": 369.9353335868758
        },
        {
          "acoustic_entropy": 6.9044952392578125,
          "acoustic_entropy_side": 6.841575622558594,
          "hz": 464.6875360973435
        },
        {
          "acoustic_entropy": 6.848358154296875,
          "acoustic_entropy_side": 6.78624963760376,
          "hz": 567.8308811364784
        },
        {
          "acoustic_entropy": 6.884450435638428,
          "acoustic_entropy_side": 6.800556182861328,
          "hz": 680.1084783214808
        },
        {
          "acoustic_entropy": 6.722805976867676,
          "acoustic_entropy_side": 6.7606120109558105,
          "hz": 802.3292461747484
        },
        {
          "acoustic_entropy": 6.653024196624756,
          "acoustic_entropy_side": 7.103147029876709,
          "hz": 935.3737400823702
        },
        {
          "acoustic_entropy": 6.891729354858398,
          "acoustic_entropy_side": 7.04979944229126,
          "hz": 1080.2004963696966
        },
        {
          "acoustic_entropy": 6.902848243713379,
          "acoustic_entropy_side": 6.792268753051758,
          "hz": 1237.8529382007157
        },
        {
          "acoustic_entropy": 6.72413444519043,
          "acoustic_entropy_side": 6.8927903175354,
          "hz": 1409.4668930556702
        },
        {
          "acoustic_entropy": 6.905369281768799,
          "acoustic_entropy_side": 6.7698516845703125,
          "hz": 1596.2787759475705
        },
        {
          "acoustic_entropy": 6.746706008911133,
          "acoustic_entropy_side": 6.9903082847595215,
          "hz": 1799.6344973346393
        },
        {
          "acoustic_entropy": 6.672948837280273,
          "acoustic_entropy_side": 7.036865711212158,
          "hz": 2020.9991599069049
        },
        {
          "acoustic_entropy": 6.712976932525635,
          "acoustic_entropy_side": 6.736780643463135,
          "hz": 2261.9676141086993
        },
        {
          "acoustic_entropy": 6.62477445602417,
          "acoustic_entropy_side": 6.756224155426025,
          "hz": 2524.2759484456974
        },
        {
          "acoustic_entropy": 6.671134948730469,
          "acoustic_entropy_side": 6.791520118713379,
          "hz": 2809.813997359896
        },
        {
          "acoustic_entropy": 6.681699275970459,
          "acoustic_entropy_side": 6.735846519470215,
          "hz": 3120.6389567871424
        },
        {
          "acoustic_entropy": 6.8213019371032715,
          "acoustic_entropy_side": 6.774470806121826,
          "hz": 3458.990205492291
        },
        {
          "acoustic_entropy": 6.869126796722412,
          "acoustic_entropy_side": 6.84400749206543,
          "hz": 3827.305438964164
        },
        {
          "acoustic_entropy": 6.6919331550598145,
          "acoustic_entropy_side": 6.78658390045166,
          "hz": 4228.238232109126
        },
        {
          "acoustic_entropy": 7.0249762535095215,
          "acoustic_entropy_side": 6.840521335601807,
          "hz": 4664.6771572759235
        },
        {
          "acoustic_entropy": 6.994937419891357,
          "acoustic_entropy_side": 6.847362041473389,
          "hz": 5139.766595350093
        },
        {
          "acoustic_entropy": 6.9101152420043945,
          "acoustic_entropy_side": 7.310196399688721,
          "hz": 5656.929389854203
        },
        {
          "acoustic_entropy": 7.003474235534668,
          "acoustic_entropy_side": 6.896617412567139,
          "hz": 6219.891507268283
        },
        {
          "acoustic_entropy": 6.929242134094238,
          "acoustic_entropy_side": 6.842931270599365,
          "hz": 6832.70888123896
        },
        {
          "acoustic_entropy": 6.84674596786499,
          "acoustic_entropy_side": 6.834705352783203,
          "hz": 7499.796634079867
        },
        {
          "acoustic_entropy": 6.815678596496582,
          "acoustic_entropy_side": 6.830517768859863,
          "hz": 8225.96088609342
        },
        {
          "acoustic_entropy": 6.872414588928223,
          "acoustic_entropy_side": 6.844727516174316,
          "hz": 9016.43338188839
        },
        {
          "acoustic_entropy": 6.8909149169921875,
          "acoustic_entropy_side": 6.859648704528809,
          "hz": 9876.909183162974
        },
        {
          "acoustic_entropy": 6.914978981018066,
          "acoustic_entropy_side": 6.876186370849609,
          "hz": 10813.587699516042
        },
        {
          "acoustic_entropy": 6.947232723236084,
          "acoustic_entropy_side": 6.892096519470215,
          "hz": 11833.21735289826
        },
        {
          "acoustic_entropy": 6.89367151260376,
          "acoustic_entropy_side": 6.877043724060059,
          "hz": 12943.144197493959
        },
        {
          "acoustic_entropy": 6.838439464569092,
          "acoustic_entropy_side": 6.837858200073242,
          "hz": 14151.364845322005
        },
        {
          "acoustic_entropy": 6.839498043060303,
          "acoustic_entropy_side": 6.831080913543701,
          "hz": 15466.58407886509
        },
        {
          "acoustic_entropy": 6.801231384277344,
          "acoustic_entropy_side": 6.790585041046143,
          "hz": 16898.27756580493
        },
        {
          "acoustic_entropy": 6.804657936096191,
          "acoustic_entropy_side": 6.809749603271484,
          "hz": 18456.760127700032
        },
        {
          "acoustic_entropy": 6.812192440032959,
          "acoustic_entropy_side": 6.81354284286499,
          "hz": 20153.260054456492
        },
        {
          "acoustic_entropy": 6.824921607971191,
          "acoustic_entropy_side": 6.824633598327637,
          "hz": 22000.00000000001
        }
      ],
      "diff_acoustic_entropy": 4.360865116119385,
      "sn": 6
    },
    {
      "acoustic_entropy": 10.957725524902344,
      "acoustic_entropy_mono": 11.055227279663086,
      "band_eliminated_acoustic_entropies": [
        {
          "acoustic_entropy": 11.210027694702148,
          "acoustic_entropy_side": 10.952936172485352,
          "hz": 129.47220167065723
        },
        {
          "acoustic_entropy": 10.963214874267578,
          "acoustic_entropy_side": 11.113333702087402,
          "hz": 202.92927478742237
        },
        {
          "acoustic_entropy": 11.153844833374023,
          "acoustic_entropy_side": 10.91555118560791,
          "hz": 282.89161906338205
        },
        {
          "acoustic_entropy": 10.998340606689453,
          "acoustic_entropy_side": 10.85440444946289,
          "hz": 369.9353335868758
        },
        {
          "acoustic_entropy": 10.95153522491455,
          "acoustic_entropy_side": 10.903258323669434,
          "hz": 464.6875360973435
        },
        {
          "acoustic_entropy": 11.211166381835938,
          "acoustic_entropy_side": 10.981377601623535,
          "hz": 567.8308811364784
        },
        {
          "acoustic_entropy": 11.419045448303223,
          "acoustic_entropy_side": 11.349420547485352,
          "hz": 680.1084783214808
        },
        {
          "acoustic_entropy": 11.15971565246582,
          "acoustic_entropy_side": 10.825200080871582,
          "hz": 802.3292461747484
        },
        {
          "acoustic_entropy": 11.128735542297363,
          "acoustic_entropy_side": 11.733121871948242,
          "hz": 935.3737400823702
        },
        {
          "acoustic_entropy": 11.429387092590332,
          "acoustic_entropy_side": 11.205069541931152,
          "hz": 1080.2004963696966
        },
        {
          "acoustic_entropy": 11.31295108795166,
          "acoustic_entropy_side": 11.092381477355957,
          "hz": 1237.8529382007157
        },
        {
          "acoustic_entropy": 11.065390586853027,
          "acoustic_entropy_side": 10.972264289855957,
          "hz": 1409.4668930556702
        },
        {
          "acoustic_entropy": 11.071775436401367,
          "acoustic_entropy_side": 10.966363906860352,
          "hz": 1596.2787759475705
        },
        {
          "acoustic_entropy": 11.081770896911621,
          "acoustic_entropy_side": 11.356884002685547,
          "hz": 1799.6344973346393
        },
        {
          "acoustic_entropy": 11.107674598693848,
          "acoustic_entropy_side": 11.342540740966797,
          "hz": 2020.9991599069049
        },
        {
          "acoustic_entropy": 11.071741104125977,
          "acoustic_entropy_side": 10.817026138305664,
          "hz": 2261.9676141086993
        },
        {
          "acoustic_entropy": 11.088353157043457,
          "acoustic_entropy_side": 10.958784103393555,
          "hz": 2524.2759484456974
        },
        {
          "acoustic_entropy": 10.782663345336914,
          "acoustic_entropy_side": 10.945441246032715,
          "hz": 2809.813997359896
        },
        {
          "acoustic_entropy": 11.103494644165039,
          "acoustic_entropy_side": 10.982418060302734,
          "hz": 3120.6389567871424
        },
        {
          "acoustic_entropy": 10.763434410095215,
          "acoustic_entropy_side": 10.886014938354492,
          "hz": 3458.990205492291
        },
        {
          "acoustic_entropy": 10.826859474182129,
          "acoustic_entropy_side": 10.868408203125,
          "hz": 3827.305438964164
        },
        {
          "acoustic_entropy": 10.844807624816895,
          "acoustic_entropy_side": 10.86718463897705,
          "hz": 4228.238232109126
        },
        {
          "acoustic_entropy": 11.130279541015625,
          "acoustic_entropy_side": 10.96713924407959,
          "hz": 4664.6771572759235
        },
        {
          "acoustic_entropy": 11.049295425415039,
          "acoustic_entropy_side": 10.932805061340332,
          "hz": 5139.766595350093
        },
        {
          "acoustic_entropy": 10.68641471862793,
          "acoustic_entropy_side": 10.973458290100098,
          "hz": 5656.929389854203
        },
        {
          "acoustic_entropy": 11.187568664550781,
          "acoustic_entropy_side": 11.08542537689209,
          "hz": 6219.891507268283
        },
        {
          "acoustic_entropy": 10.985934257507324,
          "acoustic_entropy_side": 10.87234878540039,
          "hz": 6832.70888123896
        },
        {
          "acoustic_entropy": 11.115036010742188,
          "acoustic_entropy_side": 10.896903038024902,
          "hz": 7499.796634079867
        },
        {
          "acoustic_entropy": 11.301337242126465,
          "acoustic_entropy_side": 10.845003128051758,
          "hz": 8225.96088609342
        },
        {
          "acoustic_entropy": 10.928648948669434,
          "acoustic_entropy_side": 10.904367446899414,
          "hz": 9016.43338188839
        },
        {
          "acoustic_entropy": 10.957674980163574,
          "acoustic_entropy_side": 10.927346229553223,
          "hz": 9876.909183162974
        },
        {
          "acoustic_entropy": 11.013460159301758,
          "acoustic_entropy_side": 10.968462944030762,
          "hz": 10813.587699516042
        },
        {
          "acoustic_entropy": 11.076249122619629,
          "acoustic_entropy_side": 11.087401390075684,
          "hz": 11833.21735289826
        },
        {
          "acoustic_entropy": 11.022153854370117,
          "acoustic_entropy_side": 11.006189346313477,
          "hz": 12943.144197493959
        },
        {
          "acoustic_entropy": 10.963700294494629,
          "acoustic_entropy_side": 10.964446067810059,
          "hz": 14151.364845322005
        },
        {
          "acoustic_entropy": 10.937721252441406,
          "acoustic_entropy_side": 10.9398193359375,
          "hz": 15466.58407886509
        },
        {
          "acoustic_entropy": 11.099740982055664,
          "acoustic_entropy_side": 10.87537956237793,
          "hz": 16898.27756580493
        },
        {
          "acoustic_entropy": 11.138487815856934,
          "acoustic_entropy_side": 10.962807655334473,
          "hz": 18456.760127700032
        },
        {
          "acoustic_entropy": 11.13292407989502,
          "acoustic_entropy_side": 11.067585945129395,
          "hz": 20153.260054456492
        },
        {
          "acoustic_entropy": 11.04266357421875,
          "acoustic_entropy_side": 11.01680850982666,
          "hz": 22000.00000000001
        }
      ],
      "diff_acoustic_entropy": 8.722951889038086,
      "sn": 12
    },
    {
      "acoustic_entropy": 17.669740676879883,
      "acoustic_entropy_mono": 16.922216415405273,
      "band_eliminated_acoustic_entropies": [
        {
          "acoustic_entropy": 17.154088973999023,
          "acoustic_entropy_side": 17.59231185913086,
          "hz": 129.47220167065723
        },
        {
          "acoustic_entropy": 17.617752075195312,
          "acoustic_entropy_side": 17.36263656616211,
          "hz": 202.92927478742237
        },
        {
          "acoustic_entropy": 18.39883041381836,
          "acoustic_entropy_side": 18.304662704467773,
          "hz": 282.89161906338205
        },
        {
          "acoustic_entropy": 17.279462814331055,
          "acoustic_entropy_side": 17.393312454223633,
          "hz": 369.9353335868758
        },
        {
          "acoustic_entropy": 17.3270206451416,
          "acoustic_entropy_side": 16.970991134643555,
          "hz": 464.6875360973435
        },
        {
          "acoustic_entropy": 17.4709415435791,
          "acoustic_entropy_side": 17.784271240234375,
          "hz": 567.8308811364784
        },
        {
          "acoustic_entropy": 17.502832412719727,
          "acoustic_entropy_side": 17.50025177001953,
          "hz": 680.1084783214808
        },
        {
          "acoustic_entropy": 16.807594299316406,
          "acoustic_entropy_side": 17.262104034423828,
          "hz": 802.3292461747484
        },
        {
          "acoustic_entropy": 17.266151428222656,
          "acoustic_entropy_side": 18.338260650634766,
          "hz": 935.3737400823702
        },
        {
          "acoustic_entropy": 18.24022102355957,
          "acoustic_entropy_side": 17.50606346130371,
          "hz": 1080.2004963696966
        },
        {
          "acoustic_entropy": 18.015859603881836,
          "acoustic_entropy_side": 17.906082153320312,
          "hz": 1237.8529382007157
        },
        {
          "acoustic_entropy": 18.066314697265625,
          "acoustic_entropy_side": 17.573911666870117,
          "hz": 1409.4668930556702
        },
        {
          "acoustic_entropy": 16.856515884399414,
          "acoustic_entropy_side": 17.19849395751953,
          "hz": 1596.2787759475705
        },
        {
          "acoustic_entropy": 16.948970794677734,
          "acoustic_entropy_side": 17.483776092529297,
          "hz": 1799.6344973346393
        },
        {
          "acoustic_entropy": 17.467199325561523,
          "acoustic_entropy_side": 17.256717681884766,
          "hz": 2020.9991599069049
        },
        {
          "acoustic_entropy": 17.624717712402344,
          "acoustic_entropy_side": 17.407075881958008,
          "hz": 2261.9676141086993
        },
        {
          "acoustic_entropy": 17.624160766601562,
          "acoustic_entropy_side": 17.566537857055664,
          "hz": 2524.2759484456974
        },
        {
          "acoustic_entropy": 16.671207427978516,
          "acoustic_entropy_side": 17.164955139160156,
          "hz": 2809.813997359896
        },
        {
          "acoustic_entropy": 17.54364585876465,
          "acoustic_entropy_side": 17.31698226928711,
          "hz": 3120.6389567871424
