{
  "acoustic_entropy": 190.83615112304688,
  "bands": [
    {
      "high_freq": 148.1999969482422,
      "loudness": -33.8863525390625,
      "loudness_range": 15.978864669799805,
      "mid_mean": -33.185089111328125,
      "mid_to_side_loudness": -0.5923882126808167,
      "mid_to_side_loudness_range": 8.417661666870117,
      "side_mean": -33.776546478271484
    },
    {
      "high_freq": 392.3793640136719,
      "loudness": -31.56285858154297,
      "loudness_range": 16.10906219482422,
      "low_freq": 148.1999969482422,
      "mid_mean": -29.63486671447754,
      "mid_to_side_loudness": -3.66872501373291,
      "mid_to_side_loudness_range": 8.563018798828125,
      "side_mean": -33.28715896606445
    },
    {
      "high_freq": 794.6976318359375,
      "loudness": -31.304237365722656,
      "loudness_range": 17.694459915161133,
      "low_freq": 392.3793640136719,
      "mid_mean": -29.080095291137695,
      "mid_to_side_loudness": -4.891111373901367,
      "mid_to_side_loudness_range": 9.21776008605957,
      "side_mean": -34.17006301879883
    },
    {
      "high_freq": 1457.5709228515625,
      "loudness": -33.672943115234375,
      "loudness_range": 23.32720375061035,
      "low_freq": 794.6976318359375,
      "mid_mean": -31.27170181274414,
      "mid_to_side_loudness": -5.91171932220459,
      "mid_to_side_loudness_range": 9.429821968078613,
      "side_mean": -37.373130798339844
    },
    {
      "high_freq": 2549.74365234375,
      "loudness": -37.68290328979492,
      "loudness_range": 24.78363800048828,
      "low_freq": 1457.5709228515625,
      "mid_mean": -35.57204818725586,
      "mid_to_side_loudness": -4.425027847290039,
      "mid_to_side_loudness_range": 8.109785079956055,
      "side_mean": -40.394771575927734
    },
    {
      "high_freq": 4349.24462890625,
      "loudness": -44.16008758544922,
      "loudness_range": 24.278789520263672,
      "low_freq": 2549.74365234375,
      "mid_mean": -42.62439727783203,
      "mid_to_side_loudness": -3.6817610263824463,
      "mid_to_side_loudness_range": 6.332570552825928,
      "side_mean": -46.90433120727539
    },
    {
      "high_freq": 7314.1640625,
      "loudness": -56.663360595703125,
      "loudness_range": 25.15493392944336,
      "low_freq": 4349.24462890625,
      "mid_mean": -55.21223068237305,
      "mid_to_side_loudness": -2.6767258644104004,
      "mid_to_side_loudness_range": 4.813065052032471,
      "side_mean": -57.53851318359375
    },
    {
      "high_freq": 12199.2666015625,
      "loudness": -66.38235473632812,
      "loudness_range": 16.594501495361328,
      "low_freq": 7314.1640625,
      "mid_mean": -63.376220703125,
      "mid_to_side_loudness": -1.2950947284698486,
      "mid_to_side_loudness_range": 2.314849376678467,
      "side_mean": -64.32721710205078
    },
    {
      "loudness": -71.12926483154297,
      "loudness_range": 5.0953369140625,
      "low_freq": 12199.2666015625,
      "mid_mean": -67.37510681152344,
      "mid_to_side_loudness": 0.8304603695869446,
      "mid_to_side_loudness_range": 1.3079426288604736,
      "side_mean": -66.97235107421875
    }
  ],
  "bands_short": [
    {
      "high_freq": 148.1999969482422,
      "loudness": -37.62198257446289,
      "loudness_range": 21.14297866821289,
      "mid_mean": -38.07154846191406,
      "mid_to_side_loudness": 1.415108323097229,
      "mid_to_side_loudness_range": 9.492520332336426,
      "side_mean": -36.6085205078125
    },
    {
      "high_freq": 392.3793640136719,
      "loudness": -30.551212310791016,
      "loudness_range": 15.066747665405273,
      "low_freq": 148.1999969482422,
      "mid_mean": -28.812511444091797,
      "mid_to_side_loudness": -3.325573444366455,
      "mid_to_side_loudness_range": 9.904380798339844,
      "side_mean": -32.0660400390625
    },
    {
      "high_freq": 794.6976318359375,
      "loudness": -31.98065185546875,
      "loudness_range": 18.298389434814453,
      "low_freq": 392.3793640136719,
      "mid_mean": -29.908859252929688,
      "mid_to_side_loudness": -4.619133949279785,
      "mid_to_side_loudness_range": 12.547456741333008,
      "side_mean": -34.77334213256836
    },
    {
      "high_freq": 1457.5709228515625,
      "loudness": -32.60903549194336,
      "loudness_range": 22.118717193603516,
      "low_freq": 794.6976318359375,
      "mid_mean": -30.296226501464844,
      "mid_to_side_loudness": -5.703922748565674,
      "mid_to_side_loudness_range": 11.488363265991211,
      "side_mean": -36.30206298828125
    },
    {
      "high_freq": 2549.74365234375,
      "loudness": -37.854888916015625,
      "loudness_range": 24.8355655670166,
      "low_freq": 1457.5709228515625,
      "mid_mean": -35.88137435913086,
      "mid_to_side_loudness": -4.360040187835693,
      "mid_to_side_loudness_range": 10.387994766235352,
      "side_mean": -40.71055221557617
    },
    {
      "high_freq": 4349.24462890625,
      "loudness": -44.21620559692383,
      "loudness_range": 24.549457550048828,
      "low_freq": 2549.74365234375,
      "mid_mean": -42.77531814575195,
      "mid_to_side_loudness": -3.5967295169830322,
      "mid_to_side_loudness_range": 8.26247501373291,
      "side_mean": -47.09259033203125
    },
    {
      "high_freq": 7314.1640625,
      "loudness": -56.624691009521484,
      "loudness_range": 25.65868377685547,
      "low_freq": 4349.24462890625,
      "mid_mean": -55.2384033203125,
      "mid_to_side_loudness": -2.4299371242523193,
      "mid_to_side_loudness_range": 6.353494644165039,
      "side_mean": -57.56325149536133
    },
    {
      "high_freq": 12199.2666015625,
      "loudness": -66.49419403076172,
      "loudness_range": 16.793479919433594,
      "low_freq": 7314.1640625,
      "mid_mean": -63.46004867553711,
      "mid_to_side_loudness": -1.3037915229797363,
      "mid_to_side_loudness_range": 3.2516956329345703,
      "side_mean": -64.40987396240234
    },
    {
      "loudness": -71.14025115966797,
      "loudness_range": 5.164360046386719,
      "low_freq": 12199.2666015625,
      "mid_mean": -67.37749481201172,
      "mid_to_side_loudness": 0.817466676235199,
      "mid_to_side_loudness_range": 2.0479843616485596,
      "side_mean": -66.98194885253906
    }
  ],
  "bandwidth": 597.20166015625,
  "channels": 2,
  "covariance": [
    [
      29.425556182861328,
      28.812498092651367,
      13.129362106323242,
      14.634784698486328,
      10.004741668701172,
      12.264076232910156,
      8.051166534423828,
      10.645874977111816,
      13.483537673950195,
      16.517719268798828,
      18.8424072265625,
      20.84881019592285,
      16.762374877929688,
      16.008527755737305,
      10.231396675109863,
      8.659089088439941,
      1.6730000972747803,
      1.515819787979126
    ],
    [
      28.812498092651367,
      38.88874816894531,
      10.462566375732422,
      12.277497291564941,
      8.83382797241211,
      10.791767120361328,
      7.324302673339844,
      10.257678985595703,
      13.292447090148926,
      15.46235179901123,
      18.926347732543945,
      20.37322425842285,
      16.275192260742188,
      15.252985000610352,
      10.24830436706543,
      8.37583065032959,
      1.583383560180664,
      1.3060461282730103
    ],
    [
      13.129362106323242,
      10.462566375732422,
      35.331298828125,
      35.20634078979492,
      26.862136840820312,
      29.372352600097656,
      31.2974910736084,
      32.37894821166992,
      31.518842697143555,
      31.977807998657227,
      34.35394287109375,
      37.50676727294922,
      36.0188102722168,
      32.5452995300293,
      18.31600570678711,
      15.968974113464355,
      3.075089931488037,
      3.3424956798553467
    ],
    [
      14.634784698486328,
      12.277497291564941,
      35.20634078979492,
      44.61500930786133,
      28.118362426757812,
      31.94832992553711,
      32.690277099609375,
      35.28519058227539,
      33.76344680786133,
      34.69770431518555,
      36.05280303955078,
      39.937782287597656,
      38.03669738769531,
      34.5537223815918,
      19.556053161621094,
      17.017362594604492,
      3.118945837020874,
      3.283144474029541
    ],
    [
      10.004741668701172,
      8.83382797241211,
      26.862136840820312,
      28.118362426757812,
      43.86321258544922,
      35.6480712890625,
      37.666202545166016,
      37.412601470947266,
      37.553829193115234,
      35.33757781982422,
      37.74897384643555,
      39.66939926147461,
      37.81235122680664,
      33.42695999145508,
      18.968700408935547,
      16.524076461791992,
      3.253446102142334,
      3.5597009658813477
    ],
    [
      12.264076232910156,
      10.791767120361328,
      29.372352600097656,
      31.94832992553711,
      35.6480712890625,
      43.16375732421875,
      31.743009567260742,
      33.20663070678711,
      33.240989685058594,
      33.930728912353516,
      35.07822036743164,
      39.490169525146484,
      40.44560241699219,
      36.3656120300293,
      19.09219741821289,
      16.858888626098633,
      3.181624174118042,
      3.503115653991699
    ],
    [
      8.051166534423828,
      7.324302673339844,
      31.2974910736084,
      32.690277099609375,
      37.666202545166016,
      31.743009567260742,
      73.41326141357422,
      63.51384735107422,
      64.08988189697266,
      55.80032730102539,
      64.16204071044922,
      56.77715301513672,
      55.89198684692383,
      48.5916633605957,
      28.010746002197266,
      24.021095275878906,
      4.921843528747559,
      5.371189117431641
    ],
    [
      10.645874977111816,
      10.257678985595703,
      32.37894821166992,
      35.28519058227539,
      37.412601470947266,
      33.20663070678711,
      63.51384735107422,
      67.85285186767578,
      60.204959869384766,
      57.40898895263672,
      62.979244232177734,
      59.040836334228516,
      54.68180465698242,
      49.17530059814453,
      28.00374412536621,
      24.174007415771484,
      4.67880392074585,
      4.99941349029541
    ],
    [
      13.483537673950195,
      13.292447090148926,
      31.518842697143555,
      33.76344680786133,
      37.553829193115234,
      33.240989685058594,
      64.08988189697266,
      60.204959869384766,
      80.59867095947266,
      69.89273071289062,
      75.17903137207031,
      67.70574951171875,
      61.3902473449707,
      54.155113220214844,
      32.017581939697266,
      27.516292572021484,
      5.773491859436035,
      6.25048303604126
    ],
    [
      16.517719268798828,
      15.46235179901123,
      31.977807998657227,
      34.69770431518555,
      35.33757781982422,
      33.930728912353516,
      55.80032730102539,
      57.40898895263672,
      69.89273071289062,
      71.46784973144531,
      71.0658950805664,
      69.06653594970703,
      58.48224639892578,
      53.390560150146484,
      30.851726531982422,
      26.859758377075195,
      5.386913776397705,
      5.751659393310547
    ],
    [
      18.8424072265625,
      18.926347732543945,
      34.35394287109375,
      36.05280303955078,
      37.74897384643555,
      35.07822036743164,
      64.16204071044922,
      62.979244232177734,
      75.17903137207031,
      71.0658950805664,
      84.95237731933594,
      78.38674926757812,
      66.33650207519531,
      59.630592346191406,
      35.22678756713867,
      30.25835609436035,
      6.410517692565918,
      6.9766926765441895
    ],
    [
      20.84881019592285,
      20.37322425842285,
      37.50676727294922,
      39.937782287597656,
      39.66939926147461,
      39.490169525146484,
      56.77715301513672,
      59.040836334228516,
      67.70574951171875,
      69.06653594970703,
      78.38674926757812,
      85.21212005615234,
      67.2319107055664,
      61.891624450683594,
      35.47053909301758,
      30.80703353881836,
      6.279290676116943,
      6.755971908569336
    ],
    [
      16.762374877929688,
      16.275192260742188,
      36.0188102722168,
      38.03669738769531,
      37.81235122680664,
      40.44560241699219,
      55.89198684692383,
      54.68180465698242,
      61.3902473449707,
      58.48224639892578,
      66.33650207519531,
      67.2319107055664,
      74.83918762207031,
      66.2016830444336,
      36.40869140625,
      31.731678009033203,
      7.190513610839844,
      8.041631698608398
    ],
    [
      16.008527755737305,
      15.252985000610352,
      32.5452995300293,
      34.5537223815918,
      33.42695999145508,
      36.3656120300293,
      48.5916633605957,
      49.17530059814453,
      54.155113220214844,
      53.390560150146484,
      59.630592346191406,
      61.891624450683594,
      66.2016830444336,
      60.53654098510742,
      33.45301055908203,
      29.501920700073242,
      6.590879440307617,
      7.2840471267700195
    ],
    [
      10.231396675109863,
      10.24830436706543,
      18.31600570678711,
      19.556053161621094,
      18.968700408935547,
      19.09219741821289,
      28.010746002197266,
      28.00374412536621,
      32.017581939697266,
      30.851726531982422,
      35.22678756713867,
      35.47053909301758,
      36.40869140625,
      33.45301055908203,
      22.30251121520996,
      19.69748306274414,
      4.5694260597229,
      5.022371768951416
    ],
    [
      8.659089088439941,
      8.37583065032959,
      15.968974113464355,
      17.017362594604492,
      16.524076461791992,
      16.858888626098633,
      24.021095275878906,
      24.174007415771484,
      27.516292572021484,
      26.859758377075195,
      30.25835609436035,
      30.80703353881836,
      31.731678009033203,
      29.501920700073242,
      19.69748306274414,
      17.732269287109375,
      4.112570285797119,
      4.5223164558410645
    ],
    [
      1.6730000972747803,
      1.583383560180664,
      3.075089931488037,
      3.118945837020874,
      3.253446102142334,
      3.181624174118042,
      4.921843528747559,
      4.67880392074585,
      5.773491859436035,
      5.386913776397705,
      6.410517692565918,
      6.279290676116943,
      7.190513610839844,
      6.590879440307617,
      4.5694260597229,
      4.112570285797119,
      1.3356941938400269,
      1.5143245458602905
    ],
    [
      1.515819787979126,
      1.3060461282730103,
      3.3424956798553467,
      3.283144474029541,
      3.5597009658813477,
      3.503115653991699,
      5.371189117431641,
      4.99941349029541,
      6.25048303604126,
      5.751659393310547,
      6.9766926765441895,
      6.755971908569336,
      8.041631698608398,
      7.2840471267700195,
      5.022371768951416,
      4.5223164558410645,
      1.5143245458602905,
      1.8030157089233398
    ]
  ],
  "covariance_short": [
    [
      51.88660430908203,
      49.62395095825195,
      14.954580307006836,
      17.25766944885254,
      10.37917423248291,
      12.134483337402344,
      8.185822486877441,
      10.149588584899902,
      14.357025146484375,
      17.52787971496582,
      20.28469467163086,
      22.1296443939209,
      16.198888778686523,
      15.618277549743652,
      10.531700134277344,
      8.761399269104004,
      1.5206111669540405,
      1.2184381484985352
    ],
    [
      49.62395095825195,
      62.1415901184082,
      12.507454872131348,
      15.285133361816406,
      9.372126579284668,
      10.461217880249023,
      7.225491046905518,
      8.937960624694824,
      13.788924217224121,
      15.834153175354004,
      20.10439109802246,
      21.52825164794922,
      15.931029319763184,
      14.913636207580566,
      10.763428688049316,
      8.712495803833008,
      1.667185664176941,
      1.3132636547088623
    ],
    [
      14.954580307006836,
      12.507454872131348,
      29.40476417541504,
      25.51315689086914,
      23.445125579833984,
      24.785945892333984,
      23.826107025146484,
      24.890520095825195,
      26.666217803955078,
      27.934038162231445,
      30.087547302246094,
      33.53142547607422,
      30.50821876525879,
      27.756391525268555,
      15.57032585144043,
      13.534760475158691,
      2.655519723892212,
      2.8158974647521973
    ],
    [
      17.25766944885254,
      15.285133361816406,
      25.51315689086914,
      34.36861038208008,
      24.4124698638916,
      26.28970718383789,
      23.914609909057617,
      25.602327346801758,
      27.45246696472168,
      29.076690673828125,
      30.455154418945312,
      34.47615432739258,
      30.436477661132812,
      28.076148986816406,
      15.871110916137695,
      13.722296714782715,
      2.5249907970428467,
      2.5657360553741455
    ],
    [
      10.37917423248291,
      9.372126579284668,
      23.445125579833984,
      24.4124698638916,
      47.856727600097656,
      35.936405181884766,
      37.11015319824219,
      35.68928527832031,
      38.11705017089844,
      36.20911407470703,
      38.651512145996094,
      40.309452056884766,
      38.218780517578125,
      34.0399169921875,
      19.33926773071289,
      16.77147102355957,
      3.4424376487731934,
      3.7258622646331787
    ],
    [
      12.134483337402344,
      10.461217880249023,
      24.785945892333984,
      26.28970718383789,
      35.936405181884766,
      45.977901458740234,
      30.569286346435547,
      31.78887939453125,
      33.83964538574219,
      34.63850402832031,
      35.81972122192383,
      40.7119255065918,
      40.025169372558594,
      36.127716064453125,
      19.06496810913086,
      16.771469116210938,
      3.267975091934204,
      3.5639805793762207
    ],
    [
      8.185822486877441,
      7.225491046905518,
      23.826107025146484,
      23.914609909057617,
      37.11015319824219,
      30.569286346435547,
      65.66063690185547,
      52.80213928222656,
      58.092857360839844,
      50.9737548828125,
      57.77054214477539,
      51.65108871459961,
      49.460472106933594,
      42.877357482910156,
      24.632783889770508,
      20.98956871032715,
      4.406486511230469,
      4.766014575958252
    ],
    [
      10.149588584899902,
      8.937960624694824,
      24.890520095825195,
      25.602327346801758,
      35.68928527832031,
      31.78887939453125,
      52.80213928222656,
      59.67531204223633,
      54.044105529785156,
      51.986419677734375,
      55.81742858886719,
      53.550716400146484,
      47.9298210144043,
      43.23236846923828,
      24.553438186645508,
      21.13759422302246,
      4.185816764831543,
      4.4695539474487305
    ],
    [
      14.357025146484375,
      13.788924217224121,
      26.666217803955078,
      27.45246696472168,
      38.11705017089844,
      33.83964538574219,
      58.092857360839844,
      54.044105529785156,
      83.37942504882812,
      70.15467071533203,
      75.33149719238281,
      67.99126434326172,
      61.35028839111328,
      54.10971450805664,
      31.896175384521484,
      27.2929630279541,
      5.840843200683594,
      6.287930965423584
    ],
    [
      17.52787971496582,
      15.834153175354004,
      27.934038162231445,
      29.076690673828125,
      36.20911407470703,
      34.63850402832031,
      50.9737548828125,
      51.986419677734375,
      70.15467071533203,
      74.23609924316406,
      71.07176971435547,
      69.39321899414062,
      58.29747772216797,
      53.44066619873047,
      30.64189338684082,
      26.605854034423828,
      5.411320209503174,
      5.769301414489746
    ],
    [
      20.28469467163086,
      20.10439109802246,
      30.087547302246094,
      30.455154418945312,
      38.651512145996094,
      35.81972122192383,
      57.77054214477539,
      55.81742858886719,
      75.33149719238281,
      71.07176971435547,
      86.14950561523438,
      78.08036804199219,
      66.01377868652344,
      59.35261917114258,
      34.84580612182617,
      29.876712799072266,
      6.420305252075195,
      6.949099540710449
    ],
    [
      22.1296443939209,
      21.52825164794922,
      33.53142547607422,
      34.47615432739258,
      40.309452056884766,
      40.7119255065918,
      51.65108871459961,
      53.550716400146484,
      67.99126434326172,
      69.39321899414062,
      78.08036804199219,
      88.08370208740234,
      67.82172393798828,
      62.67386245727539,
      35.32380294799805,
      30.691038131713867,
      6.2771897315979,
      6.748095512390137
    ],
    [
      16.198888778686523,
      15.931029319763184,
      30.50821876525879,
      30.436477661132812,
      38.218780517578125,
      40.025169372558594,
      49.460472106933594,
      47.9298210144043,
      61.35028839111328,
      58.29747772216797,
      66.01377868652344,
      67.82172393798828,
      75.71337890625,
      66.21510314941406,
      35.948360443115234,
      31.29374122619629,
      7.169649124145508,
      7.987747669219971
    ],
    [
      15.618277549743652,
      14.913636207580566,
      27.756391525268555,
      28.076148986816406,
      34.0399169921875,
      36.127716064453125,
      42.877357482910156,
      43.23236846923828,
      54.10971450805664,
      53.44066619873047,
      59.35261917114258,
      62.67386245727539,
      66.21510314941406,
      61.46695327758789,
      33.02986145019531,
      29.13699722290039,
      6.554790019989014,
      7.23586368560791
    ],
    [
      10.531700134277344,
      10.763428688049316,
      15.57032585144043,
      15.871110916137695,
      19.33926773071289,
      19.06496810913086,
      24.632783889770508,
      24.553438186645508,
      31.896175384521484,
      30.64189338684082,
      34.84580612182617,
      35.32380294799805,
      35.948360443115234,
      33.02986145019531,
      22.481592178344727,
      19.646034240722656,
      4.589191913604736,
      5.011406898498535
    ],
    [
      8.761399269104004,
      8.712495803833008,
      13.534760475158691,
      13.722296714782715,
      16.77147102355957,
      16.771469116210938,
      20.98956871032715,
      21.13759422302246,
      27.2929630279541,
      26.605854034423828,
      29.876712799072266,
      30.691038131713867,
      31.29374122619629,
      29.13699722290039,
      19.646034240722656,
      17.866268157958984,
      4.1074538230896,
      4.532925605773926
    ],
    [
      1.5206111669540405,
      1.667185664176941,
      2.655519723892212,
      2.5249907970428467,
      3.4424376487731934,
      3.267975091934204,
      4.406486511230469,
      4.185816764831543,
      5.840843200683594,
      5.411320209503174,
      6.420305252075195,
      6.2771897315979,
      7.169649124145508,
      6.554790019989014,
      4.589191913604736,
      4.1074538230896,
      1.4193766117095947,
      1.5528931617736816
    ],
    [
      1.2184381484985352,
      1.3132636547088623,
      2.8158974647521973,
      2.5657360553741455,
      3.7258622646331787,
      3.5639805793762207,
      4.766014575958252,
      4.4695539474487305,
      6.287930965423584,
      5.769301414489746,
      6.949099540710449,
      6.748095512390137,
      7.987747669219971,
      7.23586368560791,
      5.011406898498535,
      4.532925605773926,
      1.5528931617736816,
      1.8768343925476074
    ]
  ],
  "damage": -15.857488632202148,
  "diff_bandwidth": 635.8890991210938,
  "dissonance": 4.712458890785367,
  "drr": 10.948719024658203,
  "dynamics": 4.7426581382751465,
  "format": 1245190,
  "frames": 8278976,
  "loudness": -21.20425796508789,
  "loudness_range": 14.709388732910156,
  "loudness_range_short": 15.3087797164917,
  "lowpass_true_peak_15khz": -3.170116424560547,
  "mastering3_acoustic_entropies": [
    {
      "acoustic_entropy": 8.125696182250977,
      "acoustic_entropy_mono": 7.1378679275512695,
      "band_eliminated_acoustic_entropies": [
        {
          "acoustic_entropy": 8.143464088439941,
          "acoustic_entropy_side": 8.132713317871094,
          "hz": 129.47220167065723
        },
        {
          "acoustic_entropy": 8.514267921447754,
          "acoustic_entropy_side": 8.240767478942871,
          "hz": 202.92927478742237
        },
        {
          "acoustic_entropy": 8.108859062194824,
          "acoustic_entropy_side": 8.339400291442871,
          "hz": 282.89161906338205
        },
        {
          "acoustic_entropy": 8.093323707580566,
          "acoustic_entropy_side": 8.04712963104248,
          "hz": 369.9353335868758
        },
        {
          "acoustic_entropy": 7.578927993774414,
          "acoustic_entropy_side": 8.039878845214844,
          "hz": 464.6875360973435
        },
        {
          "acoustic_entropy": 7.553435325622559,
          "acoustic_entropy_side": 8.130791664123535,
          "hz": 567.8308811364784
        },
        {
          "acoustic_entropy": 7.3178606033325195,
          "acoustic_entropy_side": 8.225578308105469,
          "hz": 680.1084783214808
        },
        {
          "acoustic_entropy": 7.522721290588379,
          "acoustic_entropy_side": 8.298952102661133,
          "hz": 802.3292461747484
        },
        {
          "acoustic_entropy": 7.599363803863525,
          "acoustic_entropy_side": 8.381450653076172,
          "hz": 935.3737400823702
        },
        {
          "acoustic_entropy": 7.828765392303467,
          "acoustic_entropy_side": 8.209389686584473,
          "hz": 1080.2004963696966
        },
        {
          "acoustic_entropy": 6.936799049377441,
          "acoustic_entropy_side": 8.157781600952148,
          "hz": 1237.8529382007157
        },
        {
          "acoustic_entropy": 7.521122932434082,
          "acoustic_entropy_side": 7.690869331359863,
          "hz": 1409.4668930556702
        },
        {
          "acoustic_entropy": 7.99821138381958,
          "acoustic_entropy_side": 7.529189109802246,
          "hz": 1596.2787759475705
        },
        {
          "acoustic_entropy": 8.192667961120605,
          "acoustic_entropy_side": 8.009007453918457,
          "hz": 1799.6344973346393
        },
        {
          "acoustic_entropy": 8.115215301513672,
          "acoustic_entropy_side": 8.116252899169922,
          "hz": 2020.9991599069049
        },
        {
          "acoustic_entropy": 8.126290321350098,
          "acoustic_entropy_side": 8.133960723876953,
          "hz": 2261.9676141086993
        },
        {
          "acoustic_entropy": 8.043848991394043,
          "acoustic_entropy_side": 8.137063980102539,
          "hz": 2524.2759484456974
        },
        {
          "acoustic_entropy": 7.738372325897217,
          "acoustic_entropy_side": 8.209460258483887,
          "hz": 2809.813997359896
        },
        {
          "acoustic_entropy": 8.082808494567871,
          "acoustic_entropy_side": 8.157565116882324,
          "hz": 3120.6389567871424
        },
        {
          "acoustic_entropy": 7.7337799072265625,
          "acoustic_entropy_side": 8.056109428405762,
          "hz": 3458.990205492291
        },
        {
          "acoustic_entropy": 8.200161933898926,
          "acoustic_entropy_side": 8.156390190124512,
          "hz": 3827.305438964164
        },
        {
          "acoustic_entropy": 8.171913146972656,
          "acoustic_entropy_side": 8.1399507522583,
          "hz": 4228.238232109126
        },
        {
          "acoustic_entropy": 8.137028694152832,
          "acoustic_entropy_side": 8.130510330200195,
          "hz": 4664.6771572759235
        },
        {
          "acoustic_entropy": 8.132665634155273,
          "acoustic_entropy_side": 8.128824234008789,
          "hz": 5139.766595350093
        },
        {
          "acoustic_entropy": 8.130537986755371,
          "acoustic_entropy_side": 8.127121925354004,
          "hz": 5656.929389854203
        },
        {
          "acoustic_entropy": 8.133806228637695,
          "acoustic_entropy_side": 8.127702713012695,
          "hz": 6219.891507268283
        },
        {
          "acoustic_entropy": 8.127218246459961,
          "acoustic_entropy_side": 8.125953674316406,
          "hz": 6832.70888123896
        },
        {
          "acoustic_entropy": 8.126173973083496,
          "acoustic_entropy_side": 8.12582778930664,
          "hz": 7499.796634079867
        },
        {
          "acoustic_entropy": 8.126296043395996,
          "acoustic_entropy_side": 8.12584114074707,
          "hz": 8225.96088609342
        },
        {
          "acoustic_entropy": 8.125809669494629,
          "acoustic_entropy_side": 8.12572193145752,
          "hz": 9016.43338188839
        },
        {
          "acoustic_entropy": 8.125720024108887,
          "acoustic_entropy_side": 8.125701904296875,
          "hz": 9876.909183162974
        },
        {
          "acoustic_entropy": 8.125694274902344,
          "acoustic_entropy_side": 8.12569522857666,
          "hz": 10813.587699516042
        },
        {
          "acoustic_entropy": 8.125704765319824,
          "acoustic_entropy_side": 8.125699996948242,
          "hz": 11833.21735289826
        },
        {
          "acoustic_entropy": 8.125697135925293,
          "acoustic_entropy_side": 8.125696182250977,
          "hz": 12943.144197493959
        },
        {
          "acoustic_entropy": 8.125697135925293,
          "acoustic_entropy_side": 8.125697135925293,
          "hz": 14151.364845322005
        },
        {
          "acoustic_entropy": 8.125699043273926,
          "acoustic_entropy_side": 8.12569808959961,
          "hz": 15466.58407886509
        },
        {
          "acoustic_entropy": 8.125699043273926,
          "acoustic_entropy_side": 8.12569808959961,
          "hz": 16898.27756580493
        },
        {
          "acoustic_entropy": 8.125697135925293,
          "acoustic_entropy_side": 8.125697135925293,
          "hz": 18456.760127700032
        },
        {
          "acoustic_entropy": 8.125696182250977,
          "acoustic_entropy_side": 8.125696182250977,
          "hz": 20153.260054456492
        },
        {
          "acoustic_entropy": 8.125696182250977,
          "acoustic_entropy_side": 8.125696182250977,
          "hz": 22000.00000000001
        }
      ],
      "diff_acoustic_entropy": 1.1162153482437134,
      "sn": 6
    },
    {
      "acoustic_entropy": 11.170487403869629,
      "acoustic_entropy_mono": 10.544657707214355,
      "band_eliminated_acoustic_entropies": [
        {
          "acoustic_entropy": 10.644128799438477,
          "acoustic_entropy_side": 10.944665908813477,
          "hz": 129.47220167065723
        },
        {
          "acoustic_entropy": 11.089164733886719,
          "acoustic_entropy_side": 11.113510131835938,
          "hz": 202.92927478742237
        },
        {
          "acoustic_entropy": 10.513296127319336,
          "acoustic_entropy_side": 10.867894172668457,
          "hz": 282.89161906338205
        },
        {
          "acoustic_entropy": 10.781087875366211,
          "acoustic_entropy_side": 11.105884552001953,
          "hz": 369.9353335868758
        },
        {
          "acoustic_entropy": 10.72965145111084,
          "acoustic_entropy_side": 11.294981956481934,
          "hz": 464.6875360973435
        },
        {
          "acoustic_entropy": 10.555994987487793,
          "acoustic_entropy_side": 10.91755199432373,
          "hz": 567.8308811364784
        },
        {
          "acoustic_entropy": 10.620843887329102,
          "acoustic_entropy_side": 10.956905364990234,
          "hz": 680.1084783214808
        },
        {
          "acoustic_entropy": 10.755210876464844,
          "acoustic_entropy_side": 11.270530700683594,
          "hz": 802.3292461747484
        },
        {
          "acoustic_entropy": 11.229228019714355,
          "acoustic_entropy_side": 11.746481895446777,
          "hz": 935.3737400823702
        },
        {
          "acoustic_entropy": 10.333786010742188,
          "acoustic_entropy_side": 10.770912170410156,
          "hz": 1080.2004963696966
        },
        {
          "acoustic_entropy": 10.226677894592285,
          "acoustic_entropy_side": 11.102679252624512,
          "hz": 1237.8529382007157
        },
        {
          "acoustic_entropy": 10.334487915039062,
          "acoustic_entropy_side": 11.224847793579102,
          "hz": 1409.4668930556702
        },
        {
          "acoustic_entropy": 11.408300399780273,
          "acoustic_entropy_side": 10.791312217712402,
          "hz": 1596.2787759475705
        },
        {
          "acoustic_entropy": 11.16980266571045,
          "acoustic_entropy_side": 10.948878288269043,
          "hz": 1799.6344973346393
        },
        {
          "acoustic_entropy": 10.972259521484375,
          "acoustic_entropy_side": 11.158062934875488,
          "hz": 2020.9991599069049
        },
        {
          "acoustic_entropy": 11.238151550292969,
          "acoustic_entropy_side": 11.48328971862793,
          "hz": 2261.9676141086993
        },
        {
          "acoustic_entropy": 10.622881889343262,
          "acoustic_entropy_side": 11.040120124816895,
          "hz": 2524.2759484456974
        },
        {
          "acoustic_entropy": 10.852032661437988,
          "acoustic_entropy_side": 11.021302223205566,
          "hz": 2809.813997359896
        },
        {
          "acoustic_entropy": 10.956822395324707,
          "acoustic_entropy_side": 10.982575416564941,
          "hz": 3120.6389567871424
        },
        {
          "acoustic_entropy": 11.911599159240723,
          "acoustic_entropy_side": 11.857650756835938,
          "hz": 3458.990205492291
        },
        {
          "acoustic_entropy": 11.287431716918945,
          "acoustic_entropy_side": 11.470390319824219,
          "hz": 3827.305438964164
        },
        {
          "acoustic_entropy": 11.122916221618652,
          "acoustic_entropy_side": 11.0681791305542,
          "hz": 4228.238232109126
        },
        {
          "acoustic_entropy": 11.345316886901855,
          "acoustic_entropy_side": 11.153324127197266,
          "hz": 4664.6771572759235
        },
        {
          "acoustic_entropy": 11.296595573425293,
          "acoustic_entropy_side": 11.166678428649902,
          "hz": 5139.766595350093
        },
        {
          "acoustic_entropy": 11.175600051879883,
          "acoustic_entropy_side": 11.179048538208008,
          "hz": 5656.929389854203
        },
        {
          "acoustic_entropy": 11.134542465209961,
          "acoustic_entropy_side": 11.164402961730957,
          "hz": 6219.891507268283
        },
        {
          "acoustic_entropy": 11.197713851928711,
          "acoustic_entropy_side": 11.18272876739502,
          "hz": 6832.70888123896
        },
        {
          "acoustic_entropy": 11.175565719604492,
          "acoustic_entropy_side": 11.173568725585938,
          "hz": 7499.796634079867
        },
        {
          "acoustic_entropy": 11.172684669494629,
          "acoustic_entropy_side": 11.17099380493164,
          "hz": 8225.96088609342
        },
        {
          "acoustic_entropy": 11.171786308288574,
          "acoustic_entropy_side": 11.170891761779785,
          "hz": 9016.43338188839
        },
        {
          "acoustic_entropy": 11.170880317687988,
          "acoustic_entropy_side": 11.170632362365723,
          "hz": 9876.909183162974
        },
        {
          "acoustic_entropy": 11.170592308044434,
          "acoustic_entropy_side": 11.170548439025879,
          "hz": 10813.587699516042
        },
        {
          "acoustic_entropy": 11.170564651489258,
          "acoustic_entropy_side": 11.170530319213867,
          "hz": 11833.21735289826
        },
        {
          "acoustic_entropy": 11.170510292053223,
          "acoustic_entropy_side": 11.170502662658691,
          "hz": 12943.144197493959
        },
        {
          "acoustic_entropy": 11.170511245727539,
          "acoustic_entropy_side": 11.170504570007324,
          "hz": 14151.364845322005
        },
        {
          "acoustic_entropy": 11.170536041259766,
          "acoustic_entropy_side": 11.170525550842285,
          "hz": 15466.58407886509
        },
        {
          "acoustic_entropy": 11.170510292053223,
          "acoustic_entropy_side": 11.17050838470459,
          "hz": 16898.27756580493
        },
        {
          "acoustic_entropy": 11.170491218566895,
          "acoustic_entropy_side": 11.170490264892578,
          "hz": 18456.760127700032
        },
        {
          "acoustic_entropy": 11.170488357543945,
          "acoustic_entropy_side": 11.170487403869629,
          "hz": 20153.260054456492
        },
        {
          "acoustic_entropy": 11.170487403869629,
          "acoustic_entropy_side": 11.170487403869629,
          "hz": 22000.00000000001
        }
      ],
      "diff_acoustic_entropy": 2.5969181060791016,
      "sn": 12
    },
    {
      "acoustic_entropy": 17.058197021484375,
      "acoustic_entropy_mono": 15.614446640014648,
      "band_eliminated_acoustic_entropies": [
        {
          "acoustic_entropy": 14.992931365966797,
          "acoustic_entropy_side": 15.406225204467773,
          "hz": 129.47220167065723
        },
        {
          "acoustic_entropy": 16.969396591186523,
          "acoustic_entropy_side": 17.256267547607422,
          "hz": 202.92927478742237
        },
        {
          "acoustic_entropy": 15.986422538757324,
          "acoustic_entropy_side": 16.52257537841797,
          "hz": 282.89161906338205
        },
        {
          "acoustic_entropy": 16.216156005859375,
          "acoustic_entropy_side": 16.256879806518555,
          "hz": 369.9353335868758
        },
        {
          "acoustic_entropy": 16.277427673339844,
          "acoustic_entropy_side": 16.45317840576172,
          "hz": 464.6875360973435
        },
        {
          "acoustic_entropy": 16.663959503173828,
          "acoustic_entropy_side": 17.124929428100586,
          "hz": 567.8308811364784
        },
        {
          "acoustic_entropy": 16.488283157348633,
          "acoustic_entropy_side": 16.499380111694336,
          "hz": 680.1084783214808
        },
        {
          "acoustic_entropy": 16.04913902282715,
          "acoustic_entropy_side": 16.561220169067383,
          "hz": 802.3292461747484
        },
        {
          "acoustic_entropy": 15.811448097229004,
          "acoustic_entropy_side": 16.488353729248047,
          "hz": 935.3737400823702
        },
        {
          "acoustic_entropy": 16.225130081176758,
          "acoustic_entropy_side": 16.060718536376953,
          "hz": 1080.2004963696966
        },
        {
          "acoustic_entropy": 16.48471450805664,
          "acoustic_entropy_side": 17.58955955505371,
          "hz": 1237.8529382007157
        },
        {
          "acoustic_entropy": 16.803375244140625,
          "acoustic_entropy_side": 17.273359298706055,
          "hz": 1409.4668930556702
        },
        {
          "acoustic_entropy": 15.903483390808105,
          "acoustic_entropy_side": 17.499235153198242,
          "hz": 1596.2787759475705
        },
        {
          "acoustic_entropy": 16.943527221679688,
          "acoustic_entropy_side": 17.409931182861328,
          "hz": 1799.6344973346393
        },
        {
          "acoustic_entropy": 16.632055282592773,
          "acoustic_entropy_side": 16.904752731323242,
          "hz": 2020.9991599069049
        },
        {
          "acoustic_entropy": 16.58309555053711,
          "acoustic_entropy_side": 16.811426162719727,
          "hz": 2261.9676141086993
        },
        {
          "acoustic_entropy": 16.902328491210938,
          "acoustic_entropy_side": 17.105253219604492,
          "hz": 2524.2759484456974
        },
        {
          "acoustic_entropy": 16.00558853149414,
          "acoustic_entropy_side": 16.80628776550293,
          "hz": 2809.813997359896
        },
        {
          "acoustic_entropy": 16.641897201538086,
          "acoustic_entropy_side": 16.773330688476562,
          "hz": 3120.6389567871424
        },
        {
