{
  "acoustic_entropy": 179.3394012451172,
  "bands": [
    {
      "high_freq": 148.1999969482422,
      "loudness": -28.522491455078125,
      "loudness_range": 11.718271255493164,
      "mid_mean": -25.24411392211914,
      "mid_to_side_loudness": -10.749188423156738,
      "mid_to_side_loudness_range": 4.300045967102051,
      "side_mean": -36.087921142578125
    },
    {
      "high_freq": 392.3793640136719,
      "loudness": -23.087739944458008,
      "loudness_range": 6.255998611450195,
      "low_freq": 148.1999969482422,
      "mid_mean": -20.030912399291992,
      "mid_to_side_loudness": -8.329516410827637,
      "mid_to_side_loudness_range": 2.8635926246643066,
      "side_mean": -28.345142364501953
    },
    {
      "high_freq": 794.6976318359375,
      "loudness": -28.817184448242188,
      "loudness_range": 8.529064178466797,
      "low_freq": 392.3793640136719,
      "mid_mean": -25.652496337890625,
      "mid_to_side_loudness": -9.623505592346191,
      "mid_to_side_loudness_range": 7.48969030380249,
      "side_mean": -35.356964111328125
    },
    {
      "high_freq": 1457.5709228515625,
      "loudness": -28.595117568969727,
      "loudness_range": 13.455001831054688,
      "low_freq": 794.6976318359375,
      "mid_mean": -25.237407684326172,
      "mid_to_side_loudness": -13.442127227783203,
      "mid_to_side_loudness_range": 13.011063575744629,
      "side_mean": -38.5355110168457
    },
    {
      "high_freq": 2549.74365234375,
      "loudness": -30.455345153808594,
      "loudness_range": 13.32015609741211,
      "low_freq": 1457.5709228515625,
      "mid_mean": -27.032920837402344,
      "mid_to_side_loudness": -13.804314613342285,
      "mid_to_side_loudness_range": 12.334233283996582,
      "side_mean": -40.739410400390625
    },
    {
      "high_freq": 4349.24462890625,
      "loudness": -39.03139877319336,
      "loudness_range": 13.155559539794922,
      "low_freq": 2549.74365234375,
      "mid_mean": -35.72408676147461,
      "mid_to_side_loudness": -12.541594505310059,
      "mid_to_side_loudness_range": 12.814360618591309,
      "side_mean": -48.20757293701172
    },
    {
      "high_freq": 7314.1640625,
      "loudness": -46.8656005859375,
      "loudness_range": 19.57788848876953,
      "low_freq": 4349.24462890625,
      "mid_mean": -43.7588996887207,
      "mid_to_side_loudness": -15.083213806152344,
      "mid_to_side_loudness_range": 19.68206024169922,
      "side_mean": -58.08893966674805
    },
    {
      "high_freq": 12199.2666015625,
      "loudness": -57.181461334228516,
      "loudness_range": 24.19796371459961,
      "low_freq": 7314.1640625,
      "mid_mean": -55.55363464355469,
      "mid_to_side_loudness": -10.182036399841309,
      "mid_to_side_loudness_range": 17.846330642700195,
      "side_mean": -62.72936248779297
    },
    {
      "loudness": -70.39896392822266,
      "loudness_range": 21.100345611572266,
      "low_freq": 12199.2666015625,
      "mid_mean": -65.04429626464844,
      "mid_to_side_loudness": -6.979852676391602,
      "mid_to_side_loudness_range": 16.518489837646484,
      "side_mean": -68.72943878173828
    }
  ],
  "bands_short": [
    {
      "high_freq": 148.1999969482422,
      "loudness": -34.36384963989258,
      "loudness_range": 22.8306941986084,
      "mid_mean": -31.2495174407959,
      "mid_to_side_loudness": -10.597644805908203,
      "mid_to_side_loudness_range": 9.2977294921875,
      "side_mean": -42.03898620605469
    },
    {
      "high_freq": 392.3793640136719,
      "loudness": -23.109094619750977,
      "loudness_range": 9.47538948059082,
      "low_freq": 148.1999969482422,
      "mid_mean": -20.020687103271484,
      "mid_to_side_loudness": -8.69701099395752,
      "mid_to_side_loudness_range": 4.527952671051025,
      "side_mean": -28.67735481262207
    },
    {
      "high_freq": 794.6976318359375,
      "loudness": -28.6373233795166,
      "loudness_range": 11.201204299926758,
      "low_freq": 392.3793640136719,
      "mid_mean": -25.50287437438965,
      "mid_to_side_loudness": -9.626359939575195,
      "mid_to_side_loudness_range": 8.616048812866211,
      "side_mean": -35.174232482910156
    },
    {
      "high_freq": 1457.5709228515625,
      "loudness": -29.07625961303711,
      "loudness_range": 15.256450653076172,
      "low_freq": 794.6976318359375,
      "mid_mean": -25.744144439697266,
      "mid_to_side_loudness": -13.328567504882812,
      "mid_to_side_loudness_range": 14.49456787109375,
      "side_mean": -38.9287109375
    },
    {
      "high_freq": 2549.74365234375,
      "loudness": -30.916101455688477,
      "loudness_range": 14.942249298095703,
      "low_freq": 1457.5709228515625,
      "mid_mean": -27.536535263061523,
      "mid_to_side_loudness": -13.760371208190918,
      "mid_to_side_loudness_range": 14.539982795715332,
      "side_mean": -41.20841598510742
    },
    {
      "high_freq": 4349.24462890625,
      "loudness": -39.634315490722656,
      "loudness_range": 15.948810577392578,
      "low_freq": 2549.74365234375,
      "mid_mean": -36.356483459472656,
      "mid_to_side_loudness": -13.228055000305176,
      "mid_to_side_loudness_range": 15.548391342163086,
      "side_mean": -50.146507263183594
    },
    {
      "high_freq": 7314.1640625,
      "loudness": -49.28389358520508,
      "loudness_range": 25.487319946289062,
      "low_freq": 4349.24462890625,
      "mid_mean": -46.594913482666016,
      "mid_to_side_loudness": -18.86442756652832,
      "mid_to_side_loudness_range": 24.081684112548828,
      "side_mean": -63.14835739135742
    },
    {
      "high_freq": 12199.2666015625,
      "loudness": -61.84719467163086,
      "loudness_range": 31.43976593017578,
      "low_freq": 7314.1640625,
      "mid_mean": -59.375267028808594,
      "mid_to_side_loudness": -11.901993751525879,
      "mid_to_side_loudness_range": 19.587400436401367,
      "side_mean": -66.74967956542969
    },
    {
      "loudness": -71.2800064086914,
      "loudness_range": 21.929126739501953,
      "low_freq": 12199.2666015625,
      "mid_mean": -65.5245361328125,
      "mid_to_side_loudness": -6.6298394203186035,
      "mid_to_side_loudness_range": 17.921127319335938,
      "side_mean": -68.83834838867188
    }
  ],
  "bandwidth": 521.9654541015625,
  "channels": 2,
  "covariance": [
    [
      24.126819610595703,
      23.201807022094727,
      6.880070209503174,
      6.638490200042725,
      1.6845934391021729,
      3.0406453609466553,
      6.0382184982299805,
      4.40220832824707,
      6.625871181488037,
      4.175863742828369,
      5.978971004486084,
      4.239565372467041,
      10.200467109680176,
      13.015874862670898,
      12.290566444396973,
      13.623895645141602,
      3.463412046432495,
      1.5564733743667603
    ],
    [
      23.201807022094727,
      27.369319915771484,
      6.836367130279541,
      6.889154434204102,
      1.641247272491455,
      3.2892837524414062,
      7.254558563232422,
      5.109889507293701,
      7.467831134796143,
      4.744012355804443,
      5.984872817993164,
      3.5560624599456787,
      6.7419209480285645,
      5.298855781555176,
      5.372878074645996,
      6.986513614654541,
      2.2111587524414062,
      1.1496973037719727
    ],
    [
      6.880070209503174,
      6.836367130279541,
      11.054637908935547,
      10.4183349609375,
      5.113989353179932,
      5.478945732116699,
      6.221311569213867,
      5.599639415740967,
      8.262574195861816,
      6.250126838684082,
      6.792079448699951,
      5.382078647613525,
      6.608898639678955,
      4.429697513580322,
      5.690967559814453,
      3.9332644939422607,
      2.7479279041290283,
      0.7694088816642761
    ],
    [
      6.638490200042725,
      6.889154434204102,
      10.4183349609375,
      11.005716323852539,
      5.12388277053833,
      5.459040641784668,
      6.054775714874268,
      5.698397159576416,
      7.995420455932617,
      5.886462211608887,
      6.971343994140625,
      4.674185276031494,
      6.389240264892578,
      2.5315423011779785,
      5.015259265899658,
      2.527437210083008,
      2.875286817550659,
      0.6716787815093994
    ],
    [
      1.6845934391021729,
      1.641247272491455,
      5.113989353179932,
      5.12388277053833,
      15.438920021057129,
      8.596040725708008,
      -0.5744847655296326,
      6.866827964782715,
      2.891709089279175,
      7.912300109863281,
      5.166507720947266,
      8.719856262207031,
      7.812578201293945,
      7.973151683807373,
      10.109431266784668,
      3.7414636611938477,
      7.806997776031494,
      0.936268150806427
    ],
    [
      3.0406453609466553,
      3.2892837524414062,
      5.478945732116699,
      5.459040641784668,
      8.596040725708008,
      10.363672256469727,
      5.75404691696167,
      7.348765850067139,
      7.18843412399292,
      8.647981643676758,
      7.678861141204834,
      8.70973014831543,
      6.912465572357178,
      2.9920637607574463,
      4.52453088760376,
      0.26508110761642456,
      3.579207420349121,
      0.5386824607849121
    ],
    [
      6.0382184982299805,
      7.254558563232422,
      6.221311569213867,
      6.054775714874268,
      -0.5744847655296326,
      5.75404691696167,
      29.840429306030273,
      6.939567565917969,
      19.062055587768555,
      5.912846088409424,
      17.54806900024414,
      7.245179653167725,
      2.6373493671417236,
      -3.6008195877075195,
      -9.185200691223145,
      -1.6130083799362183,
      -11.475664138793945,
      -0.09917371720075607
    ],
    [
      4.40220832824707,
      5.109889507293701,
      5.599639415740967,
      5.698397159576416,
      6.866827964782715,
      7.348765850067139,
      6.939567565917969,
      9.362931251525879,
      7.588296890258789,
      7.216892242431641,
      8.208560943603516,
      8.111948013305664,
      7.488153457641602,
      3.9566869735717773,
      5.190907955169678,
      2.007230043411255,
      3.0483944416046143,
      0.7035955786705017
    ],
    [
      6.625871181488037,
      7.467831134796143,
      8.262574195861816,
      7.995420455932617,
      2.891709089279175,
      7.18843412399292,
      19.062055587768555,
      7.588296890258789,
      27.494556427001953,
      10.682458877563477,
      18.412221908569336,
      11.707193374633789,
      12.278651237487793,
      4.182576656341553,
      4.983454704284668,
      3.47066330909729,
      5.498132705688477,
      1.2005301713943481
    ],
    [
      4.175863742828369,
      4.744012355804443,
      6.250126838684082,
      5.886462211608887,
      7.912300109863281,
      8.647981643676758,
      5.912846088409424,
      7.216892242431641,
      10.682458877563477,
      13.878227233886719,
      10.700652122497559,
      16.14190673828125,
      9.78203296661377,
      5.152670383453369,
      7.337806701660156,
      1.7401361465454102,
      6.579065799713135,
      0.8601629734039307
    ],
    [
      5.978971004486084,
      5.984872817993164,
      6.792079448699951,
      6.971343994140625,
      5.166507720947266,
      7.678861141204834,
      17.54806900024414,
      8.208560943603516,
      18.412221908569336,
      10.700652122497559,
      25.132076263427734,
      15.913091659545898,
      18.74526596069336,
      6.3723931312561035,
      13.114774703979492,
      4.131818771362305,
      4.9189653396606445,
      1.0083194971084595
    ],
    [
      4.239565372467041,
      3.5560624599456787,
      5.382078647613525,
      4.674185276031494,
      8.719856262207031,
      8.70973014831543,
      7.245179653167725,
      8.111948013305664,
      11.707193374633789,
      16.14190673828125,
      15.913091659545898,
      29.914058685302734,
      15.827930450439453,
      15.09372615814209,
      15.101767539978027,
      7.976466178894043,
      9.019824981689453,
      1.4549568891525269
    ],
    [
      10.200467109680176,
      6.7419209480285645,
      6.608898639678955,
      6.389240264892578,
      7.812578201293945,
      6.912465572357178,
      2.6373493671417236,
      7.488153457641602,
      12.278651237487793,
      9.78203296661377,
      18.74526596069336,
      15.827930450439453,
      55.569862365722656,
      41.35565185546875,
      57.96162796020508,
      31.270244598388672,
      26.866525650024414,
      3.5266544818878174
    ],
    [
      13.015874862670898,
      5.298855781555176,
      4.429697513580322,
      2.5315423011779785,
      7.973151683807373,
      2.9920637607574463,
      -3.6008195877075195,
      3.9566869735717773,
      4.182576656341553,
      5.152670383453369,
      6.3723931312561035,
      15.09372615814209,
      41.35565185546875,
      78.28101348876953,
      71.10746765136719,
      61.073509216308594,
      22.918672561645508,
      5.283741474151611
    ],
    [
      12.290566444396973,
      5.372878074645996,
      5.690967559814453,
      5.015259265899658,
      10.109431266784668,
      4.52453088760376,
      -9.185200691223145,
      5.190907955169678,
      4.983454704284668,
      7.337806701660156,
      13.114774703979492,
      15.101767539978027,
      57.96162796020508,
      71.10746765136719,
      89.62374877929688,
      54.51987838745117,
      36.22698211669922,
      5.371425628662109
    ],
    [
      13.623895645141602,
      6.986513614654541,
      3.9332644939422607,
      2.527437210083008,
      3.7414636611938477,
      0.26508110761642456,
      -1.6130083799362183,
      2.007230043411255,
      3.47066330909729,
      1.7401361465454102,
      4.131818771362305,
      7.976466178894043,
      31.270244598388672,
      61.073509216308594,
      54.51987838745117,
      51.356178283691406,
      15.442224502563477,
      4.273393154144287
    ],
    [
      3.463412046432495,
      2.2111587524414062,
      2.7479279041290283,
      2.875286817550659,
      7.806997776031494,
      3.579207420349121,
      -11.475664138793945,
      3.0483944416046143,
      5.498132705688477,
      6.579065799713135,
      4.9189653396606445,
      9.019824981689453,
      26.866525650024414,
      22.918672561645508,
      36.22698211669922,
      15.442224502563477,
      31.270164489746094,
      2.9227519035339355
    ],
    [
      1.5564733743667603,
      1.1496973037719727,
      0.7694088816642761,
      0.6716787815093994,
      0.936268150806427,
      0.5386824607849121,
      -0.09917371720075607,
      0.7035955786705017,
      1.2005301713943481,
      0.8601629734039307,
      1.0083194971084595,
      1.4549568891525269,
      3.5266544818878174,
      5.283741474151611,
      5.371425628662109,
      4.273393154144287,
      2.9227519035339355,
      0.5633731484413147
    ]
  ],
  "covariance_short": [
    [
      66.54341888427734,
      56.103057861328125,
      9.39547061920166,
      7.427032470703125,
      0.43426647782325745,
      -0.1290665566921234,
      9.352208137512207,
      3.475205421447754,
      6.095365047454834,
      2.5165343284606934,
      4.070855140686035,
      1.671187162399292,
      6.571012020111084,
      10.62750244140625,
      6.096958160400391,
      14.896267890930176,
      -3.0457849502563477,
      2.919325113296509
    ],
    [
      56.103057861328125,
      64.94091033935547,
      8.45421314239502,
      8.043936729431152,
      0.3130863606929779,
      0.49381402134895325,
      11.807794570922852,
      4.33401346206665,
      6.832704544067383,
      2.1498489379882812,
      3.0865955352783203,
      -1.272936463356018,
      -0.6711226105690002,
      -0.6723432540893555,
      -4.657327651977539,
      5.336027145385742,
      -6.097509860992432,
      1.5956289768218994
    ],
    [
      9.39547061920166,
      8.45421314239502,
      16.950986862182617,
      15.395263671875,
      5.709890842437744,
      5.646193981170654,
      7.429590225219727,
      6.812868118286133,
      9.034181594848633,
      7.13635778427124,
      7.2266693115234375,
      5.4731059074401855,
      8.496477127075195,
      3.5695807933807373,
      6.506668567657471,
      3.4378654956817627,
      3.0450239181518555,
      1.0101550817489624
    ],
    [
      7.427032470703125,
      8.043936729431152,
      15.395263671875,
      17.342758178710938,
      5.355416774749756,
      5.257138729095459,
      7.794532775878906,
      7.230891227722168,
      8.960772514343262,
      6.349522113800049,
      6.824098110198975,
      3.401104211807251,
      6.1591877937316895,
      -0.5480673313140869,
      3.3555383682250977,
      0.4870741665363312,
      2.176690101623535,
      0.5754496455192566
    ],
    [
      0.43426647782325745,
      0.3130863606929779,
      5.709890842437744,
      5.355416774749756,
      20.865943908691406,
      14.238926887512207,
      2.1640195846557617,
      8.032933235168457,
      5.965913772583008,
      11.177959442138672,
      7.601858615875244,
      12.138172149658203,
      8.626012802124023,
      10.559959411621094,
      11.417712211608887,
      3.9089319705963135,
      8.233182907104492,
      1.1452763080596924
    ],
    [
      -0.1290665566921234,
      0.49381402134895325,
      5.646193981170654,
      5.257138729095459,
      14.238926887512207,
      18.742610931396484,
      7.210545063018799,
      8.263298988342285,
      9.026576042175293,
      11.565345764160156,
      9.407164573669434,
      12.564604759216309,
      9.272845268249512,
      6.6341400146484375,
      7.493157386779785,
      1.1571552753448486,
      4.855024814605713,
      0.6688573956489563
    ],
    [
      9.352208137512207,
      11.807794570922852,
      7.429590225219727,
      7.794532775878906,
      2.1640195846557617,
      7.210545063018799,
      35.2872428894043,
      9.948246002197266,
      21.557466506958008,
      7.138485431671143,
      20.82631492614746,
      8.335801124572754,
      8.512192726135254,
      -7.05715799331665,
      -11.975164413452148,
      -4.309049606323242,
      -11.491227149963379,
      -0.2580532729625702
    ],
    [
      3.475205421447754,
      4.33401346206665,
      6.812868118286133,
      7.230891227722168,
      8.032933235168457,
      8.263298988342285,
      9.948246002197266,
      14.452278137207031,
      9.111015319824219,
      9.510883331298828,
      9.555625915527344,
      10.625371932983398,
      8.980592727661133,
      4.685031890869141,
      5.187475204467773,
      1.5088984966278076,
      3.039541721343994,
      0.779711902141571
    ],
    [
      6.095365047454834,
      6.832704544067383,
      9.034181594848633,
      8.960772514343262,
      5.965913772583008,
      9.026576042175293,
      21.557466506958008,
      9.111015319824219,
      33.38646697998047,
      12.830888748168945,
      23.057514190673828,
      13.54642105102539,
      21.34909439086914,
      3.5819597244262695,
      6.578557014465332,
      1.9617040157318115,
      6.086592674255371,
      1.3183529376983643
    ],
    [
      2.5165343284606934,
      2.1498489379882812,
      7.13635778427124,
      6.349522113800049,
      11.177959442138672,
      11.565345764160156,
      7.138485431671143,
      9.510883331298828,
      12.830888748168945,
      18.844640731811523,
      12.359976768493652,
      19.87603759765625,
      12.083812713623047,
      9.197341918945312,
      9.427116394042969,
      3.2679741382598877,
      6.762650489807129,
      1.1736150979995728
    ],
    [
      4.070855140686035,
      3.0865955352783203,
      7.2266693115234375,
      6.824098110198975,
      7.601858615875244,
      9.407164573669434,
      20.82631492614746,
      9.555625915527344,
      23.057514190673828,
      12.359976768493652,
      33.5117073059082,
      20.529626846313477,
      34.1494026184082,
      11.604524612426758,
      21.27425193786621,
      6.595882415771484,
      6.705354690551758,
      1.5801093578338623
    ],
    [
      1.671187162399292,
      -1.272936463356018,
      5.4731059074401855,
      3.401104211807251,
      12.138172149658203,
      12.564604759216309,
      8.335801124572754,
      10.625371932983398,
      13.54642105102539,
      19.87603759765625,
      20.529626846313477,
      50.841732025146484,
      23.853290557861328,
      29.218374252319336,
      28.46787452697754,
      15.204690933227539,
      13.414402961730957,
      3.513338565826416
    ],
    [
      6.571012020111084,
      -0.6711226105690002,
      8.496477127075195,
      6.1591877937316895,
      8.626012802124023,
      9.272845268249512,
      8.512192726135254,
      8.980592727661133,
      21.34909439086914,
      12.083812713623047,
      34.1494026184082,
      23.853290557861328,
      93.62420654296875,
      47.23727798461914,
      81.4889907836914,
      30.579891204833984,
      35.6651725769043,
      5.271646499633789
    ],
    [
      10.62750244140625,
      -0.6723432540893555,
      3.5695807933807373,
      -0.5480673313140869,
      10.559959411621094,
      6.6341400146484375,
      -7.05715799331665,
      4.685031890869141,
      3.5819597244262695,
      9.197341918945312,
      11.604524612426758,
      29.218374252319336,
      47.23727798461914,
      59.11143493652344,
      62.1362190246582,
      41.145545959472656,
      26.963380813598633,
      6.934197902679443
    ],
    [
      6.096958160400391,
      -4.657327651977539,
      6.506668567657471,
      3.3555383682250977,
      11.417712211608887,
      7.493157386779785,
      -11.975164413452148,
      5.187475204467773,
      6.578557014465332,
      9.427116394042969,
      21.27425193786621,
      28.46787452697754,
      81.4889907836914,
      62.1362190246582,
      100.9455337524414,
      42.79874801635742,
      45.043556213378906,
      7.002504348754883
    ],
    [
      14.896267890930176,
      5.336027145385742,
      3.4378654956817627,
      0.4870741665363312,
      3.9089319705963135,
      1.1571552753448486,
      -4.309049606323242,
      1.5088984966278076,
      1.9617040157318115,
      3.2679741382598877,
      6.595882415771484,
      15.204690933227539,
      30.579891204833984,
      41.145545959472656,
      42.79874801635742,
      34.22066879272461,
      15.997345924377441,
      5.638516902923584
    ],
    [
      -3.0457849502563477,
      -6.097509860992432,
      3.0450239181518555,
      2.176690101623535,
      8.233182907104492,
      4.855024814605713,
      -11.491227149963379,
      3.039541721343994,
      6.086592674255371,
      6.762650489807129,
      6.705354690551758,
      13.414402961730957,
      35.6651725769043,
      26.963380813598633,
      45.043556213378906,
      15.997345924377441,
      33.73455810546875,
      3.7198128700256348
    ],
    [
      2.919325113296509,
      1.5956289768218994,
      1.0101550817489624,
      0.5754496455192566,
      1.1452763080596924,
      0.6688573956489563,
      -0.2580532729625702,
      0.779711902141571,
      1.3183529376983643,
      1.1736150979995728,
      1.5801093578338623,
      3.513338565826416,
      5.271646499633789,
      6.934197902679443,
      7.002504348754883,
      5.638516902923584,
      3.7198128700256348,
      1.247036099433899
    ]
  ],
  "damage": -11.094513893127441,
  "diff_bandwidth": 488.8448486328125,
  "dissonance": 4.669623643248681,
  "drr": -5.514142990112305,
  "dynamics": 1.9052237272262573,
  "format": 1245190,
  "frames": 7983104,
  "loudness": -15.704422950744629,
  "loudness_range": 4.166598320007324,
  "loudness_range_short": 6.3311357498168945,
  "lowpass_true_peak_15khz": -1.05087411403656,
  "mastering3_acoustic_entropies": [
    {
      "acoustic_entropy": 8.695478439331055,
      "acoustic_entropy_mono": 8.778155326843262,
      "band_eliminated_acoustic_entropies": [
        {
          "acoustic_entropy": 8.674520492553711,
          "acoustic_entropy_side": 8.694563865661621,
          "hz": 129.47220167065723
        },
        {
          "acoustic_entropy": 8.940906524658203,
          "acoustic_entropy_side": 8.731846809387207,
          "hz": 202.92927478742237
        },
        {
          "acoustic_entropy": 8.551465034484863,
          "acoustic_entropy_side": 8.71800422668457,
          "hz": 282.89161906338205
        },
        {
          "acoustic_entropy": 9.021531105041504,
          "acoustic_entropy_side": 8.891308784484863,
          "hz": 369.9353335868758
        },
        {
          "acoustic_entropy": 8.920818328857422,
          "acoustic_entropy_side": 8.385702133178711,
          "hz": 464.6875360973435
        },
        {
          "acoustic_entropy": 8.716838836669922,
          "acoustic_entropy_side": 8.65782356262207,
          "hz": 567.8308811364784
        },
        {
          "acoustic_entropy": 8.074994087219238,
          "acoustic_entropy_side": 8.683795928955078,
          "hz": 680.1084783214808
        },
        {
          "acoustic_entropy": 8.076638221740723,
          "acoustic_entropy_side": 8.697233200073242,
          "hz": 802.3292461747484
        },
        {
          "acoustic_entropy": 9.946352005004883,
          "acoustic_entropy_side": 8.669638633728027,
          "hz": 935.3737400823702
        },
        {
          "acoustic_entropy": 8.901713371276855,
          "acoustic_entropy_side": 8.696942329406738,
          "hz": 1080.2004963696966
        },
        {
          "acoustic_entropy": 8.109871864318848,
          "acoustic_entropy_side": 8.6998872756958,
          "hz": 1237.8529382007157
        },
        {
          "acoustic_entropy": 8.572155952453613,
          "acoustic_entropy_side": 8.698454856872559,
          "hz": 1409.4668930556702
        },
        {
          "acoustic_entropy": 8.878816604614258,
          "acoustic_entropy_side": 8.690262794494629,
          "hz": 1596.2787759475705
        },
        {
          "acoustic_entropy": 9.001728057861328,
          "acoustic_entropy_side": 8.676807403564453,
          "hz": 1799.6344973346393
        },
        {
          "acoustic_entropy": 9.444750785827637,
          "acoustic_entropy_side": 8.691330909729004,
          "hz": 2020.9991599069049
        },
        {
          "acoustic_entropy": 8.517606735229492,
          "acoustic_entropy_side": 8.693962097167969,
          "hz": 2261.9676141086993
        },
        {
          "acoustic_entropy": 8.664448738098145,
          "acoustic_entropy_side": 8.694230079650879,
          "hz": 2524.2759484456974
        },
        {
          "acoustic_entropy": 8.977514266967773,
          "acoustic_entropy_side": 8.692301750183105,
          "hz": 2809.813997359896
        },
        {
          "acoustic_entropy": 8.849611282348633,
          "acoustic_entropy_side": 8.686269760131836,
          "hz": 3120.6389567871424
        },
        {
          "acoustic_entropy": 8.67468547821045,
          "acoustic_entropy_side": 8.695548057556152,
          "hz": 3458.990205492291
        },
        {
          "acoustic_entropy": 8.692191123962402,
          "acoustic_entropy_side": 8.6956205368042,
          "hz": 3827.305438964164
        },
        {
          "acoustic_entropy": 8.61622142791748,
          "acoustic_entropy_side": 8.695745468139648,
          "hz": 4228.238232109126
        },
        {
          "acoustic_entropy": 8.65713119506836,
          "acoustic_entropy_side": 8.695653915405273,
          "hz": 4664.6771572759235
        },
        {
          "acoustic_entropy": 8.674739837646484,
          "acoustic_entropy_side": 8.695601463317871,
          "hz": 5139.766595350093
        },
        {
          "acoustic_entropy": 8.656310081481934,
          "acoustic_entropy_side": 8.69552993774414,
          "hz": 5656.929389854203
        },
        {
          "acoustic_entropy": 8.661612510681152,
          "acoustic_entropy_side": 8.695512771606445,
          "hz": 6219.891507268283
        },
        {
          "acoustic_entropy": 8.6798734664917,
          "acoustic_entropy_side": 8.695493698120117,
          "hz": 6832.70888123896
        },
        {
          "acoustic_entropy": 8.684798240661621,
          "acoustic_entropy_side": 8.695487022399902,
          "hz": 7499.796634079867
        },
        {
          "acoustic_entropy": 8.687637329101562,
          "acoustic_entropy_side": 8.695481300354004,
          "hz": 8225.96088609342
        },
        {
          "acoustic_entropy": 8.691287994384766,
          "acoustic_entropy_side": 8.695479393005371,
          "hz": 9016.43338188839
        },
        {
          "acoustic_entropy": 8.694367408752441,
          "acoustic_entropy_side": 8.695480346679688,
          "hz": 9876.909183162974
        },
        {
          "acoustic_entropy": 8.694817543029785,
          "acoustic_entropy_side": 8.695484161376953,
          "hz": 10813.587699516042
        },
        {
          "acoustic_entropy": 8.695477485656738,
          "acoustic_entropy_side": 8.695481300354004,
          "hz": 11833.21735289826
        },
        {
          "acoustic_entropy": 8.695525169372559,
          "acoustic_entropy_side": 8.695478439331055,
          "hz": 12943.144197493959
        },
        {
          "acoustic_entropy": 8.695314407348633,
          "acoustic_entropy_side": 8.695478439331055,
          "hz": 14151.364845322005
        },
        {
          "acoustic_entropy": 8.695365905761719,
          "acoustic_entropy_side": 8.695478439331055,
          "hz": 15466.58407886509
        },
        {
          "acoustic_entropy": 8.695448875427246,
          "acoustic_entropy_side": 8.695478439331055,
          "hz": 16898.27756580493
        },
        {
          "acoustic_entropy": 8.695465087890625,
          "acoustic_entropy_side": 8.695478439331055,
          "hz": 18456.760127700032
        },
        {
          "acoustic_entropy": 8.695469856262207,
          "acoustic_entropy_side": 8.695478439331055,
          "hz": 20153.260054456492
        },
        {
          "acoustic_entropy": 8.695477485656738,
          "acoustic_entropy_side": 8.695478439331055,
          "hz": 22000.00000000001
        }
      ],
      "diff_acoustic_entropy": 4.9610114097595215,
      "sn": 6
    },
    {
      "acoustic_entropy": 11.939105987548828,
      "acoustic_entropy_mono": 12.706827163696289,
      "band_eliminated_acoustic_entropies": [
        {
          "acoustic_entropy": 11.808403968811035,
          "acoustic_entropy_side": 11.941615104675293,
          "hz": 129.47220167065723
        },
        {
          "acoustic_entropy": 11.939209938049316,
          "acoustic_entropy_side": 11.791436195373535,
          "hz": 202.92927478742237
        },
        {
          "acoustic_entropy": 12.057929992675781,
          "acoustic_entropy_side": 12.028704643249512,
          "hz": 282.89161906338205
        },
        {
          "acoustic_entropy": 11.928915023803711,
          "acoustic_entropy_side": 11.943352699279785,
          "hz": 369.9353335868758
        },
        {
          "acoustic_entropy": 11.725098609924316,
          "acoustic_entropy_side": 12.746417045593262,
          "hz": 464.6875360973435
        },
        {
          "acoustic_entropy": 12.315286636352539,
          "acoustic_entropy_side": 12.0554780960083,
          "hz": 567.8308811364784
        },
        {
          "acoustic_entropy": 11.272171974182129,
          "acoustic_entropy_side": 11.88179874420166,
          "hz": 680.1084783214808
        },
        {
          "acoustic_entropy": 11.580011367797852,
          "acoustic_entropy_side": 11.809711456298828,
          "hz": 802.3292461747484
        },
        {
          "acoustic_entropy": 12.32552433013916,
          "acoustic_entropy_side": 11.989082336425781,
          "hz": 935.3737400823702
        },
        {
          "acoustic_entropy": 12.453439712524414,
          "acoustic_entropy_side": 11.901962280273438,
          "hz": 1080.2004963696966
        },
        {
          "acoustic_entropy": 11.66366958618164,
          "acoustic_entropy_side": 11.918832778930664,
          "hz": 1237.8529382007157
        },
        {
          "acoustic_entropy": 12.533784866333008,
          "acoustic_entropy_side": 11.996563911437988,
          "hz": 1409.4668930556702
        },
        {
          "acoustic_entropy": 11.629419326782227,
          "acoustic_entropy_side": 11.935175895690918,
          "hz": 1596.2787759475705
        },
        {
          "acoustic_entropy": 12.185930252075195,
          "acoustic_entropy_side": 11.834426879882812,
          "hz": 1799.6344973346393
        },
        {
          "acoustic_entropy": 12.891490936279297,
          "acoustic_entropy_side": 11.933136940002441,
          "hz": 2020.9991599069049
        },
        {
          "acoustic_entropy": 11.927648544311523,
          "acoustic_entropy_side": 11.940140724182129,
          "hz": 2261.9676141086993
        },
        {
          "acoustic_entropy": 11.735516548156738,
          "acoustic_entropy_side": 11.957232475280762,
          "hz": 2524.2759484456974
        },
        {
          "acoustic_entropy": 12.73796558380127,
          "acoustic_entropy_side": 11.991673469543457,
          "hz": 2809.813997359896
        },
        {
          "acoustic_entropy": 11.984050750732422,
          "acoustic_entropy_side": 11.882680892944336,
          "hz": 3120.6389567871424
        },
        {
          "acoustic_entropy": 11.974365234375,
          "acoustic_entropy_side": 11.959952354431152,
          "hz": 3458.990205492291
        },
        {
          "acoustic_entropy": 11.861536979675293,
          "acoustic_entropy_side": 11.942888259887695,
          "hz": 3827.305438964164
        },
        {
          "acoustic_entropy": 12.34721851348877,
          "acoustic_entropy_side": 11.944032669067383,
          "hz": 4228.238232109126
        },
        {
          "acoustic_entropy": 12.061605453491211,
          "acoustic_entropy_side": 11.942337036132812,
          "hz": 4664.6771572759235
        },
        {
          "acoustic_entropy": 12.132533073425293,
          "acoustic_entropy_side": 11.939627647399902,
          "hz": 5139.766595350093
        },
        {
          "acoustic_entropy": 11.951519966125488,
          "acoustic_entropy_side": 11.939571380615234,
          "hz": 5656.929389854203
        },
        {
          "acoustic_entropy": 11.95407485961914,
          "acoustic_entropy_side": 11.940192222595215,
          "hz": 6219.891507268283
        },
        {
          "acoustic_entropy": 11.889457702636719,
          "acoustic_entropy_side": 11.940032005310059,
          "hz": 6832.70888123896
        },
        {
          "acoustic_entropy": 11.893364906311035,
          "acoustic_entropy_side": 11.939643859863281,
          "hz": 7499.796634079867
        },
        {
          "acoustic_entropy": 11.9624662399292,
          "acoustic_entropy_side": 11.93962287902832,
          "hz": 8225.96088609342
        },
        {
          "acoustic_entropy": 11.995464324951172,
          "acoustic_entropy_side": 11.939513206481934,
          "hz": 9016.43338188839
        },
        {
          "acoustic_entropy": 11.941229820251465,
          "acoustic_entropy_side": 11.939321517944336,
          "hz": 9876.909183162974
        },
        {
          "acoustic_entropy": 11.937895774841309,
          "acoustic_entropy_side": 11.939229965209961,
          "hz": 10813.587699516042
        },
        {
          "acoustic_entropy": 11.933503150939941,
          "acoustic_entropy_side": 11.93911075592041,
          "hz": 11833.21735289826
        },
        {
          "acoustic_entropy": 11.930601119995117,
          "acoustic_entropy_side": 11.939102172851562,
          "hz": 12943.144197493959
        },
        {
          "acoustic_entropy": 11.931931495666504,
          "acoustic_entropy_side": 11.939104080200195,
          "hz": 14151.364845322005
        },
        {
          "acoustic_entropy": 11.9393892288208,
          "acoustic_entropy_side": 11.939105987548828,
          "hz": 15466.58407886509
        },
        {
          "acoustic_entropy": 11.93982219696045,
          "acoustic_entropy_side": 11.939107894897461,
          "hz": 16898.27756580493
        },
        {
          "acoustic_entropy": 11.939445495605469,
          "acoustic_entropy_side": 11.939105987548828,
          "hz": 18456.760127700032
        },
        {
          "acoustic_entropy": 11.93908977508545,
          "acoustic_entropy_side": 11.939105987548828,
          "hz": 20153.260054456492
        },
        {
          "acoustic_entropy": 11.939078330993652,
          "acoustic_entropy_side": 11.939105987548828,
          "hz": 22000.00000000001
        }
      ],
      "diff_acoustic_entropy": 7.089084625244141,
      "sn": 12
    },
    {
      "acoustic_entropy": 16.590465545654297,
      "acoustic_entropy_mono": 15.432299613952637,
      "band_eliminated_acoustic_entropies": [
        {
          "acoustic_entropy": 17.035154342651367,
          "acoustic_entropy_side": 16.759605407714844,
          "hz": 129.47220167065723
        },
        {
          "acoustic_entropy": 16.498659133911133,
          "acoustic_entropy_side": 15.936393737792969,
          "hz": 202.92927478742237
        },
        {
          "acoustic_entropy": 16.71799087524414,
          "acoustic_entropy_side": 16.872379302978516,
          "hz": 282.89161906338205
        },
        {
          "acoustic_entropy": 16.013824462890625,
          "acoustic_entropy_side": 16.656232833862305,
          "hz": 369.9353335868758
        },
        {
          "acoustic_entropy": 17.92473030090332,
          "acoustic_entropy_side": 17.25066375732422,
          "hz": 464.6875360973435
        },
        {
          "acoustic_entropy": 16.5264835357666,
          "acoustic_entropy_side": 16.188982009887695,
          "hz": 567.8308811364784
        },
        {
          "acoustic_entropy": 16.351337432861328,
          "acoustic_entropy_side": 17.201631546020508,
          "hz": 680.1084783214808
        },
        {
          "acoustic_entropy": 15.615392684936523,
          "acoustic_entropy_side": 17.011119842529297,
          "hz": 802.3292461747484
        },
        {
          "acoustic_entropy": 16.553056716918945,
          "acoustic_entropy_side": 16.98859214782715,
          "hz": 935.3737400823702
        },
        {
          "acoustic_entropy": 17.010578155517578,
          "acoustic_entropy_side": 16.596120834350586,
          "hz": 1080.2004963696966
        },
        {
          "acoustic_entropy": 16.65627670288086,
          "acoustic_entropy_side": 16.70661735534668,
          "hz": 1237.8529382007157
        },
        {
          "acoustic_entropy": 17.70733642578125,
          "acoustic_entropy_side": 16.618534088134766,
          "hz": 1409.4668930556702
        },
        {
          "acoustic_entropy": 16.96045684814453,
          "acoustic_entropy_side": 16.418859481811523,
          "hz": 1596.2787759475705
        },
        {
          "acoustic_entropy": 16.589563369750977,
          "acoustic_entropy_side": 16.68832778930664,
          "hz": 1799.6344973346393
        },
        {
          "acoustic_entropy": 17.53958511352539,
          "acoustic_entropy_side": 16.703210830688477,
          "hz": 2020.9991599069049
        },
        {
          "acoustic_entropy": 17.320329666137695,
          "acoustic_entropy_side": 16.67557716369629,
          "hz": 2261.9676141086993
        },
        {
          "acoustic_entropy": 17.249624252319336,
          "acoustic_entropy_side": 16.910015106201172,
          "hz": 2524.2759484456974
        },
        {
          "acoustic_entropy": 16.958168029785156,
          "acoustic_entropy_side": 16.67275619506836,
          "hz": 2809.813997359896
        },
        {
          "acoustic_entropy": 16.436840057373047,
          "acoustic_entropy_side": 16.385969161987305,
