{
  "acoustic_entropy": 225.42922973632812,
  "bands": [
    {
      "high_freq": 148.1999969482422,
      "loudness": -56.74045181274414,
      "loudness_range": 6.513477325439453,
      "mid_mean": -54.39464569091797,
      "mid_to_side_loudness": -4.143495082855225,
      "mid_to_side_loudness_range": 5.653817176818848,
      "side_mean": -58.320823669433594
    },
    {
      "high_freq": 392.3793640136719,
      "loudness": -39.24342346191406,
      "loudness_range": 32.439727783203125,
      "low_freq": 148.1999969482422,
      "mid_mean": -49.80636215209961,
      "mid_to_side_loudness": -3.6149394512176514,
      "mid_to_side_loudness_range": 9.03258228302002,
      "side_mean": -52.412139892578125
    },
    {
      "high_freq": 794.6976318359375,
      "loudness": -37.7829704284668,
      "loudness_range": 24.439014434814453,
      "low_freq": 392.3793640136719,
      "mid_mean": -40.05303192138672,
      "mid_to_side_loudness": -3.196852445602417,
      "mid_to_side_loudness_range": 7.721602439880371,
      "side_mean": -50.567787170410156
    },
    {
      "high_freq": 1457.5709228515625,
      "loudness": -38.83354568481445,
      "loudness_range": 21.564741134643555,
      "low_freq": 794.6976318359375,
      "mid_mean": -38.088130950927734,
      "mid_to_side_loudness": -3.8548128604888916,
      "mid_to_side_loudness_range": 6.366537094116211,
      "side_mean": -43.53633499145508
    },
    {
      "high_freq": 2549.74365234375,
      "loudness": -40.40549850463867,
      "loudness_range": 22.0661563873291,
      "low_freq": 1457.5709228515625,
      "mid_mean": -38.87833023071289,
      "mid_to_side_loudness": -3.131148338317871,
      "mid_to_side_loudness_range": 7.42045259475708,
      "side_mean": -42.25074768066406
    },
    {
      "high_freq": 4349.24462890625,
      "loudness": -40.81155014038086,
      "loudness_range": 26.13169288635254,
      "low_freq": 2549.74365234375,
      "mid_mean": -41.262725830078125,
      "mid_to_side_loudness": -2.835766315460205,
      "mid_to_side_loudness_range": 7.52463436126709,
      "side_mean": -44.786136627197266
    },
    {
      "high_freq": 7314.1640625,
      "loudness": -48.18153762817383,
      "loudness_range": 27.708309173583984,
      "low_freq": 4349.24462890625,
      "mid_mean": -52.188194274902344,
      "mid_to_side_loudness": -2.40787672996521,
      "mid_to_side_loudness_range": 5.536771297454834,
      "side_mean": -54.01029968261719
    },
    {
      "high_freq": 12199.2666015625,
      "loudness": -58.707279205322266,
      "loudness_range": 30.59813690185547,
      "low_freq": 7314.1640625,
      "mid_mean": -55.52151107788086,
      "mid_to_side_loudness": -4.300715446472168,
      "mid_to_side_loudness_range": 3.839127540588379,
      "side_mean": -58.81085205078125
    },
    {
      "loudness": -62.93863296508789,
      "loudness_range": 16.84151840209961,
      "low_freq": 12199.2666015625,
      "mid_mean": -59.68000411987305,
      "mid_to_side_loudness": -5.491067409515381,
      "mid_to_side_loudness_range": 2.126589775085449,
      "side_mean": -63.909393310546875
    }
  ],
  "bands_short": [
    {
      "high_freq": 148.1999969482422,
      "loudness": -57.73801803588867,
      "loudness_range": 10.35287094116211,
      "mid_mean": -55.623741149902344,
      "mid_to_side_loudness": -4.206714153289795,
      "mid_to_side_loudness_range": 13.145094871520996,
      "side_mean": -59.49123001098633
    },
    {
      "high_freq": 392.3793640136719,
      "loudness": -46.052215576171875,
      "loudness_range": 41.11328125,
      "low_freq": 148.1999969482422,
      "mid_mean": -50.634864807128906,
      "mid_to_side_loudness": -2.9829490184783936,
      "mid_to_side_loudness_range": 12.663936614990234,
      "side_mean": -52.89424514770508
    },
    {
      "high_freq": 794.6976318359375,
      "loudness": -38.01045227050781,
      "loudness_range": 27.00698471069336,
      "low_freq": 392.3793640136719,
      "mid_mean": -41.64729690551758,
      "mid_to_side_loudness": -3.3940908908843994,
      "mid_to_side_loudness_range": 10.53454303741455,
      "side_mean": -51.12928771972656
    },
    {
      "high_freq": 1457.5709228515625,
      "loudness": -39.18447494506836,
      "loudness_range": 23.353443145751953,
      "low_freq": 794.6976318359375,
      "mid_mean": -39.323665618896484,
      "mid_to_side_loudness": -3.612210750579834,
      "mid_to_side_loudness_range": 9.320234298706055,
      "side_mean": -45.1915397644043
    },
    {
      "high_freq": 2549.74365234375,
      "loudness": -41.102149963378906,
      "loudness_range": 23.36841583251953,
      "low_freq": 1457.5709228515625,
      "mid_mean": -39.87954330444336,
      "mid_to_side_loudness": -3.0542829036712646,
      "mid_to_side_loudness_range": 11.140347480773926,
      "side_mean": -43.24092102050781
    },
    {
      "high_freq": 4349.24462890625,
      "loudness": -41.51173400878906,
      "loudness_range": 27.47737693786621,
      "low_freq": 2549.74365234375,
      "mid_mean": -42.93088912963867,
      "mid_to_side_loudness": -2.5726146697998047,
      "mid_to_side_loudness_range": 11.689567565917969,
      "side_mean": -46.14186096191406
    },
    {
      "high_freq": 7314.1640625,
      "loudness": -48.46376037597656,
      "loudness_range": 28.48603057861328,
      "low_freq": 4349.24462890625,
      "mid_mean": -52.87412643432617,
      "mid_to_side_loudness": -2.285285234451294,
      "mid_to_side_loudness_range": 9.07139778137207,
      "side_mean": -54.552547454833984
    },
    {
      "high_freq": 12199.2666015625,
      "loudness": -59.283111572265625,
      "loudness_range": 30.423229217529297,
      "low_freq": 7314.1640625,
      "mid_mean": -56.13789749145508,
      "mid_to_side_loudness": -4.202209949493408,
      "mid_to_side_loudness_range": 6.937610626220703,
      "side_mean": -59.275352478027344
    },
    {
      "loudness": -63.21245574951172,
      "loudness_range": 16.643821716308594,
      "low_freq": 12199.2666015625,
      "mid_mean": -59.95527648925781,
      "mid_to_side_loudness": -5.497824668884277,
      "mid_to_side_loudness_range": 3.5271880626678467,
      "side_mean": -64.14227294921875
    }
  ],
  "bandwidth": 865.8914184570312,
  "channels": 2,
  "covariance": [
    [
      12.273837089538574,
      10.100605010986328,
      20.065946578979492,
      19.38637924194336,
      11.015040397644043,
      16.04865264892578,
      6.791780471801758,
      8.382730484008789,
      2.919071674346924,
      3.3615689277648926,
      4.954819202423096,
      4.55298376083374,
      6.6738667488098145,
      5.589062213897705,
      4.318364143371582,
      3.630758762359619,
      2.710489273071289,
      2.089651107788086
    ],
    [
      10.100605010986328,
      11.58260440826416,
      18.595731735229492,
      17.978628158569336,
      9.652986526489258,
      14.226400375366211,
      5.933139801025391,
      6.534580707550049,
      1.8927242755889893,
      2.6625382900238037,
      4.075514793395996,
      3.4077422618865967,
      5.840331554412842,
      4.828510284423828,
      3.972381114959717,
      3.306321144104004,
      2.6664230823516846,
      2.1392924785614014
    ],
    [
      20.065946578979492,
      18.595731735229492,
      290.4321594238281,
      273.8476257324219,
      148.2528839111328,
      237.44219970703125,
      64.97077178955078,
      94.32576751708984,
      23.365741729736328,
      30.057682037353516,
      25.876501083374023,
      33.564178466796875,
      65.93852233886719,
      57.28989028930664,
      38.377723693847656,
      32.437625885009766,
      14.487020492553711,
      10.612913131713867
    ],
    [
      19.38637924194336,
      17.978628158569336,
      273.8476257324219,
      266.6947326660156,
      145.80809020996094,
      226.26077270507812,
      59.40519332885742,
      86.3244857788086,
      17.491533279418945,
      23.598020553588867,
      26.443984985351562,
      32.23509216308594,
      62.438133239746094,
      53.9002685546875,
      35.64813995361328,
      30.195690155029297,
      14.355250358581543,
      10.687520980834961
    ],
    [
      11.015040397644043,
      9.652986526489258,
      148.2528839111328,
      145.80809020996094,
      163.752197265625,
      156.90438842773438,
      72.46398162841797,
      78.97309875488281,
      18.201560974121094,
      18.227405548095703,
      40.55787658691406,
      41.8497314453125,
      51.802818298339844,
      46.22279739379883,
      34.33744430541992,
      29.83816146850586,
      16.971065521240234,
      13.78761100769043
    ],
    [
      16.04865264892578,
      14.226400375366211,
      237.44219970703125,
      226.26077270507812,
      156.90438842773438,
      257.0120849609375,
      76.6350326538086,
      102.8257827758789,
      37.82228088378906,
      41.304222106933594,
      58.360774993896484,
      59.9964714050293,
      92.27682495117188,
      81.95288848876953,
      60.24700927734375,
      52.68845748901367,
      24.214780807495117,
      18.979555130004883
    ],
    [
      6.791780471801758,
      5.933139801025391,
      64.97077178955078,
      59.40519332885742,
      72.46398162841797,
      76.6350326538086,
      90.13858795166016,
      78.7697525024414,
      32.795589447021484,
      31.12929344177246,
      39.026588439941406,
      44.70391845703125,
      51.373741149902344,
      46.938289642333984,
      38.06626510620117,
      33.07762145996094,
      17.718711853027344,
      15.048189163208008
    ],
    [
      8.382730484008789,
      6.534580707550049,
      94.32576751708984,
      86.3244857788086,
      78.97309875488281,
      102.8257827758789,
      78.7697525024414,
      109.06488037109375,
      32.94093704223633,
      33.3497428894043,
      36.08820343017578,
      41.61968231201172,
      45.05929183959961,
      41.27140808105469,
      33.00770950317383,
      28.468059539794922,
      15.616625785827637,
      12.6467924118042
    ],
    [
      2.919071674346924,
      1.8927242755889893,
      23.365741729736328,
      17.491533279418945,
      18.201560974121094,
      37.82228088378906,
      32.795589447021484,
      32.94093704223633,
      66.08275604248047,
      62.31756591796875,
      51.08875274658203,
      55.47901916503906,
      64.76121520996094,
      61.917640686035156,
      51.50667190551758,
      46.94970703125,
      25.56015968322754,
      22.670936584472656
    ],
    [
      3.3615689277648926,
      2.6625382900238037,
      30.057682037353516,
      23.598020553588867,
      18.227405548095703,
      41.304222106933594,
      31.12929344177246,
      33.3497428894043,
      62.31756591796875,
      69.14614868164062,
      47.92750930786133,
      52.9739875793457,
      65.09347534179688,
      63.26082229614258,
      51.04457473754883,
      46.06882858276367,
      25.01117706298828,
      22.125415802001953
    ],
    [
      4.954819202423096,
      4.075514793395996,
      25.876501083374023,
      26.443984985351562,
      40.55787658691406,
      58.360774993896484,
      39.026588439941406,
      36.08820343017578,
      51.08875274658203,
      47.92750930786133,
      123.51782989501953,
      114.53941345214844,
      102.99834442138672,
      96.37619018554688,
      84.08740234375,
      77.9575424194336,
      41.22956466674805,
      36.6580810546875
    ],
    [
      4.55298376083374,
      3.4077422618865967,
      33.564178466796875,
      32.23509216308594,
      41.8497314453125,
      59.9964714050293,
      44.70391845703125,
      41.61968231201172,
      55.47901916503906,
      52.9739875793457,
      114.53941345214844,
      130.27084350585938,
      111.57643127441406,
      104.26079559326172,
      88.28007507324219,
      81.31085205078125,
      40.30916976928711,
      35.542442321777344
    ],
    [
      6.6738667488098145,
      5.840331554412842,
      65.93852233886719,
      62.438133239746094,
      51.802818298339844,
      92.27682495117188,
      51.373741149902344,
      45.05929183959961,
      64.76121520996094,
      65.09347534179688,
      102.99834442138672,
      111.57643127441406,
      153.24691772460938,
      141.98036193847656,
      114.27539825439453,
      103.34734344482422,
      49.24051284790039,
      43.36750411987305
    ],
    [
      5.589062213897705,
      4.828510284423828,
      57.28989028930664,
      53.9002685546875,
      46.22279739379883,
      81.95288848876953,
      46.938289642333984,
      41.27140808105469,
      61.917640686035156,
      63.26082229614258,
      96.37619018554688,
      104.26079559326172,
      141.98036193847656,
      134.30795288085938,
      107.07142639160156,
      96.97348022460938,
      46.341758728027344,
      40.956844329833984
    ],
    [
      4.318364143371582,
      3.972381114959717,
      38.377723693847656,
      35.64813995361328,
      34.33744430541992,
      60.24700927734375,
      38.06626510620117,
      33.00770950317383,
      51.50667190551758,
      51.04457473754883,
      84.08740234375,
      88.28007507324219,
      114.27539825439453,
      107.07142639160156,
      95.46893310546875,
      86.68997192382812,
      41.38230514526367,
      36.5272331237793
    ],
    [
      3.630758762359619,
      3.306321144104004,
      32.437625885009766,
      30.195690155029297,
      29.83816146850586,
      52.68845748901367,
      33.07762145996094,
      28.468059539794922,
      46.94970703125,
      46.06882858276367,
      77.9575424194336,
      81.31085205078125,
      103.34734344482422,
      96.97348022460938,
      86.68997192382812,
      80.29100036621094,
      38.24528503417969,
      33.835166931152344
    ],
    [
      2.710489273071289,
      2.6664230823516846,
      14.487020492553711,
      14.355250358581543,
      16.971065521240234,
      24.214780807495117,
      17.718711853027344,
      15.616625785827637,
      25.56015968322754,
      25.01117706298828,
      41.22956466674805,
      40.30916976928711,
      49.24051284790039,
      46.341758728027344,
      41.38230514526367,
      38.24528503417969,
      25.10317611694336,
      22.558103561401367
    ],
    [
      2.089651107788086,
      2.1392924785614014,
      10.612913131713867,
      10.687520980834961,
      13.78761100769043,
      18.979555130004883,
      15.048189163208008,
      12.6467924118042,
      22.670936584472656,
      22.125415802001953,
      36.6580810546875,
      35.542442321777344,
      43.36750411987305,
      40.956844329833984,
      36.5272331237793,
      33.835166931152344,
      22.558103561401367,
      20.959829330444336
    ]
  ],
  "covariance_short": [
    [
      18.731937408447266,
      8.311802864074707,
      15.348357200622559,
      15.161246299743652,
      11.434550285339355,
      14.047459602355957,
      6.59144401550293,
      8.75188159942627,
      1.7914048433303833,
      2.3434433937072754,
      3.6865081787109375,
      3.4225282669067383,
      4.86751651763916,
      3.929199457168579,
      2.4845685958862305,
      2.2241857051849365,
      1.4155303239822388,
      1.055832862854004
    ],
    [
      8.311802864074707,
      15.029275894165039,
      12.780022621154785,
      13.02462387084961,
      8.748489379882812,
      11.73132610321045,
      5.044070243835449,
      5.850924968719482,
      0.8738909959793091,
      1.6051418781280518,
      2.377114772796631,
      2.1148455142974854,
      3.952178478240967,
      3.0845484733581543,
      2.3329432010650635,
      1.9509483575820923,
      1.5983835458755493,
      1.2683939933776855
    ],
    [
      15.348357200622559,
      12.780022621154785,
      243.2801055908203,
      234.20582580566406,
      161.56063842773438,
      211.78271484375,
      72.09620666503906,
      106.8493881225586,
      26.841604232788086,
      33.28333282470703,
      13.10814380645752,
      23.183643341064453,
      57.45796585083008,
      50.48316955566406,
      32.410057067871094,
      27.27887535095215,
      12.895547866821289,
      9.53986930847168
    ],
    [
      15.161246299743652,
      13.02462387084961,
      234.20582580566406,
      239.10528564453125,
      161.92417907714844,
      209.91104125976562,
      68.13326263427734,
      101.09749603271484,
      21.270462036132812,
      27.778961181640625,
      11.164900779724121,
      21.321056365966797,
      55.95142364501953,
      48.70867919921875,
      30.827533721923828,
      25.871076583862305,
      12.838532447814941,
      9.594255447387695
    ],
    [
      11.434550285339355,
      8.748489379882812,
      161.56063842773438,
      161.92417907714844,
      202.087890625,
      184.74270629882812,
      77.66342163085938,
      96.29438781738281,
      24.986419677734375,
      24.69780731201172,
      33.17522048950195,
      40.42659378051758,
      49.234474182128906,
      43.05554962158203,
      30.380258560180664,
      25.693784713745117,
      14.061779975891113,
      10.810154914855957
    ],
    [
      14.047459602355957,
      11.73132610321045,
      211.78271484375,
      209.91104125976562,
      184.74270629882812,
      254.59637451171875,
      88.80332946777344,
      128.32615661621094,
      42.255157470703125,
      46.386783599853516,
      44.284420013427734,
      53.86542510986328,
      88.21117401123047,
      78.66600799560547,
      54.96058654785156,
      47.96620559692383,
      21.08772087097168,
      16.397932052612305
    ],
    [
      6.59144401550293,
      5.044070243835449,
      72.09620666503906,
      68.13326263427734,
      77.66342163085938,
      88.80332946777344,
      112.66399383544922,
      96.35643768310547,
      34.25430679321289,
      33.82815933227539,
      43.30955123901367,
      48.01704406738281,
      55.59195327758789,
      50.63664245605469,
      41.333473205566406,
      36.0872802734375,
      18.04836082458496,
      15.172731399536133
    ],
    [
      8.75188159942627,
      5.850924968719482,
      106.8493881225586,
      101.09749603271484,
      96.29438781738281,
      128.32615661621094,
      96.35643768310547,
      141.02484130859375,
      34.43959426879883,
      34.90011978149414,
      45.49596405029297,
      50.74897003173828,
      53.372859954833984,
      47.876895904541016,
      36.9090461730957,
      32.13801574707031,
      16.210922241210938,
      13.036044120788574
    ],
    [
      1.7914048433303833,
      0.8738909959793091,
      26.841604232788086,
      21.270462036132812,
      24.986419677734375,
      42.255157470703125,
      34.25430679321289,
      34.43959426879883,
      74.70431518554688,
      65.2876205444336,
      55.65281295776367,
      54.662811279296875,
      61.32467269897461,
      58.253849029541016,
      47.47108459472656,
      43.39272689819336,
      22.74656867980957,
      19.68678855895996
    ],
    [
      2.3434433937072754,
      1.6051418781280518,
      33.28333282470703,
      27.778961181640625,
      24.69780731201172,
      46.386783599853516,
      33.82815933227539,
      34.90011978149414,
      65.2876205444336,
      77.85682678222656,
      52.550865173339844,
      52.271156311035156,
      61.95806884765625,
      60.242393493652344,
      47.31660842895508,
      42.79046630859375,
      22.283288955688477,
      19.209728240966797
    ],
    [
      3.6865081787109375,
      2.377114772796631,
      13.10814380645752,
      11.164900779724121,
      33.17522048950195,
      44.284420013427734,
      43.30955123901367,
      45.49596405029297,
      55.65281295776367,
      52.550865173339844,
      145.16270446777344,
      129.5636444091797,
      116.2901382446289,
      107.8678207397461,
      91.87467956542969,
      84.90119171142578,
      41.72948455810547,
      37.0736083984375
    ],
    [
      3.4225282669067383,
      2.1148455142974854,
      23.183643341064453,
      21.321056365966797,
      40.42659378051758,
      53.86542510986328,
      48.01704406738281,
      50.74897003173828,
      54.662811279296875,
      52.271156311035156,
      129.5636444091797,
      144.5349578857422,
      120.1715087890625,
      111.78701782226562,
      92.5601577758789,
      85.24889373779297,
      39.83546447753906,
      34.99892807006836
    ],
    [
      4.86751651763916,
      3.952178478240967,
      57.45796585083008,
      55.95142364501953,
      49.234474182128906,
      88.21117401123047,
      55.59195327758789,
      53.372859954833984,
      61.32467269897461,
      61.95806884765625,
      116.2901382446289,
      120.1715087890625,
      155.3475799560547,
      141.07839965820312,
      112.5621109008789,
      101.75626373291016,
      46.90032958984375,
      41.33450698852539
    ],
    [
      3.929199457168579,
      3.0845484733581543,
      50.48316955566406,
      48.70867919921875,
      43.05554962158203,
      78.66600799560547,
      50.63664245605469,
      47.876895904541016,
      58.253849029541016,
      60.242393493652344,
      107.8678207397461,
      111.78701782226562,
      141.07839965820312,
      136.0508270263672,
      104.85550689697266,
      95.18295288085938,
      43.886329650878906,
      38.71980285644531
    ],
    [
      2.4845685958862305,
      2.3329432010650635,
      32.410057067871094,
      30.827533721923828,
      30.380258560180664,
      54.96058654785156,
      41.333473205566406,
      36.9090461730957,
      47.47108459472656,
      47.31660842895508,
      91.87467956542969,
      92.5601577758789,
      112.5621109008789,
      104.85550689697266,
      95.53423309326172,
      84.95427703857422,
      39.67469024658203,
      34.99600601196289
    ],
    [
      2.2241857051849365,
      1.9509483575820923,
      27.27887535095215,
      25.871076583862305,
      25.693784713745117,
      47.96620559692383,
      36.0872802734375,
      32.13801574707031,
      43.39272689819336,
      42.79046630859375,
      84.90119171142578,
      85.24889373779297,
      101.75626373291016,
      95.18295288085938,
      84.95427703857422,
      80.20523071289062,
      36.363834381103516,
      32.1473388671875
    ],
    [
      1.4155303239822388,
      1.5983835458755493,
      12.895547866821289,
      12.838532447814941,
      14.061779975891113,
      21.08772087097168,
      18.04836082458496,
      16.210922241210938,
      22.74656867980957,
      22.283288955688477,
      41.72948455810547,
      39.83546447753906,
      46.90032958984375,
      43.886329650878906,
      39.67469024658203,
      36.363834381103516,
      24.322898864746094,
      21.294403076171875
    ],
    [
      1.055832862854004,
      1.2683939933776855,
      9.53986930847168,
      9.594255447387695,
      10.810154914855957,
      16.397932052612305,
      15.172731399536133,
      13.036044120788574,
      19.68678855895996,
      19.209728240966797,
      37.0736083984375,
      34.99892807006836,
      41.33450698852539,
      38.71980285644531,
      34.99600601196289,
      32.1473388671875,
      21.294403076171875,
      20.26017951965332
    ]
  ],
  "damage": -18.624595642089844,
  "diff_bandwidth": 878.69189453125,
  "dissonance": 5.907303609422754,
  "drr": 7.837346076965332,
  "dynamics": 6.1562981605529785,
  "format": 1245190,
  "frames": 5974976,
  "loudness": -26.584123611450195,
  "loudness_range": 22.014423370361328,
  "loudness_range_short": 25.25220489501953,
  "lowpass_true_peak_15khz": -5.683588981628418,
  "mastering3_acoustic_entropies": [
    {
      "acoustic_entropy": 9.927799224853516,
      "acoustic_entropy_mono": 9.9121675491333,
      "band_eliminated_acoustic_entropies": [
        {
          "acoustic_entropy": 9.928932189941406,
          "acoustic_entropy_side": 9.927894592285156,
          "hz": 129.47220167065723
        },
        {
          "acoustic_entropy": 9.93493938446045,
          "acoustic_entropy_side": 9.928628921508789,
          "hz": 202.92927478742237
        },
        {
          "acoustic_entropy": 9.891975402832031,
          "acoustic_entropy_side": 9.92215347290039,
          "hz": 282.89161906338205
        },
        {
          "acoustic_entropy": 9.378528594970703,
          "acoustic_entropy_side": 9.79992961883545,
          "hz": 369.9353335868758
        },
        {
          "acoustic_entropy": 9.95361614227295,
          "acoustic_entropy_side": 9.595067024230957,
          "hz": 464.6875360973435
        },
        {
          "acoustic_entropy": 10.02784252166748,
          "acoustic_entropy_side": 10.255266189575195,
          "hz": 567.8308811364784
        },
        {
          "acoustic_entropy": 9.657672882080078,
          "acoustic_entropy_side": 9.776117324829102,
          "hz": 680.1084783214808
        },
        {
          "acoustic_entropy": 9.519989967346191,
          "acoustic_entropy_side": 9.430946350097656,
          "hz": 802.3292461747484
        },
        {
          "acoustic_entropy": 9.92255973815918,
          "acoustic_entropy_side": 9.817578315734863,
          "hz": 935.3737400823702
        },
        {
          "acoustic_entropy": 9.603422164916992,
          "acoustic_entropy_side": 9.873757362365723,
          "hz": 1080.2004963696966
        },
        {
          "acoustic_entropy": 10.055410385131836,
          "acoustic_entropy_side": 10.222383499145508,
          "hz": 1237.8529382007157
        },
        {
          "acoustic_entropy": 9.19913101196289,
          "acoustic_entropy_side": 9.49785327911377,
          "hz": 1409.4668930556702
        },
        {
          "acoustic_entropy": 9.53034782409668,
          "acoustic_entropy_side": 10.116681098937988,
          "hz": 1596.2787759475705
        },
        {
          "acoustic_entropy": 9.527326583862305,
          "acoustic_entropy_side": 10.11206340789795,
          "hz": 1799.6344973346393
        },
        {
          "acoustic_entropy": 10.059075355529785,
          "acoustic_entropy_side": 9.955822944641113,
          "hz": 2020.9991599069049
        },
        {
          "acoustic_entropy": 9.929551124572754,
          "acoustic_entropy_side": 10.452972412109375,
          "hz": 2261.9676141086993
        },
        {
          "acoustic_entropy": 9.462583541870117,
          "acoustic_entropy_side": 10.03042984008789,
          "hz": 2524.2759484456974
        },
        {
          "acoustic_entropy": 10.163640975952148,
          "acoustic_entropy_side": 10.216015815734863,
          "hz": 2809.813997359896
        },
        {
          "acoustic_entropy": 9.407577514648438,
          "acoustic_entropy_side": 9.995758056640625,
          "hz": 3120.6389567871424
        },
        {
          "acoustic_entropy": 9.933663368225098,
          "acoustic_entropy_side": 9.743277549743652,
          "hz": 3458.990205492291
        },
        {
          "acoustic_entropy": 10.123291969299316,
          "acoustic_entropy_side": 10.159290313720703,
          "hz": 3827.305438964164
        },
        {
          "acoustic_entropy": 9.59599781036377,
          "acoustic_entropy_side": 9.531859397888184,
          "hz": 4228.238232109126
        },
        {
          "acoustic_entropy": 9.78244400024414,
          "acoustic_entropy_side": 9.466951370239258,
          "hz": 4664.6771572759235
        },
        {
          "acoustic_entropy": 9.987086296081543,
          "acoustic_entropy_side": 9.945718765258789,
          "hz": 5139.766595350093
        },
        {
          "acoustic_entropy": 9.728799819946289,
          "acoustic_entropy_side": 9.855900764465332,
          "hz": 5656.929389854203
        },
        {
          "acoustic_entropy": 9.776254653930664,
          "acoustic_entropy_side": 9.629907608032227,
          "hz": 6219.891507268283
        },
        {
          "acoustic_entropy": 9.885735511779785,
          "acoustic_entropy_side": 9.912246704101562,
          "hz": 6832.70888123896
        },
        {
          "acoustic_entropy": 9.843341827392578,
          "acoustic_entropy_side": 9.869089126586914,
          "hz": 7499.796634079867
        },
        {
          "acoustic_entropy": 9.866880416870117,
          "acoustic_entropy_side": 9.92525863647461,
          "hz": 8225.96088609342
        },
        {
          "acoustic_entropy": 9.855449676513672,
          "acoustic_entropy_side": 9.918009757995605,
          "hz": 9016.43338188839
        },
        {
          "acoustic_entropy": 9.90698528289795,
          "acoustic_entropy_side": 9.921623229980469,
          "hz": 9876.909183162974
        },
        {
          "acoustic_entropy": 9.91353988647461,
          "acoustic_entropy_side": 9.925403594970703,
          "hz": 10813.587699516042
        },
        {
          "acoustic_entropy": 9.844991683959961,
          "acoustic_entropy_side": 9.913565635681152,
          "hz": 11833.21735289826
        },
        {
          "acoustic_entropy": 9.902877807617188,
          "acoustic_entropy_side": 9.922318458557129,
          "hz": 12943.144197493959
        },
        {
          "acoustic_entropy": 9.916708946228027,
          "acoustic_entropy_side": 9.923118591308594,
          "hz": 14151.364845322005
        },
        {
          "acoustic_entropy": 9.923810958862305,
          "acoustic_entropy_side": 9.926787376403809,
          "hz": 15466.58407886509
        },
        {
          "acoustic_entropy": 9.923575401306152,
          "acoustic_entropy_side": 9.9271879196167,
          "hz": 16898.27756580493
        },
        {
          "acoustic_entropy": 9.926816940307617,
          "acoustic_entropy_side": 9.9276762008667,
          "hz": 18456.760127700032
        },
        {
          "acoustic_entropy": 9.927530288696289,
          "acoustic_entropy_side": 9.927763938903809,
          "hz": 20153.260054456492
        },
        {
          "acoustic_entropy": 9.92776870727539,
          "acoustic_entropy_side": 9.927800178527832,
          "hz": 22000.00000000001
        }
      ],
      "diff_acoustic_entropy": 5.063196182250977,
      "sn": 6
    },
    {
      "acoustic_entropy": 15.351906776428223,
      "acoustic_entropy_mono": 14.84243392944336,
      "band_eliminated_acoustic_entropies": [
        {
          "acoustic_entropy": 15.345826148986816,
          "acoustic_entropy_side": 15.352330207824707,
          "hz": 129.47220167065723
        },
        {
          "acoustic_entropy": 15.369035720825195,
          "acoustic_entropy_side": 15.357809066772461,
          "hz": 202.92927478742237
        },
        {
          "acoustic_entropy": 15.310790061950684,
          "acoustic_entropy_side": 15.301107406616211,
          "hz": 282.89161906338205
        },
        {
          "acoustic_entropy": 14.587868690490723,
          "acoustic_entropy_side": 15.18433952331543,
          "hz": 369.9353335868758
        },
        {
          "acoustic_entropy": 15.86446762084961,
          "acoustic_entropy_side": 15.591585159301758,
          "hz": 464.6875360973435
        },
        {
          "acoustic_entropy": 15.408862113952637,
          "acoustic_entropy_side": 15.65792465209961,
          "hz": 567.8308811364784
        },
        {
          "acoustic_entropy": 15.318672180175781,
          "acoustic_entropy_side": 14.989623069763184,
          "hz": 680.1084783214808
        },
        {
          "acoustic_entropy": 14.187454223632812,
          "acoustic_entropy_side": 13.787393569946289,
          "hz": 802.3292461747484
        },
        {
          "acoustic_entropy": 15.355649948120117,
          "acoustic_entropy_side": 15.398022651672363,
          "hz": 935.3737400823702
        },
        {
          "acoustic_entropy": 14.803420066833496,
          "acoustic_entropy_side": 16.008764266967773,
          "hz": 1080.2004963696966
        },
        {
          "acoustic_entropy": 15.231231689453125,
          "acoustic_entropy_side": 15.6449613571167,
          "hz": 1237.8529382007157
        },
        {
          "acoustic_entropy": 14.045780181884766,
          "acoustic_entropy_side": 15.072339057922363,
          "hz": 1409.4668930556702
        },
        {
          "acoustic_entropy": 15.023756980895996,
          "acoustic_entropy_side": 15.380927085876465,
          "hz": 1596.2787759475705
        },
        {
          "acoustic_entropy": 14.221616744995117,
          "acoustic_entropy_side": 15.617849349975586,
          "hz": 1799.6344973346393
        },
        {
          "acoustic_entropy": 15.421134948730469,
          "acoustic_entropy_side": 15.34307861328125,
          "hz": 2020.9991599069049
        },
        {
          "acoustic_entropy": 14.690309524536133,
          "acoustic_entropy_side": 15.057169914245605,
          "hz": 2261.9676141086993
        },
        {
          "acoustic_entropy": 14.56148624420166,
          "acoustic_entropy_side": 15.744598388671875,
          "hz": 2524.2759484456974
        },
        {
          "acoustic_entropy": 14.974028587341309,
          "acoustic_entropy_side": 15.3269624710083,
          "hz": 2809.813997359896
        },
        {
          "acoustic_entropy": 14.06442642211914,
          "acoustic_entropy_side": 15.264599800109863,
          "hz": 3120.6389567871424
        },
        {
          "acoustic_entropy": 15.104887962341309,
          "acoustic_entropy_side": 15.177139282226562,
          "hz": 3458.990205492291
        },
        {
          "acoustic_entropy": 15.363920211791992,
          "acoustic_entropy_side": 15.321267127990723,
          "hz": 3827.305438964164
        },
        {
          "acoustic_entropy": 14.989984512329102,
          "acoustic_entropy_side": 15.456904411315918,
          "hz": 4228.238232109126
        },
        {
          "acoustic_entropy": 15.142024040222168,
          "acoustic_entropy_side": 14.838800430297852,
          "hz": 4664.6771572759235
        },
        {
          "acoustic_entropy": 15.231473922729492,
          "acoustic_entropy_side": 15.349164962768555,
          "hz": 5139.766595350093
        },
        {
          "acoustic_entropy": 14.935131072998047,
          "acoustic_entropy_side": 15.188791275024414,
          "hz": 5656.929389854203
        },
        {
          "acoustic_entropy": 14.818244934082031,
          "acoustic_entropy_side": 15.176722526550293,
          "hz": 6219.891507268283
        },
        {
          "acoustic_entropy": 15.164493560791016,
          "acoustic_entropy_side": 15.19515323638916,
          "hz": 6832.70888123896
        },
        {
          "acoustic_entropy": 15.111568450927734,
          "acoustic_entropy_side": 15.241394996643066,
          "hz": 7499.796634079867
        },
        {
          "acoustic_entropy": 15.318754196166992,
          "acoustic_entropy_side": 15.303784370422363,
          "hz": 8225.96088609342
        },
        {
          "acoustic_entropy": 14.885215759277344,
          "acoustic_entropy_side": 15.241354942321777,
          "hz": 9016.43338188839
        },
        {
          "acoustic_entropy": 15.278644561767578,
          "acoustic_entropy_side": 15.333215713500977,
          "hz": 9876.909183162974
        },
        {
          "acoustic_entropy": 15.08218765258789,
          "acoustic_entropy_side": 15.275205612182617,
          "hz": 10813.587699516042
        },
        {
          "acoustic_entropy": 15.166539192199707,
          "acoustic_entropy_side": 15.325165748596191,
          "hz": 11833.21735289826
        },
        {
          "acoustic_entropy": 15.293065071105957,
          "acoustic_entropy_side": 15.33806037902832,
          "hz": 12943.144197493959
        },
        {
          "acoustic_entropy": 15.286104202270508,
          "acoustic_entropy_side": 15.338666915893555,
          "hz": 14151.364845322005
        },
        {
          "acoustic_entropy": 15.353348731994629,
          "acoustic_entropy_side": 15.357664108276367,
          "hz": 15466.58407886509
        },
        {
          "acoustic_entropy": 15.377935409545898,
          "acoustic_entropy_side": 15.357402801513672,
          "hz": 16898.27756580493
        },
        {
          "acoustic_entropy": 15.357430458068848,
          "acoustic_entropy_side": 15.353097915649414,
          "hz": 18456.760127700032
        },
        {
          "acoustic_entropy": 15.353618621826172,
          "acoustic_entropy_side": 15.352182388305664,
          "hz": 20153.260054456492
        },
        {
          "acoustic_entropy": 15.35211181640625,
          "acoustic_entropy_side": 15.351958274841309,
          "hz": 22000.00000000001
        }
      ],
      "diff_acoustic_entropy": 7.710394859313965,
      "sn": 12
    },
    {
      "acoustic_entropy": 23.2752685546875,
      "acoustic_entropy_mono": 23.06508445739746,
      "band_eliminated_acoustic_entropies": [
        {
          "acoustic_entropy": 23.41648292541504,
          "acoustic_entropy_side": 23.321531295776367,
          "hz": 129.47220167065723
        },
        {
          "acoustic_entropy": 23.283302307128906,
          "acoustic_entropy_side": 23.291776657104492,
          "hz": 202.92927478742237
        },
        {
          "acoustic_entropy": 23.33275604248047,
          "acoustic_entropy_side": 23.130840301513672,
          "hz": 282.89161906338205
        },
        {
          "acoustic_entropy": 23.392749786376953,
          "acoustic_entropy_side": 22.976736068725586,
          "hz": 369.9353335868758
        },
        {
          "acoustic_entropy": 23.859939575195312,
          "acoustic_entropy_side": 24.108705520629883,
          "hz": 464.6875360973435
        },
        {
          "acoustic_entropy": 23.241214752197266,
          "acoustic_entropy_side": 23.517080307006836,
          "hz": 567.8308811364784
        },
        {
          "acoustic_entropy": 23.21867561340332,
          "acoustic_entropy_side": 23.4829158782959,
          "hz": 680.1084783214808
        },
        {
          "acoustic_entropy": 23.378355026245117,
          "acoustic_entropy_side": 23.45254898071289,
          "hz": 802.3292461747484
        },
        {
          "acoustic_entropy": 23.581907272338867,
          "acoustic_entropy_side": 23.227087020874023,
          "hz": 935.3737400823702
        },
        {
          "acoustic_entropy": 23.281227111816406,
          "acoustic_entropy_side": 24.206933975219727,
          "hz": 1080.2004963696966
        },
        {
          "acoustic_entropy": 23.206266403198242,
          "acoustic_entropy_side": 23.473310470581055,
          "hz": 1237.8529382007157
        },
        {
          "acoustic_entropy": 22.700510025024414,
          "acoustic_entropy_side": 23.196857452392578,
          "hz": 1409.4668930556702
        },
        {
          "acoustic_entropy": 23.370006561279297,
          "acoustic_entropy_side": 23.784326553344727,
          "hz": 1596.2787759475705
        },
        {
          "acoustic_entropy": 23.8679256439209,
          "acoustic_entropy_side": 23.729209899902344,
          "hz": 1799.6344973346393
        },
        {
          "acoustic_entropy": 23.4656982421875,
          "acoustic_entropy_side": 23.401212692260742,
          "hz": 2020.9991599069049
        },
        {
          "acoustic_entropy": 23.90744972229004,
          "acoustic_entropy_side": 23.54853057861328,
          "hz": 2261.9676141086993
        },
        {
          "acoustic_entropy": 22.328834533691406,
          "acoustic_entropy_side": 23.505979537963867,
          "hz": 2524.2759484456974
        },
        {
          "acoustic_entropy": 23.79349708557129,
          "acoustic_entropy_side": 23.783710479736328,
          "hz": 2809.813997359896
        },
        {
          "acoustic_entropy": 22.40948486328125,
          "acoustic_entropy_side": 23.390676498413086,
          "hz": 3120.6389567871424
        },
        {
