{
  "acoustic_entropy": 218.7459716796875,
  "bands": [
    {
      "high_freq": 148.1999969482422,
      "loudness": -24.38256072998047,
      "loudness_range": 10.392768859863281,
      "mid_mean": -20.727102279663086,
      "mid_to_side_loudness": -23.70096206665039,
      "mid_to_side_loudness_range": 26.941381454467773,
      "side_mean": -45.248046875
    },
    {
      "high_freq": 392.3793640136719,
      "loudness": -20.8817081451416,
      "loudness_range": 7.817438125610352,
      "low_freq": 148.1999969482422,
      "mid_mean": -17.63632583618164,
      "mid_to_side_loudness": -11.113171577453613,
      "mid_to_side_loudness_range": 10.61224365234375,
      "side_mean": -28.694833755493164
    },
    {
      "high_freq": 794.6976318359375,
      "loudness": -22.634611129760742,
      "loudness_range": 9.73982048034668,
      "low_freq": 392.3793640136719,
      "mid_mean": -19.73450469970703,
      "mid_to_side_loudness": -8.19655990600586,
      "mid_to_side_loudness_range": 11.327605247497559,
      "side_mean": -28.054624557495117
    },
    {
      "high_freq": 1457.5709228515625,
      "loudness": -23.184722900390625,
      "loudness_range": 13.582982063293457,
      "low_freq": 794.6976318359375,
      "mid_mean": -20.30995750427246,
      "mid_to_side_loudness": -8.106766700744629,
      "mid_to_side_loudness_range": 11.484593391418457,
      "side_mean": -28.460969924926758
    },
    {
      "high_freq": 2549.74365234375,
      "loudness": -22.47067642211914,
      "loudness_range": 11.805191040039062,
      "low_freq": 1457.5709228515625,
      "mid_mean": -19.5546932220459,
      "mid_to_side_loudness": -7.899470329284668,
      "mid_to_side_loudness_range": 8.867033004760742,
      "side_mean": -27.45301628112793
    },
    {
      "high_freq": 4349.24462890625,
      "loudness": -23.433746337890625,
      "loudness_range": 9.798467636108398,
      "low_freq": 2549.74365234375,
      "mid_mean": -20.663959503173828,
      "mid_to_side_loudness": -6.830436706542969,
      "mid_to_side_loudness_range": 6.569975852966309,
      "side_mean": -27.466068267822266
    },
    {
      "high_freq": 7314.1640625,
      "loudness": -25.849281311035156,
      "loudness_range": 12.79701042175293,
      "low_freq": 4349.24462890625,
      "mid_mean": -23.094736099243164,
      "mid_to_side_loudness": -6.801579475402832,
      "mid_to_side_loudness_range": 8.149871826171875,
      "side_mean": -29.860897064208984
    },
    {
      "high_freq": 12199.2666015625,
      "loudness": -28.485307693481445,
      "loudness_range": 11.60478401184082,
      "low_freq": 7314.1640625,
      "mid_mean": -25.926359176635742,
      "mid_to_side_loudness": -5.772180080413818,
      "mid_to_side_loudness_range": 6.130440711975098,
      "side_mean": -31.68964958190918
    },
    {
      "loudness": -33.41292953491211,
      "loudness_range": 9.577417373657227,
      "low_freq": 12199.2666015625,
      "mid_mean": -31.404666900634766,
      "mid_to_side_loudness": -3.5143299102783203,
      "mid_to_side_loudness_range": 3.5548951625823975,
      "side_mean": -34.840267181396484
    }
  ],
  "bands_short": [
    {
      "high_freq": 148.1999969482422,
      "loudness": -29.551395416259766,
      "loudness_range": 20.817293167114258,
      "mid_mean": -25.946535110473633,
      "mid_to_side_loudness": -24.70541000366211,
      "mid_to_side_loudness_range": 31.011478424072266,
      "side_mean": -52.74477767944336
    },
    {
      "high_freq": 392.3793640136719,
      "loudness": -21.747074127197266,
      "loudness_range": 14.898715019226074,
      "low_freq": 148.1999969482422,
      "mid_mean": -18.77068519592285,
      "mid_to_side_loudness": -10.977322578430176,
      "mid_to_side_loudness_range": 18.20818328857422,
      "side_mean": -29.736373901367188
    },
    {
      "high_freq": 794.6976318359375,
      "loudness": -23.583065032958984,
      "loudness_range": 13.475290298461914,
      "low_freq": 392.3793640136719,
      "mid_mean": -20.942020416259766,
      "mid_to_side_loudness": -7.487141132354736,
      "mid_to_side_loudness_range": 13.897228240966797,
      "side_mean": -28.53729248046875
    },
    {
      "high_freq": 1457.5709228515625,
      "loudness": -23.944965362548828,
      "loudness_range": 16.226064682006836,
      "low_freq": 794.6976318359375,
      "mid_mean": -21.320709228515625,
      "mid_to_side_loudness": -7.333805084228516,
      "mid_to_side_loudness_range": 13.956831932067871,
      "side_mean": -28.70395278930664
    },
    {
      "high_freq": 2549.74365234375,
      "loudness": -23.542325973510742,
      "loudness_range": 14.785393714904785,
      "low_freq": 1457.5709228515625,
      "mid_mean": -20.92929458618164,
      "mid_to_side_loudness": -7.107758045196533,
      "mid_to_side_loudness_range": 12.257431030273438,
      "side_mean": -28.004411697387695
    },
    {
      "high_freq": 4349.24462890625,
      "loudness": -24.288692474365234,
      "loudness_range": 13.43232536315918,
      "low_freq": 2549.74365234375,
      "mid_mean": -21.754871368408203,
      "mid_to_side_loudness": -6.1707539558410645,
      "mid_to_side_loudness_range": 9.824772834777832,
      "side_mean": -27.918670654296875
    },
    {
      "high_freq": 7314.1640625,
      "loudness": -27.676239013671875,
      "loudness_range": 18.19434928894043,
      "low_freq": 4349.24462890625,
      "mid_mean": -25.25973892211914,
      "mid_to_side_loudness": -5.637935161590576,
      "mid_to_side_loudness_range": 9.902481079101562,
      "side_mean": -30.873119354248047
    },
    {
      "high_freq": 12199.2666015625,
      "loudness": -30.686681747436523,
      "loudness_range": 18.718952178955078,
      "low_freq": 7314.1640625,
      "mid_mean": -28.37033462524414,
      "mid_to_side_loudness": -4.9596638679504395,
      "mid_to_side_loudness_range": 8.476378440856934,
      "side_mean": -33.39448165893555
    },
    {
      "loudness": -39.048648834228516,
      "loudness_range": 25.719879150390625,
      "low_freq": 12199.2666015625,
      "mid_mean": -37.05474090576172,
      "mid_to_side_loudness": -3.6897120475769043,
      "mid_to_side_loudness_range": 6.46389102935791,
      "side_mean": -40.81966018676758
    }
  ],
  "bandwidth": 842.732177734375,
  "channels": 2,
  "covariance": [
    [
      27.096345901489258,
      7.136419773101807,
      7.804659366607666,
      1.2543790340423584,
      1.0320554971694946,
      -2.7787106037139893,
      1.6577054262161255,
      -2.128704071044922,
      1.2969155311584473,
      -0.2472672313451767,
      4.526574611663818,
      3.687113046646118,
      5.752376079559326,
      4.6516852378845215,
      2.9138729572296143,
      2.3669660091400146,
      3.5227909088134766,
      3.711110830307007
    ],
    [
      7.136419773101807,
      45.765037536621094,
      2.5450046062469482,
      7.124155521392822,
      3.271167516708374,
      3.848907947540283,
      -0.2557930648326874,
      3.359165906906128,
      0.7450214624404907,
      4.131545543670654,
      1.789067029953003,
      4.553116321563721,
      -1.4217926263809204,
      1.32603919506073,
      0.11464162170886993,
      1.0923093557357788,
      -5.792461395263672,
      -5.914069175720215
    ],
    [
      7.804659366607666,
      2.5450046062469482,
      12.958708763122559,
      6.003277778625488,
      2.403956174850464,
      0.3822105824947357,
      0.8020081520080566,
      -0.25712060928344727,
      1.0982471704483032,
      1.3208293914794922,
      5.0555033683776855,
      4.035397529602051,
      10.248608589172363,
      7.819010257720947,
      9.6386137008667,
      7.369625091552734,
      6.937038898468018,
      6.728074073791504
    ],
    [
      1.2543790340423584,
      7.124155521392822,
      6.003277778625488,
      11.7145357131958,
      2.1461172103881836,
      2.9771482944488525,
      1.2029999494552612,
      2.428114414215088,
      0.9203740954399109,
      2.7664148807525635,
      3.004999876022339,
      3.471670627593994,
      4.467983245849609,
      5.118227005004883,
      5.341625690460205,
      4.994781494140625,
      2.253748655319214,
      2.9255576133728027
    ],
    [
      1.0320554971694946,
      3.271167516708374,
      2.403956174850464,
      2.1461172103881836,
      14.244786262512207,
      6.733196258544922,
      6.845487594604492,
      4.485576629638672,
      5.072240829467773,
      3.5399527549743652,
      3.8615400791168213,
      3.022123336791992,
      2.330301523208618,
      2.2732927799224854,
      2.8143835067749023,
      2.744354724884033,
      2.3750171661376953,
      2.5400846004486084
    ],
    [
      -2.7787106037139893,
      3.848907947540283,
      0.3822105824947357,
      2.9771482944488525,
      6.733196258544922,
      15.69335651397705,
      2.8347017765045166,
      8.29871654510498,
      2.978424549102783,
      5.534003734588623,
      2.329498529434204,
      3.76729416847229,
      2.2908403873443604,
      2.5948901176452637,
      1.8353995084762573,
      2.5382001399993896,
      1.596529483795166,
      1.5434774160385132
    ],
    [
      1.6577054262161255,
      -0.2557930648326874,
      0.8020081520080566,
      1.2029999494552612,
      6.845487594604492,
      2.8347017765045166,
      25.4202823638916,
      11.074527740478516,
      13.698068618774414,
      7.094508171081543,
      7.767722129821777,
      5.80830192565918,
      2.735316514968872,
      2.6485164165496826,
      1.1116244792938232,
      1.4132335186004639,
      2.164217233657837,
      2.2834672927856445
    ],
    [
      -2.128704071044922,
      3.359165906906128,
      -0.25712060928344727,
      2.428114414215088,
      4.485576629638672,
      8.29871654510498,
      11.074527740478516,
      14.685050010681152,
      6.93412446975708,
      8.484393119812012,
      4.651834487915039,
      5.899592876434326,
      1.7211732864379883,
      2.2184641361236572,
      0.9406640529632568,
      1.02289617061615,
      0.19277112185955048,
      0.12586650252342224
    ],
    [
      1.2969155311584473,
      0.7450214624404907,
      1.0982471704483032,
      0.9203740954399109,
      5.072240829467773,
      2.978424549102783,
      13.698068618774414,
      6.93412446975708,
      19.509584426879883,
      10.648694038391113,
      11.52256965637207,
      8.172219276428223,
      6.901326656341553,
      5.0212907791137695,
      5.232465744018555,
      3.6628692150115967,
      4.043498516082764,
      3.633035659790039
    ],
    [
      -0.2472672313451767,
      4.131545543670654,
      1.3208293914794922,
      2.7664148807525635,
      3.5399527549743652,
      5.534003734588623,
      7.094508171081543,
      8.484393119812012,
      10.648694038391113,
      12.138839721679688,
      8.568788528442383,
      9.056695938110352,
      6.093709945678711,
      5.393221855163574,
      4.384261131286621,
      3.427407741546631,
      1.9403806924819946,
      1.6856321096420288
    ],
    [
      4.526574611663818,
      1.789067029953003,
      5.0555033683776855,
      3.004999876022339,
      3.8615400791168213,
      2.329498529434204,
      7.767722129821777,
      4.651834487915039,
      11.52256965637207,
      8.568788528442383,
      15.182026863098145,
      11.320160865783691,
      11.550558090209961,
      9.29107666015625,
      7.924984455108643,
      6.580815315246582,
      5.463914394378662,
      5.356550693511963
    ],
    [
      3.687113046646118,
      4.553116321563721,
      4.035397529602051,
      3.471670627593994,
      3.022123336791992,
      3.76729416847229,
      5.80830192565918,
      5.899592876434326,
      8.172219276428223,
      9.056695938110352,
      11.320160865783691,
      13.34892463684082,
      10.626006126403809,
      10.280630111694336,
      6.598947525024414,
      6.519266605377197,
      2.785409450531006,
      2.7953290939331055
    ],
    [
      5.752376079559326,
      -1.4217926263809204,
      10.248608589172363,
      4.467983245849609,
      2.330301523208618,
      2.2908403873443604,
      2.735316514968872,
      1.7211732864379883,
      6.901326656341553,
      6.093709945678711,
      11.550558090209961,
      10.626006126403809,
      24.45497703552246,
      17.01860809326172,
      19.214279174804688,
      14.16884708404541,
      12.756814002990723,
      10.58930778503418
    ],
    [
      4.6516852378845215,
      1.32603919506073,
      7.819010257720947,
      5.118227005004883,
      2.2732927799224854,
      2.5948901176452637,
      2.6485164165496826,
      2.2184641361236572,
      5.0212907791137695,
      5.393221855163574,
      9.29107666015625,
      10.280630111694336,
      17.01860809326172,
      16.44465446472168,
      13.165242195129395,
      12.789346694946289,
      7.705589294433594,
      7.614428997039795
    ],
    [
      2.9138729572296143,
      0.11464162170886993,
      9.6386137008667,
      5.341625690460205,
      2.8143835067749023,
      1.8353995084762573,
      1.1116244792938232,
      0.9406640529632568,
      5.232465744018555,
      4.384261131286621,
      7.924984455108643,
      6.598947525024414,
      19.214279174804688,
      13.165242195129395,
      22.323993682861328,
      16.00809097290039,
      14.691083908081055,
      12.496572494506836
    ],
    [
      2.3669660091400146,
      1.0923093557357788,
      7.369625091552734,
      4.994781494140625,
      2.744354724884033,
      2.5382001399993896,
      1.4132335186004639,
      1.02289617061615,
      3.6628692150115967,
      3.427407741546631,
      6.580815315246582,
      6.519266605377197,
      14.16884708404541,
      12.789346694946289,
      16.00809097290039,
      15.240432739257812,
      10.733885765075684,
      10.856562614440918
    ],
    [
      3.5227909088134766,
      -5.792461395263672,
      6.937038898468018,
      2.253748655319214,
      2.3750171661376953,
      1.596529483795166,
      2.164217233657837,
      0.19277112185955048,
      4.043498516082764,
      1.9403806924819946,
      5.463914394378662,
      2.785409450531006,
      12.756814002990723,
      7.705589294433594,
      14.691083908081055,
      10.733885765075684,
      18.690937042236328,
      17.14012336730957
    ],
    [
      3.711110830307007,
      -5.914069175720215,
      6.728074073791504,
      2.9255576133728027,
      2.5400846004486084,
      1.5434774160385132,
      2.2834672927856445,
      0.12586650252342224,
      3.633035659790039,
      1.6856321096420288,
      5.356550693511963,
      2.7953290939331055,
      10.58930778503418,
      7.614428997039795,
      12.496572494506836,
      10.856562614440918,
      17.14012336730957,
      18.50358009338379
    ]
  ],
  "covariance_short": [
    [
      53.83555603027344,
      15.10086441040039,
      26.895418167114258,
      1.9752391576766968,
      3.961850881576538,
      -1.6396703720092773,
      1.9288891553878784,
      -3.0365827083587646,
      2.8815441131591797,
      0.20639094710350037,
      7.836809158325195,
      4.808384418487549,
      11.124476432800293,
      7.63914155960083,
      9.972721099853516,
      7.846766948699951,
      18.84844970703125,
      18.310319900512695
    ],
    [
      15.10086441040039,
      59.397605895996094,
      13.344144821166992,
      9.857542991638184,
      6.379293441772461,
      4.4770283699035645,
      4.527711391448975,
      3.4620656967163086,
      5.154815196990967,
      5.94856595993042,
      8.587441444396973,
      9.12865924835205,
      13.5946683883667,
      11.502193450927734,
      11.941203117370605,
      10.355546951293945,
      13.666990280151367,
      14.297296524047852
    ],
    [
      26.895418167114258,
      13.344144821166992,
      34.06486892700195,
      6.707076072692871,
      7.3403215408325195,
      1.1392171382904053,
      3.451763868331909,
      -0.48223939538002014,
      4.1247782707214355,
      1.8576302528381348,
      10.291263580322266,
      6.489694118499756,
      18.7725830078125,
      11.894840240478516,
      17.82805633544922,
      12.874980926513672,
      24.020170211791992,
      23.401220321655273
    ],
    [
      1.9752391576766968,
      9.857542991638184,
      6.707076072692871,
      19.85040855407715,
      4.4725823402404785,
      5.227144718170166,
      2.180161476135254,
      3.3477354049682617,
      1.4338868856430054,
      3.341411590576172,
      3.46065092086792,
      4.669147968292236,
      8.104249000549316,
      7.557164192199707,
      7.966019630432129,
      7.190006256103516,
      3.2901651859283447,
      4.2267842292785645
    ],
    [
      3.961850881576538,
      6.379293441772461,
      7.3403215408325195,
      4.4725823402404785,
      26.40365982055664,
      10.7683744430542,
      11.013381004333496,
      5.860675811767578,
      11.220864295959473,
      6.241826057434082,
      10.945542335510254,
      6.026341438293457,
      8.377476692199707,
      5.311407089233398,
      8.78121566772461,
      5.973488807678223,
      10.541353225708008,
      9.362627983093262
    ],
    [
      -1.6396703720092773,
      4.4770283699035645,
      1.1392171382904053,
      5.227144718170166,
      10.7683744430542,
      21.129867553710938,
      6.44632625579834,
      9.373196601867676,
      6.667938709259033,
      7.292051315307617,
      4.876336574554443,
      5.162726402282715,
      5.519378662109375,
      4.531125545501709,
      4.613934516906738,
      4.864457607269287,
      4.653910160064697,
      4.944798469543457
    ],
    [
      1.9288891553878784,
      4.527711391448975,
      3.451763868331909,
      2.180161476135254,
      11.013381004333496,
      6.44632625579834,
      35.62845993041992,
      13.539274215698242,
      21.383256912231445,
      9.722360610961914,
      14.96716594696045,
      8.611703872680664,
      8.00481128692627,
      4.695584774017334,
      5.456593990325928,
      3.0205516815185547,
      7.511032581329346,
      5.851428985595703
    ],
    [
      -3.0365827083587646,
      3.4620656967163086,
      -0.48223939538002014,
      3.3477354049682617,
      5.860675811767578,
      9.373196601867676,
      13.539274215698242,
      18.898969650268555,
      9.237433433532715,
      10.361944198608398,
      6.636327266693115,
      7.451956272125244,
      3.870392322540283,
      3.4501006603240967,
      1.812367558479309,
      1.7678693532943726,
      0.8531321883201599,
      0.2658784091472626
    ],
    [
      2.8815441131591797,
      5.154815196990967,
      4.1247782707214355,
      1.4338868856430054,
      11.220864295959473,
      6.667938709259033,
      21.383256912231445,
      9.237433433532715,
      33.83164978027344,
      15.16075611114502,
      21.37642478942871,
      12.832581520080566,
      15.509458541870117,
      9.830940246582031,
      11.566203117370605,
      7.959419250488281,
      13.243119239807129,
      11.342107772827148
    ],
    [
      0.20639094710350037,
      5.94856595993042,
      1.8576302528381348,
      3.341411590576172,
      6.241826057434082,
      7.292051315307617,
      9.722360610961914,
      10.361944198608398,
      15.16075611114502,
      17.877775192260742,
      12.655228614807129,
      12.227734565734863,
      11.328435897827148,
      8.966713905334473,
      7.790029525756836,
      6.558381080627441,
      6.9173150062561035,
      6.196494102478027
    ],
    [
      7.836809158325195,
      8.587441444396973,
      10.291263580322266,
      3.46065092086792,
      10.945542335510254,
      4.876336574554443,
      14.96716594696045,
      6.636327266693115,
      21.37642478942871,
      12.655228614807129,
      28.884305953979492,
      17.675148010253906,
      23.39997100830078,
      16.081117630004883,
      17.418657302856445,
      12.623141288757324,
      19.360576629638672,
      17.743724822998047
    ],
    [
      4.808384418487549,
      9.12865924835205,
      6.489694118499756,
      4.669147968292236,
      6.026341438293457,
      5.162726402282715,
      8.611703872680664,
      7.451956272125244,
      12.832581520080566,
      12.227734565734863,
      17.675148010253906,
      19.031333923339844,
      18.59965705871582,
      16.014041900634766,
      12.367491722106934,
      11.223332405090332,
      11.89938735961914,
      12.010051727294922
    ],
    [
      11.124476432800293,
      13.5946683883667,
      18.7725830078125,
      8.104249000549316,
      8.377476692199707,
      5.519378662109375,
      8.00481128692627,
      3.870392322540283,
      15.509458541870117,
      11.328435897827148,
      23.39997100830078,
      18.59965705871582,
      47.24457931518555,
      31.871530532836914,
      39.56958770751953,
      30.77286148071289,
      41.70733642578125,
      40.4193115234375
    ],
    [
      7.63914155960083,
      11.502193450927734,
      11.894840240478516,
      7.557164192199707,
      5.311407089233398,
      4.531125545501709,
      4.695584774017334,
      3.4501006603240967,
      9.830940246582031,
      8.966713905334473,
      16.081117630004883,
      16.014041900634766,
      31.871530532836914,
      29.236553192138672,
      26.769804000854492,
      25.56173324584961,
      26.382736206054688,
      28.633800506591797
    ],
    [
      9.972721099853516,
      11.941203117370605,
      17.82805633544922,
      7.966019630432129,
      8.78121566772461,
      4.613934516906738,
      5.456593990325928,
      1.812367558479309,
      11.566203117370605,
      7.790029525756836,
      17.418657302856445,
      12.367491722106934,
      39.56958770751953,
      26.769804000854492,
      48.72910690307617,
      36.408790588378906,
      50.25616455078125,
      48.384071350097656
    ],
    [
      7.846766948699951,
      10.355546951293945,
      12.874980926513672,
      7.190006256103516,
      5.973488807678223,
      4.864457607269287,
      3.0205516815185547,
      1.7678693532943726,
      7.959419250488281,
      6.558381080627441,
      12.623141288757324,
      11.223332405090332,
      30.77286148071289,
      25.56173324584961,
      36.408790588378906,
      33.76791763305664,
      37.99721908569336,
      40.11488342285156
    ],
    [
      18.84844970703125,
      13.666990280151367,
      24.020170211791992,
      3.2901651859283447,
      10.541353225708008,
      4.653910160064697,
      7.511032581329346,
      0.8531321883201599,
      13.243119239807129,
      6.9173150062561035,
      19.360576629638672,
      11.89938735961914,
      41.70733642578125,
      26.382736206054688,
      50.25616455078125,
      37.99721908569336,
      77.38594055175781,
      72.84620666503906
    ],
    [
      18.310319900512695,
      14.297296524047852,
      23.401220321655273,
      4.2267842292785645,
      9.362627983093262,
      4.944798469543457,
      5.851428985595703,
      0.2658784091472626,
      11.342107772827148,
      6.196494102478027,
      17.743724822998047,
      12.010051727294922,
      40.4193115234375,
      28.633800506591797,
      48.384071350097656,
      40.11488342285156,
      72.84620666503906,
      75.7132568359375
    ]
  ],
  "damage": -7.733229160308838,
  "diff_bandwidth": 856.6451416015625,
  "dissonance": 10.73422958512895,
  "drr": 15.596770286560059,
  "dynamics": 2.1425139904022217,
  "format": 1245190,
  "frames": 12241856,
  "loudness": -10.00627326965332,
  "loudness_range": 4.645536422729492,
  "loudness_range_short": 8.738531112670898,
  "lowpass_true_peak_15khz": -0.24284163117408752,
  "mastering3_acoustic_entropies": [
    {
      "acoustic_entropy": 8.258378028869629,
      "acoustic_entropy_mono": 7.607276439666748,
      "band_eliminated_acoustic_entropies": [
        {
          "acoustic_entropy": 8.138790130615234,
          "acoustic_entropy_side": 8.25826358795166,
          "hz": 129.47220167065723
        },
        {
          "acoustic_entropy": 8.18923282623291,
          "acoustic_entropy_side": 8.247724533081055,
          "hz": 202.92927478742237
        },
        {
          "acoustic_entropy": 8.416616439819336,
          "acoustic_entropy_side": 8.244359016418457,
          "hz": 282.89161906338205
        },
        {
          "acoustic_entropy": 7.829981327056885,
          "acoustic_entropy_side": 8.261138916015625,
          "hz": 369.9353335868758
        },
        {
          "acoustic_entropy": 7.597707748413086,
          "acoustic_entropy_side": 8.247925758361816,
          "hz": 464.6875360973435
        },
        {
          "acoustic_entropy": 8.054466247558594,
          "acoustic_entropy_side": 8.276638984680176,
          "hz": 567.8308811364784
        },
        {
          "acoustic_entropy": 7.3786940574646,
          "acoustic_entropy_side": 7.763736724853516,
          "hz": 680.1084783214808
        },
        {
          "acoustic_entropy": 7.162601470947266,
          "acoustic_entropy_side": 7.984309196472168,
          "hz": 802.3292461747484
        },
        {
          "acoustic_entropy": 8.40809440612793,
          "acoustic_entropy_side": 8.551695823669434,
          "hz": 935.3737400823702
        },
        {
          "acoustic_entropy": 8.728920936584473,
          "acoustic_entropy_side": 8.450833320617676,
          "hz": 1080.2004963696966
        },
        {
          "acoustic_entropy": 8.68285846710205,
          "acoustic_entropy_side": 8.58535385131836,
          "hz": 1237.8529382007157
        },
        {
          "acoustic_entropy": 8.540634155273438,
          "acoustic_entropy_side": 8.451356887817383,
          "hz": 1409.4668930556702
        },
        {
          "acoustic_entropy": 8.35173511505127,
          "acoustic_entropy_side": 8.69292163848877,
          "hz": 1596.2787759475705
        },
        {
          "acoustic_entropy": 8.470049858093262,
          "acoustic_entropy_side": 8.444772720336914,
          "hz": 1799.6344973346393
        },
        {
          "acoustic_entropy": 8.75234603881836,
          "acoustic_entropy_side": 8.35471248626709,
          "hz": 2020.9991599069049
        },
        {
          "acoustic_entropy": 8.932531356811523,
          "acoustic_entropy_side": 8.283332824707031,
          "hz": 2261.9676141086993
        },
        {
          "acoustic_entropy": 8.054474830627441,
          "acoustic_entropy_side": 8.243536949157715,
          "hz": 2524.2759484456974
        },
        {
          "acoustic_entropy": 7.818381309509277,
          "acoustic_entropy_side": 8.303376197814941,
          "hz": 2809.813997359896
        },
        {
          "acoustic_entropy": 8.277443885803223,
          "acoustic_entropy_side": 8.337806701660156,
          "hz": 3120.6389567871424
        },
        {
          "acoustic_entropy": 8.167011260986328,
          "acoustic_entropy_side": 8.214908599853516,
          "hz": 3458.990205492291
        },
        {
          "acoustic_entropy": 8.099421501159668,
          "acoustic_entropy_side": 8.185532569885254,
          "hz": 3827.305438964164
        },
        {
          "acoustic_entropy": 8.193458557128906,
          "acoustic_entropy_side": 8.180559158325195,
          "hz": 4228.238232109126
        },
        {
          "acoustic_entropy": 8.156282424926758,
          "acoustic_entropy_side": 8.189495086669922,
          "hz": 4664.6771572759235
        },
        {
          "acoustic_entropy": 8.219114303588867,
          "acoustic_entropy_side": 8.207598686218262,
          "hz": 5139.766595350093
        },
        {
          "acoustic_entropy": 7.452705383300781,
          "acoustic_entropy_side": 8.265054702758789,
          "hz": 5656.929389854203
        },
        {
          "acoustic_entropy": 8.134315490722656,
          "acoustic_entropy_side": 8.22755241394043,
          "hz": 6219.891507268283
        },
        {
          "acoustic_entropy": 8.117382049560547,
          "acoustic_entropy_side": 8.245800018310547,
          "hz": 6832.70888123896
        },
        {
          "acoustic_entropy": 7.836576461791992,
          "acoustic_entropy_side": 8.268689155578613,
          "hz": 7499.796634079867
        },
        {
          "acoustic_entropy": 8.16843318939209,
          "acoustic_entropy_side": 8.207590103149414,
          "hz": 8225.96088609342
        },
        {
          "acoustic_entropy": 7.790414333343506,
          "acoustic_entropy_side": 8.12668228149414,
          "hz": 9016.43338188839
        },
        {
          "acoustic_entropy": 7.900213718414307,
          "acoustic_entropy_side": 8.050372123718262,
          "hz": 9876.909183162974
        },
        {
          "acoustic_entropy": 8.036713600158691,
          "acoustic_entropy_side": 8.103333473205566,
          "hz": 10813.587699516042
        },
        {
          "acoustic_entropy": 7.895232200622559,
          "acoustic_entropy_side": 8.217019081115723,
          "hz": 11833.21735289826
        },
        {
          "acoustic_entropy": 8.15853500366211,
          "acoustic_entropy_side": 8.209939002990723,
          "hz": 12943.144197493959
        },
        {
          "acoustic_entropy": 8.238956451416016,
          "acoustic_entropy_side": 8.213825225830078,
          "hz": 14151.364845322005
        },
        {
          "acoustic_entropy": 8.369556427001953,
          "acoustic_entropy_side": 8.257364273071289,
          "hz": 15466.58407886509
        },
        {
          "acoustic_entropy": 8.180963516235352,
          "acoustic_entropy_side": 8.217529296875,
          "hz": 16898.27756580493
        },
        {
          "acoustic_entropy": 8.17354965209961,
          "acoustic_entropy_side": 8.241975784301758,
          "hz": 18456.760127700032
        },
        {
          "acoustic_entropy": 8.248619079589844,
          "acoustic_entropy_side": 8.267402648925781,
          "hz": 20153.260054456492
        },
        {
          "acoustic_entropy": 8.274141311645508,
          "acoustic_entropy_side": 8.250860214233398,
          "hz": 22000.00000000001
        }
      ],
      "diff_acoustic_entropy": 8.978150367736816,
      "sn": 6
    },
    {
      "acoustic_entropy": 12.428804397583008,
      "acoustic_entropy_mono": 11.884716987609863,
      "band_eliminated_acoustic_entropies": [
        {
          "acoustic_entropy": 12.418253898620605,
          "acoustic_entropy_side": 12.424065589904785,
          "hz": 129.47220167065723
        },
        {
          "acoustic_entropy": 11.37883472442627,
          "acoustic_entropy_side": 12.294194221496582,
          "hz": 202.92927478742237
        },
        {
          "acoustic_entropy": 11.91123104095459,
          "acoustic_entropy_side": 12.413459777832031,
          "hz": 282.89161906338205
        },
        {
          "acoustic_entropy": 12.513672828674316,
          "acoustic_entropy_side": 12.424293518066406,
          "hz": 369.9353335868758
        },
        {
          "acoustic_entropy": 13.03630542755127,
          "acoustic_entropy_side": 12.541625022888184,
          "hz": 464.6875360973435
        },
        {
          "acoustic_entropy": 13.25180435180664,
          "acoustic_entropy_side": 12.532946586608887,
          "hz": 567.8308811364784
        },
        {
          "acoustic_entropy": 12.498831748962402,
          "acoustic_entropy_side": 12.306495666503906,
          "hz": 680.1084783214808
        },
        {
          "acoustic_entropy": 12.293683052062988,
          "acoustic_entropy_side": 11.94116497039795,
          "hz": 802.3292461747484
        },
        {
          "acoustic_entropy": 13.632593154907227,
          "acoustic_entropy_side": 12.669740676879883,
          "hz": 935.3737400823702
        },
        {
          "acoustic_entropy": 12.58232307434082,
          "acoustic_entropy_side": 12.820643424987793,
          "hz": 1080.2004963696966
        },
        {
          "acoustic_entropy": 13.1305570602417,
          "acoustic_entropy_side": 12.756332397460938,
          "hz": 1237.8529382007157
        },
        {
          "acoustic_entropy": 12.72055435180664,
          "acoustic_entropy_side": 12.766219139099121,
          "hz": 1409.4668930556702
        },
        {
          "acoustic_entropy": 12.89483642578125,
          "acoustic_entropy_side": 12.851991653442383,
          "hz": 1596.2787759475705
        },
        {
          "acoustic_entropy": 13.166034698486328,
          "acoustic_entropy_side": 12.845701217651367,
          "hz": 1799.6344973346393
        },
        {
          "acoustic_entropy": 13.316818237304688,
          "acoustic_entropy_side": 12.596781730651855,
          "hz": 2020.9991599069049
        },
        {
          "acoustic_entropy": 12.612171173095703,
          "acoustic_entropy_side": 12.635331153869629,
          "hz": 2261.9676141086993
        },
        {
          "acoustic_entropy": 12.82039737701416,
          "acoustic_entropy_side": 12.540242195129395,
          "hz": 2524.2759484456974
        },
        {
          "acoustic_entropy": 12.125368118286133,
          "acoustic_entropy_side": 12.415973663330078,
          "hz": 2809.813997359896
        },
        {
          "acoustic_entropy": 12.8696870803833,
          "acoustic_entropy_side": 12.400524139404297,
          "hz": 3120.6389567871424
        },
        {
          "acoustic_entropy": 13.164655685424805,
          "acoustic_entropy_side": 12.543561935424805,
          "hz": 3458.990205492291
        },
        {
          "acoustic_entropy": 12.481355667114258,
          "acoustic_entropy_side": 12.472997665405273,
          "hz": 3827.305438964164
        },
        {
          "acoustic_entropy": 12.65043830871582,
          "acoustic_entropy_side": 12.639937400817871,
          "hz": 4228.238232109126
        },
        {
          "acoustic_entropy": 12.569490432739258,
          "acoustic_entropy_side": 12.487826347351074,
          "hz": 4664.6771572759235
        },
        {
          "acoustic_entropy": 12.578263282775879,
          "acoustic_entropy_side": 12.425725936889648,
          "hz": 5139.766595350093
        },
        {
          "acoustic_entropy": 12.611573219299316,
          "acoustic_entropy_side": 12.35280704498291,
          "hz": 5656.929389854203
        },
        {
          "acoustic_entropy": 12.63690185546875,
          "acoustic_entropy_side": 12.488880157470703,
          "hz": 6219.891507268283
        },
        {
          "acoustic_entropy": 12.672715187072754,
          "acoustic_entropy_side": 12.576476097106934,
          "hz": 6832.70888123896
        },
        {
          "acoustic_entropy": 12.402886390686035,
          "acoustic_entropy_side": 12.74248218536377,
          "hz": 7499.796634079867
        },
        {
          "acoustic_entropy": 12.836803436279297,
          "acoustic_entropy_side": 12.370943069458008,
          "hz": 8225.96088609342
        },
        {
          "acoustic_entropy": 12.650223731994629,
          "acoustic_entropy_side": 12.166234016418457,
          "hz": 9016.43338188839
        },
        {
          "acoustic_entropy": 12.820171356201172,
          "acoustic_entropy_side": 12.4699125289917,
          "hz": 9876.909183162974
        },
        {
          "acoustic_entropy": 12.761175155639648,
          "acoustic_entropy_side": 12.490926742553711,
          "hz": 10813.587699516042
        },
        {
          "acoustic_entropy": 12.781061172485352,
          "acoustic_entropy_side": 12.636080741882324,
          "hz": 11833.21735289826
        },
        {
          "acoustic_entropy": 12.417922019958496,
          "acoustic_entropy_side": 12.40308952331543,
          "hz": 12943.144197493959
        },
        {
          "acoustic_entropy": 12.328573226928711,
          "acoustic_entropy_side": 12.35222339630127,
          "hz": 14151.364845322005
        },
        {
          "acoustic_entropy": 12.728271484375,
          "acoustic_entropy_side": 12.385873794555664,
          "hz": 15466.58407886509
        },
        {
          "acoustic_entropy": 12.295568466186523,
          "acoustic_entropy_side": 12.372063636779785,
          "hz": 16898.27756580493
        },
        {
          "acoustic_entropy": 12.464648246765137,
          "acoustic_entropy_side": 12.250579833984375,
          "hz": 18456.760127700032
        },
        {
          "acoustic_entropy": 12.556455612182617,
          "acoustic_entropy_side": 12.174820899963379,
          "hz": 20153.260054456492
        },
        {
          "acoustic_entropy": 12.235190391540527,
          "acoustic_entropy_side": 12.334217071533203,
          "hz": 22000.00000000001
        }
      ],
      "diff_acoustic_entropy": 13.249629020690918,
      "sn": 12
    },
    {
      "acoustic_entropy": 19.18559455871582,
      "acoustic_entropy_mono": 15.323600769042969,
      "band_eliminated_acoustic_entropies": [
        {
          "acoustic_entropy": 19.056793212890625,
          "acoustic_entropy_side": 19.164579391479492,
          "hz": 129.47220167065723
        },
        {
          "acoustic_entropy": 17.24277687072754,
          "acoustic_entropy_side": 18.873998641967773,
          "hz": 202.92927478742237
        },
        {
          "acoustic_entropy": 19.054319381713867,
          "acoustic_entropy_side": 18.936094284057617,
          "hz": 282.89161906338205
        },
        {
          "acoustic_entropy": 19.113014221191406,
          "acoustic_entropy_side": 19.08759117126465,
          "hz": 369.9353335868758
        },
        {
          "acoustic_entropy": 18.962299346923828,
          "acoustic_entropy_side": 19.043275833129883,
          "hz": 464.6875360973435
        },
        {
          "acoustic_entropy": 19.32061004638672,
          "acoustic_entropy_side": 19.06265640258789,
          "hz": 567.8308811364784
        },
        {
          "acoustic_entropy": 17.85430908203125,
          "acoustic_entropy_side": 17.827241897583008,
          "hz": 680.1084783214808
        },
        {
          "acoustic_entropy": 18.164451599121094,
          "acoustic_entropy_side": 18.453332901000977,
          "hz": 802.3292461747484
        },
        {
          "acoustic_entropy": 18.823328018188477,
          "acoustic_entropy_side": 19.43623924255371,
          "hz": 935.3737400823702
        },
        {
          "acoustic_entropy": 17.998790740966797,
          "acoustic_entropy_side": 18.313425064086914,
          "hz": 1080.2004963696966
        },
        {
          "acoustic_entropy": 18.68181037902832,
          "acoustic_entropy_side": 19.030736923217773,
          "hz": 1237.8529382007157
        },
        {
          "acoustic_entropy": 18.12056541442871,
          "acoustic_entropy_side": 18.178478240966797,
          "hz": 1409.4668930556702
        },
        {
          "acoustic_entropy": 17.93402099609375,
          "acoustic_entropy_side": 18.939571380615234,
          "hz": 1596.2787759475705
        },
        {
          "acoustic_entropy": 18.583932876586914,
          "acoustic_entropy_side": 18.98560333251953,
          "hz": 1799.6344973346393
        },
        {
          "acoustic_entropy": 18.92860221862793,
          "acoustic_entropy_side": 18.59904670715332,
          "hz": 2020.9991599069049
        },
        {
          "acoustic_entropy": 18.427921295166016,
          "acoustic_entropy_side": 18.435094833374023,
          "hz": 2261.9676141086993
        },
        {
          "acoustic_entropy": 18.620670318603516,
          "acoustic_entropy_side": 18.86223602294922,
          "hz": 2524.2759484456974
        },
        {
          "acoustic_entropy": 19.07059669494629,
          "acoustic_entropy_side": 19.250181198120117,
          "hz": 2809.813997359896
        },
        {
          "acoustic_entropy": 18.88332748413086,
          "acoustic_entropy_side": 19.045543670654297,
