{
  "acoustic_entropy": 103.92398071289062,
  "bands": [
    {
      "high_freq": 148.1999969482422,
      "loudness": -60.432472229003906,
      "loudness_range": 27.261112213134766,
      "mid_mean": -56.95907211303711,
      "mid_to_side_loudness": -10.892623901367188,
      "mid_to_side_loudness_range": 11.672256469726562,
      "side_mean": -64.09756469726562
    },
    {
      "high_freq": 392.3793640136719,
      "loudness": -43.866275787353516,
      "loudness_range": 26.113357543945312,
      "low_freq": 148.1999969482422,
      "mid_mean": -41.4116096496582,
      "mid_to_side_loudness": -6.894970417022705,
      "mid_to_side_loudness_range": 8.18557357788086,
      "side_mean": -48.93595504760742
    },
    {
      "high_freq": 794.6976318359375,
      "loudness": -46.025421142578125,
      "loudness_range": 27.507152557373047,
      "low_freq": 392.3793640136719,
      "mid_mean": -44.947731018066406,
      "mid_to_side_loudness": -1.8031069040298462,
      "mid_to_side_loudness_range": 9.841629028320312,
      "side_mean": -46.92074203491211
    },
    {
      "high_freq": 1457.5709228515625,
      "loudness": -53.99726867675781,
      "loudness_range": 31.62459945678711,
      "low_freq": 794.6976318359375,
      "mid_mean": -54.12730407714844,
      "mid_to_side_loudness": -0.6176133751869202,
      "mid_to_side_loudness_range": 9.445220947265625,
      "side_mean": -54.570152282714844
    },
    {
      "high_freq": 2549.74365234375,
      "loudness": -59.71748352050781,
      "loudness_range": 31.912857055664062,
      "low_freq": 1457.5709228515625,
      "mid_mean": -60.04876708984375,
      "mid_to_side_loudness": 0.05563245713710785,
      "mid_to_side_loudness_range": 7.257052421569824,
      "side_mean": -59.80789566040039
    },
    {
      "high_freq": 4349.24462890625,
      "loudness": -67.28820037841797,
      "loudness_range": 32.76451110839844,
      "low_freq": 2549.74365234375,
      "mid_mean": -66.42794799804688,
      "mid_to_side_loudness": -0.618095338344574,
      "mid_to_side_loudness_range": 8.028093338012695,
      "side_mean": -66.4765396118164
    },
    {
      "high_freq": 7314.1640625,
      "loudness": -66.47482299804688,
      "loudness_range": 29.36479949951172,
      "low_freq": 4349.24462890625,
      "mid_mean": -69.12184143066406,
      "mid_to_side_loudness": -0.8754652738571167,
      "mid_to_side_loudness_range": 9.288686752319336,
      "side_mean": -69.0950927734375
    },
    {
      "high_freq": 12199.2666015625,
      "loudness": -69.886474609375,
      "loudness_range": 26.318756103515625,
      "low_freq": 7314.1640625,
      "mid_mean": -69.76714324951172,
      "mid_to_side_loudness": -2.1234805583953857,
      "mid_to_side_loudness_range": 7.993316650390625,
      "side_mean": -69.78985595703125
    },
    {
      "loudness": -79.54729461669922,
      "loudness_range": 17.266883850097656,
      "low_freq": 12199.2666015625,
      "mid_mean": -69.97662353515625,
      "mid_to_side_loudness": -2.791633367538452,
      "mid_to_side_loudness_range": 8.7437744140625,
      "side_mean": -69.97864532470703
    }
  ],
  "bands_short": [
    {
      "high_freq": 148.1999969482422,
      "loudness": -64.53358459472656,
      "loudness_range": 26.336223602294922,
      "mid_mean": -60.22643280029297,
      "mid_to_side_loudness": -13.704440116882324,
      "mid_to_side_loudness_range": 15.442228317260742,
      "side_mean": -67.39582824707031
    },
    {
      "high_freq": 392.3793640136719,
      "loudness": -45.17519760131836,
      "loudness_range": 25.94028663635254,
      "low_freq": 148.1999969482422,
      "mid_mean": -42.73729705810547,
      "mid_to_side_loudness": -6.977924823760986,
      "mid_to_side_loudness_range": 10.560073852539062,
      "side_mean": -51.022071838378906
    },
    {
      "high_freq": 794.6976318359375,
      "loudness": -45.21299743652344,
      "loudness_range": 27.982248306274414,
      "low_freq": 392.3793640136719,
      "mid_mean": -43.932193756103516,
      "mid_to_side_loudness": -2.363330602645874,
      "mid_to_side_loudness_range": 10.43625259399414,
      "side_mean": -46.65595245361328
    },
    {
      "high_freq": 1457.5709228515625,
      "loudness": -54.2423095703125,
      "loudness_range": 31.693275451660156,
      "low_freq": 794.6976318359375,
      "mid_mean": -54.39703369140625,
      "mid_to_side_loudness": -0.5977537035942078,
      "mid_to_side_loudness_range": 10.792820930480957,
      "side_mean": -54.813758850097656
    },
    {
      "high_freq": 2549.74365234375,
      "loudness": -60.4246711730957,
      "loudness_range": 32.41891098022461,
      "low_freq": 1457.5709228515625,
      "mid_mean": -60.68239212036133,
      "mid_to_side_loudness": 0.20548464357852936,
      "mid_to_side_loudness_range": 9.023853302001953,
      "side_mean": -60.402252197265625
    },
    {
      "high_freq": 4349.24462890625,
      "loudness": -67.2668228149414,
      "loudness_range": 31.91244888305664,
      "low_freq": 2549.74365234375,
      "mid_mean": -66.27423095703125,
      "mid_to_side_loudness": -1.077538251876831,
      "mid_to_side_loudness_range": 10.169048309326172,
      "side_mean": -66.50414276123047
    },
    {
      "high_freq": 7314.1640625,
      "loudness": -64.91841888427734,
      "loudness_range": 29.805435180664062,
      "low_freq": 4349.24462890625,
      "mid_mean": -69.12105560302734,
      "mid_to_side_loudness": -0.6579959392547607,
      "mid_to_side_loudness_range": 14.654973030090332,
      "side_mean": -69.06302642822266
    },
    {
      "high_freq": 12199.2666015625,
      "loudness": -71.27470397949219,
      "loudness_range": 24.24243927001953,
      "low_freq": 7314.1640625,
      "mid_mean": -69.82426452636719,
      "mid_to_side_loudness": -2.339594841003418,
      "mid_to_side_loudness_range": 17.700061798095703,
      "side_mean": -69.8419189453125
    },
    {
      "loudness": -79.35542297363281,
      "loudness_range": 18.260528564453125,
      "low_freq": 12199.2666015625,
      "mid_mean": -69.98368835449219,
      "mid_to_side_loudness": -2.856473207473755,
      "mid_to_side_loudness_range": 22.376644134521484,
      "side_mean": -69.9852066040039
    }
  ],
  "bandwidth": 615.420166015625,
  "channels": 2,
  "covariance": [
    [
      72.1819839477539,
      47.60878372192383,
      35.321502685546875,
      39.64586639404297,
      33.8070068359375,
      35.32924270629883,
      44.771202087402344,
      42.429622650146484,
      40.4595832824707,
      39.82394790649414,
      27.379016876220703,
      28.092496871948242,
      13.26750659942627,
      13.48448657989502,
      4.150608062744141,
      3.7574243545532227,
      0.41152769327163696,
      0.3837991952896118
    ],
    [
      47.60878372192383,
      40.97050476074219,
      21.882394790649414,
      24.07652473449707,
      21.17705726623535,
      21.95789337158203,
      28.850801467895508,
      27.895925521850586,
      26.844587326049805,
      26.504064559936523,
      17.9259033203125,
      18.516971588134766,
      9.40640926361084,
      9.482969284057617,
      2.923703908920288,
      2.658104658126831,
      0.27655094861984253,
      0.2579594552516937
    ],
    [
      35.321502685546875,
      21.882394790649414,
      86.4250717163086,
      76.88267517089844,
      64.1033935546875,
      63.412166595458984,
      68.29733276367188,
      65.16250610351562,
      60.00888442993164,
      59.38652801513672,
      38.04629135131836,
      38.00166702270508,
      15.254047393798828,
      15.300902366638184,
      4.516434669494629,
      4.132954120635986,
      0.4037238657474518,
      0.3734508752822876
    ],
    [
      39.64586639404297,
      24.07652473449707,
      76.88267517089844,
      87.13257598876953,
      63.968502044677734,
      63.842899322509766,
      68.6951675415039,
      65.50868225097656,
      58.40401077270508,
      57.94252395629883,
      37.05668640136719,
      37.13510513305664,
      14.667757987976074,
      14.76318645477295,
      4.293635368347168,
      3.9267826080322266,
      0.38935333490371704,
      0.3614591956138611
    ],
    [
      33.8070068359375,
      21.17705726623535,
      64.1033935546875,
      63.968502044677734,
      92.64390563964844,
      84.38981628417969,
      85.1322250366211,
      81.1202621459961,
      69.7509994506836,
      69.79264068603516,
      45.421844482421875,
      44.69041442871094,
      17.585586547851562,
      18.025802612304688,
      5.420462608337402,
      4.916402816772461,
      0.5294036865234375,
      0.49242615699768066
    ],
    [
      35.32924270629883,
      21.95789337158203,
      63.412166595458984,
      63.842899322509766,
      84.38981628417969,
      88.44749450683594,
      83.69230651855469,
      79.51951599121094,
      70.43936920166016,
      70.48698425292969,
      45.23691177368164,
      44.510711669921875,
      17.118871688842773,
      17.440139770507812,
      5.155758857727051,
      4.6832990646362305,
      0.5053391456604004,
      0.47274187207221985
    ],
    [
      44.771202087402344,
      28.850801467895508,
      68.29733276367188,
      68.6951675415039,
      85.1322250366211,
      83.69230651855469,
      106.00425720214844,
      100.0563735961914,
      84.38932037353516,
      86.29419708251953,
      52.3887939453125,
      52.208675384521484,
      20.55868911743164,
      21.261741638183594,
      6.428092002868652,
      5.805922031402588,
      0.6406857371330261,
      0.5980695486068726
    ],
    [
      42.429622650146484,
      27.895925521850586,
      65.16250610351562,
      65.50868225097656,
      81.1202621459961,
      79.51951599121094,
      100.0563735961914,
      101.83467102050781,
      82.28077697753906,
      83.970458984375,
      49.42718505859375,
      49.484683990478516,
      19.567285537719727,
      20.235734939575195,
      6.0574469566345215,
      5.4761738777160645,
      0.5857559442520142,
      0.545721173286438
    ],
    [
      40.4595832824707,
      26.844587326049805,
      60.00888442993164,
      58.40401077270508,
      69.7509994506836,
      70.43936920166016,
      84.38932037353516,
      82.28077697753906,
      83.2480239868164,
      83.1790542602539,
      49.75151062011719,
      49.82929992675781,
      20.336902618408203,
      20.733335494995117,
      6.366873741149902,
      5.754133224487305,
      0.6391289830207825,
      0.5964499711990356
    ],
    [
      39.82394790649414,
      26.504064559936523,
      59.38652801513672,
      57.94252395629883,
      69.79264068603516,
      70.48698425292969,
      86.29419708251953,
      83.970458984375,
      83.1790542602539,
      86.6922836303711,
      50.44247055053711,
      50.27718734741211,
      20.767799377441406,
      21.255159378051758,
      6.460690975189209,
      5.830340385437012,
      0.6441020369529724,
      0.6018056273460388
    ],
    [
      27.379016876220703,
      17.9259033203125,
      38.04629135131836,
      37.05668640136719,
      45.421844482421875,
      45.23691177368164,
      52.3887939453125,
      49.42718505859375,
      49.75151062011719,
      50.44247055053711,
      39.57828903198242,
      39.168724060058594,
      18.534761428833008,
      18.860668182373047,
      6.003537178039551,
      5.445186614990234,
      0.5893670320510864,
      0.5503079295158386
    ],
    [
      28.092496871948242,
      18.516971588134766,
      38.00166702270508,
      37.13510513305664,
      44.69041442871094,
      44.510711669921875,
      52.208675384521484,
      49.484683990478516,
      49.82929992675781,
      50.27718734741211,
      39.168724060058594,
      39.92485046386719,
      18.651697158813477,
      18.982582092285156,
      6.027191162109375,
      5.464472770690918,
      0.5957149863243103,
      0.555858314037323
    ],
    [
      13.26750659942627,
      9.40640926361084,
      15.254047393798828,
      14.667757987976074,
      17.585586547851562,
      17.118871688842773,
      20.55868911743164,
      19.567285537719727,
      20.336902618408203,
      20.767799377441406,
      18.534761428833008,
      18.651697158813477,
      12.175833702087402,
      12.28320598602295,
      4.408599853515625,
      3.995393753051758,
      0.44419142603874207,
      0.4150753915309906
    ],
    [
      13.48448657989502,
      9.482969284057617,
      15.300902366638184,
      14.76318645477295,
      18.025802612304688,
      17.440139770507812,
      21.261741638183594,
      20.235734939575195,
      20.733335494995117,
      21.255159378051758,
      18.860668182373047,
      18.982582092285156,
      12.28320598602295,
      12.582348823547363,
      4.4922285079956055,
      4.058060646057129,
      0.450649231672287,
      0.4197930693626404
    ],
    [
      4.150608062744141,
      2.923703908920288,
      4.516434669494629,
      4.293635368347168,
      5.420462608337402,
      5.155758857727051,
      6.428092002868652,
      6.0574469566345215,
      6.366873741149902,
      6.460690975189209,
      6.003537178039551,
      6.027191162109375,
      4.408599853515625,
      4.4922285079956055,
      2.1482999324798584,
      1.927844524383545,
      0.26515719294548035,
      0.24842777848243713
    ],
    [
      3.7574243545532227,
      2.658104658126831,
      4.132954120635986,
      3.9267826080322266,
      4.916402816772461,
      4.6832990646362305,
      5.805922031402588,
      5.4761738777160645,
      5.754133224487305,
      5.830340385437012,
      5.445186614990234,
      5.464472770690918,
      3.995393753051758,
      4.058060646057129,
      1.927844524383545,
      1.7570945024490356,
      0.2362929731607437,
      0.22200046479701996
    ],
    [
      0.41152769327163696,
      0.27655094861984253,
      0.4037238657474518,
      0.38935333490371704,
      0.5294036865234375,
      0.5053391456604004,
      0.6406857371330261,
      0.5857559442520142,
      0.6391289830207825,
      0.6441020369529724,
      0.5893670320510864,
      0.5957149863243103,
      0.44419142603874207,
      0.450649231672287,
      0.26515719294548035,
      0.2362929731607437,
      0.05407893657684326,
      0.05136071890592575
    ],
    [
      0.3837991952896118,
      0.2579594552516937,
      0.3734508752822876,
      0.3614591956138611,
      0.49242615699768066,
      0.47274187207221985,
      0.5980695486068726,
      0.545721173286438,
      0.5964499711990356,
      0.6018056273460388,
      0.5503079295158386,
      0.555858314037323,
      0.4150753915309906,
      0.4197930693626404,
      0.24842777848243713,
      0.22200046479701996,
      0.05136071890592575,
      0.04900110140442848
    ]
  ],
  "covariance_short": [
    [
      59.588951110839844,
      23.365222930908203,
      36.00767135620117,
      42.572357177734375,
      29.667217254638672,
      31.55512237548828,
      39.13545227050781,
      37.38789749145508,
      36.00044250488281,
      35.98213195800781,
      26.016197204589844,
      26.423717498779297,
      13.9856595993042,
      14.755205154418945,
      3.1493897438049316,
      2.885672092437744,
      0.26696324348449707,
      0.24904513359069824
    ],
    [
      23.365222930908203,
      16.620500564575195,
      19.41746711730957,
      20.26154327392578,
      17.625080108642578,
      18.040393829345703,
      21.93610382080078,
      21.21876335144043,
      20.389841079711914,
      20.661043167114258,
      15.603446006774902,
      15.97887897491455,
      9.117646217346191,
      9.66601276397705,
      2.112224817276001,
      1.9440702199935913,
      0.17599569261074066,
      0.16359098255634308
    ],
    [
      36.00767135620117,
      19.41746711730957,
      83.00142669677734,
      70.14588165283203,
      62.38722610473633,
      60.677791595458984,
      65.15518951416016,
      63.52637481689453,
      57.593353271484375,
      57.3967170715332,
      35.677635192871094,
      35.12249755859375,
      14.944587707519531,
      15.506013870239258,
      3.362058162689209,
      3.0772697925567627,
      0.27931690216064453,
      0.25962257385253906
    ],
    [
      42.572357177734375,
      20.26154327392578,
      70.14588165283203,
      92.19685363769531,
      64.10196685791016,
      63.956233978271484,
      71.3907699584961,
      69.57884979248047,
      59.487159729003906,
      59.445770263671875,
      34.979156494140625,
      34.50751876831055,
      14.177326202392578,
      14.761699676513672,
      3.073178291320801,
      2.8157289028167725,
      0.2543248236179352,
      0.23606425523757935
    ],
    [
      29.667217254638672,
      17.625080108642578,
      62.38722610473633,
      64.10196685791016,
      98.40043640136719,
      86.4478988647461,
      84.9549789428711,
      80.93604278564453,
      69.83586120605469,
      70.17523956298828,
      46.98555374145508,
      45.31138610839844,
      17.647296905517578,
      18.589431762695312,
      4.150496482849121,
      3.7439305782318115,
      0.35022324323654175,
      0.3270735740661621
    ],
    [
      31.55512237548828,
      18.040393829345703,
      60.677791595458984,
      63.956233978271484,
      86.4478988647461,
      90.97427368164062,
      83.43913269042969,
      79.8626937866211,
      69.49457550048828,
      69.8511962890625,
      46.33732223510742,
      44.40156936645508,
      17.09454345703125,
      17.93524932861328,
      3.904876470565796,
      3.544796943664551,
      0.3307836055755615,
      0.30999380350112915
    ],
    [
      39.13545227050781,
      21.93610382080078,
      65.15518951416016,
      71.3907699584961,
      84.9549789428711,
      83.43913269042969,
      104.9982681274414,
      98.5667953491211,
      81.63262176513672,
      83.6494140625,
      52.90276336669922,
      51.22964859008789,
      20.41216468811035,
      21.590335845947266,
      4.900695323944092,
      4.406064510345459,
      0.4330384135246277,
      0.40636172890663147
    ],
    [
      37.38789749145508,
      21.21876335144043,
      63.52637481689453,
      69.57884979248047,
      80.93604278564453,
      79.8626937866211,
      98.5667953491211,
      102.20137023925781,
      80.37721252441406,
      82.10843658447266,
      51.13748550415039,
      49.68728256225586,
      19.82575035095215,
      21.029338836669922,
      4.699290752410889,
      4.226564884185791,
      0.4078768193721771,
      0.38326674699783325
    ],
    [
      36.00044250488281,
      20.389841079711914,
      57.593353271484375,
      59.487159729003906,
      69.83586120605469,
      69.49457550048828,
      81.63262176513672,
      80.37721252441406,
      81.41180419921875,
      80.22974395751953,
      49.751365661621094,
      48.45983123779297,
      20.48491859436035,
      21.48368263244629,
      4.866544246673584,
      4.404854774475098,
      0.4339376986026764,
      0.40557512640953064
    ],
    [
      35.98213195800781,
      20.661043167114258,
      57.3967170715332,
      59.445770263671875,
      70.17523956298828,
      69.8511962890625,
      83.6494140625,
      82.10843658447266,
      80.22974395751953,
      84.74652862548828,
      50.38109588623047,
      49.03190994262695,
      20.90133285522461,
      22.023181915283203,
      4.9437150955200195,
      4.467467784881592,
      0.44277384877204895,
      0.4154905676841736
    ],
    [
      26.016197204589844,
      15.603446006774902,
      35.677635192871094,
      34.979156494140625,
      46.98555374145508,
      46.33732223510742,
      52.90276336669922,
      51.13748550415039,
      49.751365661621094,
      50.38109588623047,
      40.91389083862305,
      39.20297622680664,
      18.37616539001465,
      19.233657836914062,
      4.641650676727295,
      4.191958427429199,
      0.4132888615131378,
      0.38618195056915283
    ],
    [
      26.423717498779297,
      15.97887897491455,
      35.12249755859375,
      34.50751876831055,
      45.31138610839844,
      44.40156936645508,
      51.22964859008789,
      49.68728256225586,
      48.45983123779297,
      49.03190994262695,
      39.20297622680664,
      39.417884826660156,
      18.528989791870117,
      19.441829681396484,
      4.626512050628662,
      4.184925079345703,
      0.4172458052635193,
      0.39027199149131775
    ],
    [
      13.9856595993042,
      9.117646217346191,
      14.944587707519531,
      14.177326202392578,
      17.647296905517578,
      17.09454345703125,
      20.41216468811035,
      19.82575035095215,
      20.48491859436035,
      20.90133285522461,
      18.37616539001465,
      18.528989791870117,
      12.753345489501953,
      13.17905330657959,
      3.4529333114624023,
      3.1439108848571777,
      0.3229101002216339,
      0.3024826943874359
    ],
    [
      14.755205154418945,
      9.66601276397705,
      15.506013870239258,
      14.761699676513672,
      18.589431762695312,
      17.93524932861328,
      21.590335845947266,
      21.029338836669922,
      21.48368263244629,
      22.023181915283203,
      19.233657836914062,
      19.441829681396484,
      13.17905330657959,
      14.041513442993164,
      3.5421700477600098,
      3.216708183288574,
      0.32817336916923523,
      0.30674824118614197
    ],
    [
      3.1493897438049316,
      2.112224817276001,
      3.362058162689209,
      3.073178291320801,
      4.150496482849121,
      3.904876470565796,
      4.900695323944092,
      4.699290752410889,
      4.866544246673584,
      4.9437150955200195,
      4.641650676727295,
      4.626512050628662,
      3.4529333114624023,
      3.5421700477600098,
      1.604686975479126,
      1.439583420753479,
      0.20521169900894165,
      0.19215939939022064
    ],
    [
      2.885672092437744,
      1.9440702199935913,
      3.0772697925567627,
      2.8157289028167725,
      3.7439305782318115,
      3.544796943664551,
      4.406064510345459,
      4.226564884185791,
      4.404854774475098,
      4.467467784881592,
      4.191958427429199,
      4.184925079345703,
      3.1439108848571777,
      3.216708183288574,
      1.439583420753479,
      1.3414041996002197,
      0.19122450053691864,
      0.17980630695819855
    ],
    [
      0.26696324348449707,
      0.17599569261074066,
      0.27931690216064453,
      0.2543248236179352,
      0.35022324323654175,
      0.3307836055755615,
      0.4330384135246277,
      0.4078768193721771,
      0.4339376986026764,
      0.44277384877204895,
      0.4132888615131378,
      0.4172458052635193,
      0.3229101002216339,
      0.32817336916923523,
      0.20521169900894165,
      0.19122450053691864,
      0.06067784130573273,
      0.05732537806034088
    ],
    [
      0.24904513359069824,
      0.16359098255634308,
      0.25962257385253906,
      0.23606425523757935,
      0.3270735740661621,
      0.30999380350112915,
      0.40636172890663147,
      0.38326674699783325,
      0.40557512640953064,
      0.4154905676841736,
      0.38618195056915283,
      0.39027199149131775,
      0.3024826943874359,
      0.30674824118614197,
      0.19215939939022064,
      0.17980630695819855,
      0.05732537806034088,
      0.05516342446208
    ]
  ],
  "damage": -21.775646209716797,
  "diff_bandwidth": 655.451416015625,
  "dissonance": 4.5762402553047945,
  "drr": 0.8553218245506287,
  "dynamics": 7.254018783569336,
  "format": 1245190,
  "frames": 14321664,
  "loudness": -35.55744934082031,
  "loudness_range": 23.97433090209961,
  "loudness_range_short": 24.808752059936523,
  "lowpass_true_peak_15khz": -2.895362615585327,
  "mastering3_acoustic_entropies": [
    {
      "acoustic_entropy": 5.228184700012207,
      "acoustic_entropy_mono": 4.7414021492004395,
      "band_eliminated_acoustic_entropies": [
        {
          "acoustic_entropy": 5.229362964630127,
          "acoustic_entropy_side": 5.228190898895264,
          "hz": 129.47220167065723
        },
        {
          "acoustic_entropy": 5.255030632019043,
          "acoustic_entropy_side": 5.230863094329834,
          "hz": 202.92927478742237
        },
        {
          "acoustic_entropy": 5.135007858276367,
          "acoustic_entropy_side": 5.208768844604492,
          "hz": 282.89161906338205
        },
        {
          "acoustic_entropy": 5.569602012634277,
          "acoustic_entropy_side": 5.151851654052734,
          "hz": 369.9353335868758
        },
        {
          "acoustic_entropy": 4.4226884841918945,
          "acoustic_entropy_side": 5.457201957702637,
          "hz": 464.6875360973435
        },
        {
          "acoustic_entropy": 5.271598815917969,
          "acoustic_entropy_side": 5.3047404289245605,
          "hz": 567.8308811364784
        },
        {
          "acoustic_entropy": 5.513965129852295,
          "acoustic_entropy_side": 5.350305557250977,
          "hz": 680.1084783214808
        },
        {
          "acoustic_entropy": 5.573823928833008,
          "acoustic_entropy_side": 5.287165641784668,
          "hz": 802.3292461747484
        },
        {
          "acoustic_entropy": 5.174422264099121,
          "acoustic_entropy_side": 5.204695224761963,
          "hz": 935.3737400823702
        },
        {
          "acoustic_entropy": 5.1960835456848145,
          "acoustic_entropy_side": 5.145087242126465,
          "hz": 1080.2004963696966
        },
        {
          "acoustic_entropy": 5.260646820068359,
          "acoustic_entropy_side": 5.266008377075195,
          "hz": 1237.8529382007157
        },
        {
          "acoustic_entropy": 5.089183807373047,
          "acoustic_entropy_side": 5.258485794067383,
          "hz": 1409.4668930556702
        },
        {
          "acoustic_entropy": 5.2469635009765625,
          "acoustic_entropy_side": 5.24531364440918,
          "hz": 1596.2787759475705
        },
        {
          "acoustic_entropy": 5.2610955238342285,
          "acoustic_entropy_side": 5.26193904876709,
          "hz": 1799.6344973346393
        },
        {
          "acoustic_entropy": 5.210411548614502,
          "acoustic_entropy_side": 5.222415924072266,
          "hz": 2020.9991599069049
        },
        {
          "acoustic_entropy": 5.140529632568359,
          "acoustic_entropy_side": 5.186808109283447,
          "hz": 2261.9676141086993
        },
        {
          "acoustic_entropy": 5.153604507446289,
          "acoustic_entropy_side": 5.179225444793701,
          "hz": 2524.2759484456974
        },
        {
          "acoustic_entropy": 5.2155442237854,
          "acoustic_entropy_side": 5.216414451599121,
          "hz": 2809.813997359896
        },
        {
          "acoustic_entropy": 5.216616630554199,
          "acoustic_entropy_side": 5.230607509613037,
          "hz": 3120.6389567871424
        },
        {
          "acoustic_entropy": 5.232873439788818,
          "acoustic_entropy_side": 5.233548164367676,
          "hz": 3458.990205492291
        },
        {
          "acoustic_entropy": 5.212120532989502,
          "acoustic_entropy_side": 5.222591400146484,
          "hz": 3827.305438964164
        },
        {
          "acoustic_entropy": 5.225549221038818,
          "acoustic_entropy_side": 5.226635932922363,
          "hz": 4228.238232109126
        },
        {
          "acoustic_entropy": 5.23025369644165,
          "acoustic_entropy_side": 5.232771396636963,
          "hz": 4664.6771572759235
        },
        {
          "acoustic_entropy": 5.230179309844971,
          "acoustic_entropy_side": 5.223421573638916,
          "hz": 5139.766595350093
        },
        {
          "acoustic_entropy": 5.225832939147949,
          "acoustic_entropy_side": 5.226646423339844,
          "hz": 5656.929389854203
        },
        {
          "acoustic_entropy": 5.227687358856201,
          "acoustic_entropy_side": 5.228025436401367,
          "hz": 6219.891507268283
        },
        {
          "acoustic_entropy": 5.226174831390381,
          "acoustic_entropy_side": 5.2269062995910645,
          "hz": 6832.70888123896
        },
        {
          "acoustic_entropy": 5.228021144866943,
          "acoustic_entropy_side": 5.2280778884887695,
          "hz": 7499.796634079867
        },
        {
          "acoustic_entropy": 5.22808837890625,
          "acoustic_entropy_side": 5.228160858154297,
          "hz": 8225.96088609342
        },
        {
          "acoustic_entropy": 5.2280168533325195,
          "acoustic_entropy_side": 5.228142261505127,
          "hz": 9016.43338188839
        },
        {
          "acoustic_entropy": 5.22816801071167,
          "acoustic_entropy_side": 5.228181838989258,
          "hz": 9876.909183162974
        },
        {
          "acoustic_entropy": 5.228187084197998,
          "acoustic_entropy_side": 5.228185176849365,
          "hz": 10813.587699516042
        },
        {
          "acoustic_entropy": 5.228188991546631,
          "acoustic_entropy_side": 5.228187084197998,
          "hz": 11833.21735289826
        },
        {
          "acoustic_entropy": 5.228183746337891,
          "acoustic_entropy_side": 5.228184223175049,
          "hz": 12943.144197493959
        },
        {
          "acoustic_entropy": 5.228184223175049,
          "acoustic_entropy_side": 5.228185176849365,
          "hz": 14151.364845322005
        },
        {
          "acoustic_entropy": 5.228185176849365,
          "acoustic_entropy_side": 5.228185176849365,
          "hz": 15466.58407886509
        },
        {
          "acoustic_entropy": 5.228184700012207,
          "acoustic_entropy_side": 5.228184700012207,
          "hz": 16898.27756580493
        },
        {
          "acoustic_entropy": 5.228185176849365,
          "acoustic_entropy_side": 5.228184700012207,
          "hz": 18456.760127700032
        },
        {
          "acoustic_entropy": 5.228184700012207,
          "acoustic_entropy_side": 5.228184700012207,
          "hz": 20153.260054456492
        },
        {
          "acoustic_entropy": 5.228184700012207,
          "acoustic_entropy_side": 5.228184700012207,
          "hz": 22000.00000000001
        }
      ],
      "diff_acoustic_entropy": 2.0057027339935303,
      "sn": 6
    },
    {
      "acoustic_entropy": 8.482075691223145,
      "acoustic_entropy_mono": 7.5110673904418945,
      "band_eliminated_acoustic_entropies": [
        {
          "acoustic_entropy": 8.479981422424316,
          "acoustic_entropy_side": 8.482081413269043,
          "hz": 129.47220167065723
        },
        {
          "acoustic_entropy": 8.61595344543457,
          "acoustic_entropy_side": 8.48000431060791,
          "hz": 202.92927478742237
        },
        {
          "acoustic_entropy": 8.022793769836426,
          "acoustic_entropy_side": 8.429328918457031,
          "hz": 282.89161906338205
        },
        {
          "acoustic_entropy": 8.575983047485352,
          "acoustic_entropy_side": 8.332557678222656,
          "hz": 369.9353335868758
        },
        {
          "acoustic_entropy": 8.038633346557617,
          "acoustic_entropy_side": 9.237363815307617,
          "hz": 464.6875360973435
        },
        {
          "acoustic_entropy": 8.076345443725586,
          "acoustic_entropy_side": 7.9284796714782715,
          "hz": 567.8308811364784
        },
        {
          "acoustic_entropy": 8.549132347106934,
          "acoustic_entropy_side": 8.813281059265137,
          "hz": 680.1084783214808
        },
        {
          "acoustic_entropy": 8.394403457641602,
          "acoustic_entropy_side": 8.601164817810059,
          "hz": 802.3292461747484
        },
        {
          "acoustic_entropy": 7.815393447875977,
          "acoustic_entropy_side": 8.336424827575684,
          "hz": 935.3737400823702
        },
        {
          "acoustic_entropy": 8.642642974853516,
          "acoustic_entropy_side": 8.372342109680176,
          "hz": 1080.2004963696966
        },
        {
          "acoustic_entropy": 8.74742317199707,
          "acoustic_entropy_side": 7.904483795166016,
          "hz": 1237.8529382007157
        },
        {
          "acoustic_entropy": 8.247464179992676,
          "acoustic_entropy_side": 8.495020866394043,
          "hz": 1409.4668930556702
        },
        {
          "acoustic_entropy": 8.457474708557129,
          "acoustic_entropy_side": 8.438679695129395,
          "hz": 1596.2787759475705
        },
        {
          "acoustic_entropy": 8.333510398864746,
          "acoustic_entropy_side": 8.407362937927246,
          "hz": 1799.6344973346393
        },
        {
          "acoustic_entropy": 8.407095909118652,
          "acoustic_entropy_side": 8.443961143493652,
          "hz": 2020.9991599069049
        },
        {
          "acoustic_entropy": 8.374979972839355,
          "acoustic_entropy_side": 8.46805191040039,
          "hz": 2261.9676141086993
        },
        {
          "acoustic_entropy": 8.409082412719727,
          "acoustic_entropy_side": 8.405713081359863,
          "hz": 2524.2759484456974
        },
        {
          "acoustic_entropy": 8.470441818237305,
          "acoustic_entropy_side": 8.470941543579102,
          "hz": 2809.813997359896
        },
        {
          "acoustic_entropy": 8.419149398803711,
          "acoustic_entropy_side": 8.460348129272461,
          "hz": 3120.6389567871424
        },
        {
          "acoustic_entropy": 8.446459770202637,
          "acoustic_entropy_side": 8.464232444763184,
          "hz": 3458.990205492291
        },
        {
          "acoustic_entropy": 8.461236953735352,
          "acoustic_entropy_side": 8.481420516967773,
          "hz": 3827.305438964164
        },
        {
          "acoustic_entropy": 8.416437149047852,
          "acoustic_entropy_side": 8.45894718170166,
          "hz": 4228.238232109126
        },
        {
          "acoustic_entropy": 8.474672317504883,
          "acoustic_entropy_side": 8.48501205444336,
          "hz": 4664.6771572759235
        },
        {
          "acoustic_entropy": 8.439169883728027,
          "acoustic_entropy_side": 8.465344429016113,
          "hz": 5139.766595350093
        },
        {
          "acoustic_entropy": 8.46091365814209,
          "acoustic_entropy_side": 8.470251083374023,
          "hz": 5656.929389854203
        },
        {
          "acoustic_entropy": 8.46810245513916,
          "acoustic_entropy_side": 8.475275039672852,
          "hz": 6219.891507268283
        },
        {
          "acoustic_entropy": 8.466516494750977,
          "acoustic_entropy_side": 8.471896171569824,
          "hz": 6832.70888123896
        },
        {
          "acoustic_entropy": 8.47764778137207,
          "acoustic_entropy_side": 8.479707717895508,
          "hz": 7499.796634079867
        },
        {
          "acoustic_entropy": 8.479048728942871,
          "acoustic_entropy_side": 8.480804443359375,
          "hz": 8225.96088609342
        },
        {
          "acoustic_entropy": 8.479403495788574,
          "acoustic_entropy_side": 8.481173515319824,
          "hz": 9016.43338188839
        },
        {
          "acoustic_entropy": 8.48156452178955,
          "acoustic_entropy_side": 8.481902122497559,
          "hz": 9876.909183162974
        },
        {
          "acoustic_entropy": 8.481680870056152,
          "acoustic_entropy_side": 8.481902122497559,
          "hz": 10813.587699516042
        },
        {
          "acoustic_entropy": 8.481855392456055,
          "acoustic_entropy_side": 8.481982231140137,
          "hz": 11833.21735289826
        },
        {
          "acoustic_entropy": 8.48202896118164,
          "acoustic_entropy_side": 8.482056617736816,
          "hz": 12943.144197493959
        },
        {
          "acoustic_entropy": 8.48205852508545,
          "acoustic_entropy_side": 8.482069969177246,
          "hz": 14151.364845322005
        },
        {
          "acoustic_entropy": 8.482074737548828,
          "acoustic_entropy_side": 8.482076644897461,
          "hz": 15466.58407886509
        },
        {
          "acoustic_entropy": 8.482073783874512,
          "acoustic_entropy_side": 8.482075691223145,
          "hz": 16898.27756580493
        },
        {
          "acoustic_entropy": 8.482077598571777,
          "acoustic_entropy_side": 8.482077598571777,
          "hz": 18456.760127700032
        },
        {
          "acoustic_entropy": 8.482076644897461,
          "acoustic_entropy_side": 8.482076644897461,
          "hz": 20153.260054456492
        },
        {
          "acoustic_entropy": 8.482075691223145,
          "acoustic_entropy_side": 8.482075691223145,
          "hz": 22000.00000000001
        }
      ],
      "diff_acoustic_entropy": 3.7348108291625977,
      "sn": 12
    },
    {
      "acoustic_entropy": 14.271682739257812,
      "acoustic_entropy_mono": 12.524045944213867,
      "band_eliminated_acoustic_entropies": [
        {
          "acoustic_entropy": 14.26832389831543,
          "acoustic_entropy_side": 14.267715454101562,
          "hz": 129.47220167065723
        },
        {
          "acoustic_entropy": 14.208575248718262,
          "acoustic_entropy_side": 13.803804397583008,
          "hz": 202.92927478742237
        },
        {
          "acoustic_entropy": 15.469562530517578,
          "acoustic_entropy_side": 14.339505195617676,
          "hz": 282.89161906338205
        },
        {
          "acoustic_entropy": 14.36049747467041,
          "acoustic_entropy_side": 14.50871467590332,
          "hz": 369.9353335868758
        },
        {
          "acoustic_entropy": 14.146988868713379,
          "acoustic_entropy_side": 15.540277481079102,
          "hz": 464.6875360973435
        },
        {
          "acoustic_entropy": 13.881512641906738,
          "acoustic_entropy_side": 14.480886459350586,
          "hz": 567.8308811364784
        },
        {
          "acoustic_entropy": 13.950601577758789,
          "acoustic_entropy_side": 15.173530578613281,
          "hz": 680.1084783214808
        },
        {
          "acoustic_entropy": 14.351151466369629,
          "acoustic_entropy_side": 14.086404800415039,
          "hz": 802.3292461747484
        },
        {
          "acoustic_entropy": 14.901482582092285,
          "acoustic_entropy_side": 14.79002571105957,
          "hz": 935.3737400823702
        },
        {
          "acoustic_entropy": 14.410504341125488,
          "acoustic_entropy_side": 14.708395004272461,
          "hz": 1080.2004963696966
        },
        {
          "acoustic_entropy": 15.105855941772461,
          "acoustic_entropy_side": 14.847672462463379,
          "hz": 1237.8529382007157
        },
        {
          "acoustic_entropy": 14.050768852233887,
          "acoustic_entropy_side": 14.717366218566895,
          "hz": 1409.4668930556702
        },
        {
          "acoustic_entropy": 14.536568641662598,
          "acoustic_entropy_side": 14.612338066101074,
          "hz": 1596.2787759475705
        },
        {
          "acoustic_entropy": 14.372231483459473,
          "acoustic_entropy_side": 14.431123733520508,
          "hz": 1799.6344973346393
        },
        {
          "acoustic_entropy": 14.677718162536621,
          "acoustic_entropy_side": 14.65907096862793,
          "hz": 2020.9991599069049
        },
        {
          "acoustic_entropy": 14.465496063232422,
          "acoustic_entropy_side": 14.28085708618164,
          "hz": 2261.9676141086993
        },
        {
          "acoustic_entropy": 14.4942626953125,
          "acoustic_entropy_side": 14.341716766357422,
          "hz": 2524.2759484456974
        },
        {
          "acoustic_entropy": 14.129019737243652,
          "acoustic_entropy_side": 14.310322761535645,
          "hz": 2809.813997359896
        },
        {
          "acoustic_entropy": 14.273146629333496,
          "acoustic_entropy_side": 14.159724235534668,
          "hz": 3120.6389567871424
