{
  "acoustic_entropy": 157.45179748535156,
  "bands": [
    {
      "high_freq": 148.1999969482422,
      "loudness": -50.40890884399414,
      "loudness_range": 15.878482818603516,
      "mid_mean": -46.80438995361328,
      "mid_to_side_loudness": -17.61429786682129,
      "mid_to_side_loudness_range": 16.349838256835938,
      "side_mean": -63.04969787597656
    },
    {
      "high_freq": 392.3793640136719,
      "loudness": -37.107521057128906,
      "loudness_range": 13.101966857910156,
      "low_freq": 148.1999969482422,
      "mid_mean": -33.656883239746094,
      "mid_to_side_loudness": -16.778602600097656,
      "mid_to_side_loudness_range": 12.041177749633789,
      "side_mean": -51.95773696899414
    },
    {
      "high_freq": 794.6976318359375,
      "loudness": -33.69822692871094,
      "loudness_range": 8.616212844848633,
      "low_freq": 392.3793640136719,
      "mid_mean": -30.118051528930664,
      "mid_to_side_loudness": -16.947416305541992,
      "mid_to_side_loudness_range": 10.587282180786133,
      "side_mean": -47.41010284423828
    },
    {
      "high_freq": 1457.5709228515625,
      "loudness": -35.67159652709961,
      "loudness_range": 9.674354553222656,
      "low_freq": 794.6976318359375,
      "mid_mean": -32.08599090576172,
      "mid_to_side_loudness": -17.344053268432617,
      "mid_to_side_loudness_range": 9.802653312683105,
      "side_mean": -50.61800003051758
    },
    {
      "high_freq": 2549.74365234375,
      "loudness": -33.45127487182617,
      "loudness_range": 8.107072830200195,
      "low_freq": 1457.5709228515625,
      "mid_mean": -29.981483459472656,
      "mid_to_side_loudness": -15.267620086669922,
      "mid_to_side_loudness_range": 11.304052352905273,
      "side_mean": -45.87308883666992
    },
    {
      "high_freq": 4349.24462890625,
      "loudness": -37.757694244384766,
      "loudness_range": 9.249168395996094,
      "low_freq": 2549.74365234375,
      "mid_mean": -34.19181823730469,
      "mid_to_side_loudness": -16.911821365356445,
      "mid_to_side_loudness_range": 11.296673774719238,
      "side_mean": -52.81971740722656
    },
    {
      "high_freq": 7314.1640625,
      "loudness": -48.39112091064453,
      "loudness_range": 12.567707061767578,
      "low_freq": 4349.24462890625,
      "mid_mean": -44.6932487487793,
      "mid_to_side_loudness": -19.535690307617188,
      "mid_to_side_loudness_range": 11.322505950927734,
      "side_mean": -63.65222930908203
    },
    {
      "high_freq": 12199.2666015625,
      "loudness": -63.199527740478516,
      "loudness_range": 6.607265472412109,
      "low_freq": 7314.1640625,
      "mid_mean": -59.528446197509766,
      "mid_to_side_loudness": -33.17623519897461,
      "mid_to_side_loudness_range": 45.80824279785156,
      "side_mean": -69.95184326171875
    },
    {
      "loudness": -68.33042907714844,
      "loudness_range": 1.2282791137695312,
      "low_freq": 12199.2666015625,
      "mid_mean": -63.629600524902344,
      "mid_to_side_loudness": -22.073989868164062,
      "mid_to_side_loudness_range": 6.021141052246094,
      "side_mean": -69.9188461303711
    }
  ],
  "bands_short": [
    {
      "high_freq": 148.1999969482422,
      "loudness": -53.55146789550781,
      "loudness_range": 17.072494506835938,
      "mid_mean": -50.687095642089844,
      "mid_to_side_loudness": -17.788381576538086,
      "mid_to_side_loudness_range": 20.137073516845703,
      "side_mean": -65.16600036621094
    },
    {
      "high_freq": 392.3793640136719,
      "loudness": -37.56180191040039,
      "loudness_range": 14.905364990234375,
      "low_freq": 148.1999969482422,
      "mid_mean": -34.220542907714844,
      "mid_to_side_loudness": -16.70174789428711,
      "mid_to_side_loudness_range": 15.100638389587402,
      "side_mean": -52.31547546386719
    },
    {
      "high_freq": 794.6976318359375,
      "loudness": -33.997554779052734,
      "loudness_range": 10.480127334594727,
      "low_freq": 392.3793640136719,
      "mid_mean": -30.43267059326172,
      "mid_to_side_loudness": -16.615007400512695,
      "mid_to_side_loudness_range": 14.190278053283691,
      "side_mean": -47.690040588378906
    },
    {
      "high_freq": 1457.5709228515625,
      "loudness": -35.96625900268555,
      "loudness_range": 11.219160079956055,
      "low_freq": 794.6976318359375,
      "mid_mean": -32.389686584472656,
      "mid_to_side_loudness": -17.03993034362793,
      "mid_to_side_loudness_range": 13.582465171813965,
      "side_mean": -50.87940979003906
    },
    {
      "high_freq": 2549.74365234375,
      "loudness": -33.993125915527344,
      "loudness_range": 9.784324645996094,
      "low_freq": 1457.5709228515625,
      "mid_mean": -30.55990219116211,
      "mid_to_side_loudness": -15.087724685668945,
      "mid_to_side_loudness_range": 14.214902877807617,
      "side_mean": -46.4229736328125
    },
    {
      "high_freq": 4349.24462890625,
      "loudness": -37.57246398925781,
      "loudness_range": 10.582866668701172,
      "low_freq": 2549.74365234375,
      "mid_mean": -34.029624938964844,
      "mid_to_side_loudness": -16.78591537475586,
      "mid_to_side_loudness_range": 14.257680892944336,
      "side_mean": -52.646636962890625
    },
    {
      "high_freq": 7314.1640625,
      "loudness": -48.53221130371094,
      "loudness_range": 13.188095092773438,
      "low_freq": 4349.24462890625,
      "mid_mean": -44.84477615356445,
      "mid_to_side_loudness": -19.075258255004883,
      "mid_to_side_loudness_range": 12.720173835754395,
      "side_mean": -63.60800552368164
    },
    {
      "high_freq": 12199.2666015625,
      "loudness": -63.241432189941406,
      "loudness_range": 6.463142395019531,
      "low_freq": 7314.1640625,
      "mid_mean": -59.60174560546875,
      "mid_to_side_loudness": -34.31394577026367,
      "mid_to_side_loudness_range": 62.71635055541992,
      "side_mean": -69.95084381103516
    },
    {
      "loudness": -68.29534149169922,
      "loudness_range": 1.8029632568359375,
      "low_freq": 12199.2666015625,
      "mid_mean": -63.60352325439453,
      "mid_to_side_loudness": -22.386520385742188,
      "mid_to_side_loudness_range": 8.32417106628418,
      "side_mean": -69.91873931884766
    }
  ],
  "bandwidth": 906.292236328125,
  "channels": 2,
  "covariance": [
    [
      31.72733497619629,
      11.297956466674805,
      13.507064819335938,
      22.19660758972168,
      10.447147369384766,
      14.255104064941406,
      4.633203029632568,
      5.909128189086914,
      7.694105625152588,
      13.266129493713379,
      7.50040340423584,
      15.175897598266602,
      10.679182052612305,
      6.710598468780518,
      3.44380521774292,
      -0.009055059403181076,
      1.1850926876068115,
      -0.02782553993165493
    ],
    [
      11.297956466674805,
      17.79466438293457,
      7.701423168182373,
      20.395986557006836,
      5.923214435577393,
      9.51132869720459,
      3.261678695678711,
      7.639373779296875,
      5.4873881340026855,
      7.686633586883545,
      3.948333740234375,
      11.024275779724121,
      6.4245500564575195,
      4.805450439453125,
      4.537493705749512,
      -0.010603605769574642,
      2.118818998336792,
      -0.004401666112244129
    ],
    [
      13.507064819335938,
      7.701423168182373,
      32.78390121459961,
      27.320524215698242,
      11.153101921081543,
      13.517513275146484,
      6.54724645614624,
      2.9927268028259277,
      12.361546516418457,
      9.8109769821167,
      13.28207778930664,
      11.95999526977539,
      13.775619506835938,
      6.8434648513793945,
      4.468313217163086,
      0.01900971494615078,
      0.6634859442710876,
      -0.016391891986131668
    ],
    [
      22.19660758972168,
      20.395986557006836,
      27.320524215698242,
      61.696563720703125,
      16.84929847717285,
      23.336584091186523,
      11.669699668884277,
      24.067209243774414,
      14.583664894104004,
      18.67412757873535,
      15.46899127960205,
      32.33279800415039,
      21.153215408325195,
      13.775786399841309,
      12.817756652832031,
      -0.04552788659930229,
      5.478454113006592,
      -0.02053862251341343
    ],
    [
      10.447147369384766,
      5.923214435577393,
      11.153101921081543,
      16.84929847717285,
      18.999067306518555,
      14.663427352905273,
      6.632612705230713,
      4.569228172302246,
      11.782327651977539,
      10.2724027633667,
      11.648921012878418,
      13.335906028747559,
      15.079456329345703,
      6.593722820281982,
      3.9791641235351562,
      -0.034322239458560944,
      0.6697231531143188,
      -0.022415990009903908
    ],
    [
      14.255104064941406,
      9.51132869720459,
      13.517513275146484,
      23.336584091186523,
      14.663427352905273,
      24.493465423583984,
      6.207367420196533,
      6.65965461730957,
      11.141585350036621,
      13.874643325805664,
      10.938602447509766,
      17.6485538482666,
      15.490970611572266,
      8.156097412109375,
      5.221623420715332,
      -0.08161719888448715,
      1.5324740409851074,
      -0.05509573966264725
    ],
    [
      4.633203029632568,
      3.261678695678711,
      6.54724645614624,
      11.669699668884277,
      6.632612705230713,
      6.207367420196533,
      15.00041675567627,
      9.95300579071045,
      6.292019367218018,
      6.155900955200195,
      6.61781644821167,
      7.425757884979248,
      9.817313194274902,
      4.314048767089844,
      3.624480724334717,
      0.008365555666387081,
      0.5621073246002197,
      -0.01476490218192339
    ],
    [
      5.909128189086914,
      7.639373779296875,
      2.9927268028259277,
      24.067209243774414,
      4.569228172302246,
      6.65965461730957,
      9.95300579071045,
      30.22271156311035,
      4.602209568023682,
      6.707837104797363,
      4.615159034729004,
      21.241430282592773,
      6.480387210845947,
      8.520495414733887,
      11.177604675292969,
      0.035084694623947144,
      5.631852149963379,
      0.01064866129308939
    ],
    [
      7.694105625152588,
      5.4873881340026855,
      12.361546516418457,
      14.583664894104004,
      11.782327651977539,
      11.141585350036621,
      6.292019367218018,
      4.602209568023682,
      19.331228256225586,
      12.151806831359863,
      15.17445182800293,
      12.668319702148438,
      15.904772758483887,
      7.5159173011779785,
      5.201719284057617,
      0.04294516146183014,
      0.8032942414283752,
      -0.0044603534042835236
    ],
    [
      13.266129493713379,
      7.686633586883545,
      9.8109769821167,
      18.67412757873535,
      10.2724027633667,
      13.874643325805664,
      6.155900955200195,
      6.707837104797363,
      12.151806831359863,
      23.132108688354492,
      13.119171142578125,
      16.5838623046875,
      15.889907836914062,
      9.19511890411377,
      5.955995082855225,
      0.04546123743057251,
      1.4202340841293335,
      -0.024242011830210686
    ],
    [
      7.50040340423584,
      3.948333740234375,
      13.28207778930664,
      15.46899127960205,
      11.648921012878418,
      10.938602447509766,
      6.61781644821167,
      4.615159034729004,
      15.17445182800293,
      13.119171142578125,
      20.13766098022461,
      14.857843399047852,
      18.586959838867188,
      8.721138954162598,
      6.017570495605469,
      0.052458036690950394,
      0.7806069254875183,
      -0.004844833631068468
    ],
    [
      15.175897598266602,
      11.024275779724121,
      11.95999526977539,
      32.33279800415039,
      13.335906028747559,
      17.6485538482666,
      7.425757884979248,
      21.241430282592773,
      12.668319702148438,
      16.5838623046875,
      14.857843399047852,
      33.7922477722168,
      19.670284271240234,
      15.455782890319824,
      13.299630165100098,
      0.02405295893549919,
      5.602173805236816,
      -0.00786901731044054
    ],
    [
      10.679182052612305,
      6.4245500564575195,
      13.775619506835938,
      21.153215408325195,
      15.079456329345703,
      15.490970611572266,
      9.817313194274902,
      6.480387210845947,
      15.904772758483887,
      15.889907836914062,
      18.586959838867188,
      19.670284271240234,
      25.672853469848633,
      11.301454544067383,
      7.152812480926514,
      0.0258307047188282,
      0.9378766417503357,
      -0.019980717450380325
    ],
    [
      6.710598468780518,
      4.805450439453125,
      6.8434648513793945,
      13.775786399841309,
      6.593722820281982,
      8.156097412109375,
      4.314048767089844,
      8.520495414733887,
      7.5159173011779785,
      9.19511890411377,
      8.721138954162598,
      15.455782890319824,
      11.301454544067383,
      9.491708755493164,
      6.735199928283691,
      0.06396202743053436,
      2.3477537631988525,
      0.002408302389085293
    ],
    [
      3.44380521774292,
      4.537493705749512,
      4.468313217163086,
      12.817756652832031,
      3.9791641235351562,
      5.221623420715332,
      3.624480724334717,
      11.177604675292969,
      5.201719284057617,
      5.955995082855225,
      6.017570495605469,
      13.299630165100098,
      7.152812480926514,
      6.735199928283691,
      8.728766441345215,
      0.05434326082468033,
      3.5861687660217285,
      0.0016461412888020277
    ],
    [
      -0.009055059403181076,
      -0.010603605769574642,
      0.01900971494615078,
      -0.04552788659930229,
      -0.034322239458560944,
      -0.08161719888448715,
      0.008365555666387081,
      0.035084694623947144,
      0.04294516146183014,
      0.04546123743057251,
      0.052458036690950394,
      0.02405295893549919,
      0.0258307047188282,
      0.06396202743053436,
      0.05434326082468033,
      0.013460415415465832,
      0.008404196240007877,
      0.0022657588124275208
    ],
    [
      1.1850926876068115,
      2.118818998336792,
      0.6634859442710876,
      5.478454113006592,
      0.6697231531143188,
      1.5324740409851074,
      0.5621073246002197,
      5.631852149963379,
      0.8032942414283752,
      1.4202340841293335,
      0.7806069254875183,
      5.602173805236816,
      0.9378766417503357,
      2.3477537631988525,
      3.5861687660217285,
      0.008404196240007877,
      1.9410128593444824,
      0.001738141756504774
    ],
    [
      -0.02782553993165493,
      -0.004401666112244129,
      -0.016391891986131668,
      -0.02053862251341343,
      -0.022415990009903908,
      -0.05509573966264725,
      -0.01476490218192339,
      0.01064866129308939,
      -0.0044603534042835236,
      -0.024242011830210686,
      -0.004844833631068468,
      -0.00786901731044054,
      -0.019980717450380325,
      0.002408302389085293,
      0.0016461412888020277,
      0.0022657588124275208,
      0.001738141756504774,
      0.0012992199044674635
    ]
  ],
  "covariance_short": [
    [
      46.42687225341797,
      11.366961479187012,
      13.28680419921875,
      30.151071548461914,
      7.631082057952881,
      13.146717071533203,
      3.8487539291381836,
      18.114547729492188,
      6.1201491355896,
      10.944486618041992,
      4.944404125213623,
      24.765777587890625,
      8.162793159484863,
      10.060222625732422,
      10.383365631103516,
      -0.015420408919453621,
      5.813918590545654,
      -0.003619467606768012
    ],
    [
      11.366961479187012,
      17.16164207458496,
      5.43560266494751,
      15.58190631866455,
      3.562870740890503,
      6.391721725463867,
      2.121011734008789,
      4.753568649291992,
      3.864861249923706,
      5.115506172180176,
      1.5621821880340576,
      6.733635902404785,
      3.7289083003997803,
      2.882713794708252,
      2.646026134490967,
      -0.028596628457307816,
      1.4041438102722168,
      -0.005851053632795811
    ],
    [
      13.28680419921875,
      5.43560266494751,
      39.14349365234375,
      28.270610809326172,
      11.704742431640625,
      14.841504096984863,
      6.288654804229736,
      3.782250165939331,
      12.224242210388184,
      11.967794418334961,
      13.3307466506958,
      13.071146965026855,
      14.460195541381836,
      7.103912830352783,
      4.317655563354492,
      0.01142681110650301,
      0.6196381449699402,
      -0.016491642221808434
    ],
    [
      30.151071548461914,
      15.58190631866455,
      28.270610809326172,
      62.988101959228516,
      16.614505767822266,
      23.87190818786621,
      10.557700157165527,
      22.4510440826416,
      15.032010078430176,
      18.82427406311035,
      14.23372745513916,
      31.908964157104492,
      20.91530418395996,
      13.570130348205566,
      12.271551132202148,
      -0.04903024435043335,
      5.383148193359375,
      -0.023130709305405617
    ],
    [
      7.631082057952881,
      3.562870740890503,
      11.704742431640625,
      16.614505767822266,
      23.17759895324707,
      14.576265335083008,
      7.235464572906494,
      4.320191383361816,
      12.014226913452148,
      10.62065315246582,
      11.172475814819336,
      13.594062805175781,
      15.612349510192871,
      6.687112331390381,
      3.914409875869751,
      -0.042430415749549866,
      0.6467357873916626,
      -0.023287350311875343
    ],
    [
      13.146717071533203,
      6.391721725463867,
      14.841504096984863,
      23.87190818786621,
      14.576265335083008,
      28.293855667114258,
      6.811347007751465,
      6.882265090942383,
      11.521073341369629,
      14.52131462097168,
      10.480040550231934,
      17.73500633239746,
      15.801170349121094,
      8.259176254272461,
      5.179380416870117,
      -0.07709693908691406,
      1.4940911531448364,
      -0.05642494931817055
    ],
    [
      3.8487539291381836,
      2.121011734008789,
      6.288654804229736,
      10.557700157165527,
      7.235464572906494,
      6.811347007751465,
      18.236698150634766,
      9.151114463806152,
      6.147979736328125,
      5.778204441070557,
      6.550029277801514,
      7.405805587768555,
      10.440903663635254,
      4.458362102508545,
      3.7129180431365967,
      0.006011198740452528,
      0.58314448595047,
      -0.016515454277396202
    ],
    [
      18.114547729492188,
      4.753568649291992,
      3.782250165939331,
      22.4510440826416,
      4.320191383361816,
      6.882265090942383,
      9.151114463806152,
      32.15016174316406,
      4.170587062835693,
      5.898236274719238,
      3.3598814010620117,
      21.248659133911133,
      6.4965643882751465,
      8.783829689025879,
      10.834356307983398,
      0.0395069420337677,
      5.564700126647949,
      0.009309480898082256
    ],
    [
      6.1201491355896,
      3.864861249923706,
      12.224242210388184,
      15.032010078430176,
      12.014226913452148,
      11.521073341369629,
      6.147979736328125,
      4.170587062835693,
      22.46505355834961,
      13.666646003723145,
      15.721872329711914,
      13.086846351623535,
      16.70488929748535,
      7.743496894836426,
      5.463229179382324,
      0.0375603586435318,
      0.8055643439292908,
      0.0008622020250186324
    ],
    [
      10.944486618041992,
      5.115506172180176,
      11.967794418334961,
      18.82427406311035,
      10.62065315246582,
      14.52131462097168,
      5.778204441070557,
      5.898236274719238,
      13.666646003723145,
      26.406803131103516,
      14.317471504211426,
      17.79327392578125,
      16.809911727905273,
      9.788350105285645,
      5.863524436950684,
      0.05681852623820305,
      1.421281337738037,
      -0.021969586610794067
    ],
    [
      4.944404125213623,
      1.5621821880340576,
      13.3307466506958,
      14.23372745513916,
      11.172475814819336,
      10.480040550231934,
      6.550029277801514,
      3.3598814010620117,
      15.721872329711914,
      14.317471504211426,
      23.592466354370117,
      15.441271781921387,
      20.253950119018555,
      9.1945219039917,
      6.517845153808594,
      0.06467725336551666,
      0.8222767114639282,
      -0.0017127633327618241
    ],
    [
      24.765777587890625,
      6.733635902404785,
      13.071146965026855,
      31.908964157104492,
      13.594062805175781,
      17.73500633239746,
      7.405805587768555,
      21.248659133911133,
      13.086846351623535,
      17.79327392578125,
      15.441271781921387,
      37.21220779418945,
      20.948522567749023,
      16.374847412109375,
      13.344178199768066,
      0.03564031422138214,
      5.694149017333984,
      -0.008949301205575466
    ],
    [
      8.162793159484863,
      3.7289083003997803,
      14.460195541381836,
      20.91530418395996,
      15.612349510192871,
      15.801170349121094,
      10.440903663635254,
      6.4965643882751465,
      16.70488929748535,
      16.809911727905273,
      20.253950119018555,
      20.948522567749023,
      28.613582611083984,
      11.633307456970215,
      7.765267848968506,
      0.02261693775653839,
      1.0130252838134766,
      -0.019195931032299995
    ],
    [
      10.060222625732422,
      2.882713794708252,
      7.103912830352783,
      13.570130348205566,
      6.687112331390381,
      8.259176254272461,
      4.458362102508545,
      8.783829689025879,
      7.743496894836426,
      9.788350105285645,
      9.1945219039917,
      16.374847412109375,
      11.633307456970215,
      11.016953468322754,
      6.799217224121094,
      0.0787682831287384,
      2.421442985534668,
      0.0025197239592671394
    ],
    [
      10.383365631103516,
      2.646026134490967,
      4.317655563354492,
      12.271551132202148,
      3.914409875869751,
      5.179380416870117,
      3.7129180431365967,
      10.834356307983398,
      5.463229179382324,
      5.863524436950684,
      6.517845153808594,
      13.344178199768066,
      7.765267848968506,
      6.799217224121094,
      9.239640235900879,
      0.04146581143140793,
      3.743873119354248,
      0.0003644396783784032
    ],
    [
      -0.015420408919453621,
      -0.028596628457307816,
      0.01142681110650301,
      -0.04903024435043335,
      -0.042430415749549866,
      -0.07709693908691406,
      0.006011198740452528,
      0.0395069420337677,
      0.0375603586435318,
      0.05681852623820305,
      0.06467725336551666,
      0.03564031422138214,
      0.02261693775653839,
      0.0787682831287384,
      0.04146581143140793,
      0.017203712835907936,
      0.004878474399447441,
      0.002375102136284113
    ],
    [
      5.813918590545654,
      1.4041438102722168,
      0.6196381449699402,
      5.383148193359375,
      0.6467357873916626,
      1.4940911531448364,
      0.58314448595047,
      5.564700126647949,
      0.8055643439292908,
      1.421281337738037,
      0.8222767114639282,
      5.694149017333984,
      1.0130252838134766,
      2.421442985534668,
      3.743873119354248,
      0.004878474399447441,
      2.14555025100708,
      0.0008102592546492815
    ],
    [
      -0.003619467606768012,
      -0.005851053632795811,
      -0.016491642221808434,
      -0.023130709305405617,
      -0.023287350311875343,
      -0.05642494931817055,
      -0.016515454277396202,
      0.009309480898082256,
      0.0008622020250186324,
      -0.021969586610794067,
      -0.0017127633327618241,
      -0.008949301205575466,
      -0.019195931032299995,
      0.0025197239592671394,
      0.0003644396783784032,
      0.002375102136284113,
      0.0008102592546492815,
      0.0020017584320157766
    ]
  ],
  "damage": -19.653453826904297,
  "diff_bandwidth": 945.8307495117188,
  "dissonance": 7.248092968636842,
  "drr": 5.784167766571045,
  "dynamics": 2.601823091506958,
  "format": 1245190,
  "frames": 4201408,
  "loudness": -24.25566864013672,
  "loudness_range": 7.71348762512207,
  "loudness_range_short": 7.918008804321289,
  "lowpass_true_peak_15khz": -10.507147789001465,
  "mastering3_acoustic_entropies": [
    {
      "acoustic_entropy": 7.9696502685546875,
      "acoustic_entropy_mono": 7.992802619934082,
      "band_eliminated_acoustic_entropies": [
        {
          "acoustic_entropy": 7.969709396362305,
          "acoustic_entropy_side": 7.969649314880371,
          "hz": 129.47220167065723
        },
        {
          "acoustic_entropy": 7.868520736694336,
          "acoustic_entropy_side": 7.968991756439209,
          "hz": 202.92927478742237
        },
        {
          "acoustic_entropy": 7.801194190979004,
          "acoustic_entropy_side": 7.95621919631958,
          "hz": 282.89161906338205
        },
        {
          "acoustic_entropy": 8.128257751464844,
          "acoustic_entropy_side": 7.965985298156738,
          "hz": 369.9353335868758
        },
        {
          "acoustic_entropy": 7.8181939125061035,
          "acoustic_entropy_side": 7.973654747009277,
          "hz": 464.6875360973435
        },
        {
          "acoustic_entropy": 7.679925441741943,
          "acoustic_entropy_side": 7.969193935394287,
          "hz": 567.8308811364784
        },
        {
          "acoustic_entropy": 7.185879230499268,
          "acoustic_entropy_side": 7.9670090675354,
          "hz": 680.1084783214808
        },
        {
          "acoustic_entropy": 7.971588134765625,
          "acoustic_entropy_side": 7.988620281219482,
          "hz": 802.3292461747484
        },
        {
          "acoustic_entropy": 7.686130046844482,
          "acoustic_entropy_side": 7.970870494842529,
          "hz": 935.3737400823702
        },
        {
          "acoustic_entropy": 8.066362380981445,
          "acoustic_entropy_side": 7.970911502838135,
          "hz": 1080.2004963696966
        },
        {
          "acoustic_entropy": 7.691389083862305,
          "acoustic_entropy_side": 7.97084903717041,
          "hz": 1237.8529382007157
        },
        {
          "acoustic_entropy": 7.951618194580078,
          "acoustic_entropy_side": 7.969602584838867,
          "hz": 1409.4668930556702
        },
        {
          "acoustic_entropy": 7.631738662719727,
          "acoustic_entropy_side": 7.968564987182617,
          "hz": 1596.2787759475705
        },
        {
          "acoustic_entropy": 7.76242208480835,
          "acoustic_entropy_side": 7.9699883460998535,
          "hz": 1799.6344973346393
        },
        {
          "acoustic_entropy": 7.8718132972717285,
          "acoustic_entropy_side": 7.9672698974609375,
          "hz": 2020.9991599069049
        },
        {
          "acoustic_entropy": 7.941317558288574,
          "acoustic_entropy_side": 7.964153289794922,
          "hz": 2261.9676141086993
        },
        {
          "acoustic_entropy": 7.3039445877075195,
          "acoustic_entropy_side": 7.995994567871094,
          "hz": 2524.2759484456974
        },
        {
          "acoustic_entropy": 7.715879917144775,
          "acoustic_entropy_side": 7.965634822845459,
          "hz": 2809.813997359896
        },
        {
          "acoustic_entropy": 8.06656551361084,
          "acoustic_entropy_side": 7.9765143394470215,
          "hz": 3120.6389567871424
        },
        {
          "acoustic_entropy": 7.949060916900635,
          "acoustic_entropy_side": 7.968212127685547,
          "hz": 3458.990205492291
        },
        {
          "acoustic_entropy": 7.8319993019104,
          "acoustic_entropy_side": 7.969581127166748,
          "hz": 3827.305438964164
        },
        {
          "acoustic_entropy": 7.785186767578125,
          "acoustic_entropy_side": 7.969298839569092,
          "hz": 4228.238232109126
        },
        {
          "acoustic_entropy": 7.872593879699707,
          "acoustic_entropy_side": 7.9695963859558105,
          "hz": 4664.6771572759235
        },
        {
          "acoustic_entropy": 7.8606858253479,
          "acoustic_entropy_side": 7.969593048095703,
          "hz": 5139.766595350093
        },
        {
          "acoustic_entropy": 7.945607662200928,
          "acoustic_entropy_side": 7.969642162322998,
          "hz": 5656.929389854203
        },
        {
          "acoustic_entropy": 7.924861431121826,
          "acoustic_entropy_side": 7.9696431159973145,
          "hz": 6219.891507268283
        },
        {
          "acoustic_entropy": 7.954895496368408,
          "acoustic_entropy_side": 7.969649314880371,
          "hz": 6832.70888123896
        },
        {
          "acoustic_entropy": 7.966794490814209,
          "acoustic_entropy_side": 7.969650745391846,
          "hz": 7499.796634079867
        },
        {
          "acoustic_entropy": 7.969108581542969,
          "acoustic_entropy_side": 7.9696502685546875,
          "hz": 8225.96088609342
        },
        {
          "acoustic_entropy": 7.969473838806152,
          "acoustic_entropy_side": 7.9696502685546875,
          "hz": 9016.43338188839
        },
        {
          "acoustic_entropy": 7.969545841217041,
          "acoustic_entropy_side": 7.9696502685546875,
          "hz": 9876.909183162974
        },
        {
          "acoustic_entropy": 7.969606876373291,
          "acoustic_entropy_side": 7.9696502685546875,
          "hz": 10813.587699516042
        },
        {
          "acoustic_entropy": 7.969635486602783,
          "acoustic_entropy_side": 7.9696502685546875,
          "hz": 11833.21735289826
        },
        {
          "acoustic_entropy": 7.969646453857422,
          "acoustic_entropy_side": 7.9696502685546875,
          "hz": 12943.144197493959
        },
        {
          "acoustic_entropy": 7.96965217590332,
          "acoustic_entropy_side": 7.9696502685546875,
          "hz": 14151.364845322005
        },
        {
          "acoustic_entropy": 7.969650745391846,
          "acoustic_entropy_side": 7.9696502685546875,
          "hz": 15466.58407886509
        },
        {
          "acoustic_entropy": 7.9696502685546875,
          "acoustic_entropy_side": 7.9696502685546875,
          "hz": 16898.27756580493
        },
        {
          "acoustic_entropy": 7.9696502685546875,
          "acoustic_entropy_side": 7.9696502685546875,
          "hz": 18456.760127700032
        },
        {
          "acoustic_entropy": 7.9696502685546875,
          "acoustic_entropy_side": 7.9696502685546875,
          "hz": 20153.260054456492
        },
        {
          "acoustic_entropy": 7.9696502685546875,
          "acoustic_entropy_side": 7.9696502685546875,
          "hz": 22000.00000000001
        }
      ],
      "diff_acoustic_entropy": 3.4367454051971436,
      "sn": 6
    },
    {
      "acoustic_entropy": 12.514715194702148,
      "acoustic_entropy_mono": 12.588123321533203,
      "band_eliminated_acoustic_entropies": [
        {
          "acoustic_entropy": 12.505053520202637,
          "acoustic_entropy_side": 12.514720916748047,
          "hz": 129.47220167065723
        },
        {
          "acoustic_entropy": 12.326128005981445,
          "acoustic_entropy_side": 12.515602111816406,
          "hz": 202.92927478742237
        },
        {
          "acoustic_entropy": 10.854103088378906,
          "acoustic_entropy_side": 12.488666534423828,
          "hz": 282.89161906338205
        },
        {
          "acoustic_entropy": 12.305352210998535,
          "acoustic_entropy_side": 12.518789291381836,
          "hz": 369.9353335868758
        },
        {
          "acoustic_entropy": 12.181863784790039,
          "acoustic_entropy_side": 12.51783275604248,
          "hz": 464.6875360973435
        },
        {
          "acoustic_entropy": 12.154387474060059,
          "acoustic_entropy_side": 12.485274314880371,
          "hz": 567.8308811364784
        },
        {
          "acoustic_entropy": 11.676575660705566,
          "acoustic_entropy_side": 12.498854637145996,
          "hz": 680.1084783214808
        },
        {
          "acoustic_entropy": 12.82883358001709,
          "acoustic_entropy_side": 12.568378448486328,
          "hz": 802.3292461747484
        },
        {
          "acoustic_entropy": 12.013097763061523,
          "acoustic_entropy_side": 12.572111129760742,
          "hz": 935.3737400823702
        },
        {
          "acoustic_entropy": 11.019026756286621,
          "acoustic_entropy_side": 12.484477996826172,
          "hz": 1080.2004963696966
        },
        {
          "acoustic_entropy": 12.113970756530762,
          "acoustic_entropy_side": 12.52115249633789,
          "hz": 1237.8529382007157
        },
        {
          "acoustic_entropy": 12.485937118530273,
          "acoustic_entropy_side": 12.56536865234375,
          "hz": 1409.4668930556702
        },
        {
          "acoustic_entropy": 12.005819320678711,
          "acoustic_entropy_side": 12.510993957519531,
          "hz": 1596.2787759475705
        },
        {
          "acoustic_entropy": 12.7902193069458,
          "acoustic_entropy_side": 12.541136741638184,
          "hz": 1799.6344973346393
        },
        {
          "acoustic_entropy": 12.40298080444336,
          "acoustic_entropy_side": 12.580519676208496,
          "hz": 2020.9991599069049
        },
        {
          "acoustic_entropy": 12.385445594787598,
          "acoustic_entropy_side": 12.545973777770996,
          "hz": 2261.9676141086993
        },
        {
          "acoustic_entropy": 12.237133026123047,
          "acoustic_entropy_side": 12.639053344726562,
          "hz": 2524.2759484456974
        },
        {
          "acoustic_entropy": 12.21885871887207,
          "acoustic_entropy_side": 12.536966323852539,
          "hz": 2809.813997359896
        },
        {
          "acoustic_entropy": 12.334390640258789,
          "acoustic_entropy_side": 12.525428771972656,
          "hz": 3120.6389567871424
        },
        {
          "acoustic_entropy": 11.956012725830078,
          "acoustic_entropy_side": 12.523404121398926,
          "hz": 3458.990205492291
        },
        {
          "acoustic_entropy": 12.413616180419922,
          "acoustic_entropy_side": 12.504010200500488,
          "hz": 3827.305438964164
        },
        {
          "acoustic_entropy": 12.478925704956055,
          "acoustic_entropy_side": 12.517342567443848,
          "hz": 4228.238232109126
        },
        {
          "acoustic_entropy": 12.384489059448242,
          "acoustic_entropy_side": 12.511394500732422,
          "hz": 4664.6771572759235
        },
        {
          "acoustic_entropy": 12.491296768188477,
          "acoustic_entropy_side": 12.515066146850586,
          "hz": 5139.766595350093
        },
        {
          "acoustic_entropy": 12.497915267944336,
          "acoustic_entropy_side": 12.514978408813477,
          "hz": 5656.929389854203
        },
        {
          "acoustic_entropy": 12.434280395507812,
          "acoustic_entropy_side": 12.51473617553711,
          "hz": 6219.891507268283
        },
        {
          "acoustic_entropy": 12.478281021118164,
          "acoustic_entropy_side": 12.514735221862793,
          "hz": 6832.70888123896
        },
        {
          "acoustic_entropy": 12.491843223571777,
          "acoustic_entropy_side": 12.514716148376465,
          "hz": 7499.796634079867
        },
        {
          "acoustic_entropy": 12.505849838256836,
          "acoustic_entropy_side": 12.514714241027832,
          "hz": 8225.96088609342
        },
        {
          "acoustic_entropy": 12.512178421020508,
          "acoustic_entropy_side": 12.514715194702148,
          "hz": 9016.43338188839
        },
        {
          "acoustic_entropy": 12.513534545898438,
          "acoustic_entropy_side": 12.514715194702148,
          "hz": 9876.909183162974
        },
        {
          "acoustic_entropy": 12.514193534851074,
          "acoustic_entropy_side": 12.514715194702148,
          "hz": 10813.587699516042
        },
        {
          "acoustic_entropy": 12.514562606811523,
          "acoustic_entropy_side": 12.514715194702148,
          "hz": 11833.21735289826
        },
        {
          "acoustic_entropy": 12.514703750610352,
          "acoustic_entropy_side": 12.514715194702148,
          "hz": 12943.144197493959
        },
        {
          "acoustic_entropy": 12.514707565307617,
          "acoustic_entropy_side": 12.514715194702148,
          "hz": 14151.364845322005
        },
        {
          "acoustic_entropy": 12.514718055725098,
          "acoustic_entropy_side": 12.514715194702148,
          "hz": 15466.58407886509
        },
        {
          "acoustic_entropy": 12.514714241027832,
          "acoustic_entropy_side": 12.514715194702148,
          "hz": 16898.27756580493
        },
        {
          "acoustic_entropy": 12.514713287353516,
          "acoustic_entropy_side": 12.514715194702148,
          "hz": 18456.760127700032
        },
        {
          "acoustic_entropy": 12.514715194702148,
          "acoustic_entropy_side": 12.514715194702148,
          "hz": 20153.260054456492
        },
        {
          "acoustic_entropy": 12.514715194702148,
          "acoustic_entropy_side": 12.514715194702148,
          "hz": 22000.00000000001
        }
      ],
      "diff_acoustic_entropy": 5.99546480178833,
      "sn": 12
    },
    {
      "acoustic_entropy": 15.205322265625,
      "acoustic_entropy_mono": 16.162050247192383,
      "band_eliminated_acoustic_entropies": [
        {
          "acoustic_entropy": 15.203300476074219,
          "acoustic_entropy_side": 15.205835342407227,
          "hz": 129.47220167065723
        },
        {
          "acoustic_entropy": 15.819250106811523,
          "acoustic_entropy_side": 15.232457160949707,
          "hz": 202.92927478742237
        },
        {
          "acoustic_entropy": 15.89309024810791,
          "acoustic_entropy_side": 15.547282218933105,
          "hz": 282.89161906338205
        },
        {
          "acoustic_entropy": 14.937968254089355,
          "acoustic_entropy_side": 15.587213516235352,
          "hz": 369.9353335868758
        },
        {
          "acoustic_entropy": 15.035823822021484,
          "acoustic_entropy_side": 15.561945915222168,
          "hz": 464.6875360973435
        },
        {
          "acoustic_entropy": 15.532010078430176,
          "acoustic_entropy_side": 15.244330406188965,
          "hz": 567.8308811364784
        },
        {
          "acoustic_entropy": 14.83493423461914,
          "acoustic_entropy_side": 15.089041709899902,
          "hz": 680.1084783214808
        },
        {
          "acoustic_entropy": 16.18358612060547,
          "acoustic_entropy_side": 15.053282737731934,
          "hz": 802.3292461747484
        },
        {
          "acoustic_entropy": 15.816274642944336,
          "acoustic_entropy_side": 15.563884735107422,
          "hz": 935.3737400823702
        },
        {
          "acoustic_entropy": 16.256803512573242,
          "acoustic_entropy_side": 14.89276123046875,
          "hz": 1080.2004963696966
        },
        {
          "acoustic_entropy": 15.649797439575195,
          "acoustic_entropy_side": 15.421117782592773,
          "hz": 1237.8529382007157
        },
        {
          "acoustic_entropy": 15.539899826049805,
          "acoustic_entropy_side": 15.418848991394043,
          "hz": 1409.4668930556702
        },
        {
          "acoustic_entropy": 16.173032760620117,
          "acoustic_entropy_side": 15.035283088684082,
          "hz": 1596.2787759475705
        },
        {
          "acoustic_entropy": 16.21396827697754,
          "acoustic_entropy_side": 15.433152198791504,
          "hz": 1799.6344973346393
        },
        {
          "acoustic_entropy": 15.527593612670898,
          "acoustic_entropy_side": 15.071535110473633,
          "hz": 2020.9991599069049
        },
        {
          "acoustic_entropy": 15.572056770324707,
          "acoustic_entropy_side": 15.407493591308594,
          "hz": 2261.9676141086993
        },
        {
