{
  "acoustic_entropy": 152.68504333496094,
  "bands": [
    {
      "high_freq": 148.1999969482422,
      "loudness": -53.32129669189453,
      "loudness_range": 16.859493255615234,
      "mid_mean": -51.32229995727539,
      "mid_to_side_loudness": -4.406920433044434,
      "mid_to_side_loudness_range": 6.022368431091309,
      "side_mean": -55.533748626708984
    },
    {
      "high_freq": 392.3793640136719,
      "loudness": -31.977266311645508,
      "loudness_range": 9.043373107910156,
      "low_freq": 148.1999969482422,
      "mid_mean": -28.873193740844727,
      "mid_to_side_loudness": -8.287678718566895,
      "mid_to_side_loudness_range": 7.839718818664551,
      "side_mean": -37.848018646240234
    },
    {
      "high_freq": 794.6976318359375,
      "loudness": -35.5255126953125,
      "loudness_range": 14.595863342285156,
      "low_freq": 392.3793640136719,
      "mid_mean": -32.82695388793945,
      "mid_to_side_loudness": -8.029698371887207,
      "mid_to_side_loudness_range": 11.039338111877441,
      "side_mean": -40.79338073730469
    },
    {
      "high_freq": 1457.5709228515625,
      "loudness": -27.056055068969727,
      "loudness_range": 22.767061233520508,
      "low_freq": 794.6976318359375,
      "mid_mean": -24.07952117919922,
      "mid_to_side_loudness": -8.643193244934082,
      "mid_to_side_loudness_range": 11.732758522033691,
      "side_mean": -32.94163513183594
    },
    {
      "high_freq": 2549.74365234375,
      "loudness": -31.50273895263672,
      "loudness_range": 23.93170738220215,
      "low_freq": 1457.5709228515625,
      "mid_mean": -28.8537540435791,
      "mid_to_side_loudness": -8.067610740661621,
      "mid_to_side_loudness_range": 12.391684532165527,
      "side_mean": -37.325565338134766
    },
    {
      "high_freq": 4349.24462890625,
      "loudness": -36.26937484741211,
      "loudness_range": 13.966608047485352,
      "low_freq": 2549.74365234375,
      "mid_mean": -33.329734802246094,
      "mid_to_side_loudness": -7.886588096618652,
      "mid_to_side_loudness_range": 9.151223182678223,
      "side_mean": -41.41307830810547
    },
    {
      "high_freq": 7314.1640625,
      "loudness": -41.69744110107422,
      "loudness_range": 11.056514739990234,
      "low_freq": 4349.24462890625,
      "mid_mean": -38.817813873291016,
      "mid_to_side_loudness": -7.651490211486816,
      "mid_to_side_loudness_range": 6.869746208190918,
      "side_mean": -46.60892105102539
    },
    {
      "high_freq": 12199.2666015625,
      "loudness": -49.0614128112793,
      "loudness_range": 10.264274597167969,
      "low_freq": 7314.1640625,
      "mid_mean": -46.836944580078125,
      "mid_to_side_loudness": -5.712937831878662,
      "mid_to_side_loudness_range": 3.857126474380493,
      "side_mean": -53.11690902709961
    },
    {
      "loudness": -56.47245407104492,
      "loudness_range": 10.262847900390625,
      "low_freq": 12199.2666015625,
      "mid_mean": -54.441104888916016,
      "mid_to_side_loudness": -4.614156723022461,
      "mid_to_side_loudness_range": 3.0091450214385986,
      "side_mean": -58.57309341430664
    }
  ],
  "bands_short": [
    {
      "high_freq": 148.1999969482422,
      "loudness": -59.861297607421875,
      "loudness_range": 13.60152816772461,
      "mid_mean": -57.446224212646484,
      "mid_to_side_loudness": -5.441333293914795,
      "mid_to_side_loudness_range": 13.049135208129883,
      "side_mean": -62.18354034423828
    },
    {
      "high_freq": 392.3793640136719,
      "loudness": -33.756134033203125,
      "loudness_range": 15.00279426574707,
      "low_freq": 148.1999969482422,
      "mid_mean": -31.11907386779785,
      "mid_to_side_loudness": -6.914928913116455,
      "mid_to_side_loudness_range": 14.154707908630371,
      "side_mean": -38.71649169921875
    },
    {
      "high_freq": 794.6976318359375,
      "loudness": -37.6480598449707,
      "loudness_range": 20.932716369628906,
      "low_freq": 392.3793640136719,
      "mid_mean": -35.303443908691406,
      "mid_to_side_loudness": -6.391705513000488,
      "mid_to_side_loudness_range": 12.10197639465332,
      "side_mean": -41.687164306640625
    },
    {
      "high_freq": 1457.5709228515625,
      "loudness": -29.23189926147461,
      "loudness_range": 25.765865325927734,
      "low_freq": 794.6976318359375,
      "mid_mean": -27.534677505493164,
      "mid_to_side_loudness": -5.538338661193848,
      "mid_to_side_loudness_range": 19.087291717529297,
      "side_mean": -33.52024459838867
    },
    {
      "high_freq": 2549.74365234375,
      "loudness": -33.95811080932617,
      "loudness_range": 29.264202117919922,
      "low_freq": 1457.5709228515625,
      "mid_mean": -31.724634170532227,
      "mid_to_side_loudness": -5.964968681335449,
      "mid_to_side_loudness_range": 16.24610710144043,
      "side_mean": -38.265045166015625
    },
    {
      "high_freq": 4349.24462890625,
      "loudness": -38.239906311035156,
      "loudness_range": 19.010271072387695,
      "low_freq": 2549.74365234375,
      "mid_mean": -35.68117904663086,
      "mid_to_side_loudness": -6.456800937652588,
      "mid_to_side_loudness_range": 12.366657257080078,
      "side_mean": -42.280757904052734
    },
    {
      "high_freq": 7314.1640625,
      "loudness": -42.925010681152344,
      "loudness_range": 17.043502807617188,
      "low_freq": 4349.24462890625,
      "mid_mean": -40.26137161254883,
      "mid_to_side_loudness": -6.4824042320251465,
      "mid_to_side_loudness_range": 9.383715629577637,
      "side_mean": -47.441619873046875
    },
    {
      "high_freq": 12199.2666015625,
      "loudness": -50.36106872558594,
      "loudness_range": 15.797351837158203,
      "low_freq": 7314.1640625,
      "mid_mean": -48.95920944213867,
      "mid_to_side_loudness": -5.070251941680908,
      "mid_to_side_loudness_range": 6.265451908111572,
      "side_mean": -54.239864349365234
    },
    {
      "loudness": -58.23439407348633,
      "loudness_range": 17.326717376708984,
      "low_freq": 12199.2666015625,
      "mid_mean": -55.80071258544922,
      "mid_to_side_loudness": -4.237557411193848,
      "mid_to_side_loudness_range": 4.430541038513184,
      "side_mean": -59.52490997314453
    }
  ],
  "bandwidth": 1080.7861328125,
  "channels": 2,
  "covariance": [
    [
      34.27605438232422,
      25.956424713134766,
      7.827329635620117,
      8.021111488342285,
      14.71267032623291,
      13.965714454650879,
      1.3644578456878662,
      3.84502911567688,
      12.787701606750488,
      14.993790626525879,
      11.029414176940918,
      15.481546401977539,
      21.30689239501953,
      24.762388229370117,
      25.638704299926758,
      36.54898452758789,
      30.11924934387207,
      25.73763656616211
    ],
    [
      25.956424713134766,
      22.355823516845703,
      6.3267669677734375,
      7.040329456329346,
      12.010262489318848,
      11.710201263427734,
      1.4234009981155396,
      3.4608099460601807,
      10.305455207824707,
      12.477272033691406,
      8.5009183883667,
      12.666449546813965,
      16.453880310058594,
      19.59131622314453,
      19.940767288208008,
      28.636560440063477,
      23.3945255279541,
      20.079214096069336
    ],
    [
      7.827329635620117,
      6.3267669677734375,
      11.38852596282959,
      8.745572090148926,
      9.436305046081543,
      10.48636245727539,
      5.434231758117676,
      7.117864608764648,
      8.061339378356934,
      9.54145622253418,
      8.050055503845215,
      9.591407775878906,
      9.264570236206055,
      9.415672302246094,
      10.053879737854004,
      9.712696075439453,
      8.715673446655273,
      8.21199893951416
    ],
    [
      8.021111488342285,
      7.040329456329346,
      8.745572090148926,
      11.853946685791016,
      10.657916069030762,
      12.67613697052002,
      6.674196243286133,
      10.943584442138672,
      9.403690338134766,
      13.842724800109863,
      8.771286010742188,
      11.967141151428223,
      8.269109725952148,
      10.839906692504883,
      8.563793182373047,
      10.721388816833496,
      8.883277893066406,
      8.378891944885254
    ],
    [
      14.71267032623291,
      12.010262489318848,
      9.436305046081543,
      10.657916069030762,
      37.4828987121582,
      26.926753997802734,
      8.957159996032715,
      15.25967788696289,
      16.663265228271484,
      22.458526611328125,
      17.49267578125,
      24.630504608154297,
      14.671306610107422,
      19.46494483947754,
      15.39504623413086,
      19.37845802307129,
      12.52585220336914,
      12.590270042419434
    ],
    [
      13.965714454650879,
      11.710201263427734,
      10.48636245727539,
      12.67613697052002,
      26.926753997802734,
      40.68036651611328,
      13.413304328918457,
      25.041107177734375,
      28.437965393066406,
      40.17459487915039,
      20.16183853149414,
      32.69783020019531,
      16.83136749267578,
      22.720558166503906,
      16.789926528930664,
      20.81641387939453,
      13.88748836517334,
      13.333133697509766
    ],
    [
      1.3644578456878662,
      1.4234009981155396,
      5.434231758117676,
      6.674196243286133,
      8.957159996032715,
      13.413304328918457,
      62.237586975097656,
      55.50151443481445,
      6.433502197265625,
      12.910329818725586,
      17.598840713500977,
      16.593996047973633,
      1.644019365310669,
      1.8434935808181763,
      0.7911432385444641,
      1.0598673820495605,
      0.08009280264377594,
      0.41037800908088684
    ],
    [
      3.84502911567688,
      3.4608099460601807,
      7.117864608764648,
      10.943584442138672,
      15.25967788696289,
      25.041107177734375,
      55.50151443481445,
      64.49455261230469,
      20.13033676147461,
      31.48845863342285,
      21.671878814697266,
      27.330631256103516,
      6.38435173034668,
      9.682867050170898,
      4.23049259185791,
      6.272336959838867,
      3.6911299228668213,
      3.777022123336792
    ],
    [
      12.787701606750488,
      10.305455207824707,
      8.061339378356934,
      9.403690338134766,
      16.663265228271484,
      28.437965393066406,
      6.433502197265625,
      20.13033676147461,
      77.96905517578125,
      75.0595703125,
      21.422317504882812,
      29.810535430908203,
      30.209239959716797,
      30.081523895263672,
      23.28156280517578,
      20.806291580200195,
      19.164155960083008,
      15.020487785339355
    ],
    [
      14.993790626525879,
      12.477272033691406,
      9.54145622253418,
      13.842724800109863,
      22.458526611328125,
      40.17459487915039,
      12.910329818725586,
      31.48845863342285,
      75.0595703125,
      94.00061798095703,
      25.75763702392578,
      41.614295959472656,
      30.113059997558594,
      35.522789001464844,
      24.640302658081055,
      25.03361701965332,
      20.343032836914062,
      16.751190185546875
    ],
    [
      11.029414176940918,
      8.5009183883667,
      8.050055503845215,
      8.771286010742188,
      17.49267578125,
      20.16183853149414,
      17.598840713500977,
      21.671878814697266,
      21.422317504882812,
      25.75763702392578,
      20.54547882080078,
      23.389131546020508,
      15.20096492767334,
      17.925800323486328,
      14.819191932678223,
      16.173686981201172,
      11.912813186645508,
      11.085314750671387
    ],
    [
      15.481546401977539,
      12.666449546813965,
      9.591407775878906,
      11.967141151428223,
      24.630504608154297,
      32.69783020019531,
      16.593996047973633,
      27.330631256103516,
      29.810535430908203,
      41.614295959472656,
      23.389131546020508,
      36.61384963989258,
      19.302236557006836,
      26.604190826416016,
      19.70690155029297,
      23.42371940612793,
      15.6138334274292,
      15.140201568603516
    ],
    [
      21.30689239501953,
      16.453880310058594,
      9.264570236206055,
      8.269109725952148,
      14.671306610107422,
      16.83136749267578,
      1.644019365310669,
      6.38435173034668,
      30.209239959716797,
      30.113059997558594,
      15.20096492767334,
      19.302236557006836,
      30.783004760742188,
      31.026317596435547,
      30.30582046508789,
      29.19900894165039,
      24.52958106994629,
      21.00652313232422
    ],
    [
      24.762388229370117,
      19.59131622314453,
      9.415672302246094,
      10.839906692504883,
      19.46494483947754,
      22.720558166503906,
      1.8434935808181763,
      9.682867050170898,
      30.081523895263672,
      35.522789001464844,
      17.925800323486328,
      26.604190826416016,
      31.026317596435547,
      37.52170944213867,
      33.00770950317383,
      34.810203552246094,
      26.84478759765625,
      23.904151916503906
    ],
    [
      25.638704299926758,
      19.940767288208008,
      10.053879737854004,
      8.563793182373047,
      15.39504623413086,
      16.789926528930664,
      0.7911432385444641,
      4.23049259185791,
      23.28156280517578,
      24.640302658081055,
      14.819191932678223,
      19.70690155029297,
      30.30582046508789,
      33.00770950317383,
      34.56745147705078,
      33.896324157714844,
      27.391315460205078,
      24.18505096435547
    ],
    [
      36.54898452758789,
      28.636560440063477,
      9.712696075439453,
      10.721388816833496,
      19.37845802307129,
      20.81641387939453,
      1.0598673820495605,
      6.272336959838867,
      20.806291580200195,
      25.03361701965332,
      16.173686981201172,
      23.42371940612793,
      29.19900894165039,
      34.810203552246094,
      33.896324157714844,
      46.062400817871094,
      36.80607223510742,
      31.795761108398438
    ],
    [
      30.11924934387207,
      23.3945255279541,
      8.715673446655273,
      8.883277893066406,
      12.52585220336914,
      13.88748836517334,
      0.08009280264377594,
      3.6911299228668213,
      19.164155960083008,
      20.343032836914062,
      11.912813186645508,
      15.6138334274292,
      24.52958106994629,
      26.84478759765625,
      27.391315460205078,
      36.80607223510742,
      32.04603958129883,
      26.603755950927734
    ],
    [
      25.73763656616211,
      20.079214096069336,
      8.21199893951416,
      8.378891944885254,
      12.590270042419434,
      13.333133697509766,
      0.41037800908088684,
      3.777022123336792,
      15.020487785339355,
      16.751190185546875,
      11.085314750671387,
      15.140201568603516,
      21.00652313232422,
      23.904151916503906,
      24.18505096435547,
      31.795761108398438,
      26.603755950927734,
      23.086811065673828
    ]
  ],
  "covariance_short": [
    [
      26.805585861206055,
      11.835494995117188,
      14.821844100952148,
      8.105569839477539,
      17.852357864379883,
      14.852897644042969,
      4.936840534210205,
      3.0866172313690186,
      11.61019229888916,
      10.417033195495605,
      14.290876388549805,
      12.66359806060791,
      16.61298370361328,
      18.340822219848633,
      23.177139282226562,
      25.619333267211914,
      22.673643112182617,
      18.872352600097656
    ],
    [
      11.835494995117188,
      12.924041748046875,
      7.725554943084717,
      6.008728504180908,
      11.089920997619629,
      10.906070709228516,
      4.463000774383545,
      4.472524166107178,
      8.585993766784668,
      9.652873039245605,
      8.81602954864502,
      9.529632568359375,
      8.542184829711914,
      10.320362091064453,
      11.284873962402344,
      13.571432113647461,
      11.369421005249023,
      9.539231300354004
    ],
    [
      14.821844100952148,
      7.725554943084717,
      33.77113342285156,
      14.737319946289062,
      27.39651107788086,
      20.71099853515625,
      13.739027976989746,
      8.489043235778809,
      22.821043014526367,
      14.48441219329834,
      22.381113052368164,
      15.189305305480957,
      25.2977352142334,
      17.720720291137695,
      25.32626724243164,
      20.42281150817871,
      22.290401458740234,
      18.36994171142578
    ],
    [
      8.105569839477539,
      6.008728504180908,
      14.737319946289062,
      18.82877540588379,
      15.378159523010254,
      15.380838394165039,
      9.828518867492676,
      10.693784713745117,
      14.446409225463867,
      15.290020942687988,
      13.511149406433105,
      13.408005714416504,
      12.940102577209473,
      13.259223937988281,
      15.522465705871582,
      14.064640998840332,
      12.88547420501709,
      11.371402740478516
    ],
    [
      17.852357864379883,
      11.089920997619629,
      27.39651107788086,
      15.378159523010254,
      63.39372253417969,
      43.396766662597656,
      24.795705795288086,
      19.933622360229492,
      46.82255935668945,
      38.44956970214844,
      34.93778610229492,
      32.11616897583008,
      31.285764694213867,
      28.562271118164062,
      31.991483688354492,
      29.043373107910156,
      25.013986587524414,
      21.795841217041016
    ],
    [
      14.852897644042969,
      10.906070709228516,
      20.71099853515625,
      15.380838394165039,
      43.396766662597656,
      51.08449935913086,
      22.72776985168457,
      24.464834213256836,
      39.76188659667969,
      40.953575134277344,
      30.941431045532227,
      33.95707702636719,
      24.951364517211914,
      26.681018829345703,
      28.31191062927246,
      26.12631607055664,
      21.507308959960938,
      19.00026512145996
    ],
    [
      4.936840534210205,
      4.463000774383545,
      13.739027976989746,
      9.828518867492676,
      24.795705795288086,
      22.72776985168457,
      89.84211730957031,
      53.0321159362793,
      21.373268127441406,
      18.05671501159668,
      36.273075103759766,
      25.145034790039062,
      11.0538330078125,
      9.758420944213867,
      11.900190353393555,
      9.902375221252441,
      8.369291305541992,
      7.301330089569092
    ],
    [
      3.0866172313690186,
      4.472524166107178,
      8.489043235778809,
      10.693784713745117,
      19.933622360229492,
      24.464834213256836,
      53.0321159362793,
      66.59432983398438,
      23.375635147094727,
      27.333419799804688,
      22.422927856445312,
      25.81731605529785,
      7.399642467498779,
      8.827314376831055,
      6.434304237365723,
      6.435485363006592,
      4.150512218475342,
      4.1870436668396
    ],
    [
      11.61019229888916,
      8.585993766784668,
      22.821043014526367,
      14.446409225463867,
      46.82255935668945,
      39.76188659667969,
      21.373268127441406,
      23.375635147094727,
      109.0114517211914,
      83.94414520263672,
      43.022159576416016,
      36.96953582763672,
      41.266845703125,
      34.659202575683594,
      34.207889556884766,
      26.789762496948242,
      28.72899055480957,
      22.390657424926758
    ],
    [
      10.417033195495605,
      9.652873039245605,
      14.48441219329834,
      15.290020942687988,
      38.44956970214844,
      40.953575134277344,
      18.05671501159668,
      27.333419799804688,
      83.94414520263672,
      95.71638488769531,
      34.31385040283203,
      40.090797424316406,
      29.678857803344727,
      35.319374084472656,
      29.857511520385742,
      25.855287551879883,
      23.030975341796875,
      18.715831756591797
    ],
    [
      14.290876388549805,
      8.81602954864502,
      22.381113052368164,
      13.511149406433105,
      34.93778610229492,
      30.941431045532227,
      36.273075103759766,
      22.422927856445312,
      43.022159576416016,
      34.31385040283203,
      44.72086715698242,
      31.870763778686523,
      30.95001792907715,
      29.358829498291016,
      33.77621078491211,
      28.59930992126465,
      26.926429748535156,
      22.460491180419922
    ],
    [
      12.66359806060791,
      9.529632568359375,
      15.189305305480957,
      13.408005714416504,
      32.11616897583008,
      33.95707702636719,
      25.145034790039062,
      25.81731605529785,
      36.96953582763672,
      40.090797424316406,
      31.870763778686523,
      37.355926513671875,
      23.353845596313477,
      27.966205596923828,
      26.499191284179688,
      25.545713424682617,
      19.946069717407227,
      18.073312759399414
    ],
    [
      16.61298370361328,
      8.542184829711914,
      25.2977352142334,
      12.940102577209473,
      31.285764694213867,
      24.951364517211914,
      11.0538330078125,
      7.399642467498779,
      41.266845703125,
      29.678857803344727,
      30.95001792907715,
      23.353845596313477,
      43.327056884765625,
      33.81591796875,
      40.67347717285156,
      34.64598846435547,
      34.468143463134766,
      28.50489616394043
    ],
    [
      18.340822219848633,
      10.320362091064453,
      17.720720291137695,
      13.259223937988281,
      28.562271118164062,
      26.681018829345703,
      9.758420944213867,
      8.827314376831055,
      34.659202575683594,
      35.319374084472656,
      29.358829498291016,
      27.966205596923828,
      33.81591796875,
      41.74203109741211,
      42.94630432128906,
      39.347774505615234,
      33.56148147583008,
      28.832550048828125
    ],
    [
      23.177139282226562,
      11.284873962402344,
      25.32626724243164,
      15.522465705871582,
      31.991483688354492,
      28.31191062927246,
      11.900190353393555,
      6.434304237365723,
      34.207889556884766,
      29.857511520385742,
      33.77621078491211,
      26.499191284179688,
      40.67347717285156,
      42.94630432128906,
      58.215999603271484,
      49.41641616821289,
      45.94034194946289,
      37.828372955322266
    ],
    [
      25.619333267211914,
      13.571432113647461,
      20.42281150817871,
      14.064640998840332,
      29.043373107910156,
      26.12631607055664,
      9.902375221252441,
      6.435485363006592,
      26.789762496948242,
      25.855287551879883,
      28.59930992126465,
      25.545713424682617,
      34.64598846435547,
      39.347774505615234,
      49.41641616821289,
      50.822967529296875,
      43.99043655395508,
      37.21260070800781
    ],
    [
      22.673643112182617,
      11.369421005249023,
      22.290401458740234,
      12.88547420501709,
      25.013986587524414,
      21.507308959960938,
      8.369291305541992,
      4.150512218475342,
      28.72899055480957,
      23.030975341796875,
      26.926429748535156,
      19.946069717407227,
      34.468143463134766,
      33.56148147583008,
      45.94034194946289,
      43.99043655395508,
      43.005001068115234,
      34.67531967163086
    ],
    [
      18.872352600097656,
      9.539231300354004,
      18.36994171142578,
      11.371402740478516,
      21.795841217041016,
      19.00026512145996,
      7.301330089569092,
      4.1870436668396,
      22.390657424926758,
      18.715831756591797,
      22.460491180419922,
      18.073312759399414,
      28.50489616394043,
      28.832550048828125,
      37.828372955322266,
      37.21260070800781,
      34.67531967163086,
      29.359838485717773
    ]
  ],
  "damage": -9.6565523147583,
  "diff_bandwidth": 1100.8524169921875,
  "dissonance": 8.040783342266753,
  "drr": 2.3376097679138184,
  "dynamics": 4.423670768737793,
  "format": 1245190,
  "frames": 4524032,
  "loudness": -18.39179801940918,
  "loudness_range": 13.124244689941406,
  "loudness_range_short": 17.56000328063965,
  "lowpass_true_peak_15khz": 0.4963342547416687,
  "mastering3_acoustic_entropies": [
    {
      "acoustic_entropy": 10.037605285644531,
      "acoustic_entropy_mono": 9.699984550476074,
      "band_eliminated_acoustic_entropies": [
        {
          "acoustic_entropy": 10.03761100769043,
          "acoustic_entropy_side": 10.037606239318848,
          "hz": 129.47220167065723
        },
        {
          "acoustic_entropy": 10.036870956420898,
          "acoustic_entropy_side": 10.03759479522705,
          "hz": 202.92927478742237
        },
        {
          "acoustic_entropy": 9.895308494567871,
          "acoustic_entropy_side": 10.034627914428711,
          "hz": 282.89161906338205
        },
        {
          "acoustic_entropy": 10.083222389221191,
          "acoustic_entropy_side": 10.037055969238281,
          "hz": 369.9353335868758
        },
        {
          "acoustic_entropy": 10.123472213745117,
          "acoustic_entropy_side": 10.036774635314941,
          "hz": 464.6875360973435
        },
        {
          "acoustic_entropy": 10.069108963012695,
          "acoustic_entropy_side": 10.034003257751465,
          "hz": 567.8308811364784
        },
        {
          "acoustic_entropy": 9.964266777038574,
          "acoustic_entropy_side": 10.042787551879883,
          "hz": 680.1084783214808
        },
        {
          "acoustic_entropy": 9.844832420349121,
          "acoustic_entropy_side": 9.998823165893555,
          "hz": 802.3292461747484
        },
        {
          "acoustic_entropy": 9.68929672241211,
          "acoustic_entropy_side": 9.95553970336914,
          "hz": 935.3737400823702
        },
        {
          "acoustic_entropy": 10.740042686462402,
          "acoustic_entropy_side": 10.064058303833008,
          "hz": 1080.2004963696966
        },
        {
          "acoustic_entropy": 9.631587982177734,
          "acoustic_entropy_side": 10.05119514465332,
          "hz": 1237.8529382007157
        },
        {
          "acoustic_entropy": 10.19066333770752,
          "acoustic_entropy_side": 10.07136058807373,
          "hz": 1409.4668930556702
        },
        {
          "acoustic_entropy": 9.757804870605469,
          "acoustic_entropy_side": 10.0014009475708,
          "hz": 1596.2787759475705
        },
        {
          "acoustic_entropy": 9.795072555541992,
          "acoustic_entropy_side": 10.008296966552734,
          "hz": 1799.6344973346393
        },
        {
          "acoustic_entropy": 9.172134399414062,
          "acoustic_entropy_side": 9.742441177368164,
          "hz": 2020.9991599069049
        },
        {
          "acoustic_entropy": 10.210699081420898,
          "acoustic_entropy_side": 10.081388473510742,
          "hz": 2261.9676141086993
        },
        {
          "acoustic_entropy": 10.007107734680176,
          "acoustic_entropy_side": 10.201604843139648,
          "hz": 2524.2759484456974
        },
        {
          "acoustic_entropy": 9.978060722351074,
          "acoustic_entropy_side": 9.99016284942627,
          "hz": 2809.813997359896
        },
        {
          "acoustic_entropy": 9.782424926757812,
          "acoustic_entropy_side": 9.927803993225098,
          "hz": 3120.6389567871424
        },
        {
          "acoustic_entropy": 9.932548522949219,
          "acoustic_entropy_side": 10.004412651062012,
          "hz": 3458.990205492291
        },
        {
          "acoustic_entropy": 9.738436698913574,
          "acoustic_entropy_side": 9.93511962890625,
          "hz": 3827.305438964164
        },
        {
          "acoustic_entropy": 9.931063652038574,
          "acoustic_entropy_side": 9.9899263381958,
          "hz": 4228.238232109126
        },
        {
          "acoustic_entropy": 9.969747543334961,
          "acoustic_entropy_side": 9.99545669555664,
          "hz": 4664.6771572759235
        },
        {
          "acoustic_entropy": 10.015779495239258,
          "acoustic_entropy_side": 10.00881290435791,
          "hz": 5139.766595350093
        },
        {
          "acoustic_entropy": 10.00680160522461,
          "acoustic_entropy_side": 10.018508911132812,
          "hz": 5656.929389854203
        },
        {
          "acoustic_entropy": 10.009367942810059,
          "acoustic_entropy_side": 10.024755477905273,
          "hz": 6219.891507268283
        },
        {
          "acoustic_entropy": 10.016200065612793,
          "acoustic_entropy_side": 10.027608871459961,
          "hz": 6832.70888123896
        },
        {
          "acoustic_entropy": 10.021108627319336,
          "acoustic_entropy_side": 10.032549858093262,
          "hz": 7499.796634079867
        },
        {
          "acoustic_entropy": 10.031898498535156,
          "acoustic_entropy_side": 10.033475875854492,
          "hz": 8225.96088609342
        },
        {
          "acoustic_entropy": 10.029143333435059,
          "acoustic_entropy_side": 10.03352165222168,
          "hz": 9016.43338188839
        },
        {
          "acoustic_entropy": 10.027179718017578,
          "acoustic_entropy_side": 10.033721923828125,
          "hz": 9876.909183162974
        },
        {
          "acoustic_entropy": 10.028663635253906,
          "acoustic_entropy_side": 10.03433895111084,
          "hz": 10813.587699516042
        },
        {
          "acoustic_entropy": 10.03294563293457,
          "acoustic_entropy_side": 10.035569190979004,
          "hz": 11833.21735289826
        },
        {
          "acoustic_entropy": 10.036686897277832,
          "acoustic_entropy_side": 10.03647518157959,
          "hz": 12943.144197493959
        },
        {
          "acoustic_entropy": 10.038041114807129,
          "acoustic_entropy_side": 10.03715991973877,
          "hz": 14151.364845322005
        },
        {
          "acoustic_entropy": 10.037641525268555,
          "acoustic_entropy_side": 10.037439346313477,
          "hz": 15466.58407886509
        },
        {
          "acoustic_entropy": 10.037596702575684,
          "acoustic_entropy_side": 10.037578582763672,
          "hz": 16898.27756580493
        },
        {
          "acoustic_entropy": 10.037607192993164,
          "acoustic_entropy_side": 10.037599563598633,
          "hz": 18456.760127700032
        },
        {
          "acoustic_entropy": 10.03760814666748,
          "acoustic_entropy_side": 10.037607192993164,
          "hz": 20153.260054456492
        },
        {
          "acoustic_entropy": 10.037606239318848,
          "acoustic_entropy_side": 10.037605285644531,
          "hz": 22000.00000000001
        }
      ],
      "diff_acoustic_entropy": 7.907487392425537,
      "sn": 6
    },
    {
      "acoustic_entropy": 14.258219718933105,
      "acoustic_entropy_mono": 12.58687686920166,
      "band_eliminated_acoustic_entropies": [
        {
          "acoustic_entropy": 14.258193969726562,
          "acoustic_entropy_side": 14.258214950561523,
          "hz": 129.47220167065723
        },
        {
          "acoustic_entropy": 14.248796463012695,
          "acoustic_entropy_side": 14.257394790649414,
          "hz": 202.92927478742237
        },
        {
          "acoustic_entropy": 13.756346702575684,
          "acoustic_entropy_side": 14.204508781433105,
          "hz": 282.89161906338205
        },
        {
          "acoustic_entropy": 14.230507850646973,
          "acoustic_entropy_side": 14.24712085723877,
          "hz": 369.9353335868758
        },
        {
          "acoustic_entropy": 14.428210258483887,
          "acoustic_entropy_side": 14.24976921081543,
          "hz": 464.6875360973435
        },
        {
          "acoustic_entropy": 14.390320777893066,
          "acoustic_entropy_side": 14.206230163574219,
          "hz": 567.8308811364784
        },
        {
          "acoustic_entropy": 13.33933162689209,
          "acoustic_entropy_side": 14.122867584228516,
          "hz": 680.1084783214808
        },
        {
          "acoustic_entropy": 13.843927383422852,
          "acoustic_entropy_side": 14.225967407226562,
          "hz": 802.3292461747484
        },
        {
          "acoustic_entropy": 13.984233856201172,
          "acoustic_entropy_side": 14.17716121673584,
          "hz": 935.3737400823702
        },
        {
          "acoustic_entropy": 14.368511199951172,
          "acoustic_entropy_side": 13.906908988952637,
          "hz": 1080.2004963696966
        },
        {
          "acoustic_entropy": 13.19682788848877,
          "acoustic_entropy_side": 13.966480255126953,
          "hz": 1237.8529382007157
        },
        {
          "acoustic_entropy": 13.202788352966309,
          "acoustic_entropy_side": 13.910703659057617,
          "hz": 1409.4668930556702
        },
        {
          "acoustic_entropy": 13.095364570617676,
          "acoustic_entropy_side": 13.486065864562988,
          "hz": 1596.2787759475705
        },
        {
          "acoustic_entropy": 14.194204330444336,
          "acoustic_entropy_side": 14.005812644958496,
          "hz": 1799.6344973346393
        },
        {
          "acoustic_entropy": 12.58699893951416,
          "acoustic_entropy_side": 13.91628646850586,
          "hz": 2020.9991599069049
        },
        {
          "acoustic_entropy": 14.066511154174805,
          "acoustic_entropy_side": 14.044363975524902,
          "hz": 2261.9676141086993
        },
        {
          "acoustic_entropy": 13.568540573120117,
          "acoustic_entropy_side": 13.795531272888184,
          "hz": 2524.2759484456974
        },
        {
          "acoustic_entropy": 13.786593437194824,
          "acoustic_entropy_side": 14.184020042419434,
          "hz": 2809.813997359896
        },
        {
          "acoustic_entropy": 14.07785701751709,
          "acoustic_entropy_side": 14.182781219482422,
          "hz": 3120.6389567871424
        },
        {
          "acoustic_entropy": 14.397068977355957,
          "acoustic_entropy_side": 14.313838958740234,
          "hz": 3458.990205492291
        },
        {
          "acoustic_entropy": 14.203936576843262,
          "acoustic_entropy_side": 14.306056022644043,
          "hz": 3827.305438964164
        },
        {
          "acoustic_entropy": 14.222639083862305,
          "acoustic_entropy_side": 14.298384666442871,
          "hz": 4228.238232109126
        },
        {
          "acoustic_entropy": 14.011717796325684,
          "acoustic_entropy_side": 14.223817825317383,
          "hz": 4664.6771572759235
        },
        {
          "acoustic_entropy": 14.092567443847656,
          "acoustic_entropy_side": 14.226356506347656,
          "hz": 5139.766595350093
        },
        {
          "acoustic_entropy": 14.030444145202637,
          "acoustic_entropy_side": 14.242731094360352,
          "hz": 5656.929389854203
        },
        {
          "acoustic_entropy": 14.143837928771973,
          "acoustic_entropy_side": 14.24008846282959,
          "hz": 6219.891507268283
        },
        {
          "acoustic_entropy": 14.172554969787598,
          "acoustic_entropy_side": 14.239683151245117,
          "hz": 6832.70888123896
        },
        {
          "acoustic_entropy": 14.188014030456543,
          "acoustic_entropy_side": 14.24351692199707,
          "hz": 7499.796634079867
        },
        {
          "acoustic_entropy": 14.208645820617676,
          "acoustic_entropy_side": 14.248005867004395,
          "hz": 8225.96088609342
        },
        {
          "acoustic_entropy": 14.21753978729248,
          "acoustic_entropy_side": 14.249673843383789,
          "hz": 9016.43338188839
        },
        {
          "acoustic_entropy": 14.225461959838867,
          "acoustic_entropy_side": 14.252107620239258,
          "hz": 9876.909183162974
        },
        {
          "acoustic_entropy": 14.229244232177734,
          "acoustic_entropy_side": 14.252758026123047,
          "hz": 10813.587699516042
        },
        {
          "acoustic_entropy": 14.235246658325195,
          "acoustic_entropy_side": 14.255022048950195,
          "hz": 11833.21735289826
        },
        {
          "acoustic_entropy": 14.243376731872559,
          "acoustic_entropy_side": 14.256243705749512,
          "hz": 12943.144197493959
        },
        {
          "acoustic_entropy": 14.250409126281738,
          "acoustic_entropy_side": 14.257271766662598,
          "hz": 14151.364845322005
        },
        {
          "acoustic_entropy": 14.255126953125,
          "acoustic_entropy_side": 14.257991790771484,
          "hz": 15466.58407886509
        },
        {
          "acoustic_entropy": 14.255887031555176,
          "acoustic_entropy_side": 14.258000373840332,
          "hz": 16898.27756580493
        },
        {
          "acoustic_entropy": 14.257386207580566,
          "acoustic_entropy_side": 14.258126258850098,
          "hz": 18456.760127700032
        },
        {
          "acoustic_entropy": 14.258136749267578,
          "acoustic_entropy_side": 14.258214950561523,
          "hz": 20153.260054456492
        },
        {
          "acoustic_entropy": 14.258216857910156,
          "acoustic_entropy_side": 14.258220672607422,
          "hz": 22000.00000000001
        }
      ],
      "diff_acoustic_entropy": 11.848588943481445,
      "sn": 12
    },
    {
      "acoustic_entropy": 19.640289306640625,
      "acoustic_entropy_mono": 17.14868927001953,
      "band_eliminated_acoustic_entropies": [
        {
          "acoustic_entropy": 19.63992691040039,
          "acoustic_entropy_side": 19.64029312133789,
          "hz": 129.47220167065723
        },
        {
          "acoustic_entropy": 19.660722732543945,
          "acoustic_entropy_side": 19.64525604248047,
          "hz": 202.92927478742237
        },
        {
          "acoustic_entropy": 19.071123123168945,
          "acoustic_entropy_side": 19.739112854003906,
          "hz": 282.89161906338205
        },
        {
          "acoustic_entropy": 19.960359573364258,
          "acoustic_entropy_side": 19.74092674255371,
          "hz": 369.9353335868758
        },
        {
          "acoustic_entropy": 19.826431274414062,
          "acoustic_entropy_side": 19.649106979370117,
          "hz": 464.6875360973435
        },
        {
          "acoustic_entropy": 19.718141555786133,
          "acoustic_entropy_side": 19.684091567993164,
          "hz": 567.8308811364784
        },
        {
          "acoustic_entropy": 19.700759887695312,
          "acoustic_entropy_side": 19.907615661621094,
          "hz": 680.1084783214808
        },
        {
          "acoustic_entropy": 19.563003540039062,
          "acoustic_entropy_side": 19.57303237915039,
          "hz": 802.3292461747484
        },
        {
          "acoustic_entropy": 19.327394485473633,
          "acoustic_entropy_side": 19.015405654907227,
          "hz": 935.3737400823702
        },
        {
          "acoustic_entropy": 19.72928237915039,
          "acoustic_entropy_side": 19.5438232421875,
          "hz": 1080.2004963696966
        },
        {
          "acoustic_entropy": 19.635961532592773,
          "acoustic_entropy_side": 19.742877960205078,
          "hz": 1237.8529382007157
        },
        {
          "acoustic_entropy": 19.063400268554688,
          "acoustic_entropy_side": 19.689626693725586,
          "hz": 1409.4668930556702
        },
        {
          "acoustic_entropy": 19.372838973999023,
          "acoustic_entropy_side": 19.806020736694336,
          "hz": 1596.2787759475705
        },
        {
          "acoustic_entropy": 20.000219345092773,
          "acoustic_entropy_side": 19.602529525756836,
          "hz": 1799.6344973346393
        },
        {
          "acoustic_entropy": 18.360095977783203,
          "acoustic_entropy_side": 18.76613426208496,
          "hz": 2020.9991599069049
        },
        {
          "acoustic_entropy": 19.15416717529297,
          "acoustic_entropy_side": 19.47351837158203,
          "hz": 2261.9676141086993
        },
        {
          "acoustic_entropy": 19.28371810913086,
          "acoustic_entropy_side": 19.569948196411133,
          "hz": 2524.2759484456974
        },
        {
          "acoustic_entropy": 18.990398406982422,
          "acoustic_entropy_side": 19.567869186401367,
          "hz": 2809.813997359896
        },
        {
