{
  "acoustic_entropy": 198.83615112304688,
  "bands": [
    {
      "high_freq": 148.1999969482422,
      "loudness": -51.270103454589844,
      "loudness_range": 16.272720336914062,
      "mid_mean": -49.342220306396484,
      "mid_to_side_loudness": -6.254415035247803,
      "mid_to_side_loudness_range": 20.84069061279297,
      "side_mean": -55.63627243041992
    },
    {
      "high_freq": 392.3793640136719,
      "loudness": -30.54273796081543,
      "loudness_range": 10.00698471069336,
      "low_freq": 148.1999969482422,
      "mid_mean": -28.43164825439453,
      "mid_to_side_loudness": -4.794413089752197,
      "mid_to_side_loudness_range": 11.764979362487793,
      "side_mean": -33.24669647216797
    },
    {
      "high_freq": 794.6976318359375,
      "loudness": -25.830427169799805,
      "loudness_range": 12.29196548461914,
      "low_freq": 392.3793640136719,
      "mid_mean": -24.628244400024414,
      "mid_to_side_loudness": -1.5569614171981812,
      "mid_to_side_loudness_range": 6.698788642883301,
      "side_mean": -26.104351043701172
    },
    {
      "high_freq": 1457.5709228515625,
      "loudness": -29.329418182373047,
      "loudness_range": 11.724786758422852,
      "low_freq": 794.6976318359375,
      "mid_mean": -28.463239669799805,
      "mid_to_side_loudness": -0.7792525887489319,
      "mid_to_side_loudness_range": 7.542856216430664,
      "side_mean": -29.28034019470215
    },
    {
      "high_freq": 2549.74365234375,
      "loudness": -32.602291107177734,
      "loudness_range": 14.687826156616211,
      "low_freq": 1457.5709228515625,
      "mid_mean": -31.851566314697266,
      "mid_to_side_loudness": -0.3546786904335022,
      "mid_to_side_loudness_range": 5.361380100250244,
      "side_mean": -32.196250915527344
    },
    {
      "high_freq": 4349.24462890625,
      "loudness": -34.81653594970703,
      "loudness_range": 13.940046310424805,
      "low_freq": 2549.74365234375,
      "mid_mean": -33.93852233886719,
      "mid_to_side_loudness": -0.5359072089195251,
      "mid_to_side_loudness_range": 3.387519359588623,
      "side_mean": -34.481075286865234
    },
    {
      "high_freq": 7314.1640625,
      "loudness": -48.09020233154297,
      "loudness_range": 17.581653594970703,
      "low_freq": 4349.24462890625,
      "mid_mean": -47.014808654785156,
      "mid_to_side_loudness": -0.8932964205741882,
      "mid_to_side_loudness_range": 2.264617919921875,
      "side_mean": -47.94757080078125
    },
    {
      "high_freq": 12199.2666015625,
      "loudness": -58.49809265136719,
      "loudness_range": 18.203933715820312,
      "low_freq": 7314.1640625,
      "mid_mean": -57.023006439208984,
      "mid_to_side_loudness": -1.30322265625,
      "mid_to_side_loudness_range": 2.0957179069519043,
      "side_mean": -58.23229217529297
    },
    {
      "loudness": -63.356536865234375,
      "loudness_range": 17.394657135009766,
      "low_freq": 12199.2666015625,
      "mid_mean": -61.36536407470703,
      "mid_to_side_loudness": -0.7572423219680786,
      "mid_to_side_loudness_range": 1.377921462059021,
      "side_mean": -62.09884262084961
    }
  ],
  "bands_short": [
    {
      "high_freq": 148.1999969482422,
      "loudness": -54.849857330322266,
      "loudness_range": 17.52501678466797,
      "mid_mean": -53.160804748535156,
      "mid_to_side_loudness": -6.087725639343262,
      "mid_to_side_loudness_range": 18.788711547851562,
      "side_mean": -58.46686935424805
    },
    {
      "high_freq": 392.3793640136719,
      "loudness": -30.913440704345703,
      "loudness_range": 11.11053466796875,
      "low_freq": 148.1999969482422,
      "mid_mean": -28.85258674621582,
      "mid_to_side_loudness": -5.035109996795654,
      "mid_to_side_loudness_range": 14.355049133300781,
      "side_mean": -33.90980529785156
    },
    {
      "high_freq": 794.6976318359375,
      "loudness": -26.450809478759766,
      "loudness_range": 14.298002243041992,
      "low_freq": 392.3793640136719,
      "mid_mean": -25.437883377075195,
      "mid_to_side_loudness": -1.4018257856369019,
      "mid_to_side_loudness_range": 9.089432716369629,
      "side_mean": -26.742340087890625
    },
    {
      "high_freq": 1457.5709228515625,
      "loudness": -28.842126846313477,
      "loudness_range": 10.927003860473633,
      "low_freq": 794.6976318359375,
      "mid_mean": -27.85252571105957,
      "mid_to_side_loudness": -1.281470537185669,
      "mid_to_side_loudness_range": 9.478649139404297,
      "side_mean": -29.19615936279297
    },
    {
      "high_freq": 2549.74365234375,
      "loudness": -33.035667419433594,
      "loudness_range": 15.313934326171875,
      "low_freq": 1457.5709228515625,
      "mid_mean": -32.41499328613281,
      "mid_to_side_loudness": -0.3537312150001526,
      "mid_to_side_loudness_range": 7.869446754455566,
      "side_mean": -32.7642936706543
    },
    {
      "high_freq": 4349.24462890625,
      "loudness": -35.142356872558594,
      "loudness_range": 15.136741638183594,
      "low_freq": 2549.74365234375,
      "mid_mean": -34.331356048583984,
      "mid_to_side_loudness": -0.5839177370071411,
      "mid_to_side_loudness_range": 6.176558494567871,
      "side_mean": -34.91896438598633
    },
    {
      "high_freq": 7314.1640625,
      "loudness": -48.57743835449219,
      "loudness_range": 18.286312103271484,
      "low_freq": 4349.24462890625,
      "mid_mean": -47.566768646240234,
      "mid_to_side_loudness": -0.9340405464172363,
      "mid_to_side_loudness_range": 4.315321922302246,
      "side_mean": -48.628448486328125
    },
    {
      "high_freq": 12199.2666015625,
      "loudness": -58.895606994628906,
      "loudness_range": 18.938739776611328,
      "low_freq": 7314.1640625,
      "mid_mean": -57.34796905517578,
      "mid_to_side_loudness": -1.3411858081817627,
      "mid_to_side_loudness_range": 3.295809507369995,
      "side_mean": -58.57217025756836
    },
    {
      "loudness": -63.60407257080078,
      "loudness_range": 17.283164978027344,
      "low_freq": 12199.2666015625,
      "mid_mean": -61.533599853515625,
      "mid_to_side_loudness": -0.768413245677948,
      "mid_to_side_loudness_range": 2.0727427005767822,
      "side_mean": -62.267452239990234
    }
  ],
  "bandwidth": 802.368408203125,
  "channels": 2,
  "covariance": [
    [
      25.882984161376953,
      21.192787170410156,
      4.536834716796875,
      5.236992835998535,
      2.5912373065948486,
      0.14718489348888397,
      -0.06263567507266998,
      -1.1114286184310913,
      2.493882179260254,
      3.6241579055786133,
      0.5593701601028442,
      0.39035680890083313,
      3.532254457473755,
      4.208109378814697,
      3.4121031761169434,
      3.270498752593994,
      1.7305183410644531,
      1.7941104173660278
    ],
    [
      21.192787170410156,
      64.80596160888672,
      2.4536380767822266,
      9.458908081054688,
      -2.563774347305298,
      -5.152717113494873,
      -2.2953426837921143,
      -4.022617340087891,
      0.7855784296989441,
      2.0385515689849854,
      -5.473048210144043,
      -6.560121059417725,
      -3.833589792251587,
      -3.3590993881225586,
      -1.0650930404663086,
      -1.7193347215652466,
      -3.342400312423706,
      -3.5456738471984863
    ],
    [
      4.536834716796875,
      2.4536380767822266,
      14.656819343566895,
      10.06425666809082,
      4.228575229644775,
      3.63010311126709,
      3.369131326675415,
      4.241098880767822,
      6.663484573364258,
      6.650832653045654,
      6.322490692138672,
      6.625247478485107,
      6.723414421081543,
      6.889805793762207,
      4.6306281089782715,
      4.271203994750977,
      3.802016019821167,
      3.6965439319610596
    ],
    [
      5.236992835998535,
      9.458908081054688,
      10.06425666809082,
      22.82642936706543,
      -0.8195976614952087,
      -1.261087417602539,
      -1.2193059921264648,
      -1.5187315940856934,
      1.7099111080169678,
      1.4447300434112549,
      2.130216360092163,
      2.4060940742492676,
      -0.38742348551750183,
      -0.2310306578874588,
      -2.1404809951782227,
      -2.5744030475616455,
      -1.8461986780166626,
      -1.94158136844635
    ],
    [
      2.5912373065948486,
      -2.563774347305298,
      4.228575229644775,
      -0.8195976614952087,
      20.33342170715332,
      20.460847854614258,
      6.765028953552246,
      6.190314292907715,
      4.767972946166992,
      4.70012903213501,
      9.067777633666992,
      9.836661338806152,
      9.639062881469727,
      9.525053977966309,
      7.060421943664551,
      6.703272819519043,
      4.781167984008789,
      4.642872333526611
    ],
    [
      0.14718489348888397,
      -5.152717113494873,
      3.63010311126709,
      -1.261087417602539,
      20.460847854614258,
      26.245731353759766,
      5.511392593383789,
      5.400664329528809,
      3.1833040714263916,
      2.9477479457855225,
      10.170629501342773,
      11.060742378234863,
      9.19692611694336,
      9.038056373596191,
      6.374251842498779,
      6.008888244628906,
      4.303079128265381,
      4.1673431396484375
    ],
    [
      -0.06263567507266998,
      -2.2953426837921143,
      3.369131326675415,
      -1.2193059921264648,
      6.765028953552246,
      5.511392593383789,
      20.40314292907715,
      18.236074447631836,
      9.496198654174805,
      8.66391658782959,
      6.7575225830078125,
      6.656374454498291,
      11.91219711303711,
      11.944903373718262,
      9.176155090332031,
      8.487393379211426,
      6.484507083892822,
      6.335634231567383
    ],
    [
      -1.1114286184310913,
      -4.022617340087891,
      4.241098880767822,
      -1.5187315940856934,
      6.190314292907715,
      5.400664329528809,
      18.236074447631836,
      23.61515235900879,
      9.725327491760254,
      8.739557266235352,
      6.921292781829834,
      6.880089282989502,
      11.26051139831543,
      11.189780235290527,
      7.437376022338867,
      6.732553482055664,
      5.099043369293213,
      4.9232025146484375
    ],
    [
      2.493882179260254,
      0.7855784296989441,
      6.663484573364258,
      1.7099111080169678,
      4.767972946166992,
      3.1833040714263916,
      9.496198654174805,
      9.725327491760254,
      28.960437774658203,
      28.324045181274414,
      13.842418670654297,
      13.813152313232422,
      19.27716064453125,
      19.058204650878906,
      17.248146057128906,
      16.78207778930664,
      12.635908126831055,
      12.2378568649292
    ],
    [
      3.6241579055786133,
      2.0385515689849854,
      6.650832653045654,
      1.4447300434112549,
      4.70012903213501,
      2.9477479457855225,
      8.66391658782959,
      8.739557266235352,
      28.324045181274414,
      32.042640686035156,
      12.54871940612793,
      12.265894889831543,
      18.02703094482422,
      17.94256019592285,
      16.302005767822266,
      15.951678276062012,
      11.723166465759277,
      11.39355754852295
    ],
    [
      0.5593701601028442,
      -5.473048210144043,
      6.322490692138672,
      2.130216360092163,
      9.067777633666992,
      10.170629501342773,
      6.7575225830078125,
      6.921292781829834,
      13.842418670654297,
      12.54871940612793,
      26.816007614135742,
      27.477333068847656,
      19.797697067260742,
      19.61017417907715,
      19.122758865356445,
      18.624006271362305,
      13.773752212524414,
      13.303909301757812
    ],
    [
      0.39035680890083313,
      -6.560121059417725,
      6.625247478485107,
      2.4060940742492676,
      9.836661338806152,
      11.060742378234863,
      6.656374454498291,
      6.880089282989502,
      13.813152313232422,
      12.265894889831543,
      27.477333068847656,
      29.64035415649414,
      20.680633544921875,
      20.511091232299805,
      19.8797607421875,
      19.427200317382812,
      14.454045295715332,
      14.013813018798828
    ],
    [
      3.532254457473755,
      -3.833589792251587,
      6.723414421081543,
      -0.38742348551750183,
      9.639062881469727,
      9.19692611694336,
      11.91219711303711,
      11.26051139831543,
      19.27716064453125,
      18.02703094482422,
      19.797697067260742,
      20.680633544921875,
      37.34262466430664,
      37.383731842041016,
      27.277502059936523,
      27.068342208862305,
      20.889728546142578,
      20.555959701538086
    ],
    [
      4.208109378814697,
      -3.3590993881225586,
      6.889805793762207,
      -0.2310306578874588,
      9.525053977966309,
      9.038056373596191,
      11.944903373718262,
      11.189780235290527,
      19.058204650878906,
      17.94256019592285,
      19.61017417907715,
      20.511091232299805,
      37.383731842041016,
      38.58723831176758,
      27.599327087402344,
      27.46953773498535,
      21.213605880737305,
      20.939239501953125
    ],
    [
      3.4121031761169434,
      -1.0650930404663086,
      4.6306281089782715,
      -2.1404809951782227,
      7.060421943664551,
      6.374251842498779,
      9.176155090332031,
      7.437376022338867,
      17.248146057128906,
      16.302005767822266,
      19.122758865356445,
      19.8797607421875,
      27.277502059936523,
      27.599327087402344,
      33.860496520996094,
      32.99435043334961,
      25.226890563964844,
      24.51405906677246
    ],
    [
      3.270498752593994,
      -1.7193347215652466,
      4.271203994750977,
      -2.5744030475616455,
      6.703272819519043,
      6.008888244628906,
      8.487393379211426,
      6.732553482055664,
      16.78207778930664,
      15.951678276062012,
      18.624006271362305,
      19.427200317382812,
      27.068342208862305,
      27.46953773498535,
      32.99435043334961,
      32.559906005859375,
      24.83407211303711,
      24.231891632080078
    ],
    [
      1.7305183410644531,
      -3.342400312423706,
      3.802016019821167,
      -1.8461986780166626,
      4.781167984008789,
      4.303079128265381,
      6.484507083892822,
      5.099043369293213,
      12.635908126831055,
      11.723166465759277,
      13.773752212524414,
      14.454045295715332,
      20.889728546142578,
      21.213605880737305,
      25.226890563964844,
      24.83407211303711,
      21.916040420532227,
      21.45632553100586
    ],
    [
      1.7941104173660278,
      -3.5456738471984863,
      3.6965439319610596,
      -1.94158136844635,
      4.642872333526611,
      4.1673431396484375,
      6.335634231567383,
      4.9232025146484375,
      12.2378568649292,
      11.39355754852295,
      13.303909301757812,
      14.013813018798828,
      20.555959701538086,
      20.939239501953125,
      24.51405906677246,
      24.231891632080078,
      21.45632553100586,
      21.17413902282715
    ]
  ],
  "covariance_short": [
    [
      31.47343635559082,
      24.956850051879883,
      2.960587978363037,
      2.9463956356048584,
      4.211143970489502,
      1.6336942911148071,
      0.9364848136901855,
      -0.5612675547599792,
      4.177900791168213,
      4.844974517822266,
      1.1751610040664673,
      0.7859510183334351,
      5.311614036560059,
      6.806320667266846,
      10.209089279174805,
      9.733275413513184,
      6.577460289001465,
      6.125857353210449
    ],
    [
      24.956850051879883,
      52.45768356323242,
      1.5726161003112793,
      11.164740562438965,
      -0.8804336786270142,
      -3.1975038051605225,
      -2.2832400798797607,
      -3.8750979900360107,
      0.6092517971992493,
      1.0740257501602173,
      -3.4473695755004883,
      -3.8716914653778076,
      -1.451100468635559,
      -0.42738285660743713,
      -0.28192010521888733,
      -0.7545426487922668,
      -2.133504867553711,
      -2.279984951019287
    ],
    [
      2.960587978363037,
      1.5726161003112793,
      17.640872955322266,
      11.432469367980957,
      4.3586039543151855,
      3.623345136642456,
      3.220520257949829,
      3.929561138153076,
      6.601203918457031,
      7.028159141540527,
      6.326714992523193,
      6.533203601837158,
      6.935998916625977,
      7.128237724304199,
      4.798394203186035,
      4.3861613273620605,
      3.982482433319092,
      3.871131658554077
    ],
    [
      2.9463956356048584,
      11.164740562438965,
      11.432469367980957,
      29.380979537963867,
      -0.702273964881897,
      -1.3645797967910767,
      -1.246835708618164,
      -1.9783741235733032,
      2.3924295902252197,
      2.3014602661132812,
      1.082932710647583,
      1.5608776807785034,
      0.5699911117553711,
      0.5221300721168518,
      -1.7772098779678345,
      -2.242497682571411,
      -1.4582375288009644,
      -1.5164926052093506
    ],
    [
      4.211143970489502,
      -0.8804336786270142,
      4.3586039543151855,
      -0.702273964881897,
      25.853803634643555,
      23.822629928588867,
      6.722673416137695,
      6.0844597816467285,
      4.178390026092529,
      3.702023506164551,
      8.959833145141602,
      9.715152740478516,
      9.362303733825684,
      9.309670448303223,
      6.88987398147583,
      6.544640064239502,
      4.482120990753174,
      4.371835708618164
    ],
    [
      1.6336942911148071,
      -3.1975038051605225,
      3.623345136642456,
      -1.3645797967910767,
      23.822629928588867,
      32.2523307800293,
      6.002533912658691,
      5.4798808097839355,
      2.7833151817321777,
      2.380094528198242,
      9.886100769042969,
      10.997787475585938,
      9.171679496765137,
      9.1075439453125,
      6.499927043914795,
      6.161932468414307,
      4.374289035797119,
      4.251958847045898
    ],
    [
      0.9364848136901855,
      -2.2832400798797607,
      3.220520257949829,
      -1.246835708618164,
      6.722673416137695,
      6.002533912658691,
      20.435503005981445,
      16.91335105895996,
      9.293420791625977,
      9.306344032287598,
      8.252852439880371,
      7.864001274108887,
      11.70383071899414,
      12.064193725585938,
      8.767903327941895,
      8.232943534851074,
      5.863405227661133,
      5.6665825843811035
    ],
    [
      -0.5612675547599792,
      -3.8750979900360107,
      3.929561138153076,
      -1.9783741235733032,
      6.0844597816467285,
      5.4798808097839355,
      16.91335105895996,
      25.138341903686523,
      9.458194732666016,
      8.787148475646973,
      7.946381568908691,
      7.567556381225586,
      11.326539993286133,
      11.539776802062988,
      7.133805274963379,
      6.467986583709717,
      4.39029598236084,
      4.179986000061035
    ],
    [
      4.177900791168213,
      0.6092517971992493,
      6.601203918457031,
      2.3924295902252197,
      4.178390026092529,
      2.7833151817321777,
      9.293420791625977,
      9.458194732666016,
      32.252952575683594,
      29.68097496032715,
      16.242990493774414,
      15.529945373535156,
      19.877962112426758,
      19.846405029296875,
      17.19097137451172,
      16.62709617614746,
      12.00273609161377,
      11.595826148986816
    ],
    [
      4.844974517822266,
      1.0740257501602173,
      7.028159141540527,
      2.3014602661132812,
      3.702023506164551,
      2.380094528198242,
      9.306344032287598,
      8.787148475646973,
      29.68097496032715,
      36.266666412353516,
      15.00727367401123,
      14.13331413269043,
      18.721744537353516,
      18.81976318359375,
      16.316362380981445,
      15.873445510864258,
      11.185471534729004,
      10.864974021911621
    ],
    [
      1.1751610040664673,
      -3.4473695755004883,
      6.326714992523193,
      1.082932710647583,
      8.959833145141602,
      9.886100769042969,
      8.252852439880371,
      7.946381568908691,
      16.242990493774414,
      15.00727367401123,
      31.55284881591797,
      29.914033889770508,
      23.95033836364746,
      24.138301849365234,
      22.392419815063477,
      21.87263298034668,
      15.902939796447754,
      15.379392623901367
    ],
    [
      0.7859510183334351,
      -3.8716914653778076,
      6.533203601837158,
      1.5608776807785034,
      9.715152740478516,
      10.997787475585938,
      7.864001274108887,
      7.567556381225586,
      15.529945373535156,
      14.13331413269043,
      29.914033889770508,
      33.94640350341797,
      24.299335479736328,
      24.452667236328125,
      22.6170711517334,
      22.202327728271484,
      16.253732681274414,
      15.810091018676758
    ],
    [
      5.311614036560059,
      -1.451100468635559,
      6.935998916625977,
      0.5699911117553711,
      9.362303733825684,
      9.171679496765137,
      11.70383071899414,
      11.326539993286133,
      19.877962112426758,
      18.721744537353516,
      23.95033836364746,
      24.299335479736328,
      40.41732406616211,
      40.00419235229492,
      29.197998046875,
      28.828052520751953,
      21.281774520874023,
      20.866621017456055
    ],
    [
      6.806320667266846,
      -0.42738285660743713,
      7.128237724304199,
      0.5221300721168518,
      9.309670448303223,
      9.1075439453125,
      12.064193725585938,
      11.539776802062988,
      19.846405029296875,
      18.81976318359375,
      24.138301849365234,
      24.452667236328125,
      40.00419235229492,
      44.381614685058594,
      30.649452209472656,
      30.316879272460938,
      22.262502670288086,
      21.86096954345703
    ],
    [
      10.209089279174805,
      -0.28192010521888733,
      4.798394203186035,
      -1.7772098779678345,
      6.88987398147583,
      6.499927043914795,
      8.767903327941895,
      7.133805274963379,
      17.19097137451172,
      16.316362380981445,
      22.392419815063477,
      22.6170711517334,
      29.197998046875,
      30.649452209472656,
      35.681854248046875,
      34.50844192504883,
      25.630390167236328,
      24.848554611206055
    ],
    [
      9.733275413513184,
      -0.7545426487922668,
      4.3861613273620605,
      -2.242497682571411,
      6.544640064239502,
      6.161932468414307,
      8.232943534851074,
      6.467986583709717,
      16.62709617614746,
      15.873445510864258,
      21.87263298034668,
      22.202327728271484,
      28.828052520751953,
      30.316879272460938,
      34.50844192504883,
      34.34339141845703,
      25.231189727783203,
      24.581247329711914
    ],
    [
      6.577460289001465,
      -2.133504867553711,
      3.982482433319092,
      -1.4582375288009644,
      4.482120990753174,
      4.374289035797119,
      5.863405227661133,
      4.39029598236084,
      12.00273609161377,
      11.185471534729004,
      15.902939796447754,
      16.253732681274414,
      21.281774520874023,
      22.262502670288086,
      25.630390167236328,
      25.231189727783203,
      22.572975158691406,
      21.997060775756836
    ],
    [
      6.125857353210449,
      -2.279984951019287,
      3.871131658554077,
      -1.5164926052093506,
      4.371835708618164,
      4.251958847045898,
      5.6665825843811035,
      4.179986000061035,
      11.595826148986816,
      10.864974021911621,
      15.379392623901367,
      15.810091018676758,
      20.866621017456055,
      21.86096954345703,
      24.848554611206055,
      24.581247329711914,
      21.997060775756836,
      21.747194290161133
    ]
  ],
  "damage": -8.678361892700195,
  "diff_bandwidth": 854.4221801757812,
  "dissonance": 3.232288368557394,
  "drr": 10.963052749633789,
  "dynamics": 2.787412405014038,
  "format": 1245190,
  "frames": 7768656,
  "loudness": -18.219358444213867,
  "loudness_range": 7.563348770141602,
  "loudness_range_short": 8.31788444519043,
  "lowpass_true_peak_15khz": -2.0679666996002197,
  "mastering3_acoustic_entropies": [
    {
      "acoustic_entropy": 8.73204231262207,
      "acoustic_entropy_mono": 7.2638020515441895,
      "band_eliminated_acoustic_entropies": [
        {
          "acoustic_entropy": 8.73183536529541,
          "acoustic_entropy_side": 8.732040405273438,
          "hz": 129.47220167065723
        },
        {
          "acoustic_entropy": 8.756723403930664,
          "acoustic_entropy_side": 8.730325698852539,
          "hz": 202.92927478742237
        },
        {
          "acoustic_entropy": 8.76294231414795,
          "acoustic_entropy_side": 8.733631134033203,
          "hz": 282.89161906338205
        },
        {
          "acoustic_entropy": 8.732770919799805,
          "acoustic_entropy_side": 8.727478981018066,
          "hz": 369.9353335868758
        },
        {
          "acoustic_entropy": 9.00396728515625,
          "acoustic_entropy_side": 8.763567924499512,
          "hz": 464.6875360973435
        },
        {
          "acoustic_entropy": 8.671670913696289,
          "acoustic_entropy_side": 8.560635566711426,
          "hz": 567.8308811364784
        },
        {
          "acoustic_entropy": 7.447080135345459,
          "acoustic_entropy_side": 7.900611877441406,
          "hz": 680.1084783214808
        },
        {
          "acoustic_entropy": 7.25402307510376,
          "acoustic_entropy_side": 8.88509750366211,
          "hz": 802.3292461747484
        },
        {
          "acoustic_entropy": 8.422775268554688,
          "acoustic_entropy_side": 8.928498268127441,
          "hz": 935.3737400823702
        },
        {
          "acoustic_entropy": 7.519811153411865,
          "acoustic_entropy_side": 7.773377895355225,
          "hz": 1080.2004963696966
        },
        {
          "acoustic_entropy": 7.721032619476318,
          "acoustic_entropy_side": 8.647027969360352,
          "hz": 1237.8529382007157
        },
        {
          "acoustic_entropy": 8.12686824798584,
          "acoustic_entropy_side": 8.760551452636719,
          "hz": 1409.4668930556702
        },
        {
          "acoustic_entropy": 8.499095916748047,
          "acoustic_entropy_side": 8.601814270019531,
          "hz": 1596.2787759475705
        },
        {
          "acoustic_entropy": 7.825465202331543,
          "acoustic_entropy_side": 7.739528656005859,
          "hz": 1799.6344973346393
        },
        {
          "acoustic_entropy": 8.692817687988281,
          "acoustic_entropy_side": 8.817423820495605,
          "hz": 2020.9991599069049
        },
        {
          "acoustic_entropy": 8.510129928588867,
          "acoustic_entropy_side": 8.848851203918457,
          "hz": 2261.9676141086993
        },
        {
          "acoustic_entropy": 8.751832962036133,
          "acoustic_entropy_side": 8.854109764099121,
          "hz": 2524.2759484456974
        },
        {
          "acoustic_entropy": 8.24682903289795,
          "acoustic_entropy_side": 8.497390747070312,
          "hz": 2809.813997359896
        },
        {
          "acoustic_entropy": 8.908831596374512,
          "acoustic_entropy_side": 8.965835571289062,
          "hz": 3120.6389567871424
        },
        {
          "acoustic_entropy": 8.93309497833252,
          "acoustic_entropy_side": 8.99114990234375,
          "hz": 3458.990205492291
        },
        {
          "acoustic_entropy": 8.460530281066895,
          "acoustic_entropy_side": 8.274336814880371,
          "hz": 3827.305438964164
        },
        {
          "acoustic_entropy": 8.52968692779541,
          "acoustic_entropy_side": 8.475290298461914,
          "hz": 4228.238232109126
        },
        {
          "acoustic_entropy": 8.791248321533203,
          "acoustic_entropy_side": 8.73154354095459,
          "hz": 4664.6771572759235
        },
        {
          "acoustic_entropy": 8.766881942749023,
          "acoustic_entropy_side": 8.697041511535645,
          "hz": 5139.766595350093
        },
        {
          "acoustic_entropy": 8.74931812286377,
          "acoustic_entropy_side": 8.740217208862305,
          "hz": 5656.929389854203
        },
        {
          "acoustic_entropy": 8.732741355895996,
          "acoustic_entropy_side": 8.732307434082031,
          "hz": 6219.891507268283
        },
        {
          "acoustic_entropy": 8.710457801818848,
          "acoustic_entropy_side": 8.712404251098633,
          "hz": 6832.70888123896
        },
        {
          "acoustic_entropy": 8.72832202911377,
          "acoustic_entropy_side": 8.730037689208984,
          "hz": 7499.796634079867
        },
        {
          "acoustic_entropy": 8.731266021728516,
          "acoustic_entropy_side": 8.731802940368652,
          "hz": 8225.96088609342
        },
        {
          "acoustic_entropy": 8.731708526611328,
          "acoustic_entropy_side": 8.731913566589355,
          "hz": 9016.43338188839
        },
        {
          "acoustic_entropy": 8.731781005859375,
          "acoustic_entropy_side": 8.731953620910645,
          "hz": 9876.909183162974
        },
        {
          "acoustic_entropy": 8.732060432434082,
          "acoustic_entropy_side": 8.732060432434082,
          "hz": 10813.587699516042
        },
        {
          "acoustic_entropy": 8.732050895690918,
          "acoustic_entropy_side": 8.732050895690918,
          "hz": 11833.21735289826
        },
        {
          "acoustic_entropy": 8.732022285461426,
          "acoustic_entropy_side": 8.732033729553223,
          "hz": 12943.144197493959
        },
        {
          "acoustic_entropy": 8.731953620910645,
          "acoustic_entropy_side": 8.732011795043945,
          "hz": 14151.364845322005
        },
        {
          "acoustic_entropy": 8.73188591003418,
          "acoustic_entropy_side": 8.731986045837402,
          "hz": 15466.58407886509
        },
        {
          "acoustic_entropy": 8.732123374938965,
          "acoustic_entropy_side": 8.732080459594727,
          "hz": 16898.27756580493
        },
        {
          "acoustic_entropy": 8.732034683227539,
          "acoustic_entropy_side": 8.732038497924805,
          "hz": 18456.760127700032
        },
        {
          "acoustic_entropy": 8.732028007507324,
          "acoustic_entropy_side": 8.732036590576172,
          "hz": 20153.260054456492
        },
        {
          "acoustic_entropy": 8.73204231262207,
          "acoustic_entropy_side": 8.73204231262207,
          "hz": 22000.00000000001
        }
      ],
      "diff_acoustic_entropy": 3.4571542739868164,
      "sn": 6
    },
    {
      "acoustic_entropy": 12.560998916625977,
      "acoustic_entropy_mono": 10.44204044342041,
      "band_eliminated_acoustic_entropies": [
        {
          "acoustic_entropy": 12.561311721801758,
          "acoustic_entropy_side": 12.560802459716797,
          "hz": 129.47220167065723
        },
        {
          "acoustic_entropy": 12.479568481445312,
          "acoustic_entropy_side": 12.485952377319336,
          "hz": 202.92927478742237
        },
        {
          "acoustic_entropy": 12.789422035217285,
          "acoustic_entropy_side": 12.778121948242188,
          "hz": 282.89161906338205
        },
        {
          "acoustic_entropy": 13.004746437072754,
          "acoustic_entropy_side": 12.566737174987793,
          "hz": 369.9353335868758
        },
        {
          "acoustic_entropy": 13.281102180480957,
          "acoustic_entropy_side": 12.753739356994629,
          "hz": 464.6875360973435
        },
        {
          "acoustic_entropy": 13.107518196105957,
          "acoustic_entropy_side": 12.759217262268066,
          "hz": 567.8308811364784
        },
        {
          "acoustic_entropy": 12.809781074523926,
          "acoustic_entropy_side": 12.557517051696777,
          "hz": 680.1084783214808
        },
        {
          "acoustic_entropy": 11.751093864440918,
          "acoustic_entropy_side": 12.777649879455566,
          "hz": 802.3292461747484
        },
        {
          "acoustic_entropy": 12.50943660736084,
          "acoustic_entropy_side": 12.963996887207031,
          "hz": 935.3737400823702
        },
        {
          "acoustic_entropy": 12.36373519897461,
          "acoustic_entropy_side": 12.301835060119629,
          "hz": 1080.2004963696966
        },
        {
          "acoustic_entropy": 11.843629837036133,
          "acoustic_entropy_side": 12.220306396484375,
          "hz": 1237.8529382007157
        },
        {
          "acoustic_entropy": 12.482897758483887,
          "acoustic_entropy_side": 13.206575393676758,
          "hz": 1409.4668930556702
        },
        {
          "acoustic_entropy": 12.56783676147461,
          "acoustic_entropy_side": 12.631937026977539,
          "hz": 1596.2787759475705
        },
        {
          "acoustic_entropy": 11.884706497192383,
          "acoustic_entropy_side": 11.98705768585205,
          "hz": 1799.6344973346393
        },
        {
          "acoustic_entropy": 12.495682716369629,
          "acoustic_entropy_side": 12.773531913757324,
          "hz": 2020.9991599069049
        },
        {
          "acoustic_entropy": 13.24089241027832,
          "acoustic_entropy_side": 12.916357040405273,
          "hz": 2261.9676141086993
        },
        {
          "acoustic_entropy": 12.764814376831055,
          "acoustic_entropy_side": 12.882526397705078,
          "hz": 2524.2759484456974
        },
        {
          "acoustic_entropy": 13.343717575073242,
          "acoustic_entropy_side": 13.319242477416992,
          "hz": 2809.813997359896
        },
        {
          "acoustic_entropy": 12.94471549987793,
          "acoustic_entropy_side": 13.04348087310791,
          "hz": 3120.6389567871424
        },
        {
          "acoustic_entropy": 12.711589813232422,
          "acoustic_entropy_side": 12.60319709777832,
          "hz": 3458.990205492291
        },
        {
          "acoustic_entropy": 12.735833168029785,
          "acoustic_entropy_side": 12.567309379577637,
          "hz": 3827.305438964164
        },
        {
          "acoustic_entropy": 12.216330528259277,
          "acoustic_entropy_side": 12.422582626342773,
          "hz": 4228.238232109126
        },
        {
          "acoustic_entropy": 12.385854721069336,
          "acoustic_entropy_side": 12.346076965332031,
          "hz": 4664.6771572759235
        },
        {
          "acoustic_entropy": 12.772790908813477,
          "acoustic_entropy_side": 12.79610824584961,
          "hz": 5139.766595350093
        },
        {
          "acoustic_entropy": 12.789593696594238,
          "acoustic_entropy_side": 12.652719497680664,
          "hz": 5656.929389854203
        },
        {
          "acoustic_entropy": 12.490221977233887,
          "acoustic_entropy_side": 12.527355194091797,
          "hz": 6219.891507268283
        },
        {
          "acoustic_entropy": 12.931434631347656,
          "acoustic_entropy_side": 12.793996810913086,
          "hz": 6832.70888123896
        },
        {
          "acoustic_entropy": 12.611281394958496,
          "acoustic_entropy_side": 12.579543113708496,
          "hz": 7499.796634079867
        },
        {
          "acoustic_entropy": 12.570143699645996,
          "acoustic_entropy_side": 12.558979988098145,
          "hz": 8225.96088609342
        },
        {
          "acoustic_entropy": 12.562154769897461,
          "acoustic_entropy_side": 12.56127643585205,
          "hz": 9016.43338188839
        },
        {
          "acoustic_entropy": 12.562744140625,
          "acoustic_entropy_side": 12.561497688293457,
          "hz": 9876.909183162974
        },
        {
          "acoustic_entropy": 12.560530662536621,
          "acoustic_entropy_side": 12.560853958129883,
          "hz": 10813.587699516042
        },
        {
          "acoustic_entropy": 12.560627937316895,
          "acoustic_entropy_side": 12.560905456542969,
          "hz": 11833.21735289826
        },
        {
          "acoustic_entropy": 12.56119155883789,
          "acoustic_entropy_side": 12.561065673828125,
          "hz": 12943.144197493959
        },
        {
          "acoustic_entropy": 12.561056137084961,
          "acoustic_entropy_side": 12.560964584350586,
          "hz": 14151.364845322005
        },
        {
          "acoustic_entropy": 12.562618255615234,
          "acoustic_entropy_side": 12.561607360839844,
          "hz": 15466.58407886509
        },
        {
          "acoustic_entropy": 12.562355041503906,
          "acoustic_entropy_side": 12.561633110046387,
          "hz": 16898.27756580493
        },
        {
          "acoustic_entropy": 12.561758995056152,
          "acoustic_entropy_side": 12.561380386352539,
          "hz": 18456.760127700032
        },
        {
          "acoustic_entropy": 12.56104564666748,
          "acoustic_entropy_side": 12.561018943786621,
          "hz": 20153.260054456492
        },
        {
          "acoustic_entropy": 12.560994148254395,
          "acoustic_entropy_side": 12.560996055603027,
          "hz": 22000.00000000001
        }
      ],
      "diff_acoustic_entropy": 6.5871806144714355,
      "sn": 12
    },
    {
      "acoustic_entropy": 20.039649963378906,
      "acoustic_entropy_mono": 17.899150848388672,
      "band_eliminated_acoustic_entropies": [
        {
          "acoustic_entropy": 20.071928024291992,
          "acoustic_entropy_side": 20.04541015625,
          "hz": 129.47220167065723
        },
        {
          "acoustic_entropy": 20.8510684967041,
          "acoustic_entropy_side": 21.398698806762695,
          "hz": 202.92927478742237
        },
        {
          "acoustic_entropy": 20.9183406829834,
          "acoustic_entropy_side": 21.840450286865234,
          "hz": 282.89161906338205
        },
        {
          "acoustic_entropy": 20.64478874206543,
          "acoustic_entropy_side": 20.9241943359375,
          "hz": 369.9353335868758
        },
        {
          "acoustic_entropy": 20.015779495239258,
          "acoustic_entropy_side": 20.490022659301758,
          "hz": 464.6875360973435
        },
        {
          "acoustic_entropy": 20.356691360473633,
          "acoustic_entropy_side": 20.55462646484375,
          "hz": 567.8308811364784
        },
        {
          "acoustic_entropy": 19.485979080200195,
          "acoustic_entropy_side": 19.89616584777832,
          "hz": 680.1084783214808
        },
        {
          "acoustic_entropy": 19.352237701416016,
          "acoustic_entropy_side": 20.717327117919922,
          "hz": 802.3292461747484
        },
        {
          "acoustic_entropy": 20.2548828125,
          "acoustic_entropy_side": 21.34787940979004,
          "hz": 935.3737400823702
        },
        {
          "acoustic_entropy": 21.119243621826172,
          "acoustic_entropy_side": 20.393850326538086,
          "hz": 1080.2004963696966
        },
        {
          "acoustic_entropy": 19.721227645874023,
          "acoustic_entropy_side": 20.130802154541016,
          "hz": 1237.8529382007157
        },
        {
          "acoustic_entropy": 20.214658737182617,
          "acoustic_entropy_side": 21.588228225708008,
          "hz": 1409.4668930556702
        },
        {
          "acoustic_entropy": 19.957435607910156,
          "acoustic_entropy_side": 20.091699600219727,
          "hz": 1596.2787759475705
        },
        {
          "acoustic_entropy": 19.274887084960938,
          "acoustic_entropy_side": 20.612035751342773,
          "hz": 1799.6344973346393
        },
        {
          "acoustic_entropy": 19.58930206298828,
          "acoustic_entropy_side": 20.00132179260254,
          "hz": 2020.9991599069049
        },
        {
          "acoustic_entropy": 20.084787368774414,
          "acoustic_entropy_side": 21.28089141845703,
          "hz": 2261.9676141086993
        },
        {
          "acoustic_entropy": 20.392427444458008,
          "acoustic_entropy_side": 20.28606414794922,
          "hz": 2524.2759484456974
        },
        {
          "acoustic_entropy": 20.86219024658203,
          "acoustic_entropy_side": 21.140710830688477,
          "hz": 2809.813997359896
        },
        {
