{
  "acoustic_entropy": 115.55352783203125,
  "bands": [
    {
      "high_freq": 148.1999969482422,
      "loudness": -39.29373550415039,
      "loudness_range": 13.050966262817383,
      "mid_mean": -35.6025390625,
      "mid_to_side_loudness": -25.714826583862305,
      "mid_to_side_loudness_range": 5.937372207641602,
      "side_mean": -60.94163131713867
    },
    {
      "high_freq": 392.3793640136719,
      "loudness": -32.31565475463867,
      "loudness_range": 15.734580993652344,
      "low_freq": 148.1999969482422,
      "mid_mean": -28.65633773803711,
      "mid_to_side_loudness": -23.41271209716797,
      "mid_to_side_loudness_range": 11.426883697509766,
      "side_mean": -52.444332122802734
    },
    {
      "high_freq": 794.6976318359375,
      "loudness": -38.06964874267578,
      "loudness_range": 16.93815040588379,
      "low_freq": 392.3793640136719,
      "mid_mean": -34.40934371948242,
      "mid_to_side_loudness": -19.789501190185547,
      "mid_to_side_loudness_range": 10.20057487487793,
      "side_mean": -54.430076599121094
    },
    {
      "high_freq": 1457.5709228515625,
      "loudness": -37.841556549072266,
      "loudness_range": 14.914060592651367,
      "low_freq": 794.6976318359375,
      "mid_mean": -34.204463958740234,
      "mid_to_side_loudness": -18.758636474609375,
      "mid_to_side_loudness_range": 8.638923645019531,
      "side_mean": -53.4128303527832
    },
    {
      "high_freq": 2549.74365234375,
      "loudness": -38.6756591796875,
      "loudness_range": 20.780261993408203,
      "low_freq": 1457.5709228515625,
      "mid_mean": -35.0298957824707,
      "mid_to_side_loudness": -18.89400291442871,
      "mid_to_side_loudness_range": 6.599830627441406,
      "side_mean": -54.18442153930664
    },
    {
      "high_freq": 4349.24462890625,
      "loudness": -50.799312591552734,
      "loudness_range": 15.290931701660156,
      "low_freq": 2549.74365234375,
      "mid_mean": -47.0992317199707,
      "mid_to_side_loudness": -20.822568893432617,
      "mid_to_side_loudness_range": 7.53944206237793,
      "side_mean": -65.35535430908203
    },
    {
      "high_freq": 7314.1640625,
      "loudness": -64.53671264648438,
      "loudness_range": 5.672187805175781,
      "low_freq": 4349.24462890625,
      "mid_mean": -60.47373962402344,
      "mid_to_side_loudness": -26.069793701171875,
      "mid_to_side_loudness_range": 10.308231353759766,
      "side_mean": -69.8863525390625
    },
    {
      "high_freq": 12199.2666015625,
      "loudness": -71.21281433105469,
      "loudness_range": 3.809783935546875,
      "low_freq": 7314.1640625,
      "mid_mean": -65.5929946899414,
      "mid_to_side_loudness": -32.24115753173828,
      "mid_to_side_loudness_range": 9.97004508972168,
      "side_mean": -69.99455261230469
    },
    {
      "loudness": 0,
      "loudness_range": 0,
      "low_freq": 12199.2666015625,
      "mid_mean": -67.76860809326172,
      "mid_to_side_loudness": -16.029266357421875,
      "mid_to_side_loudness_range": 3.027872085571289,
      "side_mean": -69.92992401123047
    }
  ],
  "bands_short": [
    {
      "high_freq": 148.1999969482422,
      "loudness": -41.230323791503906,
      "loudness_range": 17.01947593688965,
      "mid_mean": -37.54609298706055,
      "mid_to_side_loudness": -26.38711166381836,
      "mid_to_side_loudness_range": 14.385412216186523,
      "side_mean": -62.57143783569336
    },
    {
      "high_freq": 392.3793640136719,
      "loudness": -32.45895004272461,
      "loudness_range": 16.1412410736084,
      "low_freq": 148.1999969482422,
      "mid_mean": -28.79254913330078,
      "mid_to_side_loudness": -23.42153549194336,
      "mid_to_side_loudness_range": 12.765168190002441,
      "side_mean": -52.62290954589844
    },
    {
      "high_freq": 794.6976318359375,
      "loudness": -38.2789306640625,
      "loudness_range": 17.24591827392578,
      "low_freq": 392.3793640136719,
      "mid_mean": -34.62907028198242,
      "mid_to_side_loudness": -19.79155921936035,
      "mid_to_side_loudness_range": 12.349087715148926,
      "side_mean": -54.703975677490234
    },
    {
      "high_freq": 1457.5709228515625,
      "loudness": -38.254852294921875,
      "loudness_range": 15.621122360229492,
      "low_freq": 794.6976318359375,
      "mid_mean": -34.63542938232422,
      "mid_to_side_loudness": -18.538061141967773,
      "mid_to_side_loudness_range": 11.825318336486816,
      "side_mean": -53.70960998535156
    },
    {
      "high_freq": 2549.74365234375,
      "loudness": -39.280029296875,
      "loudness_range": 21.374210357666016,
      "low_freq": 1457.5709228515625,
      "mid_mean": -35.64787673950195,
      "mid_to_side_loudness": -18.64046859741211,
      "mid_to_side_loudness_range": 10.191767692565918,
      "side_mean": -54.57661819458008
    },
    {
      "high_freq": 4349.24462890625,
      "loudness": -50.49309539794922,
      "loudness_range": 16.016998291015625,
      "low_freq": 2549.74365234375,
      "mid_mean": -46.811180114746094,
      "mid_to_side_loudness": -20.642141342163086,
      "mid_to_side_loudness_range": 11.532620429992676,
      "side_mean": -65.00930786132812
    },
    {
      "high_freq": 7314.1640625,
      "loudness": -64.33546447753906,
      "loudness_range": 6.651405334472656,
      "low_freq": 4349.24462890625,
      "mid_mean": -60.300174713134766,
      "mid_to_side_loudness": -26.092660903930664,
      "mid_to_side_loudness_range": 16.18303680419922,
      "side_mean": -69.86797332763672
    },
    {
      "high_freq": 12199.2666015625,
      "loudness": -71.25933837890625,
      "loudness_range": 4.342193603515625,
      "low_freq": 7314.1640625,
      "mid_mean": -65.61290740966797,
      "mid_to_side_loudness": -32.97180938720703,
      "mid_to_side_loudness_range": 15.126008987426758,
      "side_mean": -69.99469757080078
    },
    {
      "loudness": 0,
      "loudness_range": 0,
      "low_freq": 12199.2666015625,
      "mid_mean": -67.76859283447266,
      "mid_to_side_loudness": -16.11872673034668,
      "mid_to_side_loudness_range": 4.707571983337402,
      "side_mean": -69.92975616455078
    }
  ],
  "bandwidth": 539.852783203125,
  "channels": 2,
  "covariance": [
    [
      15.561223983764648,
      14.535242080688477,
      -2.97074294090271,
      -1.419285535812378,
      13.403280258178711,
      12.635618209838867,
      8.316452980041504,
      10.519696235656738,
      7.043504238128662,
      7.927662372589111,
      7.292564392089844,
      5.130608081817627,
      0.16352032124996185,
      0.005788934882730246,
      0.4873383045196533,
      0.002584578702226281,
      0.16882972419261932,
      -0.0053003341890871525
    ],
    [
      14.535242080688477,
      17.901145935058594,
      -5.578185081481934,
      -1.2549737691879272,
      12.211609840393066,
      15.07528305053711,
      8.127354621887207,
      13.995521545410156,
      4.519878387451172,
      8.893775939941406,
      4.763365745544434,
      4.687077045440674,
      0.7302662134170532,
      0.01022438146173954,
      0.6756192445755005,
      0.0016417558072134852,
      0.4332861602306366,
      0.005771432537585497
    ],
    [
      -2.97074294090271,
      -5.578185081481934,
      28.32301902770996,
      23.44780731201172,
      10.674686431884766,
      6.340526580810547,
      -3.732173442840576,
      -8.215069770812988,
      -5.075170516967773,
      -6.343437194824219,
      1.3834059238433838,
      -0.1585162729024887,
      1.609513282775879,
      -0.03205946087837219,
      1.7253903150558472,
      -0.0026876896154135466,
      -0.19954554736614227,
      -0.035581354051828384
    ],
    [
      -1.419285535812378,
      -1.2549737691879272,
      23.44780731201172,
      35.54019546508789,
      11.360889434814453,
      13.381016731262207,
      -2.085845947265625,
      1.2925984859466553,
      1.5882197618484497,
      6.4901885986328125,
      6.2472357749938965,
      5.437891006469727,
      4.569068431854248,
      -0.0009637724724598229,
      3.2727348804473877,
      -0.007859167642891407,
      0.5403778553009033,
      -0.025196513161063194
    ],
    [
      13.403280258178711,
      12.211609840393066,
      10.674686431884766,
      11.360889434814453,
      29.394617080688477,
      24.402624130249023,
      9.545881271362305,
      8.360499382019043,
      3.0869057178497314,
      3.479419708251953,
      10.297282218933105,
      7.462482929229736,
      -0.9396045804023743,
      -0.07870430499315262,
      1.14389169216156,
      0.0008990906062535942,
      0.07930025458335876,
      -0.01590145379304886
    ],
    [
      12.635618209838867,
      15.07528305053711,
      6.340526580810547,
      13.381016731262207,
      24.402624130249023,
      33.615623474121094,
      6.897499084472656,
      14.324220657348633,
      -2.4334115982055664,
      4.485839366912842,
      7.159759044647217,
      7.60129451751709,
      -0.1403900384902954,
      -0.06042855605483055,
      1.7017099857330322,
      8.175511902663857e-05,
      0.4760911464691162,
      0.010254229418933392
    ],
    [
      8.316452980041504,
      8.127354621887207,
      -3.732173442840576,
      -2.085845947265625,
      9.545881271362305,
      6.897499084472656,
      22.43589210510254,
      19.59634017944336,
      10.781875610351562,
      10.113308906555176,
      13.45401382446289,
      8.735834121704102,
      1.831430435180664,
      0.03146172687411308,
      0.7145318984985352,
      -0.0006729807937517762,
      0.3087409734725952,
      -0.02249109372496605
    ],
    [
      10.519696235656738,
      13.995521545410156,
      -8.215069770812988,
      1.2925984859466553,
      8.360499382019043,
      14.324220657348633,
      19.59634017944336,
      30.570096969604492,
      9.764419555664062,
      16.49517822265625,
      11.46044635772705,
      10.382022857666016,
      4.422428607940674,
      0.10549807548522949,
      1.7522773742675781,
      -0.005270094145089388,
      1.0379153490066528,
      -0.01762355864048004
    ],
    [
      7.043504238128662,
      4.519878387451172,
      -5.075170516967773,
      1.5882197618484497,
      3.0869057178497314,
      -2.4334115982055664,
      10.781875610351562,
      9.764419555664062,
      51.16549301147461,
      46.235496520996094,
      19.890172958374023,
      12.048858642578125,
      3.9128551483154297,
      0.04472525045275688,
      1.2653381824493408,
      -0.004178446717560291,
      1.0156834125518799,
      -0.01677035167813301
    ],
    [
      7.927662372589111,
      8.893775939941406,
      -6.343437194824219,
      6.4901885986328125,
      3.479419708251953,
      4.485839366912842,
      10.113308906555176,
      16.49517822265625,
      46.235496520996094,
      51.01536560058594,
      18.032325744628906,
      13.417034149169922,
      5.204845428466797,
      0.059099797159433365,
      2.117746353149414,
      -0.007664154749363661,
      1.54662024974823,
      -0.005639496259391308
    ],
    [
      7.292564392089844,
      4.763365745544434,
      1.3834059238433838,
      6.2472357749938965,
      10.297282218933105,
      7.159759044647217,
      13.45401382446289,
      11.46044635772705,
      19.890172958374023,
      18.032325744628906,
      26.097068786621094,
      17.457862854003906,
      3.3983097076416016,
      0.09573854506015778,
      1.9078078269958496,
      -0.0009535496355965734,
      0.42117738723754883,
      -0.0085453474894166
    ],
    [
      5.130608081817627,
      4.687077045440674,
      -0.1585162729024887,
      5.437891006469727,
      7.462482929229736,
      7.60129451751709,
      8.735834121704102,
      10.382022857666016,
      12.048858642578125,
      13.417034149169922,
      17.457862854003906,
      14.35494613647461,
      2.2442409992218018,
      0.08759061247110367,
      1.4931026697158813,
      -0.0006660495419055223,
      0.41952067613601685,
      0.004359794314950705
    ],
    [
      0.16352032124996185,
      0.7302662134170532,
      1.609513282775879,
      4.569068431854248,
      -0.9396045804023743,
      -0.1403900384902954,
      1.831430435180664,
      4.422428607940674,
      3.9128551483154297,
      5.204845428466797,
      3.3983097076416016,
      2.2442409992218018,
      5.4415998458862305,
      0.13134673237800598,
      1.7226837873458862,
      -0.005178346764296293,
      0.4684128761291504,
      -0.01880279928445816
    ],
    [
      0.005788934882730246,
      0.01022438146173954,
      -0.03205946087837219,
      -0.0009637724724598229,
      -0.07870430499315262,
      -0.06042855605483055,
      0.03146172687411308,
      0.10549807548522949,
      0.04472525045275688,
      0.059099797159433365,
      0.09573854506015778,
      0.08759061247110367,
      0.13134673237800598,
      0.011344888247549534,
      0.02011948451399803,
      3.798693069256842e-05,
      0.004740913398563862,
      -6.953849515412003e-05
    ],
    [
      0.4873383045196533,
      0.6756192445755005,
      1.7253903150558472,
      3.2727348804473877,
      1.14389169216156,
      1.7017099857330322,
      0.7145318984985352,
      1.7522773742675781,
      1.2653381824493408,
      2.117746353149414,
      1.9078078269958496,
      1.4931026697158813,
      1.7226837873458862,
      0.02011948451399803,
      1.1127357482910156,
      -0.0020760090555995703,
      0.19329151511192322,
      -0.007194689009338617
    ],
    [
      0.002584578702226281,
      0.0016417558072134852,
      -0.0026876896154135466,
      -0.007859167642891407,
      0.0008990906062535942,
      8.175511902663857e-05,
      -0.0006729807937517762,
      -0.005270094145089388,
      -0.004178446717560291,
      -0.007664154749363661,
      -0.0009535496355965734,
      -0.0006660495419055223,
      -0.005178346764296293,
      3.798693069256842e-05,
      -0.0020760090555995703,
      2.9313085178728215e-05,
      -0.001267308951355517,
      7.267516775755212e-05
    ],
    [
      0.16882972419261932,
      0.4332861602306366,
      -0.19954554736614227,
      0.5403778553009033,
      0.07930025458335876,
      0.4760911464691162,
      0.3087409734725952,
      1.0379153490066528,
      1.0156834125518799,
      1.54662024974823,
      0.42117738723754883,
      0.41952067613601685,
      0.4684128761291504,
      0.004740913398563862,
      0.19329151511192322,
      -0.001267308951355517,
      0.1787828505039215,
      -0.002151125343516469
    ],
    [
      -0.0053003341890871525,
      0.005771432537585497,
      -0.035581354051828384,
      -0.025196513161063194,
      -0.01590145379304886,
      0.010254229418933392,
      -0.02249109372496605,
      -0.01762355864048004,
      -0.01677035167813301,
      -0.005639496259391308,
      -0.0085453474894166,
      0.004359794314950705,
      -0.01880279928445816,
      -6.953849515412003e-05,
      -0.007194689009338617,
      7.267516775755212e-05,
      -0.002151125343516469,
      0.0006513710250146687
    ]
  ],
  "covariance_short": [
    [
      28.44762420654297,
      20.22615623474121,
      -4.267969131469727,
      -1.7545429468154907,
      14.70197868347168,
      14.53866958618164,
      11.057673454284668,
      11.690218925476074,
      8.726922988891602,
      9.452454566955566,
      9.492663383483887,
      6.380066394805908,
      -0.34614330530166626,
      -0.018959706649184227,
      0.43692272901535034,
      0.003388238837942481,
      0.20650741457939148,
      -0.004332823678851128
    ],
    [
      20.22615623474121,
      27.4210147857666,
      -7.447004795074463,
      -2.546870470046997,
      13.694039344787598,
      16.113956451416016,
      9.897016525268555,
      14.726359367370605,
      6.603153705596924,
      10.508767127990723,
      6.0435686111450195,
      5.618923187255859,
      -0.04111165553331375,
      -0.037180379033088684,
      0.4150509834289551,
      0.0028121904470026493,
      0.3741964101791382,
      0.009199162945151329
    ],
    [
      -4.267969131469727,
      -7.447004795074463,
      30.1218204498291,
      23.315696716308594,
      9.881577491760254,
      5.873893737792969,
      -3.3021349906921387,
      -7.725076198577881,
      -4.8748040199279785,
      -6.058588027954102,
      -1.0894381999969482,
      -2.2239859104156494,
      1.5773515701293945,
      -0.03076743520796299,
      1.6936076879501343,
      -0.00237027695402503,
      -0.19335445761680603,
      -0.033866997808218
    ],
    [
      -1.7545429468154907,
      -2.546870470046997,
      23.315696716308594,
      37.53008270263672,
      10.454333305358887,
      12.8436279296875,
      -1.707590937614441,
      1.4775367975234985,
      1.5826261043548584,
      6.385986804962158,
      3.3572347164154053,
      3.6408019065856934,
      4.5263190269470215,
      -0.019193317741155624,
      3.246750593185425,
      -0.008080082945525646,
      0.5280197858810425,
      -0.02574276365339756
    ],
    [
      14.70197868347168,
      13.694039344787598,
      9.881577491760254,
      10.454333305358887,
      30.738706588745117,
      23.176088333129883,
      10.331388473510742,
      8.663110733032227,
      3.5677247047424316,
      3.0376789569854736,
      7.3491530418396,
      5.416006088256836,
      -0.7799610495567322,
      -0.11748066544532776,
      1.0022027492523193,
      0.0010276723187416792,
      0.11735547333955765,
      -0.016795428469777107
    ],
    [
      14.53866958618164,
      16.113956451416016,
      5.873893737792969,
      12.8436279296875,
      23.176088333129883,
      35.20466995239258,
      7.708615303039551,
      14.517406463623047,
      -1.427063226699829,
      5.091107368469238,
      4.4644904136657715,
      5.734647274017334,
      -0.106507308781147,
      -0.10736771672964096,
      1.6372240781784058,
      -0.00033982741297222674,
      0.4669647812843323,
      0.00907953456044197
    ],
    [
      11.057673454284668,
      9.897016525268555,
      -3.3021349906921387,
      -1.707590937614441,
      10.331388473510742,
      7.708615303039551,
      26.606956481933594,
      19.413469314575195,
      11.8018159866333,
      9.850961685180664,
      15.756516456604004,
      9.853240013122559,
      1.869173526763916,
      -0.0013643994461745024,
      0.8026705384254456,
      -0.000575742160435766,
      0.36505448818206787,
      -0.025409528985619545
    ],
    [
      11.690218925476074,
      14.726359367370605,
      -7.725076198577881,
      1.4775367975234985,
      8.663110733032227,
      14.517406463623047,
      19.413469314575195,
      32.556236267089844,
      9.943490982055664,
      16.385408401489258,
      12.828068733215332,
      11.755783081054688,
      4.309932231903076,
      0.07913746684789658,
      1.7534912824630737,
      -0.005532787647098303,
      1.0165976285934448,
      -0.018112709745764732
    ],
    [
      8.726922988891602,
      6.603153705596924,
      -4.8748040199279785,
      1.5826261043548584,
      3.5677247047424316,
      -1.427063226699829,
      11.8018159866333,
      9.943490982055664,
      52.230804443359375,
      44.03760528564453,
      21.445295333862305,
      13.83108139038086,
      3.583951234817505,
      -0.021205272525548935,
      1.3349370956420898,
      -0.0034687567967921495,
      1.1245945692062378,
      -0.01444588229060173
    ],
    [
      9.452454566955566,
      10.508767127990723,
      -6.058588027954102,
      6.385986804962158,
      3.0376789569854736,
      5.091107368469238,
      9.850961685180664,
      16.385408401489258,
      44.03760528564453,
      51.674560546875,
      20.001686096191406,
      15.72360897064209,
      4.739609241485596,
      0.0015954155242070556,
      2.076199769973755,
      -0.007383268792182207,
      1.5086088180541992,
      -0.005910252686589956
    ],
    [
      9.492663383483887,
      6.0435686111450195,
      -1.0894381999969482,
      3.3572347164154053,
      7.3491530418396,
      4.4644904136657715,
      15.756516456604004,
      12.828068733215332,
      21.445295333862305,
      20.001686096191406,
      29.63735580444336,
      17.954328536987305,
      3.7479939460754395,
      0.07557440549135208,
      1.774859070777893,
      -0.0017924471758306026,
      0.4831903576850891,
      -0.012343883514404297
    ],
    [
      6.380066394805908,
      5.618923187255859,
      -2.2239859104156494,
      3.6408019065856934,
      5.416006088256836,
      5.734647274017334,
      9.853240013122559,
      11.755783081054688,
      13.83108139038086,
      15.72360897064209,
      17.954328536987305,
      16.930145263671875,
      2.470675230026245,
      0.08305670320987701,
      1.3840147256851196,
      -0.0012663075467571616,
      0.4486830234527588,
      0.0033573899418115616
    ],
    [
      -0.34614330530166626,
      -0.04111165553331375,
      1.5773515701293945,
      4.5263190269470215,
      -0.7799610495567322,
      -0.106507308781147,
      1.869173526763916,
      4.309932231903076,
      3.583951234817505,
      4.739609241485596,
      3.7479939460754395,
      2.470675230026245,
      6.72670316696167,
      0.16453054547309875,
      1.8150004148483276,
      -0.005441556219011545,
      0.48334798216819763,
      -0.019904740154743195
    ],
    [
      -0.018959706649184227,
      -0.037180379033088684,
      -0.03076743520796299,
      -0.019193317741155624,
      -0.11748066544532776,
      -0.10736771672964096,
      -0.0013643994461745024,
      0.07913746684789658,
      -0.021205272525548935,
      0.0015954155242070556,
      0.07557440549135208,
      0.08305670320987701,
      0.16453054547309875,
      0.028284667059779167,
      0.02280018851161003,
      3.0380904718185775e-05,
      0.004143714439123869,
      -0.00011508073657751083
    ],
    [
      0.43692272901535034,
      0.4150509834289551,
      1.6936076879501343,
      3.246750593185425,
      1.0022027492523193,
      1.6372240781784058,
      0.8026705384254456,
      1.7534912824630737,
      1.3349370956420898,
      2.076199769973755,
      1.774859070777893,
      1.3840147256851196,
      1.8150004148483276,
      0.02280018851161003,
      1.3188856840133667,
      -0.0021979764569550753,
      0.20765626430511475,
      -0.007327338680624962
    ],
    [
      0.003388238837942481,
      0.0028121904470026493,
      -0.00237027695402503,
      -0.008080082945525646,
      0.0010276723187416792,
      -0.00033982741297222674,
      -0.000575742160435766,
      -0.005532787647098303,
      -0.0034687567967921495,
      -0.007383268792182207,
      -0.0017924471758306026,
      -0.0012663075467571616,
      -0.005441556219011545,
      3.0380904718185775e-05,
      -0.0021979764569550753,
      3.8803351344540715e-05,
      -0.0012977259466424584,
      7.398550951620564e-05
    ],
    [
      0.20650741457939148,
      0.3741964101791382,
      -0.19335445761680603,
      0.5280197858810425,
      0.11735547333955765,
      0.4669647812843323,
      0.36505448818206787,
      1.0165976285934448,
      1.1245945692062378,
      1.5086088180541992,
      0.4831903576850891,
      0.4486830234527588,
      0.48334798216819763,
      0.004143714439123869,
      0.20765626430511475,
      -0.0012977259466424584,
      0.20754165947437286,
      -0.0022448201198130846
    ],
    [
      -0.004332823678851128,
      0.009199162945151329,
      -0.033866997808218,
      -0.02574276365339756,
      -0.016795428469777107,
      0.00907953456044197,
      -0.025409528985619545,
      -0.018112709745764732,
      -0.01444588229060173,
      -0.005910252686589956,
      -0.012343883514404297,
      0.0033573899418115616,
      -0.019904740154743195,
      -0.00011508073657751083,
      -0.007327338680624962,
      7.398550951620564e-05,
      -0.0022448201198130846,
      0.0009474927792325616
    ]
  ],
  "damage": -16.662038803100586,
  "diff_bandwidth": 644.9298706054688,
  "dissonance": 5.004258541513544,
  "drr": 5.499728679656982,
  "dynamics": 3.2256922721862793,
  "format": 1245190,
  "frames": 5630912,
  "loudness": -24.129150390625,
  "loudness_range": 8.995285034179688,
  "loudness_range_short": 10.090621948242188,
  "lowpass_true_peak_15khz": -8.909529685974121,
  "mastering3_acoustic_entropies": [
    {
      "acoustic_entropy": 8.456068992614746,
      "acoustic_entropy_mono": 8.745999336242676,
      "band_eliminated_acoustic_entropies": [
        {
          "acoustic_entropy": 8.34981918334961,
          "acoustic_entropy_side": 8.456059455871582,
          "hz": 129.47220167065723
        },
        {
          "acoustic_entropy": 8.725312232971191,
          "acoustic_entropy_side": 8.456035614013672,
          "hz": 202.92927478742237
        },
        {
          "acoustic_entropy": 9.261236190795898,
          "acoustic_entropy_side": 8.454771995544434,
          "hz": 282.89161906338205
        },
        {
          "acoustic_entropy": 7.479891777038574,
          "acoustic_entropy_side": 8.559762001037598,
          "hz": 369.9353335868758
        },
        {
          "acoustic_entropy": 9.184826850891113,
          "acoustic_entropy_side": 8.452119827270508,
          "hz": 464.6875360973435
        },
        {
          "acoustic_entropy": 9.319948196411133,
          "acoustic_entropy_side": 8.472504615783691,
          "hz": 567.8308811364784
        },
        {
          "acoustic_entropy": 8.608736991882324,
          "acoustic_entropy_side": 8.45195484161377,
          "hz": 680.1084783214808
        },
        {
          "acoustic_entropy": 8.745036125183105,
          "acoustic_entropy_side": 8.45617961883545,
          "hz": 802.3292461747484
        },
        {
          "acoustic_entropy": 8.436662673950195,
          "acoustic_entropy_side": 8.455877304077148,
          "hz": 935.3737400823702
        },
        {
          "acoustic_entropy": 8.960237503051758,
          "acoustic_entropy_side": 8.464492797851562,
          "hz": 1080.2004963696966
        },
        {
          "acoustic_entropy": 8.206522941589355,
          "acoustic_entropy_side": 8.513569831848145,
          "hz": 1237.8529382007157
        },
        {
          "acoustic_entropy": 8.793403625488281,
          "acoustic_entropy_side": 8.462806701660156,
          "hz": 1409.4668930556702
        },
        {
          "acoustic_entropy": 8.489336013793945,
          "acoustic_entropy_side": 8.468388557434082,
          "hz": 1596.2787759475705
        },
        {
          "acoustic_entropy": 8.417630195617676,
          "acoustic_entropy_side": 8.479721069335938,
          "hz": 1799.6344973346393
        },
        {
          "acoustic_entropy": 8.879773139953613,
          "acoustic_entropy_side": 8.415363311767578,
          "hz": 2020.9991599069049
        },
        {
          "acoustic_entropy": 8.88570785522461,
          "acoustic_entropy_side": 8.5745267868042,
          "hz": 2261.9676141086993
        },
        {
          "acoustic_entropy": 8.600939750671387,
          "acoustic_entropy_side": 8.546432495117188,
          "hz": 2524.2759484456974
        },
        {
          "acoustic_entropy": 8.864066123962402,
          "acoustic_entropy_side": 8.455879211425781,
          "hz": 2809.813997359896
        },
        {
          "acoustic_entropy": 8.72751235961914,
          "acoustic_entropy_side": 8.455849647521973,
          "hz": 3120.6389567871424
        },
        {
          "acoustic_entropy": 8.772732734680176,
          "acoustic_entropy_side": 8.456128120422363,
          "hz": 3458.990205492291
        },
        {
          "acoustic_entropy": 8.422011375427246,
          "acoustic_entropy_side": 8.45605182647705,
          "hz": 3827.305438964164
        },
        {
          "acoustic_entropy": 8.607413291931152,
          "acoustic_entropy_side": 8.45604133605957,
          "hz": 4228.238232109126
        },
        {
          "acoustic_entropy": 8.451394081115723,
          "acoustic_entropy_side": 8.456068992614746,
          "hz": 4664.6771572759235
        },
        {
          "acoustic_entropy": 8.456157684326172,
          "acoustic_entropy_side": 8.456068992614746,
          "hz": 5139.766595350093
        },
        {
          "acoustic_entropy": 8.45608139038086,
          "acoustic_entropy_side": 8.456068992614746,
          "hz": 5656.929389854203
        },
        {
          "acoustic_entropy": 8.456070899963379,
          "acoustic_entropy_side": 8.456068992614746,
          "hz": 6219.891507268283
        },
        {
          "acoustic_entropy": 8.456068992614746,
          "acoustic_entropy_side": 8.456068992614746,
          "hz": 6832.70888123896
        },
        {
          "acoustic_entropy": 8.456068992614746,
          "acoustic_entropy_side": 8.456068992614746,
          "hz": 7499.796634079867
        },
        {
          "acoustic_entropy": 8.456068992614746,
          "acoustic_entropy_side": 8.456068992614746,
          "hz": 8225.96088609342
        },
        {
          "acoustic_entropy": 8.456068992614746,
          "acoustic_entropy_side": 8.456068992614746,
          "hz": 9016.43338188839
        },
        {
          "acoustic_entropy": 8.456068992614746,
          "acoustic_entropy_side": 8.456068992614746,
          "hz": 9876.909183162974
        },
        {
          "acoustic_entropy": 8.456068992614746,
          "acoustic_entropy_side": 8.456068992614746,
          "hz": 10813.587699516042
        },
        {
          "acoustic_entropy": 8.456068992614746,
          "acoustic_entropy_side": 8.456068992614746,
          "hz": 11833.21735289826
        },
        {
          "acoustic_entropy": 8.456068992614746,
          "acoustic_entropy_side": 8.456068992614746,
          "hz": 12943.144197493959
        },
        {
          "acoustic_entropy": 8.456068992614746,
          "acoustic_entropy_side": 8.456068992614746,
          "hz": 14151.364845322005
        },
        {
          "acoustic_entropy": 8.456068992614746,
          "acoustic_entropy_side": 8.456068992614746,
          "hz": 15466.58407886509
        },
        {
          "acoustic_entropy": 8.456068992614746,
          "acoustic_entropy_side": 8.456068992614746,
          "hz": 16898.27756580493
        },
        {
          "acoustic_entropy": 8.456068992614746,
          "acoustic_entropy_side": 8.456068992614746,
          "hz": 18456.760127700032
        },
        {
          "acoustic_entropy": 8.456068992614746,
          "acoustic_entropy_side": 8.456068992614746,
          "hz": 20153.260054456492
        },
        {
          "acoustic_entropy": 8.456068992614746,
          "acoustic_entropy_side": 8.456068992614746,
          "hz": 22000.00000000001
        }
      ],
      "diff_acoustic_entropy": 3.052896022796631,
      "sn": 6
    },
    {
      "acoustic_entropy": 11.054046630859375,
      "acoustic_entropy_mono": 11.20960807800293,
      "band_eliminated_acoustic_entropies": [
        {
          "acoustic_entropy": 11.336787223815918,
          "acoustic_entropy_side": 11.054046630859375,
          "hz": 129.47220167065723
        },
        {
          "acoustic_entropy": 10.601719856262207,
          "acoustic_entropy_side": 11.054601669311523,
          "hz": 202.92927478742237
        },
        {
          "acoustic_entropy": 11.189815521240234,
          "acoustic_entropy_side": 11.054598808288574,
          "hz": 282.89161906338205
        },
        {
          "acoustic_entropy": 10.91777515411377,
          "acoustic_entropy_side": 11.009121894836426,
          "hz": 369.9353335868758
        },
        {
          "acoustic_entropy": 11.77302074432373,
          "acoustic_entropy_side": 11.013076782226562,
          "hz": 464.6875360973435
        },
        {
          "acoustic_entropy": 11.974698066711426,
          "acoustic_entropy_side": 11.118191719055176,
          "hz": 567.8308811364784
        },
        {
          "acoustic_entropy": 10.820487976074219,
          "acoustic_entropy_side": 11.090259552001953,
          "hz": 680.1084783214808
        },
        {
          "acoustic_entropy": 11.197378158569336,
          "acoustic_entropy_side": 11.053585052490234,
          "hz": 802.3292461747484
        },
        {
          "acoustic_entropy": 11.412189483642578,
          "acoustic_entropy_side": 11.067215919494629,
          "hz": 935.3737400823702
        },
        {
          "acoustic_entropy": 11.77175521850586,
          "acoustic_entropy_side": 11.110427856445312,
          "hz": 1080.2004963696966
        },
        {
          "acoustic_entropy": 11.486727714538574,
          "acoustic_entropy_side": 11.09770393371582,
          "hz": 1237.8529382007157
        },
        {
          "acoustic_entropy": 11.794072151184082,
          "acoustic_entropy_side": 11.064594268798828,
          "hz": 1409.4668930556702
        },
        {
          "acoustic_entropy": 12.0791597366333,
          "acoustic_entropy_side": 11.046137809753418,
          "hz": 1596.2787759475705
        },
        {
          "acoustic_entropy": 11.48768138885498,
          "acoustic_entropy_side": 11.015280723571777,
          "hz": 1799.6344973346393
        },
        {
          "acoustic_entropy": 11.492457389831543,
          "acoustic_entropy_side": 11.04267692565918,
          "hz": 2020.9991599069049
        },
        {
          "acoustic_entropy": 11.995235443115234,
          "acoustic_entropy_side": 11.118429183959961,
          "hz": 2261.9676141086993
        },
        {
          "acoustic_entropy": 11.492450714111328,
          "acoustic_entropy_side": 11.223934173583984,
          "hz": 2524.2759484456974
        },
        {
          "acoustic_entropy": 11.646346092224121,
          "acoustic_entropy_side": 11.07956600189209,
          "hz": 2809.813997359896
        },
        {
          "acoustic_entropy": 11.472628593444824,
          "acoustic_entropy_side": 11.05074405670166,
          "hz": 3120.6389567871424
        },
        {
          "acoustic_entropy": 11.55908489227295,
          "acoustic_entropy_side": 11.050782203674316,
          "hz": 3458.990205492291
        },
        {
          "acoustic_entropy": 11.156237602233887,
          "acoustic_entropy_side": 11.054014205932617,
          "hz": 3827.305438964164
        },
        {
          "acoustic_entropy": 11.089529037475586,
          "acoustic_entropy_side": 11.053915023803711,
          "hz": 4228.238232109126
        },
        {
          "acoustic_entropy": 11.075478553771973,
          "acoustic_entropy_side": 11.054038047790527,
          "hz": 4664.6771572759235
        },
        {
          "acoustic_entropy": 11.053706169128418,
          "acoustic_entropy_side": 11.054046630859375,
          "hz": 5139.766595350093
        },
        {
          "acoustic_entropy": 11.053914070129395,
          "acoustic_entropy_side": 11.054046630859375,
          "hz": 5656.929389854203
        },
        {
          "acoustic_entropy": 11.054058074951172,
          "acoustic_entropy_side": 11.054046630859375,
          "hz": 6219.891507268283
        },
        {
          "acoustic_entropy": 11.054047584533691,
          "acoustic_entropy_side": 11.054046630859375,
          "hz": 6832.70888123896
        },
        {
          "acoustic_entropy": 11.054046630859375,
          "acoustic_entropy_side": 11.054046630859375,
          "hz": 7499.796634079867
        },
        {
          "acoustic_entropy": 11.054048538208008,
          "acoustic_entropy_side": 11.054046630859375,
          "hz": 8225.96088609342
        },
        {
          "acoustic_entropy": 11.05405330657959,
          "acoustic_entropy_side": 11.054046630859375,
          "hz": 9016.43338188839
        },
        {
          "acoustic_entropy": 11.054055213928223,
          "acoustic_entropy_side": 11.054046630859375,
          "hz": 9876.909183162974
        },
        {
          "acoustic_entropy": 11.05405044555664,
          "acoustic_entropy_side": 11.054046630859375,
          "hz": 10813.587699516042
        },
        {
          "acoustic_entropy": 11.054046630859375,
          "acoustic_entropy_side": 11.054046630859375,
          "hz": 11833.21735289826
        },
        {
          "acoustic_entropy": 11.054045677185059,
          "acoustic_entropy_side": 11.054046630859375,
          "hz": 12943.144197493959
        },
        {
          "acoustic_entropy": 11.054045677185059,
          "acoustic_entropy_side": 11.054046630859375,
          "hz": 14151.364845322005
        },
        {
          "acoustic_entropy": 11.054045677185059,
          "acoustic_entropy_side": 11.054046630859375,
          "hz": 15466.58407886509
        },
        {
          "acoustic_entropy": 11.054045677185059,
          "acoustic_entropy_side": 11.054046630859375,
          "hz": 16898.27756580493
        },
        {
          "acoustic_entropy": 11.054045677185059,
          "acoustic_entropy_side": 11.054046630859375,
          "hz": 18456.760127700032
        },
        {
          "acoustic_entropy": 11.054045677185059,
          "acoustic_entropy_side": 11.054046630859375,
          "hz": 20153.260054456492
        },
        {
          "acoustic_entropy": 11.054045677185059,
          "acoustic_entropy_side": 11.054046630859375,
          "hz": 22000.00000000001
        }
      ],
      "diff_acoustic_entropy": 4.169703960418701,
      "sn": 12
    },
    {
      "acoustic_entropy": 14.761494636535645,
      "acoustic_entropy_mono": 15.163772583007812,
      "band_eliminated_acoustic_entropies": [
        {
          "acoustic_entropy": 15.235428810119629,
          "acoustic_entropy_side": 14.75671672821045,
          "hz": 129.47220167065723
        },
        {
          "acoustic_entropy": 14.809188842773438,
          "acoustic_entropy_side": 14.759126663208008,
          "hz": 202.92927478742237
        },
        {
          "acoustic_entropy": 14.211848258972168,
          "acoustic_entropy_side": 14.847662925720215,
          "hz": 282.89161906338205
        },
        {
          "acoustic_entropy": 15.393312454223633,
          "acoustic_entropy_side": 15.16967487335205,
          "hz": 369.9353335868758
        },
        {
          "acoustic_entropy": 15.239168167114258,
          "acoustic_entropy_side": 14.94167423248291,
          "hz": 464.6875360973435
        },
        {
          "acoustic_entropy": 15.16876220703125,
          "acoustic_entropy_side": 14.787882804870605,
          "hz": 567.8308811364784
        },
        {
          "acoustic_entropy": 14.003084182739258,
          "acoustic_entropy_side": 14.802797317504883,
          "hz": 680.1084783214808
        },
        {
          "acoustic_entropy": 15.048971176147461,
          "acoustic_entropy_side": 14.938258171081543,
          "hz": 802.3292461747484
        },
        {
          "acoustic_entropy": 14.750961303710938,
          "acoustic_entropy_side": 15.029824256896973,
          "hz": 935.3737400823702
        },
        {
          "acoustic_entropy": 15.220170021057129,
          "acoustic_entropy_side": 15.154098510742188,
          "hz": 1080.2004963696966
        },
        {
          "acoustic_entropy": 15.393202781677246,
          "acoustic_entropy_side": 15.302428245544434,
          "hz": 1237.8529382007157
        },
        {
          "acoustic_entropy": 14.904351234436035,
          "acoustic_entropy_side": 15.161598205566406,
          "hz": 1409.4668930556702
        },
        {
          "acoustic_entropy": 15.049379348754883,
          "acoustic_entropy_side": 15.185157775878906,
          "hz": 1596.2787759475705
        },
        {
          "acoustic_entropy": 14.664698600769043,
          "acoustic_entropy_side": 14.923654556274414,
          "hz": 1799.6344973346393
        },
        {
          "acoustic_entropy": 14.804065704345703,
