{
  "acoustic_entropy": 201.43365478515625,
  "bands": [
    {
      "high_freq": 148.1999969482422,
      "loudness": -52.11497497558594,
      "loudness_range": 19.211673736572266,
      "mid_mean": -51.970645904541016,
      "mid_to_side_loudness": -0.309079647064209,
      "mid_to_side_loudness_range": 12.489160537719727,
      "side_mean": -52.26085662841797
    },
    {
      "high_freq": 392.3793640136719,
      "loudness": -39.6284294128418,
      "loudness_range": 16.618228912353516,
      "low_freq": 148.1999969482422,
      "mid_mean": -38.58346176147461,
      "mid_to_side_loudness": -1.4041531085968018,
      "mid_to_side_loudness_range": 9.228818893432617,
      "side_mean": -39.962486267089844
    },
    {
      "high_freq": 794.6976318359375,
      "loudness": -35.4573974609375,
      "loudness_range": 16.410741806030273,
      "low_freq": 392.3793640136719,
      "mid_mean": -34.496463775634766,
      "mid_to_side_loudness": -0.9541835188865662,
      "mid_to_side_loudness_range": 8.471267700195312,
      "side_mean": -35.54433059692383
    },
    {
      "high_freq": 1457.5709228515625,
      "loudness": -37.59939193725586,
      "loudness_range": 19.172414779663086,
      "low_freq": 794.6976318359375,
      "mid_mean": -36.74421691894531,
      "mid_to_side_loudness": -0.6495087742805481,
      "mid_to_side_loudness_range": 6.1834917068481445,
      "side_mean": -37.39609146118164
    },
    {
      "high_freq": 2549.74365234375,
      "loudness": -39.981048583984375,
      "loudness_range": 20.3220272064209,
      "low_freq": 1457.5709228515625,
      "mid_mean": -39.23825454711914,
      "mid_to_side_loudness": -0.46268099546432495,
      "mid_to_side_loudness_range": 4.7018632888793945,
      "side_mean": -39.53321838378906
    },
    {
      "high_freq": 4349.24462890625,
      "loudness": -46.766788482666016,
      "loudness_range": 20.469219207763672,
      "low_freq": 2549.74365234375,
      "mid_mean": -46.41026306152344,
      "mid_to_side_loudness": -0.4100456237792969,
      "mid_to_side_loudness_range": 2.68327260017395,
      "side_mean": -46.87685775756836
    },
    {
      "high_freq": 7314.1640625,
      "loudness": -59.76871871948242,
      "loudness_range": 27.400001525878906,
      "low_freq": 4349.24462890625,
      "mid_mean": -57.97945785522461,
      "mid_to_side_loudness": -0.08726277947425842,
      "mid_to_side_loudness_range": 2.2676260471343994,
      "side_mean": -58.05392837524414
    },
    {
      "high_freq": 12199.2666015625,
      "loudness": -70.74650573730469,
      "loudness_range": 19.579654693603516,
      "low_freq": 7314.1640625,
      "mid_mean": -65.90806579589844,
      "mid_to_side_loudness": -0.039916932582855225,
      "mid_to_side_loudness_range": 1.8908133506774902,
      "side_mean": -65.95563507080078
    },
    {
      "loudness": -78.35780334472656,
      "loudness_range": 6.6254730224609375,
      "low_freq": 12199.2666015625,
      "mid_mean": -69.17533874511719,
      "mid_to_side_loudness": 0.01813776046037674,
      "mid_to_side_loudness_range": 0.5802222490310669,
      "side_mean": -69.1775894165039
    }
  ],
  "bands_short": [
    {
      "high_freq": 148.1999969482422,
      "loudness": -54.7468376159668,
      "loudness_range": 22.6793212890625,
      "mid_mean": -54.63760757446289,
      "mid_to_side_loudness": -0.03808019682765007,
      "mid_to_side_loudness_range": 17.13875389099121,
      "side_mean": -54.68098831176758
    },
    {
      "high_freq": 392.3793640136719,
      "loudness": -40.1198616027832,
      "loudness_range": 17.009063720703125,
      "low_freq": 148.1999969482422,
      "mid_mean": -39.298648834228516,
      "mid_to_side_loudness": -1.3802729845046997,
      "mid_to_side_loudness_range": 12.732393264770508,
      "side_mean": -40.6880989074707
    },
    {
      "high_freq": 794.6976318359375,
      "loudness": -35.71194839477539,
      "loudness_range": 16.920698165893555,
      "low_freq": 392.3793640136719,
      "mid_mean": -34.9810905456543,
      "mid_to_side_loudness": -0.9336161017417908,
      "mid_to_side_loudness_range": 11.923120498657227,
      "side_mean": -35.963722229003906
    },
    {
      "high_freq": 1457.5709228515625,
      "loudness": -37.60664367675781,
      "loudness_range": 19.493820190429688,
      "low_freq": 794.6976318359375,
      "mid_mean": -36.96136474609375,
      "mid_to_side_loudness": -0.6398666501045227,
      "mid_to_side_loudness_range": 10.490845680236816,
      "side_mean": -37.612548828125
    },
    {
      "high_freq": 2549.74365234375,
      "loudness": -40.39487075805664,
      "loudness_range": 21.004364013671875,
      "low_freq": 1457.5709228515625,
      "mid_mean": -39.80836868286133,
      "mid_to_side_loudness": -0.4469711482524872,
      "mid_to_side_loudness_range": 8.199520111083984,
      "side_mean": -40.1118049621582
    },
    {
      "high_freq": 4349.24462890625,
      "loudness": -46.367549896240234,
      "loudness_range": 20.81787109375,
      "low_freq": 2549.74365234375,
      "mid_mean": -46.04058837890625,
      "mid_to_side_loudness": -0.4012971520423889,
      "mid_to_side_loudness_range": 5.762116432189941,
      "side_mean": -46.522220611572266
    },
    {
      "high_freq": 7314.1640625,
      "loudness": -59.828582763671875,
      "loudness_range": 27.377235412597656,
      "low_freq": 4349.24462890625,
      "mid_mean": -58.06625747680664,
      "mid_to_side_loudness": -0.07107473164796829,
      "mid_to_side_loudness_range": 4.231803894042969,
      "side_mean": -58.12835693359375
    },
    {
      "high_freq": 12199.2666015625,
      "loudness": -70.86979675292969,
      "loudness_range": 19.450016021728516,
      "low_freq": 7314.1640625,
      "mid_mean": -65.99327850341797,
      "mid_to_side_loudness": -0.03215876221656799,
      "mid_to_side_loudness_range": 3.264087677001953,
      "side_mean": -66.032470703125
    },
    {
      "loudness": -78.37944793701172,
      "loudness_range": 6.48748779296875,
      "low_freq": 12199.2666015625,
      "mid_mean": -69.18765258789062,
      "mid_to_side_loudness": 0.02167629264295101,
      "mid_to_side_loudness_range": 1.6508724689483643,
      "side_mean": -69.18875122070312
    }
  ],
  "bandwidth": 829.7781982421875,
  "channels": 2,
  "covariance": [
    [
      53.09976577758789,
      43.60104751586914,
      20.762571334838867,
      20.717636108398438,
      24.34363555908203,
      23.69066619873047,
      25.593013763427734,
      26.379043579101562,
      26.181324005126953,
      23.663005828857422,
      24.88756561279297,
      25.332897186279297,
      28.079763412475586,
      28.136463165283203,
      13.269890785217285,
      12.74470329284668,
      1.4379924535751343,
      1.4072729349136353
    ],
    [
      43.60104751586914,
      50.81502151489258,
      19.379133224487305,
      19.456018447875977,
      22.032886505126953,
      22.322952270507812,
      25.889049530029297,
      26.767562866210938,
      26.42152976989746,
      24.748971939086914,
      25.548625946044922,
      26.34931182861328,
      28.13188934326172,
      27.809356689453125,
      12.206473350524902,
      11.674717903137207,
      1.1749391555786133,
      1.152654767036438
    ],
    [
      20.762571334838867,
      19.379133224487305,
      36.37996292114258,
      30.217180252075195,
      25.097759246826172,
      24.595802307128906,
      24.777538299560547,
      25.491329193115234,
      25.172658920288086,
      22.588396072387695,
      24.759737014770508,
      25.02025032043457,
      25.19794273376465,
      25.477283477783203,
      13.241829872131348,
      12.993475914001465,
      1.7874422073364258,
      1.7348848581314087
    ],
    [
      20.717636108398438,
      19.456018447875977,
      30.217180252075195,
      34.95165252685547,
      24.835813522338867,
      24.609596252441406,
      26.129688262939453,
      26.531841278076172,
      24.487825393676758,
      23.041034698486328,
      25.396760940551758,
      25.772886276245117,
      24.623071670532227,
      24.78899574279785,
      12.877910614013672,
      12.623010635375977,
      1.9204471111297607,
      1.8669421672821045
    ],
    [
      24.34363555908203,
      22.032886505126953,
      25.097759246826172,
      24.835813522338867,
      39.377716064453125,
      32.96649169921875,
      31.30571937561035,
      31.61991310119629,
      34.578834533691406,
      32.492088317871094,
      35.86110305786133,
      35.60515213012695,
      31.610563278198242,
      31.757658004760742,
      16.920515060424805,
      16.373449325561523,
      2.329902172088623,
      2.271294116973877
    ],
    [
      23.69066619873047,
      22.322952270507812,
      24.595802307128906,
      24.609596252441406,
      32.96649169921875,
      36.75592041015625,
      31.32965660095215,
      31.916976928710938,
      34.45541000366211,
      33.043540954589844,
      36.18740463256836,
      36.43435287475586,
      31.779468536376953,
      31.73482894897461,
      16.638051986694336,
      15.943036079406738,
      2.3729002475738525,
      2.310624122619629
    ],
    [
      25.593013763427734,
      25.889049530029297,
      24.777538299560547,
      26.129688262939453,
      31.30571937561035,
      31.32965660095215,
      45.66294479370117,
      43.6208381652832,
      38.38291931152344,
      36.87933349609375,
      38.88790512084961,
      38.80130386352539,
      36.77146911621094,
      36.57941818237305,
      19.408523559570312,
      18.597150802612305,
      2.665562391281128,
      2.592103958129883
    ],
    [
      26.379043579101562,
      26.767562866210938,
      25.491329193115234,
      26.531841278076172,
      31.61991310119629,
      31.916976928710938,
      43.6208381652832,
      47.37950134277344,
      38.493568420410156,
      37.08070373535156,
      39.265716552734375,
      39.09476089477539,
      37.41548156738281,
      37.07979202270508,
      19.5582275390625,
      18.667573928833008,
      2.635485887527466,
      2.559920310974121
    ],
    [
      26.181324005126953,
      26.42152976989746,
      25.172658920288086,
      24.487825393676758,
      34.578834533691406,
      34.45541000366211,
      38.38291931152344,
      38.493568420410156,
      57.03253173828125,
      51.76356506347656,
      49.70367431640625,
      49.73517990112305,
      46.42216873168945,
      46.38570022583008,
      24.92415428161621,
      24.071866989135742,
      3.4901885986328125,
      3.3896591663360596
    ],
    [
      23.663005828857422,
      24.748971939086914,
      22.588396072387695,
      23.041034698486328,
      32.492088317871094,
      33.043540954589844,
      36.87933349609375,
      37.08070373535156,
      51.76356506347656,
      53.713443756103516,
      48.815032958984375,
      48.851722717285156,
      44.37572479248047,
      44.036537170410156,
      24.23975944519043,
      23.257678985595703,
      3.5305209159851074,
      3.4293980598449707
    ],
    [
      24.88756561279297,
      25.548625946044922,
      24.759737014770508,
      25.396760940551758,
      35.86110305786133,
      36.18740463256836,
      38.88790512084961,
      39.265716552734375,
      49.70367431640625,
      48.815032958984375,
      61.417510986328125,
      60.81509017944336,
      51.14677047729492,
      51.24150085449219,
      28.250572204589844,
      27.236764907836914,
      3.97540283203125,
      3.8651342391967773
    ],
    [
      25.332897186279297,
      26.34931182861328,
      25.02025032043457,
      25.772886276245117,
      35.60515213012695,
      36.43435287475586,
      38.80130386352539,
      39.09476089477539,
      49.73517990112305,
      48.851722717285156,
      60.81509017944336,
      63.10520935058594,
      51.7865104675293,
      51.800086975097656,
      28.242904663085938,
      27.156068801879883,
      3.9741406440734863,
      3.863016128540039
    ],
    [
      28.079763412475586,
      28.13188934326172,
      25.19794273376465,
      24.623071670532227,
      31.610563278198242,
      31.779468536376953,
      36.77146911621094,
      37.41548156738281,
      46.42216873168945,
      44.37572479248047,
      51.14677047729492,
      51.7865104675293,
      52.498287200927734,
      52.167808532714844,
      28.011035919189453,
      27.01127815246582,
      4.00394868850708,
      3.8949997425079346
    ],
    [
      28.136463165283203,
      27.809356689453125,
      25.477283477783203,
      24.78899574279785,
      31.757658004760742,
      31.73482894897461,
      36.57941818237305,
      37.07979202270508,
      46.38570022583008,
      44.036537170410156,
      51.24150085449219,
      51.800086975097656,
      52.167808532714844,
      52.47148513793945,
      28.23301887512207,
      27.30138397216797,
      4.034714698791504,
      3.925755739212036
    ],
    [
      13.269890785217285,
      12.206473350524902,
      13.241829872131348,
      12.877910614013672,
      16.920515060424805,
      16.638051986694336,
      19.408523559570312,
      19.5582275390625,
      24.92415428161621,
      24.23975944519043,
      28.250572204589844,
      28.242904663085938,
      28.011035919189453,
      28.23301887512207,
      19.17078971862793,
      18.398340225219727,
      3.3931491374969482,
      3.2936694622039795
    ],
    [
      12.74470329284668,
      11.674717903137207,
      12.993475914001465,
      12.623010635375977,
      16.373449325561523,
      15.943036079406738,
      18.597150802612305,
      18.667573928833008,
      24.071866989135742,
      23.257678985595703,
      27.236764907836914,
      27.156068801879883,
      27.01127815246582,
      27.30138397216797,
      18.398340225219727,
      17.84522819519043,
      3.215379476547241,
      3.123544692993164
    ],
    [
      1.4379924535751343,
      1.1749391555786133,
      1.7874422073364258,
      1.9204471111297607,
      2.329902172088623,
      2.3729002475738525,
      2.665562391281128,
      2.635485887527466,
      3.4901885986328125,
      3.5305209159851074,
      3.97540283203125,
      3.9741406440734863,
      4.00394868850708,
      4.034714698791504,
      3.3931491374969482,
      3.215379476547241,
      1.011264681816101,
      0.9829913973808289
    ],
    [
      1.4072729349136353,
      1.152654767036438,
      1.7348848581314087,
      1.8669421672821045,
      2.271294116973877,
      2.310624122619629,
      2.592103958129883,
      2.559920310974121,
      3.3896591663360596,
      3.4293980598449707,
      3.8651342391967773,
      3.863016128540039,
      3.8949997425079346,
      3.925755739212036,
      3.2936694622039795,
      3.123544692993164,
      0.9829913973808289,
      0.9596573114395142
    ]
  ],
  "covariance_short": [
    [
      61.22527313232422,
      45.84429931640625,
      21.563919067382812,
      20.535476684570312,
      22.158153533935547,
      21.57591438293457,
      22.932992935180664,
      23.717992782592773,
      23.646665573120117,
      21.577693939208984,
      21.51262855529785,
      22.037376403808594,
      25.11063003540039,
      25.246742248535156,
      12.173026084899902,
      11.858323097229004,
      1.394654631614685,
      1.3670501708984375
    ],
    [
      45.84429931640625,
      59.27645492553711,
      19.58643913269043,
      19.388916015625,
      19.54336929321289,
      19.392255783081055,
      22.482133865356445,
      23.357707977294922,
      23.493160247802734,
      22.224916458129883,
      22.179080963134766,
      23.197200775146484,
      25.022275924682617,
      24.808673858642578,
      10.960013389587402,
      10.588788032531738,
      1.111033320426941,
      1.0906305313110352
    ],
    [
      21.563919067382812,
      19.58643913269043,
      41.35961151123047,
      30.110515594482422,
      26.14617347717285,
      25.70671272277832,
      25.989299774169922,
      26.212629318237305,
      26.370235443115234,
      24.519804000854492,
      25.153200149536133,
      25.392845153808594,
      25.49830436706543,
      25.708398818969727,
      12.638967514038086,
      12.442547798156738,
      1.5777579545974731,
      1.5388541221618652
    ],
    [
      20.535476684570312,
      19.388916015625,
      30.110515594482422,
      38.74760055541992,
      24.869630813598633,
      25.245540618896484,
      26.158079147338867,
      26.20576286315918,
      25.164262771606445,
      24.14609146118164,
      25.121458053588867,
      25.56273078918457,
      24.516746520996094,
      24.573741912841797,
      12.194839477539062,
      12.002213478088379,
      1.7038536071777344,
      1.6634210348129272
    ],
    [
      22.158153533935547,
      19.54336929321289,
      26.14617347717285,
      24.869630813598633,
      42.07029342651367,
      31.593019485473633,
      30.009126663208008,
      30.05072593688965,
      32.755889892578125,
      30.80466079711914,
      32.88528823852539,
      32.73716735839844,
      30.0423526763916,
      30.18398666381836,
      15.77983283996582,
      15.339666366577148,
      2.1004321575164795,
      2.0513150691986084
    ],
    [
      21.57591438293457,
      19.392255783081055,
      25.70671272277832,
      25.245540618896484,
      31.593019485473633,
      39.17595291137695,
      30.7421932220459,
      30.97333526611328,
      32.83096694946289,
      31.47998809814453,
      33.20248794555664,
      33.35000228881836,
      29.950069427490234,
      29.941591262817383,
      15.29190731048584,
      14.732723236083984,
      2.1091196537017822,
      2.060279130935669
    ],
    [
      22.932992935180664,
      22.482133865356445,
      25.989299774169922,
      26.158079147338867,
      30.009126663208008,
      30.7421932220459,
      48.60231018066406,
      41.387081146240234,
      38.401119232177734,
      36.937171936035156,
      37.311302185058594,
      37.3840446472168,
      35.79088592529297,
      35.674930572509766,
      18.63141632080078,
      17.94206428527832,
      2.53845477104187,
      2.4741532802581787
    ],
    [
      23.717992782592773,
      23.357707977294922,
      26.212629318237305,
      26.20576286315918,
      30.05072593688965,
      30.97333526611328,
      41.387081146240234,
      49.672271728515625,
      38.68947982788086,
      37.5184440612793,
      37.842655181884766,
      38.01146697998047,
      36.45372009277344,
      36.17240905761719,
      18.831924438476562,
      18.072872161865234,
      2.5299673080444336,
      2.46732497215271
    ],
    [
      23.646665573120117,
      23.493160247802734,
      26.370235443115234,
      25.164262771606445,
      32.755889892578125,
      32.83096694946289,
      38.401119232177734,
      38.68947982788086,
      59.78636932373047,
      51.88460159301758,
      48.727169036865234,
      48.96105194091797,
      46.01533889770508,
      45.99750518798828,
      24.11008071899414,
      23.394994735717773,
      3.2677531242370605,
      3.178879976272583
    ],
    [
      21.577693939208984,
      22.224916458129883,
      24.519804000854492,
      24.14609146118164,
      30.80466079711914,
      31.47998809814453,
      36.937171936035156,
      37.5184440612793,
      51.88460159301758,
      57.288848876953125,
      47.95365905761719,
      48.45643997192383,
      44.32755661010742,
      44.01274490356445,
      23.503725051879883,
      22.678442001342773,
      3.293708562850952,
      3.2053608894348145
    ],
    [
      21.51262855529785,
      22.179080963134766,
      25.153200149536133,
      25.121458053588867,
      32.88528823852539,
      33.20248794555664,
      37.311302185058594,
      37.842655181884766,
      48.727169036865234,
      47.95365905761719,
      62.53050231933594,
      60.21737289428711,
      50.05024337768555,
      49.9964714050293,
      26.989059448242188,
      26.07823371887207,
      3.7430403232574463,
      3.6472699642181396
    ],
    [
      22.037376403808594,
      23.197200775146484,
      25.392845153808594,
      25.56273078918457,
      32.73716735839844,
      33.35000228881836,
      37.3840446472168,
      38.01146697998047,
      48.96105194091797,
      48.45643997192383,
      60.21737289428711,
      64.6924057006836,
      50.83221435546875,
      50.72536849975586,
      26.960365295410156,
      25.97744369506836,
      3.711757183074951,
      3.615471124649048
    ],
    [
      25.11063003540039,
      25.022275924682617,
      25.49830436706543,
      24.516746520996094,
      30.0423526763916,
      29.950069427490234,
      35.79088592529297,
      36.45372009277344,
      46.01533889770508,
      44.32755661010742,
      50.05024337768555,
      50.83221435546875,
      52.893798828125,
      51.881134033203125,
      27.206022262573242,
      26.32799530029297,
      3.792921781539917,
      3.6966168880462646
    ],
    [
      25.246742248535156,
      24.808673858642578,
      25.708398818969727,
      24.573741912841797,
      30.18398666381836,
      29.941591262817383,
      35.674930572509766,
      36.17240905761719,
      45.99750518798828,
      44.01274490356445,
      49.9964714050293,
      50.72536849975586,
      51.881134033203125,
      52.78364562988281,
      27.40000343322754,
      26.586313247680664,
      3.8122875690460205,
      3.7176783084869385
    ],
    [
      12.173026084899902,
      10.960013389587402,
      12.638967514038086,
      12.194839477539062,
      15.77983283996582,
      15.29190731048584,
      18.63141632080078,
      18.831924438476562,
      24.11008071899414,
      23.503725051879883,
      26.989059448242188,
      26.960365295410156,
      27.206022262573242,
      27.40000343322754,
      18.496511459350586,
      17.627809524536133,
      3.1814959049224854,
      3.090967893600464
    ],
    [
      11.858323097229004,
      10.588788032531738,
      12.442547798156738,
      12.002213478088379,
      15.339666366577148,
      14.732723236083984,
      17.94206428527832,
      18.072872161865234,
      23.394994735717773,
      22.678442001342773,
      26.07823371887207,
      25.97744369506836,
      26.32799530029297,
      26.586313247680664,
      17.627809524536133,
      17.366090774536133,
      3.029094934463501,
      2.9453160762786865
    ],
    [
      1.394654631614685,
      1.111033320426941,
      1.5777579545974731,
      1.7038536071777344,
      2.1004321575164795,
      2.1091196537017822,
      2.53845477104187,
      2.5299673080444336,
      3.2677531242370605,
      3.293708562850952,
      3.7430403232574463,
      3.711757183074951,
      3.792921781539917,
      3.8122875690460205,
      3.1814959049224854,
      3.029094934463501,
      0.9921602010726929,
      0.9564892649650574
    ],
    [
      1.3670501708984375,
      1.0906305313110352,
      1.5388541221618652,
      1.6634210348129272,
      2.0513150691986084,
      2.060279130935669,
      2.4741532802581787,
      2.46732497215271,
      3.178879976272583,
      3.2053608894348145,
      3.6472699642181396,
      3.615471124649048,
      3.6966168880462646,
      3.7176783084869385,
      3.090967893600464,
      2.9453160762786865,
      0.9564892649650574,
      0.9417515993118286
    ]
  ],
  "damage": -19.46044158935547,
  "diff_bandwidth": 861.303466796875,
  "dissonance": 6.343667875287481,
  "drr": 1.652753472328186,
  "dynamics": 4.975382328033447,
  "format": 1245190,
  "frames": 17801152,
  "loudness": -27.041908264160156,
  "loudness_range": 16.53536605834961,
  "loudness_range_short": 16.828903198242188,
  "lowpass_true_peak_15khz": -3.107801675796509,
  "mastering3_acoustic_entropies": [
    {
      "acoustic_entropy": 6.374008655548096,
      "acoustic_entropy_mono": 6.190709114074707,
      "band_eliminated_acoustic_entropies": [
        {
          "acoustic_entropy": 6.374016284942627,
          "acoustic_entropy_side": 6.37401008605957,
          "hz": 129.47220167065723
        },
        {
          "acoustic_entropy": 6.377789497375488,
          "acoustic_entropy_side": 6.37686014175415,
          "hz": 202.92927478742237
        },
        {
          "acoustic_entropy": 6.404885768890381,
          "acoustic_entropy_side": 6.3940558433532715,
          "hz": 282.89161906338205
        },
        {
          "acoustic_entropy": 6.158287525177002,
          "acoustic_entropy_side": 6.507214069366455,
          "hz": 369.9353335868758
        },
        {
          "acoustic_entropy": 5.867880344390869,
          "acoustic_entropy_side": 6.33612060546875,
          "hz": 464.6875360973435
        },
        {
          "acoustic_entropy": 5.87899112701416,
          "acoustic_entropy_side": 6.261651992797852,
          "hz": 567.8308811364784
        },
        {
          "acoustic_entropy": 6.3648176193237305,
          "acoustic_entropy_side": 6.2817463874816895,
          "hz": 680.1084783214808
        },
        {
          "acoustic_entropy": 6.442627429962158,
          "acoustic_entropy_side": 6.3964619636535645,
          "hz": 802.3292461747484
        },
        {
          "acoustic_entropy": 6.084428310394287,
          "acoustic_entropy_side": 6.482851982116699,
          "hz": 935.3737400823702
        },
        {
          "acoustic_entropy": 6.162407398223877,
          "acoustic_entropy_side": 6.332398891448975,
          "hz": 1080.2004963696966
        },
        {
          "acoustic_entropy": 6.66792631149292,
          "acoustic_entropy_side": 6.9896016120910645,
          "hz": 1237.8529382007157
        },
        {
          "acoustic_entropy": 6.251881122589111,
          "acoustic_entropy_side": 6.2608962059021,
          "hz": 1409.4668930556702
        },
        {
          "acoustic_entropy": 5.917364120483398,
          "acoustic_entropy_side": 6.704382419586182,
          "hz": 1596.2787759475705
        },
        {
          "acoustic_entropy": 6.204692840576172,
          "acoustic_entropy_side": 6.548244953155518,
          "hz": 1799.6344973346393
        },
        {
          "acoustic_entropy": 6.9578986167907715,
          "acoustic_entropy_side": 6.870119571685791,
          "hz": 2020.9991599069049
        },
        {
          "acoustic_entropy": 6.1206889152526855,
          "acoustic_entropy_side": 6.4222588539123535,
          "hz": 2261.9676141086993
        },
        {
          "acoustic_entropy": 6.544200897216797,
          "acoustic_entropy_side": 6.181500434875488,
          "hz": 2524.2759484456974
        },
        {
          "acoustic_entropy": 6.394724369049072,
          "acoustic_entropy_side": 6.379289627075195,
          "hz": 2809.813997359896
        },
        {
          "acoustic_entropy": 6.294316291809082,
          "acoustic_entropy_side": 6.360092639923096,
          "hz": 3120.6389567871424
        },
        {
          "acoustic_entropy": 6.113707065582275,
          "acoustic_entropy_side": 6.268404960632324,
          "hz": 3458.990205492291
        },
        {
          "acoustic_entropy": 6.492301940917969,
          "acoustic_entropy_side": 6.454554080963135,
          "hz": 3827.305438964164
        },
        {
          "acoustic_entropy": 6.369251728057861,
          "acoustic_entropy_side": 6.385619640350342,
          "hz": 4228.238232109126
        },
        {
          "acoustic_entropy": 6.364442825317383,
          "acoustic_entropy_side": 6.3821120262146,
          "hz": 4664.6771572759235
        },
        {
          "acoustic_entropy": 6.4171319007873535,
          "acoustic_entropy_side": 6.4024434089660645,
          "hz": 5139.766595350093
        },
        {
          "acoustic_entropy": 6.409131050109863,
          "acoustic_entropy_side": 6.395134925842285,
          "hz": 5656.929389854203
        },
        {
          "acoustic_entropy": 6.384791851043701,
          "acoustic_entropy_side": 6.38015079498291,
          "hz": 6219.891507268283
        },
        {
          "acoustic_entropy": 6.411066055297852,
          "acoustic_entropy_side": 6.393071174621582,
          "hz": 6832.70888123896
        },
        {
          "acoustic_entropy": 6.3891801834106445,
          "acoustic_entropy_side": 6.381242275238037,
          "hz": 7499.796634079867
        },
        {
          "acoustic_entropy": 6.381200790405273,
          "acoustic_entropy_side": 6.377039432525635,
          "hz": 8225.96088609342
        },
        {
          "acoustic_entropy": 6.379210948944092,
          "acoustic_entropy_side": 6.376131534576416,
          "hz": 9016.43338188839
        },
        {
          "acoustic_entropy": 6.375068187713623,
          "acoustic_entropy_side": 6.374422550201416,
          "hz": 9876.909183162974
        },
        {
          "acoustic_entropy": 6.374782085418701,
          "acoustic_entropy_side": 6.374325752258301,
          "hz": 10813.587699516042
        },
        {
          "acoustic_entropy": 6.374185562133789,
          "acoustic_entropy_side": 6.374080181121826,
          "hz": 11833.21735289826
        },
        {
          "acoustic_entropy": 6.374069690704346,
          "acoustic_entropy_side": 6.374033451080322,
          "hz": 12943.144197493959
        },
        {
          "acoustic_entropy": 6.374034881591797,
          "acoustic_entropy_side": 6.374020099639893,
          "hz": 14151.364845322005
        },
        {
          "acoustic_entropy": 6.374013900756836,
          "acoustic_entropy_side": 6.374011516571045,
          "hz": 15466.58407886509
        },
        {
          "acoustic_entropy": 6.374009609222412,
          "acoustic_entropy_side": 6.374009132385254,
          "hz": 16898.27756580493
        },
        {
          "acoustic_entropy": 6.374008655548096,
          "acoustic_entropy_side": 6.374008655548096,
          "hz": 18456.760127700032
        },
        {
          "acoustic_entropy": 6.374008655548096,
          "acoustic_entropy_side": 6.374008655548096,
          "hz": 20153.260054456492
        },
        {
          "acoustic_entropy": 6.374008655548096,
          "acoustic_entropy_side": 6.374008655548096,
          "hz": 22000.00000000001
        }
      ],
      "diff_acoustic_entropy": 0.9094187021255493,
      "sn": 6
    },
    {
      "acoustic_entropy": 10.128763198852539,
      "acoustic_entropy_mono": 10.0150728225708,
      "band_eliminated_acoustic_entropies": [
        {
          "acoustic_entropy": 10.137004852294922,
          "acoustic_entropy_side": 10.132826805114746,
          "hz": 129.47220167065723
        },
        {
          "acoustic_entropy": 10.235356330871582,
          "acoustic_entropy_side": 10.226164817810059,
          "hz": 202.92927478742237
        },
        {
          "acoustic_entropy": 10.034202575683594,
          "acoustic_entropy_side": 10.254837989807129,
          "hz": 282.89161906338205
        },
        {
          "acoustic_entropy": 9.384679794311523,
          "acoustic_entropy_side": 10.338075637817383,
          "hz": 369.9353335868758
        },
        {
          "acoustic_entropy": 9.261175155639648,
          "acoustic_entropy_side": 9.892500877380371,
          "hz": 464.6875360973435
        },
        {
          "acoustic_entropy": 9.190269470214844,
          "acoustic_entropy_side": 10.176066398620605,
          "hz": 567.8308811364784
        },
        {
          "acoustic_entropy": 9.867588996887207,
          "acoustic_entropy_side": 10.314943313598633,
          "hz": 680.1084783214808
        },
        {
          "acoustic_entropy": 9.65290355682373,
          "acoustic_entropy_side": 9.978082656860352,
          "hz": 802.3292461747484
        },
        {
          "acoustic_entropy": 9.654702186584473,
          "acoustic_entropy_side": 10.343979835510254,
          "hz": 935.3737400823702
        },
        {
          "acoustic_entropy": 10.302960395812988,
          "acoustic_entropy_side": 10.565608024597168,
          "hz": 1080.2004963696966
        },
        {
          "acoustic_entropy": 10.386444091796875,
          "acoustic_entropy_side": 11.45041561126709,
          "hz": 1237.8529382007157
        },
        {
          "acoustic_entropy": 10.74824333190918,
          "acoustic_entropy_side": 10.807881355285645,
          "hz": 1409.4668930556702
        },
        {
          "acoustic_entropy": 10.03009033203125,
          "acoustic_entropy_side": 11.21546459197998,
          "hz": 1596.2787759475705
        },
        {
          "acoustic_entropy": 10.121966361999512,
          "acoustic_entropy_side": 10.359796524047852,
          "hz": 1799.6344973346393
        },
        {
          "acoustic_entropy": 11.069356918334961,
          "acoustic_entropy_side": 10.955320358276367,
          "hz": 2020.9991599069049
        },
        {
          "acoustic_entropy": 10.719555854797363,
          "acoustic_entropy_side": 10.669584274291992,
          "hz": 2261.9676141086993
        },
        {
          "acoustic_entropy": 9.974992752075195,
          "acoustic_entropy_side": 10.02643871307373,
          "hz": 2524.2759484456974
        },
        {
          "acoustic_entropy": 10.07085132598877,
          "acoustic_entropy_side": 10.065710067749023,
          "hz": 2809.813997359896
        },
        {
          "acoustic_entropy": 10.125900268554688,
          "acoustic_entropy_side": 10.197943687438965,
          "hz": 3120.6389567871424
        },
        {
          "acoustic_entropy": 10.542986869812012,
          "acoustic_entropy_side": 10.367316246032715,
          "hz": 3458.990205492291
        },
        {
          "acoustic_entropy": 10.054991722106934,
          "acoustic_entropy_side": 10.116071701049805,
          "hz": 3827.305438964164
        },
        {
          "acoustic_entropy": 10.010602951049805,
          "acoustic_entropy_side": 10.083026885986328,
          "hz": 4228.238232109126
        },
        {
          "acoustic_entropy": 10.15095329284668,
          "acoustic_entropy_side": 10.150782585144043,
          "hz": 4664.6771572759235
        },
        {
          "acoustic_entropy": 9.94939136505127,
          "acoustic_entropy_side": 10.034086227416992,
          "hz": 5139.766595350093
        },
        {
          "acoustic_entropy": 9.987457275390625,
          "acoustic_entropy_side": 10.054726600646973,
          "hz": 5656.929389854203
        },
        {
          "acoustic_entropy": 10.030116081237793,
          "acoustic_entropy_side": 10.074875831604004,
          "hz": 6219.891507268283
        },
        {
          "acoustic_entropy": 9.940457344055176,
          "acoustic_entropy_side": 10.043235778808594,
          "hz": 6832.70888123896
        },
        {
          "acoustic_entropy": 10.024555206298828,
          "acoustic_entropy_side": 10.07654857635498,
          "hz": 7499.796634079867
        },
        {
          "acoustic_entropy": 10.069790840148926,
          "acoustic_entropy_side": 10.102264404296875,
          "hz": 8225.96088609342
        },
        {
          "acoustic_entropy": 10.090434074401855,
          "acoustic_entropy_side": 10.11323070526123,
          "hz": 9016.43338188839
        },
        {
          "acoustic_entropy": 10.118097305297852,
          "acoustic_entropy_side": 10.124500274658203,
          "hz": 9876.909183162974
        },
        {
          "acoustic_entropy": 10.121171951293945,
          "acoustic_entropy_side": 10.125614166259766,
          "hz": 10813.587699516042
        },
        {
          "acoustic_entropy": 10.126570701599121,
          "acoustic_entropy_side": 10.127860069274902,
          "hz": 11833.21735289826
        },
        {
          "acoustic_entropy": 10.127852439880371,
          "acoustic_entropy_side": 10.128379821777344,
          "hz": 12943.144197493959
        },
        {
          "acoustic_entropy": 10.128375053405762,
          "acoustic_entropy_side": 10.128576278686523,
          "hz": 14151.364845322005
        },
        {
          "acoustic_entropy": 10.128671646118164,
          "acoustic_entropy_side": 10.1287202835083,
          "hz": 15466.58407886509
        },
        {
          "acoustic_entropy": 10.128743171691895,
          "acoustic_entropy_side": 10.128753662109375,
          "hz": 16898.27756580493
        },
        {
          "acoustic_entropy": 10.128758430480957,
          "acoustic_entropy_side": 10.128762245178223,
          "hz": 18456.760127700032
        },
        {
          "acoustic_entropy": 10.128763198852539,
          "acoustic_entropy_side": 10.128763198852539,
          "hz": 20153.260054456492
        },
        {
          "acoustic_entropy": 10.128763198852539,
          "acoustic_entropy_side": 10.128763198852539,
          "hz": 22000.00000000001
        }
      ],
      "diff_acoustic_entropy": 2.5645575523376465,
      "sn": 12
    },
    {
      "acoustic_entropy": 16.393970489501953,
      "acoustic_entropy_mono": 14.808953285217285,
      "band_eliminated_acoustic_entropies": [
        {
          "acoustic_entropy": 16.37863540649414,
          "acoustic_entropy_side": 16.339820861816406,
          "hz": 129.47220167065723
        },
        {
          "acoustic_entropy": 16.008106231689453,
          "acoustic_entropy_side": 16.879470825195312,
          "hz": 202.92927478742237
        },
        {
          "acoustic_entropy": 17.175941467285156,
          "acoustic_entropy_side": 16.692285537719727,
          "hz": 282.89161906338205
        },
        {
          "acoustic_entropy": 16.03380012512207,
          "acoustic_entropy_side": 16.3054256439209,
          "hz": 369.9353335868758
        },
        {
          "acoustic_entropy": 15.520553588867188,
          "acoustic_entropy_side": 15.875964164733887,
          "hz": 464.6875360973435
        },
        {
          "acoustic_entropy": 15.502639770507812,
          "acoustic_entropy_side": 16.775447845458984,
          "hz": 567.8308811364784
        },
        {
          "acoustic_entropy": 15.42578411102295,
          "acoustic_entropy_side": 16.186847686767578,
          "hz": 680.1084783214808
        },
        {
          "acoustic_entropy": 16.412311553955078,
          "acoustic_entropy_side": 16.807783126831055,
          "hz": 802.3292461747484
        },
        {
          "acoustic_entropy": 15.280133247375488,
          "acoustic_entropy_side": 16.014484405517578,
          "hz": 935.3737400823702
        },
        {
          "acoustic_entropy": 16.496797561645508,
          "acoustic_entropy_side": 16.241090774536133,
          "hz": 1080.2004963696966
        },
        {
          "acoustic_entropy": 15.614706039428711,
          "acoustic_entropy_side": 16.748455047607422,
          "hz": 1237.8529382007157
        },
        {
          "acoustic_entropy": 16.284313201904297,
          "acoustic_entropy_side": 16.71843910217285,
          "hz": 1409.4668930556702
        },
        {
          "acoustic_entropy": 16.227092742919922,
          "acoustic_entropy_side": 17.401138305664062,
          "hz": 1596.2787759475705
        },
        {
          "acoustic_entropy": 15.293025016784668,
          "acoustic_entropy_side": 16.919384002685547,
          "hz": 1799.6344973346393
        },
        {
          "acoustic_entropy": 17.015453338623047,
          "acoustic_entropy_side": 17.02492332458496,
          "hz": 2020.9991599069049
        },
        {
          "acoustic_entropy": 15.42018985748291,
          "acoustic_entropy_side": 15.971117973327637,
          "hz": 2261.9676141086993
        },
        {
          "acoustic_entropy": 15.681951522827148,
          "acoustic_entropy_side": 15.916059494018555,
          "hz": 2524.2759484456974
        },
        {
          "acoustic_entropy": 16.716976165771484,
          "acoustic_entropy_side": 16.807559967041016,
          "hz": 2809.813997359896
        },
        {
          "acoustic_entropy": 15.584015846252441,
