{
  "acoustic_entropy": 227.3754425048828,
  "bands": [
    {
      "high_freq": 148.1999969482422,
      "loudness": -22.30791664123535,
      "loudness_range": 10.503557205200195,
      "mid_mean": -19.28114128112793,
      "mid_to_side_loudness": -11.675959587097168,
      "mid_to_side_loudness_range": 18.867450714111328,
      "side_mean": -31.95625877380371
    },
    {
      "high_freq": 392.3793640136719,
      "loudness": -21.76045799255371,
      "loudness_range": 9.866239547729492,
      "low_freq": 148.1999969482422,
      "mid_mean": -19.147119522094727,
      "mid_to_side_loudness": -6.919821739196777,
      "mid_to_side_loudness_range": 12.068822860717773,
      "side_mean": -26.274831771850586
    },
    {
      "high_freq": 794.6976318359375,
      "loudness": -21.476726531982422,
      "loudness_range": 9.976560592651367,
      "low_freq": 392.3793640136719,
      "mid_mean": -18.62588119506836,
      "mid_to_side_loudness": -8.03024673461914,
      "mid_to_side_loudness_range": 11.971504211425781,
      "side_mean": -26.75975227355957
    },
    {
      "high_freq": 1457.5709228515625,
      "loudness": -18.61680793762207,
      "loudness_range": 14.703583717346191,
      "low_freq": 794.6976318359375,
      "mid_mean": -15.599203109741211,
      "mid_to_side_loudness": -9.761184692382812,
      "mid_to_side_loudness_range": 14.59334659576416,
      "side_mean": -25.575273513793945
    },
    {
      "high_freq": 2549.74365234375,
      "loudness": -19.58217430114746,
      "loudness_range": 15.39901351928711,
      "low_freq": 1457.5709228515625,
      "mid_mean": -16.575889587402344,
      "mid_to_side_loudness": -9.30579662322998,
      "mid_to_side_loudness_range": 13.25244426727295,
      "side_mean": -26.16089630126953
    },
    {
      "high_freq": 4349.24462890625,
      "loudness": -20.69478988647461,
      "loudness_range": 14.954293251037598,
      "low_freq": 2549.74365234375,
      "mid_mean": -17.641733169555664,
      "mid_to_side_loudness": -9.199831008911133,
      "mid_to_side_loudness_range": 10.461134910583496,
      "side_mean": -26.96353530883789
    },
    {
      "high_freq": 7314.1640625,
      "loudness": -23.197219848632812,
      "loudness_range": 19.088577270507812,
      "low_freq": 4349.24462890625,
      "mid_mean": -20.38985824584961,
      "mid_to_side_loudness": -8.064663887023926,
      "mid_to_side_loudness_range": 8.766557693481445,
      "side_mean": -27.961353302001953
    },
    {
      "high_freq": 12199.2666015625,
      "loudness": -26.64813995361328,
      "loudness_range": 20.841835021972656,
      "low_freq": 7314.1640625,
      "mid_mean": -24.02725601196289,
      "mid_to_side_loudness": -7.234855651855469,
      "mid_to_side_loudness_range": 11.36301326751709,
      "side_mean": -30.884157180786133
    },
    {
      "loudness": -36.182491302490234,
      "loudness_range": 20.51265525817871,
      "low_freq": 12199.2666015625,
      "mid_mean": -33.78778076171875,
      "mid_to_side_loudness": -6.388075828552246,
      "mid_to_side_loudness_range": 13.495680809020996,
      "side_mean": -39.619876861572266
    }
  ],
  "bands_short": [
    {
      "high_freq": 148.1999969482422,
      "loudness": -25.05316162109375,
      "loudness_range": 16.827112197875977,
      "mid_mean": -22.08310317993164,
      "mid_to_side_loudness": -12.612326622009277,
      "mid_to_side_loudness_range": 25.9084415435791,
      "side_mean": -36.731388092041016
    },
    {
      "high_freq": 392.3793640136719,
      "loudness": -22.465133666992188,
      "loudness_range": 15.174914360046387,
      "low_freq": 148.1999969482422,
      "mid_mean": -20.15961456298828,
      "mid_to_side_loudness": -6.1678643226623535,
      "mid_to_side_loudness_range": 15.458224296569824,
      "side_mean": -26.594816207885742
    },
    {
      "high_freq": 794.6976318359375,
      "loudness": -22.357288360595703,
      "loudness_range": 12.668522834777832,
      "low_freq": 392.3793640136719,
      "mid_mean": -19.658466339111328,
      "mid_to_side_loudness": -7.998570442199707,
      "mid_to_side_loudness_range": 15.070273399353027,
      "side_mean": -27.772968292236328
    },
    {
      "high_freq": 1457.5709228515625,
      "loudness": -19.159435272216797,
      "loudness_range": 16.856189727783203,
      "low_freq": 794.6976318359375,
      "mid_mean": -16.317157745361328,
      "mid_to_side_loudness": -9.129938125610352,
      "mid_to_side_loudness_range": 16.6494140625,
      "side_mean": -25.688095092773438
    },
    {
      "high_freq": 2549.74365234375,
      "loudness": -20.33363914489746,
      "loudness_range": 17.113786697387695,
      "low_freq": 1457.5709228515625,
      "mid_mean": -17.463722229003906,
      "mid_to_side_loudness": -8.915328979492188,
      "mid_to_side_loudness_range": 15.015931129455566,
      "side_mean": -26.689891815185547
    },
    {
      "high_freq": 4349.24462890625,
      "loudness": -21.021514892578125,
      "loudness_range": 17.038808822631836,
      "low_freq": 2549.74365234375,
      "mid_mean": -18.041162490844727,
      "mid_to_side_loudness": -8.973016738891602,
      "mid_to_side_loudness_range": 11.817841529846191,
      "side_mean": -27.223661422729492
    },
    {
      "high_freq": 7314.1640625,
      "loudness": -23.586393356323242,
      "loudness_range": 21.01445770263672,
      "low_freq": 4349.24462890625,
      "mid_mean": -20.82829475402832,
      "mid_to_side_loudness": -7.989326000213623,
      "mid_to_side_loudness_range": 9.896530151367188,
      "side_mean": -28.453908920288086
    },
    {
      "high_freq": 12199.2666015625,
      "loudness": -27.27928352355957,
      "loudness_range": 21.998104095458984,
      "low_freq": 7314.1640625,
      "mid_mean": -24.710519790649414,
      "mid_to_side_loudness": -7.186324596405029,
      "mid_to_side_loudness_range": 12.095117568969727,
      "side_mean": -31.65218734741211
    },
    {
      "loudness": -37.11461639404297,
      "loudness_range": 22.033418655395508,
      "low_freq": 12199.2666015625,
      "mid_mean": -34.734310150146484,
      "mid_to_side_loudness": -6.536027431488037,
      "mid_to_side_loudness_range": 14.899837493896484,
      "side_mean": -41.0167350769043
    }
  ],
  "bandwidth": 1023.659912109375,
  "channels": 2,
  "covariance": [
    [
      34.188636779785156,
      7.97381591796875,
      13.818825721740723,
      7.781073093414307,
      6.553379058837891,
      3.472175359725952,
      12.596781730651855,
      7.653076648712158,
      10.996814727783203,
      9.30844497680664,
      13.857114791870117,
      13.868892669677734,
      15.735657691955566,
      14.772029876708984,
      15.10286808013916,
      13.725456237792969,
      13.487503051757812,
      13.826667785644531
    ],
    [
      7.97381591796875,
      33.73054885864258,
      9.229358673095703,
      16.572917938232422,
      7.655940532684326,
      9.189196586608887,
      6.801063537597656,
      3.1774513721466064,
      5.306055545806885,
      2.4589340686798096,
      6.085474014282227,
      5.585399627685547,
      7.022061824798584,
      6.581899166107178,
      4.594142913818359,
      4.1426167488098145,
      3.5521864891052246,
      4.137547016143799
    ],
    [
      13.818825721740723,
      9.229358673095703,
      24.743558883666992,
      15.485615730285645,
      7.552661418914795,
      7.229443550109863,
      6.337693691253662,
      6.7581706047058105,
      7.539997577667236,
      9.693313598632812,
      11.673107147216797,
      13.58464241027832,
      15.149085998535156,
      14.215950012207031,
      13.11652660369873,
      13.857589721679688,
      14.052644729614258,
      13.624173164367676
    ],
    [
      7.781073093414307,
      16.572917938232422,
      15.485615730285645,
      28.29599952697754,
      8.512065887451172,
      11.920448303222656,
      7.152055740356445,
      7.732972621917725,
      6.1520490646362305,
      7.306798934936523,
      8.764191627502441,
      11.533265113830566,
      10.658954620361328,
      10.356905937194824,
      9.057621002197266,
      9.814281463623047,
      7.901493549346924,
      9.18192195892334
    ],
    [
      6.553379058837891,
      7.655940532684326,
      7.552661418914795,
      8.512065887451172,
      17.855863571166992,
      10.703213691711426,
      8.225111961364746,
      7.2985100746154785,
      9.431551933288574,
      7.484734058380127,
      8.786481857299805,
      8.068782806396484,
      7.404860019683838,
      7.6837029457092285,
      6.06218957901001,
      4.816450595855713,
      6.423926830291748,
      3.638063669204712
    ],
    [
      3.472175359725952,
      9.189196586608887,
      7.229443550109863,
      11.920448303222656,
      10.703213691711426,
      21.658308029174805,
      3.7722740173339844,
      11.593057632446289,
      6.44780158996582,
      11.649857521057129,
      5.643568515777588,
      10.302471160888672,
      7.101181507110596,
      9.919998168945312,
      4.770381927490234,
      6.9148054122924805,
      4.808344841003418,
      6.59988260269165
    ],
    [
      12.596781730651855,
      6.801063537597656,
      6.337693691253662,
      7.152055740356445,
      8.225111961364746,
      3.7722740173339844,
      34.745304107666016,
      17.896223068237305,
      23.711915969848633,
      14.48530387878418,
      19.785173416137695,
      16.526531219482422,
      21.78014373779297,
      15.912348747253418,
      19.837505340576172,
      15.884995460510254,
      14.246783256530762,
      12.970024108886719
    ],
    [
      7.653076648712158,
      3.1774513721466064,
      6.7581706047058105,
      7.732972621917725,
      7.2985100746154785,
      11.593057632446289,
      17.896223068237305,
      26.265073776245117,
      17.019786834716797,
      22.84066390991211,
      15.944358825683594,
      21.146411895751953,
      18.851274490356445,
      16.8531494140625,
      17.292892456054688,
      16.53159523010254,
      15.224493026733398,
      14.698197364807129
    ],
    [
      10.996814727783203,
      5.306055545806885,
      7.539997577667236,
      6.1520490646362305,
      9.431551933288574,
      6.44780158996582,
      23.711915969848633,
      17.019786834716797,
      32.82719039916992,
      23.350297927856445,
      25.7109375,
      22.757827758789062,
      25.899349212646484,
      20.947355270385742,
      24.807966232299805,
      21.545236587524414,
      20.641082763671875,
      17.561473846435547
    ],
    [
      9.30844497680664,
      2.4589340686798096,
      9.693313598632812,
      7.306798934936523,
      7.484734058380127,
      11.649857521057129,
      14.48530387878418,
      22.84066390991211,
      23.350297927856445,
      35.72995376586914,
      22.661052703857422,
      30.50514030456543,
      26.577247619628906,
      25.60516357421875,
      24.53483009338379,
      25.682445526123047,
      22.318073272705078,
      22.917665481567383
    ],
    [
      13.857114791870117,
      6.085474014282227,
      11.673107147216797,
      8.764191627502441,
      8.786481857299805,
      5.643568515777588,
      19.785173416137695,
      15.944358825683594,
      25.7109375,
      22.661052703857422,
      35.13794708251953,
      30.131303787231445,
      33.60732650756836,
      29.35647964477539,
      31.2133731842041,
      29.491361618041992,
      26.895118713378906,
      25.184568405151367
    ],
    [
      13.868892669677734,
      5.585399627685547,
      13.58464241027832,
      11.533265113830566,
      8.068782806396484,
      10.302471160888672,
      16.526531219482422,
      21.146411895751953,
      22.757827758789062,
      30.50514030456543,
      30.131303787231445,
      39.50825119018555,
      35.677223205566406,
      36.23435974121094,
      33.363121032714844,
      36.637874603271484,
      29.750577926635742,
      32.13787078857422
    ],
    [
      15.735657691955566,
      7.022061824798584,
      15.149085998535156,
      10.658954620361328,
      7.404860019683838,
      7.101181507110596,
      21.78014373779297,
      18.851274490356445,
      25.899349212646484,
      26.577247619628906,
      33.60732650756836,
      35.677223205566406,
      52.59804916381836,
      41.9326171875,
      45.692604064941406,
      42.2514762878418,
      38.44325256347656,
      36.77154541015625
    ],
    [
      14.772029876708984,
      6.581899166107178,
      14.215950012207031,
      10.356905937194824,
      7.6837029457092285,
      9.919998168945312,
      15.912348747253418,
      16.8531494140625,
      20.947355270385742,
      25.60516357421875,
      29.35647964477539,
      36.23435974121094,
      41.9326171875,
      49.13369369506836,
      36.83368682861328,
      45.78102111816406,
      32.63169860839844,
      39.66505432128906
    ],
    [
      15.10286808013916,
      4.594142913818359,
      13.11652660369873,
      9.057621002197266,
      6.06218957901001,
      4.770381927490234,
      19.837505340576172,
      17.292892456054688,
      24.807966232299805,
      24.53483009338379,
      31.2133731842041,
      33.363121032714844,
      45.692604064941406,
      36.83368682861328,
      52.93718338012695,
      42.16874313354492,
      44.541221618652344,
      38.025875091552734
    ],
    [
      13.725456237792969,
      4.1426167488098145,
      13.857589721679688,
      9.814281463623047,
      4.816450595855713,
      6.9148054122924805,
      15.884995460510254,
      16.53159523010254,
      21.545236587524414,
      25.682445526123047,
      29.491361618041992,
      36.637874603271484,
      42.2514762878418,
      45.78102111816406,
      42.16874313354492,
      54.295005798339844,
      37.80099868774414,
      47.437767028808594
    ],
    [
      13.487503051757812,
      3.5521864891052246,
      14.052644729614258,
      7.901493549346924,
      6.423926830291748,
      4.808344841003418,
      14.246783256530762,
      15.224493026733398,
      20.641082763671875,
      22.318073272705078,
      26.895118713378906,
      29.750577926635742,
      38.44325256347656,
      32.63169860839844,
      44.541221618652344,
      37.80099868774414,
      51.730262756347656,
      38.62587356567383
    ],
    [
      13.826667785644531,
      4.137547016143799,
      13.624173164367676,
      9.18192195892334,
      3.638063669204712,
      6.59988260269165,
      12.970024108886719,
      14.698197364807129,
      17.561473846435547,
      22.917665481567383,
      25.184568405151367,
      32.13787078857422,
      36.77154541015625,
      39.66505432128906,
      38.025875091552734,
      47.437767028808594,
      38.62587356567383,
      54.19647216796875
    ]
  ],
  "covariance_short": [
    [
      50.83453369140625,
      6.281965732574463,
      16.8831787109375,
      9.989315032958984,
      7.835032939910889,
      4.138035774230957,
      15.99714469909668,
      7.88658332824707,
      14.121282577514648,
      9.604774475097656,
      14.783766746520996,
      13.337445259094238,
      15.109416961669922,
      14.381104469299316,
      13.59009838104248,
      13.675596237182617,
      10.958720207214355,
      12.897050857543945
    ],
    [
      6.281965732574463,
      52.98282241821289,
      11.337855339050293,
      18.041444778442383,
      7.8443169593811035,
      9.581782341003418,
      7.117652416229248,
      5.573217868804932,
      7.923070907592773,
      5.649166107177734,
      8.019075393676758,
      6.7085113525390625,
      7.650723457336426,
      6.58586311340332,
      5.549285888671875,
      5.89424991607666,
      5.892664432525635,
      6.784064292907715
    ],
    [
      16.8831787109375,
      11.337855339050293,
      37.853599548339844,
      19.78258514404297,
      11.551408767700195,
      9.135015487670898,
      8.062847137451172,
      7.993809700012207,
      9.823132514953613,
      11.302084922790527,
      13.846742630004883,
      15.329553604125977,
      17.272136688232422,
      16.683069229125977,
      14.40440559387207,
      16.723041534423828,
      15.268355369567871,
      17.234691619873047
    ],
    [
      9.989315032958984,
      18.041444778442383,
      19.78258514404297,
      36.49409866333008,
      10.428147315979004,
      13.374019622802734,
      9.038270950317383,
      8.957870483398438,
      7.4165215492248535,
      7.947662353515625,
      9.966124534606934,
      12.202595710754395,
      12.141048431396484,
      12.228691101074219,
      10.541557312011719,
      12.045862197875977,
      8.96885871887207,
      11.71273422241211
    ],
    [
      7.835032939910889,
      7.8443169593811035,
      11.551408767700195,
      10.428147315979004,
      25.60565948486328,
      12.2680082321167,
      10.168485641479492,
      7.682202339172363,
      11.831326484680176,
      8.195858001708984,
      10.885676383972168,
      9.420443534851074,
      8.316728591918945,
      8.5029878616333,
      5.995981216430664,
      6.261822700500488,
      6.085239410400391,
      5.1385297775268555
    ],
    [
      4.138035774230957,
      9.581782341003418,
      9.135015487670898,
      13.374019622802734,
      12.2680082321167,
      26.777721405029297,
      5.802907943725586,
      11.489973068237305,
      7.896699905395508,
      11.325811386108398,
      6.499449253082275,
      10.374135971069336,
      7.928585052490234,
      10.426279067993164,
      5.624812602996826,
      7.867011070251465,
      5.329536437988281,
      7.2977094650268555
    ],
    [
      15.99714469909668,
      7.117652416229248,
      8.062847137451172,
      9.038270950317383,
      10.168485641479492,
      5.802907943725586,
      43.94145202636719,
      18.868398666381836,
      29.363086700439453,
      16.66759490966797,
      23.10240364074707,
      18.236467361450195,
      22.436786651611328,
      17.291961669921875,
      20.167177200317383,
      16.934751510620117,
      14.4978609085083,
      15.485240936279297
    ],
    [
      7.88658332824707,
      5.573217868804932,
      7.993809700012207,
      8.957870483398438,
      7.682202339172363,
      11.489973068237305,
      18.868398666381836,
      28.685544967651367,
      17.90433692932129,
      22.738000869750977,
      15.520259857177734,
      20.562896728515625,
      17.89963722229004,
      16.45260238647461,
      16.45659828186035,
      16.15904426574707,
      14.378264427185059,
      15.121665954589844
    ],
    [
      14.121282577514648,
      7.923070907592773,
      9.823132514953613,
      7.4165215492248535,
      11.831326484680176,
      7.896699905395508,
      29.363086700439453,
      17.90433692932129,
      43.510013580322266,
      26.282609939575195,
      30.331262588500977,
      25.88324737548828,
      28.84491729736328,
      23.83245277404785,
      27.253223419189453,
      24.124099731445312,
      22.409887313842773,
      21.413827896118164
    ],
    [
      9.604774475097656,
      5.649166107177734,
      11.302084922790527,
      7.947662353515625,
      8.195858001708984,
      11.325811386108398,
      16.66759490966797,
      22.738000869750977,
      26.282609939575195,
      38.94541549682617,
      24.198171615600586,
      31.874189376831055,
      27.773839950561523,
      27.350996017456055,
      25.657243728637695,
      27.096202850341797,
      22.93877601623535,
      25.625953674316406
    ],
    [
      14.783766746520996,
      8.019075393676758,
      13.846742630004883,
      9.966124534606934,
      10.885676383972168,
      6.499449253082275,
      23.10240364074707,
      15.520259857177734,
      30.331262588500977,
      24.198171615600586,
      42.05584716796875,
      32.640689849853516,
      37.10310363769531,
      32.2171516418457,
      34.19108581542969,
      31.883005142211914,
      29.27513885498047,
      27.715147018432617
    ],
    [
      13.337445259094238,
      6.7085113525390625,
      15.329553604125977,
      12.202595710754395,
      9.420443534851074,
      10.374135971069336,
      18.236467361450195,
      20.562896728515625,
      25.88324737548828,
      31.874189376831055,
      32.640689849853516,
      42.6357536315918,
      37.24775695800781,
      38.314666748046875,
      34.62913513183594,
      38.589942932128906,
      31.04958152770996,
      34.952117919921875
    ],
    [
      15.109416961669922,
      7.650723457336426,
      17.272136688232422,
      12.141048431396484,
      8.316728591918945,
      7.928585052490234,
      22.436786651611328,
      17.89963722229004,
      28.84491729736328,
      27.773839950561523,
      37.10310363769531,
      37.24775695800781,
      57.797176361083984,
      46.111820220947266,
      49.72517013549805,
      46.33787536621094,
      42.151710510253906,
      42.16787338256836
    ],
    [
      14.381104469299316,
      6.58586311340332,
      16.683069229125977,
      12.228691101074219,
      8.5029878616333,
      10.426279067993164,
      17.291961669921875,
      16.45260238647461,
      23.83245277404785,
      27.350996017456055,
      32.2171516418457,
      38.314666748046875,
      46.111820220947266,
      54.557769775390625,
      40.658721923828125,
      51.582401275634766,
      36.66780090332031,
      46.365814208984375
    ],
    [
      13.59009838104248,
      5.549285888671875,
      14.40440559387207,
      10.541557312011719,
      5.995981216430664,
      5.624812602996826,
      20.167177200317383,
      16.45659828186035,
      27.253223419189453,
      25.657243728637695,
      34.19108581542969,
      34.62913513183594,
      49.72517013549805,
      40.658721923828125,
      58.689754486083984,
      47.377864837646484,
      49.05345153808594,
      44.463218688964844
    ],
    [
      13.675596237182617,
      5.89424991607666,
      16.723041534423828,
      12.045862197875977,
      6.261822700500488,
      7.867011070251465,
      16.934751510620117,
      16.15904426574707,
      24.124099731445312,
      27.096202850341797,
      31.883005142211914,
      38.589942932128906,
      46.33787536621094,
      51.582401275634766,
      47.377864837646484,
      62.1888427734375,
      43.1340446472168,
      56.63063049316406
    ],
    [
      10.958720207214355,
      5.892664432525635,
      15.268355369567871,
      8.96885871887207,
      6.085239410400391,
      5.329536437988281,
      14.4978609085083,
      14.378264427185059,
      22.409887313842773,
      22.93877601623535,
      29.27513885498047,
      31.04958152770996,
      42.151710510253906,
      36.66780090332031,
      49.05345153808594,
      43.1340446472168,
      60.529632568359375,
      46.975154876708984
    ],
    [
      12.897050857543945,
      6.784064292907715,
      17.234691619873047,
      11.71273422241211,
      5.1385297775268555,
      7.2977094650268555,
      15.485240936279297,
      15.121665954589844,
      21.413827896118164,
      25.625953674316406,
      27.715147018432617,
      34.952117919921875,
      42.16787338256836,
      46.365814208984375,
      44.463218688964844,
      56.63063049316406,
      46.975154876708984,
      66.53095245361328
    ]
  ],
  "damage": -3.634819746017456,
  "diff_bandwidth": 1025.47900390625,
  "dissonance": 11.18980886635379,
  "drr": 2.881763219833374,
  "dynamics": 3.2428605556488037,
  "format": 1245190,
  "frames": 12019712,
  "loudness": -7.658056259155273,
  "loudness_range": 9.505013465881348,
  "loudness_range_short": 10.443815231323242,
  "lowpass_true_peak_15khz": 0.3373544216156006,
  "mastering3_acoustic_entropies": [
    {
      "acoustic_entropy": 8.422466278076172,
      "acoustic_entropy_mono": 7.966662406921387,
      "band_eliminated_acoustic_entropies": [
        {
          "acoustic_entropy": 8.412317276000977,
          "acoustic_entropy_side": 8.42241382598877,
          "hz": 129.47220167065723
        },
        {
          "acoustic_entropy": 7.973125457763672,
          "acoustic_entropy_side": 8.422630310058594,
          "hz": 202.92927478742237
        },
        {
          "acoustic_entropy": 8.091120719909668,
          "acoustic_entropy_side": 8.405634880065918,
          "hz": 282.89161906338205
        },
        {
          "acoustic_entropy": 8.213053703308105,
          "acoustic_entropy_side": 8.429162979125977,
          "hz": 369.9353335868758
        },
        {
          "acoustic_entropy": 8.715353012084961,
          "acoustic_entropy_side": 8.46849536895752,
          "hz": 464.6875360973435
        },
        {
          "acoustic_entropy": 8.343223571777344,
          "acoustic_entropy_side": 8.476407051086426,
          "hz": 567.8308811364784
        },
        {
          "acoustic_entropy": 8.080060958862305,
          "acoustic_entropy_side": 8.462554931640625,
          "hz": 680.1084783214808
        },
        {
          "acoustic_entropy": 8.277702331542969,
          "acoustic_entropy_side": 8.384902954101562,
          "hz": 802.3292461747484
        },
        {
          "acoustic_entropy": 7.938178062438965,
          "acoustic_entropy_side": 8.429142951965332,
          "hz": 935.3737400823702
        },
        {
          "acoustic_entropy": 8.098114013671875,
          "acoustic_entropy_side": 8.158951759338379,
          "hz": 1080.2004963696966
        },
        {
          "acoustic_entropy": 7.950485706329346,
          "acoustic_entropy_side": 8.320616722106934,
          "hz": 1237.8529382007157
        },
        {
          "acoustic_entropy": 8.048362731933594,
          "acoustic_entropy_side": 8.350791931152344,
          "hz": 1409.4668930556702
        },
        {
          "acoustic_entropy": 8.044563293457031,
          "acoustic_entropy_side": 8.159829139709473,
          "hz": 1596.2787759475705
        },
        {
          "acoustic_entropy": 7.771775245666504,
          "acoustic_entropy_side": 8.243670463562012,
          "hz": 1799.6344973346393
        },
        {
          "acoustic_entropy": 7.540427207946777,
          "acoustic_entropy_side": 8.337730407714844,
          "hz": 2020.9991599069049
        },
        {
          "acoustic_entropy": 8.269222259521484,
          "acoustic_entropy_side": 8.425430297851562,
          "hz": 2261.9676141086993
        },
        {
          "acoustic_entropy": 7.8610310554504395,
          "acoustic_entropy_side": 8.506473541259766,
          "hz": 2524.2759484456974
        },
        {
          "acoustic_entropy": 7.607727527618408,
          "acoustic_entropy_side": 8.297506332397461,
          "hz": 2809.813997359896
        },
        {
          "acoustic_entropy": 8.46424674987793,
          "acoustic_entropy_side": 8.466327667236328,
          "hz": 3120.6389567871424
        },
        {
          "acoustic_entropy": 8.312511444091797,
          "acoustic_entropy_side": 8.443916320800781,
          "hz": 3458.990205492291
        },
        {
          "acoustic_entropy": 7.846171855926514,
          "acoustic_entropy_side": 8.419273376464844,
          "hz": 3827.305438964164
        },
        {
          "acoustic_entropy": 8.627120971679688,
          "acoustic_entropy_side": 8.432860374450684,
          "hz": 4228.238232109126
        },
        {
          "acoustic_entropy": 8.52094554901123,
          "acoustic_entropy_side": 8.434931755065918,
          "hz": 4664.6771572759235
        },
        {
          "acoustic_entropy": 8.039105415344238,
          "acoustic_entropy_side": 8.410778045654297,
          "hz": 5139.766595350093
        },
        {
          "acoustic_entropy": 7.948004245758057,
          "acoustic_entropy_side": 8.343573570251465,
          "hz": 5656.929389854203
        },
        {
          "acoustic_entropy": 8.20481014251709,
          "acoustic_entropy_side": 8.347419738769531,
          "hz": 6219.891507268283
        },
        {
          "acoustic_entropy": 8.153817176818848,
          "acoustic_entropy_side": 8.352746963500977,
          "hz": 6832.70888123896
        },
        {
          "acoustic_entropy": 8.328311920166016,
          "acoustic_entropy_side": 8.398866653442383,
          "hz": 7499.796634079867
        },
        {
          "acoustic_entropy": 8.364827156066895,
          "acoustic_entropy_side": 8.370960235595703,
          "hz": 8225.96088609342
        },
        {
          "acoustic_entropy": 8.508350372314453,
          "acoustic_entropy_side": 8.404728889465332,
          "hz": 9016.43338188839
        },
        {
          "acoustic_entropy": 8.6270112991333,
          "acoustic_entropy_side": 8.440415382385254,
          "hz": 9876.909183162974
        },
        {
          "acoustic_entropy": 8.48995590209961,
          "acoustic_entropy_side": 8.476946830749512,
          "hz": 10813.587699516042
        },
        {
          "acoustic_entropy": 8.194052696228027,
          "acoustic_entropy_side": 8.530619621276855,
          "hz": 11833.21735289826
        },
        {
          "acoustic_entropy": 8.229775428771973,
          "acoustic_entropy_side": 8.521730422973633,
          "hz": 12943.144197493959
        },
        {
          "acoustic_entropy": 8.370919227600098,
          "acoustic_entropy_side": 8.489543914794922,
          "hz": 14151.364845322005
        },
        {
          "acoustic_entropy": 8.531983375549316,
          "acoustic_entropy_side": 8.458173751831055,
          "hz": 15466.58407886509
        },
        {
          "acoustic_entropy": 8.511772155761719,
          "acoustic_entropy_side": 8.43598747253418,
          "hz": 16898.27756580493
        },
        {
          "acoustic_entropy": 8.469465255737305,
          "acoustic_entropy_side": 8.426237106323242,
          "hz": 18456.760127700032
        },
        {
          "acoustic_entropy": 8.431038856506348,
          "acoustic_entropy_side": 8.42228889465332,
          "hz": 20153.260054456492
        },
        {
          "acoustic_entropy": 8.423198699951172,
          "acoustic_entropy_side": 8.42233657836914,
          "hz": 22000.00000000001
        }
      ],
      "diff_acoustic_entropy": 5.106439113616943,
      "sn": 6
    },
    {
      "acoustic_entropy": 13.68703842163086,
      "acoustic_entropy_mono": 11.877272605895996,
      "band_eliminated_acoustic_entropies": [
        {
          "acoustic_entropy": 13.683059692382812,
          "acoustic_entropy_side": 13.688162803649902,
          "hz": 129.47220167065723
        },
        {
          "acoustic_entropy": 13.141243934631348,
          "acoustic_entropy_side": 13.684839248657227,
          "hz": 202.92927478742237
        },
        {
          "acoustic_entropy": 13.020835876464844,
          "acoustic_entropy_side": 13.71386432647705,
          "hz": 282.89161906338205
        },
        {
          "acoustic_entropy": 14.22097396850586,
          "acoustic_entropy_side": 13.801708221435547,
          "hz": 369.9353335868758
        },
        {
          "acoustic_entropy": 14.140549659729004,
          "acoustic_entropy_side": 13.837767601013184,
          "hz": 464.6875360973435
        },
        {
          "acoustic_entropy": 13.562917709350586,
          "acoustic_entropy_side": 13.71241283416748,
          "hz": 567.8308811364784
        },
        {
          "acoustic_entropy": 13.277347564697266,
          "acoustic_entropy_side": 13.435972213745117,
          "hz": 680.1084783214808
        },
        {
          "acoustic_entropy": 12.46932315826416,
          "acoustic_entropy_side": 13.670714378356934,
          "hz": 802.3292461747484
        },
        {
          "acoustic_entropy": 12.879202842712402,
          "acoustic_entropy_side": 13.83538818359375,
          "hz": 935.3737400823702
        },
        {
          "acoustic_entropy": 12.94214153289795,
          "acoustic_entropy_side": 13.204388618469238,
          "hz": 1080.2004963696966
        },
        {
          "acoustic_entropy": 12.518576622009277,
          "acoustic_entropy_side": 13.672921180725098,
          "hz": 1237.8529382007157
        },
        {
          "acoustic_entropy": 13.530213356018066,
          "acoustic_entropy_side": 13.132589340209961,
          "hz": 1409.4668930556702
        },
        {
          "acoustic_entropy": 13.451887130737305,
          "acoustic_entropy_side": 13.300370216369629,
          "hz": 1596.2787759475705
        },
        {
          "acoustic_entropy": 12.79214096069336,
          "acoustic_entropy_side": 13.34681224822998,
          "hz": 1799.6344973346393
        },
        {
          "acoustic_entropy": 13.373204231262207,
          "acoustic_entropy_side": 13.213109970092773,
          "hz": 2020.9991599069049
        },
        {
          "acoustic_entropy": 13.500118255615234,
          "acoustic_entropy_side": 13.73923110961914,
          "hz": 2261.9676141086993
        },
        {
          "acoustic_entropy": 13.992105484008789,
          "acoustic_entropy_side": 13.762398719787598,
          "hz": 2524.2759484456974
        },
        {
          "acoustic_entropy": 13.395413398742676,
          "acoustic_entropy_side": 14.15182113647461,
          "hz": 2809.813997359896
        },
        {
          "acoustic_entropy": 13.696907997131348,
          "acoustic_entropy_side": 13.563158988952637,
          "hz": 3120.6389567871424
        },
        {
          "acoustic_entropy": 13.662520408630371,
          "acoustic_entropy_side": 13.645332336425781,
          "hz": 3458.990205492291
        },
        {
          "acoustic_entropy": 13.590235710144043,
          "acoustic_entropy_side": 13.688206672668457,
          "hz": 3827.305438964164
        },
        {
          "acoustic_entropy": 13.476744651794434,
          "acoustic_entropy_side": 13.747773170471191,
          "hz": 4228.238232109126
        },
        {
          "acoustic_entropy": 13.287532806396484,
          "acoustic_entropy_side": 13.656286239624023,
          "hz": 4664.6771572759235
        },
        {
          "acoustic_entropy": 13.635536193847656,
          "acoustic_entropy_side": 13.556671142578125,
          "hz": 5139.766595350093
        },
        {
          "acoustic_entropy": 13.361008644104004,
          "acoustic_entropy_side": 13.5986328125,
          "hz": 5656.929389854203
        },
        {
          "acoustic_entropy": 13.399820327758789,
          "acoustic_entropy_side": 13.578714370727539,
          "hz": 6219.891507268283
        },
        {
          "acoustic_entropy": 13.285956382751465,
          "acoustic_entropy_side": 13.565336227416992,
          "hz": 6832.70888123896
        },
        {
          "acoustic_entropy": 13.381075859069824,
          "acoustic_entropy_side": 13.585269927978516,
          "hz": 7499.796634079867
        },
        {
          "acoustic_entropy": 13.44465160369873,
          "acoustic_entropy_side": 13.602628707885742,
          "hz": 8225.96088609342
        },
        {
          "acoustic_entropy": 13.463054656982422,
          "acoustic_entropy_side": 13.584512710571289,
          "hz": 9016.43338188839
        },
        {
          "acoustic_entropy": 13.536872863769531,
          "acoustic_entropy_side": 13.595415115356445,
          "hz": 9876.909183162974
        },
        {
          "acoustic_entropy": 13.903098106384277,
          "acoustic_entropy_side": 13.593242645263672,
          "hz": 10813.587699516042
        },
        {
          "acoustic_entropy": 13.933040618896484,
          "acoustic_entropy_side": 13.628914833068848,
          "hz": 11833.21735289826
        },
        {
          "acoustic_entropy": 13.671629905700684,
          "acoustic_entropy_side": 13.635042190551758,
          "hz": 12943.144197493959
        },
        {
          "acoustic_entropy": 13.78225326538086,
          "acoustic_entropy_side": 13.704434394836426,
          "hz": 14151.364845322005
        },
        {
          "acoustic_entropy": 13.688977241516113,
          "acoustic_entropy_side": 13.675631523132324,
          "hz": 15466.58407886509
        },
        {
          "acoustic_entropy": 13.705875396728516,
          "acoustic_entropy_side": 13.67111587524414,
          "hz": 16898.27756580493
        },
        {
          "acoustic_entropy": 13.686627388000488,
          "acoustic_entropy_side": 13.680520057678223,
          "hz": 18456.760127700032
        },
        {
          "acoustic_entropy": 13.62656021118164,
          "acoustic_entropy_side": 13.687073707580566,
          "hz": 20153.260054456492
        },
        {
          "acoustic_entropy": 13.669650077819824,
          "acoustic_entropy_side": 13.686466217041016,
          "hz": 22000.00000000001
        }
      ],
      "diff_acoustic_entropy": 8.677125930786133,
      "sn": 12
    },
    {
      "acoustic_entropy": 20.02522087097168,
      "acoustic_entropy_mono": 16.856374740600586,
      "band_eliminated_acoustic_entropies": [
        {
          "acoustic_entropy": 19.97661781311035,
          "acoustic_entropy_side": 19.991369247436523,
          "hz": 129.47220167065723
        },
        {
          "acoustic_entropy": 19.86074447631836,
          "acoustic_entropy_side": 20.292078018188477,
          "hz": 202.92927478742237
        },
        {
          "acoustic_entropy": 20.254150390625,
          "acoustic_entropy_side": 19.893508911132812,
          "hz": 282.89161906338205
        },
        {
          "acoustic_entropy": 19.860015869140625,
          "acoustic_entropy_side": 19.588272094726562,
          "hz": 369.9353335868758
        },
        {
          "acoustic_entropy": 19.889467239379883,
          "acoustic_entropy_side": 19.27920150756836,
          "hz": 464.6875360973435
        },
        {
          "acoustic_entropy": 19.113513946533203,
          "acoustic_entropy_side": 19.65473175048828,
          "hz": 567.8308811364784
        },
        {
          "acoustic_entropy": 20.082719802856445,
          "acoustic_entropy_side": 20.752037048339844,
          "hz": 680.1084783214808
        },
        {
          "acoustic_entropy": 19.469892501831055,
          "acoustic_entropy_side": 19.876251220703125,
          "hz": 802.3292461747484
        },
        {
          "acoustic_entropy": 19.55028533935547,
          "acoustic_entropy_side": 19.768409729003906,
          "hz": 935.3737400823702
        },
        {
          "acoustic_entropy": 19.49717140197754,
          "acoustic_entropy_side": 19.528297424316406,
          "hz": 1080.2004963696966
        },
        {
          "acoustic_entropy": 19.505048751831055,
          "acoustic_entropy_side": 20.22637176513672,
          "hz": 1237.8529382007157
        },
        {
          "acoustic_entropy": 19.263378143310547,
          "acoustic_entropy_side": 19.21177864074707,
          "hz": 1409.4668930556702
        },
        {
          "acoustic_entropy": 19.513242721557617,
          "acoustic_entropy_side": 19.801937103271484,
          "hz": 1596.2787759475705
        },
        {
          "acoustic_entropy": 19.44601821899414,
          "acoustic_entropy_side": 20.025617599487305,
          "hz": 1799.6344973346393
        },
        {
          "acoustic_entropy": 19.483211517333984,
          "acoustic_entropy_side": 19.614748001098633,
          "hz": 2020.9991599069049
        },
        {
          "acoustic_entropy": 19.63723373413086,
          "acoustic_entropy_side": 20.2562313079834,
          "hz": 2261.9676141086993
        },
        {
          "acoustic_entropy": 20.672460556030273,
          "acoustic_entropy_side": 19.96767807006836,
          "hz": 2524.2759484456974
        },
        {
          "acoustic_entropy": 19.256973266601562,
          "acoustic_entropy_side": 20.190540313720703,
          "hz": 2809.813997359896
        },
        {
          "acoustic_entropy": 19.755001068115234,
          "acoustic_entropy_side": 19.561792373657227,
