{
  "acoustic_entropy": 148.81182861328125,
  "bands": [
    {
      "high_freq": 148.1999969482422,
      "loudness": -24.78434181213379,
      "loudness_range": 24.493188858032227,
      "mid_mean": -23.248994827270508,
      "mid_to_side_loudness": -13.412623405456543,
      "mid_to_side_loudness_range": 8.801786422729492,
      "side_mean": -36.57947540283203
    },
    {
      "high_freq": 392.3793640136719,
      "loudness": -23.711360931396484,
      "loudness_range": 18.438228607177734,
      "low_freq": 148.1999969482422,
      "mid_mean": -22.841196060180664,
      "mid_to_side_loudness": -8.859688758850098,
      "mid_to_side_loudness_range": 6.086866855621338,
      "side_mean": -33.42025375366211
    },
    {
      "high_freq": 794.6976318359375,
      "loudness": -21.660362243652344,
      "loudness_range": 16.91454315185547,
      "low_freq": 392.3793640136719,
      "mid_mean": -19.2842960357666,
      "mid_to_side_loudness": -9.859028816223145,
      "mid_to_side_loudness_range": 17.444602966308594,
      "side_mean": -32.34767532348633
    },
    {
      "high_freq": 1457.5709228515625,
      "loudness": -19.938749313354492,
      "loudness_range": 15.540614128112793,
      "low_freq": 794.6976318359375,
      "mid_mean": -18.079830169677734,
      "mid_to_side_loudness": -7.223458766937256,
      "mid_to_side_loudness_range": 5.349633693695068,
      "side_mean": -30.637210845947266
    },
    {
      "high_freq": 2549.74365234375,
      "loudness": -18.704702377319336,
      "loudness_range": 15.892334938049316,
      "low_freq": 1457.5709228515625,
      "mid_mean": -17.323246002197266,
      "mid_to_side_loudness": -7.496185302734375,
      "mid_to_side_loudness_range": 10.256063461303711,
      "side_mean": -26.055112838745117
    },
    {
      "high_freq": 4349.24462890625,
      "loudness": -19.373619079589844,
      "loudness_range": 16.178043365478516,
      "low_freq": 2549.74365234375,
      "mid_mean": -18.359224319458008,
      "mid_to_side_loudness": -4.8940935134887695,
      "mid_to_side_loudness_range": 19.10051727294922,
      "side_mean": -25.324939727783203
    },
    {
      "high_freq": 7314.1640625,
      "loudness": -24.616769790649414,
      "loudness_range": 15.008813858032227,
      "low_freq": 4349.24462890625,
      "mid_mean": -24.76778221130371,
      "mid_to_side_loudness": -0.9030194282531738,
      "mid_to_side_loudness_range": 12.391115188598633,
      "side_mean": -26.84837532043457
    },
    {
      "high_freq": 12199.2666015625,
      "loudness": -33.098148345947266,
      "loudness_range": 14.804668426513672,
      "low_freq": 7314.1640625,
      "mid_mean": -33.4539680480957,
      "mid_to_side_loudness": -0.15930448472499847,
      "mid_to_side_loudness_range": 11.16958236694336,
      "side_mean": -35.33772659301758
    },
    {
      "loudness": -46.733726501464844,
      "loudness_range": 12.871200561523438,
      "low_freq": 12199.2666015625,
      "mid_mean": -51.657127380371094,
      "mid_to_side_loudness": -2.0044541358947754,
      "mid_to_side_loudness_range": 7.895821571350098,
      "side_mean": -55.13206481933594
    }
  ],
  "bands_short": [
    {
      "high_freq": 148.1999969482422,
      "loudness": -28.61189079284668,
      "loudness_range": 30.258434295654297,
      "mid_mean": -27.10002326965332,
      "mid_to_side_loudness": -13.487003326416016,
      "mid_to_side_loudness_range": 16.290956497192383,
      "side_mean": -39.98459243774414
    },
    {
      "high_freq": 392.3793640136719,
      "loudness": -24.394515991210938,
      "loudness_range": 26.728654861450195,
      "low_freq": 148.1999969482422,
      "mid_mean": -24.048954010009766,
      "mid_to_side_loudness": -7.8708930015563965,
      "mid_to_side_loudness_range": 11.02702522277832,
      "side_mean": -33.51797103881836
    },
    {
      "high_freq": 794.6976318359375,
      "loudness": -23.059093475341797,
      "loudness_range": 22.98749542236328,
      "low_freq": 392.3793640136719,
      "mid_mean": -21.044937133789062,
      "mid_to_side_loudness": -8.580926895141602,
      "mid_to_side_loudness_range": 14.375264167785645,
      "side_mean": -32.72652053833008
    },
    {
      "high_freq": 1457.5709228515625,
      "loudness": -20.28227424621582,
      "loudness_range": 18.85262680053711,
      "low_freq": 794.6976318359375,
      "mid_mean": -18.8658390045166,
      "mid_to_side_loudness": -6.205634593963623,
      "mid_to_side_loudness_range": 9.601160049438477,
      "side_mean": -31.206214904785156
    },
    {
      "high_freq": 2549.74365234375,
      "loudness": -19.07364845275879,
      "loudness_range": 18.134342193603516,
      "low_freq": 1457.5709228515625,
      "mid_mean": -18.21257209777832,
      "mid_to_side_loudness": -6.658503532409668,
      "mid_to_side_loudness_range": 9.165691375732422,
      "side_mean": -26.266515731811523
    },
    {
      "high_freq": 4349.24462890625,
      "loudness": -19.653615951538086,
      "loudness_range": 18.392799377441406,
      "low_freq": 2549.74365234375,
      "mid_mean": -18.77025032043457,
      "mid_to_side_loudness": -3.8942084312438965,
      "mid_to_side_loudness_range": 7.21141242980957,
      "side_mean": -25.1932430267334
    },
    {
      "high_freq": 7314.1640625,
      "loudness": -24.664804458618164,
      "loudness_range": 18.668519973754883,
      "low_freq": 4349.24462890625,
      "mid_mean": -25.125505447387695,
      "mid_to_side_loudness": -0.2702268064022064,
      "mid_to_side_loudness_range": 5.013704776763916,
      "side_mean": -26.613752365112305
    },
    {
      "high_freq": 12199.2666015625,
      "loudness": -33.25584030151367,
      "loudness_range": 17.244409561157227,
      "low_freq": 7314.1640625,
      "mid_mean": -33.84764862060547,
      "mid_to_side_loudness": 0.5889169573783875,
      "mid_to_side_loudness_range": 6.130714416503906,
      "side_mean": -35.26481246948242
    },
    {
      "loudness": -46.70668411254883,
      "loudness_range": 17.442481994628906,
      "low_freq": 12199.2666015625,
      "mid_mean": -52.820831298828125,
      "mid_to_side_loudness": -1.1529674530029297,
      "mid_to_side_loudness_range": 5.479024887084961,
      "side_mean": -55.93135452270508
    }
  ],
  "bandwidth": 954.3816528320312,
  "channels": 2,
  "covariance": [
    [
      128.25804138183594,
      120.57323455810547,
      89.94540405273438,
      119.78948211669922,
      48.27111053466797,
      127.41846466064453,
      5.220589637756348,
      118.2507095336914,
      61.8194694519043,
      103.60012817382812,
      50.58835220336914,
      122.22795867919922,
      57.940181732177734,
      108.05804443359375,
      41.27887725830078,
      98.65825653076172,
      55.08454132080078,
      118.6850357055664
    ],
    [
      120.57323455810547,
      119.1827163696289,
      85.96744537353516,
      116.83184814453125,
      45.6629753112793,
      126.32807159423828,
      3.6976547241210938,
      115.93946075439453,
      62.00358581542969,
      103.17035675048828,
      48.8277702331543,
      120.12879943847656,
      56.94450378417969,
      106.31848907470703,
      40.751766204833984,
      98.19449615478516,
      53.094730377197266,
      117.07322692871094
    ],
    [
      89.94540405273438,
      85.96744537353516,
      118.39445495605469,
      104.50801086425781,
      63.52131271362305,
      99.63356018066406,
      11.46741771697998,
      96.39610290527344,
      50.60258865356445,
      94.06688690185547,
      51.104373931884766,
      106.3323745727539,
      49.547889709472656,
      102.87600708007812,
      41.77150344848633,
      94.09868621826172,
      44.27145767211914,
      92.01029968261719
    ],
    [
      119.78948211669922,
      116.83184814453125,
      104.50801086425781,
      144.8372039794922,
      60.60225296020508,
      135.93629455566406,
      15.702958106994629,
      136.46463012695312,
      71.79537200927734,
      128.0858612060547,
      62.85565948486328,
      134.1798095703125,
      65.69990539550781,
      130.99354553222656,
      48.95347595214844,
      122.02330017089844,
      57.888526916503906,
      125.81668853759766
    ],
    [
      48.27111053466797,
      45.6629753112793,
      63.52131271362305,
      60.60225296020508,
      64.29286193847656,
      59.188438415527344,
      33.856075286865234,
      60.66299057006836,
      49.3033447265625,
      64.78602600097656,
      57.26136779785156,
      61.82733917236328,
      49.962646484375,
      59.680580139160156,
      45.91375732421875,
      58.51329040527344,
      44.6120491027832,
      51.28306579589844
    ],
    [
      127.41846466064453,
      126.32807159423828,
      99.63356018066406,
      135.93629455566406,
      59.188438415527344,
      148.29176330566406,
      12.010405540466309,
      134.5185546875,
      76.2066421508789,
      122.19705200195312,
      62.595947265625,
      137.8412628173828,
      68.05308532714844,
      123.83809661865234,
      50.289100646972656,
      115.965576171875,
      60.85673522949219,
      130.87840270996094
    ],
    [
      5.220589637756348,
      3.6976547241210938,
      11.46741771697998,
      15.702958106994629,
      33.856075286865234,
      12.010405540466309,
      59.19391632080078,
      19.799373626708984,
      41.12152099609375,
      32.278438568115234,
      43.8740119934082,
      22.070945739746094,
      41.42646408081055,
      26.860130310058594,
      41.75449752807617,
      27.519845962524414,
      40.23116683959961,
      10.82158088684082
    ],
    [
      118.2507095336914,
      115.93946075439453,
      96.39610290527344,
      136.46463012695312,
      60.66299057006836,
      134.5185546875,
      19.799373626708984,
      155.03794860839844,
      82.9496078491211,
      146.95611572265625,
      64.61995697021484,
      152.99942016601562,
      70.7900619506836,
      137.52816772460938,
      52.60292053222656,
      133.4812469482422,
      48.728153228759766,
      128.55091857910156
    ],
    [
      61.8194694519043,
      62.00358581542969,
      50.60258865356445,
      71.79537200927734,
      49.3033447265625,
      76.2066421508789,
      41.12152099609375,
      82.9496078491211,
      80.42993927001953,
      80.52586364746094,
      62.00740432739258,
      81.14335632324219,
      63.754539489746094,
      72.90682983398438,
      53.98054122924805,
      72.63003540039062,
      50.957149505615234,
      69.01382446289062
    ],
    [
      103.60012817382812,
      103.17035675048828,
      94.06688690185547,
      128.0858612060547,
      64.78602600097656,
      122.19705200195312,
      32.278438568115234,
      146.95611572265625,
      80.52586364746094,
      159.3820343017578,
      69.18911743164062,
      156.97976684570312,
      71.48336029052734,
      147.6086883544922,
      56.58110809326172,
      144.21746826171875,
      53.236114501953125,
      119.06815338134766
    ],
    [
      50.58835220336914,
      48.8277702331543,
      51.104373931884766,
      62.85565948486328,
      57.26136779785156,
      62.595947265625,
      43.8740119934082,
      64.61995697021484,
      62.00740432739258,
      69.18911743164062,
      66.28693389892578,
      63.64549255371094,
      59.63858413696289,
      63.08028793334961,
      53.383544921875,
      62.60027313232422,
      49.22464370727539,
      55.14670181274414
    ],
    [
      122.22795867919922,
      120.12879943847656,
      106.3323745727539,
      134.1798095703125,
      61.82733917236328,
      137.8412628173828,
      22.070945739746094,
      152.99942016601562,
      81.14335632324219,
      156.97976684570312,
      63.64549255371094,
      177.4030303955078,
      73.1518783569336,
      152.76593017578125,
      55.747154235839844,
      148.5292205810547,
      55.79387283325195,
      132.6851348876953
    ],
    [
      57.940181732177734,
      56.94450378417969,
      49.547889709472656,
      65.69990539550781,
      49.962646484375,
      68.05308532714844,
      41.42646408081055,
      70.7900619506836,
      63.754539489746094,
      71.48336029052734,
      59.63858413696289,
      73.1518783569336,
      63.685306549072266,
      65.62773895263672,
      54.10944366455078,
      64.8952865600586,
      49.30415725708008,
      62.04621887207031
    ],
    [
      108.05804443359375,
      106.31848907470703,
      102.87600708007812,
      130.99354553222656,
      59.680580139160156,
      123.83809661865234,
      26.860130310058594,
      137.52816772460938,
      72.90682983398438,
      147.6086883544922,
      63.08028793334961,
      152.76593017578125,
      65.62773895263672,
      150.75392150878906,
      51.53644561767578,
      140.4066619873047,
      58.6173095703125,
      119.4981689453125
    ],
    [
      41.27887725830078,
      40.751766204833984,
      41.77150344848633,
      48.95347595214844,
      45.91375732421875,
      50.289100646972656,
      41.75449752807617,
      52.60292053222656,
      53.98054122924805,
      56.58110809326172,
      53.383544921875,
      55.747154235839844,
      54.10944366455078,
      51.53644561767578,
      49.004940032958984,
      51.48583984375,
      44.5875129699707,
      45.663169860839844
    ],
    [
      98.65825653076172,
      98.19449615478516,
      94.09868621826172,
      122.02330017089844,
      58.51329040527344,
      115.965576171875,
      27.519845962524414,
      133.4812469482422,
      72.63003540039062,
      144.21746826171875,
      62.60027313232422,
      148.5292205810547,
      64.8952865600586,
      140.4066619873047,
      51.48583984375,
      137.60337829589844,
      52.76221466064453,
      112.95030975341797
    ],
    [
      55.08454132080078,
      53.094730377197266,
      44.27145767211914,
      57.888526916503906,
      44.6120491027832,
      60.85673522949219,
      40.23116683959961,
      48.728153228759766,
      50.957149505615234,
      53.236114501953125,
      49.22464370727539,
      55.79387283325195,
      49.30415725708008,
      58.6173095703125,
      44.5875129699707,
      52.76221466064453,
      137.5613555908203,
      113.80140686035156
    ],
    [
      118.6850357055664,
      117.07322692871094,
      92.01029968261719,
      125.81668853759766,
      51.28306579589844,
      130.87840270996094,
      10.82158088684082,
      128.55091857910156,
      69.01382446289062,
      119.06815338134766,
      55.14670181274414,
      132.6851348876953,
      62.04621887207031,
      119.4981689453125,
      45.663169860839844,
      112.95030975341797,
      113.80140686035156,
      154.22119140625
    ]
  ],
  "covariance_short": [
    [
      145.08619689941406,
      114.29345703125,
      92.56620788574219,
      113.31524658203125,
      61.75917053222656,
      118.35205841064453,
      24.025737762451172,
      121.01720428466797,
      66.8296890258789,
      96.716796875,
      51.72132110595703,
      109.49581909179688,
      58.321800231933594,
      90.56742858886719,
      42.40069580078125,
      84.7743911743164,
      73.18965911865234,
      118.6617202758789
    ],
    [
      114.29345703125,
      120.24517822265625,
      83.25528717041016,
      109.33082580566406,
      57.17586135864258,
      115.03173065185547,
      17.101390838623047,
      115.35081481933594,
      62.37519836425781,
      93.79508972167969,
      46.277381896972656,
      105.61962127685547,
      54.17683792114258,
      88.89724731445312,
      39.722896575927734,
      84.72115325927734,
      63.416969299316406,
      113.95105743408203
    ],
    [
      92.56620788574219,
      83.25528717041016,
      143.6669464111328,
      113.69261932373047,
      82.87129211425781,
      108.6070785522461,
      25.305587768554688,
      119.49877166748047,
      65.99237823486328,
      107.71116638183594,
      60.097381591796875,
      114.76953887939453,
      63.62669372558594,
      104.8429183959961,
      50.520240783691406,
      101.61275482177734,
      50.527862548828125,
      104.00798034667969
    ],
    [
      113.31524658203125,
      109.33082580566406,
      113.69261932373047,
      163.61895751953125,
      77.08516693115234,
      138.82815551757812,
      27.842987060546875,
      151.47119140625,
      83.23429870605469,
      136.3316192626953,
      68.40248107910156,
      143.6087646484375,
      70.81538391113281,
      134.86920166015625,
      51.92849349975586,
      128.11111450195312,
      69.63856506347656,
      133.9879608154297
    ],
    [
      61.75917053222656,
      57.17586135864258,
      82.87129211425781,
      77.08516693115234,
      93.07154083251953,
      75.45914459228516,
      49.23760223388672,
      86.55573272705078,
      66.38191223144531,
      86.23248291015625,
      69.71891784667969,
      86.73287963867188,
      66.64374542236328,
      81.7947006225586,
      57.785865783691406,
      74.55542755126953,
      57.756038665771484,
      71.81477355957031
    ],
    [
      118.35205841064453,
      115.03173065185547,
      108.6070785522461,
      138.82815551757812,
      75.45914459228516,
      153.26419067382812,
      26.685834884643555,
      145.52252197265625,
      84.20123291015625,
      124.1820068359375,
      64.91893768310547,
      138.86941528320312,
      70.79743957519531,
      118.49179077148438,
      52.04042434692383,
      113.07206726074219,
      69.7949447631836,
      135.4718780517578
    ],
    [
      24.025737762451172,
      17.101390838623047,
      25.305587768554688,
      27.842987060546875,
      49.23760223388672,
      26.685834884643555,
      89.75627136230469,
      48.09980010986328,
      57.83003616333008,
      54.04611587524414,
      65.25110626220703,
      58.08967208862305,
      59.81760025024414,
      45.857051849365234,
      57.608524322509766,
      39.605167388916016,
      58.6868896484375,
      31.455474853515625
    ],
    [
      121.01720428466797,
      115.35081481933594,
      119.49877166748047,
      151.47119140625,
      86.55573272705078,
      145.52252197265625,
      48.09980010986328,
      182.177001953125,
      99.24851989746094,
      155.79595947265625,
      81.14812469482422,
      167.43775939941406,
      89.29629516601562,
      151.81817626953125,
      67.66720581054688,
      142.05677795410156,
      76.41790008544922,
      146.3758544921875
    ],
    [
      66.8296890258789,
      62.37519836425781,
      65.99237823486328,
      83.23429870605469,
      66.38191223144531,
      84.20123291015625,
      57.83003616333008,
      99.24851989746094,
      100.7204360961914,
      103.17298126220703,
      78.07836151123047,
      104.17018127441406,
      81.65851593017578,
      93.8766098022461,
      66.25332641601562,
      87.0190200805664,
      62.06477737426758,
      82.04142761230469
    ],
    [
      96.716796875,
      93.79508972167969,
      107.71116638183594,
      136.3316192626953,
      86.23248291015625,
      124.1820068359375,
      54.04611587524414,
      155.79595947265625,
      103.17298126220703,
      173.2755126953125,
      88.80804443359375,
      166.5738525390625,
      91.57618713378906,
      151.7074737548828,
      71.12174224853516,
      141.21484375,
      71.1758804321289,
      126.30518341064453
    ],
    [
      51.72132110595703,
      46.277381896972656,
      60.097381591796875,
      68.40248107910156,
      69.71891784667969,
      64.91893768310547,
      65.25110626220703,
      81.14812469482422,
      78.07836151123047,
      88.80804443359375,
      84.47333526611328,
      88.09761047363281,
      74.32827758789062,
      82.28160858154297,
      65.74271392822266,
      72.20429229736328,
      60.167449951171875,
      65.3733139038086
    ],
    [
      109.49581909179688,
      105.61962127685547,
      114.76953887939453,
      143.6087646484375,
      86.73287963867188,
      138.86941528320312,
      58.08967208862305,
      167.43775939941406,
      104.17018127441406,
      166.5738525390625,
      88.09761047363281,
      188.3134307861328,
      94.62777709960938,
      156.43695068359375,
      71.79344177246094,
      145.8772735595703,
      77.89402770996094,
      139.35519409179688
    ],
    [
      58.321800231933594,
      54.17683792114258,
      63.62669372558594,
      70.81538391113281,
      66.64374542236328,
      70.79743957519531,
      59.81760025024414,
      89.29629516601562,
      81.65851593017578,
      91.57618713378906,
      74.32827758789062,
      94.62777709960938,
      81.50360870361328,
      83.44320678710938,
      67.25883483886719,
      77.46366882324219,
      61.156002044677734,
      72.5121078491211
    ],
    [
      90.56742858886719,
      88.89724731445312,
      104.8429183959961,
      134.86920166015625,
      81.7947006225586,
      118.49179077148438,
      45.857051849365234,
      151.81817626953125,
      93.8766098022461,
      151.7074737548828,
      82.28160858154297,
      156.43695068359375,
      83.44320678710938,
      157.9973602294922,
      65.0918960571289,
      140.5539093017578,
      68.01437377929688,
      123.8944091796875
    ],
    [
      42.40069580078125,
      39.722896575927734,
      50.520240783691406,
      51.92849349975586,
      57.785865783691406,
      52.04042434692383,
      57.608524322509766,
      67.66720581054688,
      66.25332641601562,
      71.12174224853516,
      65.74271392822266,
      71.79344177246094,
      67.25883483886719,
      65.0918960571289,
      63.671173095703125,
      60.004737854003906,
      56.04658889770508,
      55.93812942504883
    ],
    [
      84.7743911743164,
      84.72115325927734,
      101.61275482177734,
      128.11111450195312,
      74.55542755126953,
      113.07206726074219,
      39.605167388916016,
      142.05677795410156,
      87.0190200805664,
      141.21484375,
      72.20429229736328,
      145.8772735595703,
      77.46366882324219,
      140.5539093017578,
      60.004737854003906,
      143.8737335205078,
      61.41687774658203,
      119.16631317138672
    ],
    [
      73.18965911865234,
      63.416969299316406,
      50.527862548828125,
      69.63856506347656,
      57.756038665771484,
      69.7949447631836,
      58.6868896484375,
      76.41790008544922,
      62.06477737426758,
      71.1758804321289,
      60.167449951171875,
      77.89402770996094,
      61.156002044677734,
      68.01437377929688,
      56.04658889770508,
      61.41687774658203,
      151.2277374267578,
      126.01777648925781
    ],
    [
      118.6617202758789,
      113.95105743408203,
      104.00798034667969,
      133.9879608154297,
      71.81477355957031,
      135.4718780517578,
      31.455474853515625,
      146.3758544921875,
      82.04142761230469,
      126.30518341064453,
      65.3733139038086,
      139.35519409179688,
      72.5121078491211,
      123.8944091796875,
      55.93812942504883,
      119.16631317138672,
      126.01777648925781,
      162.2341766357422
    ]
  ],
  "damage": -4.5330071449279785,
  "diff_bandwidth": 952.9962158203125,
  "dissonance": 11.201848964269987,
  "drr": -0.5760124325752258,
  "dynamics": 3.6740081310272217,
  "format": 1245190,
  "frames": 778240,
  "loudness": -7.595643997192383,
  "loudness_range": 8.02949333190918,
  "loudness_range_short": 13.864892959594727,
  "lowpass_true_peak_15khz": 0.39470818638801575,
  "mastering3_acoustic_entropies": [
    {
      "acoustic_entropy": 7.499704837799072,
      "acoustic_entropy_mono": 7.2249555587768555,
      "band_eliminated_acoustic_entropies": [
        {
          "acoustic_entropy": 7.467685699462891,
          "acoustic_entropy_side": 7.499661445617676,
          "hz": 129.47220167065723
        },
        {
          "acoustic_entropy": 7.454546928405762,
          "acoustic_entropy_side": 7.498361110687256,
          "hz": 202.92927478742237
        },
        {
          "acoustic_entropy": 7.494150638580322,
          "acoustic_entropy_side": 7.499307155609131,
          "hz": 282.89161906338205
        },
        {
          "acoustic_entropy": 7.431833744049072,
          "acoustic_entropy_side": 7.49959659576416,
          "hz": 369.9353335868758
        },
        {
          "acoustic_entropy": 7.178170204162598,
          "acoustic_entropy_side": 7.49851131439209,
          "hz": 464.6875360973435
        },
        {
          "acoustic_entropy": 7.1608452796936035,
          "acoustic_entropy_side": 7.518467903137207,
          "hz": 567.8308811364784
        },
        {
          "acoustic_entropy": 7.483162879943848,
          "acoustic_entropy_side": 7.5002923011779785,
          "hz": 680.1084783214808
        },
        {
          "acoustic_entropy": 7.915186882019043,
          "acoustic_entropy_side": 7.505303382873535,
          "hz": 802.3292461747484
        },
        {
          "acoustic_entropy": 7.191478729248047,
          "acoustic_entropy_side": 7.481503963470459,
          "hz": 935.3737400823702
        },
        {
          "acoustic_entropy": 7.555331707000732,
          "acoustic_entropy_side": 7.484867095947266,
          "hz": 1080.2004963696966
        },
        {
          "acoustic_entropy": 7.4187092781066895,
          "acoustic_entropy_side": 7.553072929382324,
          "hz": 1237.8529382007157
        },
        {
          "acoustic_entropy": 7.290837287902832,
          "acoustic_entropy_side": 7.514054298400879,
          "hz": 1409.4668930556702
        },
        {
          "acoustic_entropy": 7.208023548126221,
          "acoustic_entropy_side": 7.481485843658447,
          "hz": 1596.2787759475705
        },
        {
          "acoustic_entropy": 6.656045436859131,
          "acoustic_entropy_side": 7.512922286987305,
          "hz": 1799.6344973346393
        },
        {
          "acoustic_entropy": 7.196032524108887,
          "acoustic_entropy_side": 7.5018134117126465,
          "hz": 2020.9991599069049
        },
        {
          "acoustic_entropy": 7.474407196044922,
          "acoustic_entropy_side": 7.462836742401123,
          "hz": 2261.9676141086993
        },
        {
          "acoustic_entropy": 7.179721832275391,
          "acoustic_entropy_side": 7.465555191040039,
          "hz": 2524.2759484456974
        },
        {
          "acoustic_entropy": 7.509661674499512,
          "acoustic_entropy_side": 7.451481342315674,
          "hz": 2809.813997359896
        },
        {
          "acoustic_entropy": 7.2134199142456055,
          "acoustic_entropy_side": 7.471169471740723,
          "hz": 3120.6389567871424
        },
        {
          "acoustic_entropy": 7.0392351150512695,
          "acoustic_entropy_side": 7.438630104064941,
          "hz": 3458.990205492291
        },
        {
          "acoustic_entropy": 7.415546417236328,
          "acoustic_entropy_side": 7.504970550537109,
          "hz": 3827.305438964164
        },
        {
          "acoustic_entropy": 7.243584156036377,
          "acoustic_entropy_side": 7.49296760559082,
          "hz": 4228.238232109126
        },
        {
          "acoustic_entropy": 7.461548805236816,
          "acoustic_entropy_side": 7.470672130584717,
          "hz": 4664.6771572759235
        },
        {
          "acoustic_entropy": 7.44071102142334,
          "acoustic_entropy_side": 7.476118087768555,
          "hz": 5139.766595350093
        },
        {
          "acoustic_entropy": 7.447336196899414,
          "acoustic_entropy_side": 7.474911212921143,
          "hz": 5656.929389854203
        },
        {
          "acoustic_entropy": 7.452368259429932,
          "acoustic_entropy_side": 7.5033860206604,
          "hz": 6219.891507268283
        },
        {
          "acoustic_entropy": 7.4731059074401855,
          "acoustic_entropy_side": 7.503298759460449,
          "hz": 6832.70888123896
        },
        {
          "acoustic_entropy": 7.433444976806641,
          "acoustic_entropy_side": 7.505191802978516,
          "hz": 7499.796634079867
        },
        {
          "acoustic_entropy": 7.456972122192383,
          "acoustic_entropy_side": 7.4971923828125,
          "hz": 8225.96088609342
        },
        {
          "acoustic_entropy": 7.497414588928223,
          "acoustic_entropy_side": 7.499020099639893,
          "hz": 9016.43338188839
        },
        {
          "acoustic_entropy": 7.4946675300598145,
          "acoustic_entropy_side": 7.497786998748779,
          "hz": 9876.909183162974
        },
        {
          "acoustic_entropy": 7.493800640106201,
          "acoustic_entropy_side": 7.500246047973633,
          "hz": 10813.587699516042
        },
        {
          "acoustic_entropy": 7.493631362915039,
          "acoustic_entropy_side": 7.500451564788818,
          "hz": 11833.21735289826
        },
        {
          "acoustic_entropy": 7.4964070320129395,
          "acoustic_entropy_side": 7.499813079833984,
          "hz": 12943.144197493959
        },
        {
          "acoustic_entropy": 7.498600482940674,
          "acoustic_entropy_side": 7.499707221984863,
          "hz": 14151.364845322005
        },
        {
          "acoustic_entropy": 7.499515056610107,
          "acoustic_entropy_side": 7.499703884124756,
          "hz": 15466.58407886509
        },
        {
          "acoustic_entropy": 7.4996514320373535,
          "acoustic_entropy_side": 7.499705791473389,
          "hz": 16898.27756580493
        },
        {
          "acoustic_entropy": 7.499661445617676,
          "acoustic_entropy_side": 7.4997053146362305,
          "hz": 18456.760127700032
        },
        {
          "acoustic_entropy": 7.4996771812438965,
          "acoustic_entropy_side": 7.499704837799072,
          "hz": 20153.260054456492
        },
        {
          "acoustic_entropy": 7.499704837799072,
          "acoustic_entropy_side": 7.499704837799072,
          "hz": 22000.00000000001
        }
      ],
      "diff_acoustic_entropy": 6.309284210205078,
      "sn": 6
    },
    {
      "acoustic_entropy": 10.207767486572266,
      "acoustic_entropy_mono": 9.500076293945312,
      "band_eliminated_acoustic_entropies": [
        {
          "acoustic_entropy": 10.612736701965332,
          "acoustic_entropy_side": 10.206456184387207,
          "hz": 129.47220167065723
        },
        {
          "acoustic_entropy": 10.35988998413086,
          "acoustic_entropy_side": 10.216782569885254,
          "hz": 202.92927478742237
        },
        {
          "acoustic_entropy": 10.211326599121094,
          "acoustic_entropy_side": 10.21102523803711,
          "hz": 282.89161906338205
        },
        {
          "acoustic_entropy": 10.638335227966309,
          "acoustic_entropy_side": 10.212244033813477,
          "hz": 369.9353335868758
        },
        {
          "acoustic_entropy": 10.529542922973633,
          "acoustic_entropy_side": 10.196423530578613,
          "hz": 464.6875360973435
        },
        {
          "acoustic_entropy": 10.625514030456543,
          "acoustic_entropy_side": 10.181474685668945,
          "hz": 567.8308811364784
        },
        {
          "acoustic_entropy": 10.404067039489746,
          "acoustic_entropy_side": 10.178703308105469,
          "hz": 680.1084783214808
        },
        {
          "acoustic_entropy": 10.5936861038208,
          "acoustic_entropy_side": 10.345778465270996,
          "hz": 802.3292461747484
        },
        {
          "acoustic_entropy": 10.727038383483887,
          "acoustic_entropy_side": 10.136625289916992,
          "hz": 935.3737400823702
        },
        {
          "acoustic_entropy": 10.157991409301758,
          "acoustic_entropy_side": 10.304073333740234,
          "hz": 1080.2004963696966
        },
        {
          "acoustic_entropy": 10.060182571411133,
          "acoustic_entropy_side": 10.380188941955566,
          "hz": 1237.8529382007157
        },
        {
          "acoustic_entropy": 10.19376277923584,
          "acoustic_entropy_side": 10.249065399169922,
          "hz": 1409.4668930556702
        },
        {
          "acoustic_entropy": 10.6217041015625,
          "acoustic_entropy_side": 10.209447860717773,
          "hz": 1596.2787759475705
        },
        {
          "acoustic_entropy": 10.193704605102539,
          "acoustic_entropy_side": 10.137381553649902,
          "hz": 1799.6344973346393
        },
        {
          "acoustic_entropy": 10.53743839263916,
          "acoustic_entropy_side": 10.144509315490723,
          "hz": 2020.9991599069049
        },
        {
          "acoustic_entropy": 10.609256744384766,
          "acoustic_entropy_side": 10.18545150756836,
          "hz": 2261.9676141086993
        },
        {
          "acoustic_entropy": 9.912752151489258,
          "acoustic_entropy_side": 10.231925010681152,
          "hz": 2524.2759484456974
        },
        {
          "acoustic_entropy": 10.183658599853516,
          "acoustic_entropy_side": 10.174239158630371,
          "hz": 2809.813997359896
        },
        {
          "acoustic_entropy": 10.744046211242676,
          "acoustic_entropy_side": 10.2031831741333,
          "hz": 3120.6389567871424
        },
        {
          "acoustic_entropy": 11.041220664978027,
          "acoustic_entropy_side": 10.134685516357422,
          "hz": 3458.990205492291
        },
        {
          "acoustic_entropy": 10.336217880249023,
          "acoustic_entropy_side": 10.203049659729004,
          "hz": 3827.305438964164
        },
        {
          "acoustic_entropy": 9.987646102905273,
          "acoustic_entropy_side": 10.156140327453613,
          "hz": 4228.238232109126
        },
        {
          "acoustic_entropy": 10.108040809631348,
          "acoustic_entropy_side": 10.156153678894043,
          "hz": 4664.6771572759235
        },
        {
          "acoustic_entropy": 10.148408889770508,
          "acoustic_entropy_side": 10.122002601623535,
          "hz": 5139.766595350093
        },
        {
          "acoustic_entropy": 10.421236991882324,
          "acoustic_entropy_side": 10.136696815490723,
          "hz": 5656.929389854203
        },
        {
          "acoustic_entropy": 10.242606163024902,
          "acoustic_entropy_side": 10.138691902160645,
          "hz": 6219.891507268283
        },
        {
          "acoustic_entropy": 10.191190719604492,
          "acoustic_entropy_side": 10.131498336791992,
          "hz": 6832.70888123896
        },
        {
          "acoustic_entropy": 10.21521282196045,
          "acoustic_entropy_side": 10.233153343200684,
          "hz": 7499.796634079867
        },
        {
          "acoustic_entropy": 10.357337951660156,
          "acoustic_entropy_side": 10.259378433227539,
          "hz": 8225.96088609342
        },
        {
          "acoustic_entropy": 10.189619064331055,
          "acoustic_entropy_side": 10.215365409851074,
          "hz": 9016.43338188839
        },
        {
          "acoustic_entropy": 10.141558647155762,
          "acoustic_entropy_side": 10.210524559020996,
          "hz": 9876.909183162974
        },
        {
          "acoustic_entropy": 10.142704963684082,
          "acoustic_entropy_side": 10.234753608703613,
          "hz": 10813.587699516042
        },
        {
          "acoustic_entropy": 10.205655097961426,
          "acoustic_entropy_side": 10.216251373291016,
          "hz": 11833.21735289826
        },
        {
          "acoustic_entropy": 10.22295093536377,
          "acoustic_entropy_side": 10.208043098449707,
          "hz": 12943.144197493959
        },
        {
          "acoustic_entropy": 10.208332061767578,
          "acoustic_entropy_side": 10.208349227905273,
          "hz": 14151.364845322005
        },
        {
          "acoustic_entropy": 10.205160140991211,
          "acoustic_entropy_side": 10.208173751831055,
          "hz": 15466.58407886509
        },
        {
          "acoustic_entropy": 10.20496654510498,
          "acoustic_entropy_side": 10.20782470703125,
          "hz": 16898.27756580493
        },
        {
          "acoustic_entropy": 10.207088470458984,
          "acoustic_entropy_side": 10.20777416229248,
          "hz": 18456.760127700032
        },
        {
          "acoustic_entropy": 10.207562446594238,
          "acoustic_entropy_side": 10.207767486572266,
          "hz": 20153.260054456492
        },
        {
          "acoustic_entropy": 10.207755088806152,
          "acoustic_entropy_side": 10.207768440246582,
          "hz": 22000.00000000001
        }
      ],
      "diff_acoustic_entropy": 8.673111915588379,
      "sn": 12
    },
    {
      "acoustic_entropy": 14.93836784362793,
      "acoustic_entropy_mono": 12.96285343170166,
      "band_eliminated_acoustic_entropies": [
        {
          "acoustic_entropy": 15.256837844848633,
          "acoustic_entropy_side": 14.934914588928223,
          "hz": 129.47220167065723
        },
        {
          "acoustic_entropy": 14.76274299621582,
          "acoustic_entropy_side": 15.111150741577148,
          "hz": 202.92927478742237
        },
        {
          "acoustic_entropy": 14.939364433288574,
          "acoustic_entropy_side": 14.950249671936035,
          "hz": 282.89161906338205
        },
        {
          "acoustic_entropy": 13.96241569519043,
          "acoustic_entropy_side": 14.872865676879883,
          "hz": 369.9353335868758
        },
        {
          "acoustic_entropy": 14.226665496826172,
          "acoustic_entropy_side": 14.941189765930176,
          "hz": 464.6875360973435
        },
        {
          "acoustic_entropy": 15.145010948181152,
          "acoustic_entropy_side": 14.969565391540527,
          "hz": 567.8308811364784
        },
        {
          "acoustic_entropy": 15.303960800170898,
          "acoustic_entropy_side": 15.004209518432617,
          "hz": 680.1084783214808
        },
        {
          "acoustic_entropy": 14.119980812072754,
          "acoustic_entropy_side": 14.44494915008545,
          "hz": 802.3292461747484
        },
        {
          "acoustic_entropy": 14.566533088684082,
          "acoustic_entropy_side": 14.441169738769531,
          "hz": 935.3737400823702
        },
        {
          "acoustic_entropy": 14.812426567077637,
          "acoustic_entropy_side": 15.16707706451416,
          "hz": 1080.2004963696966
        },
        {
          "acoustic_entropy": 14.340656280517578,
          "acoustic_entropy_side": 14.412373542785645,
          "hz": 1237.8529382007157
        },
        {
          "acoustic_entropy": 14.81740951538086,
          "acoustic_entropy_side": 14.927435874938965,
          "hz": 1409.4668930556702
        },
        {
          "acoustic_entropy": 14.288384437561035,
          "acoustic_entropy_side": 14.946371078491211,
          "hz": 1596.2787759475705
        },
        {
          "acoustic_entropy": 15.357260704040527,
          "acoustic_entropy_side": 14.8046293258667,
          "hz": 1799.6344973346393
        },
        {
          "acoustic_entropy": 14.830608367919922,
          "acoustic_entropy_side": 14.907838821411133,
          "hz": 2020.9991599069049
        },
        {
          "acoustic_entropy": 14.599946975708008,
          "acoustic_entropy_side": 14.915238380432129,
          "hz": 2261.9676141086993
        },
        {
          "acoustic_entropy": 14.569185256958008,
          "acoustic_entropy_side": 14.860447883605957,
          "hz": 2524.2759484456974
        },
        {
          "acoustic_entropy": 15.116598129272461,
          "acoustic_entropy_side": 14.922836303710938,
          "hz": 2809.813997359896
        },
        {
          "acoustic_entropy": 14.827375411987305,
          "acoustic_entropy_side": 14.908395767211914,
          "hz": 3120.6389567871424
        },
        {
          "acoustic_entropy": 15.349291801452637,
