{
  "acoustic_entropy": 165.89715576171875,
  "bands": [
    {
      "high_freq": 148.1999969482422,
      "loudness": -30.120847702026367,
      "loudness_range": 14.883638381958008,
      "mid_mean": -29.52534294128418,
      "mid_to_side_loudness": -0.6918124556541443,
      "mid_to_side_loudness_range": 6.790689468383789,
      "side_mean": -29.28125762939453
    },
    {
      "high_freq": 392.3793640136719,
      "loudness": -27.10932159423828,
      "loudness_range": 11.984945297241211,
      "low_freq": 148.1999969482422,
      "mid_mean": -24.937395095825195,
      "mid_to_side_loudness": -4.346403121948242,
      "mid_to_side_loudness_range": 7.428215026855469,
      "side_mean": -29.18764305114746
    },
    {
      "high_freq": 794.6976318359375,
      "loudness": -26.324804306030273,
      "loudness_range": 12.044305801391602,
      "low_freq": 392.3793640136719,
      "mid_mean": -22.941566467285156,
      "mid_to_side_loudness": -12.147150993347168,
      "mid_to_side_loudness_range": 9.960981369018555,
      "side_mean": -35.212642669677734
    },
    {
      "high_freq": 1457.5709228515625,
      "loudness": -35.597721099853516,
      "loudness_range": 13.240699768066406,
      "low_freq": 794.6976318359375,
      "mid_mean": -32.532527923583984,
      "mid_to_side_loudness": -8.499078750610352,
      "mid_to_side_loudness_range": 6.594220161437988,
      "side_mean": -41.10884475708008
    },
    {
      "high_freq": 2549.74365234375,
      "loudness": -38.11305618286133,
      "loudness_range": 12.98763656616211,
      "low_freq": 1457.5709228515625,
      "mid_mean": -35.34661865234375,
      "mid_to_side_loudness": -6.386002063751221,
      "mid_to_side_loudness_range": 4.696854591369629,
      "side_mean": -41.792823791503906
    },
    {
      "high_freq": 4349.24462890625,
      "loudness": -41.15628433227539,
      "loudness_range": 15.763175964355469,
      "low_freq": 2549.74365234375,
      "mid_mean": -39.3072624206543,
      "mid_to_side_loudness": -2.761096239089966,
      "mid_to_side_loudness_range": 3.166919469833374,
      "side_mean": -42.09779357910156
    },
    {
      "high_freq": 7314.1640625,
      "loudness": -43.90777587890625,
      "loudness_range": 24.68737030029297,
      "low_freq": 4349.24462890625,
      "mid_mean": -44.16181182861328,
      "mid_to_side_loudness": 1.465119481086731,
      "mid_to_side_loudness_range": 2.121244430541992,
      "side_mean": -42.70293426513672
    },
    {
      "high_freq": 12199.2666015625,
      "loudness": -47.38930892944336,
      "loudness_range": 29.49209213256836,
      "low_freq": 7314.1640625,
      "mid_mean": -49.41559982299805,
      "mid_to_side_loudness": 2.023510217666626,
      "mid_to_side_loudness_range": 3.2743096351623535,
      "side_mean": -47.51741409301758
    },
    {
      "loudness": -56.21710968017578,
      "loudness_range": 22.896846771240234,
      "low_freq": 12199.2666015625,
      "mid_mean": -54.58608627319336,
      "mid_to_side_loudness": -1.3628063201904297,
      "mid_to_side_loudness_range": 2.726850748062134,
      "side_mean": -55.655513763427734
    }
  ],
  "bands_short": [
    {
      "high_freq": 148.1999969482422,
      "loudness": -33.502681732177734,
      "loudness_range": 22.23392105102539,
      "mid_mean": -33.037445068359375,
      "mid_to_side_loudness": -1.0788766145706177,
      "mid_to_side_loudness_range": 11.969263076782227,
      "side_mean": -33.03254699707031
    },
    {
      "high_freq": 392.3793640136719,
      "loudness": -28.490066528320312,
      "loudness_range": 14.458564758300781,
      "low_freq": 148.1999969482422,
      "mid_mean": -26.762296676635742,
      "mid_to_side_loudness": -3.0702638626098633,
      "mid_to_side_loudness_range": 7.6889848709106445,
      "side_mean": -29.686811447143555
    },
    {
      "high_freq": 794.6976318359375,
      "loudness": -26.862972259521484,
      "loudness_range": 15.436540603637695,
      "low_freq": 392.3793640136719,
      "mid_mean": -23.58466148376465,
      "mid_to_side_loudness": -11.717308044433594,
      "mid_to_side_loudness_range": 12.923870086669922,
      "side_mean": -35.48561477661133
    },
    {
      "high_freq": 1457.5709228515625,
      "loudness": -35.36466979980469,
      "loudness_range": 16.46000862121582,
      "low_freq": 794.6976318359375,
      "mid_mean": -32.26936340332031,
      "mid_to_side_loudness": -9.305330276489258,
      "mid_to_side_loudness_range": 10.470759391784668,
      "side_mean": -41.67021179199219
    },
    {
      "high_freq": 2549.74365234375,
      "loudness": -39.07305145263672,
      "loudness_range": 15.954946517944336,
      "low_freq": 1457.5709228515625,
      "mid_mean": -36.34085464477539,
      "mid_to_side_loudness": -6.411660194396973,
      "mid_to_side_loudness_range": 6.225409030914307,
      "side_mean": -42.79387283325195
    },
    {
      "high_freq": 4349.24462890625,
      "loudness": -42.146785736083984,
      "loudness_range": 19.005916595458984,
      "low_freq": 2549.74365234375,
      "mid_mean": -40.284236907958984,
      "mid_to_side_loudness": -2.951392412185669,
      "mid_to_side_loudness_range": 4.4502973556518555,
      "side_mean": -43.252052307128906
    },
    {
      "high_freq": 7314.1640625,
      "loudness": -45.1539421081543,
      "loudness_range": 28.590051651000977,
      "low_freq": 4349.24462890625,
      "mid_mean": -45.87946701049805,
      "mid_to_side_loudness": 1.666760802268982,
      "mid_to_side_loudness_range": 3.8372879028320312,
      "side_mean": -44.15142822265625
    },
    {
      "high_freq": 12199.2666015625,
      "loudness": -49.1310920715332,
      "loudness_range": 32.922645568847656,
      "low_freq": 7314.1640625,
      "mid_mean": -52.33243179321289,
      "mid_to_side_loudness": 2.726752758026123,
      "mid_to_side_loudness_range": 5.127614974975586,
      "side_mean": -50.01679611206055
    },
    {
      "loudness": -58.45509338378906,
      "loudness_range": 24.861095428466797,
      "low_freq": 12199.2666015625,
      "mid_mean": -56.590721130371094,
      "mid_to_side_loudness": -1.5307537317276,
      "mid_to_side_loudness_range": 4.109842777252197,
      "side_mean": -57.76875686645508
    }
  ],
  "bandwidth": 471.9162902832031,
  "channels": 2,
  "covariance": [
    [
      29.84662628173828,
      26.23448944091797,
      8.016622543334961,
      9.870481491088867,
      5.55851411819458,
      6.8622846603393555,
      5.706996917724609,
      6.373177528381348,
      5.79479455947876,
      7.024250030517578,
      11.049019813537598,
      11.974305152893066,
      20.096158981323242,
      20.208850860595703,
      28.69652557373047,
      28.361051559448242,
      18.517011642456055,
      19.555055618286133
    ],
    [
      26.23448944091797,
      34.97280502319336,
      3.220773696899414,
      4.951113700866699,
      4.471063137054443,
      5.020471096038818,
      6.0837082862854,
      6.5857415199279785,
      6.136891841888428,
      6.557682037353516,
      9.221247673034668,
      10.080291748046875,
      18.771142959594727,
      19.165090560913086,
      27.23432159423828,
      28.213043212890625,
      17.695161819458008,
      18.711742401123047
    ],
    [
      8.016622543334961,
      3.220773696899414,
      21.37510108947754,
      17.221750259399414,
      7.303338527679443,
      8.644488334655762,
      6.890532493591309,
      7.1986002922058105,
      9.203627586364746,
      10.541145324707031,
      11.194724082946777,
      11.425806999206543,
      12.64394474029541,
      12.804560661315918,
      15.173906326293945,
      14.660372734069824,
      9.71132755279541,
      10.16755199432373
    ],
    [
      9.870481491088867,
      4.951113700866699,
      17.221750259399414,
      22.711278915405273,
      5.946010112762451,
      8.716663360595703,
      6.040225028991699,
      8.41064453125,
      7.667253017425537,
      9.423707962036133,
      11.031773567199707,
      11.712735176086426,
      15.019535064697266,
      15.237833023071289,
      19.490755081176758,
      19.33582878112793,
      12.972879409790039,
      13.538640022277832
    ],
    [
      5.55851411819458,
      4.471063137054443,
      7.303338527679443,
      5.946010112762451,
      19.961483001708984,
      13.670748710632324,
      9.308950424194336,
      9.583698272705078,
      10.650025367736816,
      9.916971206665039,
      13.417520523071289,
      12.938467025756836,
      12.077085494995117,
      12.4585542678833,
      14.767330169677734,
      15.200014114379883,
      10.547249794006348,
      10.868155479431152
    ],
    [
      6.8622846603393555,
      5.020471096038818,
      8.644488334655762,
      8.716663360595703,
      13.670748710632324,
      17.74128532409668,
      9.44766902923584,
      11.549125671386719,
      12.534317016601562,
      12.100422859191895,
      15.032310485839844,
      14.831765174865723,
      14.294027328491211,
      14.739605903625488,
      15.735016822814941,
      16.384096145629883,
      10.676040649414062,
      11.02971076965332
    ],
    [
      5.706996917724609,
      6.0837082862854,
      6.890532493591309,
      6.040225028991699,
      9.308950424194336,
      9.44766902923584,
      19.938119888305664,
      17.732574462890625,
      15.54228687286377,
      15.25989818572998,
      14.679271697998047,
      14.088703155517578,
      13.632859230041504,
      14.185598373413086,
      13.271187782287598,
      14.853948593139648,
      8.727348327636719,
      9.013700485229492
    ],
    [
      6.373177528381348,
      6.5857415199279785,
      7.1986002922058105,
      8.41064453125,
      9.583698272705078,
      11.549125671386719,
      17.732574462890625,
      20.9471378326416,
      16.118038177490234,
      16.07685661315918,
      16.096874237060547,
      16.045372009277344,
      16.960325241088867,
      17.633962631225586,
      17.273983001708984,
      19.095378875732422,
      11.441618919372559,
      11.78152847290039
    ],
    [
      5.79479455947876,
      6.136891841888428,
      9.203627586364746,
      7.667253017425537,
      10.650025367736816,
      12.534317016601562,
      15.54228687286377,
      16.118038177490234,
      22.66895866394043,
      21.112869262695312,
      20.039085388183594,
      19.504344940185547,
      19.884876251220703,
      20.82082176208496,
      19.37479019165039,
      21.365209579467773,
      13.296777725219727,
      13.716506958007812
    ],
    [
      7.024250030517578,
      6.557682037353516,
      10.541145324707031,
      9.423707962036133,
      9.916971206665039,
      12.100422859191895,
      15.25989818572998,
      16.07685661315918,
      21.112869262695312,
      21.98921775817871,
      20.69087028503418,
      20.867900848388672,
      23.41494369506836,
      24.326311111450195,
      23.56962013244629,
      25.427162170410156,
      15.933859825134277,
      16.464750289916992
    ],
    [
      11.049019813537598,
      9.221247673034668,
      11.194724082946777,
      11.031773567199707,
      13.417520523071289,
      15.032310485839844,
      14.679271697998047,
      16.096874237060547,
      20.039085388183594,
      20.69087028503418,
      30.457378387451172,
      31.347169876098633,
      39.73707580566406,
      41.013301849365234,
      43.310577392578125,
      45.57332992553711,
      30.08609962463379,
      31.2492618560791
    ],
    [
      11.974305152893066,
      10.080291748046875,
      11.425806999206543,
      11.712735176086426,
      12.938467025756836,
      14.831765174865723,
      14.088703155517578,
      16.045372009277344,
      19.504344940185547,
      20.867900848388672,
      31.347169876098633,
      33.34340286254883,
      44.73356246948242,
      46.042274475097656,
      49.88941955566406,
      52.158138275146484,
      34.344749450683594,
      35.690765380859375
    ],
    [
      20.096158981323242,
      18.771142959594727,
      12.64394474029541,
      15.019535064697266,
      12.077085494995117,
      14.294027328491211,
      13.632859230041504,
      16.960325241088867,
      19.884876251220703,
      23.41494369506836,
      39.73707580566406,
      44.73356246948242,
      82.6474609375,
      83.94770050048828,
      96.2458724975586,
      99.42497253417969,
      65.86587524414062,
      68.98503875732422
    ],
    [
      20.208850860595703,
      19.165090560913086,
      12.804560661315918,
      15.237833023071289,
      12.4585542678833,
      14.739605903625488,
      14.185598373413086,
      17.633962631225586,
      20.82082176208496,
      24.326311111450195,
      41.013301849365234,
      46.042274475097656,
      83.94770050048828,
      85.9753189086914,
      97.39246368408203,
      101.04246520996094,
      67.07831573486328,
      70.08888244628906
    ],
    [
      28.69652557373047,
      27.23432159423828,
      15.173906326293945,
      19.490755081176758,
      14.767330169677734,
      15.735016822814941,
      13.271187782287598,
      17.273983001708984,
      19.37479019165039,
      23.56962013244629,
      43.310577392578125,
      49.88941955566406,
      96.2458724975586,
      97.39246368408203,
      127.61023712158203,
      129.0844268798828,
      87.01235961914062,
      91.29438781738281
    ],
    [
      28.361051559448242,
      28.213043212890625,
      14.660372734069824,
      19.33582878112793,
      15.200014114379883,
      16.384096145629883,
      14.853948593139648,
      19.095378875732422,
      21.365209579467773,
      25.427162170410156,
      45.57332992553711,
      52.158138275146484,
      99.42497253417969,
      101.04246520996094,
      129.0844268798828,
      133.1636199951172,
      88.54440307617188,
      92.8587875366211
    ],
    [
      18.517011642456055,
      17.695161819458008,
      9.71132755279541,
      12.972879409790039,
      10.547249794006348,
      10.676040649414062,
      8.727348327636719,
      11.441618919372559,
      13.296777725219727,
      15.933859825134277,
      30.08609962463379,
      34.344749450683594,
      65.86587524414062,
      67.07831573486328,
      87.01235961914062,
      88.54440307617188,
      65.00923919677734,
      67.4825439453125
    ],
    [
      19.555055618286133,
      18.711742401123047,
      10.16755199432373,
      13.538640022277832,
      10.868155479431152,
      11.02971076965332,
      9.013700485229492,
      11.78152847290039,
      13.716506958007812,
      16.464750289916992,
      31.2492618560791,
      35.690765380859375,
      68.98503875732422,
      70.08888244628906,
      91.29438781738281,
      92.8587875366211,
      67.4825439453125,
      70.4028549194336
    ]
  ],
  "covariance_short": [
    [
      57.2991828918457,
      53.400657653808594,
      14.669061660766602,
      17.99753189086914,
      6.345846176147461,
      7.794800758361816,
      9.281774520874023,
      9.154973983764648,
      8.938989639282227,
      9.61671257019043,
      14.050642967224121,
      14.871142387390137,
      23.732572555541992,
      23.385452270507812,
      30.429975509643555,
      30.947166442871094,
      19.74993324279785,
      20.52292823791504
    ],
    [
      53.400657653808594,
      73.30651092529297,
      10.261563301086426,
      14.498793601989746,
      7.294779300689697,
      7.682764530181885,
      9.557467460632324,
      9.021472930908203,
      9.13404369354248,
      9.246149063110352,
      13.626016616821289,
      14.277083396911621,
      22.916793823242188,
      22.67625617980957,
      29.78635597229004,
      30.799179077148438,
      19.75881004333496,
      20.55721664428711
    ],
    [
      14.669061660766602,
      10.261563301086426,
      28.060026168823242,
      25.733091354370117,
      7.860176086425781,
      10.713637351989746,
      9.868728637695312,
      11.910770416259766,
      12.20699405670166,
      14.315855026245117,
      14.421916961669922,
      15.377151489257812,
      19.60031509399414,
      19.129344940185547,
      22.397634506225586,
      22.27054214477539,
      13.551226615905762,
      14.233193397521973
    ],
    [
      17.99753189086914,
      14.498793601989746,
      25.733091354370117,
      33.535377502441406,
      7.260538578033447,
      10.705055236816406,
      7.9266862869262695,
      11.411589622497559,
      9.6072998046875,
      11.879013061523438,
      13.670010566711426,
      14.738051414489746,
      21.598112106323242,
      21.032493591308594,
      26.749210357666016,
      26.724132537841797,
      16.985321044921875,
      17.854389190673828
    ],
    [
      6.345846176147461,
      7.294779300689697,
      7.860176086425781,
      7.260538578033447,
      32.880775451660156,
      18.52499008178711,
      18.35527992248535,
      14.483739852905273,
      18.11590576171875,
      16.806455612182617,
      18.887012481689453,
      18.158397674560547,
      14.620661735534668,
      14.572511672973633,
      14.983379364013672,
      15.857022285461426,
      9.156271934509277,
      9.521907806396484
    ],
    [
      7.794800758361816,
      7.682764530181885,
      10.713637351989746,
      10.705055236816406,
      18.52499008178711,
      24.05711555480957,
      13.23885726928711,
      14.703801155090332,
      17.267423629760742,
      17.159286499023438,
      19.630571365356445,
      19.703479766845703,
      19.511072158813477,
      19.266023635864258,
      19.83026123046875,
      20.789567947387695,
      11.622489929199219,
      12.101375579833984
    ],
    [
      9.281774520874023,
      9.557467460632324,
      9.868728637695312,
      7.9266862869262695,
      18.35527992248535,
      13.23885726928711,
      34.48470687866211,
      23.995014190673828,
      22.58126449584961,
      21.69985580444336,
      19.66960906982422,
      19.131193161010742,
      17.989534378051758,
      17.971071243286133,
      16.320985794067383,
      17.61750030517578,
      9.473661422729492,
      9.818769454956055
    ],
    [
      9.154973983764648,
      9.021472930908203,
      11.910770416259766,
      11.411589622497559,
      14.483739852905273,
      14.703801155090332,
      23.995014190673828,
      27.562366485595703,
      21.644603729248047,
      21.816274642944336,
      21.476205825805664,
      21.957807540893555,
      22.836036682128906,
      22.747303009033203,
      22.963212966918945,
      24.194847106933594,
      13.562629699707031,
      13.997445106506348
    ],
    [
      8.938989639282227,
      9.13404369354248,
      12.20699405670166,
      9.6072998046875,
      18.11590576171875,
      17.267423629760742,
      22.58126449584961,
      21.644603729248047,
      32.29343032836914,
      29.457828521728516,
      26.748859405517578,
      26.405941009521484,
      26.344860076904297,
      26.38756561279297,
      24.818695068359375,
      26.651769638061523,
      14.792677879333496,
      15.476900100708008
    ],
    [
      9.61671257019043,
      9.246149063110352,
      14.315855026245117,
      11.879013061523438,
      16.806455612182617,
      17.159286499023438,
      21.69985580444336,
      21.816274642944336,
      29.457828521728516,
      31.510303497314453,
      27.559370040893555,
      28.402997970581055,
      31.108793258666992,
      31.15428352355957,
      30.97857666015625,
      32.48984909057617,
      18.56983184814453,
      19.149953842163086
    ],
    [
      14.050642967224121,
      13.626016616821289,
      14.421916961669922,
      13.670010566711426,
      18.887012481689453,
      19.630571365356445,
      19.66960906982422,
      21.476205825805664,
      26.748859405517578,
      27.559370040893555,
      42.57236862182617,
      43.45876693725586,
      53.4875373840332,
      53.55360412597656,
      55.746978759765625,
      58.54513168334961,
      34.29508972167969,
      36.082088470458984
    ],
    [
      14.871142387390137,
      14.277083396911621,
      15.377151489257812,
      14.738051414489746,
      18.158397674560547,
      19.703479766845703,
      19.131193161010742,
      21.957807540893555,
      26.405941009521484,
      28.402997970581055,
      43.45876693725586,
      46.96249008178711,
      60.04454803466797,
      60.338809967041016,
      63.94259262084961,
      66.53936767578125,
      39.331321716308594,
      41.00004577636719
    ],
    [
      23.732572555541992,
      22.916793823242188,
      19.60031509399414,
      21.598112106323242,
      14.620661735534668,
      19.511072158813477,
      17.989534378051758,
      22.836036682128906,
      26.344860076904297,
      31.108793258666992,
      53.4875373840332,
      60.04454803466797,
      108.86568450927734,
      107.84913635253906,
      117.67779541015625,
      121.88185119628906,
      72.91504669189453,
      77.07855987548828
    ],
    [
      23.385452270507812,
      22.67625617980957,
      19.129344940185547,
      21.032493591308594,
      14.572511672973633,
      19.266023635864258,
      17.971071243286133,
      22.747303009033203,
      26.38756561279297,
      31.15428352355957,
      53.55360412597656,
      60.338809967041016,
      107.84913635253906,
      110.906982421875,
      117.69000244140625,
      122.54576873779297,
      73.5104751586914,
      77.07345581054688
    ],
    [
      30.429975509643555,
      29.78635597229004,
      22.397634506225586,
      26.749210357666016,
      14.983379364013672,
      19.83026123046875,
      16.320985794067383,
      22.963212966918945,
      24.818695068359375,
      30.97857666015625,
      55.746978759765625,
      63.94259262084961,
      117.67779541015625,
      117.69000244140625,
      146.2793731689453,
      149.65638732910156,
      92.21864318847656,
      96.72187805175781
    ],
    [
      30.947166442871094,
      30.799179077148438,
      22.27054214477539,
      26.724132537841797,
      15.857022285461426,
      20.789567947387695,
      17.61750030517578,
      24.194847106933594,
      26.651769638061523,
      32.48984909057617,
      58.54513168334961,
      66.53936767578125,
      121.88185119628906,
      122.54576873779297,
      149.65638732910156,
      155.9178466796875,
      94.76611328125,
      99.38805389404297
    ],
    [
      19.74993324279785,
      19.75881004333496,
      13.551226615905762,
      16.985321044921875,
      9.156271934509277,
      11.622489929199219,
      9.473661422729492,
      13.562629699707031,
      14.792677879333496,
      18.56983184814453,
      34.29508972167969,
      39.331321716308594,
      72.91504669189453,
      73.5104751586914,
      92.21864318847656,
      94.76611328125,
      65.07971954345703,
      67.152587890625
    ],
    [
      20.52292823791504,
      20.55721664428711,
      14.233193397521973,
      17.854389190673828,
      9.521907806396484,
      12.101375579833984,
      9.818769454956055,
      13.997445106506348,
      15.476900100708008,
      19.149953842163086,
      36.082088470458984,
      41.00004577636719,
      77.07855987548828,
      77.07345581054688,
      96.72187805175781,
      99.38805389404297,
      67.152587890625,
      70.73037719726562
    ]
  ],
  "damage": -10.858139038085938,
  "diff_bandwidth": 474.90728759765625,
  "dissonance": 6.709765339229017,
  "drr": 12.447528839111328,
  "dynamics": 3.111894369125366,
  "format": 1245190,
  "frames": 8342464,
  "loudness": -18.040935516357422,
  "loudness_range": 7.9294939041137695,
  "loudness_range_short": 11.148205757141113,
  "lowpass_true_peak_15khz": -1.4137769937515259,
  "mastering3_acoustic_entropies": [
    {
      "acoustic_entropy": 6.925963401794434,
      "acoustic_entropy_mono": 6.560340404510498,
      "band_eliminated_acoustic_entropies": [
        {
          "acoustic_entropy": 6.929549694061279,
          "acoustic_entropy_side": 6.928931713104248,
          "hz": 129.47220167065723
        },
        {
          "acoustic_entropy": 7.6302103996276855,
          "acoustic_entropy_side": 7.586053848266602,
          "hz": 202.92927478742237
        },
        {
          "acoustic_entropy": 7.347951412200928,
          "acoustic_entropy_side": 7.4973320960998535,
          "hz": 282.89161906338205
        },
        {
          "acoustic_entropy": 7.054794788360596,
          "acoustic_entropy_side": 6.892940521240234,
          "hz": 369.9353335868758
        },
        {
          "acoustic_entropy": 6.132130146026611,
          "acoustic_entropy_side": 6.9304609298706055,
          "hz": 464.6875360973435
        },
        {
          "acoustic_entropy": 6.619874954223633,
          "acoustic_entropy_side": 6.8975348472595215,
          "hz": 567.8308811364784
        },
        {
          "acoustic_entropy": 6.6506547927856445,
          "acoustic_entropy_side": 7.082261085510254,
          "hz": 680.1084783214808
        },
        {
          "acoustic_entropy": 6.958851337432861,
          "acoustic_entropy_side": 6.9096832275390625,
          "hz": 802.3292461747484
        },
        {
          "acoustic_entropy": 7.152215003967285,
          "acoustic_entropy_side": 6.9270124435424805,
          "hz": 935.3737400823702
        },
        {
          "acoustic_entropy": 6.5275444984436035,
          "acoustic_entropy_side": 6.869554042816162,
          "hz": 1080.2004963696966
        },
        {
          "acoustic_entropy": 6.822290420532227,
          "acoustic_entropy_side": 6.915319919586182,
          "hz": 1237.8529382007157
        },
        {
          "acoustic_entropy": 7.027510166168213,
          "acoustic_entropy_side": 6.934233665466309,
          "hz": 1409.4668930556702
        },
        {
          "acoustic_entropy": 6.857792377471924,
          "acoustic_entropy_side": 6.929040908813477,
          "hz": 1596.2787759475705
        },
        {
          "acoustic_entropy": 6.827663898468018,
          "acoustic_entropy_side": 6.915271759033203,
          "hz": 1799.6344973346393
        },
        {
          "acoustic_entropy": 6.838367462158203,
          "acoustic_entropy_side": 6.91156530380249,
          "hz": 2020.9991599069049
        },
        {
          "acoustic_entropy": 6.826972484588623,
          "acoustic_entropy_side": 6.915606498718262,
          "hz": 2261.9676141086993
        },
        {
          "acoustic_entropy": 6.85365104675293,
          "acoustic_entropy_side": 6.908441066741943,
          "hz": 2524.2759484456974
        },
        {
          "acoustic_entropy": 6.827455043792725,
          "acoustic_entropy_side": 6.902307510375977,
          "hz": 2809.813997359896
        },
        {
          "acoustic_entropy": 6.8928961753845215,
          "acoustic_entropy_side": 6.914933681488037,
          "hz": 3120.6389567871424
        },
        {
          "acoustic_entropy": 6.919240951538086,
          "acoustic_entropy_side": 6.921997547149658,
          "hz": 3458.990205492291
        },
        {
          "acoustic_entropy": 6.914527416229248,
          "acoustic_entropy_side": 6.918764591217041,
          "hz": 3827.305438964164
        },
        {
          "acoustic_entropy": 6.94685173034668,
          "acoustic_entropy_side": 6.931246757507324,
          "hz": 4228.238232109126
        },
        {
          "acoustic_entropy": 6.929998397827148,
          "acoustic_entropy_side": 6.928374767303467,
          "hz": 4664.6771572759235
        },
        {
          "acoustic_entropy": 6.876105785369873,
          "acoustic_entropy_side": 6.897763252258301,
          "hz": 5139.766595350093
        },
        {
          "acoustic_entropy": 6.918776035308838,
          "acoustic_entropy_side": 6.921087265014648,
          "hz": 5656.929389854203
        },
        {
          "acoustic_entropy": 6.934932708740234,
          "acoustic_entropy_side": 6.932877063751221,
          "hz": 6219.891507268283
        },
        {
          "acoustic_entropy": 6.923990249633789,
          "acoustic_entropy_side": 6.925910472869873,
          "hz": 6832.70888123896
        },
        {
          "acoustic_entropy": 6.911319255828857,
          "acoustic_entropy_side": 6.923749923706055,
          "hz": 7499.796634079867
        },
        {
          "acoustic_entropy": 6.907595157623291,
          "acoustic_entropy_side": 6.916072845458984,
          "hz": 8225.96088609342
        },
        {
          "acoustic_entropy": 6.9109601974487305,
          "acoustic_entropy_side": 6.919201850891113,
          "hz": 9016.43338188839
        },
        {
          "acoustic_entropy": 6.910243511199951,
          "acoustic_entropy_side": 6.9165449142456055,
          "hz": 9876.909183162974
        },
        {
          "acoustic_entropy": 6.917818546295166,
          "acoustic_entropy_side": 6.919380187988281,
          "hz": 10813.587699516042
        },
        {
          "acoustic_entropy": 6.917881011962891,
          "acoustic_entropy_side": 6.918603897094727,
          "hz": 11833.21735289826
        },
        {
          "acoustic_entropy": 6.918226718902588,
          "acoustic_entropy_side": 6.919220924377441,
          "hz": 12943.144197493959
        },
        {
          "acoustic_entropy": 6.917316913604736,
          "acoustic_entropy_side": 6.92089319229126,
          "hz": 14151.364845322005
        },
        {
          "acoustic_entropy": 6.918966770172119,
          "acoustic_entropy_side": 6.923351764678955,
          "hz": 15466.58407886509
        },
        {
          "acoustic_entropy": 6.924301624298096,
          "acoustic_entropy_side": 6.9254326820373535,
          "hz": 16898.27756580493
        },
        {
          "acoustic_entropy": 6.925722599029541,
          "acoustic_entropy_side": 6.925886631011963,
          "hz": 18456.760127700032
        },
        {
          "acoustic_entropy": 6.925945281982422,
          "acoustic_entropy_side": 6.925956726074219,
          "hz": 20153.260054456492
        },
        {
          "acoustic_entropy": 6.925960540771484,
          "acoustic_entropy_side": 6.925962924957275,
          "hz": 22000.00000000001
        }
      ],
      "diff_acoustic_entropy": 6.841392517089844,
      "sn": 6
    },
    {
      "acoustic_entropy": 10.175055503845215,
      "acoustic_entropy_mono": 10.456700325012207,
      "band_eliminated_acoustic_entropies": [
        {
          "acoustic_entropy": 10.502681732177734,
          "acoustic_entropy_side": 10.413737297058105,
          "hz": 129.47220167065723
        },
        {
          "acoustic_entropy": 11.50924015045166,
          "acoustic_entropy_side": 10.92423152923584,
          "hz": 202.92927478742237
        },
        {
          "acoustic_entropy": 10.89783763885498,
          "acoustic_entropy_side": 10.112865447998047,
          "hz": 282.89161906338205
        },
        {
          "acoustic_entropy": 10.347125053405762,
          "acoustic_entropy_side": 10.294867515563965,
          "hz": 369.9353335868758
        },
        {
          "acoustic_entropy": 9.423540115356445,
          "acoustic_entropy_side": 10.327608108520508,
          "hz": 464.6875360973435
        },
        {
          "acoustic_entropy": 10.70868968963623,
          "acoustic_entropy_side": 10.320024490356445,
          "hz": 567.8308811364784
        },
        {
          "acoustic_entropy": 9.632070541381836,
          "acoustic_entropy_side": 10.517708778381348,
          "hz": 680.1084783214808
        },
        {
          "acoustic_entropy": 9.841021537780762,
          "acoustic_entropy_side": 10.03419303894043,
          "hz": 802.3292461747484
        },
        {
          "acoustic_entropy": 10.801750183105469,
          "acoustic_entropy_side": 10.305525779724121,
          "hz": 935.3737400823702
        },
        {
          "acoustic_entropy": 10.317959785461426,
          "acoustic_entropy_side": 10.360414505004883,
          "hz": 1080.2004963696966
        },
        {
          "acoustic_entropy": 10.404186248779297,
          "acoustic_entropy_side": 10.236831665039062,
          "hz": 1237.8529382007157
        },
        {
          "acoustic_entropy": 10.511317253112793,
          "acoustic_entropy_side": 10.205344200134277,
          "hz": 1409.4668930556702
        },
        {
          "acoustic_entropy": 10.46727466583252,
          "acoustic_entropy_side": 10.138628959655762,
          "hz": 1596.2787759475705
        },
        {
          "acoustic_entropy": 10.086272239685059,
          "acoustic_entropy_side": 10.182720184326172,
          "hz": 1799.6344973346393
        },
        {
          "acoustic_entropy": 10.225207328796387,
          "acoustic_entropy_side": 10.141985893249512,
          "hz": 2020.9991599069049
        },
        {
          "acoustic_entropy": 10.376070022583008,
          "acoustic_entropy_side": 10.188366889953613,
          "hz": 2261.9676141086993
        },
        {
          "acoustic_entropy": 10.470555305480957,
          "acoustic_entropy_side": 10.201791763305664,
          "hz": 2524.2759484456974
        },
        {
          "acoustic_entropy": 10.122052192687988,
          "acoustic_entropy_side": 10.123262405395508,
          "hz": 2809.813997359896
        },
        {
          "acoustic_entropy": 10.17512321472168,
          "acoustic_entropy_side": 10.1709566116333,
          "hz": 3120.6389567871424
        },
        {
          "acoustic_entropy": 10.19317626953125,
          "acoustic_entropy_side": 10.177016258239746,
          "hz": 3458.990205492291
        },
        {
          "acoustic_entropy": 10.26741886138916,
          "acoustic_entropy_side": 10.244178771972656,
          "hz": 3827.305438964164
        },
        {
          "acoustic_entropy": 10.288079261779785,
          "acoustic_entropy_side": 10.259187698364258,
          "hz": 4228.238232109126
        },
        {
          "acoustic_entropy": 10.301447868347168,
          "acoustic_entropy_side": 10.233577728271484,
          "hz": 4664.6771572759235
        },
        {
          "acoustic_entropy": 10.084957122802734,
          "acoustic_entropy_side": 10.126028060913086,
          "hz": 5139.766595350093
        },
        {
          "acoustic_entropy": 10.168797492980957,
          "acoustic_entropy_side": 10.171061515808105,
          "hz": 5656.929389854203
        },
        {
          "acoustic_entropy": 10.167996406555176,
          "acoustic_entropy_side": 10.16883659362793,
          "hz": 6219.891507268283
        },
        {
          "acoustic_entropy": 10.153042793273926,
          "acoustic_entropy_side": 10.16230297088623,
          "hz": 6832.70888123896
        },
        {
          "acoustic_entropy": 10.138955116271973,
          "acoustic_entropy_side": 10.154607772827148,
          "hz": 7499.796634079867
        },
        {
          "acoustic_entropy": 10.145848274230957,
          "acoustic_entropy_side": 10.159958839416504,
          "hz": 8225.96088609342
        },
        {
          "acoustic_entropy": 10.168132781982422,
          "acoustic_entropy_side": 10.176992416381836,
          "hz": 9016.43338188839
        },
        {
          "acoustic_entropy": 10.17867374420166,
          "acoustic_entropy_side": 10.181781768798828,
          "hz": 9876.909183162974
        },
        {
          "acoustic_entropy": 10.199502944946289,
          "acoustic_entropy_side": 10.192544937133789,
          "hz": 10813.587699516042
        },
        {
          "acoustic_entropy": 10.207168579101562,
          "acoustic_entropy_side": 10.195186614990234,
          "hz": 11833.21735289826
        },
        {
          "acoustic_entropy": 10.203178405761719,
          "acoustic_entropy_side": 10.19478702545166,
          "hz": 12943.144197493959
        },
        {
          "acoustic_entropy": 10.217248916625977,
          "acoustic_entropy_side": 10.191119194030762,
          "hz": 14151.364845322005
        },
        {
          "acoustic_entropy": 10.203749656677246,
          "acoustic_entropy_side": 10.18813419342041,
          "hz": 15466.58407886509
        },
        {
          "acoustic_entropy": 10.182291030883789,
          "acoustic_entropy_side": 10.17751693725586,
          "hz": 16898.27756580493
        },
        {
          "acoustic_entropy": 10.175291061401367,
          "acoustic_entropy_side": 10.17514705657959,
          "hz": 18456.760127700032
        },
        {
          "acoustic_entropy": 10.175037384033203,
          "acoustic_entropy_side": 10.175049781799316,
          "hz": 20153.260054456492
        },
        {
          "acoustic_entropy": 10.175065040588379,
          "acoustic_entropy_side": 10.17505931854248,
          "hz": 22000.00000000001
        }
      ],
      "diff_acoustic_entropy": 11.4933443069458,
      "sn": 12
    },
    {
      "acoustic_entropy": 17.0347957611084,
      "acoustic_entropy_mono": 15.470354080200195,
      "band_eliminated_acoustic_entropies": [
        {
          "acoustic_entropy": 16.866363525390625,
          "acoustic_entropy_side": 17.10171127319336,
          "hz": 129.47220167065723
        },
        {
          "acoustic_entropy": 17.76542854309082,
          "acoustic_entropy_side": 17.866857528686523,
          "hz": 202.92927478742237
        },
        {
          "acoustic_entropy": 17.936416625976562,
          "acoustic_entropy_side": 16.96625328063965,
          "hz": 282.89161906338205
        },
        {
          "acoustic_entropy": 17.614309310913086,
          "acoustic_entropy_side": 17.353172302246094,
          "hz": 369.9353335868758
        },
        {
          "acoustic_entropy": 17.086193084716797,
          "acoustic_entropy_side": 17.421438217163086,
          "hz": 464.6875360973435
        },
        {
          "acoustic_entropy": 17.347789764404297,
          "acoustic_entropy_side": 17.12853240966797,
          "hz": 567.8308811364784
        },
        {
          "acoustic_entropy": 16.690811157226562,
          "acoustic_entropy_side": 17.361915588378906,
          "hz": 680.1084783214808
        },
        {
          "acoustic_entropy": 17.03586196899414,
          "acoustic_entropy_side": 17.341407775878906,
          "hz": 802.3292461747484
        },
        {
          "acoustic_entropy": 17.075895309448242,
          "acoustic_entropy_side": 17.67329978942871,
          "hz": 935.3737400823702
        },
        {
          "acoustic_entropy": 17.448068618774414,
          "acoustic_entropy_side": 16.985254287719727,
          "hz": 1080.2004963696966
        },
        {
          "acoustic_entropy": 17.386455535888672,
          "acoustic_entropy_side": 17.505939483642578,
          "hz": 1237.8529382007157
        },
        {
          "acoustic_entropy": 18.43907356262207,
          "acoustic_entropy_side": 17.76082420349121,
          "hz": 1409.4668930556702
        },
        {
          "acoustic_entropy": 17.458263397216797,
          "acoustic_entropy_side": 16.969261169433594,
          "hz": 1596.2787759475705
        },
        {
          "acoustic_entropy": 16.690176010131836,
          "acoustic_entropy_side": 17.251556396484375,
          "hz": 1799.6344973346393
        },
        {
          "acoustic_entropy": 18.030521392822266,
          "acoustic_entropy_side": 17.627199172973633,
          "hz": 2020.9991599069049
        },
        {
          "acoustic_entropy": 17.567468643188477,
          "acoustic_entropy_side": 17.2326602935791,
          "hz": 2261.9676141086993
        },
        {
          "acoustic_entropy": 17.860868453979492,
          "acoustic_entropy_side": 17.649194717407227,
          "hz": 2524.2759484456974
        },
        {
          "acoustic_entropy": 17.4434871673584,
          "acoustic_entropy_side": 17.120338439941406,
          "hz": 2809.813997359896
        },
        {
          "acoustic_entropy": 17.64552116394043,
