{
  "acoustic_entropy": 162.77598571777344,
  "bands": [
    {
      "high_freq": 148.1999969482422,
      "loudness": -24.854812622070312,
      "loudness_range": 12.71722412109375,
      "mid_mean": -21.2324275970459,
      "mid_to_side_loudness": -22.838998794555664,
      "mid_to_side_loudness_range": 15.944792747497559,
      "side_mean": -44.628196716308594
    },
    {
      "high_freq": 392.3793640136719,
      "loudness": -23.344945907592773,
      "loudness_range": 8.883096694946289,
      "low_freq": 148.1999969482422,
      "mid_mean": -19.976621627807617,
      "mid_to_side_loudness": -12.144794464111328,
      "mid_to_side_loudness_range": 11.249433517456055,
      "side_mean": -32.42661666870117
    },
    {
      "high_freq": 794.6976318359375,
      "loudness": -28.663501739501953,
      "loudness_range": 14.995214462280273,
      "low_freq": 392.3793640136719,
      "mid_mean": -26.31217384338379,
      "mid_to_side_loudness": -4.907639980316162,
      "mid_to_side_loudness_range": 6.941460609436035,
      "side_mean": -31.26300811767578
    },
    {
      "high_freq": 1457.5709228515625,
      "loudness": -33.13526153564453,
      "loudness_range": 15.55880355834961,
      "low_freq": 794.6976318359375,
      "mid_mean": -31.570659637451172,
      "mid_to_side_loudness": -2.3910157680511475,
      "mid_to_side_loudness_range": 4.968175411224365,
      "side_mean": -33.72761535644531
    },
    {
      "high_freq": 2549.74365234375,
      "loudness": -32.869293212890625,
      "loudness_range": 7.832614898681641,
      "low_freq": 1457.5709228515625,
      "mid_mean": -31.67107391357422,
      "mid_to_side_loudness": -1.326147437095642,
      "mid_to_side_loudness_range": 4.288782119750977,
      "side_mean": -32.835838317871094
    },
    {
      "high_freq": 4349.24462890625,
      "loudness": -32.682193756103516,
      "loudness_range": 10.134347915649414,
      "low_freq": 2549.74365234375,
      "mid_mean": -31.444028854370117,
      "mid_to_side_loudness": -1.4389950037002563,
      "mid_to_side_loudness_range": 3.578537702560425,
      "side_mean": -32.768863677978516
    },
    {
      "high_freq": 7314.1640625,
      "loudness": -34.390281677246094,
      "loudness_range": 11.473640441894531,
      "low_freq": 4349.24462890625,
      "mid_mean": -33.003082275390625,
      "mid_to_side_loudness": -1.6677123308181763,
      "mid_to_side_loudness_range": 1.657405138015747,
      "side_mean": -34.59041976928711
    },
    {
      "high_freq": 12199.2666015625,
      "loudness": -37.87407684326172,
      "loudness_range": 10.814586639404297,
      "low_freq": 7314.1640625,
      "mid_mean": -36.84674835205078,
      "mid_to_side_loudness": -0.9574670195579529,
      "mid_to_side_loudness_range": 1.3521461486816406,
      "side_mean": -37.59531021118164
    },
    {
      "loudness": -45.1171989440918,
      "loudness_range": 9.509086608886719,
      "low_freq": 12199.2666015625,
      "mid_mean": -44.11212158203125,
      "mid_to_side_loudness": -0.9139823317527771,
      "mid_to_side_loudness_range": 0.840027391910553,
      "side_mean": -44.77595520019531
    }
  ],
  "bands_short": [
    {
      "high_freq": 148.1999969482422,
      "loudness": -28.888957977294922,
      "loudness_range": 21.816608428955078,
      "mid_mean": -25.456878662109375,
      "mid_to_side_loudness": -25.216798782348633,
      "mid_to_side_loudness_range": 21.53793716430664,
      "side_mean": -53.02158737182617
    },
    {
      "high_freq": 392.3793640136719,
      "loudness": -24.748558044433594,
      "loudness_range": 15.300372123718262,
      "low_freq": 148.1999969482422,
      "mid_mean": -21.51727867126465,
      "mid_to_side_loudness": -12.195201873779297,
      "mid_to_side_loudness_range": 16.642410278320312,
      "side_mean": -33.91673278808594
    },
    {
      "high_freq": 794.6976318359375,
      "loudness": -30.17768669128418,
      "loudness_range": 19.299707412719727,
      "low_freq": 392.3793640136719,
      "mid_mean": -27.968835830688477,
      "mid_to_side_loudness": -4.799881458282471,
      "mid_to_side_loudness_range": 9.579437255859375,
      "side_mean": -32.737449645996094
    },
    {
      "high_freq": 1457.5709228515625,
      "loudness": -34.658206939697266,
      "loudness_range": 19.007768630981445,
      "low_freq": 794.6976318359375,
      "mid_mean": -33.254764556884766,
      "mid_to_side_loudness": -2.1817424297332764,
      "mid_to_side_loudness_range": 6.889311790466309,
      "side_mean": -35.21176528930664
    },
    {
      "high_freq": 2549.74365234375,
      "loudness": -34.04408264160156,
      "loudness_range": 12.413398742675781,
      "low_freq": 1457.5709228515625,
      "mid_mean": -32.97270965576172,
      "mid_to_side_loudness": -1.261283040046692,
      "mid_to_side_loudness_range": 5.540584087371826,
      "side_mean": -34.010066986083984
    },
    {
      "high_freq": 4349.24462890625,
      "loudness": -33.7457160949707,
      "loudness_range": 14.303709030151367,
      "low_freq": 2549.74365234375,
      "mid_mean": -32.61899948120117,
      "mid_to_side_loudness": -1.2687923908233643,
      "mid_to_side_loudness_range": 4.871938705444336,
      "side_mean": -33.72214889526367
    },
    {
      "high_freq": 7314.1640625,
      "loudness": -35.979610443115234,
      "loudness_range": 16.281356811523438,
      "low_freq": 4349.24462890625,
      "mid_mean": -34.67668914794922,
      "mid_to_side_loudness": -1.5674399137496948,
      "mid_to_side_loudness_range": 2.598414421081543,
      "side_mean": -36.14057922363281
    },
    {
      "high_freq": 12199.2666015625,
      "loudness": -39.61750030517578,
      "loudness_range": 15.980792999267578,
      "low_freq": 7314.1640625,
      "mid_mean": -38.653648376464844,
      "mid_to_side_loudness": -0.8463638424873352,
      "mid_to_side_loudness_range": 2.383981943130493,
      "side_mean": -39.33707809448242
    },
    {
      "loudness": -46.163822174072266,
      "loudness_range": 12.14731216430664,
      "low_freq": 12199.2666015625,
      "mid_mean": -45.213890075683594,
      "mid_to_side_loudness": -0.8824895620346069,
      "mid_to_side_loudness_range": 1.6365480422973633,
      "side_mean": -45.879669189453125
    }
  ],
  "bandwidth": 412.2884826660156,
  "channels": 2,
  "covariance": [
    [
      22.78803062438965,
      22.249191284179688,
      -0.5284082293510437,
      2.9584996700286865,
      -2.4205806255340576,
      0.903171181678772,
      -2.9117085933685303,
      -0.7378978729248047,
      -2.4250519275665283,
      -1.32456636428833,
      -3.605945587158203,
      -2.127624988555908,
      -2.906900644302368,
      -2.3662431240081787,
      -2.386510133743286,
      -2.2398598194122314,
      -1.012597680091858,
      -0.8008090853691101
    ],
    [
      22.249191284179688,
      37.39712905883789,
      1.427187442779541,
      8.855521202087402,
      1.5738335847854614,
      5.044981956481934,
      1.016715407371521,
      3.480069398880005,
      -0.355295330286026,
      0.20927248895168304,
      -1.9721547365188599,
      -1.3052417039871216,
      -1.1874648332595825,
      -1.0499457120895386,
      -0.941707968711853,
      -0.8801136016845703,
      -0.5512790679931641,
      -0.3937390148639679
    ],
    [
      -0.5284082293510437,
      1.427187442779541,
      12.114062309265137,
      7.435533046722412,
      11.03363037109375,
      8.260607719421387,
      11.722716331481934,
      9.574779510498047,
      6.53281307220459,
      4.763367652893066,
      4.674585342407227,
      2.702849864959717,
      5.673153877258301,
      4.968204975128174,
      5.320775508880615,
      4.889206886291504,
      2.937385320663452,
      2.5825562477111816
    ],
    [
      2.9584996700286865,
      8.855521202087402,
      7.435533046722412,
      16.246707916259766,
      14.434024810791016,
      16.099090576171875,
      14.892569541931152,
      15.54040813446045,
      7.458430767059326,
      7.847067832946777,
      4.877750396728516,
      4.040310382843018,
      6.516682147979736,
      6.095607280731201,
      6.219376087188721,
      5.88605260848999,
      4.102973937988281,
      3.949557065963745
    ],
    [
      -2.4205806255340576,
      1.5738335847854614,
      11.03363037109375,
      14.434024810791016,
      30.673870086669922,
      24.310199737548828,
      21.95294952392578,
      20.212814331054688,
      11.98448657989502,
      10.671767234802246,
      8.23486614227295,
      5.838184833526611,
      8.408307075500488,
      7.699853897094727,
      7.927183628082275,
      7.450796604156494,
      4.732846736907959,
      4.492326259613037
    ],
    [
      0.903171181678772,
      5.044981956481934,
      8.260607719421387,
      16.099090576171875,
      24.310199737548828,
      27.605974197387695,
      20.989530563354492,
      22.20574951171875,
      10.439475059509277,
      11.685264587402344,
      7.65933084487915,
      6.992930889129639,
      9.010982513427734,
      8.646846771240234,
      8.418768882751465,
      8.060524940490723,
      5.641023635864258,
      5.547377586364746
    ],
    [
      -2.9117085933685303,
      1.016715407371521,
      11.722716331481934,
      14.892569541931152,
      21.95294952392578,
      20.989530563354492,
      31.00640869140625,
      26.7170352935791,
      13.910346984863281,
      12.243772506713867,
      10.613873481750488,
      7.8675737380981445,
      10.992382049560547,
      10.08841323852539,
      9.896879196166992,
      9.424832344055176,
      5.834793567657471,
      5.543049335479736
    ],
    [
      -0.7378978729248047,
      3.480069398880005,
      9.574779510498047,
      15.54040813446045,
      20.212814331054688,
      22.20574951171875,
      26.7170352935791,
      26.978893280029297,
      11.656461715698242,
      12.374466896057129,
      8.875129699707031,
      7.56076717376709,
      10.059281349182129,
      9.41590690612793,
      9.169198036193848,
      8.809942245483398,
      5.686428546905518,
      5.504330158233643
    ],
    [
      -2.4250519275665283,
      -0.355295330286026,
      6.53281307220459,
      7.458430767059326,
      11.98448657989502,
      10.439475059509277,
      13.910346984863281,
      11.656461715698242,
      12.83197021484375,
      10.231801986694336,
      11.25612735748291,
      10.30679988861084,
      11.502130508422852,
      10.97803783416748,
      10.202975273132324,
      10.165953636169434,
      7.168177604675293,
      7.072781562805176
    ],
    [
      -1.32456636428833,
      0.20927248895168304,
      4.763367652893066,
      7.847067832946777,
      10.671767234802246,
      11.685264587402344,
      12.243772506713867,
      12.374466896057129,
      10.231801986694336,
      11.154327392578125,
      9.54557991027832,
      9.563665390014648,
      10.346187591552734,
      10.05026626586914,
      8.903348922729492,
      8.972465515136719,
      6.340522289276123,
      6.322420597076416
    ],
    [
      -3.605945587158203,
      -1.9721547365188599,
      4.674585342407227,
      4.877750396728516,
      8.23486614227295,
      7.65933084487915,
      10.613873481750488,
      8.875129699707031,
      11.25612735748291,
      9.54557991027832,
      16.841238021850586,
      14.331229209899902,
      15.138354301452637,
      14.735599517822266,
      12.864117622375488,
      12.946832656860352,
      9.49311637878418,
      9.431736946105957
    ],
    [
      -2.127624988555908,
      -1.3052417039871216,
      2.702849864959717,
      4.040310382843018,
      5.838184833526611,
      6.992930889129639,
      7.8675737380981445,
      7.56076717376709,
      10.30679988861084,
      9.563665390014648,
      14.331229209899902,
      15.117671012878418,
      14.787653923034668,
      14.697613716125488,
      12.545859336853027,
      12.853747367858887,
      9.677431106567383,
      9.757149696350098
    ],
    [
      -2.906900644302368,
      -1.1874648332595825,
      5.673153877258301,
      6.516682147979736,
      8.408307075500488,
      9.010982513427734,
      10.992382049560547,
      10.059281349182129,
      11.502130508422852,
      10.346187591552734,
      15.138354301452637,
      14.787653923034668,
      17.71737289428711,
      17.30068588256836,
      15.420026779174805,
      15.498093605041504,
      10.986562728881836,
      10.914196968078613
    ],
    [
      -2.3662431240081787,
      -1.0499457120895386,
      4.968204975128174,
      6.095607280731201,
      7.699853897094727,
      8.646846771240234,
      10.08841323852539,
      9.41590690612793,
      10.97803783416748,
      10.05026626586914,
      14.735599517822266,
      14.697613716125488,
      17.30068588256836,
      17.15773582458496,
      15.1450834274292,
      15.272475242614746,
      10.988516807556152,
      10.959675788879395
    ],
    [
      -2.386510133743286,
      -0.941707968711853,
      5.320775508880615,
      6.219376087188721,
      7.927183628082275,
      8.418768882751465,
      9.896879196166992,
      9.169198036193848,
      10.202975273132324,
      8.903348922729492,
      12.864117622375488,
      12.545859336853027,
      15.420026779174805,
      15.1450834274292,
      14.84345531463623,
      14.841999053955078,
      10.524357795715332,
      10.446677207946777
    ],
    [
      -2.2398598194122314,
      -0.8801136016845703,
      4.889206886291504,
      5.88605260848999,
      7.450796604156494,
      8.060524940490723,
      9.424832344055176,
      8.809942245483398,
      10.165953636169434,
      8.972465515136719,
      12.946832656860352,
      12.853747367858887,
      15.498093605041504,
      15.272475242614746,
      14.841999053955078,
      15.040886878967285,
      10.591717720031738,
      10.549918174743652
    ],
    [
      -1.012597680091858,
      -0.5512790679931641,
      2.937385320663452,
      4.102973937988281,
      4.732846736907959,
      5.641023635864258,
      5.834793567657471,
      5.686428546905518,
      7.168177604675293,
      6.340522289276123,
      9.49311637878418,
      9.677431106567383,
      10.986562728881836,
      10.988516807556152,
      10.524357795715332,
      10.591717720031738,
      10.432490348815918,
      10.434369087219238
    ],
    [
      -0.8008090853691101,
      -0.3937390148639679,
      2.5825562477111816,
      3.949557065963745,
      4.492326259613037,
      5.547377586364746,
      5.543049335479736,
      5.504330158233643,
      7.072781562805176,
      6.322420597076416,
      9.431736946105957,
      9.757149696350098,
      10.914196968078613,
      10.959675788879395,
      10.446677207946777,
      10.549918174743652,
      10.434369087219238,
      10.505427360534668
    ]
  ],
  "covariance_short": [
    [
      58.1494026184082,
      41.112266540527344,
      13.482828140258789,
      8.45972728729248,
      1.0762075185775757,
      2.207742214202881,
      1.3574137687683105,
      1.6482871770858765,
      -0.16261059045791626,
      0.7106431126594543,
      -1.2880644798278809,
      -0.11766327917575836,
      -1.016771674156189,
      -0.656557559967041,
      0.22012768685817719,
      0.05918159708380699,
      1.5401604175567627,
      1.5542587041854858
    ],
    [
      41.112266540527344,
      73.14522552490234,
      11.495199203491211,
      16.225454330444336,
      6.812552452087402,
      8.237059593200684,
      6.797722816467285,
      7.069599628448486,
      4.299779891967773,
      3.857193946838379,
      1.7398455142974854,
      1.8664897680282593,
      2.0998077392578125,
      2.0171010494232178,
      2.893111228942871,
      2.683497667312622,
      3.3808958530426025,
      3.6058695316314697
    ],
    [
      13.482828140258789,
      11.495199203491211,
      29.157665252685547,
      13.378057479858398,
      18.269384384155273,
      12.821768760681152,
      15.781065940856934,
      13.681626319885254,
      9.443293571472168,
      7.69794225692749,
      7.534146785736084,
      5.238134384155273,
      8.04552173614502,
      7.0950517654418945,
      7.754321098327637,
      6.786806583404541,
      4.602028846740723,
      4.058484077453613
    ],
    [
      8.45972728729248,
      16.225454330444336,
      13.378057479858398,
      30.80791664123535,
      24.57181167602539,
      24.563695907592773,
      24.475515365600586,
      24.402009963989258,
      11.816776275634766,
      11.949760437011719,
      7.778985500335693,
      6.580043315887451,
      10.20986557006836,
      9.577399253845215,
      10.7063627243042,
      10.175714492797852,
      6.951605796813965,
      6.6135382652282715
    ],
    [
      1.0762075185775757,
      6.812552452087402,
      18.269384384155273,
      24.57181167602539,
      47.140987396240234,
      38.1362190246582,
      35.13689041137695,
      34.19054412841797,
      20.066356658935547,
      19.219078063964844,
      14.504866600036621,
      12.64194107055664,
      15.303886413574219,
      14.334171295166016,
      14.716849327087402,
      13.904009819030762,
      9.035994529724121,
      8.531241416931152
    ],
    [
      2.207742214202881,
      8.237059593200684,
      12.821768760681152,
      24.563695907592773,
      38.1362190246582,
      41.31162643432617,
      33.96464538574219,
      34.590187072753906,
      18.972095489501953,
      19.620447158813477,
      14.11534309387207,
      13.313560485839844,
      15.268780708312988,
      14.746155738830566,
      14.49841022491455,
      14.007301330566406,
      9.67850399017334,
      9.36805248260498
    ],
    [
      1.3574137687683105,
      6.797722816467285,
      15.781065940856934,
      24.475515365600586,
      35.13689041137695,
      33.96464538574219,
      44.08958435058594,
      39.22018814086914,
      21.781763076782227,
      21.34102439880371,
      17.2064208984375,
      15.025338172912598,
      18.500791549682617,
      17.393760681152344,
      17.470914840698242,
      16.607994079589844,
      10.959634780883789,
      10.42454719543457
    ],
    [
      1.6482871770858765,
      7.069599628448486,
      13.681626319885254,
      24.402009963989258,
      34.19054412841797,
      34.590187072753906,
      39.22018814086914,
      40.75522994995117,
      20.312700271606445,
      20.783802032470703,
      15.340020179748535,
      14.189825057983398,
      16.443910598754883,
      15.626379013061523,
      15.549349784851074,
      14.991416931152344,
      10.169218063354492,
      9.78803825378418
    ],
    [
      -0.16261059045791626,
      4.299779891967773,
      9.443293571472168,
      11.816776275634766,
      20.066356658935547,
      18.972095489501953,
      21.781763076782227,
      20.312700271606445,
      22.172792434692383,
      18.925874710083008,
      19.61866569519043,
      18.422531127929688,
      20.138477325439453,
      19.227405548095703,
      17.993947982788086,
      17.752605438232422,
      12.653141975402832,
      12.349729537963867
    ],
    [
      0.7106431126594543,
      3.857193946838379,
      7.69794225692749,
      11.949760437011719,
      19.219078063964844,
      19.620447158813477,
      21.34102439880371,
      20.783802032470703,
      18.925874710083008,
      20.35818862915039,
      17.03453826904297,
      17.24612045288086,
      17.352495193481445,
      16.755399703979492,
      15.313685417175293,
      15.236078262329102,
      11.00953197479248,
      10.81374740600586
    ],
    [
      -1.2880644798278809,
      1.7398455142974854,
      7.534146785736084,
      7.778985500335693,
      14.504866600036621,
      14.11534309387207,
      17.2064208984375,
      15.340020179748535,
      19.61866569519043,
      17.03453826904297,
      26.613679885864258,
      23.69374656677246,
      26.309213638305664,
      25.384483337402344,
      23.563026428222656,
      23.209789276123047,
      16.56010627746582,
      16.307777404785156
    ],
    [
      -0.11766327917575836,
      1.8664897680282593,
      5.238134384155273,
      6.580043315887451,
      12.64194107055664,
      13.313560485839844,
      15.025338172912598,
      14.189825057983398,
      18.422531127929688,
      17.24612045288086,
      23.69374656677246,
      24.502914428710938,
      24.33747673034668,
      23.881723403930664,
      21.543407440185547,
      21.568578720092773,
      15.717418670654297,
      15.626667976379395
    ],
    [
      -1.016771674156189,
      2.0998077392578125,
      8.04552173614502,
      10.20986557006836,
      15.303886413574219,
      15.268780708312988,
      18.500791549682617,
      16.443910598754883,
      20.138477325439453,
      17.352495193481445,
      26.309213638305664,
      24.33747673034668,
      32.53298568725586,
      31.10934066772461,
      29.629222869873047,
      29.190950393676758,
      20.51593017578125,
      20.173351287841797
    ],
    [
      -0.656557559967041,
      2.0171010494232178,
      7.0950517654418945,
      9.577399253845215,
      14.334171295166016,
      14.746155738830566,
      17.393760681152344,
      15.626379013061523,
      19.227405548095703,
      16.755399703979492,
      25.384483337402344,
      23.881723403930664,
      31.10934066772461,
      30.695762634277344,
      28.866872787475586,
      28.5216007232666,
      20.214948654174805,
      19.946155548095703
    ],
    [
      0.22012768685817719,
      2.893111228942871,
      7.754321098327637,
      10.7063627243042,
      14.716849327087402,
      14.49841022491455,
      17.470914840698242,
      15.549349784851074,
      17.993947982788086,
      15.313685417175293,
      23.563026428222656,
      21.543407440185547,
      29.629222869873047,
      28.866872787475586,
      30.386154174804688,
      29.462505340576172,
      21.01368522644043,
      20.682392120361328
    ],
    [
      0.05918159708380699,
      2.683497667312622,
      6.786806583404541,
      10.175714492797852,
      13.904009819030762,
      14.007301330566406,
      16.607994079589844,
      14.991416931152344,
      17.752605438232422,
      15.236078262329102,
      23.209789276123047,
      21.568578720092773,
      29.190950393676758,
      28.5216007232666,
      29.462505340576172,
      29.35452651977539,
      20.658735275268555,
      20.38161277770996
    ],
    [
      1.5401604175567627,
      3.3808958530426025,
      4.602028846740723,
      6.951605796813965,
      9.035994529724121,
      9.67850399017334,
      10.959634780883789,
      10.169218063354492,
      12.653141975402832,
      11.00953197479248,
      16.56010627746582,
      15.717418670654297,
      20.51593017578125,
      20.214948654174805,
      21.01368522644043,
      20.658735275268555,
      19.228382110595703,
      18.949832916259766
    ],
    [
      1.5542587041854858,
      3.6058695316314697,
      4.058484077453613,
      6.6135382652282715,
      8.531241416931152,
      9.36805248260498,
      10.42454719543457,
      9.78803825378418,
      12.349729537963867,
      10.81374740600586,
      16.307777404785156,
      15.626667976379395,
      20.173351287841797,
      19.946155548095703,
      20.682392120361328,
      20.38161277770996,
      18.949832916259766,
      19.19308853149414
    ]
  ],
  "damage": -9.137296676635742,
  "diff_bandwidth": 390.7934265136719,
  "dissonance": 8.294042677892895,
  "drr": 4.249856948852539,
  "dynamics": 2.749720335006714,
  "format": 1245190,
  "frames": 5052416,
  "loudness": -15.075098991394043,
  "loudness_range": 4.8299055099487305,
  "loudness_range_short": 12.346968650817871,
  "lowpass_true_peak_15khz": 0.9996428489685059,
  "mastering3_acoustic_entropies": [
    {
      "acoustic_entropy": 5.573706150054932,
      "acoustic_entropy_mono": 5.634929656982422,
      "band_eliminated_acoustic_entropies": [
        {
          "acoustic_entropy": 5.382101058959961,
          "acoustic_entropy_side": 5.573365211486816,
          "hz": 129.47220167065723
        },
        {
          "acoustic_entropy": 4.950149059295654,
          "acoustic_entropy_side": 5.53096866607666,
          "hz": 202.92927478742237
        },
        {
          "acoustic_entropy": 5.375296592712402,
          "acoustic_entropy_side": 5.534698963165283,
          "hz": 282.89161906338205
        },
        {
          "acoustic_entropy": 5.875705242156982,
          "acoustic_entropy_side": 5.5592546463012695,
          "hz": 369.9353335868758
        },
        {
          "acoustic_entropy": 5.3183064460754395,
          "acoustic_entropy_side": 5.569782733917236,
          "hz": 464.6875360973435
        },
        {
          "acoustic_entropy": 5.735433101654053,
          "acoustic_entropy_side": 5.540968894958496,
          "hz": 567.8308811364784
        },
        {
          "acoustic_entropy": 5.567009449005127,
          "acoustic_entropy_side": 5.560523986816406,
          "hz": 680.1084783214808
        },
        {
          "acoustic_entropy": 5.588516712188721,
          "acoustic_entropy_side": 5.637156963348389,
          "hz": 802.3292461747484
        },
        {
          "acoustic_entropy": 5.631355285644531,
          "acoustic_entropy_side": 5.628303050994873,
          "hz": 935.3737400823702
        },
        {
          "acoustic_entropy": 5.575845241546631,
          "acoustic_entropy_side": 5.51393985748291,
          "hz": 1080.2004963696966
        },
        {
          "acoustic_entropy": 5.77575159072876,
          "acoustic_entropy_side": 5.817437171936035,
          "hz": 1237.8529382007157
        },
        {
          "acoustic_entropy": 5.473453998565674,
          "acoustic_entropy_side": 5.642729759216309,
          "hz": 1409.4668930556702
        },
        {
          "acoustic_entropy": 5.634022235870361,
          "acoustic_entropy_side": 5.591378688812256,
          "hz": 1596.2787759475705
        },
        {
          "acoustic_entropy": 5.56177282333374,
          "acoustic_entropy_side": 5.559454441070557,
          "hz": 1799.6344973346393
        },
        {
          "acoustic_entropy": 5.585049629211426,
          "acoustic_entropy_side": 5.583294868469238,
          "hz": 2020.9991599069049
        },
        {
          "acoustic_entropy": 5.6079325675964355,
          "acoustic_entropy_side": 5.578990459442139,
          "hz": 2261.9676141086993
        },
        {
          "acoustic_entropy": 5.5750732421875,
          "acoustic_entropy_side": 5.571889400482178,
          "hz": 2524.2759484456974
        },
        {
          "acoustic_entropy": 5.5651535987854,
          "acoustic_entropy_side": 5.555811405181885,
          "hz": 2809.813997359896
        },
        {
          "acoustic_entropy": 5.534818649291992,
          "acoustic_entropy_side": 5.552218437194824,
          "hz": 3120.6389567871424
        },
        {
          "acoustic_entropy": 5.652846813201904,
          "acoustic_entropy_side": 5.4951066970825195,
          "hz": 3458.990205492291
        },
        {
          "acoustic_entropy": 5.645095348358154,
          "acoustic_entropy_side": 5.576520919799805,
          "hz": 3827.305438964164
        },
        {
          "acoustic_entropy": 5.522357940673828,
          "acoustic_entropy_side": 5.557514667510986,
          "hz": 4228.238232109126
        },
        {
          "acoustic_entropy": 5.555330753326416,
          "acoustic_entropy_side": 5.575236797332764,
          "hz": 4664.6771572759235
        },
        {
          "acoustic_entropy": 5.547295570373535,
          "acoustic_entropy_side": 5.555866718292236,
          "hz": 5139.766595350093
        },
        {
          "acoustic_entropy": 5.550540924072266,
          "acoustic_entropy_side": 5.5502800941467285,
          "hz": 5656.929389854203
        },
        {
          "acoustic_entropy": 5.520883083343506,
          "acoustic_entropy_side": 5.541858673095703,
          "hz": 6219.891507268283
        },
        {
          "acoustic_entropy": 5.580334663391113,
          "acoustic_entropy_side": 5.558959007263184,
          "hz": 6832.70888123896
        },
        {
          "acoustic_entropy": 5.676546573638916,
          "acoustic_entropy_side": 5.589393615722656,
          "hz": 7499.796634079867
        },
        {
          "acoustic_entropy": 5.493134498596191,
          "acoustic_entropy_side": 5.521427631378174,
          "hz": 8225.96088609342
        },
        {
          "acoustic_entropy": 5.519371032714844,
          "acoustic_entropy_side": 5.561349868774414,
          "hz": 9016.43338188839
        },
        {
          "acoustic_entropy": 5.523735523223877,
          "acoustic_entropy_side": 5.553665637969971,
          "hz": 9876.909183162974
        },
        {
          "acoustic_entropy": 5.542004585266113,
          "acoustic_entropy_side": 5.561316013336182,
          "hz": 10813.587699516042
        },
        {
          "acoustic_entropy": 5.560588836669922,
          "acoustic_entropy_side": 5.569940090179443,
          "hz": 11833.21735289826
        },
        {
          "acoustic_entropy": 5.56290864944458,
          "acoustic_entropy_side": 5.569499492645264,
          "hz": 12943.144197493959
        },
        {
          "acoustic_entropy": 5.568231582641602,
          "acoustic_entropy_side": 5.571341037750244,
          "hz": 14151.364845322005
        },
        {
          "acoustic_entropy": 5.573051929473877,
          "acoustic_entropy_side": 5.573824882507324,
          "hz": 15466.58407886509
        },
        {
          "acoustic_entropy": 5.570253372192383,
          "acoustic_entropy_side": 5.572349548339844,
          "hz": 16898.27756580493
        },
        {
          "acoustic_entropy": 5.567417144775391,
          "acoustic_entropy_side": 5.571105003356934,
          "hz": 18456.760127700032
        },
        {
          "acoustic_entropy": 5.571109771728516,
          "acoustic_entropy_side": 5.57246732711792,
          "hz": 20153.260054456492
        },
        {
          "acoustic_entropy": 5.573627948760986,
          "acoustic_entropy_side": 5.573671340942383,
          "hz": 22000.00000000001
        }
      ],
      "diff_acoustic_entropy": 6.3677659034729,
      "sn": 6
    },
    {
      "acoustic_entropy": 9.01591682434082,
      "acoustic_entropy_mono": 7.792428016662598,
      "band_eliminated_acoustic_entropies": [
        {
          "acoustic_entropy": 8.369524955749512,
          "acoustic_entropy_side": 9.017585754394531,
          "hz": 129.47220167065723
        },
        {
          "acoustic_entropy": 9.157255172729492,
          "acoustic_entropy_side": 8.831186294555664,
          "hz": 202.92927478742237
        },
        {
          "acoustic_entropy": 8.61754035949707,
          "acoustic_entropy_side": 8.926931381225586,
          "hz": 282.89161906338205
        },
        {
          "acoustic_entropy": 9.197630882263184,
          "acoustic_entropy_side": 8.90700626373291,
          "hz": 369.9353335868758
        },
        {
          "acoustic_entropy": 8.689068794250488,
          "acoustic_entropy_side": 9.155472755432129,
          "hz": 464.6875360973435
        },
        {
          "acoustic_entropy": 8.924461364746094,
          "acoustic_entropy_side": 8.781850814819336,
          "hz": 567.8308811364784
        },
        {
          "acoustic_entropy": 8.666051864624023,
          "acoustic_entropy_side": 8.774505615234375,
          "hz": 680.1084783214808
        },
        {
          "acoustic_entropy": 8.806325912475586,
          "acoustic_entropy_side": 8.90283489227295,
          "hz": 802.3292461747484
        },
        {
          "acoustic_entropy": 8.952638626098633,
          "acoustic_entropy_side": 9.126402854919434,
          "hz": 935.3737400823702
        },
        {
          "acoustic_entropy": 8.864547729492188,
          "acoustic_entropy_side": 8.881631851196289,
          "hz": 1080.2004963696966
        },
        {
          "acoustic_entropy": 9.06664752960205,
          "acoustic_entropy_side": 9.32147216796875,
          "hz": 1237.8529382007157
        },
        {
          "acoustic_entropy": 8.797966957092285,
          "acoustic_entropy_side": 8.952746391296387,
          "hz": 1409.4668930556702
        },
        {
          "acoustic_entropy": 9.13868522644043,
          "acoustic_entropy_side": 9.121954917907715,
          "hz": 1596.2787759475705
        },
        {
          "acoustic_entropy": 9.135765075683594,
          "acoustic_entropy_side": 9.039726257324219,
          "hz": 1799.6344973346393
        },
        {
          "acoustic_entropy": 8.912734031677246,
          "acoustic_entropy_side": 8.882302284240723,
          "hz": 2020.9991599069049
        },
        {
          "acoustic_entropy": 9.14423656463623,
          "acoustic_entropy_side": 9.080803871154785,
          "hz": 2261.9676141086993
        },
        {
          "acoustic_entropy": 8.916296005249023,
          "acoustic_entropy_side": 8.972312927246094,
          "hz": 2524.2759484456974
        },
        {
          "acoustic_entropy": 8.489151954650879,
          "acoustic_entropy_side": 8.780477523803711,
          "hz": 2809.813997359896
        },
        {
          "acoustic_entropy": 8.911961555480957,
          "acoustic_entropy_side": 8.955342292785645,
          "hz": 3120.6389567871424
        },
        {
          "acoustic_entropy": 9.060108184814453,
          "acoustic_entropy_side": 9.07359790802002,
          "hz": 3458.990205492291
        },
        {
          "acoustic_entropy": 9.22805118560791,
          "acoustic_entropy_side": 9.164867401123047,
          "hz": 3827.305438964164
        },
        {
          "acoustic_entropy": 9.04936408996582,
          "acoustic_entropy_side": 9.030304908752441,
          "hz": 4228.238232109126
        },
        {
          "acoustic_entropy": 8.969341278076172,
          "acoustic_entropy_side": 8.963732719421387,
          "hz": 4664.6771572759235
        },
        {
          "acoustic_entropy": 8.844303131103516,
          "acoustic_entropy_side": 8.932933807373047,
          "hz": 5139.766595350093
        },
        {
          "acoustic_entropy": 8.905964851379395,
          "acoustic_entropy_side": 8.9655122756958,
          "hz": 5656.929389854203
        },
        {
          "acoustic_entropy": 8.880654335021973,
          "acoustic_entropy_side": 8.928658485412598,
          "hz": 6219.891507268283
        },
        {
          "acoustic_entropy": 8.908334732055664,
          "acoustic_entropy_side": 8.947516441345215,
          "hz": 6832.70888123896
        },
        {
          "acoustic_entropy": 8.885807037353516,
          "acoustic_entropy_side": 8.945160865783691,
          "hz": 7499.796634079867
        },
        {
          "acoustic_entropy": 9.041163444519043,
          "acoustic_entropy_side": 9.060707092285156,
          "hz": 8225.96088609342
        },
        {
          "acoustic_entropy": 8.98287296295166,
          "acoustic_entropy_side": 8.979072570800781,
          "hz": 9016.43338188839
        },
        {
          "acoustic_entropy": 9.017118453979492,
          "acoustic_entropy_side": 9.0189847946167,
          "hz": 9876.909183162974
        },
        {
          "acoustic_entropy": 8.994281768798828,
          "acoustic_entropy_side": 9.009142875671387,
          "hz": 10813.587699516042
        },
        {
          "acoustic_entropy": 9.032937049865723,
          "acoustic_entropy_side": 9.028157234191895,
          "hz": 11833.21735289826
        },
        {
          "acoustic_entropy": 9.016852378845215,
          "acoustic_entropy_side": 9.021464347839355,
          "hz": 12943.144197493959
        },
        {
          "acoustic_entropy": 9.003076553344727,
          "acoustic_entropy_side": 9.01539134979248,
          "hz": 14151.364845322005
        },
        {
          "acoustic_entropy": 9.031657218933105,
          "acoustic_entropy_side": 9.03126335144043,
          "hz": 15466.58407886509
        },
        {
          "acoustic_entropy": 9.02367877960205,
          "acoustic_entropy_side": 9.024360656738281,
          "hz": 16898.27756580493
        },
        {
          "acoustic_entropy": 8.998981475830078,
          "acoustic_entropy_side": 9.01579761505127,
          "hz": 18456.760127700032
        },
        {
          "acoustic_entropy": 9.004066467285156,
          "acoustic_entropy_side": 9.016077041625977,
          "hz": 20153.260054456492
        },
        {
          "acoustic_entropy": 9.017666816711426,
          "acoustic_entropy_side": 9.016724586486816,
          "hz": 22000.00000000001
        }
      ],
      "diff_acoustic_entropy": 9.416967391967773,
      "sn": 12
    },
    {
      "acoustic_entropy": 11.99951171875,
      "acoustic_entropy_mono": 10.22490119934082,
      "band_eliminated_acoustic_entropies": [
        {
          "acoustic_entropy": 11.884519577026367,
          "acoustic_entropy_side": 11.963438034057617,
          "hz": 129.47220167065723
        },
        {
          "acoustic_entropy": 11.478309631347656,
          "acoustic_entropy_side": 11.44300651550293,
          "hz": 202.92927478742237
        },
        {
          "acoustic_entropy": 11.886911392211914,
          "acoustic_entropy_side": 12.200321197509766,
          "hz": 282.89161906338205
        },
        {
          "acoustic_entropy": 12.068622589111328,
          "acoustic_entropy_side": 11.901137351989746,
          "hz": 369.9353335868758
        },
        {
          "acoustic_entropy": 11.927804946899414,
          "acoustic_entropy_side": 12.212861061096191,
          "hz": 464.6875360973435
        },
        {
          "acoustic_entropy": 11.8641357421875,
          "acoustic_entropy_side": 11.798123359680176,
          "hz": 567.8308811364784
        },
        {
          "acoustic_entropy": 11.879644393920898,
          "acoustic_entropy_side": 12.132818222045898,
          "hz": 680.1084783214808
        },
        {
          "acoustic_entropy": 11.799927711486816,
          "acoustic_entropy_side": 12.001869201660156,
          "hz": 802.3292461747484
        },
        {
          "acoustic_entropy": 12.448769569396973,
          "acoustic_entropy_side": 12.227438926696777,
          "hz": 935.3737400823702
        },
        {
          "acoustic_entropy": 12.517123222351074,
          "acoustic_entropy_side": 12.150774002075195,
          "hz": 1080.2004963696966
        },
        {
          "acoustic_entropy": 12.838031768798828,
          "acoustic_entropy_side": 13.102294921875,
          "hz": 1237.8529382007157
        },
        {
          "acoustic_entropy": 11.944725036621094,
          "acoustic_entropy_side": 11.993120193481445,
          "hz": 1409.4668930556702
        },
        {
          "acoustic_entropy": 12.341560363769531,
          "acoustic_entropy_side": 12.136205673217773,
          "hz": 1596.2787759475705
        },
        {
          "acoustic_entropy": 12.071786880493164,
          "acoustic_entropy_side": 11.939183235168457,
          "hz": 1799.6344973346393
        },
        {
          "acoustic_entropy": 11.964126586914062,
          "acoustic_entropy_side": 11.974791526794434,
          "hz": 2020.9991599069049
        },
        {
          "acoustic_entropy": 11.967855453491211,
          "acoustic_entropy_side": 12.168719291687012,
          "hz": 2261.9676141086993
        },
        {
          "acoustic_entropy": 11.910840034484863,
          "acoustic_entropy_side": 11.921714782714844,
          "hz": 2524.2759484456974
        },
        {
          "acoustic_entropy": 12.015342712402344,
          "acoustic_entropy_side": 11.975831031799316,
          "hz": 2809.813997359896
        },
        {
          "acoustic_entropy": 12.15316390991211,
