{
  "acoustic_entropy": 186.94265747070312,
  "bands": [
    {
      "high_freq": 148.1999969482422,
      "loudness": -46.0083122253418,
      "loudness_range": 30.213788986206055,
      "mid_mean": -43.30146026611328,
      "mid_to_side_loudness": -6.888649940490723,
      "mid_to_side_loudness_range": 11.24976921081543,
      "side_mean": -50.14170455932617
    },
    {
      "high_freq": 392.3793640136719,
      "loudness": -32.978309631347656,
      "loudness_range": 17.407577514648438,
      "low_freq": 148.1999969482422,
      "mid_mean": -30.57428550720215,
      "mid_to_side_loudness": -5.005330562591553,
      "mid_to_side_loudness_range": 8.231661796569824,
      "side_mean": -35.817378997802734
    },
    {
      "high_freq": 794.6976318359375,
      "loudness": -25.275224685668945,
      "loudness_range": 18.68436050415039,
      "low_freq": 392.3793640136719,
      "mid_mean": -22.467679977416992,
      "mid_to_side_loudness": -7.53057336807251,
      "mid_to_side_loudness_range": 12.4434814453125,
      "side_mean": -30.45656394958496
    },
    {
      "high_freq": 1457.5709228515625,
      "loudness": -32.22626876831055,
      "loudness_range": 22.35875129699707,
      "low_freq": 794.6976318359375,
      "mid_mean": -29.73842430114746,
      "mid_to_side_loudness": -5.524954319000244,
      "mid_to_side_loudness_range": 9.969097137451172,
      "side_mean": -35.60320281982422
    },
    {
      "high_freq": 2549.74365234375,
      "loudness": -31.547269821166992,
      "loudness_range": 19.121185302734375,
      "low_freq": 1457.5709228515625,
      "mid_mean": -28.8747615814209,
      "mid_to_side_loudness": -6.417504787445068,
      "mid_to_side_loudness_range": 9.807723045349121,
      "side_mean": -35.60719299316406
    },
    {
      "high_freq": 4349.24462890625,
      "loudness": -36.540523529052734,
      "loudness_range": 16.017534255981445,
      "low_freq": 2549.74365234375,
      "mid_mean": -34.16538619995117,
      "mid_to_side_loudness": -4.87448263168335,
      "mid_to_side_loudness_range": 7.29924201965332,
      "side_mean": -39.21088790893555
    },
    {
      "high_freq": 7314.1640625,
      "loudness": -48.7344856262207,
      "loudness_range": 16.96680450439453,
      "low_freq": 4349.24462890625,
      "mid_mean": -46.66621398925781,
      "mid_to_side_loudness": -4.821588516235352,
      "mid_to_side_loudness_range": 6.584168910980225,
      "side_mean": -51.8648796081543
    },
    {
      "high_freq": 12199.2666015625,
      "loudness": -53.03314971923828,
      "loudness_range": 21.975772857666016,
      "low_freq": 7314.1640625,
      "mid_mean": -51.19945526123047,
      "mid_to_side_loudness": -5.447973728179932,
      "mid_to_side_loudness_range": 8.661916732788086,
      "side_mean": -56.25059509277344
    },
    {
      "loudness": -66.30459594726562,
      "loudness_range": 20.386241912841797,
      "low_freq": 12199.2666015625,
      "mid_mean": -62.210426330566406,
      "mid_to_side_loudness": -4.732618808746338,
      "mid_to_side_loudness_range": 5.799871444702148,
      "side_mean": -65.44480895996094
    }
  ],
  "bands_short": [
    {
      "high_freq": 148.1999969482422,
      "loudness": -49.73978805541992,
      "loudness_range": 32.03728103637695,
      "mid_mean": -47.1182746887207,
      "mid_to_side_loudness": -6.891158103942871,
      "mid_to_side_loudness_range": 14.612428665161133,
      "side_mean": -53.699642181396484
    },
    {
      "high_freq": 392.3793640136719,
      "loudness": -34.33734893798828,
      "loudness_range": 19.639745712280273,
      "low_freq": 148.1999969482422,
      "mid_mean": -32.09174346923828,
      "mid_to_side_loudness": -4.708959579467773,
      "mid_to_side_loudness_range": 10.552392959594727,
      "side_mean": -36.96310806274414
    },
    {
      "high_freq": 794.6976318359375,
      "loudness": -26.943727493286133,
      "loudness_range": 22.29688262939453,
      "low_freq": 392.3793640136719,
      "mid_mean": -24.475841522216797,
      "mid_to_side_loudness": -6.477969646453857,
      "mid_to_side_loudness_range": 15.112590789794922,
      "side_mean": -31.28603172302246
    },
    {
      "high_freq": 1457.5709228515625,
      "loudness": -33.528629302978516,
      "loudness_range": 25.07684898376465,
      "low_freq": 794.6976318359375,
      "mid_mean": -31.301403045654297,
      "mid_to_side_loudness": -4.7406110763549805,
      "mid_to_side_loudness_range": 11.779748916625977,
      "side_mean": -36.39529800415039
    },
    {
      "high_freq": 2549.74365234375,
      "loudness": -33.41509246826172,
      "loudness_range": 23.4289608001709,
      "low_freq": 1457.5709228515625,
      "mid_mean": -31.09539031982422,
      "mid_to_side_loudness": -5.289356708526611,
      "mid_to_side_loudness_range": 11.729353904724121,
      "side_mean": -36.67080307006836
    },
    {
      "high_freq": 4349.24462890625,
      "loudness": -38.15138244628906,
      "loudness_range": 20.335649490356445,
      "low_freq": 2549.74365234375,
      "mid_mean": -36.07406234741211,
      "mid_to_side_loudness": -4.081583023071289,
      "mid_to_side_loudness_range": 8.754775047302246,
      "side_mean": -40.345558166503906
    },
    {
      "high_freq": 7314.1640625,
      "loudness": -50.430320739746094,
      "loudness_range": 21.472122192382812,
      "low_freq": 4349.24462890625,
      "mid_mean": -48.862213134765625,
      "mid_to_side_loudness": -4.505805492401123,
      "mid_to_side_loudness_range": 7.290382385253906,
      "side_mean": -53.20417404174805
    },
    {
      "high_freq": 12199.2666015625,
      "loudness": -55.783843994140625,
      "loudness_range": 26.124706268310547,
      "low_freq": 7314.1640625,
      "mid_mean": -53.77450180053711,
      "mid_to_side_loudness": -4.9962992668151855,
      "mid_to_side_loudness_range": 8.535197257995605,
      "side_mean": -58.21284866333008
    },
    {
      "loudness": -67.78447723388672,
      "loudness_range": 20.169479370117188,
      "low_freq": 12199.2666015625,
      "mid_mean": -63.337284088134766,
      "mid_to_side_loudness": -4.375527858734131,
      "mid_to_side_loudness_range": 5.912005424499512,
      "side_mean": -66.129638671875
    }
  ],
  "bandwidth": 791.6116333007812,
  "channels": 2,
  "covariance": [
    [
      107.89356994628906,
      86.34735107421875,
      25.579504013061523,
      28.35098648071289,
      10.420279502868652,
      10.034652709960938,
      11.077943801879883,
      15.144948959350586,
      1.58779776096344,
      8.933998107910156,
      8.58901596069336,
      11.354687690734863,
      16.0063419342041,
      17.274686813354492,
      9.10542106628418,
      9.764307975769043,
      5.188127517700195,
      4.522841453552246
    ],
    [
      86.34735107421875,
      81.77679443359375,
      18.879091262817383,
      20.424406051635742,
      7.004069805145264,
      5.594769477844238,
      9.516227722167969,
      11.955001831054688,
      -0.9845625758171082,
      4.488749027252197,
      5.605332851409912,
      7.811405658721924,
      10.763075828552246,
      11.620052337646484,
      4.222035884857178,
      4.694154262542725,
      2.0344960689544678,
      1.9833612442016602
    ],
    [
      25.579504013061523,
      18.879091262817383,
      41.717750549316406,
      36.803810119628906,
      2.6200358867645264,
      10.423447608947754,
      4.413020133972168,
      8.55129337310791,
      2.382979154586792,
      7.743653297424316,
      7.487224578857422,
      10.505680084228516,
      11.606011390686035,
      15.275138854980469,
      14.244362831115723,
      12.281988143920898,
      8.82579517364502,
      6.0978169441223145
    ],
    [
      28.35098648071289,
      20.424406051635742,
      36.803810119628906,
      45.05655288696289,
      6.014932632446289,
      13.2437105178833,
      10.685757637023926,
      14.098490715026855,
      6.086093425750732,
      11.735036849975586,
      8.588263511657715,
      11.969756126403809,
      14.328274726867676,
      18.54183578491211,
      16.90226936340332,
      14.461671829223633,
      9.690917015075684,
      6.849059104919434
    ],
    [
      10.420279502868652,
      7.004069805145264,
      2.6200358867645264,
      6.014932632446289,
      49.137149810791016,
      31.844711303710938,
      9.8126859664917,
      9.184551239013672,
      26.388755798339844,
      22.845687866210938,
      25.430856704711914,
      23.94062614440918,
      17.095043182373047,
      17.03079605102539,
      16.54009246826172,
      14.238138198852539,
      7.474435806274414,
      4.582588195800781
    ],
    [
      10.034652709960938,
      5.594769477844238,
      10.423447608947754,
      13.2437105178833,
      31.844711303710938,
      39.5084114074707,
      9.306347846984863,
      12.765640258789062,
      19.044706344604492,
      20.382495880126953,
      20.176490783691406,
      23.35141944885254,
      18.147666931152344,
      19.58061981201172,
      21.13140106201172,
      17.690126419067383,
      13.830273628234863,
      9.383526802062988
    ],
    [
      11.077943801879883,
      9.516227722167969,
      4.413020133972168,
      10.685757637023926,
      9.8126859664917,
      9.306347846984863,
      60.9643440246582,
      46.707489013671875,
      25.10500144958496,
      20.62157440185547,
      19.112892150878906,
      17.73637580871582,
      19.008317947387695,
      19.18107032775879,
      12.356257438659668,
      10.808794021606445,
      6.606334686279297,
      4.652260780334473
    ],
    [
      15.144948959350586,
      11.955001831054688,
      8.55129337310791,
      14.098490715026855,
      9.184551239013672,
      12.765640258789062,
      46.707489013671875,
      49.01633834838867,
      20.857297897338867,
      21.310379028320312,
      16.927947998046875,
      18.20680809020996,
      19.120014190673828,
      20.35628890991211,
      14.393860816955566,
      13.09403133392334,
      9.658001899719238,
      7.404815673828125
    ],
    [
      1.58779776096344,
      -0.9845625758171082,
      2.382979154586792,
      6.086093425750732,
      26.388755798339844,
      19.044706344604492,
      25.10500144958496,
      20.857297897338867,
      52.6450309753418,
      38.230552673339844,
      29.879331588745117,
      25.831682205200195,
      20.556190490722656,
      18.009613037109375,
      17.60836410522461,
      15.652994155883789,
      8.061594009399414,
      5.033778190612793
    ],
    [
      8.933998107910156,
      4.488749027252197,
      7.743653297424316,
      11.735036849975586,
      22.845687866210938,
      20.382495880126953,
      20.62157440185547,
      21.310379028320312,
      38.230552673339844,
      38.566673278808594,
      22.722484588623047,
      23.49139404296875,
      18.624608993530273,
      19.309999465942383,
      16.716402053833008,
      14.832708358764648,
      8.707123756408691,
      5.925753593444824
    ],
    [
      8.58901596069336,
      5.605332851409912,
      7.487224578857422,
      8.588263511657715,
      25.430856704711914,
      20.176490783691406,
      19.112892150878906,
      16.927947998046875,
      29.879331588745117,
      22.722484588623047,
      34.86382293701172,
      29.10785484313965,
      21.747724533081055,
      19.2270565032959,
      18.4067440032959,
      16.80963897705078,
      11.44682502746582,
      7.444800853729248
    ],
    [
      11.354687690734863,
      7.811405658721924,
      10.505680084228516,
      11.969756126403809,
      23.94062614440918,
      23.35141944885254,
      17.73637580871582,
      18.20680809020996,
      25.831682205200195,
      23.49139404296875,
      29.10785484313965,
      32.783721923828125,
      21.963367462158203,
      22.19683265686035,
      20.913110733032227,
      17.33849334716797,
      13.503314018249512,
      9.016417503356934
    ],
    [
      16.0063419342041,
      10.763075828552246,
      11.606011390686035,
      14.328274726867676,
      17.095043182373047,
      18.147666931152344,
      19.008317947387695,
      19.120014190673828,
      20.556190490722656,
      18.624608993530273,
      21.747724533081055,
      21.963367462158203,
      43.22834777832031,
      37.571781158447266,
      37.606727600097656,
      33.6480827331543,
      22.913875579833984,
      15.875271797180176
    ],
    [
      17.274686813354492,
      11.620052337646484,
      15.275138854980469,
      18.54183578491211,
      17.03079605102539,
      19.58061981201172,
      19.18107032775879,
      20.35628890991211,
      18.009613037109375,
      19.309999465942383,
      19.2270565032959,
      22.19683265686035,
      37.571781158447266,
      45.37863540649414,
      42.18131637573242,
      36.42314147949219,
      23.412776947021484,
      16.20022964477539
    ],
    [
      9.10542106628418,
      4.222035884857178,
      14.244362831115723,
      16.90226936340332,
      16.54009246826172,
      21.13140106201172,
      12.356257438659668,
      14.393860816955566,
      17.60836410522461,
      16.716402053833008,
      18.4067440032959,
      20.913110733032227,
      37.606727600097656,
      42.18131637573242,
      65.83601379394531,
      52.47902297973633,
      38.088584899902344,
      26.702817916870117
    ],
    [
      9.764307975769043,
      4.694154262542725,
      12.281988143920898,
      14.461671829223633,
      14.238138198852539,
      17.690126419067383,
      10.808794021606445,
      13.09403133392334,
      15.652994155883789,
      14.832708358764648,
      16.80963897705078,
      17.33849334716797,
      33.6480827331543,
      36.42314147949219,
      52.47902297973633,
      48.20561218261719,
      32.57373046875,
      23.441041946411133
    ],
    [
      5.188127517700195,
      2.0344960689544678,
      8.82579517364502,
      9.690917015075684,
      7.474435806274414,
      13.830273628234863,
      6.606334686279297,
      9.658001899719238,
      8.061594009399414,
      8.707123756408691,
      11.44682502746582,
      13.503314018249512,
      22.913875579833984,
      23.412776947021484,
      38.088584899902344,
      32.57373046875,
      33.64167022705078,
      23.35639190673828
    ],
    [
      4.522841453552246,
      1.9833612442016602,
      6.0978169441223145,
      6.849059104919434,
      4.582588195800781,
      9.383526802062988,
      4.652260780334473,
      7.404815673828125,
      5.033778190612793,
      5.925753593444824,
      7.444800853729248,
      9.016417503356934,
      15.875271797180176,
      16.20022964477539,
      26.702817916870117,
      23.441041946411133,
      23.35639190673828,
      18.406545639038086
    ]
  ],
  "covariance_short": [
    [
      122.68437194824219,
      92.76085662841797,
      31.14702796936035,
      33.221595764160156,
      16.692562103271484,
      12.942144393920898,
      15.978922843933105,
      17.633777618408203,
      8.919414520263672,
      11.838232040405273,
      13.58952808380127,
      14.665282249450684,
      18.02002716064453,
      18.465211868286133,
      10.639435768127441,
      10.432816505432129,
      4.9968695640563965,
      3.876159429550171
    ],
    [
      92.76085662841797,
      88.57958984375,
      22.965864181518555,
      24.615625381469727,
      12.362858772277832,
      7.957517623901367,
      13.444421768188477,
      13.573955535888672,
      6.090972423553467,
      7.052377223968506,
      10.189249992370605,
      10.41968822479248,
      11.673489570617676,
      11.936487197875977,
      5.613981246948242,
      5.496033668518066,
      2.2548656463623047,
      1.6270021200180054
    ],
    [
      31.14702796936035,
      22.965864181518555,
      50.821720123291016,
      41.17110061645508,
      9.603241920471191,
      14.475357055664062,
      10.212651252746582,
      12.738334655761719,
      8.659097671508789,
      11.37951374053955,
      11.311127662658691,
      13.570627212524414,
      17.101537704467773,
      16.775686264038086,
      13.045418739318848,
      10.846335411071777,
      7.123376846313477,
      4.875190734863281
    ],
    [
      33.221595764160156,
      24.615625381469727,
      41.17110061645508,
      51.24583053588867,
      11.496673583984375,
      15.46627426147461,
      14.728861808776855,
      16.75672149658203,
      11.129399299621582,
      13.86182975769043,
      12.096681594848633,
      14.121920585632324,
      19.915063858032227,
      19.837688446044922,
      14.72341537475586,
      12.594016075134277,
      7.055408000946045,
      5.182415962219238
    ],
    [
      16.692562103271484,
      12.362858772277832,
      9.603241920471191,
      11.496673583984375,
      68.2871322631836,
      40.00367736816406,
      19.469680786132812,
      14.982593536376953,
      36.540653228759766,
      28.29508399963379,
      39.33903884887695,
      34.5103645324707,
      25.731779098510742,
      23.135860443115234,
      20.274356842041016,
      16.434782028198242,
      6.247687816619873,
      3.1298305988311768
    ],
    [
      12.942144393920898,
      7.957517623901367,
      14.475357055664062,
      15.46627426147461,
      40.00367736816406,
      44.55194854736328,
      15.718170166015625,
      16.3712100982666,
      24.707876205444336,
      22.87904167175293,
      27.459753036499023,
      28.20415496826172,
      24.212833404541016,
      22.72100830078125,
      22.612775802612305,
      18.64714813232422,
      11.923972129821777,
      7.493008613586426
    ],
    [
      15.978922843933105,
      13.444421768188477,
      10.212651252746582,
      14.728861808776855,
      19.469680786132812,
      15.718170166015625,
      75.40541076660156,
      56.81682205200195,
      38.55420684814453,
      29.455045700073242,
      32.67916488647461,
      28.498106002807617,
      29.32258415222168,
      26.583431243896484,
      17.644207000732422,
      14.598393440246582,
      7.1005539894104,
      4.435537338256836
    ],
    [
      17.633777618408203,
      13.573955535888672,
      12.738334655761719,
      16.75672149658203,
      14.982593536376953,
      16.3712100982666,
      56.81682205200195,
      60.1805419921875,
      30.864978790283203,
      28.27594757080078,
      25.840959548950195,
      25.043466567993164,
      27.31126594543457,
      25.527868270874023,
      17.48788833618164,
      15.306703567504883,
      8.516345024108887,
      6.056575775146484
    ],
    [
      8.919414520263672,
      6.090972423553467,
      8.659097671508789,
      11.129399299621582,
      36.540653228759766,
      24.707876205444336,
      38.55420684814453,
      30.864978790283203,
      71.76300811767578,
      49.58302688598633,
      45.816070556640625,
      38.1294059753418,
      32.7969970703125,
      27.53098487854004,
      24.5954647064209,
      20.347652435302734,
      9.094488143920898,
      5.07448673248291
    ],
    [
      11.838232040405273,
      7.052377223968506,
      11.37951374053955,
      13.86182975769043,
      28.29508399963379,
      22.87904167175293,
      29.455045700073242,
      28.27594757080078,
      49.58302688598633,
      48.29026412963867,
      32.417354583740234,
      31.29400634765625,
      27.858295440673828,
      25.661218643188477,
      21.448904037475586,
      18.372840881347656,
      9.498284339904785,
      6.085949897766113
    ],
    [
      13.58952808380127,
      10.189249992370605,
      11.311127662658691,
      12.096681594848633,
      39.33903884887695,
      27.459753036499023,
      32.67916488647461,
      25.840959548950195,
      45.816070556640625,
      32.417354583740234,
      56.578125,
      44.3842658996582,
      35.89054870605469,
      30.547626495361328,
      27.92054557800293,
      23.22768783569336,
      12.864753723144531,
      7.472578525543213
    ],
    [
      14.665282249450684,
      10.41968822479248,
      13.570627212524414,
      14.121920585632324,
      34.5103645324707,
      28.20415496826172,
      28.498106002807617,
      25.043466567993164,
      38.1294059753418,
      31.29400634765625,
      44.3842658996582,
      45.09258270263672,
      32.84200668334961,
      30.459020614624023,
      27.452922821044922,
      22.341808319091797,
      13.70350456237793,
      8.32518482208252
    ],
    [
      18.02002716064453,
      11.673489570617676,
      17.101537704467773,
      19.915063858032227,
      25.731779098510742,
      24.212833404541016,
      29.32258415222168,
      27.31126594543457,
      32.7969970703125,
      27.858295440673828,
      35.89054870605469,
      32.84200668334961,
      67.29279327392578,
      56.88094711303711,
      54.81315612792969,
      45.92877197265625,
      27.908390045166016,
      18.185863494873047
    ],
    [
      18.465211868286133,
      11.936487197875977,
      16.775686264038086,
      19.837688446044922,
      23.135860443115234,
      22.72100830078125,
      26.583431243896484,
      25.527868270874023,
      27.53098487854004,
      25.661218643188477,
      30.547626495361328,
      30.459020614624023,
      56.88094711303711,
      55.32878112792969,
      49.36771011352539,
      41.78598403930664,
      24.89304542541504,
      16.6744327545166
    ],
    [
      10.639435768127441,
      5.613981246948242,
      13.045418739318848,
      14.72341537475586,
      20.274356842041016,
      22.612775802612305,
      17.644207000732422,
      17.48788833618164,
      24.5954647064209,
      21.448904037475586,
      27.92054557800293,
      27.452922821044922,
      54.81315612792969,
      49.36771011352539,
      73.41204833984375,
      58.062007904052734,
      38.51045608520508,
      26.294729232788086
    ],
    [
      10.432816505432129,
      5.496033668518066,
      10.846335411071777,
      12.594016075134277,
      16.434782028198242,
      18.64714813232422,
      14.598393440246582,
      15.306703567504883,
      20.347652435302734,
      18.372840881347656,
      23.22768783569336,
      22.341808319091797,
      45.92877197265625,
      41.78598403930664,
      58.062007904052734,
      52.281410217285156,
      32.23491668701172,
      22.850038528442383
    ],
    [
      4.9968695640563965,
      2.2548656463623047,
      7.123376846313477,
      7.055408000946045,
      6.247687816619873,
      11.923972129821777,
      7.1005539894104,
      8.516345024108887,
      9.094488143920898,
      9.498284339904785,
      12.864753723144531,
      13.70350456237793,
      27.908390045166016,
      24.89304542541504,
      38.51045608520508,
      32.23491668701172,
      31.31864356994629,
      20.97058868408203
    ],
    [
      3.876159429550171,
      1.6270021200180054,
      4.875190734863281,
      5.182415962219238,
      3.1298305988311768,
      7.493008613586426,
      4.435537338256836,
      6.056575775146484,
      5.07448673248291,
      6.085949897766113,
      7.472578525543213,
      8.32518482208252,
      18.185863494873047,
      16.6744327545166,
      26.294729232788086,
      22.850038528442383,
      20.97058868408203,
      16.181766510009766
    ]
  ],
  "damage": -8.065404891967773,
  "diff_bandwidth": 802.381591796875,
  "dissonance": 8.840947821184068,
  "drr": 9.51584529876709,
  "dynamics": 4.571130275726318,
  "format": 1245190,
  "frames": 12601280,
  "loudness": -17.275665283203125,
  "loudness_range": 13.040189743041992,
  "loudness_range_short": 17.52371597290039,
  "lowpass_true_peak_15khz": -2.5769588947296143,
  "mastering3_acoustic_entropies": [
    {
      "acoustic_entropy": 9.443826675415039,
      "acoustic_entropy_mono": 9.280383110046387,
      "band_eliminated_acoustic_entropies": [
        {
          "acoustic_entropy": 9.444502830505371,
          "acoustic_entropy_side": 9.443835258483887,
          "hz": 129.47220167065723
        },
        {
          "acoustic_entropy": 9.453266143798828,
          "acoustic_entropy_side": 9.445316314697266,
          "hz": 202.92927478742237
        },
        {
          "acoustic_entropy": 9.457313537597656,
          "acoustic_entropy_side": 9.450729370117188,
          "hz": 282.89161906338205
        },
        {
          "acoustic_entropy": 9.43029499053955,
          "acoustic_entropy_side": 9.468459129333496,
          "hz": 369.9353335868758
        },
        {
          "acoustic_entropy": 9.663946151733398,
          "acoustic_entropy_side": 9.457446098327637,
          "hz": 464.6875360973435
        },
        {
          "acoustic_entropy": 9.883513450622559,
          "acoustic_entropy_side": 9.50462818145752,
          "hz": 567.8308811364784
        },
        {
          "acoustic_entropy": 9.782846450805664,
          "acoustic_entropy_side": 9.550670623779297,
          "hz": 680.1084783214808
        },
        {
          "acoustic_entropy": 8.366035461425781,
          "acoustic_entropy_side": 9.48835563659668,
          "hz": 802.3292461747484
        },
        {
          "acoustic_entropy": 8.8505859375,
          "acoustic_entropy_side": 9.24019718170166,
          "hz": 935.3737400823702
        },
        {
          "acoustic_entropy": 9.691580772399902,
          "acoustic_entropy_side": 9.221283912658691,
          "hz": 1080.2004963696966
        },
        {
          "acoustic_entropy": 8.75670051574707,
          "acoustic_entropy_side": 9.214208602905273,
          "hz": 1237.8529382007157
        },
        {
          "acoustic_entropy": 9.640703201293945,
          "acoustic_entropy_side": 9.674617767333984,
          "hz": 1409.4668930556702
        },
        {
          "acoustic_entropy": 9.06068229675293,
          "acoustic_entropy_side": 9.251899719238281,
          "hz": 1596.2787759475705
        },
        {
          "acoustic_entropy": 9.054681777954102,
          "acoustic_entropy_side": 9.25410270690918,
          "hz": 1799.6344973346393
        },
        {
          "acoustic_entropy": 9.136687278747559,
          "acoustic_entropy_side": 9.584390640258789,
          "hz": 2020.9991599069049
        },
        {
          "acoustic_entropy": 9.734020233154297,
          "acoustic_entropy_side": 9.581854820251465,
          "hz": 2261.9676141086993
        },
        {
          "acoustic_entropy": 9.981793403625488,
          "acoustic_entropy_side": 9.485014915466309,
          "hz": 2524.2759484456974
        },
        {
          "acoustic_entropy": 9.81680679321289,
          "acoustic_entropy_side": 9.516267776489258,
          "hz": 2809.813997359896
        },
        {
          "acoustic_entropy": 9.823688507080078,
          "acoustic_entropy_side": 9.654292106628418,
          "hz": 3120.6389567871424
        },
        {
          "acoustic_entropy": 9.694738388061523,
          "acoustic_entropy_side": 9.574923515319824,
          "hz": 3458.990205492291
        },
        {
          "acoustic_entropy": 9.610504150390625,
          "acoustic_entropy_side": 9.454809188842773,
          "hz": 3827.305438964164
        },
        {
          "acoustic_entropy": 9.576031684875488,
          "acoustic_entropy_side": 9.457984924316406,
          "hz": 4228.238232109126
        },
        {
          "acoustic_entropy": 9.488100051879883,
          "acoustic_entropy_side": 9.450057029724121,
          "hz": 4664.6771572759235
        },
        {
          "acoustic_entropy": 9.462099075317383,
          "acoustic_entropy_side": 9.445446014404297,
          "hz": 5139.766595350093
        },
        {
          "acoustic_entropy": 9.446659088134766,
          "acoustic_entropy_side": 9.444803237915039,
          "hz": 5656.929389854203
        },
        {
          "acoustic_entropy": 9.440512657165527,
          "acoustic_entropy_side": 9.444609642028809,
          "hz": 6219.891507268283
        },
        {
          "acoustic_entropy": 9.432271003723145,
          "acoustic_entropy_side": 9.444646835327148,
          "hz": 6832.70888123896
        },
        {
          "acoustic_entropy": 9.448814392089844,
          "acoustic_entropy_side": 9.444499015808105,
          "hz": 7499.796634079867
        },
        {
          "acoustic_entropy": 9.440657615661621,
          "acoustic_entropy_side": 9.443224906921387,
          "hz": 8225.96088609342
        },
        {
          "acoustic_entropy": 9.429242134094238,
          "acoustic_entropy_side": 9.442679405212402,
          "hz": 9016.43338188839
        },
        {
          "acoustic_entropy": 9.434638023376465,
          "acoustic_entropy_side": 9.443638801574707,
          "hz": 9876.909183162974
        },
        {
          "acoustic_entropy": 9.449440956115723,
          "acoustic_entropy_side": 9.444844245910645,
          "hz": 10813.587699516042
        },
        {
          "acoustic_entropy": 9.428887367248535,
          "acoustic_entropy_side": 9.444611549377441,
          "hz": 11833.21735289826
        },
        {
          "acoustic_entropy": 9.440295219421387,
          "acoustic_entropy_side": 9.44437026977539,
          "hz": 12943.144197493959
        },
        {
          "acoustic_entropy": 9.444107055664062,
          "acoustic_entropy_side": 9.444326400756836,
          "hz": 14151.364845322005
        },
        {
          "acoustic_entropy": 9.445677757263184,
          "acoustic_entropy_side": 9.444414138793945,
          "hz": 15466.58407886509
        },
        {
          "acoustic_entropy": 9.444655418395996,
          "acoustic_entropy_side": 9.443997383117676,
          "hz": 16898.27756580493
        },
        {
          "acoustic_entropy": 9.444008827209473,
          "acoustic_entropy_side": 9.44385051727295,
          "hz": 18456.760127700032
        },
        {
          "acoustic_entropy": 9.443840980529785,
          "acoustic_entropy_side": 9.443827629089355,
          "hz": 20153.260054456492
        },
        {
          "acoustic_entropy": 9.443826675415039,
          "acoustic_entropy_side": 9.443826675415039,
          "hz": 22000.00000000001
        }
      ],
      "diff_acoustic_entropy": 6.674586772918701,
      "sn": 6
    },
    {
      "acoustic_entropy": 12.720722198486328,
      "acoustic_entropy_mono": 12.650547981262207,
      "band_eliminated_acoustic_entropies": [
        {
          "acoustic_entropy": 12.720584869384766,
          "acoustic_entropy_side": 12.720982551574707,
          "hz": 129.47220167065723
        },
        {
          "acoustic_entropy": 12.77552318572998,
          "acoustic_entropy_side": 12.741580963134766,
          "hz": 202.92927478742237
        },
        {
          "acoustic_entropy": 13.02700138092041,
          "acoustic_entropy_side": 12.919998168945312,
          "hz": 282.89161906338205
        },
        {
          "acoustic_entropy": 13.833205223083496,
          "acoustic_entropy_side": 13.022594451904297,
          "hz": 369.9353335868758
        },
        {
          "acoustic_entropy": 13.240032196044922,
          "acoustic_entropy_side": 13.063295364379883,
          "hz": 464.6875360973435
        },
        {
          "acoustic_entropy": 13.432388305664062,
          "acoustic_entropy_side": 12.902469635009766,
          "hz": 567.8308811364784
        },
        {
          "acoustic_entropy": 14.002588272094727,
          "acoustic_entropy_side": 13.052218437194824,
          "hz": 680.1084783214808
        },
        {
          "acoustic_entropy": 12.38499927520752,
          "acoustic_entropy_side": 12.743196487426758,
          "hz": 802.3292461747484
        },
        {
          "acoustic_entropy": 12.914456367492676,
          "acoustic_entropy_side": 13.277213096618652,
          "hz": 935.3737400823702
        },
        {
          "acoustic_entropy": 12.975638389587402,
          "acoustic_entropy_side": 13.272422790527344,
          "hz": 1080.2004963696966
        },
        {
          "acoustic_entropy": 13.427298545837402,
          "acoustic_entropy_side": 12.801135063171387,
          "hz": 1237.8529382007157
        },
        {
          "acoustic_entropy": 13.350787162780762,
          "acoustic_entropy_side": 12.681621551513672,
          "hz": 1409.4668930556702
        },
        {
          "acoustic_entropy": 13.160152435302734,
          "acoustic_entropy_side": 13.178764343261719,
          "hz": 1596.2787759475705
        },
        {
          "acoustic_entropy": 13.064854621887207,
          "acoustic_entropy_side": 12.962040901184082,
          "hz": 1799.6344973346393
        },
        {
          "acoustic_entropy": 12.762018203735352,
          "acoustic_entropy_side": 12.790620803833008,
          "hz": 2020.9991599069049
        },
        {
          "acoustic_entropy": 13.000887870788574,
          "acoustic_entropy_side": 12.725908279418945,
          "hz": 2261.9676141086993
        },
        {
          "acoustic_entropy": 13.109683990478516,
          "acoustic_entropy_side": 12.808760643005371,
          "hz": 2524.2759484456974
        },
        {
          "acoustic_entropy": 12.976712226867676,
          "acoustic_entropy_side": 12.734871864318848,
          "hz": 2809.813997359896
        },
        {
          "acoustic_entropy": 13.325528144836426,
          "acoustic_entropy_side": 12.591110229492188,
          "hz": 3120.6389567871424
        },
        {
          "acoustic_entropy": 12.786153793334961,
          "acoustic_entropy_side": 12.547415733337402,
          "hz": 3458.990205492291
        },
        {
          "acoustic_entropy": 12.625134468078613,
          "acoustic_entropy_side": 12.595328330993652,
          "hz": 3827.305438964164
        },
        {
          "acoustic_entropy": 12.757877349853516,
          "acoustic_entropy_side": 12.77358627319336,
          "hz": 4228.238232109126
        },
        {
          "acoustic_entropy": 12.774330139160156,
          "acoustic_entropy_side": 12.751211166381836,
          "hz": 4664.6771572759235
        },
        {
          "acoustic_entropy": 12.784977912902832,
          "acoustic_entropy_side": 12.724655151367188,
          "hz": 5139.766595350093
        },
        {
          "acoustic_entropy": 12.723490715026855,
          "acoustic_entropy_side": 12.719374656677246,
          "hz": 5656.929389854203
        },
        {
          "acoustic_entropy": 12.752276420593262,
          "acoustic_entropy_side": 12.71949291229248,
          "hz": 6219.891507268283
        },
        {
          "acoustic_entropy": 12.805291175842285,
          "acoustic_entropy_side": 12.721671104431152,
          "hz": 6832.70888123896
        },
        {
          "acoustic_entropy": 12.813549041748047,
          "acoustic_entropy_side": 12.72584342956543,
          "hz": 7499.796634079867
        },
        {
          "acoustic_entropy": 12.803848266601562,
          "acoustic_entropy_side": 12.727608680725098,
          "hz": 8225.96088609342
        },
        {
          "acoustic_entropy": 12.843730926513672,
          "acoustic_entropy_side": 12.726579666137695,
          "hz": 9016.43338188839
        },
        {
          "acoustic_entropy": 12.913511276245117,
          "acoustic_entropy_side": 12.725380897521973,
          "hz": 9876.909183162974
        },
        {
          "acoustic_entropy": 12.637770652770996,
          "acoustic_entropy_side": 12.723464012145996,
          "hz": 10813.587699516042
        },
        {
          "acoustic_entropy": 12.787611961364746,
          "acoustic_entropy_side": 12.723105430603027,
          "hz": 11833.21735289826
        },
        {
          "acoustic_entropy": 12.739062309265137,
          "acoustic_entropy_side": 12.722257614135742,
          "hz": 12943.144197493959
        },
        {
          "acoustic_entropy": 12.725619316101074,
          "acoustic_entropy_side": 12.721517562866211,
          "hz": 14151.364845322005
        },
        {
          "acoustic_entropy": 12.721545219421387,
          "acoustic_entropy_side": 12.720498085021973,
          "hz": 15466.58407886509
        },
        {
          "acoustic_entropy": 12.720731735229492,
          "acoustic_entropy_side": 12.720592498779297,
          "hz": 16898.27756580493
        },
        {
          "acoustic_entropy": 12.720954895019531,
          "acoustic_entropy_side": 12.720730781555176,
          "hz": 18456.760127700032
        },
        {
          "acoustic_entropy": 12.72075366973877,
          "acoustic_entropy_side": 12.720724105834961,
          "hz": 20153.260054456492
        },
        {
          "acoustic_entropy": 12.720722198486328,
          "acoustic_entropy_side": 12.720722198486328,
          "hz": 22000.00000000001
        }
      ],
      "diff_acoustic_entropy": 10.305752754211426,
      "sn": 12
    },
    {
      "acoustic_entropy": 19.95654296875,
      "acoustic_entropy_mono": 19.58419418334961,
      "band_eliminated_acoustic_entropies": [
        {
          "acoustic_entropy": 20.157506942749023,
          "acoustic_entropy_side": 19.982406616210938,
          "hz": 129.47220167065723
        },
        {
          "acoustic_entropy": 20.228355407714844,
          "acoustic_entropy_side": 19.919235229492188,
          "hz": 202.92927478742237
        },
        {
          "acoustic_entropy": 20.980026245117188,
          "acoustic_entropy_side": 20.065366744995117,
          "hz": 282.89161906338205
        },
        {
          "acoustic_entropy": 19.665767669677734,
          "acoustic_entropy_side": 20.53267478942871,
          "hz": 369.9353335868758
        },
        {
          "acoustic_entropy": 21.467361450195312,
          "acoustic_entropy_side": 20.377946853637695,
          "hz": 464.6875360973435
        },
        {
          "acoustic_entropy": 20.690555572509766,
          "acoustic_entropy_side": 20.94499969482422,
          "hz": 567.8308811364784
        },
        {
          "acoustic_entropy": 20.337247848510742,
          "acoustic_entropy_side": 20.294536590576172,
          "hz": 680.1084783214808
        },
        {
          "acoustic_entropy": 19.636783599853516,
          "acoustic_entropy_side": 20.407808303833008,
          "hz": 802.3292461747484
        },
        {
          "acoustic_entropy": 19.936756134033203,
          "acoustic_entropy_side": 20.080707550048828,
          "hz": 935.3737400823702
        },
        {
          "acoustic_entropy": 20.347694396972656,
          "acoustic_entropy_side": 20.436052322387695,
          "hz": 1080.2004963696966
        },
        {
          "acoustic_entropy": 21.208362579345703,
          "acoustic_entropy_side": 19.895170211791992,
          "hz": 1237.8529382007157
        },
        {
          "acoustic_entropy": 20.04630470275879,
          "acoustic_entropy_side": 20.003263473510742,
          "hz": 1409.4668930556702
        },
        {
          "acoustic_entropy": 19.482563018798828,
          "acoustic_entropy_side": 20.54209327697754,
          "hz": 1596.2787759475705
        },
        {
          "acoustic_entropy": 20.89521026611328,
          "acoustic_entropy_side": 20.46345329284668,
          "hz": 1799.6344973346393
        },
        {
          "acoustic_entropy": 20.902429580688477,
          "acoustic_entropy_side": 20.289215087890625,
          "hz": 2020.9991599069049
        },
        {
          "acoustic_entropy": 19.976350784301758,
          "acoustic_entropy_side": 20.249408721923828,
          "hz": 2261.9676141086993
        },
        {
          "acoustic_entropy": 19.720605850219727,
          "acoustic_entropy_side": 19.80026626586914,
          "hz": 2524.2759484456974
        },
        {
          "acoustic_entropy": 20.030685424804688,
          "acoustic_entropy_side": 19.749309539794922,
          "hz": 2809.813997359896
        },
        {
          "acoustic_entropy": 20.28427505493164,
          "acoustic_entropy_side": 20.36736297607422,
          "hz": 3120.6389567871424
