{
  "acoustic_entropy": 242.85183715820312,
  "bands": [
    {
      "high_freq": 148.1999969482422,
      "loudness": -25.35935401916504,
      "loudness_range": 8.37260627746582,
      "mid_mean": -21.873083114624023,
      "mid_to_side_loudness": -15.26528263092041,
      "mid_to_side_loudness_range": 16.97640609741211,
      "side_mean": -37.79678726196289
    },
    {
      "high_freq": 392.3793640136719,
      "loudness": -22.68181610107422,
      "loudness_range": 7.27241325378418,
      "low_freq": 148.1999969482422,
      "mid_mean": -19.823564529418945,
      "mid_to_side_loudness": -7.702974796295166,
      "mid_to_side_loudness_range": 10.580734252929688,
      "side_mean": -27.622995376586914
    },
    {
      "high_freq": 794.6976318359375,
      "loudness": -21.003173828125,
      "loudness_range": 8.585180282592773,
      "low_freq": 392.3793640136719,
      "mid_mean": -18.984540939331055,
      "mid_to_side_loudness": -4.2141876220703125,
      "mid_to_side_loudness_range": 11.50451946258545,
      "side_mean": -23.298078536987305
    },
    {
      "high_freq": 1457.5709228515625,
      "loudness": -20.366592407226562,
      "loudness_range": 10.824982643127441,
      "low_freq": 794.6976318359375,
      "mid_mean": -18.49837303161621,
      "mid_to_side_loudness": -3.7163422107696533,
      "mid_to_side_loudness_range": 10.64459228515625,
      "side_mean": -22.241493225097656
    },
    {
      "high_freq": 2549.74365234375,
      "loudness": -20.86183738708496,
      "loudness_range": 10.27074909210205,
      "low_freq": 1457.5709228515625,
      "mid_mean": -18.783811569213867,
      "mid_to_side_loudness": -4.127283573150635,
      "mid_to_side_loudness_range": 8.893033981323242,
      "side_mean": -22.962352752685547
    },
    {
      "high_freq": 4349.24462890625,
      "loudness": -21.11292839050293,
      "loudness_range": 11.442327499389648,
      "low_freq": 2549.74365234375,
      "mid_mean": -18.79107093811035,
      "mid_to_side_loudness": -4.992610454559326,
      "mid_to_side_loudness_range": 8.964570045471191,
      "side_mean": -23.850082397460938
    },
    {
      "high_freq": 7314.1640625,
      "loudness": -26.56513214111328,
      "loudness_range": 10.674320220947266,
      "low_freq": 4349.24462890625,
      "mid_mean": -24.14082908630371,
      "mid_to_side_loudness": -5.465346336364746,
      "mid_to_side_loudness_range": 10.312477111816406,
      "side_mean": -29.707820892333984
    },
    {
      "high_freq": 12199.2666015625,
      "loudness": -27.68463897705078,
      "loudness_range": 10.632265090942383,
      "low_freq": 7314.1640625,
      "mid_mean": -24.87329864501953,
      "mid_to_side_loudness": -7.618668556213379,
      "mid_to_side_loudness_range": 11.254904747009277,
      "side_mean": -32.644866943359375
    },
    {
      "loudness": -28.240110397338867,
      "loudness_range": 15.744354248046875,
      "low_freq": 12199.2666015625,
      "mid_mean": -25.542987823486328,
      "mid_to_side_loudness": -7.570584774017334,
      "mid_to_side_loudness_range": 12.197277069091797,
      "side_mean": -32.96984100341797
    }
  ],
  "bands_short": [
    {
      "high_freq": 148.1999969482422,
      "loudness": -28.160839080810547,
      "loudness_range": 15.988790512084961,
      "mid_mean": -24.783966064453125,
      "mid_to_side_loudness": -14.9505033493042,
      "mid_to_side_loudness_range": 24.423215866088867,
      "side_mean": -41.089454650878906
    },
    {
      "high_freq": 392.3793640136719,
      "loudness": -22.95887565612793,
      "loudness_range": 10.385805130004883,
      "low_freq": 148.1999969482422,
      "mid_mean": -20.183610916137695,
      "mid_to_side_loudness": -8.098942756652832,
      "mid_to_side_loudness_range": 14.130885124206543,
      "side_mean": -28.416837692260742
    },
    {
      "high_freq": 794.6976318359375,
      "loudness": -22.98345947265625,
      "loudness_range": 11.923377990722656,
      "low_freq": 392.3793640136719,
      "mid_mean": -21.4772891998291,
      "mid_to_side_loudness": -3.25179386138916,
      "mid_to_side_loudness_range": 14.162129402160645,
      "side_mean": -24.795623779296875
    },
    {
      "high_freq": 1457.5709228515625,
      "loudness": -20.18867301940918,
      "loudness_range": 13.96773910522461,
      "low_freq": 794.6976318359375,
      "mid_mean": -18.59450912475586,
      "mid_to_side_loudness": -3.703500986099243,
      "mid_to_side_loudness_range": 14.512595176696777,
      "side_mean": -22.31913948059082
    },
    {
      "high_freq": 2549.74365234375,
      "loudness": -21.48516845703125,
      "loudness_range": 13.133468627929688,
      "low_freq": 1457.5709228515625,
      "mid_mean": -19.69877815246582,
      "mid_to_side_loudness": -3.752866506576538,
      "mid_to_side_loudness_range": 11.790915489196777,
      "side_mean": -23.507638931274414
    },
    {
      "high_freq": 4349.24462890625,
      "loudness": -21.81519889831543,
      "loudness_range": 13.676313400268555,
      "low_freq": 2549.74365234375,
      "mid_mean": -19.79632568359375,
      "mid_to_side_loudness": -4.425506591796875,
      "mid_to_side_loudness_range": 11.228853225708008,
      "side_mean": -24.28423309326172
    },
    {
      "high_freq": 7314.1640625,
      "loudness": -27.12228012084961,
      "loudness_range": 13.339353561401367,
      "low_freq": 4349.24462890625,
      "mid_mean": -24.935075759887695,
      "mid_to_side_loudness": -4.9738688468933105,
      "mid_to_side_loudness_range": 12.042405128479004,
      "side_mean": -30.01622200012207
    },
    {
      "high_freq": 12199.2666015625,
      "loudness": -29.028465270996094,
      "loudness_range": 15.857519149780273,
      "low_freq": 7314.1640625,
      "mid_mean": -26.324575424194336,
      "mid_to_side_loudness": -7.242012023925781,
      "mid_to_side_loudness_range": 12.648272514343262,
      "side_mean": -33.78619384765625
    },
    {
      "loudness": -30.546255111694336,
      "loudness_range": 21.239391326904297,
      "low_freq": 12199.2666015625,
      "mid_mean": -27.984378814697266,
      "mid_to_side_loudness": -7.381635665893555,
      "mid_to_side_loudness_range": 15.453485488891602,
      "side_mean": -35.39280700683594
    }
  ],
  "bandwidth": 1043.009521484375,
  "channels": 2,
  "covariance": [
    [
      14.883148193359375,
      4.856992721557617,
      2.6359457969665527,
      2.9618732929229736,
      1.9620018005371094,
      2.570514440536499,
      2.8640732765197754,
      3.3834433555603027,
      3.2299177646636963,
      2.9720652103424072,
      2.028184175491333,
      2.1893813610076904,
      1.9036951065063477,
      1.9350316524505615,
      2.7159249782562256,
      3.433668613433838,
      4.909140586853027,
      3.861496925354004
    ],
    [
      4.856992721557617,
      23.054536819458008,
      2.673374891281128,
      9.098947525024414,
      4.322762966156006,
      10.045443534851074,
      6.335633754730225,
      10.371725082397461,
      7.133826732635498,
      10.584563255310059,
      8.793275833129883,
      11.051373481750488,
      7.047924041748047,
      10.802657127380371,
      6.850358009338379,
      9.993711471557617,
      8.10588550567627,
      8.223669052124023
    ],
    [
      2.6359457969665527,
      2.673374891281128,
      9.349674224853516,
      5.297675132751465,
      3.2726998329162598,
      3.1822733879089355,
      1.2002649307250977,
      2.491624116897583,
      0.9766541123390198,
      2.070261001586914,
      3.0020155906677246,
      3.4593441486358643,
      3.5561745166778564,
      3.833940267562866,
      4.467682838439941,
      4.1024322509765625,
      3.977738857269287,
      2.873532295227051
    ],
    [
      2.9618732929229736,
      9.098947525024414,
      5.297675132751465,
      14.3898286819458,
      4.490956783294678,
      9.22935962677002,
      5.373521327972412,
      9.491758346557617,
      4.603700160980225,
      8.639570236206055,
      7.054477691650391,
      10.369368553161621,
      6.133429527282715,
      11.258586883544922,
      4.920307636260986,
      9.885183334350586,
      3.2058184146881104,
      3.879547119140625
    ],
    [
      1.9620018005371094,
      4.322762966156006,
      3.2726998329162598,
      4.490956783294678,
      13.720660209655762,
      7.039515018463135,
      7.804793834686279,
      6.26919412612915,
      8.954001426696777,
      6.058262825012207,
      7.734512805938721,
      6.26735782623291,
      6.0974507331848145,
      5.557272434234619,
      4.065556526184082,
      4.626322269439697,
      3.2499470710754395,
      4.36464262008667
    ],
    [
      2.570514440536499,
      10.045443534851074,
      3.1822733879089355,
      9.22935962677002,
      7.039515018463135,
      15.74112319946289,
      7.3822102546691895,
      13.058454513549805,
      7.908820629119873,
      12.211482048034668,
      7.974844455718994,
      12.573186874389648,
      7.174436569213867,
      13.067469596862793,
      6.745691776275635,
      12.252099990844727,
      6.683401107788086,
      8.689687728881836
    ],
    [
      2.8640732765197754,
      6.335633754730225,
      1.2002649307250977,
      5.373521327972412,
      7.804793834686279,
      7.3822102546691895,
      21.538679122924805,
      14.278088569641113,
      15.359362602233887,
      10.763083457946777,
      12.917109489440918,
      10.29128360748291,
      8.9719877243042,
      8.740564346313477,
      4.170074462890625,
      6.632079124450684,
      2.874846935272217,
      3.936814308166504
    ],
    [
      3.3834433555603027,
      10.371725082397461,
      2.491624116897583,
      9.491758346557617,
      6.26919412612915,
      13.058454513549805,
      14.278088569641113,
      20.606531143188477,
      11.645987510681152,
      14.67839527130127,
      11.269627571105957,
      15.029566764831543,
      9.14357852935791,
      14.453694343566895,
      6.210129737854004,
      11.9331693649292,
      5.73734712600708,
      6.295450210571289
    ],
    [
      3.2299177646636963,
      7.133826732635498,
      0.9766541123390198,
      4.603700160980225,
      8.954001426696777,
      7.908820629119873,
      15.359362602233887,
      11.645987510681152,
      19.272493362426758,
      12.134563446044922,
      12.132926940917969,
      9.7306547164917,
      10.24362850189209,
      8.934487342834473,
      6.648655414581299,
      7.646667957305908,
      5.407130241394043,
      6.200004577636719
    ],
    [
      2.9720652103424072,
      10.584563255310059,
      2.070261001586914,
      8.639570236206055,
      6.058262825012207,
      12.211482048034668,
      10.763083457946777,
      14.67839527130127,
      12.134563446044922,
      15.36054515838623,
      9.966668128967285,
      13.871843338012695,
      8.326948165893555,
      13.307465553283691,
      6.619548797607422,
      11.473154067993164,
      6.260138034820557,
      7.320403099060059
    ],
    [
      2.028184175491333,
      8.793275833129883,
      3.0020155906677246,
      7.054477691650391,
      7.734512805938721,
      7.974844455718994,
      12.917109489440918,
      11.269627571105957,
      12.132926940917969,
      9.966668128967285,
      21.73457908630371,
      14.989095687866211,
      13.897150993347168,
      13.216375350952148,
      7.273403644561768,
      11.003652572631836,
      3.0381314754486084,
      4.955642223358154
    ],
    [
      2.1893813610076904,
      11.051373481750488,
      3.4593441486358643,
      10.369368553161621,
      6.26735782623291,
      12.573186874389648,
      10.29128360748291,
      15.029566764831543,
      9.7306547164917,
      13.871843338012695,
      14.989095687866211,
      18.82602310180664,
      10.977032661437988,
      17.561649322509766,
      7.718008041381836,
      15.332379341125488,
      5.276156902313232,
      7.497379779815674
    ],
    [
      1.9036951065063477,
      7.047924041748047,
      3.5561745166778564,
      6.133429527282715,
      6.0974507331848145,
      7.174436569213867,
      8.9719877243042,
      9.14357852935791,
      10.24362850189209,
      8.326948165893555,
      13.897150993347168,
      10.977032661437988,
      16.704280853271484,
      14.448004722595215,
      11.771203994750977,
      14.522575378417969,
      7.4392290115356445,
      7.153322219848633
    ],
    [
      1.9350316524505615,
      10.802657127380371,
      3.833940267562866,
      11.258586883544922,
      5.557272434234619,
      13.067469596862793,
      8.740564346313477,
      14.453694343566895,
      8.934487342834473,
      13.307465553283691,
      13.216375350952148,
      17.561649322509766,
      14.448004722595215,
      24.23582649230957,
      10.003108978271484,
      22.096601486206055,
      3.7026255130767822,
      8.398082733154297
    ],
    [
      2.7159249782562256,
      6.850358009338379,
      4.467682838439941,
      4.920307636260986,
      4.065556526184082,
      6.745691776275635,
      4.170074462890625,
      6.210129737854004,
      6.648655414581299,
      6.619548797607422,
      7.273403644561768,
      7.718008041381836,
      11.771203994750977,
      10.003108978271484,
      19.34326934814453,
      17.58051109313965,
      20.512588500976562,
      15.682679176330566
    ],
    [
      3.433668613433838,
      9.993711471557617,
      4.1024322509765625,
      9.885183334350586,
      4.626322269439697,
      12.252099990844727,
      6.632079124450684,
      11.9331693649292,
      7.646667957305908,
      11.473154067993164,
      11.003652572631836,
      15.332379341125488,
      14.522575378417969,
      22.096601486206055,
      17.58051109313965,
      31.706222534179688,
      13.668107032775879,
      18.764930725097656
    ],
    [
      4.909140586853027,
      8.10588550567627,
      3.977738857269287,
      3.2058184146881104,
      3.2499470710754395,
      6.683401107788086,
      2.874846935272217,
      5.73734712600708,
      5.407130241394043,
      6.260138034820557,
      3.0381314754486084,
      5.276156902313232,
      7.4392290115356445,
      3.7026255130767822,
      20.512588500976562,
      13.668107032775879,
      41.29864501953125,
      26.204065322875977
    ],
    [
      3.861496925354004,
      8.223669052124023,
      2.873532295227051,
      3.879547119140625,
      4.36464262008667,
      8.689687728881836,
      3.936814308166504,
      6.295450210571289,
      6.200004577636719,
      7.320403099060059,
      4.955642223358154,
      7.497379779815674,
      7.153322219848633,
      8.398082733154297,
      15.682679176330566,
      18.764930725097656,
      26.204065322875977,
      34.751224517822266
    ]
  ],
  "covariance_short": [
    [
      42.01545715332031,
      10.171459197998047,
      8.38431453704834,
      5.113722324371338,
      2.9492900371551514,
      4.603712558746338,
      6.3919267654418945,
      5.79114294052124,
      6.410279273986816,
      5.605526924133301,
      4.790793418884277,
      3.5874927043914795,
      2.4404237270355225,
      1.8856499195098877,
      3.3759195804595947,
      2.6131668090820312,
      7.388862609863281,
      5.5019917488098145
    ],
    [
      10.171459197998047,
      42.12250900268555,
      3.9960267543792725,
      9.6128568649292,
      6.12575626373291,
      11.082852363586426,
      8.284419059753418,
      12.164294242858887,
      9.094626426696777,
      12.328428268432617,
      10.180146217346191,
      12.545214653015137,
      8.143385887145996,
      12.292494773864746,
      8.43628978729248,
      10.660303115844727,
      11.156444549560547,
      8.806729316711426
    ],
    [
      8.38431453704834,
      3.9960267543792725,
      18.909626007080078,
      7.312042236328125,
      7.757196426391602,
      5.372925758361816,
      2.6645286083221436,
      3.751655101776123,
      3.1081504821777344,
      3.745225191116333,
      5.166940212249756,
      4.561938762664795,
      6.19636869430542,
      4.814174175262451,
      7.312612056732178,
      6.269569396972656,
      7.978612899780273,
      7.125781536102295
    ],
    [
      5.113722324371338,
      9.6128568649292,
      7.312042236328125,
      20.05740737915039,
      8.489435195922852,
      11.355655670166016,
      5.338947296142578,
      10.67464542388916,
      5.567593097686768,
      9.689839363098145,
      8.639413833618164,
      11.731894493103027,
      7.588057041168213,
      12.215161323547363,
      6.747634410858154,
      11.839333534240723,
      5.630277633666992,
      8.39051628112793
    ],
    [
      2.9492900371551514,
      6.12575626373291,
      7.757196426391602,
      8.489435195922852,
      24.789125442504883,
      12.30286693572998,
      11.147603988647461,
      10.613044738769531,
      10.263757705688477,
      8.905482292175293,
      13.717262268066406,
      10.922484397888184,
      11.149408340454102,
      10.204312324523926,
      9.657247543334961,
      11.574718475341797,
      7.6946587562561035,
      10.065348625183105
    ],
    [
      4.603712558746338,
      11.082852363586426,
      5.372925758361816,
      11.355655670166016,
      12.30286693572998,
      24.197154998779297,
      9.258487701416016,
      15.638524055480957,
      9.42046070098877,
      14.220861434936523,
      11.445999145507812,
      15.609630584716797,
      9.370656967163086,
      15.4615478515625,
      8.89625072479248,
      15.210981369018555,
      9.461195945739746,
      12.858722686767578
    ],
    [
      6.3919267654418945,
      8.284419059753418,
      2.6645286083221436,
      5.338947296142578,
      11.147603988647461,
      9.258487701416016,
      34.38684844970703,
      18.18766975402832,
      24.19112777709961,
      14.855231285095215,
      19.471023559570312,
      12.604986190795898,
      14.92412281036377,
      10.47504711151123,
      9.148113250732422,
      10.269977569580078,
      7.248134136199951,
      8.428232192993164
    ],
    [
      5.79114294052124,
      12.164294242858887,
      3.751655101776123,
      10.67464542388916,
      10.613044738769531,
      15.638524055480957,
      18.18766975402832,
      28.20085334777832,
      15.540506362915039,
      18.133695602416992,
      14.8506498336792,
      17.405033111572266,
      12.131783485412598,
      16.699562072753906,
      9.400308609008789,
      15.509538650512695,
      8.56832504272461,
      10.582469940185547
    ],
    [
      6.410279273986816,
      9.094626426696777,
      3.1081504821777344,
      5.567593097686768,
      10.263757705688477,
      9.42046070098877,
      24.19112777709961,
      15.540506362915039,
      29.778522491455078,
      16.821910858154297,
      18.88127326965332,
      12.679314613342285,
      16.430932998657227,
      11.81546688079834,
      11.838528633117676,
      12.265742301940918,
      10.492696762084961,
      11.25141429901123
    ],
    [
      5.605526924133301,
      12.328428268432617,
      3.745225191116333,
      9.689839363098145,
      8.905482292175293,
      14.220861434936523,
      14.855231285095215,
      18.133695602416992,
      16.821910858154297,
      22.04768180847168,
      13.832612037658691,
      16.56759262084961,
      11.868398666381836,
      15.761640548706055,
      10.248551368713379,
      15.089689254760742,
      10.225518226623535,
      11.678277015686035
    ],
    [
      4.790793418884277,
      10.180146217346191,
      5.166940212249756,
      8.639413833618164,
      13.717262268066406,
      11.445999145507812,
      19.471023559570312,
      14.8506498336792,
      18.88127326965332,
      13.832612037658691,
      33.059268951416016,
      20.456811904907227,
      22.229267120361328,
      17.78529930114746,
      14.2174711227417,
      17.81195068359375,
      9.14510726928711,
      11.629960060119629
    ],
    [
      3.5874927043914795,
      12.545214653015137,
      4.561938762664795,
      11.731894493103027,
      10.922484397888184,
      15.609630584716797,
      12.604986190795898,
      17.405033111572266,
      12.679314613342285,
      16.56759262084961,
      20.456811904907227,
      24.922300338745117,
      15.085659980773926,
      21.118661880493164,
      11.655694007873535,
      19.799602508544922,
      9.10406494140625,
      12.539163589477539
    ],
    [
      2.4404237270355225,
      8.143385887145996,
      6.19636869430542,
      7.588057041168213,
      11.149408340454102,
      9.370656967163086,
      14.92412281036377,
      12.131783485412598,
      16.430932998657227,
      11.868398666381836,
      22.229267120361328,
      15.085659980773926,
      28.62052345275879,
      19.994977951049805,
      21.260162353515625,
      23.044658660888672,
      15.21546745300293,
      15.023310661315918
    ],
    [
      1.8856499195098877,
      12.292494773864746,
      4.814174175262451,
      12.215161323547363,
      10.204312324523926,
      15.4615478515625,
      10.47504711151123,
      16.699562072753906,
      11.81546688079834,
      15.761640548706055,
      17.78529930114746,
      21.118661880493164,
      19.994977951049805,
      30.06483268737793,
      15.013026237487793,
      28.104736328125,
      8.293720245361328,
      15.007688522338867
    ],
    [
      3.3759195804595947,
      8.43628978729248,
      7.312612056732178,
      6.747634410858154,
      9.657247543334961,
      8.89625072479248,
      9.148113250732422,
      9.400308609008789,
      11.838528633117676,
      10.248551368713379,
      14.2174711227417,
      11.655694007873535,
      21.260162353515625,
      15.013026237487793,
      32.14632034301758,
      26.735628128051758,
      31.631702423095703,
      25.795164108276367
    ],
    [
      2.6131668090820312,
      10.660303115844727,
      6.269569396972656,
      11.839333534240723,
      11.574718475341797,
      15.210981369018555,
      10.269977569580078,
      15.509538650512695,
      12.265742301940918,
      15.089689254760742,
      17.81195068359375,
      19.799602508544922,
      23.044658660888672,
      28.104736328125,
      26.735628128051758,
      42.40934753417969,
      21.875699996948242,
      29.992334365844727
    ],
    [
      7.388862609863281,
      11.156444549560547,
      7.978612899780273,
      5.630277633666992,
      7.6946587562561035,
      9.461195945739746,
      7.248134136199951,
      8.56832504272461,
      10.492696762084961,
      10.225518226623535,
      9.14510726928711,
      9.10406494140625,
      15.21546745300293,
      8.293720245361328,
      31.631702423095703,
      21.875699996948242,
      55.743080139160156,
      40.25304412841797
    ],
    [
      5.5019917488098145,
      8.806729316711426,
      7.125781536102295,
      8.39051628112793,
      10.065348625183105,
      12.858722686767578,
      8.428232192993164,
      10.582469940185547,
      11.25141429901123,
      11.678277015686035,
      11.629960060119629,
      12.539163589477539,
      15.023310661315918,
      15.007688522338867,
      25.795164108276367,
      29.992334365844727,
      40.25304412841797,
      56.654457092285156
    ]
  ],
  "damage": -4.877317905426025,
  "diff_bandwidth": 1056.943115234375,
  "dissonance": 10.840563077816459,
  "drr": 9.248655319213867,
  "dynamics": 2.518592119216919,
  "format": 1245190,
  "frames": 12025792,
  "loudness": -9.363757133483887,
  "loudness_range": 6.104364395141602,
  "loudness_range_short": 8.138139724731445,
  "lowpass_true_peak_15khz": 0.9896239042282104,
  "mastering3_acoustic_entropies": [
    {
      "acoustic_entropy": 8.503292083740234,
      "acoustic_entropy_mono": 7.9777512550354,
      "band_eliminated_acoustic_entropies": [
        {
          "acoustic_entropy": 8.491854667663574,
          "acoustic_entropy_side": 8.503283500671387,
          "hz": 129.47220167065723
        },
        {
          "acoustic_entropy": 8.534384727478027,
          "acoustic_entropy_side": 8.502580642700195,
          "hz": 202.92927478742237
        },
        {
          "acoustic_entropy": 8.668298721313477,
          "acoustic_entropy_side": 8.503701210021973,
          "hz": 282.89161906338205
        },
        {
          "acoustic_entropy": 8.581478118896484,
          "acoustic_entropy_side": 8.541367530822754,
          "hz": 369.9353335868758
        },
        {
          "acoustic_entropy": 8.710735321044922,
          "acoustic_entropy_side": 8.489571571350098,
          "hz": 464.6875360973435
        },
        {
          "acoustic_entropy": 7.999842166900635,
          "acoustic_entropy_side": 8.486660957336426,
          "hz": 567.8308811364784
        },
        {
          "acoustic_entropy": 8.03848648071289,
          "acoustic_entropy_side": 8.45627212524414,
          "hz": 680.1084783214808
        },
        {
          "acoustic_entropy": 8.38497257232666,
          "acoustic_entropy_side": 8.410276412963867,
          "hz": 802.3292461747484
        },
        {
          "acoustic_entropy": 8.744013786315918,
          "acoustic_entropy_side": 8.172562599182129,
          "hz": 935.3737400823702
        },
        {
          "acoustic_entropy": 8.14079475402832,
          "acoustic_entropy_side": 8.309202194213867,
          "hz": 1080.2004963696966
        },
        {
          "acoustic_entropy": 7.779034614562988,
          "acoustic_entropy_side": 7.879888534545898,
          "hz": 1237.8529382007157
        },
        {
          "acoustic_entropy": 8.918965339660645,
          "acoustic_entropy_side": 8.53954029083252,
          "hz": 1409.4668930556702
        },
        {
          "acoustic_entropy": 8.181937217712402,
          "acoustic_entropy_side": 8.5221529006958,
          "hz": 1596.2787759475705
        },
        {
          "acoustic_entropy": 8.064534187316895,
          "acoustic_entropy_side": 8.318227767944336,
          "hz": 1799.6344973346393
        },
        {
          "acoustic_entropy": 8.509675979614258,
          "acoustic_entropy_side": 8.739744186401367,
          "hz": 2020.9991599069049
        },
        {
          "acoustic_entropy": 8.834461212158203,
          "acoustic_entropy_side": 8.354689598083496,
          "hz": 2261.9676141086993
        },
        {
          "acoustic_entropy": 8.052898406982422,
          "acoustic_entropy_side": 8.365371704101562,
          "hz": 2524.2759484456974
        },
        {
          "acoustic_entropy": 8.210899353027344,
          "acoustic_entropy_side": 8.383838653564453,
          "hz": 2809.813997359896
        },
        {
          "acoustic_entropy": 7.798984050750732,
          "acoustic_entropy_side": 8.436277389526367,
          "hz": 3120.6389567871424
        },
        {
          "acoustic_entropy": 8.031608581542969,
          "acoustic_entropy_side": 8.11948299407959,
          "hz": 3458.990205492291
        },
        {
          "acoustic_entropy": 8.15523624420166,
          "acoustic_entropy_side": 8.486682891845703,
          "hz": 3827.305438964164
        },
        {
          "acoustic_entropy": 8.057278633117676,
          "acoustic_entropy_side": 8.442699432373047,
          "hz": 4228.238232109126
        },
        {
          "acoustic_entropy": 8.223155975341797,
          "acoustic_entropy_side": 8.369458198547363,
          "hz": 4664.6771572759235
        },
        {
          "acoustic_entropy": 8.375083923339844,
          "acoustic_entropy_side": 8.452824592590332,
          "hz": 5139.766595350093
        },
        {
          "acoustic_entropy": 8.495401382446289,
          "acoustic_entropy_side": 8.465292930603027,
          "hz": 5656.929389854203
        },
        {
          "acoustic_entropy": 8.278462409973145,
          "acoustic_entropy_side": 8.406387329101562,
          "hz": 6219.891507268283
        },
        {
          "acoustic_entropy": 8.518589973449707,
          "acoustic_entropy_side": 8.499688148498535,
          "hz": 6832.70888123896
        },
        {
          "acoustic_entropy": 8.607308387756348,
          "acoustic_entropy_side": 8.55307388305664,
          "hz": 7499.796634079867
        },
        {
          "acoustic_entropy": 8.579169273376465,
          "acoustic_entropy_side": 8.542299270629883,
          "hz": 8225.96088609342
        },
        {
          "acoustic_entropy": 8.467263221740723,
          "acoustic_entropy_side": 8.519933700561523,
          "hz": 9016.43338188839
        },
        {
          "acoustic_entropy": 8.469877243041992,
          "acoustic_entropy_side": 8.570028305053711,
          "hz": 9876.909183162974
        },
        {
          "acoustic_entropy": 8.539928436279297,
          "acoustic_entropy_side": 8.649998664855957,
          "hz": 10813.587699516042
        },
        {
          "acoustic_entropy": 8.442689895629883,
          "acoustic_entropy_side": 8.58241081237793,
          "hz": 11833.21735289826
        },
        {
          "acoustic_entropy": 8.377175331115723,
          "acoustic_entropy_side": 8.437204360961914,
          "hz": 12943.144197493959
        },
        {
          "acoustic_entropy": 7.452430725097656,
          "acoustic_entropy_side": 8.13703727722168,
          "hz": 14151.364845322005
        },
        {
          "acoustic_entropy": 8.332436561584473,
          "acoustic_entropy_side": 8.586064338684082,
          "hz": 15466.58407886509
        },
        {
          "acoustic_entropy": 8.517169952392578,
          "acoustic_entropy_side": 8.537684440612793,
          "hz": 16898.27756580493
        },
        {
          "acoustic_entropy": 8.474061965942383,
          "acoustic_entropy_side": 8.503999710083008,
          "hz": 18456.760127700032
        },
        {
          "acoustic_entropy": 8.508574485778809,
          "acoustic_entropy_side": 8.578957557678223,
          "hz": 20153.260054456492
        },
        {
          "acoustic_entropy": 8.498388290405273,
          "acoustic_entropy_side": 8.509783744812012,
          "hz": 22000.00000000001
        }
      ],
      "diff_acoustic_entropy": 6.864523410797119,
      "sn": 6
    },
    {
      "acoustic_entropy": 12.977177619934082,
      "acoustic_entropy_mono": 12.33088207244873,
      "band_eliminated_acoustic_entropies": [
        {
          "acoustic_entropy": 12.9987211227417,
          "acoustic_entropy_side": 12.977213859558105,
          "hz": 129.47220167065723
        },
        {
          "acoustic_entropy": 12.97653865814209,
          "acoustic_entropy_side": 12.983314514160156,
          "hz": 202.92927478742237
        },
        {
          "acoustic_entropy": 12.820283889770508,
          "acoustic_entropy_side": 12.976818084716797,
          "hz": 282.89161906338205
        },
        {
          "acoustic_entropy": 13.441354751586914,
          "acoustic_entropy_side": 13.007055282592773,
          "hz": 369.9353335868758
        },
        {
          "acoustic_entropy": 12.943293571472168,
          "acoustic_entropy_side": 12.909235954284668,
          "hz": 464.6875360973435
        },
        {
          "acoustic_entropy": 12.74837875366211,
          "acoustic_entropy_side": 12.522468566894531,
          "hz": 567.8308811364784
        },
        {
          "acoustic_entropy": 13.147348403930664,
          "acoustic_entropy_side": 12.688263893127441,
          "hz": 680.1084783214808
        },
        {
          "acoustic_entropy": 13.640463829040527,
          "acoustic_entropy_side": 12.891392707824707,
          "hz": 802.3292461747484
        },
        {
          "acoustic_entropy": 12.666801452636719,
          "acoustic_entropy_side": 13.127455711364746,
          "hz": 935.3737400823702
        },
        {
          "acoustic_entropy": 12.782133102416992,
          "acoustic_entropy_side": 12.818289756774902,
          "hz": 1080.2004963696966
        },
        {
          "acoustic_entropy": 12.662158966064453,
          "acoustic_entropy_side": 13.343034744262695,
          "hz": 1237.8529382007157
        },
        {
          "acoustic_entropy": 13.230917930603027,
          "acoustic_entropy_side": 12.91695785522461,
          "hz": 1409.4668930556702
        },
        {
          "acoustic_entropy": 12.121719360351562,
          "acoustic_entropy_side": 12.512765884399414,
          "hz": 1596.2787759475705
        },
        {
          "acoustic_entropy": 12.898234367370605,
          "acoustic_entropy_side": 13.09160041809082,
          "hz": 1799.6344973346393
        },
        {
          "acoustic_entropy": 12.598235130310059,
          "acoustic_entropy_side": 13.155479431152344,
          "hz": 2020.9991599069049
        },
        {
          "acoustic_entropy": 13.134860038757324,
          "acoustic_entropy_side": 13.033249855041504,
          "hz": 2261.9676141086993
        },
        {
          "acoustic_entropy": 12.359038352966309,
          "acoustic_entropy_side": 12.692724227905273,
          "hz": 2524.2759484456974
        },
        {
          "acoustic_entropy": 13.344398498535156,
          "acoustic_entropy_side": 12.749197959899902,
          "hz": 2809.813997359896
        },
        {
          "acoustic_entropy": 12.23515796661377,
          "acoustic_entropy_side": 12.326416969299316,
          "hz": 3120.6389567871424
        },
        {
          "acoustic_entropy": 12.880876541137695,
          "acoustic_entropy_side": 12.927780151367188,
          "hz": 3458.990205492291
        },
        {
          "acoustic_entropy": 12.368081092834473,
          "acoustic_entropy_side": 12.742146492004395,
          "hz": 3827.305438964164
        },
        {
          "acoustic_entropy": 12.786882400512695,
          "acoustic_entropy_side": 13.065960884094238,
          "hz": 4228.238232109126
        },
        {
          "acoustic_entropy": 12.976217269897461,
          "acoustic_entropy_side": 12.974769592285156,
          "hz": 4664.6771572759235
        },
        {
          "acoustic_entropy": 12.61732006072998,
          "acoustic_entropy_side": 12.7598876953125,
          "hz": 5139.766595350093
        },
        {
          "acoustic_entropy": 12.83290958404541,
          "acoustic_entropy_side": 12.968281745910645,
          "hz": 5656.929389854203
        },
        {
          "acoustic_entropy": 12.671627044677734,
          "acoustic_entropy_side": 12.897943496704102,
          "hz": 6219.891507268283
        },
        {
          "acoustic_entropy": 12.692673683166504,
          "acoustic_entropy_side": 12.873542785644531,
          "hz": 6832.70888123896
        },
        {
          "acoustic_entropy": 12.991033554077148,
          "acoustic_entropy_side": 12.972838401794434,
          "hz": 7499.796634079867
        },
        {
          "acoustic_entropy": 12.83346176147461,
          "acoustic_entropy_side": 12.9534330368042,
          "hz": 8225.96088609342
        },
        {
          "acoustic_entropy": 12.818831443786621,
          "acoustic_entropy_side": 12.937226295471191,
          "hz": 9016.43338188839
        },
        {
          "acoustic_entropy": 12.683259010314941,
          "acoustic_entropy_side": 12.911422729492188,
          "hz": 9876.909183162974
        },
        {
          "acoustic_entropy": 12.994693756103516,
          "acoustic_entropy_side": 12.863317489624023,
          "hz": 10813.587699516042
        },
        {
          "acoustic_entropy": 12.746023178100586,
          "acoustic_entropy_side": 12.837689399719238,
          "hz": 11833.21735289826
        },
        {
          "acoustic_entropy": 12.951988220214844,
          "acoustic_entropy_side": 13.037022590637207,
          "hz": 12943.144197493959
        },
        {
          "acoustic_entropy": 11.859830856323242,
          "acoustic_entropy_side": 12.457125663757324,
          "hz": 14151.364845322005
        },
        {
          "acoustic_entropy": 12.999045372009277,
          "acoustic_entropy_side": 12.943341255187988,
          "hz": 15466.58407886509
        },
        {
          "acoustic_entropy": 12.801620483398438,
          "acoustic_entropy_side": 12.880407333374023,
          "hz": 16898.27756580493
        },
        {
          "acoustic_entropy": 12.604416847229004,
          "acoustic_entropy_side": 12.821553230285645,
          "hz": 18456.760127700032
        },
        {
          "acoustic_entropy": 12.697602272033691,
          "acoustic_entropy_side": 12.892663955688477,
          "hz": 20153.260054456492
        },
        {
          "acoustic_entropy": 12.829995155334473,
          "acoustic_entropy_side": 12.929048538208008,
          "hz": 22000.00000000001
        }
      ],
      "diff_acoustic_entropy": 11.029208183288574,
      "sn": 12
    },
    {
      "acoustic_entropy": 17.490312576293945,
      "acoustic_entropy_mono": 17.035078048706055,
      "band_eliminated_acoustic_entropies": [
        {
          "acoustic_entropy": 17.2059383392334,
          "acoustic_entropy_side": 17.52758026123047,
          "hz": 129.47220167065723
        },
        {
          "acoustic_entropy": 18.222768783569336,
          "acoustic_entropy_side": 17.837631225585938,
          "hz": 202.92927478742237
        },
        {
          "acoustic_entropy": 17.249500274658203,
          "acoustic_entropy_side": 17.969036102294922,
          "hz": 282.89161906338205
        },
        {
          "acoustic_entropy": 17.80173683166504,
          "acoustic_entropy_side": 17.663925170898438,
          "hz": 369.9353335868758
        },
        {
          "acoustic_entropy": 17.98650550842285,
          "acoustic_entropy_side": 17.172916412353516,
          "hz": 464.6875360973435
        },
        {
          "acoustic_entropy": 18.258800506591797,
          "acoustic_entropy_side": 17.889095306396484,
          "hz": 567.8308811364784
        },
        {
          "acoustic_entropy": 17.971494674682617,
          "acoustic_entropy_side": 17.93327522277832,
          "hz": 680.1084783214808
        },
        {
          "acoustic_entropy": 18.15142822265625,
          "acoustic_entropy_side": 18.048166275024414,
          "hz": 802.3292461747484
        },
        {
          "acoustic_entropy": 18.04891014099121,
          "acoustic_entropy_side": 17.51508331298828,
          "hz": 935.3737400823702
        },
        {
          "acoustic_entropy": 17.651769638061523,
          "acoustic_entropy_side": 17.608932495117188,
          "hz": 1080.2004963696966
        },
        {
          "acoustic_entropy": 17.174524307250977,
          "acoustic_entropy_side": 18.45833969116211,
          "hz": 1237.8529382007157
        },
        {
          "acoustic_entropy": 17.83732032775879,
          "acoustic_entropy_side": 17.267200469970703,
          "hz": 1409.4668930556702
        },
        {
          "acoustic_entropy": 17.606483459472656,
          "acoustic_entropy_side": 17.353759765625,
          "hz": 1596.2787759475705
        },
        {
          "acoustic_entropy": 17.77948760986328,
          "acoustic_entropy_side": 17.713157653808594,
          "hz": 1799.6344973346393
        },
        {
          "acoustic_entropy": 17.679885864257812,
          "acoustic_entropy_side": 17.868568420410156,
          "hz": 2020.9991599069049
        },
        {
          "acoustic_entropy": 17.353004455566406,
          "acoustic_entropy_side": 17.520139694213867,
          "hz": 2261.9676141086993
        },
        {
          "acoustic_entropy": 18.131948471069336,
          "acoustic_entropy_side": 17.702028274536133,
          "hz": 2524.2759484456974
        },
        {
          "acoustic_entropy": 17.5643253326416,
          "acoustic_entropy_side": 17.710243225097656,
          "hz": 2809.813997359896
        },
        {
          "acoustic_entropy": 17.99677085876465,
          "acoustic_entropy_side": 17.592411041259766,
