{
  "acoustic_entropy": 178.87599182128906,
  "bands": [
    {
      "high_freq": 148.1999969482422,
      "loudness": -35.44706344604492,
      "loudness_range": 13.297826766967773,
      "mid_mean": -31.90435218811035,
      "mid_to_side_loudness": -24.03314208984375,
      "mid_to_side_loudness_range": 20.69007682800293,
      "side_mean": -57.16014099121094
    },
    {
      "high_freq": 392.3793640136719,
      "loudness": -34.61974334716797,
      "loudness_range": 16.176145553588867,
      "low_freq": 148.1999969482422,
      "mid_mean": -31.851469039916992,
      "mid_to_side_loudness": -12.524147033691406,
      "mid_to_side_loudness_range": 23.71809196472168,
      "side_mean": -43.581363677978516
    },
    {
      "high_freq": 794.6976318359375,
      "loudness": -35.069454193115234,
      "loudness_range": 18.4836483001709,
      "low_freq": 392.3793640136719,
      "mid_mean": -32.33916091918945,
      "mid_to_side_loudness": -11.207840919494629,
      "mid_to_side_loudness_range": 21.023088455200195,
      "side_mean": -42.39070510864258
    },
    {
      "high_freq": 1457.5709228515625,
      "loudness": -34.86124801635742,
      "loudness_range": 21.30925178527832,
      "low_freq": 794.6976318359375,
      "mid_mean": -32.31926345825195,
      "mid_to_side_loudness": -11.6158447265625,
      "mid_to_side_loudness_range": 19.69474983215332,
      "side_mean": -43.04766082763672
    },
    {
      "high_freq": 2549.74365234375,
      "loudness": -37.70176315307617,
      "loudness_range": 23.48381805419922,
      "low_freq": 1457.5709228515625,
      "mid_mean": -34.93347930908203,
      "mid_to_side_loudness": -12.2576904296875,
      "mid_to_side_loudness_range": 20.574247360229492,
      "side_mean": -46.51523971557617
    },
    {
      "high_freq": 4349.24462890625,
      "loudness": -45.580142974853516,
      "loudness_range": 23.47347640991211,
      "low_freq": 2549.74365234375,
      "mid_mean": -42.37703323364258,
      "mid_to_side_loudness": -15.979960441589355,
      "mid_to_side_loudness_range": 22.498220443725586,
      "side_mean": -58.1716194152832
    },
    {
      "high_freq": 7314.1640625,
      "loudness": -50.27314758300781,
      "loudness_range": 16.370357513427734,
      "low_freq": 4349.24462890625,
      "mid_mean": -46.87351989746094,
      "mid_to_side_loudness": -22.552978515625,
      "mid_to_side_loudness_range": 19.88882827758789,
      "side_mean": -65.9919662475586
    },
    {
      "high_freq": 12199.2666015625,
      "loudness": -47.75822830200195,
      "loudness_range": 12.326583862304688,
      "low_freq": 7314.1640625,
      "mid_mean": -44.186492919921875,
      "mid_to_side_loudness": -27.49948501586914,
      "mid_to_side_loudness_range": 14.666011810302734,
      "side_mean": -67.56659698486328
    },
    {
      "loudness": -54.58317184448242,
      "loudness_range": 16.981449127197266,
      "low_freq": 12199.2666015625,
      "mid_mean": -52.150272369384766,
      "mid_to_side_loudness": -29.880170822143555,
      "mid_to_side_loudness_range": 28.0084228515625,
      "side_mean": -69.09978485107422
    }
  ],
  "bands_short": [
    {
      "high_freq": 148.1999969482422,
      "loudness": -39.72361755371094,
      "loudness_range": 22.93807601928711,
      "mid_mean": -36.50812911987305,
      "mid_to_side_loudness": -23.723054885864258,
      "mid_to_side_loudness_range": 26.957927703857422,
      "side_mean": -60.62385940551758
    },
    {
      "high_freq": 392.3793640136719,
      "loudness": -35.05242919921875,
      "loudness_range": 16.776447296142578,
      "low_freq": 148.1999969482422,
      "mid_mean": -31.938034057617188,
      "mid_to_side_loudness": -15.884795188903809,
      "mid_to_side_loudness_range": 26.24886131286621,
      "side_mean": -50.05750274658203
    },
    {
      "high_freq": 794.6976318359375,
      "loudness": -36.494728088378906,
      "loudness_range": 22.949588775634766,
      "low_freq": 392.3793640136719,
      "mid_mean": -33.81679153442383,
      "mid_to_side_loudness": -12.325660705566406,
      "mid_to_side_loudness_range": 23.177478790283203,
      "side_mean": -45.640357971191406
    },
    {
      "high_freq": 1457.5709228515625,
      "loudness": -36.491600036621094,
      "loudness_range": 25.260623931884766,
      "low_freq": 794.6976318359375,
      "mid_mean": -34.4613151550293,
      "mid_to_side_loudness": -11.265449523925781,
      "mid_to_side_loudness_range": 21.41159439086914,
      "side_mean": -45.13060760498047
    },
    {
      "high_freq": 2549.74365234375,
      "loudness": -40.01201248168945,
      "loudness_range": 27.34931182861328,
      "low_freq": 1457.5709228515625,
      "mid_mean": -37.40726852416992,
      "mid_to_side_loudness": -11.374407768249512,
      "mid_to_side_loudness_range": 22.032154083251953,
      "side_mean": -50.43522262573242
    },
    {
      "high_freq": 4349.24462890625,
      "loudness": -48.181785583496094,
      "loudness_range": 26.8621768951416,
      "low_freq": 2549.74365234375,
      "mid_mean": -45.2368278503418,
      "mid_to_side_loudness": -14.27321720123291,
      "mid_to_side_loudness_range": 23.35167121887207,
      "side_mean": -59.345069885253906
    },
    {
      "high_freq": 7314.1640625,
      "loudness": -53.291709899902344,
      "loudness_range": 21.337074279785156,
      "low_freq": 4349.24462890625,
      "mid_mean": -51.05512237548828,
      "mid_to_side_loudness": -19.29355239868164,
      "mid_to_side_loudness_range": 19.328330993652344,
      "side_mean": -66.3262939453125
    },
    {
      "high_freq": 12199.2666015625,
      "loudness": -50.29292297363281,
      "loudness_range": 18.11072540283203,
      "low_freq": 7314.1640625,
      "mid_mean": -46.80156326293945,
      "mid_to_side_loudness": -24.606826782226562,
      "mid_to_side_loudness_range": 15.017932891845703,
      "side_mean": -67.7667465209961
    },
    {
      "loudness": -58.818260192871094,
      "loudness_range": 21.723217010498047,
      "low_freq": 12199.2666015625,
      "mid_mean": -55.84505081176758,
      "mid_to_side_loudness": -25.098718643188477,
      "mid_to_side_loudness_range": 21.43002700805664,
      "side_mean": -69.32049560546875
    }
  ],
  "bandwidth": 680.796630859375,
  "channels": 2,
  "covariance": [
    [
      27.32776641845703,
      8.533246040344238,
      5.684695720672607,
      2.8391971588134766,
      6.536299228668213,
      5.498682022094727,
      5.709274768829346,
      4.446495532989502,
      4.173181533813477,
      3.8448221683502197,
      5.044519424438477,
      6.727856636047363,
      8.407238006591797,
      3.2707481384277344,
      9.795866012573242,
      1.8802134990692139,
      14.612781524658203,
      1.2068647146224976
    ],
    [
      8.533246040344238,
      37.10076141357422,
      11.57864761352539,
      27.705650329589844,
      13.503718376159668,
      24.866374969482422,
      10.45352554321289,
      18.865116119384766,
      12.581767082214355,
      19.57906150817871,
      13.295076370239258,
      32.0328483581543,
      14.724008560180664,
      12.807740211486816,
      12.380106925964355,
      7.265617847442627,
      26.42888832092285,
      5.029385566711426
    ],
    [
      5.684695720672607,
      11.57864761352539,
      31.887414932250977,
      34.87974548339844,
      15.214373588562012,
      25.53264808654785,
      13.48381519317627,
      17.050830841064453,
      9.624157905578613,
      15.857123374938965,
      2.723641872406006,
      9.840100288391113,
      4.370125770568848,
      3.272481679916382,
      7.305106163024902,
      3.8847923278808594,
      10.130209922790527,
      4.1812238693237305
    ],
    [
      2.8391971588134766,
      27.705650329589844,
      34.87974548339844,
      115.62480163574219,
      26.999177932739258,
      86.02590942382812,
      22.141616821289062,
      58.08049392700195,
      16.117795944213867,
      47.23379135131836,
      3.0898826122283936,
      33.87644958496094,
      -4.547944068908691,
      10.619032859802246,
      -1.41443932056427,
      8.0953950881958,
      -5.122657299041748,
      10.643936157226562
    ],
    [
      6.536299228668213,
      13.503718376159668,
      15.214373588562012,
      26.999177932739258,
      39.030494689941406,
      35.1247444152832,
      42.79262924194336,
      31.3815975189209,
      44.06496810913086,
      34.83137893676758,
      31.137956619262695,
      32.14480972290039,
      12.220523834228516,
      11.40078353881836,
      7.085433006286621,
      3.217266082763672,
      10.025012016296387,
      3.08015513420105
    ],
    [
      5.498682022094727,
      24.866374969482422,
      25.53264808654785,
      86.02590942382812,
      35.1247444152832,
      91.81173706054688,
      33.41622543334961,
      65.65177154541016,
      26.77826499938965,
      54.980770111083984,
      11.219636917114258,
      42.99262619018555,
      -0.7680288553237915,
      15.50261116027832,
      1.0605182647705078,
      7.739389419555664,
      -0.9291117191314697,
      9.61079216003418
    ],
    [
      5.709274768829346,
      10.45352554321289,
      13.48381519317627,
      22.141616821289062,
      42.79262924194336,
      33.41622543334961,
      64.98927307128906,
      37.860355377197266,
      61.0668830871582,
      40.60986328125,
      44.31588363647461,
      38.19585418701172,
      13.886488914489746,
      12.763911247253418,
      5.478601455688477,
      1.973941445350647,
      7.548480033874512,
      1.7009986639022827
    ],
    [
      4.446495532989502,
      18.865116119384766,
      17.050830841064453,
      58.08049392700195,
      31.3815975189209,
      65.65177154541016,
      37.860355377197266,
      63.45553970336914,
      30.486440658569336,
      51.616458892822266,
      16.143375396728516,
      42.201847076416016,
      2.6572999954223633,
      16.1223087310791,
      2.2000441551208496,
      6.841527462005615,
      1.2174503803253174,
      7.877960681915283
    ],
    [
      4.173181533813477,
      12.581767082214355,
      9.624157905578613,
      16.117795944213867,
      44.06496810913086,
      26.77826499938965,
      61.0668830871582,
      30.486440658569336,
      71.92991638183594,
      40.9869499206543,
      56.89699172973633,
      42.20360565185547,
      21.571313858032227,
      14.821331024169922,
      7.847297668457031,
      1.7882660627365112,
      10.403131484985352,
      1.0476067066192627
    ],
    [
      3.8448221683502197,
      19.57906150817871,
      15.857123374938965,
      47.23379135131836,
      34.83137893676758,
      54.980770111083984,
      40.60986328125,
      51.616458892822266,
      40.9869499206543,
      58.776180267333984,
      26.6106014251709,
      49.16021728515625,
      8.939872741699219,
      19.170801162719727,
      6.293892860412598,
      6.9593377113342285,
      5.744621276855469,
      7.046379566192627
    ],
    [
      5.044519424438477,
      13.295076370239258,
      2.723641872406006,
      3.0898826122283936,
      31.137956619262695,
      11.219636917114258,
      44.31588363647461,
      16.143375396728516,
      56.89699172973633,
      26.6106014251709,
      66.26313781738281,
      38.13339614868164,
      33.64836502075195,
      16.6531925201416,
      14.409438133239746,
      2.5866599082946777,
      17.605321884155273,
      0.9637945294380188
    ],
    [
      6.727856636047363,
      32.0328483581543,
      9.840100288391113,
      33.87644958496094,
      32.14480972290039,
      42.99262619018555,
      38.19585418701172,
      42.201847076416016,
      42.20360565185547,
      49.16021728515625,
      38.13339614868164,
      64.41568756103516,
      19.85187339782715,
      25.594791412353516,
      11.959602355957031,
      8.792501449584961,
      24.752885818481445,
      6.121565818786621
    ],
    [
      8.407238006591797,
      14.724008560180664,
      4.370125770568848,
      -4.547944068908691,
      12.220523834228516,
      -0.7680288553237915,
      13.886488914489746,
      2.6572999954223633,
      21.571313858032227,
      8.939872741699219,
      33.64836502075195,
      19.85187339782715,
      39.70682907104492,
      10.615586280822754,
      26.629518508911133,
      3.9199776649475098,
      31.596906661987305,
      2.49519944190979
    ],
    [
      3.2707481384277344,
      12.807740211486816,
      3.272481679916382,
      10.619032859802246,
      11.40078353881836,
      15.50261116027832,
      12.763911247253418,
      16.1223087310791,
      14.821331024169922,
      19.170801162719727,
      16.6531925201416,
      25.594791412353516,
      10.615586280822754,
      14.959576606750488,
      5.894972801208496,
      5.3979387283325195,
      9.924633979797363,
      3.5678679943084717
    ],
    [
      9.795866012573242,
      12.380106925964355,
      7.305106163024902,
      -1.41443932056427,
      7.085433006286621,
      1.0605182647705078,
      5.478601455688477,
      2.2000441551208496,
      7.847297668457031,
      6.293892860412598,
      14.409438133239746,
      11.959602355957031,
      26.629518508911133,
      5.894972801208496,
      25.557397842407227,
      3.6937780380249023,
      28.654539108276367,
      2.585367441177368
    ],
    [
      1.8802134990692139,
      7.265617847442627,
      3.8847923278808594,
      8.0953950881958,
      3.217266082763672,
      7.739389419555664,
      1.973941445350647,
      6.841527462005615,
      1.7882660627365112,
      6.9593377113342285,
      2.5866599082946777,
      8.792501449584961,
      3.9199776649475098,
      5.3979387283325195,
      3.6937780380249023,
      3.775885820388794,
      6.016900062561035,
      2.6809637546539307
    ],
    [
      14.612781524658203,
      26.42888832092285,
      10.130209922790527,
      -5.122657299041748,
      10.025012016296387,
      -0.9291117191314697,
      7.548480033874512,
      1.2174503803253174,
      10.403131484985352,
      5.744621276855469,
      17.605321884155273,
      24.752885818481445,
      31.596906661987305,
      9.924633979797363,
      28.654539108276367,
      6.016900062561035,
      55.70293045043945,
      3.7848002910614014
    ],
    [
      1.2068647146224976,
      5.029385566711426,
      4.1812238693237305,
      10.643936157226562,
      3.08015513420105,
      9.61079216003418,
      1.7009986639022827,
      7.877960681915283,
      1.0476067066192627,
      7.046379566192627,
      0.9637945294380188,
      6.121565818786621,
      2.49519944190979,
      3.5678679943084717,
      2.585367441177368,
      2.6809637546539307,
      3.7848002910614014,
      3.0814287662506104
    ]
  ],
  "covariance_short": [
    [
      72.3345718383789,
      15.38827896118164,
      14.615769386291504,
      20.16246795654297,
      9.411922454833984,
      14.145707130432129,
      8.77735424041748,
      9.887372970581055,
      7.864511489868164,
      13.476583480834961,
      10.153203010559082,
      8.3371000289917,
      16.92709732055664,
      2.9099206924438477,
      20.53870391845703,
      2.1093332767486572,
      23.606409072875977,
      2.0001227855682373
    ],
    [
      15.38827896118164,
      34.41192626953125,
      9.134122848510742,
      45.74631881713867,
      12.719937324523926,
      25.629436492919922,
      10.711045265197754,
      18.33938217163086,
      11.934154510498047,
      35.874061584472656,
      14.803167343139648,
      24.727947235107422,
      25.45163345336914,
      9.805486679077148,
      14.682992935180664,
      5.502161026000977,
      22.38283920288086,
      3.8442633152008057
    ],
    [
      14.615769386291504,
      9.134122848510742,
      35.07162094116211,
      33.130645751953125,
      21.111793518066406,
      27.38453483581543,
      17.855144500732422,
      16.924396514892578,
      13.543907165527344,
      15.571663856506348,
      8.653742790222168,
      8.510165214538574,
      11.500329971313477,
      2.145771026611328,
      14.299245834350586,
      2.248422384262085,
      17.112472534179688,
      3.1215310096740723
    ],
    [
      20.16246795654297,
      45.74631881713867,
      33.130645751953125,
      146.4005126953125,
      40.922645568847656,
      98.10248565673828,
      31.318359375,
      63.22667694091797,
      26.897092819213867,
      88.98584747314453,
      21.182798385620117,
      54.14811706542969,
      45.657169342041016,
      16.638782501220703,
      26.433504104614258,
      11.842032432556152,
      42.41338348388672,
      9.956022262573242
    ],
    [
      9.411922454833984,
      12.719937324523926,
      21.111793518066406,
      40.922645568847656,
      62.96831130981445,
      55.05072021484375,
      68.0093765258789,
      46.20748519897461,
      63.936805725097656,
      46.67795944213867,
      45.829429626464844,
      36.99882888793945,
      21.660032272338867,
      11.3792142868042,
      13.314184188842773,
      2.725616931915283,
      14.63807201385498,
      3.561387777328491
    ],
    [
      14.145707130432129,
      25.629436492919922,
      27.38453483581543,
      98.10248565673828,
      55.05072021484375,
      121.88987731933594,
      53.33492660522461,
      83.56735229492188,
      42.918060302734375,
      70.51622009277344,
      24.13007164001465,
      53.588592529296875,
      13.019817352294922,
      17.178699493408203,
      13.848921775817871,
      8.432976722717285,
      15.337876319885254,
      9.701971054077148
    ],
    [
      8.77735424041748,
      10.711045265197754,
      17.855144500732422,
      31.318359375,
      68.0093765258789,
      53.33492660522461,
      98.61641693115234,
      55.572296142578125,
      87.59736633300781,
      53.64656448364258,
      62.07282257080078,
      44.336524963378906,
      23.816972732543945,
      12.905713081359863,
      10.60459041595459,
      1.0688531398773193,
      11.045233726501465,
      1.9517306089401245
    ],
    [
      9.887372970581055,
      18.33938217163086,
      16.924396514892578,
      63.22667694091797,
      46.20748519897461,
      83.56735229492188,
      55.572296142578125,
      83.08785247802734,
      44.27226257324219,
      63.943763732910156,
      26.437572479248047,
      50.87137222290039,
      10.9988431930542,
      16.898021697998047,
      9.08512020111084,
      6.743232727050781,
      10.297300338745117,
      7.336221218109131
    ],
    [
      7.864511489868164,
      11.934154510498047,
      13.543907165527344,
      26.897092819213867,
      63.936805725097656,
      42.918060302734375,
      87.59736633300781,
      44.27226257324219,
      94.6051254272461,
      52.3806266784668,
      71.77455139160156,
      46.02315902709961,
      29.72248077392578,
      14.691058158874512,
      11.471760749816895,
      0.9034603238105774,
      12.343655586242676,
      1.3744547367095947
    ],
    [
      13.476583480834961,
      35.874061584472656,
      15.571663856506348,
      88.98584747314453,
      46.67795944213867,
      70.51622009277344,
      53.64656448364258,
      63.943763732910156,
      52.3806266784668,
      105.11402893066406,
      43.00162124633789,
      72.97544860839844,
      48.339996337890625,
      25.749095916748047,
      22.118112564086914,
      10.858766555786133,
      36.81475067138672,
      7.155740737915039
    ],
    [
      10.153203010559082,
      14.803167343139648,
      8.653742790222168,
      21.182798385620117,
      45.829429626464844,
      24.13007164001465,
      62.07282257080078,
      26.437572479248047,
      71.77455139160156,
      43.00162124633789,
      81.97064971923828,
      42.29282760620117,
      46.1267204284668,
      16.517118453979492,
      23.349950790405273,
      1.879942536354065,
      24.443891525268555,
      1.5816421508789062
    ],
    [
      8.3371000289917,
      24.727947235107422,
      8.510165214538574,
      54.14811706542969,
      36.99882888793945,
      53.588592529296875,
      44.336524963378906,
      50.87137222290039,
      46.02315902709961,
      72.97544860839844,
      42.29282760620117,
      68.43312072753906,
      32.61250686645508,
      26.147594451904297,
      13.962803840637207,
      8.637441635131836,
      21.71388053894043,
      5.511218070983887
    ],
    [
      16.92709732055664,
      25.45163345336914,
      11.500329971313477,
      45.657169342041016,
      21.660032272338867,
      13.019817352294922,
      23.816972732543945,
      10.9988431930542,
      29.72248077392578,
      48.339996337890625,
      46.1267204284668,
      32.61250686645508,
      68.94013977050781,
      13.520089149475098,
      37.389198303222656,
      5.632823467254639,
      54.04301071166992,
      3.8389577865600586
    ],
    [
      2.9099206924438477,
      9.805486679077148,
      2.145771026611328,
      16.638782501220703,
      11.3792142868042,
      17.178699493408203,
      12.905713081359863,
      16.898021697998047,
      14.691058158874512,
      25.749095916748047,
      16.517118453979492,
      26.147594451904297,
      13.520089149475098,
      15.542296409606934,
      5.552068710327148,
      5.70720100402832,
      7.521228313446045,
      3.223755121231079
    ],
    [
      20.53870391845703,
      14.682992935180664,
      14.299245834350586,
      26.433504104614258,
      13.314184188842773,
      13.848921775817871,
      10.60459041595459,
      9.08512020111084,
      11.471760749816895,
      22.118112564086914,
      23.349950790405273,
      13.962803840637207,
      37.389198303222656,
      5.552068710327148,
      41.19603729248047,
      4.038694858551025,
      42.6949348449707,
      3.7757575511932373
    ],
    [
      2.1093332767486572,
      5.502161026000977,
      2.248422384262085,
      11.842032432556152,
      2.725616931915283,
      8.432976722717285,
      1.0688531398773193,
      6.743232727050781,
      0.9034603238105774,
      10.858766555786133,
      1.879942536354065,
      8.637441635131836,
      5.632823467254639,
      5.70720100402832,
      4.038694858551025,
      4.681276798248291,
      4.995069980621338,
      2.7971761226654053
    ],
    [
      23.606409072875977,
      22.38283920288086,
      17.112472534179688,
      42.41338348388672,
      14.63807201385498,
      15.337876319885254,
      11.045233726501465,
      10.297300338745117,
      12.343655586242676,
      36.81475067138672,
      24.443891525268555,
      21.71388053894043,
      54.04301071166992,
      7.521228313446045,
      42.6949348449707,
      4.995069980621338,
      59.71995544433594,
      4.785247802734375
    ],
    [
      2.0001227855682373,
      3.8442633152008057,
      3.1215310096740723,
      9.956022262573242,
      3.561387777328491,
      9.701971054077148,
      1.9517306089401245,
      7.336221218109131,
      1.3744547367095947,
      7.155740737915039,
      1.5816421508789062,
      5.511218070983887,
      3.8389577865600586,
      3.223755121231079,
      3.7757575511932373,
      2.7971761226654053,
      4.785247802734375,
      3.082455635070801
    ]
  ],
  "damage": -17.019540786743164,
  "diff_bandwidth": 705.3643188476562,
  "dissonance": 6.018264371047395,
  "drr": 5.644015789031982,
  "dynamics": 4.204129695892334,
  "format": 1245190,
  "frames": 6137856,
  "loudness": -22.983293533325195,
  "loudness_range": 10.455986022949219,
  "loudness_range_short": 15.55661392211914,
  "lowpass_true_peak_15khz": -1.1192795038223267,
  "mastering3_acoustic_entropies": [
    {
      "acoustic_entropy": 7.914287567138672,
      "acoustic_entropy_mono": 7.250943660736084,
      "band_eliminated_acoustic_entropies": [
        {
          "acoustic_entropy": 7.935865879058838,
          "acoustic_entropy_side": 7.914278507232666,
          "hz": 129.47220167065723
        },
        {
          "acoustic_entropy": 7.868668079376221,
          "acoustic_entropy_side": 7.914694309234619,
          "hz": 202.92927478742237
        },
        {
          "acoustic_entropy": 7.591928482055664,
          "acoustic_entropy_side": 7.908288478851318,
          "hz": 282.89161906338205
        },
        {
          "acoustic_entropy": 8.516607284545898,
          "acoustic_entropy_side": 8.15662670135498,
          "hz": 369.9353335868758
        },
        {
          "acoustic_entropy": 7.504337787628174,
          "acoustic_entropy_side": 7.6045451164245605,
          "hz": 464.6875360973435
        },
        {
          "acoustic_entropy": 8.110551834106445,
          "acoustic_entropy_side": 8.134210586547852,
          "hz": 567.8308811364784
        },
        {
          "acoustic_entropy": 8.479754447937012,
          "acoustic_entropy_side": 8.021339416503906,
          "hz": 680.1084783214808
        },
        {
          "acoustic_entropy": 7.99429988861084,
          "acoustic_entropy_side": 7.555919170379639,
          "hz": 802.3292461747484
        },
        {
          "acoustic_entropy": 8.803041458129883,
          "acoustic_entropy_side": 7.84220027923584,
          "hz": 935.3737400823702
        },
        {
          "acoustic_entropy": 7.631958961486816,
          "acoustic_entropy_side": 8.006421089172363,
          "hz": 1080.2004963696966
        },
        {
          "acoustic_entropy": 8.34648609161377,
          "acoustic_entropy_side": 7.809071063995361,
          "hz": 1237.8529382007157
        },
        {
          "acoustic_entropy": 8.276609420776367,
          "acoustic_entropy_side": 8.239956855773926,
          "hz": 1409.4668930556702
        },
        {
          "acoustic_entropy": 8.215217590332031,
          "acoustic_entropy_side": 7.9892096519470215,
          "hz": 1596.2787759475705
        },
        {
          "acoustic_entropy": 7.716680526733398,
          "acoustic_entropy_side": 8.025160789489746,
          "hz": 1799.6344973346393
        },
        {
          "acoustic_entropy": 7.957483768463135,
          "acoustic_entropy_side": 8.027597427368164,
          "hz": 2020.9991599069049
        },
        {
          "acoustic_entropy": 7.927875518798828,
          "acoustic_entropy_side": 7.9489850997924805,
          "hz": 2261.9676141086993
        },
        {
          "acoustic_entropy": 8.063080787658691,
          "acoustic_entropy_side": 7.958253383636475,
          "hz": 2524.2759484456974
        },
        {
          "acoustic_entropy": 8.193114280700684,
          "acoustic_entropy_side": 7.960333824157715,
          "hz": 2809.813997359896
        },
        {
          "acoustic_entropy": 7.954423904418945,
          "acoustic_entropy_side": 7.924228668212891,
          "hz": 3120.6389567871424
        },
        {
          "acoustic_entropy": 8.205782890319824,
          "acoustic_entropy_side": 7.91640043258667,
          "hz": 3458.990205492291
        },
        {
          "acoustic_entropy": 7.815597057342529,
          "acoustic_entropy_side": 7.916984558105469,
          "hz": 3827.305438964164
        },
        {
          "acoustic_entropy": 8.077693939208984,
          "acoustic_entropy_side": 7.917779445648193,
          "hz": 4228.238232109126
        },
        {
          "acoustic_entropy": 8.007779121398926,
          "acoustic_entropy_side": 7.915918827056885,
          "hz": 4664.6771572759235
        },
        {
          "acoustic_entropy": 8.061356544494629,
          "acoustic_entropy_side": 7.915432929992676,
          "hz": 5139.766595350093
        },
        {
          "acoustic_entropy": 8.008331298828125,
          "acoustic_entropy_side": 7.914735317230225,
          "hz": 5656.929389854203
        },
        {
          "acoustic_entropy": 7.95991325378418,
          "acoustic_entropy_side": 7.914308071136475,
          "hz": 6219.891507268283
        },
        {
          "acoustic_entropy": 7.9872636795043945,
          "acoustic_entropy_side": 7.914313316345215,
          "hz": 6832.70888123896
        },
        {
          "acoustic_entropy": 7.983426094055176,
          "acoustic_entropy_side": 7.914298057556152,
          "hz": 7499.796634079867
        },
        {
          "acoustic_entropy": 7.961542129516602,
          "acoustic_entropy_side": 7.914302825927734,
          "hz": 8225.96088609342
        },
        {
          "acoustic_entropy": 7.956942558288574,
          "acoustic_entropy_side": 7.914304733276367,
          "hz": 9016.43338188839
        },
        {
          "acoustic_entropy": 7.94053840637207,
          "acoustic_entropy_side": 7.914289951324463,
          "hz": 9876.909183162974
        },
        {
          "acoustic_entropy": 7.965829372406006,
          "acoustic_entropy_side": 7.914288520812988,
          "hz": 10813.587699516042
        },
        {
          "acoustic_entropy": 7.926342010498047,
          "acoustic_entropy_side": 7.914287567138672,
          "hz": 11833.21735289826
        },
        {
          "acoustic_entropy": 7.930444240570068,
          "acoustic_entropy_side": 7.914287567138672,
          "hz": 12943.144197493959
        },
        {
          "acoustic_entropy": 7.939362049102783,
          "acoustic_entropy_side": 7.914287567138672,
          "hz": 14151.364845322005
        },
        {
          "acoustic_entropy": 7.919209957122803,
          "acoustic_entropy_side": 7.91428804397583,
          "hz": 15466.58407886509
        },
        {
          "acoustic_entropy": 7.904703140258789,
          "acoustic_entropy_side": 7.91428804397583,
          "hz": 16898.27756580493
        },
        {
          "acoustic_entropy": 7.902841567993164,
          "acoustic_entropy_side": 7.914289951324463,
          "hz": 18456.760127700032
        },
        {
          "acoustic_entropy": 7.910622596740723,
          "acoustic_entropy_side": 7.914290428161621,
          "hz": 20153.260054456492
        },
        {
          "acoustic_entropy": 7.914060115814209,
          "acoustic_entropy_side": 7.914287567138672,
          "hz": 22000.00000000001
        }
      ],
      "diff_acoustic_entropy": 8.903241157531738,
      "sn": 6
    },
    {
      "acoustic_entropy": 13.53048324584961,
      "acoustic_entropy_mono": 12.175576210021973,
      "band_eliminated_acoustic_entropies": [
        {
          "acoustic_entropy": 13.579983711242676,
          "acoustic_entropy_side": 13.530733108520508,
          "hz": 129.47220167065723
        },
        {
          "acoustic_entropy": 14.353017807006836,
          "acoustic_entropy_side": 13.539665222167969,
          "hz": 202.92927478742237
        },
        {
          "acoustic_entropy": 13.705549240112305,
          "acoustic_entropy_side": 13.555851936340332,
          "hz": 282.89161906338205
        },
        {
          "acoustic_entropy": 13.597006797790527,
          "acoustic_entropy_side": 13.429003715515137,
          "hz": 369.9353335868758
        },
        {
          "acoustic_entropy": 12.411578178405762,
          "acoustic_entropy_side": 12.481507301330566,
          "hz": 464.6875360973435
        },
        {
          "acoustic_entropy": 13.125458717346191,
          "acoustic_entropy_side": 13.648964881896973,
          "hz": 567.8308811364784
        },
        {
          "acoustic_entropy": 13.765228271484375,
          "acoustic_entropy_side": 13.272659301757812,
          "hz": 680.1084783214808
        },
        {
          "acoustic_entropy": 12.919903755187988,
          "acoustic_entropy_side": 13.545116424560547,
          "hz": 802.3292461747484
        },
        {
          "acoustic_entropy": 14.351914405822754,
          "acoustic_entropy_side": 13.66567325592041,
          "hz": 935.3737400823702
        },
        {
          "acoustic_entropy": 13.281303405761719,
          "acoustic_entropy_side": 13.779397010803223,
          "hz": 1080.2004963696966
        },
        {
          "acoustic_entropy": 12.982381820678711,
          "acoustic_entropy_side": 13.606939315795898,
          "hz": 1237.8529382007157
        },
        {
          "acoustic_entropy": 13.509398460388184,
          "acoustic_entropy_side": 13.703357696533203,
          "hz": 1409.4668930556702
        },
        {
          "acoustic_entropy": 13.73417854309082,
          "acoustic_entropy_side": 13.673973083496094,
          "hz": 1596.2787759475705
        },
        {
          "acoustic_entropy": 13.336546897888184,
          "acoustic_entropy_side": 13.55040454864502,
          "hz": 1799.6344973346393
        },
        {
          "acoustic_entropy": 13.810811996459961,
          "acoustic_entropy_side": 13.774983406066895,
          "hz": 2020.9991599069049
        },
        {
          "acoustic_entropy": 13.703767776489258,
          "acoustic_entropy_side": 13.575887680053711,
          "hz": 2261.9676141086993
        },
        {
          "acoustic_entropy": 13.6675443649292,
          "acoustic_entropy_side": 13.58002758026123,
          "hz": 2524.2759484456974
        },
        {
          "acoustic_entropy": 13.497559547424316,
          "acoustic_entropy_side": 13.562395095825195,
          "hz": 2809.813997359896
        },
        {
          "acoustic_entropy": 13.75284481048584,
          "acoustic_entropy_side": 13.553451538085938,
          "hz": 3120.6389567871424
        },
        {
          "acoustic_entropy": 13.536038398742676,
          "acoustic_entropy_side": 13.562554359436035,
          "hz": 3458.990205492291
        },
        {
          "acoustic_entropy": 13.565390586853027,
          "acoustic_entropy_side": 13.53882884979248,
          "hz": 3827.305438964164
        },
        {
          "acoustic_entropy": 13.510425567626953,
          "acoustic_entropy_side": 13.537545204162598,
          "hz": 4228.238232109126
        },
        {
          "acoustic_entropy": 13.477727890014648,
          "acoustic_entropy_side": 13.53388786315918,
          "hz": 4664.6771572759235
        },
        {
          "acoustic_entropy": 13.549718856811523,
          "acoustic_entropy_side": 13.532715797424316,
          "hz": 5139.766595350093
        },
        {
          "acoustic_entropy": 13.587522506713867,
          "acoustic_entropy_side": 13.532365798950195,
          "hz": 5656.929389854203
        },
        {
          "acoustic_entropy": 13.74598503112793,
          "acoustic_entropy_side": 13.531207084655762,
          "hz": 6219.891507268283
        },
        {
          "acoustic_entropy": 13.63244342803955,
          "acoustic_entropy_side": 13.530704498291016,
          "hz": 6832.70888123896
        },
        {
          "acoustic_entropy": 13.558067321777344,
          "acoustic_entropy_side": 13.530586242675781,
          "hz": 7499.796634079867
        },
        {
          "acoustic_entropy": 13.546192169189453,
          "acoustic_entropy_side": 13.530610084533691,
          "hz": 8225.96088609342
        },
        {
          "acoustic_entropy": 13.485214233398438,
          "acoustic_entropy_side": 13.530592918395996,
          "hz": 9016.43338188839
        },
        {
          "acoustic_entropy": 13.499287605285645,
          "acoustic_entropy_side": 13.530517578125,
          "hz": 9876.909183162974
        },
        {
          "acoustic_entropy": 13.56544017791748,
          "acoustic_entropy_side": 13.530500411987305,
          "hz": 10813.587699516042
        },
        {
          "acoustic_entropy": 13.577622413635254,
          "acoustic_entropy_side": 13.530489921569824,
          "hz": 11833.21735289826
        },
        {
          "acoustic_entropy": 13.615055084228516,
          "acoustic_entropy_side": 13.530488014221191,
          "hz": 12943.144197493959
        },
        {
          "acoustic_entropy": 13.66312313079834,
          "acoustic_entropy_side": 13.530488014221191,
          "hz": 14151.364845322005
        },
        {
          "acoustic_entropy": 13.70616626739502,
          "acoustic_entropy_side": 13.530487060546875,
          "hz": 15466.58407886509
        },
        {
          "acoustic_entropy": 13.66965389251709,
          "acoustic_entropy_side": 13.530497550964355,
          "hz": 16898.27756580493
        },
        {
          "acoustic_entropy": 13.602913856506348,
          "acoustic_entropy_side": 13.530524253845215,
          "hz": 18456.760127700032
        },
        {
          "acoustic_entropy": 13.572237968444824,
          "acoustic_entropy_side": 13.530525207519531,
          "hz": 20153.260054456492
        },
        {
          "acoustic_entropy": 13.542990684509277,
          "acoustic_entropy_side": 13.530488967895508,
          "hz": 22000.00000000001
        }
      ],
      "diff_acoustic_entropy": 13.452938079833984,
      "sn": 12
    },
    {
      "acoustic_entropy": 20.330455780029297,
      "acoustic_entropy_mono": 18.771657943725586,
      "band_eliminated_acoustic_entropies": [
        {
          "acoustic_entropy": 19.783098220825195,
          "acoustic_entropy_side": 20.337976455688477,
          "hz": 129.47220167065723
        },
        {
          "acoustic_entropy": 20.89203643798828,
          "acoustic_entropy_side": 20.280691146850586,
          "hz": 202.92927478742237
        },
        {
          "acoustic_entropy": 20.13983726501465,
          "acoustic_entropy_side": 20.309432983398438,
          "hz": 282.89161906338205
        },
        {
          "acoustic_entropy": 20.038745880126953,
          "acoustic_entropy_side": 20.099008560180664,
          "hz": 369.9353335868758
        },
        {
          "acoustic_entropy": 18.658884048461914,
          "acoustic_entropy_side": 19.5472412109375,
          "hz": 464.6875360973435
        },
        {
          "acoustic_entropy": 20.17987823486328,
          "acoustic_entropy_side": 19.828001022338867,
          "hz": 567.8308811364784
        },
        {
          "acoustic_entropy": 19.546680450439453,
          "acoustic_entropy_side": 19.894617080688477,
          "hz": 680.1084783214808
        },
        {
          "acoustic_entropy": 20.495546340942383,
          "acoustic_entropy_side": 19.92587661743164,
          "hz": 802.3292461747484
        },
        {
          "acoustic_entropy": 21.6264591217041,
          "acoustic_entropy_side": 20.16391944885254,
          "hz": 935.3737400823702
        },
        {
          "acoustic_entropy": 20.569576263427734,
          "acoustic_entropy_side": 20.422128677368164,
          "hz": 1080.2004963696966
        },
        {
          "acoustic_entropy": 20.241464614868164,
          "acoustic_entropy_side": 20.258424758911133,
          "hz": 1237.8529382007157
        },
        {
          "acoustic_entropy": 21.070022583007812,
          "acoustic_entropy_side": 20.322589874267578,
          "hz": 1409.4668930556702
        },
        {
          "acoustic_entropy": 19.963462829589844,
          "acoustic_entropy_side": 20.063810348510742,
          "hz": 1596.2787759475705
        },
        {
          "acoustic_entropy": 20.046430587768555,
          "acoustic_entropy_side": 19.726221084594727,
          "hz": 1799.6344973346393
        },
        {
          "acoustic_entropy": 19.73309326171875,
          "acoustic_entropy_side": 20.121145248413086,
          "hz": 2020.9991599069049
        },
        {
          "acoustic_entropy": 20.45343017578125,
          "acoustic_entropy_side": 20.1070556640625,
          "hz": 2261.9676141086993
        },
        {
          "acoustic_entropy": 20.220476150512695,
          "acoustic_entropy_side": 20.224138259887695,
          "hz": 2524.2759484456974
        },
        {
          "acoustic_entropy": 19.774337768554688,
          "acoustic_entropy_side": 20.071210861206055,
          "hz": 2809.813997359896
        },
        {
          "acoustic_entropy": 20.508525848388672,
          "acoustic_entropy_side": 20.586647033691406,
          "hz": 3120.6389567871424
        },
