{
  "acoustic_entropy": 203.6803436279297,
  "bands": [
    {
      "high_freq": 148.1999969482422,
      "loudness": -40.01295852661133,
      "loudness_range": 30.713563919067383,
      "mid_mean": -39.2986946105957,
      "mid_to_side_loudness": -2.854072332382202,
      "mid_to_side_loudness_range": 14.63894271850586,
      "side_mean": -41.910369873046875
    },
    {
      "high_freq": 392.3793640136719,
      "loudness": -31.766006469726562,
      "loudness_range": 17.108600616455078,
      "low_freq": 148.1999969482422,
      "mid_mean": -30.372802734375,
      "mid_to_side_loudness": -2.128047466278076,
      "mid_to_side_loudness_range": 9.237072944641113,
      "side_mean": -32.56706237792969
    },
    {
      "high_freq": 794.6976318359375,
      "loudness": -31.56458854675293,
      "loudness_range": 17.237228393554688,
      "low_freq": 392.3793640136719,
      "mid_mean": -30.2902774810791,
      "mid_to_side_loudness": -1.8347193002700806,
      "mid_to_side_loudness_range": 8.358484268188477,
      "side_mean": -32.11945724487305
    },
    {
      "high_freq": 1457.5709228515625,
      "loudness": -37.195465087890625,
      "loudness_range": 20.83127212524414,
      "low_freq": 794.6976318359375,
      "mid_mean": -35.974586486816406,
      "mid_to_side_loudness": -1.6671260595321655,
      "mid_to_side_loudness_range": 7.480601787567139,
      "side_mean": -37.569393157958984
    },
    {
      "high_freq": 2549.74365234375,
      "loudness": -39.01969909667969,
      "loudness_range": 20.018390655517578,
      "low_freq": 1457.5709228515625,
      "mid_mean": -37.5553092956543,
      "mid_to_side_loudness": -2.4101879596710205,
      "mid_to_side_loudness_range": 7.963212013244629,
      "side_mean": -39.86268997192383
    },
    {
      "high_freq": 4349.24462890625,
      "loudness": -45.25886917114258,
      "loudness_range": 24.590885162353516,
      "low_freq": 2549.74365234375,
      "mid_mean": -43.901634216308594,
      "mid_to_side_loudness": -2.70587158203125,
      "mid_to_side_loudness_range": 8.162130355834961,
      "side_mean": -46.63727569580078
    },
    {
      "high_freq": 7314.1640625,
      "loudness": -55.94285583496094,
      "loudness_range": 29.300621032714844,
      "low_freq": 4349.24462890625,
      "mid_mean": -54.943275451660156,
      "mid_to_side_loudness": -2.5835683345794678,
      "mid_to_side_loudness_range": 6.689244270324707,
      "side_mean": -57.04142761230469
    },
    {
      "high_freq": 12199.2666015625,
      "loudness": -60.878868103027344,
      "loudness_range": 30.043106079101562,
      "low_freq": 7314.1640625,
      "mid_mean": -59.14421081542969,
      "mid_to_side_loudness": -3.673717498779297,
      "mid_to_side_loudness_range": 7.948523998260498,
      "side_mean": -61.70106506347656
    },
    {
      "loudness": -68.95885467529297,
      "loudness_range": 23.398361206054688,
      "low_freq": 12199.2666015625,
      "mid_mean": -64.09813690185547,
      "mid_to_side_loudness": -2.4739673137664795,
      "mid_to_side_loudness_range": 6.149062633514404,
      "side_mean": -65.59233093261719
    }
  ],
  "bands_short": [
    {
      "high_freq": 148.1999969482422,
      "loudness": -43.58320236206055,
      "loudness_range": 34.883174896240234,
      "mid_mean": -42.57769012451172,
      "mid_to_side_loudness": -3.289597988128662,
      "mid_to_side_loudness_range": 17.9560604095459,
      "side_mean": -45.8526725769043
    },
    {
      "high_freq": 392.3793640136719,
      "loudness": -32.02066421508789,
      "loudness_range": 18.061012268066406,
      "low_freq": 148.1999969482422,
      "mid_mean": -30.79690170288086,
      "mid_to_side_loudness": -2.126194715499878,
      "mid_to_side_loudness_range": 12.068750381469727,
      "side_mean": -32.959102630615234
    },
    {
      "high_freq": 794.6976318359375,
      "loudness": -31.875816345214844,
      "loudness_range": 18.08570671081543,
      "low_freq": 392.3793640136719,
      "mid_mean": -30.796361923217773,
      "mid_to_side_loudness": -1.7942365407943726,
      "mid_to_side_loudness_range": 11.278459548950195,
      "side_mean": -32.55781555175781
    },
    {
      "high_freq": 1457.5709228515625,
      "loudness": -36.53242492675781,
      "loudness_range": 20.886940002441406,
      "low_freq": 794.6976318359375,
      "mid_mean": -35.48829650878906,
      "mid_to_side_loudness": -1.6131541728973389,
      "mid_to_side_loudness_range": 10.448577880859375,
      "side_mean": -37.02882385253906
    },
    {
      "high_freq": 2549.74365234375,
      "loudness": -39.29685974121094,
      "loudness_range": 20.646438598632812,
      "low_freq": 1457.5709228515625,
      "mid_mean": -37.919647216796875,
      "mid_to_side_loudness": -2.403214454650879,
      "mid_to_side_loudness_range": 9.952316284179688,
      "side_mean": -40.2761116027832
    },
    {
      "high_freq": 4349.24462890625,
      "loudness": -45.48316955566406,
      "loudness_range": 25.252351760864258,
      "low_freq": 2549.74365234375,
      "mid_mean": -44.20912551879883,
      "mid_to_side_loudness": -2.6723484992980957,
      "mid_to_side_loudness_range": 9.7725830078125,
      "side_mean": -46.94187927246094
    },
    {
      "high_freq": 7314.1640625,
      "loudness": -56.21986389160156,
      "loudness_range": 30.01163101196289,
      "low_freq": 4349.24462890625,
      "mid_mean": -55.309593200683594,
      "mid_to_side_loudness": -2.457355499267578,
      "mid_to_side_loudness_range": 7.819492816925049,
      "side_mean": -57.291038513183594
    },
    {
      "high_freq": 12199.2666015625,
      "loudness": -61.43692398071289,
      "loudness_range": 30.044307708740234,
      "low_freq": 7314.1640625,
      "mid_mean": -59.707435607910156,
      "mid_to_side_loudness": -3.4582390785217285,
      "mid_to_side_loudness_range": 8.578701972961426,
      "side_mean": -62.039581298828125
    },
    {
      "loudness": -69.5013427734375,
      "loudness_range": 22.908493041992188,
      "low_freq": 12199.2666015625,
      "mid_mean": -64.53309631347656,
      "mid_to_side_loudness": -2.3004093170166016,
      "mid_to_side_loudness_range": 6.631630897521973,
      "side_mean": -65.87491607666016
    }
  ],
  "bandwidth": 551.6187133789062,
  "channels": 2,
  "covariance": [
    [
      113.2034912109375,
      106.21052551269531,
      46.23780059814453,
      50.13478469848633,
      38.23130416870117,
      42.23546600341797,
      43.501853942871094,
      51.48281478881836,
      36.763832092285156,
      44.2991828918457,
      41.391910552978516,
      49.12284469604492,
      57.21136474609375,
      56.95281219482422,
      55.477962493896484,
      50.47434616088867,
      39.57378005981445,
      32.25990676879883
    ],
    [
      106.21052551269531,
      133.1767120361328,
      45.469112396240234,
      51.18533706665039,
      39.85834503173828,
      44.530250549316406,
      44.554988861083984,
      54.63606643676758,
      37.91438293457031,
      47.409725189208984,
      44.901649475097656,
      54.74394226074219,
      63.7483024597168,
      63.683135986328125,
      61.54250717163086,
      56.489559173583984,
      43.56331253051758,
      35.41472244262695
    ],
    [
      46.23780059814453,
      45.469112396240234,
      40.40361022949219,
      35.04317092895508,
      23.18455696105957,
      25.191635131835938,
      26.853239059448242,
      30.156795501708984,
      23.119972229003906,
      26.499345779418945,
      24.821941375732422,
      29.790773391723633,
      33.68790817260742,
      32.36436462402344,
      32.17747116088867,
      28.23108673095703,
      21.92728614807129,
      17.70953941345215
    ],
    [
      50.13478469848633,
      51.18533706665039,
      35.04317092895508,
      42.610191345214844,
      27.698375701904297,
      30.161657333374023,
      31.41000747680664,
      36.17334747314453,
      27.807645797729492,
      32.90013122558594,
      31.811222076416016,
      39.08604049682617,
      42.325279235839844,
      42.17451095581055,
      38.78000259399414,
      35.54805374145508,
      25.94074249267578,
      21.412691116333008
    ],
    [
      38.23130416870117,
      39.85834503173828,
      23.18455696105957,
      27.698375701904297,
      38.185115814208984,
      36.510887145996094,
      34.81345748901367,
      38.33351516723633,
      30.588319778442383,
      34.00727462768555,
      32.64175033569336,
      38.0952262878418,
      41.90514373779297,
      41.57240295410156,
      38.93626022338867,
      35.436405181884766,
      25.626110076904297,
      20.79180335998535
    ],
    [
      42.23546600341797,
      44.530250549316406,
      25.191635131835938,
      30.161657333374023,
      36.510887145996094,
      44.94999694824219,
      38.17201232910156,
      42.9501953125,
      33.029624938964844,
      39.25174331665039,
      37.94721221923828,
      46.34299850463867,
      47.39436340332031,
      49.110984802246094,
      41.98068618774414,
      40.3457145690918,
      27.63363265991211,
      23.609548568725586
    ],
    [
      43.501853942871094,
      44.554988861083984,
      26.853239059448242,
      31.41000747680664,
      34.81345748901367,
      38.17201232910156,
      49.74357223510742,
      52.522586822509766,
      41.44157028198242,
      46.359214782714844,
      46.987037658691406,
      53.180667877197266,
      55.892730712890625,
      55.79734420776367,
      50.50267791748047,
      46.703819274902344,
      32.33754348754883,
      26.8551025390625
    ],
    [
      51.48281478881836,
      54.63606643676758,
      30.156795501708984,
      36.17334747314453,
      38.33351516723633,
      42.9501953125,
      52.522586822509766,
      63.789974212646484,
      44.614009857177734,
      53.425846099853516,
      52.14037322998047,
      62.552371978759766,
      63.56214141845703,
      64.97472381591797,
      56.88115692138672,
      54.16231155395508,
      36.79888153076172,
      31.19931411743164
    ],
    [
      36.763832092285156,
      37.91438293457031,
      23.119972229003906,
      27.807645797729492,
      30.588319778442383,
      33.029624938964844,
      41.44157028198242,
      44.614009857177734,
      48.29146194458008,
      47.82175064086914,
      49.90736389160156,
      51.98284912109375,
      56.888370513916016,
      54.11612319946289,
      50.81298065185547,
      44.69928741455078,
      30.170612335205078,
      24.04161262512207
    ],
    [
      44.2991828918457,
      47.409725189208984,
      26.499345779418945,
      32.90013122558594,
      34.00727462768555,
      39.25174331665039,
      46.359214782714844,
      53.425846099853516,
      47.82175064086914,
      58.50689697265625,
      54.88630294799805,
      64.33943176269531,
      64.6380615234375,
      65.77977752685547,
      56.27854537963867,
      53.635860443115234,
      34.975685119628906,
      29.804859161376953
    ],
    [
      41.391910552978516,
      44.901649475097656,
      24.821941375732422,
      31.811222076416016,
      32.64175033569336,
      37.94721221923828,
      46.987037658691406,
      52.14037322998047,
      49.90736389160156,
      54.88630294799805,
      67.20718383789062,
      70.11714172363281,
      70.9114990234375,
      70.81604766845703,
      61.021175384521484,
      57.15962219238281,
      36.778743743896484,
      31.121570587158203
    ],
    [
      49.12284469604492,
      54.74394226074219,
      29.790773391723633,
      39.08604049682617,
      38.0952262878418,
      46.34299850463867,
      53.180667877197266,
      62.552371978759766,
      51.98284912109375,
      64.33943176269531,
      70.11714172363281,
      88.29845428466797,
      80.37373352050781,
      84.47691345214844,
      67.07125854492188,
      66.90371704101562,
      41.80487060546875,
      37.24485778808594
    ],
    [
      57.21136474609375,
      63.7483024597168,
      33.68790817260742,
      42.325279235839844,
      41.90514373779297,
      47.39436340332031,
      55.892730712890625,
      63.56214141845703,
      56.888370513916016,
      64.6380615234375,
      70.9114990234375,
      80.37373352050781,
      94.22283172607422,
      92.0291976928711,
      84.26944732666016,
      77.38346862792969,
      53.03842544555664,
      44.340763092041016
    ],
    [
      56.95281219482422,
      63.683135986328125,
      32.36436462402344,
      42.17451095581055,
      41.57240295410156,
      49.110984802246094,
      55.79734420776367,
      64.97472381591797,
      54.11612319946289,
      65.77977752685547,
      70.81604766845703,
      84.47691345214844,
      92.0291976928711,
      94.31192016601562,
      80.15293884277344,
      77.73667907714844,
      51.492897033691406,
      45.163795471191406
    ],
    [
      55.477962493896484,
      61.54250717163086,
      32.17747116088867,
      38.78000259399414,
      38.93626022338867,
      41.98068618774414,
      50.50267791748047,
      56.88115692138672,
      50.81298065185547,
      56.27854537963867,
      61.021175384521484,
      67.07125854492188,
      84.26944732666016,
      80.15293884277344,
      84.10568237304688,
      74.11711120605469,
      55.30180740356445,
      44.53484344482422
    ],
    [
      50.47434616088867,
      56.489559173583984,
      28.23108673095703,
      35.54805374145508,
      35.436405181884766,
      40.3457145690918,
      46.703819274902344,
      54.16231155395508,
      44.69928741455078,
      53.635860443115234,
      57.15962219238281,
      66.90371704101562,
      77.38346862792969,
      77.73667907714844,
      74.11711120605469,
      70.31442260742188,
      50.028648376464844,
      42.99835205078125
    ],
    [
      39.57378005981445,
      43.56331253051758,
      21.92728614807129,
      25.94074249267578,
      25.626110076904297,
      27.63363265991211,
      32.33754348754883,
      36.79888153076172,
      30.170612335205078,
      34.975685119628906,
      36.778743743896484,
      41.80487060546875,
      53.03842544555664,
      51.492897033691406,
      55.30180740356445,
      50.028648376464844,
      40.359039306640625,
      33.125640869140625
    ],
    [
      32.25990676879883,
      35.41472244262695,
      17.70953941345215,
      21.412691116333008,
      20.79180335998535,
      23.609548568725586,
      26.8551025390625,
      31.19931411743164,
      24.04161262512207,
      29.804859161376953,
      31.121570587158203,
      37.24485778808594,
      44.340763092041016,
      45.163795471191406,
      44.53484344482422,
      42.99835205078125,
      33.125640869140625,
      29.393003463745117
    ]
  ],
  "covariance_short": [
    [
      131.54739379882812,
      124.3005599975586,
      48.13114929199219,
      52.17533874511719,
      41.92654037475586,
      46.43233108520508,
      45.05628204345703,
      51.90803146362305,
      39.482421875,
      47.38812255859375,
      44.615638732910156,
      52.98432922363281,
      59.6256103515625,
      60.01016616821289,
      53.91419219970703,
      50.41477584838867,
      36.36509323120117,
      30.263967514038086
    ],
    [
      124.3005599975586,
      157.3309326171875,
      49.797916412353516,
      57.56375503540039,
      45.93525695800781,
      51.18132400512695,
      50.39787673950195,
      58.0537109375,
      44.82757568359375,
      54.334022521972656,
      52.73131561279297,
      63.867431640625,
      70.98945617675781,
      71.4863510131836,
      62.734249114990234,
      58.948211669921875,
      41.28856658935547,
      34.3371467590332
    ],
    [
      48.13114929199219,
      49.797916412353516,
      46.33101272583008,
      36.44091796875,
      24.299758911132812,
      26.422805786132812,
      26.165672302246094,
      29.623991012573242,
      23.518171310424805,
      27.305845260620117,
      26.362884521484375,
      31.117826461791992,
      34.783592224121094,
      34.09440994262695,
      31.44339942932129,
      28.55385971069336,
      20.554615020751953,
      17.138736724853516
    ],
    [
      52.17533874511719,
      57.56375503540039,
      36.44091796875,
      47.413055419921875,
      28.006017684936523,
      31.009061813354492,
      30.914735794067383,
      35.31404113769531,
      27.893327713012695,
      33.23768997192383,
      32.64208221435547,
      39.740257263183594,
      42.73103713989258,
      43.06748962402344,
      37.41313171386719,
      35.214752197265625,
      24.07247543334961,
      20.469402313232422
    ],
    [
      41.92654037475586,
      45.93525695800781,
      24.299758911132812,
      28.006017684936523,
      42.24495315551758,
      36.975215911865234,
      34.66263198852539,
      37.592689514160156,
      30.72292709350586,
      34.975486755371094,
      33.42428970336914,
      39.49353790283203,
      41.46225357055664,
      41.5745964050293,
      36.5035285949707,
      33.96553421020508,
      23.165180206298828,
      19.042022705078125
    ],
    [
      46.43233108520508,
      51.18132400512695,
      26.422805786132812,
      31.009061813354492,
      36.975215911865234,
      48.91823959350586,
      37.58671569824219,
      41.79826354980469,
      32.882957458496094,
      39.795536041259766,
      38.233821868896484,
      47.273075103759766,
      46.583457946777344,
      48.7186393737793,
      39.40882110595703,
      38.767066955566406,
      25.08313751220703,
      21.869482040405273
    ],
    [
      45.05628204345703,
      50.39787673950195,
      26.165672302246094,
      30.914735794067383,
      34.66263198852539,
      37.58671569824219,
      52.755794525146484,
      50.686065673828125,
      41.31817626953125,
      45.95866775512695,
      46.2239990234375,
      52.28509521484375,
      54.645729064941406,
      54.34135055541992,
      47.60186004638672,
      44.28244400024414,
      29.503320693969727,
      24.598369598388672
    ],
    [
      51.90803146362305,
      58.0537109375,
      29.623991012573242,
      35.31404113769531,
      37.592689514160156,
      41.79826354980469,
      50.686065673828125,
      63.90022277832031,
      43.73258590698242,
      51.86886215209961,
      50.71425247192383,
      60.41891098022461,
      60.632057189941406,
      62.25757598876953,
      52.04751205444336,
      50.306758880615234,
      32.58017349243164,
      28.015098571777344
    ],
    [
      39.482421875,
      44.82757568359375,
      23.518171310424805,
      27.893327713012695,
      30.72292709350586,
      32.882957458496094,
      41.31817626953125,
      43.73258590698242,
      51.963279724121094,
      49.55411148071289,
      51.29441452026367,
      53.87464904785156,
      57.809059143066406,
      55.1264533996582,
      49.939754486083984,
      44.29181671142578,
      28.739652633666992,
      23.05132484436035
    ],
    [
      47.38812255859375,
      54.334022521972656,
      27.305845260620117,
      33.23768997192383,
      34.975486755371094,
      39.795536041259766,
      45.95866775512695,
      51.86886215209961,
      49.55411148071289,
      62.405059814453125,
      56.81858444213867,
      66.24788665771484,
      65.40569305419922,
      66.73114776611328,
      54.87628936767578,
      52.9248161315918,
      32.850894927978516,
      28.416749954223633
    ],
    [
      44.615638732910156,
      52.73131561279297,
      26.362884521484375,
      32.64208221435547,
      33.42428970336914,
      38.233821868896484,
      46.2239990234375,
      50.71425247192383,
      51.29441452026367,
      56.81858444213867,
      71.01779174804688,
      73.56011962890625,
      72.64293670654297,
      72.45480346679688,
      60.72893524169922,
      57.23738479614258,
      35.45808410644531,
      30.31792449951172
    ],
    [
      52.98432922363281,
      63.867431640625,
      31.117826461791992,
      39.740257263183594,
      39.49353790283203,
      47.273075103759766,
      52.28509521484375,
      60.41891098022461,
      53.87464904785156,
      66.24788665771484,
      73.56011962890625,
      92.30493927001953,
      81.9799575805664,
      86.0968246459961,
      66.23280334472656,
      66.64447021484375,
      39.72003173828125,
      35.93270492553711
    ],
    [
      59.6256103515625,
      70.98945617675781,
      34.783592224121094,
      42.73103713989258,
      41.46225357055664,
      46.583457946777344,
      54.645729064941406,
      60.632057189941406,
      57.809059143066406,
      65.40569305419922,
      72.64293670654297,
      81.9799575805664,
      95.531982421875,
      92.82351684570312,
      81.8703842163086,
      75.8288803100586,
      49.908302307128906,
      42.11982727050781
    ],
    [
      60.01016616821289,
      71.4863510131836,
      34.09440994262695,
      43.06748962402344,
      41.5745964050293,
      48.7186393737793,
      54.34135055541992,
      62.25757598876953,
      55.1264533996582,
      66.73114776611328,
      72.45480346679688,
      86.0968246459961,
      92.82351684570312,
      95.63046264648438,
      78.01819610595703,
      76.4859619140625,
      48.380455017089844,
      42.993038177490234
    ],
    [
      53.91419219970703,
      62.734249114990234,
      31.44339942932129,
      37.41313171386719,
      36.5035285949707,
      39.40882110595703,
      47.60186004638672,
      52.04751205444336,
      49.939754486083984,
      54.87628936767578,
      60.72893524169922,
      66.23280334472656,
      81.8703842163086,
      78.01819610595703,
      79.315673828125,
      70.35026550292969,
      50.51099395751953,
      40.99726104736328
    ],
    [
      50.41477584838867,
      58.948211669921875,
      28.55385971069336,
      35.214752197265625,
      33.96553421020508,
      38.767066955566406,
      44.28244400024414,
      50.306758880615234,
      44.29181671142578,
      52.9248161315918,
      57.23738479614258,
      66.64447021484375,
      75.8288803100586,
      76.4859619140625,
      70.35026550292969,
      67.86573028564453,
      45.9747428894043,
      40.09088134765625
    ],
    [
      36.36509323120117,
      41.28856658935547,
      20.554615020751953,
      24.07247543334961,
      23.165180206298828,
      25.08313751220703,
      29.503320693969727,
      32.58017349243164,
      28.739652633666992,
      32.850894927978516,
      35.45808410644531,
      39.72003173828125,
      49.908302307128906,
      48.380455017089844,
      50.51099395751953,
      45.9747428894043,
      36.4986572265625,
      30.029232025146484
    ],
    [
      30.263967514038086,
      34.3371467590332,
      17.138736724853516,
      20.469402313232422,
      19.042022705078125,
      21.869482040405273,
      24.598369598388672,
      28.015098571777344,
      23.05132484436035,
      28.416749954223633,
      30.31792449951172,
      35.93270492553711,
      42.11982727050781,
      42.993038177490234,
      40.99726104736328,
      40.09088134765625,
      30.029232025146484,
      27.022111892700195
    ]
  ],
  "damage": -15.200366020202637,
  "diff_bandwidth": 567.07568359375,
  "dissonance": 6.4317476996337515,
  "drr": 12.881956100463867,
  "dynamics": 5.314706802368164,
  "format": 1245190,
  "frames": 22067136,
  "loudness": -22.98579978942871,
  "loudness_range": 15.92590618133545,
  "loudness_range_short": 16.56873321533203,
  "lowpass_true_peak_15khz": 0.07186368852853775,
  "mastering3_acoustic_entropies": [
    {
      "acoustic_entropy": 4.584051132202148,
      "acoustic_entropy_mono": 5.755003452301025,
      "band_eliminated_acoustic_entropies": [
        {
          "acoustic_entropy": 4.530144691467285,
          "acoustic_entropy_side": 4.566471576690674,
          "hz": 129.47220167065723
        },
        {
          "acoustic_entropy": 4.580081462860107,
          "acoustic_entropy_side": 4.386309623718262,
          "hz": 202.92927478742237
        },
        {
          "acoustic_entropy": 4.440134048461914,
          "acoustic_entropy_side": 4.3202033042907715,
          "hz": 282.89161906338205
        },
        {
          "acoustic_entropy": 4.806107997894287,
          "acoustic_entropy_side": 4.718127250671387,
          "hz": 369.9353335868758
        },
        {
          "acoustic_entropy": 4.794903755187988,
          "acoustic_entropy_side": 4.695118427276611,
          "hz": 464.6875360973435
        },
        {
          "acoustic_entropy": 4.760848522186279,
          "acoustic_entropy_side": 5.069651126861572,
          "hz": 567.8308811364784
        },
        {
          "acoustic_entropy": 4.693706035614014,
          "acoustic_entropy_side": 4.926793098449707,
          "hz": 680.1084783214808
        },
        {
          "acoustic_entropy": 4.890514373779297,
          "acoustic_entropy_side": 5.290401458740234,
          "hz": 802.3292461747484
        },
        {
          "acoustic_entropy": 5.202268123626709,
          "acoustic_entropy_side": 5.299752235412598,
          "hz": 935.3737400823702
        },
        {
          "acoustic_entropy": 4.413145065307617,
          "acoustic_entropy_side": 4.46840763092041,
          "hz": 1080.2004963696966
        },
        {
          "acoustic_entropy": 4.65852165222168,
          "acoustic_entropy_side": 4.611322402954102,
          "hz": 1237.8529382007157
        },
        {
          "acoustic_entropy": 4.911858081817627,
          "acoustic_entropy_side": 4.755742073059082,
          "hz": 1409.4668930556702
        },
        {
          "acoustic_entropy": 4.711915493011475,
          "acoustic_entropy_side": 4.644668102264404,
          "hz": 1596.2787759475705
        },
        {
          "acoustic_entropy": 4.39029598236084,
          "acoustic_entropy_side": 4.5365729331970215,
          "hz": 1799.6344973346393
        },
        {
          "acoustic_entropy": 4.5093841552734375,
          "acoustic_entropy_side": 4.583095550537109,
          "hz": 2020.9991599069049
        },
        {
          "acoustic_entropy": 4.506999969482422,
          "acoustic_entropy_side": 4.618619441986084,
          "hz": 2261.9676141086993
        },
        {
          "acoustic_entropy": 4.548408031463623,
          "acoustic_entropy_side": 4.562921047210693,
          "hz": 2524.2759484456974
        },
        {
          "acoustic_entropy": 4.5432610511779785,
          "acoustic_entropy_side": 4.5873589515686035,
          "hz": 2809.813997359896
        },
        {
          "acoustic_entropy": 4.473469257354736,
          "acoustic_entropy_side": 4.5606231689453125,
          "hz": 3120.6389567871424
        },
        {
          "acoustic_entropy": 4.599127292633057,
          "acoustic_entropy_side": 4.608777046203613,
          "hz": 3458.990205492291
        },
        {
          "acoustic_entropy": 4.535167694091797,
          "acoustic_entropy_side": 4.564258575439453,
          "hz": 3827.305438964164
        },
        {
          "acoustic_entropy": 4.571266174316406,
          "acoustic_entropy_side": 4.583990097045898,
          "hz": 4228.238232109126
        },
        {
          "acoustic_entropy": 4.550201892852783,
          "acoustic_entropy_side": 4.573394775390625,
          "hz": 4664.6771572759235
        },
        {
          "acoustic_entropy": 4.591663837432861,
          "acoustic_entropy_side": 4.5915913581848145,
          "hz": 5139.766595350093
        },
        {
          "acoustic_entropy": 4.577167510986328,
          "acoustic_entropy_side": 4.58190393447876,
          "hz": 5656.929389854203
        },
        {
          "acoustic_entropy": 4.584389686584473,
          "acoustic_entropy_side": 4.584113121032715,
          "hz": 6219.891507268283
        },
        {
          "acoustic_entropy": 4.570965766906738,
          "acoustic_entropy_side": 4.5817694664001465,
          "hz": 6832.70888123896
        },
        {
          "acoustic_entropy": 4.573415279388428,
          "acoustic_entropy_side": 4.582345485687256,
          "hz": 7499.796634079867
        },
        {
          "acoustic_entropy": 4.579392910003662,
          "acoustic_entropy_side": 4.582817554473877,
          "hz": 8225.96088609342
        },
        {
          "acoustic_entropy": 4.582886219024658,
          "acoustic_entropy_side": 4.5845136642456055,
          "hz": 9016.43338188839
        },
        {
          "acoustic_entropy": 4.5832109451293945,
          "acoustic_entropy_side": 4.583949565887451,
          "hz": 9876.909183162974
        },
        {
          "acoustic_entropy": 4.583745002746582,
          "acoustic_entropy_side": 4.584325313568115,
          "hz": 10813.587699516042
        },
        {
          "acoustic_entropy": 4.506870269775391,
          "acoustic_entropy_side": 4.583632469177246,
          "hz": 11833.21735289826
        },
        {
          "acoustic_entropy": 4.57617712020874,
          "acoustic_entropy_side": 4.5849809646606445,
          "hz": 12943.144197493959
        },
        {
          "acoustic_entropy": 4.584101676940918,
          "acoustic_entropy_side": 4.584225177764893,
          "hz": 14151.364845322005
        },
        {
          "acoustic_entropy": 4.584362506866455,
          "acoustic_entropy_side": 4.584535121917725,
          "hz": 15466.58407886509
        },
        {
          "acoustic_entropy": 4.584088325500488,
          "acoustic_entropy_side": 4.584568977355957,
          "hz": 16898.27756580493
        },
        {
          "acoustic_entropy": 4.585011005401611,
          "acoustic_entropy_side": 4.584472179412842,
          "hz": 18456.760127700032
        },
        {
          "acoustic_entropy": 4.586856365203857,
          "acoustic_entropy_side": 4.584992408752441,
          "hz": 20153.260054456492
        },
        {
          "acoustic_entropy": 4.585288047790527,
          "acoustic_entropy_side": 4.584231376647949,
          "hz": 22000.00000000001
        }
      ],
      "diff_acoustic_entropy": 1.3825323581695557,
      "sn": 6
    },
    {
      "acoustic_entropy": 8.948984146118164,
      "acoustic_entropy_mono": 9.295872688293457,
      "band_eliminated_acoustic_entropies": [
        {
          "acoustic_entropy": 9.10695743560791,
          "acoustic_entropy_side": 9.069772720336914,
          "hz": 129.47220167065723
        },
        {
          "acoustic_entropy": 9.209403991699219,
          "acoustic_entropy_side": 8.922057151794434,
          "hz": 202.92927478742237
        },
        {
          "acoustic_entropy": 9.453339576721191,
          "acoustic_entropy_side": 8.762447357177734,
          "hz": 282.89161906338205
        },
        {
          "acoustic_entropy": 10.168726921081543,
          "acoustic_entropy_side": 9.424139022827148,
          "hz": 369.9353335868758
        },
        {
          "acoustic_entropy": 9.172710418701172,
          "acoustic_entropy_side": 9.15314769744873,
          "hz": 464.6875360973435
        },
        {
          "acoustic_entropy": 9.8444185256958,
          "acoustic_entropy_side": 9.601518630981445,
          "hz": 567.8308811364784
        },
        {
          "acoustic_entropy": 9.238361358642578,
          "acoustic_entropy_side": 9.333117485046387,
          "hz": 680.1084783214808
        },
        {
          "acoustic_entropy": 9.31129264831543,
          "acoustic_entropy_side": 10.268366813659668,
          "hz": 802.3292461747484
        },
        {
          "acoustic_entropy": 9.711674690246582,
          "acoustic_entropy_side": 10.30248737335205,
          "hz": 935.3737400823702
        },
        {
          "acoustic_entropy": 9.14232349395752,
          "acoustic_entropy_side": 9.02355670928955,
          "hz": 1080.2004963696966
        },
        {
          "acoustic_entropy": 8.70649528503418,
          "acoustic_entropy_side": 8.758879661560059,
          "hz": 1237.8529382007157
        },
        {
          "acoustic_entropy": 8.923751831054688,
          "acoustic_entropy_side": 9.129220008850098,
          "hz": 1409.4668930556702
        },
        {
          "acoustic_entropy": 9.326358795166016,
          "acoustic_entropy_side": 9.086347579956055,
          "hz": 1596.2787759475705
        },
        {
          "acoustic_entropy": 9.060684204101562,
          "acoustic_entropy_side": 8.957720756530762,
          "hz": 1799.6344973346393
        },
        {
          "acoustic_entropy": 8.945931434631348,
          "acoustic_entropy_side": 8.880291938781738,
          "hz": 2020.9991599069049
        },
        {
          "acoustic_entropy": 9.031608581542969,
          "acoustic_entropy_side": 9.170249938964844,
          "hz": 2261.9676141086993
        },
        {
          "acoustic_entropy": 8.977824211120605,
          "acoustic_entropy_side": 9.011880874633789,
          "hz": 2524.2759484456974
        },
        {
          "acoustic_entropy": 9.02938461303711,
          "acoustic_entropy_side": 8.984580993652344,
          "hz": 2809.813997359896
        },
        {
          "acoustic_entropy": 8.759102821350098,
          "acoustic_entropy_side": 8.805853843688965,
          "hz": 3120.6389567871424
        },
        {
          "acoustic_entropy": 9.0722074508667,
          "acoustic_entropy_side": 9.015399932861328,
          "hz": 3458.990205492291
        },
        {
          "acoustic_entropy": 8.792829513549805,
          "acoustic_entropy_side": 8.848941802978516,
          "hz": 3827.305438964164
        },
        {
          "acoustic_entropy": 8.885697364807129,
          "acoustic_entropy_side": 8.905754089355469,
          "hz": 4228.238232109126
        },
        {
          "acoustic_entropy": 8.900049209594727,
          "acoustic_entropy_side": 8.907333374023438,
          "hz": 4664.6771572759235
        },
        {
          "acoustic_entropy": 8.92007064819336,
          "acoustic_entropy_side": 8.929426193237305,
          "hz": 5139.766595350093
        },
        {
          "acoustic_entropy": 8.951112747192383,
          "acoustic_entropy_side": 8.95297622680664,
          "hz": 5656.929389854203
        },
        {
          "acoustic_entropy": 8.939774513244629,
          "acoustic_entropy_side": 8.949613571166992,
          "hz": 6219.891507268283
        },
        {
          "acoustic_entropy": 9.04609203338623,
          "acoustic_entropy_side": 8.99083137512207,
          "hz": 6832.70888123896
        },
        {
          "acoustic_entropy": 9.088777542114258,
          "acoustic_entropy_side": 8.98543930053711,
          "hz": 7499.796634079867
        },
        {
          "acoustic_entropy": 8.978859901428223,
          "acoustic_entropy_side": 8.962578773498535,
          "hz": 8225.96088609342
        },
        {
          "acoustic_entropy": 8.955679893493652,
          "acoustic_entropy_side": 8.949922561645508,
          "hz": 9016.43338188839
        },
        {
          "acoustic_entropy": 8.962762832641602,
          "acoustic_entropy_side": 8.956246376037598,
          "hz": 9876.909183162974
        },
        {
          "acoustic_entropy": 8.94758129119873,
          "acoustic_entropy_side": 8.96463680267334,
          "hz": 10813.587699516042
        },
        {
          "acoustic_entropy": 9.226669311523438,
          "acoustic_entropy_side": 8.965473175048828,
          "hz": 11833.21735289826
        },
        {
          "acoustic_entropy": 9.41981315612793,
          "acoustic_entropy_side": 8.979096412658691,
          "hz": 12943.144197493959
        },
        {
          "acoustic_entropy": 8.97671127319336,
          "acoustic_entropy_side": 8.961846351623535,
          "hz": 14151.364845322005
        },
        {
          "acoustic_entropy": 8.97557544708252,
          "acoustic_entropy_side": 8.961701393127441,
          "hz": 15466.58407886509
        },
        {
          "acoustic_entropy": 8.984691619873047,
          "acoustic_entropy_side": 8.961371421813965,
          "hz": 16898.27756580493
        },
        {
          "acoustic_entropy": 8.972412109375,
          "acoustic_entropy_side": 8.962512969970703,
          "hz": 18456.760127700032
        },
        {
          "acoustic_entropy": 8.948941230773926,
          "acoustic_entropy_side": 8.962273597717285,
          "hz": 20153.260054456492
        },
        {
          "acoustic_entropy": 8.957249641418457,
          "acoustic_entropy_side": 8.951632499694824,
          "hz": 22000.00000000001
        }
      ],
      "diff_acoustic_entropy": 3.6403610706329346,
      "sn": 12
    },
    {
      "acoustic_entropy": 17.5866756439209,
      "acoustic_entropy_mono": 16.358417510986328,
      "band_eliminated_acoustic_entropies": [
        {
          "acoustic_entropy": 17.771757125854492,
          "acoustic_entropy_side": 17.9136905670166,
          "hz": 129.47220167065723
        },
        {
          "acoustic_entropy": 19.03972625732422,
          "acoustic_entropy_side": 17.98322105407715,
          "hz": 202.92927478742237
        },
        {
          "acoustic_entropy": 18.50978660583496,
          "acoustic_entropy_side": 17.367952346801758,
          "hz": 282.89161906338205
        },
        {
          "acoustic_entropy": 18.358919143676758,
          "acoustic_entropy_side": 18.76093864440918,
          "hz": 369.9353335868758
        },
        {
          "acoustic_entropy": 17.64353370666504,
          "acoustic_entropy_side": 17.038345336914062,
          "hz": 464.6875360973435
        },
        {
          "acoustic_entropy": 18.528404235839844,
          "acoustic_entropy_side": 18.688243865966797,
          "hz": 567.8308811364784
        },
        {
          "acoustic_entropy": 16.929920196533203,
          "acoustic_entropy_side": 17.99772834777832,
          "hz": 680.1084783214808
        },
        {
          "acoustic_entropy": 17.825483322143555,
          "acoustic_entropy_side": 18.07440185546875,
          "hz": 802.3292461747484
        },
        {
          "acoustic_entropy": 18.1771240234375,
          "acoustic_entropy_side": 18.291704177856445,
          "hz": 935.3737400823702
        },
        {
          "acoustic_entropy": 17.476015090942383,
          "acoustic_entropy_side": 18.139028549194336,
          "hz": 1080.2004963696966
        },
        {
          "acoustic_entropy": 16.73814582824707,
          "acoustic_entropy_side": 17.314990997314453,
          "hz": 1237.8529382007157
        },
        {
          "acoustic_entropy": 17.746660232543945,
          "acoustic_entropy_side": 18.473112106323242,
          "hz": 1409.4668930556702
        },
        {
          "acoustic_entropy": 17.012062072753906,
          "acoustic_entropy_side": 17.31685447692871,
          "hz": 1596.2787759475705
        },
        {
          "acoustic_entropy": 17.3792781829834,
          "acoustic_entropy_side": 17.414026260375977,
          "hz": 1799.6344973346393
        },
        {
          "acoustic_entropy": 17.015220642089844,
          "acoustic_entropy_side": 17.44487762451172,
          "hz": 2020.9991599069049
        },
        {
          "acoustic_entropy": 17.3577880859375,
          "acoustic_entropy_side": 17.661914825439453,
          "hz": 2261.9676141086993
        },
        {
          "acoustic_entropy": 17.263568878173828,
          "acoustic_entropy_side": 17.390384674072266,
          "hz": 2524.2759484456974
        },
        {
          "acoustic_entropy": 17.910888671875,
          "acoustic_entropy_side": 17.855165481567383,
          "hz": 2809.813997359896
        },
        {
          "acoustic_entropy": 17.479223251342773,
          "acoustic_entropy_side": 17.70663070678711,
          "hz": 3120.6389567871424
        },
        {
          "acoustic_entropy": 17.67015838623047,
          "acoustic_entropy_side": 17.847206115722656,
          "hz": 3458.990205492291
        },
        {
