{
  "acoustic_entropy": 144.23269653320312,
  "bands": [
    {
      "high_freq": 148.1999969482422,
      "loudness": -35.99418258666992,
      "loudness_range": 21.726987838745117,
      "mid_mean": -32.50054168701172,
      "mid_to_side_loudness": -13.405840873718262,
      "mid_to_side_loudness_range": 11.77103042602539,
      "side_mean": -46.92365264892578
    },
    {
      "high_freq": 392.3793640136719,
      "loudness": -35.827964782714844,
      "loudness_range": 18.229692459106445,
      "low_freq": 148.1999969482422,
      "mid_mean": -32.87117385864258,
      "mid_to_side_loudness": -8.29470157623291,
      "mid_to_side_loudness_range": 14.206171035766602,
      "side_mean": -41.37438201904297
    },
    {
      "high_freq": 794.6976318359375,
      "loudness": -35.061546325683594,
      "loudness_range": 24.8018856048584,
      "low_freq": 392.3793640136719,
      "mid_mean": -32.98613739013672,
      "mid_to_side_loudness": -4.615908145904541,
      "mid_to_side_loudness_range": 11.030818939208984,
      "side_mean": -37.50230026245117
    },
    {
      "high_freq": 1457.5709228515625,
      "loudness": -43.11458206176758,
      "loudness_range": 32.39019012451172,
      "low_freq": 794.6976318359375,
      "mid_mean": -41.34329605102539,
      "mid_to_side_loudness": -3.481781244277954,
      "mid_to_side_loudness_range": 11.659926414489746,
      "side_mean": -44.97904968261719
    },
    {
      "high_freq": 2549.74365234375,
      "loudness": -47.37174606323242,
      "loudness_range": 30.200881958007812,
      "low_freq": 1457.5709228515625,
      "mid_mean": -45.45625686645508,
      "mid_to_side_loudness": -3.5344483852386475,
      "mid_to_side_loudness_range": 6.169383525848389,
      "side_mean": -49.44704818725586
    },
    {
      "high_freq": 4349.24462890625,
      "loudness": -57.196434020996094,
      "loudness_range": 31.99028778076172,
      "low_freq": 2549.74365234375,
      "mid_mean": -54.60028839111328,
      "mid_to_side_loudness": -3.4850029945373535,
      "mid_to_side_loudness_range": 6.503885269165039,
      "side_mean": -57.52961730957031
    },
    {
      "high_freq": 7314.1640625,
      "loudness": -59.99995040893555,
      "loudness_range": 28.814044952392578,
      "low_freq": 4349.24462890625,
      "mid_mean": -57.20045471191406,
      "mid_to_side_loudness": -3.1138839721679688,
      "mid_to_side_loudness_range": 6.081726551055908,
      "side_mean": -59.6651725769043
    },
    {
      "high_freq": 12199.2666015625,
      "loudness": -61.47752380371094,
      "loudness_range": 26.82547378540039,
      "low_freq": 7314.1640625,
      "mid_mean": -58.6170539855957,
      "mid_to_side_loudness": -2.7207984924316406,
      "mid_to_side_loudness_range": 5.748708248138428,
      "side_mean": -60.60514831542969
    },
    {
      "loudness": -63.26268768310547,
      "loudness_range": 26.257396697998047,
      "low_freq": 12199.2666015625,
      "mid_mean": -60.13132858276367,
      "mid_to_side_loudness": -2.7221670150756836,
      "mid_to_side_loudness_range": 5.3380022048950195,
      "side_mean": -61.91261291503906
    }
  ],
  "bands_short": [
    {
      "high_freq": 148.1999969482422,
      "loudness": -38.76470184326172,
      "loudness_range": 23.579912185668945,
      "mid_mean": -35.28740310668945,
      "mid_to_side_loudness": -13.675065040588379,
      "mid_to_side_loudness_range": 14.103302955627441,
      "side_mean": -50.29613494873047
    },
    {
      "high_freq": 392.3793640136719,
      "loudness": -35.408138275146484,
      "loudness_range": 19.875768661499023,
      "low_freq": 148.1999969482422,
      "mid_mean": -32.42438888549805,
      "mid_to_side_loudness": -8.832903861999512,
      "mid_to_side_loudness_range": 14.986557006835938,
      "side_mean": -41.44561767578125
    },
    {
      "high_freq": 794.6976318359375,
      "loudness": -35.563232421875,
      "loudness_range": 25.266435623168945,
      "low_freq": 392.3793640136719,
      "mid_mean": -33.3816032409668,
      "mid_to_side_loudness": -5.3262505531311035,
      "mid_to_side_loudness_range": 12.734233856201172,
      "side_mean": -38.68437957763672
    },
    {
      "high_freq": 1457.5709228515625,
      "loudness": -43.13737106323242,
      "loudness_range": 32.52487564086914,
      "low_freq": 794.6976318359375,
      "mid_mean": -41.42438888549805,
      "mid_to_side_loudness": -3.657270908355713,
      "mid_to_side_loudness_range": 11.764815330505371,
      "side_mean": -45.17512893676758
    },
    {
      "high_freq": 2549.74365234375,
      "loudness": -48.89696502685547,
      "loudness_range": 31.445341110229492,
      "low_freq": 1457.5709228515625,
      "mid_mean": -47.29198455810547,
      "mid_to_side_loudness": -3.4278488159179688,
      "mid_to_side_loudness_range": 8.82583236694336,
      "side_mean": -50.966522216796875
    },
    {
      "high_freq": 4349.24462890625,
      "loudness": -58.322044372558594,
      "loudness_range": 32.41323471069336,
      "low_freq": 2549.74365234375,
      "mid_mean": -55.66950225830078,
      "mid_to_side_loudness": -3.360609531402588,
      "mid_to_side_loudness_range": 7.628993034362793,
      "side_mean": -58.43059539794922
    },
    {
      "high_freq": 7314.1640625,
      "loudness": -61.066139221191406,
      "loudness_range": 28.313743591308594,
      "low_freq": 4349.24462890625,
      "mid_mean": -58.15705490112305,
      "mid_to_side_loudness": -3.114703416824341,
      "mid_to_side_loudness_range": 6.632327079772949,
      "side_mean": -60.54978942871094
    },
    {
      "high_freq": 12199.2666015625,
      "loudness": -62.80483627319336,
      "loudness_range": 26.538639068603516,
      "low_freq": 7314.1640625,
      "mid_mean": -59.74191665649414,
      "mid_to_side_loudness": -2.8006339073181152,
      "mid_to_side_loudness_range": 6.0617594718933105,
      "side_mean": -61.69801712036133
    },
    {
      "loudness": -65.1819839477539,
      "loudness_range": 24.214916229248047,
      "low_freq": 12199.2666015625,
      "mid_mean": -61.7005500793457,
      "mid_to_side_loudness": -2.9165050983428955,
      "mid_to_side_loudness_range": 5.656252861022949,
      "side_mean": -63.49250030517578
    }
  ],
  "bandwidth": 628.5574340820312,
  "channels": 2,
  "covariance": [
    [
      59.10368347167969,
      46.63805389404297,
      23.567567825317383,
      10.826702117919922,
      15.267708778381348,
      14.196687698364258,
      11.634894371032715,
      13.839065551757812,
      14.297606468200684,
      15.402668952941895,
      18.81436538696289,
      17.413185119628906,
      17.277530670166016,
      16.028446197509766,
      14.633269309997559,
      13.801557540893555,
      13.31346607208252,
      12.427681922912598
    ],
    [
      46.63805389404297,
      55.181636810302734,
      24.774526596069336,
      16.562538146972656,
      21.910106658935547,
      22.93313980102539,
      20.388059616088867,
      23.16572380065918,
      23.594593048095703,
      27.81694984436035,
      27.122615814208984,
      24.995023727416992,
      22.1937198638916,
      20.120141983032227,
      18.20504379272461,
      16.70857048034668,
      15.732789993286133,
      14.367756843566895
    ],
    [
      23.567567825317383,
      24.774526596069336,
      42.89205551147461,
      28.441286087036133,
      25.754281997680664,
      23.852556228637695,
      22.467191696166992,
      22.32567596435547,
      22.282939910888672,
      26.918567657470703,
      26.3421573638916,
      23.88079071044922,
      22.889406204223633,
      20.667585372924805,
      19.385480880737305,
      17.5034122467041,
      17.194013595581055,
      15.174006462097168
    ],
    [
      10.826702117919922,
      16.562538146972656,
      28.441286087036133,
      38.20151901245117,
      26.940656661987305,
      29.401735305786133,
      29.350194931030273,
      29.651071548461914,
      25.41971778869629,
      29.9029541015625,
      26.91826820373535,
      24.97235679626465,
      19.908266067504883,
      18.761627197265625,
      16.711807250976562,
      15.443889617919922,
      14.743359565734863,
      13.234628677368164
    ],
    [
      15.267708778381348,
      21.910106658935547,
      25.754281997680664,
      26.940656661987305,
      63.924720764160156,
      66.17742919921875,
      46.37001037597656,
      47.7743034362793,
      46.2806282043457,
      50.053436279296875,
      43.31352233886719,
      41.69589614868164,
      29.150644302368164,
      27.692218780517578,
      23.447072982788086,
      23.06741714477539,
      21.6509952545166,
      20.619489669799805
    ],
    [
      14.196687698364258,
      22.93313980102539,
      23.852556228637695,
      29.401735305786133,
      66.17742919921875,
      83.5032958984375,
      49.1523323059082,
      50.19797897338867,
      47.948551177978516,
      52.24848556518555,
      43.98877716064453,
      42.23678207397461,
      28.111040115356445,
      26.178813934326172,
      22.11239242553711,
      21.372304916381836,
      20.18636703491211,
      18.931907653808594
    ],
    [
      11.634894371032715,
      20.388059616088867,
      22.467191696166992,
      29.350194931030273,
      46.37001037597656,
      49.1523323059082,
      104.8487548828125,
      99.90202331542969,
      78.40423583984375,
      79.06433868408203,
      64.60700225830078,
      63.43132781982422,
      42.113243103027344,
      39.79783630371094,
      32.74123001098633,
      30.33397674560547,
      26.817245483398438,
      24.784738540649414
    ],
    [
      13.839065551757812,
      23.16572380065918,
      22.32567596435547,
      29.651071548461914,
      47.7743034362793,
      50.19797897338867,
      99.90202331542969,
      112.3401870727539,
      84.90711975097656,
      87.94982147216797,
      68.76492309570312,
      68.9060287475586,
      43.477935791015625,
      42.32042694091797,
      34.25276565551758,
      32.593711853027344,
      28.700498580932617,
      27.10406494140625
    ],
    [
      14.297606468200684,
      23.594593048095703,
      22.282939910888672,
      25.41971778869629,
      46.2806282043457,
      47.948551177978516,
      78.40423583984375,
      84.90711975097656,
      106.9942855834961,
      104.27427673339844,
      70.4856948852539,
      70.92169952392578,
      45.26133728027344,
      42.70283889770508,
      33.19664764404297,
      31.202465057373047,
      27.666706085205078,
      25.89500617980957
    ],
    [
      15.402668952941895,
      27.81694984436035,
      26.918567657470703,
      29.9029541015625,
      50.053436279296875,
      52.24848556518555,
      79.06433868408203,
      87.94982147216797,
      104.27427673339844,
      113.88906860351562,
      75.92259979248047,
      75.85640716552734,
      49.36017990112305,
      47.00278854370117,
      37.174964904785156,
      35.42376708984375,
      31.42737579345703,
      29.717952728271484
    ],
    [
      18.81436538696289,
      27.122615814208984,
      26.3421573638916,
      26.91826820373535,
      43.31352233886719,
      43.98877716064453,
      64.60700225830078,
      68.76492309570312,
      70.4856948852539,
      75.92259979248047,
      86.25808715820312,
      80.64405059814453,
      64.53177642822266,
      59.499271392822266,
      51.68467712402344,
      47.957916259765625,
      42.997650146484375,
      39.187767028808594
    ],
    [
      17.413185119628906,
      24.995023727416992,
      23.88079071044922,
      24.97235679626465,
      41.69589614868164,
      42.23678207397461,
      63.43132781982422,
      68.9060287475586,
      70.92169952392578,
      75.85640716552734,
      80.64405059814453,
      79.78318786621094,
      60.479488372802734,
      58.10226821899414,
      48.95195388793945,
      47.447540283203125,
      42.161251068115234,
      39.84125900268555
    ],
    [
      17.277530670166016,
      22.1937198638916,
      22.889406204223633,
      19.908266067504883,
      29.150644302368164,
      28.111040115356445,
      42.113243103027344,
      43.477935791015625,
      45.26133728027344,
      49.36017990112305,
      64.53177642822266,
      60.479488372802734,
      65.52779388427734,
      60.18998336791992,
      56.82561111450195,
      53.285552978515625,
      47.65629959106445,
      44.06106185913086
    ],
    [
      16.028446197509766,
      20.120141983032227,
      20.667585372924805,
      18.761627197265625,
      27.692218780517578,
      26.178813934326172,
      39.79783630371094,
      42.32042694091797,
      42.70283889770508,
      47.00278854370117,
      59.499271392822266,
      58.10226821899414,
      60.18998336791992,
      59.03726577758789,
      54.12912368774414,
      53.87124252319336,
      47.93015670776367,
      46.626895904541016
    ],
    [
      14.633269309997559,
      18.20504379272461,
      19.385480880737305,
      16.711807250976562,
      23.447072982788086,
      22.11239242553711,
      32.74123001098633,
      34.25276565551758,
      33.19664764404297,
      37.174964904785156,
      51.68467712402344,
      48.95195388793945,
      56.82561111450195,
      54.12912368774414,
      57.202701568603516,
      55.66036605834961,
      52.54758834838867,
      50.72797775268555
    ],
    [
      13.801557540893555,
      16.70857048034668,
      17.5034122467041,
      15.443889617919922,
      23.06741714477539,
      21.372304916381836,
      30.33397674560547,
      32.593711853027344,
      31.202465057373047,
      35.42376708984375,
      47.957916259765625,
      47.447540283203125,
      53.285552978515625,
      53.87124252319336,
      55.66036605834961,
      57.39791488647461,
      53.68487548828125,
      54.17813491821289
    ],
    [
      13.31346607208252,
      15.732789993286133,
      17.194013595581055,
      14.743359565734863,
      21.6509952545166,
      20.18636703491211,
      26.817245483398438,
      28.700498580932617,
      27.666706085205078,
      31.42737579345703,
      42.997650146484375,
      42.161251068115234,
      47.65629959106445,
      47.93015670776367,
      52.54758834838867,
      53.68487548828125,
      55.17710876464844,
      55.11764144897461
    ],
    [
      12.427681922912598,
      14.367756843566895,
      15.174006462097168,
      13.234628677368164,
      20.619489669799805,
      18.931907653808594,
      24.784738540649414,
      27.10406494140625,
      25.89500617980957,
      29.717952728271484,
      39.187767028808594,
      39.84125900268555,
      44.06106185913086,
      46.626895904541016,
      50.72797775268555,
      54.17813491821289,
      55.11764144897461,
      57.095359802246094
    ]
  ],
  "covariance_short": [
    [
      71.32247161865234,
      57.00751876831055,
      33.11331558227539,
      17.603620529174805,
      13.812623977661133,
      14.759445190429688,
      12.191718101501465,
      13.537232398986816,
      13.975366592407227,
      15.026516914367676,
      16.3428955078125,
      15.314863204956055,
      14.038317680358887,
      12.696484565734863,
      11.037782669067383,
      10.027849197387695,
      8.521871566772461,
      7.4371747970581055
    ],
    [
      57.00751876831055,
      73.57875061035156,
      35.92334747314453,
      24.53797149658203,
      21.968765258789062,
      24.939350128173828,
      24.8962459564209,
      26.083263397216797,
      27.801677703857422,
      32.10818862915039,
      28.21166229248047,
      25.76653289794922,
      22.15250015258789,
      19.587024688720703,
      17.632015228271484,
      15.726635932922363,
      13.510430335998535,
      11.757980346679688
    ],
    [
      33.11331558227539,
      35.92334747314453,
      49.27565002441406,
      30.348299026489258,
      29.029964447021484,
      26.182340621948242,
      21.513090133666992,
      22.887954711914062,
      26.527503967285156,
      27.561626434326172,
      26.07250213623047,
      24.06804656982422,
      21.225963592529297,
      19.233821868896484,
      16.9794979095459,
      15.524313926696777,
      13.256583213806152,
      11.63694953918457
    ],
    [
      17.603620529174805,
      24.53797149658203,
      30.348299026489258,
      38.42340850830078,
      28.713956832885742,
      30.64613151550293,
      28.311506271362305,
      29.539167404174805,
      29.090412139892578,
      31.219621658325195,
      26.579402923583984,
      24.839616775512695,
      19.160804748535156,
      17.818979263305664,
      15.319954872131348,
      14.16963005065918,
      12.361583709716797,
      10.918240547180176
    ],
    [
      13.812623977661133,
      21.968765258789062,
      29.029964447021484,
      28.713956832885742,
      66.74906921386719,
      66.53378295898438,
      44.29060363769531,
      44.28253936767578,
      44.37847137451172,
      45.37408447265625,
      38.936344146728516,
      37.17928695678711,
      25.347055435180664,
      24.329164505004883,
      20.057586669921875,
      19.949016571044922,
      16.775890350341797,
      15.780186653137207
    ],
    [
      14.759445190429688,
      24.939350128173828,
      26.182340621948242,
      30.64613151550293,
      66.53378295898438,
      88.44363403320312,
      51.24038314819336,
      51.6035041809082,
      50.49982452392578,
      51.502193450927734,
      42.05095672607422,
      39.72868728637695,
      25.46706199645996,
      24.009456634521484,
      19.14067268371582,
      18.778301239013672,
      15.892669677734375,
      14.721575736999512
    ],
    [
      12.191718101501465,
      24.8962459564209,
      21.513090133666992,
      28.311506271362305,
      44.29060363769531,
      51.24038314819336,
      111.73745727539062,
      103.3787612915039,
      85.14633178710938,
      83.45494079589844,
      65.79177856445312,
      62.856815338134766,
      39.70918273925781,
      36.713958740234375,
      28.61609649658203,
      26.939624786376953,
      20.96967124938965,
      19.150615692138672
    ],
    [
      13.537232398986816,
      26.083263397216797,
      22.887954711914062,
      29.539167404174805,
      44.28253936767578,
      51.6035041809082,
      103.3787612915039,
      114.86329650878906,
      89.71894836425781,
      90.9830322265625,
      68.77684020996094,
      67.15202331542969,
      40.8277702331543,
      38.77061462402344,
      29.99363136291504,
      28.903141021728516,
      22.2099552154541,
      20.767627716064453
    ],
    [
      13.975366592407227,
      27.801677703857422,
      26.527503967285156,
      29.090412139892578,
      44.37847137451172,
      50.49982452392578,
      85.14633178710938,
      89.71894836425781,
      111.5918197631836,
      105.32904052734375,
      72.30818176269531,
      70.53663635253906,
      45.58003616333008,
      41.98604202270508,
      32.83143997192383,
      30.88132095336914,
      24.585256576538086,
      22.511159896850586
    ],
    [
      15.026516914367676,
      32.10818862915039,
      27.561626434326172,
      31.219621658325195,
      45.37408447265625,
      51.502193450927734,
      83.45494079589844,
      90.9830322265625,
      105.32904052734375,
      114.24735260009766,
      75.23898315429688,
      73.56966400146484,
      47.8289909362793,
      44.77658462524414,
      35.27691650390625,
      33.70763397216797,
      26.948284149169922,
      25.00705909729004
    ],
    [
      16.3428955078125,
      28.21166229248047,
      26.07250213623047,
      26.579402923583984,
      38.936344146728516,
      42.05095672607422,
      65.79177856445312,
      68.77684020996094,
      72.30818176269531,
      75.23898315429688,
      86.1987075805664,
      78.79402923583984,
      63.257755279541016,
      57.93531036376953,
      49.0653076171875,
      45.6597785949707,
      37.21067810058594,
      33.30430603027344
    ],
    [
      15.314863204956055,
      25.76653289794922,
      24.06804656982422,
      24.839616775512695,
      37.17928695678711,
      39.72868728637695,
      62.856815338134766,
      67.15202331542969,
      70.53663635253906,
      73.56966400146484,
      78.79402923583984,
      78.2135009765625,
      58.74629592895508,
      56.460044860839844,
      46.372066497802734,
      45.48876953125,
      36.45862579345703,
      34.32697677612305
    ],
    [
      14.038317680358887,
      22.15250015258789,
      21.225963592529297,
      19.160804748535156,
      25.347055435180664,
      25.46706199645996,
      39.70918273925781,
      40.8277702331543,
      45.58003616333008,
      47.8289909362793,
      63.257755279541016,
      58.74629592895508,
      64.31212615966797,
      58.649940490722656,
      54.73088073730469,
      51.12200164794922,
      42.29277038574219,
      38.35122299194336
    ],
    [
      12.696484565734863,
      19.587024688720703,
      19.233821868896484,
      17.818979263305664,
      24.329164505004883,
      24.009456634521484,
      36.713958740234375,
      38.77061462402344,
      41.98604202270508,
      44.77658462524414,
      57.93531036376953,
      56.460044860839844,
      58.649940490722656,
      57.74808120727539,
      52.01401901245117,
      51.89033889770508,
      42.150699615478516,
      40.67292785644531
    ],
    [
      11.037782669067383,
      17.632015228271484,
      16.9794979095459,
      15.319954872131348,
      20.057586669921875,
      19.14067268371582,
      28.61609649658203,
      29.99363136291504,
      32.83143997192383,
      35.27691650390625,
      49.0653076171875,
      46.372066497802734,
      54.73088073730469,
      52.01401901245117,
      54.81070327758789,
      52.77391815185547,
      46.48688507080078,
      44.09288024902344
    ],
    [
      10.027849197387695,
      15.726635932922363,
      15.524313926696777,
      14.16963005065918,
      19.949016571044922,
      18.778301239013672,
      26.939624786376953,
      28.903141021728516,
      30.88132095336914,
      33.70763397216797,
      45.6597785949707,
      45.48876953125,
      51.12200164794922,
      51.89033889770508,
      52.77391815185547,
      54.28057861328125,
      46.66903305053711,
      46.66299819946289
    ],
    [
      8.521871566772461,
      13.510430335998535,
      13.256583213806152,
      12.361583709716797,
      16.775890350341797,
      15.892669677734375,
      20.96967124938965,
      22.2099552154541,
      24.585256576538086,
      26.948284149169922,
      37.21067810058594,
      36.45862579345703,
      42.29277038574219,
      42.150699615478516,
      46.48688507080078,
      46.66903305053711,
      46.56456756591797,
      45.45033264160156
    ],
    [
      7.4371747970581055,
      11.757980346679688,
      11.63694953918457,
      10.918240547180176,
      15.780186653137207,
      14.721575736999512,
      19.150615692138672,
      20.767627716064453,
      22.511159896850586,
      25.00705909729004,
      33.30430603027344,
      34.32697677612305,
      38.35122299194336,
      40.67292785644531,
      44.09288024902344,
      46.66299819946289,
      45.45033264160156,
      46.62305450439453
    ]
  ],
  "damage": -14.32468318939209,
  "diff_bandwidth": 696.144287109375,
  "dissonance": 4.268922411472528,
  "drr": 8.027785301208496,
  "dynamics": 5.415874004364014,
  "format": 1245190,
  "frames": 11260864,
  "loudness": -23.602216720581055,
  "loudness_range": 16.847412109375,
  "loudness_range_short": 19.17481231689453,
  "lowpass_true_peak_15khz": 0.13069576025009155,
  "mastering3_acoustic_entropies": [
    {
      "acoustic_entropy": 8.241209030151367,
      "acoustic_entropy_mono": 7.84173583984375,
      "band_eliminated_acoustic_entropies": [
        {
          "acoustic_entropy": 8.256128311157227,
          "acoustic_entropy_side": 8.241439819335938,
          "hz": 129.47220167065723
        },
        {
          "acoustic_entropy": 7.866623878479004,
          "acoustic_entropy_side": 8.243517875671387,
          "hz": 202.92927478742237
        },
        {
          "acoustic_entropy": 8.316786766052246,
          "acoustic_entropy_side": 8.257125854492188,
          "hz": 282.89161906338205
        },
        {
          "acoustic_entropy": 8.553679466247559,
          "acoustic_entropy_side": 8.298991203308105,
          "hz": 369.9353335868758
        },
        {
          "acoustic_entropy": 8.274269104003906,
          "acoustic_entropy_side": 8.185978889465332,
          "hz": 464.6875360973435
        },
        {
          "acoustic_entropy": 8.419288635253906,
          "acoustic_entropy_side": 8.3206205368042,
          "hz": 567.8308811364784
        },
        {
          "acoustic_entropy": 8.61509895324707,
          "acoustic_entropy_side": 8.331393241882324,
          "hz": 680.1084783214808
        },
        {
          "acoustic_entropy": 8.09664535522461,
          "acoustic_entropy_side": 8.246986389160156,
          "hz": 802.3292461747484
        },
        {
          "acoustic_entropy": 7.754261493682861,
          "acoustic_entropy_side": 8.757779121398926,
          "hz": 935.3737400823702
        },
        {
          "acoustic_entropy": 8.569939613342285,
          "acoustic_entropy_side": 8.4342622756958,
          "hz": 1080.2004963696966
        },
        {
          "acoustic_entropy": 8.259390830993652,
          "acoustic_entropy_side": 8.163104057312012,
          "hz": 1237.8529382007157
        },
        {
          "acoustic_entropy": 8.161195755004883,
          "acoustic_entropy_side": 8.49908447265625,
          "hz": 1409.4668930556702
        },
        {
          "acoustic_entropy": 8.352107048034668,
          "acoustic_entropy_side": 8.444665908813477,
          "hz": 1596.2787759475705
        },
        {
          "acoustic_entropy": 8.541690826416016,
          "acoustic_entropy_side": 8.19963264465332,
          "hz": 1799.6344973346393
        },
        {
          "acoustic_entropy": 8.413843154907227,
          "acoustic_entropy_side": 8.0720796585083,
          "hz": 2020.9991599069049
        },
        {
          "acoustic_entropy": 8.135265350341797,
          "acoustic_entropy_side": 8.140692710876465,
          "hz": 2261.9676141086993
        },
        {
          "acoustic_entropy": 8.144975662231445,
          "acoustic_entropy_side": 8.202451705932617,
          "hz": 2524.2759484456974
        },
        {
          "acoustic_entropy": 8.236956596374512,
          "acoustic_entropy_side": 8.237044334411621,
          "hz": 2809.813997359896
        },
        {
          "acoustic_entropy": 8.215576171875,
          "acoustic_entropy_side": 8.237211227416992,
          "hz": 3120.6389567871424
        },
        {
          "acoustic_entropy": 8.280885696411133,
          "acoustic_entropy_side": 8.281508445739746,
          "hz": 3458.990205492291
        },
        {
          "acoustic_entropy": 8.248913764953613,
          "acoustic_entropy_side": 8.26524543762207,
          "hz": 3827.305438964164
        },
        {
          "acoustic_entropy": 8.288041114807129,
          "acoustic_entropy_side": 8.271997451782227,
          "hz": 4228.238232109126
        },
        {
          "acoustic_entropy": 8.286237716674805,
          "acoustic_entropy_side": 8.284153938293457,
          "hz": 4664.6771572759235
        },
        {
          "acoustic_entropy": 8.271188735961914,
          "acoustic_entropy_side": 8.278255462646484,
          "hz": 5139.766595350093
        },
        {
          "acoustic_entropy": 8.257418632507324,
          "acoustic_entropy_side": 8.271614074707031,
          "hz": 5656.929389854203
        },
        {
          "acoustic_entropy": 8.245894432067871,
          "acoustic_entropy_side": 8.261086463928223,
          "hz": 6219.891507268283
        },
        {
          "acoustic_entropy": 8.239104270935059,
          "acoustic_entropy_side": 8.238923072814941,
          "hz": 6832.70888123896
        },
        {
          "acoustic_entropy": 8.243000984191895,
          "acoustic_entropy_side": 8.235541343688965,
          "hz": 7499.796634079867
        },
        {
          "acoustic_entropy": 8.213077545166016,
          "acoustic_entropy_side": 8.22854995727539,
          "hz": 8225.96088609342
        },
        {
          "acoustic_entropy": 8.20721435546875,
          "acoustic_entropy_side": 8.22684097290039,
          "hz": 9016.43338188839
        },
        {
          "acoustic_entropy": 8.198707580566406,
          "acoustic_entropy_side": 8.22187614440918,
          "hz": 9876.909183162974
        },
        {
          "acoustic_entropy": 8.198429107666016,
          "acoustic_entropy_side": 8.220809936523438,
          "hz": 10813.587699516042
        },
        {
          "acoustic_entropy": 8.208786964416504,
          "acoustic_entropy_side": 8.224677085876465,
          "hz": 11833.21735289826
        },
        {
          "acoustic_entropy": 8.202924728393555,
          "acoustic_entropy_side": 8.2262544631958,
          "hz": 12943.144197493959
        },
        {
          "acoustic_entropy": 8.19776725769043,
          "acoustic_entropy_side": 8.230923652648926,
          "hz": 14151.364845322005
        },
        {
          "acoustic_entropy": 8.190313339233398,
          "acoustic_entropy_side": 8.23576545715332,
          "hz": 15466.58407886509
        },
        {
          "acoustic_entropy": 8.196697235107422,
          "acoustic_entropy_side": 8.239456176757812,
          "hz": 16898.27756580493
        },
        {
          "acoustic_entropy": 8.209508895874023,
          "acoustic_entropy_side": 8.241874694824219,
          "hz": 18456.760127700032
        },
        {
          "acoustic_entropy": 8.240147590637207,
          "acoustic_entropy_side": 8.242270469665527,
          "hz": 20153.260054456492
        },
        {
          "acoustic_entropy": 8.240765571594238,
          "acoustic_entropy_side": 8.240997314453125,
          "hz": 22000.00000000001
        }
      ],
      "diff_acoustic_entropy": 5.0598320960998535,
      "sn": 6
    },
    {
      "acoustic_entropy": 12.650450706481934,
      "acoustic_entropy_mono": 11.203163146972656,
      "band_eliminated_acoustic_entropies": [
        {
          "acoustic_entropy": 12.698168754577637,
          "acoustic_entropy_side": 12.655977249145508,
          "hz": 129.47220167065723
        },
        {
          "acoustic_entropy": 12.0733060836792,
          "acoustic_entropy_side": 12.70230484008789,
          "hz": 202.92927478742237
        },
        {
          "acoustic_entropy": 13.012092590332031,
          "acoustic_entropy_side": 12.629687309265137,
          "hz": 282.89161906338205
        },
        {
          "acoustic_entropy": 13.337963104248047,
          "acoustic_entropy_side": 12.714507102966309,
          "hz": 369.9353335868758
        },
        {
          "acoustic_entropy": 11.976908683776855,
          "acoustic_entropy_side": 13.346497535705566,
          "hz": 464.6875360973435
        },
        {
          "acoustic_entropy": 12.924304962158203,
          "acoustic_entropy_side": 12.725226402282715,
          "hz": 567.8308811364784
        },
        {
          "acoustic_entropy": 12.804961204528809,
          "acoustic_entropy_side": 13.168298721313477,
          "hz": 680.1084783214808
        },
        {
          "acoustic_entropy": 13.292439460754395,
          "acoustic_entropy_side": 12.258612632751465,
          "hz": 802.3292461747484
        },
        {
          "acoustic_entropy": 12.740744590759277,
          "acoustic_entropy_side": 13.233325004577637,
          "hz": 935.3737400823702
        },
        {
          "acoustic_entropy": 12.350055694580078,
          "acoustic_entropy_side": 13.034616470336914,
          "hz": 1080.2004963696966
        },
        {
          "acoustic_entropy": 12.633522033691406,
          "acoustic_entropy_side": 12.809971809387207,
          "hz": 1237.8529382007157
        },
        {
          "acoustic_entropy": 12.80372428894043,
          "acoustic_entropy_side": 12.27344036102295,
          "hz": 1409.4668930556702
        },
        {
          "acoustic_entropy": 12.889859199523926,
          "acoustic_entropy_side": 13.06013011932373,
          "hz": 1596.2787759475705
        },
        {
          "acoustic_entropy": 12.720003128051758,
          "acoustic_entropy_side": 13.074492454528809,
          "hz": 1799.6344973346393
        },
        {
          "acoustic_entropy": 12.941951751708984,
          "acoustic_entropy_side": 13.079547882080078,
          "hz": 2020.9991599069049
        },
        {
          "acoustic_entropy": 12.636730194091797,
          "acoustic_entropy_side": 12.527142524719238,
          "hz": 2261.9676141086993
        },
        {
          "acoustic_entropy": 12.77132511138916,
          "acoustic_entropy_side": 12.538312911987305,
          "hz": 2524.2759484456974
        },
        {
          "acoustic_entropy": 12.638154029846191,
          "acoustic_entropy_side": 12.63632869720459,
          "hz": 2809.813997359896
        },
        {
          "acoustic_entropy": 12.621988296508789,
          "acoustic_entropy_side": 12.672690391540527,
          "hz": 3120.6389567871424
        },
        {
          "acoustic_entropy": 12.681070327758789,
          "acoustic_entropy_side": 12.645758628845215,
          "hz": 3458.990205492291
        },
        {
          "acoustic_entropy": 12.448297500610352,
          "acoustic_entropy_side": 12.554938316345215,
          "hz": 3827.305438964164
        },
        {
          "acoustic_entropy": 12.473429679870605,
          "acoustic_entropy_side": 12.603649139404297,
          "hz": 4228.238232109126
        },
        {
          "acoustic_entropy": 12.55656909942627,
          "acoustic_entropy_side": 12.623176574707031,
          "hz": 4664.6771572759235
        },
        {
          "acoustic_entropy": 12.455501556396484,
          "acoustic_entropy_side": 12.563655853271484,
          "hz": 5139.766595350093
        },
        {
          "acoustic_entropy": 12.486846923828125,
          "acoustic_entropy_side": 12.585015296936035,
          "hz": 5656.929389854203
        },
        {
          "acoustic_entropy": 12.454370498657227,
          "acoustic_entropy_side": 12.556025505065918,
          "hz": 6219.891507268283
        },
        {
          "acoustic_entropy": 12.428046226501465,
          "acoustic_entropy_side": 12.536447525024414,
          "hz": 6832.70888123896
        },
        {
          "acoustic_entropy": 12.468806266784668,
          "acoustic_entropy_side": 12.563185691833496,
          "hz": 7499.796634079867
        },
        {
          "acoustic_entropy": 12.434593200683594,
          "acoustic_entropy_side": 12.555435180664062,
          "hz": 8225.96088609342
        },
        {
          "acoustic_entropy": 12.440262794494629,
          "acoustic_entropy_side": 12.556943893432617,
          "hz": 9016.43338188839
        },
        {
          "acoustic_entropy": 12.414356231689453,
          "acoustic_entropy_side": 12.539610862731934,
          "hz": 9876.909183162974
        },
        {
          "acoustic_entropy": 12.40977668762207,
          "acoustic_entropy_side": 12.500211715698242,
          "hz": 10813.587699516042
        },
        {
          "acoustic_entropy": 12.421486854553223,
          "acoustic_entropy_side": 12.517644882202148,
          "hz": 11833.21735289826
        },
        {
          "acoustic_entropy": 12.41409683227539,
          "acoustic_entropy_side": 12.488587379455566,
          "hz": 12943.144197493959
        },
        {
          "acoustic_entropy": 12.42790699005127,
          "acoustic_entropy_side": 12.502254486083984,
          "hz": 14151.364845322005
        },
        {
          "acoustic_entropy": 12.431102752685547,
          "acoustic_entropy_side": 12.508007049560547,
          "hz": 15466.58407886509
        },
        {
          "acoustic_entropy": 12.465910911560059,
          "acoustic_entropy_side": 12.525179862976074,
          "hz": 16898.27756580493
        },
        {
          "acoustic_entropy": 12.477486610412598,
          "acoustic_entropy_side": 12.541694641113281,
          "hz": 18456.760127700032
        },
        {
          "acoustic_entropy": 12.496469497680664,
          "acoustic_entropy_side": 12.565296173095703,
          "hz": 20153.260054456492
        },
        {
          "acoustic_entropy": 12.638258934020996,
          "acoustic_entropy_side": 12.644427299499512,
          "hz": 22000.00000000001
        }
      ],
      "diff_acoustic_entropy": 7.95561408996582,
      "sn": 12
    },
    {
      "acoustic_entropy": 20.458086013793945,
      "acoustic_entropy_mono": 18.72712516784668,
      "band_eliminated_acoustic_entropies": [
        {
          "acoustic_entropy": 20.89728355407715,
          "acoustic_entropy_side": 20.489648818969727,
          "hz": 129.47220167065723
        },
        {
          "acoustic_entropy": 20.346939086914062,
          "acoustic_entropy_side": 20.40498161315918,
          "hz": 202.92927478742237
        },
        {
          "acoustic_entropy": 20.621109008789062,
          "acoustic_entropy_side": 20.30935287475586,
          "hz": 282.89161906338205
        },
        {
          "acoustic_entropy": 20.98358917236328,
          "acoustic_entropy_side": 20.5540714263916,
          "hz": 369.9353335868758
        },
        {
          "acoustic_entropy": 20.085805892944336,
          "acoustic_entropy_side": 21.632293701171875,
          "hz": 464.6875360973435
        },
        {
          "acoustic_entropy": 19.93784523010254,
          "acoustic_entropy_side": 19.784257888793945,
          "hz": 567.8308811364784
        },
        {
          "acoustic_entropy": 21.93649673461914,
          "acoustic_entropy_side": 21.777502059936523,
          "hz": 680.1084783214808
        },
        {
          "acoustic_entropy": 21.291128158569336,
          "acoustic_entropy_side": 21.00189971923828,
          "hz": 802.3292461747484
        },
        {
          "acoustic_entropy": 21.074541091918945,
          "acoustic_entropy_side": 21.26242446899414,
          "hz": 935.3737400823702
        },
        {
          "acoustic_entropy": 20.725439071655273,
          "acoustic_entropy_side": 20.832828521728516,
          "hz": 1080.2004963696966
        },
        {
          "acoustic_entropy": 21.385162353515625,
          "acoustic_entropy_side": 21.23682403564453,
          "hz": 1237.8529382007157
        },
        {
          "acoustic_entropy": 20.823768615722656,
          "acoustic_entropy_side": 20.34650421142578,
          "hz": 1409.4668930556702
        },
        {
          "acoustic_entropy": 20.911510467529297,
          "acoustic_entropy_side": 20.762798309326172,
          "hz": 1596.2787759475705
        },
        {
          "acoustic_entropy": 20.30310821533203,
          "acoustic_entropy_side": 21.311983108520508,
          "hz": 1799.6344973346393
        },
        {
          "acoustic_entropy": 20.172649383544922,
          "acoustic_entropy_side": 20.564592361450195,
          "hz": 2020.9991599069049
        },
        {
          "acoustic_entropy": 21.099834442138672,
          "acoustic_entropy_side": 20.463464736938477,
          "hz": 2261.9676141086993
        },
        {
          "acoustic_entropy": 20.793190002441406,
          "acoustic_entropy_side": 20.86083221435547,
          "hz": 2524.2759484456974
        },
        {
          "acoustic_entropy": 20.575523376464844,
          "acoustic_entropy_side": 20.452157974243164,
          "hz": 2809.813997359896
        },
        {
          "acoustic_entropy": 20.729223251342773,
          "acoustic_entropy_side": 20.61156463623047,
          "hz": 3120.6389567871424
        },
        {
