{
  "acoustic_entropy": 99.69175720214844,
  "bands": [
    {
      "high_freq": 148.1999969482422,
      "loudness": -28.952564239501953,
      "loudness_range": 16.23221778869629,
      "mid_mean": -25.549732208251953,
      "mid_to_side_loudness": -31.01930809020996,
      "mid_to_side_loudness_range": 24.959285736083984,
      "side_mean": -58.05128479003906
    },
    {
      "high_freq": 392.3793640136719,
      "loudness": -24.822601318359375,
      "loudness_range": 15.077459335327148,
      "low_freq": 148.1999969482422,
      "mid_mean": -21.32353973388672,
      "mid_to_side_loudness": -20.152854919433594,
      "mid_to_side_loudness_range": 16.0266170501709,
      "side_mean": -42.67848587036133
    },
    {
      "high_freq": 794.6976318359375,
      "loudness": -33.3665771484375,
      "loudness_range": 16.899852752685547,
      "low_freq": 392.3793640136719,
      "mid_mean": -29.90498161315918,
      "mid_to_side_loudness": -17.606966018676758,
      "mid_to_side_loudness_range": 16.649290084838867,
      "side_mean": -48.950584411621094
    },
    {
      "high_freq": 1457.5709228515625,
      "loudness": -40.03807067871094,
      "loudness_range": 16.338088989257812,
      "low_freq": 794.6976318359375,
      "mid_mean": -37.07585525512695,
      "mid_to_side_loudness": -11.186812400817871,
      "mid_to_side_loudness_range": 19.685226440429688,
      "side_mean": -50.3486442565918
    },
    {
      "high_freq": 2549.74365234375,
      "loudness": -42.22396469116211,
      "loudness_range": 20.18746566772461,
      "low_freq": 1457.5709228515625,
      "mid_mean": -39.367305755615234,
      "mid_to_side_loudness": -9.559914588928223,
      "mid_to_side_loudness_range": 16.215713500976562,
      "side_mean": -50.919132232666016
    },
    {
      "high_freq": 4349.24462890625,
      "loudness": -46.98136520385742,
      "loudness_range": 15.806644439697266,
      "low_freq": 2549.74365234375,
      "mid_mean": -45.659080505371094,
      "mid_to_side_loudness": -2.7383673191070557,
      "mid_to_side_loudness_range": 8.238834381103516,
      "side_mean": -48.66958236694336
    },
    {
      "high_freq": 7314.1640625,
      "loudness": -48.52015686035156,
      "loudness_range": 8.530696868896484,
      "low_freq": 4349.24462890625,
      "mid_mean": -47.82887268066406,
      "mid_to_side_loudness": -1.658042311668396,
      "mid_to_side_loudness_range": 2.09092378616333,
      "side_mean": -50.46346664428711
    },
    {
      "high_freq": 12199.2666015625,
      "loudness": -46.274295806884766,
      "loudness_range": 8.481403350830078,
      "low_freq": 7314.1640625,
      "mid_mean": -45.90750503540039,
      "mid_to_side_loudness": -0.4577789008617401,
      "mid_to_side_loudness_range": 1.2776211500167847,
      "side_mean": -45.57954788208008
    },
    {
      "loudness": -48.671024322509766,
      "loudness_range": 12.021953582763672,
      "low_freq": 12199.2666015625,
      "mid_mean": -50.00143814086914,
      "mid_to_side_loudness": -0.9189220070838928,
      "mid_to_side_loudness_range": 1.167771816253662,
      "side_mean": -50.328006744384766
    }
  ],
  "bands_short": [
    {
      "high_freq": 148.1999969482422,
      "loudness": -33.15180206298828,
      "loudness_range": 23.324520111083984,
      "mid_mean": -29.774383544921875,
      "mid_to_side_loudness": -30.64307975769043,
      "mid_to_side_loudness_range": 30.398420333862305,
      "side_mean": -61.334449768066406
    },
    {
      "high_freq": 392.3793640136719,
      "loudness": -25.57320785522461,
      "loudness_range": 19.661521911621094,
      "low_freq": 148.1999969482422,
      "mid_mean": -22.247465133666992,
      "mid_to_side_loudness": -19.42232322692871,
      "mid_to_side_loudness_range": 23.346736907958984,
      "side_mean": -43.17515563964844
    },
    {
      "high_freq": 794.6976318359375,
      "loudness": -35.020565032958984,
      "loudness_range": 22.940780639648438,
      "low_freq": 392.3793640136719,
      "mid_mean": -31.692110061645508,
      "mid_to_side_loudness": -15.733658790588379,
      "mid_to_side_loudness_range": 23.212339401245117,
      "side_mean": -50.445491790771484
    },
    {
      "high_freq": 1457.5709228515625,
      "loudness": -42.40887451171875,
      "loudness_range": 23.70246696472168,
      "low_freq": 794.6976318359375,
      "mid_mean": -39.48660659790039,
      "mid_to_side_loudness": -12.184131622314453,
      "mid_to_side_loudness_range": 23.8593692779541,
      "side_mean": -53.98875045776367
    },
    {
      "high_freq": 2549.74365234375,
      "loudness": -44.68067932128906,
      "loudness_range": 23.04984474182129,
      "low_freq": 1457.5709228515625,
      "mid_mean": -41.98276901245117,
      "mid_to_side_loudness": -8.853034019470215,
      "mid_to_side_loudness_range": 17.929521560668945,
      "side_mean": -53.113407135009766
    },
    {
      "high_freq": 4349.24462890625,
      "loudness": -48.14080047607422,
      "loudness_range": 15.400703430175781,
      "low_freq": 2549.74365234375,
      "mid_mean": -47.07758712768555,
      "mid_to_side_loudness": -2.1214466094970703,
      "mid_to_side_loudness_range": 6.934987545013428,
      "side_mean": -50.74742126464844
    },
    {
      "high_freq": 7314.1640625,
      "loudness": -49.706336975097656,
      "loudness_range": 12.74069595336914,
      "low_freq": 4349.24462890625,
      "mid_mean": -50.44488525390625,
      "mid_to_side_loudness": -1.6189926862716675,
      "mid_to_side_loudness_range": 3.248406410217285,
      "side_mean": -51.54507064819336
    },
    {
      "high_freq": 12199.2666015625,
      "loudness": -47.58424377441406,
      "loudness_range": 13.15142822265625,
      "low_freq": 7314.1640625,
      "mid_mean": -47.38568115234375,
      "mid_to_side_loudness": -0.4603501856327057,
      "mid_to_side_loudness_range": 2.2998011112213135,
      "side_mean": -46.97802734375
    },
    {
      "loudness": -51.49320983886719,
      "loudness_range": 18.461257934570312,
      "low_freq": 12199.2666015625,
      "mid_mean": -52.50993347167969,
      "mid_to_side_loudness": -0.9537173509597778,
      "mid_to_side_loudness_range": 2.270590305328369,
      "side_mean": -52.8572998046875
    }
  ],
  "bandwidth": 348.6448974609375,
  "channels": 2,
  "covariance": [
    [
      41.577518463134766,
      19.288007736206055,
      15.432525634765625,
      15.165043830871582,
      15.25677490234375,
      11.048256874084473,
      14.998947143554688,
      15.343329429626465,
      8.876981735229492,
      9.532869338989258,
      5.099101543426514,
      5.607598781585693,
      7.94101619720459,
      9.621716499328613,
      7.071396827697754,
      3.8436567783355713,
      11.620536804199219,
      11.97052001953125
    ],
    [
      19.288007736206055,
      52.39869689941406,
      12.100922584533691,
      14.551482200622559,
      9.21453857421875,
      12.771920204162598,
      6.63402795791626,
      24.23457908630371,
      3.233701229095459,
      18.872161865234375,
      0.4012048840522766,
      6.82634162902832,
      6.065837383270264,
      20.762653350830078,
      5.6607441902160645,
      4.7496466636657715,
      23.529634475708008,
      23.402135848999023
    ],
    [
      15.432525634765625,
      12.100922584533691,
      37.48027038574219,
      21.569847106933594,
      24.560039520263672,
      13.148828506469727,
      24.258333206176758,
      14.255594253540039,
      23.560531616210938,
      9.735273361206055,
      15.168713569641113,
      4.440986156463623,
      7.123276710510254,
      7.997598648071289,
      5.724704742431641,
      4.191579341888428,
      10.704850196838379,
      10.895678520202637
    ],
    [
      15.165043830871582,
      14.551482200622559,
      21.569847106933594,
      34.8253059387207,
      18.64339828491211,
      18.97658348083496,
      19.071653366088867,
      21.956323623657227,
      17.504430770874023,
      15.083215713500977,
      13.119379043579102,
      9.991318702697754,
      11.085213661193848,
      12.454164505004883,
      8.418631553649902,
      6.299767971038818,
      14.787981033325195,
      14.841255187988281
    ],
    [
      15.25677490234375,
      9.21453857421875,
      24.560039520263672,
      18.64339828491211,
      39.2664680480957,
      21.179485321044922,
      32.29196548461914,
      19.514596939086914,
      32.89552307128906,
      14.345284461975098,
      19.551895141601562,
      9.934707641601562,
      12.037311553955078,
      12.636638641357422,
      9.836206436157227,
      7.658440589904785,
      15.204352378845215,
      15.388696670532227
    ],
    [
      11.048256874084473,
      12.771920204162598,
      13.148828506469727,
      18.97658348083496,
      21.179485321044922,
      35.0237922668457,
      18.46844482421875,
      31.830209732055664,
      19.352657318115234,
      27.844968795776367,
      18.939592361450195,
      18.95305824279785,
      18.446537017822266,
      26.962440490722656,
      12.371228218078613,
      9.902905464172363,
      27.113624572753906,
      27.36262321472168
    ],
    [
      14.998947143554688,
      6.63402795791626,
      24.258333206176758,
      19.071653366088867,
      32.29196548461914,
      18.46844482421875,
      40.17536544799805,
      24.13238525390625,
      35.76179885864258,
      17.931856155395508,
      24.93497085571289,
      11.348459243774414,
      14.23080062866211,
      13.987785339355469,
      11.301770210266113,
      9.31104564666748,
      16.337284088134766,
      16.593265533447266
    ],
    [
      15.343329429626465,
      24.23457908630371,
      14.255594253540039,
      21.956323623657227,
      19.514596939086914,
      31.830209732055664,
      24.13238525390625,
      79.17389678955078,
      24.210693359375,
      63.117897033691406,
      25.77531623840332,
      29.586462020874023,
      28.696901321411133,
      52.24714279174805,
      20.672622680664062,
      17.692678451538086,
      58.10883712768555,
      58.477020263671875
    ],
    [
      8.876981735229492,
      3.233701229095459,
      23.560531616210938,
      17.504430770874023,
      32.89552307128906,
      19.352657318115234,
      35.76179885864258,
      24.210693359375,
      51.06155014038086,
      21.001296997070312,
      34.8759880065918,
      13.505133628845215,
      14.879617691040039,
      14.436344146728516,
      11.253959655761719,
      9.21325969696045,
      16.499439239501953,
      16.904640197753906
    ],
    [
      9.532869338989258,
      18.872161865234375,
      9.735273361206055,
      15.083215713500977,
      14.345284461975098,
      27.844968795776367,
      17.931856155395508,
      63.117897033691406,
      21.001296997070312,
      56.087982177734375,
      23.442480087280273,
      26.787851333618164,
      24.88126564025879,
      48.48214340209961,
      15.659758567810059,
      13.067291259765625,
      50.895973205566406,
      51.191490173339844
    ],
    [
      5.099101543426514,
      0.4012048840522766,
      15.168713569641113,
      13.119379043579102,
      19.551895141601562,
      18.939592361450195,
      24.93497085571289,
      25.77531623840332,
      34.8759880065918,
      23.442480087280273,
      38.85519027709961,
      17.21708869934082,
      19.66956901550293,
      18.506574630737305,
      12.934501647949219,
      10.903802871704102,
      19.055606842041016,
      19.302814483642578
    ],
    [
      5.607598781585693,
      6.82634162902832,
      4.440986156463623,
      9.991318702697754,
      9.934707641601562,
      18.95305824279785,
      11.348459243774414,
      29.586462020874023,
      13.505133628845215,
      26.787851333618164,
      17.21708869934082,
      27.90909194946289,
      20.167829513549805,
      26.436901092529297,
      13.547325134277344,
      10.121689796447754,
      26.10824966430664,
      26.473417282104492
    ],
    [
      7.94101619720459,
      6.065837383270264,
      7.123276710510254,
      11.085213661193848,
      12.037311553955078,
      18.446537017822266,
      14.23080062866211,
      28.696901321411133,
      14.879617691040039,
      24.88126564025879,
      19.66956901550293,
      20.167829513549805,
      24.49864959716797,
      24.719388961791992,
      15.654524803161621,
      12.047571182250977,
      26.834012985229492,
      27.15741729736328
    ],
    [
      9.621716499328613,
      20.762653350830078,
      7.997598648071289,
      12.454164505004883,
      12.636638641357422,
      26.962440490722656,
      13.987785339355469,
      52.24714279174805,
      14.436344146728516,
      48.48214340209961,
      18.506574630737305,
      26.436901092529297,
      24.719388961791992,
      50.322021484375,
      16.23543930053711,
      11.541435241699219,
      52.21410369873047,
      52.51786422729492
    ],
    [
      7.071396827697754,
      5.6607441902160645,
      5.724704742431641,
      8.418631553649902,
      9.836206436157227,
      12.371228218078613,
      11.301770210266113,
      20.672622680664062,
      11.253959655761719,
      15.659758567810059,
      12.934501647949219,
      13.547325134277344,
      15.654524803161621,
      16.23543930053711,
      17.89451789855957,
      13.344621658325195,
      20.99754524230957,
      21.195419311523438
    ],
    [
      3.8436567783355713,
      4.7496466636657715,
      4.191579341888428,
      6.299767971038818,
      7.658440589904785,
      9.902905464172363,
      9.31104564666748,
      17.692678451538086,
      9.21325969696045,
      13.067291259765625,
      10.903802871704102,
      10.121689796447754,
      12.047571182250977,
      11.541435241699219,
      13.344621658325195,
      13.906325340270996,
      16.47121238708496,
      16.48798942565918
    ],
    [
      11.620536804199219,
      23.529634475708008,
      10.704850196838379,
      14.787981033325195,
      15.204352378845215,
      27.113624572753906,
      16.337284088134766,
      58.10883712768555,
      16.499439239501953,
      50.895973205566406,
      19.055606842041016,
      26.10824966430664,
      26.834012985229492,
      52.21410369873047,
      20.99754524230957,
      16.47121238708496,
      60.202823638916016,
      60.42866134643555
    ],
    [
      11.97052001953125,
      23.402135848999023,
      10.895678520202637,
      14.841255187988281,
      15.388696670532227,
      27.36262321472168,
      16.593265533447266,
      58.477020263671875,
      16.904640197753906,
      51.191490173339844,
      19.302814483642578,
      26.473417282104492,
      27.15741729736328,
      52.51786422729492,
      21.195419311523438,
      16.48798942565918,
      60.42866134643555,
      60.84437942504883
    ]
  ],
  "covariance_short": [
    [
      70.97250366210938,
      11.743489265441895,
      23.237577438354492,
      14.919149398803711,
      19.868350982666016,
      8.373597145080566,
      19.234590530395508,
      13.294328689575195,
      13.79588508605957,
      9.279269218444824,
      9.827582359313965,
      10.847914695739746,
      13.601226806640625,
      13.300553321838379,
      14.296568870544434,
      10.784152030944824,
      18.177717208862305,
      18.3741455078125
    ],
    [
      11.743489265441895,
      35.41758346557617,
      13.797464370727539,
      18.097518920898438,
      9.034697532653809,
      20.32229232788086,
      8.315621376037598,
      16.7174072265625,
      6.668638706207275,
      14.567849159240723,
      3.2988457679748535,
      16.959054946899414,
      17.4608154296875,
      17.18052864074707,
      6.90386962890625,
      5.392858028411865,
      18.280797958374023,
      18.13147735595703
    ],
    [
      23.237577438354492,
      13.797464370727539,
      57.14708709716797,
      22.918338775634766,
      40.6621208190918,
      11.648797035217285,
      40.246482849121094,
      10.393320083618164,
      34.53797912597656,
      6.782040596008301,
      16.49656867980957,
      5.678759574890137,
      7.839844226837158,
      6.779626369476318,
      9.331140518188477,
      7.627418041229248,
      10.492563247680664,
      10.203431129455566
    ],
    [
      14.919149398803711,
      18.097518920898438,
      22.918338775634766,
      43.1922721862793,
      18.358732223510742,
      20.422468185424805,
      17.933631896972656,
      19.637781143188477,
      15.929149627685547,
      13.023404121398926,
      9.870635032653809,
      11.106843948364258,
      11.603469848632812,
      10.95606803894043,
      8.461308479309082,
      5.685111045837402,
      12.42856216430664,
      12.276679992675781
    ],
    [
      19.868350982666016,
      9.034697532653809,
      40.6621208190918,
      18.358732223510742,
      70.58985900878906,
      20.63437271118164,
      61.44396209716797,
      16.950944900512695,
      52.59466552734375,
      12.378763198852539,
      22.950984954833984,
      9.839585304260254,
      12.499692916870117,
      11.516721725463867,
      13.446549415588379,
      11.531253814697266,
      15.203635215759277,
      14.971053123474121
    ],
    [
      8.373597145080566,
      20.32229232788086,
      11.648797035217285,
      20.422468185424805,
      20.63437271118164,
      58.77044677734375,
      18.523012161254883,
      46.181739807128906,
      20.894214630126953,
      42.874549865722656,
      17.987207412719727,
      45.08363723754883,
      44.02833938598633,
      43.1673698425293,
      15.008770942687988,
      10.782454490661621,
      40.830474853515625,
      40.501956939697266
    ],
    [
      19.234590530395508,
      8.315621376037598,
      40.246482849121094,
      17.933631896972656,
      61.44396209716797,
      18.523012161254883,
      73.13483428955078,
      26.02943229675293,
      60.36092758178711,
      19.795103073120117,
      31.41016960144043,
      15.018940925598145,
      18.1041202545166,
      16.505027770996094,
      17.929866790771484,
      15.412099838256836,
      21.287097930908203,
      21.160852432250977
    ],
    [
      13.294328689575195,
      16.7174072265625,
      10.393320083618164,
      19.637781143188477,
      16.950944900512695,
      46.181739807128906,
      26.02943229675293,
      66.05440521240234,
      28.92844581604004,
      54.209964752197266,
      28.1422061920166,
      49.42835235595703,
      50.247989654541016,
      48.466712951660156,
      25.419565200805664,
      21.2029972076416,
      51.62507629394531,
      51.749263763427734
    ],
    [
      13.79588508605957,
      6.668638706207275,
      34.53797912597656,
      15.929149627685547,
      52.59466552734375,
      20.894214630126953,
      60.36092758178711,
      28.92844581604004,
      71.03516387939453,
      24.77957534790039,
      40.14775848388672,
      18.650400161743164,
      21.54794692993164,
      18.9473934173584,
      18.601613998413086,
      15.883358001708984,
      22.83129119873047,
      22.728435516357422
    ],
    [
      9.279269218444824,
      14.567849159240723,
      6.782040596008301,
      13.023404121398926,
      12.378763198852539,
      42.874549865722656,
      19.795103073120117,
      54.209964752197266,
      24.77957534790039,
      52.56827926635742,
      25.258220672607422,
      48.9935188293457,
      48.6672477722168,
      47.34488296508789,
      21.73619842529297,
      17.377117156982422,
      48.255775451660156,
      48.377681732177734
    ],
    [
      9.827582359313965,
      3.2988457679748535,
      16.49656867980957,
      9.870635032653809,
      22.950984954833984,
      17.987207412719727,
      31.41016960144043,
      28.1422061920166,
      40.14775848388672,
      25.258220672607422,
      40.983734130859375,
      23.343515396118164,
      25.24181365966797,
      22.90536117553711,
      20.19401741027832,
      17.035755157470703,
      25.248859405517578,
      25.22036361694336
    ],
    [
      10.847914695739746,
      16.959054946899414,
      5.678759574890137,
      11.106843948364258,
      9.839585304260254,
      45.08363723754883,
      15.018940925598145,
      49.42835235595703,
      18.650400161743164,
      48.9935188293457,
      23.343515396118164,
      54.33549499511719,
      52.41030502319336,
      51.99616241455078,
      21.476430892944336,
      15.922344207763672,
      51.01325225830078,
      51.120948791503906
    ],
    [
      13.601226806640625,
      17.4608154296875,
      7.839844226837158,
      11.603469848632812,
      12.499692916870117,
      44.02833938598633,
      18.1041202545166,
      50.247989654541016,
      21.54794692993164,
      48.6672477722168,
      25.24181365966797,
      52.41030502319336,
      56.24151611328125,
      53.61899185180664,
      25.713491439819336,
      20.867595672607422,
      56.35760498046875,
      56.24443054199219
    ],
    [
      13.300553321838379,
      17.18052864074707,
      6.779626369476318,
      10.95606803894043,
      11.516721725463867,
      43.1673698425293,
      16.505027770996094,
      48.466712951660156,
      18.9473934173584,
      47.34488296508789,
      22.90536117553711,
      51.99616241455078,
      53.61899185180664,
      53.652549743652344,
      25.962474822998047,
      20.55967140197754,
      55.508270263671875,
      55.70691680908203
    ],
    [
      14.296568870544434,
      6.90386962890625,
      9.331140518188477,
      8.461308479309082,
      13.446549415588379,
      15.008770942687988,
      17.929866790771484,
      25.419565200805664,
      18.601613998413086,
      21.73619842529297,
      20.19401741027832,
      21.476430892944336,
      25.713491439819336,
      25.962474822998047,
      30.269182205200195,
      24.60243034362793,
      34.306983947753906,
      34.53183364868164
    ],
    [
      10.784152030944824,
      5.392858028411865,
      7.627418041229248,
      5.685111045837402,
      11.531253814697266,
      10.782454490661621,
      15.412099838256836,
      21.2029972076416,
      15.883358001708984,
      17.377117156982422,
      17.035755157470703,
      15.922344207763672,
      20.867595672607422,
      20.55967140197754,
      24.60243034362793,
      24.847604751586914,
      29.568519592285156,
      29.65717887878418
    ],
    [
      18.177717208862305,
      18.280797958374023,
      10.492563247680664,
      12.42856216430664,
      15.203635215759277,
      40.830474853515625,
      21.287097930908203,
      51.62507629394531,
      22.83129119873047,
      48.255775451660156,
      25.248859405517578,
      51.01325225830078,
      56.35760498046875,
      55.508270263671875,
      34.306983947753906,
      29.568519592285156,
      65.80003356933594,
      65.69743347167969
    ],
    [
      18.3741455078125,
      18.13147735595703,
      10.203431129455566,
      12.276679992675781,
      14.971053123474121,
      40.501956939697266,
      21.160852432250977,
      51.749263763427734,
      22.728435516357422,
      48.377681732177734,
      25.22036361694336,
      51.120948791503906,
      56.24443054199219,
      55.70691680908203,
      34.53183364868164,
      29.65717887878418,
      65.69743347167969,
      66.21807861328125
    ]
  ],
  "damage": -10.043763160705566,
  "diff_bandwidth": 350.5205078125,
  "dissonance": 4.467291776198917,
  "drr": 7.828907012939453,
  "dynamics": 3.9864916801452637,
  "format": 1245190,
  "frames": 4589504,
  "loudness": -17.733346939086914,
  "loudness_range": 10.262478828430176,
  "loudness_range_short": 17.10021209716797,
  "lowpass_true_peak_15khz": -0.6038657426834106,
  "mastering3_acoustic_entropies": [
    {
      "acoustic_entropy": 6.696963310241699,
      "acoustic_entropy_mono": 6.6567158699035645,
      "band_eliminated_acoustic_entropies": [
        {
          "acoustic_entropy": 6.216293811798096,
          "acoustic_entropy_side": 6.696964263916016,
          "hz": 129.47220167065723
        },
        {
          "acoustic_entropy": 6.423771858215332,
          "acoustic_entropy_side": 6.697379112243652,
          "hz": 202.92927478742237
        },
        {
          "acoustic_entropy": 7.170795917510986,
          "acoustic_entropy_side": 6.696700572967529,
          "hz": 282.89161906338205
        },
        {
          "acoustic_entropy": 6.239779949188232,
          "acoustic_entropy_side": 6.698573112487793,
          "hz": 369.9353335868758
        },
        {
          "acoustic_entropy": 6.777606964111328,
          "acoustic_entropy_side": 6.6943793296813965,
          "hz": 464.6875360973435
        },
        {
          "acoustic_entropy": 6.632627487182617,
          "acoustic_entropy_side": 6.6931681632995605,
          "hz": 567.8308811364784
        },
        {
          "acoustic_entropy": 6.187560081481934,
          "acoustic_entropy_side": 6.695527076721191,
          "hz": 680.1084783214808
        },
        {
          "acoustic_entropy": 6.839690208435059,
          "acoustic_entropy_side": 6.696352005004883,
          "hz": 802.3292461747484
        },
        {
          "acoustic_entropy": 6.633574485778809,
          "acoustic_entropy_side": 6.697110652923584,
          "hz": 935.3737400823702
        },
        {
          "acoustic_entropy": 6.673651695251465,
          "acoustic_entropy_side": 6.692507743835449,
          "hz": 1080.2004963696966
        },
        {
          "acoustic_entropy": 6.59430456161499,
          "acoustic_entropy_side": 6.706408500671387,
          "hz": 1237.8529382007157
        },
        {
          "acoustic_entropy": 6.7119622230529785,
          "acoustic_entropy_side": 6.6923346519470215,
          "hz": 1409.4668930556702
        },
        {
          "acoustic_entropy": 6.675475597381592,
          "acoustic_entropy_side": 6.694385051727295,
          "hz": 1596.2787759475705
        },
        {
          "acoustic_entropy": 6.710669994354248,
          "acoustic_entropy_side": 6.697347164154053,
          "hz": 1799.6344973346393
        },
        {
          "acoustic_entropy": 6.578911781311035,
          "acoustic_entropy_side": 6.69528865814209,
          "hz": 2020.9991599069049
        },
        {
          "acoustic_entropy": 6.715190410614014,
          "acoustic_entropy_side": 6.691715240478516,
          "hz": 2261.9676141086993
        },
        {
          "acoustic_entropy": 6.576047420501709,
          "acoustic_entropy_side": 6.697263717651367,
          "hz": 2524.2759484456974
        },
        {
          "acoustic_entropy": 6.5081963539123535,
          "acoustic_entropy_side": 6.696423053741455,
          "hz": 2809.813997359896
        },
        {
          "acoustic_entropy": 6.605490684509277,
          "acoustic_entropy_side": 6.695049285888672,
          "hz": 3120.6389567871424
        },
        {
          "acoustic_entropy": 6.668727397918701,
          "acoustic_entropy_side": 6.689647197723389,
          "hz": 3458.990205492291
        },
        {
          "acoustic_entropy": 6.661271572113037,
          "acoustic_entropy_side": 6.689467430114746,
          "hz": 3827.305438964164
        },
        {
          "acoustic_entropy": 6.684467792510986,
          "acoustic_entropy_side": 6.69241189956665,
          "hz": 4228.238232109126
        },
        {
          "acoustic_entropy": 6.687465667724609,
          "acoustic_entropy_side": 6.692975044250488,
          "hz": 4664.6771572759235
        },
        {
          "acoustic_entropy": 6.6931681632995605,
          "acoustic_entropy_side": 6.694271087646484,
          "hz": 5139.766595350093
        },
        {
          "acoustic_entropy": 6.694120407104492,
          "acoustic_entropy_side": 6.695256233215332,
          "hz": 5656.929389854203
        },
        {
          "acoustic_entropy": 6.694804668426514,
          "acoustic_entropy_side": 6.6959710121154785,
          "hz": 6219.891507268283
        },
        {
          "acoustic_entropy": 6.695869445800781,
          "acoustic_entropy_side": 6.696737289428711,
          "hz": 6832.70888123896
        },
        {
          "acoustic_entropy": 6.695661544799805,
          "acoustic_entropy_side": 6.696836948394775,
          "hz": 7499.796634079867
        },
        {
          "acoustic_entropy": 6.695522785186768,
          "acoustic_entropy_side": 6.696583271026611,
          "hz": 8225.96088609342
        },
        {
          "acoustic_entropy": 6.696159362792969,
          "acoustic_entropy_side": 6.6970720291137695,
          "hz": 9016.43338188839
        },
        {
          "acoustic_entropy": 6.696555137634277,
          "acoustic_entropy_side": 6.6974592208862305,
          "hz": 9876.909183162974
        },
        {
          "acoustic_entropy": 6.6981282234191895,
          "acoustic_entropy_side": 6.69774866104126,
          "hz": 10813.587699516042
        },
        {
          "acoustic_entropy": 6.7016706466674805,
          "acoustic_entropy_side": 6.699913501739502,
          "hz": 11833.21735289826
        },
        {
          "acoustic_entropy": 6.70173454284668,
          "acoustic_entropy_side": 6.70076322555542,
          "hz": 12943.144197493959
        },
        {
          "acoustic_entropy": 6.701086044311523,
          "acoustic_entropy_side": 6.701390743255615,
          "hz": 14151.364845322005
        },
        {
          "acoustic_entropy": 6.701725959777832,
          "acoustic_entropy_side": 6.701791763305664,
          "hz": 15466.58407886509
        },
        {
          "acoustic_entropy": 6.700869560241699,
          "acoustic_entropy_side": 6.6994476318359375,
          "hz": 16898.27756580493
        },
        {
          "acoustic_entropy": 6.6989922523498535,
          "acoustic_entropy_side": 6.698092460632324,
          "hz": 18456.760127700032
        },
        {
          "acoustic_entropy": 6.6977314949035645,
          "acoustic_entropy_side": 6.6973347663879395,
          "hz": 20153.260054456492
        },
        {
          "acoustic_entropy": 6.698307037353516,
          "acoustic_entropy_side": 6.69765043258667,
          "hz": 22000.00000000001
        }
      ],
      "diff_acoustic_entropy": 6.314101219177246,
      "sn": 6
    },
    {
      "acoustic_entropy": 9.102544784545898,
      "acoustic_entropy_mono": 8.95363712310791,
      "band_eliminated_acoustic_entropies": [
        {
          "acoustic_entropy": 8.700587272644043,
          "acoustic_entropy_side": 9.10251235961914,
          "hz": 129.47220167065723
        },
        {
          "acoustic_entropy": 9.331381797790527,
          "acoustic_entropy_side": 9.09725284576416,
          "hz": 202.92927478742237
        },
        {
          "acoustic_entropy": 10.080806732177734,
          "acoustic_entropy_side": 9.056352615356445,
          "hz": 282.89161906338205
        },
        {
          "acoustic_entropy": 8.970425605773926,
          "acoustic_entropy_side": 9.08707046508789,
          "hz": 369.9353335868758
        },
        {
          "acoustic_entropy": 9.03549575805664,
          "acoustic_entropy_side": 9.040821075439453,
          "hz": 464.6875360973435
        },
        {
          "acoustic_entropy": 9.190631866455078,
          "acoustic_entropy_side": 9.09228515625,
          "hz": 567.8308811364784
        },
        {
          "acoustic_entropy": 8.823264122009277,
          "acoustic_entropy_side": 9.084461212158203,
          "hz": 680.1084783214808
        },
        {
          "acoustic_entropy": 9.325094223022461,
          "acoustic_entropy_side": 9.105746269226074,
          "hz": 802.3292461747484
        },
        {
          "acoustic_entropy": 9.353087425231934,
          "acoustic_entropy_side": 9.108109474182129,
          "hz": 935.3737400823702
        },
        {
          "acoustic_entropy": 9.26225471496582,
          "acoustic_entropy_side": 9.024680137634277,
          "hz": 1080.2004963696966
        },
        {
          "acoustic_entropy": 8.563225746154785,
          "acoustic_entropy_side": 8.831836700439453,
          "hz": 1237.8529382007157
        },
        {
          "acoustic_entropy": 8.983768463134766,
          "acoustic_entropy_side": 8.855063438415527,
          "hz": 1409.4668930556702
        },
        {
          "acoustic_entropy": 8.95153522491455,
          "acoustic_entropy_side": 9.067481994628906,
          "hz": 1596.2787759475705
        },
        {
          "acoustic_entropy": 8.875266075134277,
          "acoustic_entropy_side": 9.105622291564941,
          "hz": 1799.6344973346393
        },
        {
          "acoustic_entropy": 9.1285400390625,
          "acoustic_entropy_side": 9.062481880187988,
          "hz": 2020.9991599069049
        },
        {
          "acoustic_entropy": 9.0770845413208,
          "acoustic_entropy_side": 8.991828918457031,
          "hz": 2261.9676141086993
        },
        {
          "acoustic_entropy": 9.096494674682617,
          "acoustic_entropy_side": 9.11298656463623,
          "hz": 2524.2759484456974
        },
        {
          "acoustic_entropy": 8.866726875305176,
          "acoustic_entropy_side": 9.117056846618652,
          "hz": 2809.813997359896
        },
        {
          "acoustic_entropy": 9.105039596557617,
          "acoustic_entropy_side": 9.123237609863281,
          "hz": 3120.6389567871424
        },
        {
          "acoustic_entropy": 9.080907821655273,
          "acoustic_entropy_side": 9.108588218688965,
          "hz": 3458.990205492291
        },
        {
          "acoustic_entropy": 8.970677375793457,
          "acoustic_entropy_side": 9.101675987243652,
          "hz": 3827.305438964164
        },
        {
          "acoustic_entropy": 9.086336135864258,
          "acoustic_entropy_side": 9.120427131652832,
          "hz": 4228.238232109126
        },
        {
          "acoustic_entropy": 9.111089706420898,
          "acoustic_entropy_side": 9.117291450500488,
          "hz": 4664.6771572759235
        },
        {
          "acoustic_entropy": 9.113758087158203,
          "acoustic_entropy_side": 9.106488227844238,
          "hz": 5139.766595350093
        },
        {
          "acoustic_entropy": 9.104981422424316,
          "acoustic_entropy_side": 9.100457191467285,
          "hz": 5656.929389854203
        },
        {
          "acoustic_entropy": 9.106561660766602,
          "acoustic_entropy_side": 9.102165222167969,
          "hz": 6219.891507268283
        },
        {
          "acoustic_entropy": 9.091390609741211,
          "acoustic_entropy_side": 9.096892356872559,
          "hz": 6832.70888123896
        },
        {
          "acoustic_entropy": 9.09813404083252,
          "acoustic_entropy_side": 9.100876808166504,
          "hz": 7499.796634079867
        },
        {
          "acoustic_entropy": 9.0791015625,
          "acoustic_entropy_side": 9.09274959564209,
          "hz": 8225.96088609342
        },
        {
          "acoustic_entropy": 9.087419509887695,
          "acoustic_entropy_side": 9.09512996673584,
          "hz": 9016.43338188839
        },
        {
          "acoustic_entropy": 9.065053939819336,
          "acoustic_entropy_side": 9.086360931396484,
          "hz": 9876.909183162974
        },
        {
          "acoustic_entropy": 9.064995765686035,
          "acoustic_entropy_side": 9.086857795715332,
          "hz": 10813.587699516042
        },
        {
          "acoustic_entropy": 9.052916526794434,
          "acoustic_entropy_side": 9.08493709564209,
          "hz": 11833.21735289826
        },
        {
          "acoustic_entropy": 9.04821491241455,
          "acoustic_entropy_side": 9.079413414001465,
          "hz": 12943.144197493959
        },
        {
          "acoustic_entropy": 9.026618003845215,
          "acoustic_entropy_side": 9.078683853149414,
          "hz": 14151.364845322005
        },
        {
          "acoustic_entropy": 9.023378372192383,
          "acoustic_entropy_side": 9.077363967895508,
          "hz": 15466.58407886509
        },
        {
          "acoustic_entropy": 9.03973388671875,
          "acoustic_entropy_side": 9.08164119720459,
          "hz": 16898.27756580493
        },
        {
          "acoustic_entropy": 9.075653076171875,
          "acoustic_entropy_side": 9.09289836883545,
          "hz": 18456.760127700032
        },
        {
          "acoustic_entropy": 9.096514701843262,
          "acoustic_entropy_side": 9.100248336791992,
          "hz": 20153.260054456492
        },
        {
          "acoustic_entropy": 9.10412311553955,
          "acoustic_entropy_side": 9.103367805480957,
          "hz": 22000.00000000001
        }
      ],
      "diff_acoustic_entropy": 10.007979393005371,
      "sn": 12
    },
    {
      "acoustic_entropy": 15.751813888549805,
      "acoustic_entropy_mono": 13.790384292602539,
      "band_eliminated_acoustic_entropies": [
        {
          "acoustic_entropy": 15.133469581604004,
          "acoustic_entropy_side": 15.748440742492676,
          "hz": 129.47220167065723
        },
        {
          "acoustic_entropy": 15.94643497467041,
          "acoustic_entropy_side": 15.601730346679688,
          "hz": 202.92927478742237
        },
        {
          "acoustic_entropy": 15.642626762390137,
          "acoustic_entropy_side": 15.353781700134277,
          "hz": 282.89161906338205
        },
        {
          "acoustic_entropy": 15.37265682220459,
          "acoustic_entropy_side": 15.620820045471191,
          "hz": 369.9353335868758
        },
        {
          "acoustic_entropy": 14.759760856628418,
          "acoustic_entropy_side": 15.820138931274414,
          "hz": 464.6875360973435
        },
        {
          "acoustic_entropy": 16.219444274902344,
          "acoustic_entropy_side": 15.891600608825684,
          "hz": 567.8308811364784
        },
        {
          "acoustic_entropy": 15.805591583251953,
          "acoustic_entropy_side": 16.12902069091797,
          "hz": 680.1084783214808
        },
        {
          "acoustic_entropy": 15.7072172164917,
          "acoustic_entropy_side": 15.393441200256348,
          "hz": 802.3292461747484
        },
        {
          "acoustic_entropy": 15.378326416015625,
          "acoustic_entropy_side": 15.769915580749512,
          "hz": 935.3737400823702
        },
        {
          "acoustic_entropy": 16.106672286987305,
          "acoustic_entropy_side": 15.834627151489258,
          "hz": 1080.2004963696966
        },
        {
          "acoustic_entropy": 14.977776527404785,
          "acoustic_entropy_side": 15.887242317199707,
          "hz": 1237.8529382007157
        },
        {
          "acoustic_entropy": 15.515148162841797,
          "acoustic_entropy_side": 15.63508129119873,
          "hz": 1409.4668930556702
        },
        {
          "acoustic_entropy": 15.827898025512695,
          "acoustic_entropy_side": 15.78459358215332,
          "hz": 1596.2787759475705
        },
        {
          "acoustic_entropy": 15.456558227539062,
          "acoustic_entropy_side": 15.59733772277832,
          "hz": 1799.6344973346393
        },
        {
          "acoustic_entropy": 16.333606719970703,
          "acoustic_entropy_side": 15.859999656677246,
          "hz": 2020.9991599069049
        },
        {
          "acoustic_entropy": 15.643965721130371,
          "acoustic_entropy_side": 15.795183181762695,
          "hz": 2261.9676141086993
        },
        {
          "acoustic_entropy": 15.887796401977539,
          "acoustic_entropy_side": 15.728334426879883,
          "hz": 2524.2759484456974
        },
        {
          "acoustic_entropy": 15.963375091552734,
          "acoustic_entropy_side": 15.625338554382324,
          "hz": 2809.813997359896
        },
        {
          "acoustic_entropy": 15.714630126953125,
          "acoustic_entropy_side": 15.698309898376465,
          "hz": 3120.6389567871424
