{
  "acoustic_entropy": 167.2314453125,
  "bands": [
    {
      "high_freq": 148.1999969482422,
      "loudness": -44.33154296875,
      "loudness_range": 34.06669616699219,
      "mid_mean": -43.1278190612793,
      "mid_to_side_loudness": -2.195258140563965,
      "mid_to_side_loudness_range": 9.58808708190918,
      "side_mean": -45.411991119384766
    },
    {
      "high_freq": 392.3793640136719,
      "loudness": -33.70336151123047,
      "loudness_range": 23.264503479003906,
      "low_freq": 148.1999969482422,
      "mid_mean": -32.473289489746094,
      "mid_to_side_loudness": -1.7300955057144165,
      "mid_to_side_loudness_range": 7.934799671173096,
      "side_mean": -34.53977966308594
    },
    {
      "high_freq": 794.6976318359375,
      "loudness": -30.688091278076172,
      "loudness_range": 19.430896759033203,
      "low_freq": 392.3793640136719,
      "mid_mean": -29.778305053710938,
      "mid_to_side_loudness": -1.811496376991272,
      "mid_to_side_loudness_range": 8.64674186706543,
      "side_mean": -31.723648071289062
    },
    {
      "high_freq": 1457.5709228515625,
      "loudness": -33.5975456237793,
      "loudness_range": 15.791557312011719,
      "low_freq": 794.6976318359375,
      "mid_mean": -32.8114128112793,
      "mid_to_side_loudness": -1.3012205362319946,
      "mid_to_side_loudness_range": 6.8738322257995605,
      "side_mean": -34.17321014404297
    },
    {
      "high_freq": 2549.74365234375,
      "loudness": -34.028377532958984,
      "loudness_range": 18.27482032775879,
      "low_freq": 1457.5709228515625,
      "mid_mean": -33.09394836425781,
      "mid_to_side_loudness": -1.2270302772521973,
      "mid_to_side_loudness_range": 5.055119514465332,
      "side_mean": -34.4600715637207
    },
    {
      "high_freq": 4349.24462890625,
      "loudness": -40.70132827758789,
      "loudness_range": 19.215736389160156,
      "low_freq": 2549.74365234375,
      "mid_mean": -40.00089645385742,
      "mid_to_side_loudness": -0.8228002786636353,
      "mid_to_side_loudness_range": 3.6193318367004395,
      "side_mean": -40.74650192260742
    },
    {
      "high_freq": 7314.1640625,
      "loudness": -48.88534164428711,
      "loudness_range": 22.05571746826172,
      "low_freq": 4349.24462890625,
      "mid_mean": -51.534507751464844,
      "mid_to_side_loudness": -1.0932456254959106,
      "mid_to_side_loudness_range": 4.100899696350098,
      "side_mean": -52.4887580871582
    },
    {
      "high_freq": 12199.2666015625,
      "loudness": -57.168148040771484,
      "loudness_range": 22.50851821899414,
      "low_freq": 7314.1640625,
      "mid_mean": -58.89179611206055,
      "mid_to_side_loudness": -0.7163180708885193,
      "mid_to_side_loudness_range": 3.3795461654663086,
      "side_mean": -59.347145080566406
    },
    {
      "loudness": -61.93874740600586,
      "loudness_range": 13.376083374023438,
      "low_freq": 12199.2666015625,
      "mid_mean": -60.9297981262207,
      "mid_to_side_loudness": -1.4422340393066406,
      "mid_to_side_loudness_range": 7.334813117980957,
      "side_mean": -62.022701263427734
    }
  ],
  "bands_short": [
    {
      "high_freq": 148.1999969482422,
      "loudness": -46.58234405517578,
      "loudness_range": 32.79694366455078,
      "mid_mean": -45.726165771484375,
      "mid_to_side_loudness": -2.365729808807373,
      "mid_to_side_loudness_range": 16.126920700073242,
      "side_mean": -50.35096740722656
    },
    {
      "high_freq": 392.3793640136719,
      "loudness": -33.85676574707031,
      "loudness_range": 23.5425968170166,
      "low_freq": 148.1999969482422,
      "mid_mean": -32.98200225830078,
      "mid_to_side_loudness": -1.5807589292526245,
      "mid_to_side_loudness_range": 10.824549674987793,
      "side_mean": -34.80427551269531
    },
    {
      "high_freq": 794.6976318359375,
      "loudness": -30.906064987182617,
      "loudness_range": 20.087657928466797,
      "low_freq": 392.3793640136719,
      "mid_mean": -29.99451446533203,
      "mid_to_side_loudness": -1.9153426885604858,
      "mid_to_side_loudness_range": 11.120399475097656,
      "side_mean": -32.03658676147461
    },
    {
      "high_freq": 1457.5709228515625,
      "loudness": -33.70743942260742,
      "loudness_range": 17.514123916625977,
      "low_freq": 794.6976318359375,
      "mid_mean": -33.079715728759766,
      "mid_to_side_loudness": -1.391801118850708,
      "mid_to_side_loudness_range": 11.655097007751465,
      "side_mean": -34.57512283325195
    },
    {
      "high_freq": 2549.74365234375,
      "loudness": -34.59275436401367,
      "loudness_range": 19.04043197631836,
      "low_freq": 1457.5709228515625,
      "mid_mean": -33.8576545715332,
      "mid_to_side_loudness": -1.214829683303833,
      "mid_to_side_loudness_range": 9.217414855957031,
      "side_mean": -35.20811080932617
    },
    {
      "high_freq": 4349.24462890625,
      "loudness": -39.875732421875,
      "loudness_range": 18.745811462402344,
      "low_freq": 2549.74365234375,
      "mid_mean": -39.31643295288086,
      "mid_to_side_loudness": -0.6945968866348267,
      "mid_to_side_loudness_range": 7.0563459396362305,
      "side_mean": -40.00498962402344
    },
    {
      "high_freq": 7314.1640625,
      "loudness": -48.98411178588867,
      "loudness_range": 22.448570251464844,
      "low_freq": 4349.24462890625,
      "mid_mean": -51.707183837890625,
      "mid_to_side_loudness": -1.07108473777771,
      "mid_to_side_loudness_range": 7.0860795974731445,
      "side_mean": -52.63399124145508
    },
    {
      "high_freq": 12199.2666015625,
      "loudness": -57.477378845214844,
      "loudness_range": 22.448619842529297,
      "low_freq": 7314.1640625,
      "mid_mean": -59.101680755615234,
      "mid_to_side_loudness": -0.7451645135879517,
      "mid_to_side_loudness_range": 5.508327960968018,
      "side_mean": -59.56718063354492
    },
    {
      "loudness": -62.03169631958008,
      "loudness_range": 13.975940704345703,
      "low_freq": 12199.2666015625,
      "mid_mean": -61.018306732177734,
      "mid_to_side_loudness": -1.537451982498169,
      "mid_to_side_loudness_range": 7.830514907836914,
      "side_mean": -62.12412643432617
    }
  ],
  "bandwidth": 646.092529296875,
  "channels": 2,
  "covariance": [
    [
      166.06324768066406,
      165.0068359375,
      77.82866668701172,
      85.3405532836914,
      68.37645721435547,
      74.89756774902344,
      40.06034469604492,
      38.94710159301758,
      26.963960647583008,
      24.330514907836914,
      23.083986282348633,
      24.90224266052246,
      52.57936096191406,
      50.044090270996094,
      34.96971893310547,
      33.726707458496094,
      17.987224578857422,
      11.848868370056152
    ],
    [
      165.0068359375,
      174.62991333007812,
      76.4527816772461,
      85.00443267822266,
      68.19454956054688,
      75.2103500366211,
      38.606536865234375,
      37.963436126708984,
      22.769285202026367,
      20.22003746032715,
      19.16271209716797,
      21.46692657470703,
      49.80412673950195,
      47.9901237487793,
      32.57383346557617,
      31.24688148498535,
      17.548709869384766,
      9.430737495422363
    ],
    [
      77.82866668701172,
      76.4527816772461,
      63.6486701965332,
      59.687923431396484,
      46.79729461669922,
      49.83443069458008,
      27.857864379882812,
      26.98320960998535,
      19.737472534179688,
      20.307968139648438,
      20.22113800048828,
      21.16282081604004,
      29.540224075317383,
      28.01324462890625,
      21.070106506347656,
      19.350828170776367,
      4.486732006072998,
      3.3401241302490234
    ],
    [
      85.3405532836914,
      85.00443267822266,
      59.687923431396484,
      66.51453399658203,
      47.21559143066406,
      50.631263732910156,
      28.881019592285156,
      27.423917770385742,
      20.444150924682617,
      20.63898277282715,
      20.122478485107422,
      20.94696044921875,
      31.53213882446289,
      29.8190860748291,
      21.604780197143555,
      20.095369338989258,
      6.457815647125244,
      5.025673866271973
    ],
    [
      68.37645721435547,
      68.19454956054688,
      46.79729461669922,
      47.21559143066406,
      51.58733367919922,
      50.19688415527344,
      29.20036506652832,
      30.013092041015625,
      23.769756317138672,
      22.61687469482422,
      24.03740882873535,
      25.214229583740234,
      38.363807678222656,
      37.53238296508789,
      27.908021926879883,
      26.670547485351562,
      6.876543998718262,
      4.897541046142578
    ],
    [
      74.89756774902344,
      75.2103500366211,
      49.83443069458008,
      50.631263732910156,
      50.19688415527344,
      57.25617599487305,
      31.869760513305664,
      32.10536193847656,
      26.849802017211914,
      25.55120086669922,
      27.237754821777344,
      27.987985610961914,
      40.582759857177734,
      38.91041564941406,
      30.769319534301758,
      29.52943992614746,
      7.277024745941162,
      6.140041351318359
    ],
    [
      40.06034469604492,
      38.606536865234375,
      27.857864379882812,
      28.881019592285156,
      29.20036506652832,
      31.869760513305664,
      49.67819595336914,
      40.55344009399414,
      42.92810821533203,
      43.4268913269043,
      40.7911376953125,
      43.101280212402344,
      53.053077697753906,
      51.45216369628906,
      43.47015380859375,
      42.980403900146484,
      15.771827697753906,
      16.95022201538086
    ],
    [
      38.94710159301758,
      37.963436126708984,
      26.98320960998535,
      27.423917770385742,
      30.013092041015625,
      32.10536193847656,
      40.55344009399414,
      40.649417877197266,
      38.00920867919922,
      38.296268463134766,
      37.68456268310547,
      40.04079055786133,
      46.957916259765625,
      45.76132583618164,
      38.80682373046875,
      38.0686149597168,
      11.988713264465332,
      12.836874008178711
    ],
    [
      26.963960647583008,
      22.769285202026367,
      19.737472534179688,
      20.444150924682617,
      23.769756317138672,
      26.849802017211914,
      42.92810821533203,
      38.00920867919922,
      49.33755874633789,
      47.736000061035156,
      45.41587829589844,
      47.46283721923828,
      55.640193939208984,
      53.76129913330078,
      46.25086212158203,
      45.98227310180664,
      16.240530014038086,
      18.140962600708008
    ],
    [
      24.330514907836914,
      20.22003746032715,
      20.307968139648438,
      20.63898277282715,
      22.61687469482422,
      25.55120086669922,
      43.4268913269043,
      38.296268463134766,
      47.736000061035156,
      49.0084228515625,
      44.78519058227539,
      46.99583053588867,
      54.49542999267578,
      52.7178840637207,
      45.49506759643555,
      45.01003646850586,
      15.81236457824707,
      18.22348976135254
    ],
    [
      23.083986282348633,
      19.16271209716797,
      20.22113800048828,
      20.122478485107422,
      24.03740882873535,
      27.237754821777344,
      40.7911376953125,
      37.68456268310547,
      45.41587829589844,
      44.78519058227539,
      50.26203536987305,
      50.64173126220703,
      55.4786491394043,
      53.78190994262695,
      46.81494903564453,
      46.36151123046875,
      15.840372085571289,
      18.2619571685791
    ],
    [
      24.90224266052246,
      21.46692657470703,
      21.16282081604004,
      20.94696044921875,
      25.214229583740234,
      27.987985610961914,
      43.101280212402344,
      40.04079055786133,
      47.46283721923828,
      46.99583053588867,
      50.64173126220703,
      53.66376876831055,
      57.89030456542969,
      56.32615280151367,
      48.161373138427734,
      47.73344802856445,
      16.651077270507812,
      18.804214477539062
    ],
    [
      52.57936096191406,
      49.80412673950195,
      29.540224075317383,
      31.53213882446289,
      38.363807678222656,
      40.582759857177734,
      53.053077697753906,
      46.957916259765625,
      55.640193939208984,
      54.49542999267578,
      55.4786491394043,
      57.89030456542969,
      122.27351379394531,
      116.79507446289062,
      85.9818115234375,
      84.71770477294922,
      43.8424072265625,
      43.35945510864258
    ],
    [
      50.044090270996094,
      47.9901237487793,
      28.01324462890625,
      29.8190860748291,
      37.53238296508789,
      38.91041564941406,
      51.45216369628906,
      45.76132583618164,
      53.76129913330078,
      52.7178840637207,
      53.78190994262695,
      56.32615280151367,
      116.79507446289062,
      112.94621276855469,
      82.38445281982422,
      81.08145904541016,
      41.80325698852539,
      40.922977447509766
    ],
    [
      34.96971893310547,
      32.57383346557617,
      21.070106506347656,
      21.604780197143555,
      27.908021926879883,
      30.769319534301758,
      43.47015380859375,
      38.80682373046875,
      46.25086212158203,
      45.49506759643555,
      46.81494903564453,
      48.161373138427734,
      85.9818115234375,
      82.38445281982422,
      66.858154296875,
      65.79701232910156,
      30.056970596313477,
      31.145095825195312
    ],
    [
      33.726707458496094,
      31.24688148498535,
      19.350828170776367,
      20.095369338989258,
      26.670547485351562,
      29.52943992614746,
      42.980403900146484,
      38.0686149597168,
      45.98227310180664,
      45.01003646850586,
      46.36151123046875,
      47.73344802856445,
      84.71770477294922,
      81.08145904541016,
      65.79701232910156,
      65.33807373046875,
      30.126813888549805,
      31.193828582763672
    ],
    [
      17.987224578857422,
      17.548709869384766,
      4.486732006072998,
      6.457815647125244,
      6.876543998718262,
      7.277024745941162,
      15.771827697753906,
      11.988713264465332,
      16.240530014038086,
      15.81236457824707,
      15.840372085571289,
      16.651077270507812,
      43.8424072265625,
      41.80325698852539,
      30.056970596313477,
      30.126813888549805,
      24.79846954345703,
      22.161592483520508
    ],
    [
      11.848868370056152,
      9.430737495422363,
      3.3401241302490234,
      5.025673866271973,
      4.897541046142578,
      6.140041351318359,
      16.95022201538086,
      12.836874008178711,
      18.140962600708008,
      18.22348976135254,
      18.2619571685791,
      18.804214477539062,
      43.35945510864258,
      40.922977447509766,
      31.145095825195312,
      31.193828582763672,
      22.161592483520508,
      22.437801361083984
    ]
  ],
  "covariance_short": [
    [
      151.58648681640625,
      141.5186309814453,
      81.74693298339844,
      85.64361572265625,
      68.58248901367188,
      73.51599884033203,
      32.05742263793945,
      33.68187713623047,
      24.783021926879883,
      23.000070571899414,
      16.966636657714844,
      18.038768768310547,
      47.781768798828125,
      45.75508499145508,
      29.84273338317871,
      28.475494384765625,
      16.535171508789062,
      10.426328659057617
    ],
    [
      141.5186309814453,
      187.9405059814453,
      81.28237915039062,
      85.47488403320312,
      69.02677154541016,
      74.81627655029297,
      31.498872756958008,
      33.44737243652344,
      20.67229652404785,
      19.319721221923828,
      13.286165237426758,
      14.604970932006836,
      81.7574462890625,
      78.54109191894531,
      49.72185134887695,
      47.42662811279297,
      35.685035705566406,
      25.247394561767578
    ],
    [
      81.74693298339844,
      81.28237915039062,
      74.42736053466797,
      64.73654174804688,
      51.36812210083008,
      54.364234924316406,
      29.139625549316406,
      30.138002395629883,
      22.462751388549805,
      21.836299896240234,
      21.3885440826416,
      22.087934494018555,
      33.66141128540039,
      32.278804779052734,
      24.42852020263672,
      22.816150665283203,
      5.904557228088379,
      4.0887770652771
    ],
    [
      85.64361572265625,
      85.47488403320312,
      64.73654174804688,
      74.2031021118164,
      50.38565444946289,
      53.117801666259766,
      27.93645668029785,
      28.529024124145508,
      21.318758010864258,
      20.543676376342773,
      18.5633487701416,
      19.601572036743164,
      32.54877853393555,
      31.109498977661133,
      22.683382034301758,
      21.234495162963867,
      6.4964985847473145,
      4.8968634605407715
    ],
    [
      68.58248901367188,
      69.02677154541016,
      51.36812210083008,
      50.38565444946289,
      54.24095153808594,
      49.7451057434082,
      28.3662052154541,
      30.021312713623047,
      23.091636657714844,
      22.37041664123535,
      21.101133346557617,
      21.33163070678711,
      36.43356704711914,
      35.64541244506836,
      25.999553680419922,
      24.60694694519043,
      6.091116428375244,
      4.191664695739746
    ],
    [
      73.51599884033203,
      74.81627655029297,
      54.364234924316406,
      53.117801666259766,
      49.7451057434082,
      60.69102478027344,
      30.072769165039062,
      31.2446231842041,
      26.533174514770508,
      25.529584884643555,
      24.130949020385742,
      24.423521041870117,
      38.534053802490234,
      37.07194137573242,
      28.838623046875,
      27.693843841552734,
      6.841262340545654,
      5.504960536956787
    ],
    [
      32.05742263793945,
      31.498872756958008,
      29.139625549316406,
      27.93645668029785,
      28.3662052154541,
      30.072769165039062,
      54.08960723876953,
      39.699668884277344,
      43.437503814697266,
      42.74635696411133,
      39.7714958190918,
      41.44017791748047,
      52.78184509277344,
      51.20887756347656,
      42.75543212890625,
      42.271934509277344,
      16.19040870666504,
      17.402246475219727
    ],
    [
      33.68187713623047,
      33.44737243652344,
      30.138002395629883,
      28.529024124145508,
      30.021312713623047,
      31.2446231842041,
      39.699668884277344,
      46.17649459838867,
      38.39459228515625,
      37.88094711303711,
      36.398582458496094,
      37.921878814697266,
      47.01517868041992,
      45.748435974121094,
      38.14024353027344,
      37.247615814208984,
      11.764372825622559,
      12.632243156433105
    ],
    [
      24.783021926879883,
      20.67229652404785,
      22.462751388549805,
      21.318758010864258,
      23.091636657714844,
      26.533174514770508,
      43.437503814697266,
      38.39459228515625,
      53.1063117980957,
      46.09923553466797,
      43.42573165893555,
      44.604732513427734,
      55.16865539550781,
      53.38351821899414,
      45.199493408203125,
      44.98162078857422,
      16.323659896850586,
      17.971590042114258
    ],
    [
      23.000070571899414,
      19.319721221923828,
      21.836299896240234,
      20.543676376342773,
      22.37041664123535,
      25.529584884643555,
      42.74635696411133,
      37.88094711303711,
      46.09923553466797,
      52.08549499511719,
      43.28691864013672,
      44.991275787353516,
      53.72568130493164,
      52.19100570678711,
      44.47262191772461,
      44.001983642578125,
      16.092578887939453,
      18.094350814819336
    ],
    [
      16.966636657714844,
      13.286165237426758,
      21.3885440826416,
      18.5633487701416,
      21.101133346557617,
      24.130949020385742,
      39.7714958190918,
      36.398582458496094,
      43.42573165893555,
      43.28691864013672,
      49.554073333740234,
      47.656532287597656,
      51.950801849365234,
      50.4169921875,
      44.199180603027344,
      43.42224884033203,
      13.36877155303955,
      16.37179946899414
    ],
    [
      18.038768768310547,
      14.604970932006836,
      22.087934494018555,
      19.601572036743164,
      21.33163070678711,
      24.423521041870117,
      41.44017791748047,
      37.921878814697266,
      44.604732513427734,
      44.991275787353516,
      47.656532287597656,
      52.316734313964844,
      53.65458297729492,
      52.411521911621094,
      45.2099609375,
      44.38641357421875,
      14.14657211303711,
      16.983789443969727
    ],
    [
      47.781768798828125,
      81.7574462890625,
      33.66141128540039,
      32.54877853393555,
      36.43356704711914,
      38.534053802490234,
      52.78184509277344,
      47.01517868041992,
      55.16865539550781,
      53.72568130493164,
      51.950801849365234,
      53.65458297729492,
      121.30192565917969,
      114.61209869384766,
      83.56902313232422,
      82.15211486816406,
      42.824344635009766,
      42.3588752746582
    ],
    [
      45.75508499145508,
      78.54109191894531,
      32.278804779052734,
      31.109498977661133,
      35.64541244506836,
      37.07194137573242,
      51.20887756347656,
      45.748435974121094,
      53.38351821899414,
      52.19100570678711,
      50.4169921875,
      52.411521911621094,
      114.61209869384766,
      112.21800994873047,
      80.3810043334961,
      78.849609375,
      40.902339935302734,
      40.089420318603516
    ],
    [
      29.84273338317871,
      49.72185134887695,
      24.42852020263672,
      22.683382034301758,
      25.999553680419922,
      28.838623046875,
      42.75543212890625,
      38.14024353027344,
      45.199493408203125,
      44.47262191772461,
      44.199180603027344,
      45.2099609375,
      83.56902313232422,
      80.3810043334961,
      66.09877014160156,
      64.21015930175781,
      29.183095932006836,
      30.302654266357422
    ],
    [
      28.475494384765625,
      47.42662811279297,
      22.816150665283203,
      21.234495162963867,
      24.60694694519043,
      27.693843841552734,
      42.271934509277344,
      37.247615814208984,
      44.98162078857422,
      44.001983642578125,
      43.42224884033203,
      44.38641357421875,
      82.15211486816406,
      78.849609375,
      64.21015930175781,
      64.42434692382812,
      29.2365665435791,
      30.31960678100586
    ],
    [
      16.535171508789062,
      35.685035705566406,
      5.904557228088379,
      6.4964985847473145,
      6.091116428375244,
      6.841262340545654,
      16.19040870666504,
      11.764372825622559,
      16.323659896850586,
      16.092578887939453,
      13.36877155303955,
      14.14657211303711,
      42.824344635009766,
      40.902339935302734,
      29.183095932006836,
      29.2365665435791,
      25.224143981933594,
      22.320009231567383
    ],
    [
      10.426328659057617,
      25.247394561767578,
      4.0887770652771,
      4.8968634605407715,
      4.191664695739746,
      5.504960536956787,
      17.402246475219727,
      12.632243156433105,
      17.971590042114258,
      18.094350814819336,
      16.37179946899414,
      16.983789443969727,
      42.3588752746582,
      40.089420318603516,
      30.302654266357422,
      30.31960678100586,
      22.320009231567383,
      23.03525161743164
    ]
  ],
  "damage": -12.614212036132812,
  "diff_bandwidth": 694.2396850585938,
  "dissonance": 4.715828012436453,
  "drr": -0.29746147990226746,
  "dynamics": 5.220420837402344,
  "format": 1245190,
  "frames": 1942464,
  "loudness": -21.43992042541504,
  "loudness_range": 18.14426040649414,
  "loudness_range_short": 18.15300750732422,
  "lowpass_true_peak_15khz": -3.1230664253234863,
  "mastering3_acoustic_entropies": [
    {
      "acoustic_entropy": 5.321431636810303,
      "acoustic_entropy_mono": 4.650210857391357,
      "band_eliminated_acoustic_entropies": [
        {
          "acoustic_entropy": 5.307957172393799,
          "acoustic_entropy_side": 5.312612056732178,
          "hz": 129.47220167065723
        },
        {
          "acoustic_entropy": 5.324827194213867,
          "acoustic_entropy_side": 5.338388919830322,
          "hz": 202.92927478742237
        },
        {
          "acoustic_entropy": 5.396236896514893,
          "acoustic_entropy_side": 5.4383368492126465,
          "hz": 282.89161906338205
        },
        {
          "acoustic_entropy": 5.146838188171387,
          "acoustic_entropy_side": 5.327316761016846,
          "hz": 369.9353335868758
        },
        {
          "acoustic_entropy": 5.192363739013672,
          "acoustic_entropy_side": 5.636727809906006,
          "hz": 464.6875360973435
        },
        {
          "acoustic_entropy": 4.594568729400635,
          "acoustic_entropy_side": 5.069853782653809,
          "hz": 567.8308811364784
        },
        {
          "acoustic_entropy": 5.126425743103027,
          "acoustic_entropy_side": 5.276077747344971,
          "hz": 680.1084783214808
        },
        {
          "acoustic_entropy": 5.18969202041626,
          "acoustic_entropy_side": 5.590921878814697,
          "hz": 802.3292461747484
        },
        {
          "acoustic_entropy": 5.680298328399658,
          "acoustic_entropy_side": 5.316761016845703,
          "hz": 935.3737400823702
        },
        {
          "acoustic_entropy": 5.4298787117004395,
          "acoustic_entropy_side": 5.275434494018555,
          "hz": 1080.2004963696966
        },
        {
          "acoustic_entropy": 5.585369110107422,
          "acoustic_entropy_side": 5.469806671142578,
          "hz": 1237.8529382007157
        },
        {
          "acoustic_entropy": 5.775309085845947,
          "acoustic_entropy_side": 5.418259620666504,
          "hz": 1409.4668930556702
        },
        {
          "acoustic_entropy": 5.423727512359619,
          "acoustic_entropy_side": 5.3504638671875,
          "hz": 1596.2787759475705
        },
        {
          "acoustic_entropy": 5.401889801025391,
          "acoustic_entropy_side": 5.397559642791748,
          "hz": 1799.6344973346393
        },
        {
          "acoustic_entropy": 5.482880592346191,
          "acoustic_entropy_side": 5.533885478973389,
          "hz": 2020.9991599069049
        },
        {
          "acoustic_entropy": 5.505386829376221,
          "acoustic_entropy_side": 5.345834732055664,
          "hz": 2261.9676141086993
        },
        {
          "acoustic_entropy": 5.608231067657471,
          "acoustic_entropy_side": 5.429256439208984,
          "hz": 2524.2759484456974
        },
        {
          "acoustic_entropy": 5.4684553146362305,
          "acoustic_entropy_side": 5.2857160568237305,
          "hz": 2809.813997359896
        },
        {
          "acoustic_entropy": 5.293998718261719,
          "acoustic_entropy_side": 5.301806449890137,
          "hz": 3120.6389567871424
        },
        {
          "acoustic_entropy": 5.487558364868164,
          "acoustic_entropy_side": 5.428492069244385,
          "hz": 3458.990205492291
        },
        {
          "acoustic_entropy": 5.354438304901123,
          "acoustic_entropy_side": 5.335503101348877,
          "hz": 3827.305438964164
        },
        {
          "acoustic_entropy": 5.234598636627197,
          "acoustic_entropy_side": 5.297677516937256,
          "hz": 4228.238232109126
        },
        {
          "acoustic_entropy": 5.33506441116333,
          "acoustic_entropy_side": 5.327469825744629,
          "hz": 4664.6771572759235
        },
        {
          "acoustic_entropy": 5.372321605682373,
          "acoustic_entropy_side": 5.348021507263184,
          "hz": 5139.766595350093
        },
        {
          "acoustic_entropy": 5.3357954025268555,
          "acoustic_entropy_side": 5.321338653564453,
          "hz": 5656.929389854203
        },
        {
          "acoustic_entropy": 5.327914237976074,
          "acoustic_entropy_side": 5.322751522064209,
          "hz": 6219.891507268283
        },
        {
          "acoustic_entropy": 5.331419944763184,
          "acoustic_entropy_side": 5.328755855560303,
          "hz": 6832.70888123896
        },
        {
          "acoustic_entropy": 5.3336896896362305,
          "acoustic_entropy_side": 5.328004837036133,
          "hz": 7499.796634079867
        },
        {
          "acoustic_entropy": 5.322176456451416,
          "acoustic_entropy_side": 5.321657180786133,
          "hz": 8225.96088609342
        },
        {
          "acoustic_entropy": 5.321824073791504,
          "acoustic_entropy_side": 5.321658611297607,
          "hz": 9016.43338188839
        },
        {
          "acoustic_entropy": 5.321531772613525,
          "acoustic_entropy_side": 5.321457862854004,
          "hz": 9876.909183162974
        },
        {
          "acoustic_entropy": 5.32194185256958,
          "acoustic_entropy_side": 5.321688175201416,
          "hz": 10813.587699516042
        },
        {
          "acoustic_entropy": 5.32149600982666,
          "acoustic_entropy_side": 5.321438312530518,
          "hz": 11833.21735289826
        },
        {
          "acoustic_entropy": 5.321412563323975,
          "acoustic_entropy_side": 5.321427822113037,
          "hz": 12943.144197493959
        },
        {
          "acoustic_entropy": 5.321450233459473,
          "acoustic_entropy_side": 5.321442127227783,
          "hz": 14151.364845322005
        },
        {
          "acoustic_entropy": 5.321535110473633,
          "acoustic_entropy_side": 5.321496963500977,
          "hz": 15466.58407886509
        },
        {
          "acoustic_entropy": 5.321650981903076,
          "acoustic_entropy_side": 5.321453094482422,
          "hz": 16898.27756580493
        },
        {
          "acoustic_entropy": 5.3214616775512695,
          "acoustic_entropy_side": 5.321435928344727,
          "hz": 18456.760127700032
        },
        {
          "acoustic_entropy": 5.321432590484619,
          "acoustic_entropy_side": 5.321431636810303,
          "hz": 20153.260054456492
        },
        {
          "acoustic_entropy": 5.321431636810303,
          "acoustic_entropy_side": 5.321431636810303,
          "hz": 22000.00000000001
        }
      ],
      "diff_acoustic_entropy": 1.7552685737609863,
      "sn": 6
    },
    {
      "acoustic_entropy": 8.457002639770508,
      "acoustic_entropy_mono": 6.878159999847412,
      "band_eliminated_acoustic_entropies": [
        {
          "acoustic_entropy": 8.475944519042969,
          "acoustic_entropy_side": 8.35179615020752,
          "hz": 129.47220167065723
        },
        {
          "acoustic_entropy": 8.4366455078125,
          "acoustic_entropy_side": 8.435209274291992,
          "hz": 202.92927478742237
        },
        {
          "acoustic_entropy": 8.05842113494873,
          "acoustic_entropy_side": 8.353979110717773,
          "hz": 282.89161906338205
        },
        {
          "acoustic_entropy": 8.137439727783203,
          "acoustic_entropy_side": 8.146729469299316,
          "hz": 369.9353335868758
        },
        {
          "acoustic_entropy": 8.759292602539062,
          "acoustic_entropy_side": 8.75666332244873,
          "hz": 464.6875360973435
        },
        {
          "acoustic_entropy": 7.7811198234558105,
          "acoustic_entropy_side": 7.815824508666992,
          "hz": 567.8308811364784
        },
        {
          "acoustic_entropy": 8.369220733642578,
          "acoustic_entropy_side": 8.658230781555176,
          "hz": 680.1084783214808
        },
        {
          "acoustic_entropy": 8.544075012207031,
          "acoustic_entropy_side": 8.591745376586914,
          "hz": 802.3292461747484
        },
        {
          "acoustic_entropy": 8.78809642791748,
          "acoustic_entropy_side": 8.588594436645508,
          "hz": 935.3737400823702
        },
        {
          "acoustic_entropy": 8.715812683105469,
          "acoustic_entropy_side": 8.519914627075195,
          "hz": 1080.2004963696966
        },
        {
          "acoustic_entropy": 8.404498100280762,
          "acoustic_entropy_side": 8.259936332702637,
          "hz": 1237.8529382007157
        },
        {
          "acoustic_entropy": 8.646272659301758,
          "acoustic_entropy_side": 8.542040824890137,
          "hz": 1409.4668930556702
        },
        {
          "acoustic_entropy": 8.839479446411133,
          "acoustic_entropy_side": 8.47174072265625,
          "hz": 1596.2787759475705
        },
        {
          "acoustic_entropy": 8.558460235595703,
          "acoustic_entropy_side": 8.590980529785156,
          "hz": 1799.6344973346393
        },
        {
          "acoustic_entropy": 8.681218147277832,
          "acoustic_entropy_side": 8.364734649658203,
          "hz": 2020.9991599069049
        },
        {
          "acoustic_entropy": 8.198651313781738,
          "acoustic_entropy_side": 8.379349708557129,
          "hz": 2261.9676141086993
        },
        {
          "acoustic_entropy": 8.039596557617188,
          "acoustic_entropy_side": 8.112011909484863,
          "hz": 2524.2759484456974
        },
        {
          "acoustic_entropy": 8.187060356140137,
          "acoustic_entropy_side": 8.331417083740234,
          "hz": 2809.813997359896
        },
        {
          "acoustic_entropy": 8.430508613586426,
          "acoustic_entropy_side": 8.46645736694336,
          "hz": 3120.6389567871424
        },
        {
          "acoustic_entropy": 8.316428184509277,
          "acoustic_entropy_side": 8.2738037109375,
          "hz": 3458.990205492291
        },
        {
          "acoustic_entropy": 8.783458709716797,
          "acoustic_entropy_side": 8.459413528442383,
          "hz": 3827.305438964164
        },
        {
          "acoustic_entropy": 8.368524551391602,
          "acoustic_entropy_side": 8.341984748840332,
          "hz": 4228.238232109126
        },
        {
          "acoustic_entropy": 8.503941535949707,
          "acoustic_entropy_side": 8.50617504119873,
          "hz": 4664.6771572759235
        },
        {
          "acoustic_entropy": 8.547593116760254,
          "acoustic_entropy_side": 8.452496528625488,
          "hz": 5139.766595350093
        },
        {
          "acoustic_entropy": 8.425501823425293,
          "acoustic_entropy_side": 8.499225616455078,
          "hz": 5656.929389854203
        },
        {
          "acoustic_entropy": 8.453286170959473,
          "acoustic_entropy_side": 8.5331449508667,
          "hz": 6219.891507268283
        },
        {
          "acoustic_entropy": 8.39750862121582,
          "acoustic_entropy_side": 8.354534149169922,
          "hz": 6832.70888123896
        },
        {
          "acoustic_entropy": 8.46862506866455,
          "acoustic_entropy_side": 8.36705207824707,
          "hz": 7499.796634079867
        },
        {
          "acoustic_entropy": 8.499032020568848,
          "acoustic_entropy_side": 8.46795654296875,
          "hz": 8225.96088609342
        },
        {
          "acoustic_entropy": 8.450705528259277,
          "acoustic_entropy_side": 8.455021858215332,
          "hz": 9016.43338188839
        },
        {
          "acoustic_entropy": 8.468961715698242,
          "acoustic_entropy_side": 8.462600708007812,
          "hz": 9876.909183162974
        },
        {
          "acoustic_entropy": 8.41635513305664,
          "acoustic_entropy_side": 8.444294929504395,
          "hz": 10813.587699516042
        },
        {
          "acoustic_entropy": 8.505316734313965,
          "acoustic_entropy_side": 8.484643936157227,
          "hz": 11833.21735289826
        },
        {
          "acoustic_entropy": 8.458301544189453,
          "acoustic_entropy_side": 8.45634651184082,
          "hz": 12943.144197493959
        },
        {
          "acoustic_entropy": 8.458403587341309,
          "acoustic_entropy_side": 8.457382202148438,
          "hz": 14151.364845322005
        },
        {
          "acoustic_entropy": 8.47276782989502,
          "acoustic_entropy_side": 8.464578628540039,
          "hz": 15466.58407886509
        },
        {
          "acoustic_entropy": 8.461712837219238,
          "acoustic_entropy_side": 8.458455085754395,
          "hz": 16898.27756580493
        },
        {
          "acoustic_entropy": 8.457712173461914,
          "acoustic_entropy_side": 8.457161903381348,
          "hz": 18456.760127700032
        },
        {
          "acoustic_entropy": 8.457016944885254,
          "acoustic_entropy_side": 8.457008361816406,
          "hz": 20153.260054456492
        },
        {
          "acoustic_entropy": 8.457002639770508,
          "acoustic_entropy_side": 8.457002639770508,
          "hz": 22000.00000000001
        }
      ],
      "diff_acoustic_entropy": 2.9335927963256836,
      "sn": 12
    },
    {
      "acoustic_entropy": 13.21358585357666,
      "acoustic_entropy_mono": 11.807239532470703,
      "band_eliminated_acoustic_entropies": [
        {
          "acoustic_entropy": 13.22913932800293,
          "acoustic_entropy_side": 13.141731262207031,
          "hz": 129.47220167065723
        },
        {
          "acoustic_entropy": 13.5191068649292,
          "acoustic_entropy_side": 13.6177339553833,
          "hz": 202.92927478742237
        },
        {
          "acoustic_entropy": 13.23743724822998,
          "acoustic_entropy_side": 13.293818473815918,
          "hz": 282.89161906338205
        },
        {
          "acoustic_entropy": 13.350594520568848,
          "acoustic_entropy_side": 13.15186595916748,
          "hz": 369.9353335868758
        },
        {
          "acoustic_entropy": 13.388015747070312,
          "acoustic_entropy_side": 13.136248588562012,
          "hz": 464.6875360973435
        },
        {
          "acoustic_entropy": 12.51010799407959,
          "acoustic_entropy_side": 12.731738090515137,
          "hz": 567.8308811364784
        },
        {
          "acoustic_entropy": 13.04397964477539,
          "acoustic_entropy_side": 13.248444557189941,
          "hz": 680.1084783214808
        },
        {
          "acoustic_entropy": 12.611660957336426,
          "acoustic_entropy_side": 12.605250358581543,
          "hz": 802.3292461747484
        },
        {
          "acoustic_entropy": 13.174321174621582,
          "acoustic_entropy_side": 13.080812454223633,
          "hz": 935.3737400823702
        },
        {
          "acoustic_entropy": 12.744780540466309,
          "acoustic_entropy_side": 13.033333778381348,
          "hz": 1080.2004963696966
        },
        {
          "acoustic_entropy": 12.73518180847168,
          "acoustic_entropy_side": 13.102498054504395,
          "hz": 1237.8529382007157
        },
        {
          "acoustic_entropy": 13.693010330200195,
          "acoustic_entropy_side": 13.40889835357666,
          "hz": 1409.4668930556702
        },
        {
          "acoustic_entropy": 13.084997177124023,
          "acoustic_entropy_side": 13.258575439453125,
          "hz": 1596.2787759475705
        },
        {
          "acoustic_entropy": 13.704758644104004,
          "acoustic_entropy_side": 13.53645133972168,
          "hz": 1799.6344973346393
        },
        {
          "acoustic_entropy": 12.730411529541016,
          "acoustic_entropy_side": 12.746966361999512,
          "hz": 2020.9991599069049
        },
        {
          "acoustic_entropy": 12.795051574707031,
          "acoustic_entropy_side": 13.057228088378906,
          "hz": 2261.9676141086993
        },
        {
          "acoustic_entropy": 12.951237678527832,
          "acoustic_entropy_side": 13.192761421203613,
          "hz": 2524.2759484456974
        },
        {
          "acoustic_entropy": 13.280537605285645,
          "acoustic_entropy_side": 13.468206405639648,
          "hz": 2809.813997359896
        },
        {
          "acoustic_entropy": 12.925036430358887,
          "acoustic_entropy_side": 13.240239143371582,
          "hz": 3120.6389567871424
        },
        {
          "acoustic_entropy": 12.725468635559082,
          "acoustic_entropy_side": 12.645780563354492,
