{
  "acoustic_entropy": 230.66847229003906,
  "bands": [
    {
      "high_freq": 148.1999969482422,
      "loudness": -38.94144821166992,
      "loudness_range": 11.791885375976562,
      "mid_mean": -35.715145111083984,
      "mid_to_side_loudness": -10.741287231445312,
      "mid_to_side_loudness_range": 11.55213737487793,
      "side_mean": -46.67519760131836
    },
    {
      "high_freq": 392.3793640136719,
      "loudness": -31.17823600769043,
      "loudness_range": 13.498189926147461,
      "low_freq": 148.1999969482422,
      "mid_mean": -28.635393142700195,
      "mid_to_side_loudness": -6.516539096832275,
      "mid_to_side_loudness_range": 12.609726905822754,
      "side_mean": -35.25136947631836
    },
    {
      "high_freq": 794.6976318359375,
      "loudness": -29.283998489379883,
      "loudness_range": 14.362098693847656,
      "low_freq": 392.3793640136719,
      "mid_mean": -26.767375946044922,
      "mid_to_side_loudness": -6.3393731117248535,
      "mid_to_side_loudness_range": 11.649422645568848,
      "side_mean": -33.24000549316406
    },
    {
      "high_freq": 1457.5709228515625,
      "loudness": -29.837459564208984,
      "loudness_range": 22.4658203125,
      "low_freq": 794.6976318359375,
      "mid_mean": -27.285966873168945,
      "mid_to_side_loudness": -7.150887966156006,
      "mid_to_side_loudness_range": 14.941373825073242,
      "side_mean": -34.6419563293457
    },
    {
      "high_freq": 2549.74365234375,
      "loudness": -27.68425178527832,
      "loudness_range": 21.13827896118164,
      "low_freq": 1457.5709228515625,
      "mid_mean": -24.809024810791016,
      "mid_to_side_loudness": -9.115172386169434,
      "mid_to_side_loudness_range": 15.178553581237793,
      "side_mean": -35.07414627075195
    },
    {
      "high_freq": 4349.24462890625,
      "loudness": -30.7089786529541,
      "loudness_range": 19.114904403686523,
      "low_freq": 2549.74365234375,
      "mid_mean": -27.871212005615234,
      "mid_to_side_loudness": -8.069046020507812,
      "mid_to_side_loudness_range": 13.786380767822266,
      "side_mean": -36.25825119018555
    },
    {
      "high_freq": 7314.1640625,
      "loudness": -36.928077697753906,
      "loudness_range": 18.07321548461914,
      "low_freq": 4349.24462890625,
      "mid_mean": -34.516510009765625,
      "mid_to_side_loudness": -5.325972557067871,
      "mid_to_side_loudness_range": 6.296372890472412,
      "side_mean": -39.46924591064453
    },
    {
      "high_freq": 12199.2666015625,
      "loudness": -39.7283821105957,
      "loudness_range": 18.464820861816406,
      "low_freq": 7314.1640625,
      "mid_mean": -37.385128021240234,
      "mid_to_side_loudness": -5.827056884765625,
      "mid_to_side_loudness_range": 9.242914199829102,
      "side_mean": -42.677955627441406
    },
    {
      "loudness": -45.835296630859375,
      "loudness_range": 20.081554412841797,
      "low_freq": 12199.2666015625,
      "mid_mean": -43.8026008605957,
      "mid_to_side_loudness": -4.973623275756836,
      "mid_to_side_loudness_range": 9.01516342163086,
      "side_mean": -48.221031188964844
    }
  ],
  "bands_short": [
    {
      "high_freq": 148.1999969482422,
      "loudness": -42.022804260253906,
      "loudness_range": 16.583740234375,
      "mid_mean": -39.01956558227539,
      "mid_to_side_loudness": -10.758347511291504,
      "mid_to_side_loudness_range": 18.99257469177246,
      "side_mean": -50.462276458740234
    },
    {
      "high_freq": 392.3793640136719,
      "loudness": -32.3095588684082,
      "loudness_range": 15.284067153930664,
      "low_freq": 148.1999969482422,
      "mid_mean": -29.989337921142578,
      "mid_to_side_loudness": -5.945013523101807,
      "mid_to_side_loudness_range": 14.941567420959473,
      "side_mean": -36.05748748779297
    },
    {
      "high_freq": 794.6976318359375,
      "loudness": -30.236835479736328,
      "loudness_range": 17.044233322143555,
      "low_freq": 392.3793640136719,
      "mid_mean": -28.07381820678711,
      "mid_to_side_loudness": -5.500213146209717,
      "mid_to_side_loudness_range": 15.015506744384766,
      "side_mean": -33.822303771972656
    },
    {
      "high_freq": 1457.5709228515625,
      "loudness": -31.211828231811523,
      "loudness_range": 25.56827735900879,
      "low_freq": 794.6976318359375,
      "mid_mean": -29.168107986450195,
      "mid_to_side_loudness": -5.576617240905762,
      "mid_to_side_loudness_range": 17.689376831054688,
      "side_mean": -35.12428283691406
    },
    {
      "high_freq": 2549.74365234375,
      "loudness": -29.7180233001709,
      "loudness_range": 24.994169235229492,
      "low_freq": 1457.5709228515625,
      "mid_mean": -27.41168785095215,
      "mid_to_side_loudness": -7.263711929321289,
      "mid_to_side_loudness_range": 18.647253036499023,
      "side_mean": -35.7121467590332
    },
    {
      "high_freq": 4349.24462890625,
      "loudness": -32.04874801635742,
      "loudness_range": 22.94672203063965,
      "low_freq": 2549.74365234375,
      "mid_mean": -29.653366088867188,
      "mid_to_side_loudness": -6.709468364715576,
      "mid_to_side_loudness_range": 16.701692581176758,
      "side_mean": -36.68684005737305
    },
    {
      "high_freq": 7314.1640625,
      "loudness": -37.808502197265625,
      "loudness_range": 20.81236457824707,
      "low_freq": 4349.24462890625,
      "mid_mean": -35.53746795654297,
      "mid_to_side_loudness": -5.018609046936035,
      "mid_to_side_loudness_range": 7.808664798736572,
      "side_mean": -40.25444030761719
    },
    {
      "high_freq": 12199.2666015625,
      "loudness": -40.993011474609375,
      "loudness_range": 21.423219680786133,
      "low_freq": 7314.1640625,
      "mid_mean": -38.80359649658203,
      "mid_to_side_loudness": -5.162908554077148,
      "mid_to_side_loudness_range": 9.45815372467041,
      "side_mean": -43.67741775512695
    },
    {
      "loudness": -48.589595794677734,
      "loudness_range": 25.448596954345703,
      "low_freq": 12199.2666015625,
      "mid_mean": -46.6591796875,
      "mid_to_side_loudness": -5.121549606323242,
      "mid_to_side_loudness_range": 10.250589370727539,
      "side_mean": -52.56925582885742
    }
  ],
  "bandwidth": 1089.570068359375,
  "channels": 2,
  "covariance": [
    [
      22.662418365478516,
      11.296852111816406,
      8.36931037902832,
      11.30211067199707,
      8.345111846923828,
      12.526763916015625,
      10.438693046569824,
      12.295040130615234,
      4.253931999206543,
      13.638351440429688,
      8.76601505279541,
      11.84005069732666,
      10.84622859954834,
      10.248917579650879,
      9.77340316772461,
      8.991713523864746,
      10.395698547363281,
      10.623734474182129
    ],
    [
      11.296852111816406,
      14.889534950256348,
      3.312462568283081,
      8.42034912109375,
      3.560398817062378,
      8.595229148864746,
      5.187896251678467,
      8.0967435836792,
      2.126459836959839,
      8.313692092895508,
      4.333482265472412,
      8.876178741455078,
      9.617598533630371,
      8.115447998046875,
      8.0302734375,
      6.726795196533203,
      8.44357681274414,
      7.544210433959961
    ],
    [
      8.36931037902832,
      3.312462568283081,
      24.118860244750977,
      11.63493824005127,
      11.54184341430664,
      9.169976234436035,
      8.414525032043457,
      7.352727890014648,
      7.51500129699707,
      9.91332721710205,
      10.700544357299805,
      7.557898998260498,
      4.665715217590332,
      5.665913105010986,
      3.3071541786193848,
      5.446182727813721,
      3.169987678527832,
      5.864361763000488
    ],
    [
      11.30211067199707,
      8.42034912109375,
      11.63493824005127,
      19.78261947631836,
      10.293310165405273,
      15.997808456420898,
      12.494583129882812,
      15.114630699157715,
      8.026349067687988,
      17.41655731201172,
      12.473625183105469,
      16.226171493530273,
      14.20262622833252,
      13.859272003173828,
      12.176081657409668,
      12.23171329498291,
      11.752510070800781,
      12.261303901672363
    ],
    [
      8.345111846923828,
      3.560398817062378,
      11.54184341430664,
      10.293310165405273,
      29.32573890686035,
      18.038618087768555,
      28.30938148498535,
      18.667930603027344,
      20.666635513305664,
      20.510875701904297,
      22.577482223510742,
      16.69032859802246,
      12.065218925476074,
      11.698766708374023,
      10.26798152923584,
      10.419337272644043,
      8.130898475646973,
      8.492993354797363
    ],
    [
      12.526763916015625,
      8.595229148864746,
      9.169976234436035,
      15.997808456420898,
      18.038618087768555,
      28.94681739807129,
      23.166858673095703,
      25.991777420043945,
      14.726237297058105,
      27.840938568115234,
      19.715970993041992,
      24.98768424987793,
      20.950963973999023,
      20.437734603881836,
      18.74817657470703,
      17.553314208984375,
      16.931001663208008,
      16.132503509521484
    ],
    [
      10.438693046569824,
      5.187896251678467,
      8.414525032043457,
      12.494583129882812,
      28.30938148498535,
      23.166858673095703,
      63.8626708984375,
      35.73041915893555,
      39.373573303222656,
      36.0132942199707,
      38.403099060058594,
      26.99126434326172,
      21.253137588500977,
      18.60811996459961,
      17.16399574279785,
      16.442127227783203,
      14.339340209960938,
      14.186065673828125
    ],
    [
      12.295040130615234,
      8.0967435836792,
      7.352727890014648,
      15.114630699157715,
      18.667930603027344,
      25.991777420043945,
      35.73041915893555,
      41.0946044921875,
      21.89329719543457,
      38.02330780029297,
      25.847333908081055,
      31.555742263793945,
      25.956260681152344,
      24.02809715270996,
      24.0748233795166,
      20.791645050048828,
      22.22745132446289,
      18.526548385620117
    ],
    [
      4.253931999206543,
      2.126459836959839,
      7.51500129699707,
      8.026349067687988,
      20.666635513305664,
      14.726237297058105,
      39.373573303222656,
      21.89329719543457,
      58.045692443847656,
      30.976051330566406,
      44.4609375,
      24.896747589111328,
      23.792917251586914,
      16.433937072753906,
      22.1426944732666,
      15.22368049621582,
      22.149377822875977,
      15.742166519165039
    ],
    [
      13.638351440429688,
      8.313692092895508,
      9.91332721710205,
      17.41655731201172,
      20.510875701904297,
      27.840938568115234,
      36.0132942199707,
      38.02330780029297,
      30.976051330566406,
      50.629356384277344,
      35.07905578613281,
      40.14923858642578,
      32.673667907714844,
      29.127853393554688,
      30.462018966674805,
      25.233882904052734,
      27.62621307373047,
      22.25421714782715
    ],
    [
      8.76601505279541,
      4.333482265472412,
      10.700544357299805,
      12.473625183105469,
      22.577482223510742,
      19.715970993041992,
      38.403099060058594,
      25.847333908081055,
      44.4609375,
      35.07905578613281,
      49.00337600708008,
      31.824649810791016,
      27.67200469970703,
      22.75106430053711,
      23.919574737548828,
      20.139497756958008,
      22.628074645996094,
      18.558530807495117
    ],
    [
      11.84005069732666,
      8.876178741455078,
      7.557898998260498,
      16.226171493530273,
      16.69032859802246,
      24.98768424987793,
      26.99126434326172,
      31.555742263793945,
      24.896747589111328,
      40.14923858642578,
      31.824649810791016,
      41.28080368041992,
      34.20772171020508,
      32.343040466308594,
      31.374298095703125,
      27.84527587890625,
      29.571365356445312,
      24.143550872802734
    ],
    [
      10.84622859954834,
      9.617598533630371,
      4.665715217590332,
      14.20262622833252,
      12.065218925476074,
      20.950963973999023,
      21.253137588500977,
      25.956260681152344,
      23.792917251586914,
      32.673667907714844,
      27.67200469970703,
      34.20772171020508,
      42.50779342651367,
      34.30591583251953,
      38.986534118652344,
      30.852399826049805,
      39.0863151550293,
      30.195907592773438
    ],
    [
      10.248917579650879,
      8.115447998046875,
      5.665913105010986,
      13.859272003173828,
      11.698766708374023,
      20.437734603881836,
      18.60811996459961,
      24.02809715270996,
      16.433937072753906,
      29.127853393554688,
      22.75106430053711,
      32.343040466308594,
      34.30591583251953,
      35.8054084777832,
      31.343103408813477,
      32.178070068359375,
      31.313148498535156,
      30.434436798095703
    ],
    [
      9.77340316772461,
      8.0302734375,
      3.3071541786193848,
      12.176081657409668,
      10.26798152923584,
      18.74817657470703,
      17.16399574279785,
      24.0748233795166,
      22.1426944732666,
      30.462018966674805,
      23.919574737548828,
      31.374298095703125,
      38.986534118652344,
      31.343103408813477,
      46.095802307128906,
      29.830324172973633,
      45.003780364990234,
      29.59229850769043
    ],
    [
      8.991713523864746,
      6.726795196533203,
      5.446182727813721,
      12.23171329498291,
      10.419337272644043,
      17.553314208984375,
      16.442127227783203,
      20.791645050048828,
      15.22368049621582,
      25.233882904052734,
      20.139497756958008,
      27.84527587890625,
      30.852399826049805,
      32.178070068359375,
      29.830324172973633,
      31.34085464477539,
      30.690223693847656,
      30.715900421142578
    ],
    [
      10.395698547363281,
      8.44357681274414,
      3.169987678527832,
      11.752510070800781,
      8.130898475646973,
      16.931001663208008,
      14.339340209960938,
      22.22745132446289,
      22.149377822875977,
      27.62621307373047,
      22.628074645996094,
      29.571365356445312,
      39.0863151550293,
      31.313148498535156,
      45.003780364990234,
      30.690223693847656,
      52.232303619384766,
      36.42177200317383
    ],
    [
      10.623734474182129,
      7.544210433959961,
      5.864361763000488,
      12.261303901672363,
      8.492993354797363,
      16.132503509521484,
      14.186065673828125,
      18.526548385620117,
      15.742166519165039,
      22.25421714782715,
      18.558530807495117,
      24.143550872802734,
      30.195907592773438,
      30.434436798095703,
      29.59229850769043,
      30.715900421142578,
      36.42177200317383,
      41.00654220581055
    ]
  ],
  "covariance_short": [
    [
      42.73088836669922,
      14.196638107299805,
      11.982515335083008,
      11.080877304077148,
      8.21422004699707,
      12.314274787902832,
      12.54089069366455,
      13.907649040222168,
      6.206972599029541,
      15.771294593811035,
      10.573810577392578,
      13.276899337768555,
      12.342384338378906,
      12.909677505493164,
      12.344018936157227,
      12.914742469787598,
      14.924187660217285,
      21.590274810791016
    ],
    [
      14.196638107299805,
      34.538658142089844,
      5.955169200897217,
      9.499592781066895,
      5.25358772277832,
      9.849472045898438,
      8.504055976867676,
      9.629953384399414,
      3.9151859283447266,
      10.027853012084961,
      7.325649261474609,
      10.586410522460938,
      10.112297058105469,
      9.597126007080078,
      9.096948623657227,
      8.261920928955078,
      11.256668090820312,
      21.820270538330078
    ],
    [
      11.982515335083008,
      5.955169200897217,
      31.913354873657227,
      13.686640739440918,
      15.52194881439209,
      11.13469123840332,
      10.508731842041016,
      9.262079238891602,
      9.786145210266113,
      10.195725440979004,
      11.483766555786133,
      8.897520065307617,
      7.209235668182373,
      8.886026382446289,
      5.796464443206787,
      9.100311279296875,
      9.378480911254883,
      16.740249633789062
    ],
    [
      11.080877304077148,
      9.499592781066895,
      13.686640739440918,
      24.069364547729492,
      12.71666145324707,
      17.58551025390625,
      15.741378784179688,
      16.0377254486084,
      12.876511573791504,
      17.5841007232666,
      15.525910377502441,
      16.79828643798828,
      15.922687530517578,
      15.324394226074219,
      13.748146057128906,
      13.888535499572754,
      15.945662498474121,
      21.45111083984375
    ],
    [
      8.21422004699707,
      5.25358772277832,
      15.52194881439209,
      12.71666145324707,
      42.04922866821289,
      20.733627319335938,
      35.177547454833984,
      21.368858337402344,
      34.386966705322266,
      23.03150749206543,
      34.261722564697266,
      20.614511489868164,
      17.286672592163086,
      15.375014305114746,
      13.08059310913086,
      13.96667766571045,
      14.421159744262695,
      19.74436378479004
    ],
    [
      12.314274787902832,
      9.849472045898438,
      11.13469123840332,
      17.58551025390625,
      20.733627319335938,
      33.6409912109375,
      26.569429397583008,
      28.509641647338867,
      21.241823196411133,
      29.612550735473633,
      24.05082893371582,
      27.32408905029297,
      24.02496910095215,
      22.829072952270508,
      21.39334487915039,
      20.05183219909668,
      22.599048614501953,
      26.227102279663086
    ],
    [
      12.54089069366455,
      8.504055976867676,
      10.508731842041016,
      15.741378784179688,
      35.177547454833984,
      26.569429397583008,
      81.99018096923828,
      41.95771789550781,
      59.31275177001953,
      40.298431396484375,
      55.2545280456543,
      33.33658218383789,
      29.738309860229492,
      24.46152114868164,
      21.238758087158203,
      21.766950607299805,
      22.290021896362305,
      26.95107078552246
    ],
    [
      13.907649040222168,
      9.629953384399414,
      9.262079238891602,
      16.0377254486084,
      21.368858337402344,
      28.509641647338867,
      41.95771789550781,
      48.71760177612305,
      31.241039276123047,
      42.12995147705078,
      32.35527038574219,
      35.01929473876953,
      30.326215744018555,
      27.329435348510742,
      27.76335334777832,
      24.362741470336914,
      29.161684036254883,
      29.70145034790039
    ],
    [
      6.206972599029541,
      3.9151859283447266,
      9.786145210266113,
      12.876511573791504,
      34.386966705322266,
      21.241823196411133,
      59.31275177001953,
      31.241039276123047,
      83.7567138671875,
      40.380062103271484,
      67.37345123291016,
      35.11680603027344,
      35.52292251586914,
      25.794294357299805,
      28.118480682373047,
      23.570369720458984,
      30.261234283447266,
      30.89220428466797
    ],
    [
      15.771294593811035,
      10.027853012084961,
      10.195725440979004,
      17.5841007232666,
      23.03150749206543,
      29.612550735473633,
      40.298431396484375,
      42.12995147705078,
      40.380062103271484,
      56.447879791259766,
      41.41623306274414,
      43.86789321899414,
      37.140254974365234,
      32.59772491455078,
      34.2005615234375,
      28.918888092041016,
      35.74188232421875,
      34.7036247253418
    ],
    [
      10.573810577392578,
      7.325649261474609,
      11.483766555786133,
      15.525910377502441,
      34.261722564697266,
      24.05082893371582,
      55.2545280456543,
      32.35527038574219,
      67.37345123291016,
      41.41623306274414,
      73.21259307861328,
      40.7313346862793,
      40.057220458984375,
      31.76471519470215,
      32.24821090698242,
      28.85133171081543,
      33.25507736206055,
      32.66844177246094
    ],
    [
      13.276899337768555,
      10.586410522460938,
      8.897520065307617,
      16.79828643798828,
      20.614511489868164,
      27.32408905029297,
      33.33658218383789,
      35.01929473876953,
      35.11680603027344,
      43.86789321899414,
      40.7313346862793,
      46.66006088256836,
      39.89228057861328,
      37.254676818847656,
      36.45773696899414,
      33.41020965576172,
      37.68856430053711,
      37.322853088378906
    ],
    [
      12.342384338378906,
      10.112297058105469,
      7.209235668182373,
      15.922687530517578,
      17.286672592163086,
      24.02496910095215,
      29.738309860229492,
      30.326215744018555,
      35.52292251586914,
      37.140254974365234,
      40.057220458984375,
      39.89228057861328,
      54.63153076171875,
      43.14606857299805,
      50.1973876953125,
      40.46059799194336,
      53.92085647583008,
      48.632198333740234
    ],
    [
      12.909677505493164,
      9.597126007080078,
      8.886026382446289,
      15.324394226074219,
      15.375014305114746,
      22.829072952270508,
      24.46152114868164,
      27.329435348510742,
      25.794294357299805,
      32.59772491455078,
      31.76471519470215,
      37.254676818847656,
      43.14606857299805,
      44.56171417236328,
      39.946556091308594,
      41.43843078613281,
      43.91055679321289,
      47.02011489868164
    ],
    [
      12.344018936157227,
      9.096948623657227,
      5.796464443206787,
      13.748146057128906,
      13.08059310913086,
      21.39334487915039,
      21.238758087158203,
      27.76335334777832,
      28.118480682373047,
      34.2005615234375,
      32.24821090698242,
      36.45773696899414,
      50.1973876953125,
      39.946556091308594,
      58.45331573486328,
      39.84464645385742,
      62.341766357421875,
      48.155826568603516
    ],
    [
      12.914742469787598,
      8.261920928955078,
      9.100311279296875,
      13.888535499572754,
      13.96667766571045,
      20.05183219909668,
      21.766950607299805,
      24.362741470336914,
      23.570369720458984,
      28.918888092041016,
      28.85133171081543,
      33.41020965576172,
      40.46059799194336,
      41.43843078613281,
      39.84464645385742,
      43.45556640625,
      45.48783874511719,
      50.08407974243164
    ],
    [
      14.924187660217285,
      11.256668090820312,
      9.378480911254883,
      15.945662498474121,
      14.421159744262695,
      22.599048614501953,
      22.290021896362305,
      29.161684036254883,
      30.261234283447266,
      35.74188232421875,
      33.25507736206055,
      37.68856430053711,
      53.92085647583008,
      43.91055679321289,
      62.341766357421875,
      45.48783874511719,
      81.9158706665039,
      66.24057006835938
    ],
    [
      21.590274810791016,
      21.820270538330078,
      16.740249633789062,
      21.45111083984375,
      19.74436378479004,
      26.227102279663086,
      26.95107078552246,
      29.70145034790039,
      30.89220428466797,
      34.7036247253418,
      32.66844177246094,
      37.322853088378906,
      48.632198333740234,
      47.02011489868164,
      48.155826568603516,
      50.08407974243164,
      66.24057006835938,
      89.44615173339844
    ]
  ],
  "damage": -12.239775657653809,
  "diff_bandwidth": 1118.416748046875,
  "dissonance": 10.358602443477414,
  "drr": 15.792647361755371,
  "dynamics": 4.6135454177856445,
  "format": 1245190,
  "frames": 8178624,
  "loudness": -16.86320686340332,
  "loudness_range": 14.360819816589355,
  "loudness_range_short": 18.05315399169922,
  "lowpass_true_peak_15khz": -1.2134052515029907,
  "mastering3_acoustic_entropies": [
    {
      "acoustic_entropy": 8.542350769042969,
      "acoustic_entropy_mono": 9.115254402160645,
      "band_eliminated_acoustic_entropies": [
        {
          "acoustic_entropy": 8.542230606079102,
          "acoustic_entropy_side": 8.542350769042969,
          "hz": 129.47220167065723
        },
        {
          "acoustic_entropy": 8.54755973815918,
          "acoustic_entropy_side": 8.542437553405762,
          "hz": 202.92927478742237
        },
        {
          "acoustic_entropy": 8.601243019104004,
          "acoustic_entropy_side": 8.5435209274292,
          "hz": 282.89161906338205
        },
        {
          "acoustic_entropy": 8.367602348327637,
          "acoustic_entropy_side": 8.532116889953613,
          "hz": 369.9353335868758
        },
        {
          "acoustic_entropy": 9.415997505187988,
          "acoustic_entropy_side": 8.540986061096191,
          "hz": 464.6875360973435
        },
        {
          "acoustic_entropy": 8.468815803527832,
          "acoustic_entropy_side": 8.546757698059082,
          "hz": 567.8308811364784
        },
        {
          "acoustic_entropy": 8.06151008605957,
          "acoustic_entropy_side": 8.544088363647461,
          "hz": 680.1084783214808
        },
        {
          "acoustic_entropy": 8.965213775634766,
          "acoustic_entropy_side": 8.506962776184082,
          "hz": 802.3292461747484
        },
        {
          "acoustic_entropy": 8.316028594970703,
          "acoustic_entropy_side": 8.414787292480469,
          "hz": 935.3737400823702
        },
        {
          "acoustic_entropy": 8.494297981262207,
          "acoustic_entropy_side": 8.46589183807373,
          "hz": 1080.2004963696966
        },
        {
          "acoustic_entropy": 8.468463897705078,
          "acoustic_entropy_side": 8.556305885314941,
          "hz": 1237.8529382007157
        },
        {
          "acoustic_entropy": 8.317299842834473,
          "acoustic_entropy_side": 8.562807083129883,
          "hz": 1409.4668930556702
        },
        {
          "acoustic_entropy": 7.799539566040039,
          "acoustic_entropy_side": 8.479719161987305,
          "hz": 1596.2787759475705
        },
        {
          "acoustic_entropy": 8.05443000793457,
          "acoustic_entropy_side": 8.5532808303833,
          "hz": 1799.6344973346393
        },
        {
          "acoustic_entropy": 8.4335298538208,
          "acoustic_entropy_side": 8.50956916809082,
          "hz": 2020.9991599069049
        },
        {
          "acoustic_entropy": 8.481861114501953,
          "acoustic_entropy_side": 8.55634880065918,
          "hz": 2261.9676141086993
        },
        {
          "acoustic_entropy": 8.530320167541504,
          "acoustic_entropy_side": 8.564324378967285,
          "hz": 2524.2759484456974
        },
        {
          "acoustic_entropy": 8.491304397583008,
          "acoustic_entropy_side": 8.527661323547363,
          "hz": 2809.813997359896
        },
        {
          "acoustic_entropy": 8.606439590454102,
          "acoustic_entropy_side": 8.51937484741211,
          "hz": 3120.6389567871424
        },
        {
          "acoustic_entropy": 8.670111656188965,
          "acoustic_entropy_side": 8.556861877441406,
          "hz": 3458.990205492291
        },
        {
          "acoustic_entropy": 8.641134262084961,
          "acoustic_entropy_side": 8.564870834350586,
          "hz": 3827.305438964164
        },
        {
          "acoustic_entropy": 8.638476371765137,
          "acoustic_entropy_side": 8.620656967163086,
          "hz": 4228.238232109126
        },
        {
          "acoustic_entropy": 8.533984184265137,
          "acoustic_entropy_side": 8.578824996948242,
          "hz": 4664.6771572759235
        },
        {
          "acoustic_entropy": 8.411786079406738,
          "acoustic_entropy_side": 8.528635025024414,
          "hz": 5139.766595350093
        },
        {
          "acoustic_entropy": 8.549775123596191,
          "acoustic_entropy_side": 8.56552791595459,
          "hz": 5656.929389854203
        },
        {
          "acoustic_entropy": 8.53502368927002,
          "acoustic_entropy_side": 8.54893684387207,
          "hz": 6219.891507268283
        },
        {
          "acoustic_entropy": 8.60179328918457,
          "acoustic_entropy_side": 8.565342903137207,
          "hz": 6832.70888123896
        },
        {
          "acoustic_entropy": 8.553499221801758,
          "acoustic_entropy_side": 8.55309009552002,
          "hz": 7499.796634079867
        },
        {
          "acoustic_entropy": 8.556502342224121,
          "acoustic_entropy_side": 8.546316146850586,
          "hz": 8225.96088609342
        },
        {
          "acoustic_entropy": 8.602373123168945,
          "acoustic_entropy_side": 8.568562507629395,
          "hz": 9016.43338188839
        },
        {
          "acoustic_entropy": 8.611814498901367,
          "acoustic_entropy_side": 8.556113243103027,
          "hz": 9876.909183162974
        },
        {
          "acoustic_entropy": 8.582799911499023,
          "acoustic_entropy_side": 8.547640800476074,
          "hz": 10813.587699516042
        },
        {
          "acoustic_entropy": 8.590143203735352,
          "acoustic_entropy_side": 8.543391227722168,
          "hz": 11833.21735289826
        },
        {
          "acoustic_entropy": 8.59794807434082,
          "acoustic_entropy_side": 8.536925315856934,
          "hz": 12943.144197493959
        },
        {
          "acoustic_entropy": 8.576165199279785,
          "acoustic_entropy_side": 8.53437614440918,
          "hz": 14151.364845322005
        },
        {
          "acoustic_entropy": 8.532879829406738,
          "acoustic_entropy_side": 8.535019874572754,
          "hz": 15466.58407886509
        },
        {
          "acoustic_entropy": 8.516426086425781,
          "acoustic_entropy_side": 8.538634300231934,
          "hz": 16898.27756580493
        },
        {
          "acoustic_entropy": 8.526147842407227,
          "acoustic_entropy_side": 8.541568756103516,
          "hz": 18456.760127700032
        },
        {
          "acoustic_entropy": 8.532308578491211,
          "acoustic_entropy_side": 8.541913032531738,
          "hz": 20153.260054456492
        },
        {
          "acoustic_entropy": 8.537111282348633,
          "acoustic_entropy_side": 8.541938781738281,
          "hz": 22000.00000000001
        }
      ],
      "diff_acoustic_entropy": 8.042150497436523,
      "sn": 6
    },
    {
      "acoustic_entropy": 12.733490943908691,
      "acoustic_entropy_mono": 12.950752258300781,
      "band_eliminated_acoustic_entropies": [
        {
          "acoustic_entropy": 12.73799991607666,
          "acoustic_entropy_side": 12.733499526977539,
          "hz": 129.47220167065723
        },
        {
          "acoustic_entropy": 12.755293846130371,
          "acoustic_entropy_side": 12.734628677368164,
          "hz": 202.92927478742237
        },
        {
          "acoustic_entropy": 12.662041664123535,
          "acoustic_entropy_side": 12.741117477416992,
          "hz": 282.89161906338205
        },
        {
          "acoustic_entropy": 12.632378578186035,
          "acoustic_entropy_side": 12.826837539672852,
          "hz": 369.9353335868758
        },
        {
          "acoustic_entropy": 12.492691993713379,
          "acoustic_entropy_side": 12.7879638671875,
          "hz": 464.6875360973435
        },
        {
          "acoustic_entropy": 11.767714500427246,
          "acoustic_entropy_side": 12.823251724243164,
          "hz": 567.8308811364784
        },
        {
          "acoustic_entropy": 12.219331741333008,
          "acoustic_entropy_side": 12.500580787658691,
          "hz": 680.1084783214808
        },
        {
          "acoustic_entropy": 13.612737655639648,
          "acoustic_entropy_side": 12.698772430419922,
          "hz": 802.3292461747484
        },
        {
          "acoustic_entropy": 12.211785316467285,
          "acoustic_entropy_side": 12.16173267364502,
          "hz": 935.3737400823702
        },
        {
          "acoustic_entropy": 13.635581970214844,
          "acoustic_entropy_side": 12.664824485778809,
          "hz": 1080.2004963696966
        },
        {
          "acoustic_entropy": 13.157647132873535,
          "acoustic_entropy_side": 13.164559364318848,
          "hz": 1237.8529382007157
        },
        {
          "acoustic_entropy": 12.137165069580078,
          "acoustic_entropy_side": 12.887398719787598,
          "hz": 1409.4668930556702
        },
        {
          "acoustic_entropy": 12.38645076751709,
          "acoustic_entropy_side": 12.805961608886719,
          "hz": 1596.2787759475705
        },
        {
          "acoustic_entropy": 13.673943519592285,
          "acoustic_entropy_side": 12.981590270996094,
          "hz": 1799.6344973346393
        },
        {
          "acoustic_entropy": 12.71147346496582,
          "acoustic_entropy_side": 12.654274940490723,
          "hz": 2020.9991599069049
        },
        {
          "acoustic_entropy": 12.81629753112793,
          "acoustic_entropy_side": 12.624922752380371,
          "hz": 2261.9676141086993
        },
        {
          "acoustic_entropy": 12.932231903076172,
          "acoustic_entropy_side": 12.650376319885254,
          "hz": 2524.2759484456974
        },
        {
          "acoustic_entropy": 12.869851112365723,
          "acoustic_entropy_side": 12.639155387878418,
          "hz": 2809.813997359896
        },
        {
          "acoustic_entropy": 13.05677604675293,
          "acoustic_entropy_side": 12.804656982421875,
          "hz": 3120.6389567871424
        },
        {
          "acoustic_entropy": 12.661662101745605,
          "acoustic_entropy_side": 12.707003593444824,
          "hz": 3458.990205492291
        },
        {
          "acoustic_entropy": 12.865936279296875,
          "acoustic_entropy_side": 12.74227523803711,
          "hz": 3827.305438964164
        },
        {
          "acoustic_entropy": 12.685614585876465,
          "acoustic_entropy_side": 12.904143333435059,
          "hz": 4228.238232109126
        },
        {
          "acoustic_entropy": 12.721583366394043,
          "acoustic_entropy_side": 12.782851219177246,
          "hz": 4664.6771572759235
        },
        {
          "acoustic_entropy": 12.697219848632812,
          "acoustic_entropy_side": 12.67534351348877,
          "hz": 5139.766595350093
        },
        {
          "acoustic_entropy": 12.732691764831543,
          "acoustic_entropy_side": 12.706257820129395,
          "hz": 5656.929389854203
        },
        {
          "acoustic_entropy": 12.726218223571777,
          "acoustic_entropy_side": 12.684013366699219,
          "hz": 6219.891507268283
        },
        {
          "acoustic_entropy": 12.733922004699707,
          "acoustic_entropy_side": 12.682242393493652,
          "hz": 6832.70888123896
        },
        {
          "acoustic_entropy": 12.742212295532227,
          "acoustic_entropy_side": 12.691040992736816,
          "hz": 7499.796634079867
        },
        {
          "acoustic_entropy": 12.731551170349121,
          "acoustic_entropy_side": 12.700313568115234,
          "hz": 8225.96088609342
        },
        {
          "acoustic_entropy": 12.701024055480957,
          "acoustic_entropy_side": 12.70150089263916,
          "hz": 9016.43338188839
        },
        {
          "acoustic_entropy": 12.700958251953125,
          "acoustic_entropy_side": 12.717524528503418,
          "hz": 9876.909183162974
        },
        {
          "acoustic_entropy": 12.69011402130127,
          "acoustic_entropy_side": 12.728658676147461,
          "hz": 10813.587699516042
        },
        {
          "acoustic_entropy": 12.654913902282715,
          "acoustic_entropy_side": 12.73291015625,
          "hz": 11833.21735289826
        },
        {
          "acoustic_entropy": 12.660886764526367,
          "acoustic_entropy_side": 12.732169151306152,
          "hz": 12943.144197493959
        },
        {
          "acoustic_entropy": 12.744566917419434,
          "acoustic_entropy_side": 12.732370376586914,
          "hz": 14151.364845322005
        },
        {
          "acoustic_entropy": 12.787933349609375,
          "acoustic_entropy_side": 12.729302406311035,
          "hz": 15466.58407886509
        },
        {
          "acoustic_entropy": 12.740540504455566,
          "acoustic_entropy_side": 12.738450050354004,
          "hz": 16898.27756580493
        },
        {
          "acoustic_entropy": 12.806051254272461,
          "acoustic_entropy_side": 12.764957427978516,
          "hz": 18456.760127700032
        },
        {
          "acoustic_entropy": 12.809349060058594,
          "acoustic_entropy_side": 12.766288757324219,
          "hz": 20153.260054456492
        },
        {
          "acoustic_entropy": 12.744240760803223,
          "acoustic_entropy_side": 12.735660552978516,
          "hz": 22000.00000000001
        }
      ],
      "diff_acoustic_entropy": 11.685093879699707,
      "sn": 12
    },
    {
      "acoustic_entropy": 20.780393600463867,
      "acoustic_entropy_mono": 18.783340454101562,
      "band_eliminated_acoustic_entropies": [
        {
          "acoustic_entropy": 20.919099807739258,
          "acoustic_entropy_side": 20.7847843170166,
          "hz": 129.47220167065723
        },
        {
          "acoustic_entropy": 21.26824951171875,
          "acoustic_entropy_side": 20.758386611938477,
          "hz": 202.92927478742237
        },
        {
          "acoustic_entropy": 20.837434768676758,
          "acoustic_entropy_side": 20.810832977294922,
          "hz": 282.89161906338205
        },
        {
          "acoustic_entropy": 19.81508445739746,
          "acoustic_entropy_side": 20.75741958618164,
          "hz": 369.9353335868758
        },
        {
          "acoustic_entropy": 19.851564407348633,
          "acoustic_entropy_side": 20.830827713012695,
          "hz": 464.6875360973435
        },
        {
          "acoustic_entropy": 19.07540512084961,
          "acoustic_entropy_side": 20.295692443847656,
          "hz": 567.8308811364784
        },
        {
          "acoustic_entropy": 20.045055389404297,
          "acoustic_entropy_side": 21.28080177307129,
          "hz": 680.1084783214808
        },
        {
          "acoustic_entropy": 20.585968017578125,
          "acoustic_entropy_side": 20.392295837402344,
          "hz": 802.3292461747484
        },
        {
          "acoustic_entropy": 19.33734130859375,
          "acoustic_entropy_side": 20.207582473754883,
          "hz": 935.3737400823702
        },
        {
          "acoustic_entropy": 20.5454158782959,
          "acoustic_entropy_side": 20.84096336364746,
          "hz": 1080.2004963696966
        },
        {
          "acoustic_entropy": 20.49229621887207,
          "acoustic_entropy_side": 20.74396324157715,
          "hz": 1237.8529382007157
        },
        {
          "acoustic_entropy": 20.296194076538086,
          "acoustic_entropy_side": 20.485048294067383,
          "hz": 1409.4668930556702
        },
        {
          "acoustic_entropy": 20.246479034423828,
          "acoustic_entropy_side": 20.301477432250977,
          "hz": 1596.2787759475705
        },
        {
          "acoustic_entropy": 20.27571678161621,
          "acoustic_entropy_side": 20.30015754699707,
          "hz": 1799.6344973346393
        },
        {
          "acoustic_entropy": 19.72062873840332,
          "acoustic_entropy_side": 20.47662925720215,
          "hz": 2020.9991599069049
        },
        {
          "acoustic_entropy": 20.378604888916016,
          "acoustic_entropy_side": 20.8743953704834,
          "hz": 2261.9676141086993
        },
        {
          "acoustic_entropy": 20.57302474975586,
          "acoustic_entropy_side": 20.85964012145996,
          "hz": 2524.2759484456974
        },
        {
          "acoustic_entropy": 20.48935317993164,
          "acoustic_entropy_side": 20.642513275146484,
          "hz": 2809.813997359896
        },
        {
          "acoustic_entropy": 20.903274536132812,
          "acoustic_entropy_side": 20.741466522216797,
          "hz": 3120.6389567871424
        },
        {
