{
  "acoustic_entropy": 177.22813415527344,
  "bands": [
    {
      "high_freq": 148.1999969482422,
      "loudness": -18.47417640686035,
      "loudness_range": 8.29920482635498,
      "mid_mean": -14.775140762329102,
      "mid_to_side_loudness": -34.65131759643555,
      "mid_to_side_loudness_range": 13.167926788330078,
      "side_mean": -50.18289566040039
    },
    {
      "high_freq": 392.3793640136719,
      "loudness": -19.374492645263672,
      "loudness_range": 4.871435165405273,
      "low_freq": 148.1999969482422,
      "mid_mean": -15.777368545532227,
      "mid_to_side_loudness": -16.78731918334961,
      "mid_to_side_loudness_range": 6.721552848815918,
      "side_mean": -32.29146194458008
    },
    {
      "high_freq": 794.6976318359375,
      "loudness": -21.80380630493164,
      "loudness_range": 7.417417526245117,
      "low_freq": 392.3793640136719,
      "mid_mean": -18.256610870361328,
      "mid_to_side_loudness": -15.379356384277344,
      "mid_to_side_loudness_range": 7.596692085266113,
      "side_mean": -33.373046875
    },
    {
      "high_freq": 1457.5709228515625,
      "loudness": -26.646671295166016,
      "loudness_range": 11.269720077514648,
      "low_freq": 794.6976318359375,
      "mid_mean": -23.21409034729004,
      "mid_to_side_loudness": -13.427101135253906,
      "mid_to_side_loudness_range": 9.701936721801758,
      "side_mean": -36.46540451049805
    },
    {
      "high_freq": 2549.74365234375,
      "loudness": -26.103166580200195,
      "loudness_range": 10.169122695922852,
      "low_freq": 1457.5709228515625,
      "mid_mean": -22.621030807495117,
      "mid_to_side_loudness": -13.739800453186035,
      "mid_to_side_loudness_range": 4.678613662719727,
      "side_mean": -36.3589973449707
    },
    {
      "high_freq": 4349.24462890625,
      "loudness": -27.689558029174805,
      "loudness_range": 9.821578979492188,
      "low_freq": 2549.74365234375,
      "mid_mean": -24.301774978637695,
      "mid_to_side_loudness": -11.098448753356934,
      "mid_to_side_loudness_range": 2.0914907455444336,
      "side_mean": -35.43942642211914
    },
    {
      "high_freq": 7314.1640625,
      "loudness": -28.435989379882812,
      "loudness_range": 8.703756332397461,
      "low_freq": 4349.24462890625,
      "mid_mean": -25.487812042236328,
      "mid_to_side_loudness": -7.234421730041504,
      "mid_to_side_loudness_range": 1.5507869720458984,
      "side_mean": -32.7352409362793
    },
    {
      "high_freq": 12199.2666015625,
      "loudness": -31.704240798950195,
      "loudness_range": 14.712841033935547,
      "low_freq": 7314.1640625,
      "mid_mean": -30.01824951171875,
      "mid_to_side_loudness": -2.333826780319214,
      "mid_to_side_loudness_range": 0.7354298830032349,
      "side_mean": -32.329444885253906
    },
    {
      "loudness": -39.35856246948242,
      "loudness_range": 10.064895629882812,
      "low_freq": 12199.2666015625,
      "mid_mean": -41.155765533447266,
      "mid_to_side_loudness": 4.043979167938232,
      "mid_to_side_loudness_range": 1.2292506694793701,
      "side_mean": -37.09822463989258
    }
  ],
  "bands_short": [
    {
      "high_freq": 148.1999969482422,
      "loudness": -22.627593994140625,
      "loudness_range": 23.57776641845703,
      "mid_mean": -19.01025390625,
      "mid_to_side_loudness": -32.93940353393555,
      "mid_to_side_loudness_range": 28.694278717041016,
      "side_mean": -54.15174102783203
    },
    {
      "high_freq": 392.3793640136719,
      "loudness": -19.77079200744629,
      "loudness_range": 11.157608032226562,
      "low_freq": 148.1999969482422,
      "mid_mean": -16.199560165405273,
      "mid_to_side_loudness": -17.144248962402344,
      "mid_to_side_loudness_range": 13.082200050354004,
      "side_mean": -33.619834899902344
    },
    {
      "high_freq": 794.6976318359375,
      "loudness": -22.759750366210938,
      "loudness_range": 12.856176376342773,
      "low_freq": 392.3793640136719,
      "mid_mean": -19.254213333129883,
      "mid_to_side_loudness": -14.756170272827148,
      "mid_to_side_loudness_range": 11.745561599731445,
      "side_mean": -34.19232940673828
    },
    {
      "high_freq": 1457.5709228515625,
      "loudness": -27.444538116455078,
      "loudness_range": 17.672937393188477,
      "low_freq": 794.6976318359375,
      "mid_mean": -24.08203887939453,
      "mid_to_side_loudness": -12.64321517944336,
      "mid_to_side_loudness_range": 13.660234451293945,
      "side_mean": -36.955116271972656
    },
    {
      "high_freq": 2549.74365234375,
      "loudness": -29.107181549072266,
      "loudness_range": 20.61577606201172,
      "low_freq": 1457.5709228515625,
      "mid_mean": -25.71687889099121,
      "mid_to_side_loudness": -12.186649322509766,
      "mid_to_side_loudness_range": 10.558944702148438,
      "side_mean": -38.16215515136719
    },
    {
      "high_freq": 4349.24462890625,
      "loudness": -30.356863021850586,
      "loudness_range": 20.209537506103516,
      "low_freq": 2549.74365234375,
      "mid_mean": -27.05139923095703,
      "mid_to_side_loudness": -10.309331893920898,
      "mid_to_side_loudness_range": 5.724245071411133,
      "side_mean": -37.54924011230469
    },
    {
      "high_freq": 7314.1640625,
      "loudness": -31.487838745117188,
      "loudness_range": 20.82830238342285,
      "low_freq": 4349.24462890625,
      "mid_mean": -28.578092575073242,
      "mid_to_side_loudness": -6.916332721710205,
      "mid_to_side_loudness_range": 2.812976360321045,
      "side_mean": -35.65522766113281
    },
    {
      "high_freq": 12199.2666015625,
      "loudness": -34.23516082763672,
      "loudness_range": 20.001976013183594,
      "low_freq": 7314.1640625,
      "mid_mean": -32.56713104248047,
      "mid_to_side_loudness": -2.264173984527588,
      "mid_to_side_loudness_range": 1.523735761642456,
      "side_mean": -34.863067626953125
    },
    {
      "loudness": -42.66425323486328,
      "loudness_range": 19.958587646484375,
      "low_freq": 12199.2666015625,
      "mid_mean": -44.30419921875,
      "mid_to_side_loudness": 3.764045000076294,
      "mid_to_side_loudness_range": 1.9577808380126953,
      "side_mean": -40.51845169067383
    }
  ],
  "bandwidth": 417.6977233886719,
  "channels": 2,
  "covariance": [
    [
      11.154501914978027,
      5.767942905426025,
      2.634823799133301,
      0.44175148010253906,
      1.7564128637313843,
      0.6158448457717896,
      2.738295555114746,
      0.5905632376670837,
      1.019307255744934,
      0.992440402507782,
      0.33280450105667114,
      0.5693016648292542,
      1.1328338384628296,
      1.3268109560012817,
      0.6819779872894287,
      0.7305092811584473,
      1.9345227479934692,
      2.0640528202056885
    ],
    [
      5.767942905426025,
      21.315654754638672,
      4.007270812988281,
      3.2979822158813477,
      3.9979231357574463,
      3.954197406768799,
      6.620932579040527,
      9.254439353942871,
      5.254959583282471,
      5.334462642669678,
      5.3549675941467285,
      5.98285436630249,
      5.556541442871094,
      5.419231414794922,
      1.9776115417480469,
      1.683046579360962,
      3.671339273452759,
      3.5276756286621094
    ],
    [
      2.634823799133301,
      4.007270812988281,
      5.935407638549805,
      3.3525612354278564,
      3.2433600425720215,
      1.6684975624084473,
      2.6665921211242676,
      1.559983491897583,
      3.2874763011932373,
      3.5395255088806152,
      3.9618570804595947,
      4.1137614250183105,
      3.9564385414123535,
      3.9693374633789062,
      4.555445671081543,
      4.369926452636719,
      3.9565932750701904,
      3.7822444438934326
    ],
    [
      0.44175148010253906,
      3.2979822158813477,
      3.3525612354278564,
      8.556644439697266,
      2.6319661140441895,
      2.8264293670654297,
      1.8515403270721436,
      3.717949151992798,
      1.983689308166504,
      2.518448829650879,
      2.307161808013916,
      2.6999220848083496,
      2.26090145111084,
      2.2266993522644043,
      1.6291401386260986,
      1.4375888109207153,
      1.4912066459655762,
      1.2395952939987183
    ],
    [
      1.7564128637313843,
      3.9979231357574463,
      3.2433600425720215,
      2.6319661140441895,
      9.75819206237793,
      6.788607597351074,
      5.901677131652832,
      4.287811279296875,
      4.72689151763916,
      5.481998443603516,
      4.103434085845947,
      4.182210922241211,
      2.4663188457489014,
      2.42974591255188,
      1.5556390285491943,
      1.4077887535095215,
      1.8257768154144287,
      1.5877708196640015
    ],
    [
      0.6158448457717896,
      3.954197406768799,
      1.6684975624084473,
      2.8264293670654297,
      6.788607597351074,
      11.81268310546875,
      4.6654438972473145,
      5.8140950202941895,
      3.425853729248047,
      4.721531867980957,
      2.626265525817871,
      3.0011708736419678,
      1.8162574768066406,
      1.6547821760177612,
      -0.4388626217842102,
      -0.6256129145622253,
      0.31939637660980225,
      0.1518400013446808
    ],
    [
      2.738295555114746,
      6.620932579040527,
      2.6665921211242676,
      1.8515403270721436,
      5.901677131652832,
      4.6654438972473145,
      18.10502815246582,
      15.402105331420898,
      8.761214256286621,
      9.290159225463867,
      3.857977867126465,
      4.258221626281738,
      2.678368330001831,
      2.633056640625,
      -0.09220743179321289,
      -0.2915281653404236,
      1.2299209833145142,
      1.1281511783599854
    ],
    [
      0.5905632376670837,
      9.254439353942871,
      1.559983491897583,
      3.717949151992798,
      4.287811279296875,
      5.8140950202941895,
      15.402105331420898,
      23.782400131225586,
      6.442536354064941,
      8.10694694519043,
      3.03271746635437,
      3.929234743118286,
      2.4404728412628174,
      2.330503463745117,
      -1.2147148847579956,
      -1.5401256084442139,
      0.025931579992175102,
      -0.13947699964046478
    ],
    [
      1.019307255744934,
      5.254959583282471,
      3.2874763011932373,
      1.983689308166504,
      4.72689151763916,
      3.425853729248047,
      8.761214256286621,
      6.442536354064941,
      16.712554931640625,
      14.78879165649414,
      11.613077163696289,
      11.015800476074219,
      8.147865295410156,
      7.551192760467529,
      5.622702598571777,
      5.401279449462891,
      5.786932945251465,
      5.691049098968506
    ],
    [
      0.992440402507782,
      5.334462642669678,
      3.5395255088806152,
      2.518448829650879,
      5.481998443603516,
      4.721531867980957,
      9.290159225463867,
      8.10694694519043,
      14.78879165649414,
      16.176284790039062,
      9.139019012451172,
      9.056160926818848,
      5.785828590393066,
      5.439734935760498,
      4.505519390106201,
      4.290322780609131,
      3.9240500926971436,
      3.658527374267578
    ],
    [
      0.33280450105667114,
      5.3549675941467285,
      3.9618570804595947,
      2.307161808013916,
      4.103434085845947,
      2.626265525817871,
      3.857977867126465,
      3.03271746635437,
      11.613077163696289,
      9.139019012451172,
      17.210941314697266,
      15.740588188171387,
      11.714462280273438,
      10.610213279724121,
      6.7708048820495605,
      6.494318962097168,
      7.6240339279174805,
      7.773312091827393
    ],
    [
      0.5693016648292542,
      5.98285436630249,
      4.1137614250183105,
      2.6999220848083496,
      4.182210922241211,
      3.0011708736419678,
      4.258221626281738,
      3.929234743118286,
      11.015800476074219,
      9.056160926818848,
      15.740588188171387,
      14.86646556854248,
      10.861021041870117,
      9.912452697753906,
      6.526024341583252,
      6.256897449493408,
      7.204415798187256,
      7.27139949798584
    ],
    [
      1.1328338384628296,
      5.556541442871094,
      3.9564385414123535,
      2.26090145111084,
      2.4663188457489014,
      1.8162574768066406,
      2.678368330001831,
      2.4404728412628174,
      8.147865295410156,
      5.785828590393066,
      11.714462280273438,
      10.861021041870117,
      14.658096313476562,
      13.87435531616211,
      11.426575660705566,
      10.99886703491211,
      11.588634490966797,
      11.642192840576172
    ],
    [
      1.3268109560012817,
      5.419231414794922,
      3.9693374633789062,
      2.2266993522644043,
      2.42974591255188,
      1.6547821760177612,
      2.633056640625,
      2.330503463745117,
      7.551192760467529,
      5.439734935760498,
      10.610213279724121,
      9.912452697753906,
      13.87435531616211,
      13.326016426086426,
      11.944058418273926,
      11.533642768859863,
      11.630059242248535,
      11.575604438781738
    ],
    [
      0.6819779872894287,
      1.9776115417480469,
      4.555445671081543,
      1.6291401386260986,
      1.5556390285491943,
      -0.4388626217842102,
      -0.09220743179321289,
      -1.2147148847579956,
      5.622702598571777,
      4.505519390106201,
      6.7708048820495605,
      6.526024341583252,
      11.426575660705566,
      11.944058418273926,
      24.368749618530273,
      24.160724639892578,
      16.718338012695312,
      15.874747276306152
    ],
    [
      0.7305092811584473,
      1.683046579360962,
      4.369926452636719,
      1.4375888109207153,
      1.4077887535095215,
      -0.6256129145622253,
      -0.2915281653404236,
      -1.5401256084442139,
      5.401279449462891,
      4.290322780609131,
      6.494318962097168,
      6.256897449493408,
      10.99886703491211,
      11.533642768859863,
      24.160724639892578,
      24.255538940429688,
      16.75263786315918,
      15.8934965133667
    ],
    [
      1.9345227479934692,
      3.671339273452759,
      3.9565932750701904,
      1.4912066459655762,
      1.8257768154144287,
      0.31939637660980225,
      1.2299209833145142,
      0.025931579992175102,
      5.786932945251465,
      3.9240500926971436,
      7.6240339279174805,
      7.204415798187256,
      11.588634490966797,
      11.630059242248535,
      16.718338012695312,
      16.75263786315918,
      15.699575424194336,
      15.148043632507324
    ],
    [
      2.0640528202056885,
      3.5276756286621094,
      3.7822444438934326,
      1.2395952939987183,
      1.5877708196640015,
      0.1518400013446808,
      1.1281511783599854,
      -0.13947699964046478,
      5.691049098968506,
      3.658527374267578,
      7.773312091827393,
      7.27139949798584,
      11.642192840576172,
      11.575604438781738,
      15.874747276306152,
      15.8934965133667,
      15.148043632507324,
      14.99970817565918
    ]
  ],
  "covariance_short": [
    [
      59.42414093017578,
      11.300124168395996,
      15.354077339172363,
      1.5588961839675903,
      4.90749979019165,
      3.5717430114746094,
      5.305866241455078,
      2.0566189289093018,
      4.391545295715332,
      2.399209976196289,
      3.5145819187164307,
      3.5167148113250732,
      6.080641269683838,
      6.930283069610596,
      4.641345977783203,
      4.674568176269531,
      6.391355037689209,
      7.096921920776367
    ],
    [
      11.300124168395996,
      51.85833740234375,
      4.524511337280273,
      5.2339982986450195,
      4.2825398445129395,
      5.543634414672852,
      8.077528953552246,
      13.05813980102539,
      5.582853317260742,
      6.025069236755371,
      4.784477233886719,
      5.457772731781006,
      5.573037624359131,
      6.027169227600098,
      1.7984519004821777,
      1.5119532346725464,
      2.147409439086914,
      1.9896502494812012
    ],
    [
      15.354077339172363,
      4.524511337280273,
      18.447309494018555,
      7.907498836517334,
      7.076541423797607,
      5.358246326446533,
      4.481152534484863,
      3.5424115657806396,
      7.287735939025879,
      5.341482639312744,
      8.070744514465332,
      7.517407417297363,
      9.824719429016113,
      9.844026565551758,
      6.447930812835693,
      6.337437152862549,
      8.756668090820312,
      9.200636863708496
    ],
    [
      1.5588961839675903,
      5.2339982986450195,
      7.907498836517334,
      17.676259994506836,
      5.7598724365234375,
      6.03156042098999,
      5.748769760131836,
      6.770328998565674,
      6.9916911125183105,
      5.63638973236084,
      6.64241886138916,
      6.473537921905518,
      7.730082988739014,
      7.776745796203613,
      4.817033767700195,
      4.670195579528809,
      6.014707565307617,
      6.079395294189453
    ],
    [
      4.90749979019165,
      4.2825398445129395,
      7.076541423797607,
      5.7598724365234375,
      24.127056121826172,
      13.912939071655273,
      13.953773498535156,
      9.854504585266113,
      19.042736053466797,
      14.085538864135742,
      17.348064422607422,
      14.641053199768066,
      10.716179847717285,
      10.117615699768066,
      4.250213146209717,
      4.128075122833252,
      5.114904880523682,
      5.449106693267822
    ],
    [
      3.5717430114746094,
      5.543634414672852,
      5.358246326446533,
      6.03156042098999,
      13.912939071655273,
      20.055757522583008,
      9.380362510681152,
      9.658746719360352,
      12.307109832763672,
      10.995387077331543,
      10.026139259338379,
      9.628941535949707,
      8.121830940246582,
      7.997110843658447,
      4.069554328918457,
      3.8739795684814453,
      4.823035717010498,
      4.871352195739746
    ],
    [
      5.305866241455078,
      8.077528953552246,
      4.481152534484863,
      5.748769760131836,
      13.953773498535156,
      9.380362510681152,
      40.586463928222656,
      27.32464027404785,
      28.958799362182617,
      21.127103805541992,
      18.927507400512695,
      16.505884170532227,
      10.91549015045166,
      10.145975112915039,
      4.59304141998291,
      4.375809669494629,
      5.929175853729248,
      6.421661376953125
    ],
    [
      2.0566189289093018,
      13.05813980102539,
      3.5424115657806396,
      6.770328998565674,
      9.854504585266113,
      9.658746719360352,
      27.32464027404785,
      36.32339859008789,
      19.32431983947754,
      17.016611099243164,
      12.998023986816406,
      12.641115188598633,
      9.266777038574219,
      8.881828308105469,
      3.1807572841644287,
      2.8892595767974854,
      4.181059837341309,
      4.2737603187561035
    ],
    [
      4.391545295715332,
      5.582853317260742,
      7.287735939025879,
      6.9916911125183105,
      19.042736053466797,
      12.307109832763672,
      28.958799362182617,
      19.32431983947754,
      53.32263946533203,
      37.10694122314453,
      35.78916549682617,
      30.652446746826172,
      22.107194900512695,
      20.054372787475586,
      11.831048011779785,
      11.517657279968262,
      12.221504211425781,
      12.836783409118652
    ],
    [
      2.399209976196289,
      6.025069236755371,
      5.341482639312744,
      5.63638973236084,
      14.085538864135742,
      10.995387077331543,
      21.127103805541992,
      17.016611099243164,
      37.10694122314453,
      34.84871292114258,
      25.231685638427734,
      23.084423065185547,
      16.12850570678711,
      14.992036819458008,
      9.799649238586426,
      9.62264633178711,
      9.33055591583252,
      9.532085418701172
    ],
    [
      3.5145819187164307,
      4.784477233886719,
      8.070744514465332,
      6.64241886138916,
      17.348064422607422,
      10.026139259338379,
      18.927507400512695,
      12.998023986816406,
      35.78916549682617,
      25.231685638427734,
      45.931453704833984,
      38.210357666015625,
      31.221784591674805,
      28.37297248840332,
      16.80537986755371,
      16.287792205810547,
      18.64610481262207,
      19.786832809448242
    ],
    [
      3.5167148113250732,
      5.457772731781006,
      7.517407417297363,
      6.473537921905518,
      14.641053199768066,
      9.628941535949707,
      16.505884170532227,
      12.641115188598633,
      30.652446746826172,
      23.084423065185547,
      38.210357666015625,
      34.794952392578125,
      27.476581573486328,
      25.39568519592285,
      15.732576370239258,
      15.375150680541992,
      17.623271942138672,
      18.509531021118164
    ],
    [
      6.080641269683838,
      5.573037624359131,
      9.824719429016113,
      7.730082988739014,
      10.716179847717285,
      8.121830940246582,
      10.91549015045166,
      9.266777038574219,
      22.107194900512695,
      16.12850570678711,
      31.221784591674805,
      27.476581573486328,
      47.24443435668945,
      44.287437438964844,
      34.03715133666992,
      33.10421371459961,
      38.5002555847168,
      39.898990631103516
    ],
    [
      6.930283069610596,
      6.027169227600098,
      9.844026565551758,
      7.776745796203613,
      10.117615699768066,
      7.997110843658447,
      10.145975112915039,
      8.881828308105469,
      20.054372787475586,
      14.992036819458008,
      28.37297248840332,
      25.39568519592285,
      44.287437438964844,
      43.44860076904297,
      33.932621002197266,
      33.086448669433594,
      37.99112319946289,
      39.21179962158203
    ],
    [
      4.641345977783203,
      1.7984519004821777,
      6.447930812835693,
      4.817033767700195,
      4.250213146209717,
      4.069554328918457,
      4.59304141998291,
      3.1807572841644287,
      11.831048011779785,
      9.799649238586426,
      16.80537986755371,
      15.732576370239258,
      34.03715133666992,
      33.932621002197266,
      44.51063537597656,
      43.88733673095703,
      40.8826904296875,
      41.06821823120117
    ],
    [
      4.674568176269531,
      1.5119532346725464,
      6.337437152862549,
      4.670195579528809,
      4.128075122833252,
      3.8739795684814453,
      4.375809669494629,
      2.8892595767974854,
      11.517657279968262,
      9.62264633178711,
      16.287792205810547,
      15.375150680541992,
      33.10421371459961,
      33.086448669433594,
      43.88733673095703,
      43.95619583129883,
      40.71546936035156,
      40.819095611572266
    ],
    [
      6.391355037689209,
      2.147409439086914,
      8.756668090820312,
      6.014707565307617,
      5.114904880523682,
      4.823035717010498,
      5.929175853729248,
      4.181059837341309,
      12.221504211425781,
      9.33055591583252,
      18.64610481262207,
      17.623271942138672,
      38.5002555847168,
      37.99112319946289,
      40.8826904296875,
      40.71546936035156,
      49.33863830566406,
      49.95113754272461
    ],
    [
      7.096921920776367,
      1.9896502494812012,
      9.200636863708496,
      6.079395294189453,
      5.449106693267822,
      4.871352195739746,
      6.421661376953125,
      4.2737603187561035,
      12.836783409118652,
      9.532085418701172,
      19.786832809448242,
      18.509531021118164,
      39.898990631103516,
      39.21179962158203,
      41.06821823120117,
      40.819095611572266,
      49.95113754272461,
      51.65361404418945
    ]
  ],
  "damage": -4.963690757751465,
  "diff_bandwidth": 413.3766174316406,
  "dissonance": 8.192919307847795,
  "drr": -7.796507835388184,
  "dynamics": 1.9591773748397827,
  "format": 1245190,
  "frames": 6919104,
  "loudness": -10.073311805725098,
  "loudness_range": 2.870851516723633,
  "loudness_range_short": 8.859769821166992,
  "lowpass_true_peak_15khz": 0.2624583840370178,
  "mastering3_acoustic_entropies": [
    {
      "acoustic_entropy": 7.097981929779053,
      "acoustic_entropy_mono": 7.129166126251221,
      "band_eliminated_acoustic_entropies": [
        {
          "acoustic_entropy": 6.633038520812988,
          "acoustic_entropy_side": 7.097987174987793,
          "hz": 129.47220167065723
        },
        {
          "acoustic_entropy": 6.838676929473877,
          "acoustic_entropy_side": 7.097947120666504,
          "hz": 202.92927478742237
        },
        {
          "acoustic_entropy": 7.280519485473633,
          "acoustic_entropy_side": 7.094115734100342,
          "hz": 282.89161906338205
        },
        {
          "acoustic_entropy": 7.08271598815918,
          "acoustic_entropy_side": 7.0740838050842285,
          "hz": 369.9353335868758
        },
        {
          "acoustic_entropy": 7.422269344329834,
          "acoustic_entropy_side": 7.11228609085083,
          "hz": 464.6875360973435
        },
        {
          "acoustic_entropy": 7.763101577758789,
          "acoustic_entropy_side": 7.116320610046387,
          "hz": 567.8308811364784
        },
        {
          "acoustic_entropy": 5.81350564956665,
          "acoustic_entropy_side": 7.028340816497803,
          "hz": 680.1084783214808
        },
        {
          "acoustic_entropy": 7.632265567779541,
          "acoustic_entropy_side": 7.06262731552124,
          "hz": 802.3292461747484
        },
        {
          "acoustic_entropy": 7.3439226150512695,
          "acoustic_entropy_side": 7.059670448303223,
          "hz": 935.3737400823702
        },
        {
          "acoustic_entropy": 7.100759506225586,
          "acoustic_entropy_side": 7.154811382293701,
          "hz": 1080.2004963696966
        },
        {
          "acoustic_entropy": 7.297091960906982,
          "acoustic_entropy_side": 7.113720417022705,
          "hz": 1237.8529382007157
        },
        {
          "acoustic_entropy": 7.2424235343933105,
          "acoustic_entropy_side": 7.072385787963867,
          "hz": 1409.4668930556702
        },
        {
          "acoustic_entropy": 7.5442070960998535,
          "acoustic_entropy_side": 7.1884260177612305,
          "hz": 1596.2787759475705
        },
        {
          "acoustic_entropy": 6.888917922973633,
          "acoustic_entropy_side": 7.093317985534668,
          "hz": 1799.6344973346393
        },
        {
          "acoustic_entropy": 6.590630054473877,
          "acoustic_entropy_side": 7.081347465515137,
          "hz": 2020.9991599069049
        },
        {
          "acoustic_entropy": 7.226666450500488,
          "acoustic_entropy_side": 7.097568511962891,
          "hz": 2261.9676141086993
        },
        {
          "acoustic_entropy": 6.898355484008789,
          "acoustic_entropy_side": 7.102578639984131,
          "hz": 2524.2759484456974
        },
        {
          "acoustic_entropy": 6.9683918952941895,
          "acoustic_entropy_side": 7.0921711921691895,
          "hz": 2809.813997359896
        },
        {
          "acoustic_entropy": 6.877031326293945,
          "acoustic_entropy_side": 7.079826354980469,
          "hz": 3120.6389567871424
        },
        {
          "acoustic_entropy": 6.946393966674805,
          "acoustic_entropy_side": 7.090938091278076,
          "hz": 3458.990205492291
        },
        {
          "acoustic_entropy": 6.9438090324401855,
          "acoustic_entropy_side": 7.094195365905762,
          "hz": 3827.305438964164
        },
        {
          "acoustic_entropy": 6.961842060089111,
          "acoustic_entropy_side": 7.091863632202148,
          "hz": 4228.238232109126
        },
        {
          "acoustic_entropy": 6.9810309410095215,
          "acoustic_entropy_side": 7.087838172912598,
          "hz": 4664.6771572759235
        },
        {
          "acoustic_entropy": 7.038848400115967,
          "acoustic_entropy_side": 7.091730117797852,
          "hz": 5139.766595350093
        },
        {
          "acoustic_entropy": 7.22801399230957,
          "acoustic_entropy_side": 7.120772361755371,
          "hz": 5656.929389854203
        },
        {
          "acoustic_entropy": 7.235109806060791,
          "acoustic_entropy_side": 7.113232135772705,
          "hz": 6219.891507268283
        },
        {
          "acoustic_entropy": 7.2444167137146,
          "acoustic_entropy_side": 7.117462635040283,
          "hz": 6832.70888123896
        },
        {
          "acoustic_entropy": 7.1812214851379395,
          "acoustic_entropy_side": 7.115304946899414,
          "hz": 7499.796634079867
        },
        {
          "acoustic_entropy": 7.137524127960205,
          "acoustic_entropy_side": 7.113962650299072,
          "hz": 8225.96088609342
        },
        {
          "acoustic_entropy": 7.045963764190674,
          "acoustic_entropy_side": 7.106231212615967,
          "hz": 9016.43338188839
        },
        {
          "acoustic_entropy": 6.789103031158447,
          "acoustic_entropy_side": 7.076364040374756,
          "hz": 9876.909183162974
        },
        {
          "acoustic_entropy": 6.987735271453857,
          "acoustic_entropy_side": 7.09046745300293,
          "hz": 10813.587699516042
        },
        {
          "acoustic_entropy": 7.123953819274902,
          "acoustic_entropy_side": 7.115900039672852,
          "hz": 11833.21735289826
        },
        {
          "acoustic_entropy": 7.118431091308594,
          "acoustic_entropy_side": 7.1106414794921875,
          "hz": 12943.144197493959
        },
        {
          "acoustic_entropy": 7.113144397735596,
          "acoustic_entropy_side": 7.107388496398926,
          "hz": 14151.364845322005
        },
        {
          "acoustic_entropy": 7.112478256225586,
          "acoustic_entropy_side": 7.109816074371338,
          "hz": 15466.58407886509
        },
        {
          "acoustic_entropy": 7.1083502769470215,
          "acoustic_entropy_side": 7.107387065887451,
          "hz": 16898.27756580493
        },
        {
          "acoustic_entropy": 7.102249622344971,
          "acoustic_entropy_side": 7.10206937789917,
          "hz": 18456.760127700032
        },
        {
          "acoustic_entropy": 7.098621368408203,
          "acoustic_entropy_side": 7.098612308502197,
          "hz": 20153.260054456492
        },
        {
          "acoustic_entropy": 7.098066806793213,
          "acoustic_entropy_side": 7.098066806793213,
          "hz": 22000.00000000001
        }
      ],
      "diff_acoustic_entropy": 9.547531127929688,
      "sn": 6
    },
    {
      "acoustic_entropy": 10.77400016784668,
      "acoustic_entropy_mono": 10.731853485107422,
      "band_eliminated_acoustic_entropies": [
        {
          "acoustic_entropy": 10.287342071533203,
          "acoustic_entropy_side": 10.774035453796387,
          "hz": 129.47220167065723
        },
        {
          "acoustic_entropy": 11.143454551696777,
          "acoustic_entropy_side": 10.775189399719238,
          "hz": 202.92927478742237
        },
        {
          "acoustic_entropy": 10.6188383102417,
          "acoustic_entropy_side": 10.799018859863281,
          "hz": 282.89161906338205
        },
        {
          "acoustic_entropy": 10.72331428527832,
          "acoustic_entropy_side": 10.893625259399414,
          "hz": 369.9353335868758
        },
        {
          "acoustic_entropy": 11.566357612609863,
          "acoustic_entropy_side": 10.756112098693848,
          "hz": 464.6875360973435
        },
        {
          "acoustic_entropy": 11.428642272949219,
          "acoustic_entropy_side": 10.855680465698242,
          "hz": 567.8308811364784
        },
        {
          "acoustic_entropy": 9.690025329589844,
          "acoustic_entropy_side": 10.5660400390625,
          "hz": 680.1084783214808
        },
        {
          "acoustic_entropy": 11.227350234985352,
          "acoustic_entropy_side": 11.14935302734375,
          "hz": 802.3292461747484
        },
        {
          "acoustic_entropy": 10.039581298828125,
          "acoustic_entropy_side": 10.793835639953613,
          "hz": 935.3737400823702
        },
        {
          "acoustic_entropy": 10.597515106201172,
          "acoustic_entropy_side": 10.613875389099121,
          "hz": 1080.2004963696966
        },
        {
          "acoustic_entropy": 10.478490829467773,
          "acoustic_entropy_side": 11.070016860961914,
          "hz": 1237.8529382007157
        },
        {
          "acoustic_entropy": 10.470990180969238,
          "acoustic_entropy_side": 11.206462860107422,
          "hz": 1409.4668930556702
        },
        {
          "acoustic_entropy": 11.072888374328613,
          "acoustic_entropy_side": 10.962966918945312,
          "hz": 1596.2787759475705
        },
        {
          "acoustic_entropy": 10.67634105682373,
          "acoustic_entropy_side": 10.788792610168457,
          "hz": 1799.6344973346393
        },
        {
          "acoustic_entropy": 10.555244445800781,
          "acoustic_entropy_side": 10.651043891906738,
          "hz": 2020.9991599069049
        },
        {
          "acoustic_entropy": 10.453633308410645,
          "acoustic_entropy_side": 10.795639038085938,
          "hz": 2261.9676141086993
        },
        {
          "acoustic_entropy": 10.355429649353027,
          "acoustic_entropy_side": 10.653153419494629,
          "hz": 2524.2759484456974
        },
        {
          "acoustic_entropy": 9.775490760803223,
          "acoustic_entropy_side": 10.600390434265137,
          "hz": 2809.813997359896
        },
        {
          "acoustic_entropy": 10.1349458694458,
          "acoustic_entropy_side": 10.654061317443848,
          "hz": 3120.6389567871424
        },
        {
          "acoustic_entropy": 10.318096160888672,
          "acoustic_entropy_side": 10.693802833557129,
          "hz": 3458.990205492291
        },
        {
          "acoustic_entropy": 10.636334419250488,
          "acoustic_entropy_side": 10.746419906616211,
          "hz": 3827.305438964164
        },
        {
          "acoustic_entropy": 10.642796516418457,
          "acoustic_entropy_side": 10.72433853149414,
          "hz": 4228.238232109126
        },
        {
          "acoustic_entropy": 10.525955200195312,
          "acoustic_entropy_side": 10.637009620666504,
          "hz": 4664.6771572759235
        },
        {
          "acoustic_entropy": 10.494874000549316,
          "acoustic_entropy_side": 10.656157493591309,
          "hz": 5139.766595350093
        },
        {
          "acoustic_entropy": 10.578570365905762,
          "acoustic_entropy_side": 10.72980785369873,
          "hz": 5656.929389854203
        },
        {
          "acoustic_entropy": 10.539754867553711,
          "acoustic_entropy_side": 10.721220970153809,
          "hz": 6219.891507268283
        },
        {
          "acoustic_entropy": 10.574813842773438,
          "acoustic_entropy_side": 10.7327880859375,
          "hz": 6832.70888123896
        },
        {
          "acoustic_entropy": 10.757806777954102,
          "acoustic_entropy_side": 10.770931243896484,
          "hz": 7499.796634079867
        },
        {
          "acoustic_entropy": 10.849787712097168,
          "acoustic_entropy_side": 10.811697006225586,
          "hz": 8225.96088609342
        },
        {
          "acoustic_entropy": 10.870713233947754,
          "acoustic_entropy_side": 10.823176383972168,
          "hz": 9016.43338188839
        },
        {
          "acoustic_entropy": 10.592761993408203,
          "acoustic_entropy_side": 10.723541259765625,
          "hz": 9876.909183162974
        },
        {
          "acoustic_entropy": 10.702024459838867,
          "acoustic_entropy_side": 10.722891807556152,
          "hz": 10813.587699516042
        },
        {
          "acoustic_entropy": 10.722794532775879,
          "acoustic_entropy_side": 10.752121925354004,
          "hz": 11833.21735289826
        },
        {
          "acoustic_entropy": 10.843442916870117,
          "acoustic_entropy_side": 10.80402946472168,
          "hz": 12943.144197493959
        },
        {
          "acoustic_entropy": 10.831639289855957,
          "acoustic_entropy_side": 10.785731315612793,
          "hz": 14151.364845322005
        },
        {
          "acoustic_entropy": 10.876505851745605,
          "acoustic_entropy_side": 10.854005813598633,
          "hz": 15466.58407886509
        },
        {
          "acoustic_entropy": 10.836394309997559,
          "acoustic_entropy_side": 10.826722145080566,
          "hz": 16898.27756580493
        },
        {
          "acoustic_entropy": 10.79641056060791,
          "acoustic_entropy_side": 10.794382095336914,
          "hz": 18456.760127700032
        },
        {
          "acoustic_entropy": 10.777633666992188,
          "acoustic_entropy_side": 10.777579307556152,
          "hz": 20153.260054456492
        },
        {
          "acoustic_entropy": 10.774417877197266,
          "acoustic_entropy_side": 10.77441692352295,
          "hz": 22000.00000000001
        }
      ],
      "diff_acoustic_entropy": 13.350581169128418,
      "sn": 12
    },
    {
      "acoustic_entropy": 14.584868431091309,
      "acoustic_entropy_mono": 14.040428161621094,
      "band_eliminated_acoustic_entropies": [
        {
          "acoustic_entropy": 14.043453216552734,
          "acoustic_entropy_side": 14.583403587341309,
          "hz": 129.47220167065723
        },
        {
          "acoustic_entropy": 14.448663711547852,
          "acoustic_entropy_side": 14.685347557067871,
          "hz": 202.92927478742237
        },
        {
          "acoustic_entropy": 14.483513832092285,
          "acoustic_entropy_side": 14.257966041564941,
          "hz": 282.89161906338205
        },
        {
          "acoustic_entropy": 14.198187828063965,
          "acoustic_entropy_side": 13.724549293518066,
          "hz": 369.9353335868758
        },
        {
          "acoustic_entropy": 14.476958274841309,
          "acoustic_entropy_side": 14.624969482421875,
          "hz": 464.6875360973435
        },
        {
          "acoustic_entropy": 14.383373260498047,
          "acoustic_entropy_side": 14.169934272766113,
          "hz": 567.8308811364784
        },
        {
          "acoustic_entropy": 14.066654205322266,
          "acoustic_entropy_side": 14.693337440490723,
          "hz": 680.1084783214808
        },
        {
          "acoustic_entropy": 14.272122383117676,
          "acoustic_entropy_side": 14.470852851867676,
          "hz": 802.3292461747484
        },
        {
          "acoustic_entropy": 14.150614738464355,
          "acoustic_entropy_side": 14.592416763305664,
          "hz": 935.3737400823702
        },
        {
          "acoustic_entropy": 14.253750801086426,
          "acoustic_entropy_side": 14.14348316192627,
          "hz": 1080.2004963696966
        },
        {
          "acoustic_entropy": 14.94126033782959,
          "acoustic_entropy_side": 15.264152526855469,
          "hz": 1237.8529382007157
        },
        {
          "acoustic_entropy": 13.646273612976074,
          "acoustic_entropy_side": 14.14258098602295,
          "hz": 1409.4668930556702
        },
        {
          "acoustic_entropy": 14.035760879516602,
          "acoustic_entropy_side": 14.331072807312012,
          "hz": 1596.2787759475705
        },
        {
          "acoustic_entropy": 14.385662078857422,
          "acoustic_entropy_side": 14.382284164428711,
          "hz": 1799.6344973346393
        },
        {
          "acoustic_entropy": 15.261240005493164,
          "acoustic_entropy_side": 14.807969093322754,
          "hz": 2020.9991599069049
        },
        {
          "acoustic_entropy": 13.935256958007812,
          "acoustic_entropy_side": 14.373291969299316,
          "hz": 2261.9676141086993
        },
        {
          "acoustic_entropy": 14.516692161560059,
          "acoustic_entropy_side": 14.568303108215332,
          "hz": 2524.2759484456974
        },
        {
          "acoustic_entropy": 14.434927940368652,
          "acoustic_entropy_side": 14.480916023254395,
          "hz": 2809.813997359896
        },
        {
          "acoustic_entropy": 14.796964645385742,
