{
  "acoustic_entropy": 163.33529663085938,
  "bands": [
    {
      "high_freq": 148.1999969482422,
      "loudness": -34.35746765136719,
      "loudness_range": 14.372613906860352,
      "mid_mean": -33.10965347290039,
      "mid_to_side_loudness": -2.0020241737365723,
      "mid_to_side_loudness_range": 5.819748401641846,
      "side_mean": -34.44184494018555
    },
    {
      "high_freq": 392.3793640136719,
      "loudness": -34.45640182495117,
      "loudness_range": 14.622894287109375,
      "low_freq": 148.1999969482422,
      "mid_mean": -31.561614990234375,
      "mid_to_side_loudness": -7.901386737823486,
      "mid_to_side_loudness_range": 9.469728469848633,
      "side_mean": -39.47286605834961
    },
    {
      "high_freq": 794.6976318359375,
      "loudness": -36.79390335083008,
      "loudness_range": 16.70186996459961,
      "low_freq": 392.3793640136719,
      "mid_mean": -33.43758010864258,
      "mid_to_side_loudness": -11.473365783691406,
      "mid_to_side_loudness_range": 9.505279541015625,
      "side_mean": -44.98139190673828
    },
    {
      "high_freq": 1457.5709228515625,
      "loudness": -41.329647064208984,
      "loudness_range": 22.24340057373047,
      "low_freq": 794.6976318359375,
      "mid_mean": -37.841426849365234,
      "mid_to_side_loudness": -14.394683837890625,
      "mid_to_side_loudness_range": 11.990537643432617,
      "side_mean": -52.23372268676758
    },
    {
      "high_freq": 2549.74365234375,
      "loudness": -47.921024322509766,
      "loudness_range": 21.454151153564453,
      "low_freq": 1457.5709228515625,
      "mid_mean": -44.7017707824707,
      "mid_to_side_loudness": -10.449687957763672,
      "mid_to_side_loudness_range": 10.355810165405273,
      "side_mean": -54.940208435058594
    },
    {
      "high_freq": 4349.24462890625,
      "loudness": -52.375701904296875,
      "loudness_range": 19.59326934814453,
      "low_freq": 2549.74365234375,
      "mid_mean": -50.11149597167969,
      "mid_to_side_loudness": -5.47275447845459,
      "mid_to_side_loudness_range": 7.795917510986328,
      "side_mean": -55.17195510864258
    },
    {
      "high_freq": 7314.1640625,
      "loudness": -50.213809967041016,
      "loudness_range": 20.484359741210938,
      "low_freq": 4349.24462890625,
      "mid_mean": -49.395748138427734,
      "mid_to_side_loudness": -3.557313919067383,
      "mid_to_side_loudness_range": 2.8193650245666504,
      "side_mean": -52.769649505615234
    },
    {
      "high_freq": 12199.2666015625,
      "loudness": -52.37968444824219,
      "loudness_range": 22.062850952148438,
      "low_freq": 7314.1640625,
      "mid_mean": -52.47980499267578,
      "mid_to_side_loudness": -2.501220703125,
      "mid_to_side_loudness_range": 1.6192688941955566,
      "side_mean": -54.595298767089844
    },
    {
      "loudness": -58.05441665649414,
      "loudness_range": 25.413421630859375,
      "low_freq": 12199.2666015625,
      "mid_mean": -57.90911102294922,
      "mid_to_side_loudness": -0.6180776953697205,
      "mid_to_side_loudness_range": 1.3975200653076172,
      "side_mean": -58.29615020751953
    }
  ],
  "bands_short": [
    {
      "high_freq": 148.1999969482422,
      "loudness": -37.95296859741211,
      "loudness_range": 22.130229949951172,
      "mid_mean": -37.02056121826172,
      "mid_to_side_loudness": -1.763594627380371,
      "mid_to_side_loudness_range": 9.176000595092773,
      "side_mean": -38.052879333496094
    },
    {
      "high_freq": 392.3793640136719,
      "loudness": -33.79874801635742,
      "loudness_range": 15.618631362915039,
      "low_freq": 148.1999969482422,
      "mid_mean": -31.16497802734375,
      "mid_to_side_loudness": -6.854222297668457,
      "mid_to_side_loudness_range": 11.237454414367676,
      "side_mean": -37.849918365478516
    },
    {
      "high_freq": 794.6976318359375,
      "loudness": -37.920284271240234,
      "loudness_range": 20.317766189575195,
      "low_freq": 392.3793640136719,
      "mid_mean": -34.66877365112305,
      "mid_to_side_loudness": -10.978435516357422,
      "mid_to_side_loudness_range": 13.101289749145508,
      "side_mean": -45.854801177978516
    },
    {
      "high_freq": 1457.5709228515625,
      "loudness": -42.453983306884766,
      "loudness_range": 23.78936004638672,
      "low_freq": 794.6976318359375,
      "mid_mean": -39.013526916503906,
      "mid_to_side_loudness": -14.082701683044434,
      "mid_to_side_loudness_range": 14.982915878295898,
      "side_mean": -53.155704498291016
    },
    {
      "high_freq": 2549.74365234375,
      "loudness": -49.35347366333008,
      "loudness_range": 23.579612731933594,
      "low_freq": 1457.5709228515625,
      "mid_mean": -46.2757682800293,
      "mid_to_side_loudness": -10.033318519592285,
      "mid_to_side_loudness_range": 12.398029327392578,
      "side_mean": -56.043155670166016
    },
    {
      "high_freq": 4349.24462890625,
      "loudness": -53.78384780883789,
      "loudness_range": 21.855064392089844,
      "low_freq": 2549.74365234375,
      "mid_mean": -51.597782135009766,
      "mid_to_side_loudness": -5.532434940338135,
      "mid_to_side_loudness_range": 8.92521858215332,
      "side_mean": -56.61534881591797
    },
    {
      "high_freq": 7314.1640625,
      "loudness": -52.110565185546875,
      "loudness_range": 22.134788513183594,
      "low_freq": 4349.24462890625,
      "mid_mean": -51.625064849853516,
      "mid_to_side_loudness": -3.5505475997924805,
      "mid_to_side_loudness_range": 3.88366961479187,
      "side_mean": -54.74679183959961
    },
    {
      "high_freq": 12199.2666015625,
      "loudness": -54.7811279296875,
      "loudness_range": 24.301063537597656,
      "low_freq": 7314.1640625,
      "mid_mean": -54.78884506225586,
      "mid_to_side_loudness": -2.4735159873962402,
      "mid_to_side_loudness_range": 2.7963247299194336,
      "side_mean": -56.80138397216797
    },
    {
      "loudness": -61.20753860473633,
      "loudness_range": 27.337646484375,
      "low_freq": 12199.2666015625,
      "mid_mean": -60.45474624633789,
      "mid_to_side_loudness": -0.6199398636817932,
      "mid_to_side_loudness_range": 1.8975162506103516,
      "side_mean": -60.7578125
    }
  ],
  "bandwidth": 428.2598876953125,
  "channels": 2,
  "covariance": [
    [
      33.46787643432617,
      29.95038414001465,
      8.58928394317627,
      11.304166793823242,
      7.6556596755981445,
      7.219086647033691,
      10.090537071228027,
      10.720135688781738,
      9.606575965881348,
      9.528438568115234,
      13.775507926940918,
      14.327264785766602,
      19.680570602416992,
      19.473697662353516,
      21.850666046142578,
      20.347393035888672,
      18.877330780029297,
      18.67383575439453
    ],
    [
      29.95038414001465,
      34.83949279785156,
      11.172987937927246,
      14.36937141418457,
      9.530808448791504,
      8.758624076843262,
      11.81254768371582,
      11.226611137390137,
      11.137022018432617,
      10.63814926147461,
      15.375776290893555,
      15.315980911254883,
      20.465620040893555,
      20.005334854125977,
      22.468994140625,
      20.829456329345703,
      19.29059600830078,
      19.060245513916016
    ],
    [
      8.58928394317627,
      11.172987937927246,
      30.673049926757812,
      24.364776611328125,
      17.527793884277344,
      13.08475399017334,
      17.40329360961914,
      15.342338562011719,
      20.58241081237793,
      16.348155975341797,
      19.973405838012695,
      17.358055114746094,
      21.970979690551758,
      22.2614803314209,
      24.522497177124023,
      24.33263397216797,
      23.19450569152832,
      23.80538558959961
    ],
    [
      11.304166793823242,
      14.36937141418457,
      24.364776611328125,
      31.42645835876465,
      11.770021438598633,
      11.100117683410645,
      11.409666061401367,
      12.263532638549805,
      12.588650703430176,
      11.911983489990234,
      16.989715576171875,
      17.68009376525879,
      23.903724670410156,
      25.214839935302734,
      27.395662307739258,
      27.024614334106445,
      25.399608612060547,
      25.866138458251953
    ],
    [
      7.6556596755981445,
      9.530808448791504,
      17.527793884277344,
      11.770021438598633,
      36.94723892211914,
      27.13832664489746,
      31.225914001464844,
      19.919361114501953,
      28.95595359802246,
      19.369787216186523,
      26.803001403808594,
      18.159713745117188,
      19.896390914916992,
      18.720539093017578,
      21.239965438842773,
      20.52020263671875,
      19.867136001586914,
      20.088268280029297
    ],
    [
      7.219086647033691,
      8.758624076843262,
      13.08475399017334,
      11.100117683410645,
      27.13832664489746,
      28.07573890686035,
      24.344141006469727,
      17.712966918945312,
      22.3070125579834,
      16.998414993286133,
      23.348520278930664,
      17.3967227935791,
      19.865707397460938,
      19.11322784423828,
      21.31827735900879,
      20.457311630249023,
      19.6138858795166,
      19.602874755859375
    ],
    [
      10.090537071228027,
      11.81254768371582,
      17.40329360961914,
      11.409666061401367,
      31.225914001464844,
      24.344141006469727,
      57.004058837890625,
      38.23252487182617,
      45.0590934753418,
      30.976778030395508,
      37.09683609008789,
      25.77975845336914,
      26.669517517089844,
      23.697683334350586,
      27.348844528198242,
      25.257429122924805,
      24.003826141357422,
      23.763479232788086
    ],
    [
      10.720135688781738,
      11.226611137390137,
      15.342338562011719,
      12.263532638549805,
      19.919361114501953,
      17.712966918945312,
      38.23252487182617,
      35.668968200683594,
      36.368595123291016,
      30.505157470703125,
      34.56440353393555,
      27.9112491607666,
      30.690732955932617,
      28.3173885345459,
      31.734024047851562,
      28.986995697021484,
      27.198013305664062,
      26.52385711669922
    ],
    [
      9.606575965881348,
      11.137022018432617,
      20.58241081237793,
      12.588650703430176,
      28.95595359802246,
      22.3070125579834,
      45.0590934753418,
      36.368595123291016,
      56.82079315185547,
      40.060333251953125,
      44.214805603027344,
      32.074623107910156,
      34.90646743774414,
      30.388267517089844,
      34.451175689697266,
      30.859329223632812,
      28.357784271240234,
      27.621870040893555
    ],
    [
      9.528438568115234,
      10.63814926147461,
      16.348155975341797,
      11.911983489990234,
      19.369787216186523,
      16.998414993286133,
      30.976778030395508,
      30.505157470703125,
      40.060333251953125,
      36.1181640625,
      38.724849700927734,
      32.59230422973633,
      36.30062484741211,
      33.32064437866211,
      36.912498474121094,
      33.301788330078125,
      30.635982513427734,
      29.55080795288086
    ],
    [
      13.775507926940918,
      15.375776290893555,
      19.973405838012695,
      16.989715576171875,
      26.803001403808594,
      23.348520278930664,
      37.09683609008789,
      34.56440353393555,
      44.214805603027344,
      38.724849700927734,
      52.75473403930664,
      43.98475646972656,
      50.78218460083008,
      47.23007583618164,
      52.72530746459961,
      48.186092376708984,
      45.071495056152344,
      44.0130615234375
    ],
    [
      14.327264785766602,
      15.315980911254883,
      17.358055114746094,
      17.68009376525879,
      18.159713745117188,
      17.3967227935791,
      25.77975845336914,
      27.9112491607666,
      32.074623107910156,
      32.59230422973633,
      43.98475646972656,
      43.257415771484375,
      52.66852569580078,
      50.923133850097656,
      56.05099868774414,
      52.03664016723633,
      48.7807502746582,
      47.67418670654297
    ],
    [
      19.680570602416992,
      20.465620040893555,
      21.970979690551758,
      23.903724670410156,
      19.896390914916992,
      19.865707397460938,
      26.669517517089844,
      30.690732955932617,
      34.90646743774414,
      36.30062484741211,
      50.78218460083008,
      52.66852569580078,
      73.70985412597656,
      69.35232543945312,
      75.99109649658203,
      70.83248138427734,
      65.97523498535156,
      64.670166015625
    ],
    [
      19.473697662353516,
      20.005334854125977,
      22.2614803314209,
      25.214839935302734,
      18.720539093017578,
      19.11322784423828,
      23.697683334350586,
      28.3173885345459,
      30.388267517089844,
      33.32064437866211,
      47.23007583618164,
      50.923133850097656,
      69.35232543945312,
      69.34126281738281,
      75.27873229980469,
      71.04597473144531,
      66.18187713623047,
      65.13788604736328
    ],
    [
      21.850666046142578,
      22.468994140625,
      24.522497177124023,
      27.395662307739258,
      21.239965438842773,
      21.31827735900879,
      27.348844528198242,
      31.734024047851562,
      34.451175689697266,
      36.912498474121094,
      52.72530746459961,
      56.05099868774414,
      75.99109649658203,
      75.27873229980469,
      83.80814361572266,
      78.81230163574219,
      74.66710662841797,
      73.51847839355469
    ],
    [
      20.347393035888672,
      20.829456329345703,
      24.33263397216797,
      27.024614334106445,
      20.52020263671875,
      20.457311630249023,
      25.257429122924805,
      28.986995697021484,
      30.859329223632812,
      33.301788330078125,
      48.186092376708984,
      52.03664016723633,
      70.83248138427734,
      71.04597473144531,
      78.81230163574219,
      75.18032836914062,
      71.71781158447266,
      70.96826171875
    ],
    [
      18.877330780029297,
      19.29059600830078,
      23.19450569152832,
      25.399608612060547,
      19.867136001586914,
      19.6138858795166,
      24.003826141357422,
      27.198013305664062,
      28.357784271240234,
      30.635982513427734,
      45.071495056152344,
      48.7807502746582,
      65.97523498535156,
      66.18187713623047,
      74.66710662841797,
      71.71781158447266,
      71.61056518554688,
      70.91893005371094
    ],
    [
      18.67383575439453,
      19.060245513916016,
      23.80538558959961,
      25.866138458251953,
      20.088268280029297,
      19.602874755859375,
      23.763479232788086,
      26.52385711669922,
      27.621870040893555,
      29.55080795288086,
      44.0130615234375,
      47.67418670654297,
      64.670166015625,
      65.13788604736328,
      73.51847839355469,
      70.96826171875,
      70.91893005371094,
      70.56978607177734
    ]
  ],
  "covariance_short": [
    [
      62.735076904296875,
      56.38722610473633,
      17.1951904296875,
      27.918731689453125,
      8.24673843383789,
      10.312271118164062,
      9.181411743164062,
      11.241704940795898,
      8.618192672729492,
      9.16792106628418,
      13.50676155090332,
      14.479126930236816,
      20.959875106811523,
      19.865537643432617,
      22.941553115844727,
      21.467985153198242,
      20.027360916137695,
      19.848573684692383
    ],
    [
      56.38722610473633,
      66.64517974853516,
      18.643674850463867,
      29.95649528503418,
      9.15556812286377,
      11.278816223144531,
      10.443314552307129,
      11.742562294006348,
      9.880789756774902,
      10.013614654541016,
      15.112432479858398,
      15.459661483764648,
      22.278818130493164,
      20.74632453918457,
      23.82815170288086,
      22.216075897216797,
      20.432025909423828,
      20.230979919433594
    ],
    [
      17.1951904296875,
      18.643674850463867,
      34.92372131347656,
      27.041053771972656,
      19.209529876708984,
      16.170560836791992,
      18.101308822631836,
      17.317853927612305,
      21.9122257232666,
      17.472610473632812,
      21.10224723815918,
      18.35342788696289,
      24.767210006713867,
      22.930870056152344,
      25.36170768737793,
      24.430095672607422,
      22.19692039489746,
      22.51573371887207
    ],
    [
      27.918731689453125,
      29.95649528503418,
      27.041053771972656,
      39.90336608886719,
      10.411325454711914,
      13.055839538574219,
      10.150725364685059,
      13.45665454864502,
      12.281976699829102,
      12.709836959838867,
      17.828603744506836,
      18.8709716796875,
      27.134428024291992,
      25.957172393798828,
      28.564428329467773,
      27.183687210083008,
      24.392000198364258,
      24.356224060058594
    ],
    [
      8.24673843383789,
      9.15556812286377,
      19.209529876708984,
      10.411325454711914,
      53.15468215942383,
      35.63072967529297,
      40.715816497802734,
      26.20047378540039,
      37.00212478637695,
      23.51897621154785,
      31.288671493530273,
      19.988887786865234,
      22.677587509155273,
      19.22504234313965,
      22.074922561645508,
      20.768922805786133,
      19.58894157409668,
      19.722209930419922
    ],
    [
      10.312271118164062,
      11.278816223144531,
      16.170560836791992,
      13.055839538574219,
      35.63072967529297,
      39.289573669433594,
      30.616090774536133,
      25.357255935668945,
      29.042383193969727,
      22.06552505493164,
      28.430845260620117,
      20.89318084716797,
      24.635725021362305,
      21.973918914794922,
      24.75771141052246,
      23.345088958740234,
      21.82016372680664,
      21.76688575744629
    ],
    [
      9.181411743164062,
      10.443314552307129,
      18.101308822631836,
      10.150725364685059,
      40.715816497802734,
      30.616090774536133,
      67.0356674194336,
      43.10041046142578,
      51.59302520751953,
      34.09023666381836,
      41.696197509765625,
      26.87820053100586,
      29.383216857910156,
      23.344375610351562,
      27.244918823242188,
      24.326387405395508,
      22.107118606567383,
      21.761205673217773
    ],
    [
      11.241704940795898,
      11.742562294006348,
      17.317853927612305,
      13.45665454864502,
      26.20047378540039,
      25.357255935668945,
      43.10041046142578,
      44.32155990600586,
      42.12798309326172,
      34.865779876708984,
      39.62758255004883,
      30.64628791809082,
      35.52114486694336,
      30.357257843017578,
      34.05934143066406,
      30.70831871032715,
      27.863250732421875,
      27.14335823059082
    ],
    [
      8.618192672729492,
      9.880789756774902,
      21.9122257232666,
      12.281976699829102,
      37.00212478637695,
      29.042383193969727,
      51.59302520751953,
      42.12798309326172,
      67.55754852294922,
      44.550514221191406,
      50.44501876831055,
      35.3343620300293,
      40.882511138916016,
      33.04702377319336,
      37.52016067504883,
      32.98057556152344,
      29.323951721191406,
      28.40691375732422
    ],
    [
      9.16792106628418,
      10.013614654541016,
      17.472610473632812,
      12.709836959838867,
      23.51897621154785,
      22.06552505493164,
      34.09023666381836,
      34.865779876708984,
      44.550514221191406,
      40.9486083984375,
      42.7553596496582,
      35.29009246826172,
      41.427459716796875,
      35.711944580078125,
      39.42289352416992,
      35.26773452758789,
      31.400815963745117,
      30.32262420654297
    ],
    [
      13.50676155090332,
      15.112432479858398,
      21.10224723815918,
      17.828603744506836,
      31.288671493530273,
      28.430845260620117,
      41.696197509765625,
      39.62758255004883,
      50.44501876831055,
      42.7553596496582,
      60.915401458740234,
      48.902225494384766,
      60.31288146972656,
      52.04908752441406,
      58.043006896972656,
      52.33639907836914,
      47.02143096923828,
      45.862911224365234
    ],
    [
      14.479126930236816,
      15.459661483764648,
      18.35342788696289,
      18.8709716796875,
      19.988887786865234,
      20.89318084716797,
      26.87820053100586,
      30.64628791809082,
      35.3343620300293,
      35.29009246826172,
      48.902225494384766,
      47.17734909057617,
      59.25420379638672,
      54.05461883544922,
      59.363914489746094,
      54.68289566040039,
      49.24345779418945,
      48.208045959472656
    ],
    [
      20.959875106811523,
      22.278818130493164,
      24.767210006713867,
      27.134428024291992,
      22.677587509155273,
      24.635725021362305,
      29.383216857910156,
      35.52114486694336,
      40.882511138916016,
      41.427459716796875,
      60.31288146972656,
      59.25420379638672,
      84.84880828857422,
      77.5057144165039,
      84.63619232177734,
      77.89601135253906,
      68.86185455322266,
      67.5127182006836
    ],
    [
      19.865537643432617,
      20.74632453918457,
      22.930870056152344,
      25.957172393798828,
      19.22504234313965,
      21.973918914794922,
      23.344375610351562,
      30.357257843017578,
      33.04702377319336,
      35.711944580078125,
      52.04908752441406,
      54.05461883544922,
      77.5057144165039,
      73.6334228515625,
      79.56318664550781,
      74.49227142333984,
      66.2083511352539,
      65.28388214111328
    ],
    [
      22.941553115844727,
      23.82815170288086,
      25.36170768737793,
      28.564428329467773,
      22.074922561645508,
      24.75771141052246,
      27.244918823242188,
      34.05934143066406,
      37.52016067504883,
      39.42289352416992,
      58.043006896972656,
      59.363914489746094,
      84.63619232177734,
      79.56318664550781,
      89.27800750732422,
      83.08340454101562,
      75.74368286132812,
      74.6662826538086
    ],
    [
      21.467985153198242,
      22.216075897216797,
      24.430095672607422,
      27.183687210083008,
      20.768922805786133,
      23.345088958740234,
      24.326387405395508,
      30.70831871032715,
      32.98057556152344,
      35.26773452758789,
      52.33639907836914,
      54.68289566040039,
      77.89601135253906,
      74.49227142333984,
      83.08340454101562,
      78.8853530883789,
      72.40596771240234,
      71.81343078613281
    ],
    [
      20.027360916137695,
      20.432025909423828,
      22.19692039489746,
      24.392000198364258,
      19.58894157409668,
      21.82016372680664,
      22.107118606567383,
      27.863250732421875,
      29.323951721191406,
      31.400815963745117,
      47.02143096923828,
      49.24345779418945,
      68.86185455322266,
      66.2083511352539,
      75.74368286132812,
      72.40596771240234,
      71.47966003417969,
      70.907470703125
    ],
    [
      19.848573684692383,
      20.230979919433594,
      22.51573371887207,
      24.356224060058594,
      19.722209930419922,
      21.76688575744629,
      21.761205673217773,
      27.14335823059082,
      28.40691375732422,
      30.32262420654297,
      45.862911224365234,
      48.208045959472656,
      67.5127182006836,
      65.28388214111328,
      74.6662826538086,
      71.81343078613281,
      70.907470703125,
      70.77706909179688
    ]
  ],
  "damage": -18.761600494384766,
  "diff_bandwidth": 453.130859375,
  "dissonance": 5.926032852812685,
  "drr": 5.880478382110596,
  "dynamics": 3.79376482963562,
  "format": 1245190,
  "frames": 15378368,
  "loudness": -24.815107345581055,
  "loudness_range": 10.205705642700195,
  "loudness_range_short": 13.844141006469727,
  "lowpass_true_peak_15khz": -7.198097229003906,
  "mastering3_acoustic_entropies": [
    {
      "acoustic_entropy": 8.306421279907227,
      "acoustic_entropy_mono": 8.119457244873047,
      "band_eliminated_acoustic_entropies": [
        {
          "acoustic_entropy": 8.29370403289795,
          "acoustic_entropy_side": 8.32784366607666,
          "hz": 129.47220167065723
        },
        {
          "acoustic_entropy": 7.477208614349365,
          "acoustic_entropy_side": 8.026175498962402,
          "hz": 202.92927478742237
        },
        {
          "acoustic_entropy": 8.820910453796387,
          "acoustic_entropy_side": 8.259356498718262,
          "hz": 282.89161906338205
        },
        {
          "acoustic_entropy": 8.710033416748047,
          "acoustic_entropy_side": 8.372838020324707,
          "hz": 369.9353335868758
        },
        {
          "acoustic_entropy": 8.37243938446045,
          "acoustic_entropy_side": 8.28923511505127,
          "hz": 464.6875360973435
        },
        {
          "acoustic_entropy": 7.746047019958496,
          "acoustic_entropy_side": 8.254263877868652,
          "hz": 567.8308811364784
        },
        {
          "acoustic_entropy": 7.993435382843018,
          "acoustic_entropy_side": 8.202534675598145,
          "hz": 680.1084783214808
        },
        {
          "acoustic_entropy": 8.523412704467773,
          "acoustic_entropy_side": 8.239147186279297,
          "hz": 802.3292461747484
        },
        {
          "acoustic_entropy": 8.193087577819824,
          "acoustic_entropy_side": 8.333978652954102,
          "hz": 935.3737400823702
        },
        {
          "acoustic_entropy": 8.617244720458984,
          "acoustic_entropy_side": 8.335185050964355,
          "hz": 1080.2004963696966
        },
        {
          "acoustic_entropy": 7.533299922943115,
          "acoustic_entropy_side": 8.300432205200195,
          "hz": 1237.8529382007157
        },
        {
          "acoustic_entropy": 8.565043449401855,
          "acoustic_entropy_side": 8.326991081237793,
          "hz": 1409.4668930556702
        },
        {
          "acoustic_entropy": 7.9172139167785645,
          "acoustic_entropy_side": 8.26684284210205,
          "hz": 1596.2787759475705
        },
        {
          "acoustic_entropy": 8.362706184387207,
          "acoustic_entropy_side": 8.268922805786133,
          "hz": 1799.6344973346393
        },
        {
          "acoustic_entropy": 8.491320610046387,
          "acoustic_entropy_side": 8.305920600891113,
          "hz": 2020.9991599069049
        },
        {
          "acoustic_entropy": 8.293671607971191,
          "acoustic_entropy_side": 8.29977798461914,
          "hz": 2261.9676141086993
        },
        {
          "acoustic_entropy": 8.218822479248047,
          "acoustic_entropy_side": 8.304047584533691,
          "hz": 2524.2759484456974
        },
        {
          "acoustic_entropy": 8.224092483520508,
          "acoustic_entropy_side": 8.299678802490234,
          "hz": 2809.813997359896
        },
        {
          "acoustic_entropy": 8.256446838378906,
          "acoustic_entropy_side": 8.302383422851562,
          "hz": 3120.6389567871424
        },
        {
          "acoustic_entropy": 8.291163444519043,
          "acoustic_entropy_side": 8.30549430847168,
          "hz": 3458.990205492291
        },
        {
          "acoustic_entropy": 8.348578453063965,
          "acoustic_entropy_side": 8.30810832977295,
          "hz": 3827.305438964164
        },
        {
          "acoustic_entropy": 8.323087692260742,
          "acoustic_entropy_side": 8.306061744689941,
          "hz": 4228.238232109126
        },
        {
          "acoustic_entropy": 8.310361862182617,
          "acoustic_entropy_side": 8.300800323486328,
          "hz": 4664.6771572759235
        },
        {
          "acoustic_entropy": 8.30180549621582,
          "acoustic_entropy_side": 8.293838500976562,
          "hz": 5139.766595350093
        },
        {
          "acoustic_entropy": 8.28524112701416,
          "acoustic_entropy_side": 8.296716690063477,
          "hz": 5656.929389854203
        },
        {
          "acoustic_entropy": 8.27568244934082,
          "acoustic_entropy_side": 8.295821189880371,
          "hz": 6219.891507268283
        },
        {
          "acoustic_entropy": 8.275985717773438,
          "acoustic_entropy_side": 8.295294761657715,
          "hz": 6832.70888123896
        },
        {
          "acoustic_entropy": 8.256904602050781,
          "acoustic_entropy_side": 8.289322853088379,
          "hz": 7499.796634079867
        },
        {
          "acoustic_entropy": 8.257293701171875,
          "acoustic_entropy_side": 8.28698444366455,
          "hz": 8225.96088609342
        },
        {
          "acoustic_entropy": 8.25877857208252,
          "acoustic_entropy_side": 8.291571617126465,
          "hz": 9016.43338188839
        },
        {
          "acoustic_entropy": 8.252006530761719,
          "acoustic_entropy_side": 8.286916732788086,
          "hz": 9876.909183162974
        },
        {
          "acoustic_entropy": 8.256874084472656,
          "acoustic_entropy_side": 8.28747272491455,
          "hz": 10813.587699516042
        },
        {
          "acoustic_entropy": 8.262815475463867,
          "acoustic_entropy_side": 8.288775444030762,
          "hz": 11833.21735289826
        },
        {
          "acoustic_entropy": 8.263976097106934,
          "acoustic_entropy_side": 8.288839340209961,
          "hz": 12943.144197493959
        },
        {
          "acoustic_entropy": 8.26766586303711,
          "acoustic_entropy_side": 8.288097381591797,
          "hz": 14151.364845322005
        },
        {
          "acoustic_entropy": 8.270190238952637,
          "acoustic_entropy_side": 8.287888526916504,
          "hz": 15466.58407886509
        },
        {
          "acoustic_entropy": 8.281706809997559,
          "acoustic_entropy_side": 8.293863296508789,
          "hz": 16898.27756580493
        },
        {
          "acoustic_entropy": 8.290410995483398,
          "acoustic_entropy_side": 8.298700332641602,
          "hz": 18456.760127700032
        },
        {
          "acoustic_entropy": 8.29654312133789,
          "acoustic_entropy_side": 8.301834106445312,
          "hz": 20153.260054456492
        },
        {
          "acoustic_entropy": 8.305276870727539,
          "acoustic_entropy_side": 8.305848121643066,
          "hz": 22000.00000000001
        }
      ],
      "diff_acoustic_entropy": 7.984325408935547,
      "sn": 6
    },
    {
      "acoustic_entropy": 12.776674270629883,
      "acoustic_entropy_mono": 11.765021324157715,
      "band_eliminated_acoustic_entropies": [
        {
          "acoustic_entropy": 12.449668884277344,
          "acoustic_entropy_side": 12.670893669128418,
          "hz": 129.47220167065723
        },
        {
          "acoustic_entropy": 12.906206130981445,
          "acoustic_entropy_side": 12.366608619689941,
          "hz": 202.92927478742237
        },
        {
          "acoustic_entropy": 13.05105972290039,
          "acoustic_entropy_side": 12.787675857543945,
          "hz": 282.89161906338205
        },
        {
          "acoustic_entropy": 13.41169548034668,
          "acoustic_entropy_side": 12.907270431518555,
          "hz": 369.9353335868758
        },
        {
          "acoustic_entropy": 13.14161205291748,
          "acoustic_entropy_side": 12.371336936950684,
          "hz": 464.6875360973435
        },
        {
          "acoustic_entropy": 12.24355411529541,
          "acoustic_entropy_side": 12.888871192932129,
          "hz": 567.8308811364784
        },
        {
          "acoustic_entropy": 11.957486152648926,
          "acoustic_entropy_side": 12.55268383026123,
          "hz": 680.1084783214808
        },
        {
          "acoustic_entropy": 12.399474143981934,
          "acoustic_entropy_side": 12.7936429977417,
          "hz": 802.3292461747484
        },
        {
          "acoustic_entropy": 12.586928367614746,
          "acoustic_entropy_side": 12.675241470336914,
          "hz": 935.3737400823702
        },
        {
          "acoustic_entropy": 12.967710494995117,
          "acoustic_entropy_side": 12.828097343444824,
          "hz": 1080.2004963696966
        },
        {
          "acoustic_entropy": 12.16929817199707,
          "acoustic_entropy_side": 12.886212348937988,
          "hz": 1237.8529382007157
        },
        {
          "acoustic_entropy": 13.149582862854004,
          "acoustic_entropy_side": 12.883976936340332,
          "hz": 1409.4668930556702
        },
        {
          "acoustic_entropy": 12.460439682006836,
          "acoustic_entropy_side": 12.76257038116455,
          "hz": 1596.2787759475705
        },
        {
          "acoustic_entropy": 12.976250648498535,
          "acoustic_entropy_side": 12.81173324584961,
          "hz": 1799.6344973346393
        },
        {
          "acoustic_entropy": 13.23509693145752,
          "acoustic_entropy_side": 12.858302116394043,
          "hz": 2020.9991599069049
        },
        {
          "acoustic_entropy": 13.002362251281738,
          "acoustic_entropy_side": 12.848166465759277,
          "hz": 2261.9676141086993
        },
        {
          "acoustic_entropy": 12.691272735595703,
          "acoustic_entropy_side": 12.848372459411621,
          "hz": 2524.2759484456974
        },
        {
          "acoustic_entropy": 12.751340866088867,
          "acoustic_entropy_side": 12.787155151367188,
          "hz": 2809.813997359896
        },
        {
          "acoustic_entropy": 12.817169189453125,
          "acoustic_entropy_side": 12.779420852661133,
          "hz": 3120.6389567871424
        },
        {
          "acoustic_entropy": 12.84266471862793,
          "acoustic_entropy_side": 12.779606819152832,
          "hz": 3458.990205492291
        },
        {
          "acoustic_entropy": 12.890175819396973,
          "acoustic_entropy_side": 12.811697006225586,
          "hz": 3827.305438964164
        },
        {
          "acoustic_entropy": 12.831047058105469,
          "acoustic_entropy_side": 12.786177635192871,
          "hz": 4228.238232109126
        },
        {
          "acoustic_entropy": 12.853925704956055,
          "acoustic_entropy_side": 12.781518936157227,
          "hz": 4664.6771572759235
        },
        {
          "acoustic_entropy": 12.859271049499512,
          "acoustic_entropy_side": 12.807075500488281,
          "hz": 5139.766595350093
        },
        {
          "acoustic_entropy": 12.828519821166992,
          "acoustic_entropy_side": 12.784263610839844,
          "hz": 5656.929389854203
        },
        {
          "acoustic_entropy": 12.847589492797852,
          "acoustic_entropy_side": 12.79470157623291,
          "hz": 6219.891507268283
        },
        {
          "acoustic_entropy": 12.762884140014648,
          "acoustic_entropy_side": 12.766201972961426,
          "hz": 6832.70888123896
        },
        {
          "acoustic_entropy": 12.774652481079102,
          "acoustic_entropy_side": 12.768241882324219,
          "hz": 7499.796634079867
        },
        {
          "acoustic_entropy": 12.74264907836914,
          "acoustic_entropy_side": 12.767193794250488,
          "hz": 8225.96088609342
        },
        {
          "acoustic_entropy": 12.766682624816895,
          "acoustic_entropy_side": 12.769701957702637,
          "hz": 9016.43338188839
        },
        {
          "acoustic_entropy": 12.755440711975098,
          "acoustic_entropy_side": 12.767054557800293,
          "hz": 9876.909183162974
        },
        {
          "acoustic_entropy": 12.743027687072754,
          "acoustic_entropy_side": 12.76390552520752,
          "hz": 10813.587699516042
        },
        {
          "acoustic_entropy": 12.757848739624023,
          "acoustic_entropy_side": 12.770769119262695,
          "hz": 11833.21735289826
        },
        {
          "acoustic_entropy": 12.772225379943848,
          "acoustic_entropy_side": 12.775604248046875,
          "hz": 12943.144197493959
        },
        {
          "acoustic_entropy": 12.815254211425781,
          "acoustic_entropy_side": 12.792082786560059,
          "hz": 14151.364845322005
        },
        {
          "acoustic_entropy": 12.860767364501953,
          "acoustic_entropy_side": 12.822604179382324,
          "hz": 15466.58407886509
        },
        {
          "acoustic_entropy": 12.858689308166504,
          "acoustic_entropy_side": 12.815864562988281,
          "hz": 16898.27756580493
        },
        {
          "acoustic_entropy": 12.849786758422852,
          "acoustic_entropy_side": 12.806486129760742,
          "hz": 18456.760127700032
        },
        {
          "acoustic_entropy": 12.844335556030273,
          "acoustic_entropy_side": 12.802382469177246,
          "hz": 20153.260054456492
        },
        {
          "acoustic_entropy": 12.787327766418457,
          "acoustic_entropy_side": 12.780396461486816,
          "hz": 22000.00000000001
        }
      ],
      "diff_acoustic_entropy": 13.273799896240234,
      "sn": 12
    },
    {
      "acoustic_entropy": 19.220333099365234,
      "acoustic_entropy_mono": 16.96811866760254,
      "band_eliminated_acoustic_entropies": [
        {
          "acoustic_entropy": 19.492509841918945,
          "acoustic_entropy_side": 19.3861141204834,
          "hz": 129.47220167065723
        },
        {
          "acoustic_entropy": 19.30846405029297,
          "acoustic_entropy_side": 19.578773498535156,
          "hz": 202.92927478742237
        },
        {
          "acoustic_entropy": 19.56717300415039,
          "acoustic_entropy_side": 20.131746292114258,
          "hz": 282.89161906338205
        },
        {
          "acoustic_entropy": 18.97185516357422,
          "acoustic_entropy_side": 19.63231086730957,
          "hz": 369.9353335868758
        },
        {
          "acoustic_entropy": 20.052831649780273,
          "acoustic_entropy_side": 19.187768936157227,
          "hz": 464.6875360973435
        },
        {
          "acoustic_entropy": 17.98904037475586,
          "acoustic_entropy_side": 19.040876388549805,
          "hz": 567.8308811364784
        },
        {
          "acoustic_entropy": 18.227209091186523,
          "acoustic_entropy_side": 18.410301208496094,
          "hz": 680.1084783214808
        },
        {
          "acoustic_entropy": 19.663728713989258,
          "acoustic_entropy_side": 19.898578643798828,
          "hz": 802.3292461747484
        },
        {
          "acoustic_entropy": 19.329994201660156,
          "acoustic_entropy_side": 19.138181686401367,
          "hz": 935.3737400823702
        },
        {
          "acoustic_entropy": 18.814393997192383,
          "acoustic_entropy_side": 19.01832389831543,
          "hz": 1080.2004963696966
        },
        {
          "acoustic_entropy": 17.677248001098633,
          "acoustic_entropy_side": 19.170854568481445,
          "hz": 1237.8529382007157
        },
        {
          "acoustic_entropy": 18.76421546936035,
          "acoustic_entropy_side": 19.588863372802734,
          "hz": 1409.4668930556702
        },
        {
          "acoustic_entropy": 19.23679542541504,
          "acoustic_entropy_side": 19.18065071105957,
          "hz": 1596.2787759475705
        },
        {
          "acoustic_entropy": 19.49872589111328,
          "acoustic_entropy_side": 19.4685115814209,
          "hz": 1799.6344973346393
        },
        {
          "acoustic_entropy": 19.982925415039062,
          "acoustic_entropy_side": 19.251171112060547,
          "hz": 2020.9991599069049
        },
        {
          "acoustic_entropy": 18.962263107299805,
          "acoustic_entropy_side": 18.97736358642578,
          "hz": 2261.9676141086993
        },
        {
          "acoustic_entropy": 19.630319595336914,
          "acoustic_entropy_side": 19.20330810546875,
          "hz": 2524.2759484456974
        },
        {
          "acoustic_entropy": 19.086214065551758,
          "acoustic_entropy_side": 19.144237518310547,
          "hz": 2809.813997359896
        },
        {
          "acoustic_entropy": 19.10027503967285,
          "acoustic_entropy_side": 19.186594009399414,
