{
  "acoustic_entropy": 194.0465545654297,
  "bands": [
    {
      "high_freq": 148.1999969482422,
      "loudness": -24.498899459838867,
      "loudness_range": 11.997957229614258,
      "mid_mean": -21.170808792114258,
      "mid_to_side_loudness": -12.311603546142578,
      "mid_to_side_loudness_range": 14.556297302246094,
      "side_mean": -33.826107025146484
    },
    {
      "high_freq": 392.3793640136719,
      "loudness": -24.47821617126465,
      "loudness_range": 12.848804473876953,
      "low_freq": 148.1999969482422,
      "mid_mean": -21.437963485717773,
      "mid_to_side_loudness": -9.00367259979248,
      "mid_to_side_loudness_range": 10.738344192504883,
      "side_mean": -30.49423599243164
    },
    {
      "high_freq": 794.6976318359375,
      "loudness": -26.198427200317383,
      "loudness_range": 18.264352798461914,
      "low_freq": 392.3793640136719,
      "mid_mean": -23.49671173095703,
      "mid_to_side_loudness": -7.243906021118164,
      "mid_to_side_loudness_range": 12.196635246276855,
      "side_mean": -30.815929412841797
    },
    {
      "high_freq": 1457.5709228515625,
      "loudness": -30.168338775634766,
      "loudness_range": 20.25835418701172,
      "low_freq": 794.6976318359375,
      "mid_mean": -27.48369598388672,
      "mid_to_side_loudness": -7.142986297607422,
      "mid_to_side_loudness_range": 12.413186073303223,
      "side_mean": -34.76393508911133
    },
    {
      "high_freq": 2549.74365234375,
      "loudness": -32.440223693847656,
      "loudness_range": 21.59857749938965,
      "low_freq": 1457.5709228515625,
      "mid_mean": -29.979570388793945,
      "mid_to_side_loudness": -6.251991271972656,
      "mid_to_side_loudness_range": 12.898390769958496,
      "side_mean": -36.341697692871094
    },
    {
      "high_freq": 4349.24462890625,
      "loudness": -33.11051559448242,
      "loudness_range": 22.001995086669922,
      "low_freq": 2549.74365234375,
      "mid_mean": -30.778240203857422,
      "mid_to_side_loudness": -5.86216926574707,
      "mid_to_side_loudness_range": 12.335600852966309,
      "side_mean": -36.747962951660156
    },
    {
      "high_freq": 7314.1640625,
      "loudness": -38.50551223754883,
      "loudness_range": 15.308609008789062,
      "low_freq": 4349.24462890625,
      "mid_mean": -36.60708999633789,
      "mid_to_side_loudness": -3.3962011337280273,
      "mid_to_side_loudness_range": 6.472353458404541,
      "side_mean": -39.96500015258789
    },
    {
      "high_freq": 12199.2666015625,
      "loudness": -38.265926361083984,
      "loudness_range": 13.956851959228516,
      "low_freq": 7314.1640625,
      "mid_mean": -36.917476654052734,
      "mid_to_side_loudness": -1.6995959281921387,
      "mid_to_side_loudness_range": 2.8901302814483643,
      "side_mean": -38.463558197021484
    },
    {
      "loudness": -36.2957763671875,
      "loudness_range": 16.813308715820312,
      "low_freq": 12199.2666015625,
      "mid_mean": -35.28745651245117,
      "mid_to_side_loudness": -0.8368926048278809,
      "mid_to_side_loudness_range": 1.1368244886398315,
      "side_mean": -36.00043869018555
    }
  ],
  "bands_short": [
    {
      "high_freq": 148.1999969482422,
      "loudness": -27.76068878173828,
      "loudness_range": 21.273971557617188,
      "mid_mean": -24.506649017333984,
      "mid_to_side_loudness": -12.327146530151367,
      "mid_to_side_loudness_range": 19.632404327392578,
      "side_mean": -37.727169036865234
    },
    {
      "high_freq": 392.3793640136719,
      "loudness": -25.01116180419922,
      "loudness_range": 16.58696937561035,
      "low_freq": 148.1999969482422,
      "mid_mean": -21.980852127075195,
      "mid_to_side_loudness": -9.487116813659668,
      "mid_to_side_loudness_range": 13.707959175109863,
      "side_mean": -31.681039810180664
    },
    {
      "high_freq": 794.6976318359375,
      "loudness": -27.734024047851562,
      "loudness_range": 21.547710418701172,
      "low_freq": 392.3793640136719,
      "mid_mean": -25.203838348388672,
      "mid_to_side_loudness": -6.967541694641113,
      "mid_to_side_loudness_range": 14.811850547790527,
      "side_mean": -32.29267120361328
    },
    {
      "high_freq": 1457.5709228515625,
      "loudness": -31.797697067260742,
      "loudness_range": 23.926010131835938,
      "low_freq": 794.6976318359375,
      "mid_mean": -29.312244415283203,
      "mid_to_side_loudness": -6.679635524749756,
      "mid_to_side_loudness_range": 14.577978134155273,
      "side_mean": -36.20396041870117
    },
    {
      "high_freq": 2549.74365234375,
      "loudness": -34.37686538696289,
      "loudness_range": 24.61144256591797,
      "low_freq": 1457.5709228515625,
      "mid_mean": -32.14269256591797,
      "mid_to_side_loudness": -5.6738104820251465,
      "mid_to_side_loudness_range": 14.75516128540039,
      "side_mean": -38.03492736816406
    },
    {
      "high_freq": 4349.24462890625,
      "loudness": -34.84362030029297,
      "loudness_range": 25.278348922729492,
      "low_freq": 2549.74365234375,
      "mid_mean": -32.78643035888672,
      "mid_to_side_loudness": -4.917187690734863,
      "mid_to_side_loudness_range": 13.812822341918945,
      "side_mean": -37.8690071105957
    },
    {
      "high_freq": 7314.1640625,
      "loudness": -40.424705505371094,
      "loudness_range": 21.207008361816406,
      "low_freq": 4349.24462890625,
      "mid_mean": -38.509456634521484,
      "mid_to_side_loudness": -3.927074432373047,
      "mid_to_side_loudness_range": 8.867561340332031,
      "side_mean": -42.33461380004883
    },
    {
      "high_freq": 12199.2666015625,
      "loudness": -41.297340393066406,
      "loudness_range": 22.241191864013672,
      "low_freq": 7314.1640625,
      "mid_mean": -39.86549758911133,
      "mid_to_side_loudness": -2.6636619567871094,
      "mid_to_side_loudness_range": 6.327885627746582,
      "side_mean": -42.1268424987793
    },
    {
      "loudness": -41.880435943603516,
      "loudness_range": 28.31033706665039,
      "low_freq": 12199.2666015625,
      "mid_mean": -40.95256805419922,
      "mid_to_side_loudness": -1.346985936164856,
      "mid_to_side_loudness_range": 3.018099308013916,
      "side_mean": -41.784568786621094
    }
  ],
  "bandwidth": 548.643798828125,
  "channels": 2,
  "covariance": [
    [
      26.943336486816406,
      22.20997428894043,
      3.4102747440338135,
      4.2776055335998535,
      3.26200008392334,
      3.3173773288726807,
      2.847081184387207,
      3.380939245223999,
      1.538362979888916,
      4.05977201461792,
      0.31381872296333313,
      3.2446653842926025,
      4.29777717590332,
      5.781431198120117,
      6.2085676193237305,
      6.608288764953613,
      6.8725690841674805,
      6.508028984069824
    ],
    [
      22.20997428894043,
      47.380577087402344,
      5.264490127563477,
      8.094696044921875,
      4.403791904449463,
      7.628355026245117,
      4.574348449707031,
      7.891928672790527,
      5.99696159362793,
      8.694649696350098,
      6.030264854431152,
      8.829527854919434,
      9.490632057189941,
      11.506668090820312,
      9.823224067687988,
      10.494685173034668,
      10.037637710571289,
      9.878931999206543
    ],
    [
      3.4102747440338135,
      5.264490127563477,
      23.305274963378906,
      20.960214614868164,
      21.190336227416992,
      20.846132278442383,
      23.018142700195312,
      21.009605407714844,
      23.071338653564453,
      18.98408317565918,
      22.49135971069336,
      15.37922477722168,
      13.009130477905273,
      10.21688175201416,
      7.437906265258789,
      6.59592342376709,
      4.7161545753479,
      4.463437080383301
    ],
    [
      4.2776055335998535,
      8.094696044921875,
      20.960214614868164,
      33.039695739746094,
      23.64262580871582,
      32.369728088378906,
      24.70501136779785,
      33.184017181396484,
      25.074193954467773,
      29.70098876953125,
      20.96265983581543,
      20.39166831970215,
      15.365110397338867,
      15.158770561218262,
      9.974297523498535,
      9.648036003112793,
      7.116569995880127,
      6.762139797210693
    ],
    [
      3.26200008392334,
      4.403791904449463,
      21.190336227416992,
      23.64262580871582,
      41.51786804199219,
      36.62385940551758,
      38.021705627441406,
      34.4315299987793,
      42.15943145751953,
      31.56560516357422,
      41.235687255859375,
      26.926401138305664,
      22.31231689453125,
      15.815937042236328,
      13.025416374206543,
      9.853269577026367,
      8.368240356445312,
      8.147704124450684
    ],
    [
      3.3173773288726807,
      7.628355026245117,
      20.846132278442383,
      32.369728088378906,
      36.62385940551758,
      49.50993728637695,
      35.60224151611328,
      44.93752670288086,
      39.146575927734375,
      40.47237777709961,
      35.73823165893555,
      30.894771575927734,
      22.919694900512695,
      21.179895401000977,
      15.185237884521484,
      13.953920364379883,
      11.507963180541992,
      11.253105163574219
    ],
    [
      2.847081184387207,
      4.574348449707031,
      23.018142700195312,
      24.70501136779785,
      38.021705627441406,
      35.60224151611328,
      50.0802116394043,
      41.00395965576172,
      47.91565704345703,
      34.20085906982422,
      48.3492317199707,
      30.80554962158203,
      24.8363037109375,
      16.64427375793457,
      14.184487342834473,
      10.395883560180664,
      8.982148170471191,
      8.58877182006836
    ],
    [
      3.380939245223999,
      7.891928672790527,
      21.009605407714844,
      33.184017181396484,
      34.4315299987793,
      44.93752670288086,
      41.00395965576172,
      52.24595642089844,
      39.91166305541992,
      42.86140823364258,
      36.51167678833008,
      33.13944625854492,
      24.218812942504883,
      22.169981002807617,
      15.142385482788086,
      13.857198715209961,
      10.853121757507324,
      10.532166481018066
    ],
    [
      1.538362979888916,
      5.99696159362793,
      23.071338653564453,
      25.074193954467773,
      42.15943145751953,
      39.146575927734375,
      47.91565704345703,
      39.91166305541992,
      58.0383415222168,
      38.713741302490234,
      58.45387268066406,
      35.9469108581543,
      30.6207332611084,
      20.135421752929688,
      17.047574996948242,
      12.118633270263672,
      9.647062301635742,
      9.370457649230957
    ],
    [
      4.05977201461792,
      8.694649696350098,
      18.98408317565918,
      29.70098876953125,
      31.56560516357422,
      40.47237777709961,
      34.20085906982422,
      42.86140823364258,
      38.713741302490234,
      42.82323455810547,
      36.30498504638672,
      33.49617004394531,
      25.906766891479492,
      24.056262969970703,
      16.955196380615234,
      15.5068941116333,
      11.705361366271973,
      11.453156471252441
    ],
    [
      0.31381872296333313,
      6.030264854431152,
      22.49135971069336,
      20.96265983581543,
      41.235687255859375,
      35.73823165893555,
      48.3492317199707,
      36.51167678833008,
      58.45387268066406,
      36.30498504638672,
      67.37439727783203,
      39.23500442504883,
      34.61479568481445,
      22.621044158935547,
      18.729686737060547,
      13.045282363891602,
      9.314789772033691,
      8.977946281433105
    ],
    [
      3.2446653842926025,
      8.829527854919434,
      15.37922477722168,
      20.39166831970215,
      26.926401138305664,
      30.894771575927734,
      30.80554962158203,
      33.13944625854492,
      35.9469108581543,
      33.49617004394531,
      39.23500442504883,
      34.67462158203125,
      28.215778350830078,
      25.40004539489746,
      18.68480110168457,
      16.757722854614258,
      11.893155097961426,
      11.776240348815918
    ],
    [
      4.29777717590332,
      9.490632057189941,
      13.009130477905273,
      15.365110397338867,
      22.31231689453125,
      22.919694900512695,
      24.8363037109375,
      24.218812942504883,
      30.6207332611084,
      25.906766891479492,
      34.61479568481445,
      28.215778350830078,
      30.437076568603516,
      26.700162887573242,
      22.31633949279785,
      19.707902908325195,
      15.67619800567627,
      15.361666679382324
    ],
    [
      5.781431198120117,
      11.506668090820312,
      10.21688175201416,
      15.158770561218262,
      15.815937042236328,
      21.179895401000977,
      16.64427375793457,
      22.169981002807617,
      20.135421752929688,
      24.056262969970703,
      22.621044158935547,
      25.40004539489746,
      26.700162887573242,
      30.52972412109375,
      24.412752151489258,
      24.964435577392578,
      20.700284957885742,
      20.45438003540039
    ],
    [
      6.2085676193237305,
      9.823224067687988,
      7.437906265258789,
      9.974297523498535,
      13.025416374206543,
      15.185237884521484,
      14.184487342834473,
      15.142385482788086,
      17.047574996948242,
      16.955196380615234,
      18.729686737060547,
      18.68480110168457,
      22.31633949279785,
      24.412752151489258,
      26.626853942871094,
      26.430007934570312,
      26.814138412475586,
      26.520259857177734
    ],
    [
      6.608288764953613,
      10.494685173034668,
      6.59592342376709,
      9.648036003112793,
      9.853269577026367,
      13.953920364379883,
      10.395883560180664,
      13.857198715209961,
      12.118633270263672,
      15.5068941116333,
      13.045282363891602,
      16.757722854614258,
      19.707902908325195,
      24.964435577392578,
      26.430007934570312,
      30.608924865722656,
      30.85822296142578,
      30.5772705078125
    ],
    [
      6.8725690841674805,
      10.037637710571289,
      4.7161545753479,
      7.116569995880127,
      8.368240356445312,
      11.507963180541992,
      8.982148170471191,
      10.853121757507324,
      9.647062301635742,
      11.705361366271973,
      9.314789772033691,
      11.893155097961426,
      15.67619800567627,
      20.700284957885742,
      26.814138412475586,
      30.85822296142578,
      40.15821075439453,
      39.62685012817383
    ],
    [
      6.508028984069824,
      9.878931999206543,
      4.463437080383301,
      6.762139797210693,
      8.147704124450684,
      11.253105163574219,
      8.58877182006836,
      10.532166481018066,
      9.370457649230957,
      11.453156471252441,
      8.977946281433105,
      11.776240348815918,
      15.361666679382324,
      20.45438003540039,
      26.520259857177734,
      30.5772705078125,
      39.62685012817383,
      40.361839294433594
    ]
  ],
  "covariance_short": [
    [
      60.20050811767578,
      38.73002624511719,
      13.685306549072266,
      11.078791618347168,
      8.18525218963623,
      6.637374401092529,
      9.77955436706543,
      7.577386856079102,
      7.571564674377441,
      8.021254539489746,
      6.440159320831299,
      7.374825477600098,
      9.937771797180176,
      12.426092147827148,
      14.18591594696045,
      15.141115188598633,
      16.74655532836914,
      16.048049926757812
    ],
    [
      38.73002624511719,
      73.2792739868164,
      12.480881690979004,
      14.92921257019043,
      6.98820161819458,
      10.007149696350098,
      8.946700096130371,
      10.973304748535156,
      10.284100532531738,
      12.100043296813965,
      10.642191886901855,
      12.481256484985352,
      14.732260704040527,
      18.251998901367188,
      17.830394744873047,
      19.778743743896484,
      21.898723602294922,
      21.911651611328125
    ],
    [
      13.685306549072266,
      12.480881690979004,
      37.368812561035156,
      28.301393508911133,
      28.575641632080078,
      24.9403018951416,
      31.16805076599121,
      25.937061309814453,
      29.259153366088867,
      23.384204864501953,
      26.917444229125977,
      18.88397979736328,
      19.13776397705078,
      16.155141830444336,
      14.707842826843262,
      13.370842933654785,
      13.002577781677246,
      12.551868438720703
    ],
    [
      11.078791618347168,
      14.92921257019043,
      28.301393508911133,
      44.562007904052734,
      29.486783981323242,
      36.23533248901367,
      31.814069747924805,
      37.5138053894043,
      30.202226638793945,
      33.22972869873047,
      24.321367263793945,
      23.10541534423828,
      20.222606658935547,
      20.78013801574707,
      15.741303443908691,
      16.071247100830078,
      15.145041465759277,
      14.605659484863281
    ],
    [
      8.18525218963623,
      6.98820161819458,
      28.575641632080078,
      29.486783981323242,
      59.2601203918457,
      46.288177490234375,
      53.70210647583008,
      43.917301177978516,
      56.37558364868164,
      40.48163986206055,
      54.75521469116211,
      35.52452087402344,
      32.62226486206055,
      22.662508010864258,
      21.150833129882812,
      14.332786560058594,
      13.543255805969238,
      12.269611358642578
    ],
    [
      6.637374401092529,
      10.007149696350098,
      24.9403018951416,
      36.23533248901367,
      46.288177490234375,
      61.49982833862305,
      45.47907257080078,
      53.10639190673828,
      47.692481994628906,
      47.87925720214844,
      43.028079986572266,
      37.45064926147461,
      29.872411727905273,
      27.854623794555664,
      21.0500431060791,
      19.09813690185547,
      17.83380699157715,
      16.908973693847656
    ],
    [
      9.77955436706543,
      8.946700096130371,
      31.16805076599121,
      31.814069747924805,
      53.70210647583008,
      45.47907257080078,
      72.94654846191406,
      54.14775466918945,
      65.33198547363281,
      46.019107818603516,
      63.08571243286133,
      41.039154052734375,
      37.58847427368164,
      25.687801361083984,
      24.542522430419922,
      16.19930648803711,
      15.381000518798828,
      13.740631103515625
    ],
    [
      7.577386856079102,
      10.973304748535156,
      25.937061309814453,
      37.5138053894043,
      43.917301177978516,
      53.10639190673828,
      54.14775466918945,
      64.6677017211914,
      50.41099548339844,
      51.61064147949219,
      45.25869369506836,
      40.65552520751953,
      32.92270278930664,
      30.645278930664062,
      22.900833129882812,
      20.78975486755371,
      19.399763107299805,
      18.465639114379883
    ],
    [
      7.571564674377441,
      10.284100532531738,
      29.259153366088867,
      30.202226638793945,
      56.37558364868164,
      47.692481994628906,
      65.33198547363281,
      50.41099548339844,
      77.74808502197266,
      50.80069351196289,
      75.12615966796875,
      48.12717056274414,
      46.23290252685547,
      31.982629776000977,
      29.993444442749023,
      19.68419075012207,
      18.482521057128906,
      16.738040924072266
    ],
    [
      8.021254539489746,
      12.100043296813965,
      23.384204864501953,
      33.22972869873047,
      40.48163986206055,
      47.87925720214844,
      46.019107818603516,
      51.61064147949219,
      50.80069351196289,
      54.77265167236328,
      47.779598236083984,
      43.6469841003418,
      37.40740966796875,
      35.768795013427734,
      27.8077335357666,
      25.514976501464844,
      23.134178161621094,
      22.105649948120117
    ],
    [
      6.440159320831299,
      10.642191886901855,
      26.917444229125977,
      24.321367263793945,
      54.75521469116211,
      43.028079986572266,
      63.08571243286133,
      45.25869369506836,
      75.12615966796875,
      47.779598236083984,
      85.97891998291016,
      53.04007339477539,
      52.63901901245117,
      37.04955291748047,
      34.773895263671875,
      23.308170318603516,
      21.167800903320312,
      19.487945556640625
    ],
    [
      7.374825477600098,
      12.481256484985352,
      18.88397979736328,
      23.10541534423828,
      35.52452087402344,
      37.45064926147461,
      41.039154052734375,
      40.65552520751953,
      48.12717056274414,
      43.6469841003418,
      53.04007339477539,
      47.88610076904297,
      41.91303253173828,
      39.10203552246094,
      31.979310989379883,
      28.671367645263672,
      25.452974319458008,
      24.60260009765625
    ],
    [
      9.937771797180176,
      14.732260704040527,
      19.13776397705078,
      20.222606658935547,
      32.62226486206055,
      29.872411727905273,
      37.58847427368164,
      32.92270278930664,
      46.23290252685547,
      37.40740966796875,
      52.63901901245117,
      41.91303253173828,
      54.33143997192383,
      48.66508865356445,
      45.40625,
      40.41507339477539,
      38.43893814086914,
      36.91135025024414
    ],
    [
      12.426092147827148,
      18.251998901367188,
      16.155141830444336,
      20.78013801574707,
      22.662508010864258,
      27.854623794555664,
      25.687801361083984,
      30.645278930664062,
      31.982629776000977,
      35.768795013427734,
      37.04955291748047,
      39.10203552246094,
      48.66508865356445,
      57.185882568359375,
      48.822017669677734,
      51.8543586730957,
      49.63878631591797,
      48.84473419189453
    ],
    [
      14.18591594696045,
      17.830394744873047,
      14.707842826843262,
      15.741303443908691,
      21.150833129882812,
      21.0500431060791,
      24.542522430419922,
      22.900833129882812,
      29.993444442749023,
      27.8077335357666,
      34.773895263671875,
      31.979310989379883,
      45.40625,
      48.822017669677734,
      57.211334228515625,
      56.723609924316406,
      59.5362663269043,
      58.37759017944336
    ],
    [
      15.141115188598633,
      19.778743743896484,
      13.370842933654785,
      16.071247100830078,
      14.332786560058594,
      19.09813690185547,
      16.19930648803711,
      20.78975486755371,
      19.68419075012207,
      25.514976501464844,
      23.308170318603516,
      28.671367645263672,
      40.41507339477539,
      51.8543586730957,
      56.723609924316406,
      68.44312286376953,
      69.76182556152344,
      69.61161804199219
    ],
    [
      16.74655532836914,
      21.898723602294922,
      13.002577781677246,
      15.145041465759277,
      13.543255805969238,
      17.83380699157715,
      15.381000518798828,
      19.399763107299805,
      18.482521057128906,
      23.134178161621094,
      21.167800903320312,
      25.452974319458008,
      38.43893814086914,
      49.63878631591797,
      59.5362663269043,
      69.76182556152344,
      88.06354522705078,
      87.06199645996094
    ],
    [
      16.048049926757812,
      21.911651611328125,
      12.551868438720703,
      14.605659484863281,
      12.269611358642578,
      16.908973693847656,
      13.740631103515625,
      18.465639114379883,
      16.738040924072266,
      22.105649948120117,
      19.487945556640625,
      24.60260009765625,
      36.91135025024414,
      48.84473419189453,
      58.37759017944336,
      69.61161804199219,
      87.06199645996094,
      91.47164154052734
    ]
  ],
  "damage": -8.641902923583984,
  "diff_bandwidth": 575.1220092773438,
  "dissonance": 8.46668472399082,
  "drr": 15.53972339630127,
  "dynamics": 3.5235366821289062,
  "format": 1245190,
  "frames": 21373888,
  "loudness": -14.302289009094238,
  "loudness_range": 8.548956871032715,
  "loudness_range_short": 14.248013496398926,
  "lowpass_true_peak_15khz": 0.21991322934627533,
  "mastering3_acoustic_entropies": [
    {
      "acoustic_entropy": 8.065412521362305,
      "acoustic_entropy_mono": 7.793946743011475,
      "band_eliminated_acoustic_entropies": [
        {
          "acoustic_entropy": 7.667720317840576,
          "acoustic_entropy_side": 8.071467399597168,
          "hz": 129.47220167065723
        },
        {
          "acoustic_entropy": 7.42942476272583,
          "acoustic_entropy_side": 8.094776153564453,
          "hz": 202.92927478742237
        },
        {
          "acoustic_entropy": 8.05550479888916,
          "acoustic_entropy_side": 7.884452819824219,
          "hz": 282.89161906338205
        },
        {
          "acoustic_entropy": 8.35934066772461,
          "acoustic_entropy_side": 8.099283218383789,
          "hz": 369.9353335868758
        },
        {
          "acoustic_entropy": 8.057470321655273,
          "acoustic_entropy_side": 8.137853622436523,
          "hz": 464.6875360973435
        },
        {
          "acoustic_entropy": 7.425509452819824,
          "acoustic_entropy_side": 8.109305381774902,
          "hz": 567.8308811364784
        },
        {
          "acoustic_entropy": 7.941056728363037,
          "acoustic_entropy_side": 8.155346870422363,
          "hz": 680.1084783214808
        },
        {
          "acoustic_entropy": 7.857909679412842,
          "acoustic_entropy_side": 8.202706336975098,
          "hz": 802.3292461747484
        },
        {
          "acoustic_entropy": 7.748650074005127,
          "acoustic_entropy_side": 7.959657192230225,
          "hz": 935.3737400823702
        },
        {
          "acoustic_entropy": 8.304190635681152,
          "acoustic_entropy_side": 8.501802444458008,
          "hz": 1080.2004963696966
        },
        {
          "acoustic_entropy": 8.144134521484375,
          "acoustic_entropy_side": 8.108798027038574,
          "hz": 1237.8529382007157
        },
        {
          "acoustic_entropy": 7.874946594238281,
          "acoustic_entropy_side": 7.818471908569336,
          "hz": 1409.4668930556702
        },
        {
          "acoustic_entropy": 7.925599098205566,
          "acoustic_entropy_side": 8.128130912780762,
          "hz": 1596.2787759475705
        },
        {
          "acoustic_entropy": 7.975241661071777,
          "acoustic_entropy_side": 8.096315383911133,
          "hz": 1799.6344973346393
        },
        {
          "acoustic_entropy": 7.84525728225708,
          "acoustic_entropy_side": 8.045188903808594,
          "hz": 2020.9991599069049
        },
        {
          "acoustic_entropy": 7.907843112945557,
          "acoustic_entropy_side": 8.076004028320312,
          "hz": 2261.9676141086993
        },
        {
          "acoustic_entropy": 7.946589946746826,
          "acoustic_entropy_side": 8.087186813354492,
          "hz": 2524.2759484456974
        },
        {
          "acoustic_entropy": 8.061929702758789,
          "acoustic_entropy_side": 8.054880142211914,
          "hz": 2809.813997359896
        },
        {
          "acoustic_entropy": 7.957450866699219,
          "acoustic_entropy_side": 8.056293487548828,
          "hz": 3120.6389567871424
        },
        {
          "acoustic_entropy": 7.972154140472412,
          "acoustic_entropy_side": 8.031795501708984,
          "hz": 3458.990205492291
        },
        {
          "acoustic_entropy": 8.040950775146484,
          "acoustic_entropy_side": 8.049044609069824,
          "hz": 3827.305438964164
        },
        {
          "acoustic_entropy": 7.983649730682373,
          "acoustic_entropy_side": 8.020480155944824,
          "hz": 4228.238232109126
        },
        {
          "acoustic_entropy": 7.941497325897217,
          "acoustic_entropy_side": 7.987799167633057,
          "hz": 4664.6771572759235
        },
        {
          "acoustic_entropy": 7.996023178100586,
          "acoustic_entropy_side": 8.017730712890625,
          "hz": 5139.766595350093
        },
        {
          "acoustic_entropy": 8.000864028930664,
          "acoustic_entropy_side": 8.023033142089844,
          "hz": 5656.929389854203
        },
        {
          "acoustic_entropy": 8.013400077819824,
          "acoustic_entropy_side": 8.027050971984863,
          "hz": 6219.891507268283
        },
        {
          "acoustic_entropy": 8.031631469726562,
          "acoustic_entropy_side": 8.033896446228027,
          "hz": 6832.70888123896
        },
        {
          "acoustic_entropy": 8.023215293884277,
          "acoustic_entropy_side": 8.033206939697266,
          "hz": 7499.796634079867
        },
        {
          "acoustic_entropy": 7.992282390594482,
          "acoustic_entropy_side": 8.015654563903809,
          "hz": 8225.96088609342
        },
        {
          "acoustic_entropy": 8.029847145080566,
          "acoustic_entropy_side": 8.038646697998047,
          "hz": 9016.43338188839
        },
        {
          "acoustic_entropy": 7.986379623413086,
          "acoustic_entropy_side": 8.016765594482422,
          "hz": 9876.909183162974
        },
        {
          "acoustic_entropy": 8.005579948425293,
          "acoustic_entropy_side": 8.022661209106445,
          "hz": 10813.587699516042
        },
        {
          "acoustic_entropy": 8.064542770385742,
          "acoustic_entropy_side": 8.065202713012695,
          "hz": 11833.21735289826
        },
        {
          "acoustic_entropy": 8.072596549987793,
          "acoustic_entropy_side": 8.068073272705078,
          "hz": 12943.144197493959
        },
        {
          "acoustic_entropy": 8.056877136230469,
          "acoustic_entropy_side": 8.062554359436035,
          "hz": 14151.364845322005
        },
        {
          "acoustic_entropy": 8.053532600402832,
          "acoustic_entropy_side": 8.061370849609375,
          "hz": 15466.58407886509
        },
        {
          "acoustic_entropy": 8.01073932647705,
          "acoustic_entropy_side": 8.053478240966797,
          "hz": 16898.27756580493
        },
        {
          "acoustic_entropy": 7.934487819671631,
          "acoustic_entropy_side": 8.039582252502441,
          "hz": 18456.760127700032
        },
        {
          "acoustic_entropy": 7.957272052764893,
          "acoustic_entropy_side": 8.032651901245117,
          "hz": 20153.260054456492
        },
        {
          "acoustic_entropy": 8.005674362182617,
          "acoustic_entropy_side": 8.035512924194336,
          "hz": 22000.00000000001
        }
      ],
      "diff_acoustic_entropy": 7.412644386291504,
      "sn": 6
    },
    {
      "acoustic_entropy": 12.855713844299316,
      "acoustic_entropy_mono": 13.183594703674316,
      "band_eliminated_acoustic_entropies": [
        {
          "acoustic_entropy": 12.15721607208252,
          "acoustic_entropy_side": 12.840304374694824,
          "hz": 129.47220167065723
        },
        {
          "acoustic_entropy": 12.445319175720215,
          "acoustic_entropy_side": 12.735921859741211,
          "hz": 202.92927478742237
        },
        {
          "acoustic_entropy": 12.818376541137695,
          "acoustic_entropy_side": 12.688472747802734,
          "hz": 282.89161906338205
        },
        {
          "acoustic_entropy": 13.376338005065918,
          "acoustic_entropy_side": 12.989363670349121,
          "hz": 369.9353335868758
        },
        {
          "acoustic_entropy": 12.40753173828125,
          "acoustic_entropy_side": 12.76576042175293,
          "hz": 464.6875360973435
        },
        {
          "acoustic_entropy": 12.256465911865234,
          "acoustic_entropy_side": 12.602384567260742,
          "hz": 567.8308811364784
        },
        {
          "acoustic_entropy": 12.5703706741333,
          "acoustic_entropy_side": 12.581825256347656,
          "hz": 680.1084783214808
        },
        {
          "acoustic_entropy": 12.50302791595459,
          "acoustic_entropy_side": 13.402961730957031,
          "hz": 802.3292461747484
        },
        {
          "acoustic_entropy": 13.151910781860352,
          "acoustic_entropy_side": 12.865318298339844,
          "hz": 935.3737400823702
        },
        {
          "acoustic_entropy": 13.031251907348633,
          "acoustic_entropy_side": 13.469958305358887,
          "hz": 1080.2004963696966
        },
        {
          "acoustic_entropy": 13.035704612731934,
          "acoustic_entropy_side": 12.664604187011719,
          "hz": 1237.8529382007157
        },
        {
          "acoustic_entropy": 13.41092586517334,
          "acoustic_entropy_side": 12.9812650680542,
          "hz": 1409.4668930556702
        },
        {
          "acoustic_entropy": 12.610977172851562,
          "acoustic_entropy_side": 12.94375991821289,
          "hz": 1596.2787759475705
        },
        {
          "acoustic_entropy": 12.90095043182373,
          "acoustic_entropy_side": 12.822600364685059,
          "hz": 1799.6344973346393
        },
        {
          "acoustic_entropy": 12.669721603393555,
          "acoustic_entropy_side": 12.867034912109375,
          "hz": 2020.9991599069049
        },
        {
          "acoustic_entropy": 12.689055442810059,
          "acoustic_entropy_side": 12.675477027893066,
          "hz": 2261.9676141086993
        },
        {
          "acoustic_entropy": 12.73095703125,
          "acoustic_entropy_side": 12.78328800201416,
          "hz": 2524.2759484456974
        },
        {
          "acoustic_entropy": 12.951177597045898,
          "acoustic_entropy_side": 12.875740051269531,
          "hz": 2809.813997359896
        },
        {
          "acoustic_entropy": 12.83493423461914,
          "acoustic_entropy_side": 12.907039642333984,
          "hz": 3120.6389567871424
        },
        {
          "acoustic_entropy": 12.978720664978027,
          "acoustic_entropy_side": 12.891690254211426,
          "hz": 3458.990205492291
        },
        {
          "acoustic_entropy": 12.991865158081055,
          "acoustic_entropy_side": 12.906865119934082,
          "hz": 3827.305438964164
        },
        {
          "acoustic_entropy": 12.935601234436035,
          "acoustic_entropy_side": 12.867809295654297,
          "hz": 4228.238232109126
        },
        {
          "acoustic_entropy": 12.8726806640625,
          "acoustic_entropy_side": 12.856583595275879,
          "hz": 4664.6771572759235
        },
        {
          "acoustic_entropy": 12.937554359436035,
          "acoustic_entropy_side": 12.842947006225586,
          "hz": 5139.766595350093
        },
        {
          "acoustic_entropy": 12.846673965454102,
          "acoustic_entropy_side": 12.845399856567383,
          "hz": 5656.929389854203
        },
        {
          "acoustic_entropy": 12.859990119934082,
          "acoustic_entropy_side": 12.855409622192383,
          "hz": 6219.891507268283
        },
        {
          "acoustic_entropy": 12.853071212768555,
          "acoustic_entropy_side": 12.839864730834961,
          "hz": 6832.70888123896
        },
        {
          "acoustic_entropy": 12.89266586303711,
          "acoustic_entropy_side": 12.855596542358398,
          "hz": 7499.796634079867
        },
        {
          "acoustic_entropy": 12.93009090423584,
          "acoustic_entropy_side": 12.873598098754883,
          "hz": 8225.96088609342
        },
        {
          "acoustic_entropy": 12.877667427062988,
          "acoustic_entropy_side": 12.859639167785645,
          "hz": 9016.43338188839
        },
        {
          "acoustic_entropy": 12.913664817810059,
          "acoustic_entropy_side": 12.870688438415527,
          "hz": 9876.909183162974
        },
        {
          "acoustic_entropy": 12.917298316955566,
          "acoustic_entropy_side": 12.875565528869629,
          "hz": 10813.587699516042
        },
        {
          "acoustic_entropy": 12.87541675567627,
          "acoustic_entropy_side": 12.869189262390137,
          "hz": 11833.21735289826
        },
        {
          "acoustic_entropy": 12.885307312011719,
          "acoustic_entropy_side": 12.871906280517578,
          "hz": 12943.144197493959
        },
        {
          "acoustic_entropy": 12.864437103271484,
          "acoustic_entropy_side": 12.854424476623535,
          "hz": 14151.364845322005
        },
        {
          "acoustic_entropy": 12.864115715026855,
          "acoustic_entropy_side": 12.855119705200195,
          "hz": 15466.58407886509
        },
        {
          "acoustic_entropy": 12.844931602478027,
          "acoustic_entropy_side": 12.860260963439941,
          "hz": 16898.27756580493
        },
        {
          "acoustic_entropy": 12.833130836486816,
          "acoustic_entropy_side": 12.857189178466797,
          "hz": 18456.760127700032
        },
        {
          "acoustic_entropy": 12.863619804382324,
          "acoustic_entropy_side": 12.871733665466309,
          "hz": 20153.260054456492
        },
        {
          "acoustic_entropy": 12.874006271362305,
          "acoustic_entropy_side": 12.860429763793945,
          "hz": 22000.00000000001
        }
      ],
      "diff_acoustic_entropy": 13.378122329711914,
      "sn": 12
    },
    {
      "acoustic_entropy": 18.88149642944336,
      "acoustic_entropy_mono": 16.433805465698242,
      "band_eliminated_acoustic_entropies": [
        {
          "acoustic_entropy": 18.411102294921875,
          "acoustic_entropy_side": 18.517974853515625,
          "hz": 129.47220167065723
        },
        {
          "acoustic_entropy": 19.371931076049805,
          "acoustic_entropy_side": 19.41777229309082,
          "hz": 202.92927478742237
        },
        {
          "acoustic_entropy": 18.19437599182129,
          "acoustic_entropy_side": 18.892383575439453,
          "hz": 282.89161906338205
        },
        {
          "acoustic_entropy": 18.838756561279297,
          "acoustic_entropy_side": 18.7083740234375,
          "hz": 369.9353335868758
        },
        {
          "acoustic_entropy": 18.926433563232422,
          "acoustic_entropy_side": 19.32436752319336,
          "hz": 464.6875360973435
        },
        {
          "acoustic_entropy": 19.34134292602539,
          "acoustic_entropy_side": 18.734636306762695,
          "hz": 567.8308811364784
        },
        {
          "acoustic_entropy": 19.75864601135254,
          "acoustic_entropy_side": 18.432483673095703,
          "hz": 680.1084783214808
        },
        {
          "acoustic_entropy": 18.901708602905273,
          "acoustic_entropy_side": 19.050378799438477,
          "hz": 802.3292461747484
        },
        {
          "acoustic_entropy": 18.797983169555664,
          "acoustic_entropy_side": 18.880191802978516,
          "hz": 935.3737400823702
        },
        {
          "acoustic_entropy": 18.073787689208984,
          "acoustic_entropy_side": 18.49161148071289,
          "hz": 1080.2004963696966
        },
        {
          "acoustic_entropy": 18.50291633605957,
          "acoustic_entropy_side": 18.42948341369629,
          "hz": 1237.8529382007157
        },
        {
          "acoustic_entropy": 18.770057678222656,
          "acoustic_entropy_side": 19.101930618286133,
          "hz": 1409.4668930556702
        },
        {
          "acoustic_entropy": 18.421892166137695,
          "acoustic_entropy_side": 18.515167236328125,
          "hz": 1596.2787759475705
        },
        {
          "acoustic_entropy": 19.49791145324707,
          "acoustic_entropy_side": 19.119232177734375,
          "hz": 1799.6344973346393
        },
        {
          "acoustic_entropy": 18.506174087524414,
          "acoustic_entropy_side": 18.854347229003906,
          "hz": 2020.9991599069049
        },
        {
          "acoustic_entropy": 18.384050369262695,
          "acoustic_entropy_side": 18.514659881591797,
          "hz": 2261.9676141086993
        },
        {
          "acoustic_entropy": 18.71112060546875,
          "acoustic_entropy_side": 18.630937576293945,
          "hz": 2524.2759484456974
        },
        {
          "acoustic_entropy": 18.257234573364258,
          "acoustic_entropy_side": 18.682167053222656,
          "hz": 2809.813997359896
        },
        {
          "acoustic_entropy": 19.006425857543945,
          "acoustic_entropy_side": 18.898157119750977,
          "hz": 3120.6389567871424
