{
  "acoustic_entropy": 146.88816833496094,
  "bands": [
    {
      "high_freq": 148.1999969482422,
      "loudness": -49.33091735839844,
      "loudness_range": 24.777362823486328,
      "mid_mean": -46.690425872802734,
      "mid_to_side_loudness": -5.908898830413818,
      "mid_to_side_loudness_range": 8.47083568572998,
      "side_mean": -52.473148345947266
    },
    {
      "high_freq": 392.3793640136719,
      "loudness": -35.02385711669922,
      "loudness_range": 22.275182723999023,
      "low_freq": 148.1999969482422,
      "mid_mean": -33.177978515625,
      "mid_to_side_loudness": -3.822578191757202,
      "mid_to_side_loudness_range": 11.547057151794434,
      "side_mean": -37.291603088378906
    },
    {
      "high_freq": 794.6976318359375,
      "loudness": -31.23447036743164,
      "loudness_range": 16.196556091308594,
      "low_freq": 392.3793640136719,
      "mid_mean": -30.219690322875977,
      "mid_to_side_loudness": -1.320310354232788,
      "mid_to_side_loudness_range": 9.117493629455566,
      "side_mean": -31.8228759765625
    },
    {
      "high_freq": 1457.5709228515625,
      "loudness": -39.31591796875,
      "loudness_range": 20.04567527770996,
      "low_freq": 794.6976318359375,
      "mid_mean": -39.09477996826172,
      "mid_to_side_loudness": 0.4480542540550232,
      "mid_to_side_loudness_range": 7.67169189453125,
      "side_mean": -38.68589401245117
    },
    {
      "high_freq": 2549.74365234375,
      "loudness": -44.677154541015625,
      "loudness_range": 20.259265899658203,
      "low_freq": 1457.5709228515625,
      "mid_mean": -44.403228759765625,
      "mid_to_side_loudness": 0.26014041900634766,
      "mid_to_side_loudness_range": 6.589746952056885,
      "side_mean": -44.23433303833008
    },
    {
      "high_freq": 4349.24462890625,
      "loudness": -54.34736633300781,
      "loudness_range": 23.702972412109375,
      "low_freq": 2549.74365234375,
      "mid_mean": -54.75721740722656,
      "mid_to_side_loudness": -0.08811207860708237,
      "mid_to_side_loudness_range": 6.838770389556885,
      "side_mean": -54.87473678588867
    },
    {
      "high_freq": 7314.1640625,
      "loudness": -66.60604095458984,
      "loudness_range": 24.160064697265625,
      "low_freq": 4349.24462890625,
      "mid_mean": -64.68577575683594,
      "mid_to_side_loudness": -0.5382291674613953,
      "mid_to_side_loudness_range": 5.880825996398926,
      "side_mean": -65.02388000488281
    },
    {
      "high_freq": 12199.2666015625,
      "loudness": -68.87109375,
      "loudness_range": 25.766193389892578,
      "low_freq": 7314.1640625,
      "mid_mean": -67.71649169921875,
      "mid_to_side_loudness": -0.30374085903167725,
      "mid_to_side_loudness_range": 3.9626917839050293,
      "side_mean": -67.83075714111328
    },
    {
      "loudness": -62.020660400390625,
      "loudness_range": 26.79351806640625,
      "low_freq": 12199.2666015625,
      "mid_mean": -67.70298767089844,
      "mid_to_side_loudness": -0.009213523007929325,
      "mid_to_side_loudness_range": 1.864391565322876,
      "side_mean": -67.66283416748047
    }
  ],
  "bands_short": [
    {
      "high_freq": 148.1999969482422,
      "loudness": -52.74645233154297,
      "loudness_range": 24.63015365600586,
      "mid_mean": -50.309200286865234,
      "mid_to_side_loudness": -5.539887428283691,
      "mid_to_side_loudness_range": 12.755494117736816,
      "side_mean": -55.62532043457031
    },
    {
      "high_freq": 392.3793640136719,
      "loudness": -35.373924255371094,
      "loudness_range": 22.804309844970703,
      "low_freq": 148.1999969482422,
      "mid_mean": -33.48220443725586,
      "mid_to_side_loudness": -4.011842250823975,
      "mid_to_side_loudness_range": 13.125799179077148,
      "side_mean": -37.920753479003906
    },
    {
      "high_freq": 794.6976318359375,
      "loudness": -31.828580856323242,
      "loudness_range": 18.590953826904297,
      "low_freq": 392.3793640136719,
      "mid_mean": -30.80718994140625,
      "mid_to_side_loudness": -1.5393085479736328,
      "mid_to_side_loudness_range": 10.671079635620117,
      "side_mean": -32.69621276855469
    },
    {
      "high_freq": 1457.5709228515625,
      "loudness": -39.08893585205078,
      "loudness_range": 20.61876106262207,
      "low_freq": 794.6976318359375,
      "mid_mean": -39.06824493408203,
      "mid_to_side_loudness": 0.6570802330970764,
      "mid_to_side_loudness_range": 9.520116806030273,
      "side_mean": -38.55782699584961
    },
    {
      "high_freq": 2549.74365234375,
      "loudness": -45.53876876831055,
      "loudness_range": 22.224689483642578,
      "low_freq": 1457.5709228515625,
      "mid_mean": -45.3446159362793,
      "mid_to_side_loudness": 0.18749168515205383,
      "mid_to_side_loudness_range": 8.72011947631836,
      "side_mean": -45.29763412475586
    },
    {
      "high_freq": 4349.24462890625,
      "loudness": -55.00163650512695,
      "loudness_range": 25.202068328857422,
      "low_freq": 2549.74365234375,
      "mid_mean": -55.654266357421875,
      "mid_to_side_loudness": 0.11226427555084229,
      "mid_to_side_loudness_range": 8.383501052856445,
      "side_mean": -55.62471389770508
    },
    {
      "high_freq": 7314.1640625,
      "loudness": -68.95181274414062,
      "loudness_range": 26.050243377685547,
      "low_freq": 4349.24462890625,
      "mid_mean": -66.12570190429688,
      "mid_to_side_loudness": -0.5652864575386047,
      "mid_to_side_loudness_range": 8.441080093383789,
      "side_mean": -66.39916229248047
    },
    {
      "high_freq": 12199.2666015625,
      "loudness": -70.60919952392578,
      "loudness_range": 30.147693634033203,
      "low_freq": 7314.1640625,
      "mid_mean": -69.13153076171875,
      "mid_to_side_loudness": -0.20821012556552887,
      "mid_to_side_loudness_range": 4.58934211730957,
      "side_mean": -69.18798828125
    },
    {
      "loudness": -66.8488998413086,
      "loudness_range": 32.69976043701172,
      "low_freq": 12199.2666015625,
      "mid_mean": -69.27803802490234,
      "mid_to_side_loudness": -0.10301946103572845,
      "mid_to_side_loudness_range": 3.8708908557891846,
      "side_mean": -69.28160858154297
    }
  ],
  "bandwidth": 613.7901000976562,
  "channels": 2,
  "covariance": [
    [
      73.78326416015625,
      56.945213317871094,
      40.989009857177734,
      44.83378601074219,
      29.061838150024414,
      30.789731979370117,
      40.14955520629883,
      38.168060302734375,
      45.03961944580078,
      43.19508361816406,
      48.165592193603516,
      47.80353927612305,
      10.843708992004395,
      10.49514389038086,
      -7.097900390625,
      -7.750840187072754,
      -10.1825590133667,
      -10.413270950317383
    ],
    [
      56.945213317871094,
      49.626346588134766,
      33.50160217285156,
      36.64611053466797,
      24.361467361450195,
      25.384639739990234,
      33.222618103027344,
      31.18438720703125,
      36.58256149291992,
      35.252071380615234,
      38.68246078491211,
      38.39423370361328,
      8.993059158325195,
      8.716337203979492,
      -6.034538745880127,
      -6.499333381652832,
      -8.581058502197266,
      -8.80446720123291
    ],
    [
      40.989009857177734,
      33.50160217285156,
      68.29874420166016,
      56.21176528930664,
      26.2601318359375,
      28.538835525512695,
      34.4437370300293,
      30.06045150756836,
      40.69193649291992,
      38.794715881347656,
      41.207855224609375,
      39.149776458740234,
      14.183246612548828,
      12.929868698120117,
      -2.4762697219848633,
      -2.9599714279174805,
      -4.473702430725098,
      -4.491678237915039
    ],
    [
      44.83378601074219,
      36.64611053466797,
      56.21176528930664,
      62.75273132324219,
      24.728307723999023,
      27.71839141845703,
      33.974796295166016,
      29.86724281311035,
      41.74420166015625,
      38.75035095214844,
      42.12244415283203,
      41.25064468383789,
      12.430935859680176,
      11.480998039245605,
      -3.8724541664123535,
      -4.391117572784424,
      -6.144801139831543,
      -6.207247734069824
    ],
    [
      29.061838150024414,
      24.361467361450195,
      26.2601318359375,
      24.728307723999023,
      38.03902816772461,
      33.218448638916016,
      31.776399612426758,
      31.14620018005371,
      34.03408432006836,
      33.079593658447266,
      40.22758483886719,
      39.7012939453125,
      15.107391357421875,
      14.178617477416992,
      -0.7992540597915649,
      -1.0995094776153564,
      -2.580636501312256,
      -2.7536280155181885
    ],
    [
      30.789731979370117,
      25.384639739990234,
      28.538835525512695,
      27.71839141845703,
      33.218448638916016,
      45.48398208618164,
      33.87651443481445,
      33.73979568481445,
      36.81855010986328,
      35.62325668334961,
      45.5299072265625,
      44.8768424987793,
      16.70854377746582,
      15.460271835327148,
      -0.9807804822921753,
      -1.1860196590423584,
      -2.842832088470459,
      -3.0609374046325684
    ],
    [
      40.14955520629883,
      33.222618103027344,
      34.4437370300293,
      33.974796295166016,
      31.776399612426758,
      33.87651443481445,
      50.864280700683594,
      46.37759780883789,
      43.51129150390625,
      41.525875091552734,
      44.12541580200195,
      44.11751174926758,
      15.04816722869873,
      13.503951072692871,
      -4.474879741668701,
      -4.791226863861084,
      -6.874111652374268,
      -7.080973148345947
    ],
    [
      38.168060302734375,
      31.18438720703125,
      30.06045150756836,
      29.86724281311035,
      31.14620018005371,
      33.73979568481445,
      46.37759780883789,
      49.91307830810547,
      42.976558685302734,
      40.262290954589844,
      43.985233306884766,
      43.68201446533203,
      15.766403198242188,
      14.042518615722656,
      -3.3567662239074707,
      -3.843435764312744,
      -5.667664051055908,
      -5.853293418884277
    ],
    [
      45.03961944580078,
      36.58256149291992,
      40.69193649291992,
      41.74420166015625,
      34.03408432006836,
      36.81855010986328,
      43.51129150390625,
      42.976558685302734,
      56.748939514160156,
      50.70856857299805,
      51.8780632019043,
      50.63964080810547,
      19.764942169189453,
      18.160255432128906,
      -2.255150556564331,
      -2.857089042663574,
      -4.785501480102539,
      -4.925762176513672
    ],
    [
      43.19508361816406,
      35.252071380615234,
      38.794715881347656,
      38.75035095214844,
      33.079593658447266,
      35.62325668334961,
      41.525875091552734,
      40.262290954589844,
      50.70856857299805,
      52.421329498291016,
      49.62540054321289,
      48.99340057373047,
      19.1033992767334,
      17.753116607666016,
      -1.5804272890090942,
      -2.2219905853271484,
      -4.003656387329102,
      -4.113376140594482
    ],
    [
      48.165592193603516,
      38.68246078491211,
      41.207855224609375,
      42.12244415283203,
      40.22758483886719,
      45.5299072265625,
      44.12541580200195,
      43.985233306884766,
      51.8780632019043,
      49.62540054321289,
      70.71015167236328,
      69.17469024658203,
      28.216468811035156,
      27.020008087158203,
      2.8852274417877197,
      2.0109589099884033,
      0.33760833740234375,
      0.2385292947292328
    ],
    [
      47.80353927612305,
      38.39423370361328,
      39.149776458740234,
      41.25064468383789,
      39.7012939453125,
      44.8768424987793,
      44.11751174926758,
      43.68201446533203,
      50.63964080810547,
      48.99340057373047,
      69.17469024658203,
      71.85881042480469,
      28.449119567871094,
      27.40311050415039,
      2.7244791984558105,
      2.008474826812744,
      0.2658303380012512,
      0.14709092676639557
    ],
    [
      10.843708992004395,
      8.993059158325195,
      14.183246612548828,
      12.430935859680176,
      15.107391357421875,
      16.70854377746582,
      15.04816722869873,
      15.766403198242188,
      19.764942169189453,
      19.1033992767334,
      28.216468811035156,
      28.449119567871094,
      31.4010066986084,
      29.338966369628906,
      18.667299270629883,
      17.90672492980957,
      19.187284469604492,
      19.491024017333984
    ],
    [
      10.49514389038086,
      8.716337203979492,
      12.929868698120117,
      11.480998039245605,
      14.178617477416992,
      15.460271835327148,
      13.503951072692871,
      14.042518615722656,
      18.160255432128906,
      17.753116607666016,
      27.020008087158203,
      27.40311050415039,
      29.338966369628906,
      28.86744499206543,
      18.441343307495117,
      17.592836380004883,
      18.883161544799805,
      19.157073974609375
    ],
    [
      -7.097900390625,
      -6.034538745880127,
      -2.4762697219848633,
      -3.8724541664123535,
      -0.7992540597915649,
      -0.9807804822921753,
      -4.474879741668701,
      -3.3567662239074707,
      -2.255150556564331,
      -1.5804272890090942,
      2.8852274417877197,
      2.7244791984558105,
      18.667299270629883,
      18.441343307495117,
      22.652488708496094,
      21.87827491760254,
      24.80568504333496,
      25.28423309326172
    ],
    [
      -7.750840187072754,
      -6.499333381652832,
      -2.9599714279174805,
      -4.391117572784424,
      -1.0995094776153564,
      -1.1860196590423584,
      -4.791226863861084,
      -3.843435764312744,
      -2.857089042663574,
      -2.2219905853271484,
      2.0109589099884033,
      2.008474826812744,
      17.90672492980957,
      17.592836380004883,
      21.87827491760254,
      21.51937484741211,
      24.344938278198242,
      24.776105880737305
    ],
    [
      -10.1825590133667,
      -8.581058502197266,
      -4.473702430725098,
      -6.144801139831543,
      -2.580636501312256,
      -2.842832088470459,
      -6.874111652374268,
      -5.667664051055908,
      -4.785501480102539,
      -4.003656387329102,
      0.33760833740234375,
      0.2658303380012512,
      19.187284469604492,
      18.883161544799805,
      24.80568504333496,
      24.344938278198242,
      28.17722511291504,
      28.694793701171875
    ],
    [
      -10.413270950317383,
      -8.80446720123291,
      -4.491678237915039,
      -6.207247734069824,
      -2.7536280155181885,
      -3.0609374046325684,
      -7.080973148345947,
      -5.853293418884277,
      -4.925762176513672,
      -4.113376140594482,
      0.2385292947292328,
      0.14709092676639557,
      19.491024017333984,
      19.157073974609375,
      25.28423309326172,
      24.776105880737305,
      28.694793701171875,
      29.28257179260254
    ]
  ],
  "covariance_short": [
    [
      72.48983001708984,
      48.762351989746094,
      35.10609817504883,
      37.75191879272461,
      27.129497528076172,
      29.794921875,
      36.972198486328125,
      36.426734924316406,
      41.670963287353516,
      39.65542984008789,
      44.328880310058594,
      43.937564849853516,
      14.898406982421875,
      14.29531192779541,
      -0.06703239679336548,
      -0.5527836084365845,
      -1.5439192056655884,
      -1.5783966779708862
    ],
    [
      48.762351989746094,
      43.29336166381836,
      27.2783260345459,
      28.906986236572266,
      21.28744888305664,
      23.422693252563477,
      28.862613677978516,
      28.61121940612793,
      31.884733200073242,
      30.37823486328125,
      33.61097717285156,
      33.553653717041016,
      11.920145988464355,
      11.371216773986816,
      -0.08735885471105576,
      -0.42194706201553345,
      -1.122970461845398,
      -1.1499946117401123
    ],
    [
      35.10609817504883,
      27.2783260345459,
      68.58954620361328,
      54.60992431640625,
      30.854475021362305,
      32.274845123291016,
      35.937477111816406,
      32.849369049072266,
      42.86591339111328,
      41.40549087524414,
      42.174888610839844,
      40.37797927856445,
      17.66147232055664,
      15.717106819152832,
      7.879542681621388e-05,
      -0.32641080021858215,
      -1.1399314403533936,
      -1.2278249263763428
    ],
    [
      37.75191879272461,
      28.906986236572266,
      54.60992431640625,
      66.08902740478516,
      28.497821807861328,
      31.699880599975586,
      34.9598388671875,
      31.149587631225586,
      43.471588134765625,
      40.70336151123047,
      42.61256790161133,
      41.8394775390625,
      16.31348419189453,
      14.839884757995605,
      -0.13281506299972534,
      -0.38333624601364136,
      -1.153127670288086,
      -1.1987947225570679
    ],
    [
      27.129497528076172,
      21.28744888305664,
      30.854475021362305,
      28.497821807861328,
      45.518287658691406,
      39.848392486572266,
      36.41652297973633,
      37.33899688720703,
      40.313655853271484,
      39.32106018066406,
      45.82432556152344,
      45.717498779296875,
      18.92344856262207,
      17.81312370300293,
      1.3141379356384277,
      0.9363618493080139,
      0.04176177829504013,
      -0.014096985571086407
    ],
    [
      29.794921875,
      23.422693252563477,
      32.274845123291016,
      31.699880599975586,
      39.848392486572266,
      53.36570358276367,
      37.356101989746094,
      39.106597900390625,
      41.95718002319336,
      41.04368209838867,
      51.21295166015625,
      50.782169342041016,
      21.048137664794922,
      19.71295738220215,
      1.5549614429473877,
      1.3547385931015015,
      0.27523186802864075,
      0.26545318961143494
    ],
    [
      36.972198486328125,
      28.862613677978516,
      35.937477111816406,
      34.9598388671875,
      36.41652297973633,
      37.356101989746094,
      56.549869537353516,
      49.47453308105469,
      48.02871322631836,
      46.25933074951172,
      48.24877166748047,
      48.0428352355957,
      19.94697380065918,
      18.2652645111084,
      0.26908206939697266,
      -0.09248436242341995,
      -1.1433563232421875,
      -1.1909900903701782
    ],
    [
      36.426734924316406,
      28.61121940612793,
      32.849369049072266,
      31.149587631225586,
      37.33899688720703,
      39.106597900390625,
      49.47453308105469,
      56.892059326171875,
      48.76034164428711,
      46.6320915222168,
      48.67042922973633,
      48.355960845947266,
      20.81268310546875,
      19.02179527282715,
      0.5971012115478516,
      0.203560009598732,
      -0.9367890954017639,
      -0.9460794925689697
    ],
    [
      41.670963287353516,
      31.884733200073242,
      42.86591339111328,
      43.471588134765625,
      40.313655853271484,
      41.95718002319336,
      48.02871322631836,
      48.76034164428711,
      64.44544219970703,
      57.24528503417969,
      57.85089111328125,
      56.36970138549805,
      25.168167114257812,
      23.304813385009766,
      1.396423578262329,
      0.9110552072525024,
      -0.3154659867286682,
      -0.3978267312049866
    ],
    [
      39.65542984008789,
      30.37823486328125,
      41.40549087524414,
      40.70336151123047,
      39.32106018066406,
      41.04368209838867,
      46.25933074951172,
      46.6320915222168,
      57.24528503417969,
      61.03688049316406,
      55.72299575805664,
      54.993038177490234,
      23.777851104736328,
      22.299592971801758,
      1.4978575706481934,
      1.047608494758606,
      -0.23573704063892365,
      -0.2531944811344147
    ],
    [
      44.328880310058594,
      33.61097717285156,
      42.174888610839844,
      42.61256790161133,
      45.82432556152344,
      51.21295166015625,
      48.24877166748047,
      48.67042922973633,
      57.85089111328125,
      55.72299575805664,
      75.97090148925781,
      73.63775634765625,
      31.431623458862305,
      30.02861976623535,
      4.217915058135986,
      3.42242169380188,
      1.9693994522094727,
      1.834550380706787
    ],
    [
      43.937564849853516,
      33.553653717041016,
      40.37797927856445,
      41.8394775390625,
      45.717498779296875,
      50.782169342041016,
      48.0428352355957,
      48.355960845947266,
      56.36970138549805,
      54.993038177490234,
      73.63775634765625,
      77.36465454101562,
      31.212528228759766,
      30.04627799987793,
      4.166910648345947,
      3.606473445892334,
      2.025970935821533,
      2.0442585945129395
    ],
    [
      14.898406982421875,
      11.920145988464355,
      17.66147232055664,
      16.31348419189453,
      18.92344856262207,
      21.048137664794922,
      19.94697380065918,
      20.81268310546875,
      25.168167114257812,
      23.777851104736328,
      31.431623458862305,
      31.212528228759766,
      28.456993103027344,
      25.83100128173828,
      10.47868824005127,
      9.861533164978027,
      9.368436813354492,
      9.23534870147705
    ],
    [
      14.29531192779541,
      11.371216773986816,
      15.717106819152832,
      14.839884757995605,
      17.81312370300293,
      19.71295738220215,
      18.2652645111084,
      19.02179527282715,
      23.304813385009766,
      22.299592971801758,
      30.02861976623535,
      30.04627799987793,
      25.83100128173828,
      25.830902099609375,
      10.207634925842285,
      9.846212387084961,
      9.069608688354492,
      9.189682006835938
    ],
    [
      -0.06703239679336548,
      -0.08735885471105576,
      7.879542681621388e-05,
      -0.13281506299972534,
      1.3141379356384277,
      1.5549614429473877,
      0.26908206939697266,
      0.5971012115478516,
      1.396423578262329,
      1.4978575706481934,
      4.217915058135986,
      4.166910648345947,
      10.47868824005127,
      10.207634925842285,
      10.552412986755371,
      9.922048568725586,
      10.472635269165039,
      10.383038520812988
    ],
    [
      -0.5527836084365845,
      -0.42194706201553345,
      -0.32641080021858215,
      -0.38333624601364136,
      0.9363618493080139,
      1.3547385931015015,
      -0.09248436242341995,
      0.203560009598732,
      0.9110552072525024,
      1.047608494758606,
      3.42242169380188,
      3.606473445892334,
      9.861533164978027,
      9.846212387084961,
      9.922048568725586,
      9.885954856872559,
      10.163710594177246,
      10.32053279876709
    ],
    [
      -1.5439192056655884,
      -1.122970461845398,
      -1.1399314403533936,
      -1.153127670288086,
      0.04176177829504013,
      0.27523186802864075,
      -1.1433563232421875,
      -0.9367890954017639,
      -0.3154659867286682,
      -0.23573704063892365,
      1.9693994522094727,
      2.025970935821533,
      9.368436813354492,
      9.069608688354492,
      10.472635269165039,
      10.163710594177246,
      11.29325008392334,
      11.226759910583496
    ],
    [
      -1.5783966779708862,
      -1.1499946117401123,
      -1.2278249263763428,
      -1.1987947225570679,
      -0.014096985571086407,
      0.26545318961143494,
      -1.1909900903701782,
      -0.9460794925689697,
      -0.3978267312049866,
      -0.2531944811344147,
      1.834550380706787,
      2.0442585945129395,
      9.23534870147705,
      9.189682006835938,
      10.383038520812988,
      10.32053279876709,
      11.226759910583496,
      11.407830238342285
    ]
  ],
  "damage": -15.584692001342773,
  "diff_bandwidth": 651.3519287109375,
  "dissonance": 4.377806439190622,
  "drr": 9.328465461730957,
  "dynamics": 4.8368096351623535,
  "format": 1245190,
  "frames": 9537472,
  "loudness": -24.209501266479492,
  "loudness_range": 14.649053573608398,
  "loudness_range_short": 18.385786056518555,
  "lowpass_true_peak_15khz": -4.665292739868164,
  "mastering3_acoustic_entropies": [
    {
      "acoustic_entropy": 5.6742658615112305,
      "acoustic_entropy_mono": 5.409387588500977,
      "band_eliminated_acoustic_entropies": [
        {
          "acoustic_entropy": 5.6699604988098145,
          "acoustic_entropy_side": 5.674299240112305,
          "hz": 129.47220167065723
        },
        {
          "acoustic_entropy": 5.646105766296387,
          "acoustic_entropy_side": 5.666064262390137,
          "hz": 202.92927478742237
        },
        {
          "acoustic_entropy": 5.545853137969971,
          "acoustic_entropy_side": 5.634610176086426,
          "hz": 282.89161906338205
        },
        {
          "acoustic_entropy": 6.378971099853516,
          "acoustic_entropy_side": 5.843616008758545,
          "hz": 369.9353335868758
        },
        {
          "acoustic_entropy": 6.32896614074707,
          "acoustic_entropy_side": 6.275951385498047,
          "hz": 464.6875360973435
        },
        {
          "acoustic_entropy": 5.941041946411133,
          "acoustic_entropy_side": 6.1849141120910645,
          "hz": 567.8308811364784
        },
        {
          "acoustic_entropy": 5.966743469238281,
          "acoustic_entropy_side": 6.675165176391602,
          "hz": 680.1084783214808
        },
        {
          "acoustic_entropy": 5.481511116027832,
          "acoustic_entropy_side": 6.722721576690674,
          "hz": 802.3292461747484
        },
        {
          "acoustic_entropy": 6.159625053405762,
          "acoustic_entropy_side": 6.494105339050293,
          "hz": 935.3737400823702
        },
        {
          "acoustic_entropy": 5.932005882263184,
          "acoustic_entropy_side": 6.557154178619385,
          "hz": 1080.2004963696966
        },
        {
          "acoustic_entropy": 5.52383279800415,
          "acoustic_entropy_side": 5.5544962882995605,
          "hz": 1237.8529382007157
        },
        {
          "acoustic_entropy": 5.829430103302002,
          "acoustic_entropy_side": 5.760353088378906,
          "hz": 1409.4668930556702
        },
        {
          "acoustic_entropy": 5.661547660827637,
          "acoustic_entropy_side": 5.660226821899414,
          "hz": 1596.2787759475705
        },
        {
          "acoustic_entropy": 5.832093238830566,
          "acoustic_entropy_side": 5.741889476776123,
          "hz": 1799.6344973346393
        },
        {
          "acoustic_entropy": 5.568975925445557,
          "acoustic_entropy_side": 5.626606464385986,
          "hz": 2020.9991599069049
        },
        {
          "acoustic_entropy": 5.642982006072998,
          "acoustic_entropy_side": 5.6736531257629395,
          "hz": 2261.9676141086993
        },
        {
          "acoustic_entropy": 5.660789489746094,
          "acoustic_entropy_side": 5.676108360290527,
          "hz": 2524.2759484456974
        },
        {
          "acoustic_entropy": 5.671570301055908,
          "acoustic_entropy_side": 5.668918132781982,
          "hz": 2809.813997359896
        },
        {
          "acoustic_entropy": 5.657931804656982,
          "acoustic_entropy_side": 5.662396430969238,
          "hz": 3120.6389567871424
        },
        {
          "acoustic_entropy": 5.645591735839844,
          "acoustic_entropy_side": 5.651700973510742,
          "hz": 3458.990205492291
        },
        {
          "acoustic_entropy": 5.669636249542236,
          "acoustic_entropy_side": 5.67374324798584,
          "hz": 3827.305438964164
        },
        {
          "acoustic_entropy": 5.670364856719971,
          "acoustic_entropy_side": 5.673461437225342,
          "hz": 4228.238232109126
        },
        {
          "acoustic_entropy": 5.67367696762085,
          "acoustic_entropy_side": 5.674142837524414,
          "hz": 4664.6771572759235
        },
        {
          "acoustic_entropy": 5.674310684204102,
          "acoustic_entropy_side": 5.6742706298828125,
          "hz": 5139.766595350093
        },
        {
          "acoustic_entropy": 5.674347877502441,
          "acoustic_entropy_side": 5.674294948577881,
          "hz": 5656.929389854203
        },
        {
          "acoustic_entropy": 5.674365043640137,
          "acoustic_entropy_side": 5.67430305480957,
          "hz": 6219.891507268283
        },
        {
          "acoustic_entropy": 5.674588680267334,
          "acoustic_entropy_side": 5.674426078796387,
          "hz": 6832.70888123896
        },
        {
          "acoustic_entropy": 5.6745781898498535,
          "acoustic_entropy_side": 5.674806118011475,
          "hz": 7499.796634079867
        },
        {
          "acoustic_entropy": 5.674405574798584,
          "acoustic_entropy_side": 5.674996376037598,
          "hz": 8225.96088609342
        },
        {
          "acoustic_entropy": 5.675131797790527,
          "acoustic_entropy_side": 5.674997806549072,
          "hz": 9016.43338188839
        },
        {
          "acoustic_entropy": 5.674487113952637,
          "acoustic_entropy_side": 5.674379348754883,
          "hz": 9876.909183162974
        },
        {
          "acoustic_entropy": 5.674358367919922,
          "acoustic_entropy_side": 5.674312114715576,
          "hz": 10813.587699516042
        },
        {
          "acoustic_entropy": 5.674343109130859,
          "acoustic_entropy_side": 5.67430305480957,
          "hz": 11833.21735289826
        },
        {
          "acoustic_entropy": 5.674407958984375,
          "acoustic_entropy_side": 5.674338340759277,
          "hz": 12943.144197493959
        },
        {
          "acoustic_entropy": 5.67507791519165,
          "acoustic_entropy_side": 5.674768924713135,
          "hz": 14151.364845322005
        },
        {
          "acoustic_entropy": 5.676381587982178,
          "acoustic_entropy_side": 5.661843776702881,
          "hz": 15466.58407886509
        },
        {
          "acoustic_entropy": 5.662473678588867,
          "acoustic_entropy_side": 5.672820091247559,
          "hz": 16898.27756580493
        },
        {
          "acoustic_entropy": 5.674954414367676,
          "acoustic_entropy_side": 5.674680233001709,
          "hz": 18456.760127700032
        },
        {
          "acoustic_entropy": 5.675111293792725,
          "acoustic_entropy_side": 5.674816131591797,
          "hz": 20153.260054456492
        },
        {
          "acoustic_entropy": 5.659203052520752,
          "acoustic_entropy_side": 5.664524078369141,
          "hz": 22000.00000000001
        }
      ],
      "diff_acoustic_entropy": 3.545398712158203,
      "sn": 6
    },
    {
      "acoustic_entropy": 9.880329132080078,
      "acoustic_entropy_mono": 8.668744087219238,
      "band_eliminated_acoustic_entropies": [
        {
          "acoustic_entropy": 9.909618377685547,
          "acoustic_entropy_side": 9.880732536315918,
          "hz": 129.47220167065723
        },
        {
          "acoustic_entropy": 9.891122817993164,
          "acoustic_entropy_side": 9.888514518737793,
          "hz": 202.92927478742237
        },
        {
          "acoustic_entropy": 9.86225700378418,
          "acoustic_entropy_side": 9.78194808959961,
          "hz": 282.89161906338205
        },
        {
          "acoustic_entropy": 10.107535362243652,
          "acoustic_entropy_side": 10.138566017150879,
          "hz": 369.9353335868758
        },
        {
          "acoustic_entropy": 9.612332344055176,
          "acoustic_entropy_side": 10.047730445861816,
          "hz": 464.6875360973435
        },
        {
          "acoustic_entropy": 8.916837692260742,
          "acoustic_entropy_side": 9.278611183166504,
          "hz": 567.8308811364784
        },
        {
          "acoustic_entropy": 9.506926536560059,
          "acoustic_entropy_side": 10.150029182434082,
          "hz": 680.1084783214808
        },
        {
          "acoustic_entropy": 9.557616233825684,
          "acoustic_entropy_side": 11.162344932556152,
          "hz": 802.3292461747484
        },
        {
          "acoustic_entropy": 9.50290584564209,
          "acoustic_entropy_side": 9.800736427307129,
          "hz": 935.3737400823702
        },
        {
          "acoustic_entropy": 9.897701263427734,
          "acoustic_entropy_side": 10.813865661621094,
          "hz": 1080.2004963696966
        },
        {
          "acoustic_entropy": 10.338951110839844,
          "acoustic_entropy_side": 10.346968650817871,
          "hz": 1237.8529382007157
        },
        {
          "acoustic_entropy": 9.577025413513184,
          "acoustic_entropy_side": 9.543197631835938,
          "hz": 1409.4668930556702
        },
        {
          "acoustic_entropy": 10.07163143157959,
          "acoustic_entropy_side": 9.947118759155273,
          "hz": 1596.2787759475705
        },
        {
          "acoustic_entropy": 9.630264282226562,
          "acoustic_entropy_side": 9.91671085357666,
          "hz": 1799.6344973346393
        },
        {
          "acoustic_entropy": 9.876952171325684,
          "acoustic_entropy_side": 9.974002838134766,
          "hz": 2020.9991599069049
        },
        {
          "acoustic_entropy": 9.823480606079102,
          "acoustic_entropy_side": 9.943613052368164,
          "hz": 2261.9676141086993
        },
        {
          "acoustic_entropy": 9.991958618164062,
          "acoustic_entropy_side": 9.92152214050293,
          "hz": 2524.2759484456974
        },
        {
          "acoustic_entropy": 9.90998649597168,
          "acoustic_entropy_side": 9.856902122497559,
          "hz": 2809.813997359896
        },
        {
          "acoustic_entropy": 9.88866901397705,
          "acoustic_entropy_side": 9.850333213806152,
          "hz": 3120.6389567871424
        },
        {
          "acoustic_entropy": 9.882068634033203,
          "acoustic_entropy_side": 9.860448837280273,
          "hz": 3458.990205492291
        },
        {
          "acoustic_entropy": 9.869999885559082,
          "acoustic_entropy_side": 9.889252662658691,
          "hz": 3827.305438964164
        },
        {
          "acoustic_entropy": 9.86538314819336,
          "acoustic_entropy_side": 9.886140823364258,
          "hz": 4228.238232109126
        },
        {
          "acoustic_entropy": 9.885605812072754,
          "acoustic_entropy_side": 9.887182235717773,
          "hz": 4664.6771572759235
        },
        {
          "acoustic_entropy": 9.884366035461426,
          "acoustic_entropy_side": 9.882172584533691,
          "hz": 5139.766595350093
        },
        {
          "acoustic_entropy": 9.882025718688965,
          "acoustic_entropy_side": 9.880967140197754,
          "hz": 5656.929389854203
        },
        {
          "acoustic_entropy": 9.880263328552246,
          "acoustic_entropy_side": 9.880147933959961,
          "hz": 6219.891507268283
        },
        {
          "acoustic_entropy": 9.87205696105957,
          "acoustic_entropy_side": 9.877102851867676,
          "hz": 6832.70888123896
        },
        {
          "acoustic_entropy": 9.715751647949219,
          "acoustic_entropy_side": 9.83696460723877,
          "hz": 7499.796634079867
        },
        {
          "acoustic_entropy": 9.71684455871582,
          "acoustic_entropy_side": 9.827306747436523,
          "hz": 8225.96088609342
        },
        {
          "acoustic_entropy": 9.7304048538208,
          "acoustic_entropy_side": 9.835799217224121,
          "hz": 9016.43338188839
        },
        {
          "acoustic_entropy": 9.872530937194824,
          "acoustic_entropy_side": 9.876546859741211,
          "hz": 9876.909183162974
        },
        {
          "acoustic_entropy": 9.877283096313477,
          "acoustic_entropy_side": 9.878825187683105,
          "hz": 10813.587699516042
        },
        {
          "acoustic_entropy": 9.877827644348145,
          "acoustic_entropy_side": 9.879128456115723,
          "hz": 11833.21735289826
        },
        {
          "acoustic_entropy": 9.875752449035645,
          "acoustic_entropy_side": 9.878058433532715,
          "hz": 12943.144197493959
        },
        {
          "acoustic_entropy": 9.832733154296875,
          "acoustic_entropy_side": 9.861540794372559,
          "hz": 14151.364845322005
        },
        {
          "acoustic_entropy": 9.934755325317383,
          "acoustic_entropy_side": 9.699972152709961,
          "hz": 15466.58407886509
        },
        {
          "acoustic_entropy": 9.779905319213867,
          "acoustic_entropy_side": 9.730363845825195,
          "hz": 16898.27756580493
        },
        {
          "acoustic_entropy": 9.848475456237793,
          "acoustic_entropy_side": 9.866482734680176,
          "hz": 18456.760127700032
        },
        {
          "acoustic_entropy": 9.836718559265137,
          "acoustic_entropy_side": 9.864738464355469,
          "hz": 20153.260054456492
        },
        {
          "acoustic_entropy": 9.782853126525879,
          "acoustic_entropy_side": 9.706852912902832,
          "hz": 22000.00000000001
        }
      ],
      "diff_acoustic_entropy": 6.218569755554199,
      "sn": 12
    },
    {
      "acoustic_entropy": 16.262657165527344,
      "acoustic_entropy_mono": 14.98292064666748,
      "band_eliminated_acoustic_entropies": [
        {
          "acoustic_entropy": 16.282981872558594,
          "acoustic_entropy_side": 16.189058303833008,
          "hz": 129.47220167065723
        },
        {
          "acoustic_entropy": 16.732763290405273,
          "acoustic_entropy_side": 16.231313705444336,
          "hz": 202.92927478742237
        },
        {
          "acoustic_entropy": 16.81509780883789,
          "acoustic_entropy_side": 17.146697998046875,
          "hz": 282.89161906338205
        },
        {
          "acoustic_entropy": 17.20318031311035,
          "acoustic_entropy_side": 16.99242401123047,
          "hz": 369.9353335868758
        },
        {
          "acoustic_entropy": 16.209325790405273,
          "acoustic_entropy_side": 17.405624389648438,
          "hz": 464.6875360973435
        },
        {
          "acoustic_entropy": 15.647640228271484,
          "acoustic_entropy_side": 16.15782356262207,
          "hz": 567.8308811364784
        },
        {
          "acoustic_entropy": 16.26022720336914,
          "acoustic_entropy_side": 16.844863891601562,
          "hz": 680.1084783214808
        },
        {
          "acoustic_entropy": 16.733123779296875,
          "acoustic_entropy_side": 17.339338302612305,
          "hz": 802.3292461747484
        },
        {
          "acoustic_entropy": 16.17919158935547,
          "acoustic_entropy_side": 16.12348175048828,
          "hz": 935.3737400823702
        },
        {
          "acoustic_entropy": 17.010147094726562,
          "acoustic_entropy_side": 18.425495147705078,
          "hz": 1080.2004963696966
        },
        {
          "acoustic_entropy": 17.245325088500977,
          "acoustic_entropy_side": 17.2467041015625,
          "hz": 1237.8529382007157
        },
        {
          "acoustic_entropy": 16.428302764892578,
          "acoustic_entropy_side": 16.491418838500977,
          "hz": 1409.4668930556702
        },
        {
          "acoustic_entropy": 15.680973052978516,
          "acoustic_entropy_side": 16.197261810302734,
          "hz": 1596.2787759475705
        },
        {
          "acoustic_entropy": 16.7094669342041,
          "acoustic_entropy_side": 17.095272064208984,
          "hz": 1799.6344973346393
        },
        {
          "acoustic_entropy": 16.847980499267578,
          "acoustic_entropy_side": 16.764707565307617,
          "hz": 2020.9991599069049
        },
        {
          "acoustic_entropy": 15.76430892944336,
          "acoustic_entropy_side": 16.30119514465332,
          "hz": 2261.9676141086993
        },
        {
          "acoustic_entropy": 16.561616897583008,
          "acoustic_entropy_side": 16.42620849609375,
          "hz": 2524.2759484456974
        },
        {
          "acoustic_entropy": 16.575939178466797,
          "acoustic_entropy_side": 16.356670379638672,
          "hz": 2809.813997359896
        },
        {
