{
  "acoustic_entropy": 247.4393768310547,
  "bands": [
    {
      "high_freq": 148.1999969482422,
      "loudness": -27.716550827026367,
      "loudness_range": 17.965421676635742,
      "mid_mean": -26.509931564331055,
      "mid_to_side_loudness": -2.5250306129455566,
      "mid_to_side_loudness_range": 11.519573211669922,
      "side_mean": -28.935747146606445
    },
    {
      "high_freq": 392.3793640136719,
      "loudness": -22.90937042236328,
      "loudness_range": 12.939821243286133,
      "low_freq": 148.1999969482422,
      "mid_mean": -21.065610885620117,
      "mid_to_side_loudness": -3.658769130706787,
      "mid_to_side_loudness_range": 10.84378433227539,
      "side_mean": -24.737356185913086
    },
    {
      "high_freq": 794.6976318359375,
      "loudness": -22.07623291015625,
      "loudness_range": 15.823381423950195,
      "low_freq": 392.3793640136719,
      "mid_mean": -20.517404556274414,
      "mid_to_side_loudness": -3.1456446647644043,
      "mid_to_side_loudness_range": 11.387535095214844,
      "side_mean": -23.677701950073242
    },
    {
      "high_freq": 1457.5709228515625,
      "loudness": -22.50359344482422,
      "loudness_range": 20.326553344726562,
      "low_freq": 794.6976318359375,
      "mid_mean": -20.65077781677246,
      "mid_to_side_loudness": -3.4790289402008057,
      "mid_to_side_loudness_range": 10.259666442871094,
      "side_mean": -24.40450668334961
    },
    {
      "high_freq": 2549.74365234375,
      "loudness": -23.780607223510742,
      "loudness_range": 18.380184173583984,
      "low_freq": 1457.5709228515625,
      "mid_mean": -22.318157196044922,
      "mid_to_side_loudness": -2.124108076095581,
      "mid_to_side_loudness_range": 6.630515098571777,
      "side_mean": -24.52392578125
    },
    {
      "high_freq": 4349.24462890625,
      "loudness": -26.114667892456055,
      "loudness_range": 19.49755096435547,
      "low_freq": 2549.74365234375,
      "mid_mean": -24.72141456604004,
      "mid_to_side_loudness": -2.1478488445281982,
      "mid_to_side_loudness_range": 8.23271656036377,
      "side_mean": -27.02420997619629
    },
    {
      "high_freq": 7314.1640625,
      "loudness": -31.770822525024414,
      "loudness_range": 22.10719871520996,
      "low_freq": 4349.24462890625,
      "mid_mean": -29.975568771362305,
      "mid_to_side_loudness": -3.864114284515381,
      "mid_to_side_loudness_range": 13.338637351989746,
      "side_mean": -34.4500732421875
    },
    {
      "high_freq": 12199.2666015625,
      "loudness": -34.92033004760742,
      "loudness_range": 22.08076286315918,
      "low_freq": 7314.1640625,
      "mid_mean": -33.25303649902344,
      "mid_to_side_loudness": -4.5504279136657715,
      "mid_to_side_loudness_range": 16.0109920501709,
      "side_mean": -38.55732345581055
    },
    {
      "loudness": -45.738441467285156,
      "loudness_range": 21.347057342529297,
      "low_freq": 12199.2666015625,
      "mid_mean": -44.54838180541992,
      "mid_to_side_loudness": -4.551525115966797,
      "mid_to_side_loudness_range": 16.69447898864746,
      "side_mean": -51.18394088745117
    }
  ],
  "bands_short": [
    {
      "high_freq": 148.1999969482422,
      "loudness": -30.330547332763672,
      "loudness_range": 23.37276268005371,
      "mid_mean": -29.494081497192383,
      "mid_to_side_loudness": -2.8371918201446533,
      "mid_to_side_loudness_range": 17.82940673828125,
      "side_mean": -32.263916015625
    },
    {
      "high_freq": 392.3793640136719,
      "loudness": -23.88799285888672,
      "loudness_range": 13.999305725097656,
      "low_freq": 148.1999969482422,
      "mid_mean": -22.3593807220459,
      "mid_to_side_loudness": -3.1174404621124268,
      "mid_to_side_loudness_range": 12.920339584350586,
      "side_mean": -25.524446487426758
    },
    {
      "high_freq": 794.6976318359375,
      "loudness": -21.741724014282227,
      "loudness_range": 16.35863494873047,
      "low_freq": 392.3793640136719,
      "mid_mean": -20.22981834411621,
      "mid_to_side_loudness": -3.131338357925415,
      "mid_to_side_loudness_range": 13.379175186157227,
      "side_mean": -23.487884521484375
    },
    {
      "high_freq": 1457.5709228515625,
      "loudness": -22.770679473876953,
      "loudness_range": 21.126253128051758,
      "low_freq": 794.6976318359375,
      "mid_mean": -21.14057159423828,
      "mid_to_side_loudness": -3.3398659229278564,
      "mid_to_side_loudness_range": 13.070436477661133,
      "side_mean": -24.664690017700195
    },
    {
      "high_freq": 2549.74365234375,
      "loudness": -24.082178115844727,
      "loudness_range": 19.237346649169922,
      "low_freq": 1457.5709228515625,
      "mid_mean": -22.781848907470703,
      "mid_to_side_loudness": -1.9882274866104126,
      "mid_to_side_loudness_range": 9.361003875732422,
      "side_mean": -24.913515090942383
    },
    {
      "high_freq": 4349.24462890625,
      "loudness": -26.30655860900879,
      "loudness_range": 20.28377914428711,
      "low_freq": 2549.74365234375,
      "mid_mean": -25.068294525146484,
      "mid_to_side_loudness": -1.9295703172683716,
      "mid_to_side_loudness_range": 10.171704292297363,
      "side_mean": -27.227893829345703
    },
    {
      "high_freq": 7314.1640625,
      "loudness": -32.18997573852539,
      "loudness_range": 23.498580932617188,
      "low_freq": 4349.24462890625,
      "mid_mean": -30.670103073120117,
      "mid_to_side_loudness": -3.243767738342285,
      "mid_to_side_loudness_range": 14.06706428527832,
      "side_mean": -34.55387496948242
    },
    {
      "high_freq": 12199.2666015625,
      "loudness": -35.701881408691406,
      "loudness_range": 23.997291564941406,
      "low_freq": 7314.1640625,
      "mid_mean": -34.245418548583984,
      "mid_to_side_loudness": -3.689783811569214,
      "mid_to_side_loudness_range": 16.09418487548828,
      "side_mean": -38.8498420715332
    },
    {
      "loudness": -46.41212844848633,
      "loudness_range": 22.817081451416016,
      "low_freq": 12199.2666015625,
      "mid_mean": -46.004478454589844,
      "mid_to_side_loudness": -3.5952394008636475,
      "mid_to_side_loudness_range": 16.15106964111328,
      "side_mean": -51.47578048706055
    }
  ],
  "bandwidth": 831.1005249023438,
  "channels": 2,
  "covariance": [
    [
      54.34653854370117,
      41.90480422973633,
      13.656583786010742,
      13.981224060058594,
      15.804617881774902,
      17.526403427124023,
      22.011451721191406,
      21.46036148071289,
      19.94573402404785,
      19.67827606201172,
      20.52462387084961,
      19.756851196289062,
      18.37714195251465,
      23.50118064880371,
      15.62217903137207,
      25.180688858032227,
      14.552982330322266,
      33.748016357421875
    ],
    [
      41.90480422973633,
      50.03360366821289,
      11.061805725097656,
      12.598355293273926,
      15.123581886291504,
      15.154391288757324,
      20.225147247314453,
      18.81245231628418,
      18.297821044921875,
      17.193050384521484,
      19.301311492919922,
      18.580852508544922,
      17.88753890991211,
      20.932037353515625,
      15.680160522460938,
      23.79367446899414,
      12.411587715148926,
      28.090858459472656
    ],
    [
      13.656583786010742,
      11.061805725097656,
      28.443580627441406,
      17.00316619873047,
      15.389361381530762,
      14.553174018859863,
      18.02116584777832,
      16.651451110839844,
      16.979026794433594,
      15.545938491821289,
      18.338577270507812,
      15.861672401428223,
      19.459884643554688,
      18.841569900512695,
      17.70081901550293,
      16.85276222229004,
      16.565444946289062,
      26.419553756713867
    ],
    [
      13.981224060058594,
      12.598355293273926,
      17.00316619873047,
      20.500150680541992,
      13.97962760925293,
      15.720678329467773,
      18.68256378173828,
      18.910053253173828,
      17.706378936767578,
      18.460437774658203,
      17.907672882080078,
      18.702838897705078,
      15.100403785705566,
      19.88328742980957,
      12.351934432983398,
      19.038818359375,
      11.52662181854248,
      27.08213996887207
    ],
    [
      15.804617881774902,
      15.123581886291504,
      15.389361381530762,
      13.97962760925293,
      39.39522171020508,
      26.795076370239258,
      33.71638870239258,
      28.147605895996094,
      30.35323715209961,
      27.60843849182129,
      30.836196899414062,
      28.78484535217285,
      29.205846786499023,
      30.066246032714844,
      23.803104400634766,
      27.14167594909668,
      19.300811767578125,
      36.092403411865234
    ],
    [
      17.526403427124023,
      15.154391288757324,
      14.553174018859863,
      15.720678329467773,
      26.795076370239258,
      33.06430435180664,
      30.25605583190918,
      29.92205047607422,
      29.40727424621582,
      29.42031478881836,
      28.67373275756836,
      30.559587478637695,
      23.536985397338867,
      30.41006088256836,
      17.34072494506836,
      27.846519470214844,
      15.811858177185059,
      38.01053237915039
    ],
    [
      22.011451721191406,
      20.225147247314453,
      18.02116584777832,
      18.68256378173828,
      33.71638870239258,
      30.25605583190918,
      57.09839630126953,
      42.600887298583984,
      42.8310546875,
      39.00062942504883,
      42.306640625,
      41.71308898925781,
      38.59319305419922,
      45.337249755859375,
      29.676443099975586,
      40.78207015991211,
      24.292667388916016,
      51.79191589355469
    ],
    [
      21.46036148071289,
      18.81245231628418,
      16.651451110839844,
      18.910053253173828,
      28.147605895996094,
      29.92205047607422,
      42.600887298583984,
      43.58405303955078,
      37.465641021728516,
      38.16543960571289,
      37.69295883178711,
      41.162899017333984,
      30.59404945373535,
      43.11487579345703,
      22.62906837463379,
      39.89231491088867,
      19.22599220275879,
      49.60878372192383
    ],
    [
      19.94573402404785,
      18.297821044921875,
      16.979026794433594,
      17.706378936767578,
      30.35323715209961,
      29.40727424621582,
      42.8310546875,
      37.465641021728516,
      46.77787780761719,
      41.12687301635742,
      41.657379150390625,
      42.256568908691406,
      35.90450668334961,
      45.763275146484375,
      26.090410232543945,
      41.70323181152344,
      23.450435638427734,
      52.205116271972656
    ],
    [
      19.67827606201172,
      17.193050384521484,
      15.545938491821289,
      18.460437774658203,
      27.60843849182129,
      29.42031478881836,
      39.00062942504883,
      38.16543960571289,
      41.12687301635742,
      43.04014587402344,
      38.81842803955078,
      43.37665557861328,
      30.84666633605957,
      45.39889144897461,
      22.04896354675293,
      41.47681427001953,
      20.0091495513916,
      51.16564178466797
    ],
    [
      20.52462387084961,
      19.301311492919922,
      18.338577270507812,
      17.907672882080078,
      30.836196899414062,
      28.67373275756836,
      42.306640625,
      37.69295883178711,
      41.657379150390625,
      38.81842803955078,
      51.145301818847656,
      45.357666015625,
      43.223426818847656,
      50.72175216674805,
      29.110336303710938,
      44.238182067871094,
      25.465953826904297,
      54.42918014526367
    ],
    [
      19.756851196289062,
      18.580852508544922,
      15.861672401428223,
      18.702838897705078,
      28.78484535217285,
      30.559587478637695,
      41.71308898925781,
      41.162899017333984,
      42.256568908691406,
      43.37665557861328,
      45.357666015625,
      51.22211456298828,
      35.57985305786133,
      52.883480072021484,
      23.897581100463867,
      46.67729187011719,
      20.940832138061523,
      56.0688362121582
    ],
    [
      18.37714195251465,
      17.88753890991211,
      19.459884643554688,
      15.100403785705566,
      29.205846786499023,
      23.536985397338867,
      38.59319305419922,
      30.59404945373535,
      35.90450668334961,
      30.84666633605957,
      43.223426818847656,
      35.57985305786133,
      59.633934020996094,
      50.449073791503906,
      43.99968719482422,
      51.428871154785156,
      38.30309295654297,
      56.86296463012695
    ],
    [
      23.50118064880371,
      20.932037353515625,
      18.841569900512695,
      19.88328742980957,
      30.066246032714844,
      30.41006088256836,
      45.337249755859375,
      43.11487579345703,
      45.763275146484375,
      45.39889144897461,
      50.72175216674805,
      52.883480072021484,
      50.449073791503906,
      71.33665466308594,
      37.60274124145508,
      66.2698745727539,
      35.22569274902344,
      76.95098114013672
    ],
    [
      15.62217903137207,
      15.680160522460938,
      17.70081901550293,
      12.351934432983398,
      23.803104400634766,
      17.34072494506836,
      29.676443099975586,
      22.62906837463379,
      26.090410232543945,
      22.04896354675293,
      29.110336303710938,
      23.897581100463867,
      43.99968719482422,
      37.60274124145508,
      60.638004302978516,
      51.67384338378906,
      48.88718032836914,
      53.71104049682617
    ],
    [
      25.180688858032227,
      23.79367446899414,
      16.85276222229004,
      19.038818359375,
      27.14167594909668,
      27.846519470214844,
      40.78207015991211,
      39.89231491088867,
      41.70323181152344,
      41.47681427001953,
      44.238182067871094,
      46.67729187011719,
      51.428871154785156,
      66.2698745727539,
      51.67384338378906,
      88.89836883544922,
      46.80683898925781,
      87.83301544189453
    ],
    [
      14.552982330322266,
      12.411587715148926,
      16.565444946289062,
      11.52662181854248,
      19.300811767578125,
      15.811858177185059,
      24.292667388916016,
      19.22599220275879,
      23.450435638427734,
      20.0091495513916,
      25.465953826904297,
      20.940832138061523,
      38.30309295654297,
      35.22569274902344,
      48.88718032836914,
      46.80683898925781,
      60.67524719238281,
      58.94380569458008
    ],
    [
      33.748016357421875,
      28.090858459472656,
      26.419553756713867,
      27.08213996887207,
      36.092403411865234,
      38.01053237915039,
      51.79191589355469,
      49.60878372192383,
      52.205116271972656,
      51.16564178466797,
      54.42918014526367,
      56.0688362121582,
      56.86296463012695,
      76.95098114013672,
      53.71104049682617,
      87.83301544189453,
      58.94380569458008,
      119.83506774902344
    ]
  ],
  "covariance_short": [
    [
      81.8324966430664,
      57.04161834716797,
      16.369930267333984,
      16.49692153930664,
      15.194314956665039,
      16.486574172973633,
      20.77815818786621,
      18.407629013061523,
      18.67465591430664,
      17.579891204833984,
      19.530298233032227,
      17.775188446044922,
      19.25293731689453,
      22.364341735839844,
      17.032934188842773,
      25.21527862548828,
      18.575332641601562,
      32.82964324951172
    ],
    [
      57.04161834716797,
      77.23640441894531,
      13.456361770629883,
      15.92352294921875,
      13.70460033416748,
      13.069452285766602,
      17.408527374267578,
      15.136906623840332,
      15.98121166229248,
      14.452069282531738,
      17.215808868408203,
      15.409846305847168,
      16.55670928955078,
      17.889863967895508,
      15.3291654586792,
      21.70541000366211,
      15.16828727722168,
      25.280391693115234
    ],
    [
      16.369930267333984,
      13.456361770629883,
      33.407772064208984,
      18.37554359436035,
      16.361751556396484,
      15.094493865966797,
      17.912311553955078,
      16.162708282470703,
      16.252750396728516,
      15.451897621154785,
      17.01590919494629,
      15.619909286499023,
      17.328187942504883,
      16.941186904907227,
      16.187047958374023,
      14.959653854370117,
      18.86941909790039,
      24.665557861328125
    ],
    [
      16.49692153930664,
      15.92352294921875,
      18.37554359436035,
      25.060157775878906,
      14.64988899230957,
      16.465408325195312,
      18.115070343017578,
      17.791563034057617,
      17.099393844604492,
      17.750064849853516,
      17.155651092529297,
      18.158735275268555,
      14.620387077331543,
      17.739980697631836,
      12.938010215759277,
      17.513370513916016,
      13.844803810119629,
      25.505115509033203
    ],
    [
      15.194314956665039,
      13.70460033416748,
      16.361751556396484,
      14.64988899230957,
      40.972354888916016,
      25.897804260253906,
      33.665863037109375,
      26.990083694458008,
      29.692197799682617,
      27.04970359802246,
      30.839990615844727,
      28.36176300048828,
      30.458370208740234,
      29.83000946044922,
      26.1204833984375,
      28.359067916870117,
      24.55226707458496,
      36.84642791748047
    ],
    [
      16.486574172973633,
      13.069452285766602,
      15.094493865966797,
      16.465408325195312,
      25.897804260253906,
      34.3098258972168,
      29.81877899169922,
      29.061874389648438,
      28.76673698425293,
      29.28036117553711,
      28.087039947509766,
      30.340652465820312,
      23.358388900756836,
      30.0989933013916,
      17.847137451171875,
      28.300500869750977,
      19.629228591918945,
      38.34662628173828
    ],
    [
      20.77815818786621,
      17.408527374267578,
      17.912311553955078,
      18.115070343017578,
      33.665863037109375,
      29.81877899169922,
      63.2964973449707,
      42.6641845703125,
      45.37209701538086,
      39.789615631103516,
      44.55772399902344,
      42.57429504394531,
      43.80357360839844,
      45.480926513671875,
      35.56129455566406,
      42.75310134887695,
      36.23328399658203,
      53.82322692871094
    ],
    [
      18.407629013061523,
      15.136906623840332,
      16.162708282470703,
      17.791563034057617,
      26.990083694458008,
      29.061874389648438,
      42.6641845703125,
      46.39228439331055,
      38.10380554199219,
      38.502540588378906,
      38.44895553588867,
      41.96027374267578,
      32.86963653564453,
      42.708133697509766,
      25.4586238861084,
      40.022972106933594,
      26.275575637817383,
      49.92909622192383
    ],
    [
      18.67465591430664,
      15.98121166229248,
      16.252750396728516,
      17.099393844604492,
      29.692197799682617,
      28.76673698425293,
      45.37209701538086,
      38.10380554199219,
      51.03834533691406,
      41.741180419921875,
      43.19622039794922,
      43.10389709472656,
      38.987709045410156,
      45.839454650878906,
      29.611692428588867,
      42.881961822509766,
      32.118648529052734,
      53.8143310546875
    ],
    [
      17.579891204833984,
      14.452069282531738,
      15.451897621154785,
      17.750064849853516,
      27.04970359802246,
      29.28036117553711,
      39.789615631103516,
      38.502540588378906,
      41.741180419921875,
      45.83574676513672,
      39.692081451416016,
      44.264923095703125,
      32.589378356933594,
      45.2623176574707,
      24.054819107055664,
      42.09591293334961,
      26.276718139648438,
      52.47871017456055
    ],
    [
      19.530298233032227,
      17.215808868408203,
      17.01590919494629,
      17.155651092529297,
      30.839990615844727,
      28.087039947509766,
      44.55772399902344,
      38.44895553588867,
      43.19622039794922,
      39.692081451416016,
      55.68519973754883,
      46.767826080322266,
      47.87006378173828,
      51.75223922729492,
      33.538185119628906,
      46.692726135253906,
      35.20954132080078,
      56.36035919189453
    ],
    [
      17.775188446044922,
      15.409846305847168,
      15.619909286499023,
      18.158735275268555,
      28.36176300048828,
      30.340652465820312,
      42.57429504394531,
      41.96027374267578,
      43.10389709472656,
      44.264923095703125,
      46.767826080322266,
      54.550418853759766,
      38.1812629699707,
      53.57965087890625,
      26.48579216003418,
      48.05939483642578,
      28.094276428222656,
      57.657596588134766
    ],
    [
      19.25293731689453,
      16.55670928955078,
      17.328187942504883,
      14.620387077331543,
      30.458370208740234,
      23.358388900756836,
      43.80357360839844,
      32.86963653564453,
      38.987709045410156,
      32.589378356933594,
      47.87006378173828,
      38.1812629699707,
      67.37542724609375,
      52.55205535888672,
      51.2701416015625,
      55.040367126464844,
      51.625953674316406,
      60.316593170166016
    ],
    [
      22.364341735839844,
      17.889863967895508,
      16.941186904907227,
      17.739980697631836,
      29.83000946044922,
      30.0989933013916,
      45.480926513671875,
      42.708133697509766,
      45.839454650878906,
      45.2623176574707,
      51.75223922729492,
      53.57965087890625,
      52.55205535888672,
      72.4460678100586,
      40.43281173706055,
      67.71287536621094,
      43.85341262817383,
      77.635986328125
    ],
    [
      17.032934188842773,
      15.3291654586792,
      16.187047958374023,
      12.938010215759277,
      26.1204833984375,
      17.847137451171875,
      35.56129455566406,
      25.4586238861084,
      29.611692428588867,
      24.054819107055664,
      33.538185119628906,
      26.48579216003418,
      51.2701416015625,
      40.43281173706055,
      69.24571228027344,
      56.51431655883789,
      61.080318450927734,
      58.41832733154297
    ],
    [
      25.21527862548828,
      21.70541000366211,
      14.959653854370117,
      17.513370513916016,
      28.359067916870117,
      28.300500869750977,
      42.75310134887695,
      40.022972106933594,
      42.881961822509766,
      42.09591293334961,
      46.692726135253906,
      48.05939483642578,
      55.040367126464844,
      67.71287536621094,
      56.51431655883789,
      91.28226470947266,
      58.490596771240234,
      89.85968780517578
    ],
    [
      18.575332641601562,
      15.16828727722168,
      18.86941909790039,
      13.844803810119629,
      24.55226707458496,
      19.629228591918945,
      36.23328399658203,
      26.275575637817383,
      32.118648529052734,
      26.276718139648438,
      35.20954132080078,
      28.094276428222656,
      51.625953674316406,
      43.85341262817383,
      61.080318450927734,
      58.490596771240234,
      79.16893768310547,
      71.05401611328125
    ],
    [
      32.82964324951172,
      25.280391693115234,
      24.665557861328125,
      25.505115509033203,
      36.84642791748047,
      38.34662628173828,
      53.82322692871094,
      49.92909622192383,
      53.8143310546875,
      52.47871017456055,
      56.36035919189453,
      57.657596588134766,
      60.316593170166016,
      77.635986328125,
      58.41832733154297,
      89.85968780517578,
      71.05401611328125,
      122.02811431884766
    ]
  ],
  "damage": -5.524544715881348,
  "diff_bandwidth": 834.1997680664062,
  "dissonance": 7.7280152693236985,
  "drr": 2.3076581954956055,
  "dynamics": 4.209360122680664,
  "format": 1245190,
  "frames": 13099008,
  "loudness": -10.961175918579102,
  "loudness_range": 13.864276885986328,
  "loudness_range_short": 14.478784561157227,
  "lowpass_true_peak_15khz": 0.8948410153388977,
  "mastering3_acoustic_entropies": [
    {
      "acoustic_entropy": 7.3917646408081055,
      "acoustic_entropy_mono": 7.17023229598999,
      "band_eliminated_acoustic_entropies": [
        {
          "acoustic_entropy": 7.41901159286499,
          "acoustic_entropy_side": 7.412155628204346,
          "hz": 129.47220167065723
        },
        {
          "acoustic_entropy": 7.429904937744141,
          "acoustic_entropy_side": 7.467348098754883,
          "hz": 202.92927478742237
        },
        {
          "acoustic_entropy": 7.446653366088867,
          "acoustic_entropy_side": 7.431256294250488,
          "hz": 282.89161906338205
        },
        {
          "acoustic_entropy": 7.215704917907715,
          "acoustic_entropy_side": 7.370789051055908,
          "hz": 369.9353335868758
        },
        {
          "acoustic_entropy": 8.039311408996582,
          "acoustic_entropy_side": 7.257392883300781,
          "hz": 464.6875360973435
        },
        {
          "acoustic_entropy": 7.39614725112915,
          "acoustic_entropy_side": 7.474992275238037,
          "hz": 567.8308811364784
        },
        {
          "acoustic_entropy": 7.633208751678467,
          "acoustic_entropy_side": 7.264031410217285,
          "hz": 680.1084783214808
        },
        {
          "acoustic_entropy": 7.327035427093506,
          "acoustic_entropy_side": 7.316491603851318,
          "hz": 802.3292461747484
        },
        {
          "acoustic_entropy": 7.288163661956787,
          "acoustic_entropy_side": 7.023708820343018,
          "hz": 935.3737400823702
        },
        {
          "acoustic_entropy": 7.18257474899292,
          "acoustic_entropy_side": 7.113951683044434,
          "hz": 1080.2004963696966
        },
        {
          "acoustic_entropy": 8.274724006652832,
          "acoustic_entropy_side": 7.450408935546875,
          "hz": 1237.8529382007157
        },
        {
          "acoustic_entropy": 7.494945526123047,
          "acoustic_entropy_side": 7.463460445404053,
          "hz": 1409.4668930556702
        },
        {
          "acoustic_entropy": 7.105055332183838,
          "acoustic_entropy_side": 7.372550010681152,
          "hz": 1596.2787759475705
        },
        {
          "acoustic_entropy": 7.427193641662598,
          "acoustic_entropy_side": 7.450303077697754,
          "hz": 1799.6344973346393
        },
        {
          "acoustic_entropy": 7.309012413024902,
          "acoustic_entropy_side": 7.313533306121826,
          "hz": 2020.9991599069049
        },
        {
          "acoustic_entropy": 7.3939056396484375,
          "acoustic_entropy_side": 7.318984031677246,
          "hz": 2261.9676141086993
        },
        {
          "acoustic_entropy": 7.373063564300537,
          "acoustic_entropy_side": 7.444328308105469,
          "hz": 2524.2759484456974
        },
        {
          "acoustic_entropy": 7.327542304992676,
          "acoustic_entropy_side": 7.336553573608398,
          "hz": 2809.813997359896
        },
        {
          "acoustic_entropy": 7.206563472747803,
          "acoustic_entropy_side": 7.2854156494140625,
          "hz": 3120.6389567871424
        },
        {
          "acoustic_entropy": 7.173038482666016,
          "acoustic_entropy_side": 7.115821361541748,
          "hz": 3458.990205492291
        },
        {
          "acoustic_entropy": 7.40594482421875,
          "acoustic_entropy_side": 7.396147727966309,
          "hz": 3827.305438964164
        },
        {
          "acoustic_entropy": 7.359703063964844,
          "acoustic_entropy_side": 7.223145484924316,
          "hz": 4228.238232109126
        },
        {
          "acoustic_entropy": 7.339984893798828,
          "acoustic_entropy_side": 7.260013580322266,
          "hz": 4664.6771572759235
        },
        {
          "acoustic_entropy": 7.328835964202881,
          "acoustic_entropy_side": 7.3209123611450195,
          "hz": 5139.766595350093
        },
        {
          "acoustic_entropy": 7.505457401275635,
          "acoustic_entropy_side": 7.262552738189697,
          "hz": 5656.929389854203
        },
        {
          "acoustic_entropy": 6.91923713684082,
          "acoustic_entropy_side": 7.029575347900391,
          "hz": 6219.891507268283
        },
        {
          "acoustic_entropy": 6.809288501739502,
          "acoustic_entropy_side": 7.051854133605957,
          "hz": 6832.70888123896
        },
        {
          "acoustic_entropy": 7.098625659942627,
          "acoustic_entropy_side": 7.17130708694458,
          "hz": 7499.796634079867
        },
        {
          "acoustic_entropy": 7.309450149536133,
          "acoustic_entropy_side": 7.293869495391846,
          "hz": 8225.96088609342
        },
        {
          "acoustic_entropy": 7.3168253898620605,
          "acoustic_entropy_side": 7.206419944763184,
          "hz": 9016.43338188839
        },
        {
          "acoustic_entropy": 7.535282135009766,
          "acoustic_entropy_side": 7.314302921295166,
          "hz": 9876.909183162974
        },
        {
          "acoustic_entropy": 7.515329837799072,
          "acoustic_entropy_side": 7.363481044769287,
          "hz": 10813.587699516042
        },
        {
          "acoustic_entropy": 7.441326141357422,
          "acoustic_entropy_side": 7.366916656494141,
          "hz": 11833.21735289826
        },
        {
          "acoustic_entropy": 7.334091663360596,
          "acoustic_entropy_side": 7.370101451873779,
          "hz": 12943.144197493959
        },
        {
          "acoustic_entropy": 7.381872177124023,
          "acoustic_entropy_side": 7.376601219177246,
          "hz": 14151.364845322005
        },
        {
          "acoustic_entropy": 7.3922810554504395,
          "acoustic_entropy_side": 7.385083198547363,
          "hz": 15466.58407886509
        },
        {
          "acoustic_entropy": 7.391355991363525,
          "acoustic_entropy_side": 7.388564586639404,
          "hz": 16898.27756580493
        },
        {
          "acoustic_entropy": 7.390686511993408,
          "acoustic_entropy_side": 7.390222072601318,
          "hz": 18456.760127700032
        },
        {
          "acoustic_entropy": 7.391568183898926,
          "acoustic_entropy_side": 7.391550064086914,
          "hz": 20153.260054456492
        },
        {
          "acoustic_entropy": 7.391759395599365,
          "acoustic_entropy_side": 7.3917646408081055,
          "hz": 22000.00000000001
        }
      ],
      "diff_acoustic_entropy": 3.4124577045440674,
      "sn": 6
    },
    {
      "acoustic_entropy": 12.559271812438965,
      "acoustic_entropy_mono": 11.17580509185791,
      "band_eliminated_acoustic_entropies": [
        {
          "acoustic_entropy": 13.023341178894043,
          "acoustic_entropy_side": 12.657258033752441,
          "hz": 129.47220167065723
        },
        {
          "acoustic_entropy": 12.84527587890625,
          "acoustic_entropy_side": 12.904555320739746,
          "hz": 202.92927478742237
        },
        {
          "acoustic_entropy": 13.396679878234863,
          "acoustic_entropy_side": 12.770264625549316,
          "hz": 282.89161906338205
        },
        {
          "acoustic_entropy": 12.388747215270996,
          "acoustic_entropy_side": 12.50020980834961,
          "hz": 369.9353335868758
        },
        {
          "acoustic_entropy": 12.693222045898438,
          "acoustic_entropy_side": 12.64453125,
          "hz": 464.6875360973435
        },
        {
          "acoustic_entropy": 13.161829948425293,
          "acoustic_entropy_side": 13.29104232788086,
          "hz": 567.8308811364784
        },
        {
          "acoustic_entropy": 13.217870712280273,
          "acoustic_entropy_side": 13.146524429321289,
          "hz": 680.1084783214808
        },
        {
          "acoustic_entropy": 12.105167388916016,
          "acoustic_entropy_side": 12.8284912109375,
          "hz": 802.3292461747484
        },
        {
          "acoustic_entropy": 11.832490921020508,
          "acoustic_entropy_side": 12.773136138916016,
          "hz": 935.3737400823702
        },
        {
          "acoustic_entropy": 13.365595817565918,
          "acoustic_entropy_side": 12.569360733032227,
          "hz": 1080.2004963696966
        },
        {
          "acoustic_entropy": 13.237544059753418,
          "acoustic_entropy_side": 12.84298324584961,
          "hz": 1237.8529382007157
        },
        {
          "acoustic_entropy": 13.31015396118164,
          "acoustic_entropy_side": 12.88057804107666,
          "hz": 1409.4668930556702
        },
        {
          "acoustic_entropy": 12.389307022094727,
          "acoustic_entropy_side": 12.754233360290527,
          "hz": 1596.2787759475705
        },
        {
          "acoustic_entropy": 12.75928783416748,
          "acoustic_entropy_side": 12.772480964660645,
          "hz": 1799.6344973346393
        },
        {
          "acoustic_entropy": 12.079730987548828,
          "acoustic_entropy_side": 12.247140884399414,
          "hz": 2020.9991599069049
        },
        {
          "acoustic_entropy": 13.061434745788574,
          "acoustic_entropy_side": 12.65401840209961,
          "hz": 2261.9676141086993
        },
        {
          "acoustic_entropy": 12.786930084228516,
          "acoustic_entropy_side": 12.798659324645996,
          "hz": 2524.2759484456974
        },
        {
          "acoustic_entropy": 12.559060096740723,
          "acoustic_entropy_side": 12.66711139678955,
          "hz": 2809.813997359896
        },
        {
          "acoustic_entropy": 12.544458389282227,
          "acoustic_entropy_side": 12.485854148864746,
          "hz": 3120.6389567871424
        },
        {
          "acoustic_entropy": 12.655494689941406,
          "acoustic_entropy_side": 12.746330261230469,
          "hz": 3458.990205492291
        },
        {
          "acoustic_entropy": 12.725733757019043,
          "acoustic_entropy_side": 12.652206420898438,
          "hz": 3827.305438964164
        },
        {
          "acoustic_entropy": 12.879278182983398,
          "acoustic_entropy_side": 12.582066535949707,
          "hz": 4228.238232109126
        },
        {
          "acoustic_entropy": 13.00538158416748,
          "acoustic_entropy_side": 12.7606782913208,
          "hz": 4664.6771572759235
        },
        {
          "acoustic_entropy": 12.388900756835938,
          "acoustic_entropy_side": 12.623361587524414,
          "hz": 5139.766595350093
        },
        {
          "acoustic_entropy": 12.759136199951172,
          "acoustic_entropy_side": 12.558503150939941,
          "hz": 5656.929389854203
        },
        {
          "acoustic_entropy": 12.541717529296875,
          "acoustic_entropy_side": 12.535995483398438,
          "hz": 6219.891507268283
        },
        {
          "acoustic_entropy": 12.240179061889648,
          "acoustic_entropy_side": 12.404038429260254,
          "hz": 6832.70888123896
        },
        {
          "acoustic_entropy": 12.437604904174805,
          "acoustic_entropy_side": 12.441414833068848,
          "hz": 7499.796634079867
        },
        {
          "acoustic_entropy": 12.63137149810791,
          "acoustic_entropy_side": 12.483478546142578,
          "hz": 8225.96088609342
        },
        {
          "acoustic_entropy": 12.590709686279297,
          "acoustic_entropy_side": 12.654192924499512,
          "hz": 9016.43338188839
        },
        {
          "acoustic_entropy": 12.5823392868042,
          "acoustic_entropy_side": 12.511395454406738,
          "hz": 9876.909183162974
        },
        {
          "acoustic_entropy": 12.434253692626953,
          "acoustic_entropy_side": 12.543691635131836,
          "hz": 10813.587699516042
        },
        {
          "acoustic_entropy": 12.61606502532959,
          "acoustic_entropy_side": 12.64173412322998,
          "hz": 11833.21735289826
        },
        {
          "acoustic_entropy": 12.603547096252441,
          "acoustic_entropy_side": 12.56877613067627,
          "hz": 12943.144197493959
        },
        {
          "acoustic_entropy": 12.633015632629395,
          "acoustic_entropy_side": 12.631122589111328,
          "hz": 14151.364845322005
        },
        {
          "acoustic_entropy": 12.54826831817627,
          "acoustic_entropy_side": 12.521430969238281,
          "hz": 15466.58407886509
        },
        {
          "acoustic_entropy": 12.546886444091797,
          "acoustic_entropy_side": 12.544431686401367,
          "hz": 16898.27756580493
        },
        {
          "acoustic_entropy": 12.552806854248047,
          "acoustic_entropy_side": 12.552419662475586,
          "hz": 18456.760127700032
        },
        {
          "acoustic_entropy": 12.556509971618652,
          "acoustic_entropy_side": 12.558611869812012,
          "hz": 20153.260054456492
        },
        {
          "acoustic_entropy": 12.559051513671875,
          "acoustic_entropy_side": 12.559307098388672,
          "hz": 22000.00000000001
        }
      ],
      "diff_acoustic_entropy": 6.22312068939209,
      "sn": 12
    },
    {
      "acoustic_entropy": 20.40772819519043,
      "acoustic_entropy_mono": 17.638404846191406,
      "band_eliminated_acoustic_entropies": [
        {
          "acoustic_entropy": 20.381330490112305,
          "acoustic_entropy_side": 20.464839935302734,
          "hz": 129.47220167065723
        },
        {
          "acoustic_entropy": 19.517826080322266,
          "acoustic_entropy_side": 20.2640323638916,
          "hz": 202.92927478742237
        },
        {
          "acoustic_entropy": 21.297863006591797,
          "acoustic_entropy_side": 20.578575134277344,
          "hz": 282.89161906338205
        },
        {
          "acoustic_entropy": 20.642187118530273,
          "acoustic_entropy_side": 20.78629493713379,
          "hz": 369.9353335868758
        },
        {
          "acoustic_entropy": 21.481481552124023,
          "acoustic_entropy_side": 20.689668655395508,
          "hz": 464.6875360973435
        },
        {
          "acoustic_entropy": 20.744300842285156,
          "acoustic_entropy_side": 20.664934158325195,
          "hz": 567.8308811364784
        },
        {
          "acoustic_entropy": 19.401500701904297,
          "acoustic_entropy_side": 19.810230255126953,
          "hz": 680.1084783214808
        },
        {
          "acoustic_entropy": 20.425987243652344,
          "acoustic_entropy_side": 20.374574661254883,
          "hz": 802.3292461747484
        },
        {
          "acoustic_entropy": 19.645755767822266,
          "acoustic_entropy_side": 20.006458282470703,
          "hz": 935.3737400823702
        },
        {
          "acoustic_entropy": 21.05940055847168,
          "acoustic_entropy_side": 20.24656867980957,
          "hz": 1080.2004963696966
        },
        {
          "acoustic_entropy": 20.28438377380371,
          "acoustic_entropy_side": 19.893896102905273,
          "hz": 1237.8529382007157
        },
        {
          "acoustic_entropy": 20.852657318115234,
          "acoustic_entropy_side": 20.919471740722656,
          "hz": 1409.4668930556702
        },
        {
          "acoustic_entropy": 20.08672523498535,
          "acoustic_entropy_side": 20.367666244506836,
          "hz": 1596.2787759475705
        },
        {
          "acoustic_entropy": 20.49203109741211,
          "acoustic_entropy_side": 20.358421325683594,
          "hz": 1799.6344973346393
        },
        {
          "acoustic_entropy": 20.323810577392578,
          "acoustic_entropy_side": 19.857852935791016,
          "hz": 2020.9991599069049
        },
        {
          "acoustic_entropy": 20.41663932800293,
          "acoustic_entropy_side": 20.426292419433594,
          "hz": 2261.9676141086993
        },
        {
          "acoustic_entropy": 20.8566837310791,
          "acoustic_entropy_side": 20.83693504333496,
          "hz": 2524.2759484456974
        },
        {
          "acoustic_entropy": 21.350799560546875,
          "acoustic_entropy_side": 21.260101318359375,
          "hz": 2809.813997359896
        },
        {
          "acoustic_entropy": 19.07173728942871,
          "acoustic_entropy_side": 19.506845474243164,
