{
  "acoustic_entropy": 68.08301544189453,
  "bands": [
    {
      "high_freq": 148.1999969482422,
      "loudness": -40.2331657409668,
      "loudness_range": 15.400873184204102,
      "mid_mean": -36.713951110839844,
      "mid_to_side_loudness": -20.011503219604492,
      "mid_to_side_loudness_range": 18.53725814819336,
      "side_mean": -58.19145202636719
    },
    {
      "high_freq": 392.3793640136719,
      "loudness": -28.400732040405273,
      "loudness_range": 13.13800048828125,
      "low_freq": 148.1999969482422,
      "mid_mean": -24.977792739868164,
      "mid_to_side_loudness": -18.734651565551758,
      "mid_to_side_loudness_range": 13.646502494812012,
      "side_mean": -44.54342269897461
    },
    {
      "high_freq": 794.6976318359375,
      "loudness": -40.92897415161133,
      "loudness_range": 14.124217987060547,
      "low_freq": 392.3793640136719,
      "mid_mean": -37.60496139526367,
      "mid_to_side_loudness": -16.14156723022461,
      "mid_to_side_loudness_range": 12.139838218688965,
      "side_mean": -55.40906524658203
    },
    {
      "high_freq": 1457.5709228515625,
      "loudness": -48.33845138549805,
      "loudness_range": 17.59648895263672,
      "low_freq": 794.6976318359375,
      "mid_mean": -45.140655517578125,
      "mid_to_side_loudness": -14.483353614807129,
      "mid_to_side_loudness_range": 13.662067413330078,
      "side_mean": -60.414833068847656
    },
    {
      "high_freq": 2549.74365234375,
      "loudness": -49.6688346862793,
      "loudness_range": 31.46820068359375,
      "low_freq": 1457.5709228515625,
      "mid_mean": -50.02132034301758,
      "mid_to_side_loudness": -14.649232864379883,
      "mid_to_side_loudness_range": 15.147579193115234,
      "side_mean": -61.13896942138672
    },
    {
      "high_freq": 4349.24462890625,
      "loudness": -60.38217544555664,
      "loudness_range": 20.392803192138672,
      "low_freq": 2549.74365234375,
      "mid_mean": -58.00990295410156,
      "mid_to_side_loudness": -18.26632308959961,
      "mid_to_side_loudness_range": 11.476034164428711,
      "side_mean": -68.38239288330078
    },
    {
      "high_freq": 7314.1640625,
      "loudness": -68.92176055908203,
      "loudness_range": 19.787235260009766,
      "low_freq": 4349.24462890625,
      "mid_mean": -63.84613800048828,
      "mid_to_side_loudness": -21.41318130493164,
      "mid_to_side_loudness_range": 15.494305610656738,
      "side_mean": -69.81158447265625
    },
    {
      "high_freq": 12199.2666015625,
      "loudness": -74.5818099975586,
      "loudness_range": 14.1309814453125,
      "low_freq": 7314.1640625,
      "mid_mean": -67.17227172851562,
      "mid_to_side_loudness": -21.549640655517578,
      "mid_to_side_loudness_range": 20.308109283447266,
      "side_mean": -69.97332000732422
    },
    {
      "loudness": 0,
      "loudness_range": 0,
      "low_freq": 12199.2666015625,
      "mid_mean": -69.22920227050781,
      "mid_to_side_loudness": -7.37843656539917,
      "mid_to_side_loudness_range": 3.674574375152588,
      "side_mean": -69.8555908203125
    }
  ],
  "bands_short": [
    {
      "high_freq": 148.1999969482422,
      "loudness": -42.5484504699707,
      "loudness_range": 12.427448272705078,
      "mid_mean": -39.007633209228516,
      "mid_to_side_loudness": -21.574800491333008,
      "mid_to_side_loudness_range": 19.477027893066406,
      "side_mean": -61.16431427001953
    },
    {
      "high_freq": 392.3793640136719,
      "loudness": -28.73455047607422,
      "loudness_range": 14.378244400024414,
      "low_freq": 148.1999969482422,
      "mid_mean": -25.307695388793945,
      "mid_to_side_loudness": -18.81827163696289,
      "mid_to_side_loudness_range": 16.210540771484375,
      "side_mean": -44.9838981628418
    },
    {
      "high_freq": 794.6976318359375,
      "loudness": -40.4918098449707,
      "loudness_range": 15.11074447631836,
      "low_freq": 392.3793640136719,
      "mid_mean": -37.14370346069336,
      "mid_to_side_loudness": -15.703705787658691,
      "mid_to_side_loudness_range": 13.994308471679688,
      "side_mean": -54.83839797973633
    },
    {
      "high_freq": 1457.5709228515625,
      "loudness": -47.869083404541016,
      "loudness_range": 17.826553344726562,
      "low_freq": 794.6976318359375,
      "mid_mean": -44.867435455322266,
      "mid_to_side_loudness": -13.535533905029297,
      "mid_to_side_loudness_range": 16.652339935302734,
      "side_mean": -59.525630950927734
    },
    {
      "high_freq": 2549.74365234375,
      "loudness": -51.02997589111328,
      "loudness_range": 32.484100341796875,
      "low_freq": 1457.5709228515625,
      "mid_mean": -51.185726165771484,
      "mid_to_side_loudness": -13.76492977142334,
      "mid_to_side_loudness_range": 17.681350708007812,
      "side_mean": -61.55746841430664
    },
    {
      "high_freq": 4349.24462890625,
      "loudness": -61.110389709472656,
      "loudness_range": 20.464637756347656,
      "low_freq": 2549.74365234375,
      "mid_mean": -58.6995964050293,
      "mid_to_side_loudness": -17.49453353881836,
      "mid_to_side_loudness_range": 13.744935035705566,
      "side_mean": -68.42288970947266
    },
    {
      "high_freq": 7314.1640625,
      "loudness": -69.75959014892578,
      "loudness_range": 20.621719360351562,
      "low_freq": 4349.24462890625,
      "mid_mean": -64.34278869628906,
      "mid_to_side_loudness": -20.3569278717041,
      "mid_to_side_loudness_range": 15.955084800720215,
      "side_mean": -69.81281280517578
    },
    {
      "high_freq": 12199.2666015625,
      "loudness": -75.06061553955078,
      "loudness_range": 14.603523254394531,
      "low_freq": 7314.1640625,
      "mid_mean": -67.34075927734375,
      "mid_to_side_loudness": -20.92514991760254,
      "mid_to_side_loudness_range": 19.676494598388672,
      "side_mean": -69.97350311279297
    },
    {
      "loudness": 0,
      "loudness_range": 0,
      "low_freq": 12199.2666015625,
      "mid_mean": -69.22314453125,
      "mid_to_side_loudness": -7.426480770111084,
      "mid_to_side_loudness_range": 4.822361946105957,
      "side_mean": -69.85515594482422
    }
  ],
  "bandwidth": 366.9470520019531,
  "channels": 2,
  "covariance": [
    [
      33.70917510986328,
      25.389055252075195,
      13.212239265441895,
      9.48681640625,
      19.74580192565918,
      17.41580581665039,
      18.257736206054688,
      16.57328224182129,
      24.300277709960938,
      16.161022186279297,
      17.596954345703125,
      2.546342134475708,
      9.282353401184082,
      0.14487840235233307,
      4.869170188903809,
      -0.018763147294521332,
      0.4514312446117401,
      -0.013779034838080406
    ],
    [
      25.389055252075195,
      41.74509811401367,
      11.9866943359375,
      14.074185371398926,
      18.162479400634766,
      36.056880950927734,
      13.514081001281738,
      27.14289093017578,
      46.9414176940918,
      26.143884658813477,
      30.113880157470703,
      4.4861907958984375,
      16.149951934814453,
      0.40542691946029663,
      8.187291145324707,
      0.013722412288188934,
      1.3777052164077759,
      0.13839375972747803
    ],
    [
      13.212239265441895,
      11.9866943359375,
      29.43157196044922,
      20.149017333984375,
      23.56479263305664,
      20.50764274597168,
      17.1491641998291,
      12.900060653686523,
      38.60976791381836,
      23.673358917236328,
      26.23543930053711,
      4.6984782218933105,
      14.859950065612793,
      0.5959083437919617,
      6.244265556335449,
      -0.009913153015077114,
      0.6775346994400024,
      0.001589571707881987
    ],
    [
      9.48681640625,
      14.074185371398926,
      20.149017333984375,
      31.372726440429688,
      20.396230697631836,
      24.851213455200195,
      12.70939826965332,
      12.669991493225098,
      39.26232147216797,
      25.671009063720703,
      26.546228408813477,
      5.3288798332214355,
      14.411900520324707,
      0.6260203719139099,
      5.966403961181641,
      -0.004149282351136208,
      0.7050262689590454,
      -0.016812752932310104
    ],
    [
      19.74580192565918,
      18.162479400634766,
      23.56479263305664,
      20.396230697631836,
      34.47980499267578,
      27.8784236907959,
      19.121177673339844,
      14.674040794372559,
      35.98880386352539,
      22.33232307434082,
      27.40410041809082,
      4.943853855133057,
      14.387353897094727,
      0.5436539053916931,
      6.490272521972656,
      -0.014584174379706383,
      0.656570315361023,
      -0.00811837799847126
    ],
    [
      17.41580581665039,
      36.056880950927734,
      20.50764274597168,
      24.851213455200195,
      27.8784236907959,
      53.4700927734375,
      17.062767028808594,
      27.42300796508789,
      62.018123626708984,
      32.95367431640625,
      42.1016960144043,
      7.1590986251831055,
      21.494985580444336,
      0.6850233674049377,
      9.878156661987305,
      0.017376814037561417,
      1.736398696899414,
      0.17372460663318634
    ],
    [
      18.257736206054688,
      13.514081001281738,
      17.1491641998291,
      12.70939826965332,
      19.121177673339844,
      17.062767028808594,
      43.33174514770508,
      22.850215911865234,
      40.245113372802734,
      24.97610092163086,
      28.914140701293945,
      4.507476806640625,
      15.946303367614746,
      0.4069778621196747,
      7.108548164367676,
      -0.025915972888469696,
      0.7486628890037537,
      -0.02092907205224037
    ],
    [
      16.57328224182129,
      27.14289093017578,
      12.900060653686523,
      12.669991493225098,
      14.674040794372559,
      27.42300796508789,
      22.850215911865234,
      34.72126007080078,
      44.61577224731445,
      24.746057510375977,
      29.43471336364746,
      4.8301591873168945,
      14.61328411102295,
      0.39878591895103455,
      6.843106746673584,
      0.011036322452127934,
      1.1834068298339844,
      0.10765112191438675
    ],
    [
      24.300277709960938,
      46.9414176940918,
      38.60976791381836,
      39.26232147216797,
      35.98880386352539,
      62.018123626708984,
      40.245113372802734,
      44.61577224731445,
      157.31048583984375,
      91.85944366455078,
      79.19377899169922,
      14.029074668884277,
      54.380699157714844,
      2.4530727863311768,
      24.91753387451172,
      0.029145842418074608,
      3.4727487564086914,
      0.226939857006073
    ],
    [
      16.161022186279297,
      26.143884658813477,
      23.673358917236328,
      25.671009063720703,
      22.33232307434082,
      32.95367431640625,
      24.97610092163086,
      24.746057510375977,
      91.85944366455078,
      71.23287200927734,
      42.768863677978516,
      9.705714225769043,
      30.911970138549805,
      2.0156426429748535,
      13.92165756225586,
      0.027991022914648056,
      1.7821718454360962,
      0.0967877209186554
    ],
    [
      17.596954345703125,
      30.113880157470703,
      26.23543930053711,
      26.546228408813477,
      27.40410041809082,
      42.1016960144043,
      28.914140701293945,
      29.43471336364746,
      79.19377899169922,
      42.768863677978516,
      54.267398834228516,
      9.183892250061035,
      30.73015022277832,
      1.1232279539108276,
      14.311348915100098,
      0.009496933780610561,
      2.127039670944214,
      0.130001038312912
    ],
    [
      2.546342134475708,
      4.4861907958984375,
      4.6984782218933105,
      5.3288798332214355,
      4.943853855133057,
      7.1590986251831055,
      4.507476806640625,
      4.8301591873168945,
      14.029074668884277,
      9.705714225769043,
      9.183892250061035,
      2.762342691421509,
      5.226341724395752,
      0.3932052254676819,
      2.4450602531433105,
      0.007367435377091169,
      0.345741868019104,
      0.01638871058821678
    ],
    [
      9.282353401184082,
      16.149951934814453,
      14.859950065612793,
      14.411900520324707,
      14.387353897094727,
      21.494985580444336,
      15.946303367614746,
      14.61328411102295,
      54.380699157714844,
      30.911970138549805,
      30.73015022277832,
      5.226341724395752,
      22.250560760498047,
      0.8677217364311218,
      10.260469436645508,
      0.0034936510492116213,
      1.3501886129379272,
      0.06549067050218582
    ],
    [
      0.14487840235233307,
      0.40542691946029663,
      0.5959083437919617,
      0.6260203719139099,
      0.5436539053916931,
      0.6850233674049377,
      0.4069778621196747,
      0.39878591895103455,
      2.4530727863311768,
      2.0156426429748535,
      1.1232279539108276,
      0.3932052254676819,
      0.8677217364311218,
      0.10807917267084122,
      0.38229700922966003,
      0.0020855057518929243,
      0.0474194698035717,
      0.0018181427149102092
    ],
    [
      4.869170188903809,
      8.187291145324707,
      6.244265556335449,
      5.966403961181641,
      6.490272521972656,
      9.878156661987305,
      7.108548164367676,
      6.843106746673584,
      24.91753387451172,
      13.92165756225586,
      14.311348915100098,
      2.4450602531433105,
      10.260469436645508,
      0.38229700922966003,
      5.392712593078613,
      -0.003373354207724333,
      0.6931902170181274,
      0.02839023247361183
    ],
    [
      -0.018763147294521332,
      0.013722412288188934,
      -0.009913153015077114,
      -0.004149282351136208,
      -0.014584174379706383,
      0.017376814037561417,
      -0.025915972888469696,
      0.011036322452127934,
      0.029145842418074608,
      0.027991022914648056,
      0.009496933780610561,
      0.007367435377091169,
      0.0034936510492116213,
      0.0020855057518929243,
      -0.003373354207724333,
      0.00034595283796079457,
      0.0007124700350686908,
      0.00037282356061041355
    ],
    [
      0.4514312446117401,
      1.3777052164077759,
      0.6775346994400024,
      0.7050262689590454,
      0.656570315361023,
      1.736398696899414,
      0.7486628890037537,
      1.1834068298339844,
      3.4727487564086914,
      1.7821718454360962,
      2.127039670944214,
      0.345741868019104,
      1.3501886129379272,
      0.0474194698035717,
      0.6931902170181274,
      0.0007124700350686908,
      0.11849447339773178,
      0.008827843703329563
    ],
    [
      -0.013779034838080406,
      0.13839375972747803,
      0.001589571707881987,
      -0.016812752932310104,
      -0.00811837799847126,
      0.17372460663318634,
      -0.02092907205224037,
      0.10765112191438675,
      0.226939857006073,
      0.0967877209186554,
      0.130001038312912,
      0.01638871058821678,
      0.06549067050218582,
      0.0018181427149102092,
      0.02839023247361183,
      0.00037282356061041355,
      0.008827843703329563,
      0.0020470712333917618
    ]
  ],
  "covariance_short": [
    [
      33.6394157409668,
      19.02662467956543,
      12.53777027130127,
      9.658488273620605,
      16.784605026245117,
      17.029809951782227,
      12.407342910766602,
      13.988495826721191,
      21.085094451904297,
      16.32550621032715,
      14.758289337158203,
      2.659669876098633,
      7.684187412261963,
      0.2811281681060791,
      3.7544193267822266,
      -0.0030190832912921906,
      0.3808038532733917,
      -0.014411034062504768
    ],
    [
      19.02662467956543,
      25.744436264038086,
      8.095032691955566,
      10.840038299560547,
      12.490838050842285,
      28.123760223388672,
      6.2265801429748535,
      18.39571762084961,
      31.95398712158203,
      19.227855682373047,
      19.906709671020508,
      3.120091199874878,
      10.537985801696777,
      0.3259962499141693,
      5.349055290222168,
      0.016179265454411507,
      1.011720895767212,
      0.10499194264411926
    ],
    [
      12.53777027130127,
      8.095032691955566,
      33.502750396728516,
      20.15778160095215,
      22.299673080444336,
      20.241527557373047,
      20.595605850219727,
      15.532151222229004,
      37.71172332763672,
      22.518857955932617,
      26.440876007080078,
      4.362244606018066,
      14.302976608276367,
      0.5637958645820618,
      6.180386543273926,
      -0.015787849202752113,
      0.7101532816886902,
      -0.0019968817941844463
    ],
    [
      9.658488273620605,
      10.840038299560547,
      20.15778160095215,
      34.354248046875,
      20.12380027770996,
      24.409143447875977,
      15.71531867980957,
      17.300758361816406,
      36.851139068603516,
      24.13221549987793,
      24.733535766601562,
      5.017877101898193,
      12.680611610412598,
      0.5864406228065491,
      5.441574573516846,
      -0.004229789134114981,
      0.6894339323043823,
      -0.012882973998785019
    ],
    [
      16.784605026245117,
      12.490838050842285,
      22.299673080444336,
      20.12380027770996,
      36.63526916503906,
      25.964492797851562,
      17.969255447387695,
      16.3847713470459,
      34.94807434082031,
      21.81488609313965,
      25.322357177734375,
      4.8538665771484375,
      13.386306762695312,
      0.5861219167709351,
      5.870988845825195,
      -0.016341447830200195,
      0.6519421339035034,
      -0.00545740220695734
    ],
    [
      17.029809951782227,
      28.123760223388672,
      20.241527557373047,
      24.409143447875977,
      25.964492797851562,
      57.857826232910156,
      17.31850242614746,
      32.375755310058594,
      61.61289596557617,
      33.71281814575195,
      41.114410400390625,
      7.198080539703369,
      21.263961791992188,
      0.7545733451843262,
      9.842815399169922,
      0.014797537587583065,
      1.825121283531189,
      0.17653000354766846
    ],
    [
      12.407342910766602,
      6.2265801429748535,
      20.595605850219727,
      15.71531867980957,
      17.969255447387695,
      17.31850242614746,
      48.89585876464844,
      21.083520889282227,
      38.59132385253906,
      23.044729232788086,
      30.699588775634766,
      4.477849006652832,
      15.8505277633667,
      0.5098950862884521,
      7.738224983215332,
      -0.022144267335534096,
      0.9358381032943726,
      -0.020759159699082375
    ],
    [
      13.988495826721191,
      18.39571762084961,
      15.532151222229004,
      17.300758361816406,
      16.3847713470459,
      32.375755310058594,
      21.083520889282227,
      39.467140197753906,
      50.28662109375,
      27.935205459594727,
      32.27870178222656,
      5.983423709869385,
      15.922226905822754,
      0.6461957097053528,
      7.226371765136719,
      0.020113728940486908,
      1.3487663269042969,
      0.11800120770931244
    ],
    [
      21.085094451904297,
      31.95398712158203,
      37.71172332763672,
      36.851139068603516,
      34.94807434082031,
      61.61289596557617,
      38.59132385253906,
      50.28662109375,
      148.67506408691406,
      82.59729766845703,
      74.46576690673828,
      13.037422180175781,
      50.48362731933594,
      2.361481189727783,
      23.776521682739258,
      0.02128007635474205,
      3.5658745765686035,
      0.2083340883255005
    ],
    [
      16.32550621032715,
      19.227855682373047,
      22.518857955932617,
      24.13221549987793,
      21.81488609313965,
      33.71281814575195,
      23.044729232788086,
      27.935205459594727,
      82.59729766845703,
      68.7171630859375,
      38.065162658691406,
      8.997268676757812,
      25.957597732543945,
      1.9678771495819092,
      11.558409690856934,
      0.028989745303988457,
      1.6595971584320068,
      0.09002457559108734
    ],
    [
      14.758289337158203,
      19.906709671020508,
      26.440876007080078,
      24.733535766601562,
      25.322357177734375,
      41.114410400390625,
      30.699588775634766,
      32.27870178222656,
      74.46576690673828,
      38.065162658691406,
      53.8444938659668,
      8.207088470458984,
      29.593374252319336,
      0.9895811676979065,
      14.227624893188477,
      0.0034723374992609024,
      2.245187997817993,
      0.1194799542427063
    ],
    [
      2.659669876098633,
      3.120091199874878,
      4.362244606018066,
      5.017877101898193,
      4.8538665771484375,
      7.198080539703369,
      4.477849006652832,
      5.983423709869385,
      13.037422180175781,
      8.997268676757812,
      8.207088470458984,
      2.887664318084717,
      4.612887859344482,
      0.39546290040016174,
      2.098864793777466,
      0.007624322548508644,
      0.3193391263484955,
      0.015210013836622238
    ],
    [
      7.684187412261963,
      10.537985801696777,
      14.302976608276367,
      12.680611610412598,
      13.386306762695312,
      21.263961791992188,
      15.8505277633667,
      15.922226905822754,
      50.48362731933594,
      25.957597732543945,
      29.593374252319336,
      4.612887859344482,
      22.024333953857422,
      0.7613880634307861,
      10.349780082702637,
      -0.000978631665930152,
      1.459522008895874,
      0.05904858559370041
    ],
    [
      0.2811281681060791,
      0.3259962499141693,
      0.5637958645820618,
      0.5864406228065491,
      0.5861219167709351,
      0.7545733451843262,
      0.5098950862884521,
      0.6461957097053528,
      2.361481189727783,
      1.9678771495819092,
      0.9895811676979065,
      0.39546290040016174,
      0.7613880634307861,
      0.13239061832427979,
      0.32152074575424194,
      0.0022701353300362825,
      0.044250424951314926,
      0.0018452005460858345
    ],
    [
      3.7544193267822266,
      5.349055290222168,
      6.180386543273926,
      5.441574573516846,
      5.870988845825195,
      9.842815399169922,
      7.738224983215332,
      7.226371765136719,
      23.776521682739258,
      11.558409690856934,
      14.227624893188477,
      2.098864793777466,
      10.349780082702637,
      0.32152074575424194,
      5.964017868041992,
      -0.006614218465983868,
      0.8291355967521667,
      0.026196304708719254
    ],
    [
      -0.0030190832912921906,
      0.016179265454411507,
      -0.015787849202752113,
      -0.004229789134114981,
      -0.016341447830200195,
      0.014797537587583065,
      -0.022144267335534096,
      0.020113728940486908,
      0.02128007635474205,
      0.028989745303988457,
      0.0034723374992609024,
      0.007624322548508644,
      -0.000978631665930152,
      0.0022701353300362825,
      -0.006614218465983868,
      0.0004291690420359373,
      0.00034332909854128957,
      0.00038683664752170444
    ],
    [
      0.3808038532733917,
      1.011720895767212,
      0.7101532816886902,
      0.6894339323043823,
      0.6519421339035034,
      1.825121283531189,
      0.9358381032943726,
      1.3487663269042969,
      3.5658745765686035,
      1.6595971584320068,
      2.245187997817993,
      0.3193391263484955,
      1.459522008895874,
      0.044250424951314926,
      0.8291355967521667,
      0.00034332909854128957,
      0.1613035947084427,
      0.008756301365792751
    ],
    [
      -0.014411034062504768,
      0.10499194264411926,
      -0.0019968817941844463,
      -0.012882973998785019,
      -0.00545740220695734,
      0.17653000354766846,
      -0.020759159699082375,
      0.11800120770931244,
      0.2083340883255005,
      0.09002457559108734,
      0.1194799542427063,
      0.015210013836622238,
      0.05904858559370041,
      0.0018452005460858345,
      0.026196304708719254,
      0.00038683664752170444,
      0.008756301365792751,
      0.0027382567059248686
    ]
  ],
  "damage": -13.102675437927246,
  "diff_bandwidth": 388.4091796875,
  "dissonance": 4.946128497447514,
  "drr": 7.518223762512207,
  "dynamics": 3.9778053760528564,
  "format": 1245190,
  "frames": 1686464,
  "loudness": -23.936967849731445,
  "loudness_range": 12.14256477355957,
  "loudness_range_short": 13.472166061401367,
  "lowpass_true_peak_15khz": -9.176986694335938,
  "mastering3_acoustic_entropies": [
    {
      "acoustic_entropy": 8.03006362915039,
      "acoustic_entropy_mono": 8.011743545532227,
      "band_eliminated_acoustic_entropies": [
        {
          "acoustic_entropy": 8.042044639587402,
          "acoustic_entropy_side": 8.030064582824707,
          "hz": 129.47220167065723
        },
        {
          "acoustic_entropy": 6.9909892082214355,
          "acoustic_entropy_side": 8.029524803161621,
          "hz": 202.92927478742237
        },
        {
          "acoustic_entropy": 8.370692253112793,
          "acoustic_entropy_side": 8.027870178222656,
          "hz": 282.89161906338205
        },
        {
          "acoustic_entropy": 6.580117225646973,
          "acoustic_entropy_side": 8.017799377441406,
          "hz": 369.9353335868758
        },
        {
          "acoustic_entropy": 7.899145603179932,
          "acoustic_entropy_side": 8.030876159667969,
          "hz": 464.6875360973435
        },
        {
          "acoustic_entropy": 8.090673446655273,
          "acoustic_entropy_side": 8.03018569946289,
          "hz": 567.8308811364784
        },
        {
          "acoustic_entropy": 8.261802673339844,
          "acoustic_entropy_side": 8.030205726623535,
          "hz": 680.1084783214808
        },
        {
          "acoustic_entropy": 7.700769901275635,
          "acoustic_entropy_side": 8.027973175048828,
          "hz": 802.3292461747484
        },
        {
          "acoustic_entropy": 8.252569198608398,
          "acoustic_entropy_side": 8.023344039916992,
          "hz": 935.3737400823702
        },
        {
          "acoustic_entropy": 8.233833312988281,
          "acoustic_entropy_side": 8.030102729797363,
          "hz": 1080.2004963696966
        },
        {
          "acoustic_entropy": 7.740689754486084,
          "acoustic_entropy_side": 8.030057907104492,
          "hz": 1237.8529382007157
        },
        {
          "acoustic_entropy": 7.873410224914551,
          "acoustic_entropy_side": 8.030016899108887,
          "hz": 1409.4668930556702
        },
        {
          "acoustic_entropy": 8.195791244506836,
          "acoustic_entropy_side": 8.034125328063965,
          "hz": 1596.2787759475705
        },
        {
          "acoustic_entropy": 6.772543430328369,
          "acoustic_entropy_side": 8.026822090148926,
          "hz": 1799.6344973346393
        },
        {
          "acoustic_entropy": 8.175007820129395,
          "acoustic_entropy_side": 8.030254364013672,
          "hz": 2020.9991599069049
        },
        {
          "acoustic_entropy": 7.964541435241699,
          "acoustic_entropy_side": 8.029808044433594,
          "hz": 2261.9676141086993
        },
        {
          "acoustic_entropy": 8.126883506774902,
          "acoustic_entropy_side": 8.030027389526367,
          "hz": 2524.2759484456974
        },
        {
          "acoustic_entropy": 8.033073425292969,
          "acoustic_entropy_side": 8.030062675476074,
          "hz": 2809.813997359896
        },
        {
          "acoustic_entropy": 8.03150463104248,
          "acoustic_entropy_side": 8.03006362915039,
          "hz": 3120.6389567871424
        },
        {
          "acoustic_entropy": 8.026311874389648,
          "acoustic_entropy_side": 8.03006649017334,
          "hz": 3458.990205492291
        },
        {
          "acoustic_entropy": 8.03339958190918,
          "acoustic_entropy_side": 8.030064582824707,
          "hz": 3827.305438964164
        },
        {
          "acoustic_entropy": 8.030105590820312,
          "acoustic_entropy_side": 8.03006362915039,
          "hz": 4228.238232109126
        },
        {
          "acoustic_entropy": 8.03012466430664,
          "acoustic_entropy_side": 8.03006362915039,
          "hz": 4664.6771572759235
        },
        {
          "acoustic_entropy": 8.030338287353516,
          "acoustic_entropy_side": 8.03006362915039,
          "hz": 5139.766595350093
        },
        {
          "acoustic_entropy": 8.030468940734863,
          "acoustic_entropy_side": 8.03006362915039,
          "hz": 5656.929389854203
        },
        {
          "acoustic_entropy": 8.030065536499023,
          "acoustic_entropy_side": 8.03006362915039,
          "hz": 6219.891507268283
        },
        {
          "acoustic_entropy": 8.030076026916504,
          "acoustic_entropy_side": 8.03006362915039,
          "hz": 6832.70888123896
        },
        {
          "acoustic_entropy": 8.030072212219238,
          "acoustic_entropy_side": 8.03006362915039,
          "hz": 7499.796634079867
        },
        {
          "acoustic_entropy": 8.03006649017334,
          "acoustic_entropy_side": 8.03006362915039,
          "hz": 8225.96088609342
        },
        {
          "acoustic_entropy": 8.030068397521973,
          "acoustic_entropy_side": 8.03006362915039,
          "hz": 9016.43338188839
        },
        {
          "acoustic_entropy": 8.030069351196289,
          "acoustic_entropy_side": 8.03006362915039,
          "hz": 9876.909183162974
        },
        {
          "acoustic_entropy": 8.030074119567871,
          "acoustic_entropy_side": 8.03006362915039,
          "hz": 10813.587699516042
        },
        {
          "acoustic_entropy": 8.03006649017334,
          "acoustic_entropy_side": 8.03006362915039,
          "hz": 11833.21735289826
        },
        {
          "acoustic_entropy": 8.030064582824707,
          "acoustic_entropy_side": 8.03006362915039,
          "hz": 12943.144197493959
        },
        {
          "acoustic_entropy": 8.03006362915039,
          "acoustic_entropy_side": 8.03006362915039,
          "hz": 14151.364845322005
        },
        {
          "acoustic_entropy": 8.03006362915039,
          "acoustic_entropy_side": 8.03006362915039,
          "hz": 15466.58407886509
        },
        {
          "acoustic_entropy": 8.03006362915039,
          "acoustic_entropy_side": 8.03006362915039,
          "hz": 16898.27756580493
        },
        {
          "acoustic_entropy": 8.03006362915039,
          "acoustic_entropy_side": 8.03006362915039,
          "hz": 18456.760127700032
        },
        {
          "acoustic_entropy": 8.03006362915039,
          "acoustic_entropy_side": 8.03006362915039,
          "hz": 20153.260054456492
        },
        {
          "acoustic_entropy": 8.03006362915039,
          "acoustic_entropy_side": 8.03006362915039,
          "hz": 22000.00000000001
        }
      ],
      "diff_acoustic_entropy": 4.953001499176025,
      "sn": 6
    },
    {
      "acoustic_entropy": 10.64268684387207,
      "acoustic_entropy_mono": 10.606840133666992,
      "band_eliminated_acoustic_entropies": [
        {
          "acoustic_entropy": 10.700799942016602,
          "acoustic_entropy_side": 10.642873764038086,
          "hz": 129.47220167065723
        },
        {
          "acoustic_entropy": 9.866616249084473,
          "acoustic_entropy_side": 10.647968292236328,
          "hz": 202.92927478742237
        },
        {
          "acoustic_entropy": 11.085725784301758,
          "acoustic_entropy_side": 10.806258201599121,
          "hz": 282.89161906338205
        },
        {
          "acoustic_entropy": 10.190224647521973,
          "acoustic_entropy_side": 10.76424503326416,
          "hz": 369.9353335868758
        },
        {
          "acoustic_entropy": 9.700295448303223,
          "acoustic_entropy_side": 10.63397216796875,
          "hz": 464.6875360973435
        },
        {
          "acoustic_entropy": 10.660893440246582,
          "acoustic_entropy_side": 10.638466835021973,
          "hz": 567.8308811364784
        },
        {
          "acoustic_entropy": 10.848650932312012,
          "acoustic_entropy_side": 10.639731407165527,
          "hz": 680.1084783214808
        },
        {
          "acoustic_entropy": 10.879841804504395,
          "acoustic_entropy_side": 10.61655044555664,
          "hz": 802.3292461747484
        },
        {
          "acoustic_entropy": 10.328330993652344,
          "acoustic_entropy_side": 10.611651420593262,
          "hz": 935.3737400823702
        },
        {
          "acoustic_entropy": 11.406362533569336,
          "acoustic_entropy_side": 10.6444730758667,
          "hz": 1080.2004963696966
        },
        {
          "acoustic_entropy": 10.716883659362793,
          "acoustic_entropy_side": 10.640937805175781,
          "hz": 1237.8529382007157
        },
        {
          "acoustic_entropy": 10.61784553527832,
          "acoustic_entropy_side": 10.648697853088379,
          "hz": 1409.4668930556702
        },
        {
          "acoustic_entropy": 11.08475112915039,
          "acoustic_entropy_side": 10.619115829467773,
          "hz": 1596.2787759475705
        },
        {
          "acoustic_entropy": 9.761499404907227,
          "acoustic_entropy_side": 10.609975814819336,
          "hz": 1799.6344973346393
        },
        {
          "acoustic_entropy": 10.839761734008789,
          "acoustic_entropy_side": 10.651611328125,
          "hz": 2020.9991599069049
        },
        {
          "acoustic_entropy": 10.439226150512695,
          "acoustic_entropy_side": 10.641440391540527,
          "hz": 2261.9676141086993
        },
        {
          "acoustic_entropy": 11.219473838806152,
          "acoustic_entropy_side": 10.64352035522461,
          "hz": 2524.2759484456974
        },
        {
          "acoustic_entropy": 10.647942543029785,
          "acoustic_entropy_side": 10.64268684387207,
          "hz": 2809.813997359896
        },
        {
          "acoustic_entropy": 10.641037940979004,
          "acoustic_entropy_side": 10.642685890197754,
          "hz": 3120.6389567871424
        },
        {
          "acoustic_entropy": 10.740906715393066,
          "acoustic_entropy_side": 10.64272689819336,
          "hz": 3458.990205492291
        },
        {
          "acoustic_entropy": 10.771889686584473,
          "acoustic_entropy_side": 10.642718315124512,
          "hz": 3827.305438964164
        },
        {
          "acoustic_entropy": 10.641273498535156,
          "acoustic_entropy_side": 10.64268970489502,
          "hz": 4228.238232109126
        },
        {
          "acoustic_entropy": 10.64205551147461,
          "acoustic_entropy_side": 10.64268684387207,
          "hz": 4664.6771572759235
        },
        {
          "acoustic_entropy": 10.663554191589355,
          "acoustic_entropy_side": 10.64268684387207,
          "hz": 5139.766595350093
        },
        {
          "acoustic_entropy": 10.666999816894531,
          "acoustic_entropy_side": 10.642687797546387,
          "hz": 5656.929389854203
        },
        {
          "acoustic_entropy": 10.642280578613281,
          "acoustic_entropy_side": 10.64268684387207,
          "hz": 6219.891507268283
        },
        {
          "acoustic_entropy": 10.642740249633789,
          "acoustic_entropy_side": 10.64268684387207,
          "hz": 6832.70888123896
        },
        {
          "acoustic_entropy": 10.64307689666748,
          "acoustic_entropy_side": 10.64268684387207,
          "hz": 7499.796634079867
        },
        {
          "acoustic_entropy": 10.642708778381348,
          "acoustic_entropy_side": 10.64268684387207,
          "hz": 8225.96088609342
        },
        {
          "acoustic_entropy": 10.642913818359375,
          "acoustic_entropy_side": 10.64268684387207,
          "hz": 9016.43338188839
        },
        {
          "acoustic_entropy": 10.642828941345215,
          "acoustic_entropy_side": 10.64268684387207,
          "hz": 9876.909183162974
        },
        {
          "acoustic_entropy": 10.643342018127441,
          "acoustic_entropy_side": 10.64268684387207,
          "hz": 10813.587699516042
        },
        {
          "acoustic_entropy": 10.642789840698242,
          "acoustic_entropy_side": 10.64268684387207,
          "hz": 11833.21735289826
        },
        {
          "acoustic_entropy": 10.642716407775879,
          "acoustic_entropy_side": 10.64268684387207,
          "hz": 12943.144197493959
        },
        {
          "acoustic_entropy": 10.642690658569336,
          "acoustic_entropy_side": 10.64268684387207,
          "hz": 14151.364845322005
        },
        {
          "acoustic_entropy": 10.64268684387207,
          "acoustic_entropy_side": 10.64268684387207,
          "hz": 15466.58407886509
        },
        {
          "acoustic_entropy": 10.64268684387207,
          "acoustic_entropy_side": 10.64268684387207,
          "hz": 16898.27756580493
        },
        {
          "acoustic_entropy": 10.64268684387207,
          "acoustic_entropy_side": 10.64268684387207,
          "hz": 18456.760127700032
        },
        {
          "acoustic_entropy": 10.64268684387207,
          "acoustic_entropy_side": 10.64268684387207,
          "hz": 20153.260054456492
        },
        {
          "acoustic_entropy": 10.64268684387207,
          "acoustic_entropy_side": 10.64268684387207,
          "hz": 22000.00000000001
        }
      ],
      "diff_acoustic_entropy": 7.372214317321777,
      "sn": 12
    },
    {
      "acoustic_entropy": 15.9278564453125,
      "acoustic_entropy_mono": 14.133437156677246,
      "band_eliminated_acoustic_entropies": [
        {
          "acoustic_entropy": 15.543976783752441,
          "acoustic_entropy_side": 15.9373140335083,
          "hz": 129.47220167065723
        },
        {
          "acoustic_entropy": 15.082422256469727,
          "acoustic_entropy_side": 15.844209671020508,
          "hz": 202.92927478742237
        },
        {
          "acoustic_entropy": 16.254806518554688,
          "acoustic_entropy_side": 15.709190368652344,
          "hz": 282.89161906338205
        },
        {
          "acoustic_entropy": 15.327564239501953,
          "acoustic_entropy_side": 15.08224105834961,
          "hz": 369.9353335868758
        },
        {
          "acoustic_entropy": 15.290994644165039,
          "acoustic_entropy_side": 15.48107624053955,
          "hz": 464.6875360973435
        },
        {
          "acoustic_entropy": 15.932914733886719,
          "acoustic_entropy_side": 15.842726707458496,
          "hz": 567.8308811364784
        },
        {
          "acoustic_entropy": 15.639986038208008,
          "acoustic_entropy_side": 15.846965789794922,
          "hz": 680.1084783214808
        },
        {
          "acoustic_entropy": 15.23198127746582,
          "acoustic_entropy_side": 16.209674835205078,
          "hz": 802.3292461747484
        },
        {
          "acoustic_entropy": 15.527979850769043,
          "acoustic_entropy_side": 15.893836975097656,
          "hz": 935.3737400823702
        },
        {
          "acoustic_entropy": 15.118135452270508,
          "acoustic_entropy_side": 15.83198070526123,
          "hz": 1080.2004963696966
        },
        {
          "acoustic_entropy": 15.698222160339355,
          "acoustic_entropy_side": 15.234679222106934,
          "hz": 1237.8529382007157
        },
        {
          "acoustic_entropy": 15.154026985168457,
          "acoustic_entropy_side": 15.560151100158691,
          "hz": 1409.4668930556702
        },
        {
          "acoustic_entropy": 16.427963256835938,
          "acoustic_entropy_side": 16.247560501098633,
          "hz": 1596.2787759475705
        },
        {
          "acoustic_entropy": 14.740103721618652,
          "acoustic_entropy_side": 15.872570991516113,
          "hz": 1799.6344973346393
        },
        {
          "acoustic_entropy": 16.266870498657227,
          "acoustic_entropy_side": 16.066669464111328,
          "hz": 2020.9991599069049
        },
        {
          "acoustic_entropy": 15.29094409942627,
          "acoustic_entropy_side": 15.557141304016113,
          "hz": 2261.9676141086993
        },
        {
          "acoustic_entropy": 16.090595245361328,
          "acoustic_entropy_side": 15.723658561706543,
