{
  "acoustic_entropy": 79.20947265625,
  "bands": [
    {
      "high_freq": 148.1999969482422,
      "loudness": 0,
      "loudness_range": 0,
      "mid_mean": -69.9552230834961,
      "mid_to_side_loudness": -8.098488807678223,
      "mid_to_side_loudness_range": 10.560681343078613,
      "side_mean": -69.9949951171875
    },
    {
      "high_freq": 392.3793640136719,
      "loudness": -42.767845153808594,
      "loudness_range": 30.642654418945312,
      "low_freq": 148.1999969482422,
      "mid_mean": -50.16529846191406,
      "mid_to_side_loudness": -9.602622985839844,
      "mid_to_side_loudness_range": 17.71688461303711,
      "side_mean": -58.213069915771484
    },
    {
      "high_freq": 794.6976318359375,
      "loudness": -37.8184928894043,
      "loudness_range": 13.671062469482422,
      "low_freq": 392.3793640136719,
      "mid_mean": -34.706703186035156,
      "mid_to_side_loudness": -9.234240531921387,
      "mid_to_side_loudness_range": 11.269234657287598,
      "side_mean": -45.37883758544922
    },
    {
      "high_freq": 1457.5709228515625,
      "loudness": -35.57612991333008,
      "loudness_range": 18.392433166503906,
      "low_freq": 794.6976318359375,
      "mid_mean": -32.352481842041016,
      "mid_to_side_loudness": -10.687056541442871,
      "mid_to_side_loudness_range": 19.982826232910156,
      "side_mean": -44.930850982666016
    },
    {
      "high_freq": 2549.74365234375,
      "loudness": -35.32160186767578,
      "loudness_range": 17.36722755432129,
      "low_freq": 1457.5709228515625,
      "mid_mean": -32.245582580566406,
      "mid_to_side_loudness": -9.894137382507324,
      "mid_to_side_loudness_range": 12.076011657714844,
      "side_mean": -42.94308090209961
    },
    {
      "high_freq": 4349.24462890625,
      "loudness": -35.435394287109375,
      "loudness_range": 20.144765853881836,
      "low_freq": 2549.74365234375,
      "mid_mean": -32.47714614868164,
      "mid_to_side_loudness": -7.410477638244629,
      "mid_to_side_loudness_range": 10.16986083984375,
      "side_mean": -40.85559844970703
    },
    {
      "high_freq": 7314.1640625,
      "loudness": -46.31336212158203,
      "loudness_range": 21.25143051147461,
      "low_freq": 4349.24462890625,
      "mid_mean": -43.98887634277344,
      "mid_to_side_loudness": -4.469210147857666,
      "mid_to_side_loudness_range": 7.477410316467285,
      "side_mean": -51.4910774230957
    },
    {
      "high_freq": 12199.2666015625,
      "loudness": -63.64475631713867,
      "loudness_range": 23.30175018310547,
      "low_freq": 7314.1640625,
      "mid_mean": -61.95244216918945,
      "mid_to_side_loudness": -1.8820335865020752,
      "mid_to_side_loudness_range": 3.8231313228607178,
      "side_mean": -63.264347076416016
    },
    {
      "loudness": -71.28817749023438,
      "loudness_range": 20.051071166992188,
      "low_freq": 12199.2666015625,
      "mid_mean": -66.5407485961914,
      "mid_to_side_loudness": -1.4123731851577759,
      "mid_to_side_loudness_range": 3.6012520790100098,
      "side_mean": -67.26950073242188
    }
  ],
  "bands_short": [
    {
      "high_freq": 148.1999969482422,
      "loudness": 0,
      "loudness_range": 0,
      "mid_mean": -69.9078369140625,
      "mid_to_side_loudness": -9.123980522155762,
      "mid_to_side_loudness_range": 18.43658447265625,
      "side_mean": -69.99175262451172
    },
    {
      "high_freq": 392.3793640136719,
      "loudness": -43.02316665649414,
      "loudness_range": 29.639310836791992,
      "low_freq": 148.1999969482422,
      "mid_mean": -53.01497268676758,
      "mid_to_side_loudness": -7.861996173858643,
      "mid_to_side_loudness_range": 19.753982543945312,
      "side_mean": -59.4736213684082
    },
    {
      "high_freq": 794.6976318359375,
      "loudness": -40.842735290527344,
      "loudness_range": 22.570642471313477,
      "low_freq": 392.3793640136719,
      "mid_mean": -38.25177764892578,
      "mid_to_side_loudness": -8.722742080688477,
      "mid_to_side_loudness_range": 17.715993881225586,
      "side_mean": -50.955265045166016
    },
    {
      "high_freq": 1457.5709228515625,
      "loudness": -36.94515609741211,
      "loudness_range": 23.80662727355957,
      "low_freq": 794.6976318359375,
      "mid_mean": -34.554237365722656,
      "mid_to_side_loudness": -9.71931266784668,
      "mid_to_side_loudness_range": 22.77370834350586,
      "side_mean": -46.348243713378906
    },
    {
      "high_freq": 2549.74365234375,
      "loudness": -37.61332321166992,
      "loudness_range": 24.771240234375,
      "low_freq": 1457.5709228515625,
      "mid_mean": -35.23276901245117,
      "mid_to_side_loudness": -8.05580997467041,
      "mid_to_side_loudness_range": 17.03803253173828,
      "side_mean": -45.101463317871094
    },
    {
      "high_freq": 4349.24462890625,
      "loudness": -37.514320373535156,
      "loudness_range": 26.67243003845215,
      "low_freq": 2549.74365234375,
      "mid_mean": -35.01993942260742,
      "mid_to_side_loudness": -6.070002555847168,
      "mid_to_side_loudness_range": 11.951412200927734,
      "side_mean": -42.560787200927734
    },
    {
      "high_freq": 7314.1640625,
      "loudness": -47.67634582519531,
      "loudness_range": 24.70553207397461,
      "low_freq": 4349.24462890625,
      "mid_mean": -47.169803619384766,
      "mid_to_side_loudness": -3.9693379402160645,
      "mid_to_side_loudness_range": 9.53782844543457,
      "side_mean": -53.7000846862793
    },
    {
      "high_freq": 12199.2666015625,
      "loudness": -63.03373718261719,
      "loudness_range": 23.93675994873047,
      "low_freq": 7314.1640625,
      "mid_mean": -62.96938705444336,
      "mid_to_side_loudness": -1.8374860286712646,
      "mid_to_side_loudness_range": 5.4975481033325195,
      "side_mean": -64.05097198486328
    },
    {
      "loudness": -72.17656707763672,
      "loudness_range": 22.808815002441406,
      "low_freq": 12199.2666015625,
      "mid_mean": -66.76961517333984,
      "mid_to_side_loudness": -1.3039534091949463,
      "mid_to_side_loudness_range": 5.7849040031433105,
      "side_mean": -67.43830871582031
    }
  ],
  "bandwidth": 1185.84521484375,
  "channels": 2,
  "covariance": [
    [
      0.008773154579102993,
      0.0008754669106565416,
      0.7117281556129456,
      0.4744630455970764,
      0.042877789586782455,
      0.1275542676448822,
      0.10304899513721466,
      0.17274561524391174,
      0.0044334703125059605,
      -0.03812779486179352,
      0.030371295288205147,
      -0.0007283720187842846,
      0.12746793031692505,
      0.22613778710365295,
      -0.002296077087521553,
      -0.05242837965488434,
      -0.040555745363235474,
      -0.03532339259982109
    ],
    [
      0.0008754669106565416,
      9.242811211152002e-05,
      0.07137367129325867,
      0.04864390939474106,
      0.00405227392911911,
      0.013497130945324898,
      0.010101749561727047,
      0.01710379123687744,
      2.1589443349512294e-05,
      -0.0038176486268639565,
      0.002977023832499981,
      -0.00012184664228698239,
      0.012728465721011162,
      0.023955155164003372,
      3.94553535443265e-05,
      -0.004878086969256401,
      -0.0036300700157880783,
      -0.0031806922052055597
    ],
    [
      0.7117281556129456,
      0.07137367129325867,
      272.74481201171875,
      172.9163055419922,
      1.08289635181427,
      15.283315658569336,
      -4.231919288635254,
      27.901926040649414,
      -30.939895629882812,
      -57.010597229003906,
      -30.230714797973633,
      -44.78981399536133,
      -8.788336753845215,
      28.159034729003906,
      -28.0051212310791,
      -41.815059661865234,
      -29.007999420166016,
      -26.593456268310547
    ],
    [
      0.4744630455970764,
      0.04864390939474106,
      172.9163055419922,
      118.28604888916016,
      4.644885063171387,
      12.2681245803833,
      -2.5707011222839355,
      12.641417503356934,
      -21.025066375732422,
      -38.557838439941406,
      -19.526647567749023,
      -30.680137634277344,
      -6.869643211364746,
      10.087590217590332,
      -20.310081481933594,
      -28.461687088012695,
      -18.44634437561035,
      -16.463777542114258
    ],
    [
      0.042877789586782455,
      0.00405227392911911,
      1.08289635181427,
      4.644885063171387,
      42.782386779785156,
      34.691802978515625,
      43.98649978637695,
      25.11484146118164,
      35.434043884277344,
      30.195646286010742,
      41.135501861572266,
      38.946292877197266,
      41.62958908081055,
      38.27334976196289,
      26.804340362548828,
      24.473411560058594,
      18.005538940429688,
      15.172422409057617
    ],
    [
      0.1275542676448822,
      0.013497130945324898,
      15.283315658569336,
      12.2681245803833,
      34.691802978515625,
      44.053306579589844,
      38.108856201171875,
      34.1003303527832,
      32.320091247558594,
      28.342424392700195,
      36.08782958984375,
      34.41303253173828,
      39.28233337402344,
      46.670555114746094,
      27.257062911987305,
      23.565872192382812,
      15.031500816345215,
      12.181756973266602
    ],
    [
      0.10304899513721466,
      0.010101749561727047,
      -4.231919288635254,
      -2.5707011222839355,
      43.98649978637695,
      38.108856201171875,
      54.74321365356445,
      33.437686920166016,
      44.3154182434082,
      40.853878021240234,
      50.706642150878906,
      51.87616729736328,
      56.2834587097168,
      55.01253128051758,
      34.983734130859375,
      31.534055709838867,
      21.605440139770508,
      17.708988189697266
    ],
    [
      0.17274561524391174,
      0.01710379123687744,
      27.901926040649414,
      12.641417503356934,
      25.11484146118164,
      34.1003303527832,
      33.437686920166016,
      37.693302154541016,
      29.48013687133789,
      23.782146453857422,
      31.399517059326172,
      31.309438705444336,
      36.940372467041016,
      47.245262145996094,
      22.26441192626953,
      17.5762882232666,
      9.803611755371094,
      7.191591739654541
    ],
    [
      0.0044334703125059605,
      2.1589443349512294e-05,
      -30.939895629882812,
      -21.025066375732422,
      35.434043884277344,
      32.320091247558594,
      44.3154182434082,
      29.48013687133789,
      47.62845230102539,
      44.526939392089844,
      50.15530776977539,
      50.6917724609375,
      50.786808013916016,
      52.25932312011719,
      36.62898254394531,
      34.22348403930664,
      20.730920791625977,
      16.745708465576172
    ],
    [
      -0.03812779486179352,
      -0.0038176486268639565,
      -57.010597229003906,
      -38.557838439941406,
      30.195646286010742,
      28.342424392700195,
      40.853878021240234,
      23.782146453857422,
      44.526939392089844,
      50.23019027709961,
      47.09083557128906,
      50.390769958496094,
      47.393245697021484,
      48.82188415527344,
      38.96028137207031,
      38.17496871948242,
      23.29020881652832,
      19.20443344116211
    ],
    [
      0.030371295288205147,
      0.002977023832499981,
      -30.230714797973633,
      -19.526647567749023,
      41.135501861572266,
      36.08782958984375,
      50.706642150878906,
      31.399517059326172,
      50.15530776977539,
      47.09083557128906,
      54.70222473144531,
      55.29323196411133,
      56.08961486816406,
      56.74066925048828,
      39.64080047607422,
      37.10097885131836,
      23.725975036621094,
      19.408967971801758
    ],
    [
      -0.0007283720187842846,
      -0.00012184664228698239,
      -44.78981399536133,
      -30.680137634277344,
      38.946292877197266,
      34.41303253173828,
      51.87616729736328,
      31.309438705444336,
      50.6917724609375,
      50.390769958496094,
      55.29323196411133,
      58.9023551940918,
      57.64173889160156,
      58.933021545410156,
      42.193199157714844,
      40.197269439697266,
      25.5662841796875,
      20.946718215942383
    ],
    [
      0.12746793031692505,
      0.012728465721011162,
      -8.788336753845215,
      -6.869643211364746,
      41.62958908081055,
      39.28233337402344,
      56.2834587097168,
      36.940372467041016,
      50.786808013916016,
      47.393245697021484,
      56.08961486816406,
      57.64173889160156,
      63.315982818603516,
      63.949623107910156,
      39.244422912597656,
      34.999778747558594,
      22.190336227416992,
      17.790401458740234
    ],
    [
      0.22613778710365295,
      0.023955155164003372,
      28.159034729003906,
      10.087590217590332,
      38.27334976196289,
      46.670555114746094,
      55.01253128051758,
      47.245262145996094,
      52.25932312011719,
      48.82188415527344,
      56.74066925048828,
      58.933021545410156,
      63.949623107910156,
      106.14090728759766,
      55.70362854003906,
      48.439964294433594,
      27.374921798706055,
      21.42034912109375
    ],
    [
      -0.002296077087521553,
      3.94553535443265e-05,
      -28.0051212310791,
      -20.310081481933594,
      26.804340362548828,
      27.257062911987305,
      34.983734130859375,
      22.26441192626953,
      36.62898254394531,
      38.96028137207031,
      39.64080047607422,
      42.193199157714844,
      39.244422912597656,
      55.70362854003906,
      38.515708923339844,
      36.852420806884766,
      22.50713348388672,
      18.555789947509766
    ],
    [
      -0.05242837965488434,
      -0.004878086969256401,
      -41.815059661865234,
      -28.461687088012695,
      24.473411560058594,
      23.565872192382812,
      31.534055709838867,
      17.5762882232666,
      34.22348403930664,
      38.17496871948242,
      37.10097885131836,
      40.197269439697266,
      34.999778747558594,
      48.439964294433594,
      36.852420806884766,
      36.398284912109375,
      22.622085571289062,
      18.860687255859375
    ],
    [
      -0.040555745363235474,
      -0.0036300700157880783,
      -29.007999420166016,
      -18.44634437561035,
      18.005538940429688,
      15.031500816345215,
      21.605440139770508,
      9.803611755371094,
      20.730920791625977,
      23.29020881652832,
      23.725975036621094,
      25.5662841796875,
      22.190336227416992,
      27.374921798706055,
      22.50713348388672,
      22.622085571289062,
      15.227190017700195,
      12.94161605834961
    ],
    [
      -0.03532339259982109,
      -0.0031806922052055597,
      -26.593456268310547,
      -16.463777542114258,
      15.172422409057617,
      12.181756973266602,
      17.708988189697266,
      7.191591739654541,
      16.745708465576172,
      19.20443344116211,
      19.408967971801758,
      20.946718215942383,
      17.790401458740234,
      21.42034912109375,
      18.555789947509766,
      18.860687255859375,
      12.94161605834961,
      11.125898361206055
    ]
  ],
  "covariance_short": [
    [
      0.07127176970243454,
      0.0014761148486286402,
      1.598547101020813,
      1.0375748872756958,
      0.03335222229361534,
      0.4723660349845886,
      0.31598547101020813,
      0.4471898674964905,
      0.095260389149189,
      0.06212093308568001,
      0.12544584274291992,
      0.04369384050369263,
      0.32658031582832336,
      0.45289719104766846,
      0.009449542500078678,
      -0.07650627195835114,
      -0.08123147487640381,
      -0.06980706751346588
    ],
    [
      0.0014761148486286402,
      0.00032292597461491823,
      0.12904693186283112,
      0.09773345291614532,
      -0.016320936381816864,
      0.03502333536744118,
      -0.0075463419780135155,
      0.026090580970048904,
      -0.023003626614809036,
      -0.008468203246593475,
      -0.021769514307379723,
      -0.016444195061922073,
      -0.00829179398715496,
      0.010387927293777466,
      -0.013041745871305466,
      -0.01616685837507248,
      -0.011686152778565884,
      -0.009764520451426506
    ],
    [
      1.598547101020813,
      0.12904693186283112,
      282.30419921875,
      170.71310424804688,
      -2.3995347023010254,
      43.706459045410156,
      34.43594741821289,
      53.80476760864258,
      3.4347259998321533,
      -26.95718765258789,
      4.084140777587891,
      -13.964746475219727,
      31.5418643951416,
      51.348480224609375,
      -9.70667839050293,
      -24.273849487304688,
      -18.822839736938477,
      -18.40243911743164
    ],
    [
      1.0375748872756958,
      0.09773345291614532,
      170.71310424804688,
      115.53285217285156,
      -3.184434652328491,
      26.388813018798828,
      14.958065032958984,
      28.700786590576172,
      -4.43497896194458,
      -17.723787307739258,
      -3.3234620094299316,
      -12.242383003234863,
      12.96174144744873,
      24.326208114624023,
      -9.542281150817871,
      -17.553781509399414,
      -12.92239761352539,
      -12.243926048278809
    ],
    [
      0.03335222229361534,
      -0.016320936381816864,
      -2.3995347023010254,
      -3.184434652328491,
      80.17790222167969,
      57.694969177246094,
      76.45983123779297,
      37.40928649902344,
      74.48651123046875,
      54.980194091796875,
      76.0834732055664,
      62.940921783447266,
      77.21694946289062,
      63.79731369018555,
      47.772029876708984,
      43.921356201171875,
      28.09956169128418,
      23.756269454956055
    ],
    [
      0.4723660349845886,
      0.03502333536744118,
      43.706459045410156,
      26.388813018798828,
      57.694969177246094,
      109.44886779785156,
      70.10840606689453,
      57.35661697387695,
      66.76181030273438,
      62.459774017333984,
      68.37594604492188,
      62.46817398071289,
      76.72578430175781,
      100.34001159667969,
      56.741180419921875,
      50.32047653198242,
      28.67840003967285,
      23.16519546508789
    ],
    [
      0.31598547101020813,
      -0.0075463419780135155,
      34.43594741821289,
      14.958065032958984,
      76.45983123779297,
      70.10840606689453,
      112.3287124633789,
      65.07791137695312,
      94.89653015136719,
      72.05306243896484,
      100.57421875,
      86.27954864501953,
      111.3425521850586,
      99.46344757080078,
      59.274635314941406,
      51.489559173583984,
      31.380645751953125,
      25.290485382080078
    ],
    [
      0.4471898674964905,
      0.026090580970048904,
      53.80476760864258,
      28.700786590576172,
      37.40928649902344,
      57.35661697387695,
      65.07791137695312,
      71.14545440673828,
      56.75922393798828,
      46.463314056396484,
      58.847415924072266,
      55.3930778503418,
      71.03340148925781,
      76.48562622070312,
      36.53794860839844,
      29.555940628051758,
      15.705808639526367,
      11.594664573669434
    ],
    [
      0.095260389149189,
      -0.023003626614809036,
      3.4347259998321533,
      -4.43497896194458,
      74.48651123046875,
      66.76181030273438,
      94.89653015136719,
      56.75922393798828,
      105.8207778930664,
      76.99008178710938,
      102.65705871582031,
      88.4871597290039,
      108.98535919189453,
      98.88585662841797,
      63.118858337402344,
      56.518409729003906,
      32.37360763549805,
      25.894990921020508
    ],
    [
      0.06212093308568001,
      -0.008468203246593475,
      -26.95718765258789,
      -17.723787307739258,
      54.980194091796875,
      62.459774017333984,
      72.05306243896484,
      46.463314056396484,
      76.99008178710938,
      81.44580841064453,
      78.34489440917969,
      77.2730712890625,
      84.98448944091797,
      81.02535247802734,
      54.08695602416992,
      50.7400016784668,
      30.31947898864746,
      24.811487197875977
    ],
    [
      0.12544584274291992,
      -0.021769514307379723,
      4.084140777587891,
      -3.3234620094299316,
      76.0834732055664,
      68.37594604492188,
      100.57421875,
      58.847415924072266,
      102.65705871582031,
      78.34489440917969,
      108.4345474243164,
      90.6823501586914,
      110.47621154785156,
      100.54036712646484,
      64.10059356689453,
      57.58037567138672,
      34.19700241088867,
      27.653106689453125
    ],
    [
      0.04369384050369263,
      -0.016444195061922073,
      -13.964746475219727,
      -12.242383003234863,
      62.940921783447266,
      62.46817398071289,
      86.27954864501953,
      55.3930778503418,
      88.4871597290039,
      77.2730712890625,
      90.6823501586914,
      88.32505798339844,
      98.26102447509766,
      92.03787231445312,
      58.83963394165039,
      53.93691635131836,
      32.16423797607422,
      26.070079803466797
    ],
    [
      0.32658031582832336,
      -0.00829179398715496,
      31.5418643951416,
      12.96174144744873,
      77.21694946289062,
      76.72578430175781,
      111.3425521850586,
      71.03340148925781,
      108.98535919189453,
      84.98448944091797,
      110.47621154785156,
      98.26102447509766,
      127.32415771484375,
      115.08330535888672,
      67.66072082519531,
      58.99177169799805,
      34.27558898925781,
      27.256013870239258
    ],
    [
      0.45289719104766846,
      0.010387927293777466,
      51.348480224609375,
      24.326208114624023,
      63.79731369018555,
      100.34001159667969,
      99.46344757080078,
      76.48562622070312,
      98.88585662841797,
      81.02535247802734,
      100.54036712646484,
      92.03787231445312,
      115.08330535888672,
      131.83969116210938,
      70.50017547607422,
      61.1224365234375,
      34.384857177734375,
      26.979663848876953
    ],
    [
      0.009449542500078678,
      -0.013041745871305466,
      -9.70667839050293,
      -9.542281150817871,
      47.772029876708984,
      56.741180419921875,
      59.274635314941406,
      36.53794860839844,
      63.118858337402344,
      54.08695602416992,
      64.10059356689453,
      58.83963394165039,
      67.66072082519531,
      70.50017547607422,
      47.40412902832031,
      44.07244873046875,
      26.168792724609375,
      21.398712158203125
    ],
    [
      -0.07650627195835114,
      -0.01616685837507248,
      -24.273849487304688,
      -17.553781509399414,
      43.921356201171875,
      50.32047653198242,
      51.489559173583984,
      29.555940628051758,
      56.518409729003906,
      50.7400016784668,
      57.58037567138672,
      53.93691635131836,
      58.99177169799805,
      61.1224365234375,
      44.07244873046875,
      42.156776428222656,
      25.442888259887695,
      21.018020629882812
    ],
    [
      -0.08123147487640381,
      -0.011686152778565884,
      -18.822839736938477,
      -12.92239761352539,
      28.09956169128418,
      28.67840003967285,
      31.380645751953125,
      15.705808639526367,
      32.37360763549805,
      30.31947898864746,
      34.19700241088867,
      32.16423797607422,
      34.27558898925781,
      34.384857177734375,
      26.168792724609375,
      25.442888259887695,
      16.552717208862305,
      13.982751846313477
    ],
    [
      -0.06980706751346588,
      -0.009764520451426506,
      -18.40243911743164,
      -12.243926048278809,
      23.756269454956055,
      23.16519546508789,
      25.290485382080078,
      11.594664573669434,
      25.894990921020508,
      24.811487197875977,
      27.653106689453125,
      26.070079803466797,
      27.256013870239258,
      26.979663848876953,
      21.398712158203125,
      21.018020629882812,
      13.982751846313477,
      11.991301536560059
    ]
  ],
  "damage": -17.150524139404297,
  "diff_bandwidth": 1258.50537109375,
  "dissonance": -0.8529034807798163,
  "drr": -5.64341402053833,
  "dynamics": 5.7384352684021,
  "format": 1245190,
  "frames": 973760,
  "loudness": -25.014421463012695,
  "loudness_range": 13.990741729736328,
  "loudness_range_short": 23.02873992919922,
  "lowpass_true_peak_15khz": -14.939087867736816,
  "mastering3_acoustic_entropies": [
    {
      "acoustic_entropy": 5.83343505859375,
      "acoustic_entropy_mono": 5.7229790687561035,
      "band_eliminated_acoustic_entropies": [
        {
          "acoustic_entropy": 5.83343505859375,
          "acoustic_entropy_side": 5.83343505859375,
          "hz": 129.47220167065723
        },
        {
          "acoustic_entropy": 5.833434581756592,
          "acoustic_entropy_side": 5.83343505859375,
          "hz": 202.92927478742237
        },
        {
          "acoustic_entropy": 5.829025745391846,
          "acoustic_entropy_side": 5.833439826965332,
          "hz": 282.89161906338205
        },
        {
          "acoustic_entropy": 5.956858158111572,
          "acoustic_entropy_side": 5.83483362197876,
          "hz": 369.9353335868758
        },
        {
          "acoustic_entropy": 5.929147243499756,
          "acoustic_entropy_side": 5.835704326629639,
          "hz": 464.6875360973435
        },
        {
          "acoustic_entropy": 5.826106548309326,
          "acoustic_entropy_side": 5.832205772399902,
          "hz": 567.8308811364784
        },
        {
          "acoustic_entropy": 5.912378311157227,
          "acoustic_entropy_side": 5.831963062286377,
          "hz": 680.1084783214808
        },
        {
          "acoustic_entropy": 5.659696102142334,
          "acoustic_entropy_side": 5.863684177398682,
          "hz": 802.3292461747484
        },
        {
          "acoustic_entropy": 5.981303691864014,
          "acoustic_entropy_side": 5.841454982757568,
          "hz": 935.3737400823702
        },
        {
          "acoustic_entropy": 5.779802322387695,
          "acoustic_entropy_side": 5.8237199783325195,
          "hz": 1080.2004963696966
        },
        {
          "acoustic_entropy": 5.902670383453369,
          "acoustic_entropy_side": 5.835722923278809,
          "hz": 1237.8529382007157
        },
        {
          "acoustic_entropy": 6.123322010040283,
          "acoustic_entropy_side": 5.840519428253174,
          "hz": 1409.4668930556702
        },
        {
          "acoustic_entropy": 6.039405822753906,
          "acoustic_entropy_side": 5.801163196563721,
          "hz": 1596.2787759475705
        },
        {
          "acoustic_entropy": 5.804371356964111,
          "acoustic_entropy_side": 5.8215837478637695,
          "hz": 1799.6344973346393
        },
        {
          "acoustic_entropy": 5.78967809677124,
          "acoustic_entropy_side": 5.801408290863037,
          "hz": 2020.9991599069049
        },
        {
          "acoustic_entropy": 5.770125865936279,
          "acoustic_entropy_side": 5.833425521850586,
          "hz": 2261.9676141086993
        },
        {
          "acoustic_entropy": 5.904120922088623,
          "acoustic_entropy_side": 5.832198619842529,
          "hz": 2524.2759484456974
        },
        {
          "acoustic_entropy": 5.8368940353393555,
          "acoustic_entropy_side": 5.8233232498168945,
          "hz": 2809.813997359896
        },
        {
          "acoustic_entropy": 5.7761969566345215,
          "acoustic_entropy_side": 5.830060005187988,
          "hz": 3120.6389567871424
        },
        {
          "acoustic_entropy": 5.84145975112915,
          "acoustic_entropy_side": 5.839476585388184,
          "hz": 3458.990205492291
        },
        {
          "acoustic_entropy": 5.758978843688965,
          "acoustic_entropy_side": 5.777748107910156,
          "hz": 3827.305438964164
        },
        {
          "acoustic_entropy": 5.780701160430908,
          "acoustic_entropy_side": 5.825575828552246,
          "hz": 4228.238232109126
        },
        {
          "acoustic_entropy": 5.818140506744385,
          "acoustic_entropy_side": 5.832691192626953,
          "hz": 4664.6771572759235
        },
        {
          "acoustic_entropy": 5.836772918701172,
          "acoustic_entropy_side": 5.83547830581665,
          "hz": 5139.766595350093
        },
        {
          "acoustic_entropy": 5.835874080657959,
          "acoustic_entropy_side": 5.833539009094238,
          "hz": 5656.929389854203
        },
        {
          "acoustic_entropy": 5.837170124053955,
          "acoustic_entropy_side": 5.833378314971924,
          "hz": 6219.891507268283
        },
        {
          "acoustic_entropy": 5.831921100616455,
          "acoustic_entropy_side": 5.833326816558838,
          "hz": 6832.70888123896
        },
        {
          "acoustic_entropy": 5.830990791320801,
          "acoustic_entropy_side": 5.833230495452881,
          "hz": 7499.796634079867
        },
        {
          "acoustic_entropy": 5.833215236663818,
          "acoustic_entropy_side": 5.833381175994873,
          "hz": 8225.96088609342
        },
        {
          "acoustic_entropy": 5.833310604095459,
          "acoustic_entropy_side": 5.833319187164307,
          "hz": 9016.43338188839
        },
        {
          "acoustic_entropy": 5.833397388458252,
          "acoustic_entropy_side": 5.833427429199219,
          "hz": 9876.909183162974
        },
        {
          "acoustic_entropy": 5.833407878875732,
          "acoustic_entropy_side": 5.833430767059326,
          "hz": 10813.587699516042
        },
        {
          "acoustic_entropy": 5.8334126472473145,
          "acoustic_entropy_side": 5.833433628082275,
          "hz": 11833.21735289826
        },
        {
          "acoustic_entropy": 5.833419322967529,
          "acoustic_entropy_side": 5.833434104919434,
          "hz": 12943.144197493959
        },
        {
          "acoustic_entropy": 5.833430290222168,
          "acoustic_entropy_side": 5.833433151245117,
          "hz": 14151.364845322005
        },
        {
          "acoustic_entropy": 5.833431243896484,
          "acoustic_entropy_side": 5.833433628082275,
          "hz": 15466.58407886509
        },
        {
          "acoustic_entropy": 5.833432674407959,
          "acoustic_entropy_side": 5.833433628082275,
          "hz": 16898.27756580493
        },
        {
          "acoustic_entropy": 5.833433628082275,
          "acoustic_entropy_side": 5.833434104919434,
          "hz": 18456.760127700032
        },
        {
          "acoustic_entropy": 5.83343505859375,
          "acoustic_entropy_side": 5.83343505859375,
          "hz": 20153.260054456492
        },
        {
          "acoustic_entropy": 5.83343505859375,
          "acoustic_entropy_side": 5.83343505859375,
          "hz": 22000.00000000001
        }
      ],
      "diff_acoustic_entropy": 4.993972301483154,
      "sn": 6
    },
    {
      "acoustic_entropy": 8.701250076293945,
      "acoustic_entropy_mono": 8.696295738220215,
      "band_eliminated_acoustic_entropies": [
        {
          "acoustic_entropy": 8.701250076293945,
          "acoustic_entropy_side": 8.701250076293945,
          "hz": 129.47220167065723
        },
        {
          "acoustic_entropy": 8.701250076293945,
          "acoustic_entropy_side": 8.701250076293945,
          "hz": 202.92927478742237
        },
        {
          "acoustic_entropy": 8.604585647583008,
          "acoustic_entropy_side": 8.700684547424316,
          "hz": 282.89161906338205
        },
        {
          "acoustic_entropy": 8.548829078674316,
          "acoustic_entropy_side": 8.691595077514648,
          "hz": 369.9353335868758
        },
        {
          "acoustic_entropy": 8.459665298461914,
          "acoustic_entropy_side": 8.69391918182373,
          "hz": 464.6875360973435
        },
        {
          "acoustic_entropy": 8.557478904724121,
          "acoustic_entropy_side": 8.693977355957031,
          "hz": 567.8308811364784
        },
        {
          "acoustic_entropy": 8.709824562072754,
          "acoustic_entropy_side": 8.662771224975586,
          "hz": 680.1084783214808
        },
        {
          "acoustic_entropy": 8.274482727050781,
          "acoustic_entropy_side": 8.649508476257324,
          "hz": 802.3292461747484
        },
        {
          "acoustic_entropy": 8.416871070861816,
          "acoustic_entropy_side": 8.727432250976562,
          "hz": 935.3737400823702
        },
        {
          "acoustic_entropy": 8.638047218322754,
          "acoustic_entropy_side": 8.70377254486084,
          "hz": 1080.2004963696966
        },
        {
          "acoustic_entropy": 8.592334747314453,
          "acoustic_entropy_side": 8.698087692260742,
          "hz": 1237.8529382007157
        },
        {
          "acoustic_entropy": 8.574980735778809,
          "acoustic_entropy_side": 8.670489311218262,
          "hz": 1409.4668930556702
        },
        {
          "acoustic_entropy": 8.775452613830566,
          "acoustic_entropy_side": 8.686042785644531,
          "hz": 1596.2787759475705
        },
        {
          "acoustic_entropy": 8.659055709838867,
          "acoustic_entropy_side": 8.631595611572266,
          "hz": 1799.6344973346393
        },
        {
          "acoustic_entropy": 8.614656448364258,
          "acoustic_entropy_side": 8.631489753723145,
          "hz": 2020.9991599069049
        },
        {
          "acoustic_entropy": 8.680893898010254,
          "acoustic_entropy_side": 8.673884391784668,
          "hz": 2261.9676141086993
        },
        {
          "acoustic_entropy": 8.719491004943848,
          "acoustic_entropy_side": 8.70771312713623,
          "hz": 2524.2759484456974
        },
        {
          "acoustic_entropy": 8.681496620178223,
          "acoustic_entropy_side": 8.690354347229004,
          "hz": 2809.813997359896
        },
        {
          "acoustic_entropy": 8.623920440673828,
          "acoustic_entropy_side": 8.715963363647461,
          "hz": 3120.6389567871424
        },
        {
          "acoustic_entropy": 8.661087989807129,
          "acoustic_entropy_side": 8.621211051940918,
          "hz": 3458.990205492291
        },
        {
          "acoustic_entropy": 8.717175483703613,
          "acoustic_entropy_side": 8.682801246643066,
          "hz": 3827.305438964164
        },
        {
          "acoustic_entropy": 8.644379615783691,
          "acoustic_entropy_side": 8.65312671661377,
          "hz": 4228.238232109126
        },
        {
          "acoustic_entropy": 8.725180625915527,
          "acoustic_entropy_side": 8.6851806640625,
          "hz": 4664.6771572759235
        },
        {
          "acoustic_entropy": 8.681344985961914,
          "acoustic_entropy_side": 8.700532913208008,
          "hz": 5139.766595350093
        },
        {
          "acoustic_entropy": 8.689526557922363,
          "acoustic_entropy_side": 8.707263946533203,
          "hz": 5656.929389854203
        },
        {
          "acoustic_entropy": 8.683721542358398,
          "acoustic_entropy_side": 8.70494270324707,
          "hz": 6219.891507268283
        },
        {
          "acoustic_entropy": 8.707915306091309,
          "acoustic_entropy_side": 8.709383964538574,
          "hz": 6832.70888123896
        },
        {
          "acoustic_entropy": 8.71807861328125,
          "acoustic_entropy_side": 8.70680046081543,
          "hz": 7499.796634079867
        },
        {
          "acoustic_entropy": 8.703587532043457,
          "acoustic_entropy_side": 8.701478004455566,
          "hz": 8225.96088609342
        },
        {
          "acoustic_entropy": 8.698151588439941,
          "acoustic_entropy_side": 8.698728561401367,
          "hz": 9016.43338188839
        },
        {
          "acoustic_entropy": 8.699790954589844,
          "acoustic_entropy_side": 8.700986862182617,
          "hz": 9876.909183162974
        },
        {
          "acoustic_entropy": 8.701020240783691,
          "acoustic_entropy_side": 8.701212882995605,
          "hz": 10813.587699516042
        },
        {
          "acoustic_entropy": 8.701183319091797,
          "acoustic_entropy_side": 8.701252937316895,
          "hz": 11833.21735289826
        },
        {
          "acoustic_entropy": 8.701208114624023,
          "acoustic_entropy_side": 8.701284408569336,
          "hz": 12943.144197493959
        },
        {
          "acoustic_entropy": 8.70128345489502,
          "acoustic_entropy_side": 8.70126724243164,
          "hz": 14151.364845322005
        },
        {
          "acoustic_entropy": 8.701255798339844,
          "acoustic_entropy_side": 8.701263427734375,
          "hz": 15466.58407886509
        },
        {
          "acoustic_entropy": 8.70125675201416,
          "acoustic_entropy_side": 8.70125961303711,
          "hz": 16898.27756580493
        },
        {
          "acoustic_entropy": 8.701252937316895,
          "acoustic_entropy_side": 8.701251029968262,
          "hz": 18456.760127700032
        },
        {
          "acoustic_entropy": 8.701251029968262,
          "acoustic_entropy_side": 8.701251029968262,
          "hz": 20153.260054456492
        },
        {
          "acoustic_entropy": 8.701250076293945,
          "acoustic_entropy_side": 8.701250076293945,
          "hz": 22000.00000000001
        }
      ],
      "diff_acoustic_entropy": 6.948191165924072,
      "sn": 12
    },
    {
      "acoustic_entropy": 13.20888900756836,
      "acoustic_entropy_mono": 12.733363151550293,
      "band_eliminated_acoustic_entropies": [
        {
          "acoustic_entropy": 13.208889961242676,
          "acoustic_entropy_side": 13.20888900756836,
          "hz": 129.47220167065723
        },
        {
          "acoustic_entropy": 13.208891868591309,
          "acoustic_entropy_side": 13.208889961242676,
          "hz": 202.92927478742237
        },
        {
          "acoustic_entropy": 13.163203239440918,
          "acoustic_entropy_side": 13.207228660583496,
          "hz": 282.89161906338205
        },
        {
          "acoustic_entropy": 12.658357620239258,
          "acoustic_entropy_side": 13.087547302246094,
          "hz": 369.9353335868758
        },
        {
          "acoustic_entropy": 12.837663650512695,
          "acoustic_entropy_side": 13.369329452514648,
          "hz": 464.6875360973435
        },
        {
          "acoustic_entropy": 12.962363243103027,
          "acoustic_entropy_side": 13.147478103637695,
          "hz": 567.8308811364784
        },
        {
          "acoustic_entropy": 13.362651824951172,
          "acoustic_entropy_side": 13.185816764831543,
          "hz": 680.1084783214808
        },
        {
          "acoustic_entropy": 12.93163013458252,
          "acoustic_entropy_side": 13.151700973510742,
          "hz": 802.3292461747484
        },
        {
          "acoustic_entropy": 13.535155296325684,
          "acoustic_entropy_side": 13.054743766784668,
          "hz": 935.3737400823702
        },
        {
          "acoustic_entropy": 12.924388885498047,
          "acoustic_entropy_side": 12.918219566345215,
          "hz": 1080.2004963696966
        },
        {
          "acoustic_entropy": 13.24997615814209,
          "acoustic_entropy_side": 13.184049606323242,
          "hz": 1237.8529382007157
        },
        {
          "acoustic_entropy": 13.256590843200684,
          "acoustic_entropy_side": 13.260565757751465,
          "hz": 1409.4668930556702
        },
        {
          "acoustic_entropy": 13.689310073852539,
          "acoustic_entropy_side": 13.191553115844727,
          "hz": 1596.2787759475705
        },
        {
          "acoustic_entropy": 13.143266677856445,
          "acoustic_entropy_side": 13.26317024230957,
          "hz": 1799.6344973346393
        },
        {
          "acoustic_entropy": 13.299023628234863,
          "acoustic_entropy_side": 13.19076919555664,
          "hz": 2020.9991599069049
        },
        {
          "acoustic_entropy": 13.061984062194824,
          "acoustic_entropy_side": 13.081488609313965,
          "hz": 2261.9676141086993
        },
        {
          "acoustic_entropy": 13.329198837280273,
          "acoustic_entropy_side": 13.274450302124023,
          "hz": 2524.2759484456974
        },
        {
