{
  "acoustic_entropy": 202.74514770507812,
  "bands": [
    {
      "high_freq": 148.1999969482422,
      "loudness": -21.027128219604492,
      "loudness_range": 7.858526229858398,
      "mid_mean": -17.47237205505371,
      "mid_to_side_loudness": -17.012693405151367,
      "mid_to_side_loudness_range": 14.588532447814941,
      "side_mean": -34.584712982177734
    },
    {
      "high_freq": 392.3793640136719,
      "loudness": -22.788251876831055,
      "loudness_range": 5.670278549194336,
      "low_freq": 148.1999969482422,
      "mid_mean": -19.42256736755371,
      "mid_to_side_loudness": -13.21680736541748,
      "mid_to_side_loudness_range": 13.115608215332031,
      "side_mean": -32.67331314086914
    },
    {
      "high_freq": 794.6976318359375,
      "loudness": -28.341472625732422,
      "loudness_range": 10.872394561767578,
      "low_freq": 392.3793640136719,
      "mid_mean": -25.512779235839844,
      "mid_to_side_loudness": -9.595081329345703,
      "mid_to_side_loudness_range": 18.56869125366211,
      "side_mean": -35.170745849609375
    },
    {
      "high_freq": 1457.5709228515625,
      "loudness": -27.70362663269043,
      "loudness_range": 14.497888565063477,
      "low_freq": 794.6976318359375,
      "mid_mean": -25.261547088623047,
      "mid_to_side_loudness": -7.55880880355835,
      "mid_to_side_loudness_range": 17.698251724243164,
      "side_mean": -32.89438247680664
    },
    {
      "high_freq": 2549.74365234375,
      "loudness": -23.60226058959961,
      "loudness_range": 9.364250183105469,
      "low_freq": 1457.5709228515625,
      "mid_mean": -20.914026260375977,
      "mid_to_side_loudness": -8.88565731048584,
      "mid_to_side_loudness_range": 18.91168785095215,
      "side_mean": -29.93610191345215
    },
    {
      "high_freq": 4349.24462890625,
      "loudness": -24.768335342407227,
      "loudness_range": 9.005680084228516,
      "low_freq": 2549.74365234375,
      "mid_mean": -21.670856475830078,
      "mid_to_side_loudness": -10.577699661254883,
      "mid_to_side_loudness_range": 15.72173023223877,
      "side_mean": -32.440704345703125
    },
    {
      "high_freq": 7314.1640625,
      "loudness": -28.415172576904297,
      "loudness_range": 10.527727127075195,
      "low_freq": 4349.24462890625,
      "mid_mean": -25.48918914794922,
      "mid_to_side_loudness": -7.738936901092529,
      "mid_to_side_loudness_range": 7.174694061279297,
      "side_mean": -33.4019660949707
    },
    {
      "high_freq": 12199.2666015625,
      "loudness": -31.918071746826172,
      "loudness_range": 10.072397232055664,
      "low_freq": 7314.1640625,
      "mid_mean": -28.981231689453125,
      "mid_to_side_loudness": -7.332335472106934,
      "mid_to_side_loudness_range": 4.528181552886963,
      "side_mean": -36.43194580078125
    },
    {
      "loudness": -43.94371795654297,
      "loudness_range": 6.868961334228516,
      "low_freq": 12199.2666015625,
      "mid_mean": -40.953086853027344,
      "mid_to_side_loudness": -7.692251205444336,
      "mid_to_side_loudness_range": 5.028868675231934,
      "side_mean": -49.048274993896484
    }
  ],
  "bands_short": [
    {
      "high_freq": 148.1999969482422,
      "loudness": -23.675535202026367,
      "loudness_range": 15.93393325805664,
      "mid_mean": -20.16058921813965,
      "mid_to_side_loudness": -19.161354064941406,
      "mid_to_side_loudness_range": 19.870203018188477,
      "side_mean": -39.51705551147461
    },
    {
      "high_freq": 392.3793640136719,
      "loudness": -22.373998641967773,
      "loudness_range": 9.822332382202148,
      "low_freq": 148.1999969482422,
      "mid_mean": -18.956830978393555,
      "mid_to_side_loudness": -14.941774368286133,
      "mid_to_side_loudness_range": 16.095657348632812,
      "side_mean": -33.972755432128906
    },
    {
      "high_freq": 794.6976318359375,
      "loudness": -29.161802291870117,
      "loudness_range": 15.982275009155273,
      "low_freq": 392.3793640136719,
      "mid_mean": -26.285869598388672,
      "mid_to_side_loudness": -11.130913734436035,
      "mid_to_side_loudness_range": 21.874271392822266,
      "side_mean": -37.53668975830078
    },
    {
      "high_freq": 1457.5709228515625,
      "loudness": -29.070026397705078,
      "loudness_range": 18.73812484741211,
      "low_freq": 794.6976318359375,
      "mid_mean": -26.652740478515625,
      "mid_to_side_loudness": -8.282641410827637,
      "mid_to_side_loudness_range": 20.417240142822266,
      "side_mean": -35.007728576660156
    },
    {
      "high_freq": 2549.74365234375,
      "loudness": -24.762004852294922,
      "loudness_range": 13.997720718383789,
      "low_freq": 1457.5709228515625,
      "mid_mean": -22.06205177307129,
      "mid_to_side_loudness": -9.897237777709961,
      "mid_to_side_loudness_range": 21.120670318603516,
      "side_mean": -32.13307189941406
    },
    {
      "high_freq": 4349.24462890625,
      "loudness": -25.784839630126953,
      "loudness_range": 13.016746520996094,
      "low_freq": 2549.74365234375,
      "mid_mean": -22.683834075927734,
      "mid_to_side_loudness": -11.590936660766602,
      "mid_to_side_loudness_range": 18.54469871520996,
      "side_mean": -34.48380661010742
    },
    {
      "high_freq": 7314.1640625,
      "loudness": -30.5393009185791,
      "loudness_range": 17.56383514404297,
      "low_freq": 4349.24462890625,
      "mid_mean": -27.53527069091797,
      "mid_to_side_loudness": -9.040342330932617,
      "mid_to_side_loudness_range": 11.425528526306152,
      "side_mean": -36.7234001159668
    },
    {
      "high_freq": 12199.2666015625,
      "loudness": -35.39552688598633,
      "loudness_range": 20.584959030151367,
      "low_freq": 7314.1640625,
      "mid_mean": -32.41901397705078,
      "mid_to_side_loudness": -8.58802604675293,
      "mid_to_side_loudness_range": 9.78473949432373,
      "side_mean": -41.11964797973633
    },
    {
      "loudness": -47.94297409057617,
      "loudness_range": 19.974273681640625,
      "low_freq": 12199.2666015625,
      "mid_mean": -44.96003341674805,
      "mid_to_side_loudness": -7.7872633934021,
      "mid_to_side_loudness_range": 7.471774101257324,
      "side_mean": -53.027320861816406
    }
  ],
  "bandwidth": 613.6249389648438,
  "channels": 2,
  "covariance": [
    [
      10.735461235046387,
      2.7533938884735107,
      1.9502207040786743,
      -4.242432117462158,
      -0.028946470469236374,
      -2.709273099899292,
      0.05662776902318001,
      -0.10453663766384125,
      0.8490033149719238,
      -0.44286417961120605,
      -0.653085470199585,
      -2.2117128372192383,
      -2.770205020904541,
      -3.4451727867126465,
      -3.3086798191070557,
      -3.8025853633880615,
      -0.7242263555526733,
      0.13906614482402802
    ],
    [
      2.7533938884735107,
      15.835049629211426,
      2.7730400562286377,
      6.1886067390441895,
      2.6480069160461426,
      7.441082954406738,
      2.349336862564087,
      6.035204887390137,
      0.5123586654663086,
      3.9977262020111084,
      1.1112865209579468,
      2.0551156997680664,
      0.40109819173812866,
      0.4109811782836914,
      -0.3211226761341095,
      -0.3770490884780884,
      0.30777180194854736,
      0.921790361404419
    ],
    [
      1.9502207040786743,
      2.7730400562286377,
      5.923726558685303,
      4.925478458404541,
      3.5978643894195557,
      4.514836311340332,
      2.1698784828186035,
      3.174896717071533,
      2.463395118713379,
      3.2555630207061768,
      2.6326303482055664,
      3.9168474674224854,
      3.4814164638519287,
      5.330691814422607,
      2.9494783878326416,
      3.9192512035369873,
      2.631389856338501,
      4.697705268859863
    ],
    [
      -4.242432117462158,
      6.1886067390441895,
      4.925478458404541,
      25.778772354125977,
      10.659686088562012,
      27.844383239746094,
      7.476931571960449,
      21.447248458862305,
      3.6746630668640137,
      19.15389633178711,
      3.8630754947662354,
      15.20470905303955,
      11.644283294677734,
      17.986257553100586,
      11.320022583007812,
      15.096098899841309,
      6.380435466766357,
      10.18213939666748
    ],
    [
      -0.028946470469236374,
      2.6480069160461426,
      3.5978643894195557,
      10.659686088562012,
      16.473751068115234,
      12.507783889770508,
      11.495185852050781,
      9.851723670959473,
      5.41237735748291,
      7.20497989654541,
      5.5313591957092285,
      7.2047600746154785,
      6.631399154663086,
      11.487161636352539,
      6.247340202331543,
      8.92223072052002,
      4.431807518005371,
      7.900262355804443
    ],
    [
      -2.709273099899292,
      7.441082954406738,
      4.514836311340332,
      27.844383239746094,
      12.507783889770508,
      53.30659866333008,
      12.700814247131348,
      48.63018035888672,
      5.42730188369751,
      44.370086669921875,
      -0.1990080028772354,
      28.05434799194336,
      11.757471084594727,
      23.580644607543945,
      10.799405097961426,
      17.072612762451172,
      6.16004753112793,
      11.99044418334961
    ],
    [
      0.05662776902318001,
      2.349336862564087,
      2.1698784828186035,
      7.476931571960449,
      11.495185852050781,
      12.700814247131348,
      24.85258674621582,
      18.105979919433594,
      5.6457839012146,
      12.34679126739502,
      3.487107515335083,
      8.672162055969238,
      5.198980331420898,
      9.50870132446289,
      4.111891269683838,
      6.206111907958984,
      3.754964590072632,
      6.749605178833008
    ],
    [
      -0.10453663766384125,
      6.035204887390137,
      3.174896717071533,
      21.447248458862305,
      9.851723670959473,
      48.63018035888672,
      18.105979919433594,
      56.17776107788086,
      6.564365863800049,
      49.55317687988281,
      -1.5944609642028809,
      28.02237892150879,
      9.44750690460205,
      21.1180477142334,
      7.835056781768799,
      13.859208106994629,
      4.756967544555664,
      10.827765464782715
    ],
    [
      0.8490033149719238,
      0.5123586654663086,
      2.463395118713379,
      3.6746630668640137,
      5.41237735748291,
      5.42730188369751,
      5.6457839012146,
      6.564365863800049,
      12.522629737854004,
      9.050686836242676,
      8.532821655273438,
      6.648193359375,
      5.151203155517578,
      6.738974094390869,
      3.73115611076355,
      4.190507411956787,
      3.294401168823242,
      4.79390287399292
    ],
    [
      -0.44286417961120605,
      3.9977262020111084,
      3.2555630207061768,
      19.15389633178711,
      7.20497989654541,
      44.370086669921875,
      12.34679126739502,
      49.55317687988281,
      9.050686836242676,
      51.44690704345703,
      -0.08215931057929993,
      29.754512786865234,
      10.479143142700195,
      21.24756622314453,
      8.387177467346191,
      13.375493049621582,
      4.805940628051758,
      10.641755104064941
    ],
    [
      -0.653085470199585,
      1.1112865209579468,
      2.6326303482055664,
      3.8630754947662354,
      5.5313591957092285,
      -0.1990080028772354,
      3.487107515335083,
      -1.5944609642028809,
      8.532821655273438,
      -0.08215931057929993,
      11.867938041687012,
      4.440094470977783,
      6.095789909362793,
      6.053877830505371,
      5.049357891082764,
      4.8416571617126465,
      3.772864818572998,
      4.684638023376465
    ],
    [
      -2.2117128372192383,
      2.0551156997680664,
      3.9168474674224854,
      15.20470905303955,
      7.2047600746154785,
      28.05434799194336,
      8.672162055969238,
      28.02237892150879,
      6.648193359375,
      29.754512786865234,
      4.440094470977783,
      25.93145751953125,
      12.264814376831055,
      21.42146110534668,
      9.971887588500977,
      14.363212585449219,
      5.088120937347412,
      10.564865112304688
    ],
    [
      -2.770205020904541,
      0.40109819173812866,
      3.4814164638519287,
      11.644283294677734,
      6.631399154663086,
      11.757471084594727,
      5.198980331420898,
      9.44750690460205,
      5.151203155517578,
      10.479143142700195,
      6.095789909362793,
      12.264814376831055,
      14.002934455871582,
      17.21755027770996,
      11.749163627624512,
      13.440524101257324,
      6.856474876403809,
      9.870272636413574
    ],
    [
      -3.4451727867126465,
      0.4109811782836914,
      5.330691814422607,
      17.986257553100586,
      11.487161636352539,
      23.580644607543945,
      9.50870132446289,
      21.1180477142334,
      6.738974094390869,
      21.24756622314453,
      6.053877830505371,
      21.42146110534668,
      17.21755027770996,
      29.568763732910156,
      14.712080001831055,
      21.59296226501465,
      8.061782836914062,
      15.334041595458984
    ],
    [
      -3.3086798191070557,
      -0.3211226761341095,
      2.9494783878326416,
      11.320022583007812,
      6.247340202331543,
      10.799405097961426,
      4.111891269683838,
      7.835056781768799,
      3.73115611076355,
      8.387177467346191,
      5.049357891082764,
      9.971887588500977,
      11.749163627624512,
      14.712080001831055,
      12.434932708740234,
      13.386391639709473,
      7.502741813659668,
      9.20152473449707
    ],
    [
      -3.8025853633880615,
      -0.3770490884780884,
      3.9192512035369873,
      15.096098899841309,
      8.92223072052002,
      17.072612762451172,
      6.206111907958984,
      13.859208106994629,
      4.190507411956787,
      13.375493049621582,
      4.8416571617126465,
      14.363212585449219,
      13.440524101257324,
      21.59296226501465,
      13.386391639709473,
      18.626089096069336,
      7.477015972137451,
      12.059834480285645
    ],
    [
      -0.7242263555526733,
      0.30777180194854736,
      2.631389856338501,
      6.380435466766357,
      4.431807518005371,
      6.16004753112793,
      3.754964590072632,
      4.756967544555664,
      3.294401168823242,
      4.805940628051758,
      3.772864818572998,
      5.088120937347412,
      6.856474876403809,
      8.061782836914062,
      7.502741813659668,
      7.477015972137451,
      8.000466346740723,
      7.130787372589111
    ],
    [
      0.13906614482402802,
      0.921790361404419,
      4.697705268859863,
      10.18213939666748,
      7.900262355804443,
      11.99044418334961,
      6.749605178833008,
      10.827765464782715,
      4.79390287399292,
      10.641755104064941,
      4.684638023376465,
      10.564865112304688,
      9.870272636413574,
      15.334041595458984,
      9.20152473449707,
      12.059834480285645,
      7.130787372589111,
      14.863669395446777
    ]
  ],
  "covariance_short": [
    [
      34.59712600708008,
      10.863860130310059,
      9.881023406982422,
      1.8177839517593384,
      4.832221984863281,
      2.9570696353912354,
      1.5420501232147217,
      4.8129801750183105,
      2.6450209617614746,
      4.8062567710876465,
      0.3360677659511566,
      2.077366352081299,
      -1.1080777645111084,
      0.775264322757721,
      0.4411952793598175,
      1.8514001369476318,
      3.6704890727996826,
      3.837191104888916
    ],
    [
      10.863860130310059,
      31.334991455078125,
      8.347956657409668,
      16.574159622192383,
      8.77369499206543,
      14.901768684387207,
      6.551762580871582,
      11.761688232421875,
      4.642506122589111,
      10.968294143676758,
      5.41124153137207,
      10.0378999710083,
      7.502140045166016,
      10.957927703857422,
      10.891255378723145,
      13.707982063293457,
      12.557374954223633,
      13.478391647338867
    ],
    [
      9.881023406982422,
      8.347956657409668,
      12.574360847473145,
      9.253348350524902,
      7.350429534912109,
      8.103692054748535,
      3.9163730144500732,
      6.2276506423950195,
      4.9050211906433105,
      6.816103458404541,
      4.967080116271973,
      7.430802822113037,
      6.418108940124512,
      9.026577949523926,
      8.104256629943848,
      10.079172134399414,
      9.54356861114502,
      9.872028350830078
    ],
    [
      1.8177839517593384,
      16.574159622192383,
      9.253348350524902,
      35.413333892822266,
      16.87504005432129,
      38.153724670410156,
      14.203611373901367,
      31.405364990234375,
      8.217796325683594,
      27.27521324157715,
      7.643871784210205,
      21.450679779052734,
      16.862611770629883,
      26.549211502075195,
      20.445144653320312,
      27.94710922241211,
      19.67591667175293,
      23.230714797973633
    ],
    [
      4.832221984863281,
      8.77369499206543,
      7.350429534912109,
      16.87504005432129,
      31.622440338134766,
      26.20470428466797,
      19.702594757080078,
      20.31692123413086,
      12.085886001586914,
      17.397022247314453,
      11.585970878601074,
      16.01296043395996,
      12.831215858459473,
      22.037324905395508,
      16.683279037475586,
      23.645801544189453,
      18.812339782714844,
      20.40532875061035
    ],
    [
      2.9570696353912354,
      14.901768684387207,
      8.103692054748535,
      38.153724670410156,
      26.20470428466797,
      81.05526733398438,
      27.802860260009766,
      73.62957763671875,
      15.064732551574707,
      65.41868591308594,
      6.631330966949463,
      43.919578552246094,
      21.72176170349121,
      43.27406311035156,
      25.49526596069336,
      40.72214126586914,
      25.152828216552734,
      31.723886489868164
    ],
    [
      1.5420501232147217,
      6.551762580871582,
      3.9163730144500732,
      14.203611373901367,
      19.702594757080078,
      27.802860260009766,
      39.59012222290039,
      34.72235870361328,
      12.58710765838623,
      25.452451705932617,
      9.045559883117676,
      19.04619598388672,
      11.98080062866211,
      20.788299560546875,
      13.00113296508789,
      19.89455795288086,
      15.73314094543457,
      17.388118743896484
    ],
    [
      4.8129801750183105,
      11.761688232421875,
      6.2276506423950195,
      31.405364990234375,
      20.31692123413086,
      73.62957763671875,
      34.72235870361328,
      86.6052017211914,
      15.174515724182129,
      72.28247833251953,
      4.049652099609375,
      44.404361724853516,
      17.931154251098633,
      39.2498893737793,
      19.793113708496094,
      34.67572784423828,
      20.560802459716797,
      27.172914505004883
    ],
    [
      2.6450209617614746,
      4.642506122589111,
      4.9050211906433105,
      8.217796325683594,
      12.085886001586914,
      15.064732551574707,
      12.58710765838623,
      15.174515724182129,
      23.29431915283203,
      19.6582088470459,
      15.918305397033691,
      15.929889678955078,
      11.460617065429688,
      16.808256149291992,
      11.998029708862305,
      16.491622924804688,
      12.409961700439453,
      14.0560941696167
    ],
    [
      4.8062567710876465,
      10.968294143676758,
      6.816103458404541,
      27.27521324157715,
      17.397022247314453,
      65.41868591308594,
      25.452451705932617,
      72.28247833251953,
      19.6582088470459,
      74.62153625488281,
      6.947330474853516,
      46.5137939453125,
      19.907148361206055,
      40.676204681396484,
      21.418428421020508,
      35.96529006958008,
      21.37969970703125,
      27.91218376159668
    ],
    [
      0.3360677659511566,
      5.41124153137207,
      4.967080116271973,
      7.643871784210205,
      11.585970878601074,
      6.631330966949463,
      9.045559883117676,
      4.049652099609375,
      15.918305397033691,
      6.947330474853516,
      21.98283576965332,
      13.529489517211914,
      14.719552993774414,
      16.4757022857666,
      16.294565200805664,
      18.755889892578125,
      15.550772666931152,
      15.810959815979004
    ],
    [
      2.077366352081299,
      10.0378999710083,
      7.430802822113037,
      21.450679779052734,
      16.01296043395996,
      43.919578552246094,
      19.04619598388672,
      44.404361724853516,
      15.929889678955078,
      46.5137939453125,
      13.529489517211914,
      44.45263671875,
      25.469425201416016,
      44.376991271972656,
      27.740007400512695,
      41.743186950683594,
      25.360618591308594,
      31.263694763183594
    ],
    [
      -1.1080777645111084,
      7.502140045166016,
      6.418108940124512,
      16.862611770629883,
      12.831215858459473,
      21.72176170349121,
      11.98080062866211,
      17.931154251098633,
      11.460617065429688,
      19.907148361206055,
      14.719552993774414,
      25.469425201416016,
      33.221370697021484,
      41.69690704345703,
      36.140159606933594,
      44.75408935546875,
      32.51273727416992,
      34.617916107177734
    ],
    [
      0.775264322757721,
      10.957927703857422,
      9.026577949523926,
      26.549211502075195,
      22.037324905395508,
      43.27406311035156,
      20.788299560546875,
      39.2498893737793,
      16.808256149291992,
      40.676204681396484,
      16.4757022857666,
      44.376991271972656,
      41.69690704345703,
      70.05099487304688,
      46.828426361083984,
      69.15263366699219,
      41.07524490356445,
      50.13500213623047
    ],
    [
      0.4411952793598175,
      10.891255378723145,
      8.104256629943848,
      20.445144653320312,
      16.683279037475586,
      25.49526596069336,
      13.00113296508789,
      19.793113708496094,
      11.998029708862305,
      21.418428421020508,
      16.294565200805664,
      27.740007400512695,
      36.140159606933594,
      46.828426361083984,
      47.72529602050781,
      55.6875,
      42.642757415771484,
      44.2319450378418
    ],
    [
      1.8514001369476318,
      13.707982063293457,
      10.079172134399414,
      27.94710922241211,
      23.645801544189453,
      40.72214126586914,
      19.89455795288086,
      34.67572784423828,
      16.491622924804688,
      35.96529006958008,
      18.755889892578125,
      41.743186950683594,
      44.75408935546875,
      69.15263366699219,
      55.6875,
      77.5726318359375,
      49.70877456665039,
      57.6108512878418
    ],
    [
      3.6704890727996826,
      12.557374954223633,
      9.54356861114502,
      19.67591667175293,
      18.812339782714844,
      25.152828216552734,
      15.73314094543457,
      20.560802459716797,
      12.409961700439453,
      21.37969970703125,
      15.550772666931152,
      25.360618591308594,
      32.51273727416992,
      41.07524490356445,
      42.642757415771484,
      49.70877456665039,
      50.28176498413086,
      46.8599853515625
    ],
    [
      3.837191104888916,
      13.478391647338867,
      9.872028350830078,
      23.230714797973633,
      20.40532875061035,
      31.723886489868164,
      17.388118743896484,
      27.172914505004883,
      14.0560941696167,
      27.91218376159668,
      15.810959815979004,
      31.263694763183594,
      34.617916107177734,
      50.13500213623047,
      44.2319450378418,
      57.6108512878418,
      46.8599853515625,
      55.86779022216797
    ]
  ],
  "damage": -6.682380676269531,
  "diff_bandwidth": 607.0606079101562,
  "dissonance": 9.639826172096914,
  "drr": 1.9302586317062378,
  "dynamics": 1.9116939306259155,
  "format": 1245190,
  "frames": 7987200,
  "loudness": -11.950216293334961,
  "loudness_range": 3.8526134490966797,
  "loudness_range_short": 7.700371742248535,
  "lowpass_true_peak_15khz": 0.03663411736488342,
  "mastering3_acoustic_entropies": [
    {
      "acoustic_entropy": 5.698994159698486,
      "acoustic_entropy_mono": 6.454984664916992,
      "band_eliminated_acoustic_entropies": [
        {
          "acoustic_entropy": 5.3734917640686035,
          "acoustic_entropy_side": 5.69926118850708,
          "hz": 129.47220167065723
        },
        {
          "acoustic_entropy": 5.4288010597229,
          "acoustic_entropy_side": 5.72297477722168,
          "hz": 202.92927478742237
        },
        {
          "acoustic_entropy": 5.6675238609313965,
          "acoustic_entropy_side": 5.73831844329834,
          "hz": 282.89161906338205
        },
        {
          "acoustic_entropy": 6.033945560455322,
          "acoustic_entropy_side": 5.721367359161377,
          "hz": 369.9353335868758
        },
        {
          "acoustic_entropy": 6.373772144317627,
          "acoustic_entropy_side": 5.7252092361450195,
          "hz": 464.6875360973435
        },
        {
          "acoustic_entropy": 6.265728950500488,
          "acoustic_entropy_side": 5.708065509796143,
          "hz": 567.8308811364784
        },
        {
          "acoustic_entropy": 5.319319248199463,
          "acoustic_entropy_side": 5.736462593078613,
          "hz": 680.1084783214808
        },
        {
          "acoustic_entropy": 5.795681476593018,
          "acoustic_entropy_side": 5.759504318237305,
          "hz": 802.3292461747484
        },
        {
          "acoustic_entropy": 5.970355033874512,
          "acoustic_entropy_side": 5.740581512451172,
          "hz": 935.3737400823702
        },
        {
          "acoustic_entropy": 5.778027057647705,
          "acoustic_entropy_side": 5.475842475891113,
          "hz": 1080.2004963696966
        },
        {
          "acoustic_entropy": 5.670645713806152,
          "acoustic_entropy_side": 5.578594207763672,
          "hz": 1237.8529382007157
        },
        {
          "acoustic_entropy": 5.747070789337158,
          "acoustic_entropy_side": 5.733493328094482,
          "hz": 1409.4668930556702
        },
        {
          "acoustic_entropy": 5.674996376037598,
          "acoustic_entropy_side": 5.59360933303833,
          "hz": 1596.2787759475705
        },
        {
          "acoustic_entropy": 5.363832950592041,
          "acoustic_entropy_side": 5.194143295288086,
          "hz": 1799.6344973346393
        },
        {
          "acoustic_entropy": 6.17938756942749,
          "acoustic_entropy_side": 5.423801898956299,
          "hz": 2020.9991599069049
        },
        {
          "acoustic_entropy": 6.0692315101623535,
          "acoustic_entropy_side": 5.43658447265625,
          "hz": 2261.9676141086993
        },
        {
          "acoustic_entropy": 5.797313690185547,
          "acoustic_entropy_side": 5.42103385925293,
          "hz": 2524.2759484456974
        },
        {
          "acoustic_entropy": 5.703837871551514,
          "acoustic_entropy_side": 5.291769504547119,
          "hz": 2809.813997359896
        },
        {
          "acoustic_entropy": 5.970942974090576,
          "acoustic_entropy_side": 5.556298732757568,
          "hz": 3120.6389567871424
        },
        {
          "acoustic_entropy": 5.63215446472168,
          "acoustic_entropy_side": 5.694855690002441,
          "hz": 3458.990205492291
        },
        {
          "acoustic_entropy": 5.767512321472168,
          "acoustic_entropy_side": 5.711517810821533,
          "hz": 3827.305438964164
        },
        {
          "acoustic_entropy": 5.59729528427124,
          "acoustic_entropy_side": 5.736264228820801,
          "hz": 4228.238232109126
        },
        {
          "acoustic_entropy": 5.611013889312744,
          "acoustic_entropy_side": 5.738681316375732,
          "hz": 4664.6771572759235
        },
        {
          "acoustic_entropy": 5.885114669799805,
          "acoustic_entropy_side": 5.744045734405518,
          "hz": 5139.766595350093
        },
        {
          "acoustic_entropy": 5.9882049560546875,
          "acoustic_entropy_side": 5.752470016479492,
          "hz": 5656.929389854203
        },
        {
          "acoustic_entropy": 6.023711681365967,
          "acoustic_entropy_side": 5.7621965408325195,
          "hz": 6219.891507268283
        },
        {
          "acoustic_entropy": 6.028466701507568,
          "acoustic_entropy_side": 5.770273685455322,
          "hz": 6832.70888123896
        },
        {
          "acoustic_entropy": 6.037924289703369,
          "acoustic_entropy_side": 5.767970561981201,
          "hz": 7499.796634079867
        },
        {
          "acoustic_entropy": 5.992695331573486,
          "acoustic_entropy_side": 5.758093357086182,
          "hz": 8225.96088609342
        },
        {
          "acoustic_entropy": 6.003224849700928,
          "acoustic_entropy_side": 5.754367828369141,
          "hz": 9016.43338188839
        },
        {
          "acoustic_entropy": 5.975600242614746,
          "acoustic_entropy_side": 5.746400356292725,
          "hz": 9876.909183162974
        },
        {
          "acoustic_entropy": 5.907670974731445,
          "acoustic_entropy_side": 5.725005626678467,
          "hz": 10813.587699516042
        },
        {
          "acoustic_entropy": 5.827146530151367,
          "acoustic_entropy_side": 5.709972381591797,
          "hz": 11833.21735289826
        },
        {
          "acoustic_entropy": 5.750432968139648,
          "acoustic_entropy_side": 5.702181339263916,
          "hz": 12943.144197493959
        },
        {
          "acoustic_entropy": 5.718473434448242,
          "acoustic_entropy_side": 5.699785232543945,
          "hz": 14151.364845322005
        },
        {
          "acoustic_entropy": 5.702614784240723,
          "acoustic_entropy_side": 5.699123859405518,
          "hz": 15466.58407886509
        },
        {
          "acoustic_entropy": 5.699728488922119,
          "acoustic_entropy_side": 5.699027061462402,
          "hz": 16898.27756580493
        },
        {
          "acoustic_entropy": 5.699048042297363,
          "acoustic_entropy_side": 5.699002742767334,
          "hz": 18456.760127700032
        },
        {
          "acoustic_entropy": 5.699002742767334,
          "acoustic_entropy_side": 5.698995590209961,
          "hz": 20153.260054456492
        },
        {
          "acoustic_entropy": 5.698994159698486,
          "acoustic_entropy_side": 5.698994159698486,
          "hz": 22000.00000000001
        }
      ],
      "diff_acoustic_entropy": 5.911994934082031,
      "sn": 6
    },
    {
      "acoustic_entropy": 9.673373222351074,
      "acoustic_entropy_mono": 9.543231010437012,
      "band_eliminated_acoustic_entropies": [
        {
          "acoustic_entropy": 9.960993766784668,
          "acoustic_entropy_side": 9.675668716430664,
          "hz": 129.47220167065723
        },
        {
          "acoustic_entropy": 10.103694915771484,
          "acoustic_entropy_side": 9.867820739746094,
          "hz": 202.92927478742237
        },
        {
          "acoustic_entropy": 9.496472358703613,
          "acoustic_entropy_side": 9.891355514526367,
          "hz": 282.89161906338205
        },
        {
          "acoustic_entropy": 10.122356414794922,
          "acoustic_entropy_side": 9.79201602935791,
          "hz": 369.9353335868758
        },
        {
          "acoustic_entropy": 10.252129554748535,
          "acoustic_entropy_side": 9.804326057434082,
          "hz": 464.6875360973435
        },
        {
          "acoustic_entropy": 9.979527473449707,
          "acoustic_entropy_side": 9.919499397277832,
          "hz": 567.8308811364784
        },
        {
          "acoustic_entropy": 9.661206245422363,
          "acoustic_entropy_side": 9.753575325012207,
          "hz": 680.1084783214808
        },
        {
          "acoustic_entropy": 9.81953239440918,
          "acoustic_entropy_side": 10.00640869140625,
          "hz": 802.3292461747484
        },
        {
          "acoustic_entropy": 9.302824020385742,
          "acoustic_entropy_side": 10.120265007019043,
          "hz": 935.3737400823702
        },
        {
          "acoustic_entropy": 9.908731460571289,
          "acoustic_entropy_side": 9.833036422729492,
          "hz": 1080.2004963696966
        },
        {
          "acoustic_entropy": 9.637126922607422,
          "acoustic_entropy_side": 9.570710182189941,
          "hz": 1237.8529382007157
        },
        {
          "acoustic_entropy": 9.846721649169922,
          "acoustic_entropy_side": 10.170170783996582,
          "hz": 1409.4668930556702
        },
        {
          "acoustic_entropy": 9.733267784118652,
          "acoustic_entropy_side": 9.975654602050781,
          "hz": 1596.2787759475705
        },
        {
          "acoustic_entropy": 9.947500228881836,
          "acoustic_entropy_side": 9.394238471984863,
          "hz": 1799.6344973346393
        },
        {
          "acoustic_entropy": 10.263456344604492,
          "acoustic_entropy_side": 9.88266658782959,
          "hz": 2020.9991599069049
        },
        {
          "acoustic_entropy": 10.22716236114502,
          "acoustic_entropy_side": 9.79755687713623,
          "hz": 2261.9676141086993
        },
        {
          "acoustic_entropy": 9.725400924682617,
          "acoustic_entropy_side": 9.657795906066895,
          "hz": 2524.2759484456974
        },
        {
          "acoustic_entropy": 10.010760307312012,
          "acoustic_entropy_side": 9.733163833618164,
          "hz": 2809.813997359896
        },
        {
          "acoustic_entropy": 9.932391166687012,
          "acoustic_entropy_side": 9.650496482849121,
          "hz": 3120.6389567871424
        },
        {
          "acoustic_entropy": 9.855652809143066,
          "acoustic_entropy_side": 9.65205192565918,
          "hz": 3458.990205492291
        },
        {
          "acoustic_entropy": 9.93327522277832,
          "acoustic_entropy_side": 9.646812438964844,
          "hz": 3827.305438964164
        },
        {
          "acoustic_entropy": 10.054454803466797,
          "acoustic_entropy_side": 9.617368698120117,
          "hz": 4228.238232109126
        },
        {
          "acoustic_entropy": 9.68418025970459,
          "acoustic_entropy_side": 9.588516235351562,
          "hz": 4664.6771572759235
        },
        {
          "acoustic_entropy": 9.659661293029785,
          "acoustic_entropy_side": 9.610812187194824,
          "hz": 5139.766595350093
        },
        {
          "acoustic_entropy": 9.715959548950195,
          "acoustic_entropy_side": 9.686854362487793,
          "hz": 5656.929389854203
        },
        {
          "acoustic_entropy": 9.661933898925781,
          "acoustic_entropy_side": 9.734474182128906,
          "hz": 6219.891507268283
        },
        {
          "acoustic_entropy": 9.634332656860352,
          "acoustic_entropy_side": 9.713165283203125,
          "hz": 6832.70888123896
        },
        {
          "acoustic_entropy": 9.622952461242676,
          "acoustic_entropy_side": 9.670129776000977,
          "hz": 7499.796634079867
        },
        {
          "acoustic_entropy": 9.576852798461914,
          "acoustic_entropy_side": 9.693096160888672,
          "hz": 8225.96088609342
        },
        {
          "acoustic_entropy": 9.5711030960083,
          "acoustic_entropy_side": 9.683272361755371,
          "hz": 9016.43338188839
        },
        {
          "acoustic_entropy": 9.599815368652344,
          "acoustic_entropy_side": 9.682305335998535,
          "hz": 9876.909183162974
        },
        {
          "acoustic_entropy": 9.655244827270508,
          "acoustic_entropy_side": 9.693469047546387,
          "hz": 10813.587699516042
        },
        {
          "acoustic_entropy": 9.630071640014648,
          "acoustic_entropy_side": 9.68680477142334,
          "hz": 11833.21735289826
        },
        {
          "acoustic_entropy": 9.58237361907959,
          "acoustic_entropy_side": 9.674883842468262,
          "hz": 12943.144197493959
        },
        {
          "acoustic_entropy": 9.602899551391602,
          "acoustic_entropy_side": 9.673103332519531,
          "hz": 14151.364845322005
        },
        {
          "acoustic_entropy": 9.649994850158691,
          "acoustic_entropy_side": 9.673632621765137,
          "hz": 15466.58407886509
        },
        {
          "acoustic_entropy": 9.66882038116455,
          "acoustic_entropy_side": 9.67367172241211,
          "hz": 16898.27756580493
        },
        {
          "acoustic_entropy": 9.674346923828125,
          "acoustic_entropy_side": 9.673629760742188,
          "hz": 18456.760127700032
        },
        {
          "acoustic_entropy": 9.673590660095215,
          "acoustic_entropy_side": 9.673431396484375,
          "hz": 20153.260054456492
        },
        {
          "acoustic_entropy": 9.673379898071289,
          "acoustic_entropy_side": 9.673375129699707,
          "hz": 22000.00000000001
        }
      ],
      "diff_acoustic_entropy": 9.259227752685547,
      "sn": 12
    },
    {
      "acoustic_entropy": 15.08447551727295,
      "acoustic_entropy_mono": 12.462864875793457,
      "band_eliminated_acoustic_entropies": [
        {
          "acoustic_entropy": 14.918363571166992,
          "acoustic_entropy_side": 15.164355278015137,
          "hz": 129.47220167065723
        },
        {
          "acoustic_entropy": 14.800098419189453,
          "acoustic_entropy_side": 15.412530899047852,
          "hz": 202.92927478742237
        },
        {
          "acoustic_entropy": 15.516478538513184,
          "acoustic_entropy_side": 15.5093412399292,
          "hz": 282.89161906338205
        },
        {
          "acoustic_entropy": 15.407851219177246,
          "acoustic_entropy_side": 14.935529708862305,
          "hz": 369.9353335868758
        },
        {
          "acoustic_entropy": 14.465703964233398,
          "acoustic_entropy_side": 15.21530532836914,
          "hz": 464.6875360973435
        },
        {
          "acoustic_entropy": 15.94080924987793,
          "acoustic_entropy_side": 15.534921646118164,
          "hz": 567.8308811364784
        },
        {
          "acoustic_entropy": 14.32303237915039,
          "acoustic_entropy_side": 15.343425750732422,
          "hz": 680.1084783214808
        },
        {
          "acoustic_entropy": 16.400135040283203,
          "acoustic_entropy_side": 15.771181106567383,
          "hz": 802.3292461747484
        },
        {
          "acoustic_entropy": 14.645252227783203,
          "acoustic_entropy_side": 15.758572578430176,
          "hz": 935.3737400823702
        },
        {
          "acoustic_entropy": 15.36429214477539,
          "acoustic_entropy_side": 14.7594633102417,
          "hz": 1080.2004963696966
        },
        {
          "acoustic_entropy": 15.367505073547363,
          "acoustic_entropy_side": 15.738872528076172,
          "hz": 1237.8529382007157
        },
        {
          "acoustic_entropy": 15.688250541687012,
          "acoustic_entropy_side": 15.738629341125488,
          "hz": 1409.4668930556702
        },
        {
          "acoustic_entropy": 14.953651428222656,
          "acoustic_entropy_side": 15.40417766571045,
          "hz": 1596.2787759475705
        },
        {
          "acoustic_entropy": 14.96410083770752,
          "acoustic_entropy_side": 15.422134399414062,
          "hz": 1799.6344973346393
        },
        {
          "acoustic_entropy": 15.558615684509277,
          "acoustic_entropy_side": 15.098063468933105,
          "hz": 2020.9991599069049
        },
        {
          "acoustic_entropy": 15.319402694702148,
          "acoustic_entropy_side": 15.326217651367188,
          "hz": 2261.9676141086993
        },
        {
          "acoustic_entropy": 15.099152565002441,
          "acoustic_entropy_side": 15.00624942779541,
          "hz": 2524.2759484456974
        },
        {
          "acoustic_entropy": 14.814888954162598,
          "acoustic_entropy_side": 14.978421211242676,
          "hz": 2809.813997359896
        },
        {
          "acoustic_entropy": 15.383318901062012,
          "acoustic_entropy_side": 15.394042015075684,
          "hz": 3120.6389567871424
