{
  "acoustic_entropy": 173.33848571777344,
  "bands": [
    {
      "high_freq": 148.1999969482422,
      "loudness": -33.66072463989258,
      "loudness_range": 15.319393157958984,
      "mid_mean": -30.422880172729492,
      "mid_to_side_loudness": -20.28173828125,
      "mid_to_side_loudness_range": 12.811332702636719,
      "side_mean": -52.436500549316406
    },
    {
      "high_freq": 392.3793640136719,
      "loudness": -24.35862922668457,
      "loudness_range": 12.419523239135742,
      "low_freq": 148.1999969482422,
      "mid_mean": -20.771987915039062,
      "mid_to_side_loudness": -17.025554656982422,
      "mid_to_side_loudness_range": 12.075806617736816,
      "side_mean": -38.07782745361328
    },
    {
      "high_freq": 794.6976318359375,
      "loudness": -25.77983856201172,
      "loudness_range": 11.493728637695312,
      "low_freq": 392.3793640136719,
      "mid_mean": -22.305206298828125,
      "mid_to_side_loudness": -14.965354919433594,
      "mid_to_side_loudness_range": 11.544960021972656,
      "side_mean": -37.384708404541016
    },
    {
      "high_freq": 1457.5709228515625,
      "loudness": -26.387096405029297,
      "loudness_range": 11.533517837524414,
      "low_freq": 794.6976318359375,
      "mid_mean": -22.84760284423828,
      "mid_to_side_loudness": -15.849419593811035,
      "mid_to_side_loudness_range": 12.630220413208008,
      "side_mean": -39.347023010253906
    },
    {
      "high_freq": 2549.74365234375,
      "loudness": -26.891326904296875,
      "loudness_range": 14.632604598999023,
      "low_freq": 1457.5709228515625,
      "mid_mean": -23.374141693115234,
      "mid_to_side_loudness": -15.349016189575195,
      "mid_to_side_loudness_range": 16.540895462036133,
      "side_mean": -39.673561096191406
    },
    {
      "high_freq": 4349.24462890625,
      "loudness": -31.370187759399414,
      "loudness_range": 12.751333236694336,
      "low_freq": 2549.74365234375,
      "mid_mean": -27.796144485473633,
      "mid_to_side_loudness": -17.511728286743164,
      "mid_to_side_loudness_range": 19.609764099121094,
      "side_mean": -46.63174819946289
    },
    {
      "high_freq": 7314.1640625,
      "loudness": -41.93108367919922,
      "loudness_range": 15.197532653808594,
      "low_freq": 4349.24462890625,
      "mid_mean": -38.3047981262207,
      "mid_to_side_loudness": -21.065662384033203,
      "mid_to_side_loudness_range": 24.36859893798828,
      "side_mean": -60.82752227783203
    },
    {
      "high_freq": 12199.2666015625,
      "loudness": -50.05373001098633,
      "loudness_range": 17.773269653320312,
      "low_freq": 7314.1640625,
      "mid_mean": -46.649871826171875,
      "mid_to_side_loudness": -29.919076919555664,
      "mid_to_side_loudness_range": 41.07158279418945,
      "side_mean": -68.81661987304688
    },
    {
      "loudness": -64.00294494628906,
      "loudness_range": 16.72122573852539,
      "low_freq": 12199.2666015625,
      "mid_mean": -60.189083099365234,
      "mid_to_side_loudness": -30.2401065826416,
      "mid_to_side_loudness_range": 44.280067443847656,
      "side_mean": -69.96420288085938
    }
  ],
  "bands_short": [
    {
      "high_freq": 148.1999969482422,
      "loudness": -37.61915588378906,
      "loudness_range": 21.383514404296875,
      "mid_mean": -34.27534103393555,
      "mid_to_side_loudness": -19.86133575439453,
      "mid_to_side_loudness_range": 20.77890396118164,
      "side_mean": -55.31196594238281
    },
    {
      "high_freq": 392.3793640136719,
      "loudness": -24.541593551635742,
      "loudness_range": 13.313379287719727,
      "low_freq": 148.1999969482422,
      "mid_mean": -21.011943817138672,
      "mid_to_side_loudness": -17.387731552124023,
      "mid_to_side_loudness_range": 15.125005722045898,
      "side_mean": -38.46065902709961
    },
    {
      "high_freq": 794.6976318359375,
      "loudness": -26.07636260986328,
      "loudness_range": 12.703977584838867,
      "low_freq": 392.3793640136719,
      "mid_mean": -22.609582901000977,
      "mid_to_side_loudness": -14.532997131347656,
      "mid_to_side_loudness_range": 14.555688858032227,
      "side_mean": -37.56037521362305
    },
    {
      "high_freq": 1457.5709228515625,
      "loudness": -26.505830764770508,
      "loudness_range": 13.207534790039062,
      "low_freq": 794.6976318359375,
      "mid_mean": -23.048545837402344,
      "mid_to_side_loudness": -15.480857849121094,
      "mid_to_side_loudness_range": 17.050148010253906,
      "side_mean": -39.41741180419922
    },
    {
      "high_freq": 2549.74365234375,
      "loudness": -27.405954360961914,
      "loudness_range": 16.33993148803711,
      "low_freq": 1457.5709228515625,
      "mid_mean": -23.931978225708008,
      "mid_to_side_loudness": -15.068146705627441,
      "mid_to_side_loudness_range": 18.251667022705078,
      "side_mean": -40.09108352661133
    },
    {
      "high_freq": 4349.24462890625,
      "loudness": -31.478361129760742,
      "loudness_range": 14.41781234741211,
      "low_freq": 2549.74365234375,
      "mid_mean": -27.954925537109375,
      "mid_to_side_loudness": -17.304658889770508,
      "mid_to_side_loudness_range": 19.96077537536621,
      "side_mean": -46.58193588256836
    },
    {
      "high_freq": 7314.1640625,
      "loudness": -42.15494155883789,
      "loudness_range": 16.228530883789062,
      "low_freq": 4349.24462890625,
      "mid_mean": -38.542518615722656,
      "mid_to_side_loudness": -20.49146842956543,
      "mid_to_side_loudness_range": 19.5189151763916,
      "side_mean": -60.87253952026367
    },
    {
      "high_freq": 12199.2666015625,
      "loudness": -50.667083740234375,
      "loudness_range": 19.199176788330078,
      "low_freq": 7314.1640625,
      "mid_mean": -47.36365509033203,
      "mid_to_side_loudness": -27.336942672729492,
      "mid_to_side_loudness_range": 40.14976501464844,
      "side_mean": -68.89591979980469
    },
    {
      "loudness": -64.51410675048828,
      "loudness_range": 17.606719970703125,
      "low_freq": 12199.2666015625,
      "mid_mean": -60.57791519165039,
      "mid_to_side_loudness": -28.367855072021484,
      "mid_to_side_loudness_range": 43.04512405395508,
      "side_mean": -69.964111328125
    }
  ],
  "bandwidth": 728.3460693359375,
  "channels": 2,
  "covariance": [
    [
      40.753089904785156,
      28.436355590820312,
      8.056713104248047,
      6.9657416343688965,
      5.542083740234375,
      6.606969833374023,
      5.865260601043701,
      7.3317551612854,
      10.973685264587402,
      10.544702529907227,
      9.198668479919434,
      8.81997299194336,
      10.2581148147583,
      10.634883880615234,
      18.575565338134766,
      2.201519727706909,
      8.296024322509766,
      0.008264174684882164
    ],
    [
      28.436355590820312,
      58.62843322753906,
      9.636120796203613,
      8.718460083007812,
      6.300557613372803,
      7.012162208557129,
      5.524117946624756,
      5.7826247215271,
      11.163676261901855,
      10.578186988830566,
      8.896017074584961,
      8.239624977111816,
      10.410163879394531,
      21.634450912475586,
      19.277240753173828,
      3.4214751720428467,
      20.47201919555664,
      0.025059545412659645
    ],
    [
      8.056713104248047,
      9.636120796203613,
      21.02732276916504,
      12.895207405090332,
      10.155240058898926,
      8.020587921142578,
      6.953597545623779,
      6.492095470428467,
      9.051803588867188,
      8.53797721862793,
      9.496020317077637,
      9.366364479064941,
      9.359201431274414,
      8.980588912963867,
      15.348862648010254,
      0.8647247552871704,
      9.175610542297363,
      -0.0430818647146225
    ],
    [
      6.9657416343688965,
      8.718460083007812,
      12.895207405090332,
      20.004858016967773,
      5.671968460083008,
      8.295598983764648,
      2.6816067695617676,
      4.733273506164551,
      2.7316694259643555,
      3.353046417236328,
      3.635136842727661,
      5.11907958984375,
      4.891631126403809,
      7.592989444732666,
      9.63276195526123,
      1.0483289957046509,
      6.285112380981445,
      -0.024131765589118004
    ],
    [
      5.542083740234375,
      6.300557613372803,
      10.155240058898926,
      5.671968460083008,
      19.39276695251465,
      12.306843757629395,
      8.872061729431152,
      5.269578456878662,
      10.635220527648926,
      9.238668441772461,
      9.056172370910645,
      7.82314395904541,
      8.355320930480957,
      7.4995622634887695,
      12.875478744506836,
      0.5984921455383301,
      7.416355133056641,
      -0.01760098524391651
    ],
    [
      6.606969833374023,
      7.012162208557129,
      8.020587921142578,
      8.295598983764648,
      12.306843757629395,
      17.57509994506836,
      5.705101490020752,
      6.50983190536499,
      5.8860368728637695,
      6.305447101593018,
      4.691951274871826,
      6.052186489105225,
      4.873590469360352,
      6.670525074005127,
      7.24910306930542,
      0.3078995943069458,
      5.220008850097656,
      -0.012391094118356705
    ],
    [
      5.865260601043701,
      5.524117946624756,
      6.953597545623779,
      2.6816067695617676,
      8.872061729431152,
      5.705101490020752,
      20.24842071533203,
      13.754305839538574,
      17.343814849853516,
      14.182923316955566,
      17.216859817504883,
      13.830373764038086,
      18.79627227783203,
      14.431380271911621,
      19.251358032226562,
      2.006633758544922,
      14.65179443359375,
      -0.04568247124552727
    ],
    [
      7.3317551612854,
      5.7826247215271,
      6.492095470428467,
      4.733273506164551,
      5.269578456878662,
      6.50983190536499,
      13.754305839538574,
      21.391481399536133,
      9.344184875488281,
      9.966010093688965,
      11.409185409545898,
      12.791953086853027,
      15.176626205444336,
      14.988485336303711,
      16.179636001586914,
      2.231630325317383,
      13.768446922302246,
      -0.03782789409160614
    ],
    [
      10.973685264587402,
      11.163676261901855,
      9.051803588867188,
      2.7316694259643555,
      10.635220527648926,
      5.8860368728637695,
      17.343814849853516,
      9.344184875488281,
      31.58098793029785,
      23.952194213867188,
      25.278379440307617,
      18.383258819580078,
      24.828876495361328,
      16.89015769958496,
      26.46864891052246,
      3.8017008304595947,
      18.041481018066406,
      -0.030371274799108505
    ],
    [
      10.544702529907227,
      10.578186988830566,
      8.53797721862793,
      3.353046417236328,
      9.238668441772461,
      6.305447101593018,
      14.182923316955566,
      9.966010093688965,
      23.952194213867188,
      27.02583122253418,
      19.493682861328125,
      20.046110153198242,
      20.372180938720703,
      17.42236328125,
      23.547714233398438,
      4.184097766876221,
      15.508206367492676,
      -0.019287358969449997
    ],
    [
      9.198668479919434,
      8.896017074584961,
      9.496020317077637,
      3.635136842727661,
      9.056172370910645,
      4.691951274871826,
      17.216859817504883,
      11.409185409545898,
      25.278379440307617,
      19.493682861328125,
      27.647056579589844,
      19.67650604248047,
      25.401208877563477,
      16.944799423217773,
      25.88311767578125,
      2.444559335708618,
      18.806182861328125,
      -0.07329851388931274
    ],
    [
      8.81997299194336,
      8.239624977111816,
      9.366364479064941,
      5.11907958984375,
      7.82314395904541,
      6.052186489105225,
      13.830373764038086,
      12.791953086853027,
      18.383258819580078,
      20.046110153198242,
      19.67650604248047,
      22.80845832824707,
      20.22957420349121,
      17.931682586669922,
      22.96212387084961,
      2.959623336791992,
      16.370258331298828,
      -0.05703605338931084
    ],
    [
      10.2581148147583,
      10.410163879394531,
      9.359201431274414,
      4.891631126403809,
      8.355320930480957,
      4.873590469360352,
      18.79627227783203,
      15.176626205444336,
      24.828876495361328,
      20.372180938720703,
      25.401208877563477,
      20.22957420349121,
      33.36928939819336,
      23.171438217163086,
      33.401248931884766,
      4.321341514587402,
      24.824495315551758,
      -0.044949036091566086
    ],
    [
      10.634883880615234,
      21.634450912475586,
      8.980588912963867,
      7.592989444732666,
      7.4995622634887695,
      6.670525074005127,
      14.431380271911621,
      14.988485336303711,
      16.89015769958496,
      17.42236328125,
      16.944799423217773,
      17.931682586669922,
      23.171438217163086,
      28.06041145324707,
      26.002422332763672,
      5.050217628479004,
      24.231781005859375,
      -0.0117868073284626
    ],
    [
      18.575565338134766,
      19.277240753173828,
      15.348862648010254,
      9.63276195526123,
      12.875478744506836,
      7.24910306930542,
      19.251358032226562,
      16.179636001586914,
      26.46864891052246,
      23.547714233398438,
      25.88311767578125,
      22.96212387084961,
      33.401248931884766,
      26.002422332763672,
      45.359344482421875,
      4.921868801116943,
      28.748632431030273,
      -0.05293978005647659
    ],
    [
      2.201519727706909,
      3.4214751720428467,
      0.8647247552871704,
      1.0483289957046509,
      0.5984921455383301,
      0.3078995943069458,
      2.006633758544922,
      2.231630325317383,
      3.8017008304595947,
      4.184097766876221,
      2.444559335708618,
      2.959623336791992,
      4.321341514587402,
      5.050217628479004,
      4.921868801116943,
      2.5280449390411377,
      4.037686824798584,
      0.03732050955295563
    ],
    [
      8.296024322509766,
      20.47201919555664,
      9.175610542297363,
      6.285112380981445,
      7.416355133056641,
      5.220008850097656,
      14.65179443359375,
      13.768446922302246,
      18.041481018066406,
      15.508206367492676,
      18.806182861328125,
      16.370258331298828,
      24.824495315551758,
      24.231781005859375,
      28.748632431030273,
      4.037686824798584,
      30.097135543823242,
      -0.041515517979860306
    ],
    [
      0.008264174684882164,
      0.025059545412659645,
      -0.0430818647146225,
      -0.024131765589118004,
      -0.01760098524391651,
      -0.012391094118356705,
      -0.04568247124552727,
      -0.03782789409160614,
      -0.030371274799108505,
      -0.019287358969449997,
      -0.07329851388931274,
      -0.05703605338931084,
      -0.044949036091566086,
      -0.0117868073284626,
      -0.05293978005647659,
      0.03732050955295563,
      -0.041515517979860306,
      0.002650113543495536
    ]
  ],
  "covariance_short": [
    [
      62.081809997558594,
      29.754581451416016,
      12.09793472290039,
      9.4115629196167,
      5.886013507843018,
      6.60617208480835,
      5.9849019050598145,
      5.166145324707031,
      11.92580509185791,
      11.200654983520508,
      8.554448127746582,
      7.969666957855225,
      9.294941902160645,
      9.788603782653809,
      20.134334564208984,
      2.3664536476135254,
      6.688175678253174,
      0.02858920581638813
    ],
    [
      29.754581451416016,
      58.02941131591797,
      9.669784545898438,
      9.7105712890625,
      5.512488842010498,
      6.018171310424805,
      4.467061996459961,
      3.165113925933838,
      10.12578010559082,
      10.417003631591797,
      7.036850452423096,
      6.739834308624268,
      7.946620464324951,
      17.46784019470215,
      16.744688034057617,
      2.8452932834625244,
      14.717954635620117,
      0.040864281356334686
    ],
    [
      12.09793472290039,
      9.669784545898438,
      24.547603607177734,
      12.220959663391113,
      11.202238082885742,
      8.162086486816406,
      7.627138137817383,
      6.090838432312012,
      9.256569862365723,
      8.119508743286133,
      10.628619194030762,
      9.358492851257324,
      9.70030403137207,
      8.910459518432617,
      16.533004760742188,
      0.770642876625061,
      8.929899215698242,
      -0.04172949865460396
    ],
    [
      9.4115629196167,
      9.7105712890625,
      12.220959663391113,
      21.831790924072266,
      6.163478851318359,
      8.15453815460205,
      2.6424949169158936,
      3.4543612003326416,
      2.748366594314575,
      3.412837505340576,
      3.7631707191467285,
      5.210962772369385,
      4.443875789642334,
      7.229163646697998,
      9.625227928161621,
      1.0235174894332886,
      5.592818737030029,
      -0.016773324459791183
    ],
    [
      5.886013507843018,
      5.512488842010498,
      11.202238082885742,
      6.163478851318359,
      23.07587432861328,
      12.085627555847168,
      9.663554191589355,
      5.381210803985596,
      10.170737266540527,
      8.626867294311523,
      10.622918128967285,
      8.515496253967285,
      8.863321304321289,
      6.510445594787598,
      12.610474586486816,
      0.4266943633556366,
      7.091772079467773,
      -0.02304605022072792
    ],
    [
      6.60617208480835,
      6.018171310424805,
      8.162086486816406,
      8.15453815460205,
      12.085627555847168,
      20.18858528137207,
      5.757223606109619,
      6.817270278930664,
      4.94293212890625,
      5.7968974113464355,
      5.357401371002197,
      6.558235168457031,
      4.49623966217041,
      6.001070022583008,
      7.433157920837402,
      0.267423152923584,
      4.394954204559326,
      -0.014891872182488441
    ],
    [
      5.9849019050598145,
      4.467061996459961,
      7.627138137817383,
      2.6424949169158936,
      9.663554191589355,
      5.757223606109619,
      25.206260681152344,
      12.614569664001465,
      17.76329803466797,
      14.188298225402832,
      18.189701080322266,
      13.816802024841309,
      19.04317855834961,
      14.208815574645996,
      19.969058990478516,
      2.0666086673736572,
      14.19075870513916,
      -0.04495217278599739
    ],
    [
      5.166145324707031,
      3.165113925933838,
      6.090838432312012,
      3.4543612003326416,
      5.381210803985596,
      6.817270278930664,
      12.614569664001465,
      22.805126190185547,
      8.905843734741211,
      10.271459579467773,
      11.072347640991211,
      12.872483253479004,
      14.264022827148438,
      13.995340347290039,
      16.49207305908203,
      2.0828633308410645,
      12.281055450439453,
      -0.030604524537920952
    ],
    [
      11.92580509185791,
      10.12578010559082,
      9.256569862365723,
      2.748366594314575,
      10.170737266540527,
      4.94293212890625,
      17.76329803466797,
      8.905843734741211,
      36.40964889526367,
      23.850120544433594,
      26.978586196899414,
      17.873958587646484,
      26.369792938232422,
      16.11631965637207,
      27.44711685180664,
      3.5722243785858154,
      17.822185516357422,
      -0.041632432490587234
    ],
    [
      11.200654983520508,
      10.417003631591797,
      8.119508743286133,
      3.412837505340576,
      8.626867294311523,
      5.7968974113464355,
      14.188298225402832,
      10.271459579467773,
      23.850120544433594,
      29.889270782470703,
      19.523313522338867,
      19.69407844543457,
      20.63762664794922,
      17.102266311645508,
      23.825429916381836,
      4.0869951248168945,
      14.434707641601562,
      -0.01749260164797306
    ],
    [
      8.554448127746582,
      7.036850452423096,
      10.628619194030762,
      3.7631707191467285,
      10.622918128967285,
      5.357401371002197,
      18.189701080322266,
      11.072347640991211,
      26.978586196899414,
      19.523313522338867,
      32.163482666015625,
      19.44287109375,
      27.104602813720703,
      16.07856559753418,
      27.011194229125977,
      2.079254150390625,
      19.037500381469727,
      -0.09035361558198929
    ],
    [
      7.969666957855225,
      6.739834308624268,
      9.358492851257324,
      5.210962772369385,
      8.515496253967285,
      6.558235168457031,
      13.816802024841309,
      12.872483253479004,
      17.873958587646484,
      19.69407844543457,
      19.44287109375,
      24.975820541381836,
      20.290660858154297,
      17.471837997436523,
      23.520431518554688,
      2.5962743759155273,
      15.577320098876953,
      -0.0543241873383522
    ],
    [
      9.294941902160645,
      7.946620464324951,
      9.70030403137207,
      4.443875789642334,
      8.863321304321289,
      4.49623966217041,
      19.04317855834961,
      14.264022827148438,
      26.369792938232422,
      20.63762664794922,
      27.104602813720703,
      20.290660858154297,
      35.916831970214844,
      21.901994705200195,
      35.05916213989258,
      3.926729202270508,
      25.171735763549805,
      -0.05808247998356819
    ],
    [
      9.788603782653809,
      17.46784019470215,
      8.910459518432617,
      7.229163646697998,
      6.510445594787598,
      6.001070022583008,
      14.208815574645996,
      13.995340347290039,
      16.11631965637207,
      17.102266311645508,
      16.07856559753418,
      17.471837997436523,
      21.901994705200195,
      29.056400299072266,
      25.505290985107422,
      4.8299970626831055,
      22.22246742248535,
      -0.00765036977827549
    ],
    [
      20.134334564208984,
      16.744688034057617,
      16.533004760742188,
      9.625227928161621,
      12.610474586486816,
      7.433157920837402,
      19.969058990478516,
      16.49207305908203,
      27.44711685180664,
      23.825429916381836,
      27.011194229125977,
      23.520431518554688,
      35.05916213989258,
      25.505290985107422,
      50.388675689697266,
      4.545956611633301,
      30.011796951293945,
      -0.07326566427946091
    ],
    [
      2.3664536476135254,
      2.8452932834625244,
      0.770642876625061,
      1.0235174894332886,
      0.4266943633556366,
      0.267423152923584,
      2.0666086673736572,
      2.0828633308410645,
      3.5722243785858154,
      4.0869951248168945,
      2.079254150390625,
      2.5962743759155273,
      3.926729202270508,
      4.8299970626831055,
      4.545956611633301,
      3.018148899078369,
      3.3773577213287354,
      0.048229627311229706
    ],
    [
      6.688175678253174,
      14.717954635620117,
      8.929899215698242,
      5.592818737030029,
      7.091772079467773,
      4.394954204559326,
      14.19075870513916,
      12.281055450439453,
      17.822185516357422,
      14.434707641601562,
      19.037500381469727,
      15.577320098876953,
      25.171735763549805,
      22.22246742248535,
      30.011796951293945,
      3.3773577213287354,
      29.969654083251953,
      -0.055603787302970886
    ],
    [
      0.02858920581638813,
      0.040864281356334686,
      -0.04172949865460396,
      -0.016773324459791183,
      -0.02304605022072792,
      -0.014891872182488441,
      -0.04495217278599739,
      -0.030604524537920952,
      -0.041632432490587234,
      -0.01749260164797306,
      -0.09035361558198929,
      -0.0543241873383522,
      -0.05808247998356819,
      -0.00765036977827549,
      -0.07326566427946091,
      0.048229627311229706,
      -0.055603787302970886,
      0.005029245279729366
    ]
  ],
  "damage": -9.750192642211914,
  "diff_bandwidth": 798.847412109375,
  "dissonance": 5.730212178102219,
  "drr": 8.12179946899414,
  "dynamics": 3.074683666229248,
  "format": 1245190,
  "frames": 3992512,
  "loudness": -14.963414192199707,
  "loudness_range": 8.735174179077148,
  "loudness_range_short": 9.41641902923584,
  "lowpass_true_peak_15khz": -0.9074877500534058,
  "mastering3_acoustic_entropies": [
    {
      "acoustic_entropy": 7.236944198608398,
      "acoustic_entropy_mono": 7.205897331237793,
      "band_eliminated_acoustic_entropies": [
        {
          "acoustic_entropy": 7.220024585723877,
          "acoustic_entropy_side": 7.236946105957031,
          "hz": 129.47220167065723
        },
        {
          "acoustic_entropy": 7.303268909454346,
          "acoustic_entropy_side": 7.237011432647705,
          "hz": 202.92927478742237
        },
        {
          "acoustic_entropy": 7.207584381103516,
          "acoustic_entropy_side": 7.236456394195557,
          "hz": 282.89161906338205
        },
        {
          "acoustic_entropy": 7.188675880432129,
          "acoustic_entropy_side": 7.236288547515869,
          "hz": 369.9353335868758
        },
        {
          "acoustic_entropy": 7.754817485809326,
          "acoustic_entropy_side": 7.2385125160217285,
          "hz": 464.6875360973435
        },
        {
          "acoustic_entropy": 7.217630863189697,
          "acoustic_entropy_side": 7.234980583190918,
          "hz": 567.8308811364784
        },
        {
          "acoustic_entropy": 7.384174346923828,
          "acoustic_entropy_side": 7.236963272094727,
          "hz": 680.1084783214808
        },
        {
          "acoustic_entropy": 7.438003063201904,
          "acoustic_entropy_side": 7.240321636199951,
          "hz": 802.3292461747484
        },
        {
          "acoustic_entropy": 7.040494441986084,
          "acoustic_entropy_side": 7.237616539001465,
          "hz": 935.3737400823702
        },
        {
          "acoustic_entropy": 7.491000652313232,
          "acoustic_entropy_side": 7.227729797363281,
          "hz": 1080.2004963696966
        },
        {
          "acoustic_entropy": 7.6652727127075195,
          "acoustic_entropy_side": 7.236395835876465,
          "hz": 1237.8529382007157
        },
        {
          "acoustic_entropy": 7.976649761199951,
          "acoustic_entropy_side": 7.243971824645996,
          "hz": 1409.4668930556702
        },
        {
          "acoustic_entropy": 7.8000617027282715,
          "acoustic_entropy_side": 7.2418212890625,
          "hz": 1596.2787759475705
        },
        {
          "acoustic_entropy": 7.913063049316406,
          "acoustic_entropy_side": 7.22369384765625,
          "hz": 1799.6344973346393
        },
        {
          "acoustic_entropy": 7.281949520111084,
          "acoustic_entropy_side": 7.25541353225708,
          "hz": 2020.9991599069049
        },
        {
          "acoustic_entropy": 7.9361395835876465,
          "acoustic_entropy_side": 7.23604679107666,
          "hz": 2261.9676141086993
        },
        {
          "acoustic_entropy": 7.692145824432373,
          "acoustic_entropy_side": 7.23759651184082,
          "hz": 2524.2759484456974
        },
        {
          "acoustic_entropy": 7.237790584564209,
          "acoustic_entropy_side": 7.235434055328369,
          "hz": 2809.813997359896
        },
        {
          "acoustic_entropy": 7.493926048278809,
          "acoustic_entropy_side": 7.235964775085449,
          "hz": 3120.6389567871424
        },
        {
          "acoustic_entropy": 7.482637882232666,
          "acoustic_entropy_side": 7.23868465423584,
          "hz": 3458.990205492291
        },
        {
          "acoustic_entropy": 6.976624488830566,
          "acoustic_entropy_side": 7.236868381500244,
          "hz": 3827.305438964164
        },
        {
          "acoustic_entropy": 7.254634380340576,
          "acoustic_entropy_side": 7.236807346343994,
          "hz": 4228.238232109126
        },
        {
          "acoustic_entropy": 7.424788951873779,
          "acoustic_entropy_side": 7.236872673034668,
          "hz": 4664.6771572759235
        },
        {
          "acoustic_entropy": 7.210893630981445,
          "acoustic_entropy_side": 7.236940383911133,
          "hz": 5139.766595350093
        },
        {
          "acoustic_entropy": 7.225050926208496,
          "acoustic_entropy_side": 7.236943244934082,
          "hz": 5656.929389854203
        },
        {
          "acoustic_entropy": 7.194716930389404,
          "acoustic_entropy_side": 7.236944675445557,
          "hz": 6219.891507268283
        },
        {
          "acoustic_entropy": 7.2142133712768555,
          "acoustic_entropy_side": 7.236944675445557,
          "hz": 6832.70888123896
        },
        {
          "acoustic_entropy": 7.231982231140137,
          "acoustic_entropy_side": 7.236944198608398,
          "hz": 7499.796634079867
        },
        {
          "acoustic_entropy": 7.232367515563965,
          "acoustic_entropy_side": 7.236944198608398,
          "hz": 8225.96088609342
        },
        {
          "acoustic_entropy": 7.224362373352051,
          "acoustic_entropy_side": 7.236944198608398,
          "hz": 9016.43338188839
        },
        {
          "acoustic_entropy": 7.228148460388184,
          "acoustic_entropy_side": 7.236944198608398,
          "hz": 9876.909183162974
        },
        {
          "acoustic_entropy": 7.234720230102539,
          "acoustic_entropy_side": 7.236944198608398,
          "hz": 10813.587699516042
        },
        {
          "acoustic_entropy": 7.236209869384766,
          "acoustic_entropy_side": 7.236944198608398,
          "hz": 11833.21735289826
        },
        {
          "acoustic_entropy": 7.236812114715576,
          "acoustic_entropy_side": 7.236944198608398,
          "hz": 12943.144197493959
        },
        {
          "acoustic_entropy": 7.236878395080566,
          "acoustic_entropy_side": 7.236944198608398,
          "hz": 14151.364845322005
        },
        {
          "acoustic_entropy": 7.2368998527526855,
          "acoustic_entropy_side": 7.236944198608398,
          "hz": 15466.58407886509
        },
        {
          "acoustic_entropy": 7.236940383911133,
          "acoustic_entropy_side": 7.236944198608398,
          "hz": 16898.27756580493
        },
        {
          "acoustic_entropy": 7.23694372177124,
          "acoustic_entropy_side": 7.236944198608398,
          "hz": 18456.760127700032
        },
        {
          "acoustic_entropy": 7.236944198608398,
          "acoustic_entropy_side": 7.236944198608398,
          "hz": 20153.260054456492
        },
        {
          "acoustic_entropy": 7.236944198608398,
          "acoustic_entropy_side": 7.236944198608398,
          "hz": 22000.00000000001
        }
      ],
      "diff_acoustic_entropy": 2.7659168243408203,
      "sn": 6
    },
    {
      "acoustic_entropy": 11.043318748474121,
      "acoustic_entropy_mono": 10.781034469604492,
      "band_eliminated_acoustic_entropies": [
        {
          "acoustic_entropy": 11.11084270477295,
          "acoustic_entropy_side": 11.043329238891602,
          "hz": 129.47220167065723
        },
        {
          "acoustic_entropy": 10.796689987182617,
          "acoustic_entropy_side": 11.043562889099121,
          "hz": 202.92927478742237
        },
        {
          "acoustic_entropy": 11.12525749206543,
          "acoustic_entropy_side": 11.048126220703125,
          "hz": 282.89161906338205
        },
        {
          "acoustic_entropy": 10.62523365020752,
          "acoustic_entropy_side": 11.042096138000488,
          "hz": 369.9353335868758
        },
        {
          "acoustic_entropy": 11.726202011108398,
          "acoustic_entropy_side": 11.085680961608887,
          "hz": 464.6875360973435
        },
        {
          "acoustic_entropy": 10.219120979309082,
          "acoustic_entropy_side": 11.036649703979492,
          "hz": 567.8308811364784
        },
        {
          "acoustic_entropy": 10.354808807373047,
          "acoustic_entropy_side": 11.079896926879883,
          "hz": 680.1084783214808
        },
        {
          "acoustic_entropy": 11.000972747802734,
          "acoustic_entropy_side": 11.122581481933594,
          "hz": 802.3292461747484
        },
        {
          "acoustic_entropy": 10.35006046295166,
          "acoustic_entropy_side": 11.15540599822998,
          "hz": 935.3737400823702
        },
        {
          "acoustic_entropy": 11.519246101379395,
          "acoustic_entropy_side": 11.215568542480469,
          "hz": 1080.2004963696966
        },
        {
          "acoustic_entropy": 10.388622283935547,
          "acoustic_entropy_side": 11.061548233032227,
          "hz": 1237.8529382007157
        },
        {
          "acoustic_entropy": 11.24350643157959,
          "acoustic_entropy_side": 11.06991195678711,
          "hz": 1409.4668930556702
        },
        {
          "acoustic_entropy": 11.54631233215332,
          "acoustic_entropy_side": 10.998894691467285,
          "hz": 1596.2787759475705
        },
        {
          "acoustic_entropy": 11.757637023925781,
          "acoustic_entropy_side": 11.086663246154785,
          "hz": 1799.6344973346393
        },
        {
          "acoustic_entropy": 11.085970878601074,
          "acoustic_entropy_side": 11.204964637756348,
          "hz": 2020.9991599069049
        },
        {
          "acoustic_entropy": 10.769763946533203,
          "acoustic_entropy_side": 10.995346069335938,
          "hz": 2261.9676141086993
        },
        {
          "acoustic_entropy": 10.594170570373535,
          "acoustic_entropy_side": 10.850006103515625,
          "hz": 2524.2759484456974
        },
        {
          "acoustic_entropy": 11.12741756439209,
          "acoustic_entropy_side": 11.050816535949707,
          "hz": 2809.813997359896
        },
        {
          "acoustic_entropy": 10.978646278381348,
          "acoustic_entropy_side": 11.042109489440918,
          "hz": 3120.6389567871424
        },
        {
          "acoustic_entropy": 11.007688522338867,
          "acoustic_entropy_side": 11.038869857788086,
          "hz": 3458.990205492291
        },
        {
          "acoustic_entropy": 10.769083023071289,
          "acoustic_entropy_side": 11.040533065795898,
          "hz": 3827.305438964164
        },
        {
          "acoustic_entropy": 10.676067352294922,
          "acoustic_entropy_side": 11.043316841125488,
          "hz": 4228.238232109126
        },
        {
          "acoustic_entropy": 10.921662330627441,
          "acoustic_entropy_side": 11.043334007263184,
          "hz": 4664.6771572759235
        },
        {
          "acoustic_entropy": 10.866029739379883,
          "acoustic_entropy_side": 11.043299674987793,
          "hz": 5139.766595350093
        },
        {
          "acoustic_entropy": 11.05622386932373,
          "acoustic_entropy_side": 11.043307304382324,
          "hz": 5656.929389854203
        },
        {
          "acoustic_entropy": 10.825039863586426,
          "acoustic_entropy_side": 11.043313980102539,
          "hz": 6219.891507268283
        },
        {
          "acoustic_entropy": 10.977322578430176,
          "acoustic_entropy_side": 11.043334007263184,
          "hz": 6832.70888123896
        },
        {
          "acoustic_entropy": 11.08162784576416,
          "acoustic_entropy_side": 11.043334007263184,
          "hz": 7499.796634079867
        },
        {
          "acoustic_entropy": 11.044868469238281,
          "acoustic_entropy_side": 11.043319702148438,
          "hz": 8225.96088609342
        },
        {
          "acoustic_entropy": 11.046082496643066,
          "acoustic_entropy_side": 11.043319702148438,
          "hz": 9016.43338188839
        },
        {
          "acoustic_entropy": 11.060500144958496,
          "acoustic_entropy_side": 11.043318748474121,
          "hz": 9876.909183162974
        },
        {
          "acoustic_entropy": 11.030598640441895,
          "acoustic_entropy_side": 11.043318748474121,
          "hz": 10813.587699516042
        },
        {
          "acoustic_entropy": 11.03540325164795,
          "acoustic_entropy_side": 11.043318748474121,
          "hz": 11833.21735289826
        },
        {
          "acoustic_entropy": 11.04283332824707,
          "acoustic_entropy_side": 11.043318748474121,
          "hz": 12943.144197493959
        },
        {
          "acoustic_entropy": 11.042943000793457,
          "acoustic_entropy_side": 11.043318748474121,
          "hz": 14151.364845322005
        },
        {
          "acoustic_entropy": 11.042191505432129,
          "acoustic_entropy_side": 11.043318748474121,
          "hz": 15466.58407886509
        },
        {
          "acoustic_entropy": 11.043298721313477,
          "acoustic_entropy_side": 11.043318748474121,
          "hz": 16898.27756580493
        },
        {
          "acoustic_entropy": 11.043316841125488,
          "acoustic_entropy_side": 11.043318748474121,
          "hz": 18456.760127700032
        },
        {
          "acoustic_entropy": 11.043318748474121,
          "acoustic_entropy_side": 11.043318748474121,
          "hz": 20153.260054456492
        },
        {
          "acoustic_entropy": 11.043318748474121,
          "acoustic_entropy_side": 11.043318748474121,
          "hz": 22000.00000000001
        }
      ],
      "diff_acoustic_entropy": 5.079713821411133,
      "sn": 12
    },
    {
      "acoustic_entropy": 16.59902000427246,
      "acoustic_entropy_mono": 15.834446907043457,
      "band_eliminated_acoustic_entropies": [
        {
          "acoustic_entropy": 16.266563415527344,
          "acoustic_entropy_side": 16.60028076171875,
          "hz": 129.47220167065723
        },
        {
          "acoustic_entropy": 16.27157211303711,
          "acoustic_entropy_side": 16.604433059692383,
          "hz": 202.92927478742237
        },
        {
          "acoustic_entropy": 16.675893783569336,
          "acoustic_entropy_side": 15.912101745605469,
          "hz": 282.89161906338205
        },
        {
          "acoustic_entropy": 16.158071517944336,
          "acoustic_entropy_side": 16.10548973083496,
          "hz": 369.9353335868758
        },
        {
          "acoustic_entropy": 15.915139198303223,
          "acoustic_entropy_side": 16.592506408691406,
          "hz": 464.6875360973435
        },
        {
          "acoustic_entropy": 15.868997573852539,
          "acoustic_entropy_side": 16.156827926635742,
          "hz": 567.8308811364784
        },
        {
          "acoustic_entropy": 15.38924503326416,
          "acoustic_entropy_side": 16.347625732421875,
          "hz": 680.1084783214808
        },
        {
          "acoustic_entropy": 15.485774040222168,
          "acoustic_entropy_side": 16.039045333862305,
          "hz": 802.3292461747484
        },
        {
          "acoustic_entropy": 15.305425643920898,
          "acoustic_entropy_side": 16.60885238647461,
          "hz": 935.3737400823702
        },
        {
          "acoustic_entropy": 15.091368675231934,
          "acoustic_entropy_side": 16.095348358154297,
          "hz": 1080.2004963696966
        },
        {
          "acoustic_entropy": 14.937945365905762,
          "acoustic_entropy_side": 15.88754653930664,
          "hz": 1237.8529382007157
        },
        {
          "acoustic_entropy": 15.979802131652832,
          "acoustic_entropy_side": 16.41292953491211,
          "hz": 1409.4668930556702
        },
        {
          "acoustic_entropy": 16.70330810546875,
          "acoustic_entropy_side": 16.02071189880371,
          "hz": 1596.2787759475705
        },
        {
          "acoustic_entropy": 15.589774131774902,
          "acoustic_entropy_side": 15.80102825164795,
          "hz": 1799.6344973346393
        },
        {
          "acoustic_entropy": 16.48833656311035,
          "acoustic_entropy_side": 16.316804885864258,
          "hz": 2020.9991599069049
        },
        {
          "acoustic_entropy": 16.068851470947266,
          "acoustic_entropy_side": 16.807598114013672,
          "hz": 2261.9676141086993
        },
        {
          "acoustic_entropy": 15.333102226257324,
          "acoustic_entropy_side": 15.446222305297852,
          "hz": 2524.2759484456974
        },
        {
          "acoustic_entropy": 16.26607322692871,
