{
  "acoustic_entropy": 212.4156494140625,
  "bands": [
    {
      "high_freq": 148.1999969482422,
      "loudness": -34.2647590637207,
      "loudness_range": 16.131776809692383,
      "mid_mean": -34.16204071044922,
      "mid_to_side_loudness": 0.30565112829208374,
      "mid_to_side_loudness_range": 12.29008674621582,
      "side_mean": -33.851341247558594
    },
    {
      "high_freq": 392.3793640136719,
      "loudness": -33.038063049316406,
      "loudness_range": 16.811532974243164,
      "low_freq": 148.1999969482422,
      "mid_mean": -32.32560348510742,
      "mid_to_side_loudness": -0.2483426332473755,
      "mid_to_side_loudness_range": 4.710661888122559,
      "side_mean": -32.557743072509766
    },
    {
      "high_freq": 794.6976318359375,
      "loudness": -31.287302017211914,
      "loudness_range": 20.11512565612793,
      "low_freq": 392.3793640136719,
      "mid_mean": -29.153459548950195,
      "mid_to_side_loudness": -8.052834510803223,
      "mid_to_side_loudness_range": 23.905805587768555,
      "side_mean": -37.562255859375
    },
    {
      "high_freq": 1457.5709228515625,
      "loudness": -34.37602996826172,
      "loudness_range": 18.44477081298828,
      "low_freq": 794.6976318359375,
      "mid_mean": -32.62105941772461,
      "mid_to_side_loudness": -4.463199615478516,
      "mid_to_side_loudness_range": 15.77878475189209,
      "side_mean": -37.41251754760742
    },
    {
      "high_freq": 2549.74365234375,
      "loudness": -40.570281982421875,
      "loudness_range": 18.225412368774414,
      "low_freq": 1457.5709228515625,
      "mid_mean": -39.317604064941406,
      "mid_to_side_loudness": -1.8066538572311401,
      "mid_to_side_loudness_range": 7.3491997718811035,
      "side_mean": -41.20009994506836
    },
    {
      "high_freq": 4349.24462890625,
      "loudness": -43.96430206298828,
      "loudness_range": 16.162799835205078,
      "low_freq": 2549.74365234375,
      "mid_mean": -43.0377197265625,
      "mid_to_side_loudness": -0.5612775087356567,
      "mid_to_side_loudness_range": 2.0540425777435303,
      "side_mean": -43.580810546875
    },
    {
      "high_freq": 7314.1640625,
      "loudness": -44.551971435546875,
      "loudness_range": 17.746631622314453,
      "low_freq": 4349.24462890625,
      "mid_mean": -43.834896087646484,
      "mid_to_side_loudness": -0.0877380222082138,
      "mid_to_side_loudness_range": 0.8217929601669312,
      "side_mean": -43.86298751831055
    },
    {
      "high_freq": 12199.2666015625,
      "loudness": -45.760169982910156,
      "loudness_range": 20.385910034179688,
      "low_freq": 7314.1640625,
      "mid_mean": -45.03219985961914,
      "mid_to_side_loudness": -0.06481575220823288,
      "mid_to_side_loudness_range": 0.7985471487045288,
      "side_mean": -45.06938552856445
    },
    {
      "loudness": -51.26331329345703,
      "loudness_range": 15.938152313232422,
      "low_freq": 12199.2666015625,
      "mid_mean": -50.60879135131836,
      "mid_to_side_loudness": -0.0945025086402893,
      "mid_to_side_loudness_range": 0.6668820381164551,
      "side_mean": -50.681785583496094
    }
  ],
  "bands_short": [
    {
      "high_freq": 148.1999969482422,
      "loudness": -37.445648193359375,
      "loudness_range": 23.011869430541992,
      "mid_mean": -37.65775680541992,
      "mid_to_side_loudness": 0.19516383111476898,
      "mid_to_side_loudness_range": 16.87029266357422,
      "side_mean": -37.38390350341797
    },
    {
      "high_freq": 392.3793640136719,
      "loudness": -33.65510559082031,
      "loudness_range": 21.222368240356445,
      "low_freq": 148.1999969482422,
      "mid_mean": -33.03829574584961,
      "mid_to_side_loudness": -0.3048989772796631,
      "mid_to_side_loudness_range": 7.4180827140808105,
      "side_mean": -33.277366638183594
    },
    {
      "high_freq": 794.6976318359375,
      "loudness": -32.51115798950195,
      "loudness_range": 21.801759719848633,
      "low_freq": 392.3793640136719,
      "mid_mean": -30.623388290405273,
      "mid_to_side_loudness": -7.164806365966797,
      "mid_to_side_loudness_range": 25.039453506469727,
      "side_mean": -38.43928909301758
    },
    {
      "high_freq": 1457.5709228515625,
      "loudness": -35.734580993652344,
      "loudness_range": 22.585359573364258,
      "low_freq": 794.6976318359375,
      "mid_mean": -34.06443405151367,
      "mid_to_side_loudness": -4.546508312225342,
      "mid_to_side_loudness_range": 18.703500747680664,
      "side_mean": -39.41202163696289
    },
    {
      "high_freq": 2549.74365234375,
      "loudness": -42.7900505065918,
      "loudness_range": 23.054271697998047,
      "low_freq": 1457.5709228515625,
      "mid_mean": -41.430538177490234,
      "mid_to_side_loudness": -2.538990020751953,
      "mid_to_side_loudness_range": 11.597201347351074,
      "side_mean": -44.06083679199219
    },
    {
      "high_freq": 4349.24462890625,
      "loudness": -46.01469421386719,
      "loudness_range": 21.601638793945312,
      "low_freq": 2549.74365234375,
      "mid_mean": -44.98689651489258,
      "mid_to_side_loudness": -0.9569038152694702,
      "mid_to_side_loudness_range": 4.23118257522583,
      "side_mean": -45.91593933105469
    },
    {
      "high_freq": 7314.1640625,
      "loudness": -48.045433044433594,
      "loudness_range": 24.299175262451172,
      "low_freq": 4349.24462890625,
      "mid_mean": -47.297584533691406,
      "mid_to_side_loudness": -0.12847726047039032,
      "mid_to_side_loudness_range": 1.8173028230667114,
      "side_mean": -47.37967300415039
    },
    {
      "high_freq": 12199.2666015625,
      "loudness": -49.519840240478516,
      "loudness_range": 24.341922760009766,
      "low_freq": 7314.1640625,
      "mid_mean": -48.72443771362305,
      "mid_to_side_loudness": -0.14051738381385803,
      "mid_to_side_loudness_range": 1.4636188745498657,
      "side_mean": -48.8250846862793
    },
    {
      "loudness": -54.403175354003906,
      "loudness_range": 18.765369415283203,
      "low_freq": 12199.2666015625,
      "mid_mean": -53.54489517211914,
      "mid_to_side_loudness": -0.22768133878707886,
      "mid_to_side_loudness_range": 1.4992663860321045,
      "side_mean": -53.74620056152344
    }
  ],
  "bandwidth": 582.9083862304688,
  "channels": 2,
  "covariance": [
    [
      32.72523498535156,
      25.75682258605957,
      9.88326644897461,
      10.649744987487793,
      0.6055914163589478,
      10.78133773803711,
      1.6566907167434692,
      3.81815767288208,
      4.012444972991943,
      5.1106743812561035,
      3.647371768951416,
      3.9203133583068848,
      5.889979839324951,
      5.724966526031494,
      6.835697174072266,
      6.8379292488098145,
      5.03464937210083,
      5.132690906524658
    ],
    [
      25.75682258605957,
      35.3775520324707,
      11.784929275512695,
      12.814658164978027,
      -0.21121469140052795,
      13.818709373474121,
      2.3887939453125,
      6.699028015136719,
      2.5714919567108154,
      4.3203277587890625,
      5.003450393676758,
      5.42739725112915,
      4.010227203369141,
      3.8707284927368164,
      4.687330722808838,
      4.779665946960449,
      2.785022020339966,
      2.8536927700042725
    ],
    [
      9.88326644897461,
      11.784929275512695,
      29.78394317626953,
      30.166259765625,
      6.793282985687256,
      33.299400329589844,
      2.750121831893921,
      13.488490104675293,
      0.3015899062156677,
      3.970018148422241,
      1.3641589879989624,
      2.467005968093872,
      -7.653162479400635,
      -7.784275054931641,
      -9.61097240447998,
      -9.672173500061035,
      -8.390698432922363,
      -8.209712982177734
    ],
    [
      10.649744987487793,
      12.814658164978027,
      30.166259765625,
      34.057735443115234,
      6.18178653717041,
      36.32074737548828,
      2.3741543292999268,
      15.509944915771484,
      -0.5243778824806213,
      4.248044013977051,
      0.9844549298286438,
      2.338158369064331,
      -9.145821571350098,
      -9.24586009979248,
      -11.38626766204834,
      -11.456154823303223,
      -10.059511184692383,
      -9.842097282409668
    ],
    [
      0.6055914163589478,
      -0.21121469140052795,
      6.793282985687256,
      6.18178653717041,
      54.51483917236328,
      20.561532974243164,
      12.1455717086792,
      10.765106201171875,
      16.06401824951172,
      10.707784652709961,
      9.363444328308105,
      7.015153884887695,
      5.217475891113281,
      4.924532413482666,
      4.619717597961426,
      4.729220390319824,
      2.837153911590576,
      2.9563608169555664
    ],
    [
      10.78133773803711,
      13.818709373474121,
      33.299400329589844,
      36.32074737548828,
      20.561532974243164,
      69.16551208496094,
      4.1500139236450195,
      28.727476119995117,
      8.831536293029785,
      17.146947860717773,
      4.17985200881958,
      6.204633712768555,
      -9.830917358398438,
      -9.941523551940918,
      -13.405050277709961,
      -13.478407859802246,
      -12.764323234558105,
      -12.507752418518066
    ],
    [
      1.6566907167434692,
      2.3887939453125,
      2.750121831893921,
      2.3741543292999268,
      12.1455717086792,
      4.1500139236450195,
      47.50106430053711,
      29.446290969848633,
      26.92859649658203,
      25.013317108154297,
      20.273193359375,
      18.76996612548828,
      19.15675926208496,
      18.90665626525879,
      18.841049194335938,
      18.859600067138672,
      11.759591102600098,
      11.704235076904297
    ],
    [
      3.81815767288208,
      6.699028015136719,
      13.488490104675293,
      15.509944915771484,
      10.765106201171875,
      28.727476119995117,
      29.446290969848633,
      56.426361083984375,
      29.155366897583008,
      40.996063232421875,
      24.303020477294922,
      26.933900833129883,
      15.864521980285645,
      15.826339721679688,
      11.76755428314209,
      11.718067169189453,
      3.521334171295166,
      3.610921621322632
    ],
    [
      4.012444972991943,
      2.5714919567108154,
      0.3015899062156677,
      -0.5243778824806213,
      16.06401824951172,
      8.831536293029785,
      26.92859649658203,
      29.155366897583008,
      41.8653678894043,
      40.36246109008789,
      24.612794876098633,
      24.1865177154541,
      28.055294036865234,
      27.81136703491211,
      26.842288970947266,
      26.799087524414062,
      16.946245193481445,
      16.91537857055664
    ],
    [
      5.1106743812561035,
      4.3203277587890625,
      3.970018148422241,
      4.248044013977051,
      10.707784652709961,
      17.146947860717773,
      25.013317108154297,
      40.996063232421875,
      40.36246109008789,
      50.52000045776367,
      27.474035263061523,
      29.18984603881836,
      28.38606071472168,
      28.226655960083008,
      25.702695846557617,
      25.645078659057617,
      14.886539459228516,
      14.858846664428711
    ],
    [
      3.647371768951416,
      5.003450393676758,
      1.3641589879989624,
      0.9844549298286438,
      9.363444328308105,
      4.17985200881958,
      20.273193359375,
      24.303020477294922,
      24.612794876098633,
      27.474035263061523,
      29.08816146850586,
      29.217016220092773,
      28.151351928710938,
      28.0533390045166,
      25.804401397705078,
      25.890239715576172,
      15.365629196166992,
      15.354530334472656
    ],
    [
      3.9203133583068848,
      5.42739725112915,
      2.467005968093872,
      2.338158369064331,
      7.015153884887695,
      6.204633712768555,
      18.76996612548828,
      26.933900833129883,
      24.1865177154541,
      29.18984603881836,
      29.217016220092773,
      30.652355194091797,
      28.18495750427246,
      28.134906768798828,
      25.393550872802734,
      25.453094482421875,
      14.71645736694336,
      14.726129531860352
    ],
    [
      5.889979839324951,
      4.010227203369141,
      -7.653162479400635,
      -9.145821571350098,
      5.217475891113281,
      -9.830917358398438,
      19.15675926208496,
      15.864521980285645,
      28.055294036865234,
      28.38606071472168,
      28.151351928710938,
      28.18495750427246,
      39.07060241699219,
      38.89411163330078,
      38.68915939331055,
      38.75584030151367,
      26.18701934814453,
      26.104286193847656
    ],
    [
      5.724966526031494,
      3.8707284927368164,
      -7.784275054931641,
      -9.24586009979248,
      4.924532413482666,
      -9.941523551940918,
      18.90665626525879,
      15.826339721679688,
      27.81136703491211,
      28.226655960083008,
      28.0533390045166,
      28.134906768798828,
      38.89411163330078,
      39.02498245239258,
      38.565711975097656,
      38.629268646240234,
      26.095497131347656,
      26.005430221557617
    ],
    [
      6.835697174072266,
      4.687330722808838,
      -9.61097240447998,
      -11.38626766204834,
      4.619717597961426,
      -13.405050277709961,
      18.841049194335938,
      11.76755428314209,
      26.842288970947266,
      25.702695846557617,
      25.804401397705078,
      25.393550872802734,
      38.68915939331055,
      38.565711975097656,
      42.63520050048828,
      42.510990142822266,
      30.513011932373047,
      30.467845916748047
    ],
    [
      6.8379292488098145,
      4.779665946960449,
      -9.672173500061035,
      -11.456154823303223,
      4.729220390319824,
      -13.478407859802246,
      18.859600067138672,
      11.718067169189453,
      26.799087524414062,
      25.645078659057617,
      25.890239715576172,
      25.453094482421875,
      38.75584030151367,
      38.629268646240234,
      42.510990142822266,
      42.6777229309082,
      30.455623626708984,
      30.402950286865234
    ],
    [
      5.03464937210083,
      2.785022020339966,
      -8.390698432922363,
      -10.059511184692383,
      2.837153911590576,
      -12.764323234558105,
      11.759591102600098,
      3.521334171295166,
      16.946245193481445,
      14.886539459228516,
      15.365629196166992,
      14.71645736694336,
      26.18701934814453,
      26.095497131347656,
      30.513011932373047,
      30.455623626708984,
      28.897409439086914,
      28.845666885375977
    ],
    [
      5.132690906524658,
      2.8536927700042725,
      -8.209712982177734,
      -9.842097282409668,
      2.9563608169555664,
      -12.507752418518066,
      11.704235076904297,
      3.610921621322632,
      16.91537857055664,
      14.858846664428711,
      15.354530334472656,
      14.726129531860352,
      26.104286193847656,
      26.005430221557617,
      30.467845916748047,
      30.402950286865234,
      28.845666885375977,
      28.848249435424805
    ]
  ],
  "covariance_short": [
    [
      64.78998565673828,
      50.32240295410156,
      22.553865432739258,
      23.697349548339844,
      -0.22915540635585785,
      19.288732528686523,
      2.4663350582122803,
      7.921807765960693,
      4.051523685455322,
      7.924275875091553,
      3.3805010318756104,
      4.7515034675598145,
      5.982082366943359,
      5.92855978012085,
      6.572667121887207,
      6.616689682006836,
      4.731566429138184,
      4.870254039764404
    ],
    [
      50.32240295410156,
      69.48595428466797,
      23.131610870361328,
      25.767181396484375,
      -0.4204518795013428,
      22.387460708618164,
      4.227512359619141,
      12.060506820678711,
      2.854543924331665,
      7.74580192565918,
      6.498959541320801,
      8.327993392944336,
      6.9904985427856445,
      6.963015079498291,
      7.342310428619385,
      7.506155490875244,
      4.431230068206787,
      4.676961898803711
    ],
    [
      22.553865432739258,
      23.131610870361328,
      50.943443298339844,
      49.77378463745117,
      11.193681716918945,
      44.31399154663086,
      7.068014144897461,
      23.646114349365234,
      5.630836486816406,
      13.95050048828125,
      7.468282699584961,
      10.062413215637207,
      1.7687079906463623,
      1.9617221355438232,
      -0.1940508782863617,
      0.008835519663989544,
      -1.6913243532180786,
      -1.1299207210540771
    ],
    [
      23.697349548339844,
      25.767181396484375,
      49.77378463745117,
      57.549156188964844,
      11.311787605285645,
      48.94045639038086,
      7.209871292114258,
      27.35194206237793,
      5.671166896820068,
      15.944647789001465,
      8.01887035369873,
      11.406691551208496,
      1.3992000818252563,
      1.6771416664123535,
      -1.0583008527755737,
      -0.8563293218612671,
      -2.9016406536102295,
      -2.266850709915161
    ],
    [
      -0.22915540635585785,
      -0.4204518795013428,
      11.193681716918945,
      11.311787605285645,
      67.0956039428711,
      30.20635223388672,
      19.091440200805664,
      16.285829544067383,
      23.985586166381836,
      15.964695930480957,
      14.876321792602539,
      10.233262062072754,
      6.824909210205078,
      6.813045501708984,
      5.0984721183776855,
      5.190253734588623,
      2.142958879470825,
      2.2120187282562256
    ],
    [
      19.288732528686523,
      22.387460708618164,
      44.31399154663086,
      48.94045639038086,
      30.20635223388672,
      84.62770080566406,
      15.238733291625977,
      45.845760345458984,
      21.95729637145996,
      36.016357421875,
      15.925743103027344,
      20.486711502075195,
      6.597019672393799,
      6.9393134117126465,
      1.282946228981018,
      1.598753809928894,
      -2.326043128967285,
      -1.586664080619812
    ],
    [
      2.4663350582122803,
      4.227512359619141,
      7.068014144897461,
      7.209871292114258,
      19.091440200805664,
      15.238733291625977,
      63.46897888183594,
      43.48482131958008,
      39.58481216430664,
      33.95270538330078,
      31.195817947387695,
      28.212539672851562,
      27.737367630004883,
      27.45787811279297,
      25.37201690673828,
      25.485973358154297,
      14.638519287109375,
      14.788904190063477
    ],
    [
      7.921807765960693,
      12.060506820678711,
      23.646114349365234,
      27.35194206237793,
      16.285829544067383,
      45.845760345458984,
      43.48482131958008,
      88.97062683105469,
      45.62081527709961,
      65.9745101928711,
      44.647464752197266,
      52.06770324707031,
      41.01822280883789,
      41.49689483642578,
      34.40070343017578,
      34.879581451416016,
      17.55377960205078,
      18.404701232910156
    ],
    [
      4.051523685455322,
      2.854543924331665,
      5.630836486816406,
      5.671166896820068,
      23.985586166381836,
      21.95729637145996,
      39.58481216430664,
      45.62081527709961,
      61.8043327331543,
      58.376686096191406,
      37.34145736694336,
      36.50749969482422,
      39.44583511352539,
      39.34988021850586,
      36.48981857299805,
      36.6828498840332,
      22.38258171081543,
      22.607179641723633
    ],
    [
      7.924275875091553,
      7.74580192565918,
      13.95050048828125,
      15.944647789001465,
      15.964695930480957,
      36.016357421875,
      33.95270538330078,
      65.9745101928711,
      58.376686096191406,
      78.64300537109375,
      44.06708526611328,
      50.338294982910156,
      48.24456024169922,
      48.68970489501953,
      43.20309066772461,
      43.64057540893555,
      25.51363182067871,
      26.1236515045166
    ],
    [
      3.3805010318756104,
      6.498959541320801,
      7.468282699584961,
      8.01887035369873,
      14.876321792602539,
      15.925743103027344,
      31.195817947387695,
      44.647464752197266,
      37.34145736694336,
      44.06708526611328,
      51.01463317871094,
      51.929595947265625,
      50.533103942871094,
      50.93275451660156,
      46.73984909057617,
      47.24162292480469,
      28.00994300842285,
      28.63619613647461
    ],
    [
      4.7515034675598145,
      8.327993392944336,
      10.062413215637207,
      11.406691551208496,
      10.233262062072754,
      20.486711502075195,
      28.212539672851562,
      52.06770324707031,
      36.50749969482422,
      50.338294982910156,
      51.929595947265625,
      58.803077697753906,
      54.94660186767578,
      55.67294692993164,
      50.442848205566406,
      51.064388275146484,
      29.930570602416992,
      30.754730224609375
    ],
    [
      5.982082366943359,
      6.9904985427856445,
      1.7687079906463623,
      1.3992000818252563,
      6.824909210205078,
      6.597019672393799,
      27.737367630004883,
      41.01822280883789,
      39.44583511352539,
      48.24456024169922,
      50.533103942871094,
      54.94660186767578,
      68.05963134765625,
      68.14708709716797,
      65.98516082763672,
      66.66667175292969,
      43.11627960205078,
      43.96533203125
    ],
    [
      5.92855978012085,
      6.963015079498291,
      1.9617221355438232,
      1.6771416664123535,
      6.813045501708984,
      6.9393134117126465,
      27.45787811279297,
      41.49689483642578,
      39.34988021850586,
      48.68970489501953,
      50.93275451660156,
      55.67294692993164,
      68.14708709716797,
      69.1318588256836,
      66.38201141357422,
      67.07012176513672,
      43.325531005859375,
      44.1971321105957
    ],
    [
      6.572667121887207,
      7.342310428619385,
      -0.1940508782863617,
      -1.0583008527755737,
      5.0984721183776855,
      1.282946228981018,
      25.37201690673828,
      34.40070343017578,
      36.48981857299805,
      43.20309066772461,
      46.73984909057617,
      50.442848205566406,
      65.98516082763672,
      66.38201141357422,
      70.4304428100586,
      70.76288604736328,
      48.54265213012695,
      49.42768859863281
    ],
    [
      6.616689682006836,
      7.506155490875244,
      0.008835519663989544,
      -0.8563293218612671,
      5.190253734588623,
      1.598753809928894,
      25.485973358154297,
      34.879581451416016,
      36.6828498840332,
      43.64057540893555,
      47.24162292480469,
      51.064388275146484,
      66.66667175292969,
      67.07012176513672,
      70.76288604736328,
      71.56886291503906,
      48.76805114746094,
      49.68024826049805
    ],
    [
      4.731566429138184,
      4.431230068206787,
      -1.6913243532180786,
      -2.9016406536102295,
      2.142958879470825,
      -2.326043128967285,
      14.638519287109375,
      17.55377960205078,
      22.38258171081543,
      25.51363182067871,
      28.00994300842285,
      29.930570602416992,
      43.11627960205078,
      43.325531005859375,
      48.54265213012695,
      48.76805114746094,
      40.98884963989258,
      41.47230529785156
    ],
    [
      4.870254039764404,
      4.676961898803711,
      -1.1299207210540771,
      -2.266850709915161,
      2.2120187282562256,
      -1.586664080619812,
      14.788904190063477,
      18.404701232910156,
      22.607179641723633,
      26.1236515045166,
      28.63619613647461,
      30.754730224609375,
      43.96533203125,
      44.1971321105957,
      49.42768859863281,
      49.68024826049805,
      41.47230529785156,
      42.22142028808594
    ]
  ],
  "damage": -14.645997047424316,
  "diff_bandwidth": 621.6970825195312,
  "dissonance": 5.463548001488787,
  "drr": 12.743185997009277,
  "dynamics": 3.601691484451294,
  "format": 1245190,
  "frames": 7246784,
  "loudness": -21.02067756652832,
  "loudness_range": 9.730500221252441,
  "loudness_range_short": 13.09170913696289,
  "lowpass_true_peak_15khz": -2.1939151287078857,
  "mastering3_acoustic_entropies": [
    {
      "acoustic_entropy": 9.498077392578125,
      "acoustic_entropy_mono": 7.66106653213501,
      "band_eliminated_acoustic_entropies": [
        {
          "acoustic_entropy": 9.555269241333008,
          "acoustic_entropy_side": 9.535262107849121,
          "hz": 129.47220167065723
        },
        {
          "acoustic_entropy": 9.724629402160645,
          "acoustic_entropy_side": 9.697484970092773,
          "hz": 202.92927478742237
        },
        {
          "acoustic_entropy": 9.626717567443848,
          "acoustic_entropy_side": 9.54721736907959,
          "hz": 282.89161906338205
        },
        {
          "acoustic_entropy": 9.658036231994629,
          "acoustic_entropy_side": 9.53068733215332,
          "hz": 369.9353335868758
        },
        {
          "acoustic_entropy": 9.451905250549316,
          "acoustic_entropy_side": 9.535563468933105,
          "hz": 464.6875360973435
        },
        {
          "acoustic_entropy": 9.72212028503418,
          "acoustic_entropy_side": 9.527198791503906,
          "hz": 567.8308811364784
        },
        {
          "acoustic_entropy": 10.217856407165527,
          "acoustic_entropy_side": 9.80073070526123,
          "hz": 680.1084783214808
        },
        {
          "acoustic_entropy": 9.216334342956543,
          "acoustic_entropy_side": 9.203160285949707,
          "hz": 802.3292461747484
        },
        {
          "acoustic_entropy": 8.921133041381836,
          "acoustic_entropy_side": 9.53952407836914,
          "hz": 935.3737400823702
        },
        {
          "acoustic_entropy": 9.554757118225098,
          "acoustic_entropy_side": 9.281462669372559,
          "hz": 1080.2004963696966
        },
        {
          "acoustic_entropy": 9.192110061645508,
          "acoustic_entropy_side": 9.467979431152344,
          "hz": 1237.8529382007157
        },
        {
          "acoustic_entropy": 9.55048656463623,
          "acoustic_entropy_side": 9.407889366149902,
          "hz": 1409.4668930556702
        },
        {
          "acoustic_entropy": 9.78383731842041,
          "acoustic_entropy_side": 9.461995124816895,
          "hz": 1596.2787759475705
        },
        {
          "acoustic_entropy": 9.387273788452148,
          "acoustic_entropy_side": 9.485610961914062,
          "hz": 1799.6344973346393
        },
        {
          "acoustic_entropy": 9.430695533752441,
          "acoustic_entropy_side": 9.397309303283691,
          "hz": 2020.9991599069049
        },
        {
          "acoustic_entropy": 9.414156913757324,
          "acoustic_entropy_side": 9.515421867370605,
          "hz": 2261.9676141086993
        },
        {
          "acoustic_entropy": 9.414261817932129,
          "acoustic_entropy_side": 9.463170051574707,
          "hz": 2524.2759484456974
        },
        {
          "acoustic_entropy": 9.466257095336914,
          "acoustic_entropy_side": 9.497516632080078,
          "hz": 2809.813997359896
        },
        {
          "acoustic_entropy": 9.42481517791748,
          "acoustic_entropy_side": 9.441534996032715,
          "hz": 3120.6389567871424
        },
        {
          "acoustic_entropy": 9.472382545471191,
          "acoustic_entropy_side": 9.477980613708496,
          "hz": 3458.990205492291
        },
        {
          "acoustic_entropy": 9.478636741638184,
          "acoustic_entropy_side": 9.487784385681152,
          "hz": 3827.305438964164
        },
        {
          "acoustic_entropy": 9.44638729095459,
          "acoustic_entropy_side": 9.47330093383789,
          "hz": 4228.238232109126
        },
        {
          "acoustic_entropy": 9.456767082214355,
          "acoustic_entropy_side": 9.478992462158203,
          "hz": 4664.6771572759235
        },
        {
          "acoustic_entropy": 9.40129280090332,
          "acoustic_entropy_side": 9.449052810668945,
          "hz": 5139.766595350093
        },
        {
          "acoustic_entropy": 9.39614200592041,
          "acoustic_entropy_side": 9.44765567779541,
          "hz": 5656.929389854203
        },
        {
          "acoustic_entropy": 9.441292762756348,
          "acoustic_entropy_side": 9.470268249511719,
          "hz": 6219.891507268283
        },
        {
          "acoustic_entropy": 9.457956314086914,
          "acoustic_entropy_side": 9.478293418884277,
          "hz": 6832.70888123896
        },
        {
          "acoustic_entropy": 9.460585594177246,
          "acoustic_entropy_side": 9.480347633361816,
          "hz": 7499.796634079867
        },
        {
          "acoustic_entropy": 9.464850425720215,
          "acoustic_entropy_side": 9.48246955871582,
          "hz": 8225.96088609342
        },
        {
          "acoustic_entropy": 9.468888282775879,
          "acoustic_entropy_side": 9.484374046325684,
          "hz": 9016.43338188839
        },
        {
          "acoustic_entropy": 9.464113235473633,
          "acoustic_entropy_side": 9.483500480651855,
          "hz": 9876.909183162974
        },
        {
          "acoustic_entropy": 9.462945938110352,
          "acoustic_entropy_side": 9.479998588562012,
          "hz": 10813.587699516042
        },
        {
          "acoustic_entropy": 9.457708358764648,
          "acoustic_entropy_side": 9.478111267089844,
          "hz": 11833.21735289826
        },
        {
          "acoustic_entropy": 9.450501441955566,
          "acoustic_entropy_side": 9.475558280944824,
          "hz": 12943.144197493959
        },
        {
          "acoustic_entropy": 9.481797218322754,
          "acoustic_entropy_side": 9.490523338317871,
          "hz": 14151.364845322005
        },
        {
          "acoustic_entropy": 9.493073463439941,
          "acoustic_entropy_side": 9.495614051818848,
          "hz": 15466.58407886509
        },
        {
          "acoustic_entropy": 9.497488975524902,
          "acoustic_entropy_side": 9.497811317443848,
          "hz": 16898.27756580493
        },
        {
          "acoustic_entropy": 9.497727394104004,
          "acoustic_entropy_side": 9.497811317443848,
          "hz": 18456.760127700032
        },
        {
          "acoustic_entropy": 9.498114585876465,
          "acoustic_entropy_side": 9.49803638458252,
          "hz": 20153.260054456492
        },
        {
          "acoustic_entropy": 9.498123168945312,
          "acoustic_entropy_side": 9.49808120727539,
          "hz": 22000.00000000001
        }
      ],
      "diff_acoustic_entropy": 5.846435070037842,
      "sn": 6
    },
    {
      "acoustic_entropy": 15.425992012023926,
      "acoustic_entropy_mono": 13.687150001525879,
      "band_eliminated_acoustic_entropies": [
        {
          "acoustic_entropy": 15.23986530303955,
          "acoustic_entropy_side": 15.27253532409668,
          "hz": 129.47220167065723
        },
        {
          "acoustic_entropy": 14.777807235717773,
          "acoustic_entropy_side": 14.73686408996582,
          "hz": 202.92927478742237
        },
        {
          "acoustic_entropy": 15.091934204101562,
          "acoustic_entropy_side": 15.125340461730957,
          "hz": 282.89161906338205
        },
        {
          "acoustic_entropy": 15.396378517150879,
          "acoustic_entropy_side": 15.321657180786133,
          "hz": 369.9353335868758
        },
        {
          "acoustic_entropy": 15.246211051940918,
          "acoustic_entropy_side": 15.458772659301758,
          "hz": 464.6875360973435
        },
        {
          "acoustic_entropy": 15.93506145477295,
          "acoustic_entropy_side": 14.70689868927002,
          "hz": 567.8308811364784
        },
        {
          "acoustic_entropy": 15.58885383605957,
          "acoustic_entropy_side": 15.712328910827637,
          "hz": 680.1084783214808
        },
        {
          "acoustic_entropy": 15.304499626159668,
          "acoustic_entropy_side": 15.818881034851074,
          "hz": 802.3292461747484
        },
        {
          "acoustic_entropy": 15.427000999450684,
          "acoustic_entropy_side": 15.191277503967285,
          "hz": 935.3737400823702
        },
        {
          "acoustic_entropy": 14.603840827941895,
          "acoustic_entropy_side": 14.750105857849121,
          "hz": 1080.2004963696966
        },
        {
          "acoustic_entropy": 15.161457061767578,
          "acoustic_entropy_side": 15.502056121826172,
          "hz": 1237.8529382007157
        },
        {
          "acoustic_entropy": 14.866063117980957,
          "acoustic_entropy_side": 15.286140441894531,
          "hz": 1409.4668930556702
        },
        {
          "acoustic_entropy": 15.137015342712402,
          "acoustic_entropy_side": 15.095284461975098,
          "hz": 1596.2787759475705
        },
        {
          "acoustic_entropy": 14.60189151763916,
          "acoustic_entropy_side": 15.093145370483398,
          "hz": 1799.6344973346393
        },
        {
          "acoustic_entropy": 15.654679298400879,
          "acoustic_entropy_side": 15.850288391113281,
          "hz": 2020.9991599069049
        },
        {
          "acoustic_entropy": 15.23645305633545,
          "acoustic_entropy_side": 15.228229522705078,
          "hz": 2261.9676141086993
        },
        {
          "acoustic_entropy": 15.631203651428223,
          "acoustic_entropy_side": 15.738321304321289,
          "hz": 2524.2759484456974
        },
        {
          "acoustic_entropy": 14.763720512390137,
          "acoustic_entropy_side": 15.09807014465332,
          "hz": 2809.813997359896
        },
        {
          "acoustic_entropy": 15.279248237609863,
          "acoustic_entropy_side": 15.382791519165039,
          "hz": 3120.6389567871424
        },
        {
          "acoustic_entropy": 15.403249740600586,
          "acoustic_entropy_side": 15.470466613769531,
          "hz": 3458.990205492291
        },
        {
          "acoustic_entropy": 15.42614459991455,
          "acoustic_entropy_side": 15.437169075012207,
          "hz": 3827.305438964164
        },
        {
          "acoustic_entropy": 15.2378511428833,
          "acoustic_entropy_side": 15.296979904174805,
          "hz": 4228.238232109126
        },
        {
          "acoustic_entropy": 15.344376564025879,
          "acoustic_entropy_side": 15.390149116516113,
          "hz": 4664.6771572759235
        },
        {
          "acoustic_entropy": 15.372018814086914,
          "acoustic_entropy_side": 15.416600227355957,
          "hz": 5139.766595350093
        },
        {
          "acoustic_entropy": 15.217703819274902,
          "acoustic_entropy_side": 15.348132133483887,
          "hz": 5656.929389854203
        },
        {
          "acoustic_entropy": 15.406820297241211,
          "acoustic_entropy_side": 15.40827465057373,
          "hz": 6219.891507268283
        },
        {
          "acoustic_entropy": 15.36777114868164,
          "acoustic_entropy_side": 15.399201393127441,
          "hz": 6832.70888123896
        },
        {
          "acoustic_entropy": 15.371150016784668,
          "acoustic_entropy_side": 15.397872924804688,
          "hz": 7499.796634079867
        },
        {
          "acoustic_entropy": 15.360807418823242,
          "acoustic_entropy_side": 15.398421287536621,
          "hz": 8225.96088609342
        },
        {
          "acoustic_entropy": 15.363122940063477,
          "acoustic_entropy_side": 15.375994682312012,
          "hz": 9016.43338188839
        },
        {
          "acoustic_entropy": 15.364300727844238,
          "acoustic_entropy_side": 15.386407852172852,
          "hz": 9876.909183162974
        },
        {
          "acoustic_entropy": 15.392683982849121,
          "acoustic_entropy_side": 15.400490760803223,
          "hz": 10813.587699516042
        },
        {
          "acoustic_entropy": 15.30823802947998,
          "acoustic_entropy_side": 15.356771469116211,
          "hz": 11833.21735289826
        },
        {
          "acoustic_entropy": 15.561185836791992,
          "acoustic_entropy_side": 15.484981536865234,
          "hz": 12943.144197493959
        },
        {
          "acoustic_entropy": 15.351622581481934,
          "acoustic_entropy_side": 15.37426471710205,
          "hz": 14151.364845322005
        },
        {
          "acoustic_entropy": 15.321168899536133,
          "acoustic_entropy_side": 15.3737211227417,
          "hz": 15466.58407886509
        },
        {
          "acoustic_entropy": 15.39846420288086,
          "acoustic_entropy_side": 15.412678718566895,
          "hz": 16898.27756580493
        },
        {
          "acoustic_entropy": 15.394028663635254,
          "acoustic_entropy_side": 15.410332679748535,
          "hz": 18456.760127700032
        },
        {
          "acoustic_entropy": 15.400046348571777,
          "acoustic_entropy_side": 15.413734436035156,
          "hz": 20153.260054456492
        },
        {
          "acoustic_entropy": 15.409997940063477,
          "acoustic_entropy_side": 15.4187593460083,
          "hz": 22000.00000000001
        }
      ],
      "diff_acoustic_entropy": 10.713583946228027,
      "sn": 12
    },
    {
      "acoustic_entropy": 23.565868377685547,
      "acoustic_entropy_mono": 20.56442642211914,
      "band_eliminated_acoustic_entropies": [
        {
          "acoustic_entropy": 23.46699333190918,
          "acoustic_entropy_side": 23.572906494140625,
          "hz": 129.47220167065723
        },
        {
          "acoustic_entropy": 23.8157901763916,
          "acoustic_entropy_side": 23.175479888916016,
          "hz": 202.92927478742237
        },
        {
          "acoustic_entropy": 23.53714942932129,
          "acoustic_entropy_side": 22.501422882080078,
          "hz": 282.89161906338205
        },
        {
          "acoustic_entropy": 24.014238357543945,
          "acoustic_entropy_side": 23.242027282714844,
          "hz": 369.9353335868758
        },
        {
          "acoustic_entropy": 23.663297653198242,
          "acoustic_entropy_side": 23.98257827758789,
          "hz": 464.6875360973435
        },
        {
          "acoustic_entropy": 23.458702087402344,
          "acoustic_entropy_side": 22.70425796508789,
          "hz": 567.8308811364784
        },
        {
          "acoustic_entropy": 24.58491325378418,
          "acoustic_entropy_side": 23.835800170898438,
          "hz": 680.1084783214808
        },
        {
          "acoustic_entropy": 23.567888259887695,
          "acoustic_entropy_side": 23.993993759155273,
          "hz": 802.3292461747484
        },
        {
          "acoustic_entropy": 24.441740036010742,
          "acoustic_entropy_side": 23.48801040649414,
          "hz": 935.3737400823702
        },
        {
          "acoustic_entropy": 23.316774368286133,
          "acoustic_entropy_side": 23.02587127685547,
          "hz": 1080.2004963696966
        },
        {
          "acoustic_entropy": 22.926301956176758,
          "acoustic_entropy_side": 22.815052032470703,
          "hz": 1237.8529382007157
        },
        {
          "acoustic_entropy": 23.345361709594727,
          "acoustic_entropy_side": 23.446109771728516,
          "hz": 1409.4668930556702
        },
        {
          "acoustic_entropy": 23.338665008544922,
          "acoustic_entropy_side": 23.42495346069336,
          "hz": 1596.2787759475705
        },
        {
          "acoustic_entropy": 22.975685119628906,
          "acoustic_entropy_side": 23.34495735168457,
          "hz": 1799.6344973346393
        },
        {
          "acoustic_entropy": 23.4958553314209,
          "acoustic_entropy_side": 23.47140884399414,
          "hz": 2020.9991599069049
        },
        {
          "acoustic_entropy": 23.17198944091797,
          "acoustic_entropy_side": 23.67271614074707,
          "hz": 2261.9676141086993
        },
        {
          "acoustic_entropy": 23.685434341430664,
          "acoustic_entropy_side": 24.434547424316406,
          "hz": 2524.2759484456974
        },
        {
          "acoustic_entropy": 23.18851661682129,
          "acoustic_entropy_side": 23.372554779052734,
          "hz": 2809.813997359896
        },
        {
          "acoustic_entropy": 23.81636619567871,
