{
  "acoustic_entropy": 120.83260345458984,
  "bands": [
    {
      "high_freq": 148.1999969482422,
      "loudness": -50.8614387512207,
      "loudness_range": 23.255496978759766,
      "mid_mean": -47.95196533203125,
      "mid_to_side_loudness": -6.713125228881836,
      "mid_to_side_loudness_range": 3.868241310119629,
      "side_mean": -54.325740814208984
    },
    {
      "high_freq": 392.3793640136719,
      "loudness": -38.46413803100586,
      "loudness_range": 23.483186721801758,
      "low_freq": 148.1999969482422,
      "mid_mean": -35.559844970703125,
      "mid_to_side_loudness": -7.930193901062012,
      "mid_to_side_loudness_range": 8.553079605102539,
      "side_mean": -43.36077880859375
    },
    {
      "high_freq": 794.6976318359375,
      "loudness": -32.37871551513672,
      "loudness_range": 24.728370666503906,
      "low_freq": 392.3793640136719,
      "mid_mean": -29.248409271240234,
      "mid_to_side_loudness": -9.672867774963379,
      "mid_to_side_loudness_range": 9.752161979675293,
      "side_mean": -38.755287170410156
    },
    {
      "high_freq": 1457.5709228515625,
      "loudness": -36.57838821411133,
      "loudness_range": 26.603792190551758,
      "low_freq": 794.6976318359375,
      "mid_mean": -33.25663375854492,
      "mid_to_side_loudness": -12.160284996032715,
      "mid_to_side_loudness_range": 11.048998832702637,
      "side_mean": -45.393516540527344
    },
    {
      "high_freq": 2549.74365234375,
      "loudness": -44.14484786987305,
      "loudness_range": 30.544677734375,
      "low_freq": 1457.5709228515625,
      "mid_mean": -40.95945358276367,
      "mid_to_side_loudness": -10.799050331115723,
      "mid_to_side_loudness_range": 9.516788482666016,
      "side_mean": -51.91389083862305
    },
    {
      "high_freq": 4349.24462890625,
      "loudness": -52.54635238647461,
      "loudness_range": 30.66619110107422,
      "low_freq": 2549.74365234375,
      "mid_mean": -50.9639892578125,
      "mid_to_side_loudness": -10.450418472290039,
      "mid_to_side_loudness_range": 8.32403564453125,
      "side_mean": -59.647640228271484
    },
    {
      "high_freq": 7314.1640625,
      "loudness": -63.22624206542969,
      "loudness_range": 32.850006103515625,
      "low_freq": 4349.24462890625,
      "mid_mean": -61.211822509765625,
      "mid_to_side_loudness": -10.595635414123535,
      "mid_to_side_loudness_range": 9.616939544677734,
      "side_mean": -66.90306091308594
    },
    {
      "high_freq": 12199.2666015625,
      "loudness": -68.05278015136719,
      "loudness_range": 33.790279388427734,
      "low_freq": 7314.1640625,
      "mid_mean": -65.3297119140625,
      "mid_to_side_loudness": -7.875467300415039,
      "mid_to_side_loudness_range": 8.400787353515625,
      "side_mean": -68.42695617675781
    },
    {
      "loudness": -68.73329162597656,
      "loudness_range": 27.635215759277344,
      "low_freq": 12199.2666015625,
      "mid_mean": -67.30966186523438,
      "mid_to_side_loudness": -5.439422607421875,
      "mid_to_side_loudness_range": 6.3347883224487305,
      "side_mean": -69.12646484375
    }
  ],
  "bands_short": [
    {
      "high_freq": 148.1999969482422,
      "loudness": -55.20098876953125,
      "loudness_range": 24.69302749633789,
      "mid_mean": -52.19768142700195,
      "mid_to_side_loudness": -6.617193698883057,
      "mid_to_side_loudness_range": 5.385193824768066,
      "side_mean": -58.06810760498047
    },
    {
      "high_freq": 392.3793640136719,
      "loudness": -39.79672622680664,
      "loudness_range": 25.064420700073242,
      "low_freq": 148.1999969482422,
      "mid_mean": -36.8798713684082,
      "mid_to_side_loudness": -8.173697471618652,
      "mid_to_side_loudness_range": 9.881521224975586,
      "side_mean": -44.912933349609375
    },
    {
      "high_freq": 794.6976318359375,
      "loudness": -33.50027084350586,
      "loudness_range": 26.101633071899414,
      "low_freq": 392.3793640136719,
      "mid_mean": -30.406606674194336,
      "mid_to_side_loudness": -9.6671142578125,
      "mid_to_side_loudness_range": 11.486210823059082,
      "side_mean": -39.8775634765625
    },
    {
      "high_freq": 1457.5709228515625,
      "loudness": -37.519107818603516,
      "loudness_range": 27.257057189941406,
      "low_freq": 794.6976318359375,
      "mid_mean": -34.21933364868164,
      "mid_to_side_loudness": -12.307244300842285,
      "mid_to_side_loudness_range": 12.391529083251953,
      "side_mean": -46.48854064941406
    },
    {
      "high_freq": 2549.74365234375,
      "loudness": -45.68134689331055,
      "loudness_range": 32.654380798339844,
      "low_freq": 1457.5709228515625,
      "mid_mean": -42.58694076538086,
      "mid_to_side_loudness": -10.885844230651855,
      "mid_to_side_loudness_range": 10.985860824584961,
      "side_mean": -53.37446975708008
    },
    {
      "high_freq": 4349.24462890625,
      "loudness": -53.5866584777832,
      "loudness_range": 32.25171661376953,
      "low_freq": 2549.74365234375,
      "mid_mean": -52.21757125854492,
      "mid_to_side_loudness": -10.421899795532227,
      "mid_to_side_loudness_range": 9.598419189453125,
      "side_mean": -60.503456115722656
    },
    {
      "high_freq": 7314.1640625,
      "loudness": -63.91445541381836,
      "loudness_range": 33.28899383544922,
      "low_freq": 4349.24462890625,
      "mid_mean": -62.3531494140625,
      "mid_to_side_loudness": -9.968311309814453,
      "mid_to_side_loudness_range": 9.941155433654785,
      "side_mean": -67.25936889648438
    },
    {
      "high_freq": 12199.2666015625,
      "loudness": -66.36791229248047,
      "loudness_range": 32.53007888793945,
      "low_freq": 7314.1640625,
      "mid_mean": -66.15856170654297,
      "mid_to_side_loudness": -7.309536457061768,
      "mid_to_side_loudness_range": 8.643043518066406,
      "side_mean": -68.66878509521484
    },
    {
      "loudness": -63.65691375732422,
      "loudness_range": 26.998851776123047,
      "low_freq": 12199.2666015625,
      "mid_mean": -67.60780334472656,
      "mid_to_side_loudness": -5.041275501251221,
      "mid_to_side_loudness_range": 4.815716743469238,
      "side_mean": -69.18145751953125
    }
  ],
  "bandwidth": 752.3701171875,
  "channels": 2,
  "covariance": [
    [
      59.24125289916992,
      60.03359603881836,
      40.55604553222656,
      41.85244369506836,
      31.944067001342773,
      33.94429397583008,
      30.117294311523438,
      31.966833114624023,
      31.55433464050293,
      35.28541564941406,
      34.85212707519531,
      29.857553482055664,
      22.086008071899414,
      9.90438175201416,
      5.9477858543396,
      0.6932357549667358,
      -2.3831496238708496,
      -1.0862020254135132
    ],
    [
      60.03359603881836,
      63.13926696777344,
      42.13710403442383,
      45.65451431274414,
      33.09562683105469,
      37.32072830200195,
      28.874107360839844,
      32.46436309814453,
      29.314958572387695,
      34.36235427856445,
      32.26936721801758,
      28.733949661254883,
      18.643590927124023,
      8.042872428894043,
      1.7589327096939087,
      -1.4686089754104614,
      -6.303564548492432,
      -2.4061439037323
    ],
    [
      40.55604553222656,
      42.13710403442383,
      58.73488998413086,
      60.8595085144043,
      36.62653350830078,
      39.97078323364258,
      26.60822296142578,
      28.42519760131836,
      36.003684997558594,
      40.233558654785156,
      34.15092086791992,
      30.76775550842285,
      21.235462188720703,
      10.319585800170898,
      4.629535675048828,
      0.5310581922531128,
      -2.082315683364868,
      -0.861301064491272
    ],
    [
      41.85244369506836,
      45.65451431274414,
      60.8595085144043,
      74.12793731689453,
      38.25865936279297,
      46.56834411621094,
      21.925033569335938,
      26.408794403076172,
      29.598901748657227,
      35.83884811401367,
      28.55156898498535,
      27.758440017700195,
      13.5712890625,
      5.915637016296387,
      -5.232466220855713,
      -4.5258660316467285,
      -10.672459602355957,
      -3.7897722721099854
    ],
    [
      31.944067001342773,
      33.09562683105469,
      36.62653350830078,
      38.25865936279297,
      65.72732543945312,
      64.21202850341797,
      43.76583480834961,
      46.57969284057617,
      48.14909744262695,
      49.83704376220703,
      58.95884323120117,
      46.0057487487793,
      38.0564079284668,
      17.3316593170166,
      15.78167724609375,
      5.099940299987793,
      3.368837356567383,
      0.7652650475502014
    ],
    [
      33.94429397583008,
      37.32072830200195,
      39.97078323364258,
      46.56834411621094,
      64.21202850341797,
      76.52388000488281,
      37.19158172607422,
      45.015220642089844,
      39.7076416015625,
      45.392940521240234,
      50.44334030151367,
      41.12940979003906,
      27.74429702758789,
      12.19088363647461,
      4.5246052742004395,
      -0.32091644406318665,
      -5.772323131561279,
      -2.249586582183838
    ],
    [
      30.117294311523438,
      28.874107360839844,
      26.60822296142578,
      21.925033569335938,
      43.76583480834961,
      37.19158172607422,
      84.69091796875,
      75.02379608154297,
      70.0699691772461,
      67.78450012207031,
      81.39083862304688,
      59.832183837890625,
      61.19696044921875,
      27.260358810424805,
      38.85692596435547,
      14.876029968261719,
      19.690414428710938,
      5.890341281890869
    ],
    [
      31.966833114624023,
      32.46436309814453,
      28.42519760131836,
      26.408794403076172,
      46.57969284057617,
      45.015220642089844,
      75.02379608154297,
      82.26270294189453,
      63.65963363647461,
      65.76994323730469,
      77.43861389160156,
      57.48044967651367,
      54.37197494506836,
      23.943866729736328,
      30.92999839782715,
      10.920398712158203,
      12.56665325164795,
      3.512345314025879
    ],
    [
      31.55433464050293,
      29.314958572387695,
      36.003684997558594,
      29.598901748657227,
      48.14909744262695,
      39.7076416015625,
      70.0699691772461,
      63.65963363647461,
      99.20122528076172,
      85.90138244628906,
      92.87381744384766,
      73.13311767578125,
      75.01264190673828,
      36.65085220336914,
      50.361793518066406,
      20.35638427734375,
      29.128517150878906,
      8.976533889770508
    ],
    [
      35.28541564941406,
      34.36235427856445,
      40.233558654785156,
      35.83884811401367,
      49.83704376220703,
      45.392940521240234,
      67.78450012207031,
      65.76994323730469,
      85.90138244628906,
      89.2598876953125,
      91.03346252441406,
      70.35279083251953,
      68.97510528564453,
      32.895050048828125,
      43.13770294189453,
      16.85413932800293,
      23.26323699951172,
      7.031891345977783
    ],
    [
      34.85212707519531,
      32.26936721801758,
      34.15092086791992,
      28.55156898498535,
      58.95884323120117,
      50.44334030151367,
      81.39083862304688,
      77.43861389160156,
      92.87381744384766,
      91.03346252441406,
      117.90232849121094,
      85.55719757080078,
      88.0266342163086,
      40.96828079223633,
      56.66614532470703,
      22.418930053710938,
      31.34083366394043,
      9.501736640930176
    ],
    [
      29.857553482055664,
      28.733949661254883,
      30.76775550842285,
      27.758440017700195,
      46.0057487487793,
      41.12940979003906,
      59.832183837890625,
      57.48044967651367,
      73.13311767578125,
      70.35279083251953,
      85.55719757080078,
      68.79005432128906,
      66.18002319335938,
      32.42253494262695,
      42.71311950683594,
      16.879592895507812,
      22.45979118347168,
      6.783454895019531
    ],
    [
      22.086008071899414,
      18.643590927124023,
      21.235462188720703,
      13.5712890625,
      38.0564079284668,
      27.74429702758789,
      61.19696044921875,
      54.37197494506836,
      75.01264190673828,
      68.97510528564453,
      88.0266342163086,
      66.18002319335938,
      82.91675567626953,
      40.6635856628418,
      59.10512161254883,
      24.373680114746094,
      34.80364990234375,
      10.590272903442383
    ],
    [
      9.90438175201416,
      8.042872428894043,
      10.319585800170898,
      5.915637016296387,
      17.3316593170166,
      12.19088363647461,
      27.260358810424805,
      23.943866729736328,
      36.65085220336914,
      32.895050048828125,
      40.96828079223633,
      32.42253494262695,
      40.6635856628418,
      22.453022003173828,
      31.516395568847656,
      13.690680503845215,
      19.41496467590332,
      6.051367282867432
    ],
    [
      5.9477858543396,
      1.7589327096939087,
      4.629535675048828,
      -5.232466220855713,
      15.78167724609375,
      4.5246052742004395,
      38.85692596435547,
      30.92999839782715,
      50.361793518066406,
      43.13770294189453,
      56.66614532470703,
      42.71311950683594,
      59.10512161254883,
      31.516395568847656,
      54.378662109375,
      23.99323272705078,
      35.72687530517578,
      10.996474266052246
    ],
    [
      0.6932357549667358,
      -1.4686089754104614,
      0.5310581922531128,
      -4.5258660316467285,
      5.099940299987793,
      -0.32091644406318665,
      14.876029968261719,
      10.920398712158203,
      20.35638427734375,
      16.85413932800293,
      22.418930053710938,
      16.879592895507812,
      24.373680114746094,
      13.690680503845215,
      23.99323272705078,
      11.444940567016602,
      16.97418212890625,
      5.396762847900391
    ],
    [
      -2.3831496238708496,
      -6.303564548492432,
      -2.082315683364868,
      -10.672459602355957,
      3.368837356567383,
      -5.772323131561279,
      19.690414428710938,
      12.56665325164795,
      29.128517150878906,
      23.26323699951172,
      31.34083366394043,
      22.45979118347168,
      34.80364990234375,
      19.41496467590332,
      35.72687530517578,
      16.97418212890625,
      27.83956527709961,
      8.835692405700684
    ],
    [
      -1.0862020254135132,
      -2.4061439037323,
      -0.861301064491272,
      -3.7897722721099854,
      0.7652650475502014,
      -2.249586582183838,
      5.890341281890869,
      3.512345314025879,
      8.976533889770508,
      7.031891345977783,
      9.501736640930176,
      6.783454895019531,
      10.590272903442383,
      6.051367282867432,
      10.996474266052246,
      5.396762847900391,
      8.835692405700684,
      2.951172351837158
    ]
  ],
  "covariance_short": [
    [
      61.698272705078125,
      58.6135368347168,
      39.70037078857422,
      41.01841354370117,
      30.46377182006836,
      32.611793518066406,
      29.159996032714844,
      32.408103942871094,
      31.365453720092773,
      33.50227737426758,
      32.70726013183594,
      27.65302276611328,
      18.44161605834961,
      8.213164329528809,
      2.948927164077759,
      -0.13095730543136597,
      -3.3193747997283936,
      -0.9867860078811646
    ],
    [
      58.6135368347168,
      59.11077880859375,
      39.33327865600586,
      42.30322265625,
      29.842912673950195,
      33.5574836730957,
      26.7606143951416,
      31.3175048828125,
      28.265283584594727,
      31.339649200439453,
      29.242212295532227,
      25.624181747436523,
      15.114336013793945,
      6.5256781578063965,
      -0.33680739998817444,
      -1.722335696220398,
      -6.021502494812012,
      -1.8461977243423462
    ],
    [
      39.70037078857422,
      39.33327865600586,
      68.59092712402344,
      67.21839141845703,
      40.111385345458984,
      44.267879486083984,
      29.42436981201172,
      32.69493865966797,
      39.793792724609375,
      43.254886627197266,
      35.577030181884766,
      31.036727905273438,
      19.150365829467773,
      8.826735496520996,
      2.1841304302215576,
      -0.31907856464385986,
      -2.8977982997894287,
      -0.8792486190795898
    ],
    [
      41.01841354370117,
      42.30322265625,
      67.21839141845703,
      79.32304382324219,
      40.54695510864258,
      49.609596252441406,
      24.644006729125977,
      30.31094741821289,
      32.007320404052734,
      37.800392150878906,
      29.090139389038086,
      27.226821899414062,
      11.020613670349121,
      4.27269172668457,
      -7.46429967880249,
      -5.043196201324463,
      -10.875361442565918,
      -3.418671131134033
    ],
    [
      30.46377182006836,
      29.842912673950195,
      40.111385345458984,
      40.54695510864258,
      73.058349609375,
      70.70841217041016,
      46.79827880859375,
      50.97282028198242,
      54.09892654418945,
      54.193359375,
      62.81474685668945,
      47.67979049682617,
      37.27482986450195,
      16.811737060546875,
      12.589055061340332,
      4.135249137878418,
      2.7033133506774902,
      0.9478975534439087
    ],
    [
      32.611793518066406,
      33.5574836730957,
      44.267879486083984,
      49.609596252441406,
      70.70841217041016,
      86.18218231201172,
      39.901710510253906,
      48.88642501831055,
      47.13542175292969,
      50.741214752197266,
      54.60301208496094,
      43.080936431884766,
      26.689014434814453,
      11.522102355957031,
      1.4145829677581787,
      -1.2156152725219727,
      -6.09705114364624,
      -1.856960654258728
    ],
    [
      29.159996032714844,
      26.7606143951416,
      29.42436981201172,
      24.644006729125977,
      46.79827880859375,
      39.901710510253906,
      89.83553314208984,
      79.1192398071289,
      76.10816955566406,
      72.4644775390625,
      86.15338897705078,
      61.93268966674805,
      59.98227310180664,
      26.969196319580078,
      34.803253173828125,
      13.498075485229492,
      17.944799423217773,
      5.753821849822998
    ],
    [
      32.408103942871094,
      31.3175048828125,
      32.69493865966797,
      30.31094741821289,
      50.97282028198242,
      48.88642501831055,
      79.1192398071289,
      89.72048950195312,
      71.26103973388672,
      72.50089263916016,
      81.6181869506836,
      59.610389709472656,
      53.392250061035156,
      23.853532791137695,
      26.384693145751953,
      9.54727554321289,
      10.818343162536621,
      3.537219762802124
    ],
    [
      31.365453720092773,
      28.265283584594727,
      39.793792724609375,
      32.007320404052734,
      54.09892654418945,
      47.13542175292969,
      76.10816955566406,
      71.26103973388672,
      113.88463592529297,
      96.30563354492188,
      100.29396057128906,
      77.1146240234375,
      75.54447174072266,
      36.487518310546875,
      47.49538040161133,
      19.547359466552734,
      28.066307067871094,
      8.932402610778809
    ],
    [
      33.50227737426758,
      31.339649200439453,
      43.254886627197266,
      37.800392150878906,
      54.193359375,
      50.741214752197266,
      72.4644775390625,
      72.50089263916016,
      96.30563354492188,
      98.07766723632812,
      95.94188690185547,
      72.5136489868164,
      68.35521697998047,
      32.52971267700195,
      39.695648193359375,
      15.881641387939453,
      21.87546157836914,
      6.988241195678711
    ],
    [
      32.70726013183594,
      29.242212295532227,
      35.577030181884766,
      29.090139389038086,
      62.81474685668945,
      54.60301208496094,
      86.15338897705078,
      81.6181869506836,
      100.29396057128906,
      95.94188690185547,
      127.41576385498047,
      89.42682647705078,
      87.80253601074219,
      40.253448486328125,
      52.471412658691406,
      21.053220748901367,
      29.501935958862305,
      9.29722785949707
    ],
    [
      27.65302276611328,
      25.624181747436523,
      31.036727905273438,
      27.226821899414062,
      47.67979049682617,
      43.080936431884766,
      61.93268966674805,
      59.610389709472656,
      77.1146240234375,
      72.5136489868164,
      89.42682647705078,
      70.41291046142578,
      64.69803619384766,
      30.954652786254883,
      38.41616439819336,
      15.4329252243042,
      20.67105484008789,
      6.589570999145508
    ],
    [
      18.44161605834961,
      15.114336013793945,
      19.150365829467773,
      11.020613670349121,
      37.27482986450195,
      26.689014434814453,
      59.98227310180664,
      53.392250061035156,
      75.54447174072266,
      68.35521697998047,
      87.80253601074219,
      64.69803619384766,
      80.22844696044922,
      39.18792724609375,
      54.254547119140625,
      22.795860290527344,
      32.59471130371094,
      10.249527931213379
    ],
    [
      8.213164329528809,
      6.5256781578063965,
      8.826735496520996,
      4.27269172668457,
      16.811737060546875,
      11.522102355957031,
      26.969196319580078,
      23.853532791137695,
      36.487518310546875,
      32.52971267700195,
      40.253448486328125,
      30.954652786254883,
      39.18792724609375,
      21.801586151123047,
      29.266963958740234,
      12.910962104797363,
      18.12933921813965,
      5.829437255859375
    ],
    [
      2.948927164077759,
      -0.33680739998817444,
      2.1841304302215576,
      -7.46429967880249,
      12.589055061340332,
      1.4145829677581787,
      34.803253173828125,
      26.384693145751953,
      47.49538040161133,
      39.695648193359375,
      52.471412658691406,
      38.41616439819336,
      54.254547119140625,
      29.266963958740234,
      50.06814956665039,
      22.379764556884766,
      33.373870849609375,
      10.474331855773926
    ],
    [
      -0.13095730543136597,
      -1.722335696220398,
      -0.31907856464385986,
      -5.043196201324463,
      4.135249137878418,
      -1.2156152725219727,
      13.498075485229492,
      9.54727554321289,
      19.547359466552734,
      15.881641387939453,
      21.053220748901367,
      15.4329252243042,
      22.795860290527344,
      12.910962104797363,
      22.379764556884766,
      10.867561340332031,
      15.888651847839355,
      5.1618733406066895
    ],
    [
      -3.3193747997283936,
      -6.021502494812012,
      -2.8977982997894287,
      -10.875361442565918,
      2.7033133506774902,
      -6.09705114364624,
      17.944799423217773,
      10.818343162536621,
      28.066307067871094,
      21.87546157836914,
      29.501935958862305,
      20.67105484008789,
      32.59471130371094,
      18.12933921813965,
      33.373870849609375,
      15.888651847839355,
      26.04326629638672,
      8.296049118041992
    ],
    [
      -0.9867860078811646,
      -1.8461977243423462,
      -0.8792486190795898,
      -3.418671131134033,
      0.9478975534439087,
      -1.856960654258728,
      5.753821849822998,
      3.537219762802124,
      8.932402610778809,
      6.988241195678711,
      9.29722785949707,
      6.589570999145508,
      10.249527931213379,
      5.829437255859375,
      10.474331855773926,
      5.1618733406066895,
      8.296049118041992,
      2.891084909439087
    ]
  ],
  "damage": -12.797700881958008,
  "diff_bandwidth": 769.2271728515625,
  "dissonance": 6.204151692070879,
  "drr": 13.191446304321289,
  "dynamics": 6.2104692459106445,
  "format": 1245190,
  "frames": 15871936,
  "loudness": -23.38922119140625,
  "loudness_range": 21.230186462402344,
  "loudness_range_short": 23.252012252807617,
  "lowpass_true_peak_15khz": -0.21047312021255493,
  "mastering3_acoustic_entropies": [
    {
      "acoustic_entropy": 6.852672576904297,
      "acoustic_entropy_mono": 7.088735103607178,
      "band_eliminated_acoustic_entropies": [
        {
          "acoustic_entropy": 6.852112770080566,
          "acoustic_entropy_side": 6.852642059326172,
          "hz": 129.47220167065723
        },
        {
          "acoustic_entropy": 6.840847969055176,
          "acoustic_entropy_side": 6.8511857986450195,
          "hz": 202.92927478742237
        },
        {
          "acoustic_entropy": 6.701451301574707,
          "acoustic_entropy_side": 6.84428071975708,
          "hz": 282.89161906338205
        },
        {
          "acoustic_entropy": 6.674062252044678,
          "acoustic_entropy_side": 6.735222816467285,
          "hz": 369.9353335868758
        },
        {
          "acoustic_entropy": 7.521873950958252,
          "acoustic_entropy_side": 6.592467784881592,
          "hz": 464.6875360973435
        },
        {
          "acoustic_entropy": 6.715185165405273,
          "acoustic_entropy_side": 6.909020900726318,
          "hz": 567.8308811364784
        },
        {
          "acoustic_entropy": 7.419210433959961,
          "acoustic_entropy_side": 6.783746719360352,
          "hz": 680.1084783214808
        },
        {
          "acoustic_entropy": 7.560960292816162,
          "acoustic_entropy_side": 6.746011257171631,
          "hz": 802.3292461747484
        },
        {
          "acoustic_entropy": 6.700739860534668,
          "acoustic_entropy_side": 6.742870330810547,
          "hz": 935.3737400823702
        },
        {
          "acoustic_entropy": 7.2800798416137695,
          "acoustic_entropy_side": 6.966843605041504,
          "hz": 1080.2004963696966
        },
        {
          "acoustic_entropy": 7.352084636688232,
          "acoustic_entropy_side": 7.012027263641357,
          "hz": 1237.8529382007157
        },
        {
          "acoustic_entropy": 6.638998031616211,
          "acoustic_entropy_side": 7.135046005249023,
          "hz": 1409.4668930556702
        },
        {
          "acoustic_entropy": 6.888820648193359,
          "acoustic_entropy_side": 6.983229160308838,
          "hz": 1596.2787759475705
        },
        {
          "acoustic_entropy": 6.9041571617126465,
          "acoustic_entropy_side": 6.8680033683776855,
          "hz": 1799.6344973346393
        },
        {
          "acoustic_entropy": 6.944520950317383,
          "acoustic_entropy_side": 6.860062122344971,
          "hz": 2020.9991599069049
        },
        {
          "acoustic_entropy": 7.009716987609863,
          "acoustic_entropy_side": 6.854726791381836,
          "hz": 2261.9676141086993
        },
        {
          "acoustic_entropy": 6.939670085906982,
          "acoustic_entropy_side": 6.851652145385742,
          "hz": 2524.2759484456974
        },
        {
          "acoustic_entropy": 6.927569389343262,
          "acoustic_entropy_side": 6.851963520050049,
          "hz": 2809.813997359896
        },
        {
          "acoustic_entropy": 6.900565147399902,
          "acoustic_entropy_side": 6.852963447570801,
          "hz": 3120.6389567871424
        },
        {
          "acoustic_entropy": 6.853069305419922,
          "acoustic_entropy_side": 6.852786540985107,
          "hz": 3458.990205492291
        },
        {
          "acoustic_entropy": 6.854084014892578,
          "acoustic_entropy_side": 6.8527302742004395,
          "hz": 3827.305438964164
        },
        {
          "acoustic_entropy": 6.845533847808838,
          "acoustic_entropy_side": 6.852700233459473,
          "hz": 4228.238232109126
        },
        {
          "acoustic_entropy": 6.853291034698486,
          "acoustic_entropy_side": 6.852692604064941,
          "hz": 4664.6771572759235
        },
        {
          "acoustic_entropy": 6.854073524475098,
          "acoustic_entropy_side": 6.852684020996094,
          "hz": 5139.766595350093
        },
        {
          "acoustic_entropy": 6.8523783683776855,
          "acoustic_entropy_side": 6.852677345275879,
          "hz": 5656.929389854203
        },
        {
          "acoustic_entropy": 6.853464126586914,
          "acoustic_entropy_side": 6.8526787757873535,
          "hz": 6219.891507268283
        },
        {
          "acoustic_entropy": 6.853687286376953,
          "acoustic_entropy_side": 6.852675437927246,
          "hz": 6832.70888123896
        },
        {
          "acoustic_entropy": 6.853731632232666,
          "acoustic_entropy_side": 6.852673053741455,
          "hz": 7499.796634079867
        },
        {
          "acoustic_entropy": 6.853455543518066,
          "acoustic_entropy_side": 6.852672576904297,
          "hz": 8225.96088609342
        },
        {
          "acoustic_entropy": 6.853765487670898,
          "acoustic_entropy_side": 6.852675437927246,
          "hz": 9016.43338188839
        },
        {
          "acoustic_entropy": 6.853806495666504,
          "acoustic_entropy_side": 6.8526740074157715,
          "hz": 9876.909183162974
        },
        {
          "acoustic_entropy": 6.854019641876221,
          "acoustic_entropy_side": 6.8526740074157715,
          "hz": 10813.587699516042
        },
        {
          "acoustic_entropy": 6.854230880737305,
          "acoustic_entropy_side": 6.852673530578613,
          "hz": 11833.21735289826
        },
        {
          "acoustic_entropy": 6.854125499725342,
          "acoustic_entropy_side": 6.8526740074157715,
          "hz": 12943.144197493959
        },
        {
          "acoustic_entropy": 6.853823184967041,
          "acoustic_entropy_side": 6.8526740074157715,
          "hz": 14151.364845322005
        },
        {
          "acoustic_entropy": 6.8532633781433105,
          "acoustic_entropy_side": 6.852673053741455,
          "hz": 15466.58407886509
        },
        {
          "acoustic_entropy": 6.85276985168457,
          "acoustic_entropy_side": 6.852672576904297,
          "hz": 16898.27756580493
        },
        {
          "acoustic_entropy": 6.852677822113037,
          "acoustic_entropy_side": 6.852672576904297,
          "hz": 18456.760127700032
        },
        {
          "acoustic_entropy": 6.852672576904297,
          "acoustic_entropy_side": 6.852672576904297,
          "hz": 20153.260054456492
        },
        {
          "acoustic_entropy": 6.852672576904297,
          "acoustic_entropy_side": 6.852672576904297,
          "hz": 22000.00000000001
        }
      ],
      "diff_acoustic_entropy": 4.726143836975098,
      "sn": 6
    },
    {
      "acoustic_entropy": 10.414055824279785,
      "acoustic_entropy_mono": 10.689516067504883,
      "band_eliminated_acoustic_entropies": [
        {
          "acoustic_entropy": 10.389554977416992,
          "acoustic_entropy_side": 10.409053802490234,
          "hz": 129.47220167065723
        },
        {
          "acoustic_entropy": 10.129225730895996,
          "acoustic_entropy_side": 10.339630126953125,
          "hz": 202.92927478742237
        },
        {
          "acoustic_entropy": 10.146728515625,
          "acoustic_entropy_side": 10.323020935058594,
          "hz": 282.89161906338205
        },
        {
          "acoustic_entropy": 10.137053489685059,
          "acoustic_entropy_side": 10.321120262145996,
          "hz": 369.9353335868758
        },
        {
          "acoustic_entropy": 10.942276954650879,
          "acoustic_entropy_side": 10.229938507080078,
          "hz": 464.6875360973435
        },
        {
          "acoustic_entropy": 10.251429557800293,
          "acoustic_entropy_side": 10.362430572509766,
          "hz": 567.8308811364784
        },
        {
          "acoustic_entropy": 11.490730285644531,
          "acoustic_entropy_side": 10.897909164428711,
          "hz": 680.1084783214808
        },
        {
          "acoustic_entropy": 11.153509140014648,
          "acoustic_entropy_side": 10.07503890991211,
          "hz": 802.3292461747484
        },
        {
          "acoustic_entropy": 10.07392692565918,
          "acoustic_entropy_side": 10.449801445007324,
          "hz": 935.3737400823702
        },
        {
          "acoustic_entropy": 10.458996772766113,
          "acoustic_entropy_side": 10.35276985168457,
          "hz": 1080.2004963696966
        },
        {
          "acoustic_entropy": 10.96224308013916,
          "acoustic_entropy_side": 10.771429061889648,
          "hz": 1237.8529382007157
        },
        {
          "acoustic_entropy": 9.651988983154297,
          "acoustic_entropy_side": 10.591327667236328,
          "hz": 1409.4668930556702
        },
        {
          "acoustic_entropy": 9.805964469909668,
          "acoustic_entropy_side": 10.308304786682129,
          "hz": 1596.2787759475705
        },
        {
          "acoustic_entropy": 10.463166236877441,
          "acoustic_entropy_side": 10.399676322937012,
          "hz": 1799.6344973346393
        },
        {
          "acoustic_entropy": 10.204933166503906,
          "acoustic_entropy_side": 10.473114013671875,
          "hz": 2020.9991599069049
        },
        {
          "acoustic_entropy": 10.05505657196045,
          "acoustic_entropy_side": 10.372939109802246,
          "hz": 2261.9676141086993
        },
        {
          "acoustic_entropy": 10.442673683166504,
          "acoustic_entropy_side": 10.41972827911377,
          "hz": 2524.2759484456974
        },
        {
          "acoustic_entropy": 10.270831108093262,
          "acoustic_entropy_side": 10.412918090820312,
          "hz": 2809.813997359896
        },
        {
          "acoustic_entropy": 10.371392250061035,
          "acoustic_entropy_side": 10.413046836853027,
          "hz": 3120.6389567871424
        },
        {
          "acoustic_entropy": 10.317000389099121,
          "acoustic_entropy_side": 10.415630340576172,
          "hz": 3458.990205492291
        },
        {
          "acoustic_entropy": 10.396697998046875,
          "acoustic_entropy_side": 10.417786598205566,
          "hz": 3827.305438964164
        },
        {
          "acoustic_entropy": 10.384597778320312,
          "acoustic_entropy_side": 10.414706230163574,
          "hz": 4228.238232109126
        },
        {
          "acoustic_entropy": 10.391167640686035,
          "acoustic_entropy_side": 10.414064407348633,
          "hz": 4664.6771572759235
        },
        {
          "acoustic_entropy": 10.397010803222656,
          "acoustic_entropy_side": 10.414039611816406,
          "hz": 5139.766595350093
        },
        {
          "acoustic_entropy": 10.40106201171875,
          "acoustic_entropy_side": 10.41403865814209,
          "hz": 5656.929389854203
        },
        {
          "acoustic_entropy": 10.405397415161133,
          "acoustic_entropy_side": 10.414044380187988,
          "hz": 6219.891507268283
        },
        {
          "acoustic_entropy": 10.408245086669922,
          "acoustic_entropy_side": 10.414045333862305,
          "hz": 6832.70888123896
        },
        {
          "acoustic_entropy": 10.410910606384277,
          "acoustic_entropy_side": 10.414048194885254,
          "hz": 7499.796634079867
        },
        {
          "acoustic_entropy": 10.409863471984863,
          "acoustic_entropy_side": 10.414044380187988,
          "hz": 8225.96088609342
        },
        {
          "acoustic_entropy": 10.411723136901855,
          "acoustic_entropy_side": 10.414054870605469,
          "hz": 9016.43338188839
        },
        {
          "acoustic_entropy": 10.412534713745117,
          "acoustic_entropy_side": 10.414056777954102,
          "hz": 9876.909183162974
        },
        {
          "acoustic_entropy": 10.413084030151367,
          "acoustic_entropy_side": 10.414052963256836,
          "hz": 10813.587699516042
        },
        {
          "acoustic_entropy": 10.413444519042969,
          "acoustic_entropy_side": 10.414053916931152,
          "hz": 11833.21735289826
        },
        {
          "acoustic_entropy": 10.413986206054688,
          "acoustic_entropy_side": 10.414056777954102,
          "hz": 12943.144197493959
        },
        {
          "acoustic_entropy": 10.414508819580078,
          "acoustic_entropy_side": 10.41405963897705,
          "hz": 14151.364845322005
        },
        {
          "acoustic_entropy": 10.414560317993164,
          "acoustic_entropy_side": 10.414055824279785,
          "hz": 15466.58407886509
        },
        {
          "acoustic_entropy": 10.414214134216309,
          "acoustic_entropy_side": 10.414054870605469,
          "hz": 16898.27756580493
        },
        {
          "acoustic_entropy": 10.4140625,
          "acoustic_entropy_side": 10.414055824279785,
          "hz": 18456.760127700032
        },
        {
          "acoustic_entropy": 10.414053916931152,
          "acoustic_entropy_side": 10.414055824279785,
          "hz": 20153.260054456492
        },
        {
          "acoustic_entropy": 10.414055824279785,
          "acoustic_entropy_side": 10.414055824279785,
          "hz": 22000.00000000001
        }
      ],
      "diff_acoustic_entropy": 7.58095645904541,
      "sn": 12
    },
    {
      "acoustic_entropy": 16.82598114013672,
      "acoustic_entropy_mono": 15.856609344482422,
      "band_eliminated_acoustic_entropies": [
        {
          "acoustic_entropy": 16.669517517089844,
          "acoustic_entropy_side": 16.759132385253906,
          "hz": 129.47220167065723
        },
        {
          "acoustic_entropy": 16.39076805114746,
          "acoustic_entropy_side": 16.482694625854492,
          "hz": 202.92927478742237
        },
        {
          "acoustic_entropy": 16.565528869628906,
          "acoustic_entropy_side": 16.867956161499023,
          "hz": 282.89161906338205
        },
        {
          "acoustic_entropy": 16.260026931762695,
          "acoustic_entropy_side": 17.3577938079834,
          "hz": 369.9353335868758
        },
        {
          "acoustic_entropy": 16.931480407714844,
          "acoustic_entropy_side": 17.032278060913086,
          "hz": 464.6875360973435
        },
        {
          "acoustic_entropy": 16.41634178161621,
          "acoustic_entropy_side": 17.069026947021484,
          "hz": 567.8308811364784
        },
        {
          "acoustic_entropy": 17.762802124023438,
          "acoustic_entropy_side": 16.931846618652344,
          "hz": 680.1084783214808
        },
        {
          "acoustic_entropy": 17.9158878326416,
          "acoustic_entropy_side": 17.57364845275879,
          "hz": 802.3292461747484
        },
        {
          "acoustic_entropy": 17.072484970092773,
          "acoustic_entropy_side": 17.473791122436523,
          "hz": 935.3737400823702
        },
        {
          "acoustic_entropy": 16.4937686920166,
          "acoustic_entropy_side": 16.972421646118164,
          "hz": 1080.2004963696966
        },
        {
          "acoustic_entropy": 16.717845916748047,
          "acoustic_entropy_side": 17.14342498779297,
          "hz": 1237.8529382007157
        },
        {
          "acoustic_entropy": 16.724502563476562,
          "acoustic_entropy_side": 17.602275848388672,
          "hz": 1409.4668930556702
        },
        {
          "acoustic_entropy": 17.243318557739258,
          "acoustic_entropy_side": 16.7344970703125,
          "hz": 1596.2787759475705
        },
        {
          "acoustic_entropy": 16.903440475463867,
          "acoustic_entropy_side": 16.510976791381836,
          "hz": 1799.6344973346393
        },
        {
          "acoustic_entropy": 16.939977645874023,
          "acoustic_entropy_side": 17.015926361083984,
          "hz": 2020.9991599069049
        },
        {
          "acoustic_entropy": 17.172727584838867,
          "acoustic_entropy_side": 16.45545196533203,
          "hz": 2261.9676141086993
        },
        {
          "acoustic_entropy": 16.957115173339844,
          "acoustic_entropy_side": 16.83599090576172,
          "hz": 2524.2759484456974
        },
        {
          "acoustic_entropy": 17.23781394958496,
          "acoustic_entropy_side": 16.92330551147461,
          "hz": 2809.813997359896
        },
        {
          "acoustic_entropy": 17.12059211730957,
          "acoustic_entropy_side": 16.830476760864258,
          "hz": 3120.6389567871424
        },
        {
