{
  "acoustic_entropy": 184.77183532714844,
  "bands": [
    {
      "high_freq": 148.1999969482422,
      "loudness": -36.63174819946289,
      "loudness_range": 20.368824005126953,
      "mid_mean": -35.50985336303711,
      "mid_to_side_loudness": -2.857696056365967,
      "mid_to_side_loudness_range": 10.62748908996582,
      "side_mean": -38.26018524169922
    },
    {
      "high_freq": 392.3793640136719,
      "loudness": -29.239198684692383,
      "loudness_range": 16.622013092041016,
      "low_freq": 148.1999969482422,
      "mid_mean": -27.519927978515625,
      "mid_to_side_loudness": -2.9654674530029297,
      "mid_to_side_loudness_range": 8.146503448486328,
      "side_mean": -30.49895477294922
    },
    {
      "high_freq": 794.6976318359375,
      "loudness": -28.91264533996582,
      "loudness_range": 15.685014724731445,
      "low_freq": 392.3793640136719,
      "mid_mean": -26.999908447265625,
      "mid_to_side_loudness": -3.4170491695404053,
      "mid_to_side_loudness_range": 7.493972301483154,
      "side_mean": -30.46316909790039
    },
    {
      "high_freq": 1457.5709228515625,
      "loudness": -32.91624069213867,
      "loudness_range": 18.034486770629883,
      "low_freq": 794.6976318359375,
      "mid_mean": -30.918386459350586,
      "mid_to_side_loudness": -3.6708414554595947,
      "mid_to_side_loudness_range": 6.319962501525879,
      "side_mean": -34.6276741027832
    },
    {
      "high_freq": 2549.74365234375,
      "loudness": -38.3945198059082,
      "loudness_range": 22.407682418823242,
      "low_freq": 1457.5709228515625,
      "mid_mean": -36.454830169677734,
      "mid_to_side_loudness": -3.5662429332733154,
      "mid_to_side_loudness_range": 5.093401908874512,
      "side_mean": -40.0593147277832
    },
    {
      "high_freq": 4349.24462890625,
      "loudness": -45.095149993896484,
      "loudness_range": 25.347944259643555,
      "low_freq": 2549.74365234375,
      "mid_mean": -43.915809631347656,
      "mid_to_side_loudness": -3.416038990020752,
      "mid_to_side_loudness_range": 4.33333683013916,
      "side_mean": -47.856201171875
    },
    {
      "high_freq": 7314.1640625,
      "loudness": -56.59563446044922,
      "loudness_range": 27.167766571044922,
      "low_freq": 4349.24462890625,
      "mid_mean": -55.932945251464844,
      "mid_to_side_loudness": -3.772717237472534,
      "mid_to_side_loudness_range": 3.714662551879883,
      "side_mean": -58.780616760253906
    },
    {
      "high_freq": 12199.2666015625,
      "loudness": -67.84628295898438,
      "loudness_range": 26.296859741210938,
      "low_freq": 7314.1640625,
      "mid_mean": -63.12680435180664,
      "mid_to_side_loudness": -4.298345565795898,
      "mid_to_side_loudness_range": 3.7700603008270264,
      "side_mean": -65.31370544433594
    },
    {
      "loudness": -73.60362243652344,
      "loudness_range": 16.027698516845703,
      "low_freq": 12199.2666015625,
      "mid_mean": -67.02735137939453,
      "mid_to_side_loudness": -3.7142679691314697,
      "mid_to_side_loudness_range": 3.75677752494812,
      "side_mean": -68.15650939941406
    }
  ],
  "bands_short": [
    {
      "high_freq": 148.1999969482422,
      "loudness": -40.73451614379883,
      "loudness_range": 24.45336151123047,
      "mid_mean": -40.2411994934082,
      "mid_to_side_loudness": -3.154046058654785,
      "mid_to_side_loudness_range": 14.387754440307617,
      "side_mean": -43.97275161743164
    },
    {
      "high_freq": 392.3793640136719,
      "loudness": -29.519760131835938,
      "loudness_range": 17.024229049682617,
      "low_freq": 148.1999969482422,
      "mid_mean": -27.94306182861328,
      "mid_to_side_loudness": -2.8357129096984863,
      "mid_to_side_loudness_range": 10.44214153289795,
      "side_mean": -30.82996940612793
    },
    {
      "high_freq": 794.6976318359375,
      "loudness": -28.73137092590332,
      "loudness_range": 16.005674362182617,
      "low_freq": 392.3793640136719,
      "mid_mean": -26.9771671295166,
      "mid_to_side_loudness": -3.286620855331421,
      "mid_to_side_loudness_range": 10.2341890335083,
      "side_mean": -30.29750633239746
    },
    {
      "high_freq": 1457.5709228515625,
      "loudness": -32.94447708129883,
      "loudness_range": 18.728548049926758,
      "low_freq": 794.6976318359375,
      "mid_mean": -31.11916160583496,
      "mid_to_side_loudness": -3.6110644340515137,
      "mid_to_side_loudness_range": 10.107791900634766,
      "side_mean": -34.76826858520508
    },
    {
      "high_freq": 2549.74365234375,
      "loudness": -38.67649459838867,
      "loudness_range": 22.2399959564209,
      "low_freq": 1457.5709228515625,
      "mid_mean": -36.86878204345703,
      "mid_to_side_loudness": -3.511753797531128,
      "mid_to_side_loudness_range": 8.085623741149902,
      "side_mean": -40.37254333496094
    },
    {
      "high_freq": 4349.24462890625,
      "loudness": -44.848880767822266,
      "loudness_range": 26.408641815185547,
      "low_freq": 2549.74365234375,
      "mid_mean": -43.70687484741211,
      "mid_to_side_loudness": -3.4173965454101562,
      "mid_to_side_loudness_range": 6.664947986602783,
      "side_mean": -47.70293426513672
    },
    {
      "high_freq": 7314.1640625,
      "loudness": -56.68778610229492,
      "loudness_range": 27.524471282958984,
      "low_freq": 4349.24462890625,
      "mid_mean": -56.075679779052734,
      "mid_to_side_loudness": -3.7251980304718018,
      "mid_to_side_loudness_range": 5.256053447723389,
      "side_mean": -58.86581039428711
    },
    {
      "high_freq": 12199.2666015625,
      "loudness": -67.98694610595703,
      "loudness_range": 26.320819854736328,
      "low_freq": 7314.1640625,
      "mid_mean": -63.230533599853516,
      "mid_to_side_loudness": -4.233760833740234,
      "mid_to_side_loudness_range": 4.493133544921875,
      "side_mean": -65.36470794677734
    },
    {
      "loudness": -73.67361450195312,
      "loudness_range": 15.937530517578125,
      "low_freq": 12199.2666015625,
      "mid_mean": -67.05569458007812,
      "mid_to_side_loudness": -3.671297073364258,
      "mid_to_side_loudness_range": 4.052394866943359,
      "side_mean": -68.16200256347656
    }
  ],
  "bandwidth": 590.36279296875,
  "channels": 2,
  "covariance": [
    [
      68.96043395996094,
      56.500732421875,
      26.119834899902344,
      24.998207092285156,
      25.445539474487305,
      25.75314712524414,
      27.521987915039062,
      29.170419692993164,
      33.655616760253906,
      36.30411148071289,
      45.52391052246094,
      48.896427154541016,
      46.31328582763672,
      44.655967712402344,
      31.705453872680664,
      28.146188735961914,
      12.717164039611816,
      11.392706871032715
    ],
    [
      56.500732421875,
      66.81847381591797,
      25.519180297851562,
      23.250343322753906,
      25.212690353393555,
      25.279953002929688,
      27.583526611328125,
      29.413217544555664,
      34.16645812988281,
      36.529632568359375,
      44.10605239868164,
      46.13326644897461,
      44.417236328125,
      42.41509246826172,
      29.874948501586914,
      26.611417770385742,
      12.26546859741211,
      11.114148139953613
    ],
    [
      26.119834899902344,
      25.519180297851562,
      37.49861526489258,
      32.436607360839844,
      23.201623916625977,
      23.79524803161621,
      24.89514923095703,
      25.195781707763672,
      28.480812072753906,
      29.40363121032715,
      35.33615493774414,
      38.18080520629883,
      37.201393127441406,
      34.937477111816406,
      25.54004669189453,
      21.296764373779297,
      10.329096794128418,
      8.372562408447266
    ],
    [
      24.998207092285156,
      23.250343322753906,
      32.436607360839844,
      36.90858840942383,
      22.932130813598633,
      24.244455337524414,
      24.897815704345703,
      25.507083892822266,
      29.723358154296875,
      30.71964454650879,
      35.820499420166016,
      38.92528533935547,
      39.03540802001953,
      36.461978912353516,
      26.4302921295166,
      21.99793815612793,
      10.484773635864258,
      8.506728172302246
    ],
    [
      25.445539474487305,
      25.212690353393555,
      23.201623916625977,
      22.932130813598633,
      32.79472351074219,
      29.502267837524414,
      25.493545532226562,
      25.53285026550293,
      28.230104446411133,
      29.05379295349121,
      34.98991012573242,
      36.755210876464844,
      34.45882797241211,
      32.9576301574707,
      22.423763275146484,
      19.259225845336914,
      8.682669639587402,
      7.522382736206055
    ],
    [
      25.75314712524414,
      25.279953002929688,
      23.79524803161621,
      24.244455337524414,
      29.502267837524414,
      33.57572555541992,
      24.539915084838867,
      25.562267303466797,
      27.69489097595215,
      28.617406845092773,
      34.7805290222168,
      37.153709411621094,
      34.508052825927734,
      33.11380386352539,
      22.4772891998291,
      19.31546401977539,
      8.768010139465332,
      7.62696647644043
    ],
    [
      27.521987915039062,
      27.583526611328125,
      24.89514923095703,
      24.897815704345703,
      25.493545532226562,
      24.539915084838867,
      43.13621520996094,
      41.50006866455078,
      37.86277389526367,
      40.0295295715332,
      46.6724739074707,
      51.566890716552734,
      48.450374603271484,
      43.80496597290039,
      29.86215591430664,
      23.84203338623047,
      11.915736198425293,
      9.51838493347168
    ],
    [
      29.170419692993164,
      29.413217544555664,
      25.195781707763672,
      25.507083892822266,
      25.53285026550293,
      25.562267303466797,
      41.50006866455078,
      46.292240142822266,
      40.65007019042969,
      43.22592544555664,
      49.75254821777344,
      56.565673828125,
      52.5997200012207,
      47.73381042480469,
      32.05900192260742,
      25.836904525756836,
      12.846705436706543,
      10.389668464660645
    ],
    [
      33.655616760253906,
      34.16645812988281,
      28.480812072753906,
      29.723358154296875,
      28.230104446411133,
      27.69489097595215,
      37.86277389526367,
      40.65007019042969,
      63.70651626586914,
      63.098567962646484,
      62.8663215637207,
      69.47398376464844,
      64.63461303710938,
      59.490482330322266,
      40.195858001708984,
      33.71829605102539,
      15.931439399719238,
      13.265583038330078
    ],
    [
      36.30411148071289,
      36.529632568359375,
      29.40363121032715,
      30.71964454650879,
      29.05379295349121,
      28.617406845092773,
      40.0295295715332,
      43.22592544555664,
      63.098567962646484,
      67.88162994384766,
      66.85974884033203,
      75.16942596435547,
      68.90735626220703,
      63.61188507080078,
      42.25387954711914,
      35.40406036376953,
      16.738849639892578,
      13.960493087768555
    ],
    [
      45.52391052246094,
      44.10605239868164,
      35.33615493774414,
      35.820499420166016,
      34.98991012573242,
      34.7805290222168,
      46.6724739074707,
      49.75254821777344,
      62.8663215637207,
      66.85974884033203,
      90.15413665771484,
      89.5777587890625,
      81.37232208251953,
      76.40040588378906,
      52.642967224121094,
      43.80439758300781,
      21.135379791259766,
      17.338848114013672
    ],
    [
      48.896427154541016,
      46.13326644897461,
      38.18080520629883,
      38.92528533935547,
      36.755210876464844,
      37.153709411621094,
      51.566890716552734,
      56.565673828125,
      69.47398376464844,
      75.16942596435547,
      89.5777587890625,
      102.40763092041016,
      89.06102752685547,
      83.15055084228516,
      55.80881881713867,
      46.32621765136719,
      22.094934463500977,
      18.18779945373535
    ],
    [
      46.31328582763672,
      44.417236328125,
      37.201393127441406,
      39.03540802001953,
      34.45882797241211,
      34.508052825927734,
      48.450374603271484,
      52.5997200012207,
      64.63461303710938,
      68.90735626220703,
      81.37232208251953,
      89.06102752685547,
      88.98759460449219,
      82.0140609741211,
      56.1833610534668,
      46.618858337402344,
      22.72891616821289,
      18.49746322631836
    ],
    [
      44.655967712402344,
      42.41509246826172,
      34.937477111816406,
      36.461978912353516,
      32.9576301574707,
      33.11380386352539,
      43.80496597290039,
      47.73381042480469,
      59.490482330322266,
      63.61188507080078,
      76.40040588378906,
      83.15055084228516,
      82.0140609741211,
      77.42839813232422,
      52.629329681396484,
      44.48509979248047,
      21.42679786682129,
      17.791057586669922
    ],
    [
      31.705453872680664,
      29.874948501586914,
      25.54004669189453,
      26.4302921295166,
      22.423763275146484,
      22.4772891998291,
      29.86215591430664,
      32.05900192260742,
      40.195858001708984,
      42.25387954711914,
      52.642967224121094,
      55.80881881713867,
      56.1833610534668,
      52.629329681396484,
      40.996524810791016,
      33.955726623535156,
      17.131038665771484,
      13.709217071533203
    ],
    [
      28.146188735961914,
      26.611417770385742,
      21.296764373779297,
      21.99793815612793,
      19.259225845336914,
      19.31546401977539,
      23.84203338623047,
      25.836904525756836,
      33.71829605102539,
      35.40406036376953,
      43.80439758300781,
      46.32621765136719,
      46.618858337402344,
      44.48509979248047,
      33.955726623535156,
      29.281036376953125,
      14.503576278686523,
      12.088130950927734
    ],
    [
      12.717164039611816,
      12.26546859741211,
      10.329096794128418,
      10.484773635864258,
      8.682669639587402,
      8.768010139465332,
      11.915736198425293,
      12.846705436706543,
      15.931439399719238,
      16.738849639892578,
      21.135379791259766,
      22.094934463500977,
      22.72891616821289,
      21.42679786682129,
      17.131038665771484,
      14.503576278686523,
      7.871736526489258,
      6.337013244628906
    ],
    [
      11.392706871032715,
      11.114148139953613,
      8.372562408447266,
      8.506728172302246,
      7.522382736206055,
      7.62696647644043,
      9.51838493347168,
      10.389668464660645,
      13.265583038330078,
      13.960493087768555,
      17.338848114013672,
      18.18779945373535,
      18.49746322631836,
      17.791057586669922,
      13.709217071533203,
      12.088130950927734,
      6.337013244628906,
      5.4866414070129395
    ]
  ],
  "covariance_short": [
    [
      99.73880004882812,
      78.1229476928711,
      31.51729393005371,
      31.49822998046875,
      26.497461318969727,
      26.069311141967773,
      28.18423843383789,
      30.590633392333984,
      34.95241165161133,
      37.86201095581055,
      49.746826171875,
      52.6016845703125,
      51.26420211791992,
      49.62472152709961,
      34.96664810180664,
      31.144241333007812,
      13.980552673339844,
      12.507363319396973
    ],
    [
      78.1229476928711,
      103.90064239501953,
      31.903316497802734,
      32.58363723754883,
      25.4647274017334,
      25.777799606323242,
      28.672346115112305,
      30.75542640686035,
      35.94804763793945,
      38.732948303222656,
      50.18162536621094,
      51.6561164855957,
      51.400814056396484,
      49.38977813720703,
      34.52228546142578,
      30.76945686340332,
      14.11605167388916,
      12.43278694152832
    ],
    [
      31.51729393005371,
      31.903316497802734,
      40.22978973388672,
      32.606231689453125,
      24.98539924621582,
      24.1968936920166,
      25.65971565246582,
      25.692182540893555,
      27.766368865966797,
      28.519311904907227,
      35.7791633605957,
      38.7752685546875,
      37.48173904418945,
      35.36485290527344,
      25.158784866333008,
      21.361133575439453,
      10.252373695373535,
      8.569611549377441
    ],
    [
      31.49822998046875,
      32.58363723754883,
      32.606231689453125,
      39.15394973754883,
      24.040382385253906,
      24.71822738647461,
      25.8313045501709,
      26.529264450073242,
      29.37337303161621,
      30.093353271484375,
      36.657920837402344,
      39.52210235595703,
      39.397220611572266,
      37.06178283691406,
      25.961828231811523,
      22.0670166015625,
      10.492514610290527,
      8.831426620483398
    ],
    [
      26.497461318969727,
      25.4647274017334,
      24.98539924621582,
      24.040382385253906,
      35.796287536621094,
      29.02382469177246,
      25.103466033935547,
      24.910673141479492,
      27.76674461364746,
      28.32010269165039,
      35.04373550415039,
      36.53170394897461,
      34.390228271484375,
      32.62556838989258,
      22.574256896972656,
      19.156110763549805,
      8.734086036682129,
      7.414593696594238
    ],
    [
      26.069311141967773,
      25.777799606323242,
      24.1968936920166,
      24.71822738647461,
      29.02382469177246,
      35.03251266479492,
      23.46359634399414,
      24.19906997680664,
      27.062780380249023,
      27.599042892456055,
      34.07474136352539,
      36.160160064697266,
      33.96298599243164,
      32.35114669799805,
      22.266490936279297,
      18.93238067626953,
      8.6139554977417,
      7.378129959106445
    ],
    [
      28.18423843383789,
      28.672346115112305,
      25.65971565246582,
      25.8313045501709,
      25.103466033935547,
      23.46359634399414,
      46.80085372924805,
      40.99472427368164,
      38.70188903808594,
      40.32433319091797,
      48.414100646972656,
      53.16592788696289,
      49.18246841430664,
      44.492855072021484,
      30.197336196899414,
      24.134065628051758,
      12.05831241607666,
      9.623061180114746
    ],
    [
      30.590633392333984,
      30.75542640686035,
      25.692182540893555,
      26.529264450073242,
      24.910673141479492,
      24.19906997680664,
      40.99472427368164,
      49.43259048461914,
      41.03527069091797,
      43.224754333496094,
      51.209022521972656,
      57.58243179321289,
      52.77385711669922,
      47.90653610229492,
      32.072757720947266,
      25.86489486694336,
      12.858711242675781,
      10.424164772033691
    ],
    [
      34.95241165161133,
      35.94804763793945,
      27.766368865966797,
      29.37337303161621,
      27.76674461364746,
      27.062780380249023,
      38.70188903808594,
      41.03527069091797,
      65.2903823852539,
      61.45598220825195,
      63.736690521240234,
      70.40819549560547,
      64.43902587890625,
      58.998634338378906,
      39.871917724609375,
      33.17198944091797,
      15.79665470123291,
      13.020792007446289
    ],
    [
      37.86201095581055,
      38.732948303222656,
      28.519311904907227,
      30.093353271484375,
      28.32010269165039,
      27.599042892456055,
      40.32433319091797,
      43.224754333496094,
      61.45598220825195,
      68.6107406616211,
      67.89942932128906,
      75.81512451171875,
      68.08351135253906,
      62.62635803222656,
      41.60735321044922,
      34.68006896972656,
      16.50749969482422,
      13.67051887512207
    ],
    [
      49.746826171875,
      50.18162536621094,
      35.7791633605957,
      36.657920837402344,
      35.04373550415039,
      34.07474136352539,
      48.414100646972656,
      51.209022521972656,
      63.736690521240234,
      67.89942932128906,
      95.82966613769531,
      92.98709106445312,
      83.4709701538086,
      77.94131469726562,
      53.535133361816406,
      44.59174346923828,
      21.681058883666992,
      17.85439682006836
    ],
    [
      52.6016845703125,
      51.6561164855957,
      38.7752685546875,
      39.52210235595703,
      36.53170394897461,
      36.160160064697266,
      53.16592788696289,
      57.58243179321289,
      70.40819549560547,
      75.81512451171875,
      92.98709106445312,
      107.19283294677734,
      91.01095581054688,
      84.60197448730469,
      56.59635925292969,
      46.97519302368164,
      22.580469131469727,
      18.652034759521484
    ],
    [
      51.26420211791992,
      51.400814056396484,
      37.48173904418945,
      39.397220611572266,
      34.390228271484375,
      33.96298599243164,
      49.18246841430664,
      52.77385711669922,
      64.43902587890625,
      68.08351135253906,
      83.4709701538086,
      91.01095581054688,
      90.78421020507812,
      82.7828140258789,
      56.3801155090332,
      46.65375900268555,
      22.85200309753418,
      18.576519012451172
    ],
    [
      49.62472152709961,
      49.38977813720703,
      35.36485290527344,
      37.06178283691406,
      32.62556838989258,
      32.35114669799805,
      44.492855072021484,
      47.90653610229492,
      58.998634338378906,
      62.62635803222656,
      77.94131469726562,
      84.60197448730469,
      82.7828140258789,
      78.49251556396484,
      52.627197265625,
      44.3516845703125,
      21.48160171508789,
      17.80850601196289
    ],
    [
      34.96664810180664,
      34.52228546142578,
      25.158784866333008,
      25.961828231811523,
      22.574256896972656,
      22.266490936279297,
      30.197336196899414,
      32.072757720947266,
      39.871917724609375,
      41.60735321044922,
      53.535133361816406,
      56.59635925292969,
      56.3801155090332,
      52.627197265625,
      41.240238189697266,
      33.83099365234375,
      17.188655853271484,
      13.725714683532715
    ],
    [
      31.144241333007812,
      30.76945686340332,
      21.361133575439453,
      22.0670166015625,
      19.156110763549805,
      18.93238067626953,
      24.134065628051758,
      25.86489486694336,
      33.17198944091797,
      34.68006896972656,
      44.59174346923828,
      46.97519302368164,
      46.65375900268555,
      44.3516845703125,
      33.83099365234375,
      29.24153709411621,
      14.493353843688965,
      12.058341979980469
    ],
    [
      13.980552673339844,
      14.11605167388916,
      10.252373695373535,
      10.492514610290527,
      8.734086036682129,
      8.6139554977417,
      12.05831241607666,
      12.858711242675781,
      15.79665470123291,
      16.50749969482422,
      21.681058883666992,
      22.580469131469727,
      22.85200309753418,
      21.48160171508789,
      17.188655853271484,
      14.493353843688965,
      8.07680892944336,
      6.419718265533447
    ],
    [
      12.507363319396973,
      12.43278694152832,
      8.569611549377441,
      8.831426620483398,
      7.414593696594238,
      7.378129959106445,
      9.623061180114746,
      10.424164772033691,
      13.020792007446289,
      13.67051887512207,
      17.85439682006836,
      18.652034759521484,
      18.576519012451172,
      17.80850601196289,
      13.725714683532715,
      12.058341979980469,
      6.419718265533447,
      5.558520793914795
    ]
  ],
  "damage": -12.387184143066406,
  "diff_bandwidth": 608.96533203125,
  "dissonance": 5.037452135560089,
  "drr": -2.258676052093506,
  "dynamics": 4.87507438659668,
  "format": 1245190,
  "frames": 12241856,
  "loudness": -20.5655574798584,
  "loudness_range": 13.728959083557129,
  "loudness_range_short": 14.622512817382812,
  "lowpass_true_peak_15khz": -2.0979833602905273,
  "mastering3_acoustic_entropies": [
    {
      "acoustic_entropy": 6.893397331237793,
      "acoustic_entropy_mono": 6.62040901184082,
      "band_eliminated_acoustic_entropies": [
        {
          "acoustic_entropy": 6.900876998901367,
          "acoustic_entropy_side": 6.894957542419434,
          "hz": 129.47220167065723
        },
        {
          "acoustic_entropy": 6.978118419647217,
          "acoustic_entropy_side": 6.962867259979248,
          "hz": 202.92927478742237
        },
        {
          "acoustic_entropy": 7.08800745010376,
          "acoustic_entropy_side": 6.936160087585449,
          "hz": 282.89161906338205
        },
        {
          "acoustic_entropy": 6.347311496734619,
          "acoustic_entropy_side": 6.887388229370117,
          "hz": 369.9353335868758
        },
        {
          "acoustic_entropy": 6.670526027679443,
          "acoustic_entropy_side": 6.726871013641357,
          "hz": 464.6875360973435
        },
        {
          "acoustic_entropy": 6.511077404022217,
          "acoustic_entropy_side": 7.36202335357666,
          "hz": 567.8308811364784
        },
        {
          "acoustic_entropy": 5.703508377075195,
          "acoustic_entropy_side": 6.867956161499023,
          "hz": 680.1084783214808
        },
        {
          "acoustic_entropy": 6.2089104652404785,
          "acoustic_entropy_side": 6.794942378997803,
          "hz": 802.3292461747484
        },
        {
          "acoustic_entropy": 6.960031032562256,
          "acoustic_entropy_side": 7.569444179534912,
          "hz": 935.3737400823702
        },
        {
          "acoustic_entropy": 6.529656410217285,
          "acoustic_entropy_side": 6.451759338378906,
          "hz": 1080.2004963696966
        },
        {
          "acoustic_entropy": 6.926727771759033,
          "acoustic_entropy_side": 6.838310241699219,
          "hz": 1237.8529382007157
        },
        {
          "acoustic_entropy": 6.9907732009887695,
          "acoustic_entropy_side": 6.758600234985352,
          "hz": 1409.4668930556702
        },
        {
          "acoustic_entropy": 6.595859527587891,
          "acoustic_entropy_side": 6.539531230926514,
          "hz": 1596.2787759475705
        },
        {
          "acoustic_entropy": 6.626039028167725,
          "acoustic_entropy_side": 6.885962963104248,
          "hz": 1799.6344973346393
        },
        {
          "acoustic_entropy": 6.795167922973633,
          "acoustic_entropy_side": 6.718666076660156,
          "hz": 2020.9991599069049
        },
        {
          "acoustic_entropy": 7.008556842803955,
          "acoustic_entropy_side": 6.924590587615967,
          "hz": 2261.9676141086993
        },
        {
          "acoustic_entropy": 6.69771146774292,
          "acoustic_entropy_side": 6.8117547035217285,
          "hz": 2524.2759484456974
        },
        {
          "acoustic_entropy": 6.8017988204956055,
          "acoustic_entropy_side": 6.604657173156738,
          "hz": 2809.813997359896
        },
        {
          "acoustic_entropy": 6.846198558807373,
          "acoustic_entropy_side": 6.862761974334717,
          "hz": 3120.6389567871424
        },
        {
          "acoustic_entropy": 6.64957857131958,
          "acoustic_entropy_side": 6.8265767097473145,
          "hz": 3458.990205492291
        },
        {
          "acoustic_entropy": 6.772788047790527,
          "acoustic_entropy_side": 6.859055042266846,
          "hz": 3827.305438964164
        },
        {
          "acoustic_entropy": 6.7673516273498535,
          "acoustic_entropy_side": 6.851555347442627,
          "hz": 4228.238232109126
        },
        {
          "acoustic_entropy": 6.822632789611816,
          "acoustic_entropy_side": 6.873578071594238,
          "hz": 4664.6771572759235
        },
        {
          "acoustic_entropy": 6.842734336853027,
          "acoustic_entropy_side": 6.88203239440918,
          "hz": 5139.766595350093
        },
        {
          "acoustic_entropy": 6.868927478790283,
          "acoustic_entropy_side": 6.8885650634765625,
          "hz": 5656.929389854203
        },
        {
          "acoustic_entropy": 6.883323669433594,
          "acoustic_entropy_side": 6.890949249267578,
          "hz": 6219.891507268283
        },
        {
          "acoustic_entropy": 6.888696193695068,
          "acoustic_entropy_side": 6.892480373382568,
          "hz": 6832.70888123896
        },
        {
          "acoustic_entropy": 6.890176773071289,
          "acoustic_entropy_side": 6.892895698547363,
          "hz": 7499.796634079867
        },
        {
          "acoustic_entropy": 6.892021656036377,
          "acoustic_entropy_side": 6.893181324005127,
          "hz": 8225.96088609342
        },
        {
          "acoustic_entropy": 6.893008708953857,
          "acoustic_entropy_side": 6.893339157104492,
          "hz": 9016.43338188839
        },
        {
          "acoustic_entropy": 6.893224239349365,
          "acoustic_entropy_side": 6.893365383148193,
          "hz": 9876.909183162974
        },
        {
          "acoustic_entropy": 6.893322467803955,
          "acoustic_entropy_side": 6.893383026123047,
          "hz": 10813.587699516042
        },
        {
          "acoustic_entropy": 6.893365383148193,
          "acoustic_entropy_side": 6.893391132354736,
          "hz": 11833.21735289826
        },
        {
          "acoustic_entropy": 6.893377780914307,
          "acoustic_entropy_side": 6.893394470214844,
          "hz": 12943.144197493959
        },
        {
          "acoustic_entropy": 6.89339017868042,
          "acoustic_entropy_side": 6.893395900726318,
          "hz": 14151.364845322005
        },
        {
          "acoustic_entropy": 6.893391132354736,
          "acoustic_entropy_side": 6.89339542388916,
          "hz": 15466.58407886509
        },
        {
          "acoustic_entropy": 6.893393516540527,
          "acoustic_entropy_side": 6.893395900726318,
          "hz": 16898.27756580493
        },
        {
          "acoustic_entropy": 6.89339542388916,
          "acoustic_entropy_side": 6.893396854400635,
          "hz": 18456.760127700032
        },
        {
          "acoustic_entropy": 6.893396854400635,
          "acoustic_entropy_side": 6.893396854400635,
          "hz": 20153.260054456492
        },
        {
          "acoustic_entropy": 6.893397331237793,
          "acoustic_entropy_side": 6.893397331237793,
          "hz": 22000.00000000001
        }
      ],
      "diff_acoustic_entropy": 2.2815940380096436,
      "sn": 6
    },
    {
      "acoustic_entropy": 11.42464542388916,
      "acoustic_entropy_mono": 9.740638732910156,
      "band_eliminated_acoustic_entropies": [
        {
          "acoustic_entropy": 11.439560890197754,
          "acoustic_entropy_side": 11.434381484985352,
          "hz": 129.47220167065723
        },
        {
          "acoustic_entropy": 11.315732955932617,
          "acoustic_entropy_side": 11.4348783493042,
          "hz": 202.92927478742237
        },
        {
          "acoustic_entropy": 11.41646957397461,
          "acoustic_entropy_side": 11.562255859375,
          "hz": 282.89161906338205
        },
        {
          "acoustic_entropy": 10.622955322265625,
          "acoustic_entropy_side": 10.978458404541016,
          "hz": 369.9353335868758
        },
        {
          "acoustic_entropy": 11.663954734802246,
          "acoustic_entropy_side": 11.269692420959473,
          "hz": 464.6875360973435
        },
        {
          "acoustic_entropy": 11.837047576904297,
          "acoustic_entropy_side": 11.85995864868164,
          "hz": 567.8308811364784
        },
        {
          "acoustic_entropy": 10.968810081481934,
          "acoustic_entropy_side": 11.866636276245117,
          "hz": 680.1084783214808
        },
        {
          "acoustic_entropy": 10.232604026794434,
          "acoustic_entropy_side": 11.315119743347168,
          "hz": 802.3292461747484
        },
        {
          "acoustic_entropy": 10.924234390258789,
          "acoustic_entropy_side": 11.738504409790039,
          "hz": 935.3737400823702
        },
        {
          "acoustic_entropy": 10.373442649841309,
          "acoustic_entropy_side": 10.706238746643066,
          "hz": 1080.2004963696966
        },
        {
          "acoustic_entropy": 11.334893226623535,
          "acoustic_entropy_side": 11.96298599243164,
          "hz": 1237.8529382007157
        },
        {
          "acoustic_entropy": 9.954638481140137,
          "acoustic_entropy_side": 10.847558975219727,
          "hz": 1409.4668930556702
        },
        {
          "acoustic_entropy": 10.036447525024414,
          "acoustic_entropy_side": 11.11464786529541,
          "hz": 1596.2787759475705
        },
        {
          "acoustic_entropy": 10.919380187988281,
          "acoustic_entropy_side": 11.34145736694336,
          "hz": 1799.6344973346393
        },
        {
          "acoustic_entropy": 11.371895790100098,
          "acoustic_entropy_side": 11.383060455322266,
          "hz": 2020.9991599069049
        },
        {
          "acoustic_entropy": 11.41705322265625,
          "acoustic_entropy_side": 11.483382225036621,
          "hz": 2261.9676141086993
        },
        {
          "acoustic_entropy": 10.97077751159668,
          "acoustic_entropy_side": 11.149560928344727,
          "hz": 2524.2759484456974
        },
        {
          "acoustic_entropy": 10.649931907653809,
          "acoustic_entropy_side": 11.166010856628418,
          "hz": 2809.813997359896
        },
        {
          "acoustic_entropy": 11.519824028015137,
          "acoustic_entropy_side": 11.508556365966797,
          "hz": 3120.6389567871424
        },
        {
          "acoustic_entropy": 11.129053115844727,
          "acoustic_entropy_side": 11.33461856842041,
          "hz": 3458.990205492291
        },
        {
          "acoustic_entropy": 11.366565704345703,
          "acoustic_entropy_side": 11.416853904724121,
          "hz": 3827.305438964164
        },
        {
          "acoustic_entropy": 11.396082878112793,
          "acoustic_entropy_side": 11.422297477722168,
          "hz": 4228.238232109126
        },
        {
          "acoustic_entropy": 11.407495498657227,
          "acoustic_entropy_side": 11.434998512268066,
          "hz": 4664.6771572759235
        },
        {
          "acoustic_entropy": 11.462285995483398,
          "acoustic_entropy_side": 11.421374320983887,
          "hz": 5139.766595350093
        },
        {
          "acoustic_entropy": 11.43091869354248,
          "acoustic_entropy_side": 11.425240516662598,
          "hz": 5656.929389854203
        },
        {
          "acoustic_entropy": 11.427687644958496,
          "acoustic_entropy_side": 11.42489242553711,
          "hz": 6219.891507268283
        },
        {
          "acoustic_entropy": 11.42463493347168,
          "acoustic_entropy_side": 11.424457550048828,
          "hz": 6832.70888123896
        },
        {
          "acoustic_entropy": 11.424057960510254,
          "acoustic_entropy_side": 11.424723625183105,
          "hz": 7499.796634079867
        },
        {
          "acoustic_entropy": 11.425714492797852,
          "acoustic_entropy_side": 11.42473316192627,
          "hz": 8225.96088609342
        },
        {
          "acoustic_entropy": 11.42560863494873,
          "acoustic_entropy_side": 11.424760818481445,
          "hz": 9016.43338188839
        },
        {
          "acoustic_entropy": 11.424820899963379,
          "acoustic_entropy_side": 11.4246826171875,
          "hz": 9876.909183162974
        },
        {
          "acoustic_entropy": 11.424713134765625,
          "acoustic_entropy_side": 11.424663543701172,
          "hz": 10813.587699516042
        },
        {
          "acoustic_entropy": 11.424728393554688,
          "acoustic_entropy_side": 11.424657821655273,
          "hz": 11833.21735289826
        },
        {
          "acoustic_entropy": 11.424691200256348,
          "acoustic_entropy_side": 11.424654006958008,
          "hz": 12943.144197493959
        },
        {
          "acoustic_entropy": 11.424665451049805,
          "acoustic_entropy_side": 11.424650192260742,
          "hz": 14151.364845322005
        },
        {
          "acoustic_entropy": 11.424654960632324,
          "acoustic_entropy_side": 11.424646377563477,
          "hz": 15466.58407886509
        },
        {
          "acoustic_entropy": 11.424649238586426,
          "acoustic_entropy_side": 11.424646377563477,
          "hz": 16898.27756580493
        },
        {
          "acoustic_entropy": 11.42464542388916,
          "acoustic_entropy_side": 11.42464542388916,
          "hz": 18456.760127700032
        },
        {
          "acoustic_entropy": 11.424646377563477,
          "acoustic_entropy_side": 11.42464542388916,
          "hz": 20153.260054456492
        },
        {
          "acoustic_entropy": 11.42464542388916,
          "acoustic_entropy_side": 11.42464542388916,
          "hz": 22000.00000000001
        }
      ],
      "diff_acoustic_entropy": 4.342248439788818,
      "sn": 12
    },
    {
      "acoustic_entropy": 17.199094772338867,
      "acoustic_entropy_mono": 15.492585182189941,
      "band_eliminated_acoustic_entropies": [
        {
          "acoustic_entropy": 17.07134246826172,
          "acoustic_entropy_side": 17.257932662963867,
          "hz": 129.47220167065723
        },
        {
          "acoustic_entropy": 17.54798126220703,
          "acoustic_entropy_side": 16.2008056640625,
          "hz": 202.92927478742237
        },
        {
          "acoustic_entropy": 16.709796905517578,
          "acoustic_entropy_side": 16.527103424072266,
          "hz": 282.89161906338205
        },
        {
          "acoustic_entropy": 17.261171340942383,
          "acoustic_entropy_side": 17.713476181030273,
          "hz": 369.9353335868758
        },
        {
          "acoustic_entropy": 18.320951461791992,
          "acoustic_entropy_side": 18.49298095703125,
          "hz": 464.6875360973435
        },
        {
          "acoustic_entropy": 15.971355438232422,
          "acoustic_entropy_side": 17.601577758789062,
          "hz": 567.8308811364784
        },
        {
          "acoustic_entropy": 15.705275535583496,
          "acoustic_entropy_side": 17.70937156677246,
          "hz": 680.1084783214808
        },
        {
          "acoustic_entropy": 17.05812644958496,
          "acoustic_entropy_side": 17.05050277709961,
          "hz": 802.3292461747484
        },
        {
          "acoustic_entropy": 16.888349533081055,
          "acoustic_entropy_side": 17.621477127075195,
          "hz": 935.3737400823702
        },
        {
          "acoustic_entropy": 17.673078536987305,
          "acoustic_entropy_side": 17.300640106201172,
          "hz": 1080.2004963696966
        },
        {
          "acoustic_entropy": 16.056283950805664,
          "acoustic_entropy_side": 17.442623138427734,
          "hz": 1237.8529382007157
        },
        {
          "acoustic_entropy": 16.369646072387695,
          "acoustic_entropy_side": 16.143585205078125,
          "hz": 1409.4668930556702
        },
        {
          "acoustic_entropy": 15.98005199432373,
          "acoustic_entropy_side": 16.90717315673828,
          "hz": 1596.2787759475705
        },
        {
          "acoustic_entropy": 17.274091720581055,
          "acoustic_entropy_side": 17.302104949951172,
          "hz": 1799.6344973346393
        },
        {
          "acoustic_entropy": 17.057327270507812,
          "acoustic_entropy_side": 17.078115463256836,
          "hz": 2020.9991599069049
        },
        {
          "acoustic_entropy": 17.127233505249023,
          "acoustic_entropy_side": 17.423906326293945,
          "hz": 2261.9676141086993
        },
        {
          "acoustic_entropy": 16.98067283630371,
          "acoustic_entropy_side": 17.200721740722656,
          "hz": 2524.2759484456974
        },
        {
          "acoustic_entropy": 16.981821060180664,
          "acoustic_entropy_side": 17.271854400634766,
          "hz": 2809.813997359896
        },
        {
          "acoustic_entropy": 16.769990921020508,
          "acoustic_entropy_side": 17.16252899169922,
          "hz": 3120.6389567871424
        },
        {
          "acoustic_entropy": 17.029109954833984,
