{
  "acoustic_entropy": 114.59754180908203,
  "bands": [
    {
      "high_freq": 148.1999969482422,
      "loudness": -43.8868293762207,
      "loudness_range": 21.33072280883789,
      "mid_mean": -40.335350036621094,
      "mid_to_side_loudness": -24.322704315185547,
      "mid_to_side_loudness_range": 16.7596435546875,
      "side_mean": -63.31934356689453
    },
    {
      "high_freq": 392.3793640136719,
      "loudness": -32.440284729003906,
      "loudness_range": 18.694711685180664,
      "low_freq": 148.1999969482422,
      "mid_mean": -28.99400520324707,
      "mid_to_side_loudness": -17.466251373291016,
      "mid_to_side_loudness_range": 14.634675025939941,
      "side_mean": -46.96089172363281
    },
    {
      "high_freq": 794.6976318359375,
      "loudness": -35.31057357788086,
      "loudness_range": 18.252197265625,
      "low_freq": 392.3793640136719,
      "mid_mean": -32.035850524902344,
      "mid_to_side_loudness": -16.15953254699707,
      "mid_to_side_loudness_range": 15.213480949401855,
      "side_mean": -50.745243072509766
    },
    {
      "high_freq": 1457.5709228515625,
      "loudness": -43.1766471862793,
      "loudness_range": 21.739490509033203,
      "low_freq": 794.6976318359375,
      "mid_mean": -39.914180755615234,
      "mid_to_side_loudness": -17.1516056060791,
      "mid_to_side_loudness_range": 11.013887405395508,
      "side_mean": -58.1515998840332
    },
    {
      "high_freq": 2549.74365234375,
      "loudness": -46.555110931396484,
      "loudness_range": 18.737747192382812,
      "low_freq": 1457.5709228515625,
      "mid_mean": -43.316246032714844,
      "mid_to_side_loudness": -16.100101470947266,
      "mid_to_side_loudness_range": 10.303107261657715,
      "side_mean": -60.10498809814453
    },
    {
      "high_freq": 4349.24462890625,
      "loudness": -50.29523468017578,
      "loudness_range": 20.831703186035156,
      "low_freq": 2549.74365234375,
      "mid_mean": -47.74373245239258,
      "mid_to_side_loudness": -19.46124839782715,
      "mid_to_side_loudness_range": 11.350621223449707,
      "side_mean": -64.91796112060547
    },
    {
      "high_freq": 7314.1640625,
      "loudness": -58.77155303955078,
      "loudness_range": 22.84697723388672,
      "low_freq": 4349.24462890625,
      "mid_mean": -56.81182861328125,
      "mid_to_side_loudness": -23.891992568969727,
      "mid_to_side_loudness_range": 20.725780487060547,
      "side_mean": -69.04356384277344
    },
    {
      "high_freq": 12199.2666015625,
      "loudness": -67.7549819946289,
      "loudness_range": 26.044273376464844,
      "low_freq": 7314.1640625,
      "mid_mean": -63.32421875,
      "mid_to_side_loudness": -22.670480728149414,
      "mid_to_side_loudness_range": 29.573535919189453,
      "side_mean": -69.86375427246094
    },
    {
      "loudness": -79.59771728515625,
      "loudness_range": 13.595916748046875,
      "low_freq": 12199.2666015625,
      "mid_mean": -68.87963104248047,
      "mid_to_side_loudness": -4.5595598220825195,
      "mid_to_side_loudness_range": 9.994597434997559,
      "side_mean": -69.77039337158203
    }
  ],
  "bands_short": [
    {
      "high_freq": 148.1999969482422,
      "loudness": -46.17189407348633,
      "loudness_range": 23.325477600097656,
      "mid_mean": -42.76970291137695,
      "mid_to_side_loudness": -24.619916915893555,
      "mid_to_side_loudness_range": 22.793704986572266,
      "side_mean": -64.8184814453125
    },
    {
      "high_freq": 392.3793640136719,
      "loudness": -32.99030685424805,
      "loudness_range": 20.3209171295166,
      "low_freq": 148.1999969482422,
      "mid_mean": -29.59125518798828,
      "mid_to_side_loudness": -17.514238357543945,
      "mid_to_side_loudness_range": 17.341476440429688,
      "side_mean": -47.63764190673828
    },
    {
      "high_freq": 794.6976318359375,
      "loudness": -35.83625030517578,
      "loudness_range": 19.928447723388672,
      "low_freq": 392.3793640136719,
      "mid_mean": -32.60670471191406,
      "mid_to_side_loudness": -15.798819541931152,
      "mid_to_side_loudness_range": 17.727474212646484,
      "side_mean": -50.88988494873047
    },
    {
      "high_freq": 1457.5709228515625,
      "loudness": -43.274864196777344,
      "loudness_range": 20.300024032592773,
      "low_freq": 794.6976318359375,
      "mid_mean": -40.04446792602539,
      "mid_to_side_loudness": -16.95508575439453,
      "mid_to_side_loudness_range": 14.928817749023438,
      "side_mean": -58.114742279052734
    },
    {
      "high_freq": 2549.74365234375,
      "loudness": -46.952354431152344,
      "loudness_range": 18.87633514404297,
      "low_freq": 1457.5709228515625,
      "mid_mean": -43.74629592895508,
      "mid_to_side_loudness": -16.00800132751465,
      "mid_to_side_loudness_range": 12.221110343933105,
      "side_mean": -60.326622009277344
    },
    {
      "high_freq": 4349.24462890625,
      "loudness": -50.33633804321289,
      "loudness_range": 21.312210083007812,
      "low_freq": 2549.74365234375,
      "mid_mean": -47.828697204589844,
      "mid_to_side_loudness": -19.4390869140625,
      "mid_to_side_loudness_range": 12.05713176727295,
      "side_mean": -64.86034393310547
    },
    {
      "high_freq": 7314.1640625,
      "loudness": -58.858272552490234,
      "loudness_range": 23.245662689208984,
      "low_freq": 4349.24462890625,
      "mid_mean": -56.8768310546875,
      "mid_to_side_loudness": -23.684173583984375,
      "mid_to_side_loudness_range": 21.226043701171875,
      "side_mean": -69.0224609375
    },
    {
      "high_freq": 12199.2666015625,
      "loudness": -67.83473205566406,
      "loudness_range": 25.5433349609375,
      "low_freq": 7314.1640625,
      "mid_mean": -63.408443450927734,
      "mid_to_side_loudness": -22.306467056274414,
      "mid_to_side_loudness_range": 29.267925262451172,
      "side_mean": -69.8672103881836
    },
    {
      "loudness": -79.65211486816406,
      "loudness_range": 12.773948669433594,
      "low_freq": 12199.2666015625,
      "mid_mean": -68.89720916748047,
      "mid_to_side_loudness": -4.510825157165527,
      "mid_to_side_loudness_range": 10.195716857910156,
      "side_mean": -69.77010345458984
    }
  ],
  "bandwidth": 450.34014892578125,
  "channels": 2,
  "covariance": [
    [
      52.899940490722656,
      26.116661071777344,
      13.464799880981445,
      16.47157096862793,
      21.25942611694336,
      24.288455963134766,
      24.843259811401367,
      24.921560287475586,
      29.698991775512695,
      26.174055099487305,
      34.76283264160156,
      19.461307525634766,
      30.928804397583008,
      4.74581241607666,
      20.81230926513672,
      0.2138705551624298,
      3.0545449256896973,
      -0.02726186066865921
    ],
    [
      26.116661071777344,
      32.34297180175781,
      8.782694816589355,
      11.153404235839844,
      12.503585815429688,
      27.39375114440918,
      6.696816921234131,
      16.392227172851562,
      14.387567520141602,
      19.964305877685547,
      16.056072235107422,
      10.504317283630371,
      19.4963321685791,
      1.7190494537353516,
      10.479327201843262,
      0.2087915688753128,
      0.4513411521911621,
      0.10419834405183792
    ],
    [
      13.464799880981445,
      8.782694816589355,
      47.258018493652344,
      38.25606918334961,
      25.263425827026367,
      25.77028465270996,
      17.88871192932129,
      16.857839584350586,
      19.86830711364746,
      17.17983055114746,
      20.40355110168457,
      5.298271179199219,
      12.427523612976074,
      -1.189612627029419,
      0.6851015686988831,
      -0.28317201137542725,
      -2.4254000186920166,
      0.003965629264712334
    ],
    [
      16.47157096862793,
      11.153404235839844,
      38.25606918334961,
      55.28330612182617,
      20.209625244140625,
      28.477025985717773,
      14.892721176147461,
      18.412614822387695,
      18.113811492919922,
      18.610891342163086,
      19.500717163085938,
      4.621348857879639,
      13.2559232711792,
      -2.0475707054138184,
      -0.20259451866149902,
      -0.5898681282997131,
      -3.033916711807251,
      0.02007451467216015
    ],
    [
      21.25942611694336,
      12.503585815429688,
      25.263425827026367,
      20.209625244140625,
      46.25061798095703,
      35.857688903808594,
      24.180871963500977,
      19.6433048248291,
      26.7230281829834,
      20.67445182800293,
      29.78703498840332,
      12.48741340637207,
      23.56731605529785,
      1.8164477348327637,
      11.656804084777832,
      -0.10572423785924911,
      0.1829550564289093,
      0.005114508792757988
    ],
    [
      24.288455963134766,
      27.39375114440918,
      25.77028465270996,
      28.477025985717773,
      35.857688903808594,
      79.07979583740234,
      22.4666748046875,
      43.36833190917969,
      24.71078872680664,
      40.396392822265625,
      32.16960525512695,
      22.27197265625,
      47.21051025390625,
      3.927593469619751,
      23.48442268371582,
      0.08708338439464569,
      2.802302598953247,
      0.3218185305595398
    ],
    [
      24.843259811401367,
      6.696816921234131,
      17.88871192932129,
      14.892721176147461,
      24.180871963500977,
      22.4666748046875,
      57.82762908935547,
      40.41484069824219,
      42.948577880859375,
      32.93836212158203,
      54.10643005371094,
      28.10174560546875,
      51.071712493896484,
      9.994657516479492,
      39.94524002075195,
      1.4356688261032104,
      10.132073402404785,
      -0.041834913194179535
    ],
    [
      24.921560287475586,
      16.392227172851562,
      16.857839584350586,
      18.412614822387695,
      19.6433048248291,
      43.36833190917969,
      40.41484069824219,
      49.250755310058594,
      32.56794738769531,
      38.77482223510742,
      45.58990478515625,
      28.901010513305664,
      52.45050811767578,
      8.954307556152344,
      36.102622985839844,
      1.3381115198135376,
      8.15530776977539,
      0.16537633538246155
    ],
    [
      29.698991775512695,
      14.387567520141602,
      19.86830711364746,
      18.113811492919922,
      26.7230281829834,
      24.71078872680664,
      42.948577880859375,
      32.56794738769531,
      47.68592834472656,
      33.922542572021484,
      47.21030807495117,
      24.13726806640625,
      42.56732940673828,
      7.18003511428833,
      31.665098190307617,
      0.90357905626297,
      6.816099166870117,
      -0.026758873835206032
    ],
    [
      26.174055099487305,
      19.964305877685547,
      17.17983055114746,
      18.610891342163086,
      20.67445182800293,
      40.396392822265625,
      32.93836212158203,
      38.77482223510742,
      33.922542572021484,
      39.03190231323242,
      40.57365798950195,
      25.059879302978516,
      44.33045196533203,
      6.718716144561768,
      29.873836517333984,
      0.8827798366546631,
      5.856847763061523,
      0.14247198402881622
    ],
    [
      34.76283264160156,
      16.056072235107422,
      20.40355110168457,
      19.500717163085938,
      29.78703498840332,
      32.16960525512695,
      54.10643005371094,
      45.58990478515625,
      47.21030807495117,
      40.57365798950195,
      69.10110473632812,
      34.39125442504883,
      60.272247314453125,
      10.822000503540039,
      45.3121337890625,
      1.4731169939041138,
      10.360156059265137,
      -0.03659733757376671
    ],
    [
      19.461307525634766,
      10.504317283630371,
      5.298271179199219,
      4.621348857879639,
      12.48741340637207,
      22.27197265625,
      28.10174560546875,
      28.901010513305664,
      24.13726806640625,
      25.059879302978516,
      34.39125442504883,
      23.026226043701172,
      35.40536880493164,
      7.461682319641113,
      27.168701171875,
      1.0786131620407104,
      6.597829341888428,
      0.05402581766247749
    ],
    [
      30.928804397583008,
      19.4963321685791,
      12.427523612976074,
      13.2559232711792,
      23.56731605529785,
      47.21051025390625,
      51.071712493896484,
      52.45050811767578,
      42.56732940673828,
      44.33045196533203,
      60.272247314453125,
      35.40536880493164,
      69.31879425048828,
      11.587883949279785,
      50.31006622314453,
      1.722574234008789,
      11.928023338317871,
      0.17696000635623932
    ],
    [
      4.74581241607666,
      1.7190494537353516,
      -1.189612627029419,
      -2.0475707054138184,
      1.8164477348327637,
      3.927593469619751,
      9.994657516479492,
      8.954307556152344,
      7.18003511428833,
      6.718716144561768,
      10.822000503540039,
      7.461682319641113,
      11.587883949279785,
      3.4928667545318604,
      10.521062850952148,
      0.657328188419342,
      3.250551700592041,
      -0.0032413098961114883
    ],
    [
      20.81230926513672,
      10.479327201843262,
      0.6851015686988831,
      -0.20259451866149902,
      11.656804084777832,
      23.48442268371582,
      39.94524002075195,
      36.102622985839844,
      31.665098190307617,
      29.873836517333984,
      45.3121337890625,
      27.168701171875,
      50.31006622314453,
      10.521062850952148,
      43.05986785888672,
      1.9355849027633667,
      11.655845642089844,
      0.06087395176291466
    ],
    [
      0.2138705551624298,
      0.2087915688753128,
      -0.28317201137542725,
      -0.5898681282997131,
      -0.10572423785924911,
      0.08708338439464569,
      1.4356688261032104,
      1.3381115198135376,
      0.90357905626297,
      0.8827798366546631,
      1.4731169939041138,
      1.0786131620407104,
      1.722574234008789,
      0.657328188419342,
      1.9355849027633667,
      0.2805260419845581,
      0.7233996391296387,
      -0.0033494678791612387
    ],
    [
      3.0545449256896973,
      0.4513411521911621,
      -2.4254000186920166,
      -3.033916711807251,
      0.1829550564289093,
      2.802302598953247,
      10.132073402404785,
      8.15530776977539,
      6.816099166870117,
      5.856847763061523,
      10.360156059265137,
      6.597829341888428,
      11.928023338317871,
      3.250551700592041,
      11.655845642089844,
      0.7233996391296387,
      4.215612411499023,
      -0.005173440091311932
    ],
    [
      -0.02726186066865921,
      0.10419834405183792,
      0.003965629264712334,
      0.02007451467216015,
      0.005114508792757988,
      0.3218185305595398,
      -0.041834913194179535,
      0.16537633538246155,
      -0.026758873835206032,
      0.14247198402881622,
      -0.03659733757376671,
      0.05402581766247749,
      0.17696000635623932,
      -0.0032413098961114883,
      0.06087395176291466,
      -0.0033494678791612387,
      -0.005173440091311932,
      0.004181649070233107
    ]
  ],
  "covariance_short": [
    [
      61.788299560546875,
      22.01556968688965,
      14.178951263427734,
      16.34432601928711,
      19.32756805419922,
      24.0483341217041,
      23.371095657348633,
      22.749664306640625,
      26.74917984008789,
      24.291730880737305,
      33.89889907836914,
      18.623367309570312,
      30.08716583251953,
      4.327925205230713,
      19.39118766784668,
      -0.08299338817596436,
      2.6790401935577393,
      -0.020065821707248688
    ],
    [
      22.01556968688965,
      28.637035369873047,
      7.546451091766357,
      9.420283317565918,
      9.23122787475586,
      20.6319637298584,
      5.510313510894775,
      12.030592918395996,
      10.956046104431152,
      15.110227584838867,
      11.923749923706055,
      7.323459148406982,
      14.4918851852417,
      0.8948969841003418,
      7.19859504699707,
      0.05332102254033089,
      0.23401710391044617,
      0.08806898444890976
    ],
    [
      14.178951263427734,
      7.546451091766357,
      52.69892883300781,
      37.09130096435547,
      30.69818687438965,
      27.15322494506836,
      18.489255905151367,
      16.545673370361328,
      21.816661834716797,
      18.2432804107666,
      22.960914611816406,
      6.872066497802734,
      13.840692520141602,
      -0.68218594789505,
      2.061394214630127,
      -0.3248007595539093,
      -2.031217098236084,
      0.001232848153449595
    ],
    [
      16.34432601928711,
      9.420283317565918,
      37.09130096435547,
      60.01740264892578,
      25.47249412536621,
      32.0032844543457,
      13.678569793701172,
      17.11035919189453,
      18.762746810913086,
      18.86071014404297,
      20.018638610839844,
      4.836552619934082,
      12.69194507598877,
      -1.9549291133880615,
      -0.5490480661392212,
      -0.5376651883125305,
      -3.011350393295288,
      0.018841762095689774
    ],
    [
      19.32756805419922,
      9.23122787475586,
      30.69818687438965,
      25.47249412536621,
      54.734474182128906,
      37.527828216552734,
      21.43724250793457,
      18.5819034576416,
      26.401628494262695,
      20.342885971069336,
      30.33854866027832,
      11.604896545410156,
      22.699800491333008,
      0.9026874899864197,
      9.509032249450684,
      -0.1812753677368164,
      -0.6437162160873413,
      0.007103868294507265
    ],
    [
      24.0483341217041,
      20.6319637298584,
      27.15322494506836,
      32.0032844543457,
      37.527828216552734,
      83.34100341796875,
      21.22945213317871,
      42.32892608642578,
      24.83198356628418,
      39.17841339111328,
      33.40217590332031,
      22.43706512451172,
      46.836158752441406,
      3.601207971572876,
      22.3346004486084,
      0.01812172681093216,
      2.386845111846924,
      0.3205801844596863
    ],
    [
      23.371095657348633,
      5.510313510894775,
      18.489255905151367,
      13.678569793701172,
      21.43724250793457,
      21.22945213317871,
      57.242679595947266,
      35.842498779296875,
      41.16478729248047,
      30.850675582885742,
      51.846160888671875,
      26.882627487182617,
      48.56137466430664,
      9.53456974029541,
      37.56953048706055,
      1.2892524003982544,
      9.36452865600586,
      -0.04204699397087097
    ],
    [
      22.749664306640625,
      12.030592918395996,
      16.545673370361328,
      17.11035919189453,
      18.5819034576416,
      42.32892608642578,
      35.842498779296875,
      49.82868194580078,
      30.368534088134766,
      37.234214782714844,
      44.261138916015625,
      28.340517044067383,
      50.36979293823242,
      8.777592658996582,
      34.327701568603516,
      1.221028208732605,
      7.5820088386535645,
      0.16504308581352234
    ],
    [
      26.74917984008789,
      10.956046104431152,
      21.816661834716797,
      18.762746810913086,
      26.401628494262695,
      24.83198356628418,
      41.16478729248047,
      30.368534088134766,
      49.768890380859375,
      32.87535095214844,
      47.7416877746582,
      24.03749656677246,
      42.718223571777344,
      7.196956634521484,
      31.15538787841797,
      0.8406455516815186,
      6.51829195022583,
      -0.02342996932566166
    ],
    [
      24.291730880737305,
      15.110227584838867,
      18.2432804107666,
      18.86071014404297,
      20.342885971069336,
      39.17841339111328,
      30.850675582885742,
      37.234214782714844,
      32.87535095214844,
      39.13409423828125,
      40.41769790649414,
      24.81310272216797,
      43.294864654541016,
      6.7383341789245605,
      28.77398681640625,
      0.8263784646987915,
      5.471018314361572,
      0.13912919163703918
    ],
    [
      33.89889907836914,
      11.923749923706055,
      22.960914611816406,
      20.018638610839844,
      30.33854866027832,
      33.40217590332031,
      51.846160888671875,
      44.261138916015625,
      47.7416877746582,
      40.41769790649414,
      72.05558013916016,
      34.81229019165039,
      61.650535583496094,
      11.002331733703613,
      45.50580978393555,
      1.3800848722457886,
      10.172417640686035,
      -0.036753859370946884
    ],
    [
      18.623367309570312,
      7.323459148406982,
      6.872066497802734,
      4.836552619934082,
      11.604896545410156,
      22.43706512451172,
      26.882627487182617,
      28.340517044067383,
      24.03749656677246,
      24.81310272216797,
      34.81229019165039,
      23.93702507019043,
      35.796207427978516,
      7.668274402618408,
      27.218095779418945,
      1.0361754894256592,
      6.479969501495361,
      0.05391005426645279
    ],
    [
      30.08716583251953,
      14.4918851852417,
      13.840692520141602,
      12.69194507598877,
      22.699800491333008,
      46.836158752441406,
      48.56137466430664,
      50.36979293823242,
      42.718223571777344,
      43.294864654541016,
      61.650535583496094,
      35.796207427978516,
      70.49656677246094,
      11.805072784423828,
      50.309200286865234,
      1.6743603944778442,
      11.765890121459961,
      0.17196279764175415
    ],
    [
      4.327925205230713,
      0.8948969841003418,
      -0.68218594789505,
      -1.9549291133880615,
      0.9026874899864197,
      3.601207971572876,
      9.53456974029541,
      8.777592658996582,
      7.196956634521484,
      6.7383341789245605,
      11.002331733703613,
      7.668274402618408,
      11.805072784423828,
      3.7570269107818604,
      10.652109146118164,
      0.6713418960571289,
      3.199582099914551,
      -0.003846287028864026
    ],
    [
      19.39118766784668,
      7.19859504699707,
      2.061394214630127,
      -0.5490480661392212,
      9.509032249450684,
      22.3346004486084,
      37.56953048706055,
      34.327701568603516,
      31.15538787841797,
      28.77398681640625,
      45.50580978393555,
      27.218095779418945,
      50.309200286865234,
      10.652109146118164,
      43.11374282836914,
      1.850064992904663,
      11.395030975341797,
      0.05751044303178787
    ],
    [
      -0.08299338817596436,
      0.05332102254033089,
      -0.3248007595539093,
      -0.5376651883125305,
      -0.1812753677368164,
      0.01812172681093216,
      1.2892524003982544,
      1.221028208732605,
      0.8406455516815186,
      0.8263784646987915,
      1.3800848722457886,
      1.0361754894256592,
      1.6743603944778442,
      0.6713418960571289,
      1.850064992904663,
      0.2947457730770111,
      0.6630004644393921,
      -0.0031025863718241453
    ],
    [
      2.6790401935577393,
      0.23401710391044617,
      -2.031217098236084,
      -3.011350393295288,
      -0.6437162160873413,
      2.386845111846924,
      9.36452865600586,
      7.5820088386535645,
      6.51829195022583,
      5.471018314361572,
      10.172417640686035,
      6.479969501495361,
      11.765890121459961,
      3.199582099914551,
      11.395030975341797,
      0.6630004644393921,
      4.187135219573975,
      -0.006513491738587618
    ],
    [
      -0.020065821707248688,
      0.08806898444890976,
      0.001232848153449595,
      0.018841762095689774,
      0.007103868294507265,
      0.3205801844596863,
      -0.04204699397087097,
      0.16504308581352234,
      -0.02342996932566166,
      0.13912919163703918,
      -0.036753859370946884,
      0.05391005426645279,
      0.17196279764175415,
      -0.003846287028864026,
      0.05751044303178787,
      -0.0031025863718241453,
      -0.006513491738587618,
      0.0053010438568890095
    ]
  ],
  "damage": -15.66886043548584,
  "diff_bandwidth": 466.1912841796875,
  "dissonance": 3.2163607949906634,
  "drr": 8.045695304870605,
  "dynamics": 4.89198112487793,
  "format": 1245190,
  "frames": 3125184,
  "loudness": -24.865257263183594,
  "loudness_range": 14.992624282836914,
  "loudness_range_short": 16.28227424621582,
  "lowpass_true_peak_15khz": -8.34033203125,
  "mastering3_acoustic_entropies": [
    {
      "acoustic_entropy": 8.326781272888184,
      "acoustic_entropy_mono": 8.390863418579102,
      "band_eliminated_acoustic_entropies": [
        {
          "acoustic_entropy": 8.36476993560791,
          "acoustic_entropy_side": 8.326797485351562,
          "hz": 129.47220167065723
        },
        {
          "acoustic_entropy": 8.640851974487305,
          "acoustic_entropy_side": 8.328413009643555,
          "hz": 202.92927478742237
        },
        {
          "acoustic_entropy": 7.226093292236328,
          "acoustic_entropy_side": 8.3195161819458,
          "hz": 282.89161906338205
        },
        {
          "acoustic_entropy": 8.482029914855957,
          "acoustic_entropy_side": 8.51739501953125,
          "hz": 369.9353335868758
        },
        {
          "acoustic_entropy": 6.831165313720703,
          "acoustic_entropy_side": 8.331221580505371,
          "hz": 464.6875360973435
        },
        {
          "acoustic_entropy": 8.77712345123291,
          "acoustic_entropy_side": 8.375248908996582,
          "hz": 567.8308811364784
        },
        {
          "acoustic_entropy": 7.377734661102295,
          "acoustic_entropy_side": 8.307877540588379,
          "hz": 680.1084783214808
        },
        {
          "acoustic_entropy": 9.151185035705566,
          "acoustic_entropy_side": 8.33166217803955,
          "hz": 802.3292461747484
        },
        {
          "acoustic_entropy": 7.805722236633301,
          "acoustic_entropy_side": 8.326156616210938,
          "hz": 935.3737400823702
        },
        {
          "acoustic_entropy": 8.985702514648438,
          "acoustic_entropy_side": 8.335610389709473,
          "hz": 1080.2004963696966
        },
        {
          "acoustic_entropy": 8.429678916931152,
          "acoustic_entropy_side": 8.377568244934082,
          "hz": 1237.8529382007157
        },
        {
          "acoustic_entropy": 8.305442810058594,
          "acoustic_entropy_side": 8.325095176696777,
          "hz": 1409.4668930556702
        },
        {
          "acoustic_entropy": 8.56286907196045,
          "acoustic_entropy_side": 8.326868057250977,
          "hz": 1596.2787759475705
        },
        {
          "acoustic_entropy": 8.751065254211426,
          "acoustic_entropy_side": 8.32737922668457,
          "hz": 1799.6344973346393
        },
        {
          "acoustic_entropy": 8.354024887084961,
          "acoustic_entropy_side": 8.326385498046875,
          "hz": 2020.9991599069049
        },
        {
          "acoustic_entropy": 8.185898780822754,
          "acoustic_entropy_side": 8.326415061950684,
          "hz": 2261.9676141086993
        },
        {
          "acoustic_entropy": 8.172065734863281,
          "acoustic_entropy_side": 8.32614803314209,
          "hz": 2524.2759484456974
        },
        {
          "acoustic_entropy": 8.713761329650879,
          "acoustic_entropy_side": 8.326799392700195,
          "hz": 2809.813997359896
        },
        {
          "acoustic_entropy": 8.75209903717041,
          "acoustic_entropy_side": 8.326879501342773,
          "hz": 3120.6389567871424
        },
        {
          "acoustic_entropy": 8.298324584960938,
          "acoustic_entropy_side": 8.326889038085938,
          "hz": 3458.990205492291
        },
        {
          "acoustic_entropy": 8.372668266296387,
          "acoustic_entropy_side": 8.326760292053223,
          "hz": 3827.305438964164
        },
        {
          "acoustic_entropy": 8.39682674407959,
          "acoustic_entropy_side": 8.32675552368164,
          "hz": 4228.238232109126
        },
        {
          "acoustic_entropy": 8.652033805847168,
          "acoustic_entropy_side": 8.32691764831543,
          "hz": 4664.6771572759235
        },
        {
          "acoustic_entropy": 8.362213134765625,
          "acoustic_entropy_side": 8.326778411865234,
          "hz": 5139.766595350093
        },
        {
          "acoustic_entropy": 8.468779563903809,
          "acoustic_entropy_side": 8.326790809631348,
          "hz": 5656.929389854203
        },
        {
          "acoustic_entropy": 8.358263969421387,
          "acoustic_entropy_side": 8.32678508758545,
          "hz": 6219.891507268283
        },
        {
          "acoustic_entropy": 8.478675842285156,
          "acoustic_entropy_side": 8.32678508758545,
          "hz": 6832.70888123896
        },
        {
          "acoustic_entropy": 8.42418384552002,
          "acoustic_entropy_side": 8.3267822265625,
          "hz": 7499.796634079867
        },
        {
          "acoustic_entropy": 8.696142196655273,
          "acoustic_entropy_side": 8.32678508758545,
          "hz": 8225.96088609342
        },
        {
          "acoustic_entropy": 8.403252601623535,
          "acoustic_entropy_side": 8.326781272888184,
          "hz": 9016.43338188839
        },
        {
          "acoustic_entropy": 8.388840675354004,
          "acoustic_entropy_side": 8.326781272888184,
          "hz": 9876.909183162974
        },
        {
          "acoustic_entropy": 8.342893600463867,
          "acoustic_entropy_side": 8.326781272888184,
          "hz": 10813.587699516042
        },
        {
          "acoustic_entropy": 8.331825256347656,
          "acoustic_entropy_side": 8.326781272888184,
          "hz": 11833.21735289826
        },
        {
          "acoustic_entropy": 8.329606056213379,
          "acoustic_entropy_side": 8.326781272888184,
          "hz": 12943.144197493959
        },
        {
          "acoustic_entropy": 8.327454566955566,
          "acoustic_entropy_side": 8.326781272888184,
          "hz": 14151.364845322005
        },
        {
          "acoustic_entropy": 8.326895713806152,
          "acoustic_entropy_side": 8.326781272888184,
          "hz": 15466.58407886509
        },
        {
          "acoustic_entropy": 8.326794624328613,
          "acoustic_entropy_side": 8.326781272888184,
          "hz": 16898.27756580493
        },
        {
          "acoustic_entropy": 8.326783180236816,
          "acoustic_entropy_side": 8.326781272888184,
          "hz": 18456.760127700032
        },
        {
          "acoustic_entropy": 8.326781272888184,
          "acoustic_entropy_side": 8.326781272888184,
          "hz": 20153.260054456492
        },
        {
          "acoustic_entropy": 8.326781272888184,
          "acoustic_entropy_side": 8.326781272888184,
          "hz": 22000.00000000001
        }
      ],
      "diff_acoustic_entropy": 2.1639575958251953,
      "sn": 6
    },
    {
      "acoustic_entropy": 11.16063404083252,
      "acoustic_entropy_mono": 10.559605598449707,
      "band_eliminated_acoustic_entropies": [
        {
          "acoustic_entropy": 11.181166648864746,
          "acoustic_entropy_side": 11.160645484924316,
          "hz": 129.47220167065723
        },
        {
          "acoustic_entropy": 11.433257102966309,
          "acoustic_entropy_side": 11.166090965270996,
          "hz": 202.92927478742237
        },
        {
          "acoustic_entropy": 10.875955581665039,
          "acoustic_entropy_side": 11.086368560791016,
          "hz": 282.89161906338205
        },
        {
          "acoustic_entropy": 10.774153709411621,
          "acoustic_entropy_side": 11.512847900390625,
          "hz": 369.9353335868758
        },
        {
          "acoustic_entropy": 9.683674812316895,
          "acoustic_entropy_side": 10.672938346862793,
          "hz": 464.6875360973435
        },
        {
          "acoustic_entropy": 11.042316436767578,
          "acoustic_entropy_side": 11.158313751220703,
          "hz": 567.8308811364784
        },
        {
          "acoustic_entropy": 10.233224868774414,
          "acoustic_entropy_side": 10.985401153564453,
          "hz": 680.1084783214808
        },
        {
          "acoustic_entropy": 10.747170448303223,
          "acoustic_entropy_side": 11.182562828063965,
          "hz": 802.3292461747484
        },
        {
          "acoustic_entropy": 10.585429191589355,
          "acoustic_entropy_side": 11.21288776397705,
          "hz": 935.3737400823702
        },
        {
          "acoustic_entropy": 10.884062767028809,
          "acoustic_entropy_side": 11.169776916503906,
          "hz": 1080.2004963696966
        },
        {
          "acoustic_entropy": 10.384865760803223,
          "acoustic_entropy_side": 11.140885353088379,
          "hz": 1237.8529382007157
        },
        {
          "acoustic_entropy": 10.719376564025879,
          "acoustic_entropy_side": 11.150113105773926,
          "hz": 1409.4668930556702
        },
        {
          "acoustic_entropy": 10.938841819763184,
          "acoustic_entropy_side": 11.161476135253906,
          "hz": 1596.2787759475705
        },
        {
          "acoustic_entropy": 10.944565773010254,
          "acoustic_entropy_side": 11.161664009094238,
          "hz": 1799.6344973346393
        },
        {
          "acoustic_entropy": 10.866172790527344,
          "acoustic_entropy_side": 11.160004615783691,
          "hz": 2020.9991599069049
        },
        {
          "acoustic_entropy": 10.916003227233887,
          "acoustic_entropy_side": 11.161091804504395,
          "hz": 2261.9676141086993
        },
        {
          "acoustic_entropy": 11.098654747009277,
          "acoustic_entropy_side": 11.159232139587402,
          "hz": 2524.2759484456974
        },
        {
          "acoustic_entropy": 10.99665641784668,
          "acoustic_entropy_side": 11.161455154418945,
          "hz": 2809.813997359896
        },
        {
          "acoustic_entropy": 11.23576831817627,
          "acoustic_entropy_side": 11.161109924316406,
          "hz": 3120.6389567871424
        },
        {
          "acoustic_entropy": 10.808225631713867,
          "acoustic_entropy_side": 11.159322738647461,
          "hz": 3458.990205492291
        },
        {
          "acoustic_entropy": 11.131364822387695,
          "acoustic_entropy_side": 11.160481452941895,
          "hz": 3827.305438964164
        },
        {
          "acoustic_entropy": 11.135453224182129,
          "acoustic_entropy_side": 11.160670280456543,
          "hz": 4228.238232109126
        },
        {
          "acoustic_entropy": 11.156034469604492,
          "acoustic_entropy_side": 11.160841941833496,
          "hz": 4664.6771572759235
        },
        {
          "acoustic_entropy": 11.073932647705078,
          "acoustic_entropy_side": 11.160614967346191,
          "hz": 5139.766595350093
        },
        {
          "acoustic_entropy": 11.09932804107666,
          "acoustic_entropy_side": 11.160656929016113,
          "hz": 5656.929389854203
        },
        {
          "acoustic_entropy": 11.078354835510254,
          "acoustic_entropy_side": 11.160638809204102,
          "hz": 6219.891507268283
        },
        {
          "acoustic_entropy": 11.110767364501953,
          "acoustic_entropy_side": 11.160645484924316,
          "hz": 6832.70888123896
        },
        {
          "acoustic_entropy": 11.140336036682129,
          "acoustic_entropy_side": 11.160639762878418,
          "hz": 7499.796634079867
        },
        {
          "acoustic_entropy": 11.297685623168945,
          "acoustic_entropy_side": 11.160646438598633,
          "hz": 8225.96088609342
        },
        {
          "acoustic_entropy": 11.171318054199219,
          "acoustic_entropy_side": 11.16063404083252,
          "hz": 9016.43338188839
        },
        {
          "acoustic_entropy": 11.174561500549316,
          "acoustic_entropy_side": 11.16063404083252,
          "hz": 9876.909183162974
        },
        {
          "acoustic_entropy": 11.17890453338623,
          "acoustic_entropy_side": 11.16063404083252,
          "hz": 10813.587699516042
        },
        {
          "acoustic_entropy": 11.170019149780273,
          "acoustic_entropy_side": 11.16063404083252,
          "hz": 11833.21735289826
        },
        {
          "acoustic_entropy": 11.165515899658203,
          "acoustic_entropy_side": 11.16063404083252,
          "hz": 12943.144197493959
        },
        {
          "acoustic_entropy": 11.162036895751953,
          "acoustic_entropy_side": 11.160633087158203,
          "hz": 14151.364845322005
        },
        {
          "acoustic_entropy": 11.160919189453125,
          "acoustic_entropy_side": 11.160633087158203,
          "hz": 15466.58407886509
        },
        {
          "acoustic_entropy": 11.160675048828125,
          "acoustic_entropy_side": 11.160633087158203,
          "hz": 16898.27756580493
        },
        {
          "acoustic_entropy": 11.160639762878418,
          "acoustic_entropy_side": 11.160633087158203,
          "hz": 18456.760127700032
        },
        {
          "acoustic_entropy": 11.16063404083252,
          "acoustic_entropy_side": 11.160633087158203,
          "hz": 20153.260054456492
        },
        {
          "acoustic_entropy": 11.16063404083252,
          "acoustic_entropy_side": 11.16063404083252,
          "hz": 22000.00000000001
        }
      ],
      "diff_acoustic_entropy": 3.73913311958313,
      "sn": 12
    },
    {
      "acoustic_entropy": 15.1483793258667,
      "acoustic_entropy_mono": 13.839892387390137,
      "band_eliminated_acoustic_entropies": [
        {
          "acoustic_entropy": 15.287010192871094,
          "acoustic_entropy_side": 15.180781364440918,
          "hz": 129.47220167065723
        },
        {
          "acoustic_entropy": 15.784383773803711,
          "acoustic_entropy_side": 15.621011734008789,
          "hz": 202.92927478742237
        },
        {
          "acoustic_entropy": 15.463483810424805,
          "acoustic_entropy_side": 15.282094955444336,
          "hz": 282.89161906338205
        },
        {
          "acoustic_entropy": 15.511435508728027,
          "acoustic_entropy_side": 16.291099548339844,
          "hz": 369.9353335868758
        },
        {
          "acoustic_entropy": 14.439362525939941,
          "acoustic_entropy_side": 15.097062110900879,
          "hz": 464.6875360973435
        },
        {
          "acoustic_entropy": 15.75395393371582,
          "acoustic_entropy_side": 15.682028770446777,
          "hz": 567.8308811364784
        },
        {
          "acoustic_entropy": 15.156357765197754,
          "acoustic_entropy_side": 15.70804214477539,
          "hz": 680.1084783214808
        },
        {
          "acoustic_entropy": 14.384722709655762,
          "acoustic_entropy_side": 14.892194747924805,
          "hz": 802.3292461747484
        },
        {
          "acoustic_entropy": 16.160303115844727,
          "acoustic_entropy_side": 15.572176933288574,
          "hz": 935.3737400823702
        },
        {
          "acoustic_entropy": 15.308799743652344,
          "acoustic_entropy_side": 15.727066040039062,
          "hz": 1080.2004963696966
        },
        {
          "acoustic_entropy": 14.989961624145508,
          "acoustic_entropy_side": 15.936771392822266,
          "hz": 1237.8529382007157
        },
        {
          "acoustic_entropy": 15.487342834472656,
          "acoustic_entropy_side": 14.949216842651367,
          "hz": 1409.4668930556702
        },
        {
          "acoustic_entropy": 15.325143814086914,
          "acoustic_entropy_side": 15.08028793334961,
          "hz": 1596.2787759475705
        },
        {
          "acoustic_entropy": 15.37216854095459,
          "acoustic_entropy_side": 15.226970672607422,
          "hz": 1799.6344973346393
        },
        {
          "acoustic_entropy": 15.654330253601074,
          "acoustic_entropy_side": 15.128739356994629,
          "hz": 2020.9991599069049
        },
        {
          "acoustic_entropy": 15.418630599975586,
          "acoustic_entropy_side": 15.34526252746582,
          "hz": 2261.9676141086993
        },
        {
          "acoustic_entropy": 15.317605972290039,
          "acoustic_entropy_side": 15.045429229736328,
          "hz": 2524.2759484456974
        },
        {
          "acoustic_entropy": 15.418249130249023,
