{
  "acoustic_entropy": 148.70616149902344,
  "bands": [
    {
      "high_freq": 148.1999969482422,
      "loudness": -29.226959228515625,
      "loudness_range": 18.323572158813477,
      "mid_mean": -27.677490234375,
      "mid_to_side_loudness": -3.343412160873413,
      "mid_to_side_loudness_range": 11.913289070129395,
      "side_mean": -30.828577041625977
    },
    {
      "high_freq": 392.3793640136719,
      "loudness": -29.654327392578125,
      "loudness_range": 9.99099349975586,
      "low_freq": 148.1999969482422,
      "mid_mean": -27.748455047607422,
      "mid_to_side_loudness": -3.7512502670288086,
      "mid_to_side_loudness_range": 10.148548126220703,
      "side_mean": -31.59994125366211
    },
    {
      "high_freq": 794.6976318359375,
      "loudness": -34.368438720703125,
      "loudness_range": 14.214714050292969,
      "low_freq": 392.3793640136719,
      "mid_mean": -32.61072540283203,
      "mid_to_side_loudness": -2.9338252544403076,
      "mid_to_side_loudness_range": 6.7562255859375,
      "side_mean": -35.34938049316406
    },
    {
      "high_freq": 1457.5709228515625,
      "loudness": -40.37749481201172,
      "loudness_range": 13.199840545654297,
      "low_freq": 794.6976318359375,
      "mid_mean": -38.5968017578125,
      "mid_to_side_loudness": -3.063256025314331,
      "mid_to_side_loudness_range": 7.295360565185547,
      "side_mean": -41.582969665527344
    },
    {
      "high_freq": 2549.74365234375,
      "loudness": -41.256526947021484,
      "loudness_range": 8.92837142944336,
      "low_freq": 1457.5709228515625,
      "mid_mean": -38.762977600097656,
      "mid_to_side_loudness": -5.646588325500488,
      "mid_to_side_loudness_range": 6.259645938873291,
      "side_mean": -44.04646301269531
    },
    {
      "high_freq": 4349.24462890625,
      "loudness": -36.9617805480957,
      "loudness_range": 8.558372497558594,
      "low_freq": 2549.74365234375,
      "mid_mean": -34.05821228027344,
      "mid_to_side_loudness": -7.663733005523682,
      "mid_to_side_loudness_range": 2.5586657524108887,
      "side_mean": -41.15909194946289
    },
    {
      "high_freq": 7314.1640625,
      "loudness": -37.22385025024414,
      "loudness_range": 9.388683319091797,
      "low_freq": 4349.24462890625,
      "mid_mean": -34.19192123413086,
      "mid_to_side_loudness": -8.463088989257812,
      "mid_to_side_loudness_range": 2.3720812797546387,
      "side_mean": -42.66615676879883
    },
    {
      "high_freq": 12199.2666015625,
      "loudness": -40.8027458190918,
      "loudness_range": 11.664291381835938,
      "low_freq": 7314.1640625,
      "mid_mean": -37.811458587646484,
      "mid_to_side_loudness": -7.847415924072266,
      "mid_to_side_loudness_range": 2.373429775238037,
      "side_mean": -45.49258041381836
    },
    {
      "loudness": -45.52082061767578,
      "loudness_range": 13.046436309814453,
      "low_freq": 12199.2666015625,
      "mid_mean": -42.453617095947266,
      "mid_to_side_loudness": -6.0916619300842285,
      "mid_to_side_loudness_range": 6.171484470367432,
      "side_mean": -49.12205123901367
    }
  ],
  "bands_short": [
    {
      "high_freq": 148.1999969482422,
      "loudness": -32.81360626220703,
      "loudness_range": 24.555471420288086,
      "mid_mean": -31.7498722076416,
      "mid_to_side_loudness": -2.291635513305664,
      "mid_to_side_loudness_range": 13.709077835083008,
      "side_mean": -34.01074981689453
    },
    {
      "high_freq": 392.3793640136719,
      "loudness": -30.11165428161621,
      "loudness_range": 14.80999755859375,
      "low_freq": 148.1999969482422,
      "mid_mean": -28.872661590576172,
      "mid_to_side_loudness": -2.2617745399475098,
      "mid_to_side_loudness_range": 11.429576873779297,
      "side_mean": -31.154508590698242
    },
    {
      "high_freq": 794.6976318359375,
      "loudness": -35.19178771972656,
      "loudness_range": 16.024166107177734,
      "low_freq": 392.3793640136719,
      "mid_mean": -33.53438186645508,
      "mid_to_side_loudness": -2.963179588317871,
      "mid_to_side_loudness_range": 8.580894470214844,
      "side_mean": -36.41822052001953
    },
    {
      "high_freq": 1457.5709228515625,
      "loudness": -41.080787658691406,
      "loudness_range": 17.383930206298828,
      "low_freq": 794.6976318359375,
      "mid_mean": -39.451019287109375,
      "mid_to_side_loudness": -2.8544273376464844,
      "mid_to_side_loudness_range": 7.826335906982422,
      "side_mean": -42.1358528137207
    },
    {
      "high_freq": 2549.74365234375,
      "loudness": -41.86409378051758,
      "loudness_range": 10.845775604248047,
      "low_freq": 1457.5709228515625,
      "mid_mean": -39.40410232543945,
      "mid_to_side_loudness": -5.570510387420654,
      "mid_to_side_loudness_range": 7.401522636413574,
      "side_mean": -44.779144287109375
    },
    {
      "high_freq": 4349.24462890625,
      "loudness": -37.16749954223633,
      "loudness_range": 9.876399993896484,
      "low_freq": 2549.74365234375,
      "mid_mean": -34.28887176513672,
      "mid_to_side_loudness": -7.457038879394531,
      "mid_to_side_loudness_range": 4.197944164276123,
      "side_mean": -41.477439880371094
    },
    {
      "high_freq": 7314.1640625,
      "loudness": -38.75596618652344,
      "loudness_range": 14.793752670288086,
      "low_freq": 4349.24462890625,
      "mid_mean": -35.899749755859375,
      "mid_to_side_loudness": -7.9317755699157715,
      "mid_to_side_loudness_range": 4.412220478057861,
      "side_mean": -43.78439712524414
    },
    {
      "high_freq": 12199.2666015625,
      "loudness": -43.53532791137695,
      "loudness_range": 18.815784454345703,
      "low_freq": 7314.1640625,
      "mid_mean": -40.65373229980469,
      "mid_to_side_loudness": -7.220827102661133,
      "mid_to_side_loudness_range": 3.500852584838867,
      "side_mean": -48.35151290893555
    },
    {
      "loudness": -48.165714263916016,
      "loudness_range": 17.71442413330078,
      "low_freq": 12199.2666015625,
      "mid_mean": -45.36773681640625,
      "mid_to_side_loudness": -4.995186805725098,
      "mid_to_side_loudness_range": 6.171142578125,
      "side_mean": -51.20393753051758
    }
  ],
  "bandwidth": 367.6938171386719,
  "channels": 2,
  "covariance": [
    [
      50.449424743652344,
      30.042970657348633,
      9.090831756591797,
      10.740519523620605,
      14.34277629852295,
      13.131014823913574,
      10.60736083984375,
      10.287400245666504,
      6.669229030609131,
      8.746942520141602,
      7.262953281402588,
      5.419610023498535,
      5.292991638183594,
      7.945290565490723,
      7.725581169128418,
      7.2243428230285645,
      4.161563873291016,
      2.8541526794433594
    ],
    [
      30.042970657348633,
      36.400909423828125,
      7.457531929016113,
      10.477827072143555,
      11.370692253112793,
      12.686635971069336,
      7.798431396484375,
      9.183302879333496,
      3.535902738571167,
      5.363274574279785,
      3.060715436935425,
      3.409824848175049,
      3.1157634258270264,
      6.62807035446167,
      5.577463626861572,
      6.010190963745117,
      3.6515252590179443,
      1.8293931484222412
    ],
    [
      9.090831756591797,
      7.457531929016113,
      20.498247146606445,
      8.065805435180664,
      12.985509872436523,
      8.991958618164062,
      13.30907917022705,
      8.284327507019043,
      8.21771240234375,
      7.0651326179504395,
      5.330297470092773,
      5.3139729499816895,
      8.240551948547363,
      9.606182098388672,
      11.103500366210938,
      9.53830337524414,
      7.978065013885498,
      5.22797155380249
    ],
    [
      10.740519523620605,
      10.477827072143555,
      8.065805435180664,
      14.104528427124023,
      10.1653470993042,
      11.3958158493042,
      8.831351280212402,
      12.455185890197754,
      3.7630369663238525,
      7.0268330574035645,
      3.4195516109466553,
      2.563459634780884,
      2.860322952270508,
      6.074638843536377,
      6.057099342346191,
      6.3096842765808105,
      4.385958671569824,
      2.7933547496795654
    ],
    [
      14.34277629852295,
      11.370692253112793,
      12.985509872436523,
      10.1653470993042,
      26.100021362304688,
      25.807933807373047,
      19.807371139526367,
      20.33291244506836,
      10.179143905639648,
      13.82376480102539,
      7.936671257019043,
      6.986903190612793,
      6.595610618591309,
      10.547578811645508,
      9.582533836364746,
      9.43163776397705,
      6.917601108551025,
      4.537699222564697
    ],
    [
      13.131014823913574,
      12.686635971069336,
      8.991958618164062,
      11.3958158493042,
      25.807933807373047,
      35.83149337768555,
      19.588417053222656,
      28.10601234436035,
      8.427521705627441,
      15.377645492553711,
      4.599007606506348,
      5.788712024688721,
      3.9617459774017334,
      7.191393852233887,
      6.104873180389404,
      6.220629692077637,
      3.645127296447754,
      2.1806843280792236
    ],
    [
      10.60736083984375,
      7.798431396484375,
      13.30907917022705,
      8.831351280212402,
      19.807371139526367,
      19.588417053222656,
      22.26047706604004,
      21.354490280151367,
      9.85425853729248,
      13.642298698425293,
      6.25108528137207,
      5.899510383605957,
      5.736375331878662,
      8.77434253692627,
      8.467662811279297,
      7.778867244720459,
      6.226830005645752,
      4.0863423347473145
    ],
    [
      10.287400245666504,
      9.183302879333496,
      8.284327507019043,
      12.455185890197754,
      20.33291244506836,
      28.10601234436035,
      21.354490280151367,
      33.7108039855957,
      7.821769714355469,
      16.35453224182129,
      4.072815895080566,
      4.175502300262451,
      2.3835289478302,
      5.386337757110596,
      5.281980037689209,
      5.02198600769043,
      3.329934597015381,
      2.225339412689209
    ],
    [
      6.669229030609131,
      3.535902738571167,
      8.21771240234375,
      3.7630369663238525,
      10.179143905639648,
      8.427521705627441,
      9.85425853729248,
      7.821769714355469,
      11.197240829467773,
      9.671723365783691,
      9.429183006286621,
      8.348889350891113,
      8.860475540161133,
      8.427323341369629,
      7.598774433135986,
      6.890110969543457,
      5.8318400382995605,
      4.966217994689941
    ],
    [
      8.746942520141602,
      5.363274574279785,
      7.0651326179504395,
      7.0268330574035645,
      13.82376480102539,
      15.377645492553711,
      13.642298698425293,
      16.35453224182129,
      9.671723365783691,
      17.131269454956055,
      8.269096374511719,
      7.6449055671691895,
      6.539615154266357,
      7.930393218994141,
      6.724058151245117,
      6.016623497009277,
      4.860669136047363,
      3.790275812149048
    ],
    [
      7.262953281402588,
      3.060715436935425,
      5.330297470092773,
      3.4195516109466553,
      7.936671257019043,
      4.599007606506348,
      6.25108528137207,
      4.072815895080566,
      9.429183006286621,
      8.269096374511719,
      15.34047794342041,
      10.303326606750488,
      11.963943481445312,
      10.655115127563477,
      9.395332336425781,
      8.207731246948242,
      7.486978530883789,
      6.476665019989014
    ],
    [
      5.419610023498535,
      3.409824848175049,
      5.3139729499816895,
      2.563459634780884,
      6.986903190612793,
      5.788712024688721,
      5.899510383605957,
      4.175502300262451,
      8.348889350891113,
      7.6449055671691895,
      10.303326606750488,
      10.743349075317383,
      9.926763534545898,
      9.765730857849121,
      6.928468227386475,
      6.880887508392334,
      5.1797990798950195,
      3.9391846656799316
    ],
    [
      5.292991638183594,
      3.1157634258270264,
      8.240551948547363,
      2.860322952270508,
      6.595610618591309,
      3.9617459774017334,
      5.736375331878662,
      2.3835289478302,
      8.860475540161133,
      6.539615154266357,
      11.963943481445312,
      9.926763534545898,
      15.797917366027832,
      13.312835693359375,
      14.79631233215332,
      12.99020004272461,
      12.69071102142334,
      9.720429420471191
    ],
    [
      7.945290565490723,
      6.62807035446167,
      9.606182098388672,
      6.074638843536377,
      10.547578811645508,
      7.191393852233887,
      8.77434253692627,
      5.386337757110596,
      8.427323341369629,
      7.930393218994141,
      10.655115127563477,
      9.765730857849121,
      13.312835693359375,
      19.189697265625,
      16.922203063964844,
      16.9971923828125,
      14.20533561706543,
      10.544425964355469
    ],
    [
      7.725581169128418,
      5.577463626861572,
      11.103500366210938,
      6.057099342346191,
      9.582533836364746,
      6.104873180389404,
      8.467662811279297,
      5.281980037689209,
      7.598774433135986,
      6.724058151245117,
      9.395332336425781,
      6.928468227386475,
      14.79631233215332,
      16.922203063964844,
      24.77187728881836,
      21.235183715820312,
      21.704513549804688,
      16.278972625732422
    ],
    [
      7.2243428230285645,
      6.010190963745117,
      9.53830337524414,
      6.3096842765808105,
      9.43163776397705,
      6.220629692077637,
      7.778867244720459,
      5.02198600769043,
      6.890110969543457,
      6.016623497009277,
      8.207731246948242,
      6.880887508392334,
      12.99020004272461,
      16.9971923828125,
      21.235183715820312,
      22.587087631225586,
      20.164459228515625,
      15.076836585998535
    ],
    [
      4.161563873291016,
      3.6515252590179443,
      7.978065013885498,
      4.385958671569824,
      6.917601108551025,
      3.645127296447754,
      6.226830005645752,
      3.329934597015381,
      5.8318400382995605,
      4.860669136047363,
      7.486978530883789,
      5.1797990798950195,
      12.69071102142334,
      14.20533561706543,
      21.704513549804688,
      20.164459228515625,
      24.84264373779297,
      18.224857330322266
    ],
    [
      2.8541526794433594,
      1.8293931484222412,
      5.22797155380249,
      2.7933547496795654,
      4.537699222564697,
      2.1806843280792236,
      4.0863423347473145,
      2.225339412689209,
      4.966217994689941,
      3.790275812149048,
      6.476665019989014,
      3.9391846656799316,
      9.720429420471191,
      10.544425964355469,
      16.278972625732422,
      15.076836585998535,
      18.224857330322266,
      16.179834365844727
    ]
  ],
  "covariance_short": [
    [
      79.9416732788086,
      53.80525207519531,
      24.72444725036621,
      19.12165641784668,
      19.514774322509766,
      19.30167007446289,
      13.874910354614258,
      12.530517578125,
      7.375222682952881,
      10.090230941772461,
      6.223898887634277,
      5.795312881469727,
      11.000758171081543,
      10.575801849365234,
      12.50185489654541,
      12.832364082336426,
      10.722040176391602,
      7.252601146697998
    ],
    [
      53.80525207519531,
      62.468570709228516,
      17.09687042236328,
      19.97491455078125,
      14.158546447753906,
      17.376279830932617,
      9.166531562805176,
      10.348888397216797,
      4.329341411590576,
      6.988290786743164,
      3.736238956451416,
      4.106101989746094,
      7.798136234283447,
      7.903491973876953,
      8.191407203674316,
      8.054293632507324,
      6.216650009155273,
      3.893704891204834
    ],
    [
      24.72444725036621,
      17.09687042236328,
      34.3048210144043,
      16.1992244720459,
      20.4853458404541,
      15.595430374145508,
      19.394920349121094,
      14.317537307739258,
      11.162129402160645,
      10.617836952209473,
      6.9732985496521,
      6.650277614593506,
      14.108987808227539,
      12.701005935668945,
      15.410902976989746,
      13.681488037109375,
      11.907428741455078,
      8.422487258911133
    ],
    [
      19.12165641784668,
      19.97491455078125,
      16.1992244720459,
      22.707563400268555,
      12.653664588928223,
      16.332042694091797,
      11.872513771057129,
      14.326679229736328,
      5.426427841186523,
      8.811474800109863,
      4.230800628662109,
      3.8030693531036377,
      8.576254844665527,
      7.973953723907471,
      9.441193580627441,
      9.693909645080566,
      7.2421698570251465,
      4.480191230773926
    ],
    [
      19.514774322509766,
      14.158546447753906,
      20.4853458404541,
      12.653664588928223,
      32.20826721191406,
      29.03573989868164,
      25.89118003845215,
      24.961214065551758,
      13.234728813171387,
      16.68671989440918,
      8.760927200317383,
      9.00079345703125,
      13.920914649963379,
      13.305397987365723,
      14.51862621307373,
      14.703418731689453,
      10.429224967956543,
      7.376842498779297
    ],
    [
      19.30167007446289,
      17.376279830932617,
      15.595430374145508,
      16.332042694091797,
      29.03573989868164,
      40.732818603515625,
      26.17673683166504,
      33.66550064086914,
      11.4254789352417,
      18.705751419067383,
      6.722352027893066,
      7.699947834014893,
      11.285508155822754,
      10.544479370117188,
      11.158405303955078,
      11.244999885559082,
      8.402348518371582,
      5.025855541229248
    ],
    [
      13.874910354614258,
      9.166531562805176,
      19.394920349121094,
      11.872513771057129,
      25.89118003845215,
      26.17673683166504,
      34.18197250366211,
      33.34381866455078,
      13.639459609985352,
      18.063045501708984,
      7.6141252517700195,
      7.755782127380371,
      12.350010871887207,
      11.571699142456055,
      13.501078605651855,
      13.68482494354248,
      10.163226127624512,
      7.313060283660889
    ],
    [
      12.530517578125,
      10.348888397216797,
      14.317537307739258,
      14.326679229736328,
      24.961214065551758,
      33.66550064086914,
      33.34381866455078,
      45.513099670410156,
      10.985877990722656,
      19.625045776367188,
      4.7789692878723145,
      5.97226095199585,
      8.086164474487305,
      7.075899600982666,
      8.858808517456055,
      9.064260482788086,
      7.2706804275512695,
      4.507951736450195
    ],
    [
      7.375222682952881,
      4.329341411590576,
      11.162129402160645,
      5.426427841186523,
      13.234728813171387,
      11.4254789352417,
      13.639459609985352,
      10.985877990722656,
      15.854960441589355,
      13.188493728637695,
      11.113487243652344,
      10.436152458190918,
      14.622889518737793,
      12.905722618103027,
      13.727188110351562,
      13.911805152893066,
      10.685139656066895,
      7.904584884643555
    ],
    [
      10.090230941772461,
      6.988290786743164,
      10.617836952209473,
      8.811474800109863,
      16.68671989440918,
      18.705751419067383,
      18.063045501708984,
      19.625045776367188,
      13.188493728637695,
      20.824073791503906,
      9.870024681091309,
      10.059164047241211,
      12.546067237854004,
      11.405970573425293,
      11.330108642578125,
      12.283120155334473,
      9.170903205871582,
      6.445240497589111
    ],
    [
      6.223898887634277,
      3.736238956451416,
      6.9732985496521,
      4.230800628662109,
      8.760927200317383,
      6.722352027893066,
      7.6141252517700195,
      4.7789692878723145,
      11.113487243652344,
      9.870024681091309,
      16.006746292114258,
      12.299964904785156,
      16.543380737304688,
      15.045851707458496,
      13.91169261932373,
      14.701674461364746,
      11.158387184143066,
      8.110250473022461
    ],
    [
      5.795312881469727,
      4.106101989746094,
      6.650277614593506,
      3.8030693531036377,
      9.00079345703125,
      7.699947834014893,
      7.755782127380371,
      5.97226095199585,
      10.436152458190918,
      10.059164047241211,
      12.299964904785156,
      13.553190231323242,
      14.760200500488281,
      14.099231719970703,
      12.364917755126953,
      12.114568710327148,
      9.53346061706543,
      7.124174118041992
    ],
    [
      11.000758171081543,
      7.798136234283447,
      14.108987808227539,
      8.576254844665527,
      13.920914649963379,
      11.285508155822754,
      12.350010871887207,
      8.086164474487305,
      14.622889518737793,
      12.546067237854004,
      16.543380737304688,
      14.760200500488281,
      31.97944450378418,
      26.922914505004883,
      31.545940399169922,
      30.105701446533203,
      26.2086181640625,
      18.813589096069336
    ],
    [
      10.575801849365234,
      7.903491973876953,
      12.701005935668945,
      7.973953723907471,
      13.305397987365723,
      10.544479370117188,
      11.571699142456055,
      7.075899600982666,
      12.905722618103027,
      11.405970573425293,
      15.045851707458496,
      14.099231719970703,
      26.922914505004883,
      27.78203582763672,
      28.30048370361328,
      28.03789710998535,
      23.613149642944336,
      17.581151962280273
    ],
    [
      12.50185489654541,
      8.191407203674316,
      15.410902976989746,
      9.441193580627441,
      14.51862621307373,
      11.158405303955078,
      13.501078605651855,
      8.858808517456055,
      13.727188110351562,
      11.330108642578125,
      13.91169261932373,
      12.364917755126953,
      31.545940399169922,
      28.30048370361328,
      42.63831329345703,
      40.17711639404297,
      36.67872619628906,
      27.16889762878418
    ],
    [
      12.832364082336426,
      8.054293632507324,
      13.681488037109375,
      9.693909645080566,
      14.703418731689453,
      11.244999885559082,
      13.68482494354248,
      9.064260482788086,
      13.911805152893066,
      12.283120155334473,
      14.701674461364746,
      12.114568710327148,
      30.105701446533203,
      28.03789710998535,
      40.17711639404297,
      47.13774871826172,
      36.64585494995117,
      28.583425521850586
    ],
    [
      10.722040176391602,
      6.216650009155273,
      11.907428741455078,
      7.2421698570251465,
      10.429224967956543,
      8.402348518371582,
      10.163226127624512,
      7.2706804275512695,
      10.685139656066895,
      9.170903205871582,
      11.158387184143066,
      9.53346061706543,
      26.2086181640625,
      23.613149642944336,
      36.67872619628906,
      36.64585494995117,
      38.87156295776367,
      28.515703201293945
    ],
    [
      7.252601146697998,
      3.893704891204834,
      8.422487258911133,
      4.480191230773926,
      7.376842498779297,
      5.025855541229248,
      7.313060283660889,
      4.507951736450195,
      7.904584884643555,
      6.445240497589111,
      8.110250473022461,
      7.124174118041992,
      18.813589096069336,
      17.581151962280273,
      27.16889762878418,
      28.583425521850586,
      28.515703201293945,
      28.684785842895508
    ]
  ],
  "damage": -11.512642860412598,
  "diff_bandwidth": 350.8974304199219,
  "dissonance": 7.77725614616211,
  "drr": 7.189303398132324,
  "dynamics": 3.6071813106536865,
  "format": 1245190,
  "frames": 7528448,
  "loudness": -19.97775650024414,
  "loudness_range": 8.429743766784668,
  "loudness_range_short": 13.306951522827148,
  "lowpass_true_peak_15khz": 0.0718914121389389,
  "mastering3_acoustic_entropies": [
    {
      "acoustic_entropy": 7.231900215148926,
      "acoustic_entropy_mono": 6.158304691314697,
      "band_eliminated_acoustic_entropies": [
        {
          "acoustic_entropy": 7.129901885986328,
          "acoustic_entropy_side": 7.295060634613037,
          "hz": 129.47220167065723
        },
        {
          "acoustic_entropy": 6.72339391708374,
          "acoustic_entropy_side": 6.683588981628418,
          "hz": 202.92927478742237
        },
        {
          "acoustic_entropy": 6.623687267303467,
          "acoustic_entropy_side": 7.125241279602051,
          "hz": 282.89161906338205
        },
        {
          "acoustic_entropy": 7.283855438232422,
          "acoustic_entropy_side": 7.1345367431640625,
          "hz": 369.9353335868758
        },
        {
          "acoustic_entropy": 7.441220283508301,
          "acoustic_entropy_side": 7.388526439666748,
          "hz": 464.6875360973435
        },
        {
          "acoustic_entropy": 7.198373794555664,
          "acoustic_entropy_side": 7.232029438018799,
          "hz": 567.8308811364784
        },
        {
          "acoustic_entropy": 7.023236274719238,
          "acoustic_entropy_side": 7.1001715660095215,
          "hz": 680.1084783214808
        },
        {
          "acoustic_entropy": 7.133957862854004,
          "acoustic_entropy_side": 6.953965187072754,
          "hz": 802.3292461747484
        },
        {
          "acoustic_entropy": 6.931077480316162,
          "acoustic_entropy_side": 7.105292320251465,
          "hz": 935.3737400823702
        },
        {
          "acoustic_entropy": 7.3136982917785645,
          "acoustic_entropy_side": 7.299354553222656,
          "hz": 1080.2004963696966
        },
        {
          "acoustic_entropy": 7.392649173736572,
          "acoustic_entropy_side": 7.2783522605896,
          "hz": 1237.8529382007157
        },
        {
          "acoustic_entropy": 7.19101619720459,
          "acoustic_entropy_side": 7.223337173461914,
          "hz": 1409.4668930556702
        },
        {
          "acoustic_entropy": 7.293937683105469,
          "acoustic_entropy_side": 7.253731727600098,
          "hz": 1596.2787759475705
        },
        {
          "acoustic_entropy": 7.272439002990723,
          "acoustic_entropy_side": 7.248137950897217,
          "hz": 1799.6344973346393
        },
        {
          "acoustic_entropy": 7.255546569824219,
          "acoustic_entropy_side": 7.242825984954834,
          "hz": 2020.9991599069049
        },
        {
          "acoustic_entropy": 7.244194507598877,
          "acoustic_entropy_side": 7.2343974113464355,
          "hz": 2261.9676141086993
        },
        {
          "acoustic_entropy": 7.254339218139648,
          "acoustic_entropy_side": 7.237016201019287,
          "hz": 2524.2759484456974
        },
        {
          "acoustic_entropy": 7.238250732421875,
          "acoustic_entropy_side": 7.231827259063721,
          "hz": 2809.813997359896
        },
        {
          "acoustic_entropy": 7.247628211975098,
          "acoustic_entropy_side": 7.236075401306152,
          "hz": 3120.6389567871424
        },
        {
          "acoustic_entropy": 7.152690410614014,
          "acoustic_entropy_side": 7.238108158111572,
          "hz": 3458.990205492291
        },
        {
          "acoustic_entropy": 7.145220756530762,
          "acoustic_entropy_side": 7.233025550842285,
          "hz": 3827.305438964164
        },
        {
          "acoustic_entropy": 7.237881183624268,
          "acoustic_entropy_side": 7.238236427307129,
          "hz": 4228.238232109126
        },
        {
          "acoustic_entropy": 7.253417491912842,
          "acoustic_entropy_side": 7.2398529052734375,
          "hz": 4664.6771572759235
        },
        {
          "acoustic_entropy": 7.236480712890625,
          "acoustic_entropy_side": 7.23518180847168,
          "hz": 5139.766595350093
        },
        {
          "acoustic_entropy": 7.215991973876953,
          "acoustic_entropy_side": 7.23557710647583,
          "hz": 5656.929389854203
        },
        {
          "acoustic_entropy": 7.2030158042907715,
          "acoustic_entropy_side": 7.234633445739746,
          "hz": 6219.891507268283
        },
        {
          "acoustic_entropy": 7.14607572555542,
          "acoustic_entropy_side": 7.229947566986084,
          "hz": 6832.70888123896
        },
        {
          "acoustic_entropy": 7.1625566482543945,
          "acoustic_entropy_side": 7.229334354400635,
          "hz": 7499.796634079867
        },
        {
          "acoustic_entropy": 7.142067909240723,
          "acoustic_entropy_side": 7.225883960723877,
          "hz": 8225.96088609342
        },
        {
          "acoustic_entropy": 7.159573078155518,
          "acoustic_entropy_side": 7.226306438446045,
          "hz": 9016.43338188839
        },
        {
          "acoustic_entropy": 7.168574810028076,
          "acoustic_entropy_side": 7.226596355438232,
          "hz": 9876.909183162974
        },
        {
          "acoustic_entropy": 7.1671366691589355,
          "acoustic_entropy_side": 7.2260212898254395,
          "hz": 10813.587699516042
        },
        {
          "acoustic_entropy": 7.181018352508545,
          "acoustic_entropy_side": 7.2301926612854,
          "hz": 11833.21735289826
        },
        {
          "acoustic_entropy": 7.1909379959106445,
          "acoustic_entropy_side": 7.230222225189209,
          "hz": 12943.144197493959
        },
        {
          "acoustic_entropy": 7.180119514465332,
          "acoustic_entropy_side": 7.230420112609863,
          "hz": 14151.364845322005
        },
        {
          "acoustic_entropy": 7.180369853973389,
          "acoustic_entropy_side": 7.229276180267334,
          "hz": 15466.58407886509
        },
        {
          "acoustic_entropy": 7.189441204071045,
          "acoustic_entropy_side": 7.229471683502197,
          "hz": 16898.27756580493
        },
        {
          "acoustic_entropy": 7.195501327514648,
          "acoustic_entropy_side": 7.229781627655029,
          "hz": 18456.760127700032
        },
        {
          "acoustic_entropy": 7.20021390914917,
          "acoustic_entropy_side": 7.229750156402588,
          "hz": 20153.260054456492
        },
        {
          "acoustic_entropy": 7.22727632522583,
          "acoustic_entropy_side": 7.231575012207031,
          "hz": 22000.00000000001
        }
      ],
      "diff_acoustic_entropy": 7.7979512214660645,
      "sn": 6
    },
    {
      "acoustic_entropy": 10.708749771118164,
      "acoustic_entropy_mono": 8.478060722351074,
      "band_eliminated_acoustic_entropies": [
        {
          "acoustic_entropy": 9.952388763427734,
          "acoustic_entropy_side": 10.891491889953613,
          "hz": 129.47220167065723
        },
        {
          "acoustic_entropy": 10.404415130615234,
          "acoustic_entropy_side": 10.334275245666504,
          "hz": 202.92927478742237
        },
        {
          "acoustic_entropy": 9.68588638305664,
          "acoustic_entropy_side": 10.797957420349121,
          "hz": 282.89161906338205
        },
        {
          "acoustic_entropy": 10.973623275756836,
          "acoustic_entropy_side": 10.802352905273438,
          "hz": 369.9353335868758
        },
        {
          "acoustic_entropy": 10.826742172241211,
          "acoustic_entropy_side": 10.699978828430176,
          "hz": 464.6875360973435
        },
        {
          "acoustic_entropy": 10.429826736450195,
          "acoustic_entropy_side": 10.462342262268066,
          "hz": 567.8308811364784
        },
        {
          "acoustic_entropy": 10.235190391540527,
          "acoustic_entropy_side": 10.56210708618164,
          "hz": 680.1084783214808
        },
        {
          "acoustic_entropy": 10.201504707336426,
          "acoustic_entropy_side": 10.662981033325195,
          "hz": 802.3292461747484
        },
        {
          "acoustic_entropy": 10.280001640319824,
          "acoustic_entropy_side": 10.071525573730469,
          "hz": 935.3737400823702
        },
        {
          "acoustic_entropy": 10.927556991577148,
          "acoustic_entropy_side": 10.689248085021973,
          "hz": 1080.2004963696966
        },
        {
          "acoustic_entropy": 10.700212478637695,
          "acoustic_entropy_side": 10.620849609375,
          "hz": 1237.8529382007157
        },
        {
          "acoustic_entropy": 10.495723724365234,
          "acoustic_entropy_side": 10.571943283081055,
          "hz": 1409.4668930556702
        },
        {
          "acoustic_entropy": 10.674736022949219,
          "acoustic_entropy_side": 10.652575492858887,
          "hz": 1596.2787759475705
        },
        {
          "acoustic_entropy": 10.550989151000977,
          "acoustic_entropy_side": 10.569096565246582,
          "hz": 1799.6344973346393
        },
        {
          "acoustic_entropy": 10.586180686950684,
          "acoustic_entropy_side": 10.623571395874023,
          "hz": 2020.9991599069049
        },
        {
          "acoustic_entropy": 10.632843971252441,
          "acoustic_entropy_side": 10.656648635864258,
          "hz": 2261.9676141086993
        },
        {
          "acoustic_entropy": 10.50472354888916,
          "acoustic_entropy_side": 10.636144638061523,
          "hz": 2524.2759484456974
        },
        {
          "acoustic_entropy": 10.694863319396973,
          "acoustic_entropy_side": 10.712389945983887,
          "hz": 2809.813997359896
        },
        {
          "acoustic_entropy": 10.528846740722656,
          "acoustic_entropy_side": 10.642875671386719,
          "hz": 3120.6389567871424
        },
        {
          "acoustic_entropy": 10.76500129699707,
          "acoustic_entropy_side": 10.606790542602539,
          "hz": 3458.990205492291
        },
        {
          "acoustic_entropy": 10.771332740783691,
          "acoustic_entropy_side": 10.63278579711914,
          "hz": 3827.305438964164
        },
        {
          "acoustic_entropy": 10.584993362426758,
          "acoustic_entropy_side": 10.656288146972656,
          "hz": 4228.238232109126
        },
        {
          "acoustic_entropy": 10.609077453613281,
          "acoustic_entropy_side": 10.626569747924805,
          "hz": 4664.6771572759235
        },
        {
          "acoustic_entropy": 10.537835121154785,
          "acoustic_entropy_side": 10.675403594970703,
          "hz": 5139.766595350093
        },
        {
          "acoustic_entropy": 10.643908500671387,
          "acoustic_entropy_side": 10.69098949432373,
          "hz": 5656.929389854203
        },
        {
          "acoustic_entropy": 10.618611335754395,
          "acoustic_entropy_side": 10.699661254882812,
          "hz": 6219.891507268283
        },
        {
          "acoustic_entropy": 10.750340461730957,
          "acoustic_entropy_side": 10.72192096710205,
          "hz": 6832.70888123896
        },
        {
          "acoustic_entropy": 10.758727073669434,
          "acoustic_entropy_side": 10.717467308044434,
          "hz": 7499.796634079867
        },
        {
          "acoustic_entropy": 10.747858047485352,
          "acoustic_entropy_side": 10.730286598205566,
          "hz": 8225.96088609342
        },
        {
          "acoustic_entropy": 10.67103385925293,
          "acoustic_entropy_side": 10.708691596984863,
          "hz": 9016.43338188839
        },
        {
          "acoustic_entropy": 10.652731895446777,
          "acoustic_entropy_side": 10.700404167175293,
          "hz": 9876.909183162974
        },
        {
          "acoustic_entropy": 10.590383529663086,
          "acoustic_entropy_side": 10.68154239654541,
          "hz": 10813.587699516042
        },
        {
          "acoustic_entropy": 10.584796905517578,
          "acoustic_entropy_side": 10.678053855895996,
          "hz": 11833.21735289826
        },
        {
          "acoustic_entropy": 10.556349754333496,
          "acoustic_entropy_side": 10.675084114074707,
          "hz": 12943.144197493959
        },
        {
          "acoustic_entropy": 10.538527488708496,
          "acoustic_entropy_side": 10.677275657653809,
          "hz": 14151.364845322005
        },
        {
          "acoustic_entropy": 10.546689987182617,
          "acoustic_entropy_side": 10.683782577514648,
          "hz": 15466.58407886509
        },
        {
          "acoustic_entropy": 10.575142860412598,
          "acoustic_entropy_side": 10.686420440673828,
          "hz": 16898.27756580493
        },
        {
          "acoustic_entropy": 10.586824417114258,
          "acoustic_entropy_side": 10.690643310546875,
          "hz": 18456.760127700032
        },
        {
          "acoustic_entropy": 10.649660110473633,
          "acoustic_entropy_side": 10.69628620147705,
          "hz": 20153.260054456492
        },
        {
          "acoustic_entropy": 10.69345760345459,
          "acoustic_entropy_side": 10.70801067352295,
          "hz": 22000.00000000001
        }
      ],
      "diff_acoustic_entropy": 11.110076904296875,
      "sn": 12
    },
    {
      "acoustic_entropy": 15.208224296569824,
      "acoustic_entropy_mono": 10.699004173278809,
      "band_eliminated_acoustic_entropies": [
        {
          "acoustic_entropy": 14.557900428771973,
          "acoustic_entropy_side": 15.069062232971191,
          "hz": 129.47220167065723
        },
        {
          "acoustic_entropy": 15.42367935180664,
          "acoustic_entropy_side": 15.076191902160645,
          "hz": 202.92927478742237
        },
        {
          "acoustic_entropy": 14.594438552856445,
          "acoustic_entropy_side": 15.317183494567871,
          "hz": 282.89161906338205
        },
        {
          "acoustic_entropy": 14.817963600158691,
          "acoustic_entropy_side": 14.722373962402344,
          "hz": 369.9353335868758
        },
        {
          "acoustic_entropy": 14.26066780090332,
          "acoustic_entropy_side": 14.904542922973633,
          "hz": 464.6875360973435
        },
        {
          "acoustic_entropy": 14.55703067779541,
          "acoustic_entropy_side": 14.925155639648438,
          "hz": 567.8308811364784
        },
        {
          "acoustic_entropy": 14.362720489501953,
          "acoustic_entropy_side": 14.53612995147705,
          "hz": 680.1084783214808
        },
        {
          "acoustic_entropy": 15.556371688842773,
          "acoustic_entropy_side": 15.81694221496582,
          "hz": 802.3292461747484
        },
        {
          "acoustic_entropy": 13.873358726501465,
          "acoustic_entropy_side": 14.005151748657227,
          "hz": 935.3737400823702
        },
        {
          "acoustic_entropy": 15.29361629486084,
          "acoustic_entropy_side": 15.31574535369873,
          "hz": 1080.2004963696966
        },
        {
          "acoustic_entropy": 14.869732856750488,
          "acoustic_entropy_side": 14.720123291015625,
          "hz": 1237.8529382007157
        },
        {
          "acoustic_entropy": 14.393184661865234,
          "acoustic_entropy_side": 14.537235260009766,
          "hz": 1409.4668930556702
        },
        {
          "acoustic_entropy": 15.337668418884277,
          "acoustic_entropy_side": 15.422650337219238,
          "hz": 1596.2787759475705
        },
        {
          "acoustic_entropy": 14.527015686035156,
          "acoustic_entropy_side": 14.6062650680542,
          "hz": 1799.6344973346393
        },
        {
          "acoustic_entropy": 14.581120491027832,
          "acoustic_entropy_side": 15.225750923156738,
          "hz": 2020.9991599069049
        },
        {
          "acoustic_entropy": 15.036919593811035,
          "acoustic_entropy_side": 15.14051342010498,
          "hz": 2261.9676141086993
        },
        {
          "acoustic_entropy": 14.985950469970703,
          "acoustic_entropy_side": 14.896008491516113,
          "hz": 2524.2759484456974
        },
        {
          "acoustic_entropy": 15.174186706542969,
          "acoustic_entropy_side": 15.25024700164795,
          "hz": 2809.813997359896
        },
        {
          "acoustic_entropy": 15.02292537689209,
          "acoustic_entropy_side": 14.924842834472656,
          "hz": 3120.6389567871424
        },
        {
