{
  "acoustic_entropy": 174.9517364501953,
  "bands": [
    {
      "high_freq": 148.1999969482422,
      "loudness": -47.17450714111328,
      "loudness_range": 30.134273529052734,
      "mid_mean": -47.64353942871094,
      "mid_to_side_loudness": -2.716888666152954,
      "mid_to_side_loudness_range": 7.997344017028809,
      "side_mean": -51.1013298034668
    },
    {
      "high_freq": 392.3793640136719,
      "loudness": -41.80131912231445,
      "loudness_range": 25.43136978149414,
      "low_freq": 148.1999969482422,
      "mid_mean": -40.71931457519531,
      "mid_to_side_loudness": -2.03113055229187,
      "mid_to_side_loudness_range": 6.984165191650391,
      "side_mean": -43.10503005981445
    },
    {
      "high_freq": 794.6976318359375,
      "loudness": -41.91350173950195,
      "loudness_range": 25.981212615966797,
      "low_freq": 392.3793640136719,
      "mid_mean": -41.28377914428711,
      "mid_to_side_loudness": -1.933996319770813,
      "mid_to_side_loudness_range": 7.2391791343688965,
      "side_mean": -43.43534851074219
    },
    {
      "high_freq": 1457.5709228515625,
      "loudness": -41.9957160949707,
      "loudness_range": 25.671497344970703,
      "low_freq": 794.6976318359375,
      "mid_mean": -41.5548095703125,
      "mid_to_side_loudness": -1.7642996311187744,
      "mid_to_side_loudness_range": 5.953709602355957,
      "side_mean": -43.40106201171875
    },
    {
      "high_freq": 2549.74365234375,
      "loudness": -48.64765930175781,
      "loudness_range": 32.09334945678711,
      "low_freq": 1457.5709228515625,
      "mid_mean": -51.755496978759766,
      "mid_to_side_loudness": -2.132500410079956,
      "mid_to_side_loudness_range": 5.232697486877441,
      "side_mean": -53.4613151550293
    },
    {
      "high_freq": 4349.24462890625,
      "loudness": -54.883792877197266,
      "loudness_range": 35.582672119140625,
      "low_freq": 2549.74365234375,
      "mid_mean": -56.99794006347656,
      "mid_to_side_loudness": -2.204314708709717,
      "mid_to_side_loudness_range": 4.8094987869262695,
      "side_mean": -58.590919494628906
    },
    {
      "high_freq": 7314.1640625,
      "loudness": -60.099708557128906,
      "loudness_range": 36.030845642089844,
      "low_freq": 4349.24462890625,
      "mid_mean": -63.07151412963867,
      "mid_to_side_loudness": -1.8612403869628906,
      "mid_to_side_loudness_range": 3.4346120357513428,
      "side_mean": -63.91324234008789
    },
    {
      "high_freq": 12199.2666015625,
      "loudness": -57.84317398071289,
      "loudness_range": 36.00007247924805,
      "low_freq": 7314.1640625,
      "mid_mean": -65.08135223388672,
      "mid_to_side_loudness": -1.9987730979919434,
      "mid_to_side_loudness_range": 3.0729384422302246,
      "side_mean": -65.69944763183594
    },
    {
      "loudness": -63.231075286865234,
      "loudness_range": 29.6468505859375,
      "low_freq": 12199.2666015625,
      "mid_mean": -67.53083038330078,
      "mid_to_side_loudness": -2.2597053050994873,
      "mid_to_side_loudness_range": 2.74043607711792,
      "side_mean": -68.09730529785156
    }
  ],
  "bands_short": [
    {
      "high_freq": 148.1999969482422,
      "loudness": -49.21131134033203,
      "loudness_range": 30.63690185546875,
      "mid_mean": -51.59737777709961,
      "mid_to_side_loudness": -2.891010284423828,
      "mid_to_side_loudness_range": 14.584895133972168,
      "side_mean": -53.74839401245117
    },
    {
      "high_freq": 392.3793640136719,
      "loudness": -42.31508255004883,
      "loudness_range": 25.5410099029541,
      "low_freq": 148.1999969482422,
      "mid_mean": -41.81658935546875,
      "mid_to_side_loudness": -1.9331965446472168,
      "mid_to_side_loudness_range": 10.089771270751953,
      "side_mean": -43.74252700805664
    },
    {
      "high_freq": 794.6976318359375,
      "loudness": -42.07106018066406,
      "loudness_range": 26.73668670654297,
      "low_freq": 392.3793640136719,
      "mid_mean": -41.45747756958008,
      "mid_to_side_loudness": -1.7876884937286377,
      "mid_to_side_loudness_range": 10.168609619140625,
      "side_mean": -43.59419250488281
    },
    {
      "high_freq": 1457.5709228515625,
      "loudness": -42.02939987182617,
      "loudness_range": 26.159589767456055,
      "low_freq": 794.6976318359375,
      "mid_mean": -41.78485107421875,
      "mid_to_side_loudness": -1.6573694944381714,
      "mid_to_side_loudness_range": 9.898873329162598,
      "side_mean": -43.71644592285156
    },
    {
      "high_freq": 2549.74365234375,
      "loudness": -49.168785095214844,
      "loudness_range": 32.17926788330078,
      "low_freq": 1457.5709228515625,
      "mid_mean": -52.298702239990234,
      "mid_to_side_loudness": -2.086153030395508,
      "mid_to_side_loudness_range": 8.349367141723633,
      "side_mean": -53.97563934326172
    },
    {
      "high_freq": 4349.24462890625,
      "loudness": -55.34365463256836,
      "loudness_range": 36.14066696166992,
      "low_freq": 2549.74365234375,
      "mid_mean": -57.46147155761719,
      "mid_to_side_loudness": -2.0729761123657227,
      "mid_to_side_loudness_range": 7.371546745300293,
      "side_mean": -58.945194244384766
    },
    {
      "high_freq": 7314.1640625,
      "loudness": -60.786643981933594,
      "loudness_range": 35.39209747314453,
      "low_freq": 4349.24462890625,
      "mid_mean": -63.39705276489258,
      "mid_to_side_loudness": -1.7979782819747925,
      "mid_to_side_loudness_range": 5.284668922424316,
      "side_mean": -64.19937896728516
    },
    {
      "high_freq": 12199.2666015625,
      "loudness": -59.58131408691406,
      "loudness_range": 34.284996032714844,
      "low_freq": 7314.1640625,
      "mid_mean": -65.53814697265625,
      "mid_to_side_loudness": -1.961582064628601,
      "mid_to_side_loudness_range": 4.566189289093018,
      "side_mean": -66.13015747070312
    },
    {
      "loudness": -64.38871765136719,
      "loudness_range": 29.175262451171875,
      "low_freq": 12199.2666015625,
      "mid_mean": -67.85782623291016,
      "mid_to_side_loudness": -2.200861930847168,
      "mid_to_side_loudness_range": 3.824427843093872,
      "side_mean": -68.3558120727539
    }
  ],
  "bandwidth": 644.0910034179688,
  "channels": 2,
  "covariance": [
    [
      120.0723648071289,
      115.90904235839844,
      59.90484619140625,
      60.62543487548828,
      37.7656135559082,
      41.279884338378906,
      18.1760196685791,
      18.593448638916016,
      52.78858184814453,
      52.653873443603516,
      55.89452362060547,
      52.47597122192383,
      53.388607025146484,
      49.793113708496094,
      48.61665344238281,
      44.5401496887207,
      29.725130081176758,
      24.220252990722656
    ],
    [
      115.90904235839844,
      133.14076232910156,
      58.37636947631836,
      59.45638656616211,
      37.71748352050781,
      40.737552642822266,
      17.656946182250977,
      18.64911460876465,
      68.61489868164062,
      66.62835693359375,
      65.34012603759766,
      60.20722579956055,
      54.18307876586914,
      50.16761779785156,
      47.34538269042969,
      43.1949348449707,
      27.982250213623047,
      22.721935272216797
    ],
    [
      59.90484619140625,
      58.37636947631836,
      76.7216796875,
      74.14469909667969,
      59.764312744140625,
      62.892669677734375,
      42.613216400146484,
      41.873722076416016,
      72.65895080566406,
      71.5758056640625,
      69.48819732666016,
      65.05699157714844,
      63.40903854370117,
      58.58851623535156,
      57.222816467285156,
      52.810489654541016,
      34.87122344970703,
      28.148670196533203
    ],
    [
      60.62543487548828,
      59.45638656616211,
      74.14469909667969,
      84.69667053222656,
      64.5552978515625,
      66.94847106933594,
      46.519832611083984,
      45.70949172973633,
      79.752197265625,
      78.7921371459961,
      75.57201385498047,
      70.53589630126953,
      67.59480285644531,
      62.15692138671875,
      59.988616943359375,
      55.26691818237305,
      36.2053337097168,
      29.168031692504883
    ],
    [
      37.7656135559082,
      37.71748352050781,
      59.764312744140625,
      64.5552978515625,
      85.58380126953125,
      81.24542236328125,
      58.459861755371094,
      58.721771240234375,
      94.00648498535156,
      91.3127212524414,
      84.20085144042969,
      77.8000717163086,
      68.24514770507812,
      62.49329376220703,
      58.26576232910156,
      53.223140716552734,
      34.25430679321289,
      27.30300521850586
    ],
    [
      41.279884338378906,
      40.737552642822266,
      62.892669677734375,
      66.94847106933594,
      81.24542236328125,
      87.83587646484375,
      56.25709533691406,
      56.69624328613281,
      94.43627166748047,
      92.43646240234375,
      84.87596893310547,
      78.5380859375,
      67.96318817138672,
      62.35472869873047,
      57.373897552490234,
      52.317626953125,
      33.328880310058594,
      26.49313735961914
    ],
    [
      18.1760196685791,
      17.656946182250977,
      42.613216400146484,
      46.519832611083984,
      58.459861755371094,
      56.25709533691406,
      90.90499877929688,
      85.91063690185547,
      77.50260925292969,
      74.28822326660156,
      75.300537109375,
      69.44810485839844,
      56.46672821044922,
      51.612796783447266,
      49.0612678527832,
      45.306724548339844,
      30.028018951416016,
      24.027006149291992
    ],
    [
      18.593448638916016,
      18.64911460876465,
      41.873722076416016,
      45.70949172973633,
      58.721771240234375,
      56.69624328613281,
      85.91063690185547,
      89.72846221923828,
      79.91455841064453,
      76.77068328857422,
      77.14181518554688,
      71.10433197021484,
      56.83322525024414,
      52.114322662353516,
      49.093353271484375,
      45.59634017944336,
      29.71882438659668,
      23.72336196899414
    ],
    [
      52.78858184814453,
      68.61489868164062,
      72.65895080566406,
      79.752197265625,
      94.00648498535156,
      94.43627166748047,
      77.50260925292969,
      79.91455841064453,
      166.4817352294922,
      160.14865112304688,
      141.1090087890625,
      130.34768676757812,
      105.65674591064453,
      96.0989990234375,
      84.42510986328125,
      76.63027954101562,
      47.36663055419922,
      37.55653381347656
    ],
    [
      52.653873443603516,
      66.62835693359375,
      71.5758056640625,
      78.7921371459961,
      91.3127212524414,
      92.43646240234375,
      74.28822326660156,
      76.77068328857422,
      160.14865112304688,
      157.37388610839844,
      138.79310607910156,
      129.08094787597656,
      105.82693481445312,
      96.52297973632812,
      85.0175552368164,
      77.43740844726562,
      47.7468376159668,
      37.946407318115234
    ],
    [
      55.89452362060547,
      65.34012603759766,
      69.48819732666016,
      75.57201385498047,
      84.20085144042969,
      84.87596893310547,
      75.300537109375,
      77.14181518554688,
      141.1090087890625,
      138.79310607910156,
      141.53836059570312,
      132.3958282470703,
      107.11935424804688,
      98.1292724609375,
      87.65470123291016,
      80.16265106201172,
      49.76173782348633,
      39.87740707397461
    ],
    [
      52.47597122192383,
      60.20722579956055,
      65.05699157714844,
      70.53589630126953,
      77.8000717163086,
      78.5380859375,
      69.44810485839844,
      71.10433197021484,
      130.34768676757812,
      129.08094787597656,
      132.3958282470703,
      126.14747619628906,
      103.13903045654297,
      94.73544311523438,
      84.83879852294922,
      77.81629180908203,
      48.333763122558594,
      38.85262680053711
    ],
    [
      53.388607025146484,
      54.18307876586914,
      63.40903854370117,
      67.59480285644531,
      68.24514770507812,
      67.96318817138672,
      56.46672821044922,
      56.83322525024414,
      105.65674591064453,
      105.82693481445312,
      107.11935424804688,
      103.13903045654297,
      99.18804168701172,
      91.25010681152344,
      85.5553970336914,
      78.80371856689453,
      50.41509246826172,
      40.71303939819336
    ],
    [
      49.793113708496094,
      50.16761779785156,
      58.58851623535156,
      62.15692138671875,
      62.49329376220703,
      62.35472869873047,
      51.612796783447266,
      52.114322662353516,
      96.0989990234375,
      96.52297973632812,
      98.1292724609375,
      94.73544311523438,
      91.25010681152344,
      84.51093292236328,
      79.22415161132812,
      73.23931121826172,
      46.778987884521484,
      37.86438751220703
    ],
    [
      48.61665344238281,
      47.34538269042969,
      57.222816467285156,
      59.988616943359375,
      58.26576232910156,
      57.373897552490234,
      49.0612678527832,
      49.093353271484375,
      84.42510986328125,
      85.0175552368164,
      87.65470123291016,
      84.83879852294922,
      85.5553970336914,
      79.22415161132812,
      78.8515396118164,
      73.15605926513672,
      47.953582763671875,
      38.97645568847656
    ],
    [
      44.5401496887207,
      43.1949348449707,
      52.810489654541016,
      55.26691818237305,
      53.223140716552734,
      52.317626953125,
      45.306724548339844,
      45.59634017944336,
      76.63027954101562,
      77.43740844726562,
      80.16265106201172,
      77.81629180908203,
      78.80371856689453,
      73.23931121826172,
      73.15605926513672,
      68.45101928710938,
      44.7028923034668,
      36.489410400390625
    ],
    [
      29.725130081176758,
      27.982250213623047,
      34.87122344970703,
      36.2053337097168,
      34.25430679321289,
      33.328880310058594,
      30.028018951416016,
      29.71882438659668,
      47.36663055419922,
      47.7468376159668,
      49.76173782348633,
      48.333763122558594,
      50.41509246826172,
      46.778987884521484,
      47.953582763671875,
      44.7028923034668,
      31.201860427856445,
      25.652603149414062
    ],
    [
      24.220252990722656,
      22.721935272216797,
      28.148670196533203,
      29.168031692504883,
      27.30300521850586,
      26.49313735961914,
      24.027006149291992,
      23.72336196899414,
      37.55653381347656,
      37.946407318115234,
      39.87740707397461,
      38.85262680053711,
      40.71303939819336,
      37.86438751220703,
      38.97645568847656,
      36.489410400390625,
      25.652603149414062,
      21.41204071044922
    ]
  ],
  "covariance_short": [
    [
      132.7600860595703,
      118.72857666015625,
      64.83939361572266,
      61.716915130615234,
      32.845760345458984,
      36.93132781982422,
      14.161977767944336,
      14.5822114944458,
      64.45602416992188,
      61.97092056274414,
      59.69907760620117,
      55.229164123535156,
      49.682979583740234,
      45.73563003540039,
      41.35624313354492,
      37.027687072753906,
      23.449785232543945,
      18.81331443786621
    ],
    [
      118.72857666015625,
      124.73436737060547,
      64.02771759033203,
      62.462772369384766,
      33.215240478515625,
      36.48729705810547,
      14.368839263916016,
      15.060611724853516,
      61.00009536743164,
      58.783050537109375,
      56.266395568847656,
      51.710453033447266,
      44.838680267333984,
      41.46904754638672,
      37.259437561035156,
      33.57513427734375,
      20.89468765258789,
      16.827539443969727
    ],
    [
      64.83939361572266,
      64.02771759033203,
      87.90545654296875,
      75.83368682861328,
      59.263916015625,
      61.24541091918945,
      40.17939376831055,
      41.67044448852539,
      71.56451416015625,
      69.06890106201172,
      68.67938232421875,
      64.70014190673828,
      60.73535919189453,
      56.043453216552734,
      52.205047607421875,
      47.61836242675781,
      30.806133270263672,
      24.856948852539062
    ],
    [
      61.716915130615234,
      62.462772369384766,
      75.83368682861328,
      85.66333770751953,
      60.29056167602539,
      62.483375549316406,
      41.883827209472656,
      43.04500961303711,
      72.6213607788086,
      71.10798645019531,
      70.61156463623047,
      66.44640350341797,
      61.40418243408203,
      56.655094146728516,
      52.17726135253906,
      47.73455810546875,
      30.435026168823242,
      24.61139678955078
    ],
    [
      32.845760345458984,
      33.215240478515625,
      59.263916015625,
      60.29056167602539,
      87.4249496459961,
      79.68092346191406,
      58.70781326293945,
      60.51901626586914,
      92.4596176147461,
      89.18838500976562,
      83.02008056640625,
      76.98976135253906,
      66.16718292236328,
      60.68656921386719,
      54.374813079833984,
      49.60646438598633,
      30.858854293823242,
      24.59671401977539
    ],
    [
      36.93132781982422,
      36.48729705810547,
      61.24541091918945,
      62.483375549316406,
      79.68092346191406,
      90.51737976074219,
      56.2310905456543,
      59.10997772216797,
      93.98016357421875,
      91.51114654541016,
      84.10078430175781,
      78.25405883789062,
      66.59307098388672,
      61.196434020996094,
      54.4324836730957,
      49.60835647583008,
      30.58790397644043,
      24.396751403808594
    ],
    [
      14.161977767944336,
      14.368839263916016,
      40.17939376831055,
      41.883827209472656,
      58.70781326293945,
      56.2310905456543,
      92.68775177001953,
      83.58456420898438,
      76.9207534790039,
      73.63725280761719,
      75.29589080810547,
      69.61227416992188,
      55.660118103027344,
      50.89956283569336,
      46.41154861450195,
      42.674720764160156,
      27.24651336669922,
      21.974365234375
    ],
    [
      14.5822114944458,
      15.060611724853516,
      41.67044448852539,
      43.04500961303711,
      60.51901626586914,
      59.10997772216797,
      83.58456420898438,
      95.41431427001953,
      81.96688079833984,
      78.61151123046875,
      78.51060485839844,
      72.58888244628906,
      57.2899284362793,
      52.79313659667969,
      47.20112609863281,
      43.55084991455078,
      27.119394302368164,
      21.8167781829834
    ],
    [
      64.45602416992188,
      61.00009536743164,
      71.56451416015625,
      72.6213607788086,
      92.4596176147461,
      93.98016357421875,
      76.9207534790039,
      81.96688079833984,
      165.11756896972656,
      155.41807556152344,
      136.56736755371094,
      126.7063217163086,
      101.63577270507812,
      92.3115234375,
      77.94741821289062,
      70.29898071289062,
      42.081932067871094,
      33.39348220825195
    ],
    [
      61.97092056274414,
      58.783050537109375,
      69.06890106201172,
      71.10798645019531,
      89.18838500976562,
      91.51114654541016,
      73.63725280761719,
      78.61151123046875,
      155.41807556152344,
      153.2805633544922,
      132.68621826171875,
      124.22753143310547,
      100.34495544433594,
      91.6033935546875,
      77.21558380126953,
      70.10265350341797,
      41.65522766113281,
      33.32326889038086
    ],
    [
      59.69907760620117,
      56.266395568847656,
      68.67938232421875,
      70.61156463623047,
      83.02008056640625,
      84.10078430175781,
      75.29589080810547,
      78.51060485839844,
      136.56736755371094,
      132.68621826171875,
      138.56520080566406,
      128.6791229248047,
      102.2034912109375,
      93.64037322998047,
      80.8388442993164,
      73.33405303955078,
      44.472835540771484,
      35.692806243896484
    ],
    [
      55.229164123535156,
      51.710453033447266,
      64.70014190673828,
      66.44640350341797,
      76.98976135253906,
      78.25405883789062,
      69.61227416992188,
      72.58888244628906,
      126.7063217163086,
      124.22753143310547,
      128.6791229248047,
      124.1423568725586,
      98.50245666503906,
      90.72915649414062,
      78.1127700805664,
      71.37146759033203,
      42.89794158935547,
      34.63296127319336
    ],
    [
      49.682979583740234,
      44.838680267333984,
      60.73535919189453,
      61.40418243408203,
      66.16718292236328,
      66.59307098388672,
      55.660118103027344,
      57.2899284362793,
      101.63577270507812,
      100.34495544433594,
      102.2034912109375,
      98.50245666503906,
      94.46249389648438,
      86.47229766845703,
      78.31999969482422,
      71.57096862792969,
      44.957679748535156,
      36.345794677734375
    ],
    [
      45.73563003540039,
      41.46904754638672,
      56.043453216552734,
      56.655094146728516,
      60.68656921386719,
      61.196434020996094,
      50.89956283569336,
      52.79313659667969,
      92.3115234375,
      91.6033935546875,
      93.64037322998047,
      90.72915649414062,
      86.47229766845703,
      80.64356994628906,
      72.3437728881836,
      66.74697875976562,
      41.38034439086914,
      33.702308654785156
    ],
    [
      41.35624313354492,
      37.259437561035156,
      52.205047607421875,
      52.17726135253906,
      54.374813079833984,
      54.4324836730957,
      46.41154861450195,
      47.20112609863281,
      77.94741821289062,
      77.21558380126953,
      80.8388442993164,
      78.1127700805664,
      78.31999969482422,
      72.3437728881836,
      70.87348175048828,
      64.9355239868164,
      42.5128288269043,
      34.533023834228516
    ],
    [
      37.027687072753906,
      33.57513427734375,
      47.61836242675781,
      47.73455810546875,
      49.60646438598633,
      49.60835647583008,
      42.674720764160156,
      43.55084991455078,
      70.29898071289062,
      70.10265350341797,
      73.33405303955078,
      71.37146759033203,
      71.57096862792969,
      66.74697875976562,
      64.9355239868164,
      60.98368453979492,
      38.921478271484375,
      32.121707916259766
    ],
    [
      23.449785232543945,
      20.89468765258789,
      30.806133270263672,
      30.435026168823242,
      30.858854293823242,
      30.58790397644043,
      27.24651336669922,
      27.119394302368164,
      42.081932067871094,
      41.65522766113281,
      44.472835540771484,
      42.89794158935547,
      44.957679748535156,
      41.38034439086914,
      42.5128288269043,
      38.921478271484375,
      28.08111572265625,
      22.877473831176758
    ],
    [
      18.81331443786621,
      16.827539443969727,
      24.856948852539062,
      24.61139678955078,
      24.59671401977539,
      24.396751403808594,
      21.974365234375,
      21.8167781829834,
      33.39348220825195,
      33.32326889038086,
      35.692806243896484,
      34.63296127319336,
      36.345794677734375,
      33.702308654785156,
      34.533023834228516,
      32.121707916259766,
      22.877473831176758,
      19.337223052978516
    ]
  ],
  "damage": -21.420591354370117,
  "diff_bandwidth": 675.1841430664062,
  "dissonance": 8.925222778069797,
  "drr": 2.4841713905334473,
  "dynamics": 6.574760913848877,
  "format": 1245190,
  "frames": 6072320,
  "loudness": -31.447574615478516,
  "loudness_range": 21.788108825683594,
  "loudness_range_short": 22.92988395690918,
  "lowpass_true_peak_15khz": -3.7902169227600098,
  "mastering3_acoustic_entropies": [
    {
      "acoustic_entropy": 4.950037956237793,
      "acoustic_entropy_mono": 4.961379528045654,
      "band_eliminated_acoustic_entropies": [
        {
          "acoustic_entropy": 4.950728893280029,
          "acoustic_entropy_side": 4.951247215270996,
          "hz": 129.47220167065723
        },
        {
          "acoustic_entropy": 4.783198833465576,
          "acoustic_entropy_side": 4.91511344909668,
          "hz": 202.92927478742237
        },
        {
          "acoustic_entropy": 4.9094038009643555,
          "acoustic_entropy_side": 4.902100086212158,
          "hz": 282.89161906338205
        },
        {
          "acoustic_entropy": 4.901418209075928,
          "acoustic_entropy_side": 4.852403163909912,
          "hz": 369.9353335868758
        },
        {
          "acoustic_entropy": 5.121313095092773,
          "acoustic_entropy_side": 4.684713840484619,
          "hz": 464.6875360973435
        },
        {
          "acoustic_entropy": 4.813597202301025,
          "acoustic_entropy_side": 4.842668533325195,
          "hz": 567.8308811364784
        },
        {
          "acoustic_entropy": 4.850824356079102,
          "acoustic_entropy_side": 4.73770809173584,
          "hz": 680.1084783214808
        },
        {
          "acoustic_entropy": 4.754815578460693,
          "acoustic_entropy_side": 4.785760402679443,
          "hz": 802.3292461747484
        },
        {
          "acoustic_entropy": 5.210437774658203,
          "acoustic_entropy_side": 5.247711181640625,
          "hz": 935.3737400823702
        },
        {
          "acoustic_entropy": 4.500027656555176,
          "acoustic_entropy_side": 4.966336250305176,
          "hz": 1080.2004963696966
        },
        {
          "acoustic_entropy": 4.965779781341553,
          "acoustic_entropy_side": 4.795819282531738,
          "hz": 1237.8529382007157
        },
        {
          "acoustic_entropy": 4.249919891357422,
          "acoustic_entropy_side": 5.071958065032959,
          "hz": 1409.4668930556702
        },
        {
          "acoustic_entropy": 5.2088093757629395,
          "acoustic_entropy_side": 5.118620872497559,
          "hz": 1596.2787759475705
        },
        {
          "acoustic_entropy": 4.934855937957764,
          "acoustic_entropy_side": 4.91996431350708,
          "hz": 1799.6344973346393
        },
        {
          "acoustic_entropy": 4.954756736755371,
          "acoustic_entropy_side": 4.920246124267578,
          "hz": 2020.9991599069049
        },
        {
          "acoustic_entropy": 4.80635929107666,
          "acoustic_entropy_side": 4.861050605773926,
          "hz": 2261.9676141086993
        },
        {
          "acoustic_entropy": 4.858684539794922,
          "acoustic_entropy_side": 4.907841682434082,
          "hz": 2524.2759484456974
        },
        {
          "acoustic_entropy": 4.853959560394287,
          "acoustic_entropy_side": 4.88694429397583,
          "hz": 2809.813997359896
        },
        {
          "acoustic_entropy": 4.905422687530518,
          "acoustic_entropy_side": 4.916932106018066,
          "hz": 3120.6389567871424
        },
        {
          "acoustic_entropy": 4.866757869720459,
          "acoustic_entropy_side": 4.82042932510376,
          "hz": 3458.990205492291
        },
        {
          "acoustic_entropy": 4.747620105743408,
          "acoustic_entropy_side": 4.852541446685791,
          "hz": 3827.305438964164
        },
        {
          "acoustic_entropy": 4.909778594970703,
          "acoustic_entropy_side": 4.9312310218811035,
          "hz": 4228.238232109126
        },
        {
          "acoustic_entropy": 4.873871326446533,
          "acoustic_entropy_side": 4.916251182556152,
          "hz": 4664.6771572759235
        },
        {
          "acoustic_entropy": 4.89427375793457,
          "acoustic_entropy_side": 4.924973964691162,
          "hz": 5139.766595350093
        },
        {
          "acoustic_entropy": 4.919691562652588,
          "acoustic_entropy_side": 4.938196182250977,
          "hz": 5656.929389854203
        },
        {
          "acoustic_entropy": 4.90089750289917,
          "acoustic_entropy_side": 4.9343438148498535,
          "hz": 6219.891507268283
        },
        {
          "acoustic_entropy": 4.883769989013672,
          "acoustic_entropy_side": 4.9290452003479,
          "hz": 6832.70888123896
        },
        {
          "acoustic_entropy": 4.914776802062988,
          "acoustic_entropy_side": 4.939146995544434,
          "hz": 7499.796634079867
        },
        {
          "acoustic_entropy": 4.886616230010986,
          "acoustic_entropy_side": 4.926033020019531,
          "hz": 8225.96088609342
        },
        {
          "acoustic_entropy": 4.874499320983887,
          "acoustic_entropy_side": 4.918750762939453,
          "hz": 9016.43338188839
        },
        {
          "acoustic_entropy": 4.891883850097656,
          "acoustic_entropy_side": 4.926571846008301,
          "hz": 9876.909183162974
        },
        {
          "acoustic_entropy": 4.883683681488037,
          "acoustic_entropy_side": 4.925421714782715,
          "hz": 10813.587699516042
        },
        {
          "acoustic_entropy": 4.915157318115234,
          "acoustic_entropy_side": 4.938502311706543,
          "hz": 11833.21735289826
        },
        {
          "acoustic_entropy": 4.921546459197998,
          "acoustic_entropy_side": 4.9374237060546875,
          "hz": 12943.144197493959
        },
        {
          "acoustic_entropy": 4.935202598571777,
          "acoustic_entropy_side": 4.945436954498291,
          "hz": 14151.364845322005
        },
        {
          "acoustic_entropy": 4.943202972412109,
          "acoustic_entropy_side": 4.948608875274658,
          "hz": 15466.58407886509
        },
        {
          "acoustic_entropy": 4.949104309082031,
          "acoustic_entropy_side": 4.949580669403076,
          "hz": 16898.27756580493
        },
        {
          "acoustic_entropy": 4.948266506195068,
          "acoustic_entropy_side": 4.9496612548828125,
          "hz": 18456.760127700032
        },
        {
          "acoustic_entropy": 4.9492268562316895,
          "acoustic_entropy_side": 4.949800491333008,
          "hz": 20153.260054456492
        },
        {
          "acoustic_entropy": 4.949985980987549,
          "acoustic_entropy_side": 4.950024604797363,
          "hz": 22000.00000000001
        }
      ],
      "diff_acoustic_entropy": 0.9155797362327576,
      "sn": 6
    },
    {
      "acoustic_entropy": 9.441210746765137,
      "acoustic_entropy_mono": 8.695626258850098,
      "band_eliminated_acoustic_entropies": [
        {
          "acoustic_entropy": 9.425710678100586,
          "acoustic_entropy_side": 9.43696117401123,
          "hz": 129.47220167065723
        },
        {
          "acoustic_entropy": 8.927067756652832,
          "acoustic_entropy_side": 9.359058380126953,
          "hz": 202.92927478742237
        },
        {
          "acoustic_entropy": 9.011022567749023,
          "acoustic_entropy_side": 9.502188682556152,
          "hz": 282.89161906338205
        },
        {
          "acoustic_entropy": 9.297944068908691,
          "acoustic_entropy_side": 9.34044075012207,
          "hz": 369.9353335868758
        },
        {
          "acoustic_entropy": 8.817059516906738,
          "acoustic_entropy_side": 9.245145797729492,
          "hz": 464.6875360973435
        },
        {
          "acoustic_entropy": 9.36586856842041,
          "acoustic_entropy_side": 9.410393714904785,
          "hz": 567.8308811364784
        },
        {
          "acoustic_entropy": 9.142779350280762,
          "acoustic_entropy_side": 9.365296363830566,
          "hz": 680.1084783214808
        },
        {
          "acoustic_entropy": 9.102222442626953,
          "acoustic_entropy_side": 9.162101745605469,
          "hz": 802.3292461747484
        },
        {
          "acoustic_entropy": 9.625271797180176,
          "acoustic_entropy_side": 9.459243774414062,
          "hz": 935.3737400823702
        },
        {
          "acoustic_entropy": 8.268769264221191,
          "acoustic_entropy_side": 9.310948371887207,
          "hz": 1080.2004963696966
        },
        {
          "acoustic_entropy": 9.071832656860352,
          "acoustic_entropy_side": 9.215489387512207,
          "hz": 1237.8529382007157
        },
        {
          "acoustic_entropy": 8.155655860900879,
          "acoustic_entropy_side": 9.036883354187012,
          "hz": 1409.4668930556702
        },
        {
          "acoustic_entropy": 9.47439193725586,
          "acoustic_entropy_side": 9.5632905960083,
          "hz": 1596.2787759475705
        },
        {
          "acoustic_entropy": 9.354120254516602,
          "acoustic_entropy_side": 9.59548282623291,
          "hz": 1799.6344973346393
        },
        {
          "acoustic_entropy": 8.8729887008667,
          "acoustic_entropy_side": 9.123960494995117,
          "hz": 2020.9991599069049
        },
        {
          "acoustic_entropy": 9.715325355529785,
          "acoustic_entropy_side": 9.345187187194824,
          "hz": 2261.9676141086993
        },
        {
          "acoustic_entropy": 9.30899715423584,
          "acoustic_entropy_side": 9.4811372756958,
          "hz": 2524.2759484456974
        },
        {
          "acoustic_entropy": 9.468904495239258,
          "acoustic_entropy_side": 9.525997161865234,
          "hz": 2809.813997359896
        },
        {
          "acoustic_entropy": 9.682703018188477,
          "acoustic_entropy_side": 9.544054985046387,
          "hz": 3120.6389567871424
        },
        {
          "acoustic_entropy": 9.329910278320312,
          "acoustic_entropy_side": 9.383437156677246,
          "hz": 3458.990205492291
        },
        {
          "acoustic_entropy": 9.413914680480957,
          "acoustic_entropy_side": 9.433186531066895,
          "hz": 3827.305438964164
        },
        {
          "acoustic_entropy": 9.428207397460938,
          "acoustic_entropy_side": 9.438572883605957,
          "hz": 4228.238232109126
        },
        {
          "acoustic_entropy": 9.421503067016602,
          "acoustic_entropy_side": 9.431563377380371,
          "hz": 4664.6771572759235
        },
        {
          "acoustic_entropy": 9.434160232543945,
          "acoustic_entropy_side": 9.422821044921875,
          "hz": 5139.766595350093
        },
        {
          "acoustic_entropy": 9.457061767578125,
          "acoustic_entropy_side": 9.449596405029297,
          "hz": 5656.929389854203
        },
        {
          "acoustic_entropy": 9.451900482177734,
          "acoustic_entropy_side": 9.448695182800293,
          "hz": 6219.891507268283
        },
        {
          "acoustic_entropy": 9.447772979736328,
          "acoustic_entropy_side": 9.445027351379395,
          "hz": 6832.70888123896
        },
        {
          "acoustic_entropy": 9.453594207763672,
          "acoustic_entropy_side": 9.445831298828125,
          "hz": 7499.796634079867
        },
        {
          "acoustic_entropy": 9.488712310791016,
          "acoustic_entropy_side": 9.461337089538574,
          "hz": 8225.96088609342
        },
        {
          "acoustic_entropy": 9.494168281555176,
          "acoustic_entropy_side": 9.463080406188965,
          "hz": 9016.43338188839
        },
        {
          "acoustic_entropy": 9.47582721710205,
          "acoustic_entropy_side": 9.453032493591309,
          "hz": 9876.909183162974
        },
        {
          "acoustic_entropy": 9.484076499938965,
          "acoustic_entropy_side": 9.461705207824707,
          "hz": 10813.587699516042
        },
        {
          "acoustic_entropy": 9.485442161560059,
          "acoustic_entropy_side": 9.451127052307129,
          "hz": 11833.21735289826
        },
        {
          "acoustic_entropy": 9.507086753845215,
          "acoustic_entropy_side": 9.458902359008789,
          "hz": 12943.144197493959
        },
        {
          "acoustic_entropy": 9.464095115661621,
          "acoustic_entropy_side": 9.448385238647461,
          "hz": 14151.364845322005
        },
        {
          "acoustic_entropy": 9.458200454711914,
          "acoustic_entropy_side": 9.446625709533691,
          "hz": 15466.58407886509
        },
        {
          "acoustic_entropy": 9.451178550720215,
          "acoustic_entropy_side": 9.442987442016602,
          "hz": 16898.27756580493
        },
        {
          "acoustic_entropy": 9.446123123168945,
          "acoustic_entropy_side": 9.441431999206543,
          "hz": 18456.760127700032
        },
        {
          "acoustic_entropy": 9.44221019744873,
          "acoustic_entropy_side": 9.441034317016602,
          "hz": 20153.260054456492
        },
        {
          "acoustic_entropy": 9.441137313842773,
          "acoustic_entropy_side": 9.441197395324707,
          "hz": 22000.00000000001
        }
      ],
      "diff_acoustic_entropy": 2.217928886413574,
      "sn": 12
    },
    {
      "acoustic_entropy": 16.789899826049805,
      "acoustic_entropy_mono": 15.843347549438477,
      "band_eliminated_acoustic_entropies": [
        {
          "acoustic_entropy": 16.834930419921875,
          "acoustic_entropy_side": 16.84718132019043,
          "hz": 129.47220167065723
        },
        {
          "acoustic_entropy": 16.342031478881836,
          "acoustic_entropy_side": 16.733293533325195,
          "hz": 202.92927478742237
        },
        {
          "acoustic_entropy": 17.29439926147461,
          "acoustic_entropy_side": 17.031787872314453,
          "hz": 282.89161906338205
        },
        {
          "acoustic_entropy": 16.43494415283203,
          "acoustic_entropy_side": 16.92717742919922,
          "hz": 369.9353335868758
        },
        {
          "acoustic_entropy": 17.040630340576172,
          "acoustic_entropy_side": 17.02642059326172,
          "hz": 464.6875360973435
        },
        {
          "acoustic_entropy": 16.960622787475586,
          "acoustic_entropy_side": 17.06325912475586,
          "hz": 567.8308811364784
        },
        {
          "acoustic_entropy": 16.94964599609375,
          "acoustic_entropy_side": 16.5870418548584,
          "hz": 680.1084783214808
        },
        {
          "acoustic_entropy": 16.41532325744629,
          "acoustic_entropy_side": 16.239498138427734,
          "hz": 802.3292461747484
        },
        {
          "acoustic_entropy": 16.547588348388672,
          "acoustic_entropy_side": 17.109893798828125,
          "hz": 935.3737400823702
        },
        {
          "acoustic_entropy": 15.969441413879395,
          "acoustic_entropy_side": 16.81086540222168,
          "hz": 1080.2004963696966
        },
        {
          "acoustic_entropy": 17.109785079956055,
          "acoustic_entropy_side": 16.91254997253418,
          "hz": 1237.8529382007157
        },
        {
          "acoustic_entropy": 15.741610527038574,
          "acoustic_entropy_side": 16.939191818237305,
          "hz": 1409.4668930556702
        },
        {
          "acoustic_entropy": 16.858051300048828,
          "acoustic_entropy_side": 16.784914016723633,
          "hz": 1596.2787759475705
        },
        {
          "acoustic_entropy": 16.533958435058594,
          "acoustic_entropy_side": 16.80023765563965,
          "hz": 1799.6344973346393
        },
        {
          "acoustic_entropy": 16.896446228027344,
          "acoustic_entropy_side": 16.865493774414062,
          "hz": 2020.9991599069049
        },
        {
          "acoustic_entropy": 17.553180694580078,
          "acoustic_entropy_side": 17.7303409576416,
          "hz": 2261.9676141086993
        },
        {
          "acoustic_entropy": 17.1162166595459,
          "acoustic_entropy_side": 16.983203887939453,
          "hz": 2524.2759484456974
        },
        {
          "acoustic_entropy": 16.63268280029297,
          "acoustic_entropy_side": 16.951391220092773,
          "hz": 2809.813997359896
        },
        {
          "acoustic_entropy": 16.643590927124023,
          "acoustic_entropy_side": 16.7521915435791,
          "hz": 3120.6389567871424
        },
        {
          "acoustic_entropy": 16.687158584594727,
          "acoustic_entropy_side": 16.700571060180664,
          "hz": 3458.990205492291
        },
        {
          "acoustic_entropy": 16.97969627380371,
