{
  "acoustic_entropy": 126.56880187988281,
  "bands": [
    {
      "high_freq": 148.1999969482422,
      "loudness": -64.54322052001953,
      "loudness_range": 27.958091735839844,
      "mid_mean": -60.13192367553711,
      "mid_to_side_loudness": -8.241625785827637,
      "mid_to_side_loudness_range": 7.5839948654174805,
      "side_mean": -65.27991485595703
    },
    {
      "high_freq": 392.3793640136719,
      "loudness": -45.28998947143555,
      "loudness_range": 31.716163635253906,
      "low_freq": 148.1999969482422,
      "mid_mean": -42.67007064819336,
      "mid_to_side_loudness": -7.476807594299316,
      "mid_to_side_loudness_range": 9.668745994567871,
      "side_mean": -50.96583938598633
    },
    {
      "high_freq": 794.6976318359375,
      "loudness": -43.094482421875,
      "loudness_range": 34.37769317626953,
      "low_freq": 392.3793640136719,
      "mid_mean": -41.87535858154297,
      "mid_to_side_loudness": -4.034207344055176,
      "mid_to_side_loudness_range": 8.282508850097656,
      "side_mean": -46.31704330444336
    },
    {
      "high_freq": 1457.5709228515625,
      "loudness": -45.383880615234375,
      "loudness_range": 36.61528778076172,
      "low_freq": 794.6976318359375,
      "mid_mean": -49.06964111328125,
      "mid_to_side_loudness": -2.3008854389190674,
      "mid_to_side_loudness_range": 7.524139404296875,
      "side_mean": -51.86732864379883
    },
    {
      "high_freq": 2549.74365234375,
      "loudness": -48.275978088378906,
      "loudness_range": 36.21149444580078,
      "low_freq": 1457.5709228515625,
      "mid_mean": -55.427364349365234,
      "mid_to_side_loudness": -1.3907039165496826,
      "mid_to_side_loudness_range": 7.119877338409424,
      "side_mean": -56.20757293701172
    },
    {
      "high_freq": 4349.24462890625,
      "loudness": -52.325435638427734,
      "loudness_range": 29.5159912109375,
      "low_freq": 2549.74365234375,
      "mid_mean": -62.50014877319336,
      "mid_to_side_loudness": -1.967678427696228,
      "mid_to_side_loudness_range": 8.702786445617676,
      "side_mean": -63.24777603149414
    },
    {
      "high_freq": 7314.1640625,
      "loudness": -61.158973693847656,
      "loudness_range": 24.659542083740234,
      "low_freq": 4349.24462890625,
      "mid_mean": -67.1357650756836,
      "mid_to_side_loudness": -0.4465932250022888,
      "mid_to_side_loudness_range": 3.6168594360351562,
      "side_mean": -67.15048217773438
    },
    {
      "high_freq": 12199.2666015625,
      "loudness": -72.4930648803711,
      "loudness_range": 19.888843536376953,
      "low_freq": 7314.1640625,
      "mid_mean": -69.2757568359375,
      "mid_to_side_loudness": -0.6750468015670776,
      "mid_to_side_loudness_range": 2.895256757736206,
      "side_mean": -69.32211303710938
    },
    {
      "loudness": -84.62222290039062,
      "loudness_range": 10.265434265136719,
      "low_freq": 12199.2666015625,
      "mid_mean": -69.9557876586914,
      "mid_to_side_loudness": -0.8008651733398438,
      "mid_to_side_loudness_range": 1.6652835607528687,
      "side_mean": -69.96195220947266
    }
  ],
  "bands_short": [
    {
      "high_freq": 148.1999969482422,
      "loudness": -68.68182373046875,
      "loudness_range": 22.82827377319336,
      "mid_mean": -63.32653045654297,
      "mid_to_side_loudness": -9.031030654907227,
      "mid_to_side_loudness_range": 12.40335750579834,
      "side_mean": -67.68537902832031
    },
    {
      "high_freq": 392.3793640136719,
      "loudness": -47.15943145751953,
      "loudness_range": 31.248584747314453,
      "low_freq": 148.1999969482422,
      "mid_mean": -44.71095657348633,
      "mid_to_side_loudness": -6.874875545501709,
      "mid_to_side_loudness_range": 11.107868194580078,
      "side_mean": -52.09474182128906
    },
    {
      "high_freq": 794.6976318359375,
      "loudness": -43.32770919799805,
      "loudness_range": 34.9506950378418,
      "low_freq": 392.3793640136719,
      "mid_mean": -41.953887939453125,
      "mid_to_side_loudness": -4.884768486022949,
      "mid_to_side_loudness_range": 9.959280967712402,
      "side_mean": -47.5922966003418
    },
    {
      "high_freq": 1457.5709228515625,
      "loudness": -45.63722610473633,
      "loudness_range": 37.889015197753906,
      "low_freq": 794.6976318359375,
      "mid_mean": -50.4608039855957,
      "mid_to_side_loudness": -2.2116057872772217,
      "mid_to_side_loudness_range": 8.6950044631958,
      "side_mean": -52.313514709472656
    },
    {
      "high_freq": 2549.74365234375,
      "loudness": -49.506019592285156,
      "loudness_range": 34.804893493652344,
      "low_freq": 1457.5709228515625,
      "mid_mean": -56.420745849609375,
      "mid_to_side_loudness": -1.421682357788086,
      "mid_to_side_loudness_range": 9.34830379486084,
      "side_mean": -57.184051513671875
    },
    {
      "high_freq": 4349.24462890625,
      "loudness": -53.47606658935547,
      "loudness_range": 31.417552947998047,
      "low_freq": 2549.74365234375,
      "mid_mean": -62.86078643798828,
      "mid_to_side_loudness": -2.066838264465332,
      "mid_to_side_loudness_range": 11.996017456054688,
      "side_mean": -63.581111907958984
    },
    {
      "high_freq": 7314.1640625,
      "loudness": -63.399227142333984,
      "loudness_range": 26.28390884399414,
      "low_freq": 4349.24462890625,
      "mid_mean": -67.60917663574219,
      "mid_to_side_loudness": -0.6309935450553894,
      "mid_to_side_loudness_range": 6.219453811645508,
      "side_mean": -67.63628387451172
    },
    {
      "high_freq": 12199.2666015625,
      "loudness": -74.19075775146484,
      "loudness_range": 22.146583557128906,
      "low_freq": 7314.1640625,
      "mid_mean": -69.47492980957031,
      "mid_to_side_loudness": -0.6891454458236694,
      "mid_to_side_loudness_range": 3.793612480163574,
      "side_mean": -69.50556945800781
    },
    {
      "loudness": -82.73432922363281,
      "loudness_range": 14.889060974121094,
      "low_freq": 12199.2666015625,
      "mid_mean": -69.95730590820312,
      "mid_to_side_loudness": -0.8148524165153503,
      "mid_to_side_loudness_range": 2.7369511127471924,
      "side_mean": -69.9627914428711
    }
  ],
  "bandwidth": 753.0623779296875,
  "channels": 2,
  "covariance": [
    [
      62.28337860107422,
      44.45981979370117,
      49.554473876953125,
      52.87749099731445,
      53.81338882446289,
      54.84760284423828,
      70.70906829833984,
      71.27960968017578,
      75.46151733398438,
      75.11759948730469,
      59.78155517578125,
      55.85927200317383,
      29.089651107788086,
      28.586326599121094,
      7.436495780944824,
      7.000393867492676,
      0.2043924778699875,
      0.19246762990951538
    ],
    [
      44.45981979370117,
      36.02246856689453,
      33.17152786254883,
      35.76523971557617,
      35.077545166015625,
      35.5374870300293,
      45.74536895751953,
      46.14686584472656,
      50.55845642089844,
      50.58350372314453,
      42.2255859375,
      39.457088470458984,
      21.184585571289062,
      20.70248794555664,
      5.338593482971191,
      5.015183448791504,
      0.14290651679039001,
      0.13498598337173462
    ],
    [
      49.554473876953125,
      33.17152786254883,
      117.1077651977539,
      99.02523040771484,
      99.28370666503906,
      103.87503814697266,
      112.39473724365234,
      109.46231842041016,
      104.07145690917969,
      101.08853912353516,
      75.83779907226562,
      67.84654235839844,
      32.10061264038086,
      31.389137268066406,
      7.457952499389648,
      6.84305477142334,
      0.18759764730930328,
      0.16615813970565796
    ],
    [
      52.87749099731445,
      35.76523971557617,
      99.02523040771484,
      104.50762176513672,
      88.903564453125,
      94.34078216552734,
      106.3654556274414,
      110.69611358642578,
      104.78590393066406,
      101.64958190917969,
      74.76432800292969,
      67.26082611083984,
      31.34012222290039,
      30.607370376586914,
      7.205565929412842,
      6.613773345947266,
      0.1843801736831665,
      0.16539575159549713
    ],
    [
      53.81338882446289,
      35.077545166015625,
      99.28370666503906,
      88.903564453125,
      147.88125610351562,
      143.2397003173828,
      151.38479614257812,
      144.3672332763672,
      133.10879516601562,
      130.83348083496094,
      102.7984619140625,
      93.35321807861328,
      46.9468994140625,
      46.61058044433594,
      11.505377769470215,
      11.017171859741211,
      0.2935556173324585,
      0.26717835664749146
    ],
    [
      54.84760284423828,
      35.5374870300293,
      103.87503814697266,
      94.34078216552734,
      143.2397003173828,
      156.41192626953125,
      160.42794799804688,
      152.64047241210938,
      139.7400360107422,
      136.79469299316406,
      105.55660247802734,
      95.5371322631836,
      47.96833419799805,
      47.763118743896484,
      11.968086242675781,
      11.41642951965332,
      0.30298957228660583,
      0.2768959403038025
    ],
    [
      70.70906829833984,
      45.74536895751953,
      112.39473724365234,
      106.3654556274414,
      151.38479614257812,
      160.42794799804688,
      221.83544921875,
      207.66368103027344,
      187.91546630859375,
      182.92388916015625,
      132.8993377685547,
      123.15780639648438,
      62.00630569458008,
      61.989376068115234,
      16.171178817749023,
      15.488378524780273,
      0.4743603765964508,
      0.43818509578704834
    ],
    [
      71.27960968017578,
      46.14686584472656,
      109.46231842041016,
      110.69611358642578,
      144.3672332763672,
      152.64047241210938,
      207.66368103027344,
      204.7856903076172,
      184.93887329101562,
      179.9364013671875,
      128.96905517578125,
      119.1044692993164,
      59.92253875732422,
      59.91830062866211,
      15.6239013671875,
      14.916029930114746,
      0.47020620107650757,
      0.43509116768836975
    ],
    [
      75.46151733398438,
      50.55845642089844,
      104.07145690917969,
      104.78590393066406,
      133.10879516601562,
      139.7400360107422,
      187.91546630859375,
      184.93887329101562,
      202.4622344970703,
      195.59959411621094,
      136.2533416748047,
      126.66443634033203,
      64.36804962158203,
      64.4571533203125,
      17.001245498657227,
      16.04265022277832,
      0.5279232263565063,
      0.48531287908554077
    ],
    [
      75.11759948730469,
      50.58350372314453,
      101.08853912353516,
      101.64958190917969,
      130.83348083496094,
      136.79469299316406,
      182.92388916015625,
      179.9364013671875,
      195.59959411621094,
      192.36265563964844,
      134.3373260498047,
      125.21640014648438,
      63.995033264160156,
      64.15414428710938,
      16.9456729888916,
      16.017833709716797,
      0.5265406370162964,
      0.48522526025772095
    ],
    [
      59.78155517578125,
      42.2255859375,
      75.83779907226562,
      74.76432800292969,
      102.7984619140625,
      105.55660247802734,
      132.8993377685547,
      128.96905517578125,
      136.2533416748047,
      134.3373260498047,
      121.5593490600586,
      112.17955780029297,
      56.56153869628906,
      56.16897201538086,
      14.941183090209961,
      14.01268196105957,
      0.4090203046798706,
      0.38077542185783386
    ],
    [
      55.85927200317383,
      39.457088470458984,
      67.84654235839844,
      67.26082611083984,
      93.35321807861328,
      95.5371322631836,
      123.15780639648438,
      119.1044692993164,
      126.66443634033203,
      125.21640014648438,
      112.17955780029297,
      105.3761215209961,
      53.41233444213867,
      53.124481201171875,
      14.303329467773438,
      13.448844909667969,
      0.39891213178634644,
      0.36983340978622437
    ],
    [
      29.089651107788086,
      21.184585571289062,
      32.10061264038086,
      31.34012222290039,
      46.9468994140625,
      47.96833419799805,
      62.00630569458008,
      59.92253875732422,
      64.36804962158203,
      63.995033264160156,
      56.56153869628906,
      53.41233444213867,
      33.00128936767578,
      32.8720588684082,
      9.576637268066406,
      9.126103401184082,
      0.27707064151763916,
      0.2607586979866028
    ],
    [
      28.586326599121094,
      20.70248794555664,
      31.389137268066406,
      30.607370376586914,
      46.61058044433594,
      47.763118743896484,
      61.989376068115234,
      59.91830062866211,
      64.4571533203125,
      64.15414428710938,
      56.16897201538086,
      53.124481201171875,
      32.8720588684082,
      33.209712982177734,
      9.623363494873047,
      9.204089164733887,
      0.2875591516494751,
      0.2697070240974426
    ],
    [
      7.436495780944824,
      5.338593482971191,
      7.457952499389648,
      7.205565929412842,
      11.505377769470215,
      11.968086242675781,
      16.171178817749023,
      15.6239013671875,
      17.001245498657227,
      16.9456729888916,
      14.941183090209961,
      14.303329467773438,
      9.576637268066406,
      9.623363494873047,
      3.8887979984283447,
      3.5033185482025146,
      0.1252460777759552,
      0.11909456551074982
    ],
    [
      7.000393867492676,
      5.015183448791504,
      6.84305477142334,
      6.613773345947266,
      11.017171859741211,
      11.41642951965332,
      15.488378524780273,
      14.916029930114746,
      16.04265022277832,
      16.017833709716797,
      14.01268196105957,
      13.448844909667969,
      9.126103401184082,
      9.204089164733887,
      3.5033185482025146,
      3.3428072929382324,
      0.11841147392988205,
      0.11235471069812775
    ],
    [
      0.2043924778699875,
      0.14290651679039001,
      0.18759764730930328,
      0.1843801736831665,
      0.2935556173324585,
      0.30298957228660583,
      0.4743603765964508,
      0.47020620107650757,
      0.5279232263565063,
      0.5265406370162964,
      0.4090203046798706,
      0.39891213178634644,
      0.27707064151763916,
      0.2875591516494751,
      0.1252460777759552,
      0.11841147392988205,
      0.010855342261493206,
      0.010012885555624962
    ],
    [
      0.19246762990951538,
      0.13498598337173462,
      0.16615813970565796,
      0.16539575159549713,
      0.26717835664749146,
      0.2768959403038025,
      0.43818509578704834,
      0.43509116768836975,
      0.48531287908554077,
      0.48522526025772095,
      0.38077542185783386,
      0.36983340978622437,
      0.2607586979866028,
      0.2697070240974426,
      0.11909456551074982,
      0.11235471069812775,
      0.010012885555624962,
      0.009461024776101112
    ]
  ],
  "covariance_short": [
    [
      36.68250274658203,
      19.122774124145508,
      38.31915283203125,
      37.457767486572266,
      41.259300231933594,
      43.31601333618164,
      54.2698860168457,
      52.88440704345703,
      54.73836898803711,
      54.788169860839844,
      43.917964935302734,
      41.17979049682617,
      20.587011337280273,
      20.03404998779297,
      4.999930381774902,
      4.795679569244385,
      0.1777704656124115,
      0.1719169020652771
    ],
    [
      19.122774124145508,
      13.038419723510742,
      19.762964248657227,
      19.63789176940918,
      20.67890739440918,
      21.50943374633789,
      26.348665237426758,
      25.916425704956055,
      27.606521606445312,
      27.878393173217773,
      23.51556396484375,
      22.16691780090332,
      11.531000137329102,
      11.114102363586426,
      2.710747718811035,
      2.5885086059570312,
      0.09517333656549454,
      0.09206894040107727
    ],
    [
      38.31915283203125,
      19.762964248657227,
      114.65911865234375,
      94.18404388427734,
      101.62947082519531,
      106.31963348388672,
      115.28280639648438,
      109.19245147705078,
      101.59574127197266,
      98.15591430664062,
      72.32923889160156,
      65.15469360351562,
      28.56087875366211,
      27.712263107299805,
      6.139381408691406,
      5.718672275543213,
      0.2011352926492691,
      0.18386207520961761
    ],
    [
      37.457767486572266,
      19.63789176940918,
      94.18404388427734,
      97.97770690917969,
      87.65117645263672,
      94.20793151855469,
      112.3095703125,
      106.36003112792969,
      98.4389877319336,
      95.22457122802734,
      69.12781524658203,
      62.718196868896484,
      26.941207885742188,
      26.08928680419922,
      5.57811164855957,
      5.180736541748047,
      0.1752236932516098,
      0.162163645029068
    ],
    [
      41.259300231933594,
      20.67890739440918,
      101.62947082519531,
      87.65117645263672,
      151.01258850097656,
      144.9158477783203,
      151.015869140625,
      142.9204559326172,
      128.07667541503906,
      124.85918426513672,
      96.96617889404297,
      87.48336029052734,
      39.854164123535156,
      39.375850677490234,
      8.630112648010254,
      8.227646827697754,
      0.2733292579650879,
      0.2536521255970001
    ],
    [
      43.31601333618164,
      21.50943374633789,
      106.31963348388672,
      94.20793151855469,
      144.9158477783203,
      161.24984741210938,
      164.89463806152344,
      155.77899169921875,
      138.19288635253906,
      134.40945434570312,
      101.9173812866211,
      92.0369644165039,
      41.46430206298828,
      41.075294494628906,
      9.10362434387207,
      8.637168884277344,
      0.2853551506996155,
      0.26716047525405884
    ],
    [
      54.2698860168457,
      26.348665237426758,
      115.28280639648438,
      112.3095703125,
      151.015869140625,
      164.89463806152344,
      234.85635375976562,
      218.3580322265625,
      186.77023315429688,
      181.01251220703125,
      130.320068359375,
      120.34114837646484,
      53.91382598876953,
      53.592899322509766,
      12.382197380065918,
      11.998353958129883,
      0.4711970090866089,
      0.4484761357307434
    ],
    [
      52.88440704345703,
      25.916425704956055,
      109.19245147705078,
      106.36003112792969,
      142.9204559326172,
      155.77899169921875,
      218.3580322265625,
      208.9457244873047,
      179.08682250976562,
      173.90667724609375,
      125.46011352539062,
      115.6379623413086,
      51.981056213378906,
      51.70771789550781,
      11.948012351989746,
      11.558488845825195,
      0.45263344049453735,
      0.4322640299797058
    ],
    [
      54.73836898803711,
      27.606521606445312,
      101.59574127197266,
      98.4389877319336,
      128.07667541503906,
      138.19288635253906,
      186.77023315429688,
      179.08682250976562,
      189.96774291992188,
      182.4348602294922,
      128.8424835205078,
      119.21627807617188,
      54.473388671875,
      54.112159729003906,
      12.904036521911621,
      12.28145980834961,
      0.5170018076896667,
      0.4911002516746521
    ],
    [
      54.788169860839844,
      27.878393173217773,
      98.15591430664062,
      95.22457122802734,
      124.85918426513672,
      134.40945434570312,
      181.01251220703125,
      173.90667724609375,
      182.4348602294922,
      180.78964233398438,
      127.02632904052734,
      117.96401977539062,
      54.27955627441406,
      53.91258239746094,
      12.866817474365234,
      12.281886100769043,
      0.5169931054115295,
      0.4935147762298584
    ],
    [
      43.917964935302734,
      23.51556396484375,
      72.32923889160156,
      69.12781524658203,
      96.96617889404297,
      101.9173812866211,
      130.320068359375,
      125.46011352539062,
      128.8424835205078,
      127.02632904052734,
      115.68928527832031,
      105.72907257080078,
      48.91697692871094,
      48.26243209838867,
      11.67800521850586,
      11.136799812316895,
      0.4215480089187622,
      0.4085559844970703
    ],
    [
      41.17979049682617,
      22.16691780090332,
      65.15469360351562,
      62.718196868896484,
      87.48336029052734,
      92.0369644165039,
      120.34114837646484,
      115.6379623413086,
      119.21627807617188,
      117.96401977539062,
      105.72907257080078,
      99.69102478027344,
      46.096336364746094,
      45.533660888671875,
      11.212695121765137,
      10.714823722839355,
      0.41232001781463623,
      0.398993581533432
    ],
    [
      20.587011337280273,
      11.531000137329102,
      28.56087875366211,
      26.941207885742188,
      39.854164123535156,
      41.46430206298828,
      53.91382598876953,
      51.981056213378906,
      54.473388671875,
      54.27955627441406,
      48.91697692871094,
      46.096336364746094,
      27.13507843017578,
      26.603206634521484,
      7.476694107055664,
      7.236647605895996,
      0.29932457208633423,
      0.293758749961853
    ],
    [
      20.03404998779297,
      11.114102363586426,
      27.712263107299805,
      26.08928680419922,
      39.375850677490234,
      41.075294494628906,
      53.592899322509766,
      51.70771789550781,
      54.112159729003906,
      53.91258239746094,
      48.26243209838867,
      45.533660888671875,
      26.603206634521484,
      26.800569534301758,
      7.501774311065674,
      7.265021324157715,
      0.3111124336719513,
      0.3043725788593292
    ],
    [
      4.999930381774902,
      2.710747718811035,
      6.139381408691406,
      5.57811164855957,
      8.630112648010254,
      9.10362434387207,
      12.382197380065918,
      11.948012351989746,
      12.904036521911621,
      12.866817474365234,
      11.67800521850586,
      11.212695121765137,
      7.476694107055664,
      7.501774311065674,
      3.352809429168701,
      3.0481700897216797,
      0.1631961464881897,
      0.1601666808128357
    ],
    [
      4.795679569244385,
      2.5885086059570312,
      5.718672275543213,
      5.180736541748047,
      8.227646827697754,
      8.637168884277344,
      11.998353958129883,
      11.558488845825195,
      12.28145980834961,
      12.281886100769043,
      11.136799812316895,
      10.714823722839355,
      7.236647605895996,
      7.265021324157715,
      3.0481700897216797,
      2.9859564304351807,
      0.15846921503543854,
      0.15623034536838531
    ],
    [
      0.1777704656124115,
      0.09517333656549454,
      0.2011352926492691,
      0.1752236932516098,
      0.2733292579650879,
      0.2853551506996155,
      0.4711970090866089,
      0.45263344049453735,
      0.5170018076896667,
      0.5169931054115295,
      0.4215480089187622,
      0.41232001781463623,
      0.29932457208633423,
      0.3111124336719513,
      0.1631961464881897,
      0.15846921503543854,
      0.024635611101984978,
      0.023721741512417793
    ],
    [
      0.1719169020652771,
      0.09206894040107727,
      0.18386207520961761,
      0.162163645029068,
      0.2536521255970001,
      0.26716047525405884,
      0.4484761357307434,
      0.4322640299797058,
      0.4911002516746521,
      0.4935147762298584,
      0.4085559844970703,
      0.398993581533432,
      0.293758749961853,
      0.3043725788593292,
      0.1601666808128357,
      0.15623034536838531,
      0.023721741512417793,
      0.024077286943793297
    ]
  ],
  "damage": -19.362220764160156,
  "diff_bandwidth": 778.3043823242188,
  "dissonance": 5.298197013147481,
  "drr": 7.230753421783447,
  "dynamics": 9.228887557983398,
  "format": 1245190,
  "frames": 34912256,
  "loudness": -31.509735107421875,
  "loudness_range": 32.963287353515625,
  "loudness_range_short": 35.07221221923828,
  "lowpass_true_peak_15khz": -3.528907060623169,
  "mastering3_acoustic_entropies": [
    {
      "acoustic_entropy": 6.309814453125,
      "acoustic_entropy_mono": 6.107455730438232,
      "band_eliminated_acoustic_entropies": [
        {
          "acoustic_entropy": 6.310005187988281,
          "acoustic_entropy_side": 6.309818267822266,
          "hz": 129.47220167065723
        },
        {
          "acoustic_entropy": 6.339395046234131,
          "acoustic_entropy_side": 6.311439037322998,
          "hz": 202.92927478742237
        },
        {
          "acoustic_entropy": 6.386608123779297,
          "acoustic_entropy_side": 6.32745885848999,
          "hz": 282.89161906338205
        },
        {
          "acoustic_entropy": 6.358688831329346,
          "acoustic_entropy_side": 6.384069442749023,
          "hz": 369.9353335868758
        },
        {
          "acoustic_entropy": 6.139543056488037,
          "acoustic_entropy_side": 6.275197982788086,
          "hz": 464.6875360973435
        },
        {
          "acoustic_entropy": 6.400764465332031,
          "acoustic_entropy_side": 6.386480808258057,
          "hz": 567.8308811364784
        },
        {
          "acoustic_entropy": 6.332106590270996,
          "acoustic_entropy_side": 6.2647552490234375,
          "hz": 680.1084783214808
        },
        {
          "acoustic_entropy": 6.553283214569092,
          "acoustic_entropy_side": 6.4773478507995605,
          "hz": 802.3292461747484
        },
        {
          "acoustic_entropy": 6.122946739196777,
          "acoustic_entropy_side": 6.181385517120361,
          "hz": 935.3737400823702
        },
        {
          "acoustic_entropy": 6.174795627593994,
          "acoustic_entropy_side": 6.671222686767578,
          "hz": 1080.2004963696966
        },
        {
          "acoustic_entropy": 6.350124359130859,
          "acoustic_entropy_side": 6.276067733764648,
          "hz": 1237.8529382007157
        },
        {
          "acoustic_entropy": 6.47988748550415,
          "acoustic_entropy_side": 6.092197418212891,
          "hz": 1409.4668930556702
        },
        {
          "acoustic_entropy": 6.303913593292236,
          "acoustic_entropy_side": 6.5007429122924805,
          "hz": 1596.2787759475705
        },
        {
          "acoustic_entropy": 6.053473949432373,
          "acoustic_entropy_side": 6.284686088562012,
          "hz": 1799.6344973346393
        },
        {
          "acoustic_entropy": 6.197741985321045,
          "acoustic_entropy_side": 6.293073654174805,
          "hz": 2020.9991599069049
        },
        {
          "acoustic_entropy": 6.2683305740356445,
          "acoustic_entropy_side": 6.281068325042725,
          "hz": 2261.9676141086993
        },
        {
          "acoustic_entropy": 6.034286022186279,
          "acoustic_entropy_side": 6.114468574523926,
          "hz": 2524.2759484456974
        },
        {
          "acoustic_entropy": 6.261026859283447,
          "acoustic_entropy_side": 6.2876386642456055,
          "hz": 2809.813997359896
        },
        {
          "acoustic_entropy": 6.319655895233154,
          "acoustic_entropy_side": 6.300098419189453,
          "hz": 3120.6389567871424
        },
        {
          "acoustic_entropy": 6.34089994430542,
          "acoustic_entropy_side": 6.298146724700928,
          "hz": 3458.990205492291
        },
        {
          "acoustic_entropy": 6.308642864227295,
          "acoustic_entropy_side": 6.2946977615356445,
          "hz": 3827.305438964164
        },
        {
          "acoustic_entropy": 6.313268184661865,
          "acoustic_entropy_side": 6.310472011566162,
          "hz": 4228.238232109126
        },
        {
          "acoustic_entropy": 6.306973934173584,
          "acoustic_entropy_side": 6.3080854415893555,
          "hz": 4664.6771572759235
        },
        {
          "acoustic_entropy": 6.308089256286621,
          "acoustic_entropy_side": 6.308767318725586,
          "hz": 5139.766595350093
        },
        {
          "acoustic_entropy": 6.3105268478393555,
          "acoustic_entropy_side": 6.310319423675537,
          "hz": 5656.929389854203
        },
        {
          "acoustic_entropy": 6.310028076171875,
          "acoustic_entropy_side": 6.309937477111816,
          "hz": 6219.891507268283
        },
        {
          "acoustic_entropy": 6.309875011444092,
          "acoustic_entropy_side": 6.3097968101501465,
          "hz": 6832.70888123896
        },
        {
          "acoustic_entropy": 6.309797286987305,
          "acoustic_entropy_side": 6.309779167175293,
          "hz": 7499.796634079867
        },
        {
          "acoustic_entropy": 6.309823036193848,
          "acoustic_entropy_side": 6.309812545776367,
          "hz": 8225.96088609342
        },
        {
          "acoustic_entropy": 6.309812545776367,
          "acoustic_entropy_side": 6.309815406799316,
          "hz": 9016.43338188839
        },
        {
          "acoustic_entropy": 6.309814453125,
          "acoustic_entropy_side": 6.309816360473633,
          "hz": 9876.909183162974
        },
        {
          "acoustic_entropy": 6.309815406799316,
          "acoustic_entropy_side": 6.309814929962158,
          "hz": 10813.587699516042
        },
        {
          "acoustic_entropy": 6.309813976287842,
          "acoustic_entropy_side": 6.309814929962158,
          "hz": 11833.21735289826
        },
        {
          "acoustic_entropy": 6.309814453125,
          "acoustic_entropy_side": 6.309814929962158,
          "hz": 12943.144197493959
        },
        {
          "acoustic_entropy": 6.309814453125,
          "acoustic_entropy_side": 6.309814453125,
          "hz": 14151.364845322005
        },
        {
          "acoustic_entropy": 6.309814453125,
          "acoustic_entropy_side": 6.309814453125,
          "hz": 15466.58407886509
        },
        {
          "acoustic_entropy": 6.309814453125,
          "acoustic_entropy_side": 6.309814453125,
          "hz": 16898.27756580493
        },
        {
          "acoustic_entropy": 6.309814453125,
          "acoustic_entropy_side": 6.309814453125,
          "hz": 18456.760127700032
        },
        {
          "acoustic_entropy": 6.309814453125,
          "acoustic_entropy_side": 6.309814453125,
          "hz": 20153.260054456492
        },
        {
          "acoustic_entropy": 6.309814453125,
          "acoustic_entropy_side": 6.309814453125,
          "hz": 22000.00000000001
        }
      ],
      "diff_acoustic_entropy": 3.1224923133850098,
      "sn": 6
    },
    {
      "acoustic_entropy": 8.601076126098633,
      "acoustic_entropy_mono": 8.135818481445312,
      "band_eliminated_acoustic_entropies": [
        {
          "acoustic_entropy": 8.600186347961426,
          "acoustic_entropy_side": 8.6010160446167,
          "hz": 129.47220167065723
        },
        {
          "acoustic_entropy": 8.609949111938477,
          "acoustic_entropy_side": 8.59644603729248,
          "hz": 202.92927478742237
        },
        {
          "acoustic_entropy": 8.61728286743164,
          "acoustic_entropy_side": 8.559342384338379,
          "hz": 282.89161906338205
        },
        {
          "acoustic_entropy": 8.864838600158691,
          "acoustic_entropy_side": 8.699722290039062,
          "hz": 369.9353335868758
        },
        {
          "acoustic_entropy": 8.557707786560059,
          "acoustic_entropy_side": 8.680534362792969,
          "hz": 464.6875360973435
        },
        {
          "acoustic_entropy": 9.191987037658691,
          "acoustic_entropy_side": 9.048370361328125,
          "hz": 567.8308811364784
        },
        {
          "acoustic_entropy": 9.091785430908203,
          "acoustic_entropy_side": 8.903854370117188,
          "hz": 680.1084783214808
        },
        {
          "acoustic_entropy": 9.152203559875488,
          "acoustic_entropy_side": 9.094667434692383,
          "hz": 802.3292461747484
        },
        {
          "acoustic_entropy": 8.787982940673828,
          "acoustic_entropy_side": 8.57421875,
          "hz": 935.3737400823702
        },
        {
          "acoustic_entropy": 8.95151424407959,
          "acoustic_entropy_side": 9.503952026367188,
          "hz": 1080.2004963696966
        },
        {
          "acoustic_entropy": 8.910100936889648,
          "acoustic_entropy_side": 8.503617286682129,
          "hz": 1237.8529382007157
        },
        {
          "acoustic_entropy": 9.154129981994629,
          "acoustic_entropy_side": 8.829581260681152,
          "hz": 1409.4668930556702
        },
        {
          "acoustic_entropy": 8.75754165649414,
          "acoustic_entropy_side": 8.712627410888672,
          "hz": 1596.2787759475705
        },
        {
          "acoustic_entropy": 8.430207252502441,
          "acoustic_entropy_side": 8.802928924560547,
          "hz": 1799.6344973346393
        },
        {
          "acoustic_entropy": 8.493059158325195,
          "acoustic_entropy_side": 8.684056282043457,
          "hz": 2020.9991599069049
        },
        {
          "acoustic_entropy": 8.735735893249512,
          "acoustic_entropy_side": 8.68815803527832,
          "hz": 2261.9676141086993
        },
        {
          "acoustic_entropy": 8.393174171447754,
          "acoustic_entropy_side": 8.313567161560059,
          "hz": 2524.2759484456974
        },
        {
          "acoustic_entropy": 8.602089881896973,
          "acoustic_entropy_side": 8.739115715026855,
          "hz": 2809.813997359896
        },
        {
          "acoustic_entropy": 8.916876792907715,
          "acoustic_entropy_side": 8.818127632141113,
          "hz": 3120.6389567871424
        },
        {
          "acoustic_entropy": 8.98419189453125,
          "acoustic_entropy_side": 8.72612190246582,
          "hz": 3458.990205492291
        },
        {
          "acoustic_entropy": 8.80636978149414,
          "acoustic_entropy_side": 8.638748168945312,
          "hz": 3827.305438964164
        },
        {
          "acoustic_entropy": 8.558703422546387,
          "acoustic_entropy_side": 8.57445240020752,
          "hz": 4228.238232109126
        },
        {
          "acoustic_entropy": 8.573556900024414,
          "acoustic_entropy_side": 8.584992408752441,
          "hz": 4664.6771572759235
        },
        {
          "acoustic_entropy": 8.580947875976562,
          "acoustic_entropy_side": 8.589315414428711,
          "hz": 5139.766595350093
        },
        {
          "acoustic_entropy": 8.597748756408691,
          "acoustic_entropy_side": 8.599225044250488,
          "hz": 5656.929389854203
        },
        {
          "acoustic_entropy": 8.601177215576172,
          "acoustic_entropy_side": 8.601081848144531,
          "hz": 6219.891507268283
        },
        {
          "acoustic_entropy": 8.600228309631348,
          "acoustic_entropy_side": 8.600415229797363,
          "hz": 6832.70888123896
        },
        {
          "acoustic_entropy": 8.600028991699219,
          "acoustic_entropy_side": 8.600300788879395,
          "hz": 7499.796634079867
        },
        {
          "acoustic_entropy": 8.600956916809082,
          "acoustic_entropy_side": 8.601006507873535,
          "hz": 8225.96088609342
        },
        {
          "acoustic_entropy": 8.600996017456055,
          "acoustic_entropy_side": 8.601042747497559,
          "hz": 9016.43338188839
        },
        {
          "acoustic_entropy": 8.601076126098633,
          "acoustic_entropy_side": 8.601073265075684,
          "hz": 9876.909183162974
        },
        {
          "acoustic_entropy": 8.60107707977295,
          "acoustic_entropy_side": 8.601078987121582,
          "hz": 10813.587699516042
        },
        {
          "acoustic_entropy": 8.601076126098633,
          "acoustic_entropy_side": 8.60107707977295,
          "hz": 11833.21735289826
        },
        {
          "acoustic_entropy": 8.601078987121582,
          "acoustic_entropy_side": 8.601079940795898,
          "hz": 12943.144197493959
        },
        {
          "acoustic_entropy": 8.60107707977295,
          "acoustic_entropy_side": 8.601076126098633,
          "hz": 14151.364845322005
        },
        {
          "acoustic_entropy": 8.60107707977295,
          "acoustic_entropy_side": 8.60107707977295,
          "hz": 15466.58407886509
        },
        {
          "acoustic_entropy": 8.601076126098633,
          "acoustic_entropy_side": 8.601076126098633,
          "hz": 16898.27756580493
        },
        {
          "acoustic_entropy": 8.601076126098633,
          "acoustic_entropy_side": 8.601076126098633,
          "hz": 18456.760127700032
        },
        {
          "acoustic_entropy": 8.601076126098633,
          "acoustic_entropy_side": 8.601076126098633,
          "hz": 20153.260054456492
        },
        {
          "acoustic_entropy": 8.601076126098633,
          "acoustic_entropy_side": 8.601076126098633,
          "hz": 22000.00000000001
        }
      ],
      "diff_acoustic_entropy": 4.923591613769531,
      "sn": 12
    },
    {
      "acoustic_entropy": 14.465102195739746,
      "acoustic_entropy_mono": 13.10396957397461,
      "band_eliminated_acoustic_entropies": [
        {
          "acoustic_entropy": 14.34670352935791,
          "acoustic_entropy_side": 14.43282699584961,
          "hz": 129.47220167065723
        },
        {
          "acoustic_entropy": 14.347467422485352,
          "acoustic_entropy_side": 14.51341438293457,
          "hz": 202.92927478742237
        },
        {
          "acoustic_entropy": 13.967759132385254,
          "acoustic_entropy_side": 14.268808364868164,
          "hz": 282.89161906338205
        },
        {
          "acoustic_entropy": 13.990528106689453,
          "acoustic_entropy_side": 14.443260192871094,
          "hz": 369.9353335868758
        },
        {
          "acoustic_entropy": 14.447319984436035,
          "acoustic_entropy_side": 15.245017051696777,
          "hz": 464.6875360973435
        },
        {
          "acoustic_entropy": 14.237445831298828,
          "acoustic_entropy_side": 13.98555850982666,
          "hz": 567.8308811364784
        },
        {
          "acoustic_entropy": 14.78289794921875,
          "acoustic_entropy_side": 15.056121826171875,
          "hz": 680.1084783214808
        },
        {
          "acoustic_entropy": 14.89583683013916,
          "acoustic_entropy_side": 14.69000244140625,
          "hz": 802.3292461747484
        },
        {
          "acoustic_entropy": 14.511101722717285,
          "acoustic_entropy_side": 14.342011451721191,
          "hz": 935.3737400823702
        },
        {
          "acoustic_entropy": 14.24329948425293,
          "acoustic_entropy_side": 16.096323013305664,
          "hz": 1080.2004963696966
        },
        {
          "acoustic_entropy": 13.958303451538086,
          "acoustic_entropy_side": 14.49228286743164,
          "hz": 1237.8529382007157
        },
        {
          "acoustic_entropy": 14.645570755004883,
          "acoustic_entropy_side": 14.805821418762207,
          "hz": 1409.4668930556702
        },
        {
          "acoustic_entropy": 13.70871639251709,
          "acoustic_entropy_side": 14.512055397033691,
          "hz": 1596.2787759475705
        },
        {
          "acoustic_entropy": 14.908600807189941,
          "acoustic_entropy_side": 14.702110290527344,
          "hz": 1799.6344973346393
        },
        {
          "acoustic_entropy": 14.350746154785156,
          "acoustic_entropy_side": 14.066800117492676,
          "hz": 2020.9991599069049
        },
        {
          "acoustic_entropy": 14.381319999694824,
          "acoustic_entropy_side": 14.43215274810791,
          "hz": 2261.9676141086993
        },
        {
          "acoustic_entropy": 14.45062255859375,
          "acoustic_entropy_side": 14.167769432067871,
          "hz": 2524.2759484456974
        },
        {
          "acoustic_entropy": 14.472296714782715,
          "acoustic_entropy_side": 14.45853042602539,
          "hz": 2809.813997359896
        },
        {
          "acoustic_entropy": 14.849207878112793,
          "acoustic_entropy_side": 14.7576265335083,
          "hz": 3120.6389567871424
