{
  "acoustic_entropy": 207.79861450195312,
  "bands": [
    {
      "high_freq": 148.1999969482422,
      "loudness": -18.116119384765625,
      "loudness_range": 7.084314346313477,
      "mid_mean": -14.606607437133789,
      "mid_to_side_loudness": -16.91543960571289,
      "mid_to_side_loudness_range": 16.4394588470459,
      "side_mean": -31.401865005493164
    },
    {
      "high_freq": 392.3793640136719,
      "loudness": -16.170900344848633,
      "loudness_range": 5.219606399536133,
      "low_freq": 148.1999969482422,
      "mid_mean": -12.774892807006836,
      "mid_to_side_loudness": -12.281218528747559,
      "mid_to_side_loudness_range": 9.322626113891602,
      "side_mean": -25.39671516418457
    },
    {
      "high_freq": 794.6976318359375,
      "loudness": -19.407041549682617,
      "loudness_range": 6.923308372497559,
      "low_freq": 392.3793640136719,
      "mid_mean": -16.285322189331055,
      "mid_to_side_loudness": -9.242816925048828,
      "mid_to_side_loudness_range": 8.712668418884277,
      "side_mean": -25.601903915405273
    },
    {
      "high_freq": 1457.5709228515625,
      "loudness": -21.388639450073242,
      "loudness_range": 11.311381340026855,
      "low_freq": 794.6976318359375,
      "mid_mean": -18.361045837402344,
      "mid_to_side_loudness": -8.764997482299805,
      "mid_to_side_loudness_range": 9.86536693572998,
      "side_mean": -27.329755783081055
    },
    {
      "high_freq": 2549.74365234375,
      "loudness": -20.25401496887207,
      "loudness_range": 9.355376243591309,
      "low_freq": 1457.5709228515625,
      "mid_mean": -17.174089431762695,
      "mid_to_side_loudness": -8.804505348205566,
      "mid_to_side_loudness_range": 8.901233673095703,
      "side_mean": -26.170236587524414
    },
    {
      "high_freq": 4349.24462890625,
      "loudness": -18.64901351928711,
      "loudness_range": 8.906298637390137,
      "low_freq": 2549.74365234375,
      "mid_mean": -15.701128005981445,
      "mid_to_side_loudness": -7.9006147384643555,
      "mid_to_side_loudness_range": 6.738050937652588,
      "side_mean": -23.61146354675293
    },
    {
      "high_freq": 7314.1640625,
      "loudness": -23.93914031982422,
      "loudness_range": 8.641773223876953,
      "low_freq": 4349.24462890625,
      "mid_mean": -20.987934112548828,
      "mid_to_side_loudness": -7.899863243103027,
      "mid_to_side_loudness_range": 6.158226490020752,
      "side_mean": -29.028270721435547
    },
    {
      "high_freq": 12199.2666015625,
      "loudness": -27.75379753112793,
      "loudness_range": 11.19816780090332,
      "low_freq": 7314.1640625,
      "mid_mean": -24.799789428710938,
      "mid_to_side_loudness": -8.720582008361816,
      "mid_to_side_loudness_range": 11.801217079162598,
      "side_mean": -34.06975173950195
    },
    {
      "loudness": -34.921844482421875,
      "loudness_range": 11.169187545776367,
      "low_freq": 12199.2666015625,
      "mid_mean": -33.02145004272461,
      "mid_to_side_loudness": -3.526268720626831,
      "mid_to_side_loudness_range": 6.845135688781738,
      "side_mean": -36.46122360229492
    }
  ],
  "bands_short": [
    {
      "high_freq": 148.1999969482422,
      "loudness": -22.389516830444336,
      "loudness_range": 13.228649139404297,
      "mid_mean": -19.05517578125,
      "mid_to_side_loudness": -16.81328773498535,
      "mid_to_side_loudness_range": 24.001426696777344,
      "side_mean": -36.07170486450195
    },
    {
      "high_freq": 392.3793640136719,
      "loudness": -15.166584968566895,
      "loudness_range": 5.782902717590332,
      "low_freq": 148.1999969482422,
      "mid_mean": -11.730713844299316,
      "mid_to_side_loudness": -13.381540298461914,
      "mid_to_side_loudness_range": 11.253044128417969,
      "side_mean": -25.27891731262207
    },
    {
      "high_freq": 794.6976318359375,
      "loudness": -20.288358688354492,
      "loudness_range": 9.841850280761719,
      "low_freq": 392.3793640136719,
      "mid_mean": -17.338146209716797,
      "mid_to_side_loudness": -8.801155090332031,
      "mid_to_side_loudness_range": 12.111066818237305,
      "side_mean": -26.25606346130371
    },
    {
      "high_freq": 1457.5709228515625,
      "loudness": -21.279308319091797,
      "loudness_range": 13.164855003356934,
      "low_freq": 794.6976318359375,
      "mid_mean": -18.41902732849121,
      "mid_to_side_loudness": -8.591171264648438,
      "mid_to_side_loudness_range": 13.378263473510742,
      "side_mean": -26.948143005371094
    },
    {
      "high_freq": 2549.74365234375,
      "loudness": -20.714868545532227,
      "loudness_range": 11.168222427368164,
      "low_freq": 1457.5709228515625,
      "mid_mean": -17.734609603881836,
      "mid_to_side_loudness": -8.531054496765137,
      "mid_to_side_loudness_range": 10.883538246154785,
      "side_mean": -26.46215057373047
    },
    {
      "high_freq": 4349.24462890625,
      "loudness": -18.973468780517578,
      "loudness_range": 9.928712844848633,
      "low_freq": 2549.74365234375,
      "mid_mean": -16.102041244506836,
      "mid_to_side_loudness": -7.7283525466918945,
      "mid_to_side_loudness_range": 8.210115432739258,
      "side_mean": -23.887231826782227
    },
    {
      "high_freq": 7314.1640625,
      "loudness": -24.1965389251709,
      "loudness_range": 10.727235794067383,
      "low_freq": 4349.24462890625,
      "mid_mean": -21.31057357788086,
      "mid_to_side_loudness": -7.684661865234375,
      "mid_to_side_loudness_range": 7.729262351989746,
      "side_mean": -29.172924041748047
    },
    {
      "high_freq": 12199.2666015625,
      "loudness": -28.752765655517578,
      "loudness_range": 13.773447036743164,
      "low_freq": 7314.1640625,
      "mid_mean": -25.958232879638672,
      "mid_to_side_loudness": -7.99307918548584,
      "mid_to_side_loudness_range": 13.065218925476074,
      "side_mean": -34.893943786621094
    },
    {
      "loudness": -37.04145431518555,
      "loudness_range": 19.107465744018555,
      "low_freq": 12199.2666015625,
      "mid_mean": -35.26985168457031,
      "mid_to_side_loudness": -3.2769901752471924,
      "mid_to_side_loudness_range": 6.90342903137207,
      "side_mean": -38.67509841918945
    }
  ],
  "bandwidth": 663.9935913085938,
  "channels": 2,
  "covariance": [
    [
      13.414539337158203,
      3.647674560546875,
      1.5474586486816406,
      4.840338706970215,
      -0.8746853470802307,
      1.3403069972991943,
      0.21658828854560852,
      1.843610405921936,
      1.1823936700820923,
      2.914461851119995,
      1.8347257375717163,
      5.277604103088379,
      2.3454408645629883,
      5.343310356140137,
      0.5254038572311401,
      3.1188337802886963,
      1.4493833780288696,
      -0.6191710829734802
    ],
    [
      3.647674560546875,
      28.492116928100586,
      -1.8815269470214844,
      5.610360145568848,
      3.4315502643585205,
      6.7983479499816895,
      0.6624884009361267,
      6.8883256912231445,
      4.575596332550049,
      10.542590141296387,
      8.38430118560791,
      14.764225006103516,
      4.69769287109375,
      11.78217887878418,
      -2.9720940589904785,
      4.493783950805664,
      -2.461378574371338,
      -0.7570174932479858
    ],
    [
      1.5474586486816406,
      -1.8815269470214844,
      5.989258289337158,
      2.8906304836273193,
      -1.3564952611923218,
      -0.49633705615997314,
      -0.39943304657936096,
      -0.5135474801063538,
      -0.5744141340255737,
      -0.8527778387069702,
      -0.46352332830429077,
      -0.254070520401001,
      -0.25053173303604126,
      -0.0144248828291893,
      -0.3464183211326599,
      -0.5268955826759338,
      0.6472960114479065,
      -0.8874335289001465
    ],
    [
      4.840338706970215,
      5.610360145568848,
      2.8906304836273193,
      10.977744102478027,
      1.1068859100341797,
      5.235318660736084,
      2.124232053756714,
      4.858956813812256,
      3.045614242553711,
      7.014074325561523,
      3.705670118331909,
      8.613011360168457,
      2.3120100498199463,
      6.936820983886719,
      -0.2576662302017212,
      3.732102394104004,
      0.9550910592079163,
      0.6831938624382019
    ],
    [
      -0.8746853470802307,
      3.4315502643585205,
      -1.3564952611923218,
      1.1068859100341797,
      9.555986404418945,
      6.005430221557617,
      3.734186887741089,
      3.3987364768981934,
      3.723259925842285,
      4.077582836151123,
      2.833174705505371,
      4.255730152130127,
      0.28418976068496704,
      2.115792751312256,
      1.292252779006958,
      -0.12180782854557037,
      0.18548962473869324,
      0.22173075377941132
    ],
    [
      1.3403069972991943,
      6.7983479499816895,
      -0.49633705615997314,
      5.235318660736084,
      6.005430221557617,
      11.710040092468262,
      4.560052871704102,
      7.129592418670654,
      5.572229862213135,
      9.359635353088379,
      5.680422782897949,
      10.266971588134766,
      2.3806281089782715,
      7.148437023162842,
      0.7168483138084412,
      2.4210219383239746,
      0.7605114579200745,
      0.9904474020004272
    ],
    [
      0.21658828854560852,
      0.6624884009361267,
      -0.39943304657936096,
      2.124232053756714,
      3.734186887741089,
      4.560052871704102,
      20.397493362426758,
      11.343836784362793,
      9.8505220413208,
      7.420262813568115,
      6.114879608154297,
      6.511655330657959,
      3.1345245838165283,
      5.898205280303955,
      4.85844612121582,
      4.880026817321777,
      4.4095683097839355,
      5.004239559173584
    ],
    [
      1.843610405921936,
      6.8883256912231445,
      -0.5135474801063538,
      4.858956813812256,
      3.3987364768981934,
      7.129592418670654,
      11.343836784362793,
      13.81208610534668,
      8.338310241699219,
      11.68867301940918,
      7.785648345947266,
      11.675487518310547,
      4.553471565246582,
      9.445538520812988,
      2.0531773567199707,
      5.0985307693481445,
      2.6542701721191406,
      3.051774024963379
    ],
    [
      1.1823936700820923,
      4.575596332550049,
      -0.5744141340255737,
      3.045614242553711,
      3.723259925842285,
      5.572229862213135,
      9.8505220413208,
      8.338310241699219,
      14.265049934387207,
      10.900140762329102,
      10.10921573638916,
      11.023333549499512,
      5.895824432373047,
      9.388311386108398,
      2.017369270324707,
      6.247120380401611,
      -0.6256142854690552,
      1.6337438821792603
    ],
    [
      2.914461851119995,
      10.542590141296387,
      -0.8527778387069702,
      7.014074325561523,
      4.077582836151123,
      9.359635353088379,
      7.420262813568115,
      11.68867301940918,
      10.900140762329102,
      16.849428176879883,
      11.068333625793457,
      17.752178192138672,
      6.402124881744385,
      13.767664909362793,
      0.4327845871448517,
      7.0739593505859375,
      0.05975242704153061,
      2.0793726444244385
    ],
    [
      1.8347257375717163,
      8.38430118560791,
      -0.46352332830429077,
      3.705670118331909,
      2.833174705505371,
      5.680422782897949,
      6.114879608154297,
      7.785648345947266,
      10.10921573638916,
      11.068333625793457,
      13.42743968963623,
      14.523719787597656,
      8.531998634338379,
      12.389640808105469,
      2.3755266666412354,
      7.643559455871582,
      -0.6433711051940918,
      1.830857753753662
    ],
    [
      5.277604103088379,
      14.764225006103516,
      -0.254070520401001,
      8.613011360168457,
      4.255730152130127,
      10.266971588134766,
      6.511655330657959,
      11.675487518310547,
      11.023333549499512,
      17.752178192138672,
      14.523719787597656,
      24.872060775756836,
      9.234702110290527,
      19.56801414489746,
      0.39025768637657166,
      10.928654670715332,
      -0.3189481496810913,
      1.9612113237380981
    ],
    [
      2.3454408645629883,
      4.69769287109375,
      -0.25053173303604126,
      2.3120100498199463,
      0.28418976068496704,
      2.3806281089782715,
      3.1345245838165283,
      4.553471565246582,
      5.895824432373047,
      6.402124881744385,
      8.531998634338379,
      9.234702110290527,
      13.066224098205566,
      12.063887596130371,
      7.083272933959961,
      10.692441940307617,
      2.9143121242523193,
      2.9933438301086426
    ],
    [
      5.343310356140137,
      11.78217887878418,
      -0.0144248828291893,
      6.936820983886719,
      2.115792751312256,
      7.148437023162842,
      5.898205280303955,
      9.445538520812988,
      9.388311386108398,
      13.767664909362793,
      12.389640808105469,
      19.56801414489746,
      12.063887596130371,
      22.740623474121094,
      2.627509117126465,
      16.296606063842773,
      1.3312569856643677,
      4.048121929168701
    ],
    [
      0.5254038572311401,
      -2.9720940589904785,
      -0.3464183211326599,
      -0.2576662302017212,
      1.292252779006958,
      0.7168483138084412,
      4.85844612121582,
      2.0531773567199707,
      2.017369270324707,
      0.4327845871448517,
      2.3755266666412354,
      0.39025768637657166,
      7.083272933959961,
      2.627509117126465,
      19.98525047302246,
      5.6883111000061035,
      12.852992057800293,
      7.4195027351379395
    ],
    [
      3.1188337802886963,
      4.493783950805664,
      -0.5268955826759338,
      3.732102394104004,
      -0.12180782854557037,
      2.4210219383239746,
      4.880026817321777,
      5.0985307693481445,
      6.247120380401611,
      7.0739593505859375,
      7.643559455871582,
      10.928654670715332,
      10.692441940307617,
      16.296606063842773,
      5.6883111000061035,
      22.722492218017578,
      4.7675676345825195,
      11.984915733337402
    ],
    [
      1.4493833780288696,
      -2.461378574371338,
      0.6472960114479065,
      0.9550910592079163,
      0.18548962473869324,
      0.7605114579200745,
      4.4095683097839355,
      2.6542701721191406,
      -0.6256142854690552,
      0.05975242704153061,
      -0.6433711051940918,
      -0.3189481496810913,
      2.9143121242523193,
      1.3312569856643677,
      12.852992057800293,
      4.7675676345825195,
      18.57144546508789,
      13.279075622558594
    ],
    [
      -0.6191710829734802,
      -0.7570174932479858,
      -0.8874335289001465,
      0.6831938624382019,
      0.22173075377941132,
      0.9904474020004272,
      5.004239559173584,
      3.051774024963379,
      1.6337438821792603,
      2.0793726444244385,
      1.830857753753662,
      1.9612113237380981,
      2.9933438301086426,
      4.048121929168701,
      7.4195027351379395,
      11.984915733337402,
      13.279075622558594,
      24.870769500732422
    ]
  ],
  "covariance_short": [
    [
      27.619611740112305,
      4.1455302238464355,
      3.145501136779785,
      2.3043389320373535,
      -0.9095181226730347,
      -0.18659217655658722,
      -2.9078760147094727,
      -0.9888430237770081,
      -0.3851034939289093,
      1.218226432800293,
      0.2719270884990692,
      3.302507162094116,
      0.2135094255208969,
      3.4018454551696777,
      -1.3227859735488892,
      1.0724042654037476,
      1.3845933675765991,
      0.08747328817844391
    ],
    [
      4.1455302238464355,
      53.337745666503906,
      -1.8246121406555176,
      9.596701622009277,
      5.983842849731445,
      8.46828556060791,
      2.6761765480041504,
      8.29859733581543,
      7.9191575050354,
      13.566530227661133,
      11.960305213928223,
      18.547954559326172,
      8.998347282409668,
      16.169153213500977,
      -2.242861032485962,
      7.804265022277832,
      -2.724076747894287,
      1.3383231163024902
    ],
    [
      3.145501136779785,
      -1.8246121406555176,
      8.02458381652832,
      2.747479200363159,
      -0.12414335459470749,
      0.34388235211372375,
      -2.5271170139312744,
      -0.5201944708824158,
      -0.5644233822822571,
      0.06600114703178406,
      -0.46868640184402466,
      1.2267212867736816,
      -0.2534791827201843,
      0.9399476647377014,
      -0.1709301918745041,
      0.4148349463939667,
      0.4540275037288666,
      -1.6631208658218384
    ],
    [
      2.3043389320373535,
      9.596701622009277,
      2.747479200363159,
      13.929966926574707,
      2.926831007003784,
      6.127157211303711,
      1.025024652481079,
      4.8974928855896,
      3.3847203254699707,
      7.12725830078125,
      3.9482529163360596,
      8.931496620178223,
      2.887521505355835,
      6.979351997375488,
      -0.17428171634674072,
      3.8483474254608154,
      -0.5590682625770569,
      -0.027904793620109558
    ],
    [
      -0.9095181226730347,
      5.983842849731445,
      -0.12414335459470749,
      2.926831007003784,
      17.224185943603516,
      7.181251525878906,
      7.738925457000732,
      4.484405994415283,
      7.325445652008057,
      5.6657915115356445,
      5.895421981811523,
      6.46553373336792,
      3.0768730640411377,
      5.045496940612793,
      3.3752598762512207,
      2.4598453044891357,
      1.1857640743255615,
      2.237236976623535
    ],
    [
      -0.18659217655658722,
      8.46828556060791,
      0.34388235211372375,
      6.127157211303711,
      7.181251525878906,
      15.802876472473145,
      5.677362442016602,
      7.997198104858398,
      6.352521896362305,
      10.271186828613281,
      6.439620494842529,
      11.298027992248535,
      4.312302112579346,
      8.635555267333984,
      1.8431950807571411,
      4.251361846923828,
      1.6829853057861328,
      1.8018492460250854
    ],
    [
      -2.9078760147094727,
      2.6761765480041504,
      -2.5271170139312744,
      1.025024652481079,
      7.738925457000732,
      5.677362442016602,
      26.3907527923584,
      10.245217323303223,
      12.205891609191895,
      7.365581512451172,
      6.803097248077393,
      5.9856791496276855,
      3.7567923069000244,
      5.33110237121582,
      5.918309688568115,
      4.769741058349609,
      6.081301212310791,
      8.943366050720215
    ],
    [
      -0.9888430237770081,
      8.29859733581543,
      -0.5201944708824158,
      4.8974928855896,
      4.484405994415283,
      7.997198104858398,
      10.245217323303223,
      16.207870483398438,
      8.878609657287598,
      12.248367309570312,
      8.055254936218262,
      12.051621437072754,
      5.706082820892334,
      9.869579315185547,
      2.9042201042175293,
      6.130310535430908,
      3.4581754207611084,
      5.117639541625977
    ],
    [
      -0.3851034939289093,
      7.9191575050354,
      -0.5644233822822571,
      3.3847203254699707,
      7.325445652008057,
      6.352521896362305,
      12.205891609191895,
      8.878609657287598,
      21.639480590820312,
      12.890926361083984,
      13.749105453491211,
      13.055959701538086,
      9.661112785339355,
      12.224254608154297,
      5.52596378326416,
      9.11474609375,
      1.656550645828247,
      5.511654853820801
    ],
    [
      1.218226432800293,
      13.566530227661133,
      0.06600114703178406,
      7.12725830078125,
      5.6657915115356445,
      10.271186828613281,
      7.365581512451172,
      12.248367309570312,
      12.890926361083984,
      19.83901023864746,
      12.590639114379883,
      18.9283504486084,
      9.320374488830566,
      15.687067031860352,
      2.3778343200683594,
      9.06330680847168,
      1.5283753871917725,
      4.269186019897461
    ],
    [
      0.2719270884990692,
      11.960305213928223,
      -0.46868640184402466,
      3.9482529163360596,
      5.895421981811523,
      6.439620494842529,
      6.803097248077393,
      8.055254936218262,
      13.749105453491211,
      12.590639114379883,
      19.352252960205078,
      16.67550277709961,
      13.27431869506836,
      15.283730506896973,
      6.013337135314941,
      10.519704818725586,
      1.689823031425476,
      5.852609157562256
    ],
    [
      3.302507162094116,
      18.547954559326172,
      1.2267212867736816,
      8.931496620178223,
      6.46553373336792,
      11.298027992248535,
      5.9856791496276855,
      12.051621437072754,
      13.055959701538086,
      18.9283504486084,
      16.67550277709961,
      27.987205505371094,
      12.949434280395508,
      22.546342849731445,
      2.9708456993103027,
      13.649528503417969,
      1.9375053644180298,
      5.267390251159668
    ],
    [
      0.2135094255208969,
      8.998347282409668,
      -0.2534791827201843,
      2.887521505355835,
      3.0768730640411377,
      4.312302112579346,
      3.7567923069000244,
      5.706082820892334,
      9.661112785339355,
      9.320374488830566,
      13.27431869506836,
      12.949434280395508,
      21.3073787689209,
      17.455951690673828,
      14.182960510253906,
      16.537044525146484,
      10.129559516906738,
      11.759268760681152
    ],
    [
      3.4018454551696777,
      16.169153213500977,
      0.9399476647377014,
      6.979351997375488,
      5.045496940612793,
      8.635555267333984,
      5.33110237121582,
      9.869579315185547,
      12.224254608154297,
      15.687067031860352,
      15.283730506896973,
      22.546342849731445,
      17.455951690673828,
      29.36773109436035,
      7.350950241088867,
      22.018138885498047,
      6.990871429443359,
      12.598030090332031
    ],
    [
      -1.3227859735488892,
      -2.242861032485962,
      -0.1709301918745041,
      -0.17428171634674072,
      3.3752598762512207,
      1.8431950807571411,
      5.918309688568115,
      2.9042201042175293,
      5.52596378326416,
      2.3778343200683594,
      6.013337135314941,
      2.9708456993103027,
      14.182960510253906,
      7.350950241088867,
      32.753761291503906,
      13.449173927307129,
      27.29280662536621,
      22.1805362701416
    ],
    [
      1.0724042654037476,
      7.804265022277832,
      0.4148349463939667,
      3.8483474254608154,
      2.4598453044891357,
      4.251361846923828,
      4.769741058349609,
      6.130310535430908,
      9.11474609375,
      9.06330680847168,
      10.519704818725586,
      13.649528503417969,
      16.537044525146484,
      22.018138885498047,
      13.449173927307129,
      35.857662200927734,
      16.618337631225586,
      27.902494430541992
    ],
    [
      1.3845933675765991,
      -2.724076747894287,
      0.4540275037288666,
      -0.5590682625770569,
      1.1857640743255615,
      1.6829853057861328,
      6.081301212310791,
      3.4581754207611084,
      1.656550645828247,
      1.5283753871917725,
      1.689823031425476,
      1.9375053644180298,
      10.129559516906738,
      6.990871429443359,
      27.29280662536621,
      16.618337631225586,
      47.29058074951172,
      42.034690856933594
    ],
    [
      0.08747328817844391,
      1.3383231163024902,
      -1.6631208658218384,
      -0.027904793620109558,
      2.237236976623535,
      1.8018492460250854,
      8.943366050720215,
      5.117639541625977,
      5.511654853820801,
      4.269186019897461,
      5.852609157562256,
      5.267390251159668,
      11.759268760681152,
      12.598030090332031,
      22.1805362701416,
      27.902494430541992,
      42.034690856933594,
      62.64618682861328
    ]
  ],
  "damage": -2.1881377696990967,
  "diff_bandwidth": 674.6303100585938,
  "dissonance": 9.349624362385192,
  "drr": -21.922908782958984,
  "dynamics": 1.2220418453216553,
  "format": 1245190,
  "frames": 11201472,
  "loudness": -6.782593727111816,
  "loudness_range": 2.178694725036621,
  "loudness_range_short": 3.062929630279541,
  "lowpass_true_peak_15khz": 1.2914737462997437,
  "mastering3_acoustic_entropies": [
    {
      "acoustic_entropy": 6.216226577758789,
      "acoustic_entropy_mono": 6.393367290496826,
      "band_eliminated_acoustic_entropies": [
        {
          "acoustic_entropy": 6.1858954429626465,
          "acoustic_entropy_side": 6.216285228729248,
          "hz": 129.47220167065723
        },
        {
          "acoustic_entropy": 6.480804920196533,
          "acoustic_entropy_side": 6.220594882965088,
          "hz": 202.92927478742237
        },
        {
          "acoustic_entropy": 6.618267059326172,
          "acoustic_entropy_side": 6.224144458770752,
          "hz": 282.89161906338205
        },
        {
          "acoustic_entropy": 6.6074538230896,
          "acoustic_entropy_side": 6.204835891723633,
          "hz": 369.9353335868758
        },
        {
          "acoustic_entropy": 6.3735671043396,
          "acoustic_entropy_side": 6.243602752685547,
          "hz": 464.6875360973435
        },
        {
          "acoustic_entropy": 6.2257466316223145,
          "acoustic_entropy_side": 6.210267066955566,
          "hz": 567.8308811364784
        },
        {
          "acoustic_entropy": 6.862375259399414,
          "acoustic_entropy_side": 6.2596116065979,
          "hz": 680.1084783214808
        },
        {
          "acoustic_entropy": 7.086114883422852,
          "acoustic_entropy_side": 6.2169976234436035,
          "hz": 802.3292461747484
        },
        {
          "acoustic_entropy": 6.868535995483398,
          "acoustic_entropy_side": 6.19488000869751,
          "hz": 935.3737400823702
        },
        {
          "acoustic_entropy": 5.905306339263916,
          "acoustic_entropy_side": 6.238368511199951,
          "hz": 1080.2004963696966
        },
        {
          "acoustic_entropy": 6.2942633628845215,
          "acoustic_entropy_side": 6.250217914581299,
          "hz": 1237.8529382007157
        },
        {
          "acoustic_entropy": 6.0370402336120605,
          "acoustic_entropy_side": 6.215790271759033,
          "hz": 1409.4668930556702
        },
        {
          "acoustic_entropy": 6.407678604125977,
          "acoustic_entropy_side": 6.200976848602295,
          "hz": 1596.2787759475705
        },
        {
          "acoustic_entropy": 6.871671676635742,
          "acoustic_entropy_side": 6.201468467712402,
          "hz": 1799.6344973346393
        },
        {
          "acoustic_entropy": 6.380428314208984,
          "acoustic_entropy_side": 6.207707405090332,
          "hz": 2020.9991599069049
        },
        {
          "acoustic_entropy": 6.399951457977295,
          "acoustic_entropy_side": 6.204745292663574,
          "hz": 2261.9676141086993
        },
        {
          "acoustic_entropy": 6.345108509063721,
          "acoustic_entropy_side": 6.2274861335754395,
          "hz": 2524.2759484456974
        },
        {
          "acoustic_entropy": 5.864585876464844,
          "acoustic_entropy_side": 6.219104766845703,
          "hz": 2809.813997359896
        },
        {
          "acoustic_entropy": 6.162216663360596,
          "acoustic_entropy_side": 6.255814552307129,
          "hz": 3120.6389567871424
        },
        {
          "acoustic_entropy": 6.174243450164795,
          "acoustic_entropy_side": 6.155538082122803,
          "hz": 3458.990205492291
        },
        {
          "acoustic_entropy": 5.899080753326416,
          "acoustic_entropy_side": 6.086463928222656,
          "hz": 3827.305438964164
        },
        {
          "acoustic_entropy": 5.789825916290283,
          "acoustic_entropy_side": 5.949069499969482,
          "hz": 4228.238232109126
        },
        {
          "acoustic_entropy": 5.8549323081970215,
          "acoustic_entropy_side": 6.033647060394287,
          "hz": 4664.6771572759235
        },
        {
          "acoustic_entropy": 6.023133277893066,
          "acoustic_entropy_side": 6.165979385375977,
          "hz": 5139.766595350093
        },
        {
          "acoustic_entropy": 6.033107280731201,
          "acoustic_entropy_side": 6.169795989990234,
          "hz": 5656.929389854203
        },
        {
          "acoustic_entropy": 6.362058639526367,
          "acoustic_entropy_side": 6.13668966293335,
          "hz": 6219.891507268283
        },
        {
          "acoustic_entropy": 6.3683671951293945,
          "acoustic_entropy_side": 6.159444808959961,
          "hz": 6832.70888123896
        },
        {
          "acoustic_entropy": 6.166306018829346,
          "acoustic_entropy_side": 6.173147678375244,
          "hz": 7499.796634079867
        },
        {
          "acoustic_entropy": 6.139699459075928,
          "acoustic_entropy_side": 6.190861225128174,
          "hz": 8225.96088609342
        },
        {
          "acoustic_entropy": 6.095823287963867,
          "acoustic_entropy_side": 6.169255256652832,
          "hz": 9016.43338188839
        },
        {
          "acoustic_entropy": 6.167686462402344,
          "acoustic_entropy_side": 6.173447608947754,
          "hz": 9876.909183162974
        },
        {
          "acoustic_entropy": 6.137490749359131,
          "acoustic_entropy_side": 6.180597305297852,
          "hz": 10813.587699516042
        },
        {
          "acoustic_entropy": 6.241633415222168,
          "acoustic_entropy_side": 6.210536003112793,
          "hz": 11833.21735289826
        },
        {
          "acoustic_entropy": 6.26045036315918,
          "acoustic_entropy_side": 6.214710235595703,
          "hz": 12943.144197493959
        },
        {
          "acoustic_entropy": 6.226078987121582,
          "acoustic_entropy_side": 6.202707767486572,
          "hz": 14151.364845322005
        },
        {
          "acoustic_entropy": 6.245201110839844,
          "acoustic_entropy_side": 6.16589879989624,
          "hz": 15466.58407886509
        },
        {
          "acoustic_entropy": 6.224097728729248,
          "acoustic_entropy_side": 6.1951446533203125,
          "hz": 16898.27756580493
        },
        {
          "acoustic_entropy": 6.213430881500244,
          "acoustic_entropy_side": 6.218944072723389,
          "hz": 18456.760127700032
        },
        {
          "acoustic_entropy": 6.218592166900635,
          "acoustic_entropy_side": 6.217077255249023,
          "hz": 20153.260054456492
        },
        {
          "acoustic_entropy": 6.21628475189209,
          "acoustic_entropy_side": 6.216247081756592,
          "hz": 22000.00000000001
        }
      ],
      "diff_acoustic_entropy": 4.434932708740234,
      "sn": 6
    },
    {
      "acoustic_entropy": 10.250651359558105,
      "acoustic_entropy_mono": 10.399811744689941,
      "band_eliminated_acoustic_entropies": [
        {
          "acoustic_entropy": 9.944913864135742,
          "acoustic_entropy_side": 10.251365661621094,
          "hz": 129.47220167065723
        },
        {
          "acoustic_entropy": 9.536083221435547,
          "acoustic_entropy_side": 10.248275756835938,
          "hz": 202.92927478742237
        },
        {
          "acoustic_entropy": 10.326815605163574,
          "acoustic_entropy_side": 10.264932632446289,
          "hz": 282.89161906338205
        },
        {
          "acoustic_entropy": 9.825273513793945,
          "acoustic_entropy_side": 10.339123725891113,
          "hz": 369.9353335868758
        },
        {
          "acoustic_entropy": 10.189828872680664,
          "acoustic_entropy_side": 10.392134666442871,
          "hz": 464.6875360973435
        },
        {
          "acoustic_entropy": 10.147797584533691,
          "acoustic_entropy_side": 10.369565963745117,
          "hz": 567.8308811364784
        },
        {
          "acoustic_entropy": 10.721839904785156,
          "acoustic_entropy_side": 10.366105079650879,
          "hz": 680.1084783214808
        },
        {
          "acoustic_entropy": 10.629196166992188,
          "acoustic_entropy_side": 10.066693305969238,
          "hz": 802.3292461747484
        },
        {
          "acoustic_entropy": 10.289588928222656,
          "acoustic_entropy_side": 10.103921890258789,
          "hz": 935.3737400823702
        },
        {
          "acoustic_entropy": 10.676916122436523,
          "acoustic_entropy_side": 10.54407787322998,
          "hz": 1080.2004963696966
        },
        {
          "acoustic_entropy": 9.947096824645996,
          "acoustic_entropy_side": 10.265484809875488,
          "hz": 1237.8529382007157
        },
        {
          "acoustic_entropy": 10.024432182312012,
          "acoustic_entropy_side": 10.266363143920898,
          "hz": 1409.4668930556702
        },
        {
          "acoustic_entropy": 10.245816230773926,
          "acoustic_entropy_side": 10.303323745727539,
          "hz": 1596.2787759475705
        },
        {
          "acoustic_entropy": 11.275040626525879,
          "acoustic_entropy_side": 10.413286209106445,
          "hz": 1799.6344973346393
        },
        {
          "acoustic_entropy": 10.48068618774414,
          "acoustic_entropy_side": 10.274147987365723,
          "hz": 2020.9991599069049
        },
        {
          "acoustic_entropy": 10.208229064941406,
          "acoustic_entropy_side": 10.291648864746094,
          "hz": 2261.9676141086993
        },
        {
          "acoustic_entropy": 10.325139999389648,
          "acoustic_entropy_side": 10.263901710510254,
          "hz": 2524.2759484456974
        },
        {
          "acoustic_entropy": 10.457201957702637,
          "acoustic_entropy_side": 10.342558860778809,
          "hz": 2809.813997359896
        },
        {
          "acoustic_entropy": 10.41752815246582,
          "acoustic_entropy_side": 10.369287490844727,
          "hz": 3120.6389567871424
        },
        {
          "acoustic_entropy": 10.054666519165039,
          "acoustic_entropy_side": 10.227659225463867,
          "hz": 3458.990205492291
        },
        {
          "acoustic_entropy": 10.205366134643555,
          "acoustic_entropy_side": 10.118786811828613,
          "hz": 3827.305438964164
        },
        {
          "acoustic_entropy": 10.396928787231445,
          "acoustic_entropy_side": 10.214961051940918,
          "hz": 4228.238232109126
        },
        {
          "acoustic_entropy": 10.227051734924316,
          "acoustic_entropy_side": 10.264815330505371,
          "hz": 4664.6771572759235
        },
        {
          "acoustic_entropy": 10.512592315673828,
          "acoustic_entropy_side": 10.346048355102539,
          "hz": 5139.766595350093
        },
        {
          "acoustic_entropy": 10.518067359924316,
          "acoustic_entropy_side": 10.313066482543945,
          "hz": 5656.929389854203
        },
        {
          "acoustic_entropy": 10.442057609558105,
          "acoustic_entropy_side": 10.276467323303223,
          "hz": 6219.891507268283
        },
        {
          "acoustic_entropy": 10.219356536865234,
          "acoustic_entropy_side": 10.2847261428833,
          "hz": 6832.70888123896
        },
        {
          "acoustic_entropy": 10.240867614746094,
          "acoustic_entropy_side": 10.291531562805176,
          "hz": 7499.796634079867
        },
        {
          "acoustic_entropy": 10.373002052307129,
          "acoustic_entropy_side": 10.27637004852295,
          "hz": 8225.96088609342
        },
        {
          "acoustic_entropy": 10.564324378967285,
          "acoustic_entropy_side": 10.368656158447266,
          "hz": 9016.43338188839
        },
        {
          "acoustic_entropy": 10.10994815826416,
          "acoustic_entropy_side": 10.366378784179688,
          "hz": 9876.909183162974
        },
        {
          "acoustic_entropy": 10.382662773132324,
          "acoustic_entropy_side": 10.351717948913574,
          "hz": 10813.587699516042
        },
        {
          "acoustic_entropy": 10.327127456665039,
          "acoustic_entropy_side": 10.288871765136719,
          "hz": 11833.21735289826
        },
        {
          "acoustic_entropy": 10.453089714050293,
          "acoustic_entropy_side": 10.27490234375,
          "hz": 12943.144197493959
        },
        {
          "acoustic_entropy": 10.49379825592041,
          "acoustic_entropy_side": 10.40991497039795,
          "hz": 14151.364845322005
        },
        {
          "acoustic_entropy": 10.478715896606445,
          "acoustic_entropy_side": 10.414316177368164,
          "hz": 15466.58407886509
        },
        {
          "acoustic_entropy": 10.521183013916016,
          "acoustic_entropy_side": 10.475313186645508,
          "hz": 16898.27756580493
        },
        {
          "acoustic_entropy": 10.546513557434082,
          "acoustic_entropy_side": 10.477529525756836,
          "hz": 18456.760127700032
        },
        {
          "acoustic_entropy": 10.263750076293945,
          "acoustic_entropy_side": 10.258804321289062,
          "hz": 20153.260054456492
        },
        {
          "acoustic_entropy": 10.250691413879395,
          "acoustic_entropy_side": 10.250716209411621,
          "hz": 22000.00000000001
        }
      ],
      "diff_acoustic_entropy": 7.4051289558410645,
      "sn": 12
    },
    {
      "acoustic_entropy": 14.619457244873047,
      "acoustic_entropy_mono": 14.16268539428711,
      "band_eliminated_acoustic_entropies": [
        {
          "acoustic_entropy": 14.895222663879395,
          "acoustic_entropy_side": 14.676499366760254,
          "hz": 129.47220167065723
        },
        {
          "acoustic_entropy": 15.087571144104004,
          "acoustic_entropy_side": 14.464591026306152,
          "hz": 202.92927478742237
        },
        {
          "acoustic_entropy": 15.200563430786133,
          "acoustic_entropy_side": 14.50579833984375,
          "hz": 282.89161906338205
        },
        {
          "acoustic_entropy": 14.977010726928711,
          "acoustic_entropy_side": 14.588183403015137,
          "hz": 369.9353335868758
        },
        {
          "acoustic_entropy": 15.007074356079102,
          "acoustic_entropy_side": 14.704534530639648,
          "hz": 464.6875360973435
        },
        {
          "acoustic_entropy": 15.90644645690918,
          "acoustic_entropy_side": 14.79684066772461,
          "hz": 567.8308811364784
        },
        {
          "acoustic_entropy": 14.78635025024414,
          "acoustic_entropy_side": 14.714803695678711,
          "hz": 680.1084783214808
        },
        {
          "acoustic_entropy": 14.763385772705078,
          "acoustic_entropy_side": 14.938117027282715,
          "hz": 802.3292461747484
        },
        {
          "acoustic_entropy": 14.385769844055176,
          "acoustic_entropy_side": 14.855734825134277,
          "hz": 935.3737400823702
        },
        {
          "acoustic_entropy": 15.300012588500977,
          "acoustic_entropy_side": 14.450234413146973,
          "hz": 1080.2004963696966
        },
        {
          "acoustic_entropy": 14.884119987487793,
          "acoustic_entropy_side": 14.953058242797852,
          "hz": 1237.8529382007157
        },
        {
          "acoustic_entropy": 14.092717170715332,
          "acoustic_entropy_side": 14.617807388305664,
          "hz": 1409.4668930556702
        },
        {
          "acoustic_entropy": 14.42730712890625,
          "acoustic_entropy_side": 14.361357688903809,
          "hz": 1596.2787759475705
        },
        {
          "acoustic_entropy": 16.25603485107422,
          "acoustic_entropy_side": 14.786226272583008,
          "hz": 1799.6344973346393
        },
        {
          "acoustic_entropy": 13.988890647888184,
          "acoustic_entropy_side": 14.577123641967773,
          "hz": 2020.9991599069049
        },
        {
          "acoustic_entropy": 14.85962200164795,
          "acoustic_entropy_side": 14.721543312072754,
          "hz": 2261.9676141086993
        },
        {
          "acoustic_entropy": 14.886699676513672,
          "acoustic_entropy_side": 14.698099136352539,
          "hz": 2524.2759484456974
        },
        {
          "acoustic_entropy": 14.776834487915039,
