{
  "acoustic_entropy": 177.6735382080078,
  "bands": [
    {
      "high_freq": 148.1999969482422,
      "loudness": -19.201663970947266,
      "loudness_range": 10.210261344909668,
      "mid_mean": -15.535820960998535,
      "mid_to_side_loudness": -29.562227249145508,
      "mid_to_side_loudness_range": 20.733335494995117,
      "side_mean": -45.241905212402344
    },
    {
      "high_freq": 392.3793640136719,
      "loudness": -19.730527877807617,
      "loudness_range": 10.991449356079102,
      "low_freq": 148.1999969482422,
      "mid_mean": -16.136823654174805,
      "mid_to_side_loudness": -19.54195213317871,
      "mid_to_side_loudness_range": 14.661486625671387,
      "side_mean": -35.70999526977539
    },
    {
      "high_freq": 794.6976318359375,
      "loudness": -24.037155151367188,
      "loudness_range": 11.879144668579102,
      "low_freq": 392.3793640136719,
      "mid_mean": -20.48613166809082,
      "mid_to_side_loudness": -15.837082862854004,
      "mid_to_side_loudness_range": 10.610150337219238,
      "side_mean": -36.390499114990234
    },
    {
      "high_freq": 1457.5709228515625,
      "loudness": -29.57938575744629,
      "loudness_range": 14.515790939331055,
      "low_freq": 794.6976318359375,
      "mid_mean": -26.05904197692871,
      "mid_to_side_loudness": -15.724655151367188,
      "mid_to_side_loudness_range": 11.933735847473145,
      "side_mean": -41.77590560913086
    },
    {
      "high_freq": 2549.74365234375,
      "loudness": -27.36149024963379,
      "loudness_range": 12.072233200073242,
      "low_freq": 1457.5709228515625,
      "mid_mean": -24.018617630004883,
      "mid_to_side_loudness": -11.761173248291016,
      "mid_to_side_loudness_range": 9.714048385620117,
      "side_mean": -35.69770050048828
    },
    {
      "high_freq": 4349.24462890625,
      "loudness": -24.540393829345703,
      "loudness_range": 8.420795440673828,
      "low_freq": 2549.74365234375,
      "mid_mean": -21.648639678955078,
      "mid_to_side_loudness": -7.793413162231445,
      "mid_to_side_loudness_range": 8.263406753540039,
      "side_mean": -29.336524963378906
    },
    {
      "high_freq": 7314.1640625,
      "loudness": -25.205965042114258,
      "loudness_range": 6.800195693969727,
      "low_freq": 4349.24462890625,
      "mid_mean": -22.66912269592285,
      "mid_to_side_loudness": -5.5849690437316895,
      "mid_to_side_loudness_range": 5.328765869140625,
      "side_mean": -28.189104080200195
    },
    {
      "high_freq": 12199.2666015625,
      "loudness": -23.39729881286621,
      "loudness_range": 10.315683364868164,
      "low_freq": 7314.1640625,
      "mid_mean": -20.11503028869629,
      "mid_to_side_loudness": -11.35547924041748,
      "mid_to_side_loudness_range": 10.63322639465332,
      "side_mean": -31.485544204711914
    },
    {
      "loudness": -28.02145767211914,
      "loudness_range": 10.153678894042969,
      "low_freq": 12199.2666015625,
      "mid_mean": -24.745241165161133,
      "mid_to_side_loudness": -11.974932670593262,
      "mid_to_side_loudness_range": 12.01610279083252,
      "side_mean": -36.752105712890625
    }
  ],
  "bands_short": [
    {
      "high_freq": 148.1999969482422,
      "loudness": -22.418264389038086,
      "loudness_range": 17.52764129638672,
      "mid_mean": -18.76487922668457,
      "mid_to_side_loudness": -31.090227127075195,
      "mid_to_side_loudness_range": 29.874927520751953,
      "side_mean": -50.82569122314453
    },
    {
      "high_freq": 392.3793640136719,
      "loudness": -20.410354614257812,
      "loudness_range": 16.43014144897461,
      "low_freq": 148.1999969482422,
      "mid_mean": -16.835668563842773,
      "mid_to_side_loudness": -19.41982650756836,
      "mid_to_side_loudness_range": 20.155794143676758,
      "side_mean": -36.53651428222656
    },
    {
      "high_freq": 794.6976318359375,
      "loudness": -24.625791549682617,
      "loudness_range": 16.582218170166016,
      "low_freq": 392.3793640136719,
      "mid_mean": -21.142351150512695,
      "mid_to_side_loudness": -16.489572525024414,
      "mid_to_side_loudness_range": 18.236026763916016,
      "side_mean": -37.88250732421875
    },
    {
      "high_freq": 1457.5709228515625,
      "loudness": -30.43184471130371,
      "loudness_range": 17.90013313293457,
      "low_freq": 794.6976318359375,
      "mid_mean": -27.020240783691406,
      "mid_to_side_loudness": -15.001337051391602,
      "mid_to_side_loudness_range": 17.61582374572754,
      "side_mean": -42.16961669921875
    },
    {
      "high_freq": 2549.74365234375,
      "loudness": -28.675636291503906,
      "loudness_range": 15.971549987792969,
      "low_freq": 1457.5709228515625,
      "mid_mean": -25.454442977905273,
      "mid_to_side_loudness": -11.87656307220459,
      "mid_to_side_loudness_range": 14.881387710571289,
      "side_mean": -37.35016632080078
    },
    {
      "high_freq": 4349.24462890625,
      "loudness": -25.897708892822266,
      "loudness_range": 14.086372375488281,
      "low_freq": 2549.74365234375,
      "mid_mean": -22.90900230407715,
      "mid_to_side_loudness": -9.586226463317871,
      "mid_to_side_loudness_range": 13.567680358886719,
      "side_mean": -32.4155387878418
    },
    {
      "high_freq": 7314.1640625,
      "loudness": -26.25327491760254,
      "loudness_range": 13.546083450317383,
      "low_freq": 4349.24462890625,
      "mid_mean": -23.743797302246094,
      "mid_to_side_loudness": -6.3804030418396,
      "mid_to_side_loudness_range": 11.124869346618652,
      "side_mean": -30.0552921295166
    },
    {
      "high_freq": 12199.2666015625,
      "loudness": -25.161836624145508,
      "loudness_range": 17.017837524414062,
      "low_freq": 7314.1640625,
      "mid_mean": -22.09833526611328,
      "mid_to_side_loudness": -10.872153282165527,
      "mid_to_side_loudness_range": 17.365558624267578,
      "side_mean": -33.28179931640625
    },
    {
      "loudness": -30.729433059692383,
      "loudness_range": 20.1987247467041,
      "low_freq": 12199.2666015625,
      "mid_mean": -27.822021484375,
      "mid_to_side_loudness": -10.340907096862793,
      "mid_to_side_loudness_range": 21.341135025024414,
      "side_mean": -39.08970260620117
    }
  ],
  "bandwidth": 609.0313720703125,
  "channels": 2,
  "covariance": [
    [
      19.511552810668945,
      7.797020435333252,
      12.541043281555176,
      7.096144199371338,
      8.221104621887207,
      5.70877742767334,
      9.565234184265137,
      6.532577037811279,
      8.68134880065918,
      6.226046562194824,
      8.55260181427002,
      5.91752815246582,
      7.889845848083496,
      8.40404224395752,
      6.587542533874512,
      11.0099515914917,
      3.8897664546966553,
      12.436291694641113
    ],
    [
      7.797020435333252,
      51.096988677978516,
      4.532392501831055,
      6.039778232574463,
      15.778889656066895,
      20.902067184448242,
      17.007368087768555,
      19.6453800201416,
      15.447175979614258,
      12.33995532989502,
      10.98935317993164,
      3.087324380874634,
      5.593813419342041,
      2.9050633907318115,
      1.4055804014205933,
      4.832522392272949,
      -2.250767946243286,
      2.810575246810913
    ],
    [
      12.541043281555176,
      4.532392501831055,
      21.155094146728516,
      10.35079574584961,
      10.109855651855469,
      7.437128067016602,
      11.173016548156738,
      8.426417350769043,
      9.842592239379883,
      7.5515875816345215,
      10.912994384765625,
      8.161730766296387,
      11.0003023147583,
      9.89474105834961,
      10.289244651794434,
      10.583112716674805,
      8.35876750946045,
      11.916574478149414
    ],
    [
      7.096144199371338,
      6.039778232574463,
      10.35079574584961,
      25.54688262939453,
      8.403873443603516,
      14.216327667236328,
      9.620227813720703,
      14.741302490234375,
      7.277358531951904,
      8.32646656036377,
      8.653117179870605,
      8.404672622680664,
      9.018733978271484,
      8.759245872497559,
      7.687560081481934,
      6.828869342803955,
      7.687832832336426,
      6.834725379943848
    ],
    [
      8.221104621887207,
      15.778889656066895,
      10.109855651855469,
      8.403873443603516,
      20.864717483520508,
      14.478370666503906,
      18.344820022583008,
      14.559786796569824,
      15.60189437866211,
      11.44105339050293,
      13.570653915405273,
      7.57694673538208,
      10.705869674682617,
      7.664307117462158,
      9.580987930297852,
      8.43449878692627,
      7.382943153381348,
      8.482261657714844
    ],
    [
      5.70877742767334,
      20.902067184448242,
      7.437128067016602,
      14.216327667236328,
      14.478370666503906,
      23.408933639526367,
      15.59507942199707,
      22.34781265258789,
      13.653298377990723,
      13.98364543914795,
      12.41601848602295,
      9.005236625671387,
      10.035226821899414,
      8.185958862304688,
      8.117738723754883,
      6.494626045227051,
      6.997635364532471,
      5.380082130432129
    ],
    [
      9.565234184265137,
      17.007368087768555,
      11.173016548156738,
      9.620227813720703,
      18.344820022583008,
      15.59507942199707,
      28.14959716796875,
      17.10822105407715,
      21.02192497253418,
      11.539478302001953,
      14.342511177062988,
      6.919540882110596,
      10.540102005004883,
      7.375204563140869,
      8.863574981689453,
      8.358003616333008,
      5.974664688110352,
      8.351226806640625
    ],
    [
      6.532577037811279,
      19.6453800201416,
      8.426417350769043,
      14.741302490234375,
      14.559786796569824,
      22.34781265258789,
      17.10822105407715,
      25.651123046875,
      15.008440971374512,
      14.919487953186035,
      12.950201034545898,
      9.404791831970215,
      10.566803932189941,
      8.831954002380371,
      8.976787567138672,
      7.1009521484375,
      7.3045430183410645,
      6.046401023864746
    ],
    [
      8.68134880065918,
      15.447175979614258,
      9.842592239379883,
      7.277358531951904,
      15.60189437866211,
      13.653298377990723,
      21.02192497253418,
      15.008440971374512,
      20.637876510620117,
      11.404341697692871,
      13.369979858398438,
      7.131030559539795,
      10.255753517150879,
      7.151937961578369,
      8.699657440185547,
      8.065360069274902,
      6.0984978675842285,
      7.986874103546143
    ],
    [
      6.226046562194824,
      12.33995532989502,
      7.5515875816345215,
      8.32646656036377,
      11.44105339050293,
      13.98364543914795,
      11.539478302001953,
      14.919487953186035,
      11.404341697692871,
      13.409982681274414,
      10.626936912536621,
      9.508810997009277,
      9.934591293334961,
      8.542586326599121,
      9.375353813171387,
      8.019767761230469,
      8.629136085510254,
      7.668652534484863
    ],
    [
      8.55260181427002,
      10.98935317993164,
      10.912994384765625,
      8.653117179870605,
      13.570653915405273,
      12.41601848602295,
      14.342511177062988,
      12.950201034545898,
      13.369979858398438,
      10.626936912536621,
      15.418201446533203,
      9.599080085754395,
      12.652392387390137,
      9.686555862426758,
      11.150843620300293,
      9.156819343566895,
      9.91433334350586,
      9.5270357131958
    ],
    [
      5.91752815246582,
      3.087324380874634,
      8.161730766296387,
      8.404672622680664,
      7.57694673538208,
      9.005236625671387,
      6.919540882110596,
      9.404791831970215,
      7.131030559539795,
      9.508810997009277,
      9.599080085754395,
      13.748004913330078,
      11.3555269241333,
      12.571218490600586,
      12.919814109802246,
      8.618542671203613,
      14.581962585449219,
      9.062606811523438
    ],
    [
      7.889845848083496,
      5.593813419342041,
      11.0003023147583,
      9.018733978271484,
      10.705869674682617,
      10.035226821899414,
      10.540102005004883,
      10.566803932189941,
      10.255753517150879,
      9.934591293334961,
      12.652392387390137,
      11.3555269241333,
      14.74889850616455,
      11.500895500183105,
      14.856100082397461,
      9.450718879699707,
      13.977617263793945,
      10.071020126342773
    ],
    [
      8.40404224395752,
      2.9050633907318115,
      9.89474105834961,
      8.759245872497559,
      7.664307117462158,
      8.185958862304688,
      7.375204563140869,
      8.831954002380371,
      7.151937961578369,
      8.542586326599121,
      9.686555862426758,
      12.571218490600586,
      11.500895500183105,
      13.636038780212402,
      12.340482711791992,
      10.272275924682617,
      13.039122581481934,
      11.094034194946289
    ],
    [
      6.587542533874512,
      1.4055804014205933,
      10.289244651794434,
      7.687560081481934,
      9.580987930297852,
      8.117738723754883,
      8.863574981689453,
      8.976787567138672,
      8.699657440185547,
      9.375353813171387,
      11.150843620300293,
      12.919814109802246,
      14.856100082397461,
      12.340482711791992,
      20.35157012939453,
      9.20187759399414,
      19.963823318481445,
      10.118379592895508
    ],
    [
      11.0099515914917,
      4.832522392272949,
      10.583112716674805,
      6.828869342803955,
      8.43449878692627,
      6.494626045227051,
      8.358003616333008,
      7.1009521484375,
      8.065360069274902,
      8.019767761230469,
      9.156819343566895,
      8.618542671203613,
      9.450718879699707,
      10.272275924682617,
      9.20187759399414,
      11.906363487243652,
      8.02881908416748,
      13.170781135559082
    ],
    [
      3.8897664546966553,
      -2.250767946243286,
      8.35876750946045,
      7.687832832336426,
      7.382943153381348,
      6.997635364532471,
      5.974664688110352,
      7.3045430183410645,
      6.0984978675842285,
      8.629136085510254,
      9.91433334350586,
      14.581962585449219,
      13.977617263793945,
      13.039122581481934,
      19.963823318481445,
      8.02881908416748,
      25.199111938476562,
      9.01976490020752
    ],
    [
      12.436291694641113,
      2.810575246810913,
      11.916574478149414,
      6.834725379943848,
      8.482261657714844,
      5.380082130432129,
      8.351226806640625,
      6.046401023864746,
      7.986874103546143,
      7.668652534484863,
      9.5270357131958,
      9.062606811523438,
      10.071020126342773,
      11.094034194946289,
      10.118379592895508,
      13.170781135559082,
      9.01976490020752,
      15.185334205627441
    ]
  ],
  "covariance_short": [
    [
      40.88090515136719,
      13.364450454711914,
      9.361564636230469,
      4.545555114746094,
      6.458439350128174,
      4.247142314910889,
      8.070302963256836,
      7.611493110656738,
      8.355010986328125,
      4.090611934661865,
      7.155994892120361,
      0.034580595791339874,
      4.562343597412109,
      4.202337741851807,
      4.626857280731201,
      8.925008773803711,
      -1.3030685186386108,
      9.55252456665039
    ],
    [
      13.364450454711914,
      87.83943939208984,
      7.000215530395508,
      10.57376766204834,
      15.317198753356934,
      24.340023040771484,
      17.620040893554688,
      22.755050659179688,
      17.25176429748535,
      17.601335525512695,
      11.737616539001465,
      7.01137638092041,
      5.612069606781006,
      3.7360033988952637,
      1.8573309183120728,
      9.808332443237305,
      -2.1545042991638184,
      7.346959590911865
    ],
    [
      9.361564636230469,
      7.000215530395508,
      35.034820556640625,
      12.552278518676758,
      14.092385292053223,
      10.451244354248047,
      14.764263153076172,
      11.659064292907715,
      13.784745216369629,
      9.916427612304688,
      15.689075469970703,
      12.197657585144043,
      13.62975788116455,
      13.085611343383789,
      13.76429557800293,
      13.682243347167969,
      12.833844184875488,
      13.772259712219238
    ],
    [
      4.545555114746094,
      10.57376766204834,
      12.552278518676758,
      37.32783508300781,
      10.426409721374512,
      22.365449905395508,
      11.336368560791016,
      21.96461296081543,
      8.52976131439209,
      11.930755615234375,
      10.963652610778809,
      11.201472282409668,
      10.180747985839844,
      9.653334617614746,
      7.556325435638428,
      4.565176010131836,
      9.039226531982422,
      2.9490480422973633
    ],
    [
      6.458439350128174,
      15.317198753356934,
      14.092385292053223,
      10.426409721374512,
      36.88794708251953,
      19.269140243530273,
      27.214754104614258,
      19.7368106842041,
      21.621511459350586,
      16.172142028808594,
      19.979293823242188,
      11.637503623962402,
      14.381701469421387,
      9.96807861328125,
      13.249494552612305,
      10.400922775268555,
      11.44154167175293,
      9.584510803222656
    ],
    [
      4.247142314910889,
      24.340023040771484,
      10.451244354248047,
      22.365449905395508,
      19.269140243530273,
      41.247100830078125,
      20.35711669921875,
      34.57368087768555,
      17.218524932861328,
      24.53611946105957,
      17.946157455444336,
      19.35540008544922,
      14.784473419189453,
      13.72331714630127,
      11.19206428527832,
      8.036831855773926,
      11.172369956970215,
      5.3541646003723145
    ],
    [
      8.070302963256836,
      17.620040893554688,
      14.764263153076172,
      11.336368560791016,
      27.214754104614258,
      20.35711669921875,
      42.579097747802734,
      23.543659210205078,
      30.282974243164062,
      17.998870849609375,
      21.787599563598633,
      11.53265380859375,
      15.545818328857422,
      9.553664207458496,
      14.44942855834961,
      11.08260726928711,
      10.909645080566406,
      9.890521049499512
    ],
    [
      7.611493110656738,
      22.755050659179688,
      11.659064292907715,
      21.96461296081543,
      19.7368106842041,
      34.57368087768555,
      23.543659210205078,
      45.63822937011719,
      19.874544143676758,
      26.887189865112305,
      19.41145896911621,
      19.292827606201172,
      15.944771766662598,
      14.059032440185547,
      12.918183326721191,
      8.750535011291504,
      11.443970680236816,
      6.060484409332275
    ],
    [
      8.355010986328125,
      17.25176429748535,
      13.784745216369629,
      8.52976131439209,
      21.621511459350586,
      17.218524932861328,
      30.282974243164062,
      19.874544143676758,
      32.314430236816406,
      18.045425415039062,
      21.18886947631836,
      13.320582389831543,
      15.896672248840332,
      10.345498085021973,
      14.943414688110352,
      11.494754791259766,
      12.019449234008789,
      10.26229476928711
    ],
    [
      4.090611934661865,
      17.601335525512695,
      9.916427612304688,
      11.930755615234375,
      16.172142028808594,
      24.53611946105957,
      17.998870849609375,
      26.887189865112305,
      18.045425415039062,
      32.98027420043945,
      18.588829040527344,
      23.867155075073242,
      16.53976821899414,
      15.98043155670166,
      14.978313446044922,
      11.263009071350098,
      14.669099807739258,
      9.137702941894531
    ],
    [
      7.155994892120361,
      11.737616539001465,
      15.689075469970703,
      10.963652610778809,
      19.979293823242188,
      17.946157455444336,
      21.787599563598633,
      19.41145896911621,
      21.18886947631836,
      18.588829040527344,
      27.570232391357422,
      20.139522552490234,
      21.288026809692383,
      16.466936111450195,
      18.703401565551758,
      12.271924018859863,
      17.97538185119629,
      11.557502746582031
    ],
    [
      0.034580595791339874,
      7.01137638092041,
      12.197657585144043,
      11.201472282409668,
      11.637503623962402,
      19.35540008544922,
      11.53265380859375,
      19.292827606201172,
      13.320582389831543,
      23.867155075073242,
      20.139522552490234,
      37.12155532836914,
      22.830629348754883,
      26.82259178161621,
      21.377782821655273,
      11.405885696411133,
      25.77753448486328,
      10.194149017333984
    ],
    [
      4.562343597412109,
      5.612069606781006,
      13.62975788116455,
      10.180747985839844,
      14.381701469421387,
      14.784473419189453,
      15.545818328857422,
      15.944771766662598,
      15.896672248840332,
      16.53976821899414,
      21.288026809692383,
      22.830629348754883,
      26.376808166503906,
      20.609634399414062,
      25.408527374267578,
      13.22055435180664,
      26.674680709838867,
      12.698514938354492
    ],
    [
      4.202337741851807,
      3.7360033988952637,
      13.085611343383789,
      9.653334617614746,
      9.96807861328125,
      13.72331714630127,
      9.553664207458496,
      14.059032440185547,
      10.345498085021973,
      15.98043155670166,
      16.466936111450195,
      26.82259178161621,
      20.609634399414062,
      33.06224060058594,
      17.445749282836914,
      21.281478881835938,
      19.955358505249023,
      23.241308212280273
    ],
    [
      4.626857280731201,
      1.8573309183120728,
      13.76429557800293,
      7.556325435638428,
      13.249494552612305,
      11.19206428527832,
      14.44942855834961,
      12.918183326721191,
      14.943414688110352,
      14.978313446044922,
      18.703401565551758,
      21.377782821655273,
      25.408527374267578,
      17.445749282836914,
      38.21630096435547,
      11.76379108428955,
      38.49977111816406,
      10.447741508483887
    ],
    [
      8.925008773803711,
      9.808332443237305,
      13.682243347167969,
      4.565176010131836,
      10.400922775268555,
      8.036831855773926,
      11.08260726928711,
      8.750535011291504,
      11.494754791259766,
      11.263009071350098,
      12.271924018859863,
      11.405885696411133,
      13.22055435180664,
      21.281478881835938,
      11.76379108428955,
      31.696807861328125,
      10.185396194458008,
      32.98686599731445
    ],
    [
      -1.3030685186386108,
      -2.1545042991638184,
      12.833844184875488,
      9.039226531982422,
      11.44154167175293,
      11.172369956970215,
      10.909645080566406,
      11.443970680236816,
      12.019449234008789,
      14.669099807739258,
      17.97538185119629,
      25.77753448486328,
      26.674680709838867,
      19.955358505249023,
      38.49977111816406,
      10.185396194458008,
      50.33665084838867,
      8.003283500671387
    ],
    [
      9.55252456665039,
      7.346959590911865,
      13.772259712219238,
      2.9490480422973633,
      9.584510803222656,
      5.3541646003723145,
      9.890521049499512,
      6.060484409332275,
      10.26229476928711,
      9.137702941894531,
      11.557502746582031,
      10.194149017333984,
      12.698514938354492,
      23.241308212280273,
      10.447741508483887,
      32.98686599731445,
      8.003283500671387,
      43.33964920043945
    ]
  ],
  "damage": -4.529201507568359,
  "diff_bandwidth": 564.6432495117188,
  "dissonance": 11.07185998579668,
  "drr": 10.781213760375977,
  "dynamics": 2.5826125144958496,
  "format": 1245190,
  "frames": 9138112,
  "loudness": -9.614376068115234,
  "loudness_range": 5.277517795562744,
  "loudness_range_short": 9.375285148620605,
  "lowpass_true_peak_15khz": 0.2710556983947754,
  "mastering3_acoustic_entropies": [
    {
      "acoustic_entropy": 6.410577297210693,
      "acoustic_entropy_mono": 6.647709846496582,
      "band_eliminated_acoustic_entropies": [
        {
          "acoustic_entropy": 6.3257060050964355,
          "acoustic_entropy_side": 6.410571575164795,
          "hz": 129.47220167065723
        },
        {
          "acoustic_entropy": 5.8920464515686035,
          "acoustic_entropy_side": 6.410432815551758,
          "hz": 202.92927478742237
        },
        {
          "acoustic_entropy": 6.018637657165527,
          "acoustic_entropy_side": 6.410905838012695,
          "hz": 282.89161906338205
        },
        {
          "acoustic_entropy": 6.997857093811035,
          "acoustic_entropy_side": 6.409031867980957,
          "hz": 369.9353335868758
        },
        {
          "acoustic_entropy": 6.750891208648682,
          "acoustic_entropy_side": 6.4120988845825195,
          "hz": 464.6875360973435
        },
        {
          "acoustic_entropy": 6.386284351348877,
          "acoustic_entropy_side": 6.410114765167236,
          "hz": 567.8308811364784
        },
        {
          "acoustic_entropy": 6.366893291473389,
          "acoustic_entropy_side": 6.413934230804443,
          "hz": 680.1084783214808
        },
        {
          "acoustic_entropy": 6.490534782409668,
          "acoustic_entropy_side": 6.413404941558838,
          "hz": 802.3292461747484
        },
        {
          "acoustic_entropy": 6.390987396240234,
          "acoustic_entropy_side": 6.409343242645264,
          "hz": 935.3737400823702
        },
        {
          "acoustic_entropy": 6.350535869598389,
          "acoustic_entropy_side": 6.409884452819824,
          "hz": 1080.2004963696966
        },
        {
          "acoustic_entropy": 6.389618396759033,
          "acoustic_entropy_side": 6.410461902618408,
          "hz": 1237.8529382007157
        },
        {
          "acoustic_entropy": 6.271287441253662,
          "acoustic_entropy_side": 6.410293102264404,
          "hz": 1409.4668930556702
        },
        {
          "acoustic_entropy": 6.373876571655273,
          "acoustic_entropy_side": 6.4106292724609375,
          "hz": 1596.2787759475705
        },
        {
          "acoustic_entropy": 6.277003765106201,
          "acoustic_entropy_side": 6.408608913421631,
          "hz": 1799.6344973346393
        },
        {
          "acoustic_entropy": 6.389122486114502,
          "acoustic_entropy_side": 6.408395767211914,
          "hz": 2020.9991599069049
        },
        {
          "acoustic_entropy": 6.3631720542907715,
          "acoustic_entropy_side": 6.408555507659912,
          "hz": 2261.9676141086993
        },
        {
          "acoustic_entropy": 6.446857929229736,
          "acoustic_entropy_side": 6.407477855682373,
          "hz": 2524.2759484456974
        },
        {
          "acoustic_entropy": 6.319230079650879,
          "acoustic_entropy_side": 6.4033613204956055,
          "hz": 2809.813997359896
        },
        {
          "acoustic_entropy": 6.343815326690674,
          "acoustic_entropy_side": 6.405219078063965,
          "hz": 3120.6389567871424
        },
        {
          "acoustic_entropy": 6.52365779876709,
          "acoustic_entropy_side": 6.395781993865967,
          "hz": 3458.990205492291
        },
        {
          "acoustic_entropy": 6.464529991149902,
          "acoustic_entropy_side": 6.39378547668457,
          "hz": 3827.305438964164
        },
        {
          "acoustic_entropy": 6.463628768920898,
          "acoustic_entropy_side": 6.396468162536621,
          "hz": 4228.238232109126
        },
        {
          "acoustic_entropy": 6.346957206726074,
          "acoustic_entropy_side": 6.398985385894775,
          "hz": 4664.6771572759235
        },
        {
          "acoustic_entropy": 6.42390251159668,
          "acoustic_entropy_side": 6.4073486328125,
          "hz": 5139.766595350093
        },
        {
          "acoustic_entropy": 6.433077812194824,
          "acoustic_entropy_side": 6.397036552429199,
          "hz": 5656.929389854203
        },
        {
          "acoustic_entropy": 6.394183158874512,
          "acoustic_entropy_side": 6.425594329833984,
          "hz": 6219.891507268283
        },
        {
          "acoustic_entropy": 6.364718437194824,
          "acoustic_entropy_side": 6.414834976196289,
          "hz": 6832.70888123896
        },
        {
          "acoustic_entropy": 6.394299507141113,
          "acoustic_entropy_side": 6.406660079956055,
          "hz": 7499.796634079867
        },
        {
          "acoustic_entropy": 6.426773548126221,
          "acoustic_entropy_side": 6.416918754577637,
          "hz": 8225.96088609342
        },
        {
          "acoustic_entropy": 6.424956321716309,
          "acoustic_entropy_side": 6.416226387023926,
          "hz": 9016.43338188839
        },
        {
          "acoustic_entropy": 6.385550498962402,
          "acoustic_entropy_side": 6.427621364593506,
          "hz": 9876.909183162974
        },
        {
          "acoustic_entropy": 6.36253023147583,
          "acoustic_entropy_side": 6.439464569091797,
          "hz": 10813.587699516042
        },
        {
          "acoustic_entropy": 6.4623212814331055,
          "acoustic_entropy_side": 6.463944911956787,
          "hz": 11833.21735289826
        },
        {
          "acoustic_entropy": 6.466916084289551,
          "acoustic_entropy_side": 6.442000865936279,
          "hz": 12943.144197493959
        },
        {
          "acoustic_entropy": 6.483894348144531,
          "acoustic_entropy_side": 6.429736614227295,
          "hz": 14151.364845322005
        },
        {
          "acoustic_entropy": 6.300350666046143,
          "acoustic_entropy_side": 6.420165538787842,
          "hz": 15466.58407886509
        },
        {
          "acoustic_entropy": 6.452554225921631,
          "acoustic_entropy_side": 6.418386459350586,
          "hz": 16898.27756580493
        },
        {
          "acoustic_entropy": 6.433407783508301,
          "acoustic_entropy_side": 6.416408061981201,
          "hz": 18456.760127700032
        },
        {
          "acoustic_entropy": 6.420823574066162,
          "acoustic_entropy_side": 6.417186260223389,
          "hz": 20153.260054456492
        },
        {
          "acoustic_entropy": 6.414589881896973,
          "acoustic_entropy_side": 6.412353038787842,
          "hz": 22000.00000000001
        }
      ],
      "diff_acoustic_entropy": 7.540526390075684,
      "sn": 6
    },
    {
      "acoustic_entropy": 9.291692733764648,
      "acoustic_entropy_mono": 9.137310981750488,
      "band_eliminated_acoustic_entropies": [
        {
          "acoustic_entropy": 9.083003044128418,
          "acoustic_entropy_side": 9.291813850402832,
          "hz": 129.47220167065723
        },
        {
          "acoustic_entropy": 9.22301959991455,
          "acoustic_entropy_side": 9.295702934265137,
          "hz": 202.92927478742237
        },
        {
          "acoustic_entropy": 9.160181045532227,
          "acoustic_entropy_side": 9.317431449890137,
          "hz": 282.89161906338205
        },
        {
          "acoustic_entropy": 10.219223976135254,
          "acoustic_entropy_side": 9.320331573486328,
          "hz": 369.9353335868758
        },
        {
          "acoustic_entropy": 9.208962440490723,
          "acoustic_entropy_side": 9.354307174682617,
          "hz": 464.6875360973435
        },
        {
          "acoustic_entropy": 9.1111478805542,
          "acoustic_entropy_side": 9.34886646270752,
          "hz": 567.8308811364784
        },
        {
          "acoustic_entropy": 8.742323875427246,
          "acoustic_entropy_side": 9.334314346313477,
          "hz": 680.1084783214808
        },
        {
          "acoustic_entropy": 9.511641502380371,
          "acoustic_entropy_side": 9.349865913391113,
          "hz": 802.3292461747484
        },
        {
          "acoustic_entropy": 9.04592514038086,
          "acoustic_entropy_side": 9.334105491638184,
          "hz": 935.3737400823702
        },
        {
          "acoustic_entropy": 9.59264087677002,
          "acoustic_entropy_side": 9.315321922302246,
          "hz": 1080.2004963696966
        },
        {
          "acoustic_entropy": 8.9811429977417,
          "acoustic_entropy_side": 9.302511215209961,
          "hz": 1237.8529382007157
        },
        {
          "acoustic_entropy": 9.315698623657227,
          "acoustic_entropy_side": 9.301356315612793,
          "hz": 1409.4668930556702
        },
        {
          "acoustic_entropy": 9.177314758300781,
          "acoustic_entropy_side": 9.319558143615723,
          "hz": 1596.2787759475705
        },
        {
          "acoustic_entropy": 9.616425514221191,
          "acoustic_entropy_side": 9.313789367675781,
          "hz": 1799.6344973346393
        },
        {
          "acoustic_entropy": 9.206894874572754,
          "acoustic_entropy_side": 9.357396125793457,
          "hz": 2020.9991599069049
        },
        {
          "acoustic_entropy": 9.590472221374512,
          "acoustic_entropy_side": 9.336164474487305,
          "hz": 2261.9676141086993
        },
        {
          "acoustic_entropy": 9.395306587219238,
          "acoustic_entropy_side": 9.276869773864746,
          "hz": 2524.2759484456974
        },
        {
          "acoustic_entropy": 9.120938301086426,
          "acoustic_entropy_side": 9.125123023986816,
          "hz": 2809.813997359896
        },
        {
          "acoustic_entropy": 9.194064140319824,
          "acoustic_entropy_side": 9.173005104064941,
          "hz": 3120.6389567871424
        },
        {
          "acoustic_entropy": 8.765837669372559,
          "acoustic_entropy_side": 8.862935066223145,
          "hz": 3458.990205492291
        },
        {
          "acoustic_entropy": 8.876680374145508,
          "acoustic_entropy_side": 8.899356842041016,
          "hz": 3827.305438964164
        },
        {
          "acoustic_entropy": 8.990857124328613,
          "acoustic_entropy_side": 8.942322731018066,
          "hz": 4228.238232109126
        },
        {
          "acoustic_entropy": 8.890274047851562,
          "acoustic_entropy_side": 8.915452003479004,
          "hz": 4664.6771572759235
        },
        {
          "acoustic_entropy": 8.903973579406738,
          "acoustic_entropy_side": 8.899090766906738,
          "hz": 5139.766595350093
        },
        {
          "acoustic_entropy": 8.999228477478027,
          "acoustic_entropy_side": 9.063182830810547,
          "hz": 5656.929389854203
        },
        {
          "acoustic_entropy": 9.328665733337402,
          "acoustic_entropy_side": 9.25892162322998,
          "hz": 6219.891507268283
        },
        {
          "acoustic_entropy": 9.29178524017334,
          "acoustic_entropy_side": 9.2181978225708,
          "hz": 6832.70888123896
        },
        {
          "acoustic_entropy": 9.206740379333496,
          "acoustic_entropy_side": 9.182482719421387,
          "hz": 7499.796634079867
        },
        {
          "acoustic_entropy": 9.308220863342285,
          "acoustic_entropy_side": 9.238992691040039,
          "hz": 8225.96088609342
        },
        {
          "acoustic_entropy": 9.155168533325195,
          "acoustic_entropy_side": 9.291077613830566,
          "hz": 9016.43338188839
        },
        {
          "acoustic_entropy": 9.199210166931152,
          "acoustic_entropy_side": 9.318680763244629,
          "hz": 9876.909183162974
        },
        {
          "acoustic_entropy": 9.209772109985352,
          "acoustic_entropy_side": 9.282164573669434,
          "hz": 10813.587699516042
        },
        {
          "acoustic_entropy": 9.343253135681152,
          "acoustic_entropy_side": 9.344648361206055,
          "hz": 11833.21735289826
        },
        {
          "acoustic_entropy": 9.305464744567871,
          "acoustic_entropy_side": 9.300348281860352,
          "hz": 12943.144197493959
        },
        {
          "acoustic_entropy": 9.230341911315918,
          "acoustic_entropy_side": 9.328998565673828,
          "hz": 14151.364845322005
        },
        {
          "acoustic_entropy": 9.127229690551758,
          "acoustic_entropy_side": 9.305530548095703,
          "hz": 15466.58407886509
        },
        {
          "acoustic_entropy": 9.302465438842773,
          "acoustic_entropy_side": 9.310937881469727,
          "hz": 16898.27756580493
        },
        {
          "acoustic_entropy": 9.326119422912598,
          "acoustic_entropy_side": 9.314748764038086,
          "hz": 18456.760127700032
        },
        {
          "acoustic_entropy": 9.30520248413086,
          "acoustic_entropy_side": 9.302971839904785,
          "hz": 20153.260054456492
        },
        {
          "acoustic_entropy": 9.26834774017334,
          "acoustic_entropy_side": 9.29951286315918,
          "hz": 22000.00000000001
        }
      ],
      "diff_acoustic_entropy": 11.947664260864258,
      "sn": 12
    },
    {
      "acoustic_entropy": 14.63802433013916,
      "acoustic_entropy_mono": 12.484251976013184,
      "band_eliminated_acoustic_entropies": [
        {
          "acoustic_entropy": 14.75986099243164,
          "acoustic_entropy_side": 14.527250289916992,
          "hz": 129.47220167065723
        },
        {
          "acoustic_entropy": 14.60904312133789,
          "acoustic_entropy_side": 14.398544311523438,
          "hz": 202.92927478742237
        },
        {
          "acoustic_entropy": 15.350224494934082,
          "acoustic_entropy_side": 15.337821960449219,
          "hz": 282.89161906338205
        },
        {
          "acoustic_entropy": 14.29804515838623,
          "acoustic_entropy_side": 13.794787406921387,
          "hz": 369.9353335868758
        },
        {
          "acoustic_entropy": 14.134289741516113,
          "acoustic_entropy_side": 14.583168029785156,
          "hz": 464.6875360973435
        },
        {
          "acoustic_entropy": 14.428072929382324,
          "acoustic_entropy_side": 14.635801315307617,
          "hz": 567.8308811364784
        },
        {
          "acoustic_entropy": 13.827627182006836,
          "acoustic_entropy_side": 14.452298164367676,
          "hz": 680.1084783214808
        },
        {
          "acoustic_entropy": 14.293553352355957,
          "acoustic_entropy_side": 14.87488842010498,
          "hz": 802.3292461747484
        },
        {
          "acoustic_entropy": 14.382810592651367,
          "acoustic_entropy_side": 14.332930564880371,
          "hz": 935.3737400823702
        },
        {
          "acoustic_entropy": 14.422560691833496,
          "acoustic_entropy_side": 14.64684772491455,
          "hz": 1080.2004963696966
        },
        {
          "acoustic_entropy": 14.074695587158203,
          "acoustic_entropy_side": 14.571593284606934,
          "hz": 1237.8529382007157
        },
        {
          "acoustic_entropy": 14.947132110595703,
          "acoustic_entropy_side": 14.586557388305664,
          "hz": 1409.4668930556702
        },
        {
          "acoustic_entropy": 13.806398391723633,
          "acoustic_entropy_side": 14.528918266296387,
          "hz": 1596.2787759475705
        },
        {
          "acoustic_entropy": 14.89312744140625,
          "acoustic_entropy_side": 14.851959228515625,
          "hz": 1799.6344973346393
        },
        {
          "acoustic_entropy": 13.903181076049805,
          "acoustic_entropy_side": 14.592784881591797,
          "hz": 2020.9991599069049
        },
        {
          "acoustic_entropy": 14.712838172912598,
          "acoustic_entropy_side": 14.692578315734863,
          "hz": 2261.9676141086993
        },
        {
          "acoustic_entropy": 14.824119567871094,
          "acoustic_entropy_side": 14.830862045288086,
          "hz": 2524.2759484456974
        },
        {
          "acoustic_entropy": 15.0123872756958,
          "acoustic_entropy_side": 14.876313209533691,
          "hz": 2809.813997359896
        },
        {
          "acoustic_entropy": 14.387535095214844,
          "acoustic_entropy_side": 14.667279243469238,
          "hz": 3120.6389567871424
        },
        {
