{
  "acoustic_entropy": 201.33871459960938,
  "bands": [
    {
      "high_freq": 148.1999969482422,
      "loudness": -36.77711868286133,
      "loudness_range": 12.088815689086914,
      "mid_mean": -35.178977966308594,
      "mid_to_side_loudness": -2.928039789199829,
      "mid_to_side_loudness_range": 7.8461198806762695,
      "side_mean": -37.93739700317383
    },
    {
      "high_freq": 392.3793640136719,
      "loudness": -29.007282257080078,
      "loudness_range": 10.828350067138672,
      "low_freq": 148.1999969482422,
      "mid_mean": -27.483993530273438,
      "mid_to_side_loudness": -2.113679885864258,
      "mid_to_side_loudness_range": 4.85887336730957,
      "side_mean": -29.703691482543945
    },
    {
      "high_freq": 794.6976318359375,
      "loudness": -32.604469299316406,
      "loudness_range": 17.168048858642578,
      "low_freq": 392.3793640136719,
      "mid_mean": -31.193117141723633,
      "mid_to_side_loudness": -2.023510456085205,
      "mid_to_side_loudness_range": 4.736601829528809,
      "side_mean": -33.18775939941406
    },
    {
      "high_freq": 1457.5709228515625,
      "loudness": -28.93857765197754,
      "loudness_range": 14.355712890625,
      "low_freq": 794.6976318359375,
      "mid_mean": -27.28988265991211,
      "mid_to_side_loudness": -2.9208874702453613,
      "mid_to_side_loudness_range": 5.742115020751953,
      "side_mean": -29.919387817382812
    },
    {
      "high_freq": 2549.74365234375,
      "loudness": -32.72467803955078,
      "loudness_range": 17.77248191833496,
      "low_freq": 1457.5709228515625,
      "mid_mean": -31.09099006652832,
      "mid_to_side_loudness": -2.4411652088165283,
      "mid_to_side_loudness_range": 3.4559216499328613,
      "side_mean": -33.53566360473633
    },
    {
      "high_freq": 4349.24462890625,
      "loudness": -35.23979568481445,
      "loudness_range": 15.419511795043945,
      "low_freq": 2549.74365234375,
      "mid_mean": -33.69975280761719,
      "mid_to_side_loudness": -2.2287228107452393,
      "mid_to_side_loudness_range": 3.6444942951202393,
      "side_mean": -35.98505401611328
    },
    {
      "high_freq": 7314.1640625,
      "loudness": -40.587257385253906,
      "loudness_range": 11.502616882324219,
      "low_freq": 4349.24462890625,
      "mid_mean": -39.209407806396484,
      "mid_to_side_loudness": -1.8217538595199585,
      "mid_to_side_loudness_range": 2.2595293521881104,
      "side_mean": -40.856163024902344
    },
    {
      "high_freq": 12199.2666015625,
      "loudness": -42.38108825683594,
      "loudness_range": 11.018169403076172,
      "low_freq": 7314.1640625,
      "mid_mean": -41.084285736083984,
      "mid_to_side_loudness": -1.5118536949157715,
      "mid_to_side_loudness_range": 1.760521411895752,
      "side_mean": -42.55168533325195
    },
    {
      "loudness": -51.504947662353516,
      "loudness_range": 11.781879425048828,
      "low_freq": 12199.2666015625,
      "mid_mean": -50.49976348876953,
      "mid_to_side_loudness": -0.4889790713787079,
      "mid_to_side_loudness_range": 1.1839873790740967,
      "side_mean": -50.97429656982422
    }
  ],
  "bands_short": [
    {
      "high_freq": 148.1999969482422,
      "loudness": -40.10645294189453,
      "loudness_range": 15.328086853027344,
      "mid_mean": -39.173763275146484,
      "mid_to_side_loudness": -2.9456326961517334,
      "mid_to_side_loudness_range": 16.536340713500977,
      "side_mean": -41.79945373535156
    },
    {
      "high_freq": 392.3793640136719,
      "loudness": -29.590171813964844,
      "loudness_range": 11.773740768432617,
      "low_freq": 148.1999969482422,
      "mid_mean": -28.328323364257812,
      "mid_to_side_loudness": -2.066030740737915,
      "mid_to_side_loudness_range": 8.516528129577637,
      "side_mean": -30.340490341186523
    },
    {
      "high_freq": 794.6976318359375,
      "loudness": -32.729698181152344,
      "loudness_range": 20.163528442382812,
      "low_freq": 392.3793640136719,
      "mid_mean": -31.4371280670166,
      "mid_to_side_loudness": -2.146497964859009,
      "mid_to_side_loudness_range": 9.324173927307129,
      "side_mean": -33.55080795288086
    },
    {
      "high_freq": 1457.5709228515625,
      "loudness": -29.485090255737305,
      "loudness_range": 16.651260375976562,
      "low_freq": 794.6976318359375,
      "mid_mean": -28.143041610717773,
      "mid_to_side_loudness": -2.776945114135742,
      "mid_to_side_loudness_range": 9.49058723449707,
      "side_mean": -30.771638870239258
    },
    {
      "high_freq": 2549.74365234375,
      "loudness": -33.36445617675781,
      "loudness_range": 20.399635314941406,
      "low_freq": 1457.5709228515625,
      "mid_mean": -31.90180015563965,
      "mid_to_side_loudness": -2.4077324867248535,
      "mid_to_side_loudness_range": 7.001312732696533,
      "side_mean": -34.318443298339844
    },
    {
      "high_freq": 4349.24462890625,
      "loudness": -35.92479705810547,
      "loudness_range": 18.453907012939453,
      "low_freq": 2549.74365234375,
      "mid_mean": -34.44400405883789,
      "mid_to_side_loudness": -2.099557638168335,
      "mid_to_side_loudness_range": 5.717432498931885,
      "side_mean": -36.54539108276367
    },
    {
      "high_freq": 7314.1640625,
      "loudness": -41.399879455566406,
      "loudness_range": 15.484050750732422,
      "low_freq": 4349.24462890625,
      "mid_mean": -40.055240631103516,
      "mid_to_side_loudness": -1.6830227375030518,
      "mid_to_side_loudness_range": 4.048338413238525,
      "side_mean": -41.7087287902832
    },
    {
      "high_freq": 12199.2666015625,
      "loudness": -44.061405181884766,
      "loudness_range": 17.37179183959961,
      "low_freq": 7314.1640625,
      "mid_mean": -42.848880767822266,
      "mid_to_side_loudness": -1.380829095840454,
      "mid_to_side_loudness_range": 2.536175012588501,
      "side_mean": -44.304317474365234
    },
    {
      "loudness": -53.406009674072266,
      "loudness_range": 20.875579833984375,
      "low_freq": 12199.2666015625,
      "mid_mean": -52.25210189819336,
      "mid_to_side_loudness": -0.3909163773059845,
      "mid_to_side_loudness_range": 2.301920175552368,
      "side_mean": -52.629459381103516
    }
  ],
  "bandwidth": 795.9251098632812,
  "channels": 2,
  "covariance": [
    [
      22.434864044189453,
      16.710721969604492,
      8.198490142822266,
      7.925751686096191,
      14.07003116607666,
      14.745370864868164,
      3.9459502696990967,
      3.6862220764160156,
      15.04589557647705,
      11.50973892211914,
      13.420432090759277,
      13.442951202392578,
      12.18653678894043,
      11.333169937133789,
      12.727121353149414,
      11.459298133850098,
      12.521393775939941,
      12.759944915771484
    ],
    [
      16.710721969604492,
      21.110239028930664,
      7.080632209777832,
      8.282068252563477,
      16.966665267944336,
      16.991073608398438,
      2.6680610179901123,
      4.76137638092041,
      16.041107177734375,
      14.400710105895996,
      14.884831428527832,
      16.23457145690918,
      12.160935401916504,
      13.078750610351562,
      11.188224792480469,
      13.613944053649902,
      12.908670425415039,
      12.881258010864258
    ],
    [
      8.198490142822266,
      7.080632209777832,
      19.49831199645996,
      15.264822959899902,
      18.142148971557617,
      18.326135635375977,
      9.867844581604004,
      10.227933883666992,
      16.928043365478516,
      15.28175163269043,
      14.268783569335938,
      15.189340591430664,
      14.438400268554688,
      14.290306091308594,
      12.022313117980957,
      10.967229843139648,
      9.109780311584473,
      9.077176094055176
    ],
    [
      7.925751686096191,
      8.282068252563477,
      15.264822959899902,
      21.131654739379883,
      20.63330841064453,
      19.708026885986328,
      12.632049560546875,
      13.011428833007812,
      18.732864379882812,
      17.543981552124023,
      15.868460655212402,
      16.848873138427734,
      16.218692779541016,
      16.238080978393555,
      12.277008056640625,
      12.889546394348145,
      9.433022499084473,
      10.139404296875
    ],
    [
      14.07003116607666,
      16.966665267944336,
      18.142148971557617,
      20.63330841064453,
      45.26322555541992,
      41.67873764038086,
      16.001724243164062,
      18.62962532043457,
      36.186485290527344,
      34.522159576416016,
      31.74125862121582,
      35.13907241821289,
      27.33220863342285,
      28.387754440307617,
      20.37616729736328,
      22.675975799560547,
      18.562442779541016,
      19.46599006652832
    ],
    [
      14.745370864868164,
      16.991073608398438,
      18.326135635375977,
      19.708026885986328,
      41.67873764038086,
      43.8819465637207,
      13.841172218322754,
      17.61919403076172,
      35.046875,
      34.182891845703125,
      30.80790901184082,
      35.38616180419922,
      26.56890869140625,
      28.206235885620117,
      20.2510986328125,
      23.30837631225586,
      19.03534507751465,
      19.460506439208984
    ],
    [
      3.9459502696990967,
      2.6680610179901123,
      9.867844581604004,
      12.632049560546875,
      16.001724243164062,
      13.841172218322754,
      37.25582504272461,
      30.33229637145996,
      29.440696716308594,
      27.921545028686523,
      20.98676872253418,
      21.106359481811523,
      13.065030097961426,
      13.53037166595459,
      7.008718490600586,
      6.146868705749512,
      4.6752519607543945,
      5.993299961090088
    ],
    [
      3.6862220764160156,
      4.76137638092041,
      10.227933883666992,
      13.011428833007812,
      18.62962532043457,
      17.61919403076172,
      30.33229637145996,
      32.10612106323242,
      28.703350067138672,
      27.92563819885254,
      23.20684051513672,
      24.257587432861328,
      13.259310722351074,
      14.337300300598145,
      7.067304611206055,
      7.3127264976501465,
      4.685995578765869,
      4.850162982940674
    ],
    [
      15.04589557647705,
      16.041107177734375,
      16.928043365478516,
      18.732864379882812,
      36.186485290527344,
      35.046875,
      29.440696716308594,
      28.703350067138672,
      49.08677673339844,
      44.15476989746094,
      36.16474533081055,
      38.49809646606445,
      24.688295364379883,
      25.89625358581543,
      17.6134090423584,
      18.765586853027344,
      16.734514236450195,
      17.531476974487305
    ],
    [
      11.50973892211914,
      14.400710105895996,
      15.28175163269043,
      17.543981552124023,
      34.522159576416016,
      34.182891845703125,
      27.921545028686523,
      27.92563819885254,
      44.15476989746094,
      45.64415740966797,
      33.765018463134766,
      38.21842575073242,
      23.449893951416016,
      27.06719970703125,
      14.04116153717041,
      17.98067855834961,
      13.965649604797363,
      14.988972663879395
    ],
    [
      13.420432090759277,
      14.884831428527832,
      14.268783569335938,
      15.868460655212402,
      31.74125862121582,
      30.80790901184082,
      20.98676872253418,
      23.20684051513672,
      36.16474533081055,
      33.765018463134766,
      34.789180755615234,
      34.94590377807617,
      22.92613410949707,
      23.05906867980957,
      16.7845516204834,
      17.979589462280273,
      16.481496810913086,
      16.754545211791992
    ],
    [
      13.442951202392578,
      16.23457145690918,
      15.189340591430664,
      16.848873138427734,
      35.13907241821289,
      35.38616180419922,
      21.106359481811523,
      24.257587432861328,
      38.49809646606445,
      38.21842575073242,
      34.94590377807617,
      40.57746887207031,
      23.607999801635742,
      26.26198387145996,
      16.307222366333008,
      19.933134078979492,
      17.436203002929688,
      18.0446720123291
    ],
    [
      12.18653678894043,
      12.160935401916504,
      14.438400268554688,
      16.218692779541016,
      27.33220863342285,
      26.56890869140625,
      13.065030097961426,
      13.259310722351074,
      24.688295364379883,
      23.449893951416016,
      22.92613410949707,
      23.607999801635742,
      22.06553077697754,
      20.88815689086914,
      17.54781150817871,
      17.182035446166992,
      15.42990779876709,
      15.967330932617188
    ],
    [
      11.333169937133789,
      13.078750610351562,
      14.290306091308594,
      16.238080978393555,
      28.387754440307617,
      28.206235885620117,
      13.53037166595459,
      14.337300300598145,
      25.89625358581543,
      27.06719970703125,
      23.05906867980957,
      26.26198387145996,
      20.88815689086914,
      24.32180404663086,
      15.09406852722168,
      17.690357208251953,
      14.179831504821777,
      15.187522888183594
    ],
    [
      12.727121353149414,
      11.188224792480469,
      12.022313117980957,
      12.277008056640625,
      20.37616729736328,
      20.2510986328125,
      7.008718490600586,
      7.067304611206055,
      17.6134090423584,
      14.04116153717041,
      16.7845516204834,
      16.307222366333008,
      17.54781150817871,
      15.09406852722168,
      18.81363868713379,
      15.982864379882812,
      17.31939125061035,
      17.00740623474121
    ],
    [
      11.459298133850098,
      13.613944053649902,
      10.967229843139648,
      12.889546394348145,
      22.675975799560547,
      23.30837631225586,
      6.146868705749512,
      7.3127264976501465,
      18.765586853027344,
      17.98067855834961,
      17.979589462280273,
      19.933134078979492,
      17.182035446166992,
      17.690357208251953,
      15.982864379882812,
      19.41954231262207,
      17.29926300048828,
      17.549713134765625
    ],
    [
      12.521393775939941,
      12.908670425415039,
      9.109780311584473,
      9.433022499084473,
      18.562442779541016,
      19.03534507751465,
      4.6752519607543945,
      4.685995578765869,
      16.734514236450195,
      13.965649604797363,
      16.481496810913086,
      17.436203002929688,
      15.42990779876709,
      14.179831504821777,
      17.31939125061035,
      17.29926300048828,
      34.39757537841797,
      33.81412124633789
    ],
    [
      12.759944915771484,
      12.881258010864258,
      9.077176094055176,
      10.139404296875,
      19.46599006652832,
      19.460506439208984,
      5.993299961090088,
      4.850162982940674,
      17.531476974487305,
      14.988972663879395,
      16.754545211791992,
      18.0446720123291,
      15.967330932617188,
      15.187522888183594,
      17.00740623474121,
      17.549713134765625,
      33.81412124633789,
      33.96067428588867
    ]
  ],
  "covariance_short": [
    [
      39.5784912109375,
      20.79203224182129,
      10.974081993103027,
      8.416119575500488,
      13.627470016479492,
      13.215192794799805,
      2.4413373470306396,
      3.5582845211029053,
      10.969803810119629,
      9.595942497253418,
      11.313058853149414,
      12.205098152160645,
      10.362043380737305,
      10.300148010253906,
      9.369823455810547,
      9.99307918548584,
      8.752178192138672,
      9.105924606323242
    ],
    [
      20.79203224182129,
      37.28681564331055,
      9.447129249572754,
      10.031086921691895,
      16.05738067626953,
      15.427725791931152,
      4.393428802490234,
      7.1251397132873535,
      13.850082397460938,
      12.546895980834961,
      14.523554801940918,
      15.529313087463379,
      12.127196311950684,
      12.702920913696289,
      11.714201927185059,
      11.98900032043457,
      10.742124557495117,
      10.82335090637207
    ],
    [
      10.974081993103027,
      9.447129249572754,
      25.0044002532959,
      17.73257827758789,
      22.505176544189453,
      22.221961975097656,
      12.976594924926758,
      12.57538890838623,
      18.296091079711914,
      18.00518798828125,
      17.238962173461914,
      17.639240264892578,
      18.146385192871094,
      18.355892181396484,
      17.090009689331055,
      17.145841598510742,
      14.12846851348877,
      14.182551383972168
    ],
    [
      8.416119575500488,
      10.031086921691895,
      17.73257827758789,
      24.276103973388672,
      21.541366577148438,
      22.18467140197754,
      13.256114959716797,
      13.244407653808594,
      17.950456619262695,
      18.349498748779297,
      16.823925018310547,
      17.969417572021484,
      17.92719078063965,
      18.45180320739746,
      16.32499122619629,
      17.097789764404297,
      13.492473602294922,
      13.758320808410645
    ],
    [
      13.627470016479492,
      16.05738067626953,
      22.505176544189453,
      21.541366577148438,
      55.445926666259766,
      47.612083435058594,
      24.16457748413086,
      25.744714736938477,
      41.30788040161133,
      39.9997673034668,
      37.78494644165039,
      39.701080322265625,
      34.918739318847656,
      35.39445495605469,
      30.532590866088867,
      31.546266555786133,
      24.75974464416504,
      25.429229736328125
    ],
    [
      13.215192794799805,
      15.427725791931152,
      22.221961975097656,
      22.18467140197754,
      47.612083435058594,
      54.390777587890625,
      22.474830627441406,
      24.76540756225586,
      39.261817932128906,
      40.19883346557617,
      35.94237518310547,
      39.26791000366211,
      34.621421813964844,
      36.58110427856445,
      31.397689819335938,
      33.129661560058594,
      26.006465911865234,
      26.525259017944336
    ],
    [
      2.4413373470306396,
      4.393428802490234,
      12.976594924926758,
      13.256114959716797,
      24.16457748413086,
      22.474830627441406,
      47.612491607666016,
      37.18365478515625,
      36.68787384033203,
      35.45095443725586,
      29.202939987182617,
      29.183210372924805,
      20.7653751373291,
      21.96885108947754,
      14.82522201538086,
      15.7891845703125,
      13.231025695800781,
      14.077738761901855
    ],
    [
      3.5582845211029053,
      7.1251397132873535,
      12.57538890838623,
      13.244407653808594,
      25.744714736938477,
      24.76540756225586,
      37.18365478515625,
      42.47765350341797,
      34.900848388671875,
      34.63761901855469,
      30.53502082824707,
      31.276954650878906,
      20.681640625,
      21.988664627075195,
      15.534746170043945,
      15.766231536865234,
      13.2362642288208,
      13.53431510925293
    ],
    [
      10.969803810119629,
      13.850082397460938,
      18.296091079711914,
      17.950456619262695,
      41.30788040161133,
      39.261817932128906,
      36.68787384033203,
      34.900848388671875,
      56.64357376098633,
      50.363311767578125,
      41.73988723754883,
      42.6821174621582,
      32.67689514160156,
      34.4886360168457,
      26.097675323486328,
      27.287776947021484,
      22.116214752197266,
      23.300533294677734
    ],
    [
      9.595942497253418,
      12.546895980834961,
      18.00518798828125,
      18.349498748779297,
      39.9997673034668,
      40.19883346557617,
      35.45095443725586,
      34.63761901855469,
      50.363311767578125,
      53.89154815673828,
      39.979801177978516,
      42.60091781616211,
      32.32483673095703,
      34.67059326171875,
      26.57802391052246,
      27.564538955688477,
      22.743955612182617,
      23.375835418701172
    ],
    [
      11.313058853149414,
      14.523554801940918,
      17.238962173461914,
      16.823925018310547,
      37.78494644165039,
      35.94237518310547,
      29.202939987182617,
      30.53502082824707,
      41.73988723754883,
      39.979801177978516,
      44.241939544677734,
      41.867332458496094,
      31.63468360900879,
      32.013641357421875,
      27.322153091430664,
      28.388446807861328,
      24.04291534423828,
      24.740266799926758
    ],
    [
      12.205098152160645,
      15.529313087463379,
      17.639240264892578,
      17.969417572021484,
      39.701080322265625,
      39.26791000366211,
      29.183210372924805,
      31.276954650878906,
      42.6821174621582,
      42.60091781616211,
      41.867332458496094,
      46.648860931396484,
      32.46596145629883,
      34.24702072143555,
      28.130352020263672,
      29.291744232177734,
      24.391176223754883,
      24.934213638305664
    ],
    [
      10.362043380737305,
      12.127196311950684,
      18.146385192871094,
      17.92719078063965,
      34.918739318847656,
      34.621421813964844,
      20.7653751373291,
      20.681640625,
      32.67689514160156,
      32.32483673095703,
      31.63468360900879,
      32.46596145629883,
      34.4266357421875,
      33.13711166381836,
      33.26802444458008,
      33.5627555847168,
      28.96369171142578,
      29.11639404296875
    ],
    [
      10.300148010253906,
      12.702920913696289,
      18.355892181396484,
      18.45180320739746,
      35.39445495605469,
      36.58110427856445,
      21.96885108947754,
      21.988664627075195,
      34.4886360168457,
      34.67059326171875,
      32.013641357421875,
      34.24702072143555,
      33.13711166381836,
      36.862491607666016,
      31.86873435974121,
      33.204376220703125,
      27.837495803833008,
      28.54549789428711
    ],
    [
      9.369823455810547,
      11.714201927185059,
      17.090009689331055,
      16.32499122619629,
      30.532590866088867,
      31.397689819335938,
      14.82522201538086,
      15.534746170043945,
      26.097675323486328,
      26.57802391052246,
      27.322153091430664,
      28.130352020263672,
      33.26802444458008,
      31.86873435974121,
      42.60456848144531,
      40.993927001953125,
      37.33195495605469,
      36.514461517333984
    ],
    [
      9.99307918548584,
      11.98900032043457,
      17.145841598510742,
      17.097789764404297,
      31.546266555786133,
      33.129661560058594,
      15.7891845703125,
      15.766231536865234,
      27.287776947021484,
      27.564538955688477,
      28.388446807861328,
      29.291744232177734,
      33.5627555847168,
      33.204376220703125,
      40.993927001953125,
      43.54625701904297,
      37.35531234741211,
      37.297916412353516
    ],
    [
      8.752178192138672,
      10.742124557495117,
      14.12846851348877,
      13.492473602294922,
      24.75974464416504,
      26.006465911865234,
      13.231025695800781,
      13.2362642288208,
      22.116214752197266,
      22.743955612182617,
      24.04291534423828,
      24.391176223754883,
      28.96369171142578,
      27.837495803833008,
      37.33195495605469,
      37.35531234741211,
      48.33976745605469,
      47.04543685913086
    ],
    [
      9.105924606323242,
      10.82335090637207,
      14.182551383972168,
      13.758320808410645,
      25.429229736328125,
      26.525259017944336,
      14.077738761901855,
      13.53431510925293,
      23.300533294677734,
      23.375835418701172,
      24.740266799926758,
      24.934213638305664,
      29.11639404296875,
      28.54549789428711,
      36.514461517333984,
      37.297916412353516,
      47.04543685913086,
      46.795719146728516
    ]
  ],
  "damage": -14.12929916381836,
  "diff_bandwidth": 838.29296875,
  "dissonance": 9.33697699808014,
  "drr": 0.7029864192008972,
  "dynamics": 3.5864100456237793,
  "format": 1245190,
  "frames": 2502592,
  "loudness": -19.232629776000977,
  "loudness_range": 8.786273002624512,
  "loudness_range_short": 12.070554733276367,
  "lowpass_true_peak_15khz": -3.74426007270813,
  "mastering3_acoustic_entropies": [
    {
      "acoustic_entropy": 6.641863822937012,
      "acoustic_entropy_mono": 6.3551788330078125,
      "band_eliminated_acoustic_entropies": [
        {
          "acoustic_entropy": 6.637282371520996,
          "acoustic_entropy_side": 6.640397548675537,
          "hz": 129.47220167065723
        },
        {
          "acoustic_entropy": 6.589928150177002,
          "acoustic_entropy_side": 6.637058258056641,
          "hz": 202.92927478742237
        },
        {
          "acoustic_entropy": 6.548986434936523,
          "acoustic_entropy_side": 6.363162994384766,
          "hz": 282.89161906338205
        },
        {
          "acoustic_entropy": 6.4259562492370605,
          "acoustic_entropy_side": 6.625439643859863,
          "hz": 369.9353335868758
        },
        {
          "acoustic_entropy": 6.245368480682373,
          "acoustic_entropy_side": 6.80954122543335,
          "hz": 464.6875360973435
        },
        {
          "acoustic_entropy": 6.3059773445129395,
          "acoustic_entropy_side": 6.018112659454346,
          "hz": 567.8308811364784
        },
        {
          "acoustic_entropy": 6.726729869842529,
          "acoustic_entropy_side": 6.603425979614258,
          "hz": 680.1084783214808
        },
        {
          "acoustic_entropy": 6.511285305023193,
          "acoustic_entropy_side": 6.601081371307373,
          "hz": 802.3292461747484
        },
        {
          "acoustic_entropy": 6.999599933624268,
          "acoustic_entropy_side": 6.9212541580200195,
          "hz": 935.3737400823702
        },
        {
          "acoustic_entropy": 6.660717487335205,
          "acoustic_entropy_side": 6.586194038391113,
          "hz": 1080.2004963696966
        },
        {
          "acoustic_entropy": 6.587698936462402,
          "acoustic_entropy_side": 6.68891716003418,
          "hz": 1237.8529382007157
        },
        {
          "acoustic_entropy": 6.8336381912231445,
          "acoustic_entropy_side": 6.887421131134033,
          "hz": 1409.4668930556702
        },
        {
          "acoustic_entropy": 6.404382228851318,
          "acoustic_entropy_side": 6.247198581695557,
          "hz": 1596.2787759475705
        },
        {
          "acoustic_entropy": 7.085666656494141,
          "acoustic_entropy_side": 6.66154146194458,
          "hz": 1799.6344973346393
        },
        {
          "acoustic_entropy": 6.937504291534424,
          "acoustic_entropy_side": 6.79744815826416,
          "hz": 2020.9991599069049
        },
        {
          "acoustic_entropy": 6.756933689117432,
          "acoustic_entropy_side": 6.747051239013672,
          "hz": 2261.9676141086993
        },
        {
          "acoustic_entropy": 6.669410228729248,
          "acoustic_entropy_side": 6.538008689880371,
          "hz": 2524.2759484456974
        },
        {
          "acoustic_entropy": 6.698220729827881,
          "acoustic_entropy_side": 6.594175338745117,
          "hz": 2809.813997359896
        },
        {
          "acoustic_entropy": 6.744507789611816,
          "acoustic_entropy_side": 6.711086273193359,
          "hz": 3120.6389567871424
        },
        {
          "acoustic_entropy": 6.585971832275391,
          "acoustic_entropy_side": 6.355690956115723,
          "hz": 3458.990205492291
        },
        {
          "acoustic_entropy": 6.227194309234619,
          "acoustic_entropy_side": 6.47625207901001,
          "hz": 3827.305438964164
        },
        {
          "acoustic_entropy": 6.676942348480225,
          "acoustic_entropy_side": 6.658365726470947,
          "hz": 4228.238232109126
        },
        {
          "acoustic_entropy": 6.6328558921813965,
          "acoustic_entropy_side": 6.639832019805908,
          "hz": 4664.6771572759235
        },
        {
          "acoustic_entropy": 6.656192302703857,
          "acoustic_entropy_side": 6.642122745513916,
          "hz": 5139.766595350093
        },
        {
          "acoustic_entropy": 6.635800838470459,
          "acoustic_entropy_side": 6.643749713897705,
          "hz": 5656.929389854203
        },
        {
          "acoustic_entropy": 6.6358160972595215,
          "acoustic_entropy_side": 6.644774913787842,
          "hz": 6219.891507268283
        },
        {
          "acoustic_entropy": 6.6460723876953125,
          "acoustic_entropy_side": 6.642323017120361,
          "hz": 6832.70888123896
        },
        {
          "acoustic_entropy": 6.649068832397461,
          "acoustic_entropy_side": 6.644212245941162,
          "hz": 7499.796634079867
        },
        {
          "acoustic_entropy": 6.64980936050415,
          "acoustic_entropy_side": 6.646728992462158,
          "hz": 8225.96088609342
        },
        {
          "acoustic_entropy": 6.626705646514893,
          "acoustic_entropy_side": 6.653007507324219,
          "hz": 9016.43338188839
        },
        {
          "acoustic_entropy": 6.586589336395264,
          "acoustic_entropy_side": 6.644085884094238,
          "hz": 9876.909183162974
        },
        {
          "acoustic_entropy": 6.585172176361084,
          "acoustic_entropy_side": 6.646052360534668,
          "hz": 10813.587699516042
        },
        {
          "acoustic_entropy": 6.585759162902832,
          "acoustic_entropy_side": 6.649208068847656,
          "hz": 11833.21735289826
        },
        {
          "acoustic_entropy": 6.592015266418457,
          "acoustic_entropy_side": 6.648375988006592,
          "hz": 12943.144197493959
        },
        {
          "acoustic_entropy": 6.59438419342041,
          "acoustic_entropy_side": 6.6447834968566895,
          "hz": 14151.364845322005
        },
        {
          "acoustic_entropy": 6.62007999420166,
          "acoustic_entropy_side": 6.646666526794434,
          "hz": 15466.58407886509
        },
        {
          "acoustic_entropy": 6.652405738830566,
          "acoustic_entropy_side": 6.649363040924072,
          "hz": 16898.27756580493
        },
        {
          "acoustic_entropy": 6.647085666656494,
          "acoustic_entropy_side": 6.644538402557373,
          "hz": 18456.760127700032
        },
        {
          "acoustic_entropy": 6.642725944519043,
          "acoustic_entropy_side": 6.642268657684326,
          "hz": 20153.260054456492
        },
        {
          "acoustic_entropy": 6.641900539398193,
          "acoustic_entropy_side": 6.641879558563232,
          "hz": 22000.00000000001
        }
      ],
      "diff_acoustic_entropy": 5.636325836181641,
      "sn": 6
    },
    {
      "acoustic_entropy": 10.096528053283691,
      "acoustic_entropy_mono": 10.029498100280762,
      "band_eliminated_acoustic_entropies": [
        {
          "acoustic_entropy": 10.105749130249023,
          "acoustic_entropy_side": 10.109889030456543,
          "hz": 129.47220167065723
        },
        {
          "acoustic_entropy": 10.103432655334473,
          "acoustic_entropy_side": 10.195413589477539,
          "hz": 202.92927478742237
        },
        {
          "acoustic_entropy": 10.263005256652832,
          "acoustic_entropy_side": 9.841825485229492,
          "hz": 282.89161906338205
        },
        {
          "acoustic_entropy": 10.103178977966309,
          "acoustic_entropy_side": 9.988604545593262,
          "hz": 369.9353335868758
        },
        {
          "acoustic_entropy": 9.853324890136719,
          "acoustic_entropy_side": 10.437631607055664,
          "hz": 464.6875360973435
        },
        {
          "acoustic_entropy": 9.383995056152344,
          "acoustic_entropy_side": 9.938079833984375,
          "hz": 567.8308811364784
        },
        {
          "acoustic_entropy": 10.564847946166992,
          "acoustic_entropy_side": 10.363946914672852,
          "hz": 680.1084783214808
        },
        {
          "acoustic_entropy": 10.028532028198242,
          "acoustic_entropy_side": 10.13311767578125,
          "hz": 802.3292461747484
        },
        {
          "acoustic_entropy": 10.332139015197754,
          "acoustic_entropy_side": 10.187138557434082,
          "hz": 935.3737400823702
        },
        {
          "acoustic_entropy": 9.53112506866455,
          "acoustic_entropy_side": 9.93265151977539,
          "hz": 1080.2004963696966
        },
        {
          "acoustic_entropy": 10.38851547241211,
          "acoustic_entropy_side": 10.393101692199707,
          "hz": 1237.8529382007157
        },
        {
          "acoustic_entropy": 10.117377281188965,
          "acoustic_entropy_side": 10.025529861450195,
          "hz": 1409.4668930556702
        },
        {
          "acoustic_entropy": 9.713159561157227,
          "acoustic_entropy_side": 9.87060832977295,
          "hz": 1596.2787759475705
        },
        {
          "acoustic_entropy": 9.745670318603516,
          "acoustic_entropy_side": 10.330626487731934,
          "hz": 1799.6344973346393
        },
        {
          "acoustic_entropy": 10.296046257019043,
          "acoustic_entropy_side": 10.145962715148926,
          "hz": 2020.9991599069049
        },
        {
          "acoustic_entropy": 10.132792472839355,
          "acoustic_entropy_side": 10.148889541625977,
          "hz": 2261.9676141086993
        },
        {
          "acoustic_entropy": 10.259490966796875,
          "acoustic_entropy_side": 10.085519790649414,
          "hz": 2524.2759484456974
        },
        {
          "acoustic_entropy": 10.178101539611816,
          "acoustic_entropy_side": 10.04908275604248,
          "hz": 2809.813997359896
        },
        {
          "acoustic_entropy": 9.972870826721191,
          "acoustic_entropy_side": 10.121512413024902,
          "hz": 3120.6389567871424
        },
        {
          "acoustic_entropy": 9.961722373962402,
          "acoustic_entropy_side": 10.196857452392578,
          "hz": 3458.990205492291
        },
        {
          "acoustic_entropy": 9.811250686645508,
          "acoustic_entropy_side": 9.96036148071289,
          "hz": 3827.305438964164
        },
        {
          "acoustic_entropy": 10.161588668823242,
          "acoustic_entropy_side": 10.13646125793457,
          "hz": 4228.238232109126
        },
        {
          "acoustic_entropy": 10.109977722167969,
          "acoustic_entropy_side": 10.113781929016113,
          "hz": 4664.6771572759235
        },
        {
          "acoustic_entropy": 10.147602081298828,
          "acoustic_entropy_side": 10.114113807678223,
          "hz": 5139.766595350093
        },
        {
          "acoustic_entropy": 10.095333099365234,
          "acoustic_entropy_side": 10.091628074645996,
          "hz": 5656.929389854203
        },
        {
          "acoustic_entropy": 10.101686477661133,
          "acoustic_entropy_side": 10.096552848815918,
          "hz": 6219.891507268283
        },
        {
          "acoustic_entropy": 10.082845687866211,
          "acoustic_entropy_side": 10.092260360717773,
          "hz": 6832.70888123896
        },
        {
          "acoustic_entropy": 10.07713794708252,
          "acoustic_entropy_side": 10.091724395751953,
          "hz": 7499.796634079867
        },
        {
          "acoustic_entropy": 10.085494995117188,
          "acoustic_entropy_side": 10.10012149810791,
          "hz": 8225.96088609342
        },
        {
          "acoustic_entropy": 10.047542572021484,
          "acoustic_entropy_side": 10.09843921661377,
          "hz": 9016.43338188839
        },
        {
          "acoustic_entropy": 10.013083457946777,
          "acoustic_entropy_side": 10.092574119567871,
          "hz": 9876.909183162974
        },
        {
          "acoustic_entropy": 10.008636474609375,
          "acoustic_entropy_side": 10.081608772277832,
          "hz": 10813.587699516042
        },
        {
          "acoustic_entropy": 10.033624649047852,
          "acoustic_entropy_side": 10.077031135559082,
          "hz": 11833.21735289826
        },
        {
          "acoustic_entropy": 10.038021087646484,
          "acoustic_entropy_side": 10.067142486572266,
          "hz": 12943.144197493959
        },
        {
          "acoustic_entropy": 10.01607608795166,
          "acoustic_entropy_side": 10.063261985778809,
          "hz": 14151.364845322005
        },
        {
          "acoustic_entropy": 10.024670600891113,
          "acoustic_entropy_side": 10.075119972229004,
          "hz": 15466.58407886509
        },
        {
          "acoustic_entropy": 10.06010627746582,
          "acoustic_entropy_side": 10.087563514709473,
          "hz": 16898.27756580493
        },
        {
          "acoustic_entropy": 10.088851928710938,
          "acoustic_entropy_side": 10.094663619995117,
          "hz": 18456.760127700032
        },
        {
          "acoustic_entropy": 10.096962928771973,
          "acoustic_entropy_side": 10.096774101257324,
          "hz": 20153.260054456492
        },
        {
          "acoustic_entropy": 10.096590995788574,
          "acoustic_entropy_side": 10.096543312072754,
          "hz": 22000.00000000001
        }
      ],
      "diff_acoustic_entropy": 8.015015602111816,
      "sn": 12
    },
    {
      "acoustic_entropy": 14.287446975708008,
      "acoustic_entropy_mono": 13.33913516998291,
      "band_eliminated_acoustic_entropies": [
        {
          "acoustic_entropy": 14.207572937011719,
          "acoustic_entropy_side": 14.24970531463623,
          "hz": 129.47220167065723
        },
        {
          "acoustic_entropy": 14.658173561096191,
          "acoustic_entropy_side": 14.086685180664062,
          "hz": 202.92927478742237
        },
        {
          "acoustic_entropy": 15.105814933776855,
          "acoustic_entropy_side": 14.433090209960938,
          "hz": 282.89161906338205
        },
        {
          "acoustic_entropy": 14.103818893432617,
          "acoustic_entropy_side": 13.999354362487793,
          "hz": 369.9353335868758
        },
        {
          "acoustic_entropy": 15.212989807128906,
          "acoustic_entropy_side": 14.74809455871582,
          "hz": 464.6875360973435
        },
        {
          "acoustic_entropy": 13.825485229492188,
          "acoustic_entropy_side": 13.910839080810547,
          "hz": 567.8308811364784
        },
        {
          "acoustic_entropy": 14.592811584472656,
          "acoustic_entropy_side": 15.100863456726074,
          "hz": 680.1084783214808
        },
        {
          "acoustic_entropy": 14.203877449035645,
          "acoustic_entropy_side": 14.446983337402344,
          "hz": 802.3292461747484
        },
        {
          "acoustic_entropy": 13.734479904174805,
          "acoustic_entropy_side": 14.214563369750977,
          "hz": 935.3737400823702
        },
        {
          "acoustic_entropy": 13.416078567504883,
          "acoustic_entropy_side": 13.795852661132812,
          "hz": 1080.2004963696966
        },
        {
          "acoustic_entropy": 15.649699211120605,
          "acoustic_entropy_side": 15.242608070373535,
          "hz": 1237.8529382007157
        },
        {
          "acoustic_entropy": 14.0120849609375,
          "acoustic_entropy_side": 14.167813301086426,
          "hz": 1409.4668930556702
        },
        {
          "acoustic_entropy": 14.02942943572998,
          "acoustic_entropy_side": 13.436325073242188,
          "hz": 1596.2787759475705
        },
        {
          "acoustic_entropy": 13.60194206237793,
          "acoustic_entropy_side": 14.097362518310547,
          "hz": 1799.6344973346393
        },
        {
          "acoustic_entropy": 14.780350685119629,
          "acoustic_entropy_side": 14.162702560424805,
          "hz": 2020.9991599069049
        },
        {
          "acoustic_entropy": 14.1676607131958,
          "acoustic_entropy_side": 14.337181091308594,
          "hz": 2261.9676141086993
        },
        {
          "acoustic_entropy": 14.377989768981934,
          "acoustic_entropy_side": 14.633980751037598,
          "hz": 2524.2759484456974
        },
        {
          "acoustic_entropy": 14.376626968383789,
          "acoustic_entropy_side": 14.175296783447266,
          "hz": 2809.813997359896
        },
        {
          "acoustic_entropy": 14.493671417236328,
