{
  "acoustic_entropy": 147.37823486328125,
  "bands": [
    {
      "high_freq": 148.1999969482422,
      "loudness": -34.486228942871094,
      "loudness_range": 8.757089614868164,
      "mid_mean": -30.795074462890625,
      "mid_to_side_loudness": -56.71549987792969,
      "mid_to_side_loudness_range": 23.144420623779297,
      "side_mean": -69.90007019042969
    },
    {
      "high_freq": 392.3793640136719,
      "loudness": -31.081880569458008,
      "loudness_range": 13.971778869628906,
      "low_freq": 148.1999969482422,
      "mid_mean": -27.380170822143555,
      "mid_to_side_loudness": -54.276554107666016,
      "mid_to_side_loudness_range": 20.234756469726562,
      "side_mean": -69.2077865600586
    },
    {
      "high_freq": 794.6976318359375,
      "loudness": -24.882585525512695,
      "loudness_range": 15.942743301391602,
      "low_freq": 392.3793640136719,
      "mid_mean": -21.19244956970215,
      "mid_to_side_loudness": -46.550575256347656,
      "mid_to_side_loudness_range": 6.148731231689453,
      "side_mean": -64.68275451660156
    },
    {
      "high_freq": 1457.5709228515625,
      "loudness": -31.626924514770508,
      "loudness_range": 17.477157592773438,
      "low_freq": 794.6976318359375,
      "mid_mean": -27.936113357543945,
      "mid_to_side_loudness": -41.377906799316406,
      "mid_to_side_loudness_range": 5.8000640869140625,
      "side_mean": -65.5925521850586
    },
    {
      "high_freq": 2549.74365234375,
      "loudness": -35.08057403564453,
      "loudness_range": 20.22706413269043,
      "low_freq": 1457.5709228515625,
      "mid_mean": -31.378620147705078,
      "mid_to_side_loudness": -36.85361099243164,
      "mid_to_side_loudness_range": 7.106906890869141,
      "side_mean": -64.46724700927734
    },
    {
      "high_freq": 4349.24462890625,
      "loudness": -33.70412826538086,
      "loudness_range": 18.382198333740234,
      "low_freq": 2549.74365234375,
      "mid_mean": -30.005537033081055,
      "mid_to_side_loudness": -30.786460876464844,
      "mid_to_side_loudness_range": 2.0793704986572266,
      "side_mean": -60.080055236816406
    },
    {
      "high_freq": 7314.1640625,
      "loudness": -38.868343353271484,
      "loudness_range": 15.76568603515625,
      "low_freq": 4349.24462890625,
      "mid_mean": -35.17308807373047,
      "mid_to_side_loudness": -27.06979751586914,
      "mid_to_side_loudness_range": 1.9795169830322266,
      "side_mean": -61.38393783569336
    },
    {
      "high_freq": 12199.2666015625,
      "loudness": -46.60690689086914,
      "loudness_range": 9.386978149414062,
      "low_freq": 7314.1640625,
      "mid_mean": -42.916255950927734,
      "mid_to_side_loudness": -22.93494415283203,
      "mid_to_side_loudness_range": 1.0690879821777344,
      "side_mean": -64.30640411376953
    },
    {
      "loudness": -62.616180419921875,
      "loudness_range": 8.49032974243164,
      "low_freq": 12199.2666015625,
      "mid_mean": -58.82032775878906,
      "mid_to_side_loudness": -19.256315231323242,
      "mid_to_side_loudness_range": 5.63996696472168,
      "side_mean": -69.23950958251953
    }
  ],
  "bands_short": [
    {
      "high_freq": 148.1999969482422,
      "loudness": -37.749324798583984,
      "loudness_range": 16.034770965576172,
      "mid_mean": -34.04572296142578,
      "mid_to_side_loudness": -56.229454040527344,
      "mid_to_side_loudness_range": 31.97036361694336,
      "side_mean": -69.93892669677734
    },
    {
      "high_freq": 392.3793640136719,
      "loudness": -32.38951110839844,
      "loudness_range": 15.818666458129883,
      "low_freq": 148.1999969482422,
      "mid_mean": -28.697509765625,
      "mid_to_side_loudness": -58.184791564941406,
      "mid_to_side_loudness_range": 30.4056396484375,
      "side_mean": -69.55225372314453
    },
    {
      "high_freq": 794.6976318359375,
      "loudness": -26.650747299194336,
      "loudness_range": 21.207042694091797,
      "low_freq": 392.3793640136719,
      "mid_mean": -22.988563537597656,
      "mid_to_side_loudness": -47.02802658081055,
      "mid_to_side_loudness_range": 12.515026092529297,
      "side_mean": -65.77287292480469
    },
    {
      "high_freq": 1457.5709228515625,
      "loudness": -33.55992889404297,
      "loudness_range": 22.58558464050293,
      "low_freq": 794.6976318359375,
      "mid_mean": -29.892822265625,
      "mid_to_side_loudness": -42.416587829589844,
      "mid_to_side_loudness_range": 12.819988250732422,
      "side_mean": -66.42105102539062
    },
    {
      "high_freq": 2549.74365234375,
      "loudness": -37.55485916137695,
      "loudness_range": 24.723636627197266,
      "low_freq": 1457.5709228515625,
      "mid_mean": -33.854339599609375,
      "mid_to_side_loudness": -37.448238372802734,
      "mid_to_side_loudness_range": 14.024103164672852,
      "side_mean": -65.90857696533203
    },
    {
      "high_freq": 4349.24462890625,
      "loudness": -35.594520568847656,
      "loudness_range": 21.214073181152344,
      "low_freq": 2549.74365234375,
      "mid_mean": -31.89653968811035,
      "mid_to_side_loudness": -30.956707000732422,
      "mid_to_side_loudness_range": 4.811717987060547,
      "side_mean": -61.58290481567383
    },
    {
      "high_freq": 7314.1640625,
      "loudness": -40.137908935546875,
      "loudness_range": 18.233745574951172,
      "low_freq": 4349.24462890625,
      "mid_mean": -36.44276428222656,
      "mid_to_side_loudness": -27.11309242248535,
      "mid_to_side_loudness_range": 3.585237503051758,
      "side_mean": -62.29811096191406
    },
    {
      "high_freq": 12199.2666015625,
      "loudness": -47.66227340698242,
      "loudness_range": 13.386466979980469,
      "low_freq": 7314.1640625,
      "mid_mean": -43.969276428222656,
      "mid_to_side_loudness": -22.98421859741211,
      "mid_to_side_loudness_range": 2.7184581756591797,
      "side_mean": -64.7916259765625
    },
    {
      "loudness": -63.074951171875,
      "loudness_range": 8.785968780517578,
      "low_freq": 12199.2666015625,
      "mid_mean": -59.23445129394531,
      "mid_to_side_loudness": -20.01715087890625,
      "mid_to_side_loudness_range": 10.302896499633789,
      "side_mean": -69.29967498779297
    }
  ],
  "bandwidth": 767.5829467773438,
  "channels": 2,
  "covariance": [
    [
      10.279434204101562,
      0.18280404806137085,
      5.138716220855713,
      0.7256302833557129,
      -1.7716679573059082,
      -2.3715033531188965,
      3.2724685668945312,
      1.9846354722976685,
      7.130661964416504,
      4.742155075073242,
      6.183629989624023,
      5.104332447052002,
      5.700953960418701,
      4.653163433074951,
      3.8159425258636475,
      2.6773107051849365,
      1.6502094268798828,
      0.21983905136585236
    ],
    [
      0.18280404806137085,
      0.06662167608737946,
      0.1413796842098236,
      0.10968396067619324,
      0.007621201686561108,
      0.07568888366222382,
      0.15781210362911224,
      0.1756410002708435,
      0.31849566102027893,
      0.3170251250267029,
      0.3210572600364685,
      0.3228966295719147,
      0.2920706868171692,
      0.29142096638679504,
      0.17868365347385406,
      0.1690152883529663,
      0.13040192425251007,
      0.06670922040939331
    ],
    [
      5.138716220855713,
      0.1413796842098236,
      23.174678802490234,
      4.0899834632873535,
      -0.5588582158088684,
      -2.647796869277954,
      6.5634965896606445,
      2.390193462371826,
      12.097745895385742,
      6.360121250152588,
      11.109832763671875,
      9.023836135864258,
      9.694085121154785,
      7.419576168060303,
      4.22068452835083,
      2.937070608139038,
      1.101178765296936,
      -0.2068919539451599
    ],
    [
      0.7256302833557129,
      0.10968396067619324,
      4.0899834632873535,
      1.8203390836715698,
      0.6683339476585388,
      0.458301842212677,
      1.735201120376587,
      1.2243621349334717,
      2.815321207046509,
      2.087287187576294,
      2.5998241901397705,
      2.4167428016662598,
      2.171532154083252,
      1.9124196767807007,
      0.8007127046585083,
      0.6724862456321716,
      0.5038666725158691,
      0.0984332486987114
    ],
    [
      -1.7716679573059082,
      0.007621201686561108,
      -0.5588582158088684,
      0.6683339476585388,
      33.1552734375,
      20.547866821289062,
      18.983240127563477,
      8.86539363861084,
      15.19015121459961,
      9.531704902648926,
      10.303361892700195,
      8.920047760009766,
      6.5898756980896,
      5.159597873687744,
      0.5628587007522583,
      0.4341163635253906,
      4.842688083648682,
      1.0792797803878784
    ],
    [
      -2.3715033531188965,
      0.07568888366222382,
      -2.647796869277954,
      0.458301842212677,
      20.547866821289062,
      16.008588790893555,
      8.597954750061035,
      4.892778396606445,
      5.845623016357422,
      4.661261558532715,
      3.04530668258667,
      4.0205278396606445,
      1.4566463232040405,
      2.1940042972564697,
      -1.4385778903961182,
      -0.1541629135608673,
      3.553788661956787,
      0.7928639054298401
    ],
    [
      3.2724685668945312,
      0.15781210362911224,
      6.5634965896606445,
      1.735201120376587,
      18.983240127563477,
      8.597954750061035,
      36.271751403808594,
      19.13147735595703,
      31.141063690185547,
      20.782325744628906,
      26.126434326171875,
      22.290517807006836,
      19.550609588623047,
      15.671504020690918,
      7.720084190368652,
      5.535512447357178,
      8.696695327758789,
      1.6940922737121582
    ],
    [
      1.9846354722976685,
      0.1756410002708435,
      2.390193462371826,
      1.2243621349334717,
      8.86539363861084,
      4.892778396606445,
      19.13147735595703,
      12.488982200622559,
      17.74683380126953,
      13.45785140991211,
      15.509134292602539,
      14.254634857177734,
      11.970333099365234,
      10.456751823425293,
      4.726369380950928,
      3.965949535369873,
      6.4932756423950195,
      1.3038069009780884
    ],
    [
      7.130661964416504,
      0.31849566102027893,
      12.097745895385742,
      2.815321207046509,
      15.19015121459961,
      5.845623016357422,
      31.141063690185547,
      17.74683380126953,
      48.416038513183594,
      33.47266387939453,
      40.86412048339844,
      34.85378646850586,
      33.99800109863281,
      27.661293029785156,
      15.223861694335938,
      11.133337020874023,
      14.74562931060791,
      2.992586374282837
    ],
    [
      4.742155075073242,
      0.3170251250267029,
      6.360121250152588,
      2.087287187576294,
      9.531704902648926,
      4.661261558532715,
      20.782325744628906,
      13.45785140991211,
      33.47266387939453,
      25.91853141784668,
      28.871129989624023,
      25.914552688598633,
      24.53885269165039,
      21.009780883789062,
      10.756880760192871,
      8.549421310424805,
      12.544380187988281,
      2.633091449737549
    ],
    [
      6.183629989624023,
      0.3210572600364685,
      11.109832763671875,
      2.5998241901397705,
      10.303361892700195,
      3.04530668258667,
      26.126434326171875,
      15.509134292602539,
      40.86412048339844,
      28.871129989624023,
      39.733821868896484,
      33.96503448486328,
      32.05252456665039,
      26.051809310913086,
      15.30260944366455,
      11.1158447265625,
      13.821334838867188,
      2.8351962566375732
    ],
    [
      5.104332447052002,
      0.3228966295719147,
      9.023836135864258,
      2.4167428016662598,
      8.920047760009766,
      4.0205278396606445,
      22.290517807006836,
      14.254634857177734,
      34.85378646850586,
      25.914552688598633,
      33.96503448486328,
      31.049978256225586,
      27.423603057861328,
      23.870990753173828,
      12.936354637145996,
      10.519168853759766,
      14.328533172607422,
      2.7261910438537598
    ],
    [
      5.700953960418701,
      0.2920706868171692,
      9.694085121154785,
      2.171532154083252,
      6.5898756980896,
      1.4566463232040405,
      19.550609588623047,
      11.970333099365234,
      33.99800109863281,
      24.53885269165039,
      32.05252456665039,
      27.423603057861328,
      29.590160369873047,
      24.38373565673828,
      14.570435523986816,
      10.59592342376709,
      12.6097993850708,
      2.7312512397766113
    ],
    [
      4.653163433074951,
      0.29142096638679504,
      7.419576168060303,
      1.9124196767807007,
      5.159597873687744,
      2.1940042972564697,
      15.671504020690918,
      10.456751823425293,
      27.661293029785156,
      21.009780883789062,
      26.051809310913086,
      23.870990753173828,
      24.38373565673828,
      21.621618270874023,
      12.15620231628418,
      9.835958480834961,
      12.509732246398926,
      2.534895658493042
    ],
    [
      3.8159425258636475,
      0.17868365347385406,
      4.22068452835083,
      0.8007127046585083,
      0.5628587007522583,
      -1.4385778903961182,
      7.720084190368652,
      4.726369380950928,
      15.223861694335938,
      10.756880760192871,
      15.30260944366455,
      12.936354637145996,
      14.570435523986816,
      12.15620231628418,
      10.653435707092285,
      7.621161937713623,
      5.915930271148682,
      1.3453418016433716
    ],
    [
      2.6773107051849365,
      0.1690152883529663,
      2.937070608139038,
      0.6724862456321716,
      0.4341163635253906,
      -0.1541629135608673,
      5.535512447357178,
      3.965949535369873,
      11.133337020874023,
      8.549421310424805,
      11.1158447265625,
      10.519168853759766,
      10.59592342376709,
      9.835958480834961,
      7.621161937713623,
      6.250845909118652,
      5.77939510345459,
      1.2029471397399902
    ],
    [
      1.6502094268798828,
      0.13040192425251007,
      1.101178765296936,
      0.5038666725158691,
      4.842688083648682,
      3.553788661956787,
      8.696695327758789,
      6.4932756423950195,
      14.74562931060791,
      12.544380187988281,
      13.821334838867188,
      14.328533172607422,
      12.6097993850708,
      12.509732246398926,
      5.915930271148682,
      5.77939510345459,
      10.287992477416992,
      2.1424224376678467
    ],
    [
      0.21983905136585236,
      0.06670922040939331,
      -0.2068919539451599,
      0.0984332486987114,
      1.0792797803878784,
      0.7928639054298401,
      1.6940922737121582,
      1.3038069009780884,
      2.992586374282837,
      2.633091449737549,
      2.8351962566375732,
      2.7261910438537598,
      2.7312512397766113,
      2.534895658493042,
      1.3453418016433716,
      1.2029471397399902,
      2.1424224376678467,
      0.7070626616477966
    ]
  ],
  "covariance_short": [
    [
      29.86033058166504,
      0.23465777933597565,
      9.47291374206543,
      0.46044737100601196,
      -0.14562539756298065,
      -1.4996449947357178,
      3.074934482574463,
      1.5567365884780884,
      5.401479244232178,
      3.3381011486053467,
      4.45474910736084,
      3.6101722717285156,
      5.001731872558594,
      3.762190103530884,
      5.703577518463135,
      3.272418737411499,
      1.1386197805404663,
      0.14043842256069183
    ],
    [
      0.23465777933597565,
      0.10325910896062851,
      0.128845676779747,
      0.14392684400081635,
      0.03423689678311348,
      0.1443900465965271,
      0.11338983476161957,
      0.18920867145061493,
      0.2205098420381546,
      0.3055512607097626,
      0.23068775236606598,
      0.28606441617012024,
      0.2266979068517685,
      0.26755350828170776,
      0.17255057394504547,
      0.1739937961101532,
      0.10278428345918655,
      0.10551011562347412
    ],
    [
      9.47291374206543,
      0.128845676779747,
      30.53541374206543,
      2.838806390762329,
      5.573978424072266,
      -0.291914701461792,
      8.875594139099121,
      1.7484127283096313,
      12.793489456176758,
      4.636080741882324,
      10.121903419494629,
      7.783515453338623,
      8.741968154907227,
      6.404225826263428,
      5.5350847244262695,
      3.332885503768921,
      0.9502154588699341,
      -0.15640440583229065
    ],
    [
      0.46044737100601196,
      0.14392684400081635,
      2.838806390762329,
      1.8130110502243042,
      1.1458741426467896,
      1.0370738506317139,
      1.364812970161438,
      1.0812714099884033,
      1.9703553915023804,
      1.6549468040466309,
      1.6982041597366333,
      1.7633461952209473,
      1.2629023790359497,
      1.2804325819015503,
      0.4546823799610138,
      0.46567991375923157,
      0.2716549336910248,
      0.25975918769836426
    ],
    [
      -0.14562539756298065,
      0.03423689678311348,
      5.573978424072266,
      1.1458741426467896,
      54.15932083129883,
      26.991201400756836,
      36.23249435424805,
      14.009899139404297,
      31.79775619506836,
      16.697917938232422,
      21.944351196289062,
      18.13800811767578,
      13.965502738952637,
      10.765898704528809,
      3.250102996826172,
      1.978219985961914,
      7.3783159255981445,
      1.5324629545211792
    ],
    [
      -1.4996449947357178,
      0.1443900465965271,
      -0.291914701461792,
      1.0370738506317139,
      26.991201400756836,
      20.979700088500977,
      14.070520401000977,
      6.8096747398376465,
      12.037872314453125,
      7.682830810546875,
      7.475411891937256,
      7.355162143707275,
      3.8116376399993896,
      3.749913215637207,
      -1.0148926973342896,
      -0.032312892377376556,
      3.682957649230957,
      0.8948689699172974
    ],
    [
      3.074934482574463,
      0.11338983476161957,
      8.875594139099121,
      1.364812970161438,
      36.23249435424805,
      14.070520401000977,
      59.242759704589844,
      26.18008041381836,
      46.66039276123047,
      26.095678329467773,
      36.001808166503906,
      29.846223831176758,
      25.053573608398438,
      19.6835880279541,
      10.279038429260254,
      6.532741546630859,
      10.868058204650879,
      2.2303595542907715
    ],
    [
      1.5567365884780884,
      0.18920867145061493,
      1.7484127283096313,
      1.0812714099884033,
      14.009899139404297,
      6.8096747398376465,
      26.18008041381836,
      16.755565643310547,
      21.81007194519043,
      15.048310279846191,
      18.138761520385742,
      16.293970108032227,
      12.732430458068848,
      10.88274097442627,
      4.819627285003662,
      3.6462130546569824,
      6.583968162536621,
      1.5681437253952026
    ],
    [
      5.401479244232178,
      0.2205098420381546,
      12.793489456176758,
      1.9703553915023804,
      31.79775619506836,
      12.037872314453125,
      46.66039276123047,
      21.81007194519043,
      63.26416778564453,
      37.06230926513672,
      49.78193664550781,
      41.11362838745117,
      39.16312026977539,
      31.326499938964844,
      18.65748405456543,
      12.21756649017334,
      16.39735221862793,
      3.605382204055786
    ],
    [
      3.3381011486053467,
      0.3055512607097626,
      4.636080741882324,
      1.6549468040466309,
      16.697917938232422,
      7.682830810546875,
      26.095678329467773,
      15.048310279846191,
      37.06230926513672,
      28.281312942504883,
      30.8083553314209,
      27.35699462890625,
      24.850055694580078,
      21.15739631652832,
      11.067435264587402,
      8.000384330749512,
      12.263328552246094,
      3.117219924926758
    ],
    [
      4.45474910736084,
      0.23068775236606598,
      10.121903419494629,
      1.6982041597366333,
      21.944351196289062,
      7.475411891937256,
      36.001808166503906,
      18.138761520385742,
      49.78193664550781,
      30.8083553314209,
      48.45118713378906,
      40.065528869628906,
      37.49595642089844,
      29.90441131591797,
      19.918766021728516,
      12.842168807983398,
      15.27678108215332,
      3.3961269855499268
    ],
    [
      3.6101722717285156,
      0.28606441617012024,
      7.783515453338623,
      1.7633461952209473,
      18.13800811767578,
      7.355162143707275,
      29.846223831176758,
      16.293970108032227,
      41.11362838745117,
      27.35699462890625,
      40.065528869628906,
      35.972869873046875,
      30.93516731262207,
      26.221542358398438,
      15.806483268737793,
      11.232172012329102,
      14.916842460632324,
      3.2948191165924072
    ],
    [
      5.001731872558594,
      0.2266979068517685,
      8.741968154907227,
      1.2629023790359497,
      13.965502738952637,
      3.8116376399993896,
      25.053573608398438,
      12.732430458068848,
      39.16312026977539,
      24.850055694580078,
      37.49595642089844,
      30.93516731262207,
      35.087669372558594,
      28.113357543945312,
      20.77625846862793,
      13.296114921569824,
      13.378585815429688,
      3.102914333343506
    ],
    [
      3.762190103530884,
      0.26755350828170776,
      6.404225826263428,
      1.2804325819015503,
      10.765898704528809,
      3.749913215637207,
      19.6835880279541,
      10.88274097442627,
      31.326499938964844,
      21.15739631652832,
      29.90441131591797,
      26.221542358398438,
      28.113357543945312,
      24.493024826049805,
      16.603168487548828,
      11.703415870666504,
      12.809554100036621,
      2.96612286567688
    ],
    [
      5.703577518463135,
      0.17255057394504547,
      5.5350847244262695,
      0.4546823799610138,
      3.250102996826172,
      -1.0148926973342896,
      10.279038429260254,
      4.819627285003662,
      18.65748405456543,
      11.067435264587402,
      19.918766021728516,
      15.806483268737793,
      20.77625846862793,
      16.603168487548828,
      21.01740837097168,
      13.147915840148926,
      6.931632995605469,
      1.626634120941162
    ],
    [
      3.272418737411499,
      0.1739937961101532,
      3.332885503768921,
      0.46567991375923157,
      1.978219985961914,
      -0.032312892377376556,
      6.532741546630859,
      3.6462130546569824,
      12.21756649017334,
      8.000384330749512,
      12.842168807983398,
      11.232172012329102,
      13.296114921569824,
      11.703415870666504,
      13.147915840148926,
      9.449686050415039,
      6.018423557281494,
      1.460837960243225
    ],
    [
      1.1386197805404663,
      0.10278428345918655,
      0.9502154588699341,
      0.2716549336910248,
      7.3783159255981445,
      3.682957649230957,
      10.868058204650879,
      6.583968162536621,
      16.39735221862793,
      12.263328552246094,
      15.27678108215332,
      14.916842460632324,
      13.378585815429688,
      12.809554100036621,
      6.931632995605469,
      6.018423557281494,
      10.595376014709473,
      2.466931104660034
    ],
    [
      0.14043842256069183,
      0.10551011562347412,
      -0.15640440583229065,
      0.25975918769836426,
      1.5324629545211792,
      0.8948689699172974,
      2.2303595542907715,
      1.5681437253952026,
      3.605382204055786,
      3.117219924926758,
      3.3961269855499268,
      3.2948191165924072,
      3.102914333343506,
      2.96612286567688,
      1.626634120941162,
      1.460837960243225,
      2.466931104660034,
      1.0683609247207642
    ]
  ],
  "damage": -8.27133846282959,
  "diff_bandwidth": 789.6924438476562,
  "dissonance": 7.296056040748046,
  "drr": 0.278123140335083,
  "dynamics": 4.206369876861572,
  "format": 1245190,
  "frames": 8323072,
  "loudness": -17.24894142150879,
  "loudness_range": 11.051010131835938,
  "loudness_range_short": 15.713674545288086,
  "lowpass_true_peak_15khz": -2.2702367305755615,
  "mastering3_acoustic_entropies": [
    {
      "acoustic_entropy": 9.205511093139648,
      "acoustic_entropy_mono": 9.206155776977539,
      "band_eliminated_acoustic_entropies": [
        {
          "acoustic_entropy": 9.202996253967285,
          "acoustic_entropy_side": 9.205511093139648,
          "hz": 129.47220167065723
        },
        {
          "acoustic_entropy": 9.189266204833984,
          "acoustic_entropy_side": 9.205511093139648,
          "hz": 202.92927478742237
        },
        {
          "acoustic_entropy": 9.408581733703613,
          "acoustic_entropy_side": 9.205511093139648,
          "hz": 282.89161906338205
        },
        {
          "acoustic_entropy": 9.597208023071289,
          "acoustic_entropy_side": 9.205511093139648,
          "hz": 369.9353335868758
        },
        {
          "acoustic_entropy": 9.831456184387207,
          "acoustic_entropy_side": 9.205511093139648,
          "hz": 464.6875360973435
        },
        {
          "acoustic_entropy": 8.950834274291992,
          "acoustic_entropy_side": 9.205511093139648,
          "hz": 567.8308811364784
        },
        {
          "acoustic_entropy": 9.334668159484863,
          "acoustic_entropy_side": 9.205512046813965,
          "hz": 680.1084783214808
        },
        {
          "acoustic_entropy": 8.744673728942871,
          "acoustic_entropy_side": 9.205511093139648,
          "hz": 802.3292461747484
        },
        {
          "acoustic_entropy": 9.379915237426758,
          "acoustic_entropy_side": 9.205511093139648,
          "hz": 935.3737400823702
        },
        {
          "acoustic_entropy": 10.382024765014648,
          "acoustic_entropy_side": 9.205511093139648,
          "hz": 1080.2004963696966
        },
        {
          "acoustic_entropy": 9.092416763305664,
          "acoustic_entropy_side": 9.205511093139648,
          "hz": 1237.8529382007157
        },
        {
          "acoustic_entropy": 9.518536567687988,
          "acoustic_entropy_side": 9.205509185791016,
          "hz": 1409.4668930556702
        },
        {
          "acoustic_entropy": 9.365267753601074,
          "acoustic_entropy_side": 9.205513954162598,
          "hz": 1596.2787759475705
        },
        {
          "acoustic_entropy": 9.433188438415527,
          "acoustic_entropy_side": 9.205507278442383,
          "hz": 1799.6344973346393
        },
        {
          "acoustic_entropy": 9.386102676391602,
          "acoustic_entropy_side": 9.205509185791016,
          "hz": 2020.9991599069049
        },
        {
          "acoustic_entropy": 9.078970909118652,
          "acoustic_entropy_side": 9.205514907836914,
          "hz": 2261.9676141086993
        },
        {
          "acoustic_entropy": 9.137202262878418,
          "acoustic_entropy_side": 9.205512046813965,
          "hz": 2524.2759484456974
        },
        {
          "acoustic_entropy": 9.395018577575684,
          "acoustic_entropy_side": 9.20551586151123,
          "hz": 2809.813997359896
        },
        {
          "acoustic_entropy": 9.153130531311035,
          "acoustic_entropy_side": 9.205516815185547,
          "hz": 3120.6389567871424
        },
        {
          "acoustic_entropy": 9.211849212646484,
          "acoustic_entropy_side": 9.205506324768066,
          "hz": 3458.990205492291
        },
        {
          "acoustic_entropy": 8.966379165649414,
          "acoustic_entropy_side": 9.205500602722168,
          "hz": 3827.305438964164
        },
        {
          "acoustic_entropy": 9.17393970489502,
          "acoustic_entropy_side": 9.205498695373535,
          "hz": 4228.238232109126
        },
        {
          "acoustic_entropy": 9.177518844604492,
          "acoustic_entropy_side": 9.205778121948242,
          "hz": 4664.6771572759235
        },
        {
          "acoustic_entropy": 9.372213363647461,
          "acoustic_entropy_side": 9.205824851989746,
          "hz": 5139.766595350093
        },
        {
          "acoustic_entropy": 9.452088356018066,
          "acoustic_entropy_side": 9.20561695098877,
          "hz": 5656.929389854203
        },
        {
          "acoustic_entropy": 9.419745445251465,
          "acoustic_entropy_side": 9.205554962158203,
          "hz": 6219.891507268283
        },
        {
          "acoustic_entropy": 9.358388900756836,
          "acoustic_entropy_side": 9.205526351928711,
          "hz": 6832.70888123896
        },
        {
          "acoustic_entropy": 9.38081169128418,
          "acoustic_entropy_side": 9.205534934997559,
          "hz": 7499.796634079867
        },
        {
          "acoustic_entropy": 9.363637924194336,
          "acoustic_entropy_side": 9.205526351928711,
          "hz": 8225.96088609342
        },
        {
          "acoustic_entropy": 9.26986312866211,
          "acoustic_entropy_side": 9.205514907836914,
          "hz": 9016.43338188839
        },
        {
          "acoustic_entropy": 9.215241432189941,
          "acoustic_entropy_side": 9.205512046813965,
          "hz": 9876.909183162974
        },
        {
          "acoustic_entropy": 9.207975387573242,
          "acoustic_entropy_side": 9.205511093139648,
          "hz": 10813.587699516042
        },
        {
          "acoustic_entropy": 9.21127700805664,
          "acoustic_entropy_side": 9.205513000488281,
          "hz": 11833.21735289826
        },
        {
          "acoustic_entropy": 9.214095115661621,
          "acoustic_entropy_side": 9.205513954162598,
          "hz": 12943.144197493959
        },
        {
          "acoustic_entropy": 9.208080291748047,
          "acoustic_entropy_side": 9.205512046813965,
          "hz": 14151.364845322005
        },
        {
          "acoustic_entropy": 9.20580005645752,
          "acoustic_entropy_side": 9.205511093139648,
          "hz": 15466.58407886509
        },
        {
          "acoustic_entropy": 9.205528259277344,
          "acoustic_entropy_side": 9.205511093139648,
          "hz": 16898.27756580493
        },
        {
          "acoustic_entropy": 9.205511093139648,
          "acoustic_entropy_side": 9.205511093139648,
          "hz": 18456.760127700032
        },
        {
          "acoustic_entropy": 9.205511093139648,
          "acoustic_entropy_side": 9.205511093139648,
          "hz": 20153.260054456492
        },
        {
          "acoustic_entropy": 9.205511093139648,
          "acoustic_entropy_side": 9.205511093139648,
          "hz": 22000.00000000001
        }
      ],
      "diff_acoustic_entropy": 10.397195816040039,
      "sn": 6
    },
    {
      "acoustic_entropy": 12.860568046569824,
      "acoustic_entropy_mono": 12.86029052734375,
      "band_eliminated_acoustic_entropies": [
        {
          "acoustic_entropy": 12.839737892150879,
          "acoustic_entropy_side": 12.860568046569824,
          "hz": 129.47220167065723
        },
        {
          "acoustic_entropy": 12.865805625915527,
          "acoustic_entropy_side": 12.860568046569824,
          "hz": 202.92927478742237
        },
        {
          "acoustic_entropy": 12.853776931762695,
          "acoustic_entropy_side": 12.860568046569824,
          "hz": 282.89161906338205
        },
        {
          "acoustic_entropy": 13.575048446655273,
          "acoustic_entropy_side": 12.860568046569824,
          "hz": 369.9353335868758
        },
        {
          "acoustic_entropy": 14.08078670501709,
          "acoustic_entropy_side": 12.860568046569824,
          "hz": 464.6875360973435
        },
        {
          "acoustic_entropy": 12.787431716918945,
          "acoustic_entropy_side": 12.860569953918457,
          "hz": 567.8308811364784
        },
        {
          "acoustic_entropy": 13.138652801513672,
          "acoustic_entropy_side": 12.860564231872559,
          "hz": 680.1084783214808
        },
        {
          "acoustic_entropy": 12.279730796813965,
          "acoustic_entropy_side": 12.860560417175293,
          "hz": 802.3292461747484
        },
        {
          "acoustic_entropy": 12.385412216186523,
          "acoustic_entropy_side": 12.860568046569824,
          "hz": 935.3737400823702
        },
        {
          "acoustic_entropy": 14.691356658935547,
          "acoustic_entropy_side": 12.86057186126709,
          "hz": 1080.2004963696966
        },
        {
          "acoustic_entropy": 13.073882102966309,
          "acoustic_entropy_side": 12.86057186126709,
          "hz": 1237.8529382007157
        },
        {
          "acoustic_entropy": 12.572548866271973,
          "acoustic_entropy_side": 12.86056900024414,
          "hz": 1409.4668930556702
        },
        {
          "acoustic_entropy": 11.868542671203613,
          "acoustic_entropy_side": 12.860547065734863,
          "hz": 1596.2787759475705
        },
        {
          "acoustic_entropy": 12.562198638916016,
          "acoustic_entropy_side": 12.860660552978516,
          "hz": 1799.6344973346393
        },
        {
          "acoustic_entropy": 12.426310539245605,
          "acoustic_entropy_side": 12.860577583312988,
          "hz": 2020.9991599069049
        },
        {
          "acoustic_entropy": 12.784887313842773,
          "acoustic_entropy_side": 12.86059856414795,
          "hz": 2261.9676141086993
        },
        {
          "acoustic_entropy": 12.766496658325195,
          "acoustic_entropy_side": 12.860580444335938,
          "hz": 2524.2759484456974
        },
        {
          "acoustic_entropy": 12.98804759979248,
          "acoustic_entropy_side": 12.860472679138184,
          "hz": 2809.813997359896
        },
        {
          "acoustic_entropy": 12.27355670928955,
          "acoustic_entropy_side": 12.860180854797363,
          "hz": 3120.6389567871424
        },
        {
          "acoustic_entropy": 12.861095428466797,
          "acoustic_entropy_side": 12.86054515838623,
          "hz": 3458.990205492291
        },
        {
          "acoustic_entropy": 12.706660270690918,
          "acoustic_entropy_side": 12.860562324523926,
          "hz": 3827.305438964164
        },
        {
          "acoustic_entropy": 12.328251838684082,
          "acoustic_entropy_side": 12.860486030578613,
          "hz": 4228.238232109126
        },
        {
          "acoustic_entropy": 12.827672004699707,
          "acoustic_entropy_side": 12.860453605651855,
          "hz": 4664.6771572759235
        },
        {
          "acoustic_entropy": 12.803939819335938,
          "acoustic_entropy_side": 12.86060619354248,
          "hz": 5139.766595350093
        },
        {
          "acoustic_entropy": 12.870250701904297,
          "acoustic_entropy_side": 12.860580444335938,
          "hz": 5656.929389854203
        },
        {
          "acoustic_entropy": 12.989261627197266,
          "acoustic_entropy_side": 12.860641479492188,
          "hz": 6219.891507268283
        },
        {
          "acoustic_entropy": 12.952803611755371,
          "acoustic_entropy_side": 12.860593795776367,
          "hz": 6832.70888123896
        },
        {
          "acoustic_entropy": 12.813475608825684,
          "acoustic_entropy_side": 12.860572814941406,
          "hz": 7499.796634079867
        },
        {
          "acoustic_entropy": 13.02462387084961,
          "acoustic_entropy_side": 12.860589981079102,
          "hz": 8225.96088609342
        },
        {
          "acoustic_entropy": 13.035665512084961,
          "acoustic_entropy_side": 12.86058235168457,
          "hz": 9016.43338188839
        },
        {
          "acoustic_entropy": 12.896580696105957,
          "acoustic_entropy_side": 12.860572814941406,
          "hz": 9876.909183162974
        },
        {
          "acoustic_entropy": 12.865411758422852,
          "acoustic_entropy_side": 12.860569953918457,
          "hz": 10813.587699516042
        },
        {
          "acoustic_entropy": 12.86641788482666,
          "acoustic_entropy_side": 12.860572814941406,
          "hz": 11833.21735289826
        },
        {
          "acoustic_entropy": 12.868146896362305,
          "acoustic_entropy_side": 12.860573768615723,
          "hz": 12943.144197493959
        },
        {
          "acoustic_entropy": 12.864266395568848,
          "acoustic_entropy_side": 12.860570907592773,
          "hz": 14151.364845322005
        },
        {
          "acoustic_entropy": 12.86110782623291,
          "acoustic_entropy_side": 12.860568046569824,
          "hz": 15466.58407886509
        },
        {
          "acoustic_entropy": 12.860595703125,
          "acoustic_entropy_side": 12.860568046569824,
          "hz": 16898.27756580493
        },
        {
          "acoustic_entropy": 12.860567092895508,
          "acoustic_entropy_side": 12.860568046569824,
          "hz": 18456.760127700032
        },
        {
          "acoustic_entropy": 12.860570907592773,
          "acoustic_entropy_side": 12.860568046569824,
          "hz": 20153.260054456492
        },
        {
          "acoustic_entropy": 12.860568046569824,
          "acoustic_entropy_side": 12.860568046569824,
          "hz": 22000.00000000001
        }
      ],
      "diff_acoustic_entropy": 14.219273567199707,
      "sn": 12
    },
    {
      "acoustic_entropy": 18.14193344116211,
      "acoustic_entropy_mono": 18.08759307861328,
      "band_eliminated_acoustic_entropies": [
        {
          "acoustic_entropy": 18.12438201904297,
          "acoustic_entropy_side": 18.14193344116211,
          "hz": 129.47220167065723
        },
        {
          "acoustic_entropy": 18.322614669799805,
          "acoustic_entropy_side": 18.14193344116211,
          "hz": 202.92927478742237
        },
        {
          "acoustic_entropy": 17.97652816772461,
          "acoustic_entropy_side": 18.14193344116211,
          "hz": 282.89161906338205
        },
        {
          "acoustic_entropy": 17.868099212646484,
          "acoustic_entropy_side": 18.14193344116211,
          "hz": 369.9353335868758
        },
        {
          "acoustic_entropy": 18.005292892456055,
          "acoustic_entropy_side": 18.14194107055664,
          "hz": 464.6875360973435
        },
        {
          "acoustic_entropy": 18.36587905883789,
          "acoustic_entropy_side": 18.14198875427246,
          "hz": 567.8308811364784
        },
        {
          "acoustic_entropy": 16.903032302856445,
          "acoustic_entropy_side": 18.141626358032227,
          "hz": 680.1084783214808
        },
        {
          "acoustic_entropy": 18.615299224853516,
          "acoustic_entropy_side": 18.142921447753906,
          "hz": 802.3292461747484
        },
        {
          "acoustic_entropy": 17.805248260498047,
          "acoustic_entropy_side": 18.14189910888672,
          "hz": 935.3737400823702
        },
        {
          "acoustic_entropy": 18.192974090576172,
          "acoustic_entropy_side": 18.141443252563477,
          "hz": 1080.2004963696966
        },
        {
          "acoustic_entropy": 18.396686553955078,
          "acoustic_entropy_side": 18.141969680786133,
          "hz": 1237.8529382007157
        },
        {
          "acoustic_entropy": 16.515962600708008,
          "acoustic_entropy_side": 18.141128540039062,
          "hz": 1409.4668930556702
        },
        {
          "acoustic_entropy": 17.573970794677734,
          "acoustic_entropy_side": 18.141897201538086,
          "hz": 1596.2787759475705
        },
        {
          "acoustic_entropy": 17.22397232055664,
          "acoustic_entropy_side": 18.139087677001953,
          "hz": 1799.6344973346393
        },
        {
          "acoustic_entropy": 17.699411392211914,
          "acoustic_entropy_side": 18.138782501220703,
          "hz": 2020.9991599069049
        },
        {
          "acoustic_entropy": 17.930931091308594,
          "acoustic_entropy_side": 18.142187118530273,
          "hz": 2261.9676141086993
        },
        {
          "acoustic_entropy": 18.457000732421875,
          "acoustic_entropy_side": 18.148788452148438,
          "hz": 2524.2759484456974
        },
        {
          "acoustic_entropy": 17.793989181518555,
