{
  "acoustic_entropy": 209.15115356445312,
  "bands": [
    {
      "high_freq": 148.1999969482422,
      "loudness": -26.500856399536133,
      "loudness_range": 9.681282043457031,
      "mid_mean": -23.025287628173828,
      "mid_to_side_loudness": -22.236347198486328,
      "mid_to_side_loudness_range": 26.76146125793457,
      "side_mean": -46.798675537109375
    },
    {
      "high_freq": 392.3793640136719,
      "loudness": -23.8975772857666,
      "loudness_range": 10.000654220581055,
      "low_freq": 148.1999969482422,
      "mid_mean": -20.73657989501953,
      "mid_to_side_loudness": -10.216960906982422,
      "mid_to_side_loudness_range": 13.091055870056152,
      "side_mean": -31.334270477294922
    },
    {
      "high_freq": 794.6976318359375,
      "loudness": -23.76216697692871,
      "loudness_range": 15.478586196899414,
      "low_freq": 392.3793640136719,
      "mid_mean": -20.704687118530273,
      "mid_to_side_loudness": -9.7759428024292,
      "mid_to_side_loudness_range": 13.399060249328613,
      "side_mean": -30.754840850830078
    },
    {
      "high_freq": 1457.5709228515625,
      "loudness": -22.92030906677246,
      "loudness_range": 10.981979370117188,
      "low_freq": 794.6976318359375,
      "mid_mean": -19.809762954711914,
      "mid_to_side_loudness": -9.985180854797363,
      "mid_to_side_loudness_range": 13.657159805297852,
      "side_mean": -30.39519500732422
    },
    {
      "high_freq": 2549.74365234375,
      "loudness": -23.25446128845215,
      "loudness_range": 20.4011287689209,
      "low_freq": 1457.5709228515625,
      "mid_mean": -20.28432846069336,
      "mid_to_side_loudness": -9.326215744018555,
      "mid_to_side_loudness_range": 13.435805320739746,
      "side_mean": -31.263751983642578
    },
    {
      "high_freq": 4349.24462890625,
      "loudness": -23.091331481933594,
      "loudness_range": 24.141578674316406,
      "low_freq": 2549.74365234375,
      "mid_mean": -20.15439224243164,
      "mid_to_side_loudness": -11.342249870300293,
      "mid_to_side_loudness_range": 13.42831802368164,
      "side_mean": -32.27421951293945
    },
    {
      "high_freq": 7314.1640625,
      "loudness": -24.47784423828125,
      "loudness_range": 12.420648574829102,
      "low_freq": 4349.24462890625,
      "mid_mean": -21.39938735961914,
      "mid_to_side_loudness": -12.693238258361816,
      "mid_to_side_loudness_range": 18.795602798461914,
      "side_mean": -37.235084533691406
    },
    {
      "high_freq": 12199.2666015625,
      "loudness": -31.03797149658203,
      "loudness_range": 7.579044342041016,
      "low_freq": 7314.1640625,
      "mid_mean": -28.258644104003906,
      "mid_to_side_loudness": -7.331189155578613,
      "mid_to_side_loudness_range": 7.7046284675598145,
      "side_mean": -36.607933044433594
    },
    {
      "loudness": -34.45987319946289,
      "loudness_range": 4.447591781616211,
      "low_freq": 12199.2666015625,
      "mid_mean": -32.20887756347656,
      "mid_to_side_loudness": -5.7297258377075195,
      "mid_to_side_loudness_range": 2.784972667694092,
      "side_mean": -37.91742706298828
    }
  ],
  "bands_short": [
    {
      "high_freq": 148.1999969482422,
      "loudness": -29.20650863647461,
      "loudness_range": 13.9334716796875,
      "mid_mean": -26.022994995117188,
      "mid_to_side_loudness": -22.40740966796875,
      "mid_to_side_loudness_range": 31.648578643798828,
      "side_mean": -53.324440002441406
    },
    {
      "high_freq": 392.3793640136719,
      "loudness": -24.500431060791016,
      "loudness_range": 12.62248420715332,
      "low_freq": 148.1999969482422,
      "mid_mean": -21.45591926574707,
      "mid_to_side_loudness": -9.955649375915527,
      "mid_to_side_loudness_range": 16.265592575073242,
      "side_mean": -31.850435256958008
    },
    {
      "high_freq": 794.6976318359375,
      "loudness": -24.78181266784668,
      "loudness_range": 17.872621536254883,
      "low_freq": 392.3793640136719,
      "mid_mean": -21.891700744628906,
      "mid_to_side_loudness": -9.557796478271484,
      "mid_to_side_loudness_range": 17.618925094604492,
      "side_mean": -31.764911651611328
    },
    {
      "high_freq": 1457.5709228515625,
      "loudness": -23.77084732055664,
      "loudness_range": 15.157394409179688,
      "low_freq": 794.6976318359375,
      "mid_mean": -20.910520553588867,
      "mid_to_side_loudness": -9.189271926879883,
      "mid_to_side_loudness_range": 15.86983585357666,
      "side_mean": -30.669574737548828
    },
    {
      "high_freq": 2549.74365234375,
      "loudness": -24.309844970703125,
      "loudness_range": 21.885345458984375,
      "low_freq": 1457.5709228515625,
      "mid_mean": -21.552825927734375,
      "mid_to_side_loudness": -8.73047161102295,
      "mid_to_side_loudness_range": 14.96914005279541,
      "side_mean": -31.91462516784668
    },
    {
      "high_freq": 4349.24462890625,
      "loudness": -23.634469985961914,
      "loudness_range": 24.572277069091797,
      "low_freq": 2549.74365234375,
      "mid_mean": -20.70408058166504,
      "mid_to_side_loudness": -10.348896026611328,
      "mid_to_side_loudness_range": 16.665102005004883,
      "side_mean": -32.7371711730957
    },
    {
      "high_freq": 7314.1640625,
      "loudness": -25.552799224853516,
      "loudness_range": 16.750164031982422,
      "low_freq": 4349.24462890625,
      "mid_mean": -22.62674903869629,
      "mid_to_side_loudness": -11.661078453063965,
      "mid_to_side_loudness_range": 22.08277130126953,
      "side_mean": -37.97877883911133
    },
    {
      "high_freq": 12199.2666015625,
      "loudness": -31.98982048034668,
      "loudness_range": 11.717338562011719,
      "low_freq": 7314.1640625,
      "mid_mean": -29.67411231994629,
      "mid_to_side_loudness": -7.047471046447754,
      "mid_to_side_loudness_range": 10.06523323059082,
      "side_mean": -37.76518249511719
    },
    {
      "loudness": -35.65633010864258,
      "loudness_range": 11.863544464111328,
      "low_freq": 12199.2666015625,
      "mid_mean": -33.22614669799805,
      "mid_to_side_loudness": -6.001074314117432,
      "mid_to_side_loudness_range": 5.1971659660339355,
      "side_mean": -39.57963943481445
    }
  ],
  "bandwidth": 1029.59521484375,
  "channels": 2,
  "covariance": [
    [
      22.320035934448242,
      -1.5254896879196167,
      3.7232518196105957,
      -2.4858334064483643,
      7.423266410827637,
      3.1737732887268066,
      3.0055649280548096,
      1.138209342956543,
      17.433185577392578,
      17.408357620239258,
      19.68105125427246,
      17.136743545532227,
      13.63451862335205,
      18.230121612548828,
      3.7430613040924072,
      7.603436470031738,
      4.6556220054626465,
      3.956127166748047
    ],
    [
      -1.5254896879196167,
      41.753353118896484,
      -5.583596229553223,
      5.023528099060059,
      -11.605112075805664,
      -2.641958713531494,
      4.958590984344482,
      11.70201587677002,
      -7.802306175231934,
      -8.139784812927246,
      -17.790542602539062,
      -6.795443534851074,
      -11.654058456420898,
      -5.138800621032715,
      -1.1720813512802124,
      -2.2933847904205322,
      -2.7014145851135254,
      -3.722867012023926
    ],
    [
      3.7232518196105957,
      -5.583596229553223,
      15.958476066589355,
      5.388290882110596,
      3.8146920204162598,
      3.981718063354492,
      2.105534076690674,
      0.4626905024051666,
      8.258538246154785,
      7.1418914794921875,
      10.834362983703613,
      7.936521053314209,
      5.386623859405518,
      7.666852951049805,
      2.5149295330047607,
      4.147321701049805,
      2.292675495147705,
      1.1087390184402466
    ],
    [
      -2.4858334064483643,
      5.023528099060059,
      5.388290882110596,
      12.028098106384277,
      -0.29779016971588135,
      3.923426389694214,
      0.7794144153594971,
      1.7436437606811523,
      -3.5623297691345215,
      -2.5261828899383545,
      -5.751245021820068,
      -1.7225018739700317,
      -3.9516654014587402,
      -3.1371896266937256,
      0.937943160533905,
      -0.43697434663772583,
      1.6020182371139526,
      1.1094942092895508
    ],
    [
      7.423266410827637,
      -11.605112075805664,
      3.8146920204162598,
      -0.29779016971588135,
      32.09405517578125,
      17.688377380371094,
      3.080012321472168,
      -3.2065155506134033,
      13.999529838562012,
      22.235977172851562,
      26.734790802001953,
      21.882020950317383,
      18.296838760375977,
      11.655450820922852,
      7.519944190979004,
      5.479034423828125,
      5.2375874519348145,
      2.62504506111145
    ],
    [
      3.1737732887268066,
      -2.641958713531494,
      3.981718063354492,
      3.923426389694214,
      17.688377380371094,
      25.29364585876465,
      2.3674283027648926,
      3.269855260848999,
      10.781355857849121,
      20.95191192626953,
      14.385744094848633,
      21.844083786010742,
      5.447469711303711,
      12.874938011169434,
      6.0860514640808105,
      6.147900581359863,
      2.0461628437042236,
      -0.9258710741996765
    ],
    [
      3.0055649280548096,
      4.958590984344482,
      2.105534076690674,
      0.7794144153594971,
      3.080012321472168,
      2.3674283027648926,
      24.670917510986328,
      11.99696159362793,
      18.424978256225586,
      9.590267181396484,
      10.826833724975586,
      8.81637954711914,
      10.808996200561523,
      8.290621757507324,
      0.10905267298221588,
      3.0401289463043213,
      -0.7903622984886169,
      -0.9189170598983765
    ],
    [
      1.138209342956543,
      11.70201587677002,
      0.4626905024051666,
      1.7436437606811523,
      -3.2065155506134033,
      3.269855260848999,
      11.99696159362793,
      19.735702514648438,
      8.060840606689453,
      10.14618968963623,
      1.1646294593811035,
      10.71827507019043,
      0.05034967511892319,
      8.726998329162598,
      -0.09514714032411575,
      1.8464012145996094,
      -2.869713068008423,
      -3.719221591949463
    ],
    [
      17.433185577392578,
      -7.802306175231934,
      8.258538246154785,
      -3.5623297691345215,
      13.999529838562012,
      10.781355857849121,
      18.424978256225586,
      8.060840606689453,
      60.38227844238281,
      41.18156433105469,
      48.01805114746094,
      39.30978775024414,
      24.14047622680664,
      39.171722412109375,
      7.177051544189453,
      16.581768035888672,
      1.7378662824630737,
      -0.07701308280229568
    ],
    [
      17.408357620239258,
      -8.139784812927246,
      7.1418914794921875,
      -2.5261828899383545,
      22.235977172851562,
      20.95191192626953,
      9.590267181396484,
      10.14618968963623,
      41.18156433105469,
      57.17122268676758,
      46.393714904785156,
      52.27141571044922,
      19.884977340698242,
      40.627532958984375,
      8.718074798583984,
      13.262986183166504,
      0.5543248653411865,
      -2.509596347808838
    ],
    [
      19.68105125427246,
      -17.790542602539062,
      10.834362983703613,
      -5.751245021820068,
      26.734790802001953,
      14.385744094848633,
      10.826833724975586,
      1.1646294593811035,
      48.01805114746094,
      46.393714904785156,
      72.78960418701172,
      49.30952453613281,
      35.939208984375,
      40.0289306640625,
      10.53609561920166,
      17.156187057495117,
      3.5999491214752197,
      1.0104695558547974
    ],
    [
      17.136743545532227,
      -6.795443534851074,
      7.936521053314209,
      -1.7225018739700317,
      21.882020950317383,
      21.844083786010742,
      8.81637954711914,
      10.71827507019043,
      39.30978775024414,
      52.27141571044922,
      49.30952453613281,
      58.33159255981445,
      20.137617111206055,
      41.99711608886719,
      8.796465873718262,
      14.862707138061523,
      1.590491771697998,
      -1.378072738647461
    ],
    [
      13.63451862335205,
      -11.654058456420898,
      5.386623859405518,
      -3.9516654014587402,
      18.296838760375977,
      5.447469711303711,
      10.808996200561523,
      0.05034967511892319,
      24.14047622680664,
      19.884977340698242,
      35.939208984375,
      20.137617111206055,
      45.79448699951172,
      16.37989044189453,
      9.660210609436035,
      10.096776008605957,
      5.622537136077881,
      2.898549795150757
    ],
    [
      18.230121612548828,
      -5.138800621032715,
      7.666852951049805,
      -3.1371896266937256,
      11.655450820922852,
      12.874938011169434,
      8.290621757507324,
      8.726998329162598,
      39.171722412109375,
      40.627532958984375,
      40.0289306640625,
      41.99711608886719,
      16.37989044189453,
      52.956268310546875,
      9.159302711486816,
      19.144508361816406,
      4.784067153930664,
      1.7191665172576904
    ],
    [
      3.7430613040924072,
      -1.1720813512802124,
      2.5149295330047607,
      0.937943160533905,
      7.519944190979004,
      6.0860514640808105,
      0.10905267298221588,
      -0.09514714032411575,
      7.177051544189453,
      8.718074798583984,
      10.53609561920166,
      8.796465873718262,
      9.660210609436035,
      9.159302711486816,
      17.17000389099121,
      11.19071102142334,
      8.431293487548828,
      4.620937824249268
    ],
    [
      7.603436470031738,
      -2.2933847904205322,
      4.147321701049805,
      -0.43697434663772583,
      5.479034423828125,
      6.147900581359863,
      3.0401289463043213,
      1.8464012145996094,
      16.581768035888672,
      13.262986183166504,
      17.156187057495117,
      14.862707138061523,
      10.096776008605957,
      19.144508361816406,
      11.19071102142334,
      27.20241355895996,
      9.014958381652832,
      7.9415059089660645
    ],
    [
      4.6556220054626465,
      -2.7014145851135254,
      2.292675495147705,
      1.6020182371139526,
      5.2375874519348145,
      2.0461628437042236,
      -0.7903622984886169,
      -2.869713068008423,
      1.7378662824630737,
      0.5543248653411865,
      3.5999491214752197,
      1.590491771697998,
      5.622537136077881,
      4.784067153930664,
      8.431293487548828,
      9.014958381652832,
      15.924439430236816,
      14.29267406463623
    ],
    [
      3.956127166748047,
      -3.722867012023926,
      1.1087390184402466,
      1.1094942092895508,
      2.62504506111145,
      -0.9258710741996765,
      -0.9189170598983765,
      -3.719221591949463,
      -0.07701308280229568,
      -2.509596347808838,
      1.0104695558547974,
      -1.378072738647461,
      2.898549795150757,
      1.7191665172576904,
      4.620937824249268,
      7.9415059089660645,
      14.29267406463623,
      19.17762565612793
    ]
  ],
  "covariance_short": [
    [
      44.566158294677734,
      7.307614803314209,
      4.5709075927734375,
      -3.858893632888794,
      13.347153663635254,
      8.198588371276855,
      4.721898555755615,
      2.0069572925567627,
      18.937583923339844,
      21.90275764465332,
      22.44327735900879,
      22.135801315307617,
      12.160870552062988,
      14.377765655517578,
      8.605938911437988,
      8.041348457336426,
      3.877300500869751,
      3.768470287322998
    ],
    [
      7.307614803314209,
      57.67741775512695,
      4.504152297973633,
      4.197094440460205,
      0.766775369644165,
      3.5369420051574707,
      10.856510162353516,
      11.847115516662598,
      15.602702140808105,
      15.803428649902344,
      10.060297966003418,
      17.454280853271484,
      0.6151427626609802,
      15.612263679504395,
      2.8682546615600586,
      2.887918472290039,
      -5.075022220611572,
      -6.344081401824951
    ],
    [
      4.5709075927734375,
      4.504152297973633,
      22.188053131103516,
      4.559750556945801,
      3.4087820053100586,
      1.1111866235733032,
      3.9001545906066895,
      1.9087635278701782,
      6.91351842880249,
      3.712379217147827,
      7.011204719543457,
      5.228644371032715,
      4.975231647491455,
      7.263202667236328,
      5.371335029602051,
      4.611067771911621,
      4.375307559967041,
      4.055219650268555
    ],
    [
      -3.858893632888794,
      4.197094440460205,
      4.559750556945801,
      15.751644134521484,
      -3.2823519706726074,
      1.0417557954788208,
      -0.20966950058937073,
      1.9575300216674805,
      -4.976848602294922,
      -5.251750469207764,
      -8.485798835754395,
      -4.067692279815674,
      -6.747478008270264,
      -4.039812088012695,
      -1.213964581489563,
      -1.8773545026779175,
      0.4800451099872589,
      0.14634458720684052
    ],
    [
      13.347153663635254,
      0.766775369644165,
      3.4087820053100586,
      -3.2823519706726074,
      43.9172477722168,
      19.29848861694336,
      8.720333099365234,
      0.17719407379627228,
      19.344287872314453,
      23.45099449157715,
      28.74455451965332,
      24.043453216552734,
      22.10708999633789,
      12.843213081359863,
      10.195497512817383,
      8.172934532165527,
      6.2007155418396,
      4.484315872192383
    ],
    [
      8.198588371276855,
      3.5369420051574707,
      1.1111866235733032,
      1.0417557954788208,
      19.29848861694336,
      29.934329986572266,
      3.957458257675171,
      5.9374308586120605,
      11.904448509216309,
      20.607627868652344,
      13.685214042663574,
      21.571380615234375,
      7.740262508392334,
      13.603058815002441,
      7.768267631530762,
      7.518788814544678,
      2.3996500968933105,
      0.7586568593978882
    ],
    [
      4.721898555755615,
      10.856510162353516,
      3.9001545906066895,
      -0.20966950058937073,
      8.720333099365234,
      3.957458257675171,
      38.92396545410156,
      16.514081954956055,
      25.264995574951172,
      15.607780456542969,
      14.616182327270508,
      15.0180082321167,
      16.976207733154297,
      9.576895713806152,
      3.700789451599121,
      4.915486812591553,
      0.09487399458885193,
      -0.5816404819488525
    ],
    [
      2.0069572925567627,
      11.847115516662598,
      1.9087635278701782,
      1.9575300216674805,
      0.17719407379627228,
      5.9374308586120605,
      16.514081954956055,
      27.131860733032227,
      12.341938018798828,
      16.25792121887207,
      6.150183200836182,
      16.051626205444336,
      3.472789764404297,
      12.589607238769531,
      3.562894344329834,
      4.637655258178711,
      -1.7737942934036255,
      -2.4869275093078613
    ],
    [
      18.937583923339844,
      15.602702140808105,
      6.91351842880249,
      -4.976848602294922,
      19.344287872314453,
      11.904448509216309,
      25.264995574951172,
      12.341938018798828,
      70.70902252197266,
      45.616058349609375,
      51.00090026855469,
      44.67596435546875,
      34.6914176940918,
      39.8192253112793,
      19.46233367919922,
      21.00658416748047,
      2.653925657272339,
      1.6547765731811523
    ],
    [
      21.90275764465332,
      15.803428649902344,
      3.712379217147827,
      -5.251750469207764,
      23.45099449157715,
      20.607627868652344,
      15.607780456542969,
      16.25792121887207,
      45.616058349609375,
      61.33478546142578,
      42.64058303833008,
      55.03736114501953,
      22.272706985473633,
      41.987125396728516,
      17.301956176757812,
      18.289377212524414,
      0.7502464652061462,
      -0.40252503752708435
    ],
    [
      22.44327735900879,
      10.060297966003418,
      7.011204719543457,
      -8.485798835754395,
      28.74455451965332,
      13.685214042663574,
      14.616182327270508,
      6.150183200836182,
      51.00090026855469,
      42.64058303833008,
      76.23072814941406,
      47.79660415649414,
      45.978206634521484,
      37.697933197021484,
      20.426591873168945,
      19.803913116455078,
      5.9703474044799805,
      3.5718934535980225
    ],
    [
      22.135801315307617,
      17.454280853271484,
      5.228644371032715,
      -4.067692279815674,
      24.043453216552734,
      21.571380615234375,
      15.0180082321167,
      16.051626205444336,
      44.67596435546875,
      55.03736114501953,
      47.79660415649414,
      65.60313415527344,
      22.227203369140625,
      45.502037048339844,
      16.64917755126953,
      18.488309860229492,
      2.359851121902466,
      1.32172691822052
    ],
    [
      12.160870552062988,
      0.6151427626609802,
      4.975231647491455,
      -6.747478008270264,
      22.10708999633789,
      7.740262508392334,
      16.976207733154297,
      3.472789764404297,
      34.6914176940918,
      22.272706985473633,
      45.978206634521484,
      22.227203369140625,
      61.17107391357422,
      17.433656692504883,
      24.399635314941406,
      21.151708602905273,
      9.225736618041992,
      5.870843410491943
    ],
    [
      14.377765655517578,
      15.612263679504395,
      7.263202667236328,
      -4.039812088012695,
      12.843213081359863,
      13.603058815002441,
      9.576895713806152,
      12.589607238769531,
      39.8192253112793,
      41.987125396728516,
      37.697933197021484,
      45.502037048339844,
      17.433656692504883,
      63.75732421875,
      21.46312713623047,
      26.574153900146484,
      7.5228118896484375,
      8.577939987182617
    ],
    [
      8.605938911437988,
      2.8682546615600586,
      5.371335029602051,
      -1.213964581489563,
      10.195497512817383,
      7.768267631530762,
      3.700789451599121,
      3.562894344329834,
      19.46233367919922,
      17.301956176757812,
      20.426591873168945,
      16.64917755126953,
      24.399635314941406,
      21.46312713623047,
      37.758174896240234,
      30.24022102355957,
      15.96638011932373,
      13.471110343933105
    ],
    [
      8.041348457336426,
      2.887918472290039,
      4.611067771911621,
      -1.8773545026779175,
      8.172934532165527,
      7.518788814544678,
      4.915486812591553,
      4.637655258178711,
      21.00658416748047,
      18.289377212524414,
      19.803913116455078,
      18.488309860229492,
      21.151708602905273,
      26.574153900146484,
      30.24022102355957,
      40.03840637207031,
      15.994893074035645,
      19.64349365234375
    ],
    [
      3.877300500869751,
      -5.075022220611572,
      4.375307559967041,
      0.4800451099872589,
      6.2007155418396,
      2.3996500968933105,
      0.09487399458885193,
      -1.7737942934036255,
      2.653925657272339,
      0.7502464652061462,
      5.9703474044799805,
      2.359851121902466,
      9.225736618041992,
      7.5228118896484375,
      15.96638011932373,
      15.994893074035645,
      25.242843627929688,
      24.96708869934082
    ],
    [
      3.768470287322998,
      -6.344081401824951,
      4.055219650268555,
      0.14634458720684052,
      4.484315872192383,
      0.7586568593978882,
      -0.5816404819488525,
      -2.4869275093078613,
      1.6547765731811523,
      -0.40252503752708435,
      3.5718934535980225,
      1.32172691822052,
      5.870843410491943,
      8.577939987182617,
      13.471110343933105,
      19.64349365234375,
      24.96708869934082,
      36.16648483276367
    ]
  ],
  "damage": -9.196819305419922,
  "diff_bandwidth": 1038.8922119140625,
  "dissonance": 11.334806579898016,
  "drr": 14.887588500976562,
  "dynamics": 3.0376994609832764,
  "format": 1245190,
  "frames": 5107648,
  "loudness": -10.813407897949219,
  "loudness_range": 7.923791408538818,
  "loudness_range_short": 9.916465759277344,
  "lowpass_true_peak_15khz": -1.2822706699371338,
  "mastering3_acoustic_entropies": [
    {
      "acoustic_entropy": 9.455632209777832,
      "acoustic_entropy_mono": 9.765652656555176,
      "band_eliminated_acoustic_entropies": [
        {
          "acoustic_entropy": 9.456600189208984,
          "acoustic_entropy_side": 9.45562744140625,
          "hz": 129.47220167065723
        },
        {
          "acoustic_entropy": 9.583391189575195,
          "acoustic_entropy_side": 9.456879615783691,
          "hz": 202.92927478742237
        },
        {
          "acoustic_entropy": 9.403788566589355,
          "acoustic_entropy_side": 9.450512886047363,
          "hz": 282.89161906338205
        },
        {
          "acoustic_entropy": 10.056848526000977,
          "acoustic_entropy_side": 9.434630393981934,
          "hz": 369.9353335868758
        },
        {
          "acoustic_entropy": 9.223716735839844,
          "acoustic_entropy_side": 9.489572525024414,
          "hz": 464.6875360973435
        },
        {
          "acoustic_entropy": 9.17102336883545,
          "acoustic_entropy_side": 9.518274307250977,
          "hz": 567.8308811364784
        },
        {
          "acoustic_entropy": 8.836482048034668,
          "acoustic_entropy_side": 9.598431587219238,
          "hz": 680.1084783214808
        },
        {
          "acoustic_entropy": 9.086593627929688,
          "acoustic_entropy_side": 9.602596282958984,
          "hz": 802.3292461747484
        },
        {
          "acoustic_entropy": 10.350519180297852,
          "acoustic_entropy_side": 9.586287498474121,
          "hz": 935.3737400823702
        },
        {
          "acoustic_entropy": 9.579756736755371,
          "acoustic_entropy_side": 9.094900131225586,
          "hz": 1080.2004963696966
        },
        {
          "acoustic_entropy": 9.95063591003418,
          "acoustic_entropy_side": 9.627835273742676,
          "hz": 1237.8529382007157
        },
        {
          "acoustic_entropy": 9.166611671447754,
          "acoustic_entropy_side": 9.503768920898438,
          "hz": 1409.4668930556702
        },
        {
          "acoustic_entropy": 9.49533462524414,
          "acoustic_entropy_side": 9.505659103393555,
          "hz": 1596.2787759475705
        },
        {
          "acoustic_entropy": 9.12783145904541,
          "acoustic_entropy_side": 9.54163932800293,
          "hz": 1799.6344973346393
        },
        {
          "acoustic_entropy": 9.498443603515625,
          "acoustic_entropy_side": 9.4855375289917,
          "hz": 2020.9991599069049
        },
        {
          "acoustic_entropy": 9.964507102966309,
          "acoustic_entropy_side": 9.531957626342773,
          "hz": 2261.9676141086993
        },
        {
          "acoustic_entropy": 9.885441780090332,
          "acoustic_entropy_side": 9.517516136169434,
          "hz": 2524.2759484456974
        },
        {
          "acoustic_entropy": 9.46442699432373,
          "acoustic_entropy_side": 9.461207389831543,
          "hz": 2809.813997359896
        },
        {
          "acoustic_entropy": 9.414600372314453,
          "acoustic_entropy_side": 9.518199920654297,
          "hz": 3120.6389567871424
        },
        {
          "acoustic_entropy": 9.252418518066406,
          "acoustic_entropy_side": 9.512871742248535,
          "hz": 3458.990205492291
        },
        {
          "acoustic_entropy": 9.186453819274902,
          "acoustic_entropy_side": 9.499564170837402,
          "hz": 3827.305438964164
        },
        {
          "acoustic_entropy": 9.233465194702148,
          "acoustic_entropy_side": 9.454934120178223,
          "hz": 4228.238232109126
        },
        {
          "acoustic_entropy": 9.376980781555176,
          "acoustic_entropy_side": 9.470507621765137,
          "hz": 4664.6771572759235
        },
        {
          "acoustic_entropy": 9.373942375183105,
          "acoustic_entropy_side": 9.463078498840332,
          "hz": 5139.766595350093
        },
        {
          "acoustic_entropy": 9.387417793273926,
          "acoustic_entropy_side": 9.454903602600098,
          "hz": 5656.929389854203
        },
        {
          "acoustic_entropy": 9.093575477600098,
          "acoustic_entropy_side": 9.454402923583984,
          "hz": 6219.891507268283
        },
        {
          "acoustic_entropy": 9.285057067871094,
          "acoustic_entropy_side": 9.453166007995605,
          "hz": 6832.70888123896
        },
        {
          "acoustic_entropy": 9.370221138000488,
          "acoustic_entropy_side": 9.451778411865234,
          "hz": 7499.796634079867
        },
        {
          "acoustic_entropy": 9.325613021850586,
          "acoustic_entropy_side": 9.449714660644531,
          "hz": 8225.96088609342
        },
        {
          "acoustic_entropy": 9.438440322875977,
          "acoustic_entropy_side": 9.447060585021973,
          "hz": 9016.43338188839
        },
        {
          "acoustic_entropy": 9.619577407836914,
          "acoustic_entropy_side": 9.447746276855469,
          "hz": 9876.909183162974
        },
        {
          "acoustic_entropy": 9.552230834960938,
          "acoustic_entropy_side": 9.448451042175293,
          "hz": 10813.587699516042
        },
        {
          "acoustic_entropy": 9.455988883972168,
          "acoustic_entropy_side": 9.435101509094238,
          "hz": 11833.21735289826
        },
        {
          "acoustic_entropy": 9.559470176696777,
          "acoustic_entropy_side": 9.380721092224121,
          "hz": 12943.144197493959
        },
        {
          "acoustic_entropy": 9.234149932861328,
          "acoustic_entropy_side": 9.443072319030762,
          "hz": 14151.364845322005
        },
        {
          "acoustic_entropy": 9.29465389251709,
          "acoustic_entropy_side": 9.442014694213867,
          "hz": 15466.58407886509
        },
        {
          "acoustic_entropy": 9.37305736541748,
          "acoustic_entropy_side": 9.446992874145508,
          "hz": 16898.27756580493
        },
        {
          "acoustic_entropy": 9.339077949523926,
          "acoustic_entropy_side": 9.441697120666504,
          "hz": 18456.760127700032
        },
        {
          "acoustic_entropy": 9.451067924499512,
          "acoustic_entropy_side": 9.4293851852417,
          "hz": 20153.260054456492
        },
        {
          "acoustic_entropy": 9.382162094116211,
          "acoustic_entropy_side": 9.447036743164062,
          "hz": 22000.00000000001
        }
      ],
      "diff_acoustic_entropy": 7.209344387054443,
      "sn": 6
    },
    {
      "acoustic_entropy": 13.857115745544434,
      "acoustic_entropy_mono": 14.377701759338379,
      "band_eliminated_acoustic_entropies": [
        {
          "acoustic_entropy": 13.889132499694824,
          "acoustic_entropy_side": 13.856846809387207,
          "hz": 129.47220167065723
        },
        {
          "acoustic_entropy": 14.001459121704102,
          "acoustic_entropy_side": 13.845541000366211,
          "hz": 202.92927478742237
        },
        {
          "acoustic_entropy": 14.37849235534668,
          "acoustic_entropy_side": 13.92618465423584,
          "hz": 282.89161906338205
        },
        {
          "acoustic_entropy": 14.493001937866211,
          "acoustic_entropy_side": 14.013826370239258,
          "hz": 369.9353335868758
        },
        {
          "acoustic_entropy": 12.920574188232422,
          "acoustic_entropy_side": 14.129755020141602,
          "hz": 464.6875360973435
        },
        {
          "acoustic_entropy": 13.795674324035645,
          "acoustic_entropy_side": 14.038566589355469,
          "hz": 567.8308811364784
        },
        {
          "acoustic_entropy": 13.392057418823242,
          "acoustic_entropy_side": 14.6244535446167,
          "hz": 680.1084783214808
        },
        {
          "acoustic_entropy": 13.372179985046387,
          "acoustic_entropy_side": 14.40484619140625,
          "hz": 802.3292461747484
        },
        {
          "acoustic_entropy": 14.425346374511719,
          "acoustic_entropy_side": 13.865679740905762,
          "hz": 935.3737400823702
        },
        {
          "acoustic_entropy": 13.639354705810547,
          "acoustic_entropy_side": 13.910475730895996,
          "hz": 1080.2004963696966
        },
        {
          "acoustic_entropy": 14.214025497436523,
          "acoustic_entropy_side": 13.831567764282227,
          "hz": 1237.8529382007157
        },
        {
          "acoustic_entropy": 13.483213424682617,
          "acoustic_entropy_side": 13.680237770080566,
          "hz": 1409.4668930556702
        },
        {
          "acoustic_entropy": 13.614562034606934,
          "acoustic_entropy_side": 14.022048950195312,
          "hz": 1596.2787759475705
        },
        {
          "acoustic_entropy": 13.60162353515625,
          "acoustic_entropy_side": 13.903712272644043,
          "hz": 1799.6344973346393
        },
        {
          "acoustic_entropy": 13.979703903198242,
          "acoustic_entropy_side": 13.809280395507812,
          "hz": 2020.9991599069049
        },
        {
          "acoustic_entropy": 13.34289264678955,
          "acoustic_entropy_side": 13.875269889831543,
          "hz": 2261.9676141086993
        },
        {
          "acoustic_entropy": 14.343731880187988,
          "acoustic_entropy_side": 13.898466110229492,
          "hz": 2524.2759484456974
        },
        {
          "acoustic_entropy": 14.256771087646484,
          "acoustic_entropy_side": 13.944103240966797,
          "hz": 2809.813997359896
        },
        {
          "acoustic_entropy": 14.038646697998047,
          "acoustic_entropy_side": 13.841588020324707,
          "hz": 3120.6389567871424
        },
        {
          "acoustic_entropy": 13.911224365234375,
          "acoustic_entropy_side": 13.845695495605469,
          "hz": 3458.990205492291
        },
        {
          "acoustic_entropy": 14.102362632751465,
          "acoustic_entropy_side": 13.79251766204834,
          "hz": 3827.305438964164
        },
        {
          "acoustic_entropy": 13.813201904296875,
          "acoustic_entropy_side": 13.931644439697266,
          "hz": 4228.238232109126
        },
        {
          "acoustic_entropy": 13.922451972961426,
          "acoustic_entropy_side": 13.843291282653809,
          "hz": 4664.6771572759235
        },
        {
          "acoustic_entropy": 13.838635444641113,
          "acoustic_entropy_side": 13.915494918823242,
          "hz": 5139.766595350093
        },
        {
          "acoustic_entropy": 13.843409538269043,
          "acoustic_entropy_side": 13.908201217651367,
          "hz": 5656.929389854203
        },
        {
          "acoustic_entropy": 13.932008743286133,
          "acoustic_entropy_side": 13.850785255432129,
          "hz": 6219.891507268283
        },
        {
          "acoustic_entropy": 14.021039009094238,
          "acoustic_entropy_side": 13.87417984008789,
          "hz": 6832.70888123896
        },
        {
          "acoustic_entropy": 13.72016429901123,
          "acoustic_entropy_side": 13.851715087890625,
          "hz": 7499.796634079867
        },
        {
          "acoustic_entropy": 13.952183723449707,
          "acoustic_entropy_side": 13.960366249084473,
          "hz": 8225.96088609342
        },
        {
          "acoustic_entropy": 13.896029472351074,
          "acoustic_entropy_side": 13.967646598815918,
          "hz": 9016.43338188839
        },
        {
          "acoustic_entropy": 13.800402641296387,
          "acoustic_entropy_side": 13.947083473205566,
          "hz": 9876.909183162974
        },
        {
          "acoustic_entropy": 13.620255470275879,
          "acoustic_entropy_side": 13.922192573547363,
          "hz": 10813.587699516042
        },
        {
          "acoustic_entropy": 13.943575859069824,
          "acoustic_entropy_side": 13.910712242126465,
          "hz": 11833.21735289826
        },
        {
          "acoustic_entropy": 14.323880195617676,
          "acoustic_entropy_side": 14.129262924194336,
          "hz": 12943.144197493959
        },
        {
          "acoustic_entropy": 13.887238502502441,
          "acoustic_entropy_side": 13.910501480102539,
          "hz": 14151.364845322005
        },
        {
          "acoustic_entropy": 14.078190803527832,
          "acoustic_entropy_side": 13.955524444580078,
          "hz": 15466.58407886509
        },
        {
          "acoustic_entropy": 13.987312316894531,
          "acoustic_entropy_side": 13.921991348266602,
          "hz": 16898.27756580493
        },
        {
          "acoustic_entropy": 14.19041633605957,
          "acoustic_entropy_side": 13.934368133544922,
          "hz": 18456.760127700032
        },
        {
          "acoustic_entropy": 14.231193542480469,
          "acoustic_entropy_side": 14.03704833984375,
          "hz": 20153.260054456492
        },
        {
          "acoustic_entropy": 14.194716453552246,
          "acoustic_entropy_side": 13.906954765319824,
          "hz": 22000.00000000001
        }
      ],
      "diff_acoustic_entropy": 11.687662124633789,
      "sn": 12
    },
    {
      "acoustic_entropy": 20.20530128479004,
      "acoustic_entropy_mono": 19.533531188964844,
      "band_eliminated_acoustic_entropies": [
        {
          "acoustic_entropy": 20.215017318725586,
          "acoustic_entropy_side": 20.224287033081055,
          "hz": 129.47220167065723
        },
        {
          "acoustic_entropy": 20.55828285217285,
          "acoustic_entropy_side": 20.18758773803711,
          "hz": 202.92927478742237
        },
        {
          "acoustic_entropy": 20.88554573059082,
          "acoustic_entropy_side": 19.953672409057617,
          "hz": 282.89161906338205
        },
        {
          "acoustic_entropy": 19.948524475097656,
          "acoustic_entropy_side": 20.20806121826172,
          "hz": 369.9353335868758
        },
        {
          "acoustic_entropy": 19.92446517944336,
          "acoustic_entropy_side": 20.155237197875977,
          "hz": 464.6875360973435
        },
        {
          "acoustic_entropy": 19.113264083862305,
          "acoustic_entropy_side": 20.931640625,
          "hz": 567.8308811364784
        },
        {
          "acoustic_entropy": 20.50609588623047,
          "acoustic_entropy_side": 20.83399772644043,
          "hz": 680.1084783214808
        },
        {
          "acoustic_entropy": 20.6143856048584,
          "acoustic_entropy_side": 20.709548950195312,
          "hz": 802.3292461747484
        },
        {
          "acoustic_entropy": 19.396570205688477,
          "acoustic_entropy_side": 20.390817642211914,
          "hz": 935.3737400823702
        },
        {
          "acoustic_entropy": 21.197734832763672,
          "acoustic_entropy_side": 19.86661148071289,
          "hz": 1080.2004963696966
        },
        {
          "acoustic_entropy": 20.716880798339844,
          "acoustic_entropy_side": 20.351051330566406,
          "hz": 1237.8529382007157
        },
        {
          "acoustic_entropy": 19.629194259643555,
          "acoustic_entropy_side": 19.950260162353516,
          "hz": 1409.4668930556702
        },
        {
          "acoustic_entropy": 19.966215133666992,
          "acoustic_entropy_side": 20.13679313659668,
          "hz": 1596.2787759475705
        },
        {
          "acoustic_entropy": 20.523738861083984,
          "acoustic_entropy_side": 20.473814010620117,
          "hz": 1799.6344973346393
        },
        {
          "acoustic_entropy": 20.689743041992188,
          "acoustic_entropy_side": 20.301700592041016,
          "hz": 2020.9991599069049
        },
        {
          "acoustic_entropy": 20.3210506439209,
          "acoustic_entropy_side": 20.226308822631836,
          "hz": 2261.9676141086993
        },
        {
          "acoustic_entropy": 20.288915634155273,
          "acoustic_entropy_side": 20.160207748413086,
          "hz": 2524.2759484456974
        },
        {
          "acoustic_entropy": 20.10503578186035,
          "acoustic_entropy_side": 20.272705078125,
