{
  "acoustic_entropy": 208.6442413330078,
  "bands": [
    {
      "high_freq": 148.1999969482422,
      "loudness": -35.19365692138672,
      "loudness_range": 32.555213928222656,
      "mid_mean": -35.90297317504883,
      "mid_to_side_loudness": 1.9895740747451782,
      "mid_to_side_loudness_range": 9.400041580200195,
      "side_mean": -33.91275405883789
    },
    {
      "high_freq": 392.3793640136719,
      "loudness": -26.700422286987305,
      "loudness_range": 19.74228858947754,
      "low_freq": 148.1999969482422,
      "mid_mean": -27.23158073425293,
      "mid_to_side_loudness": 1.9331870079040527,
      "mid_to_side_loudness_range": 7.274364471435547,
      "side_mean": -25.432645797729492
    },
    {
      "high_freq": 794.6976318359375,
      "loudness": -25.845827102661133,
      "loudness_range": 21.597455978393555,
      "low_freq": 392.3793640136719,
      "mid_mean": -26.53968048095703,
      "mid_to_side_loudness": 2.28429913520813,
      "mid_to_side_loudness_range": 6.19511604309082,
      "side_mean": -24.350435256958008
    },
    {
      "high_freq": 1457.5709228515625,
      "loudness": -25.756023406982422,
      "loudness_range": 19.864023208618164,
      "low_freq": 794.6976318359375,
      "mid_mean": -26.3964786529541,
      "mid_to_side_loudness": 2.0878090858459473,
      "mid_to_side_loudness_range": 5.6340508460998535,
      "side_mean": -24.311885833740234
    },
    {
      "high_freq": 2549.74365234375,
      "loudness": -26.955005645751953,
      "loudness_range": 16.858112335205078,
      "low_freq": 1457.5709228515625,
      "mid_mean": -27.461496353149414,
      "mid_to_side_loudness": 1.915880560874939,
      "mid_to_side_loudness_range": 5.169487953186035,
      "side_mean": -25.611547470092773
    },
    {
      "high_freq": 4349.24462890625,
      "loudness": -32.76197052001953,
      "loudness_range": 20.31964111328125,
      "low_freq": 2549.74365234375,
      "mid_mean": -32.985347747802734,
      "mid_to_side_loudness": 1.3025368452072144,
      "mid_to_side_loudness_range": 5.243846416473389,
      "side_mean": -31.694337844848633
    },
    {
      "high_freq": 7314.1640625,
      "loudness": -41.68012619018555,
      "loudness_range": 25.181690216064453,
      "low_freq": 4349.24462890625,
      "mid_mean": -42.32249069213867,
      "mid_to_side_loudness": 0.640003502368927,
      "mid_to_side_loudness_range": 5.4552903175354,
      "side_mean": -41.83422088623047
    },
    {
      "high_freq": 12199.2666015625,
      "loudness": -54.99740982055664,
      "loudness_range": 28.209884643554688,
      "low_freq": 7314.1640625,
      "mid_mean": -56.37910079956055,
      "mid_to_side_loudness": -1.874116063117981,
      "mid_to_side_loudness_range": 6.42317008972168,
      "side_mean": -57.763221740722656
    },
    {
      "loudness": -69.77479553222656,
      "loudness_range": 11.783649444580078,
      "low_freq": 12199.2666015625,
      "mid_mean": -65.66889953613281,
      "mid_to_side_loudness": -1.6758198738098145,
      "mid_to_side_loudness_range": 2.89282488822937,
      "side_mean": -66.73915100097656
    }
  ],
  "bands_short": [
    {
      "high_freq": 148.1999969482422,
      "loudness": -38.35587692260742,
      "loudness_range": 31.359603881835938,
      "mid_mean": -38.852203369140625,
      "mid_to_side_loudness": 1.0043596029281616,
      "mid_to_side_loudness_range": 15.71805191040039,
      "side_mean": -37.821136474609375
    },
    {
      "high_freq": 392.3793640136719,
      "loudness": -26.36602020263672,
      "loudness_range": 21.46540641784668,
      "low_freq": 148.1999969482422,
      "mid_mean": -27.143321990966797,
      "mid_to_side_loudness": 2.1848349571228027,
      "mid_to_side_loudness_range": 10.072470664978027,
      "side_mean": -25.11003303527832
    },
    {
      "high_freq": 794.6976318359375,
      "loudness": -26.162931442260742,
      "loudness_range": 21.713777542114258,
      "low_freq": 392.3793640136719,
      "mid_mean": -26.985551834106445,
      "mid_to_side_loudness": 2.3357701301574707,
      "mid_to_side_loudness_range": 8.71832275390625,
      "side_mean": -24.773202896118164
    },
    {
      "high_freq": 1457.5709228515625,
      "loudness": -25.504762649536133,
      "loudness_range": 19.941537857055664,
      "low_freq": 794.6976318359375,
      "mid_mean": -26.234479904174805,
      "mid_to_side_loudness": 2.1241214275360107,
      "mid_to_side_loudness_range": 7.923580646514893,
      "side_mean": -24.10787582397461
    },
    {
      "high_freq": 2549.74365234375,
      "loudness": -27.099281311035156,
      "loudness_range": 17.395307540893555,
      "low_freq": 1457.5709228515625,
      "mid_mean": -27.720212936401367,
      "mid_to_side_loudness": 1.949074387550354,
      "mid_to_side_loudness_range": 7.812105655670166,
      "side_mean": -25.835363388061523
    },
    {
      "high_freq": 4349.24462890625,
      "loudness": -33.000343322753906,
      "loudness_range": 21.286951065063477,
      "low_freq": 2549.74365234375,
      "mid_mean": -33.39440155029297,
      "mid_to_side_loudness": 1.3685486316680908,
      "mid_to_side_loudness_range": 8.453880310058594,
      "side_mean": -32.04695510864258
    },
    {
      "high_freq": 7314.1640625,
      "loudness": -42.06485366821289,
      "loudness_range": 27.288536071777344,
      "low_freq": 4349.24462890625,
      "mid_mean": -42.849037170410156,
      "mid_to_side_loudness": 0.738670825958252,
      "mid_to_side_loudness_range": 8.494573593139648,
      "side_mean": -42.1729621887207
    },
    {
      "high_freq": 12199.2666015625,
      "loudness": -54.974510192871094,
      "loudness_range": 28.887855529785156,
      "low_freq": 7314.1640625,
      "mid_mean": -57.02473449707031,
      "mid_to_side_loudness": -1.6645768880844116,
      "mid_to_side_loudness_range": 8.588602066040039,
      "side_mean": -58.22236633300781
    },
    {
      "loudness": -69.8664321899414,
      "loudness_range": 11.794910430908203,
      "low_freq": 12199.2666015625,
      "mid_mean": -65.71049499511719,
      "mid_to_side_loudness": -1.619101881980896,
      "mid_to_side_loudness_range": 3.452415704727173,
      "side_mean": -66.75477600097656
    }
  ],
  "bandwidth": 706.499267578125,
  "channels": 2,
  "covariance": [
    [
      127.73001861572266,
      127.20223999023438,
      67.22724914550781,
      69.93050384521484,
      64.30672454833984,
      65.88477325439453,
      58.89443588256836,
      57.42483139038086,
      47.39914321899414,
      45.138126373291016,
      46.73316192626953,
      44.84553909301758,
      52.936275482177734,
      55.55659103393555,
      57.076271057128906,
      53.1216926574707,
      18.602224349975586,
      12.787184715270996
    ],
    [
      127.20223999023438,
      138.6364288330078,
      68.08252716064453,
      71.18619537353516,
      65.81388092041016,
      67.58837890625,
      60.460533142089844,
      59.04359436035156,
      48.1358642578125,
      45.69795608520508,
      47.560028076171875,
      45.53302764892578,
      53.724708557128906,
      56.90349578857422,
      57.615623474121094,
      53.397125244140625,
      18.308284759521484,
      12.576815605163574
    ],
    [
      67.22724914550781,
      68.08252716064453,
      58.79823303222656,
      52.28933334350586,
      42.04417419433594,
      43.02619552612305,
      38.55052947998047,
      37.30695343017578,
      32.920291900634766,
      32.348628997802734,
      33.3203010559082,
      32.133460998535156,
      33.93730926513672,
      34.660884857177734,
      36.26292419433594,
      33.41809844970703,
      12.714964866638184,
      8.778032302856445
    ],
    [
      69.93050384521484,
      71.18619537353516,
      52.28933334350586,
      59.7078857421875,
      41.77050018310547,
      42.899925231933594,
      38.0466194152832,
      37.05536651611328,
      33.12911605834961,
      32.16608428955078,
      32.08456802368164,
      31.1491641998291,
      32.547943115234375,
      33.887786865234375,
      34.62592697143555,
      32.401756286621094,
      11.798337936401367,
      8.224678039550781
    ],
    [
      64.30672454833984,
      65.81388092041016,
      42.04417419433594,
      41.77050018310547,
      55.761287689208984,
      51.79936218261719,
      47.27021408081055,
      45.56304168701172,
      40.843013763427734,
      38.74089050292969,
      44.76364517211914,
      42.87233352661133,
      53.20378112792969,
      55.49650192260742,
      53.47865295410156,
      50.25428771972656,
      15.15676498413086,
      10.249706268310547
    ],
    [
      65.88477325439453,
      67.58837890625,
      43.02619552612305,
      42.899925231933594,
      51.79936218261719,
      55.182430267333984,
      47.01123046875,
      45.55190658569336,
      40.4105339050293,
      38.60038375854492,
      43.87405776977539,
      42.321693420410156,
      50.632911682128906,
      53.39164733886719,
      51.152854919433594,
      48.396995544433594,
      14.535608291625977,
      9.849660873413086
    ],
    [
      58.89443588256836,
      60.460533142089844,
      38.55052947998047,
      38.0466194152832,
      47.27021408081055,
      47.01123046875,
      54.119625091552734,
      48.357666015625,
      43.01552200317383,
      41.52018356323242,
      44.773380279541016,
      43.22690200805664,
      52.160675048828125,
      54.4915885925293,
      56.365325927734375,
      53.31978988647461,
      15.929121017456055,
      10.7385892868042
    ],
    [
      57.42483139038086,
      59.04359436035156,
      37.30695343017578,
      37.05536651611328,
      45.56304168701172,
      45.55190658569336,
      48.357666015625,
      49.65486526489258,
      40.73955535888672,
      39.72749710083008,
      42.64021301269531,
      41.793243408203125,
      48.68585968017578,
      51.713523864746094,
      52.13494110107422,
      49.82235336303711,
      14.737093925476074,
      9.976118087768555
    ],
    [
      47.39914321899414,
      48.1358642578125,
      32.920291900634766,
      33.12911605834961,
      40.843013763427734,
      40.4105339050293,
      43.01552200317383,
      40.73955535888672,
      45.73213195800781,
      41.21574401855469,
      44.49209213256836,
      43.36812210083008,
      50.32518768310547,
      51.273468017578125,
      54.2162971496582,
      52.074771881103516,
      15.360761642456055,
      10.374724388122559
    ],
    [
      45.138126373291016,
      45.69795608520508,
      32.348628997802734,
      32.16608428955078,
      38.74089050292969,
      38.60038375854492,
      41.52018356323242,
      39.72749710083008,
      41.21574401855469,
      42.25788497924805,
      42.2798957824707,
      41.690773010253906,
      46.74953842163086,
      48.52048873901367,
      50.06354904174805,
      48.741336822509766,
      14.272741317749023,
      9.719338417053223
    ],
    [
      46.73316192626953,
      47.560028076171875,
      33.3203010559082,
      32.08456802368164,
      44.76364517211914,
      43.87405776977539,
      44.773380279541016,
      42.64021301269531,
      44.49209213256836,
      42.2798957824707,
      60.79561233520508,
      56.51691436767578,
      65.10994720458984,
      65.90353393554688,
      66.06656646728516,
      62.88581085205078,
      18.101381301879883,
      12.168814659118652
    ],
    [
      44.84553909301758,
      45.53302764892578,
      32.133460998535156,
      31.1491641998291,
      42.87233352661133,
      42.321693420410156,
      43.22690200805664,
      41.793243408203125,
      43.36812210083008,
      41.690773010253906,
      56.51691436767578,
      58.39584732055664,
      61.563331604003906,
      63.117919921875,
      61.654232025146484,
      59.638954162597656,
      16.92053985595703,
      11.424570083618164
    ],
    [
      52.936275482177734,
      53.724708557128906,
      33.93730926513672,
      32.547943115234375,
      53.20378112792969,
      50.632911682128906,
      52.160675048828125,
      48.68585968017578,
      50.32518768310547,
      46.74953842163086,
      65.10994720458984,
      61.563331604003906,
      95.15262603759766,
      89.30807495117188,
      85.61524200439453,
      80.50946044921875,
      22.159984588623047,
      14.776911735534668
    ],
    [
      55.55659103393555,
      56.90349578857422,
      34.660884857177734,
      33.887786865234375,
      55.49650192260742,
      53.39164733886719,
      54.4915885925293,
      51.713523864746094,
      51.273468017578125,
      48.52048873901367,
      65.90353393554688,
      63.117919921875,
      89.30807495117188,
      93.79360961914062,
      83.11104583740234,
      79.12478637695312,
      21.20821189880371,
      14.207976341247559
    ],
    [
      57.076271057128906,
      57.615623474121094,
      36.26292419433594,
      34.62592697143555,
      53.47865295410156,
      51.152854919433594,
      56.365325927734375,
      52.13494110107422,
      54.2162971496582,
      50.06354904174805,
      66.06656646728516,
      61.654232025146484,
      85.61524200439453,
      83.11104583740234,
      106.79731750488281,
      98.33192443847656,
      26.399234771728516,
      17.501850128173828
    ],
    [
      53.1216926574707,
      53.397125244140625,
      33.41809844970703,
      32.401756286621094,
      50.25428771972656,
      48.396995544433594,
      53.31978988647461,
      49.82235336303711,
      52.074771881103516,
      48.741336822509766,
      62.88581085205078,
      59.638954162597656,
      80.50946044921875,
      79.12478637695312,
      98.33192443847656,
      93.11283874511719,
      24.19223976135254,
      16.139707565307617
    ],
    [
      18.602224349975586,
      18.308284759521484,
      12.714964866638184,
      11.798337936401367,
      15.15676498413086,
      14.535608291625977,
      15.929121017456055,
      14.737093925476074,
      15.360761642456055,
      14.272741317749023,
      18.101381301879883,
      16.92053985595703,
      22.159984588623047,
      21.20821189880371,
      26.399234771728516,
      24.19223976135254,
      8.299344062805176,
      5.57720947265625
    ],
    [
      12.787184715270996,
      12.576815605163574,
      8.778032302856445,
      8.224678039550781,
      10.249706268310547,
      9.849660873413086,
      10.7385892868042,
      9.976118087768555,
      10.374724388122559,
      9.719338417053223,
      12.168814659118652,
      11.424570083618164,
      14.776911735534668,
      14.207976341247559,
      17.501850128173828,
      16.139707565307617,
      5.57720947265625,
      3.80243182182312
    ]
  ],
  "covariance_short": [
    [
      129.1044158935547,
      113.71701049804688,
      69.13634490966797,
      72.95305633544922,
      62.65143585205078,
      63.94432067871094,
      55.45814514160156,
      54.651405334472656,
      46.188880920410156,
      44.119956970214844,
      46.04456329345703,
      44.20201873779297,
      52.09513473510742,
      52.48379135131836,
      55.909942626953125,
      51.882625579833984,
      18.537656784057617,
      12.78834056854248
    ],
    [
      113.71701049804688,
      128.50985717773438,
      66.91889190673828,
      72.135498046875,
      61.10234069824219,
      62.737239837646484,
      54.00232696533203,
      53.350059509277344,
      44.06312942504883,
      42.1728515625,
      43.80046844482422,
      42.3018684387207,
      48.7347412109375,
      49.87559509277344,
      52.32692337036133,
      48.32347106933594,
      17.203567504882812,
      11.855450630187988
    ],
    [
      69.13634490966797,
      66.91889190673828,
      64.34725189208984,
      57.26430130004883,
      43.47871398925781,
      43.851131439208984,
      38.01158142089844,
      37.14921569824219,
      33.463497161865234,
      32.63116455078125,
      33.6533088684082,
      32.04740524291992,
      33.191680908203125,
      33.21477127075195,
      37.023590087890625,
      33.71992874145508,
      13.022954940795898,
      9.030902862548828
    ],
    [
      72.95305633544922,
      72.135498046875,
      57.26430130004883,
      68.06678009033203,
      43.79759979248047,
      44.84846496582031,
      38.52019119262695,
      37.75876998901367,
      34.19957733154297,
      33.066688537597656,
      33.682289123535156,
      32.30973434448242,
      33.27199935913086,
      33.63211441040039,
      36.11235427856445,
      33.3062858581543,
      12.414241790771484,
      8.680166244506836
    ],
    [
      62.65143585205078,
      61.10234069824219,
      43.47871398925781,
      43.79759979248047,
      59.181968688964844,
      52.015777587890625,
      47.44559097290039,
      45.94594192504883,
      41.479034423828125,
      39.253787994384766,
      46.0918083190918,
      43.995025634765625,
      54.672393798828125,
      55.58794021606445,
      53.533016204833984,
      50.1310920715332,
      15.14708137512207,
      10.292064666748047
    ],
    [
      63.94432067871094,
      62.737239837646484,
      43.851131439208984,
      44.84846496582031,
      52.015777587890625,
      58.46527099609375,
      46.75942611694336,
      45.951480865478516,
      40.93937301635742,
      39.242610931396484,
      44.913082122802734,
      43.33061599731445,
      51.917388916015625,
      53.15760803222656,
      50.887474060058594,
      48.061790466308594,
      14.394214630126953,
      9.808891296386719
    ],
    [
      55.45814514160156,
      54.00232696533203,
      38.01158142089844,
      38.52019119262695,
      47.44559097290039,
      46.75942611694336,
      55.45219802856445,
      47.89998245239258,
      43.941715240478516,
      42.017242431640625,
      46.37700271606445,
      44.0316047668457,
      54.20238494873047,
      54.85308837890625,
      57.58150100708008,
      54.22449493408203,
      16.1793212890625,
      10.940961837768555
    ],
    [
      54.651405334472656,
      53.350059509277344,
      37.14921569824219,
      37.75876998901367,
      45.94594192504883,
      45.951480865478516,
      47.89998245239258,
      51.188053131103516,
      41.485923767089844,
      40.35558319091797,
      43.9598503112793,
      42.47663497924805,
      50.11322784423828,
      51.73689270019531,
      52.85488510131836,
      50.3862419128418,
      14.893135070800781,
      10.118667602539062
    ],
    [
      46.188880920410156,
      44.06312942504883,
      33.463497161865234,
      34.19957733154297,
      41.479034423828125,
      40.93937301635742,
      43.941715240478516,
      41.485923767089844,
      49.12529373168945,
      42.13541030883789,
      46.3636589050293,
      44.74250411987305,
      53.028099060058594,
      52.87342071533203,
      55.881649017333984,
      53.375797271728516,
      15.673539161682129,
      10.626860618591309
    ],
    [
      44.119956970214844,
      42.1728515625,
      32.63116455078125,
      33.066688537597656,
      39.253787994384766,
      39.242610931396484,
      42.017242431640625,
      40.35558319091797,
      42.13541030883789,
      45.00583267211914,
      43.80479049682617,
      42.90178298950195,
      48.73314666748047,
      49.59292984008789,
      50.80887222290039,
      49.34495544433594,
      14.34294319152832,
      9.811491966247559
    ],
    [
      46.04456329345703,
      43.80046844482422,
      33.6533088684082,
      33.682289123535156,
      46.0918083190918,
      44.913082122802734,
      46.37700271606445,
      43.9598503112793,
      46.3636589050293,
      43.80479049682617,
      66.1804428100586,
      58.520050048828125,
      68.70720672607422,
      68.1976089477539,
      68.93408966064453,
      65.24906921386719,
      18.712055206298828,
      12.616875648498535
    ],
    [
      44.20201873779297,
      42.3018684387207,
      32.04740524291992,
      32.30973434448242,
      43.995025634765625,
      43.33061599731445,
      44.0316047668457,
      42.47663497924805,
      44.74250411987305,
      42.90178298950195,
      58.520050048828125,
      62.66633987426758,
      64.4593276977539,
      65.07770538330078,
      63.4421501159668,
      61.23130798339844,
      17.205801010131836,
      11.668292045593262
    ],
    [
      52.09513473510742,
      48.7347412109375,
      33.191680908203125,
      33.27199935913086,
      54.672393798828125,
      51.917388916015625,
      54.20238494873047,
      50.11322784423828,
      53.028099060058594,
      48.73314666748047,
      68.70720672607422,
      64.4593276977539,
      102.97676086425781,
      92.90930938720703,
      90.07877349853516,
      84.15887451171875,
      23.27463150024414,
      15.549759864807129
    ],
    [
      52.48379135131836,
      49.87559509277344,
      33.21477127075195,
      33.63211441040039,
      55.58794021606445,
      53.15760803222656,
      54.85308837890625,
      51.73689270019531,
      52.87342071533203,
      49.59292984008789,
      68.1976089477539,
      65.07770538330078,
      92.90930938720703,
      98.49516296386719,
      85.31132507324219,
      81.03131103515625,
      21.750980377197266,
      14.627572059631348
    ],
    [
      55.909942626953125,
      52.32692337036133,
      37.023590087890625,
      36.11235427856445,
      53.533016204833984,
      50.887474060058594,
      57.58150100708008,
      52.85488510131836,
      55.881649017333984,
      50.80887222290039,
      68.93408966064453,
      63.4421501159668,
      90.07877349853516,
      85.31132507324219,
      110.83580780029297,
      100.14729309082031,
      27.44510841369629,
      18.213790893554688
    ],
    [
      51.882625579833984,
      48.32347106933594,
      33.71992874145508,
      33.3062858581543,
      50.1310920715332,
      48.061790466308594,
      54.22449493408203,
      50.3862419128418,
      53.375797271728516,
      49.34495544433594,
      65.24906921386719,
      61.23130798339844,
      84.15887451171875,
      81.03131103515625,
      100.14729309082031,
      95.45122528076172,
      24.74465560913086,
      16.555789947509766
    ],
    [
      18.537656784057617,
      17.203567504882812,
      13.022954940795898,
      12.414241790771484,
      15.14708137512207,
      14.394214630126953,
      16.1793212890625,
      14.893135070800781,
      15.673539161682129,
      14.34294319152832,
      18.712055206298828,
      17.205801010131836,
      23.27463150024414,
      21.750980377197266,
      27.44510841369629,
      24.74465560913086,
      8.715535163879395,
      5.808981895446777
    ],
    [
      12.78834056854248,
      11.855450630187988,
      9.030902862548828,
      8.680166244506836,
      10.292064666748047,
      9.808891296386719,
      10.940961837768555,
      10.118667602539062,
      10.626860618591309,
      9.811491966247559,
      12.616875648498535,
      11.668292045593262,
      15.549759864807129,
      14.627572059631348,
      18.213790893554688,
      16.555789947509766,
      5.808981895446777,
      3.9870619773864746
    ]
  ],
  "damage": -9.79354476928711,
  "diff_bandwidth": 752.0602416992188,
  "dissonance": 7.033157932827212,
  "drr": 1.944594144821167,
  "dynamics": 5.749642848968506,
  "format": 1245190,
  "frames": 22751232,
  "loudness": -15.107308387756348,
  "loudness_range": 20.018070220947266,
  "loudness_range_short": 20.10565948486328,
  "lowpass_true_peak_15khz": -0.063300222158432,
  "mastering3_acoustic_entropies": [
    {
      "acoustic_entropy": 2.8789563179016113,
      "acoustic_entropy_mono": 2.441540241241455,
      "band_eliminated_acoustic_entropies": [
        {
          "acoustic_entropy": 2.865230083465576,
          "acoustic_entropy_side": 2.873562812805176,
          "hz": 129.47220167065723
        },
        {
          "acoustic_entropy": 2.8481252193450928,
          "acoustic_entropy_side": 2.8435981273651123,
          "hz": 202.92927478742237
        },
        {
          "acoustic_entropy": 2.795680522918701,
          "acoustic_entropy_side": 2.849191665649414,
          "hz": 282.89161906338205
        },
        {
          "acoustic_entropy": 2.790447235107422,
          "acoustic_entropy_side": 2.7906243801116943,
          "hz": 369.9353335868758
        },
        {
          "acoustic_entropy": 2.863853693008423,
          "acoustic_entropy_side": 2.793574333190918,
          "hz": 464.6875360973435
        },
        {
          "acoustic_entropy": 2.913323163986206,
          "acoustic_entropy_side": 2.92518949508667,
          "hz": 567.8308811364784
        },
        {
          "acoustic_entropy": 2.901339292526245,
          "acoustic_entropy_side": 2.8751015663146973,
          "hz": 680.1084783214808
        },
        {
          "acoustic_entropy": 3.0688676834106445,
          "acoustic_entropy_side": 3.0320827960968018,
          "hz": 802.3292461747484
        },
        {
          "acoustic_entropy": 2.942911148071289,
          "acoustic_entropy_side": 2.8536884784698486,
          "hz": 935.3737400823702
        },
        {
          "acoustic_entropy": 2.8713080883026123,
          "acoustic_entropy_side": 2.8956892490386963,
          "hz": 1080.2004963696966
        },
        {
          "acoustic_entropy": 2.961129665374756,
          "acoustic_entropy_side": 2.9151108264923096,
          "hz": 1237.8529382007157
        },
        {
          "acoustic_entropy": 2.940034866333008,
          "acoustic_entropy_side": 2.9374916553497314,
          "hz": 1409.4668930556702
        },
        {
          "acoustic_entropy": 2.9423437118530273,
          "acoustic_entropy_side": 2.935753345489502,
          "hz": 1596.2787759475705
        },
        {
          "acoustic_entropy": 2.9062318801879883,
          "acoustic_entropy_side": 2.949589490890503,
          "hz": 1799.6344973346393
        },
        {
          "acoustic_entropy": 2.829038143157959,
          "acoustic_entropy_side": 2.818573236465454,
          "hz": 2020.9991599069049
        },
        {
          "acoustic_entropy": 2.994417667388916,
          "acoustic_entropy_side": 2.9427859783172607,
          "hz": 2261.9676141086993
        },
        {
          "acoustic_entropy": 2.8174705505371094,
          "acoustic_entropy_side": 2.843564748764038,
          "hz": 2524.2759484456974
        },
        {
          "acoustic_entropy": 2.877624750137329,
          "acoustic_entropy_side": 2.8577353954315186,
          "hz": 2809.813997359896
        },
        {
          "acoustic_entropy": 2.8770203590393066,
          "acoustic_entropy_side": 2.8734583854675293,
          "hz": 3120.6389567871424
        },
        {
          "acoustic_entropy": 2.8161346912384033,
          "acoustic_entropy_side": 2.8534693717956543,
          "hz": 3458.990205492291
        },
        {
          "acoustic_entropy": 2.801022529602051,
          "acoustic_entropy_side": 2.8505730628967285,
          "hz": 3827.305438964164
        },
        {
          "acoustic_entropy": 2.883277177810669,
          "acoustic_entropy_side": 2.885742425918579,
          "hz": 4228.238232109126
        },
        {
          "acoustic_entropy": 2.863988161087036,
          "acoustic_entropy_side": 2.88323712348938,
          "hz": 4664.6771572759235
        },
        {
          "acoustic_entropy": 2.8882579803466797,
          "acoustic_entropy_side": 2.8878281116485596,
          "hz": 5139.766595350093
        },
        {
          "acoustic_entropy": 2.865907669067383,
          "acoustic_entropy_side": 2.8734328746795654,
          "hz": 5656.929389854203
        },
        {
          "acoustic_entropy": 2.866788387298584,
          "acoustic_entropy_side": 2.8735456466674805,
          "hz": 6219.891507268283
        },
        {
          "acoustic_entropy": 2.890989303588867,
          "acoustic_entropy_side": 2.884807586669922,
          "hz": 6832.70888123896
        },
        {
          "acoustic_entropy": 2.8786826133728027,
          "acoustic_entropy_side": 2.879305362701416,
          "hz": 7499.796634079867
        },
        {
          "acoustic_entropy": 2.8795876502990723,
          "acoustic_entropy_side": 2.8790597915649414,
          "hz": 8225.96088609342
        },
        {
          "acoustic_entropy": 2.8784596920013428,
          "acoustic_entropy_side": 2.8789005279541016,
          "hz": 9016.43338188839
        },
        {
          "acoustic_entropy": 2.879047393798828,
          "acoustic_entropy_side": 2.8789823055267334,
          "hz": 9876.909183162974
        },
        {
          "acoustic_entropy": 2.878981113433838,
          "acoustic_entropy_side": 2.878962516784668,
          "hz": 10813.587699516042
        },
        {
          "acoustic_entropy": 2.8789806365966797,
          "acoustic_entropy_side": 2.8789608478546143,
          "hz": 11833.21735289826
        },
        {
          "acoustic_entropy": 2.8789572715759277,
          "acoustic_entropy_side": 2.8789560794830322,
          "hz": 12943.144197493959
        },
        {
          "acoustic_entropy": 2.8789563179016113,
          "acoustic_entropy_side": 2.8789563179016113,
          "hz": 14151.364845322005
        },
        {
          "acoustic_entropy": 2.8789563179016113,
          "acoustic_entropy_side": 2.8789563179016113,
          "hz": 15466.58407886509
        },
        {
          "acoustic_entropy": 2.8789563179016113,
          "acoustic_entropy_side": 2.8789563179016113,
          "hz": 16898.27756580493
        },
        {
          "acoustic_entropy": 2.8789563179016113,
          "acoustic_entropy_side": 2.8789563179016113,
          "hz": 18456.760127700032
        },
        {
          "acoustic_entropy": 2.8789563179016113,
          "acoustic_entropy_side": 2.8789563179016113,
          "hz": 20153.260054456492
        },
        {
          "acoustic_entropy": 2.8789563179016113,
          "acoustic_entropy_side": 2.8789563179016113,
          "hz": 22000.00000000001
        }
      ],
      "diff_acoustic_entropy": 0.7430017590522766,
      "sn": 6
    },
    {
      "acoustic_entropy": 5.221829891204834,
      "acoustic_entropy_mono": 4.387973785400391,
      "band_eliminated_acoustic_entropies": [
        {
          "acoustic_entropy": 5.16538667678833,
          "acoustic_entropy_side": 5.177624702453613,
          "hz": 129.47220167065723
        },
        {
          "acoustic_entropy": 4.836078643798828,
          "acoustic_entropy_side": 5.040952682495117,
          "hz": 202.92927478742237
        },
        {
          "acoustic_entropy": 5.290727615356445,
          "acoustic_entropy_side": 5.304835319519043,
          "hz": 282.89161906338205
        },
        {
          "acoustic_entropy": 5.322618007659912,
          "acoustic_entropy_side": 5.333922863006592,
          "hz": 369.9353335868758
        },
        {
          "acoustic_entropy": 5.340292453765869,
          "acoustic_entropy_side": 5.252474308013916,
          "hz": 464.6875360973435
        },
        {
          "acoustic_entropy": 5.168104648590088,
          "acoustic_entropy_side": 5.133902072906494,
          "hz": 567.8308811364784
        },
        {
          "acoustic_entropy": 5.239043712615967,
          "acoustic_entropy_side": 5.219797611236572,
          "hz": 680.1084783214808
        },
        {
          "acoustic_entropy": 5.060017108917236,
          "acoustic_entropy_side": 5.038772106170654,
          "hz": 802.3292461747484
        },
        {
          "acoustic_entropy": 5.12937068939209,
          "acoustic_entropy_side": 4.948853015899658,
          "hz": 935.3737400823702
        },
        {
          "acoustic_entropy": 5.038584232330322,
          "acoustic_entropy_side": 5.254055023193359,
          "hz": 1080.2004963696966
        },
        {
          "acoustic_entropy": 5.081496715545654,
          "acoustic_entropy_side": 5.0673322677612305,
          "hz": 1237.8529382007157
        },
        {
          "acoustic_entropy": 5.346408843994141,
          "acoustic_entropy_side": 5.3159894943237305,
          "hz": 1409.4668930556702
        },
        {
          "acoustic_entropy": 5.155900478363037,
          "acoustic_entropy_side": 5.081632614135742,
          "hz": 1596.2787759475705
        },
        {
          "acoustic_entropy": 5.170309066772461,
          "acoustic_entropy_side": 5.409616947174072,
          "hz": 1799.6344973346393
        },
        {
          "acoustic_entropy": 5.193171977996826,
          "acoustic_entropy_side": 5.070705890655518,
          "hz": 2020.9991599069049
        },
        {
          "acoustic_entropy": 5.106518268585205,
          "acoustic_entropy_side": 5.260879039764404,
          "hz": 2261.9676141086993
        },
        {
          "acoustic_entropy": 5.259424209594727,
          "acoustic_entropy_side": 5.281795978546143,
          "hz": 2524.2759484456974
        },
        {
          "acoustic_entropy": 5.195011615753174,
          "acoustic_entropy_side": 5.242918014526367,
          "hz": 2809.813997359896
        },
        {
          "acoustic_entropy": 5.315365314483643,
          "acoustic_entropy_side": 5.249419689178467,
          "hz": 3120.6389567871424
        },
        {
          "acoustic_entropy": 4.91141414642334,
          "acoustic_entropy_side": 5.09489107131958,
          "hz": 3458.990205492291
        },
        {
          "acoustic_entropy": 4.996705532073975,
          "acoustic_entropy_side": 5.120213031768799,
          "hz": 3827.305438964164
        },
        {
          "acoustic_entropy": 5.242687225341797,
          "acoustic_entropy_side": 5.249339580535889,
          "hz": 4228.238232109126
        },
        {
          "acoustic_entropy": 5.021646022796631,
          "acoustic_entropy_side": 5.133834362030029,
          "hz": 4664.6771572759235
        },
        {
          "acoustic_entropy": 5.218980312347412,
          "acoustic_entropy_side": 5.211493492126465,
          "hz": 5139.766595350093
        },
        {
          "acoustic_entropy": 5.150679588317871,
          "acoustic_entropy_side": 5.182576656341553,
          "hz": 5656.929389854203
        },
        {
          "acoustic_entropy": 5.244176864624023,
          "acoustic_entropy_side": 5.247957229614258,
          "hz": 6219.891507268283
        },
        {
          "acoustic_entropy": 5.1634368896484375,
          "acoustic_entropy_side": 5.19350004196167,
          "hz": 6832.70888123896
        },
        {
          "acoustic_entropy": 5.164866924285889,
          "acoustic_entropy_side": 5.19725227355957,
          "hz": 7499.796634079867
        },
        {
          "acoustic_entropy": 5.205987453460693,
          "acoustic_entropy_side": 5.21693754196167,
          "hz": 8225.96088609342
        },
        {
          "acoustic_entropy": 5.194081783294678,
          "acoustic_entropy_side": 5.214601039886475,
          "hz": 9016.43338188839
        },
        {
          "acoustic_entropy": 5.215222358703613,
          "acoustic_entropy_side": 5.2205047607421875,
          "hz": 9876.909183162974
        },
        {
          "acoustic_entropy": 5.219973087310791,
          "acoustic_entropy_side": 5.221620082855225,
          "hz": 10813.587699516042
        },
        {
          "acoustic_entropy": 5.221822261810303,
          "acoustic_entropy_side": 5.221807956695557,
          "hz": 11833.21735289826
        },
        {
          "acoustic_entropy": 5.221834659576416,
          "acoustic_entropy_side": 5.221829414367676,
          "hz": 12943.144197493959
        },
        {
          "acoustic_entropy": 5.221826553344727,
          "acoustic_entropy_side": 5.221829891204834,
          "hz": 14151.364845322005
        },
        {
          "acoustic_entropy": 5.221830368041992,
          "acoustic_entropy_side": 5.221829414367676,
          "hz": 15466.58407886509
        },
        {
          "acoustic_entropy": 5.221829414367676,
          "acoustic_entropy_side": 5.221829414367676,
          "hz": 16898.27756580493
        },
        {
          "acoustic_entropy": 5.221829414367676,
          "acoustic_entropy_side": 5.221829414367676,
          "hz": 18456.760127700032
        },
        {
          "acoustic_entropy": 5.221829414367676,
          "acoustic_entropy_side": 5.221829891204834,
          "hz": 20153.260054456492
        },
        {
          "acoustic_entropy": 5.221829891204834,
          "acoustic_entropy_side": 5.221829891204834,
          "hz": 22000.00000000001
        }
      ],
      "diff_acoustic_entropy": 1.9162194728851318,
      "sn": 12
    },
    {
      "acoustic_entropy": 11.478296279907227,
      "acoustic_entropy_mono": 10.257227897644043,
      "band_eliminated_acoustic_entropies": [
        {
          "acoustic_entropy": 11.43722915649414,
          "acoustic_entropy_side": 11.525408744812012,
          "hz": 129.47220167065723
        },
        {
          "acoustic_entropy": 11.297794342041016,
          "acoustic_entropy_side": 11.36800479888916,
          "hz": 202.92927478742237
        },
        {
          "acoustic_entropy": 11.777314186096191,
          "acoustic_entropy_side": 11.890403747558594,
          "hz": 282.89161906338205
        },
        {
          "acoustic_entropy": 11.581319808959961,
          "acoustic_entropy_side": 11.567411422729492,
          "hz": 369.9353335868758
        },
        {
          "acoustic_entropy": 11.061949729919434,
          "acoustic_entropy_side": 11.11217975616455,
          "hz": 464.6875360973435
        },
        {
          "acoustic_entropy": 11.180255889892578,
          "acoustic_entropy_side": 11.388269424438477,
          "hz": 567.8308811364784
        },
        {
          "acoustic_entropy": 11.120448112487793,
          "acoustic_entropy_side": 11.053403854370117,
          "hz": 680.1084783214808
        },
        {
          "acoustic_entropy": 10.401864051818848,
          "acoustic_entropy_side": 11.334808349609375,
          "hz": 802.3292461747484
        },
        {
          "acoustic_entropy": 11.580170631408691,
          "acoustic_entropy_side": 11.570751190185547,
          "hz": 935.3737400823702
        },
        {
          "acoustic_entropy": 11.49085521697998,
          "acoustic_entropy_side": 11.525010108947754,
          "hz": 1080.2004963696966
        },
        {
          "acoustic_entropy": 11.389731407165527,
          "acoustic_entropy_side": 11.44329833984375,
          "hz": 1237.8529382007157
        },
        {
          "acoustic_entropy": 11.884767532348633,
          "acoustic_entropy_side": 11.863290786743164,
          "hz": 1409.4668930556702
        },
        {
          "acoustic_entropy": 11.672700881958008,
          "acoustic_entropy_side": 11.332867622375488,
          "hz": 1596.2787759475705
        },
        {
          "acoustic_entropy": 10.97059440612793,
          "acoustic_entropy_side": 11.654390335083008,
          "hz": 1799.6344973346393
        },
        {
          "acoustic_entropy": 10.971293449401855,
          "acoustic_entropy_side": 11.460317611694336,
          "hz": 2020.9991599069049
        },
        {
          "acoustic_entropy": 10.89646053314209,
          "acoustic_entropy_side": 11.277396202087402,
          "hz": 2261.9676141086993
        },
        {
          "acoustic_entropy": 10.934231758117676,
          "acoustic_entropy_side": 11.074702262878418,
          "hz": 2524.2759484456974
        },
        {
          "acoustic_entropy": 11.560023307800293,
          "acoustic_entropy_side": 11.659160614013672,
          "hz": 2809.813997359896
        },
        {
          "acoustic_entropy": 12.023574829101562,
          "acoustic_entropy_side": 11.563912391662598,
          "hz": 3120.6389567871424
        },
        {
          "acoustic_entropy": 11.084186553955078,
