{
  "acoustic_entropy": 93.91896057128906,
  "bands": [
    {
      "high_freq": 148.1999969482422,
      "loudness": -42.334537506103516,
      "loudness_range": 30.405147552490234,
      "mid_mean": -38.69657516479492,
      "mid_to_side_loudness": -17.833620071411133,
      "mid_to_side_loudness_range": 11.647258758544922,
      "side_mean": -55.76545715332031
    },
    {
      "high_freq": 392.3793640136719,
      "loudness": -40.002437591552734,
      "loudness_range": 19.782634735107422,
      "low_freq": 148.1999969482422,
      "mid_mean": -36.54543685913086,
      "mid_to_side_loudness": -14.171713829040527,
      "mid_to_side_loudness_range": 13.468214988708496,
      "side_mean": -51.692073822021484
    },
    {
      "high_freq": 794.6976318359375,
      "loudness": -41.17522430419922,
      "loudness_range": 31.208513259887695,
      "low_freq": 392.3793640136719,
      "mid_mean": -37.76523971557617,
      "mid_to_side_loudness": -13.235133171081543,
      "mid_to_side_loudness_range": 12.051043510437012,
      "side_mean": -51.746829986572266
    },
    {
      "high_freq": 1457.5709228515625,
      "loudness": -48.53157043457031,
      "loudness_range": 34.35200500488281,
      "low_freq": 794.6976318359375,
      "mid_mean": -45.04656219482422,
      "mid_to_side_loudness": -13.977856636047363,
      "mid_to_side_loudness_range": 10.626802444458008,
      "side_mean": -58.36635971069336
    },
    {
      "high_freq": 2549.74365234375,
      "loudness": -60.642486572265625,
      "loudness_range": 25.537822723388672,
      "low_freq": 1457.5709228515625,
      "mid_mean": -57.089298248291016,
      "mid_to_side_loudness": -12.805550575256348,
      "mid_to_side_loudness_range": 9.413333892822266,
      "side_mean": -65.63438415527344
    },
    {
      "high_freq": 4349.24462890625,
      "loudness": -67.04566192626953,
      "loudness_range": 23.190593719482422,
      "low_freq": 2549.74365234375,
      "mid_mean": -62.21512985229492,
      "mid_to_side_loudness": -14.843570709228516,
      "mid_to_side_loudness_range": 11.320302963256836,
      "side_mean": -68.58247375488281
    },
    {
      "high_freq": 7314.1640625,
      "loudness": -71.3249282836914,
      "loudness_range": 13.014228820800781,
      "low_freq": 4349.24462890625,
      "mid_mean": -65.41661071777344,
      "mid_to_side_loudness": -16.584077835083008,
      "mid_to_side_loudness_range": 9.244394302368164,
      "side_mean": -69.70647430419922
    },
    {
      "high_freq": 12199.2666015625,
      "loudness": -73.44807434082031,
      "loudness_range": 6.26190185546875,
      "low_freq": 7314.1640625,
      "mid_mean": -66.79622650146484,
      "mid_to_side_loudness": -24.41362953186035,
      "mid_to_side_loudness_range": 15.432233810424805,
      "side_mean": -69.96794128417969
    },
    {
      "loudness": 0,
      "loudness_range": 0,
      "low_freq": 12199.2666015625,
      "mid_mean": -68.02123260498047,
      "mid_to_side_loudness": -14.72407054901123,
      "mid_to_side_loudness_range": 2.9544944763183594,
      "side_mean": -69.92081451416016
    }
  ],
  "bands_short": [
    {
      "high_freq": 148.1999969482422,
      "loudness": -44.41828536987305,
      "loudness_range": 31.928611755371094,
      "mid_mean": -41.04557418823242,
      "mid_to_side_loudness": -17.99628448486328,
      "mid_to_side_loudness_range": 18.300573348999023,
      "side_mean": -57.786922454833984
    },
    {
      "high_freq": 392.3793640136719,
      "loudness": -39.07855224609375,
      "loudness_range": 20.850799560546875,
      "low_freq": 148.1999969482422,
      "mid_mean": -35.69887161254883,
      "mid_to_side_loudness": -14.299540519714355,
      "mid_to_side_loudness_range": 16.676834106445312,
      "side_mean": -50.910858154296875
    },
    {
      "high_freq": 794.6976318359375,
      "loudness": -41.34022521972656,
      "loudness_range": 30.855093002319336,
      "low_freq": 392.3793640136719,
      "mid_mean": -38.04832458496094,
      "mid_to_side_loudness": -12.837090492248535,
      "mid_to_side_loudness_range": 14.791144371032715,
      "side_mean": -51.76536560058594
    },
    {
      "high_freq": 1457.5709228515625,
      "loudness": -48.819190979003906,
      "loudness_range": 35.05016326904297,
      "low_freq": 794.6976318359375,
      "mid_mean": -45.463802337646484,
      "mid_to_side_loudness": -13.243505477905273,
      "mid_to_side_loudness_range": 13.99557876586914,
      "side_mean": -58.31931686401367
    },
    {
      "high_freq": 2549.74365234375,
      "loudness": -61.563262939453125,
      "loudness_range": 27.355072021484375,
      "low_freq": 1457.5709228515625,
      "mid_mean": -57.8720703125,
      "mid_to_side_loudness": -11.949264526367188,
      "mid_to_side_loudness_range": 11.869415283203125,
      "side_mean": -65.7831802368164
    },
    {
      "high_freq": 4349.24462890625,
      "loudness": -67.92323303222656,
      "loudness_range": 23.03609848022461,
      "low_freq": 2549.74365234375,
      "mid_mean": -62.83737564086914,
      "mid_to_side_loudness": -13.89111042022705,
      "mid_to_side_loudness_range": 13.446281433105469,
      "side_mean": -68.66242980957031
    },
    {
      "high_freq": 7314.1640625,
      "loudness": -72.11185455322266,
      "loudness_range": 12.383270263671875,
      "low_freq": 4349.24462890625,
      "mid_mean": -65.88420867919922,
      "mid_to_side_loudness": -15.52480411529541,
      "mid_to_side_loudness_range": 11.113198280334473,
      "side_mean": -69.71293640136719
    },
    {
      "high_freq": 12199.2666015625,
      "loudness": -73.7414779663086,
      "loudness_range": 6.279579162597656,
      "low_freq": 7314.1640625,
      "mid_mean": -66.94147491455078,
      "mid_to_side_loudness": -24.32317543029785,
      "mid_to_side_loudness_range": 16.43022918701172,
      "side_mean": -69.96833801269531
    },
    {
      "loudness": 0,
      "loudness_range": 0,
      "low_freq": 12199.2666015625,
      "mid_mean": -68.0145263671875,
      "mid_to_side_loudness": -14.866349220275879,
      "mid_to_side_loudness_range": 4.818329811096191,
      "side_mean": -69.92047882080078
    }
  ],
  "bandwidth": 481.1676330566406,
  "channels": 2,
  "covariance": [
    [
      128.03509521484375,
      101.47379302978516,
      25.3967227935791,
      8.362871170043945,
      -56.51826477050781,
      -56.28632354736328,
      -57.505435943603516,
      -37.643035888671875,
      -16.306711196899414,
      -11.459887504577637,
      -10.431112289428711,
      1.5835117101669312,
      6.218293190002441,
      0.5494918823242188,
      2.7200493812561035,
      0.09735839813947678,
      0.21104846894741058,
      -0.03199654445052147
    ],
    [
      101.47379302978516,
      93.03204345703125,
      18.885129928588867,
      11.660758972167969,
      -48.82346725463867,
      -40.450443267822266,
      -48.98247528076172,
      -27.688684463500977,
      -9.675402641296387,
      -8.2582426071167,
      -6.317124366760254,
      2.3185110092163086,
      5.856601715087891,
      0.7013370394706726,
      3.2954792976379395,
      0.1070646271109581,
      0.8655458688735962,
      -0.017256366088986397
    ],
    [
      25.3967227935791,
      18.885129928588867,
      57.880210876464844,
      43.24589157104492,
      32.88044357299805,
      27.433683395385742,
      29.053544998168945,
      25.93295669555664,
      31.019336700439453,
      18.7486572265625,
      16.344406127929688,
      8.800074577331543,
      8.63394832611084,
      1.6962720155715942,
      3.3146743774414062,
      0.08963871002197266,
      0.35223841667175293,
      -0.03098038211464882
    ],
    [
      8.362871170043945,
      11.660758972167969,
      43.24589157104492,
      59.254268646240234,
      42.907867431640625,
      54.094730377197266,
      40.08039093017578,
      44.26235580444336,
      40.526466369628906,
      23.738126754760742,
      24.0555477142334,
      11.02341365814209,
      12.153058052062988,
      2.1340620517730713,
      5.2706146240234375,
      0.11109743267297745,
      1.6469190120697021,
      -0.02475837990641594
    ],
    [
      -56.51826477050781,
      -48.82346725463867,
      32.88044357299805,
      42.907867431640625,
      123.65291595458984,
      112.82691955566406,
      119.62521362304688,
      93.1285629272461,
      65.68250274658203,
      41.42233657836914,
      52.84654998779297,
      17.49774169921875,
      17.783817291259766,
      3.001460313796997,
      6.686484336853027,
      0.22578224539756775,
      0.6617780327796936,
      -0.0058169676922261715
    ],
    [
      -56.28632354736328,
      -40.450443267822266,
      27.433683395385742,
      54.094730377197266,
      112.82691955566406,
      128.82342529296875,
      112.54886627197266,
      100.37279510498047,
      70.8016357421875,
      44.60567092895508,
      54.562232971191406,
      19.023067474365234,
      19.209701538085938,
      3.370323896408081,
      7.871854782104492,
      0.2364007830619812,
      1.9084266424179077,
      -0.013257874175906181
    ],
    [
      -57.505435943603516,
      -48.98247528076172,
      29.053544998168945,
      40.08039093017578,
      119.62521362304688,
      112.54886627197266,
      134.47996520996094,
      102.53486633300781,
      72.67997741699219,
      45.78371810913086,
      59.79414367675781,
      21.12663459777832,
      20.774375915527344,
      3.6416423320770264,
      7.172540187835693,
      0.23345527052879333,
      0.7054107189178467,
      -0.011763294227421284
    ],
    [
      -37.643035888671875,
      -27.688684463500977,
      25.93295669555664,
      44.26235580444336,
      93.1285629272461,
      100.37279510498047,
      102.53486633300781,
      92.01004791259766,
      62.619178771972656,
      40.823909759521484,
      48.23494338989258,
      18.70022964477539,
      17.63043975830078,
      3.3078994750976562,
      6.7429423332214355,
      0.18655380606651306,
      1.3939323425292969,
      -0.017053786665201187
    ],
    [
      -16.306711196899414,
      -9.675402641296387,
      31.019336700439453,
      40.526466369628906,
      65.68250274658203,
      70.8016357421875,
      72.67997741699219,
      62.619178771972656,
      64.54447937011719,
      37.99306106567383,
      40.66005325317383,
      15.40964412689209,
      16.952987670898438,
      2.840484619140625,
      6.852997303009033,
      0.1918095052242279,
      1.4221723079681396,
      -0.024301644414663315
    ],
    [
      -11.459887504577637,
      -8.2582426071167,
      18.7486572265625,
      23.738126754760742,
      41.42233657836914,
      44.60567092895508,
      45.78371810913086,
      40.823909759521484,
      37.99306106567383,
      28.694190979003906,
      25.084020614624023,
      11.317137718200684,
      10.53183364868164,
      2.206423282623291,
      4.085394382476807,
      0.13176365196704865,
      0.6752640008926392,
      -0.01801711693406105
    ],
    [
      -10.431112289428711,
      -6.317124366760254,
      16.344406127929688,
      24.0555477142334,
      52.84654998779297,
      54.562232971191406,
      59.79414367675781,
      48.23494338989258,
      40.66005325317383,
      25.084020614624023,
      42.34354019165039,
      15.31409740447998,
      18.86865234375,
      2.7585129737854004,
      7.2297563552856445,
      0.18184831738471985,
      1.0212382078170776,
      -0.015945419669151306
    ],
    [
      1.5835117101669312,
      2.3185110092163086,
      8.800074577331543,
      11.02341365814209,
      17.49774169921875,
      19.023067474365234,
      21.12663459777832,
      18.70022964477539,
      15.40964412689209,
      11.317137718200684,
      15.31409740447998,
      8.919562339782715,
      7.5150980949401855,
      1.7679336071014404,
      2.4673357009887695,
      0.09221892058849335,
      0.29513800144195557,
      -0.009457588195800781
    ],
    [
      6.218293190002441,
      5.856601715087891,
      8.63394832611084,
      12.153058052062988,
      17.783817291259766,
      19.209701538085938,
      20.774375915527344,
      17.63043975830078,
      16.952987670898438,
      10.53183364868164,
      18.86865234375,
      7.5150980949401855,
      12.531530380249023,
      1.6510196924209595,
      4.720612525939941,
      0.09170800447463989,
      0.6282804608345032,
      -0.013287127017974854
    ],
    [
      0.5494918823242188,
      0.7013370394706726,
      1.6962720155715942,
      2.1340620517730713,
      3.001460313796997,
      3.370323896408081,
      3.6416423320770264,
      3.3078994750976562,
      2.840484619140625,
      2.206423282623291,
      2.7585129737854004,
      1.7679336071014404,
      1.6510196924209595,
      0.47653576731681824,
      0.4942930340766907,
      0.021090231835842133,
      0.06163392961025238,
      -0.0020110856276005507
    ],
    [
      2.7200493812561035,
      3.2954792976379395,
      3.3146743774414062,
      5.2706146240234375,
      6.686484336853027,
      7.871854782104492,
      7.172540187835693,
      6.7429423332214355,
      6.852997303009033,
      4.085394382476807,
      7.2297563552856445,
      2.4673357009887695,
      4.720612525939941,
      0.4942930340766907,
      2.9629769325256348,
      0.07369599491357803,
      0.3521538972854614,
      -0.005672441329807043
    ],
    [
      0.09735839813947678,
      0.1070646271109581,
      0.08963871002197266,
      0.11109743267297745,
      0.22578224539756775,
      0.2364007830619812,
      0.23345527052879333,
      0.18655380606651306,
      0.1918095052242279,
      0.13176365196704865,
      0.18184831738471985,
      0.09221892058849335,
      0.09170800447463989,
      0.021090231835842133,
      0.07369599491357803,
      0.006596701685339212,
      0.0031692904885858297,
      -1.1344293852744158e-05
    ],
    [
      0.21104846894741058,
      0.8655458688735962,
      0.35223841667175293,
      1.6469190120697021,
      0.6617780327796936,
      1.9084266424179077,
      0.7054107189178467,
      1.3939323425292969,
      1.4221723079681396,
      0.6752640008926392,
      1.0212382078170776,
      0.29513800144195557,
      0.6282804608345032,
      0.06163392961025238,
      0.3521538972854614,
      0.0031692904885858297,
      0.1469259262084961,
      -0.0004731060180347413
    ],
    [
      -0.03199654445052147,
      -0.017256366088986397,
      -0.03098038211464882,
      -0.02475837990641594,
      -0.0058169676922261715,
      -0.013257874175906181,
      -0.011763294227421284,
      -0.017053786665201187,
      -0.024301644414663315,
      -0.01801711693406105,
      -0.015945419669151306,
      -0.009457588195800781,
      -0.013287127017974854,
      -0.0020110856276005507,
      -0.005672441329807043,
      -1.1344293852744158e-05,
      -0.0004731060180347413,
      0.0003764657594729215
    ]
  ],
  "covariance_short": [
    [
      137.4978790283203,
      90.57332611083984,
      39.27619552612305,
      17.08766746520996,
      -51.366355895996094,
      -53.25504684448242,
      -58.8627815246582,
      -40.135799407958984,
      -18.992008209228516,
      -12.084016799926758,
      -12.372624397277832,
      0.4975685179233551,
      2.526965379714966,
      0.37840062379837036,
      1.6226873397827148,
      0.08401946723461151,
      0.20941291749477386,
      -0.033207692205905914
    ],
    [
      90.57332611083984,
      86.24950408935547,
      28.165311813354492,
      19.942594528198242,
      -38.812103271484375,
      -34.53751754760742,
      -44.201148986816406,
      -26.930416107177734,
      -11.04530143737793,
      -7.436583995819092,
      -6.684231281280518,
      1.727921724319458,
      2.522336959838867,
      0.5997008681297302,
      2.036069869995117,
      0.09943393617868423,
      0.7409672141075134,
      -0.015934281051158905
    ],
    [
      39.27619552612305,
      28.165311813354492,
      58.644744873046875,
      35.69947814941406,
      16.871381759643555,
      10.218291282653809,
      13.096526145935059,
      13.058109283447266,
      22.645774841308594,
      13.420969009399414,
      10.024654388427734,
      6.8129377365112305,
      6.785333633422852,
      1.4017229080200195,
      2.4413766860961914,
      0.07248548418283463,
      0.32378217577934265,
      -0.03888111561536789
    ],
    [
      17.08766746520996,
      19.942594528198242,
      35.69947814941406,
      55.391746520996094,
      26.315366744995117,
      38.8902587890625,
      23.954273223876953,
      32.6844596862793,
      32.892086029052734,
      18.83647918701172,
      16.901386260986328,
      8.744755744934082,
      9.480445861816406,
      1.811649203300476,
      4.188002586364746,
      0.09659578651189804,
      1.634117603302002,
      -0.028701595962047577
    ],
    [
      -51.366355895996094,
      -38.812103271484375,
      16.871381759643555,
      26.315366744995117,
      122.5708999633789,
      106.7496566772461,
      119.50898742675781,
      88.95755004882812,
      65.48573303222656,
      38.63762664794922,
      49.03251647949219,
      16.206653594970703,
      17.041948318481445,
      2.9082837104797363,
      5.62623929977417,
      0.22084572911262512,
      0.6829023957252502,
      -0.009377093985676765
    ],
    [
      -53.25504684448242,
      -34.53751754760742,
      10.218291282653809,
      38.8902587890625,
      106.7496566772461,
      126.6892318725586,
      111.54693603515625,
      98.26899719238281,
      70.0976791381836,
      42.574607849121094,
      50.0867919921875,
      17.748323440551758,
      17.726329803466797,
      3.229085922241211,
      6.704437255859375,
      0.23188471794128418,
      1.872693419456482,
      -0.013941938057541847
    ],
    [
      -58.8627815246582,
      -44.201148986816406,
      13.096526145935059,
      23.954273223876953,
      119.50898742675781,
      111.54693603515625,
      143.6890411376953,
      102.27873229980469,
      76.50440979003906,
      44.53120040893555,
      58.217472076416016,
      19.943357467651367,
      20.704578399658203,
      3.584272623062134,
      6.636184215545654,
      0.25562921166419983,
      0.7779790759086609,
      -0.016361624002456665
    ],
    [
      -40.135799407958984,
      -26.930416107177734,
      13.058109283447266,
      32.6844596862793,
      88.95755004882812,
      98.26899719238281,
      102.27873229980469,
      92.80664825439453,
      62.82859420776367,
      39.1448860168457,
      44.47298049926758,
      17.384342193603516,
      15.8628568649292,
      3.1799073219299316,
      5.620491027832031,
      0.18101748824119568,
      1.3707749843597412,
      -0.018132971599698067
    ],
    [
      -18.992008209228516,
      -11.04530143737793,
      22.645774841308594,
      32.892086029052734,
      65.48573303222656,
      70.0976791381836,
      76.50440979003906,
      62.82859420776367,
      68.27323150634766,
      36.63662338256836,
      40.18539047241211,
      14.45158863067627,
      16.98141098022461,
      2.6954331398010254,
      6.497207164764404,
      0.1921789050102234,
      1.457686185836792,
      -0.03509783744812012
    ],
    [
      -12.084016799926758,
      -7.436583995819092,
      13.420969009399414,
      18.83647918701172,
      38.63762664794922,
      42.574607849121094,
      44.53120040893555,
      39.1448860168457,
      36.63662338256836,
      28.113840103149414,
      22.293819427490234,
      10.593605041503906,
      9.089285850524902,
      2.0874671936035156,
      3.2894089221954346,
      0.12368376553058624,
      0.6476275324821472,
      -0.017588183283805847
    ],
    [
      -12.372624397277832,
      -6.684231281280518,
      10.024654388427734,
      16.901386260986328,
      49.03251647949219,
      50.0867919921875,
      58.217472076416016,
      44.47298049926758,
      40.18539047241211,
      22.293819427490234,
      39.68954086303711,
      12.86172866821289,
      17.565914154052734,
      2.466053009033203,
      6.62500524520874,
      0.16993936896324158,
      1.0418078899383545,
      -0.021773336455225945
    ],
    [
      0.4975685179233551,
      1.727921724319458,
      6.8129377365112305,
      8.744755744934082,
      16.206653594970703,
      17.748323440551758,
      19.943357467651367,
      17.384342193603516,
      14.45158863067627,
      10.593605041503906,
      12.86172866821289,
      8.396492004394531,
      5.821007251739502,
      1.7009986639022827,
      1.753108024597168,
      0.09196778386831284,
      0.2625567317008972,
      -0.009092502295970917
    ],
    [
      2.526965379714966,
      2.522336959838867,
      6.785333633422852,
      9.480445861816406,
      17.041948318481445,
      17.726329803466797,
      20.704578399658203,
      15.8628568649292,
      16.98141098022461,
      9.089285850524902,
      17.565914154052734,
      5.821007251739502,
      12.229207992553711,
      1.3277281522750854,
      4.6950225830078125,
      0.07831859588623047,
      0.6629787087440491,
      -0.01635662093758583
    ],
    [
      0.37840062379837036,
      0.5997008681297302,
      1.4017229080200195,
      1.811649203300476,
      2.9082837104797363,
      3.229085922241211,
      3.584272623062134,
      3.1799073219299316,
      2.6954331398010254,
      2.0874671936035156,
      2.466053009033203,
      1.7009986639022827,
      1.3277281522750854,
      0.5227310657501221,
      0.3354206383228302,
      0.023138483986258507,
      0.05454142019152641,
      -0.0019531259313225746
    ],
    [
      1.6226873397827148,
      2.036069869995117,
      2.4413766860961914,
      4.188002586364746,
      5.62623929977417,
      6.704437255859375,
      6.636184215545654,
      5.620491027832031,
      6.497207164764404,
      3.2894089221954346,
      6.62500524520874,
      1.753108024597168,
      4.6950225830078125,
      0.3354206383228302,
      2.9657468795776367,
      0.047227952629327774,
      0.3947296440601349,
      -0.007796979043632746
    ],
    [
      0.08401946723461151,
      0.09943393617868423,
      0.07248548418283463,
      0.09659578651189804,
      0.22084572911262512,
      0.23188471794128418,
      0.25562921166419983,
      0.18101748824119568,
      0.1921789050102234,
      0.12368376553058624,
      0.16993936896324158,
      0.09196778386831284,
      0.07831859588623047,
      0.023138483986258507,
      0.047227952629327774,
      0.010179906152188778,
      0.003160786582157016,
      -1.9167518985341303e-05
    ],
    [
      0.20941291749477386,
      0.7409672141075134,
      0.32378217577934265,
      1.634117603302002,
      0.6829023957252502,
      1.872693419456482,
      0.7779790759086609,
      1.3707749843597412,
      1.457686185836792,
      0.6476275324821472,
      1.0418078899383545,
      0.2625567317008972,
      0.6629787087440491,
      0.05454142019152641,
      0.3947296440601349,
      0.003160786582157016,
      0.1737964153289795,
      -0.0009345462894998491
    ],
    [
      -0.033207692205905914,
      -0.015934281051158905,
      -0.03888111561536789,
      -0.028701595962047577,
      -0.009377093985676765,
      -0.013941938057541847,
      -0.016361624002456665,
      -0.018132971599698067,
      -0.03509783744812012,
      -0.017588183283805847,
      -0.021773336455225945,
      -0.009092502295970917,
      -0.01635662093758583,
      -0.0019531259313225746,
      -0.007796979043632746,
      -1.9167518985341303e-05,
      -0.0009345462894998491,
      0.0008072336786426604
    ]
  ],
  "damage": -19.09758949279785,
  "diff_bandwidth": 491.8674011230469,
  "dissonance": 5.024507026009164,
  "drr": 3.5672900676727295,
  "dynamics": 4.825632572174072,
  "format": 1245190,
  "frames": 2643904,
  "loudness": -27.332157135009766,
  "loudness_range": 14.607711791992188,
  "loudness_range_short": 16.38141632080078,
  "lowpass_true_peak_15khz": -6.218764781951904,
  "mastering3_acoustic_entropies": [
    {
      "acoustic_entropy": 7.3260416984558105,
      "acoustic_entropy_mono": 7.511100769042969,
      "band_eliminated_acoustic_entropies": [
        {
          "acoustic_entropy": 7.228256702423096,
          "acoustic_entropy_side": 7.326019287109375,
          "hz": 129.47220167065723
        },
        {
          "acoustic_entropy": 6.21453332901001,
          "acoustic_entropy_side": 7.327776908874512,
          "hz": 202.92927478742237
        },
        {
          "acoustic_entropy": 7.348957061767578,
          "acoustic_entropy_side": 7.324861526489258,
          "hz": 282.89161906338205
        },
        {
          "acoustic_entropy": 6.868410110473633,
          "acoustic_entropy_side": 7.366540431976318,
          "hz": 369.9353335868758
        },
        {
          "acoustic_entropy": 7.270742416381836,
          "acoustic_entropy_side": 7.372502326965332,
          "hz": 464.6875360973435
        },
        {
          "acoustic_entropy": 6.888628959655762,
          "acoustic_entropy_side": 7.28968620300293,
          "hz": 567.8308811364784
        },
        {
          "acoustic_entropy": 7.604306221008301,
          "acoustic_entropy_side": 7.373525619506836,
          "hz": 680.1084783214808
        },
        {
          "acoustic_entropy": 6.711945533752441,
          "acoustic_entropy_side": 7.297895908355713,
          "hz": 802.3292461747484
        },
        {
          "acoustic_entropy": 7.347223281860352,
          "acoustic_entropy_side": 7.374577522277832,
          "hz": 935.3737400823702
        },
        {
          "acoustic_entropy": 7.758921146392822,
          "acoustic_entropy_side": 7.614900588989258,
          "hz": 1080.2004963696966
        },
        {
          "acoustic_entropy": 6.659585475921631,
          "acoustic_entropy_side": 7.3483967781066895,
          "hz": 1237.8529382007157
        },
        {
          "acoustic_entropy": 6.589951992034912,
          "acoustic_entropy_side": 7.326116561889648,
          "hz": 1409.4668930556702
        },
        {
          "acoustic_entropy": 7.2832865715026855,
          "acoustic_entropy_side": 7.335482597351074,
          "hz": 1596.2787759475705
        },
        {
          "acoustic_entropy": 7.416122913360596,
          "acoustic_entropy_side": 7.330565452575684,
          "hz": 1799.6344973346393
        },
        {
          "acoustic_entropy": 7.469768524169922,
          "acoustic_entropy_side": 7.330317497253418,
          "hz": 2020.9991599069049
        },
        {
          "acoustic_entropy": 7.472240447998047,
          "acoustic_entropy_side": 7.32869815826416,
          "hz": 2261.9676141086993
        },
        {
          "acoustic_entropy": 7.330079555511475,
          "acoustic_entropy_side": 7.326199054718018,
          "hz": 2524.2759484456974
        },
        {
          "acoustic_entropy": 7.342066287994385,
          "acoustic_entropy_side": 7.326104164123535,
          "hz": 2809.813997359896
        },
        {
          "acoustic_entropy": 7.373233318328857,
          "acoustic_entropy_side": 7.326108455657959,
          "hz": 3120.6389567871424
        },
        {
          "acoustic_entropy": 7.356833457946777,
          "acoustic_entropy_side": 7.326131820678711,
          "hz": 3458.990205492291
        },
        {
          "acoustic_entropy": 7.331124782562256,
          "acoustic_entropy_side": 7.326040267944336,
          "hz": 3827.305438964164
        },
        {
          "acoustic_entropy": 7.335221290588379,
          "acoustic_entropy_side": 7.326056957244873,
          "hz": 4228.238232109126
        },
        {
          "acoustic_entropy": 7.327971935272217,
          "acoustic_entropy_side": 7.32604455947876,
          "hz": 4664.6771572759235
        },
        {
          "acoustic_entropy": 7.328041076660156,
          "acoustic_entropy_side": 7.326042652130127,
          "hz": 5139.766595350093
        },
        {
          "acoustic_entropy": 7.327205657958984,
          "acoustic_entropy_side": 7.326042652130127,
          "hz": 5656.929389854203
        },
        {
          "acoustic_entropy": 7.326955795288086,
          "acoustic_entropy_side": 7.326042652130127,
          "hz": 6219.891507268283
        },
        {
          "acoustic_entropy": 7.326211929321289,
          "acoustic_entropy_side": 7.3260416984558105,
          "hz": 6832.70888123896
        },
        {
          "acoustic_entropy": 7.326090335845947,
          "acoustic_entropy_side": 7.3260416984558105,
          "hz": 7499.796634079867
        },
        {
          "acoustic_entropy": 7.326075077056885,
          "acoustic_entropy_side": 7.3260416984558105,
          "hz": 8225.96088609342
        },
        {
          "acoustic_entropy": 7.325952529907227,
          "acoustic_entropy_side": 7.3260416984558105,
          "hz": 9016.43338188839
        },
        {
          "acoustic_entropy": 7.3259687423706055,
          "acoustic_entropy_side": 7.3260416984558105,
          "hz": 9876.909183162974
        },
        {
          "acoustic_entropy": 7.326042652130127,
          "acoustic_entropy_side": 7.3260416984558105,
          "hz": 10813.587699516042
        },
        {
          "acoustic_entropy": 7.326045036315918,
          "acoustic_entropy_side": 7.3260416984558105,
          "hz": 11833.21735289826
        },
        {
          "acoustic_entropy": 7.326042175292969,
          "acoustic_entropy_side": 7.3260416984558105,
          "hz": 12943.144197493959
        },
        {
          "acoustic_entropy": 7.3260416984558105,
          "acoustic_entropy_side": 7.3260416984558105,
          "hz": 14151.364845322005
        },
        {
          "acoustic_entropy": 7.3260416984558105,
          "acoustic_entropy_side": 7.3260416984558105,
          "hz": 15466.58407886509
        },
        {
          "acoustic_entropy": 7.3260416984558105,
          "acoustic_entropy_side": 7.3260416984558105,
          "hz": 16898.27756580493
        },
        {
          "acoustic_entropy": 7.3260416984558105,
          "acoustic_entropy_side": 7.3260416984558105,
          "hz": 18456.760127700032
        },
        {
          "acoustic_entropy": 7.3260416984558105,
          "acoustic_entropy_side": 7.3260416984558105,
          "hz": 20153.260054456492
        },
        {
          "acoustic_entropy": 7.3260416984558105,
          "acoustic_entropy_side": 7.3260416984558105,
          "hz": 22000.00000000001
        }
      ],
      "diff_acoustic_entropy": 2.8014724254608154,
      "sn": 6
    },
    {
      "acoustic_entropy": 10.567366600036621,
      "acoustic_entropy_mono": 9.74395751953125,
      "band_eliminated_acoustic_entropies": [
        {
          "acoustic_entropy": 10.236943244934082,
          "acoustic_entropy_side": 10.56738567352295,
          "hz": 129.47220167065723
        },
        {
          "acoustic_entropy": 9.317534446716309,
          "acoustic_entropy_side": 10.573405265808105,
          "hz": 202.92927478742237
        },
        {
          "acoustic_entropy": 10.446005821228027,
          "acoustic_entropy_side": 10.537426948547363,
          "hz": 282.89161906338205
        },
        {
          "acoustic_entropy": 9.571290016174316,
          "acoustic_entropy_side": 10.555228233337402,
          "hz": 369.9353335868758
        },
        {
          "acoustic_entropy": 10.657752990722656,
          "acoustic_entropy_side": 10.536613464355469,
          "hz": 464.6875360973435
        },
        {
          "acoustic_entropy": 9.90615463256836,
          "acoustic_entropy_side": 10.464383125305176,
          "hz": 567.8308811364784
        },
        {
          "acoustic_entropy": 10.46670913696289,
          "acoustic_entropy_side": 10.534025192260742,
          "hz": 680.1084783214808
        },
        {
          "acoustic_entropy": 9.957273483276367,
          "acoustic_entropy_side": 10.185949325561523,
          "hz": 802.3292461747484
        },
        {
          "acoustic_entropy": 10.72041130065918,
          "acoustic_entropy_side": 10.573285102844238,
          "hz": 935.3737400823702
        },
        {
          "acoustic_entropy": 10.296002388000488,
          "acoustic_entropy_side": 10.456101417541504,
          "hz": 1080.2004963696966
        },
        {
          "acoustic_entropy": 10.505175590515137,
          "acoustic_entropy_side": 10.585204124450684,
          "hz": 1237.8529382007157
        },
        {
          "acoustic_entropy": 9.682768821716309,
          "acoustic_entropy_side": 10.560365676879883,
          "hz": 1409.4668930556702
        },
        {
          "acoustic_entropy": 10.120766639709473,
          "acoustic_entropy_side": 10.571407318115234,
          "hz": 1596.2787759475705
        },
        {
          "acoustic_entropy": 10.546815872192383,
          "acoustic_entropy_side": 10.569602012634277,
          "hz": 1799.6344973346393
        },
        {
          "acoustic_entropy": 10.460536003112793,
          "acoustic_entropy_side": 10.572290420532227,
          "hz": 2020.9991599069049
        },
        {
          "acoustic_entropy": 10.404778480529785,
          "acoustic_entropy_side": 10.57026481628418,
          "hz": 2261.9676141086993
        },
        {
          "acoustic_entropy": 10.51735782623291,
          "acoustic_entropy_side": 10.567285537719727,
          "hz": 2524.2759484456974
        },
        {
          "acoustic_entropy": 10.598438262939453,
          "acoustic_entropy_side": 10.5674409866333,
          "hz": 2809.813997359896
        },
        {
          "acoustic_entropy": 10.652194023132324,
          "acoustic_entropy_side": 10.567403793334961,
          "hz": 3120.6389567871424
        },
        {
          "acoustic_entropy": 10.486723899841309,
          "acoustic_entropy_side": 10.56757640838623,
          "hz": 3458.990205492291
        },
        {
          "acoustic_entropy": 10.612289428710938,
          "acoustic_entropy_side": 10.567375183105469,
          "hz": 3827.305438964164
        },
        {
          "acoustic_entropy": 10.625916481018066,
          "acoustic_entropy_side": 10.567402839660645,
          "hz": 4228.238232109126
        },
        {
          "acoustic_entropy": 10.588835716247559,
          "acoustic_entropy_side": 10.567373275756836,
          "hz": 4664.6771572759235
        },
        {
          "acoustic_entropy": 10.584376335144043,
          "acoustic_entropy_side": 10.56736946105957,
          "hz": 5139.766595350093
        },
        {
          "acoustic_entropy": 10.580896377563477,
          "acoustic_entropy_side": 10.567368507385254,
          "hz": 5656.929389854203
        },
        {
          "acoustic_entropy": 10.595158576965332,
          "acoustic_entropy_side": 10.567368507385254,
          "hz": 6219.891507268283
        },
        {
          "acoustic_entropy": 10.572046279907227,
          "acoustic_entropy_side": 10.567366600036621,
          "hz": 6832.70888123896
        },
        {
          "acoustic_entropy": 10.571802139282227,
          "acoustic_entropy_side": 10.567366600036621,
          "hz": 7499.796634079867
        },
        {
          "acoustic_entropy": 10.568522453308105,
          "acoustic_entropy_side": 10.567366600036621,
          "hz": 8225.96088609342
        },
        {
          "acoustic_entropy": 10.567612648010254,
          "acoustic_entropy_side": 10.567366600036621,
          "hz": 9016.43338188839
        },
        {
          "acoustic_entropy": 10.567448616027832,
          "acoustic_entropy_side": 10.567366600036621,
          "hz": 9876.909183162974
        },
        {
          "acoustic_entropy": 10.56755256652832,
          "acoustic_entropy_side": 10.567366600036621,
          "hz": 10813.587699516042
        },
        {
          "acoustic_entropy": 10.567460060119629,
          "acoustic_entropy_side": 10.567366600036621,
          "hz": 11833.21735289826
        },
        {
          "acoustic_entropy": 10.567366600036621,
          "acoustic_entropy_side": 10.567366600036621,
          "hz": 12943.144197493959
        },
        {
          "acoustic_entropy": 10.567366600036621,
          "acoustic_entropy_side": 10.567366600036621,
          "hz": 14151.364845322005
        },
        {
          "acoustic_entropy": 10.567366600036621,
          "acoustic_entropy_side": 10.567366600036621,
          "hz": 15466.58407886509
        },
        {
          "acoustic_entropy": 10.567366600036621,
          "acoustic_entropy_side": 10.567366600036621,
          "hz": 16898.27756580493
        },
        {
          "acoustic_entropy": 10.567366600036621,
          "acoustic_entropy_side": 10.567366600036621,
          "hz": 18456.760127700032
        },
        {
          "acoustic_entropy": 10.567366600036621,
          "acoustic_entropy_side": 10.567366600036621,
          "hz": 20153.260054456492
        },
        {
          "acoustic_entropy": 10.567366600036621,
          "acoustic_entropy_side": 10.567366600036621,
          "hz": 22000.00000000001
        }
      ],
      "diff_acoustic_entropy": 4.0223469734191895,
      "sn": 12
    },
    {
      "acoustic_entropy": 15.143648147583008,
      "acoustic_entropy_mono": 14.1530122756958,
      "band_eliminated_acoustic_entropies": [
        {
          "acoustic_entropy": 15.285211563110352,
          "acoustic_entropy_side": 15.135345458984375,
          "hz": 129.47220167065723
        },
        {
          "acoustic_entropy": 14.76401424407959,
          "acoustic_entropy_side": 14.949990272521973,
          "hz": 202.92927478742237
        },
        {
          "acoustic_entropy": 14.879456520080566,
          "acoustic_entropy_side": 14.927753448486328,
          "hz": 282.89161906338205
        },
        {
          "acoustic_entropy": 14.563681602478027,
          "acoustic_entropy_side": 14.893092155456543,
          "hz": 369.9353335868758
        },
        {
          "acoustic_entropy": 15.38935661315918,
          "acoustic_entropy_side": 15.242568016052246,
          "hz": 464.6875360973435
        },
        {
          "acoustic_entropy": 14.737282752990723,
          "acoustic_entropy_side": 15.45687198638916,
          "hz": 567.8308811364784
        },
        {
          "acoustic_entropy": 16.341869354248047,
          "acoustic_entropy_side": 15.415460586547852,
          "hz": 680.1084783214808
        },
        {
          "acoustic_entropy": 15.373600959777832,
          "acoustic_entropy_side": 15.41905689239502,
          "hz": 802.3292461747484
        },
        {
          "acoustic_entropy": 15.508626937866211,
          "acoustic_entropy_side": 15.147018432617188,
          "hz": 935.3737400823702
        },
        {
          "acoustic_entropy": 15.281198501586914,
          "acoustic_entropy_side": 15.398862838745117,
          "hz": 1080.2004963696966
        },
        {
          "acoustic_entropy": 15.53790283203125,
          "acoustic_entropy_side": 15.054308891296387,
          "hz": 1237.8529382007157
        },
        {
          "acoustic_entropy": 14.906240463256836,
          "acoustic_entropy_side": 15.067840576171875,
          "hz": 1409.4668930556702
        },
        {
          "acoustic_entropy": 14.580901145935059,
          "acoustic_entropy_side": 15.136496543884277,
          "hz": 1596.2787759475705
        },
        {
          "acoustic_entropy": 14.869436264038086,
          "acoustic_entropy_side": 15.301544189453125,
          "hz": 1799.6344973346393
        },
        {
          "acoustic_entropy": 14.778740882873535,
          "acoustic_entropy_side": 15.213983535766602,
          "hz": 2020.9991599069049
        },
        {
          "acoustic_entropy": 14.997969627380371,
          "acoustic_entropy_side": 15.17208194732666,
          "hz": 2261.9676141086993
        },
        {
