{
  "acoustic_entropy": 208.81419372558594,
  "bands": [
    {
      "high_freq": 148.1999969482422,
      "loudness": -19.077577590942383,
      "loudness_range": 6.1865434646606445,
      "mid_mean": -15.527706146240234,
      "mid_to_side_loudness": -16.37778663635254,
      "mid_to_side_loudness_range": 11.029699325561523,
      "side_mean": -32.1472282409668
    },
    {
      "high_freq": 392.3793640136719,
      "loudness": -20.401430130004883,
      "loudness_range": 6.329168319702148,
      "low_freq": 148.1999969482422,
      "mid_mean": -17.37358856201172,
      "mid_to_side_loudness": -8.883413314819336,
      "mid_to_side_loudness_range": 8.524972915649414,
      "side_mean": -25.930498123168945
    },
    {
      "high_freq": 794.6976318359375,
      "loudness": -19.920032501220703,
      "loudness_range": 7.633090972900391,
      "low_freq": 392.3793640136719,
      "mid_mean": -17.149402618408203,
      "mid_to_side_loudness": -7.564432144165039,
      "mid_to_side_loudness_range": 12.952202796936035,
      "side_mean": -24.673959732055664
    },
    {
      "high_freq": 1457.5709228515625,
      "loudness": -21.709386825561523,
      "loudness_range": 12.475842475891113,
      "low_freq": 794.6976318359375,
      "mid_mean": -18.917953491210938,
      "mid_to_side_loudness": -7.618873119354248,
      "mid_to_side_loudness_range": 12.367454528808594,
      "side_mean": -26.423538208007812
    },
    {
      "high_freq": 2549.74365234375,
      "loudness": -18.022451400756836,
      "loudness_range": 10.26224136352539,
      "low_freq": 1457.5709228515625,
      "mid_mean": -15.321247100830078,
      "mid_to_side_loudness": -7.238880634307861,
      "mid_to_side_loudness_range": 10.837135314941406,
      "side_mean": -22.36239242553711
    },
    {
      "high_freq": 4349.24462890625,
      "loudness": -18.555002212524414,
      "loudness_range": 10.063740730285645,
      "low_freq": 2549.74365234375,
      "mid_mean": -15.962042808532715,
      "mid_to_side_loudness": -6.422933101654053,
      "mid_to_side_loudness_range": 9.123491287231445,
      "side_mean": -21.836755752563477
    },
    {
      "high_freq": 7314.1640625,
      "loudness": -25.124711990356445,
      "loudness_range": 7.990833282470703,
      "low_freq": 4349.24462890625,
      "mid_mean": -22.347515106201172,
      "mid_to_side_loudness": -7.081784248352051,
      "mid_to_side_loudness_range": 7.082508087158203,
      "side_mean": -28.863563537597656
    },
    {
      "high_freq": 12199.2666015625,
      "loudness": -26.354095458984375,
      "loudness_range": 8.46047592163086,
      "low_freq": 7314.1640625,
      "mid_mean": -23.67825698852539,
      "mid_to_side_loudness": -6.536697864532471,
      "mid_to_side_loudness_range": 6.417909622192383,
      "side_mean": -29.872272491455078
    },
    {
      "loudness": -30.915250778198242,
      "loudness_range": 11.862131118774414,
      "low_freq": 12199.2666015625,
      "mid_mean": -28.82343101501465,
      "mid_to_side_loudness": -4.037571430206299,
      "mid_to_side_loudness_range": 4.8512678146362305,
      "side_mean": -32.57698059082031
    }
  ],
  "bands_short": [
    {
      "high_freq": 148.1999969482422,
      "loudness": -21.735158920288086,
      "loudness_range": 12.916154861450195,
      "mid_mean": -18.195589065551758,
      "mid_to_side_loudness": -18.547191619873047,
      "mid_to_side_loudness_range": 18.559078216552734,
      "side_mean": -37.02311706542969
    },
    {
      "high_freq": 392.3793640136719,
      "loudness": -19.72608757019043,
      "loudness_range": 8.058389663696289,
      "low_freq": 148.1999969482422,
      "mid_mean": -16.683250427246094,
      "mid_to_side_loudness": -9.397455215454102,
      "mid_to_side_loudness_range": 10.814775466918945,
      "side_mean": -25.81859016418457
    },
    {
      "high_freq": 794.6976318359375,
      "loudness": -20.991466522216797,
      "loudness_range": 11.695523262023926,
      "low_freq": 392.3793640136719,
      "mid_mean": -18.447431564331055,
      "mid_to_side_loudness": -6.988938331604004,
      "mid_to_side_loudness_range": 14.355472564697266,
      "side_mean": -25.397300720214844
    },
    {
      "high_freq": 1457.5709228515625,
      "loudness": -22.28154754638672,
      "loudness_range": 15.067924499511719,
      "low_freq": 794.6976318359375,
      "mid_mean": -19.635019302368164,
      "mid_to_side_loudness": -7.130148887634277,
      "mid_to_side_loudness_range": 13.09251880645752,
      "side_mean": -26.676671981811523
    },
    {
      "high_freq": 2549.74365234375,
      "loudness": -18.650344848632812,
      "loudness_range": 12.521415710449219,
      "low_freq": 1457.5709228515625,
      "mid_mean": -16.050018310546875,
      "mid_to_side_loudness": -6.927260398864746,
      "mid_to_side_loudness_range": 12.229592323303223,
      "side_mean": -22.79248809814453
    },
    {
      "high_freq": 4349.24462890625,
      "loudness": -18.89481544494629,
      "loudness_range": 11.31015682220459,
      "low_freq": 2549.74365234375,
      "mid_mean": -16.35082244873047,
      "mid_to_side_loudness": -6.39906120300293,
      "mid_to_side_loudness_range": 10.477458000183105,
      "side_mean": -22.2689208984375
    },
    {
      "high_freq": 7314.1640625,
      "loudness": -25.69199562072754,
      "loudness_range": 11.459718704223633,
      "low_freq": 4349.24462890625,
      "mid_mean": -23.019102096557617,
      "mid_to_side_loudness": -6.871748447418213,
      "mid_to_side_loudness_range": 9.233614921569824,
      "side_mean": -29.391128540039062
    },
    {
      "high_freq": 12199.2666015625,
      "loudness": -28.063039779663086,
      "loudness_range": 15.039119720458984,
      "low_freq": 7314.1640625,
      "mid_mean": -25.345184326171875,
      "mid_to_side_loudness": -7.115918159484863,
      "mid_to_side_loudness_range": 9.548974990844727,
      "side_mean": -32.20426559448242
    },
    {
      "loudness": -34.134666442871094,
      "loudness_range": 21.86397361755371,
      "low_freq": 12199.2666015625,
      "mid_mean": -31.92498207092285,
      "mid_to_side_loudness": -4.882076740264893,
      "mid_to_side_loudness_range": 7.429194927215576,
      "side_mean": -36.52548599243164
    }
  ],
  "bandwidth": 852.943115234375,
  "channels": 2,
  "covariance": [
    [
      6.366666316986084,
      1.4002277851104736,
      0.01463721226900816,
      0.46586912870407104,
      0.21060839295387268,
      1.4210484027862549,
      -0.14458489418029785,
      1.142005443572998,
      0.6455793380737305,
      1.471422791481018,
      1.272169589996338,
      1.6290429830551147,
      -0.3067411780357361,
      1.114637017250061,
      -1.3540291786193848,
      -0.7998262047767639,
      -0.9070816040039062,
      -0.8092631101608276
    ],
    [
      1.4002277851104736,
      9.224806785583496,
      -0.18787826597690582,
      -0.18955405056476593,
      -1.494179129600525,
      -1.1259132623672485,
      -2.6308984756469727,
      -1.8462580442428589,
      -1.9485079050064087,
      -2.857968330383301,
      -0.49453005194664,
      -1.8969693183898926,
      0.24799078702926636,
      -0.31710055470466614,
      -2.4845049381256104,
      -2.7171289920806885,
      -3.803135633468628,
      -4.526253700256348
    ],
    [
      0.01463721226900816,
      -0.18787826597690582,
      11.090792655944824,
      3.805995464324951,
      3.7362287044525146,
      3.2314772605895996,
      1.2822679281234741,
      2.929582357406616,
      3.4582486152648926,
      4.708844184875488,
      5.041540622711182,
      1.2106575965881348,
      5.417716979980469,
      1.1093990802764893,
      2.0628185272216797,
      -0.011805424466729164,
      0.9097169041633606,
      -1.5297600030899048
    ],
    [
      0.46586912870407104,
      -0.18955405056476593,
      3.805995464324951,
      9.701964378356934,
      0.24521034955978394,
      5.6090593338012695,
      1.417829990386963,
      6.131842613220215,
      5.049361705780029,
      8.811126708984375,
      5.064210414886475,
      7.247084140777588,
      3.7961056232452393,
      5.313578128814697,
      2.1621992588043213,
      2.5116946697235107,
      1.715369701385498,
      0.9613098502159119
    ],
    [
      0.21060839295387268,
      -1.494179129600525,
      3.7362287044525146,
      0.24521034955978394,
      11.238463401794434,
      4.424104690551758,
      5.821880340576172,
      2.466040849685669,
      2.323560953140259,
      1.480601191520691,
      1.4153724908828735,
      -0.769487202167511,
      1.3665497303009033,
      -0.5150021910667419,
      1.4710050821304321,
      -0.018213819712400436,
      0.856234610080719,
      -0.5079328417778015
    ],
    [
      1.4210484027862549,
      -1.1259132623672485,
      3.2314772605895996,
      5.6090593338012695,
      4.424104690551758,
      16.62101936340332,
      4.484598159790039,
      13.888483047485352,
      7.272809028625488,
      15.828371047973633,
      8.020880699157715,
      13.447877883911133,
      6.1071648597717285,
      9.380258560180664,
      4.292904376983643,
      4.665313243865967,
      4.268836498260498,
      2.268428087234497
    ],
    [
      -0.14458489418029785,
      -2.6308984756469727,
      1.2822679281234741,
      1.417829990386963,
      5.821880340576172,
      4.484598159790039,
      19.479564666748047,
      10.128511428833008,
      6.94938325881958,
      5.294610500335693,
      2.6212282180786133,
      3.2049036026000977,
      1.2486909627914429,
      2.1037757396698,
      0.45421504974365234,
      -0.06060982123017311,
      -0.4409836232662201,
      -1.2287988662719727
    ],
    [
      1.142005443572998,
      -1.8462580442428589,
      2.929582357406616,
      6.131842613220215,
      2.466040849685669,
      13.888483047485352,
      10.128511428833008,
      20.70684051513672,
      9.313007354736328,
      18.79042625427246,
      9.398993492126465,
      15.72925090789795,
      6.732611179351807,
      10.852155685424805,
      3.98026967048645,
      4.998748779296875,
      4.2518815994262695,
      2.8106820583343506
    ],
    [
      0.6455793380737305,
      -1.9485079050064087,
      3.4582486152648926,
      5.049361705780029,
      2.323560953140259,
      7.272809028625488,
      6.94938325881958,
      9.313007354736328,
      14.062748908996582,
      12.908754348754883,
      9.950095176696777,
      10.427153587341309,
      6.529048442840576,
      6.936033725738525,
      3.440681219100952,
      2.623464822769165,
      2.2768301963806152,
      1.2341852188110352
    ],
    [
      1.471422791481018,
      -2.857968330383301,
      4.708844184875488,
      8.811126708984375,
      1.480601191520691,
      15.828371047973633,
      5.294610500335693,
      18.79042625427246,
      12.908754348754883,
      28.953384399414062,
      14.343990325927734,
      23.652982711791992,
      11.096637725830078,
      14.980822563171387,
      7.373198509216309,
      9.661664009094238,
      9.570003509521484,
      9.230813980102539
    ],
    [
      1.272169589996338,
      -0.49453005194664,
      5.041540622711182,
      5.064210414886475,
      1.4153724908828735,
      8.020880699157715,
      2.6212282180786133,
      9.398993492126465,
      9.950095176696777,
      14.343990325927734,
      13.753361701965332,
      13.285898208618164,
      10.202649116516113,
      8.721379280090332,
      4.2908935546875,
      4.037397861480713,
      4.079920291900635,
      2.9378249645233154
    ],
    [
      1.6290429830551147,
      -1.8969693183898926,
      1.2106575965881348,
      7.247084140777588,
      -0.769487202167511,
      13.447877883911133,
      3.2049036026000977,
      15.72925090789795,
      10.427153587341309,
      23.652982711791992,
      13.285898208618164,
      25.699687957763672,
      9.168876647949219,
      15.785630226135254,
      6.9329752922058105,
      10.471807479858398,
      9.621272087097168,
      10.689555168151855
    ],
    [
      -0.3067411780357361,
      0.24799078702926636,
      5.417716979980469,
      3.7961056232452393,
      1.3665497303009033,
      6.1071648597717285,
      1.2486909627914429,
      6.732611179351807,
      6.529048442840576,
      11.096637725830078,
      10.202649116516113,
      9.168876647949219,
      12.481304168701172,
      7.217594623565674,
      6.308626651763916,
      4.875644207000732,
      5.497138023376465,
      3.750842809677124
    ],
    [
      1.114637017250061,
      -0.31710055470466614,
      1.1093990802764893,
      5.313578128814697,
      -0.5150021910667419,
      9.380258560180664,
      2.1037757396698,
      10.852155685424805,
      6.936033725738525,
      14.980822563171387,
      8.721379280090332,
      15.785630226135254,
      7.217594623565674,
      12.504005432128906,
      5.411239147186279,
      8.190655708312988,
      6.733481407165527,
      7.217819690704346
    ],
    [
      -1.3540291786193848,
      -2.4845049381256104,
      2.0628185272216797,
      2.1621992588043213,
      1.4710050821304321,
      4.292904376983643,
      0.45421504974365234,
      3.98026967048645,
      3.440681219100952,
      7.373198509216309,
      4.2908935546875,
      6.9329752922058105,
      6.308626651763916,
      5.411239147186279,
      11.040053367614746,
      8.918280601501465,
      11.068761825561523,
      10.57691478729248
    ],
    [
      -0.7998262047767639,
      -2.7171289920806885,
      -0.011805424466729164,
      2.5116946697235107,
      -0.018213819712400436,
      4.665313243865967,
      -0.06060982123017311,
      4.998748779296875,
      2.623464822769165,
      9.661664009094238,
      4.037397861480713,
      10.471807479858398,
      4.875644207000732,
      8.190655708312988,
      8.918280601501465,
      14.000385284423828,
      14.088008880615234,
      17.334386825561523
    ],
    [
      -0.9070816040039062,
      -3.803135633468628,
      0.9097169041633606,
      1.715369701385498,
      0.856234610080719,
      4.268836498260498,
      -0.4409836232662201,
      4.2518815994262695,
      2.2768301963806152,
      9.570003509521484,
      4.079920291900635,
      9.621272087097168,
      5.497138023376465,
      6.733481407165527,
      11.068761825561523,
      14.088008880615234,
      18.979036331176758,
      20.815753936767578
    ],
    [
      -0.8092631101608276,
      -4.526253700256348,
      -1.5297600030899048,
      0.9613098502159119,
      -0.5079328417778015,
      2.268428087234497,
      -1.2287988662719727,
      2.8106820583343506,
      1.2341852188110352,
      9.230813980102539,
      2.9378249645233154,
      10.689555168151855,
      3.750842809677124,
      7.217819690704346,
      10.57691478729248,
      17.334386825561523,
      20.815753936767578,
      27.79376983642578
    ]
  ],
  "covariance_short": [
    [
      22.17487144470215,
      5.797049045562744,
      -0.2976249158382416,
      -0.39259257912635803,
      -0.24766290187835693,
      1.0350419282913208,
      -0.5041170716285706,
      0.7230533957481384,
      0.44673481583595276,
      0.720659077167511,
      1.3496285676956177,
      1.597709059715271,
      -0.2833617925643921,
      1.752842903137207,
      -1.1894617080688477,
      -0.09135571867227554,
      -0.8791791200637817,
      -0.3400929272174835
    ],
    [
      5.797049045562744,
      26.006954193115234,
      -0.07019945234060287,
      0.4405595660209656,
      -1.7925143241882324,
      -1.8175690174102783,
      -2.9538426399230957,
      -2.919691324234009,
      -2.0822396278381348,
      -4.59928560256958,
      -1.2232820987701416,
      -4.023889064788818,
      -0.27881643176078796,
      -1.3737449645996094,
      -2.720557928085327,
      -2.725243330001831,
      -4.722309112548828,
      -5.222003936767578
    ],
    [
      -0.2976249158382416,
      -0.07019945234060287,
      13.38084602355957,
      3.790769100189209,
      3.8707146644592285,
      3.4008712768554688,
      2.195195198059082,
      3.3888049125671387,
      3.9102139472961426,
      5.279599666595459,
      4.932748317718506,
      2.67880916595459,
      5.906676292419434,
      2.7676281929016113,
      3.0873172283172607,
      2.577702045440674,
      2.511500120162964,
      0.8954678177833557
    ],
    [
      -0.39259257912635803,
      0.4405595660209656,
      3.790769100189209,
      11.174775123596191,
      0.8732668161392212,
      4.7503461837768555,
      1.3166831731796265,
      4.742436408996582,
      4.646475315093994,
      6.834536075592041,
      4.4972028732299805,
      5.968100547790527,
      4.154134273529053,
      5.0399169921875,
      2.614471673965454,
      4.390646457672119,
      2.9804813861846924,
      3.8385887145996094
    ],
    [
      -0.24766290187835693,
      -1.7925143241882324,
      3.8707146644592285,
      0.8732668161392212,
      21.050188064575195,
      7.767087936401367,
      10.094433784484863,
      5.805014133453369,
      5.724825859069824,
      3.5137200355529785,
      4.369946479797363,
      1.9645800590515137,
      5.076257228851318,
      2.975147247314453,
      4.738400459289551,
      3.4399466514587402,
      4.356406211853027,
      3.02653431892395
    ],
    [
      1.0350419282913208,
      -1.8175690174102783,
      3.4008712768554688,
      4.7503461837768555,
      7.767087936401367,
      21.565980911254883,
      7.497556209564209,
      15.541902542114258,
      10.224336624145508,
      17.334428787231445,
      10.365992546081543,
      15.634531021118164,
      9.057907104492188,
      12.948822021484375,
      7.399970054626465,
      10.896096229553223,
      9.734477996826172,
      10.792271614074707
    ],
    [
      -0.5041170716285706,
      -2.9538426399230957,
      2.195195198059082,
      1.3166831731796265,
      10.094433784484863,
      7.497556209564209,
      27.985776901245117,
      15.09699821472168,
      12.514866828918457,
      9.297627449035645,
      7.1330647468566895,
      7.02688455581665,
      5.823580741882324,
      6.320763111114502,
      4.463562488555908,
      4.6028008460998535,
      4.8842315673828125,
      4.424167633056641
    ],
    [
      0.7230533957481384,
      -2.919691324234009,
      3.3888049125671387,
      4.742436408996582,
      5.805014133453369,
      15.541902542114258,
      15.09699821472168,
      25.828153610229492,
      13.23974609375,
      20.838258743286133,
      12.055331230163574,
      18.50627326965332,
      10.076031684875488,
      14.795531272888184,
      7.306149005889893,
      12.11616039276123,
      10.64087963104248,
      12.400763511657715
    ],
    [
      0.44673481583595276,
      -2.0822396278381348,
      3.9102139472961426,
      4.646475315093994,
      5.724825859069824,
      10.224336624145508,
      12.514866828918457,
      13.23974609375,
      22.667919158935547,
      18.136728286743164,
      15.197078704833984,
      15.33066463470459,
      11.541305541992188,
      12.05659294128418,
      8.105291366577148,
      9.802355766296387,
      8.944561958312988,
      9.835979461669922
    ],
    [
      0.720659077167511,
      -4.59928560256958,
      5.279599666595459,
      6.834536075592041,
      3.5137200355529785,
      17.334428787231445,
      9.297627449035645,
      20.838258743286133,
      18.136728286743164,
      34.32282638549805,
      18.37169647216797,
      27.82316017150879,
      15.172784805297852,
      19.9237117767334,
      10.926185607910156,
      18.062320709228516,
      17.306921005249023,
      21.339149475097656
    ],
    [
      1.3496285676956177,
      -1.2232820987701416,
      4.932748317718506,
      4.4972028732299805,
      4.369946479797363,
      10.365992546081543,
      7.1330647468566895,
      12.055331230163574,
      15.197078704833984,
      18.37169647216797,
      19.902584075927734,
      18.204978942871094,
      15.115205764770508,
      13.950854301452637,
      8.980630874633789,
      11.753579139709473,
      10.925334930419922,
      12.333867073059082
    ],
    [
      1.597709059715271,
      -4.023889064788818,
      2.67880916595459,
      5.968100547790527,
      1.9645800590515137,
      15.634531021118164,
      7.02688455581665,
      18.50627326965332,
      15.33066463470459,
      27.82316017150879,
      18.204978942871094,
      32.07904052734375,
      13.82190990447998,
      21.966028213500977,
      11.128913879394531,
      19.217924118041992,
      18.365690231323242,
      23.26763343811035
    ],
    [
      -0.2833617925643921,
      -0.27881643176078796,
      5.906676292419434,
      4.154134273529053,
      5.076257228851318,
      9.057907104492188,
      5.823580741882324,
      10.076031684875488,
      11.541305541992188,
      15.172784805297852,
      15.115205764770508,
      13.82190990447998,
      21.047334671020508,
      14.411587715148926,
      15.937976837158203,
      17.523849487304688,
      18.791736602783203,
      19.299253463745117
    ],
    [
      1.752842903137207,
      -1.3737449645996094,
      2.7676281929016113,
      5.0399169921875,
      2.975147247314453,
      12.948822021484375,
      6.320763111114502,
      14.795531272888184,
      12.05659294128418,
      19.9237117767334,
      13.950854301452637,
      21.966028213500977,
      14.411587715148926,
      21.557811737060547,
      13.282063484191895,
      20.731578826904297,
      19.7498836517334,
      24.069902420043945
    ],
    [
      -1.1894617080688477,
      -2.720557928085327,
      3.0873172283172607,
      2.614471673965454,
      4.738400459289551,
      7.399970054626465,
      4.463562488555908,
      7.306149005889893,
      8.105291366577148,
      10.926185607910156,
      8.980630874633789,
      11.128913879394531,
      15.937976837158203,
      13.282063484191895,
      28.335580825805664,
      26.720842361450195,
      33.56540298461914,
      33.87541580200195
    ],
    [
      -0.09135571867227554,
      -2.725243330001831,
      2.577702045440674,
      4.390646457672119,
      3.4399466514587402,
      10.896096229553223,
      4.6028008460998535,
      12.11616039276123,
      9.802355766296387,
      18.062320709228516,
      11.753579139709473,
      19.217924118041992,
      17.523849487304688,
      20.731578826904297,
      26.720842361450195,
      39.62946701049805,
      41.892051696777344,
      50.2957763671875
    ],
    [
      -0.8791791200637817,
      -4.722309112548828,
      2.511500120162964,
      2.9804813861846924,
      4.356406211853027,
      9.734477996826172,
      4.8842315673828125,
      10.64087963104248,
      8.944561958312988,
      17.306921005249023,
      10.925334930419922,
      18.365690231323242,
      18.791736602783203,
      19.7498836517334,
      33.56540298461914,
      41.892051696777344,
      56.49225616455078,
      61.57363510131836
    ],
    [
      -0.3400929272174835,
      -5.222003936767578,
      0.8954678177833557,
      3.8385887145996094,
      3.02653431892395,
      10.792271614074707,
      4.424167633056641,
      12.400763511657715,
      9.835979461669922,
      21.339149475097656,
      12.333867073059082,
      23.26763343811035,
      19.299253463745117,
      24.069902420043945,
      33.87541580200195,
      50.2957763671875,
      61.57363510131836,
      78.81625366210938
    ]
  ],
  "damage": -5.235081672668457,
  "diff_bandwidth": 863.9014282226562,
  "dissonance": 10.655373378428138,
  "drr": 15.492780685424805,
  "dynamics": 2.133115530014038,
  "format": 1245190,
  "frames": 12817812,
  "loudness": -7.532711982727051,
  "loudness_range": 4.8312835693359375,
  "loudness_range_short": 6.888197898864746,
  "lowpass_true_peak_15khz": 1.633056879043579,
  "mastering3_acoustic_entropies": [
    {
      "acoustic_entropy": 5.835742473602295,
      "acoustic_entropy_mono": 5.7421956062316895,
      "band_eliminated_acoustic_entropies": [
        {
          "acoustic_entropy": 5.833890914916992,
          "acoustic_entropy_side": 5.835687637329102,
          "hz": 129.47220167065723
        },
        {
          "acoustic_entropy": 5.8890838623046875,
          "acoustic_entropy_side": 5.835164546966553,
          "hz": 202.92927478742237
        },
        {
          "acoustic_entropy": 5.943779945373535,
          "acoustic_entropy_side": 5.84276008605957,
          "hz": 282.89161906338205
        },
        {
          "acoustic_entropy": 5.934170246124268,
          "acoustic_entropy_side": 5.846132755279541,
          "hz": 369.9353335868758
        },
        {
          "acoustic_entropy": 5.980728626251221,
          "acoustic_entropy_side": 5.837867259979248,
          "hz": 464.6875360973435
        },
        {
          "acoustic_entropy": 6.007900714874268,
          "acoustic_entropy_side": 5.823391437530518,
          "hz": 567.8308811364784
        },
        {
          "acoustic_entropy": 4.976885795593262,
          "acoustic_entropy_side": 5.910799503326416,
          "hz": 680.1084783214808
        },
        {
          "acoustic_entropy": 5.844570636749268,
          "acoustic_entropy_side": 5.881435394287109,
          "hz": 802.3292461747484
        },
        {
          "acoustic_entropy": 6.142209529876709,
          "acoustic_entropy_side": 5.789684772491455,
          "hz": 935.3737400823702
        },
        {
          "acoustic_entropy": 5.849549770355225,
          "acoustic_entropy_side": 5.847798824310303,
          "hz": 1080.2004963696966
        },
        {
          "acoustic_entropy": 5.899289608001709,
          "acoustic_entropy_side": 5.96587610244751,
          "hz": 1237.8529382007157
        },
        {
          "acoustic_entropy": 6.044894218444824,
          "acoustic_entropy_side": 5.822677135467529,
          "hz": 1409.4668930556702
        },
        {
          "acoustic_entropy": 5.916299343109131,
          "acoustic_entropy_side": 5.858493804931641,
          "hz": 1596.2787759475705
        },
        {
          "acoustic_entropy": 6.151289463043213,
          "acoustic_entropy_side": 5.9106035232543945,
          "hz": 1799.6344973346393
        },
        {
          "acoustic_entropy": 5.946280002593994,
          "acoustic_entropy_side": 5.788658618927002,
          "hz": 2020.9991599069049
        },
        {
          "acoustic_entropy": 5.789320468902588,
          "acoustic_entropy_side": 5.824957847595215,
          "hz": 2261.9676141086993
        },
        {
          "acoustic_entropy": 5.745868682861328,
          "acoustic_entropy_side": 5.791535377502441,
          "hz": 2524.2759484456974
        },
        {
          "acoustic_entropy": 5.697127819061279,
          "acoustic_entropy_side": 5.8557353019714355,
          "hz": 2809.813997359896
        },
        {
          "acoustic_entropy": 5.706091403961182,
          "acoustic_entropy_side": 5.861042022705078,
          "hz": 3120.6389567871424
        },
        {
          "acoustic_entropy": 5.893627166748047,
          "acoustic_entropy_side": 5.925888538360596,
          "hz": 3458.990205492291
        },
        {
          "acoustic_entropy": 5.9141058921813965,
          "acoustic_entropy_side": 5.919229507446289,
          "hz": 3827.305438964164
        },
        {
          "acoustic_entropy": 5.8687872886657715,
          "acoustic_entropy_side": 5.875117301940918,
          "hz": 4228.238232109126
        },
        {
          "acoustic_entropy": 5.792854309082031,
          "acoustic_entropy_side": 5.854547500610352,
          "hz": 4664.6771572759235
        },
        {
          "acoustic_entropy": 5.805315971374512,
          "acoustic_entropy_side": 5.837767601013184,
          "hz": 5139.766595350093
        },
        {
          "acoustic_entropy": 5.84751033782959,
          "acoustic_entropy_side": 5.840053081512451,
          "hz": 5656.929389854203
        },
        {
          "acoustic_entropy": 5.86472225189209,
          "acoustic_entropy_side": 5.842377662658691,
          "hz": 6219.891507268283
        },
        {
          "acoustic_entropy": 5.862218379974365,
          "acoustic_entropy_side": 5.841218948364258,
          "hz": 6832.70888123896
        },
        {
          "acoustic_entropy": 5.881925582885742,
          "acoustic_entropy_side": 5.844176292419434,
          "hz": 7499.796634079867
        },
        {
          "acoustic_entropy": 5.893289566040039,
          "acoustic_entropy_side": 5.8458251953125,
          "hz": 8225.96088609342
        },
        {
          "acoustic_entropy": 5.934897422790527,
          "acoustic_entropy_side": 5.845415115356445,
          "hz": 9016.43338188839
        },
        {
          "acoustic_entropy": 5.934991836547852,
          "acoustic_entropy_side": 5.849467754364014,
          "hz": 9876.909183162974
        },
        {
          "acoustic_entropy": 5.916793346405029,
          "acoustic_entropy_side": 5.84616756439209,
          "hz": 10813.587699516042
        },
        {
          "acoustic_entropy": 5.8168487548828125,
          "acoustic_entropy_side": 5.846564769744873,
          "hz": 11833.21735289826
        },
        {
          "acoustic_entropy": 5.806900501251221,
          "acoustic_entropy_side": 5.852212429046631,
          "hz": 12943.144197493959
        },
        {
          "acoustic_entropy": 5.834918975830078,
          "acoustic_entropy_side": 5.847519874572754,
          "hz": 14151.364845322005
        },
        {
          "acoustic_entropy": 5.83047342300415,
          "acoustic_entropy_side": 5.847544193267822,
          "hz": 15466.58407886509
        },
        {
          "acoustic_entropy": 5.849153518676758,
          "acoustic_entropy_side": 5.850008010864258,
          "hz": 16898.27756580493
        },
        {
          "acoustic_entropy": 5.855448246002197,
          "acoustic_entropy_side": 5.846514701843262,
          "hz": 18456.760127700032
        },
        {
          "acoustic_entropy": 5.8398518562316895,
          "acoustic_entropy_side": 5.837601184844971,
          "hz": 20153.260054456492
        },
        {
          "acoustic_entropy": 5.836118698120117,
          "acoustic_entropy_side": 5.835798263549805,
          "hz": 22000.00000000001
        }
      ],
      "diff_acoustic_entropy": 5.311863899230957,
      "sn": 6
    },
    {
      "acoustic_entropy": 8.862508773803711,
      "acoustic_entropy_mono": 8.007414817810059,
      "band_eliminated_acoustic_entropies": [
        {
          "acoustic_entropy": 8.919782638549805,
          "acoustic_entropy_side": 8.86296272277832,
          "hz": 129.47220167065723
        },
        {
          "acoustic_entropy": 8.994115829467773,
          "acoustic_entropy_side": 8.8661527633667,
          "hz": 202.92927478742237
        },
        {
          "acoustic_entropy": 9.065848350524902,
          "acoustic_entropy_side": 8.843482971191406,
          "hz": 282.89161906338205
        },
        {
          "acoustic_entropy": 8.925840377807617,
          "acoustic_entropy_side": 8.877853393554688,
          "hz": 369.9353335868758
        },
        {
          "acoustic_entropy": 8.884308815002441,
          "acoustic_entropy_side": 8.840545654296875,
          "hz": 464.6875360973435
        },
        {
          "acoustic_entropy": 9.189260482788086,
          "acoustic_entropy_side": 9.017257690429688,
          "hz": 567.8308811364784
        },
        {
          "acoustic_entropy": 8.699201583862305,
          "acoustic_entropy_side": 8.974727630615234,
          "hz": 680.1084783214808
        },
        {
          "acoustic_entropy": 9.053707122802734,
          "acoustic_entropy_side": 8.845144271850586,
          "hz": 802.3292461747484
        },
        {
          "acoustic_entropy": 9.105901718139648,
          "acoustic_entropy_side": 8.896886825561523,
          "hz": 935.3737400823702
        },
        {
          "acoustic_entropy": 9.292119979858398,
          "acoustic_entropy_side": 8.869532585144043,
          "hz": 1080.2004963696966
        },
        {
          "acoustic_entropy": 8.975236892700195,
          "acoustic_entropy_side": 8.884099960327148,
          "hz": 1237.8529382007157
        },
        {
          "acoustic_entropy": 8.958256721496582,
          "acoustic_entropy_side": 8.88766098022461,
          "hz": 1409.4668930556702
        },
        {
          "acoustic_entropy": 9.102334976196289,
          "acoustic_entropy_side": 8.972368240356445,
          "hz": 1596.2787759475705
        },
        {
          "acoustic_entropy": 9.027146339416504,
          "acoustic_entropy_side": 8.908082962036133,
          "hz": 1799.6344973346393
        },
        {
          "acoustic_entropy": 9.135984420776367,
          "acoustic_entropy_side": 8.825227737426758,
          "hz": 2020.9991599069049
        },
        {
          "acoustic_entropy": 8.805734634399414,
          "acoustic_entropy_side": 8.8177490234375,
          "hz": 2261.9676141086993
        },
        {
          "acoustic_entropy": 9.092662811279297,
          "acoustic_entropy_side": 9.066457748413086,
          "hz": 2524.2759484456974
        },
        {
          "acoustic_entropy": 8.841205596923828,
          "acoustic_entropy_side": 8.812658309936523,
          "hz": 2809.813997359896
        },
        {
          "acoustic_entropy": 8.759345054626465,
          "acoustic_entropy_side": 8.783271789550781,
          "hz": 3120.6389567871424
        },
        {
          "acoustic_entropy": 8.852944374084473,
          "acoustic_entropy_side": 8.825164794921875,
          "hz": 3458.990205492291
        },
        {
          "acoustic_entropy": 8.7147216796875,
          "acoustic_entropy_side": 8.877753257751465,
          "hz": 3827.305438964164
        },
        {
          "acoustic_entropy": 8.839909553527832,
          "acoustic_entropy_side": 8.838398933410645,
          "hz": 4228.238232109126
        },
        {
          "acoustic_entropy": 8.880330085754395,
          "acoustic_entropy_side": 8.913583755493164,
          "hz": 4664.6771572759235
        },
        {
          "acoustic_entropy": 8.73021411895752,
          "acoustic_entropy_side": 8.87195110321045,
          "hz": 5139.766595350093
        },
        {
          "acoustic_entropy": 8.870916366577148,
          "acoustic_entropy_side": 8.882916450500488,
          "hz": 5656.929389854203
        },
        {
          "acoustic_entropy": 8.806476593017578,
          "acoustic_entropy_side": 8.869440078735352,
          "hz": 6219.891507268283
        },
        {
          "acoustic_entropy": 8.803906440734863,
          "acoustic_entropy_side": 8.856550216674805,
          "hz": 6832.70888123896
        },
        {
          "acoustic_entropy": 8.817888259887695,
          "acoustic_entropy_side": 8.843646049499512,
          "hz": 7499.796634079867
        },
        {
          "acoustic_entropy": 8.77790355682373,
          "acoustic_entropy_side": 8.84482479095459,
          "hz": 8225.96088609342
        },
        {
          "acoustic_entropy": 8.822870254516602,
          "acoustic_entropy_side": 8.853795051574707,
          "hz": 9016.43338188839
        },
        {
          "acoustic_entropy": 8.908953666687012,
          "acoustic_entropy_side": 8.834952354431152,
          "hz": 9876.909183162974
        },
        {
          "acoustic_entropy": 8.776759147644043,
          "acoustic_entropy_side": 8.775932312011719,
          "hz": 10813.587699516042
        },
        {
          "acoustic_entropy": 8.626843452453613,
          "acoustic_entropy_side": 8.744231224060059,
          "hz": 11833.21735289826
        },
        {
          "acoustic_entropy": 8.71568775177002,
          "acoustic_entropy_side": 8.747665405273438,
          "hz": 12943.144197493959
        },
        {
          "acoustic_entropy": 8.731056213378906,
          "acoustic_entropy_side": 8.731266975402832,
          "hz": 14151.364845322005
        },
        {
          "acoustic_entropy": 8.738574028015137,
          "acoustic_entropy_side": 8.733969688415527,
          "hz": 15466.58407886509
        },
        {
          "acoustic_entropy": 8.75963020324707,
          "acoustic_entropy_side": 8.74156665802002,
          "hz": 16898.27756580493
        },
        {
          "acoustic_entropy": 8.692038536071777,
          "acoustic_entropy_side": 8.804594039916992,
          "hz": 18456.760127700032
        },
        {
          "acoustic_entropy": 8.825645446777344,
          "acoustic_entropy_side": 8.849804878234863,
          "hz": 20153.260054456492
        },
        {
          "acoustic_entropy": 8.859644889831543,
          "acoustic_entropy_side": 8.861963272094727,
          "hz": 22000.00000000001
        }
      ],
      "diff_acoustic_entropy": 8.199017524719238,
      "sn": 12
    },
    {
      "acoustic_entropy": 13.522629737854004,
      "acoustic_entropy_mono": 11.906960487365723,
      "band_eliminated_acoustic_entropies": [
        {
          "acoustic_entropy": 13.400781631469727,
          "acoustic_entropy_side": 13.541450500488281,
          "hz": 129.47220167065723
        },
        {
          "acoustic_entropy": 14.186274528503418,
          "acoustic_entropy_side": 13.851802825927734,
          "hz": 202.92927478742237
        },
        {
          "acoustic_entropy": 13.920031547546387,
          "acoustic_entropy_side": 13.55127239227295,
          "hz": 282.89161906338205
        },
        {
          "acoustic_entropy": 12.865209579467773,
          "acoustic_entropy_side": 13.128791809082031,
          "hz": 369.9353335868758
        },
        {
          "acoustic_entropy": 14.162839889526367,
          "acoustic_entropy_side": 14.006186485290527,
          "hz": 464.6875360973435
        },
        {
          "acoustic_entropy": 14.554547309875488,
          "acoustic_entropy_side": 13.964555740356445,
          "hz": 567.8308811364784
        },
        {
          "acoustic_entropy": 13.75186824798584,
          "acoustic_entropy_side": 13.770641326904297,
          "hz": 680.1084783214808
        },
        {
          "acoustic_entropy": 13.854015350341797,
          "acoustic_entropy_side": 13.438855171203613,
          "hz": 802.3292461747484
        },
        {
          "acoustic_entropy": 14.144868850708008,
          "acoustic_entropy_side": 13.519621849060059,
          "hz": 935.3737400823702
        },
        {
          "acoustic_entropy": 13.478035926818848,
          "acoustic_entropy_side": 13.792020797729492,
          "hz": 1080.2004963696966
        },
        {
          "acoustic_entropy": 13.458839416503906,
          "acoustic_entropy_side": 13.437095642089844,
          "hz": 1237.8529382007157
        },
        {
          "acoustic_entropy": 13.601840019226074,
          "acoustic_entropy_side": 13.560490608215332,
          "hz": 1409.4668930556702
        },
        {
          "acoustic_entropy": 13.445262908935547,
          "acoustic_entropy_side": 13.32715129852295,
          "hz": 1596.2787759475705
        },
        {
          "acoustic_entropy": 13.462088584899902,
          "acoustic_entropy_side": 13.518608093261719,
          "hz": 1799.6344973346393
        },
        {
          "acoustic_entropy": 13.528094291687012,
          "acoustic_entropy_side": 13.620906829833984,
          "hz": 2020.9991599069049
        },
        {
          "acoustic_entropy": 13.274736404418945,
          "acoustic_entropy_side": 13.408586502075195,
          "hz": 2261.9676141086993
        },
        {
          "acoustic_entropy": 13.428117752075195,
          "acoustic_entropy_side": 13.459147453308105,
          "hz": 2524.2759484456974
        },
        {
          "acoustic_entropy": 13.453996658325195,
          "acoustic_entropy_side": 13.360567092895508,
