{
  "acoustic_entropy": 189.02366638183594,
  "bands": [
    {
      "high_freq": 148.1999969482422,
      "loudness": -17.20872688293457,
      "loudness_range": 8.313148498535156,
      "mid_mean": -13.919577598571777,
      "mid_to_side_loudness": -12.555866241455078,
      "mid_to_side_loudness_range": 17.11971092224121,
      "side_mean": -25.030494689941406
    },
    {
      "high_freq": 392.3793640136719,
      "loudness": -18.264942169189453,
      "loudness_range": 7.110846519470215,
      "low_freq": 148.1999969482422,
      "mid_mean": -15.157792091369629,
      "mid_to_side_loudness": -10.381104469299316,
      "mid_to_side_loudness_range": 14.62339973449707,
      "side_mean": -24.872817993164062
    },
    {
      "high_freq": 794.6976318359375,
      "loudness": -20.059783935546875,
      "loudness_range": 9.117049217224121,
      "low_freq": 392.3793640136719,
      "mid_mean": -17.174657821655273,
      "mid_to_side_loudness": -9.250565528869629,
      "mid_to_side_loudness_range": 16.0736026763916,
      "side_mean": -25.815319061279297
    },
    {
      "high_freq": 1457.5709228515625,
      "loudness": -20.613941192626953,
      "loudness_range": 13.066218376159668,
      "low_freq": 794.6976318359375,
      "mid_mean": -17.915407180786133,
      "mid_to_side_loudness": -8.138813018798828,
      "mid_to_side_loudness_range": 13.672996520996094,
      "side_mean": -25.454702377319336
    },
    {
      "high_freq": 2549.74365234375,
      "loudness": -18.801929473876953,
      "loudness_range": 10.122207641601562,
      "low_freq": 1457.5709228515625,
      "mid_mean": -16.3247013092041,
      "mid_to_side_loudness": -6.567234992980957,
      "mid_to_side_loudness_range": 12.92005729675293,
      "side_mean": -22.060701370239258
    },
    {
      "high_freq": 4349.24462890625,
      "loudness": -17.18403434753418,
      "loudness_range": 9.074065208435059,
      "low_freq": 2549.74365234375,
      "mid_mean": -14.909392356872559,
      "mid_to_side_loudness": -5.282642841339111,
      "mid_to_side_loudness_range": 7.595703125,
      "side_mean": -19.094280242919922
    },
    {
      "high_freq": 7314.1640625,
      "loudness": -22.403579711914062,
      "loudness_range": 9.686683654785156,
      "low_freq": 4349.24462890625,
      "mid_mean": -20.00758171081543,
      "mid_to_side_loudness": -6.198729515075684,
      "mid_to_side_loudness_range": 9.317761421203613,
      "side_mean": -24.06772232055664
    },
    {
      "high_freq": 12199.2666015625,
      "loudness": -27.062875747680664,
      "loudness_range": 10.568603515625,
      "low_freq": 7314.1640625,
      "mid_mean": -25.35030174255371,
      "mid_to_side_loudness": -4.684468746185303,
      "mid_to_side_loudness_range": 13.897941589355469,
      "side_mean": -28.323341369628906
    },
    {
      "loudness": -35.84531784057617,
      "loudness_range": 12.276826858520508,
      "low_freq": 12199.2666015625,
      "mid_mean": -34.44938659667969,
      "mid_to_side_loudness": -3.4715540409088135,
      "mid_to_side_loudness_range": 11.138648986816406,
      "side_mean": -36.24190139770508
    }
  ],
  "bands_short": [
    {
      "high_freq": 148.1999969482422,
      "loudness": -20.778804779052734,
      "loudness_range": 14.979934692382812,
      "mid_mean": -17.821603775024414,
      "mid_to_side_loudness": -12.894218444824219,
      "mid_to_side_loudness_range": 22.685503005981445,
      "side_mean": -29.479351043701172
    },
    {
      "high_freq": 392.3793640136719,
      "loudness": -17.091209411621094,
      "loudness_range": 10.753110885620117,
      "low_freq": 148.1999969482422,
      "mid_mean": -14.067390441894531,
      "mid_to_side_loudness": -10.592924118041992,
      "mid_to_side_loudness_range": 17.366567611694336,
      "side_mean": -23.75400161743164
    },
    {
      "high_freq": 794.6976318359375,
      "loudness": -20.92526626586914,
      "loudness_range": 12.919808387756348,
      "low_freq": 392.3793640136719,
      "mid_mean": -18.301738739013672,
      "mid_to_side_loudness": -8.479883193969727,
      "mid_to_side_loudness_range": 18.330690383911133,
      "side_mean": -26.382762908935547
    },
    {
      "high_freq": 1457.5709228515625,
      "loudness": -21.367961883544922,
      "loudness_range": 16.35730743408203,
      "low_freq": 794.6976318359375,
      "mid_mean": -18.957271575927734,
      "mid_to_side_loudness": -7.417797565460205,
      "mid_to_side_loudness_range": 16.752605438232422,
      "side_mean": -25.691268920898438
    },
    {
      "high_freq": 2549.74365234375,
      "loudness": -19.35255241394043,
      "loudness_range": 12.335984230041504,
      "low_freq": 1457.5709228515625,
      "mid_mean": -17.032665252685547,
      "mid_to_side_loudness": -6.329530239105225,
      "mid_to_side_loudness_range": 14.800002098083496,
      "side_mean": -22.5712890625
    },
    {
      "high_freq": 4349.24462890625,
      "loudness": -17.425580978393555,
      "loudness_range": 10.926576614379883,
      "low_freq": 2549.74365234375,
      "mid_mean": -15.224733352661133,
      "mid_to_side_loudness": -5.222959518432617,
      "mid_to_side_loudness_range": 10.08471393585205,
      "side_mean": -19.463146209716797
    },
    {
      "high_freq": 7314.1640625,
      "loudness": -22.78976821899414,
      "loudness_range": 12.03373908996582,
      "low_freq": 4349.24462890625,
      "mid_mean": -20.553504943847656,
      "mid_to_side_loudness": -5.7489237785339355,
      "mid_to_side_loudness_range": 10.55564022064209,
      "side_mean": -24.320384979248047
    },
    {
      "high_freq": 12199.2666015625,
      "loudness": -28.013994216918945,
      "loudness_range": 13.707206726074219,
      "low_freq": 7314.1640625,
      "mid_mean": -26.500865936279297,
      "mid_to_side_loudness": -4.060678005218506,
      "mid_to_side_loudness_range": 13.559565544128418,
      "side_mean": -28.848033905029297
    },
    {
      "loudness": -37.4422721862793,
      "loudness_range": 16.86365509033203,
      "low_freq": 12199.2666015625,
      "mid_mean": -36.25044250488281,
      "mid_to_side_loudness": -3.146507501602173,
      "mid_to_side_loudness_range": 11.60011100769043,
      "side_mean": -37.33665466308594
    }
  ],
  "bandwidth": 724.714111328125,
  "channels": 2,
  "covariance": [
    [
      23.23369598388672,
      9.333845138549805,
      8.658979415893555,
      16.994049072265625,
      4.20194149017334,
      16.694671630859375,
      6.139871597290039,
      13.399149894714355,
      5.487125396728516,
      14.398247718811035,
      5.71774435043335,
      12.346882820129395,
      9.476551055908203,
      1.543841004371643,
      9.64830493927002,
      5.54994535446167,
      10.90903377532959,
      5.245847702026367
    ],
    [
      9.333845138549805,
      36.33110427856445,
      5.042966365814209,
      20.685688018798828,
      5.072295665740967,
      12.643451690673828,
      8.509577751159668,
      11.536945343017578,
      9.703471183776855,
      9.301128387451172,
      9.889498710632324,
      8.520681381225586,
      10.019552230834961,
      3.324136257171631,
      6.971734523773193,
      4.661164283752441,
      5.265909194946289,
      3.9494805335998535
    ],
    [
      8.658979415893555,
      5.042966365814209,
      8.874080657958984,
      9.554588317871094,
      2.7022857666015625,
      8.370275497436523,
      2.648423194885254,
      6.122727870941162,
      3.8958723545074463,
      6.642632961273193,
      4.196609020233154,
      5.6587324142456055,
      7.339163303375244,
      0.4172276556491852,
      7.395698547363281,
      3.426337718963623,
      7.0008015632629395,
      3.712061882019043
    ],
    [
      16.994049072265625,
      20.685688018798828,
      9.554588317871094,
      38.143856048583984,
      7.676609039306641,
      21.82071304321289,
      10.108208656311035,
      18.84969139099121,
      10.473298072814941,
      16.906536102294922,
      11.336181640625,
      14.105992317199707,
      15.637472152709961,
      4.6775803565979,
      13.772858619689941,
      10.255657196044922,
      11.826874732971191,
      8.008091926574707
    ],
    [
      4.20194149017334,
      5.072295665740967,
      2.7022857666015625,
      7.676609039306641,
      14.501104354858398,
      7.821286201477051,
      9.84161376953125,
      7.062127590179443,
      5.871677398681641,
      5.216341972351074,
      6.553414821624756,
      3.044219732284546,
      6.989594459533691,
      2.464590311050415,
      5.373359680175781,
      3.5311996936798096,
      3.6693830490112305,
      1.7537672519683838
    ],
    [
      16.694671630859375,
      12.643451690673828,
      8.370275497436523,
      21.82071304321289,
      7.821286201477051,
      35.553035736083984,
      9.38331413269043,
      25.19157600402832,
      9.06010913848877,
      24.672035217285156,
      11.150067329406738,
      21.293928146362305,
      15.331899642944336,
      11.398176193237305,
      13.03036880493164,
      13.810543060302734,
      11.12294864654541,
      6.740397930145264
    ],
    [
      6.139871597290039,
      8.509577751159668,
      2.648423194885254,
      10.108208656311035,
      9.84161376953125,
      9.38331413269043,
      28.445343017578125,
      17.24571990966797,
      10.741905212402344,
      10.774822235107422,
      12.006389617919922,
      8.85082721710205,
      11.745078086853027,
      7.195731163024902,
      7.901550769805908,
      7.9405198097229,
      6.410751819610596,
      5.528932094573975
    ],
    [
      13.399149894714355,
      11.536945343017578,
      6.122727870941162,
      18.84969139099121,
      7.062127590179443,
      25.19157600402832,
      17.24571990966797,
      34.44889450073242,
      12.258689880371094,
      25.377944946289062,
      14.274967193603516,
      22.65967559814453,
      16.508317947387695,
      13.641693115234375,
      12.004534721374512,
      14.79680061340332,
      10.05622673034668,
      7.850215911865234
    ],
    [
      5.487125396728516,
      9.703471183776855,
      3.8958723545074463,
      10.473298072814941,
      5.871677398681641,
      9.06010913848877,
      10.741905212402344,
      12.258689880371094,
      16.651132583618164,
      10.709319114685059,
      11.441899299621582,
      8.044354438781738,
      11.668342590332031,
      6.334404468536377,
      9.004616737365723,
      7.453342437744141,
      5.646395683288574,
      4.2987141609191895
    ],
    [
      14.398247718811035,
      9.301128387451172,
      6.642632961273193,
      16.906536102294922,
      5.216341972351074,
      24.672035217285156,
      10.774822235107422,
      25.377944946289062,
      10.709319114685059,
      30.669885635375977,
      12.567790985107422,
      26.223644256591797,
      15.101176261901855,
      13.996384620666504,
      12.477706909179688,
      15.596782684326172,
      11.198766708374023,
      9.442569732666016
    ],
    [
      5.71774435043335,
      9.889498710632324,
      4.196609020233154,
      11.336181640625,
      6.553414821624756,
      11.150067329406738,
      12.006389617919922,
      14.274967193603516,
      11.441899299621582,
      12.567790985107422,
      14.487235069274902,
      10.790029525756836,
      13.148737907409668,
      8.231376647949219,
      9.612703323364258,
      9.522045135498047,
      7.144382476806641,
      6.844051837921143
    ],
    [
      12.346882820129395,
      8.520681381225586,
      5.6587324142456055,
      14.105992317199707,
      3.044219732284546,
      21.293928146362305,
      8.85082721710205,
      22.65967559814453,
      8.044354438781738,
      26.223644256591797,
      10.790029525756836,
      32.5941162109375,
      12.503005027770996,
      15.3768949508667,
      10.255080223083496,
      16.80445671081543,
      10.113492965698242,
      11.317988395690918
    ],
    [
      9.476551055908203,
      10.019552230834961,
      7.339163303375244,
      15.637472152709961,
      6.989594459533691,
      15.331899642944336,
      11.745078086853027,
      16.508317947387695,
      11.668342590332031,
      15.101176261901855,
      13.148737907409668,
      12.503005027770996,
      20.58172035217285,
      8.261039733886719,
      17.649154663085938,
      12.431295394897461,
      14.390881538391113,
      9.294926643371582
    ],
    [
      1.543841004371643,
      3.324136257171631,
      0.4172276556491852,
      4.6775803565979,
      2.464590311050415,
      11.398176193237305,
      7.195731163024902,
      13.641693115234375,
      6.334404468536377,
      13.996384620666504,
      8.231376647949219,
      15.3768949508667,
      8.261039733886719,
      19.420440673828125,
      5.084327697753906,
      15.808971405029297,
      3.3251724243164062,
      9.328957557678223
    ],
    [
      9.64830493927002,
      6.971734523773193,
      7.395698547363281,
      13.772858619689941,
      5.373359680175781,
      13.03036880493164,
      7.901550769805908,
      12.004534721374512,
      9.004616737365723,
      12.477706909179688,
      9.612703323364258,
      10.255080223083496,
      17.649154663085938,
      5.084327697753906,
      25.685209274291992,
      10.524917602539062,
      22.997745513916016,
      11.02916145324707
    ],
    [
      5.54994535446167,
      4.661164283752441,
      3.426337718963623,
      10.255657196044922,
      3.5311996936798096,
      13.810543060302734,
      7.9405198097229,
      14.79680061340332,
      7.453342437744141,
      15.596782684326172,
      9.522045135498047,
      16.80445671081543,
      12.431295394897461,
      15.808971405029297,
      10.524917602539062,
      25.35531234741211,
      10.325788497924805,
      17.846696853637695
    ],
    [
      10.90903377532959,
      5.265909194946289,
      7.0008015632629395,
      11.826874732971191,
      3.6693830490112305,
      11.12294864654541,
      6.410751819610596,
      10.05622673034668,
      5.646395683288574,
      11.198766708374023,
      7.144382476806641,
      10.113492965698242,
      14.390881538391113,
      3.3251724243164062,
      22.997745513916016,
      10.325788497924805,
      30.541017532348633,
      15.109184265136719
    ],
    [
      5.245847702026367,
      3.9494805335998535,
      3.712061882019043,
      8.008091926574707,
      1.7537672519683838,
      6.740397930145264,
      5.528932094573975,
      7.850215911865234,
      4.2987141609191895,
      9.442569732666016,
      6.844051837921143,
      11.317988395690918,
      9.294926643371582,
      9.328957557678223,
      11.02916145324707,
      17.846696853637695,
      15.109184265136719,
      24.337841033935547
    ]
  ],
  "covariance_short": [
    [
      36.77055358886719,
      11.029452323913574,
      13.596028327941895,
      13.109785079956055,
      4.45871639251709,
      14.017181396484375,
      5.83683443069458,
      10.455714225769043,
      5.225725173950195,
      11.278159141540527,
      5.214685916900635,
      9.424223899841309,
      6.523386001586914,
      -0.3611803352832794,
      6.143205642700195,
      -0.5466704368591309,
      6.658351421356201,
      -0.08921921253204346
    ],
    [
      11.029452323913574,
      57.1361198425293,
      6.229079723358154,
      21.507661819458008,
      3.577470302581787,
      11.339316368103027,
      6.139705181121826,
      10.377284049987793,
      8.218481063842773,
      10.91731071472168,
      7.777313232421875,
      9.979726791381836,
      6.928426742553711,
      2.459307909011841,
      4.578559398651123,
      1.4908889532089233,
      4.00233268737793,
      1.3682163953781128
    ],
    [
      13.596028327941895,
      6.229079723358154,
      17.622873306274414,
      10.489078521728516,
      4.820093154907227,
      11.053802490234375,
      4.017793655395508,
      7.701345443725586,
      5.224090099334717,
      8.900835990905762,
      5.414673328399658,
      7.783963680267334,
      8.721246719360352,
      1.6057353019714355,
      8.754936218261719,
      3.0205793380737305,
      8.288467407226562,
      2.478386640548706
    ],
    [
      13.109785079956055,
      21.507661819458008,
      10.489078521728516,
      39.13666534423828,
      5.730551719665527,
      19.64391326904297,
      8.464473724365234,
      14.917352676391602,
      8.33565616607666,
      15.186259269714355,
      8.804929733276367,
      13.086525917053223,
      12.182052612304688,
      4.302524089813232,
      11.21204948425293,
      6.148169040679932,
      11.268233299255371,
      3.6635560989379883
    ],
    [
      4.45871639251709,
      3.577470302581787,
      4.820093154907227,
      5.730551719665527,
      25.584747314453125,
      10.831206321716309,
      12.327569961547852,
      7.1606669425964355,
      8.943166732788086,
      7.836687088012695,
      8.643284797668457,
      6.06727933883667,
      8.845105171203613,
      3.8806281089782715,
      6.819067001342773,
      4.126284122467041,
      5.04530668258667,
      2.586087703704834
    ],
    [
      14.017181396484375,
      11.339316368103027,
      11.053802490234375,
      19.64391326904297,
      10.831206321716309,
      41.300899505615234,
      12.563131332397461,
      26.635719299316406,
      11.20444393157959,
      27.11501693725586,
      13.130430221557617,
      23.554576873779297,
      17.365795135498047,
      13.520963668823242,
      15.399839401245117,
      13.406436920166016,
      13.893209457397461,
      6.872951984405518
    ],
    [
      5.83683443069458,
      6.139705181121826,
      4.017793655395508,
      8.464473724365234,
      12.327569961547852,
      12.563131332397461,
      39.206180572509766,
      18.966556549072266,
      15.648569107055664,
      14.760021209716797,
      15.735119819641113,
      13.135878562927246,
      14.329893112182617,
      9.690956115722656,
      9.213459968566895,
      9.284109115600586,
      7.568010330200195,
      6.896451473236084
    ],
    [
      10.455714225769043,
      10.377284049987793,
      7.701345443725586,
      14.917352676391602,
      7.1606669425964355,
      26.635719299316406,
      18.966556549072266,
      39.98963165283203,
      13.940717697143555,
      29.852609634399414,
      16.030071258544922,
      27.836088180541992,
      17.706146240234375,
      17.135461807250977,
      14.054915428161621,
      14.937328338623047,
      12.920980453491211,
      9.354281425476074
    ],
    [
      5.225725173950195,
      8.218481063842773,
      5.224090099334717,
      8.33565616607666,
      8.943166732788086,
      11.20444393157959,
      15.648569107055664,
      13.940717697143555,
      24.065860748291016,
      14.312090873718262,
      15.209968566894531,
      11.789213180541992,
      14.40402889251709,
      8.938199996948242,
      11.022785186767578,
      8.503324508666992,
      7.577284336090088,
      5.101913928985596
    ],
    [
      11.278159141540527,
      10.91731071472168,
      8.900835990905762,
      15.186259269714355,
      7.836687088012695,
      27.11501693725586,
      14.760021209716797,
      29.852609634399414,
      14.312090873718262,
      37.19109344482422,
      15.976516723632812,
      30.939430236816406,
      18.577518463134766,
      18.030826568603516,
      15.512146949768066,
      16.62274169921875,
      14.609421730041504,
      10.687043190002441
    ],
    [
      5.214685916900635,
      7.777313232421875,
      5.414673328399658,
      8.804929733276367,
      8.643284797668457,
      13.130430221557617,
      15.735119819641113,
      16.030071258544922,
      15.209968566894531,
      15.976516723632812,
      19.79849624633789,
      15.074392318725586,
      16.38062286376953,
      11.48561954498291,
      12.721668243408203,
      11.454350471496582,
      11.322524070739746,
      9.179070472717285
    ],
    [
      9.424223899841309,
      9.979726791381836,
      7.783963680267334,
      13.086525917053223,
      6.06727933883667,
      23.554576873779297,
      13.135878562927246,
      27.836088180541992,
      11.789213180541992,
      30.939430236816406,
      15.074392318725586,
      39.0450553894043,
      16.419267654418945,
      21.019819259643555,
      14.097372055053711,
      18.509248733520508,
      14.20554256439209,
      13.046789169311523
    ],
    [
      6.523386001586914,
      6.928426742553711,
      8.721246719360352,
      12.182052612304688,
      8.845105171203613,
      17.365795135498047,
      14.329893112182617,
      17.706146240234375,
      14.40402889251709,
      18.577518463134766,
      16.38062286376953,
      16.419267654418945,
      27.019346237182617,
      13.42564868927002,
      23.847742080688477,
      16.506319046020508,
      22.130617141723633,
      14.01990032196045
    ],
    [
      -0.3611803352832794,
      2.459307909011841,
      1.6057353019714355,
      4.302524089813232,
      3.8806281089782715,
      13.520963668823242,
      9.690956115722656,
      17.135461807250977,
      8.938199996948242,
      18.030826568603516,
      11.48561954498291,
      21.019819259643555,
      13.42564868927002,
      25.036094665527344,
      10.931323051452637,
      22.12297821044922,
      10.725497245788574,
      16.578495025634766
    ],
    [
      6.143205642700195,
      4.578559398651123,
      8.754936218261719,
      11.21204948425293,
      6.819067001342773,
      15.399839401245117,
      9.213459968566895,
      14.054915428161621,
      11.022785186767578,
      15.512146949768066,
      12.721668243408203,
      14.097372055053711,
      23.847742080688477,
      10.931323051452637,
      34.876869201660156,
      17.519935607910156,
      32.05268096923828,
      17.858442306518555
    ],
    [
      -0.5466704368591309,
      1.4908889532089233,
      3.0205793380737305,
      6.148169040679932,
      4.126284122467041,
      13.406436920166016,
      9.284109115600586,
      14.937328338623047,
      8.503324508666992,
      16.62274169921875,
      11.454350471496582,
      18.509248733520508,
      16.506319046020508,
      22.12297821044922,
      17.519935607910156,
      31.134275436401367,
      18.973350524902344,
      24.44533920288086
    ],
    [
      6.658351421356201,
      4.00233268737793,
      8.288467407226562,
      11.268233299255371,
      5.04530668258667,
      13.893209457397461,
      7.568010330200195,
      12.920980453491211,
      7.577284336090088,
      14.609421730041504,
      11.322524070739746,
      14.20554256439209,
      22.130617141723633,
      10.725497245788574,
      32.05268096923828,
      18.973350524902344,
      42.40437698364258,
      25.240087509155273
    ],
    [
      -0.08921921253204346,
      1.3682163953781128,
      2.478386640548706,
      3.6635560989379883,
      2.586087703704834,
      6.872951984405518,
      6.896451473236084,
      9.354281425476074,
      5.101913928985596,
      10.687043190002441,
      9.179070472717285,
      13.046789169311523,
      14.01990032196045,
      16.578495025634766,
      17.858442306518555,
      24.44533920288086,
      25.240087509155273,
      33.95856857299805
    ]
  ],
  "damage": -2.6530017852783203,
  "diff_bandwidth": 709.7530517578125,
  "dissonance": 10.594588785476464,
  "drr": 16.4768123626709,
  "dynamics": 2.320448160171509,
  "format": 1245190,
  "frames": 10443712,
  "loudness": -6.318464756011963,
  "loudness_range": 4.947083950042725,
  "loudness_range_short": 6.505960464477539,
  "lowpass_true_peak_15khz": 1.249155879020691,
  "mastering3_acoustic_entropies": [
    {
      "acoustic_entropy": 6.358303546905518,
      "acoustic_entropy_mono": 6.592614650726318,
      "band_eliminated_acoustic_entropies": [
        {
          "acoustic_entropy": 6.204139709472656,
          "acoustic_entropy_side": 6.357635974884033,
          "hz": 129.47220167065723
        },
        {
          "acoustic_entropy": 6.012811660766602,
          "acoustic_entropy_side": 6.323024272918701,
          "hz": 202.92927478742237
        },
        {
          "acoustic_entropy": 6.799353122711182,
          "acoustic_entropy_side": 6.338187217712402,
          "hz": 282.89161906338205
        },
        {
          "acoustic_entropy": 6.381764888763428,
          "acoustic_entropy_side": 6.361223220825195,
          "hz": 369.9353335868758
        },
        {
          "acoustic_entropy": 6.545574188232422,
          "acoustic_entropy_side": 6.375995635986328,
          "hz": 464.6875360973435
        },
        {
          "acoustic_entropy": 6.527751445770264,
          "acoustic_entropy_side": 6.382307052612305,
          "hz": 567.8308811364784
        },
        {
          "acoustic_entropy": 6.402670860290527,
          "acoustic_entropy_side": 6.403123378753662,
          "hz": 680.1084783214808
        },
        {
          "acoustic_entropy": 6.433874130249023,
          "acoustic_entropy_side": 6.433637619018555,
          "hz": 802.3292461747484
        },
        {
          "acoustic_entropy": 6.617762088775635,
          "acoustic_entropy_side": 6.395357608795166,
          "hz": 935.3737400823702
        },
        {
          "acoustic_entropy": 5.916224002838135,
          "acoustic_entropy_side": 6.406510829925537,
          "hz": 1080.2004963696966
        },
        {
          "acoustic_entropy": 6.440824031829834,
          "acoustic_entropy_side": 6.428083419799805,
          "hz": 1237.8529382007157
        },
        {
          "acoustic_entropy": 6.611470699310303,
          "acoustic_entropy_side": 6.416408538818359,
          "hz": 1409.4668930556702
        },
        {
          "acoustic_entropy": 6.294348239898682,
          "acoustic_entropy_side": 6.3668389320373535,
          "hz": 1596.2787759475705
        },
        {
          "acoustic_entropy": 6.315009117126465,
          "acoustic_entropy_side": 6.365310192108154,
          "hz": 1799.6344973346393
        },
        {
          "acoustic_entropy": 6.354735851287842,
          "acoustic_entropy_side": 6.36539363861084,
          "hz": 2020.9991599069049
        },
        {
          "acoustic_entropy": 6.007309436798096,
          "acoustic_entropy_side": 6.367085933685303,
          "hz": 2261.9676141086993
        },
        {
          "acoustic_entropy": 5.899695873260498,
          "acoustic_entropy_side": 6.3309760093688965,
          "hz": 2524.2759484456974
        },
        {
          "acoustic_entropy": 6.279425144195557,
          "acoustic_entropy_side": 6.316215991973877,
          "hz": 2809.813997359896
        },
        {
          "acoustic_entropy": 6.291225910186768,
          "acoustic_entropy_side": 6.296436309814453,
          "hz": 3120.6389567871424
        },
        {
          "acoustic_entropy": 6.114176273345947,
          "acoustic_entropy_side": 6.242969512939453,
          "hz": 3458.990205492291
        },
        {
          "acoustic_entropy": 6.166353702545166,
          "acoustic_entropy_side": 6.245604991912842,
          "hz": 3827.305438964164
        },
        {
          "acoustic_entropy": 6.306058883666992,
          "acoustic_entropy_side": 6.281572341918945,
          "hz": 4228.238232109126
        },
        {
          "acoustic_entropy": 6.382721900939941,
          "acoustic_entropy_side": 6.301710605621338,
          "hz": 4664.6771572759235
        },
        {
          "acoustic_entropy": 6.446469783782959,
          "acoustic_entropy_side": 6.321361541748047,
          "hz": 5139.766595350093
        },
        {
          "acoustic_entropy": 6.355183124542236,
          "acoustic_entropy_side": 6.3277482986450195,
          "hz": 5656.929389854203
        },
        {
          "acoustic_entropy": 6.3667473793029785,
          "acoustic_entropy_side": 6.314230918884277,
          "hz": 6219.891507268283
        },
        {
          "acoustic_entropy": 6.3929290771484375,
          "acoustic_entropy_side": 6.325995445251465,
          "hz": 6832.70888123896
        },
        {
          "acoustic_entropy": 6.405633926391602,
          "acoustic_entropy_side": 6.393202781677246,
          "hz": 7499.796634079867
        },
        {
          "acoustic_entropy": 6.3952131271362305,
          "acoustic_entropy_side": 6.365912914276123,
          "hz": 8225.96088609342
        },
        {
          "acoustic_entropy": 6.400376796722412,
          "acoustic_entropy_side": 6.367607593536377,
          "hz": 9016.43338188839
        },
        {
          "acoustic_entropy": 6.427791595458984,
          "acoustic_entropy_side": 6.369897365570068,
          "hz": 9876.909183162974
        },
        {
          "acoustic_entropy": 6.434736728668213,
          "acoustic_entropy_side": 6.34180212020874,
          "hz": 10813.587699516042
        },
        {
          "acoustic_entropy": 6.432392597198486,
          "acoustic_entropy_side": 6.330023288726807,
          "hz": 11833.21735289826
        },
        {
          "acoustic_entropy": 6.3898515701293945,
          "acoustic_entropy_side": 6.322692394256592,
          "hz": 12943.144197493959
        },
        {
          "acoustic_entropy": 6.398861408233643,
          "acoustic_entropy_side": 6.3311357498168945,
          "hz": 14151.364845322005
        },
        {
          "acoustic_entropy": 6.385844707489014,
          "acoustic_entropy_side": 6.342217445373535,
          "hz": 15466.58407886509
        },
        {
          "acoustic_entropy": 6.3803300857543945,
          "acoustic_entropy_side": 6.3532209396362305,
          "hz": 16898.27756580493
        },
        {
          "acoustic_entropy": 6.362627983093262,
          "acoustic_entropy_side": 6.3569769859313965,
          "hz": 18456.760127700032
        },
        {
          "acoustic_entropy": 6.359654426574707,
          "acoustic_entropy_side": 6.358323097229004,
          "hz": 20153.260054456492
        },
        {
          "acoustic_entropy": 6.3588738441467285,
          "acoustic_entropy_side": 6.358505725860596,
          "hz": 22000.00000000001
        }
      ],
      "diff_acoustic_entropy": 5.631051063537598,
      "sn": 6
    },
    {
      "acoustic_entropy": 9.294167518615723,
      "acoustic_entropy_mono": 9.310747146606445,
      "band_eliminated_acoustic_entropies": [
        {
          "acoustic_entropy": 9.98738956451416,
          "acoustic_entropy_side": 9.253615379333496,
          "hz": 129.47220167065723
        },
        {
          "acoustic_entropy": 10.606966972351074,
          "acoustic_entropy_side": 9.826225280761719,
          "hz": 202.92927478742237
        },
        {
          "acoustic_entropy": 10.497251510620117,
          "acoustic_entropy_side": 9.76353645324707,
          "hz": 282.89161906338205
        },
        {
          "acoustic_entropy": 9.666618347167969,
          "acoustic_entropy_side": 9.35683536529541,
          "hz": 369.9353335868758
        },
        {
          "acoustic_entropy": 9.702057838439941,
          "acoustic_entropy_side": 9.42049503326416,
          "hz": 464.6875360973435
        },
        {
          "acoustic_entropy": 9.872772216796875,
          "acoustic_entropy_side": 9.461947441101074,
          "hz": 567.8308811364784
        },
        {
          "acoustic_entropy": 10.533048629760742,
          "acoustic_entropy_side": 9.638009071350098,
          "hz": 680.1084783214808
        },
        {
          "acoustic_entropy": 9.76263427734375,
          "acoustic_entropy_side": 9.682310104370117,
          "hz": 802.3292461747484
        },
        {
          "acoustic_entropy": 9.833718299865723,
          "acoustic_entropy_side": 9.218396186828613,
          "hz": 935.3737400823702
        },
        {
          "acoustic_entropy": 9.495491981506348,
          "acoustic_entropy_side": 9.449735641479492,
          "hz": 1080.2004963696966
        },
        {
          "acoustic_entropy": 9.716687202453613,
          "acoustic_entropy_side": 9.443412780761719,
          "hz": 1237.8529382007157
        },
        {
          "acoustic_entropy": 9.469517707824707,
          "acoustic_entropy_side": 9.416367530822754,
          "hz": 1409.4668930556702
        },
        {
          "acoustic_entropy": 9.422101020812988,
          "acoustic_entropy_side": 9.334236145019531,
          "hz": 1596.2787759475705
        },
        {
          "acoustic_entropy": 9.23692512512207,
          "acoustic_entropy_side": 9.21397876739502,
          "hz": 1799.6344973346393
        },
        {
          "acoustic_entropy": 9.726973533630371,
          "acoustic_entropy_side": 9.193512916564941,
          "hz": 2020.9991599069049
        },
        {
          "acoustic_entropy": 9.476766586303711,
          "acoustic_entropy_side": 9.265290260314941,
          "hz": 2261.9676141086993
        },
        {
          "acoustic_entropy": 9.1392183303833,
          "acoustic_entropy_side": 9.207695960998535,
          "hz": 2524.2759484456974
        },
        {
          "acoustic_entropy": 9.31618595123291,
          "acoustic_entropy_side": 9.173669815063477,
          "hz": 2809.813997359896
        },
        {
          "acoustic_entropy": 9.12938404083252,
          "acoustic_entropy_side": 9.185697555541992,
          "hz": 3120.6389567871424
        },
        {
          "acoustic_entropy": 9.607376098632812,
          "acoustic_entropy_side": 9.29513931274414,
          "hz": 3458.990205492291
        },
        {
          "acoustic_entropy": 9.468463897705078,
          "acoustic_entropy_side": 9.354842185974121,
          "hz": 3827.305438964164
        },
        {
          "acoustic_entropy": 9.316664695739746,
          "acoustic_entropy_side": 9.282272338867188,
          "hz": 4228.238232109126
        },
        {
          "acoustic_entropy": 9.194565773010254,
          "acoustic_entropy_side": 9.234875679016113,
          "hz": 4664.6771572759235
        },
        {
          "acoustic_entropy": 9.36550235748291,
          "acoustic_entropy_side": 9.190074920654297,
          "hz": 5139.766595350093
        },
        {
          "acoustic_entropy": 9.382207870483398,
          "acoustic_entropy_side": 9.214887619018555,
          "hz": 5656.929389854203
        },
        {
          "acoustic_entropy": 9.40820598602295,
          "acoustic_entropy_side": 9.213537216186523,
          "hz": 6219.891507268283
        },
        {
          "acoustic_entropy": 9.356435775756836,
          "acoustic_entropy_side": 9.220703125,
          "hz": 6832.70888123896
        },
        {
          "acoustic_entropy": 9.420177459716797,
          "acoustic_entropy_side": 9.216575622558594,
          "hz": 7499.796634079867
        },
        {
          "acoustic_entropy": 9.360565185546875,
          "acoustic_entropy_side": 9.260047912597656,
          "hz": 8225.96088609342
        },
        {
          "acoustic_entropy": 9.237266540527344,
          "acoustic_entropy_side": 9.289681434631348,
          "hz": 9016.43338188839
        },
        {
          "acoustic_entropy": 9.27922248840332,
          "acoustic_entropy_side": 9.299003601074219,
          "hz": 9876.909183162974
        },
        {
          "acoustic_entropy": 9.395505905151367,
          "acoustic_entropy_side": 9.404556274414062,
          "hz": 10813.587699516042
        },
        {
          "acoustic_entropy": 9.391217231750488,
          "acoustic_entropy_side": 9.439743041992188,
          "hz": 11833.21735289826
        },
        {
          "acoustic_entropy": 9.268669128417969,
          "acoustic_entropy_side": 9.476977348327637,
          "hz": 12943.144197493959
        },
        {
          "acoustic_entropy": 9.274384498596191,
          "acoustic_entropy_side": 9.408620834350586,
          "hz": 14151.364845322005
        },
        {
          "acoustic_entropy": 9.353094100952148,
          "acoustic_entropy_side": 9.380935668945312,
          "hz": 15466.58407886509
        },
        {
          "acoustic_entropy": 9.344009399414062,
          "acoustic_entropy_side": 9.329018592834473,
          "hz": 16898.27756580493
        },
        {
          "acoustic_entropy": 9.313140869140625,
          "acoustic_entropy_side": 9.303557395935059,
          "hz": 18456.760127700032
        },
        {
          "acoustic_entropy": 9.25861930847168,
          "acoustic_entropy_side": 9.264256477355957,
          "hz": 20153.260054456492
        },
        {
          "acoustic_entropy": 9.270391464233398,
          "acoustic_entropy_side": 9.271585464477539,
          "hz": 22000.00000000001
        }
      ],
      "diff_acoustic_entropy": 9.603499412536621,
      "sn": 12
    },
    {
      "acoustic_entropy": 15.591181755065918,
      "acoustic_entropy_mono": 12.337753295898438,
      "band_eliminated_acoustic_entropies": [
        {
          "acoustic_entropy": 14.990610122680664,
          "acoustic_entropy_side": 15.822144508361816,
          "hz": 129.47220167065723
        },
        {
          "acoustic_entropy": 16.210599899291992,
          "acoustic_entropy_side": 16.208274841308594,
          "hz": 202.92927478742237
        },
        {
          "acoustic_entropy": 15.534841537475586,
          "acoustic_entropy_side": 15.918328285217285,
          "hz": 282.89161906338205
        },
        {
          "acoustic_entropy": 16.035608291625977,
          "acoustic_entropy_side": 16.164188385009766,
          "hz": 369.9353335868758
        },
        {
          "acoustic_entropy": 15.958060264587402,
          "acoustic_entropy_side": 15.768442153930664,
          "hz": 464.6875360973435
        },
        {
          "acoustic_entropy": 15.770991325378418,
          "acoustic_entropy_side": 15.41446590423584,
          "hz": 567.8308811364784
        },
        {
          "acoustic_entropy": 15.795964241027832,
          "acoustic_entropy_side": 15.891474723815918,
          "hz": 680.1084783214808
        },
        {
          "acoustic_entropy": 16.486961364746094,
          "acoustic_entropy_side": 16.002033233642578,
          "hz": 802.3292461747484
        },
        {
          "acoustic_entropy": 15.623079299926758,
          "acoustic_entropy_side": 15.592592239379883,
          "hz": 935.3737400823702
        },
        {
          "acoustic_entropy": 15.842793464660645,
          "acoustic_entropy_side": 15.603224754333496,
          "hz": 1080.2004963696966
        },
        {
          "acoustic_entropy": 15.674725532531738,
          "acoustic_entropy_side": 15.254541397094727,
          "hz": 1237.8529382007157
        },
        {
          "acoustic_entropy": 15.997638702392578,
          "acoustic_entropy_side": 15.392038345336914,
          "hz": 1409.4668930556702
        },
        {
          "acoustic_entropy": 15.19287395477295,
          "acoustic_entropy_side": 15.721104621887207,
          "hz": 1596.2787759475705
        },
        {
          "acoustic_entropy": 15.73636531829834,
          "acoustic_entropy_side": 15.722543716430664,
          "hz": 1799.6344973346393
        },
        {
          "acoustic_entropy": 16.1978702545166,
          "acoustic_entropy_side": 15.454379081726074,
          "hz": 2020.9991599069049
        },
        {
          "acoustic_entropy": 15.264327049255371,
          "acoustic_entropy_side": 15.58232593536377,
          "hz": 2261.9676141086993
        },
        {
          "acoustic_entropy": 16.038143157958984,
          "acoustic_entropy_side": 15.537641525268555,
          "hz": 2524.2759484456974
        },
        {
          "acoustic_entropy": 15.781902313232422,
          "acoustic_entropy_side": 15.561763763427734,
          "hz": 2809.813997359896
        },
        {
          "acoustic_entropy": 15.399862289428711,
          "acoustic_entropy_side": 15.556490898132324,
          "hz": 3120.6389567871424
        },
