{
  "acoustic_entropy": 111.1845474243164,
  "bands": [
    {
      "high_freq": 148.1999969482422,
      "loudness": -54.38252258300781,
      "loudness_range": 23.326637268066406,
      "mid_mean": -50.88385009765625,
      "mid_to_side_loudness": -12.338337898254395,
      "mid_to_side_loudness_range": 9.905457496643066,
      "side_mean": -61.176265716552734
    },
    {
      "high_freq": 392.3793640136719,
      "loudness": -37.199668884277344,
      "loudness_range": 21.727298736572266,
      "low_freq": 148.1999969482422,
      "mid_mean": -34.07864761352539,
      "mid_to_side_loudness": -9.763803482055664,
      "mid_to_side_loudness_range": 8.822182655334473,
      "side_mean": -43.97393798828125
    },
    {
      "high_freq": 794.6976318359375,
      "loudness": -39.395999908447266,
      "loudness_range": 24.18472671508789,
      "low_freq": 392.3793640136719,
      "mid_mean": -38.641510009765625,
      "mid_to_side_loudness": -0.6987670660018921,
      "mid_to_side_loudness_range": 9.542649269104004,
      "side_mean": -39.39037322998047
    },
    {
      "high_freq": 1457.5709228515625,
      "loudness": -46.92068099975586,
      "loudness_range": 27.307296752929688,
      "low_freq": 794.6976318359375,
      "mid_mean": -46.124595642089844,
      "mid_to_side_loudness": -0.9447382092475891,
      "mid_to_side_loudness_range": 7.872217178344727,
      "side_mean": -47.1195182800293
    },
    {
      "high_freq": 2549.74365234375,
      "loudness": -51.48483657836914,
      "loudness_range": 30.970012664794922,
      "low_freq": 1457.5709228515625,
      "mid_mean": -52.60349655151367,
      "mid_to_side_loudness": -0.6036670804023743,
      "mid_to_side_loudness_range": 6.524051189422607,
      "side_mean": -53.08183288574219
    },
    {
      "high_freq": 4349.24462890625,
      "loudness": -58.06741714477539,
      "loudness_range": 32.65433120727539,
      "low_freq": 2549.74365234375,
      "mid_mean": -61.09048843383789,
      "mid_to_side_loudness": 0.26109084486961365,
      "mid_to_side_loudness_range": 6.49193811416626,
      "side_mean": -60.87070846557617
    },
    {
      "high_freq": 7314.1640625,
      "loudness": -63.00385284423828,
      "loudness_range": 30.39673614501953,
      "low_freq": 4349.24462890625,
      "mid_mean": -66.48890686035156,
      "mid_to_side_loudness": -0.8190261721611023,
      "mid_to_side_loudness_range": 5.253603935241699,
      "side_mean": -66.65923309326172
    },
    {
      "high_freq": 12199.2666015625,
      "loudness": -64.6119613647461,
      "loudness_range": 29.429702758789062,
      "low_freq": 7314.1640625,
      "mid_mean": -68.44977569580078,
      "mid_to_side_loudness": -0.7872285842895508,
      "mid_to_side_loudness_range": 2.3027150630950928,
      "side_mean": -68.69850158691406
    },
    {
      "loudness": -78.39422607421875,
      "loudness_range": 20.04883575439453,
      "low_freq": 12199.2666015625,
      "mid_mean": -69.80308532714844,
      "mid_to_side_loudness": -0.8526768684387207,
      "mid_to_side_loudness_range": 2.4324185848236084,
      "side_mean": -69.81172180175781
    }
  ],
  "bands_short": [
    {
      "high_freq": 148.1999969482422,
      "loudness": -57.864017486572266,
      "loudness_range": 22.74969482421875,
      "mid_mean": -54.15380859375,
      "mid_to_side_loudness": -15.554500579833984,
      "mid_to_side_loudness_range": 17.61974334716797,
      "side_mean": -65.21727752685547
    },
    {
      "high_freq": 392.3793640136719,
      "loudness": -38.0135612487793,
      "loudness_range": 21.52573013305664,
      "low_freq": 148.1999969482422,
      "mid_mean": -34.97673416137695,
      "mid_to_side_loudness": -9.745201110839844,
      "mid_to_side_loudness_range": 11.05331802368164,
      "side_mean": -44.832454681396484
    },
    {
      "high_freq": 794.6976318359375,
      "loudness": -39.51055908203125,
      "loudness_range": 25.701297760009766,
      "low_freq": 392.3793640136719,
      "mid_mean": -38.529075622558594,
      "mid_to_side_loudness": -1.4657659530639648,
      "mid_to_side_loudness_range": 11.059703826904297,
      "side_mean": -40.117671966552734
    },
    {
      "high_freq": 1457.5709228515625,
      "loudness": -46.91025924682617,
      "loudness_range": 27.614503860473633,
      "low_freq": 794.6976318359375,
      "mid_mean": -46.16061019897461,
      "mid_to_side_loudness": -1.0523486137390137,
      "mid_to_side_loudness_range": 8.980449676513672,
      "side_mean": -47.297279357910156
    },
    {
      "high_freq": 2549.74365234375,
      "loudness": -52.27647399902344,
      "loudness_range": 31.39923095703125,
      "low_freq": 1457.5709228515625,
      "mid_mean": -53.37224578857422,
      "mid_to_side_loudness": -0.5860921144485474,
      "mid_to_side_loudness_range": 8.054024696350098,
      "side_mean": -53.83082962036133
    },
    {
      "high_freq": 4349.24462890625,
      "loudness": -58.07146453857422,
      "loudness_range": 33.12452697753906,
      "low_freq": 2549.74365234375,
      "mid_mean": -61.44215393066406,
      "mid_to_side_loudness": 0.1441972404718399,
      "mid_to_side_loudness_range": 9.012777328491211,
      "side_mean": -61.16725158691406
    },
    {
      "high_freq": 7314.1640625,
      "loudness": -63.485694885253906,
      "loudness_range": 31.10445785522461,
      "low_freq": 4349.24462890625,
      "mid_mean": -66.82010650634766,
      "mid_to_side_loudness": -0.991454005241394,
      "mid_to_side_loudness_range": 6.951055526733398,
      "side_mean": -66.98734283447266
    },
    {
      "high_freq": 12199.2666015625,
      "loudness": -65.84420776367188,
      "loudness_range": 29.134780883789062,
      "low_freq": 7314.1640625,
      "mid_mean": -68.72181701660156,
      "mid_to_side_loudness": -0.8706114292144775,
      "mid_to_side_loudness_range": 3.930819034576416,
      "side_mean": -68.94985961914062
    },
    {
      "loudness": -78.55366516113281,
      "loudness_range": 16.68365478515625,
      "low_freq": 12199.2666015625,
      "mid_mean": -69.8528060913086,
      "mid_to_side_loudness": -1.0814131498336792,
      "mid_to_side_loudness_range": 4.994074821472168,
      "side_mean": -69.86368560791016
    }
  ],
  "bandwidth": 565.546875,
  "channels": 2,
  "covariance": [
    [
      50.7645378112793,
      39.76070022583008,
      25.252408981323242,
      29.868528366088867,
      24.134021759033203,
      28.489986419677734,
      34.568809509277344,
      34.906986236572266,
      49.4752082824707,
      48.44676971435547,
      44.556396484375,
      44.28804016113281,
      29.443819046020508,
      28.18583106994629,
      17.78097915649414,
      14.586590766906738,
      2.043396472930908,
      2.0151140689849854
    ],
    [
      39.76070022583008,
      37.374977111816406,
      21.131383895874023,
      25.47274398803711,
      18.24356460571289,
      21.720752716064453,
      27.531221389770508,
      28.39327049255371,
      37.386356353759766,
      36.45702362060547,
      35.27827835083008,
      34.77748107910156,
      25.997570037841797,
      25.16444206237793,
      16.361909866333008,
      13.844635963439941,
      2.0575828552246094,
      2.00976824760437
    ],
    [
      25.252408981323242,
      21.131383895874023,
      53.73305130004883,
      48.719825744628906,
      45.677364349365234,
      51.0711784362793,
      55.81740951538086,
      52.2972412109375,
      63.09917068481445,
      63.11982345581055,
      54.2753791809082,
      55.76985549926758,
      30.382986068725586,
      29.409744262695312,
      14.125190734863281,
      12.571664810180664,
      1.8648189306259155,
      1.863281011581421
    ],
    [
      29.868528366088867,
      25.47274398803711,
      48.719825744628906,
      54.74026870727539,
      47.21842575073242,
      53.21794891357422,
      58.98603439331055,
      54.28981018066406,
      66.04000091552734,
      65.80018615722656,
      57.261295318603516,
      58.43768310546875,
      33.34522247314453,
      32.378211975097656,
      16.022274017333984,
      14.232962608337402,
      2.1038272380828857,
      2.067676305770874
    ],
    [
      24.134021759033203,
      18.24356460571289,
      45.677364349365234,
      47.21842575073242,
      63.28485107421875,
      65.50934600830078,
      66.9950180053711,
      61.028228759765625,
      76.2042465209961,
      74.97766876220703,
      65.90695190429688,
      67.3680419921875,
      36.284515380859375,
      34.91214370727539,
      17.2672119140625,
      15.168267250061035,
      2.3449573516845703,
      2.304833173751831
    ],
    [
      28.489986419677734,
      21.720752716064453,
      51.0711784362793,
      53.21794891357422,
      65.50934600830078,
      78.7421646118164,
      74.84351348876953,
      68.55924987792969,
      84.15830993652344,
      83.11226654052734,
      72.85964965820312,
      74.75907135009766,
      39.00416564941406,
      37.47389602661133,
      18.594696044921875,
      16.50383186340332,
      2.4855942726135254,
      2.4354946613311768
    ],
    [
      34.568809509277344,
      27.531221389770508,
      55.81740951538086,
      58.98603439331055,
      66.9950180053711,
      74.84351348876953,
      89.57848358154297,
      80.38035583496094,
      95.07221221923828,
      92.28939056396484,
      82.40042877197266,
      82.25995635986328,
      46.06171798706055,
      44.12190628051758,
      22.98310661315918,
      19.931955337524414,
      3.139575719833374,
      3.0566065311431885
    ],
    [
      34.906986236572266,
      28.39327049255371,
      52.2972412109375,
      54.28981018066406,
      61.028228759765625,
      68.55924987792969,
      80.38035583496094,
      79.27661895751953,
      88.72808837890625,
      85.62753295898438,
      79.06033325195312,
      79.01167297363281,
      44.83137893676758,
      43.216583251953125,
      22.86456871032715,
      19.500064849853516,
      2.8874480724334717,
      2.854945182800293
    ],
    [
      49.4752082824707,
      37.386356353759766,
      63.09917068481445,
      66.04000091552734,
      76.2042465209961,
      84.15830993652344,
      95.07221221923828,
      88.72808837890625,
      126.07459259033203,
      120.26778411865234,
      101.77103424072266,
      103.41980743408203,
      56.72430419921875,
      54.56820297241211,
      27.85517120361328,
      23.934560775756836,
      3.4782919883728027,
      3.4058032035827637
    ],
    [
      48.44676971435547,
      36.45702362060547,
      63.11982345581055,
      65.80018615722656,
      74.97766876220703,
      83.11226654052734,
      92.28939056396484,
      85.62753295898438,
      120.26778411865234,
      118.46110534667969,
      98.19529724121094,
      100.17182159423828,
      54.76642990112305,
      52.6339225769043,
      26.608623504638672,
      22.88105583190918,
      3.3137874603271484,
      3.235877275466919
    ],
    [
      44.556396484375,
      35.27827835083008,
      54.2753791809082,
      57.261295318603516,
      65.90695190429688,
      72.85964965820312,
      82.40042877197266,
      79.06033325195312,
      101.77103424072266,
      98.19529724121094,
      99.20506286621094,
      98.93925476074219,
      60.622249603271484,
      58.37900161743164,
      31.283369064331055,
      26.708974838256836,
      3.874183416366577,
      3.8123319149017334
    ],
    [
      44.28804016113281,
      34.77748107910156,
      55.76985549926758,
      58.43768310546875,
      67.3680419921875,
      74.75907135009766,
      82.25995635986328,
      79.01167297363281,
      103.41980743408203,
      100.17182159423828,
      98.93925476074219,
      101.40922546386719,
      60.72024154663086,
      58.57609939575195,
      31.02398681640625,
      26.595712661743164,
      3.7324507236480713,
      3.678448438644409
    ],
    [
      29.443819046020508,
      25.997570037841797,
      30.382986068725586,
      33.34522247314453,
      36.284515380859375,
      39.00416564941406,
      46.06171798706055,
      44.83137893676758,
      56.72430419921875,
      54.76642990112305,
      60.622249603271484,
      60.72024154663086,
      47.444847106933594,
      45.683170318603516,
      27.081727981567383,
      23.42825698852539,
      3.463390827178955,
      3.4025795459747314
    ],
    [
      28.18583106994629,
      25.16444206237793,
      29.409744262695312,
      32.378211975097656,
      34.91214370727539,
      37.47389602661133,
      44.12190628051758,
      43.216583251953125,
      54.56820297241211,
      52.6339225769043,
      58.37900161743164,
      58.57609939575195,
      45.683170318603516,
      44.60166931152344,
      25.91443634033203,
      22.712554931640625,
      3.3639795780181885,
      3.314089775085449
    ],
    [
      17.78097915649414,
      16.361909866333008,
      14.125190734863281,
      16.022274017333984,
      17.2672119140625,
      18.594696044921875,
      22.98310661315918,
      22.86456871032715,
      27.85517120361328,
      26.608623504638672,
      31.283369064331055,
      31.02398681640625,
      27.081727981567383,
      25.91443634033203,
      19.895872116088867,
      16.684511184692383,
      2.6024832725524902,
      2.5551531314849854
    ],
    [
      14.586590766906738,
      13.844635963439941,
      12.571664810180664,
      14.232962608337402,
      15.168267250061035,
      16.50383186340332,
      19.931955337524414,
      19.500064849853516,
      23.934560775756836,
      22.88105583190918,
      26.708974838256836,
      26.595712661743164,
      23.42825698852539,
      22.712554931640625,
      16.684511184692383,
      14.847641944885254,
      2.490257978439331,
      2.4425346851348877
    ],
    [
      2.043396472930908,
      2.0575828552246094,
      1.8648189306259155,
      2.1038272380828857,
      2.3449573516845703,
      2.4855942726135254,
      3.139575719833374,
      2.8874480724334717,
      3.4782919883728027,
      3.3137874603271484,
      3.874183416366577,
      3.7324507236480713,
      3.463390827178955,
      3.3639795780181885,
      2.6024832725524902,
      2.490257978439331,
      0.8002384305000305,
      0.7829582691192627
    ],
    [
      2.0151140689849854,
      2.00976824760437,
      1.863281011581421,
      2.067676305770874,
      2.304833173751831,
      2.4354946613311768,
      3.0566065311431885,
      2.854945182800293,
      3.4058032035827637,
      3.235877275466919,
      3.8123319149017334,
      3.678448438644409,
      3.4025795459747314,
      3.314089775085449,
      2.5551531314849854,
      2.4425346851348877,
      0.7829582691192627,
      0.785565972328186
    ]
  ],
  "covariance_short": [
    [
      50.87786865234375,
      25.712297439575195,
      27.357452392578125,
      30.369020462036133,
      27.466341018676758,
      31.546579360961914,
      35.36109924316406,
      36.43865966796875,
      48.07621383666992,
      46.725399017333984,
      42.33562088012695,
      42.7507438659668,
      26.1430721282959,
      25.060688018798828,
      14.249037742614746,
      11.673928260803223,
      1.4146885871887207,
      1.3477402925491333
    ],
    [
      25.712297439575195,
      25.94678497314453,
      19.424882888793945,
      20.678897857666016,
      15.607940673828125,
      17.87452507019043,
      21.600378036499023,
      22.102005004882812,
      27.34563446044922,
      26.400835037231445,
      25.586688995361328,
      25.697412490844727,
      18.20160675048828,
      17.90097427368164,
      10.351571083068848,
      9.122916221618652,
      1.16690194606781,
      1.0866369009017944
    ],
    [
      27.357452392578125,
      19.424882888793945,
      54.17831802368164,
      46.688175201416016,
      48.769161224365234,
      50.46452713012695,
      55.07115173339844,
      51.591575622558594,
      61.342918395996094,
      61.533260345458984,
      51.87483596801758,
      53.53935623168945,
      27.731592178344727,
      26.755346298217773,
      11.612469673156738,
      10.07077693939209,
      1.341982364654541,
      1.297010064125061
    ],
    [
      30.369020462036133,
      20.678897857666016,
      46.688175201416016,
      56.85746383666992,
      48.90511703491211,
      52.39203643798828,
      56.84444808959961,
      53.53601837158203,
      64.16085815429688,
      63.78828048706055,
      54.93976974487305,
      56.475555419921875,
      30.683429718017578,
      29.736480712890625,
      13.187118530273438,
      11.497468948364258,
      1.4446711540222168,
      1.3763686418533325
    ],
    [
      27.466341018676758,
      15.607940673828125,
      48.769161224365234,
      48.90511703491211,
      74.97344970703125,
      71.27642059326172,
      71.84447479248047,
      66.58706665039062,
      81.02377319335938,
      79.09773254394531,
      69.44831085205078,
      72.03623962402344,
      35.835514068603516,
      34.53898620605469,
      14.966133117675781,
      12.958789825439453,
      1.6895743608474731,
      1.6007100343704224
    ],
    [
      31.546579360961914,
      17.87452507019043,
      50.46452713012695,
      52.39203643798828,
      71.27642059326172,
      83.66738891601562,
      76.42366027832031,
      71.30523681640625,
      85.84314727783203,
      84.48461151123047,
      73.91130065917969,
      76.63822937011719,
      37.60529327392578,
      36.04800796508789,
      16.000240325927734,
      13.902569770812988,
      1.806359887123108,
      1.7044785022735596
    ],
    [
      35.36109924316406,
      21.600378036499023,
      55.07115173339844,
      56.84444808959961,
      71.84447479248047,
      76.42366027832031,
      90.8778305053711,
      81.0230712890625,
      95.74356079101562,
      92.83554077148438,
      81.04598236083984,
      81.89328002929688,
      43.00313186645508,
      41.08007049560547,
      19.07099151611328,
      16.196231842041016,
      2.2273080348968506,
      2.0615732669830322
    ],
    [
      36.43865966796875,
      22.102005004882812,
      51.591575622558594,
      53.53601837158203,
      66.58706665039062,
      71.30523681640625,
      81.0230712890625,
      81.92677307128906,
      90.29727172851562,
      87.07767486572266,
      79.08881378173828,
      80.07838439941406,
      42.6473388671875,
      40.87491989135742,
      19.665847778320312,
      16.3536434173584,
      2.0864624977111816,
      1.9645590782165527
    ],
    [
      48.07621383666992,
      27.34563446044922,
      61.342918395996094,
      64.16085815429688,
      81.02377319335938,
      85.84314727783203,
      95.74356079101562,
      90.29727172851562,
      126.21244812011719,
      119.28923034667969,
      100.50838470458984,
      102.81301879882812,
      53.229549407958984,
      51.114070892333984,
      23.586503982543945,
      19.8663272857666,
      2.5438332557678223,
      2.414154052734375
    ],
    [
      46.725399017333984,
      26.400835037231445,
      61.533260345458984,
      63.78828048706055,
      79.09773254394531,
      84.48461151123047,
      92.83554077148438,
      87.07767486572266,
      119.28923034667969,
      118.4141845703125,
      96.82219696044922,
      99.47142028808594,
      51.21200180053711,
      49.194644927978516,
      22.46160125732422,
      18.941734313964844,
      2.4333040714263916,
      2.3020124435424805
    ],
    [
      42.33562088012695,
      25.586688995361328,
      51.87483596801758,
      54.93976974487305,
      69.44831085205078,
      73.91130065917969,
      81.04598236083984,
      79.08881378173828,
      100.50838470458984,
      96.82219696044922,
      97.49334716796875,
      97.55427551269531,
      56.034549713134766,
      53.93434143066406,
      26.135663986206055,
      21.94733428955078,
      2.81387996673584,
      2.6583268642425537
    ],
    [
      42.7507438659668,
      25.697412490844727,
      53.53935623168945,
      56.475555419921875,
      72.03623962402344,
      76.63822937011719,
      81.89328002929688,
      80.07838439941406,
      102.81301879882812,
      99.47142028808594,
      97.55427551269531,
      102.01183319091797,
      56.499900817871094,
      54.42911911010742,
      26.09736442565918,
      22.018796920776367,
      2.747196912765503,
      2.6183884143829346
    ],
    [
      26.1430721282959,
      18.20160675048828,
      27.731592178344727,
      30.683429718017578,
      35.835514068603516,
      37.60529327392578,
      43.00313186645508,
      42.6473388671875,
      53.229549407958984,
      51.21200180053711,
      56.034549713134766,
      56.499900817871094,
      42.6845588684082,
      40.944583892822266,
      22.232059478759766,
      18.935348510742188,
      2.546004295349121,
      2.4104902744293213
    ],
    [
      25.060688018798828,
      17.90097427368164,
      26.755346298217773,
      29.736480712890625,
      34.53898620605469,
      36.04800796508789,
      41.08007049560547,
      40.87491989135742,
      51.114070892333984,
      49.194644927978516,
      53.93434143066406,
      54.42911911010742,
      40.944583892822266,
      40.13324737548828,
      21.24363899230957,
      18.375062942504883,
      2.4944281578063965,
      2.369124412536621
    ],
    [
      14.249037742614746,
      10.351571083068848,
      11.612469673156738,
      13.187118530273438,
      14.966133117675781,
      16.000240325927734,
      19.07099151611328,
      19.665847778320312,
      23.586503982543945,
      22.46160125732422,
      26.135663986206055,
      26.09736442565918,
      22.232059478759766,
      21.24363899230957,
      16.284908294677734,
      13.275262832641602,
      1.8712804317474365,
      1.762730360031128
    ],
    [
      11.673928260803223,
      9.122916221618652,
      10.07077693939209,
      11.497468948364258,
      12.958789825439453,
      13.902569770812988,
      16.196231842041016,
      16.3536434173584,
      19.8663272857666,
      18.941734313964844,
      21.94733428955078,
      22.018796920776367,
      18.935348510742188,
      18.375062942504883,
      13.275262832641602,
      11.690788269042969,
      1.7827562093734741,
      1.6889467239379883
    ],
    [
      1.4146885871887207,
      1.16690194606781,
      1.341982364654541,
      1.4446711540222168,
      1.6895743608474731,
      1.806359887123108,
      2.2273080348968506,
      2.0864624977111816,
      2.5438332557678223,
      2.4333040714263916,
      2.81387996673584,
      2.747196912765503,
      2.546004295349121,
      2.4944281578063965,
      1.8712804317474365,
      1.7827562093734741,
      0.6434676647186279,
      0.6031402945518494
    ],
    [
      1.3477402925491333,
      1.0866369009017944,
      1.297010064125061,
      1.3763686418533325,
      1.6007100343704224,
      1.7044785022735596,
      2.0615732669830322,
      1.9645590782165527,
      2.414154052734375,
      2.3020124435424805,
      2.6583268642425537,
      2.6183884143829346,
      2.4104902744293213,
      2.369124412536621,
      1.762730360031128,
      1.6889467239379883,
      0.6031402945518494,
      0.5864151120185852
    ]
  ],
  "damage": -17.298477172851562,
  "diff_bandwidth": 580.4907836914062,
  "dissonance": 5.186966344179673,
  "drr": 6.90972375869751,
  "dynamics": 6.480308532714844,
  "format": 1245190,
  "frames": 8072128,
  "loudness": -29.783987045288086,
  "loudness_range": 22.104684829711914,
  "loudness_range_short": 23.105907440185547,
  "lowpass_true_peak_15khz": -0.6678239107131958,
  "mastering3_acoustic_entropies": [
    {
      "acoustic_entropy": 4.9744038581848145,
      "acoustic_entropy_mono": 4.533976078033447,
      "band_eliminated_acoustic_entropies": [
        {
          "acoustic_entropy": 4.97293758392334,
          "acoustic_entropy_side": 4.974384784698486,
          "hz": 129.47220167065723
        },
        {
          "acoustic_entropy": 4.92362117767334,
          "acoustic_entropy_side": 4.970664024353027,
          "hz": 202.92927478742237
        },
        {
          "acoustic_entropy": 4.978750705718994,
          "acoustic_entropy_side": 4.956755638122559,
          "hz": 282.89161906338205
        },
        {
          "acoustic_entropy": 5.277393817901611,
          "acoustic_entropy_side": 4.961092948913574,
          "hz": 369.9353335868758
        },
        {
          "acoustic_entropy": 4.655726432800293,
          "acoustic_entropy_side": 5.0705366134643555,
          "hz": 464.6875360973435
        },
        {
          "acoustic_entropy": 5.114588260650635,
          "acoustic_entropy_side": 5.18131685256958,
          "hz": 567.8308811364784
        },
        {
          "acoustic_entropy": 5.229191780090332,
          "acoustic_entropy_side": 5.159580707550049,
          "hz": 680.1084783214808
        },
        {
          "acoustic_entropy": 5.0200605392456055,
          "acoustic_entropy_side": 4.951916217803955,
          "hz": 802.3292461747484
        },
        {
          "acoustic_entropy": 4.89751672744751,
          "acoustic_entropy_side": 5.0771026611328125,
          "hz": 935.3737400823702
        },
        {
          "acoustic_entropy": 4.946950435638428,
          "acoustic_entropy_side": 4.892777442932129,
          "hz": 1080.2004963696966
        },
        {
          "acoustic_entropy": 5.199998378753662,
          "acoustic_entropy_side": 5.166308403015137,
          "hz": 1237.8529382007157
        },
        {
          "acoustic_entropy": 5.020577430725098,
          "acoustic_entropy_side": 5.031836032867432,
          "hz": 1409.4668930556702
        },
        {
          "acoustic_entropy": 4.954528331756592,
          "acoustic_entropy_side": 4.979836463928223,
          "hz": 1596.2787759475705
        },
        {
          "acoustic_entropy": 4.820275783538818,
          "acoustic_entropy_side": 4.876154899597168,
          "hz": 1799.6344973346393
        },
        {
          "acoustic_entropy": 4.91887092590332,
          "acoustic_entropy_side": 4.908820152282715,
          "hz": 2020.9991599069049
        },
        {
          "acoustic_entropy": 4.902568340301514,
          "acoustic_entropy_side": 4.9240803718566895,
          "hz": 2261.9676141086993
        },
        {
          "acoustic_entropy": 4.849656105041504,
          "acoustic_entropy_side": 4.910040855407715,
          "hz": 2524.2759484456974
        },
        {
          "acoustic_entropy": 4.872034072875977,
          "acoustic_entropy_side": 4.906695365905762,
          "hz": 2809.813997359896
        },
        {
          "acoustic_entropy": 4.911095142364502,
          "acoustic_entropy_side": 4.944857120513916,
          "hz": 3120.6389567871424
        },
        {
          "acoustic_entropy": 4.900778770446777,
          "acoustic_entropy_side": 4.925297260284424,
          "hz": 3458.990205492291
        },
        {
          "acoustic_entropy": 4.90116548538208,
          "acoustic_entropy_side": 4.9270100593566895,
          "hz": 3827.305438964164
        },
        {
          "acoustic_entropy": 4.921271324157715,
          "acoustic_entropy_side": 4.937809944152832,
          "hz": 4228.238232109126
        },
        {
          "acoustic_entropy": 4.92352294921875,
          "acoustic_entropy_side": 4.9432220458984375,
          "hz": 4664.6771572759235
        },
        {
          "acoustic_entropy": 4.931474685668945,
          "acoustic_entropy_side": 4.952174186706543,
          "hz": 5139.766595350093
        },
        {
          "acoustic_entropy": 4.92451810836792,
          "acoustic_entropy_side": 4.954452991485596,
          "hz": 5656.929389854203
        },
        {
          "acoustic_entropy": 4.955990314483643,
          "acoustic_entropy_side": 4.966363906860352,
          "hz": 6219.891507268283
        },
        {
          "acoustic_entropy": 4.957615375518799,
          "acoustic_entropy_side": 4.967996120452881,
          "hz": 6832.70888123896
        },
        {
          "acoustic_entropy": 4.96228551864624,
          "acoustic_entropy_side": 4.969864845275879,
          "hz": 7499.796634079867
        },
        {
          "acoustic_entropy": 4.973079204559326,
          "acoustic_entropy_side": 4.970825672149658,
          "hz": 8225.96088609342
        },
        {
          "acoustic_entropy": 4.971657752990723,
          "acoustic_entropy_side": 4.973148822784424,
          "hz": 9016.43338188839
        },
        {
          "acoustic_entropy": 4.970222473144531,
          "acoustic_entropy_side": 4.972929954528809,
          "hz": 9876.909183162974
        },
        {
          "acoustic_entropy": 4.971696376800537,
          "acoustic_entropy_side": 4.973134994506836,
          "hz": 10813.587699516042
        },
        {
          "acoustic_entropy": 4.973702430725098,
          "acoustic_entropy_side": 4.974122047424316,
          "hz": 11833.21735289826
        },
        {
          "acoustic_entropy": 4.974311828613281,
          "acoustic_entropy_side": 4.974360466003418,
          "hz": 12943.144197493959
        },
        {
          "acoustic_entropy": 4.974367141723633,
          "acoustic_entropy_side": 4.974379539489746,
          "hz": 14151.364845322005
        },
        {
          "acoustic_entropy": 4.974392414093018,
          "acoustic_entropy_side": 4.974397659301758,
          "hz": 15466.58407886509
        },
        {
          "acoustic_entropy": 4.974400997161865,
          "acoustic_entropy_side": 4.974401473999023,
          "hz": 16898.27756580493
        },
        {
          "acoustic_entropy": 4.9744038581848145,
          "acoustic_entropy_side": 4.9744038581848145,
          "hz": 18456.760127700032
        },
        {
          "acoustic_entropy": 4.9744038581848145,
          "acoustic_entropy_side": 4.9744038581848145,
          "hz": 20153.260054456492
        },
        {
          "acoustic_entropy": 4.9744038581848145,
          "acoustic_entropy_side": 4.9744038581848145,
          "hz": 22000.00000000001
        }
      ],
      "diff_acoustic_entropy": 2.6512653827667236,
      "sn": 6
    },
    {
      "acoustic_entropy": 7.995995998382568,
      "acoustic_entropy_mono": 6.92535924911499,
      "band_eliminated_acoustic_entropies": [
        {
          "acoustic_entropy": 7.998525142669678,
          "acoustic_entropy_side": 7.995922565460205,
          "hz": 129.47220167065723
        },
        {
          "acoustic_entropy": 8.102692604064941,
          "acoustic_entropy_side": 7.988518714904785,
          "hz": 202.92927478742237
        },
        {
          "acoustic_entropy": 7.677964687347412,
          "acoustic_entropy_side": 7.993460655212402,
          "hz": 282.89161906338205
        },
        {
          "acoustic_entropy": 7.842515468597412,
          "acoustic_entropy_side": 8.164580345153809,
          "hz": 369.9353335868758
        },
        {
          "acoustic_entropy": 7.9395952224731445,
          "acoustic_entropy_side": 7.960526466369629,
          "hz": 464.6875360973435
        },
        {
          "acoustic_entropy": 7.448025703430176,
          "acoustic_entropy_side": 7.474042892456055,
          "hz": 567.8308811364784
        },
        {
          "acoustic_entropy": 8.20629596710205,
          "acoustic_entropy_side": 8.160689353942871,
          "hz": 680.1084783214808
        },
        {
          "acoustic_entropy": 7.771686553955078,
          "acoustic_entropy_side": 7.792031288146973,
          "hz": 802.3292461747484
        },
        {
          "acoustic_entropy": 7.43519401550293,
          "acoustic_entropy_side": 7.829152584075928,
          "hz": 935.3737400823702
        },
        {
          "acoustic_entropy": 8.347028732299805,
          "acoustic_entropy_side": 8.011139869689941,
          "hz": 1080.2004963696966
        },
        {
          "acoustic_entropy": 7.896669387817383,
          "acoustic_entropy_side": 7.644699573516846,
          "hz": 1237.8529382007157
        },
        {
          "acoustic_entropy": 8.293334007263184,
          "acoustic_entropy_side": 8.385387420654297,
          "hz": 1409.4668930556702
        },
        {
          "acoustic_entropy": 8.038164138793945,
          "acoustic_entropy_side": 8.034862518310547,
          "hz": 1596.2787759475705
        },
        {
          "acoustic_entropy": 7.8843865394592285,
          "acoustic_entropy_side": 7.988663196563721,
          "hz": 1799.6344973346393
        },
        {
          "acoustic_entropy": 8.012896537780762,
          "acoustic_entropy_side": 8.039737701416016,
          "hz": 2020.9991599069049
        },
        {
          "acoustic_entropy": 7.942691326141357,
          "acoustic_entropy_side": 7.976896286010742,
          "hz": 2261.9676141086993
        },
        {
          "acoustic_entropy": 8.022178649902344,
          "acoustic_entropy_side": 8.007158279418945,
          "hz": 2524.2759484456974
        },
        {
          "acoustic_entropy": 7.972567081451416,
          "acoustic_entropy_side": 7.962282180786133,
          "hz": 2809.813997359896
        },
        {
          "acoustic_entropy": 7.97750186920166,
          "acoustic_entropy_side": 7.993827819824219,
          "hz": 3120.6389567871424
        },
        {
          "acoustic_entropy": 7.997622013092041,
          "acoustic_entropy_side": 7.989530563354492,
          "hz": 3458.990205492291
        },
        {
          "acoustic_entropy": 8.006558418273926,
          "acoustic_entropy_side": 7.99746561050415,
          "hz": 3827.305438964164
        },
        {
          "acoustic_entropy": 7.989223480224609,
          "acoustic_entropy_side": 7.994091510772705,
          "hz": 4228.238232109126
        },
        {
          "acoustic_entropy": 7.999504566192627,
          "acoustic_entropy_side": 7.980202674865723,
          "hz": 4664.6771572759235
        },
        {
          "acoustic_entropy": 7.9954094886779785,
          "acoustic_entropy_side": 7.9996256828308105,
          "hz": 5139.766595350093
        },
        {
          "acoustic_entropy": 8.01367473602295,
          "acoustic_entropy_side": 7.992104530334473,
          "hz": 5656.929389854203
        },
        {
          "acoustic_entropy": 7.989427089691162,
          "acoustic_entropy_side": 7.9949846267700195,
          "hz": 6219.891507268283
        },
        {
          "acoustic_entropy": 7.993133544921875,
          "acoustic_entropy_side": 7.995940685272217,
          "hz": 6832.70888123896
        },
        {
          "acoustic_entropy": 8.003107070922852,
          "acoustic_entropy_side": 7.997574329376221,
          "hz": 7499.796634079867
        },
        {
          "acoustic_entropy": 7.997625827789307,
          "acoustic_entropy_side": 7.993585586547852,
          "hz": 8225.96088609342
        },
        {
          "acoustic_entropy": 7.991354465484619,
          "acoustic_entropy_side": 7.993447303771973,
          "hz": 9016.43338188839
        },
        {
          "acoustic_entropy": 7.973918437957764,
          "acoustic_entropy_side": 7.980446815490723,
          "hz": 9876.909183162974
        },
        {
          "acoustic_entropy": 7.98588752746582,
          "acoustic_entropy_side": 7.990889549255371,
          "hz": 10813.587699516042
        },
        {
          "acoustic_entropy": 7.994114875793457,
          "acoustic_entropy_side": 7.99500846862793,
          "hz": 11833.21735289826
        },
        {
          "acoustic_entropy": 7.995721340179443,
          "acoustic_entropy_side": 7.99581241607666,
          "hz": 12943.144197493959
        },
        {
          "acoustic_entropy": 7.995871543884277,
          "acoustic_entropy_side": 7.995937824249268,
          "hz": 14151.364845322005
        },
        {
          "acoustic_entropy": 7.9959797859191895,
          "acoustic_entropy_side": 7.995978355407715,
          "hz": 15466.58407886509
        },
        {
          "acoustic_entropy": 7.9959940910339355,
          "acoustic_entropy_side": 7.995994567871094,
          "hz": 16898.27756580493
        },
        {
          "acoustic_entropy": 7.995995998382568,
          "acoustic_entropy_side": 7.995995998382568,
          "hz": 18456.760127700032
        },
        {
          "acoustic_entropy": 7.995995998382568,
          "acoustic_entropy_side": 7.995995998382568,
          "hz": 20153.260054456492
        },
        {
          "acoustic_entropy": 7.995995998382568,
          "acoustic_entropy_side": 7.995995998382568,
          "hz": 22000.00000000001
        }
      ],
      "diff_acoustic_entropy": 4.226964950561523,
      "sn": 12
    },
    {
      "acoustic_entropy": 12.543928146362305,
      "acoustic_entropy_mono": 10.736878395080566,
      "band_eliminated_acoustic_entropies": [
        {
          "acoustic_entropy": 12.469016075134277,
          "acoustic_entropy_side": 12.546296119689941,
          "hz": 129.47220167065723
        },
        {
          "acoustic_entropy": 12.50146198272705,
          "acoustic_entropy_side": 12.529608726501465,
          "hz": 202.92927478742237
        },
        {
          "acoustic_entropy": 12.426384925842285,
          "acoustic_entropy_side": 12.299346923828125,
          "hz": 282.89161906338205
        },
        {
          "acoustic_entropy": 12.891122817993164,
          "acoustic_entropy_side": 12.21321964263916,
          "hz": 369.9353335868758
        },
        {
          "acoustic_entropy": 12.314798355102539,
          "acoustic_entropy_side": 12.403952598571777,
          "hz": 464.6875360973435
        },
        {
          "acoustic_entropy": 12.954029083251953,
          "acoustic_entropy_side": 13.197336196899414,
          "hz": 567.8308811364784
        },
        {
          "acoustic_entropy": 12.461230278015137,
          "acoustic_entropy_side": 12.634349822998047,
          "hz": 680.1084783214808
        },
        {
          "acoustic_entropy": 12.103439331054688,
          "acoustic_entropy_side": 12.444522857666016,
          "hz": 802.3292461747484
        },
        {
          "acoustic_entropy": 12.186549186706543,
          "acoustic_entropy_side": 12.889228820800781,
          "hz": 935.3737400823702
        },
        {
          "acoustic_entropy": 12.324963569641113,
          "acoustic_entropy_side": 12.257882118225098,
          "hz": 1080.2004963696966
        },
        {
          "acoustic_entropy": 12.32325553894043,
          "acoustic_entropy_side": 12.356983184814453,
          "hz": 1237.8529382007157
        },
        {
          "acoustic_entropy": 12.934279441833496,
          "acoustic_entropy_side": 13.029664993286133,
          "hz": 1409.4668930556702
        },
        {
          "acoustic_entropy": 12.749589920043945,
          "acoustic_entropy_side": 12.528985977172852,
          "hz": 1596.2787759475705
        },
        {
          "acoustic_entropy": 12.058187484741211,
          "acoustic_entropy_side": 12.045434951782227,
          "hz": 1799.6344973346393
        },
        {
          "acoustic_entropy": 12.558878898620605,
          "acoustic_entropy_side": 12.503829956054688,
          "hz": 2020.9991599069049
        },
        {
          "acoustic_entropy": 12.22461223602295,
          "acoustic_entropy_side": 12.501907348632812,
          "hz": 2261.9676141086993
        },
        {
          "acoustic_entropy": 12.429795265197754,
          "acoustic_entropy_side": 12.39490032196045,
          "hz": 2524.2759484456974
        },
        {
          "acoustic_entropy": 12.479975700378418,
          "acoustic_entropy_side": 12.43267822265625,
          "hz": 2809.813997359896
        },
        {
          "acoustic_entropy": 12.52195930480957,
          "acoustic_entropy_side": 12.518257141113281,
          "hz": 3120.6389567871424
        },
        {
