{
  "acoustic_entropy": 169.65110778808594,
  "bands": [
    {
      "high_freq": 148.1999969482422,
      "loudness": -33.295658111572266,
      "loudness_range": 17.433765411376953,
      "mid_mean": -30.08734893798828,
      "mid_to_side_loudness": -12.748701095581055,
      "mid_to_side_loudness_range": 18.202783584594727,
      "side_mean": -42.45005798339844
    },
    {
      "high_freq": 392.3793640136719,
      "loudness": -25.619171142578125,
      "loudness_range": 11.895915985107422,
      "low_freq": 148.1999969482422,
      "mid_mean": -22.849267959594727,
      "mid_to_side_loudness": -8.613368034362793,
      "mid_to_side_loudness_range": 15.918577194213867,
      "side_mean": -31.11932373046875
    },
    {
      "high_freq": 794.6976318359375,
      "loudness": -30.447608947753906,
      "loudness_range": 20.15410614013672,
      "low_freq": 392.3793640136719,
      "mid_mean": -27.445585250854492,
      "mid_to_side_loudness": -11.633955955505371,
      "mid_to_side_loudness_range": 19.84519386291504,
      "side_mean": -38.869937896728516
    },
    {
      "high_freq": 1457.5709228515625,
      "loudness": -36.804290771484375,
      "loudness_range": 27.90674591064453,
      "low_freq": 794.6976318359375,
      "mid_mean": -33.964515686035156,
      "mid_to_side_loudness": -10.470431327819824,
      "mid_to_side_loudness_range": 21.769983291625977,
      "side_mean": -44.34627914428711
    },
    {
      "high_freq": 2549.74365234375,
      "loudness": -37.36750411987305,
      "loudness_range": 26.833988189697266,
      "low_freq": 1457.5709228515625,
      "mid_mean": -34.41577911376953,
      "mid_to_side_loudness": -11.310896873474121,
      "mid_to_side_loudness_range": 20.962800979614258,
      "side_mean": -45.578224182128906
    },
    {
      "high_freq": 4349.24462890625,
      "loudness": -39.527748107910156,
      "loudness_range": 22.02283477783203,
      "low_freq": 2549.74365234375,
      "mid_mean": -36.51686477661133,
      "mid_to_side_loudness": -11.14439868927002,
      "mid_to_side_loudness_range": 18.808347702026367,
      "side_mean": -47.66731262207031
    },
    {
      "high_freq": 7314.1640625,
      "loudness": -44.7859001159668,
      "loudness_range": 21.429447174072266,
      "low_freq": 4349.24462890625,
      "mid_mean": -41.94561767578125,
      "mid_to_side_loudness": -8.935222625732422,
      "mid_to_side_loudness_range": 15.579343795776367,
      "side_mean": -51.40129089355469
    },
    {
      "high_freq": 12199.2666015625,
      "loudness": -44.94529724121094,
      "loudness_range": 23.687576293945312,
      "low_freq": 7314.1640625,
      "mid_mean": -42.09772491455078,
      "mid_to_side_loudness": -10.197066307067871,
      "mid_to_side_loudness_range": 18.140493392944336,
      "side_mean": -52.76785659790039
    },
    {
      "loudness": -54.17069625854492,
      "loudness_range": 20.228778839111328,
      "low_freq": 12199.2666015625,
      "mid_mean": -51.824005126953125,
      "mid_to_side_loudness": -7.7735066413879395,
      "mid_to_side_loudness_range": 14.596688270568848,
      "side_mean": -58.70550537109375
    }
  ],
  "bands_short": [
    {
      "high_freq": 148.1999969482422,
      "loudness": -36.463287353515625,
      "loudness_range": 21.705154418945312,
      "mid_mean": -33.21586608886719,
      "mid_to_side_loudness": -14.403963088989258,
      "mid_to_side_loudness_range": 22.20017433166504,
      "side_mean": -47.636558532714844
    },
    {
      "high_freq": 392.3793640136719,
      "loudness": -26.1708984375,
      "loudness_range": 13.465251922607422,
      "low_freq": 148.1999969482422,
      "mid_mean": -23.507854461669922,
      "mid_to_side_loudness": -8.642529487609863,
      "mid_to_side_loudness_range": 17.391372680664062,
      "side_mean": -31.735126495361328
    },
    {
      "high_freq": 794.6976318359375,
      "loudness": -31.337839126586914,
      "loudness_range": 21.54545783996582,
      "low_freq": 392.3793640136719,
      "mid_mean": -28.556346893310547,
      "mid_to_side_loudness": -10.82450008392334,
      "mid_to_side_loudness_range": 21.824846267700195,
      "side_mean": -39.202213287353516
    },
    {
      "high_freq": 1457.5709228515625,
      "loudness": -37.6925163269043,
      "loudness_range": 30.213441848754883,
      "low_freq": 794.6976318359375,
      "mid_mean": -35.04801559448242,
      "mid_to_side_loudness": -9.911494255065918,
      "mid_to_side_loudness_range": 23.044940948486328,
      "side_mean": -44.9113655090332
    },
    {
      "high_freq": 2549.74365234375,
      "loudness": -39.0034294128418,
      "loudness_range": 29.849472045898438,
      "low_freq": 1457.5709228515625,
      "mid_mean": -36.23259353637695,
      "mid_to_side_loudness": -10.90376091003418,
      "mid_to_side_loudness_range": 22.742341995239258,
      "side_mean": -47.002662658691406
    },
    {
      "high_freq": 4349.24462890625,
      "loudness": -41.67055892944336,
      "loudness_range": 25.609296798706055,
      "low_freq": 2549.74365234375,
      "mid_mean": -38.65107727050781,
      "mid_to_side_loudness": -11.787820816040039,
      "mid_to_side_loudness_range": 20.554622650146484,
      "side_mean": -51.034690856933594
    },
    {
      "high_freq": 7314.1640625,
      "loudness": -47.85685729980469,
      "loudness_range": 26.101287841796875,
      "low_freq": 4349.24462890625,
      "mid_mean": -44.94912338256836,
      "mid_to_side_loudness": -9.611932754516602,
      "mid_to_side_loudness_range": 16.65420913696289,
      "side_mean": -54.769775390625
    },
    {
      "high_freq": 12199.2666015625,
      "loudness": -48.124908447265625,
      "loudness_range": 28.178512573242188,
      "low_freq": 7314.1640625,
      "mid_mean": -45.10926818847656,
      "mid_to_side_loudness": -11.455039024353027,
      "mid_to_side_loudness_range": 19.556943893432617,
      "side_mean": -56.642601013183594
    },
    {
      "loudness": -57.428993225097656,
      "loudness_range": 24.702728271484375,
      "low_freq": 12199.2666015625,
      "mid_mean": -54.51695251464844,
      "mid_to_side_loudness": -9.321131706237793,
      "mid_to_side_loudness_range": 15.919021606445312,
      "side_mean": -62.305667877197266
    }
  ],
  "bandwidth": 600.517578125,
  "channels": 2,
  "covariance": [
    [
      41.700069427490234,
      15.075665473937988,
      4.301357269287109,
      -0.8138468265533447,
      4.292322635650635,
      -0.4804990589618683,
      2.9842593669891357,
      1.6408127546310425,
      -2.296745538711548,
      -2.874130964279175,
      -3.7901008129119873,
      -4.895151615142822,
      -3.0275673866271973,
      -2.380181074142456,
      -4.685460090637207,
      1.3586400747299194,
      1.3637923002243042,
      3.308030366897583
    ],
    [
      15.075665473937988,
      27.809194564819336,
      5.650223731994629,
      10.920190811157227,
      6.942020416259766,
      5.772014141082764,
      7.508116722106934,
      10.75218391418457,
      6.044623374938965,
      9.651490211486816,
      4.4178242683410645,
      9.6795015335083,
      5.869979381561279,
      9.928035736083984,
      4.022057056427002,
      10.026776313781738,
      6.535714626312256,
      10.039770126342773
    ],
    [
      4.301357269287109,
      5.650223731994629,
      21.27682876586914,
      6.6631598472595215,
      19.258310317993164,
      5.789185047149658,
      21.874258041381836,
      9.125263214111328,
      23.071924209594727,
      10.824021339416504,
      17.89601707458496,
      10.001595497131348,
      13.526944160461426,
      10.837169647216797,
      18.752099990844727,
      12.708580017089844,
      14.804680824279785,
      9.338615417480469
    ],
    [
      -0.8138468265533447,
      10.920190811157227,
      6.6631598472595215,
      20.7545223236084,
      5.153107643127441,
      10.1513090133667,
      8.135398864746094,
      15.14830493927002,
      9.421652793884277,
      17.366437911987305,
      9.233072280883789,
      19.979827880859375,
      11.569151878356934,
      19.738515853881836,
      7.659146785736084,
      16.020427703857422,
      8.249770164489746,
      12.684964179992676
    ],
    [
      4.292322635650635,
      6.942020416259766,
      19.258310317993164,
      5.153107643127441,
      57.41533660888672,
      11.387189865112305,
      54.04890823364258,
      15.433056831359863,
      50.28822708129883,
      16.123693466186523,
      37.02568435668945,
      11.883745193481445,
      23.487077713012695,
      9.416961669921875,
      39.10823059082031,
      16.02762794494629,
      28.677200317382812,
      10.7501859664917
    ],
    [
      -0.4804990589618683,
      5.772014141082764,
      5.789185047149658,
      10.1513090133667,
      11.387189865112305,
      13.4159574508667,
      12.939269065856934,
      12.519686698913574,
      12.036619186401367,
      12.612882614135742,
      9.002542495727539,
      11.34281063079834,
      8.29051685333252,
      9.5484619140625,
      8.107129096984863,
      8.361323356628418,
      6.997447490692139,
      5.867506504058838
    ],
    [
      2.9842593669891357,
      7.508116722106934,
      21.874258041381836,
      8.135398864746094,
      54.04890823364258,
      12.939269065856934,
      89.01770782470703,
      26.89590835571289,
      76.593017578125,
      26.506683349609375,
      53.931861877441406,
      20.166210174560547,
      28.595285415649414,
      13.32638168334961,
      50.45700454711914,
      21.550331115722656,
      37.17484664916992,
      14.510775566101074
    ],
    [
      1.6408127546310425,
      10.75218391418457,
      9.125263214111328,
      15.14830493927002,
      15.433056831359863,
      12.519686698913574,
      26.89590835571289,
      23.654014587402344,
      24.020536422729492,
      22.99075698852539,
      18.5173397064209,
      20.336118698120117,
      14.213127136230469,
      17.258777618408203,
      16.581037521362305,
      16.676191329956055,
      14.269689559936523,
      12.336800575256348
    ],
    [
      -2.296745538711548,
      6.044623374938965,
      23.071924209594727,
      9.421652793884277,
      50.28822708129883,
      12.036619186401367,
      76.593017578125,
      24.020536422729492,
      81.86676025390625,
      29.29218101501465,
      60.36457824707031,
      26.632081985473633,
      36.59922790527344,
      21.547714233398438,
      55.877010345458984,
      28.071365356445312,
      40.87888717651367,
      19.106149673461914
    ],
    [
      -2.874130964279175,
      9.651490211486816,
      10.824021339416504,
      17.366437911987305,
      16.123693466186523,
      12.612882614135742,
      26.506683349609375,
      22.99075698852539,
      29.29218101501465,
      31.519641876220703,
      25.73297882080078,
      32.45381164550781,
      24.118310928344727,
      30.94830894470215,
      24.813011169433594,
      29.012454986572266,
      21.711400985717773,
      22.249465942382812
    ],
    [
      -3.7901008129119873,
      4.4178242683410645,
      17.89601707458496,
      9.233072280883789,
      37.02568435668945,
      9.002542495727539,
      53.931861877441406,
      18.5173397064209,
      60.36457824707031,
      25.73297882080078,
      60.12989807128906,
      31.28841781616211,
      45.335594177246094,
      29.771711349487305,
      56.74003219604492,
      34.551544189453125,
      41.41646194458008,
      24.275827407836914
    ],
    [
      -4.895151615142822,
      9.6795015335083,
      10.001595497131348,
      19.979827880859375,
      11.883745193481445,
      11.34281063079834,
      20.166210174560547,
      20.336118698120117,
      26.632081985473633,
      32.45381164550781,
      31.28841781616211,
      49.46072769165039,
      37.01235580444336,
      53.00570297241211,
      30.560293197631836,
      47.38315963745117,
      29.18279266357422,
      37.85737609863281
    ],
    [
      -3.0275673866271973,
      5.869979381561279,
      13.526944160461426,
      11.569151878356934,
      23.487077713012695,
      8.29051685333252,
      28.595285415649414,
      14.213127136230469,
      36.59922790527344,
      24.118310928344727,
      45.335594177246094,
      37.01235580444336,
      58.06773376464844,
      43.313743591308594,
      55.19330596923828,
      45.05583953857422,
      43.526885986328125,
      33.60935592651367
    ],
    [
      -2.380181074142456,
      9.928035736083984,
      10.837169647216797,
      19.738515853881836,
      9.416961669921875,
      9.5484619140625,
      13.32638168334961,
      17.258777618408203,
      21.547714233398438,
      30.94830894470215,
      29.771711349487305,
      53.00570297241211,
      43.313743591308594,
      72.3813705444336,
      33.187477111816406,
      64.55491638183594,
      42.372108459472656,
      50.72823715209961
    ],
    [
      -4.685460090637207,
      4.022057056427002,
      18.752099990844727,
      7.659146785736084,
      39.10823059082031,
      8.107129096984863,
      50.45700454711914,
      16.581037521362305,
      55.877010345458984,
      24.813011169433594,
      56.74003219604492,
      30.560293197631836,
      55.19330596923828,
      33.187477111816406,
      75.09378051757812,
      43.13363265991211,
      55.16775894165039,
      31.25971221923828
    ],
    [
      1.3586400747299194,
      10.026776313781738,
      12.708580017089844,
      16.020427703857422,
      16.02762794494629,
      8.361323356628418,
      21.550331115722656,
      16.676191329956055,
      28.071365356445312,
      29.012454986572266,
      34.551544189453125,
      47.38315963745117,
      45.05583953857422,
      64.55491638183594,
      43.13363265991211,
      64.7873764038086,
      48.761375427246094,
      51.73775863647461
    ],
    [
      1.3637923002243042,
      6.535714626312256,
      14.804680824279785,
      8.249770164489746,
      28.677200317382812,
      6.997447490692139,
      37.17484664916992,
      14.269689559936523,
      40.87888717651367,
      21.711400985717773,
      41.41646194458008,
      29.18279266357422,
      43.526885986328125,
      42.372108459472656,
      55.16775894165039,
      48.761375427246094,
      56.72977066040039,
      38.898006439208984
    ],
    [
      3.308030366897583,
      10.039770126342773,
      9.338615417480469,
      12.684964179992676,
      10.7501859664917,
      5.867506504058838,
      14.510775566101074,
      12.336800575256348,
      19.106149673461914,
      22.249465942382812,
      24.275827407836914,
      37.85737609863281,
      33.60935592651367,
      50.72823715209961,
      31.25971221923828,
      51.73775863647461,
      38.898006439208984,
      46.45698928833008
    ]
  ],
  "covariance_short": [
    [
      55.9364013671875,
      21.535234451293945,
      8.232063293457031,
      3.939924478530884,
      6.92785120010376,
      0.5635799765586853,
      7.019470691680908,
      3.9770898818969727,
      2.455436944961548,
      0.6857763528823853,
      -0.9234665632247925,
      0.22213445603847504,
      -1.771109700202942,
      -2.1076159477233887,
      -3.6399619579315186,
      -2.2851200103759766,
      -0.5179497599601746,
      -1.2104030847549438
    ],
    [
      21.535234451293945,
      43.086753845214844,
      8.027016639709473,
      13.082283020019531,
      6.977546691894531,
      6.237998008728027,
      6.767736911773682,
      9.954216003417969,
      7.59633731842041,
      9.764362335205078,
      5.091495513916016,
      10.489051818847656,
      6.898738384246826,
      10.200417518615723,
      1.8459833860397339,
      7.215311527252197,
      3.2783565521240234,
      4.831624984741211
    ],
    [
      8.232063293457031,
      8.027016639709473,
      28.005599975585938,
      8.242188453674316,
      23.27130699157715,
      6.694711685180664,
      25.805889129638672,
      12.11866569519043,
      25.83877944946289,
      14.298144340515137,
      20.01616668701172,
      16.130435943603516,
      14.529557228088379,
      13.045022964477539,
      19.852901458740234,
      14.592020034790039,
      15.557085037231445,
      8.845964431762695
    ],
    [
      3.939924478530884,
      13.082283020019531,
      8.242188453674316,
      25.983116149902344,
      7.770618438720703,
      12.452272415161133,
      10.191163063049316,
      18.222864151000977,
      11.776768684387207,
      21.055238723754883,
      10.862850189208984,
      21.121278762817383,
      11.688616752624512,
      18.713056564331055,
      6.8923773765563965,
      13.357386589050293,
      6.017126560211182,
      8.67839527130127
    ],
    [
      6.92785120010376,
      6.977546691894531,
      23.27130699157715,
      7.770618438720703,
      67.44136047363281,
      12.89597225189209,
      63.08864212036133,
      19.98262596130371,
      58.13925552368164,
      22.021406173706055,
      44.63166809082031,
      19.570785522460938,
      27.65705680847168,
      12.549107551574707,
      45.373779296875,
      20.6521053314209,
      32.41664505004883,
      11.797248840332031
    ],
    [
      0.5635799765586853,
      6.237998008728027,
      6.694711685180664,
      12.452272415161133,
      12.89597225189209,
      17.52249526977539,
      14.67663288116455,
      15.76511287689209,
      14.002792358398438,
      16.604990005493164,
      11.02358341217041,
      14.261021614074707,
      9.89301872253418,
      11.132567405700684,
      8.881426811218262,
      9.249218940734863,
      7.138278961181641,
      5.583043098449707
    ],
    [
      7.019470691680908,
      6.767736911773682,
      25.805889129638672,
      10.191163063049316,
      63.08864212036133,
      14.67663288116455,
      105.00588989257812,
      33.55896759033203,
      89.73844146728516,
      35.6484260559082,
      67.09707641601562,
      31.013608932495117,
      38.16156768798828,
      19.819923400878906,
      63.527034759521484,
      31.074636459350586,
      47.079872131347656,
      18.37525749206543
    ],
    [
      3.9770898818969727,
      9.954216003417969,
      12.11866569519043,
      18.222864151000977,
      19.98262596130371,
      15.76511287689209,
      33.55896759033203,
      31.932111740112305,
      31.131383895874023,
      30.766019821166992,
      25.087841033935547,
      26.118803024291992,
      19.338693618774414,
      20.266887664794922,
      22.092479705810547,
      19.808958053588867,
      17.595932006835938,
      13.116267204284668
    ],
    [
      2.455436944961548,
      7.59633731842041,
      25.83877944946289,
      11.776768684387207,
      58.13925552368164,
      14.002792358398438,
      89.73844146728516,
      31.131383895874023,
      100.86531829833984,
      39.41020584106445,
      77.56645202636719,
      37.91117858886719,
      49.474727630615234,
      28.226415634155273,
      71.48602294921875,
      38.65018081665039,
      51.65626525878906,
      23.116363525390625
    ],
    [
      0.6857763528823853,
      9.764362335205078,
      14.298144340515137,
      21.055238723754883,
      22.021406173706055,
      16.604990005493164,
      35.6484260559082,
      30.766019821166992,
      39.41020584106445,
      43.48276138305664,
      34.6597900390625,
      39.743499755859375,
      30.36182403564453,
      34.62107849121094,
      32.403385162353516,
      33.22770690917969,
      25.969844818115234,
      23.109394073486328
    ],
    [
      -0.9234665632247925,
      5.091495513916016,
      20.01616668701172,
      10.862850189208984,
      44.63166809082031,
      11.02358341217041,
      67.09707641601562,
      25.087841033935547,
      77.56645202636719,
      34.6597900390625,
      84.05030059814453,
      41.98957061767578,
      62.57426071166992,
      37.86118698120117,
      78.71617126464844,
      47.22245407104492,
      55.8133430480957,
      29.70099639892578
    ],
    [
      0.22213445603847504,
      10.489051818847656,
      16.130435943603516,
      21.121278762817383,
      19.570785522460938,
      14.261021614074707,
      31.013608932495117,
      26.118803024291992,
      37.91117858886719,
      39.743499755859375,
      41.98957061767578,
      65.90980529785156,
      44.41355514526367,
      63.37034606933594,
      40.84263229370117,
      58.251976013183594,
      42.71712112426758,
      41.135719299316406
    ],
    [
      -1.771109700202942,
      6.898738384246826,
      14.529557228088379,
      11.688616752624512,
      27.65705680847168,
      9.89301872253418,
      38.16156768798828,
      19.338693618774414,
      49.474727630615234,
      30.36182403564453,
      62.57426071166992,
      44.41355514526367,
      72.6436767578125,
      50.658592224121094,
      73.50442504882812,
      56.05423355102539,
      55.284793853759766,
      38.42803192138672
    ],
    [
      -2.1076159477233887,
      10.200417518615723,
      13.045022964477539,
      18.713056564331055,
      12.549107551574707,
      11.132567405700684,
      19.819923400878906,
      20.266887664794922,
      28.226415634155273,
      34.62107849121094,
      37.86118698120117,
      63.37034606933594,
      50.658592224121094,
      71.29437255859375,
      42.57625961303711,
      64.7265396118164,
      43.6568717956543,
      47.468841552734375
    ],
    [
      -3.6399619579315186,
      1.8459833860397339,
      19.852901458740234,
      6.8923773765563965,
      45.373779296875,
      8.881426811218262,
      63.527034759521484,
      22.092479705810547,
      71.48602294921875,
      32.403385162353516,
      78.71617126464844,
      40.84263229370117,
      73.50442504882812,
      42.57625961303711,
      105.03353118896484,
      61.21242904663086,
      75.73081970214844,
      41.20085525512695
    ],
    [
      -2.2851200103759766,
      7.215311527252197,
      14.592020034790039,
      13.357386589050293,
      20.6521053314209,
      9.249218940734863,
      31.074636459350586,
      19.808958053588867,
      38.65018081665039,
      33.22770690917969,
      47.22245407104492,
      58.251976013183594,
      56.05423355102539,
      64.7265396118164,
      61.21242904663086,
      70.85962677001953,
      56.72524642944336,
      52.89645767211914
    ],
    [
      -0.5179497599601746,
      3.2783565521240234,
      15.557085037231445,
      6.017126560211182,
      32.41664505004883,
      7.138278961181641,
      47.079872131347656,
      17.595932006835938,
      51.65626525878906,
      25.969844818115234,
      55.8133430480957,
      42.71712112426758,
      55.284793853759766,
      43.6568717956543,
      75.73081970214844,
      56.72524642944336,
      69.41905212402344,
      43.3209342956543
    ],
    [
      -1.2104030847549438,
      4.831624984741211,
      8.845964431762695,
      8.67839527130127,
      11.797248840332031,
      5.583043098449707,
      18.37525749206543,
      13.116267204284668,
      23.116363525390625,
      23.109394073486328,
      29.70099639892578,
      41.135719299316406,
      38.42803192138672,
      47.468841552734375,
      41.20085525512695,
      52.89645767211914,
      43.3209342956543,
      46.477394104003906
    ]
  ],
  "damage": -10.730965614318848,
  "diff_bandwidth": 637.1609497070312,
  "dissonance": 7.102552095798026,
  "drr": 2.574586868286133,
  "dynamics": 4.631720542907715,
  "format": 1245190,
  "frames": 8210432,
  "loudness": -18.047151565551758,
  "loudness_range": 12.704232215881348,
  "loudness_range_short": 15.729839324951172,
  "lowpass_true_peak_15khz": -0.5403382778167725,
  "mastering3_acoustic_entropies": [
    {
      "acoustic_entropy": 9.36344051361084,
      "acoustic_entropy_mono": 8.765820503234863,
      "band_eliminated_acoustic_entropies": [
        {
          "acoustic_entropy": 9.177374839782715,
          "acoustic_entropy_side": 9.36469841003418,
          "hz": 129.47220167065723
        },
        {
          "acoustic_entropy": 9.159686088562012,
          "acoustic_entropy_side": 9.428579330444336,
          "hz": 202.92927478742237
        },
        {
          "acoustic_entropy": 8.91561508178711,
          "acoustic_entropy_side": 9.180402755737305,
          "hz": 282.89161906338205
        },
        {
          "acoustic_entropy": 8.98394775390625,
          "acoustic_entropy_side": 9.33973217010498,
          "hz": 369.9353335868758
        },
        {
          "acoustic_entropy": 8.405373573303223,
          "acoustic_entropy_side": 9.39704418182373,
          "hz": 464.6875360973435
        },
        {
          "acoustic_entropy": 8.36063003540039,
          "acoustic_entropy_side": 9.353330612182617,
          "hz": 567.8308811364784
        },
        {
          "acoustic_entropy": 8.002852439880371,
          "acoustic_entropy_side": 9.358104705810547,
          "hz": 680.1084783214808
        },
        {
          "acoustic_entropy": 9.121020317077637,
          "acoustic_entropy_side": 9.37813949584961,
          "hz": 802.3292461747484
        },
        {
          "acoustic_entropy": 8.529210090637207,
          "acoustic_entropy_side": 9.366789817810059,
          "hz": 935.3737400823702
        },
        {
          "acoustic_entropy": 9.415496826171875,
          "acoustic_entropy_side": 9.371797561645508,
          "hz": 1080.2004963696966
        },
        {
          "acoustic_entropy": 9.26876163482666,
          "acoustic_entropy_side": 9.377697944641113,
          "hz": 1237.8529382007157
        },
        {
          "acoustic_entropy": 8.975678443908691,
          "acoustic_entropy_side": 9.37436580657959,
          "hz": 1409.4668930556702
        },
        {
          "acoustic_entropy": 8.842040061950684,
          "acoustic_entropy_side": 9.368898391723633,
          "hz": 1596.2787759475705
        },
        {
          "acoustic_entropy": 9.284902572631836,
          "acoustic_entropy_side": 9.370492935180664,
          "hz": 1799.6344973346393
        },
        {
          "acoustic_entropy": 9.407150268554688,
          "acoustic_entropy_side": 9.37224006652832,
          "hz": 2020.9991599069049
        },
        {
          "acoustic_entropy": 9.007102012634277,
          "acoustic_entropy_side": 9.376326560974121,
          "hz": 2261.9676141086993
        },
        {
          "acoustic_entropy": 8.917886734008789,
          "acoustic_entropy_side": 9.388376235961914,
          "hz": 2524.2759484456974
        },
        {
          "acoustic_entropy": 8.819442749023438,
          "acoustic_entropy_side": 9.38936710357666,
          "hz": 2809.813997359896
        },
        {
          "acoustic_entropy": 8.975430488586426,
          "acoustic_entropy_side": 9.399703025817871,
          "hz": 3120.6389567871424
        },
        {
          "acoustic_entropy": 9.228555679321289,
          "acoustic_entropy_side": 9.418374061584473,
          "hz": 3458.990205492291
        },
        {
          "acoustic_entropy": 9.389037132263184,
          "acoustic_entropy_side": 9.416725158691406,
          "hz": 3827.305438964164
        },
        {
          "acoustic_entropy": 9.524175643920898,
          "acoustic_entropy_side": 9.43212604522705,
          "hz": 4228.238232109126
        },
        {
          "acoustic_entropy": 9.459671020507812,
          "acoustic_entropy_side": 9.4464693069458,
          "hz": 4664.6771572759235
        },
        {
          "acoustic_entropy": 9.238811492919922,
          "acoustic_entropy_side": 9.431411743164062,
          "hz": 5139.766595350093
        },
        {
          "acoustic_entropy": 9.349942207336426,
          "acoustic_entropy_side": 9.423041343688965,
          "hz": 5656.929389854203
        },
        {
          "acoustic_entropy": 9.35685920715332,
          "acoustic_entropy_side": 9.412028312683105,
          "hz": 6219.891507268283
        },
        {
          "acoustic_entropy": 9.377480506896973,
          "acoustic_entropy_side": 9.40461540222168,
          "hz": 6832.70888123896
        },
        {
          "acoustic_entropy": 9.350370407104492,
          "acoustic_entropy_side": 9.397273063659668,
          "hz": 7499.796634079867
        },
        {
          "acoustic_entropy": 9.29015827178955,
          "acoustic_entropy_side": 9.395125389099121,
          "hz": 8225.96088609342
        },
        {
          "acoustic_entropy": 9.322578430175781,
          "acoustic_entropy_side": 9.38683795928955,
          "hz": 9016.43338188839
        },
        {
          "acoustic_entropy": 9.256296157836914,
          "acoustic_entropy_side": 9.378447532653809,
          "hz": 9876.909183162974
        },
        {
          "acoustic_entropy": 9.251875877380371,
          "acoustic_entropy_side": 9.373531341552734,
          "hz": 10813.587699516042
        },
        {
          "acoustic_entropy": 9.320993423461914,
          "acoustic_entropy_side": 9.372427940368652,
          "hz": 11833.21735289826
        },
        {
          "acoustic_entropy": 9.288130760192871,
          "acoustic_entropy_side": 9.371106147766113,
          "hz": 12943.144197493959
        },
        {
          "acoustic_entropy": 9.347204208374023,
          "acoustic_entropy_side": 9.36760139465332,
          "hz": 14151.364845322005
        },
        {
          "acoustic_entropy": 9.3600492477417,
          "acoustic_entropy_side": 9.365341186523438,
          "hz": 15466.58407886509
        },
        {
          "acoustic_entropy": 9.361473083496094,
          "acoustic_entropy_side": 9.364195823669434,
          "hz": 16898.27756580493
        },
        {
          "acoustic_entropy": 9.363419532775879,
          "acoustic_entropy_side": 9.363734245300293,
          "hz": 18456.760127700032
        },
        {
          "acoustic_entropy": 9.363481521606445,
          "acoustic_entropy_side": 9.36349868774414,
          "hz": 20153.260054456492
        },
        {
          "acoustic_entropy": 9.363430976867676,
          "acoustic_entropy_side": 9.363442420959473,
          "hz": 22000.00000000001
        }
      ],
      "diff_acoustic_entropy": 6.012218952178955,
      "sn": 6
    },
    {
      "acoustic_entropy": 13.191374778747559,
      "acoustic_entropy_mono": 12.672470092773438,
      "band_eliminated_acoustic_entropies": [
        {
          "acoustic_entropy": 13.148221015930176,
          "acoustic_entropy_side": 13.188755989074707,
          "hz": 129.47220167065723
        },
        {
          "acoustic_entropy": 13.810295104980469,
          "acoustic_entropy_side": 13.11021900177002,
          "hz": 202.92927478742237
        },
        {
          "acoustic_entropy": 13.802332878112793,
          "acoustic_entropy_side": 13.1630859375,
          "hz": 282.89161906338205
        },
        {
          "acoustic_entropy": 13.448369979858398,
          "acoustic_entropy_side": 13.897745132446289,
          "hz": 369.9353335868758
        },
        {
          "acoustic_entropy": 13.256523132324219,
          "acoustic_entropy_side": 13.241783142089844,
          "hz": 464.6875360973435
        },
        {
          "acoustic_entropy": 13.176582336425781,
          "acoustic_entropy_side": 13.235457420349121,
          "hz": 567.8308811364784
        },
        {
          "acoustic_entropy": 14.12259578704834,
          "acoustic_entropy_side": 13.18088436126709,
          "hz": 680.1084783214808
        },
        {
          "acoustic_entropy": 12.837677955627441,
          "acoustic_entropy_side": 13.130487442016602,
          "hz": 802.3292461747484
        },
        {
          "acoustic_entropy": 13.09822940826416,
          "acoustic_entropy_side": 13.136303901672363,
          "hz": 935.3737400823702
        },
        {
          "acoustic_entropy": 12.65714168548584,
          "acoustic_entropy_side": 13.17970085144043,
          "hz": 1080.2004963696966
        },
        {
          "acoustic_entropy": 13.573522567749023,
          "acoustic_entropy_side": 13.15676498413086,
          "hz": 1237.8529382007157
        },
        {
          "acoustic_entropy": 13.052268028259277,
          "acoustic_entropy_side": 13.069198608398438,
          "hz": 1409.4668930556702
        },
        {
          "acoustic_entropy": 13.111886978149414,
          "acoustic_entropy_side": 13.118453025817871,
          "hz": 1596.2787759475705
        },
        {
          "acoustic_entropy": 13.065556526184082,
          "acoustic_entropy_side": 13.116994857788086,
          "hz": 1799.6344973346393
        },
        {
          "acoustic_entropy": 13.169013977050781,
          "acoustic_entropy_side": 13.186638832092285,
          "hz": 2020.9991599069049
        },
        {
          "acoustic_entropy": 13.018107414245605,
          "acoustic_entropy_side": 13.192950248718262,
          "hz": 2261.9676141086993
        },
        {
          "acoustic_entropy": 13.048294067382812,
          "acoustic_entropy_side": 13.206648826599121,
          "hz": 2524.2759484456974
        },
        {
          "acoustic_entropy": 13.126506805419922,
          "acoustic_entropy_side": 13.227975845336914,
          "hz": 2809.813997359896
        },
        {
          "acoustic_entropy": 13.277440071105957,
          "acoustic_entropy_side": 13.264446258544922,
          "hz": 3120.6389567871424
        },
        {
          "acoustic_entropy": 13.236861228942871,
          "acoustic_entropy_side": 13.31148910522461,
          "hz": 3458.990205492291
        },
        {
          "acoustic_entropy": 13.438881874084473,
          "acoustic_entropy_side": 13.327573776245117,
          "hz": 3827.305438964164
        },
        {
          "acoustic_entropy": 13.537693977355957,
          "acoustic_entropy_side": 13.345972061157227,
          "hz": 4228.238232109126
        },
        {
          "acoustic_entropy": 13.537428855895996,
          "acoustic_entropy_side": 13.353321075439453,
          "hz": 4664.6771572759235
        },
        {
          "acoustic_entropy": 13.338333129882812,
          "acoustic_entropy_side": 13.345680236816406,
          "hz": 5139.766595350093
        },
        {
          "acoustic_entropy": 13.335784912109375,
          "acoustic_entropy_side": 13.348389625549316,
          "hz": 5656.929389854203
        },
        {
          "acoustic_entropy": 13.307623863220215,
          "acoustic_entropy_side": 13.324080467224121,
          "hz": 6219.891507268283
        },
        {
          "acoustic_entropy": 13.276846885681152,
          "acoustic_entropy_side": 13.313672065734863,
          "hz": 6832.70888123896
        },
        {
          "acoustic_entropy": 13.265312194824219,
          "acoustic_entropy_side": 13.294342041015625,
          "hz": 7499.796634079867
        },
        {
          "acoustic_entropy": 13.31086254119873,
          "acoustic_entropy_side": 13.28811264038086,
          "hz": 8225.96088609342
        },
        {
          "acoustic_entropy": 13.288070678710938,
          "acoustic_entropy_side": 13.273481369018555,
          "hz": 9016.43338188839
        },
        {
          "acoustic_entropy": 13.359798431396484,
          "acoustic_entropy_side": 13.259702682495117,
          "hz": 9876.909183162974
        },
        {
          "acoustic_entropy": 13.592429161071777,
          "acoustic_entropy_side": 13.257707595825195,
          "hz": 10813.587699516042
        },
        {
          "acoustic_entropy": 13.675429344177246,
          "acoustic_entropy_side": 13.256160736083984,
          "hz": 11833.21735289826
        },
        {
          "acoustic_entropy": 13.470495223999023,
          "acoustic_entropy_side": 13.246007919311523,
          "hz": 12943.144197493959
        },
        {
          "acoustic_entropy": 13.255205154418945,
          "acoustic_entropy_side": 13.21964168548584,
          "hz": 14151.364845322005
        },
        {
          "acoustic_entropy": 13.242542266845703,
          "acoustic_entropy_side": 13.20727252960205,
          "hz": 15466.58407886509
        },
        {
          "acoustic_entropy": 13.235830307006836,
          "acoustic_entropy_side": 13.199650764465332,
          "hz": 16898.27756580493
        },
        {
          "acoustic_entropy": 13.225740432739258,
          "acoustic_entropy_side": 13.195079803466797,
          "hz": 18456.760127700032
        },
        {
          "acoustic_entropy": 13.199603080749512,
          "acoustic_entropy_side": 13.192303657531738,
          "hz": 20153.260054456492
        },
        {
          "acoustic_entropy": 13.19192123413086,
          "acoustic_entropy_side": 13.191436767578125,
          "hz": 22000.00000000001
        }
      ],
      "diff_acoustic_entropy": 10.380515098571777,
      "sn": 12
    },
    {
      "acoustic_entropy": 20.916545867919922,
      "acoustic_entropy_mono": 17.870132446289062,
      "band_eliminated_acoustic_entropies": [
        {
          "acoustic_entropy": 20.24455451965332,
          "acoustic_entropy_side": 20.840126037597656,
          "hz": 129.47220167065723
        },
        {
          "acoustic_entropy": 21.12596893310547,
          "acoustic_entropy_side": 20.498817443847656,
          "hz": 202.92927478742237
        },
        {
          "acoustic_entropy": 21.367826461791992,
          "acoustic_entropy_side": 21.551494598388672,
          "hz": 282.89161906338205
        },
        {
          "acoustic_entropy": 20.503337860107422,
          "acoustic_entropy_side": 20.518550872802734,
          "hz": 369.9353335868758
        },
        {
          "acoustic_entropy": 21.19347381591797,
          "acoustic_entropy_side": 20.63864517211914,
          "hz": 464.6875360973435
        },
        {
          "acoustic_entropy": 21.181255340576172,
          "acoustic_entropy_side": 21.044178009033203,
          "hz": 567.8308811364784
        },
        {
          "acoustic_entropy": 20.538354873657227,
          "acoustic_entropy_side": 21.03286361694336,
          "hz": 680.1084783214808
        },
        {
          "acoustic_entropy": 21.057199478149414,
          "acoustic_entropy_side": 20.89057159423828,
          "hz": 802.3292461747484
        },
        {
          "acoustic_entropy": 21.02811050415039,
          "acoustic_entropy_side": 21.14617919921875,
          "hz": 935.3737400823702
        },
        {
          "acoustic_entropy": 21.197847366333008,
          "acoustic_entropy_side": 21.19147491455078,
          "hz": 1080.2004963696966
        },
        {
          "acoustic_entropy": 21.222034454345703,
          "acoustic_entropy_side": 20.75997543334961,
          "hz": 1237.8529382007157
        },
        {
          "acoustic_entropy": 21.331504821777344,
          "acoustic_entropy_side": 21.289472579956055,
          "hz": 1409.4668930556702
        },
        {
          "acoustic_entropy": 21.149015426635742,
          "acoustic_entropy_side": 20.915700912475586,
          "hz": 1596.2787759475705
        },
        {
          "acoustic_entropy": 21.175609588623047,
          "acoustic_entropy_side": 21.267988204956055,
          "hz": 1799.6344973346393
        },
        {
          "acoustic_entropy": 21.867263793945312,
          "acoustic_entropy_side": 20.849443435668945,
          "hz": 2020.9991599069049
        },
        {
          "acoustic_entropy": 21.35906410217285,
          "acoustic_entropy_side": 20.87748146057129,
          "hz": 2261.9676141086993
        },
        {
          "acoustic_entropy": 21.194320678710938,
          "acoustic_entropy_side": 20.908742904663086,
          "hz": 2524.2759484456974
        },
        {
          "acoustic_entropy": 20.868555068969727,
          "acoustic_entropy_side": 20.906606674194336,
          "hz": 2809.813997359896
        },
        {
          "acoustic_entropy": 21.11823081970215,
          "acoustic_entropy_side": 20.916410446166992,
