{
  "acoustic_entropy": 189.0674591064453,
  "bands": [
    {
      "high_freq": 148.1999969482422,
      "loudness": -38.898895263671875,
      "loudness_range": 34.78962707519531,
      "mid_mean": -40.1140251159668,
      "mid_to_side_loudness": -4.791321277618408,
      "mid_to_side_loudness_range": 8.120780944824219,
      "side_mean": -45.44282913208008
    },
    {
      "high_freq": 392.3793640136719,
      "loudness": -32.355499267578125,
      "loudness_range": 28.663299560546875,
      "low_freq": 148.1999969482422,
      "mid_mean": -31.173595428466797,
      "mid_to_side_loudness": -2.5852556228637695,
      "mid_to_side_loudness_range": 6.056954860687256,
      "side_mean": -33.48554992675781
    },
    {
      "high_freq": 794.6976318359375,
      "loudness": -29.965734481811523,
      "loudness_range": 22.183746337890625,
      "low_freq": 392.3793640136719,
      "mid_mean": -28.507240295410156,
      "mid_to_side_loudness": -3.1111984252929688,
      "mid_to_side_loudness_range": 6.7932329177856445,
      "side_mean": -31.707490921020508
    },
    {
      "high_freq": 1457.5709228515625,
      "loudness": -30.1520938873291,
      "loudness_range": 20.22301483154297,
      "low_freq": 794.6976318359375,
      "mid_mean": -28.863990783691406,
      "mid_to_side_loudness": -3.157302141189575,
      "mid_to_side_loudness_range": 6.47503662109375,
      "side_mean": -32.30588912963867
    },
    {
      "high_freq": 2549.74365234375,
      "loudness": -30.923952102661133,
      "loudness_range": 19.857559204101562,
      "low_freq": 1457.5709228515625,
      "mid_mean": -30.104015350341797,
      "mid_to_side_loudness": -2.719417095184326,
      "mid_to_side_loudness_range": 5.254532814025879,
      "side_mean": -32.820899963378906
    },
    {
      "high_freq": 4349.24462890625,
      "loudness": -36.2209587097168,
      "loudness_range": 21.756526947021484,
      "low_freq": 2549.74365234375,
      "mid_mean": -35.721500396728516,
      "mid_to_side_loudness": -2.5817630290985107,
      "mid_to_side_loudness_range": 4.838449478149414,
      "side_mean": -38.40455627441406
    },
    {
      "high_freq": 7314.1640625,
      "loudness": -45.051578521728516,
      "loudness_range": 23.152952194213867,
      "low_freq": 4349.24462890625,
      "mid_mean": -45.82560348510742,
      "mid_to_side_loudness": -2.992720127105713,
      "mid_to_side_loudness_range": 4.834044456481934,
      "side_mean": -51.8898811340332
    },
    {
      "high_freq": 12199.2666015625,
      "loudness": -55.33066177368164,
      "loudness_range": 29.249370574951172,
      "low_freq": 7314.1640625,
      "mid_mean": -57.10383987426758,
      "mid_to_side_loudness": -3.208998680114746,
      "mid_to_side_loudness_range": 5.179965496063232,
      "side_mean": -59.420677185058594
    },
    {
      "loudness": -67.93639373779297,
      "loudness_range": 27.43819808959961,
      "low_freq": 12199.2666015625,
      "mid_mean": -63.817813873291016,
      "mid_to_side_loudness": -4.175089359283447,
      "mid_to_side_loudness_range": 7.36574649810791,
      "side_mean": -65.91944885253906
    }
  ],
  "bands_short": [
    {
      "high_freq": 148.1999969482422,
      "loudness": -44.2976188659668,
      "loudness_range": 35.043861389160156,
      "mid_mean": -45.499664306640625,
      "mid_to_side_loudness": -4.322261333465576,
      "mid_to_side_loudness_range": 14.519693374633789,
      "side_mean": -51.10432815551758
    },
    {
      "high_freq": 392.3793640136719,
      "loudness": -32.48539733886719,
      "loudness_range": 29.953895568847656,
      "low_freq": 148.1999969482422,
      "mid_mean": -31.4881534576416,
      "mid_to_side_loudness": -2.6309173107147217,
      "mid_to_side_loudness_range": 10.882596969604492,
      "side_mean": -34.115360260009766
    },
    {
      "high_freq": 794.6976318359375,
      "loudness": -30.484010696411133,
      "loudness_range": 23.842266082763672,
      "low_freq": 392.3793640136719,
      "mid_mean": -29.465333938598633,
      "mid_to_side_loudness": -2.8119254112243652,
      "mid_to_side_loudness_range": 9.969682693481445,
      "side_mean": -32.31493377685547
    },
    {
      "high_freq": 1457.5709228515625,
      "loudness": -30.352333068847656,
      "loudness_range": 20.79151153564453,
      "low_freq": 794.6976318359375,
      "mid_mean": -29.3986873626709,
      "mid_to_side_loudness": -2.8554794788360596,
      "mid_to_side_loudness_range": 9.476964950561523,
      "side_mean": -32.59300994873047
    },
    {
      "high_freq": 2549.74365234375,
      "loudness": -31.438812255859375,
      "loudness_range": 21.661113739013672,
      "low_freq": 1457.5709228515625,
      "mid_mean": -30.708200454711914,
      "mid_to_side_loudness": -2.4985034465789795,
      "mid_to_side_loudness_range": 8.155141830444336,
      "side_mean": -33.280426025390625
    },
    {
      "high_freq": 4349.24462890625,
      "loudness": -36.77222442626953,
      "loudness_range": 24.30538558959961,
      "low_freq": 2549.74365234375,
      "mid_mean": -36.41709518432617,
      "mid_to_side_loudness": -2.340607166290283,
      "mid_to_side_loudness_range": 6.790425777435303,
      "side_mean": -38.895755767822266
    },
    {
      "high_freq": 7314.1640625,
      "loudness": -45.535770416259766,
      "loudness_range": 26.048219680786133,
      "low_freq": 4349.24462890625,
      "mid_mean": -50.24162673950195,
      "mid_to_side_loudness": -2.6890571117401123,
      "mid_to_side_loudness_range": 6.205454349517822,
      "side_mean": -52.34683609008789
    },
    {
      "high_freq": 12199.2666015625,
      "loudness": -56.38096618652344,
      "loudness_range": 30.997665405273438,
      "low_freq": 7314.1640625,
      "mid_mean": -58.24060821533203,
      "mid_to_side_loudness": -2.716982126235962,
      "mid_to_side_loudness_range": 5.585168361663818,
      "side_mean": -60.10709762573242
    },
    {
      "loudness": -69.29965209960938,
      "loudness_range": 27.611698150634766,
      "low_freq": 12199.2666015625,
      "mid_mean": -64.77803802490234,
      "mid_to_side_loudness": -3.3520333766937256,
      "mid_to_side_loudness_range": 6.768955230712891,
      "side_mean": -66.35781860351562
    }
  ],
  "bandwidth": 703.1365356445312,
  "channels": 2,
  "covariance": [
    [
      206.82215881347656,
      195.6586456298828,
      127.72937774658203,
      121.3200454711914,
      72.03308868408203,
      79.63922119140625,
      48.38556671142578,
      51.0480842590332,
      49.263545989990234,
      49.08712387084961,
      69.5503158569336,
      71.73934173583984,
      78.4317626953125,
      92.04886627197266,
      74.97344207763672,
      76.98631286621094,
      48.92704391479492,
      44.237735748291016
    ],
    [
      195.6586456298828,
      205.1757354736328,
      122.38801574707031,
      118.82718658447266,
      68.36418151855469,
      76.66766357421875,
      44.25790786743164,
      47.94135284423828,
      46.272701263427734,
      47.00716018676758,
      66.31503295898438,
      69.51940155029297,
      72.45431518554688,
      96.9713134765625,
      76.08065795898438,
      77.34015655517578,
      46.868717193603516,
      42.46501159667969
    ],
    [
      127.72937774658203,
      122.38801574707031,
      106.64945983886719,
      98.78041076660156,
      62.96226119995117,
      67.88211059570312,
      44.060142517089844,
      45.48381423950195,
      45.079673767089844,
      43.347957611083984,
      59.701656341552734,
      60.163414001464844,
      70.69227600097656,
      77.46636199951172,
      68.1685791015625,
      67.08641815185547,
      44.48348617553711,
      37.54676818847656
    ],
    [
      121.3200454711914,
      118.82718658447266,
      98.78041076660156,
      99.5160903930664,
      61.90047073364258,
      66.79169464111328,
      44.82661437988281,
      46.293418884277344,
      45.95694351196289,
      44.97051239013672,
      59.78762435913086,
      60.967689514160156,
      68.96476745605469,
      75.27278137207031,
      65.03453826904297,
      64.84481811523438,
      41.232765197753906,
      35.16705322265625
    ],
    [
      72.03308868408203,
      68.36418151855469,
      62.96226119995117,
      61.90047073364258,
      68.37127685546875,
      68.08403778076172,
      55.9239387512207,
      59.041866302490234,
      57.52531433105469,
      56.610557556152344,
      63.86437225341797,
      64.05058288574219,
      72.04522705078125,
      73.83125305175781,
      60.31990432739258,
      56.934852600097656,
      34.19389343261719,
      27.84370994567871
    ],
    [
      79.63922119140625,
      76.66766357421875,
      67.88211059570312,
      66.79169464111328,
      68.08403778076172,
      76.69816589355469,
      56.42329406738281,
      61.27992248535156,
      58.68509292602539,
      58.61640167236328,
      67.86790466308594,
      68.9783706665039,
      76.04232025146484,
      78.96829986572266,
      62.367515563964844,
      60.25594711303711,
      34.97090148925781,
      29.85249900817871
    ],
    [
      48.38556671142578,
      44.25790786743164,
      44.060142517089844,
      44.82661437988281,
      55.9239387512207,
      56.42329406738281,
      71.88614654541016,
      67.04987335205078,
      68.43153381347656,
      66.12830352783203,
      66.25606536865234,
      65.2739028930664,
      77.62987518310547,
      73.2601547241211,
      63.65962600708008,
      57.20193099975586,
      34.8283576965332,
      25.6370849609375
    ],
    [
      51.0480842590332,
      47.94135284423828,
      45.48381423950195,
      46.293418884277344,
      59.041866302490234,
      61.27992248535156,
      67.04987335205078,
      71.98580932617188,
      68.4018325805664,
      67.56350708007812,
      67.2577133178711,
      67.19287109375,
      77.70132446289062,
      76.19189453125,
      62.98274612426758,
      57.724491119384766,
      33.166526794433594,
      25.575410842895508
    ],
    [
      49.263545989990234,
      46.272701263427734,
      45.079673767089844,
      45.95694351196289,
      57.52531433105469,
      58.68509292602539,
      68.43153381347656,
      68.4018325805664,
      78.1429672241211,
      75.05632781982422,
      72.57554626464844,
      72.0712890625,
      81.56657409667969,
      78.75778198242188,
      66.54656219482422,
      61.140037536621094,
      36.86368942260742,
      28.459373474121094
    ],
    [
      49.08712387084961,
      47.00716018676758,
      43.347957611083984,
      44.97051239013672,
      56.610557556152344,
      58.61640167236328,
      66.12830352783203,
      67.56350708007812,
      75.05632781982422,
      75.66633605957031,
      71.7015380859375,
      71.95468139648438,
      79.06439971923828,
      77.6116714477539,
      62.750213623046875,
      58.717620849609375,
      33.29978561401367,
      26.648191452026367
    ],
    [
      69.5503158569336,
      66.31503295898438,
      59.701656341552734,
      59.78762435913086,
      63.86437225341797,
      67.86790466308594,
      66.25606536865234,
      67.2577133178711,
      72.57554626464844,
      71.7015380859375,
      96.16393280029297,
      93.62979125976562,
      92.44023132324219,
      91.40560913085938,
      76.7217788696289,
      74.0033187866211,
      43.96216583251953,
      37.32476043701172
    ],
    [
      71.73934173583984,
      69.51940155029297,
      60.163414001464844,
      60.967689514160156,
      64.05058288574219,
      68.9783706665039,
      65.2739028930664,
      67.19287109375,
      72.0712890625,
      71.95468139648438,
      93.62979125976562,
      94.71810150146484,
      91.72307586669922,
      91.6734390258789,
      75.20269012451172,
      73.70960235595703,
      42.881954193115234,
      37.605594635009766
    ],
    [
      78.4317626953125,
      72.45431518554688,
      70.69227600097656,
      68.96476745605469,
      72.04522705078125,
      76.04232025146484,
      77.62987518310547,
      77.70132446289062,
      81.56657409667969,
      79.06439971923828,
      92.44023132324219,
      91.72307586669922,
      118.33454895019531,
      113.22856140136719,
      100.60452270507812,
      93.6455078125,
      59.628318786621094,
      48.03908920288086
    ],
    [
      92.04886627197266,
      96.9713134765625,
      77.46636199951172,
      75.27278137207031,
      73.83125305175781,
      78.96829986572266,
      73.2601547241211,
      76.19189453125,
      78.75778198242188,
      77.6116714477539,
      91.40560913085938,
      91.6734390258789,
      113.22856140136719,
      152.90367126464844,
      123.11576843261719,
      111.8317642211914,
      67.52328491210938,
      53.18411636352539
    ],
    [
      74.97344207763672,
      76.08065795898438,
      68.1685791015625,
      65.03453826904297,
      60.31990432739258,
      62.367515563964844,
      63.65962600708008,
      62.98274612426758,
      66.54656219482422,
      62.750213623046875,
      76.7217788696289,
      75.20269012451172,
      100.60452270507812,
      123.11576843261719,
      113.04600524902344,
      101.400390625,
      69.20664978027344,
      53.281097412109375
    ],
    [
      76.98631286621094,
      77.34015655517578,
      67.08641815185547,
      64.84481811523438,
      56.934852600097656,
      60.25594711303711,
      57.20193099975586,
      57.724491119384766,
      61.140037536621094,
      58.717620849609375,
      74.0033187866211,
      73.70960235595703,
      93.6455078125,
      111.8317642211914,
      101.400390625,
      93.5602035522461,
      62.824317932128906,
      50.567745208740234
    ],
    [
      48.92704391479492,
      46.868717193603516,
      44.48348617553711,
      41.232765197753906,
      34.19389343261719,
      34.97090148925781,
      34.8283576965332,
      33.166526794433594,
      36.86368942260742,
      33.29978561401367,
      43.96216583251953,
      42.881954193115234,
      59.628318786621094,
      67.52328491210938,
      69.20664978027344,
      62.824317932128906,
      52.50312042236328,
      42.0769157409668
    ],
    [
      44.237735748291016,
      42.46501159667969,
      37.54676818847656,
      35.16705322265625,
      27.84370994567871,
      29.85249900817871,
      25.6370849609375,
      25.575410842895508,
      28.459373474121094,
      26.648191452026367,
      37.32476043701172,
      37.605594635009766,
      48.03908920288086,
      53.18411636352539,
      53.281097412109375,
      50.567745208740234,
      42.0769157409668,
      36.35460662841797
    ]
  ],
  "covariance_short": [
    [
      194.97360229492188,
      182.47784423828125,
      122.20667266845703,
      118.23294067382812,
      80.82440185546875,
      83.54747009277344,
      51.86166000366211,
      53.5515251159668,
      54.88713455200195,
      53.9315185546875,
      72.37970733642578,
      75.5073013305664,
      97.21163940429688,
      94.70826721191406,
      74.50300598144531,
      73.29064178466797,
      40.53123092651367,
      36.075191497802734
    ],
    [
      182.47784423828125,
      209.0448455810547,
      120.89887237548828,
      119.50885009765625,
      81.58097076416016,
      84.67156219482422,
      52.690330505371094,
      55.01235580444336,
      55.79867172241211,
      55.878990173339844,
      72.58112335205078,
      75.96343994140625,
      120.79779052734375,
      114.77476501464844,
      85.8902359008789,
      81.77200317382812,
      43.93448257446289,
      37.3708381652832
    ],
    [
      122.20667266845703,
      120.89887237548828,
      120.77650451660156,
      107.2015609741211,
      72.5658950805664,
      72.33280181884766,
      46.093971252441406,
      47.134437561035156,
      47.94304656982422,
      45.683712005615234,
      62.347068786621094,
      63.15559387207031,
      82.73595428466797,
      78.9496078491211,
      71.14102172851562,
      67.73455810546875,
      41.328704833984375,
      34.33451461791992
    ],
    [
      118.23294067382812,
      119.50885009765625,
      107.2015609741211,
      113.29341888427734,
      71.76789855957031,
      72.43416595458984,
      46.698760986328125,
      48.27051544189453,
      48.867347717285156,
      47.55704116821289,
      63.35422897338867,
      64.90971374511719,
      81.06946563720703,
      78.89486694335938,
      67.76780700683594,
      66.36598205566406,
      37.71478271484375,
      32.46317672729492
    ],
    [
      80.82440185546875,
      81.58097076416016,
      72.5658950805664,
      71.76789855957031,
      84.48728942871094,
      76.8165054321289,
      59.97797775268555,
      63.59278106689453,
      59.66852951049805,
      58.28874206542969,
      68.39900970458984,
      68.9124526977539,
      82.8649673461914,
      79.60186004638672,
      64.00724792480469,
      60.93596267700195,
      32.93886184692383,
      27.799135208129883
    ],
    [
      83.54747009277344,
      84.67156219482422,
      72.33280181884766,
      72.43416595458984,
      76.8165054321289,
      86.3342514038086,
      59.56352615356445,
      65.16854858398438,
      60.7449951171875,
      59.50895690917969,
      70.3707504272461,
      72.08123016357422,
      83.63182830810547,
      81.16387176513672,
      63.998191833496094,
      61.57320022583008,
      32.754154205322266,
      28.408187866210938
    ],
    [
      51.86166000366211,
      52.690330505371094,
      46.093971252441406,
      46.698760986328125,
      59.97797775268555,
      59.56352615356445,
      78.69902801513672,
      69.6652603149414,
      69.50743865966797,
      67.95079803466797,
      67.06071472167969,
      67.467041015625,
      80.87346649169922,
      76.78665161132812,
      63.48589324951172,
      58.79172134399414,
      31.523775100708008,
      25.075084686279297
    ],
    [
      53.5515251159668,
      55.01235580444336,
      47.134437561035156,
      48.27051544189453,
      63.59278106689453,
      65.16854858398438,
      69.6652603149414,
      78.06208038330078,
      67.40692901611328,
      66.90287017822266,
      66.90150451660156,
      67.89676666259766,
      82.67901611328125,
      79.13829803466797,
      62.450252532958984,
      58.32625961303711,
      29.750259399414062,
      24.31083106994629
    ],
    [
      54.88713455200195,
      55.79867172241211,
      47.94304656982422,
      48.867347717285156,
      59.66852951049805,
      60.7449951171875,
      69.50743865966797,
      67.40692901611328,
      83.48509216308594,
      74.75055694580078,
      75.14447784423828,
      75.05070495605469,
      85.3204116821289,
      81.19293975830078,
      67.44583892822266,
      62.891658782958984,
      34.35009765625,
      27.468366622924805
    ],
    [
      53.9315185546875,
      55.878990173339844,
      45.683712005615234,
      47.55704116821289,
      58.28874206542969,
      59.50895690917969,
      67.95079803466797,
      66.90287017822266,
      74.75055694580078,
      79.38998413085938,
      71.718017578125,
      73.2042236328125,
      82.03353118896484,
      79.37786865234375,
      62.800148010253906,
      59.5153694152832,
      30.43891143798828,
      25.34421157836914
    ],
    [
      72.37970733642578,
      72.58112335205078,
      62.347068786621094,
      63.35422897338867,
      68.39900970458984,
      70.3707504272461,
      67.06071472167969,
      66.90150451660156,
      75.14447784423828,
      71.718017578125,
      100.72241973876953,
      95.37323760986328,
      97.44889068603516,
      94.69049072265625,
      80.82524108886719,
      77.21296691894531,
      43.016448974609375,
      36.55270004272461
    ],
    [
      75.5073013305664,
      75.96343994140625,
      63.15559387207031,
      64.90971374511719,
      68.9124526977539,
      72.08123016357422,
      67.467041015625,
      67.89676666259766,
      75.05070495605469,
      73.2042236328125,
      95.37323760986328,
      99.80216979980469,
      96.6074447631836,
      95.10662078857422,
      78.45043182373047,
      76.08499145507812,
      40.80836868286133,
      35.873992919921875
    ],
    [
      97.21163940429688,
      120.79779052734375,
      82.73595428466797,
      81.06946563720703,
      82.8649673461914,
      83.63182830810547,
      80.87346649169922,
      82.67901611328125,
      85.3204116821289,
      82.03353118896484,
      97.44889068603516,
      96.6074447631836,
      179.80409240722656,
      164.9839630126953,
      132.93441772460938,
      118.60230255126953,
      66.97110748291016,
      51.75078582763672
    ],
    [
      94.70826721191406,
      114.77476501464844,
      78.9496078491211,
      78.89486694335938,
      79.60186004638672,
      81.16387176513672,
      76.78665161132812,
      79.13829803466797,
      81.19293975830078,
      79.37786865234375,
      94.69049072265625,
      95.10662078857422,
      164.9839630126953,
      155.3813018798828,
      122.34739685058594,
      111.56121826171875,
      61.4329948425293,
      49.41023635864258
    ],
    [
      74.50300598144531,
      85.8902359008789,
      71.14102172851562,
      67.76780700683594,
      64.00724792480469,
      63.998191833496094,
      63.48589324951172,
      62.450252532958984,
      67.44583892822266,
      62.800148010253906,
      80.82524108886719,
      78.45043182373047,
      132.93441772460938,
      122.34739685058594,
      114.14415740966797,
      101.81663513183594,
      64.81700897216797,
      50.29693603515625
    ],
    [
      73.29064178466797,
      81.77200317382812,
      67.73455810546875,
      66.36598205566406,
      60.93596267700195,
      61.57320022583008,
      58.79172134399414,
      58.32625961303711,
      62.891658782958984,
      59.5153694152832,
      77.21296691894531,
      76.08499145507812,
      118.60230255126953,
      111.56121826171875,
      101.81663513183594,
      94.0328369140625,
      57.79194641113281,
      46.96427536010742
    ],
    [
      40.53123092651367,
      43.93448257446289,
      41.328704833984375,
      37.71478271484375,
      32.93886184692383,
      32.754154205322266,
      31.523775100708008,
      29.750259399414062,
      34.35009765625,
      30.43891143798828,
      43.016448974609375,
      40.80836868286133,
      66.97110748291016,
      61.4329948425293,
      64.81700897216797,
      57.79194641113281,
      46.676483154296875,
      36.90117263793945
    ],
    [
      36.075191497802734,
      37.3708381652832,
      34.33451461791992,
      32.46317672729492,
      27.799135208129883,
      28.408187866210938,
      25.075084686279297,
      24.31083106994629,
      27.468366622924805,
      25.34421157836914,
      36.55270004272461,
      35.873992919921875,
      51.75078582763672,
      49.41023635864258,
      50.29693603515625,
      46.96427536010742,
      36.90117263793945,
      31.620594024658203
    ]
  ],
  "damage": -13.416061401367188,
  "diff_bandwidth": 740.0136108398438,
  "dissonance": 8.454263274872238,
  "drr": 1.2179388999938965,
  "dynamics": 6.285290241241455,
  "format": 1245190,
  "frames": 2533376,
  "loudness": -19.179821014404297,
  "loudness_range": 21.646366119384766,
  "loudness_range_short": 22.092575073242188,
  "lowpass_true_peak_15khz": -0.13783569633960724,
  "mastering3_acoustic_entropies": [
    {
      "acoustic_entropy": 4.951181411743164,
      "acoustic_entropy_mono": 4.560446262359619,
      "band_eliminated_acoustic_entropies": [
        {
          "acoustic_entropy": 4.953099727630615,
          "acoustic_entropy_side": 4.951109409332275,
          "hz": 129.47220167065723
        },
        {
          "acoustic_entropy": 4.7869768142700195,
          "acoustic_entropy_side": 4.915241718292236,
          "hz": 202.92927478742237
        },
        {
          "acoustic_entropy": 4.498315811157227,
          "acoustic_entropy_side": 4.912753105163574,
          "hz": 282.89161906338205
        },
        {
          "acoustic_entropy": 4.984807014465332,
          "acoustic_entropy_side": 4.971006393432617,
          "hz": 369.9353335868758
        },
        {
          "acoustic_entropy": 4.941277027130127,
          "acoustic_entropy_side": 4.964234352111816,
          "hz": 464.6875360973435
        },
        {
          "acoustic_entropy": 4.746574878692627,
          "acoustic_entropy_side": 4.854389190673828,
          "hz": 567.8308811364784
        },
        {
          "acoustic_entropy": 4.890021324157715,
          "acoustic_entropy_side": 5.037969589233398,
          "hz": 680.1084783214808
        },
        {
          "acoustic_entropy": 5.343506336212158,
          "acoustic_entropy_side": 5.1503376960754395,
          "hz": 802.3292461747484
        },
        {
          "acoustic_entropy": 5.134441375732422,
          "acoustic_entropy_side": 5.013174533843994,
          "hz": 935.3737400823702
        },
        {
          "acoustic_entropy": 4.993990898132324,
          "acoustic_entropy_side": 4.775197505950928,
          "hz": 1080.2004963696966
        },
        {
          "acoustic_entropy": 4.562787055969238,
          "acoustic_entropy_side": 4.6462249755859375,
          "hz": 1237.8529382007157
        },
        {
          "acoustic_entropy": 5.427340030670166,
          "acoustic_entropy_side": 4.951120376586914,
          "hz": 1409.4668930556702
        },
        {
          "acoustic_entropy": 4.507368564605713,
          "acoustic_entropy_side": 4.875977993011475,
          "hz": 1596.2787759475705
        },
        {
          "acoustic_entropy": 4.932121276855469,
          "acoustic_entropy_side": 5.2572340965271,
          "hz": 1799.6344973346393
        },
        {
          "acoustic_entropy": 5.199686527252197,
          "acoustic_entropy_side": 4.94345235824585,
          "hz": 2020.9991599069049
        },
        {
          "acoustic_entropy": 4.507501602172852,
          "acoustic_entropy_side": 4.601470470428467,
          "hz": 2261.9676141086993
        },
        {
          "acoustic_entropy": 4.543680667877197,
          "acoustic_entropy_side": 4.756564140319824,
          "hz": 2524.2759484456974
        },
        {
          "acoustic_entropy": 4.896055221557617,
          "acoustic_entropy_side": 4.980357646942139,
          "hz": 2809.813997359896
        },
        {
          "acoustic_entropy": 5.026636123657227,
          "acoustic_entropy_side": 4.947170257568359,
          "hz": 3120.6389567871424
        },
        {
          "acoustic_entropy": 4.832772254943848,
          "acoustic_entropy_side": 4.879305839538574,
          "hz": 3458.990205492291
        },
        {
          "acoustic_entropy": 4.780029296875,
          "acoustic_entropy_side": 4.936339855194092,
          "hz": 3827.305438964164
        },
        {
          "acoustic_entropy": 4.947137355804443,
          "acoustic_entropy_side": 4.9426655769348145,
          "hz": 4228.238232109126
        },
        {
          "acoustic_entropy": 4.934996128082275,
          "acoustic_entropy_side": 4.9402642250061035,
          "hz": 4664.6771572759235
        },
        {
          "acoustic_entropy": 4.940489768981934,
          "acoustic_entropy_side": 4.942211151123047,
          "hz": 5139.766595350093
        },
        {
          "acoustic_entropy": 4.924590587615967,
          "acoustic_entropy_side": 4.951004505157471,
          "hz": 5656.929389854203
        },
        {
          "acoustic_entropy": 4.936633586883545,
          "acoustic_entropy_side": 4.947171211242676,
          "hz": 6219.891507268283
        },
        {
          "acoustic_entropy": 4.905561923980713,
          "acoustic_entropy_side": 4.956371784210205,
          "hz": 6832.70888123896
        },
        {
          "acoustic_entropy": 4.931604862213135,
          "acoustic_entropy_side": 4.950997829437256,
          "hz": 7499.796634079867
        },
        {
          "acoustic_entropy": 4.92528772354126,
          "acoustic_entropy_side": 4.953929424285889,
          "hz": 8225.96088609342
        },
        {
          "acoustic_entropy": 4.935227870941162,
          "acoustic_entropy_side": 4.955192565917969,
          "hz": 9016.43338188839
        },
        {
          "acoustic_entropy": 4.945116996765137,
          "acoustic_entropy_side": 4.956874370574951,
          "hz": 9876.909183162974
        },
        {
          "acoustic_entropy": 4.979549884796143,
          "acoustic_entropy_side": 4.963897228240967,
          "hz": 10813.587699516042
        },
        {
          "acoustic_entropy": 4.989311218261719,
          "acoustic_entropy_side": 4.963890552520752,
          "hz": 11833.21735289826
        },
        {
          "acoustic_entropy": 4.997703552246094,
          "acoustic_entropy_side": 4.97160005569458,
          "hz": 12943.144197493959
        },
        {
          "acoustic_entropy": 5.0004658699035645,
          "acoustic_entropy_side": 4.977267265319824,
          "hz": 14151.364845322005
        },
        {
          "acoustic_entropy": 4.992727756500244,
          "acoustic_entropy_side": 4.971989154815674,
          "hz": 15466.58407886509
        },
        {
          "acoustic_entropy": 4.986943244934082,
          "acoustic_entropy_side": 4.960981369018555,
          "hz": 16898.27756580493
        },
        {
          "acoustic_entropy": 4.969882011413574,
          "acoustic_entropy_side": 4.953624725341797,
          "hz": 18456.760127700032
        },
        {
          "acoustic_entropy": 4.954197883605957,
          "acoustic_entropy_side": 4.95177698135376,
          "hz": 20153.260054456492
        },
        {
          "acoustic_entropy": 4.951352596282959,
          "acoustic_entropy_side": 4.9512128829956055,
          "hz": 22000.00000000001
        }
      ],
      "diff_acoustic_entropy": 2.9614951610565186,
      "sn": 6
    },
    {
      "acoustic_entropy": 8.861454963684082,
      "acoustic_entropy_mono": 9.10814094543457,
      "band_eliminated_acoustic_entropies": [
        {
          "acoustic_entropy": 8.869401931762695,
          "acoustic_entropy_side": 8.867114067077637,
          "hz": 129.47220167065723
        },
        {
          "acoustic_entropy": 8.857038497924805,
          "acoustic_entropy_side": 8.775114059448242,
          "hz": 202.92927478742237
        },
        {
          "acoustic_entropy": 8.911311149597168,
          "acoustic_entropy_side": 8.851505279541016,
          "hz": 282.89161906338205
        },
        {
          "acoustic_entropy": 9.001229286193848,
          "acoustic_entropy_side": 8.794618606567383,
          "hz": 369.9353335868758
        },
        {
          "acoustic_entropy": 8.91460132598877,
          "acoustic_entropy_side": 9.000971794128418,
          "hz": 464.6875360973435
        },
        {
          "acoustic_entropy": 8.915084838867188,
          "acoustic_entropy_side": 8.90740966796875,
          "hz": 567.8308811364784
        },
        {
          "acoustic_entropy": 8.913252830505371,
          "acoustic_entropy_side": 8.97721004486084,
          "hz": 680.1084783214808
        },
        {
          "acoustic_entropy": 9.048296928405762,
          "acoustic_entropy_side": 9.11186695098877,
          "hz": 802.3292461747484
        },
        {
          "acoustic_entropy": 8.310830116271973,
          "acoustic_entropy_side": 8.930402755737305,
          "hz": 935.3737400823702
        },
        {
          "acoustic_entropy": 9.519649505615234,
          "acoustic_entropy_side": 8.816863059997559,
          "hz": 1080.2004963696966
        },
        {
          "acoustic_entropy": 9.140466690063477,
          "acoustic_entropy_side": 9.048115730285645,
          "hz": 1237.8529382007157
        },
        {
          "acoustic_entropy": 8.723808288574219,
          "acoustic_entropy_side": 8.571521759033203,
          "hz": 1409.4668930556702
        },
        {
          "acoustic_entropy": 8.474080085754395,
          "acoustic_entropy_side": 8.745072364807129,
          "hz": 1596.2787759475705
        },
        {
          "acoustic_entropy": 8.82376480102539,
          "acoustic_entropy_side": 8.705458641052246,
          "hz": 1799.6344973346393
        },
        {
          "acoustic_entropy": 9.076355934143066,
          "acoustic_entropy_side": 8.638026237487793,
          "hz": 2020.9991599069049
        },
        {
          "acoustic_entropy": 8.997230529785156,
          "acoustic_entropy_side": 8.936549186706543,
          "hz": 2261.9676141086993
        },
        {
          "acoustic_entropy": 9.126503944396973,
          "acoustic_entropy_side": 8.765679359436035,
          "hz": 2524.2759484456974
        },
        {
          "acoustic_entropy": 8.914800643920898,
          "acoustic_entropy_side": 8.761916160583496,
          "hz": 2809.813997359896
        },
        {
          "acoustic_entropy": 8.639013290405273,
          "acoustic_entropy_side": 8.7056303024292,
          "hz": 3120.6389567871424
        },
        {
          "acoustic_entropy": 9.074722290039062,
          "acoustic_entropy_side": 9.072380065917969,
          "hz": 3458.990205492291
        },
        {
          "acoustic_entropy": 8.87673568725586,
          "acoustic_entropy_side": 8.856870651245117,
          "hz": 3827.305438964164
        },
        {
          "acoustic_entropy": 8.86772632598877,
          "acoustic_entropy_side": 8.853432655334473,
          "hz": 4228.238232109126
        },
        {
          "acoustic_entropy": 8.751477241516113,
          "acoustic_entropy_side": 8.762145042419434,
          "hz": 4664.6771572759235
        },
        {
          "acoustic_entropy": 8.799163818359375,
          "acoustic_entropy_side": 8.833046913146973,
          "hz": 5139.766595350093
        },
        {
          "acoustic_entropy": 8.785914421081543,
          "acoustic_entropy_side": 8.811853408813477,
          "hz": 5656.929389854203
        },
        {
          "acoustic_entropy": 8.747549057006836,
          "acoustic_entropy_side": 8.812137603759766,
          "hz": 6219.891507268283
        },
        {
          "acoustic_entropy": 8.752362251281738,
          "acoustic_entropy_side": 8.816582679748535,
          "hz": 6832.70888123896
        },
        {
          "acoustic_entropy": 8.8092679977417,
          "acoustic_entropy_side": 8.84483814239502,
          "hz": 7499.796634079867
        },
        {
          "acoustic_entropy": 8.835530281066895,
          "acoustic_entropy_side": 8.85312557220459,
          "hz": 8225.96088609342
        },
        {
          "acoustic_entropy": 8.844451904296875,
          "acoustic_entropy_side": 8.856446266174316,
          "hz": 9016.43338188839
        },
        {
          "acoustic_entropy": 8.849853515625,
          "acoustic_entropy_side": 8.856523513793945,
          "hz": 9876.909183162974
        },
        {
          "acoustic_entropy": 8.78966236114502,
          "acoustic_entropy_side": 8.83517837524414,
          "hz": 10813.587699516042
        },
        {
          "acoustic_entropy": 8.813950538635254,
          "acoustic_entropy_side": 8.835946083068848,
          "hz": 11833.21735289826
        },
        {
          "acoustic_entropy": 8.97048568725586,
          "acoustic_entropy_side": 8.8284330368042,
          "hz": 12943.144197493959
        },
        {
          "acoustic_entropy": 9.039271354675293,
          "acoustic_entropy_side": 8.840664863586426,
          "hz": 14151.364845322005
        },
        {
          "acoustic_entropy": 9.030179977416992,
          "acoustic_entropy_side": 8.83630657196045,
          "hz": 15466.58407886509
        },
        {
          "acoustic_entropy": 8.915727615356445,
          "acoustic_entropy_side": 8.829910278320312,
          "hz": 16898.27756580493
        },
        {
          "acoustic_entropy": 8.838667869567871,
          "acoustic_entropy_side": 8.848275184631348,
          "hz": 18456.760127700032
        },
        {
          "acoustic_entropy": 8.843981742858887,
          "acoustic_entropy_side": 8.857605934143066,
          "hz": 20153.260054456492
        },
        {
          "acoustic_entropy": 8.86025333404541,
          "acoustic_entropy_side": 8.861215591430664,
          "hz": 22000.00000000001
        }
      ],
      "diff_acoustic_entropy": 4.819120407104492,
      "sn": 12
    },
    {
      "acoustic_entropy": 14.951569557189941,
      "acoustic_entropy_mono": 14.745807647705078,
      "band_eliminated_acoustic_entropies": [
        {
          "acoustic_entropy": 15.263432502746582,
          "acoustic_entropy_side": 14.962013244628906,
          "hz": 129.47220167065723
        },
        {
          "acoustic_entropy": 14.56851577758789,
          "acoustic_entropy_side": 15.110309600830078,
          "hz": 202.92927478742237
        },
        {
          "acoustic_entropy": 15.052098274230957,
          "acoustic_entropy_side": 14.90819263458252,
          "hz": 282.89161906338205
        },
        {
          "acoustic_entropy": 15.111577987670898,
          "acoustic_entropy_side": 15.06049633026123,
          "hz": 369.9353335868758
        },
        {
          "acoustic_entropy": 15.001660346984863,
          "acoustic_entropy_side": 14.738250732421875,
          "hz": 464.6875360973435
        },
        {
          "acoustic_entropy": 14.94064998626709,
          "acoustic_entropy_side": 15.04692268371582,
          "hz": 567.8308811364784
        },
        {
          "acoustic_entropy": 13.982848167419434,
          "acoustic_entropy_side": 14.401293754577637,
          "hz": 680.1084783214808
        },
        {
          "acoustic_entropy": 14.312334060668945,
          "acoustic_entropy_side": 14.162677764892578,
          "hz": 802.3292461747484
        },
        {
          "acoustic_entropy": 13.901815414428711,
          "acoustic_entropy_side": 14.440510749816895,
          "hz": 935.3737400823702
        },
        {
          "acoustic_entropy": 14.918014526367188,
          "acoustic_entropy_side": 15.03424072265625,
          "hz": 1080.2004963696966
        },
        {
          "acoustic_entropy": 14.692376136779785,
          "acoustic_entropy_side": 14.213325500488281,
          "hz": 1237.8529382007157
        },
        {
          "acoustic_entropy": 14.895160675048828,
          "acoustic_entropy_side": 14.943471908569336,
          "hz": 1409.4668930556702
        },
        {
          "acoustic_entropy": 13.623966217041016,
          "acoustic_entropy_side": 15.073031425476074,
          "hz": 1596.2787759475705
        },
        {
          "acoustic_entropy": 14.344313621520996,
          "acoustic_entropy_side": 14.93905258178711,
          "hz": 1799.6344973346393
        },
        {
          "acoustic_entropy": 14.642563819885254,
          "acoustic_entropy_side": 15.353487968444824,
          "hz": 2020.9991599069049
        },
        {
          "acoustic_entropy": 14.452092170715332,
          "acoustic_entropy_side": 14.733846664428711,
          "hz": 2261.9676141086993
        },
        {
          "acoustic_entropy": 15.553632736206055,
          "acoustic_entropy_side": 15.493914604187012,
          "hz": 2524.2759484456974
        },
        {
          "acoustic_entropy": 15.038676261901855,
          "acoustic_entropy_side": 14.995983123779297,
          "hz": 2809.813997359896
        },
        {
          "acoustic_entropy": 15.310437202453613,
          "acoustic_entropy_side": 15.155714988708496,
          "hz": 3120.6389567871424
        },
        {
          "acoustic_entropy": 14.880579948425293,
          "acoustic_entropy_side": 15.019872665405273,
          "hz": 3458.990205492291
        },
        {
          "acoustic_entropy": 14.866551399230957,
          "acoustic_entropy_side": 14.935185432434082,
