{
  "acoustic_entropy": 208.13543701171875,
  "bands": [
    {
      "high_freq": 148.1999969482422,
      "loudness": -24.814287185668945,
      "loudness_range": 14.510856628417969,
      "mid_mean": -21.272953033447266,
      "mid_to_side_loudness": -17.920793533325195,
      "mid_to_side_loudness_range": 17.93299102783203,
      "side_mean": -39.18641662597656
    },
    {
      "high_freq": 392.3793640136719,
      "loudness": -21.775941848754883,
      "loudness_range": 12.32632064819336,
      "low_freq": 148.1999969482422,
      "mid_mean": -18.829456329345703,
      "mid_to_side_loudness": -8.051026344299316,
      "mid_to_side_loudness_range": 9.359258651733398,
      "side_mean": -26.984363555908203
    },
    {
      "high_freq": 794.6976318359375,
      "loudness": -20.13136100769043,
      "loudness_range": 13.18472957611084,
      "low_freq": 392.3793640136719,
      "mid_mean": -17.537139892578125,
      "mid_to_side_loudness": -6.696106910705566,
      "mid_to_side_loudness_range": 11.543961524963379,
      "side_mean": -24.341222763061523
    },
    {
      "high_freq": 1457.5709228515625,
      "loudness": -24.65230369567871,
      "loudness_range": 17.092571258544922,
      "low_freq": 794.6976318359375,
      "mid_mean": -21.949203491210938,
      "mid_to_side_loudness": -6.816831111907959,
      "mid_to_side_loudness_range": 10.53472900390625,
      "side_mean": -28.921409606933594
    },
    {
      "high_freq": 2549.74365234375,
      "loudness": -26.210811614990234,
      "loudness_range": 18.248897552490234,
      "low_freq": 1457.5709228515625,
      "mid_mean": -23.56551742553711,
      "mid_to_side_loudness": -6.557429313659668,
      "mid_to_side_loudness_range": 9.43458366394043,
      "side_mean": -30.216432571411133
    },
    {
      "high_freq": 4349.24462890625,
      "loudness": -27.79825782775879,
      "loudness_range": 20.415464401245117,
      "low_freq": 2549.74365234375,
      "mid_mean": -25.00655174255371,
      "mid_to_side_loudness": -7.2074761390686035,
      "mid_to_side_loudness_range": 9.162267684936523,
      "side_mean": -32.31812286376953
    },
    {
      "high_freq": 7314.1640625,
      "loudness": -33.439945220947266,
      "loudness_range": 23.52606964111328,
      "low_freq": 4349.24462890625,
      "mid_mean": -30.611038208007812,
      "mid_to_side_loudness": -7.887887001037598,
      "mid_to_side_loudness_range": 10.813214302062988,
      "side_mean": -38.76693344116211
    },
    {
      "high_freq": 12199.2666015625,
      "loudness": -35.023094177246094,
      "loudness_range": 18.319313049316406,
      "low_freq": 7314.1640625,
      "mid_mean": -32.36771011352539,
      "mid_to_side_loudness": -8.143889427185059,
      "mid_to_side_loudness_range": 15.784465789794922,
      "side_mean": -41.96196746826172
    },
    {
      "loudness": -41.367977142333984,
      "loudness_range": 20.384876251220703,
      "low_freq": 12199.2666015625,
      "mid_mean": -38.9631233215332,
      "mid_to_side_loudness": -7.460561752319336,
      "mid_to_side_loudness_range": 15.369268417358398,
      "side_mean": -50.43977737426758
    }
  ],
  "bands_short": [
    {
      "high_freq": 148.1999969482422,
      "loudness": -27.0379638671875,
      "loudness_range": 16.80985450744629,
      "mid_mean": -23.54302978515625,
      "mid_to_side_loudness": -19.124542236328125,
      "mid_to_side_loudness_range": 24.370527267456055,
      "side_mean": -42.926124572753906
    },
    {
      "high_freq": 392.3793640136719,
      "loudness": -21.799419403076172,
      "loudness_range": 13.761415481567383,
      "low_freq": 148.1999969482422,
      "mid_mean": -18.83417320251465,
      "mid_to_side_loudness": -8.642616271972656,
      "mid_to_side_loudness_range": 12.130441665649414,
      "side_mean": -27.5966739654541
    },
    {
      "high_freq": 794.6976318359375,
      "loudness": -21.053245544433594,
      "loudness_range": 14.58080005645752,
      "low_freq": 392.3793640136719,
      "mid_mean": -18.641698837280273,
      "mid_to_side_loudness": -6.3866777420043945,
      "mid_to_side_loudness_range": 14.003925323486328,
      "side_mean": -25.120580673217773
    },
    {
      "high_freq": 1457.5709228515625,
      "loudness": -24.343046188354492,
      "loudness_range": 18.640932083129883,
      "low_freq": 794.6976318359375,
      "mid_mean": -21.766799926757812,
      "mid_to_side_loudness": -6.732508659362793,
      "mid_to_side_loudness_range": 13.036426544189453,
      "side_mean": -28.657238006591797
    },
    {
      "high_freq": 2549.74365234375,
      "loudness": -26.770484924316406,
      "loudness_range": 19.859603881835938,
      "low_freq": 1457.5709228515625,
      "mid_mean": -24.218990325927734,
      "mid_to_side_loudness": -6.33917760848999,
      "mid_to_side_loudness_range": 11.239822387695312,
      "side_mean": -30.69121551513672
    },
    {
      "high_freq": 4349.24462890625,
      "loudness": -28.27191162109375,
      "loudness_range": 21.69328498840332,
      "low_freq": 2549.74365234375,
      "mid_mean": -25.546043395996094,
      "mid_to_side_loudness": -7.077057361602783,
      "mid_to_side_loudness_range": 10.749004364013672,
      "side_mean": -32.819793701171875
    },
    {
      "high_freq": 7314.1640625,
      "loudness": -34.2120361328125,
      "loudness_range": 25.408716201782227,
      "low_freq": 4349.24462890625,
      "mid_mean": -31.45880699157715,
      "mid_to_side_loudness": -7.739515781402588,
      "mid_to_side_loudness_range": 11.850492477416992,
      "side_mean": -39.54708480834961
    },
    {
      "high_freq": 12199.2666015625,
      "loudness": -36.344547271728516,
      "loudness_range": 22.299610137939453,
      "low_freq": 7314.1640625,
      "mid_mean": -33.72109603881836,
      "mid_to_side_loudness": -8.236445426940918,
      "mid_to_side_loudness_range": 16.791244506835938,
      "side_mean": -44.292236328125
    },
    {
      "loudness": -44.615943908691406,
      "loudness_range": 26.66425895690918,
      "low_freq": 12199.2666015625,
      "mid_mean": -43.445411682128906,
      "mid_to_side_loudness": -7.860551357269287,
      "mid_to_side_loudness_range": 17.06788444519043,
      "side_mean": -54.01919937133789
    }
  ],
  "bandwidth": 693.9063110351562,
  "channels": 2,
  "covariance": [
    [
      31.502601623535156,
      17.20380973815918,
      17.161834716796875,
      13.526923179626465,
      14.07400131225586,
      10.760473251342773,
      14.515742301940918,
      11.154701232910156,
      19.073291778564453,
      15.410053253173828,
      22.0701904296875,
      19.454984664916992,
      22.114578247070312,
      23.686542510986328,
      9.090765953063965,
      19.87814712524414,
      8.056570053100586,
      35.334205627441406
    ],
    [
      17.20380973815918,
      41.477294921875,
      13.8114652633667,
      17.12797737121582,
      14.762372970581055,
      13.685729026794434,
      19.656497955322266,
      17.637577056884766,
      23.73056411743164,
      21.83632469177246,
      27.88927459716797,
      28.819374084472656,
      23.545246124267578,
      31.966522216796875,
      14.811503410339355,
      29.379568099975586,
      12.59765911102295,
      39.93789291381836
    ],
    [
      17.161834716796875,
      13.8114652633667,
      24.71739959716797,
      17.249393463134766,
      17.57801628112793,
      11.05435562133789,
      18.800649642944336,
      13.911684036254883,
      23.9547176361084,
      18.398435592651367,
      27.730703353881836,
      23.884729385375977,
      27.10045623779297,
      28.348609924316406,
      18.102237701416016,
      26.51511001586914,
      17.452062606811523,
      40.981998443603516
    ],
    [
      13.526923179626465,
      17.12797737121582,
      17.249393463134766,
      20.512868881225586,
      14.775233268737793,
      12.757708549499512,
      17.847200393676758,
      15.837215423583984,
      22.57758140563965,
      19.903173446655273,
      24.56048583984375,
      23.820995330810547,
      21.460987091064453,
      26.00916862487793,
      14.953683853149414,
      25.1656551361084,
      14.07568359375,
      35.34128189086914
    ],
    [
      14.07400131225586,
      14.762372970581055,
      17.57801628112793,
      14.775233268737793,
      27.95532989501953,
      14.252246856689453,
      27.392126083374023,
      16.97804069519043,
      28.676952362060547,
      21.405466079711914,
      31.853595733642578,
      26.61124610900879,
      28.008777618408203,
      28.77500343322754,
      19.16681671142578,
      26.949047088623047,
      17.62401008605957,
      40.211509704589844
    ],
    [
      10.760473251342773,
      13.685729026794434,
      11.05435562133789,
      12.757708549499512,
      14.252246856689453,
      17.597774505615234,
      16.92560577392578,
      15.868268966674805,
      19.451223373413086,
      18.811012268066406,
      20.413827896118164,
      21.66249656677246,
      15.926457405090332,
      20.278961181640625,
      10.936787605285645,
      19.19161605834961,
      9.787313461303711,
      28.148487091064453
    ],
    [
      14.515742301940918,
      19.656497955322266,
      18.800649642944336,
      17.847200393676758,
      27.392126083374023,
      16.92560577392578,
      39.58371353149414,
      24.667360305786133,
      33.874603271484375,
      27.206222534179688,
      37.250003814697266,
      33.92264175415039,
      32.25918197631836,
      36.043128967285156,
      22.426719665527344,
      34.268951416015625,
      21.16851234436035,
      47.40121841430664
    ],
    [
      11.154701232910156,
      17.637577056884766,
      13.911684036254883,
      15.837215423583984,
      16.97804069519043,
      15.868268966674805,
      24.667360305786133,
      24.225521087646484,
      24.83607292175293,
      24.072410583496094,
      26.720781326293945,
      28.37237548828125,
      21.67329978942871,
      28.07532501220703,
      15.826422691345215,
      26.751220703125,
      15.78332805633545,
      37.04095458984375
    ],
    [
      19.073291778564453,
      23.73056411743164,
      23.9547176361084,
      22.57758140563965,
      28.676952362060547,
      19.451223373413086,
      33.874603271484375,
      24.83607292175293,
      50.17753601074219,
      34.69814682006836,
      50.2909049987793,
      42.613853454589844,
      44.4466438293457,
      47.90617370605469,
      31.329130172729492,
      47.955684661865234,
      29.82340431213379,
      62.01111602783203
    ],
    [
      15.410053253173828,
      21.83632469177246,
      18.398435592651367,
      19.903173446655273,
      21.405466079711914,
      18.811012268066406,
      27.206222534179688,
      24.072410583496094,
      34.69814682006836,
      31.892498016357422,
      36.250694274902344,
      36.110809326171875,
      31.478843688964844,
      37.899559020996094,
      21.7270565032959,
      37.234466552734375,
      21.11623764038086,
      49.475379943847656
    ],
    [
      22.0701904296875,
      27.88927459716797,
      27.730703353881836,
      24.56048583984375,
      31.853595733642578,
      20.413827896118164,
      37.250003814697266,
      26.720781326293945,
      50.2909049987793,
      36.250694274902344,
      61.36309814453125,
      50.03281021118164,
      54.8428840637207,
      59.003108978271484,
      36.31971740722656,
      58.19371795654297,
      33.44659423828125,
      74.24988555908203
    ],
    [
      19.454984664916992,
      28.819374084472656,
      23.884729385375977,
      23.820995330810547,
      26.61124610900879,
      21.66249656677246,
      33.92264175415039,
      28.37237548828125,
      42.613853454589844,
      36.110809326171875,
      50.03281021118164,
      51.78376770019531,
      45.75032043457031,
      56.47075271606445,
      29.313379287719727,
      54.38080596923828,
      27.762788772583008,
      68.35594940185547
    ],
    [
      22.114578247070312,
      23.545246124267578,
      27.10045623779297,
      21.460987091064453,
      28.008777618408203,
      15.926457405090332,
      32.25918197631836,
      21.67329978942871,
      44.4466438293457,
      31.478843688964844,
      54.8428840637207,
      45.75032043457031,
      69.82209777832031,
      64.5648193359375,
      41.7440299987793,
      66.90006256103516,
      37.39945983886719,
      78.0450668334961
    ],
    [
      23.686542510986328,
      31.966522216796875,
      28.348609924316406,
      26.00916862487793,
      28.77500343322754,
      20.278961181640625,
      36.043128967285156,
      28.07532501220703,
      47.90617370605469,
      37.899559020996094,
      59.003108978271484,
      56.47075271606445,
      64.5648193359375,
      82.87675476074219,
      38.46186828613281,
      78.26660919189453,
      35.49834060668945,
      91.63165283203125
    ],
    [
      9.090765953063965,
      14.811503410339355,
      18.102237701416016,
      14.953683853149414,
      19.16681671142578,
      10.936787605285645,
      22.426719665527344,
      15.826422691345215,
      31.329130172729492,
      21.7270565032959,
      36.31971740722656,
      29.313379287719727,
      41.7440299987793,
      38.46186828613281,
      52.00282287597656,
      48.835411071777344,
      46.2041015625,
      54.948551177978516
    ],
    [
      19.87814712524414,
      29.379568099975586,
      26.51511001586914,
      25.1656551361084,
      26.949047088623047,
      19.19161605834961,
      34.268951416015625,
      26.751220703125,
      47.955684661865234,
      37.234466552734375,
      58.19371795654297,
      54.38080596923828,
      66.90006256103516,
      78.26660919189453,
      48.835411071777344,
      100.92005920410156,
      45.555999755859375,
      102.00777435302734
    ],
    [
      8.056570053100586,
      12.59765911102295,
      17.452062606811523,
      14.07568359375,
      17.62401008605957,
      9.787313461303711,
      21.16851234436035,
      15.78332805633545,
      29.82340431213379,
      21.11623764038086,
      33.44659423828125,
      27.762788772583008,
      37.39945983886719,
      35.49834060668945,
      46.2041015625,
      45.555999755859375,
      61.29850387573242,
      62.3691520690918
    ],
    [
      35.334205627441406,
      39.93789291381836,
      40.981998443603516,
      35.34128189086914,
      40.211509704589844,
      28.148487091064453,
      47.40121841430664,
      37.04095458984375,
      62.01111602783203,
      49.475379943847656,
      74.24988555908203,
      68.35594940185547,
      78.0450668334961,
      91.63165283203125,
      54.948551177978516,
      102.00777435302734,
      62.3691520690918,
      147.27542114257812
    ]
  ],
  "covariance_short": [
    [
      40.435943603515625,
      18.167848587036133,
      18.784574508666992,
      13.204561233520508,
      13.076363563537598,
      10.396154403686523,
      12.795768737792969,
      10.133824348449707,
      16.48619842529297,
      14.09528636932373,
      18.76118278503418,
      16.731403350830078,
      19.30026626586914,
      18.874345779418945,
      7.560782432556152,
      19.24437141418457,
      12.619170188903809,
      25.092817306518555
    ],
    [
      18.167848587036133,
      64.66893005371094,
      17.862133026123047,
      22.449377059936523,
      18.026222229003906,
      18.100536346435547,
      25.87515640258789,
      23.809335708618164,
      31.809547424316406,
      29.460477828979492,
      35.01677322387695,
      37.662200927734375,
      30.40467071533203,
      40.17686462402344,
      19.84083366394043,
      39.84132385253906,
      19.319904327392578,
      49.45066833496094
    ],
    [
      18.784574508666992,
      17.862133026123047,
      28.352802276611328,
      17.52610206604004,
      17.905719757080078,
      11.9854154586792,
      17.307153701782227,
      13.364107131958008,
      22.88026237487793,
      18.5584774017334,
      26.463245391845703,
      23.45633316040039,
      27.544490814208984,
      28.28548812866211,
      18.719192504882812,
      31.325408935546875,
      26.943771362304688,
      37.28624725341797
    ],
    [
      13.204561233520508,
      22.449377059936523,
      17.52610206604004,
      25.006107330322266,
      14.75376033782959,
      14.004764556884766,
      17.15916633605957,
      15.914795875549316,
      22.339277267456055,
      20.474332809448242,
      24.402629852294922,
      24.154056549072266,
      22.47642707824707,
      26.710186004638672,
      15.664790153503418,
      28.778831481933594,
      17.760360717773438,
      34.383453369140625
    ],
    [
      13.076363563537598,
      18.026222229003906,
      17.905719757080078,
      14.75376033782959,
      33.236995697021484,
      15.443767547607422,
      27.585134506225586,
      17.197509765625,
      28.983816146850586,
      22.119537353515625,
      32.413692474365234,
      26.895618438720703,
      29.406429290771484,
      28.802806854248047,
      22.381093978881836,
      31.85637092590332,
      28.001924514770508,
      36.63126754760742
    ],
    [
      10.396154403686523,
      18.100536346435547,
      11.9854154586792,
      14.004764556884766,
      15.443767547607422,
      22.64671516418457,
      17.609943389892578,
      16.972225189208984,
      20.7272891998291,
      20.546152114868164,
      21.161632537841797,
      22.892234802246094,
      17.079343795776367,
      21.258920669555664,
      12.033744812011719,
      22.18145751953125,
      13.045443534851074,
      27.29275894165039
    ],
    [
      12.795768737792969,
      25.87515640258789,
      17.307153701782227,
      17.15916633605957,
      27.585134506225586,
      17.609943389892578,
      45.86478805541992,
      25.72331428527832,
      36.50642013549805,
      28.563745498657227,
      39.84497833251953,
      35.00603103637695,
      35.54796600341797,
      36.61433029174805,
      26.152263641357422,
      39.11886978149414,
      31.522640228271484,
      44.431636810302734
    ],
    [
      10.133824348449707,
      23.809335708618164,
      13.364107131958008,
      15.914795875549316,
      17.197509765625,
      16.972225189208984,
      25.72331428527832,
      27.454946517944336,
      26.288593292236328,
      25.762178421020508,
      27.720012664794922,
      29.55105209350586,
      23.335025787353516,
      28.750904083251953,
      16.91425132751465,
      29.437288284301758,
      19.013256072998047,
      35.98858642578125
    ],
    [
      16.48619842529297,
      31.809547424316406,
      22.88026237487793,
      22.339277267456055,
      28.983816146850586,
      20.7272891998291,
      36.50642013549805,
      26.288593292236328,
      56.16606140136719,
      37.55757141113281,
      53.719573974609375,
      44.887123107910156,
      48.27890396118164,
      50.09956741333008,
      35.44736862182617,
      55.88399887084961,
      41.80143356323242,
      59.83381271362305
    ],
    [
      14.09528636932373,
      29.460477828979492,
      18.5584774017334,
      20.474332809448242,
      22.119537353515625,
      20.546152114868164,
      28.563745498657227,
      25.762178421020508,
      37.55757141113281,
      36.92792892456055,
      38.376930236816406,
      39.08489227294922,
      34.261016845703125,
      40.65871810913086,
      24.072694778442383,
      43.40842819213867,
      27.88382911682129,
      49.599571228027344
    ],
    [
      18.76118278503418,
      35.01677322387695,
      26.463245391845703,
      24.402629852294922,
      32.413692474365234,
      21.161632537841797,
      39.84497833251953,
      27.720012664794922,
      53.719573974609375,
      38.376930236816406,
      67.80839538574219,
      52.62813186645508,
      60.40628433227539,
      62.18438720703125,
      41.8798942565918,
      68.47801208496094,
      51.31571960449219,
      71.73958587646484
    ],
    [
      16.731403350830078,
      37.662200927734375,
      23.45633316040039,
      24.154056549072266,
      26.895618438720703,
      22.892234802246094,
      35.00603103637695,
      29.55105209350586,
      44.887123107910156,
      39.08489227294922,
      52.62813186645508,
      56.17164611816406,
      49.28858184814453,
      59.56420135498047,
      32.79349136352539,
      62.47672653198242,
      39.61795425415039,
      68.53189849853516
    ],
    [
      19.30026626586914,
      30.40467071533203,
      27.544490814208984,
      22.47642707824707,
      29.406429290771484,
      17.079343795776367,
      35.54796600341797,
      23.335025787353516,
      48.27890396118164,
      34.261016845703125,
      60.40628433227539,
      49.28858184814453,
      79.40032196044922,
      70.88973999023438,
      51.3449821472168,
      83.02883911132812,
      65.95283508300781,
      80.51105499267578
    ],
    [
      18.874345779418945,
      40.17686462402344,
      28.28548812866211,
      26.710186004638672,
      28.802806854248047,
      21.258920669555664,
      36.61433029174805,
      28.750904083251953,
      50.09956741333008,
      40.65871810913086,
      62.18438720703125,
      59.56420135498047,
      70.88973999023438,
      88.9976577758789,
      45.04957962036133,
      92.88732147216797,
      56.90718460083008,
      95.72977447509766
    ],
    [
      7.560782432556152,
      19.84083366394043,
      18.719192504882812,
      15.664790153503418,
      22.381093978881836,
      12.033744812011719,
      26.152263641357422,
      16.91425132751465,
      35.44736862182617,
      24.072694778442383,
      41.8798942565918,
      32.79349136352539,
      51.3449821472168,
      45.04957962036133,
      68.62889099121094,
      61.81681442260742,
      68.97820281982422,
      64.95943450927734
    ],
    [
      19.24437141418457,
      39.84132385253906,
      31.325408935546875,
      28.778831481933594,
      31.85637092590332,
      22.18145751953125,
      39.11886978149414,
      29.437288284301758,
      55.88399887084961,
      43.40842819213867,
      68.47801208496094,
      62.47672653198242,
      83.02883911132812,
      92.88732147216797,
      61.81681442260742,
      123.6248779296875,
      78.09549713134766,
      117.11337280273438
    ],
    [
      12.619170188903809,
      19.319904327392578,
      26.943771362304688,
      17.760360717773438,
      28.001924514770508,
      13.045443534851074,
      31.522640228271484,
      19.013256072998047,
      41.80143356323242,
      27.88382911682129,
      51.31571960449219,
      39.61795425415039,
      65.95283508300781,
      56.90718460083008,
      68.97820281982422,
      78.09549713134766,
      107.79408264160156,
      87.33547973632812
    ],
    [
      25.092817306518555,
      49.45066833496094,
      37.28624725341797,
      34.383453369140625,
      36.63126754760742,
      27.29275894165039,
      44.431636810302734,
      35.98858642578125,
      59.83381271362305,
      49.599571228027344,
      71.73958587646484,
      68.53189849853516,
      80.51105499267578,
      95.72977447509766,
      64.95943450927734,
      117.11337280273438,
      87.33547973632812,
      141.85235595703125
    ]
  ],
  "damage": -5.448825359344482,
  "diff_bandwidth": 730.6746826171875,
  "dissonance": 8.662909116853188,
  "drr": 5.9994215965271,
  "dynamics": 3.967480421066284,
  "format": 1245190,
  "frames": 12568576,
  "loudness": -11.258031845092773,
  "loudness_range": 11.359748840332031,
  "loudness_range_short": 12.534293174743652,
  "lowpass_true_peak_15khz": 0.11388152092695236,
  "mastering3_acoustic_entropies": [
    {
      "acoustic_entropy": 6.105586051940918,
      "acoustic_entropy_mono": 5.94403600692749,
      "band_eliminated_acoustic_entropies": [
        {
          "acoustic_entropy": 6.090493679046631,
          "acoustic_entropy_side": 6.105570316314697,
          "hz": 129.47220167065723
        },
        {
          "acoustic_entropy": 6.071663856506348,
          "acoustic_entropy_side": 6.104363441467285,
          "hz": 202.92927478742237
        },
        {
          "acoustic_entropy": 5.995630264282227,
          "acoustic_entropy_side": 6.089667320251465,
          "hz": 282.89161906338205
        },
        {
          "acoustic_entropy": 5.635434150695801,
          "acoustic_entropy_side": 6.110108375549316,
          "hz": 369.9353335868758
        },
        {
          "acoustic_entropy": 6.246248245239258,
          "acoustic_entropy_side": 6.098626613616943,
          "hz": 464.6875360973435
        },
        {
          "acoustic_entropy": 5.540510177612305,
          "acoustic_entropy_side": 5.813260555267334,
          "hz": 567.8308811364784
        },
        {
          "acoustic_entropy": 6.241745948791504,
          "acoustic_entropy_side": 6.143141746520996,
          "hz": 680.1084783214808
        },
        {
          "acoustic_entropy": 5.800356388092041,
          "acoustic_entropy_side": 6.138509273529053,
          "hz": 802.3292461747484
        },
        {
          "acoustic_entropy": 6.173962116241455,
          "acoustic_entropy_side": 5.996432304382324,
          "hz": 935.3737400823702
        },
        {
          "acoustic_entropy": 6.2073588371276855,
          "acoustic_entropy_side": 6.271919250488281,
          "hz": 1080.2004963696966
        },
        {
          "acoustic_entropy": 5.740289211273193,
          "acoustic_entropy_side": 6.170027256011963,
          "hz": 1237.8529382007157
        },
        {
          "acoustic_entropy": 6.147096157073975,
          "acoustic_entropy_side": 6.149776935577393,
          "hz": 1409.4668930556702
        },
        {
          "acoustic_entropy": 6.269167900085449,
          "acoustic_entropy_side": 6.136086463928223,
          "hz": 1596.2787759475705
        },
        {
          "acoustic_entropy": 5.806272029876709,
          "acoustic_entropy_side": 6.083343982696533,
          "hz": 1799.6344973346393
        },
        {
          "acoustic_entropy": 5.947662353515625,
          "acoustic_entropy_side": 6.12001895904541,
          "hz": 2020.9991599069049
        },
        {
          "acoustic_entropy": 6.2295684814453125,
          "acoustic_entropy_side": 6.124057769775391,
          "hz": 2261.9676141086993
        },
        {
          "acoustic_entropy": 6.121540069580078,
          "acoustic_entropy_side": 6.108902454376221,
          "hz": 2524.2759484456974
        },
        {
          "acoustic_entropy": 6.143216609954834,
          "acoustic_entropy_side": 6.119542121887207,
          "hz": 2809.813997359896
        },
        {
          "acoustic_entropy": 6.114769458770752,
          "acoustic_entropy_side": 6.096457481384277,
          "hz": 3120.6389567871424
        },
        {
          "acoustic_entropy": 6.158676624298096,
          "acoustic_entropy_side": 6.109158992767334,
          "hz": 3458.990205492291
        },
        {
          "acoustic_entropy": 6.121258735656738,
          "acoustic_entropy_side": 6.1008524894714355,
          "hz": 3827.305438964164
        },
        {
          "acoustic_entropy": 6.09560489654541,
          "acoustic_entropy_side": 6.101656436920166,
          "hz": 4228.238232109126
        },
        {
          "acoustic_entropy": 6.078312873840332,
          "acoustic_entropy_side": 6.098887920379639,
          "hz": 4664.6771572759235
        },
        {
          "acoustic_entropy": 6.108935356140137,
          "acoustic_entropy_side": 6.099059104919434,
          "hz": 5139.766595350093
        },
        {
          "acoustic_entropy": 6.0999979972839355,
          "acoustic_entropy_side": 6.101278305053711,
          "hz": 5656.929389854203
        },
        {
          "acoustic_entropy": 6.083673477172852,
          "acoustic_entropy_side": 6.102168083190918,
          "hz": 6219.891507268283
        },
        {
          "acoustic_entropy": 6.070315361022949,
          "acoustic_entropy_side": 6.101361274719238,
          "hz": 6832.70888123896
        },
        {
          "acoustic_entropy": 6.070950031280518,
          "acoustic_entropy_side": 6.1005754470825195,
          "hz": 7499.796634079867
        },
        {
          "acoustic_entropy": 6.05402946472168,
          "acoustic_entropy_side": 6.099145889282227,
          "hz": 8225.96088609342
        },
        {
          "acoustic_entropy": 6.0642900466918945,
          "acoustic_entropy_side": 6.097870349884033,
          "hz": 9016.43338188839
        },
        {
          "acoustic_entropy": 6.112112045288086,
          "acoustic_entropy_side": 6.098217010498047,
          "hz": 9876.909183162974
        },
        {
          "acoustic_entropy": 6.136295795440674,
          "acoustic_entropy_side": 6.1049981117248535,
          "hz": 10813.587699516042
        },
        {
          "acoustic_entropy": 6.130829811096191,
          "acoustic_entropy_side": 6.1006855964660645,
          "hz": 11833.21735289826
        },
        {
          "acoustic_entropy": 6.137513637542725,
          "acoustic_entropy_side": 6.1035637855529785,
          "hz": 12943.144197493959
        },
        {
          "acoustic_entropy": 6.133677959442139,
          "acoustic_entropy_side": 6.1053466796875,
          "hz": 14151.364845322005
        },
        {
          "acoustic_entropy": 6.13151216506958,
          "acoustic_entropy_side": 6.107586860656738,
          "hz": 15466.58407886509
        },
        {
          "acoustic_entropy": 6.128931045532227,
          "acoustic_entropy_side": 6.107870101928711,
          "hz": 16898.27756580493
        },
        {
          "acoustic_entropy": 6.122024059295654,
          "acoustic_entropy_side": 6.107147216796875,
          "hz": 18456.760127700032
        },
        {
          "acoustic_entropy": 6.110902309417725,
          "acoustic_entropy_side": 6.10625696182251,
          "hz": 20153.260054456492
        },
        {
          "acoustic_entropy": 6.106780529022217,
          "acoustic_entropy_side": 6.105653285980225,
          "hz": 22000.00000000001
        }
      ],
      "diff_acoustic_entropy": 4.045629024505615,
      "sn": 6
    },
    {
      "acoustic_entropy": 9.62645435333252,
      "acoustic_entropy_mono": 9.290185928344727,
      "band_eliminated_acoustic_entropies": [
        {
          "acoustic_entropy": 9.544576644897461,
          "acoustic_entropy_side": 9.627107620239258,
          "hz": 129.47220167065723
        },
        {
          "acoustic_entropy": 9.650988578796387,
          "acoustic_entropy_side": 9.654658317565918,
          "hz": 202.92927478742237
        },
        {
          "acoustic_entropy": 10.001202583312988,
          "acoustic_entropy_side": 9.7010498046875,
          "hz": 282.89161906338205
        },
        {
          "acoustic_entropy": 9.813775062561035,
          "acoustic_entropy_side": 9.812203407287598,
          "hz": 369.9353335868758
        },
        {
          "acoustic_entropy": 10.041519165039062,
          "acoustic_entropy_side": 9.975998878479004,
          "hz": 464.6875360973435
        },
        {
          "acoustic_entropy": 9.723672866821289,
          "acoustic_entropy_side": 9.81515121459961,
          "hz": 567.8308811364784
        },
        {
          "acoustic_entropy": 9.389561653137207,
          "acoustic_entropy_side": 9.702248573303223,
          "hz": 680.1084783214808
        },
        {
          "acoustic_entropy": 9.749016761779785,
          "acoustic_entropy_side": 9.40256118774414,
          "hz": 802.3292461747484
        },
        {
          "acoustic_entropy": 9.145219802856445,
          "acoustic_entropy_side": 9.330161094665527,
          "hz": 935.3737400823702
        },
        {
          "acoustic_entropy": 9.814645767211914,
          "acoustic_entropy_side": 9.56556224822998,
          "hz": 1080.2004963696966
        },
        {
          "acoustic_entropy": 8.962217330932617,
          "acoustic_entropy_side": 9.32122802734375,
          "hz": 1237.8529382007157
        },
        {
          "acoustic_entropy": 9.877521514892578,
          "acoustic_entropy_side": 9.562328338623047,
          "hz": 1409.4668930556702
        },
        {
          "acoustic_entropy": 8.973845481872559,
          "acoustic_entropy_side": 9.029670715332031,
          "hz": 1596.2787759475705
        },
        {
          "acoustic_entropy": 9.082280158996582,
          "acoustic_entropy_side": 9.56601619720459,
          "hz": 1799.6344973346393
        },
        {
          "acoustic_entropy": 9.30970573425293,
          "acoustic_entropy_side": 9.645072937011719,
          "hz": 2020.9991599069049
        },
        {
          "acoustic_entropy": 9.415667533874512,
          "acoustic_entropy_side": 9.713235855102539,
          "hz": 2261.9676141086993
        },
        {
          "acoustic_entropy": 9.147966384887695,
          "acoustic_entropy_side": 9.612972259521484,
          "hz": 2524.2759484456974
        },
        {
          "acoustic_entropy": 9.164501190185547,
          "acoustic_entropy_side": 9.515714645385742,
          "hz": 2809.813997359896
        },
        {
          "acoustic_entropy": 9.404850959777832,
          "acoustic_entropy_side": 9.557936668395996,
          "hz": 3120.6389567871424
        },
        {
          "acoustic_entropy": 9.782604217529297,
          "acoustic_entropy_side": 9.77648639678955,
          "hz": 3458.990205492291
        },
        {
          "acoustic_entropy": 9.75001049041748,
          "acoustic_entropy_side": 9.773658752441406,
          "hz": 3827.305438964164
        },
        {
          "acoustic_entropy": 9.549151420593262,
          "acoustic_entropy_side": 9.627973556518555,
          "hz": 4228.238232109126
        },
        {
          "acoustic_entropy": 9.518184661865234,
          "acoustic_entropy_side": 9.632216453552246,
          "hz": 4664.6771572759235
        },
        {
          "acoustic_entropy": 9.54675006866455,
          "acoustic_entropy_side": 9.64502239227295,
          "hz": 5139.766595350093
        },
        {
          "acoustic_entropy": 9.66689682006836,
          "acoustic_entropy_side": 9.643692970275879,
          "hz": 5656.929389854203
        },
        {
          "acoustic_entropy": 9.620132446289062,
          "acoustic_entropy_side": 9.634298324584961,
          "hz": 6219.891507268283
        },
        {
          "acoustic_entropy": 9.584345817565918,
          "acoustic_entropy_side": 9.617122650146484,
          "hz": 6832.70888123896
        },
        {
          "acoustic_entropy": 9.613967895507812,
          "acoustic_entropy_side": 9.630510330200195,
          "hz": 7499.796634079867
        },
        {
          "acoustic_entropy": 9.546598434448242,
          "acoustic_entropy_side": 9.63581371307373,
          "hz": 8225.96088609342
        },
        {
          "acoustic_entropy": 9.41202163696289,
          "acoustic_entropy_side": 9.648547172546387,
          "hz": 9016.43338188839
        },
        {
          "acoustic_entropy": 9.626255989074707,
          "acoustic_entropy_side": 9.647855758666992,
          "hz": 9876.909183162974
        },
        {
          "acoustic_entropy": 9.548799514770508,
          "acoustic_entropy_side": 9.640142440795898,
          "hz": 10813.587699516042
        },
        {
          "acoustic_entropy": 9.562702178955078,
          "acoustic_entropy_side": 9.635732650756836,
          "hz": 11833.21735289826
        },
        {
          "acoustic_entropy": 9.558464050292969,
          "acoustic_entropy_side": 9.646829605102539,
          "hz": 12943.144197493959
        },
        {
          "acoustic_entropy": 9.491689682006836,
          "acoustic_entropy_side": 9.64252758026123,
          "hz": 14151.364845322005
        },
        {
          "acoustic_entropy": 9.484216690063477,
          "acoustic_entropy_side": 9.648811340332031,
          "hz": 15466.58407886509
        },
        {
          "acoustic_entropy": 9.430756568908691,
          "acoustic_entropy_side": 9.66134262084961,
          "hz": 16898.27756580493
        },
        {
          "acoustic_entropy": 9.55916690826416,
          "acoustic_entropy_side": 9.66257381439209,
          "hz": 18456.760127700032
        },
        {
          "acoustic_entropy": 9.64583683013916,
          "acoustic_entropy_side": 9.643792152404785,
          "hz": 20153.260054456492
        },
        {
          "acoustic_entropy": 9.64437484741211,
          "acoustic_entropy_side": 9.628664016723633,
          "hz": 22000.00000000001
        }
      ],
      "diff_acoustic_entropy": 5.9656805992126465,
      "sn": 12
    },
    {
      "acoustic_entropy": 15.01075553894043,
      "acoustic_entropy_mono": 13.113624572753906,
      "band_eliminated_acoustic_entropies": [
        {
          "acoustic_entropy": 14.690142631530762,
          "acoustic_entropy_side": 15.010114669799805,
          "hz": 129.47220167065723
        },
        {
          "acoustic_entropy": 15.809420585632324,
          "acoustic_entropy_side": 14.962066650390625,
          "hz": 202.92927478742237
        },
        {
          "acoustic_entropy": 15.529958724975586,
          "acoustic_entropy_side": 15.099839210510254,
          "hz": 282.89161906338205
        },
        {
          "acoustic_entropy": 16.045330047607422,
          "acoustic_entropy_side": 15.659005165100098,
          "hz": 369.9353335868758
        },
        {
          "acoustic_entropy": 14.171380043029785,
          "acoustic_entropy_side": 14.452200889587402,
          "hz": 464.6875360973435
        },
        {
          "acoustic_entropy": 15.551687240600586,
          "acoustic_entropy_side": 15.281003952026367,
          "hz": 567.8308811364784
        },
        {
          "acoustic_entropy": 14.391608238220215,
          "acoustic_entropy_side": 14.871927261352539,
          "hz": 680.1084783214808
        },
        {
          "acoustic_entropy": 15.240828514099121,
          "acoustic_entropy_side": 14.611052513122559,
          "hz": 802.3292461747484
        },
        {
          "acoustic_entropy": 14.47850227355957,
          "acoustic_entropy_side": 15.120060920715332,
          "hz": 935.3737400823702
        },
        {
          "acoustic_entropy": 14.383862495422363,
          "acoustic_entropy_side": 14.50604248046875,
          "hz": 1080.2004963696966
        },
        {
          "acoustic_entropy": 13.90835189819336,
          "acoustic_entropy_side": 15.060877799987793,
          "hz": 1237.8529382007157
        },
        {
          "acoustic_entropy": 14.910406112670898,
          "acoustic_entropy_side": 14.714367866516113,
          "hz": 1409.4668930556702
        },
        {
          "acoustic_entropy": 14.116302490234375,
          "acoustic_entropy_side": 14.792166709899902,
          "hz": 1596.2787759475705
        },
        {
          "acoustic_entropy": 14.52563190460205,
          "acoustic_entropy_side": 15.220123291015625,
          "hz": 1799.6344973346393
        },
        {
          "acoustic_entropy": 14.398475646972656,
          "acoustic_entropy_side": 14.775209426879883,
          "hz": 2020.9991599069049
        },
        {
          "acoustic_entropy": 14.763002395629883,
          "acoustic_entropy_side": 14.679609298706055,
          "hz": 2261.9676141086993
        },
        {
          "acoustic_entropy": 15.16978931427002,
          "acoustic_entropy_side": 14.915246963500977,
          "hz": 2524.2759484456974
        },
        {
          "acoustic_entropy": 14.705032348632812,
          "acoustic_entropy_side": 14.887725830078125,
          "hz": 2809.813997359896
        },
        {
          "acoustic_entropy": 14.91841983795166,
          "acoustic_entropy_side": 14.924287796020508,
          "hz": 3120.6389567871424
        },
        {
