{
  "acoustic_entropy": 176.65443420410156,
  "bands": [
    {
      "high_freq": 148.1999969482422,
      "loudness": -35.6835823059082,
      "loudness_range": 23.758073806762695,
      "mid_mean": -32.98590087890625,
      "mid_to_side_loudness": -7.236593723297119,
      "mid_to_side_loudness_range": 16.444992065429688,
      "side_mean": -40.815528869628906
    },
    {
      "high_freq": 392.3793640136719,
      "loudness": -28.947118759155273,
      "loudness_range": 12.544572830200195,
      "low_freq": 148.1999969482422,
      "mid_mean": -27.504087448120117,
      "mid_to_side_loudness": -2.026660442352295,
      "mid_to_side_loudness_range": 7.934450149536133,
      "side_mean": -29.638330459594727
    },
    {
      "high_freq": 794.6976318359375,
      "loudness": -31.536256790161133,
      "loudness_range": 17.61488151550293,
      "low_freq": 392.3793640136719,
      "mid_mean": -30.334869384765625,
      "mid_to_side_loudness": -1.4825125932693481,
      "mid_to_side_loudness_range": 7.5634613037109375,
      "side_mean": -31.83147430419922
    },
    {
      "high_freq": 1457.5709228515625,
      "loudness": -34.20472717285156,
      "loudness_range": 23.173870086669922,
      "low_freq": 794.6976318359375,
      "mid_mean": -33.58957290649414,
      "mid_to_side_loudness": -0.5282222032546997,
      "mid_to_side_loudness_range": 9.507190704345703,
      "side_mean": -34.04344940185547
    },
    {
      "high_freq": 2549.74365234375,
      "loudness": -43.414405822753906,
      "loudness_range": 24.535192489624023,
      "low_freq": 1457.5709228515625,
      "mid_mean": -43.08734130859375,
      "mid_to_side_loudness": 0.36611199378967285,
      "mid_to_side_loudness_range": 5.9923505783081055,
      "side_mean": -42.642066955566406
    },
    {
      "high_freq": 4349.24462890625,
      "loudness": -50.158966064453125,
      "loudness_range": 22.374195098876953,
      "low_freq": 2549.74365234375,
      "mid_mean": -49.5364990234375,
      "mid_to_side_loudness": -0.2057361602783203,
      "mid_to_side_loudness_range": 4.180274486541748,
      "side_mean": -49.741153717041016
    },
    {
      "high_freq": 7314.1640625,
      "loudness": -54.48610305786133,
      "loudness_range": 19.12488555908203,
      "low_freq": 4349.24462890625,
      "mid_mean": -53.54685974121094,
      "mid_to_side_loudness": 0.11097894608974457,
      "mid_to_side_loudness_range": 1.5252565145492554,
      "side_mean": -53.43906784057617
    },
    {
      "high_freq": 12199.2666015625,
      "loudness": -60.285484313964844,
      "loudness_range": 17.507686614990234,
      "low_freq": 7314.1640625,
      "mid_mean": -58.98372268676758,
      "mid_to_side_loudness": 0.11046085506677628,
      "mid_to_side_loudness_range": 0.6313304305076599,
      "side_mean": -58.88597869873047
    },
    {
      "loudness": -65.15635681152344,
      "loudness_range": 6.157253265380859,
      "low_freq": 12199.2666015625,
      "mid_mean": -63.333194732666016,
      "mid_to_side_loudness": 0.04033889248967171,
      "mid_to_side_loudness_range": 0.4425516724586487,
      "side_mean": -63.301353454589844
    }
  ],
  "bands_short": [
    {
      "high_freq": 148.1999969482422,
      "loudness": -41.216224670410156,
      "loudness_range": 27.328014373779297,
      "mid_mean": -38.4038200378418,
      "mid_to_side_loudness": -8.684494018554688,
      "mid_to_side_loudness_range": 19.532135009765625,
      "side_mean": -47.9584846496582
    },
    {
      "high_freq": 392.3793640136719,
      "loudness": -28.530481338500977,
      "loudness_range": 14.712530136108398,
      "low_freq": 148.1999969482422,
      "mid_mean": -26.938518524169922,
      "mid_to_side_loudness": -2.837909460067749,
      "mid_to_side_loudness_range": 11.8914155960083,
      "side_mean": -30.013742446899414
    },
    {
      "high_freq": 794.6976318359375,
      "loudness": -31.977033615112305,
      "loudness_range": 19.553163528442383,
      "low_freq": 392.3793640136719,
      "mid_mean": -30.90288543701172,
      "mid_to_side_loudness": -1.4567910432815552,
      "mid_to_side_loudness_range": 9.610013008117676,
      "side_mean": -32.36587142944336
    },
    {
      "high_freq": 1457.5709228515625,
      "loudness": -35.63481140136719,
      "loudness_range": 25.408004760742188,
      "low_freq": 794.6976318359375,
      "mid_mean": -35.0759162902832,
      "mid_to_side_loudness": -0.6272078156471252,
      "mid_to_side_loudness_range": 11.182170867919922,
      "side_mean": -35.62230682373047
    },
    {
      "high_freq": 2549.74365234375,
      "loudness": -44.498291015625,
      "loudness_range": 26.66163444519043,
      "low_freq": 1457.5709228515625,
      "mid_mean": -44.25783920288086,
      "mid_to_side_loudness": 0.34959879517555237,
      "mid_to_side_loudness_range": 7.0205841064453125,
      "side_mean": -43.86293411254883
    },
    {
      "high_freq": 4349.24462890625,
      "loudness": -51.07941818237305,
      "loudness_range": 24.195751190185547,
      "low_freq": 2549.74365234375,
      "mid_mean": -50.38178253173828,
      "mid_to_side_loudness": -0.3025273382663727,
      "mid_to_side_loudness_range": 5.485784530639648,
      "side_mean": -50.6793098449707
    },
    {
      "high_freq": 7314.1640625,
      "loudness": -55.66410446166992,
      "loudness_range": 21.10750961303711,
      "low_freq": 4349.24462890625,
      "mid_mean": -54.654449462890625,
      "mid_to_side_loudness": 0.08217433094978333,
      "mid_to_side_loudness_range": 2.615679979324341,
      "side_mean": -54.576576232910156
    },
    {
      "high_freq": 12199.2666015625,
      "loudness": -61.35952377319336,
      "loudness_range": 17.749908447265625,
      "low_freq": 7314.1640625,
      "mid_mean": -59.928741455078125,
      "mid_to_side_loudness": 0.09943703562021255,
      "mid_to_side_loudness_range": 1.5520062446594238,
      "side_mean": -59.843963623046875
    },
    {
      "loudness": -65.34628295898438,
      "loudness_range": 6.162147521972656,
      "low_freq": 12199.2666015625,
      "mid_mean": -63.4809684753418,
      "mid_to_side_loudness": 0.03868359327316284,
      "mid_to_side_loudness_range": 1.2291735410690308,
      "side_mean": -63.45052719116211
    }
  ],
  "bandwidth": 526.5798950195312,
  "channels": 2,
  "covariance": [
    [
      81.06189727783203,
      48.13774871826172,
      14.843206405639648,
      12.895500183105469,
      19.02197265625,
      19.59796714782715,
      26.775911331176758,
      26.98604393005371,
      30.488529205322266,
      33.21495819091797,
      34.673553466796875,
      33.957984924316406,
      30.165571212768555,
      30.123735427856445,
      22.67491340637207,
      22.759105682373047,
      6.363585472106934,
      6.367620944976807
    ],
    [
      48.13774871826172,
      47.45237350463867,
      15.782332420349121,
      14.464855194091797,
      14.65613842010498,
      14.92482852935791,
      16.370370864868164,
      16.655670166015625,
      18.333967208862305,
      18.825345993041992,
      21.230606079101562,
      21.04758644104004,
      18.867206573486328,
      18.837148666381836,
      13.956746101379395,
      13.986411094665527,
      4.142689228057861,
      4.1530070304870605
    ],
    [
      14.843206405639648,
      15.782332420349121,
      28.132434844970703,
      23.31536102294922,
      16.903032302856445,
      15.784218788146973,
      15.422471046447754,
      16.09174346923828,
      15.576213836669922,
      14.36711311340332,
      16.556459426879883,
      16.932043075561523,
      14.882732391357422,
      14.958233833312988,
      10.618013381958008,
      10.647279739379883,
      3.162325143814087,
      3.1511497497558594
    ],
    [
      12.895500183105469,
      14.464855194091797,
      23.31536102294922,
      27.606014251708984,
      19.734601974487305,
      19.107248306274414,
      17.255041122436523,
      18.32929229736328,
      18.41585350036621,
      17.005084991455078,
      17.920269012451172,
      18.53824806213379,
      14.604226112365723,
      14.715765953063965,
      10.318479537963867,
      10.371026039123535,
      3.3926095962524414,
      3.391190767288208
    ],
    [
      19.02197265625,
      14.65613842010498,
      16.903032302856445,
      19.734601974487305,
      40.99848556518555,
      36.554962158203125,
      32.35145950317383,
      30.859943389892578,
      33.93184280395508,
      36.437469482421875,
      33.07406997680664,
      32.74850845336914,
      19.649803161621094,
      19.374378204345703,
      12.435012817382812,
      12.511821746826172,
      3.9626986980438232,
      3.9513096809387207
    ],
    [
      19.59796714782715,
      14.92482852935791,
      15.784218788146973,
      19.107248306274414,
      36.554962158203125,
      41.21247863769531,
      32.59828567504883,
      30.927621841430664,
      34.25932693481445,
      36.38756561279297,
      33.42814636230469,
      32.74777603149414,
      19.99684715270996,
      19.635278701782227,
      12.570737838745117,
      12.676267623901367,
      3.8798253536224365,
      3.868743658065796
    ],
    [
      26.775911331176758,
      16.370370864868164,
      15.422471046447754,
      17.255041122436523,
      32.35145950317383,
      32.59828567504883,
      62.867279052734375,
      56.68663787841797,
      53.70397186279297,
      57.67232131958008,
      48.447235107421875,
      47.16134262084961,
      30.863357543945312,
      30.610797882080078,
      20.048463821411133,
      20.243915557861328,
      6.010605335235596,
      6.03670072555542
    ],
    [
      26.98604393005371,
      16.655670166015625,
      16.09174346923828,
      18.32929229736328,
      30.859943389892578,
      30.927621841430664,
      56.68663787841797,
      63.53777313232422,
      54.239959716796875,
      57.549720764160156,
      49.17239761352539,
      48.43781280517578,
      31.05921173095703,
      30.944957733154297,
      20.575607299804688,
      20.76581382751465,
      6.2547783851623535,
      6.305387020111084
    ],
    [
      30.488529205322266,
      18.333967208862305,
      15.576213836669922,
      18.41585350036621,
      33.93184280395508,
      34.25932693481445,
      53.70397186279297,
      54.239959716796875,
      69.42810821533203,
      71.27156066894531,
      56.95992660522461,
      55.933738708496094,
      36.36259460449219,
      36.2790641784668,
      23.587507247924805,
      23.834239959716797,
      7.030637741088867,
      7.075399875640869
    ],
    [
      33.21495819091797,
      18.825345993041992,
      14.36711311340332,
      17.005084991455078,
      36.437469482421875,
      36.38756561279297,
      57.67232131958008,
      57.549720764160156,
      71.27156066894531,
      78.69697570800781,
      60.10015106201172,
      59.177242279052734,
      37.996089935302734,
      37.83749008178711,
      24.600162506103516,
      24.87683868408203,
      7.339387893676758,
      7.383946895599365
    ],
    [
      34.673553466796875,
      21.230606079101562,
      16.556459426879883,
      17.920269012451172,
      33.07406997680664,
      33.42814636230469,
      48.447235107421875,
      49.17239761352539,
      56.95992660522461,
      60.10015106201172,
      67.29935455322266,
      64.780517578125,
      46.23817443847656,
      46.159950256347656,
      30.871837615966797,
      31.051420211791992,
      8.868125915527344,
      8.89999771118164
    ],
    [
      33.957984924316406,
      21.04758644104004,
      16.932043075561523,
      18.53824806213379,
      32.74850845336914,
      32.74777603149414,
      47.16134262084961,
      48.43781280517578,
      55.933738708496094,
      59.177242279052734,
      64.780517578125,
      64.37045288085938,
      45.567501068115234,
      45.64546585083008,
      30.770673751831055,
      30.971677780151367,
      8.987189292907715,
      9.027019500732422
    ],
    [
      30.165571212768555,
      18.867206573486328,
      14.882732391357422,
      14.604226112365723,
      19.649803161621094,
      19.99684715270996,
      30.863357543945312,
      31.05921173095703,
      36.36259460449219,
      37.996089935302734,
      46.23817443847656,
      45.567501068115234,
      43.25568771362305,
      43.30792236328125,
      31.470949172973633,
      31.661331176757812,
      8.804957389831543,
      8.830133438110352
    ],
    [
      30.123735427856445,
      18.837148666381836,
      14.958233833312988,
      14.715765953063965,
      19.374378204345703,
      19.635278701782227,
      30.610797882080078,
      30.944957733154297,
      36.2790641784668,
      37.83749008178711,
      46.159950256347656,
      45.64546585083008,
      43.30792236328125,
      43.702693939208984,
      31.594797134399414,
      31.79355812072754,
      8.847333908081055,
      8.875924110412598
    ],
    [
      22.67491340637207,
      13.956746101379395,
      10.618013381958008,
      10.318479537963867,
      12.435012817382812,
      12.570737838745117,
      20.048463821411133,
      20.575607299804688,
      23.587507247924805,
      24.600162506103516,
      30.871837615966797,
      30.770673751831055,
      31.470949172973633,
      31.594797134399414,
      27.647188186645508,
      27.795289993286133,
      8.374456405639648,
      8.389327049255371
    ],
    [
      22.759105682373047,
      13.986411094665527,
      10.647279739379883,
      10.371026039123535,
      12.511821746826172,
      12.676267623901367,
      20.243915557861328,
      20.76581382751465,
      23.834239959716797,
      24.87683868408203,
      31.051420211791992,
      30.971677780151367,
      31.661331176757812,
      31.79355812072754,
      27.795289993286133,
      27.991947174072266,
      8.44612979888916,
      8.463369369506836
    ],
    [
      6.363585472106934,
      4.142689228057861,
      3.162325143814087,
      3.3926095962524414,
      3.9626986980438232,
      3.8798253536224365,
      6.010605335235596,
      6.2547783851623535,
      7.030637741088867,
      7.339387893676758,
      8.868125915527344,
      8.987189292907715,
      8.804957389831543,
      8.847333908081055,
      8.374456405639648,
      8.44612979888916,
      3.3730099201202393,
      3.374300241470337
    ],
    [
      6.367620944976807,
      4.1530070304870605,
      3.1511497497558594,
      3.391190767288208,
      3.9513096809387207,
      3.868743658065796,
      6.03670072555542,
      6.305387020111084,
      7.075399875640869,
      7.383946895599365,
      8.89999771118164,
      9.027019500732422,
      8.830133438110352,
      8.875924110412598,
      8.389327049255371,
      8.463369369506836,
      3.374300241470337,
      3.3920421600341797
    ]
  ],
  "covariance_short": [
    [
      103.85513305664062,
      60.08140182495117,
      29.88395118713379,
      19.881385803222656,
      22.422100067138672,
      23.01076889038086,
      29.970661163330078,
      30.302167892456055,
      35.56492614746094,
      37.432037353515625,
      39.58262634277344,
      38.95563888549805,
      31.50470542907715,
      31.44489097595215,
      21.702680587768555,
      21.72096824645996,
      6.008123397827148,
      6.017544269561768
    ],
    [
      60.08140182495117,
      64.23027038574219,
      25.942447662353516,
      22.27253532409668,
      20.065732955932617,
      19.788955688476562,
      22.35205841064453,
      22.726001739501953,
      25.329673767089844,
      25.56949234008789,
      28.2801513671875,
      27.786216735839844,
      22.783050537109375,
      22.78175926208496,
      15.21938705444336,
      15.22998332977295,
      4.424195289611816,
      4.438508033752441
    ],
    [
      29.88395118713379,
      25.942447662353516,
      37.31865310668945,
      25.224626541137695,
      20.85859489440918,
      19.0191707611084,
      20.014135360717773,
      19.868616104125977,
      21.885499954223633,
      21.149728775024414,
      22.808969497680664,
      22.68313980102539,
      18.50078773498535,
      18.505355834960938,
      12.229937553405762,
      12.237028121948242,
      3.489474296569824,
      3.4904699325561523
    ],
    [
      19.881385803222656,
      22.27253532409668,
      25.224626541137695,
      33.031253814697266,
      23.034931182861328,
      22.56609344482422,
      20.351837158203125,
      21.52505874633789,
      21.71514892578125,
      20.590192794799805,
      20.863927841186523,
      20.998308181762695,
      15.595726013183594,
      15.69006061553955,
      10.068097114562988,
      10.077746391296387,
      3.1860668659210205,
      3.1990103721618652
    ],
    [
      22.422100067138672,
      20.065732955932617,
      20.85859489440918,
      23.034931182861328,
      49.6334228515625,
      42.76987838745117,
      37.70595932006836,
      36.44601821899414,
      38.287715911865234,
      40.730838775634766,
      36.02279281616211,
      35.621070861816406,
      21.03464698791504,
      20.957996368408203,
      11.812923431396484,
      11.86567211151123,
      3.7178895473480225,
      3.7192721366882324
    ],
    [
      23.01076889038086,
      19.788955688476562,
      19.0191707611084,
      22.56609344482422,
      42.76987838745117,
      50.37631607055664,
      37.36582946777344,
      36.26741027832031,
      39.83020782470703,
      41.667232513427734,
      36.269287109375,
      35.31627655029297,
      20.721723556518555,
      20.454931259155273,
      11.38721752166748,
      11.447811126708984,
      3.5983071327209473,
      3.604130744934082
    ],
    [
      29.970661163330078,
      22.35205841064453,
      20.014135360717773,
      20.351837158203125,
      37.70595932006836,
      37.36582946777344,
      71.26206970214844,
      62.185062408447266,
      59.98711395263672,
      63.6871223449707,
      51.002052307128906,
      49.794185638427734,
      31.742259979248047,
      31.21010398864746,
      17.816936492919922,
      17.941329956054688,
      5.32272481918335,
      5.344242572784424
    ],
    [
      30.302167892456055,
      22.726001739501953,
      19.868616104125977,
      21.52505874633789,
      36.44601821899414,
      36.26741027832031,
      62.185062408447266,
      71.74547576904297,
      60.5917854309082,
      63.743995666503906,
      51.69539260864258,
      50.60892105102539,
      30.871248245239258,
      30.638980865478516,
      17.7918758392334,
      17.93743324279785,
      5.301804065704346,
      5.368227481842041
    ],
    [
      35.56492614746094,
      25.329673767089844,
      21.885499954223633,
      21.71514892578125,
      38.287715911865234,
      39.83020782470703,
      59.98711395263672,
      60.5917854309082,
      78.96512603759766,
      79.70366668701172,
      61.8740348815918,
      60.428226470947266,
      38.67434310913086,
      38.392059326171875,
      22.591745376586914,
      22.7652530670166,
      6.526660919189453,
      6.581056118011475
    ],
    [
      37.432037353515625,
      25.56949234008789,
      21.149728775024414,
      20.590192794799805,
      40.730838775634766,
      41.667232513427734,
      63.6871223449707,
      63.743995666503906,
      79.70366668701172,
      88.34265899658203,
      64.75392150878906,
      63.48875427246094,
      40.16754150390625,
      39.760108947753906,
      23.247726440429688,
      23.459522247314453,
      6.7570648193359375,
      6.813244342803955
    ],
    [
      39.58262634277344,
      28.2801513671875,
      22.808969497680664,
      20.863927841186523,
      36.02279281616211,
      36.269287109375,
      51.002052307128906,
      51.69539260864258,
      61.8740348815918,
      64.75392150878906,
      72.69087982177734,
      69.52781677246094,
      49.51139450073242,
      49.37428283691406,
      30.657665252685547,
      30.79405975341797,
      8.645979881286621,
      8.6930570602417
    ],
    [
      38.95563888549805,
      27.786216735839844,
      22.68313980102539,
      20.998308181762695,
      35.621070861816406,
      35.31627655029297,
      49.794185638427734,
      50.60892105102539,
      60.428226470947266,
      63.48875427246094,
      69.52781677246094,
      70.15058898925781,
      48.98033905029297,
      49.04582595825195,
      30.80296516418457,
      30.950040817260742,
      8.798460006713867,
      8.8500337600708
    ],
    [
      31.50470542907715,
      22.783050537109375,
      18.50078773498535,
      15.595726013183594,
      21.03464698791504,
      20.721723556518555,
      31.742259979248047,
      30.871248245239258,
      38.67434310913086,
      40.16754150390625,
      49.51139450073242,
      48.98033905029297,
      47.24020004272461,
      47.001338958740234,
      32.38520812988281,
      32.54082489013672,
      9.229243278503418,
      9.26737117767334
    ],
    [
      31.44489097595215,
      22.78175926208496,
      18.505355834960938,
      15.69006061553955,
      20.957996368408203,
      20.454931259155273,
      31.21010398864746,
      30.638980865478516,
      38.392059326171875,
      39.760108947753906,
      49.37428283691406,
      49.04582595825195,
      47.001338958740234,
      47.64251708984375,
      32.59004592895508,
      32.75191879272461,
      9.28363037109375,
      9.326286315917969
    ],
    [
      21.702680587768555,
      15.21938705444336,
      12.229937553405762,
      10.068097114562988,
      11.812923431396484,
      11.38721752166748,
      17.816936492919922,
      17.7918758392334,
      22.591745376586914,
      23.247726440429688,
      30.657665252685547,
      30.80296516418457,
      32.38520812988281,
      32.59004592895508,
      28.205551147460938,
      28.248788833618164,
      8.75730037689209,
      8.791282653808594
    ],
    [
      21.72096824645996,
      15.22998332977295,
      12.237028121948242,
      10.077746391296387,
      11.86567211151123,
      11.447811126708984,
      17.941329956054688,
      17.93743324279785,
      22.7652530670166,
      23.459522247314453,
      30.79405975341797,
      30.950040817260742,
      32.54082489013672,
      32.75191879272461,
      28.248788833618164,
      28.516891479492188,
      8.830339431762695,
      8.866142272949219
    ],
    [
      6.008123397827148,
      4.424195289611816,
      3.489474296569824,
      3.1860668659210205,
      3.7178895473480225,
      3.5983071327209473,
      5.32272481918335,
      5.301804065704346,
      6.526660919189453,
      6.7570648193359375,
      8.645979881286621,
      8.798460006713867,
      9.229243278503418,
      9.28363037109375,
      8.75730037689209,
      8.830339431762695,
      3.7203547954559326,
      3.682826519012451
    ],
    [
      6.017544269561768,
      4.438508033752441,
      3.4904699325561523,
      3.1990103721618652,
      3.7192721366882324,
      3.604130744934082,
      5.344242572784424,
      5.368227481842041,
      6.581056118011475,
      6.813244342803955,
      8.6930570602417,
      8.8500337600708,
      9.26737117767334,
      9.326286315917969,
      8.791282653808594,
      8.866142272949219,
      3.682826519012451,
      3.7517380714416504
    ]
  ],
  "damage": -14.691679000854492,
  "diff_bandwidth": 559.1347045898438,
  "dissonance": 5.539717147735161,
  "drr": 2.240694284439087,
  "dynamics": 4.0900044441223145,
  "format": 1245190,
  "frames": 18907136,
  "loudness": -20.34559440612793,
  "loudness_range": 11.872492790222168,
  "loudness_range_short": 14.540647506713867,
  "lowpass_true_peak_15khz": -0.09491036087274551,
  "mastering3_acoustic_entropies": [
    {
      "acoustic_entropy": 8.411613464355469,
      "acoustic_entropy_mono": 7.181811809539795,
      "band_eliminated_acoustic_entropies": [
        {
          "acoustic_entropy": 8.349038124084473,
          "acoustic_entropy_side": 8.411861419677734,
          "hz": 129.47220167065723
        },
        {
          "acoustic_entropy": 6.925289630889893,
          "acoustic_entropy_side": 8.43559455871582,
          "hz": 202.92927478742237
        },
        {
          "acoustic_entropy": 8.572443008422852,
          "acoustic_entropy_side": 8.218192100524902,
          "hz": 282.89161906338205
        },
        {
          "acoustic_entropy": 8.306212425231934,
          "acoustic_entropy_side": 8.234757423400879,
          "hz": 369.9353335868758
        },
        {
          "acoustic_entropy": 8.548264503479004,
          "acoustic_entropy_side": 8.149052619934082,
          "hz": 464.6875360973435
        },
        {
          "acoustic_entropy": 8.451885223388672,
          "acoustic_entropy_side": 8.702522277832031,
          "hz": 567.8308811364784
        },
        {
          "acoustic_entropy": 8.789549827575684,
          "acoustic_entropy_side": 8.354129791259766,
          "hz": 680.1084783214808
        },
        {
          "acoustic_entropy": 8.610591888427734,
          "acoustic_entropy_side": 7.844130039215088,
          "hz": 802.3292461747484
        },
        {
          "acoustic_entropy": 7.4186692237854,
          "acoustic_entropy_side": 8.106391906738281,
          "hz": 935.3737400823702
        },
        {
          "acoustic_entropy": 7.9390974044799805,
          "acoustic_entropy_side": 7.756790637969971,
          "hz": 1080.2004963696966
        },
        {
          "acoustic_entropy": 7.542154788970947,
          "acoustic_entropy_side": 7.574692726135254,
          "hz": 1237.8529382007157
        },
        {
          "acoustic_entropy": 7.949093341827393,
          "acoustic_entropy_side": 8.42101001739502,
          "hz": 1409.4668930556702
        },
        {
          "acoustic_entropy": 8.05582046508789,
          "acoustic_entropy_side": 8.206107139587402,
          "hz": 1596.2787759475705
        },
        {
          "acoustic_entropy": 7.65553617477417,
          "acoustic_entropy_side": 8.226624488830566,
          "hz": 1799.6344973346393
        },
        {
          "acoustic_entropy": 8.332180976867676,
          "acoustic_entropy_side": 8.411779403686523,
          "hz": 2020.9991599069049
        },
        {
          "acoustic_entropy": 8.34589958190918,
          "acoustic_entropy_side": 8.351883888244629,
          "hz": 2261.9676141086993
        },
        {
          "acoustic_entropy": 8.414121627807617,
          "acoustic_entropy_side": 8.435256004333496,
          "hz": 2524.2759484456974
        },
        {
          "acoustic_entropy": 8.406885147094727,
          "acoustic_entropy_side": 8.407998085021973,
          "hz": 2809.813997359896
        },
        {
          "acoustic_entropy": 8.436872482299805,
          "acoustic_entropy_side": 8.438672065734863,
          "hz": 3120.6389567871424
        },
        {
          "acoustic_entropy": 8.416428565979004,
          "acoustic_entropy_side": 8.418092727661133,
          "hz": 3458.990205492291
        },
        {
          "acoustic_entropy": 8.418680191040039,
          "acoustic_entropy_side": 8.418679237365723,
          "hz": 3827.305438964164
        },
        {
          "acoustic_entropy": 8.416326522827148,
          "acoustic_entropy_side": 8.414824485778809,
          "hz": 4228.238232109126
        },
        {
          "acoustic_entropy": 8.415868759155273,
          "acoustic_entropy_side": 8.414494514465332,
          "hz": 4664.6771572759235
        },
        {
          "acoustic_entropy": 8.41408920288086,
          "acoustic_entropy_side": 8.413135528564453,
          "hz": 5139.766595350093
        },
        {
          "acoustic_entropy": 8.411505699157715,
          "acoustic_entropy_side": 8.411684036254883,
          "hz": 5656.929389854203
        },
        {
          "acoustic_entropy": 8.410229682922363,
          "acoustic_entropy_side": 8.410833358764648,
          "hz": 6219.891507268283
        },
        {
          "acoustic_entropy": 8.412383079528809,
          "acoustic_entropy_side": 8.412165641784668,
          "hz": 6832.70888123896
        },
        {
          "acoustic_entropy": 8.412541389465332,
          "acoustic_entropy_side": 8.412120819091797,
          "hz": 7499.796634079867
        },
        {
          "acoustic_entropy": 8.412165641784668,
          "acoustic_entropy_side": 8.411925315856934,
          "hz": 8225.96088609342
        },
        {
          "acoustic_entropy": 8.411850929260254,
          "acoustic_entropy_side": 8.411736488342285,
          "hz": 9016.43338188839
        },
        {
          "acoustic_entropy": 8.411712646484375,
          "acoustic_entropy_side": 8.411661148071289,
          "hz": 9876.909183162974
        },
        {
          "acoustic_entropy": 8.411697387695312,
          "acoustic_entropy_side": 8.411656379699707,
          "hz": 10813.587699516042
        },
        {
          "acoustic_entropy": 8.41169261932373,
          "acoustic_entropy_side": 8.411651611328125,
          "hz": 11833.21735289826
        },
        {
          "acoustic_entropy": 8.411638259887695,
          "acoustic_entropy_side": 8.411626815795898,
          "hz": 12943.144197493959
        },
        {
          "acoustic_entropy": 8.41161823272705,
          "acoustic_entropy_side": 8.41161823272705,
          "hz": 14151.364845322005
        },
        {
          "acoustic_entropy": 8.411615371704102,
          "acoustic_entropy_side": 8.411614418029785,
          "hz": 15466.58407886509
        },
        {
          "acoustic_entropy": 8.411612510681152,
          "acoustic_entropy_side": 8.411613464355469,
          "hz": 16898.27756580493
        },
        {
          "acoustic_entropy": 8.411613464355469,
          "acoustic_entropy_side": 8.411613464355469,
          "hz": 18456.760127700032
        },
        {
          "acoustic_entropy": 8.411612510681152,
          "acoustic_entropy_side": 8.411612510681152,
          "hz": 20153.260054456492
        },
        {
          "acoustic_entropy": 8.411613464355469,
          "acoustic_entropy_side": 8.411613464355469,
          "hz": 22000.00000000001
        }
      ],
      "diff_acoustic_entropy": 6.721724510192871,
      "sn": 6
    },
    {
      "acoustic_entropy": 12.065866470336914,
      "acoustic_entropy_mono": 10.67974853515625,
      "band_eliminated_acoustic_entropies": [
        {
          "acoustic_entropy": 11.932526588439941,
          "acoustic_entropy_side": 12.06246566772461,
          "hz": 129.47220167065723
        },
        {
          "acoustic_entropy": 10.863241195678711,
          "acoustic_entropy_side": 12.178340911865234,
          "hz": 202.92927478742237
        },
        {
          "acoustic_entropy": 12.531895637512207,
          "acoustic_entropy_side": 12.427302360534668,
          "hz": 282.89161906338205
        },
        {
          "acoustic_entropy": 12.571687698364258,
          "acoustic_entropy_side": 12.304030418395996,
          "hz": 369.9353335868758
        },
        {
          "acoustic_entropy": 12.180959701538086,
          "acoustic_entropy_side": 11.407842636108398,
          "hz": 464.6875360973435
        },
        {
          "acoustic_entropy": 12.598099708557129,
          "acoustic_entropy_side": 13.260591506958008,
          "hz": 567.8308811364784
        },
        {
          "acoustic_entropy": 12.709346771240234,
          "acoustic_entropy_side": 11.562952041625977,
          "hz": 680.1084783214808
        },
        {
          "acoustic_entropy": 12.22096061706543,
          "acoustic_entropy_side": 12.124478340148926,
          "hz": 802.3292461747484
        },
        {
          "acoustic_entropy": 11.479364395141602,
          "acoustic_entropy_side": 12.965522766113281,
          "hz": 935.3737400823702
        },
        {
          "acoustic_entropy": 11.478629112243652,
          "acoustic_entropy_side": 11.657931327819824,
          "hz": 1080.2004963696966
        },
        {
          "acoustic_entropy": 10.726841926574707,
          "acoustic_entropy_side": 11.6416654586792,
          "hz": 1237.8529382007157
        },
        {
          "acoustic_entropy": 11.462013244628906,
          "acoustic_entropy_side": 12.3563232421875,
          "hz": 1409.4668930556702
        },
        {
          "acoustic_entropy": 11.69398307800293,
          "acoustic_entropy_side": 12.040016174316406,
          "hz": 1596.2787759475705
        },
        {
          "acoustic_entropy": 11.374768257141113,
          "acoustic_entropy_side": 12.053256034851074,
          "hz": 1799.6344973346393
        },
        {
          "acoustic_entropy": 12.36103630065918,
          "acoustic_entropy_side": 12.123241424560547,
          "hz": 2020.9991599069049
        },
        {
          "acoustic_entropy": 12.151782989501953,
          "acoustic_entropy_side": 12.161206245422363,
          "hz": 2261.9676141086993
        },
        {
          "acoustic_entropy": 11.99159049987793,
          "acoustic_entropy_side": 12.093324661254883,
          "hz": 2524.2759484456974
        },
        {
          "acoustic_entropy": 12.385879516601562,
          "acoustic_entropy_side": 11.943876266479492,
          "hz": 2809.813997359896
        },
        {
          "acoustic_entropy": 12.150361061096191,
          "acoustic_entropy_side": 12.221879959106445,
          "hz": 3120.6389567871424
        },
        {
          "acoustic_entropy": 12.316230773925781,
          "acoustic_entropy_side": 12.155535697937012,
          "hz": 3458.990205492291
        },
        {
          "acoustic_entropy": 12.317116737365723,
          "acoustic_entropy_side": 12.182132720947266,
          "hz": 3827.305438964164
        },
        {
          "acoustic_entropy": 12.029318809509277,
          "acoustic_entropy_side": 12.041642189025879,
          "hz": 4228.238232109126
        },
        {
          "acoustic_entropy": 12.028107643127441,
          "acoustic_entropy_side": 12.046477317810059,
          "hz": 4664.6771572759235
        },
        {
          "acoustic_entropy": 12.047384262084961,
          "acoustic_entropy_side": 12.040014266967773,
          "hz": 5139.766595350093
        },
        {
          "acoustic_entropy": 12.02897834777832,
          "acoustic_entropy_side": 12.04088306427002,
          "hz": 5656.929389854203
        },
        {
          "acoustic_entropy": 12.017611503601074,
          "acoustic_entropy_side": 12.043554306030273,
          "hz": 6219.891507268283
        },
        {
          "acoustic_entropy": 12.035164833068848,
          "acoustic_entropy_side": 12.05570125579834,
          "hz": 6832.70888123896
        },
        {
          "acoustic_entropy": 12.05663776397705,
          "acoustic_entropy_side": 12.057962417602539,
          "hz": 7499.796634079867
        },
        {
          "acoustic_entropy": 12.067231178283691,
          "acoustic_entropy_side": 12.06529426574707,
          "hz": 8225.96088609342
        },
        {
          "acoustic_entropy": 12.064794540405273,
          "acoustic_entropy_side": 12.064592361450195,
          "hz": 9016.43338188839
        },
        {
          "acoustic_entropy": 12.06474494934082,
          "acoustic_entropy_side": 12.064920425415039,
          "hz": 9876.909183162974
        },
        {
          "acoustic_entropy": 12.063410758972168,
          "acoustic_entropy_side": 12.064203262329102,
          "hz": 10813.587699516042
        },
        {
          "acoustic_entropy": 12.065542221069336,
          "acoustic_entropy_side": 12.06554889678955,
          "hz": 11833.21735289826
        },
        {
          "acoustic_entropy": 12.065584182739258,
          "acoustic_entropy_side": 12.065646171569824,
          "hz": 12943.144197493959
        },
        {
          "acoustic_entropy": 12.065587043762207,
          "acoustic_entropy_side": 12.065720558166504,
          "hz": 14151.364845322005
        },
        {
          "acoustic_entropy": 12.06572151184082,
          "acoustic_entropy_side": 12.065791130065918,
          "hz": 15466.58407886509
        },
        {
          "acoustic_entropy": 12.065839767456055,
          "acoustic_entropy_side": 12.065850257873535,
          "hz": 16898.27756580493
        },
        {
          "acoustic_entropy": 12.065860748291016,
          "acoustic_entropy_side": 12.065862655639648,
          "hz": 18456.760127700032
        },
        {
          "acoustic_entropy": 12.065863609313965,
          "acoustic_entropy_side": 12.065864562988281,
          "hz": 20153.260054456492
        },
        {
          "acoustic_entropy": 12.06586742401123,
          "acoustic_entropy_side": 12.06586742401123,
          "hz": 22000.00000000001
        }
      ],
      "diff_acoustic_entropy": 9.820584297180176,
      "sn": 12
    },
    {
      "acoustic_entropy": 18.181324005126953,
      "acoustic_entropy_mono": 16.21105194091797,
      "band_eliminated_acoustic_entropies": [
        {
          "acoustic_entropy": 18.34865379333496,
          "acoustic_entropy_side": 18.295896530151367,
          "hz": 129.47220167065723
        },
        {
          "acoustic_entropy": 18.39348793029785,
          "acoustic_entropy_side": 19.206378936767578,
          "hz": 202.92927478742237
        },
        {
          "acoustic_entropy": 17.83206558227539,
          "acoustic_entropy_side": 18.526390075683594,
          "hz": 282.89161906338205
        },
        {
          "acoustic_entropy": 19.393795013427734,
          "acoustic_entropy_side": 19.46851348876953,
          "hz": 369.9353335868758
        },
        {
          "acoustic_entropy": 17.96755027770996,
          "acoustic_entropy_side": 18.184921264648438,
          "hz": 464.6875360973435
        },
        {
          "acoustic_entropy": 19.15618133544922,
          "acoustic_entropy_side": 18.65049171447754,
          "hz": 567.8308811364784
        },
        {
          "acoustic_entropy": 18.76380157470703,
          "acoustic_entropy_side": 18.400943756103516,
          "hz": 680.1084783214808
        },
        {
          "acoustic_entropy": 17.772422790527344,
          "acoustic_entropy_side": 17.923120498657227,
          "hz": 802.3292461747484
        },
        {
          "acoustic_entropy": 18.01096534729004,
          "acoustic_entropy_side": 19.109176635742188,
          "hz": 935.3737400823702
        },
        {
          "acoustic_entropy": 18.532527923583984,
          "acoustic_entropy_side": 18.840986251831055,
          "hz": 1080.2004963696966
        },
        {
          "acoustic_entropy": 17.215993881225586,
          "acoustic_entropy_side": 18.439804077148438,
          "hz": 1237.8529382007157
        },
        {
          "acoustic_entropy": 18.014297485351562,
          "acoustic_entropy_side": 17.81573486328125,
          "hz": 1409.4668930556702
        },
        {
          "acoustic_entropy": 16.4199275970459,
          "acoustic_entropy_side": 17.532672882080078,
          "hz": 1596.2787759475705
        },
        {
          "acoustic_entropy": 19.23362922668457,
          "acoustic_entropy_side": 17.947053909301758,
          "hz": 1799.6344973346393
        },
        {
          "acoustic_entropy": 16.64571189880371,
          "acoustic_entropy_side": 17.882604598999023,
          "hz": 2020.9991599069049
        },
        {
          "acoustic_entropy": 18.229122161865234,
          "acoustic_entropy_side": 18.181554794311523,
          "hz": 2261.9676141086993
        },
        {
          "acoustic_entropy": 16.99061393737793,
          "acoustic_entropy_side": 17.30849266052246,
          "hz": 2524.2759484456974
        },
        {
          "acoustic_entropy": 18.158958435058594,
          "acoustic_entropy_side": 18.426773071289062,
          "hz": 2809.813997359896
        },
        {
          "acoustic_entropy": 18.294410705566406,
          "acoustic_entropy_side": 18.025297164916992,
