{
  "acoustic_entropy": 102.8934555053711,
  "bands": [
    {
      "high_freq": 148.1999969482422,
      "loudness": -47.842891693115234,
      "loudness_range": 19.25637435913086,
      "mid_mean": -44.36174392700195,
      "mid_to_side_loudness": -18.947023391723633,
      "mid_to_side_loudness_range": 14.856921195983887,
      "side_mean": -62.306427001953125
    },
    {
      "high_freq": 392.3793640136719,
      "loudness": -36.491947174072266,
      "loudness_range": 20.928373336791992,
      "low_freq": 148.1999969482422,
      "mid_mean": -32.99382019042969,
      "mid_to_side_loudness": -15.469036102294922,
      "mid_to_side_loudness_range": 10.93267822265625,
      "side_mean": -50.54225540161133
    },
    {
      "high_freq": 794.6976318359375,
      "loudness": -41.817169189453125,
      "loudness_range": 21.712451934814453,
      "low_freq": 392.3793640136719,
      "mid_mean": -38.84214401245117,
      "mid_to_side_loudness": -12.938393592834473,
      "mid_to_side_loudness_range": 14.473113059997559,
      "side_mean": -53.3499755859375
    },
    {
      "high_freq": 1457.5709228515625,
      "loudness": -43.801109313964844,
      "loudness_range": 28.742008209228516,
      "low_freq": 794.6976318359375,
      "mid_mean": -40.603919982910156,
      "mid_to_side_loudness": -14.799918174743652,
      "mid_to_side_loudness_range": 16.440086364746094,
      "side_mean": -56.49972915649414
    },
    {
      "high_freq": 2549.74365234375,
      "loudness": -42.927276611328125,
      "loudness_range": 38.29530334472656,
      "low_freq": 1457.5709228515625,
      "mid_mean": -40.015682220458984,
      "mid_to_side_loudness": -14.366571426391602,
      "mid_to_side_loudness_range": 16.634052276611328,
      "side_mean": -55.87834167480469
    },
    {
      "high_freq": 4349.24462890625,
      "loudness": -51.732269287109375,
      "loudness_range": 34.69937515258789,
      "low_freq": 2549.74365234375,
      "mid_mean": -48.28081512451172,
      "mid_to_side_loudness": -17.705610275268555,
      "mid_to_side_loudness_range": 21.118741989135742,
      "side_mean": -63.64975357055664
    },
    {
      "high_freq": 7314.1640625,
      "loudness": -65.90637969970703,
      "loudness_range": 27.51534652709961,
      "low_freq": 4349.24462890625,
      "mid_mean": -61.52143859863281,
      "mid_to_side_loudness": -22.84927749633789,
      "mid_to_side_loudness_range": 29.948444366455078,
      "side_mean": -69.1815414428711
    },
    {
      "high_freq": 12199.2666015625,
      "loudness": -73.38677978515625,
      "loudness_range": 14.388236999511719,
      "low_freq": 7314.1640625,
      "mid_mean": -66.76611328125,
      "mid_to_side_loudness": -20.021360397338867,
      "mid_to_side_loudness_range": 26.65585708618164,
      "side_mean": -69.95813751220703
    },
    {
      "loudness": -77.2023696899414,
      "loudness_range": 3.130615234375,
      "low_freq": 12199.2666015625,
      "mid_mean": -68.64651489257812,
      "mid_to_side_loudness": -6.6655683517456055,
      "mid_to_side_loudness_range": 7.361688137054443,
      "side_mean": -69.71723175048828
    }
  ],
  "bands_short": [
    {
      "high_freq": 148.1999969482422,
      "loudness": -50.362815856933594,
      "loudness_range": 21.047000885009766,
      "mid_mean": -46.891136169433594,
      "mid_to_side_loudness": -18.95608901977539,
      "mid_to_side_loudness_range": 18.65512466430664,
      "side_mean": -63.57669448852539
    },
    {
      "high_freq": 392.3793640136719,
      "loudness": -37.22356414794922,
      "loudness_range": 19.226593017578125,
      "low_freq": 148.1999969482422,
      "mid_mean": -33.71441650390625,
      "mid_to_side_loudness": -16.24219512939453,
      "mid_to_side_loudness_range": 14.156678199768066,
      "side_mean": -51.60542297363281
    },
    {
      "high_freq": 794.6976318359375,
      "loudness": -39.3151741027832,
      "loudness_range": 22.551166534423828,
      "low_freq": 392.3793640136719,
      "mid_mean": -36.324642181396484,
      "mid_to_side_loudness": -12.913228034973145,
      "mid_to_side_loudness_range": 16.29651641845703,
      "side_mean": -51.65797424316406
    },
    {
      "high_freq": 1457.5709228515625,
      "loudness": -43.942138671875,
      "loudness_range": 29.579898834228516,
      "low_freq": 794.6976318359375,
      "mid_mean": -40.76019287109375,
      "mid_to_side_loudness": -14.354957580566406,
      "mid_to_side_loudness_range": 18.31368637084961,
      "side_mean": -56.52742004394531
    },
    {
      "high_freq": 2549.74365234375,
      "loudness": -43.34664535522461,
      "loudness_range": 35.97843933105469,
      "low_freq": 1457.5709228515625,
      "mid_mean": -40.50238037109375,
      "mid_to_side_loudness": -14.147965431213379,
      "mid_to_side_loudness_range": 19.97113609313965,
      "side_mean": -56.232513427734375
    },
    {
      "high_freq": 4349.24462890625,
      "loudness": -51.808109283447266,
      "loudness_range": 34.73165512084961,
      "low_freq": 2549.74365234375,
      "mid_mean": -48.402435302734375,
      "mid_to_side_loudness": -17.381698608398438,
      "mid_to_side_loudness_range": 21.453447341918945,
      "side_mean": -63.548133850097656
    },
    {
      "high_freq": 7314.1640625,
      "loudness": -66.12883758544922,
      "loudness_range": 26.258155822753906,
      "low_freq": 4349.24462890625,
      "mid_mean": -61.72100067138672,
      "mid_to_side_loudness": -21.644302368164062,
      "mid_to_side_loudness_range": 28.17403793334961,
      "side_mean": -69.20646667480469
    },
    {
      "high_freq": 12199.2666015625,
      "loudness": -73.53997039794922,
      "loudness_range": 9.034278869628906,
      "low_freq": 7314.1640625,
      "mid_mean": -66.8664321899414,
      "mid_to_side_loudness": -19.888578414916992,
      "mid_to_side_loudness_range": 26.54894256591797,
      "side_mean": -69.95867919921875
    },
    {
      "loudness": -77.21038818359375,
      "loudness_range": 2.6976318359375,
      "low_freq": 12199.2666015625,
      "mid_mean": -68.65782928466797,
      "mid_to_side_loudness": -6.658848762512207,
      "mid_to_side_loudness_range": 7.6160359382629395,
      "side_mean": -69.71652221679688
    }
  ],
  "bandwidth": 919.9664306640625,
  "channels": 2,
  "covariance": [
    [
      49.66287612915039,
      29.199329376220703,
      24.010562896728516,
      22.662221908569336,
      28.104846954345703,
      31.59632682800293,
      32.467342376708984,
      25.562763214111328,
      33.7406120300293,
      26.04244041442871,
      37.28559875488281,
      21.009016036987305,
      18.027891159057617,
      4.0458245277404785,
      6.208436965942383,
      0.08339611440896988,
      1.416455864906311,
      0.01710628904402256
    ],
    [
      29.199329376220703,
      31.6707820892334,
      22.343502044677734,
      32.00657272338867,
      24.841331481933594,
      36.560062408447266,
      30.649728775024414,
      30.710590362548828,
      30.35142707824707,
      32.394287109375,
      32.53916549682617,
      21.603513717651367,
      22.001251220703125,
      4.881301403045654,
      7.579777240753174,
      0.0930749699473381,
      2.084235191345215,
      0.15909583866596222
    ],
    [
      24.010562896728516,
      22.343502044677734,
      57.53683853149414,
      49.164276123046875,
      30.48723793029785,
      31.245140075683594,
      52.15571594238281,
      37.36787796020508,
      40.70042419433594,
      35.708457946777344,
      46.5643424987793,
      29.50520133972168,
      27.00710678100586,
      4.924715518951416,
      7.686014652252197,
      0.0979454517364502,
      1.7897557020187378,
      0.005861202254891396
    ],
    [
      22.662221908569336,
      32.00657272338867,
      49.164276123046875,
      81.14208984375,
      26.393539428710938,
      55.3403434753418,
      46.22725296020508,
      56.2013053894043,
      41.52212905883789,
      55.1749267578125,
      49.650325775146484,
      37.660213470458984,
      37.987091064453125,
      5.911179542541504,
      12.015769958496094,
      0.14601261913776398,
      3.7287304401397705,
      0.39433443546295166
    ],
    [
      28.104846954345703,
      24.841331481933594,
      30.48723793029785,
      26.393539428710938,
      62.40773010253906,
      54.86086654663086,
      57.280155181884766,
      46.618865966796875,
      58.732669830322266,
      51.48493957519531,
      57.72207260131836,
      33.923484802246094,
      38.89674758911133,
      10.394293785095215,
      13.477619171142578,
      0.17201700806617737,
      2.6697754859924316,
      0.017547037452459335
    ],
    [
      31.59632682800293,
      36.560062408447266,
      31.245140075683594,
      55.3403434753418,
      54.86086654663086,
      83.37389373779297,
      62.11796951293945,
      68.822265625,
      66.76748657226562,
      73.92046356201172,
      65.94947814941406,
      43.7185173034668,
      50.11899185180664,
      10.726601600646973,
      16.48096466064453,
      0.17034970223903656,
      4.232891082763672,
      0.3499753773212433
    ],
    [
      32.467342376708984,
      30.649728775024414,
      52.15571594238281,
      46.22725296020508,
      57.280155181884766,
      62.11796951293945,
      94.64460754394531,
      71.08444213867188,
      83.51119995117188,
      73.54644012451172,
      87.5968017578125,
      53.771156311035156,
      55.24692153930664,
      13.359981536865234,
      15.990105628967285,
      0.1881639063358307,
      3.2355053424835205,
      0.030768590047955513
    ],
    [
      25.562763214111328,
      30.710590362548828,
      37.36787796020508,
      56.2013053894043,
      46.618865966796875,
      68.822265625,
      71.08444213867188,
      76.01484680175781,
      69.8755874633789,
      75.54771423339844,
      71.82318878173828,
      49.40016555786133,
      54.032569885253906,
      12.365147590637207,
      17.143756866455078,
      0.19155222177505493,
      4.324400424957275,
      0.28733083605766296
    ],
    [
      33.7406120300293,
      30.35142707824707,
      40.70042419433594,
      41.52212905883789,
      58.732669830322266,
      66.76748657226562,
      83.51119995117188,
      69.8755874633789,
      120.60304260253906,
      99.3720932006836,
      99.89546203613281,
      60.45807647705078,
      68.7662353515625,
      18.651836395263672,
      20.39474868774414,
      0.22433391213417053,
      4.051466941833496,
      0.03571679815649986
    ],
    [
      26.04244041442871,
      32.394287109375,
      35.708457946777344,
      55.1749267578125,
      51.48493957519531,
      73.92046356201172,
      73.54644012451172,
      75.54771423339844,
      99.3720932006836,
      104.09192657470703,
      83.8646469116211,
      57.141136169433594,
      64.79402923583984,
      16.494232177734375,
      19.944843292236328,
      0.20460893213748932,
      4.764030933380127,
      0.30162036418914795
    ],
    [
      37.28559875488281,
      32.53916549682617,
      46.5643424987793,
      49.650325775146484,
      57.72207260131836,
      65.94947814941406,
      87.5968017578125,
      71.82318878173828,
      99.89546203613281,
      83.8646469116211,
      114.99909973144531,
      66.37303161621094,
      65.97639465332031,
      14.913844108581543,
      19.051475524902344,
      0.2106478363275528,
      3.9459354877471924,
      0.041212163865566254
    ],
    [
      21.009016036987305,
      21.603513717651367,
      29.50520133972168,
      37.660213470458984,
      33.923484802246094,
      43.7185173034668,
      53.771156311035156,
      49.40016555786133,
      60.45807647705078,
      57.141136169433594,
      66.37303161621094,
      45.25293731689453,
      44.59798049926758,
      11.141435623168945,
      13.90461254119873,
      0.17515075206756592,
      3.200914144515991,
      0.14014458656311035
    ],
    [
      18.027891159057617,
      22.001251220703125,
      27.00710678100586,
      37.987091064453125,
      38.89674758911133,
      50.11899185180664,
      55.24692153930664,
      54.032569885253906,
      68.7662353515625,
      64.79402923583984,
      65.97639465332031,
      44.59798049926758,
      57.708702087402344,
      15.274130821228027,
      19.4403133392334,
      0.23069432377815247,
      4.515466213226318,
      0.17574526369571686
    ],
    [
      4.0458245277404785,
      4.881301403045654,
      4.924715518951416,
      5.911179542541504,
      10.394293785095215,
      10.726601600646973,
      13.359981536865234,
      12.365147590637207,
      18.651836395263672,
      16.494232177734375,
      14.913844108581543,
      11.141435623168945,
      15.274130821228027,
      6.264439582824707,
      6.463080883026123,
      0.09387097507715225,
      1.4158917665481567,
      0.013617965392768383
    ],
    [
      6.208436965942383,
      7.579777240753174,
      7.686014652252197,
      12.015769958496094,
      13.477619171142578,
      16.48096466064453,
      15.990105628967285,
      17.143756866455078,
      20.39474868774414,
      19.944843292236328,
      19.051475524902344,
      13.90461254119873,
      19.4403133392334,
      6.463080883026123,
      9.18337345123291,
      0.136586531996727,
      2.2435109615325928,
      0.061398886144161224
    ],
    [
      0.08339611440896988,
      0.0930749699473381,
      0.0979454517364502,
      0.14601261913776398,
      0.17201700806617737,
      0.17034970223903656,
      0.1881639063358307,
      0.19155222177505493,
      0.22433391213417053,
      0.20460893213748932,
      0.2106478363275528,
      0.17515075206756592,
      0.23069432377815247,
      0.09387097507715225,
      0.136586531996727,
      0.00430817436426878,
      0.03413857892155647,
      0.0006459728465415537
    ],
    [
      1.416455864906311,
      2.084235191345215,
      1.7897557020187378,
      3.7287304401397705,
      2.6697754859924316,
      4.232891082763672,
      3.2355053424835205,
      4.324400424957275,
      4.051466941833496,
      4.764030933380127,
      3.9459354877471924,
      3.200914144515991,
      4.515466213226318,
      1.4158917665481567,
      2.2435109615325928,
      0.03413857892155647,
      0.6616666316986084,
      0.025434494018554688
    ],
    [
      0.01710628904402256,
      0.15909583866596222,
      0.005861202254891396,
      0.39433443546295166,
      0.017547037452459335,
      0.3499753773212433,
      0.030768590047955513,
      0.28733083605766296,
      0.03571679815649986,
      0.30162036418914795,
      0.041212163865566254,
      0.14014458656311035,
      0.17574526369571686,
      0.013617965392768383,
      0.061398886144161224,
      0.0006459728465415537,
      0.025434494018554688,
      0.005361472722142935
    ]
  ],
  "covariance_short": [
    [
      58.49027633666992,
      29.60965919494629,
      30.36784553527832,
      29.5008544921875,
      24.07111930847168,
      32.9655876159668,
      34.78924560546875,
      28.506494522094727,
      36.101844787597656,
      29.947635650634766,
      39.887184143066406,
      23.651145935058594,
      18.680633544921875,
      4.060471534729004,
      5.630731105804443,
      0.07152559608221054,
      1.224972128868103,
      0.004445684142410755
    ],
    [
      29.60965919494629,
      32.4322624206543,
      23.91512680053711,
      32.19500732421875,
      24.97710609436035,
      34.447227478027344,
      31.059541702270508,
      30.066635131835938,
      29.770776748657227,
      31.665924072265625,
      31.283411026000977,
      21.784061431884766,
      20.046091079711914,
      4.541074275970459,
      6.193615436553955,
      0.06829360872507095,
      1.6670045852661133,
      0.1311240941286087
    ],
    [
      30.36784553527832,
      23.91512680053711,
      49.885257720947266,
      39.980873107910156,
      37.854095458984375,
      38.186466217041016,
      46.92938232421875,
      34.037776947021484,
      38.30976867675781,
      32.353450775146484,
      43.18935775756836,
      27.765478134155273,
      23.74101448059082,
      4.720831871032715,
      6.451557159423828,
      0.09970930963754654,
      1.4064233303070068,
      -0.0007776124402880669
    ],
    [
      29.5008544921875,
      32.19500732421875,
      39.980873107910156,
      73.22824096679688,
      35.83405685424805,
      65.25304412841797,
      41.6003303527832,
      52.367576599121094,
      38.119808197021484,
      50.96369171142578,
      45.43611145019531,
      35.52335739135742,
      34.28099060058594,
      5.729813098907471,
      10.454399108886719,
      0.14625900983810425,
      3.277290105819702,
      0.3645954728126526
    ],
    [
      24.07111930847168,
      24.97710609436035,
      37.854095458984375,
      35.83405685424805,
      63.33888244628906,
      49.87594223022461,
      58.67791748046875,
      45.629425048828125,
      54.32183074951172,
      47.5138053894043,
      55.60182189941406,
      34.7258186340332,
      35.522823333740234,
      8.86628246307373,
      10.06094741821289,
      0.13930103182792664,
      1.8704853057861328,
      0.002306063426658511
    ],
    [
      32.9655876159668,
      34.447227478027344,
      38.186466217041016,
      65.25304412841797,
      49.87594223022461,
      93.2756118774414,
      63.99306869506836,
      73.05494689941406,
      65.29944610595703,
      74.24397277832031,
      68.91121673583984,
      47.461856842041016,
      48.68594741821289,
      9.814504623413086,
      14.508331298828125,
      0.16265952587127686,
      3.916722059249878,
      0.37372636795043945
    ],
    [
      34.78924560546875,
      31.059541702270508,
      46.92938232421875,
      41.6003303527832,
      58.67791748046875,
      63.99306869506836,
      95.58678436279297,
      68.96500396728516,
      82.8155517578125,
      71.65926361083984,
      88.05843353271484,
      55.22208023071289,
      52.53807830810547,
      12.906545639038086,
      14.39995002746582,
      0.18464311957359314,
      2.8071439266204834,
      0.02764827571809292
    ],
    [
      28.506494522094727,
      30.066635131835938,
      34.037776947021484,
      52.367576599121094,
      45.629425048828125,
      73.05494689941406,
      68.96500396728516,
      77.32798767089844,
      69.67034912109375,
      74.65707397460938,
      73.0035171508789,
      51.40636444091797,
      51.325809478759766,
      11.87856674194336,
      15.569755554199219,
      0.19206933677196503,
      3.9334568977355957,
      0.2815439701080322
    ],
    [
      36.101844787597656,
      29.770776748657227,
      38.30976867675781,
      38.119808197021484,
      54.32183074951172,
      65.29944610595703,
      82.8155517578125,
      69.67034912109375,
      123.45178985595703,
      95.48466491699219,
      103.04500579833984,
      63.86712646484375,
      65.98856353759766,
      17.668020248413086,
      18.694299697875977,
      0.21626636385917664,
      3.6499013900756836,
      0.030637312680482864
    ],
    [
      29.947635650634766,
      31.665924072265625,
      32.353450775146484,
      50.96369171142578,
      47.5138053894043,
      74.24397277832031,
      71.65926361083984,
      74.65707397460938,
      95.48466491699219,
      102.37325286865234,
      85.69095611572266,
      59.80998229980469,
      61.310237884521484,
      15.648297309875488,
      18.363187789916992,
      0.1995590180158615,
      4.410836696624756,
      0.28989356756210327
    ],
    [
      39.887184143066406,
      31.283411026000977,
      43.18935775756836,
      45.43611145019531,
      55.60182189941406,
      68.91121673583984,
      88.05843353271484,
      73.0035171508789,
      103.04500579833984,
      85.69095611572266,
      121.90715026855469,
      70.33012390136719,
      67.02531433105469,
      15.708760261535645,
      18.954755783081055,
      0.2110477238893509,
      3.9319100379943848,
      0.03822983801364899
    ],
    [
      23.651145935058594,
      21.784061431884766,
      27.765478134155273,
      35.52335739135742,
      34.7258186340332,
      47.461856842041016,
      55.22208023071289,
      51.40636444091797,
      63.86712646484375,
      59.80998229980469,
      70.33012390136719,
      50.64573287963867,
      45.67178726196289,
      12.281668663024902,
      13.963118553161621,
      0.18793785572052002,
      3.168140411376953,
      0.1394302397966385
    ],
    [
      18.680633544921875,
      20.046091079711914,
      23.74101448059082,
      34.28099060058594,
      35.522823333740234,
      48.68594741821289,
      52.53807830810547,
      51.325809478759766,
      65.98856353759766,
      61.310237884521484,
      67.02531433105469,
      45.67178726196289,
      55.572139739990234,
      14.027987480163574,
      17.5740966796875,
      0.19667530059814453,
      4.119292259216309,
      0.16761082410812378
    ],
    [
      4.060471534729004,
      4.541074275970459,
      4.720831871032715,
      5.729813098907471,
      8.86628246307373,
      9.814504623413086,
      12.906545639038086,
      11.87856674194336,
      17.668020248413086,
      15.648297309875488,
      15.708760261535645,
      12.281668663024902,
      14.027987480163574,
      6.104357719421387,
      5.54355525970459,
      0.09735146164894104,
      1.1623879671096802,
      0.012851662002503872
    ],
    [
      5.630731105804443,
      6.193615436553955,
      6.451557159423828,
      10.454399108886719,
      10.06094741821289,
      14.508331298828125,
      14.39995002746582,
      15.569755554199219,
      18.694299697875977,
      18.363187789916992,
      18.954755783081055,
      13.963118553161621,
      17.5740966796875,
      5.54355525970459,
      8.046656608581543,
      0.09000746160745621,
      2.023418664932251,
      0.0567016527056694
    ],
    [
      0.07152559608221054,
      0.06829360872507095,
      0.09970930963754654,
      0.14625900983810425,
      0.13930103182792664,
      0.16265952587127686,
      0.18464311957359314,
      0.19206933677196503,
      0.21626636385917664,
      0.1995590180158615,
      0.2110477238893509,
      0.18793785572052002,
      0.19667530059814453,
      0.09735146164894104,
      0.09000746160745621,
      0.0059421490877866745,
      0.0183065477758646,
      0.0007059603813104331
    ],
    [
      1.224972128868103,
      1.6670045852661133,
      1.4064233303070068,
      3.277290105819702,
      1.8704853057861328,
      3.916722059249878,
      2.8071439266204834,
      3.9334568977355957,
      3.6499013900756836,
      4.410836696624756,
      3.9319100379943848,
      3.168140411376953,
      4.119292259216309,
      1.1623879671096802,
      2.023418664932251,
      0.0183065477758646,
      0.6750329732894897,
      0.023957302793860435
    ],
    [
      0.004445684142410755,
      0.1311240941286087,
      -0.0007776124402880669,
      0.3645954728126526,
      0.002306063426658511,
      0.37372636795043945,
      0.02764827571809292,
      0.2815439701080322,
      0.030637312680482864,
      0.28989356756210327,
      0.03822983801364899,
      0.1394302397966385,
      0.16761082410812378,
      0.012851662002503872,
      0.0567016527056694,
      0.0007059603813104331,
      0.023957302793860435,
      0.006507521029561758
    ]
  ],
  "damage": -12.860218048095703,
  "diff_bandwidth": 951.646728515625,
  "dissonance": 4.014283126613499,
  "drr": 9.29867935180664,
  "dynamics": 6.6950225830078125,
  "format": 1245190,
  "frames": 3316672,
  "loudness": -27.498117446899414,
  "loudness_range": 26.452499389648438,
  "loudness_range_short": 25.697956085205078,
  "lowpass_true_peak_15khz": -4.309652805328369,
  "mastering3_acoustic_entropies": [
    {
      "acoustic_entropy": 7.207868576049805,
      "acoustic_entropy_mono": 7.209344387054443,
      "band_eliminated_acoustic_entropies": [
        {
          "acoustic_entropy": 7.209717750549316,
          "acoustic_entropy_side": 7.207870006561279,
          "hz": 129.47220167065723
        },
        {
          "acoustic_entropy": 7.236936569213867,
          "acoustic_entropy_side": 7.20786714553833,
          "hz": 202.92927478742237
        },
        {
          "acoustic_entropy": 7.330491065979004,
          "acoustic_entropy_side": 7.208469867706299,
          "hz": 282.89161906338205
        },
        {
          "acoustic_entropy": 7.276859760284424,
          "acoustic_entropy_side": 7.208459377288818,
          "hz": 369.9353335868758
        },
        {
          "acoustic_entropy": 6.992375373840332,
          "acoustic_entropy_side": 7.190682888031006,
          "hz": 464.6875360973435
        },
        {
          "acoustic_entropy": 7.098446846008301,
          "acoustic_entropy_side": 7.205027103424072,
          "hz": 567.8308811364784
        },
        {
          "acoustic_entropy": 6.992973327636719,
          "acoustic_entropy_side": 7.180944919586182,
          "hz": 680.1084783214808
        },
        {
          "acoustic_entropy": 7.300801753997803,
          "acoustic_entropy_side": 7.221490859985352,
          "hz": 802.3292461747484
        },
        {
          "acoustic_entropy": 7.264473915100098,
          "acoustic_entropy_side": 7.2291107177734375,
          "hz": 935.3737400823702
        },
        {
          "acoustic_entropy": 7.338743686676025,
          "acoustic_entropy_side": 7.23496150970459,
          "hz": 1080.2004963696966
        },
        {
          "acoustic_entropy": 7.005288124084473,
          "acoustic_entropy_side": 7.204303741455078,
          "hz": 1237.8529382007157
        },
        {
          "acoustic_entropy": 6.533404350280762,
          "acoustic_entropy_side": 7.21789026260376,
          "hz": 1409.4668930556702
        },
        {
          "acoustic_entropy": 6.8721022605896,
          "acoustic_entropy_side": 7.205517292022705,
          "hz": 1596.2787759475705
        },
        {
          "acoustic_entropy": 6.501615047454834,
          "acoustic_entropy_side": 7.228850364685059,
          "hz": 1799.6344973346393
        },
        {
          "acoustic_entropy": 6.979870796203613,
          "acoustic_entropy_side": 7.210323810577393,
          "hz": 2020.9991599069049
        },
        {
          "acoustic_entropy": 7.350858688354492,
          "acoustic_entropy_side": 7.2046380043029785,
          "hz": 2261.9676141086993
        },
        {
          "acoustic_entropy": 7.15237283706665,
          "acoustic_entropy_side": 7.205956935882568,
          "hz": 2524.2759484456974
        },
        {
          "acoustic_entropy": 7.049408912658691,
          "acoustic_entropy_side": 7.204025745391846,
          "hz": 2809.813997359896
        },
        {
          "acoustic_entropy": 7.099059581756592,
          "acoustic_entropy_side": 7.20762825012207,
          "hz": 3120.6389567871424
        },
        {
          "acoustic_entropy": 6.939833641052246,
          "acoustic_entropy_side": 7.206432819366455,
          "hz": 3458.990205492291
        },
        {
          "acoustic_entropy": 6.9851274490356445,
          "acoustic_entropy_side": 7.207703590393066,
          "hz": 3827.305438964164
        },
        {
          "acoustic_entropy": 7.074611663818359,
          "acoustic_entropy_side": 7.207784175872803,
          "hz": 4228.238232109126
        },
        {
          "acoustic_entropy": 7.189021587371826,
          "acoustic_entropy_side": 7.207846164703369,
          "hz": 4664.6771572759235
        },
        {
          "acoustic_entropy": 7.210667610168457,
          "acoustic_entropy_side": 7.207878589630127,
          "hz": 5139.766595350093
        },
        {
          "acoustic_entropy": 7.210860252380371,
          "acoustic_entropy_side": 7.20787239074707,
          "hz": 5656.929389854203
        },
        {
          "acoustic_entropy": 7.207749843597412,
          "acoustic_entropy_side": 7.207868576049805,
          "hz": 6219.891507268283
        },
        {
          "acoustic_entropy": 7.207683563232422,
          "acoustic_entropy_side": 7.207868576049805,
          "hz": 6832.70888123896
        },
        {
          "acoustic_entropy": 7.207901477813721,
          "acoustic_entropy_side": 7.207868576049805,
          "hz": 7499.796634079867
        },
        {
          "acoustic_entropy": 7.2078680992126465,
          "acoustic_entropy_side": 7.207868576049805,
          "hz": 8225.96088609342
        },
        {
          "acoustic_entropy": 7.207850456237793,
          "acoustic_entropy_side": 7.207868576049805,
          "hz": 9016.43338188839
        },
        {
          "acoustic_entropy": 7.207847595214844,
          "acoustic_entropy_side": 7.207868576049805,
          "hz": 9876.909183162974
        },
        {
          "acoustic_entropy": 7.207866191864014,
          "acoustic_entropy_side": 7.207868576049805,
          "hz": 10813.587699516042
        },
        {
          "acoustic_entropy": 7.2078704833984375,
          "acoustic_entropy_side": 7.207868576049805,
          "hz": 11833.21735289826
        },
        {
          "acoustic_entropy": 7.20786714553833,
          "acoustic_entropy_side": 7.207868576049805,
          "hz": 12943.144197493959
        },
        {
          "acoustic_entropy": 7.2078680992126465,
          "acoustic_entropy_side": 7.207868576049805,
          "hz": 14151.364845322005
        },
        {
          "acoustic_entropy": 7.2078680992126465,
          "acoustic_entropy_side": 7.207868576049805,
          "hz": 15466.58407886509
        },
        {
          "acoustic_entropy": 7.207868576049805,
          "acoustic_entropy_side": 7.207868576049805,
          "hz": 16898.27756580493
        },
        {
          "acoustic_entropy": 7.207868576049805,
          "acoustic_entropy_side": 7.207868576049805,
          "hz": 18456.760127700032
        },
        {
          "acoustic_entropy": 7.207868576049805,
          "acoustic_entropy_side": 7.207868576049805,
          "hz": 20153.260054456492
        },
        {
          "acoustic_entropy": 7.207868576049805,
          "acoustic_entropy_side": 7.207868576049805,
          "hz": 22000.00000000001
        }
      ],
      "diff_acoustic_entropy": 1.9151241779327393,
      "sn": 6
    },
    {
      "acoustic_entropy": 10.227795600891113,
      "acoustic_entropy_mono": 9.864691734313965,
      "band_eliminated_acoustic_entropies": [
        {
          "acoustic_entropy": 10.236808776855469,
          "acoustic_entropy_side": 10.227801322937012,
          "hz": 129.47220167065723
        },
        {
          "acoustic_entropy": 10.282727241516113,
          "acoustic_entropy_side": 10.227906227111816,
          "hz": 202.92927478742237
        },
        {
          "acoustic_entropy": 10.241243362426758,
          "acoustic_entropy_side": 10.234670639038086,
          "hz": 282.89161906338205
        },
        {
          "acoustic_entropy": 10.730443954467773,
          "acoustic_entropy_side": 10.236725807189941,
          "hz": 369.9353335868758
        },
        {
          "acoustic_entropy": 9.858799934387207,
          "acoustic_entropy_side": 10.287668228149414,
          "hz": 464.6875360973435
        },
        {
          "acoustic_entropy": 10.15999698638916,
          "acoustic_entropy_side": 10.23620891571045,
          "hz": 567.8308811364784
        },
        {
          "acoustic_entropy": 10.088920593261719,
          "acoustic_entropy_side": 10.199804306030273,
          "hz": 680.1084783214808
        },
        {
          "acoustic_entropy": 9.855018615722656,
          "acoustic_entropy_side": 10.204492568969727,
          "hz": 802.3292461747484
        },
        {
          "acoustic_entropy": 10.154716491699219,
          "acoustic_entropy_side": 10.20034408569336,
          "hz": 935.3737400823702
        },
        {
          "acoustic_entropy": 10.417564392089844,
          "acoustic_entropy_side": 10.172673225402832,
          "hz": 1080.2004963696966
        },
        {
          "acoustic_entropy": 10.356203079223633,
          "acoustic_entropy_side": 10.242807388305664,
          "hz": 1237.8529382007157
        },
        {
          "acoustic_entropy": 9.752476692199707,
          "acoustic_entropy_side": 10.192648887634277,
          "hz": 1409.4668930556702
        },
        {
          "acoustic_entropy": 10.168804168701172,
          "acoustic_entropy_side": 10.215768814086914,
          "hz": 1596.2787759475705
        },
        {
          "acoustic_entropy": 9.3854398727417,
          "acoustic_entropy_side": 9.804901123046875,
          "hz": 1799.6344973346393
        },
        {
          "acoustic_entropy": 9.875414848327637,
          "acoustic_entropy_side": 10.207334518432617,
          "hz": 2020.9991599069049
        },
        {
          "acoustic_entropy": 10.243688583374023,
          "acoustic_entropy_side": 10.246803283691406,
          "hz": 2261.9676141086993
        },
        {
          "acoustic_entropy": 9.963907241821289,
          "acoustic_entropy_side": 10.233795166015625,
          "hz": 2524.2759484456974
        },
        {
          "acoustic_entropy": 10.09072208404541,
          "acoustic_entropy_side": 10.266178131103516,
          "hz": 2809.813997359896
        },
        {
          "acoustic_entropy": 10.428506851196289,
          "acoustic_entropy_side": 10.225836753845215,
          "hz": 3120.6389567871424
        },
        {
          "acoustic_entropy": 10.28588581085205,
          "acoustic_entropy_side": 10.227198600769043,
          "hz": 3458.990205492291
        },
        {
          "acoustic_entropy": 9.955047607421875,
          "acoustic_entropy_side": 10.226421356201172,
          "hz": 3827.305438964164
        },
        {
          "acoustic_entropy": 10.198718070983887,
          "acoustic_entropy_side": 10.226778030395508,
          "hz": 4228.238232109126
        },
        {
          "acoustic_entropy": 10.116934776306152,
          "acoustic_entropy_side": 10.226963996887207,
          "hz": 4664.6771572759235
        },
        {
          "acoustic_entropy": 10.168540000915527,
          "acoustic_entropy_side": 10.227543830871582,
          "hz": 5139.766595350093
        },
        {
          "acoustic_entropy": 10.176496505737305,
          "acoustic_entropy_side": 10.227729797363281,
          "hz": 5656.929389854203
        },
        {
          "acoustic_entropy": 10.221343040466309,
          "acoustic_entropy_side": 10.227792739868164,
          "hz": 6219.891507268283
        },
        {
          "acoustic_entropy": 10.23106861114502,
          "acoustic_entropy_side": 10.22779369354248,
          "hz": 6832.70888123896
        },
        {
          "acoustic_entropy": 10.231396675109863,
          "acoustic_entropy_side": 10.227795600891113,
          "hz": 7499.796634079867
        },
        {
          "acoustic_entropy": 10.229653358459473,
          "acoustic_entropy_side": 10.227795600891113,
          "hz": 8225.96088609342
        },
        {
          "acoustic_entropy": 10.229153633117676,
          "acoustic_entropy_side": 10.227795600891113,
          "hz": 9016.43338188839
        },
        {
          "acoustic_entropy": 10.228267669677734,
          "acoustic_entropy_side": 10.227795600891113,
          "hz": 9876.909183162974
        },
        {
          "acoustic_entropy": 10.228043556213379,
          "acoustic_entropy_side": 10.227795600891113,
          "hz": 10813.587699516042
        },
        {
          "acoustic_entropy": 10.227921485900879,
          "acoustic_entropy_side": 10.227795600891113,
          "hz": 11833.21735289826
        },
        {
          "acoustic_entropy": 10.227813720703125,
          "acoustic_entropy_side": 10.227795600891113,
          "hz": 12943.144197493959
        },
        {
          "acoustic_entropy": 10.227806091308594,
          "acoustic_entropy_side": 10.227795600891113,
          "hz": 14151.364845322005
        },
        {
          "acoustic_entropy": 10.227800369262695,
          "acoustic_entropy_side": 10.227795600891113,
          "hz": 15466.58407886509
        },
        {
          "acoustic_entropy": 10.227795600891113,
          "acoustic_entropy_side": 10.227795600891113,
          "hz": 16898.27756580493
        },
        {
          "acoustic_entropy": 10.227795600891113,
          "acoustic_entropy_side": 10.227795600891113,
          "hz": 18456.760127700032
        },
        {
          "acoustic_entropy": 10.227795600891113,
          "acoustic_entropy_side": 10.227795600891113,
          "hz": 20153.260054456492
        },
        {
          "acoustic_entropy": 10.227795600891113,
          "acoustic_entropy_side": 10.227795600891113,
          "hz": 22000.00000000001
        }
      ],
      "diff_acoustic_entropy": 3.3219754695892334,
      "sn": 12
    },
    {
      "acoustic_entropy": 15.370599746704102,
      "acoustic_entropy_mono": 14.252328872680664,
      "band_eliminated_acoustic_entropies": [
        {
          "acoustic_entropy": 15.403898239135742,
          "acoustic_entropy_side": 15.367107391357422,
          "hz": 129.47220167065723
        },
        {
          "acoustic_entropy": 14.755598068237305,
          "acoustic_entropy_side": 15.231302261352539,
          "hz": 202.92927478742237
        },
        {
          "acoustic_entropy": 15.004059791564941,
          "acoustic_entropy_side": 15.300973892211914,
          "hz": 282.89161906338205
        },
        {
          "acoustic_entropy": 15.146400451660156,
          "acoustic_entropy_side": 15.26400089263916,
          "hz": 369.9353335868758
        },
        {
          "acoustic_entropy": 15.13422966003418,
          "acoustic_entropy_side": 15.115518569946289,
          "hz": 464.6875360973435
        },
        {
          "acoustic_entropy": 15.409317016601562,
          "acoustic_entropy_side": 15.229747772216797,
          "hz": 567.8308811364784
        },
        {
          "acoustic_entropy": 15.011933326721191,
          "acoustic_entropy_side": 15.833507537841797,
          "hz": 680.1084783214808
        },
        {
          "acoustic_entropy": 15.394548416137695,
          "acoustic_entropy_side": 15.01462173461914,
          "hz": 802.3292461747484
        },
        {
          "acoustic_entropy": 16.30278778076172,
          "acoustic_entropy_side": 15.451869010925293,
          "hz": 935.3737400823702
        },
        {
          "acoustic_entropy": 15.22376823425293,
          "acoustic_entropy_side": 15.179234504699707,
          "hz": 1080.2004963696966
        },
        {
          "acoustic_entropy": 16.03045082092285,
          "acoustic_entropy_side": 15.087977409362793,
          "hz": 1237.8529382007157
        },
        {
          "acoustic_entropy": 15.20755672454834,
          "acoustic_entropy_side": 15.157940864562988,
          "hz": 1409.4668930556702
        },
        {
          "acoustic_entropy": 15.615811347961426,
          "acoustic_entropy_side": 15.093820571899414,
          "hz": 1596.2787759475705
        },
        {
          "acoustic_entropy": 14.48918342590332,
          "acoustic_entropy_side": 14.839805603027344,
          "hz": 1799.6344973346393
        },
        {
          "acoustic_entropy": 15.159167289733887,
          "acoustic_entropy_side": 15.593481063842773,
          "hz": 2020.9991599069049
        },
        {
          "acoustic_entropy": 14.440251350402832,
          "acoustic_entropy_side": 15.212357521057129,
          "hz": 2261.9676141086993
        },
        {
          "acoustic_entropy": 14.54787826538086,
          "acoustic_entropy_side": 15.152447700500488,
          "hz": 2524.2759484456974
        },
        {
          "acoustic_entropy": 14.791735649108887,
          "acoustic_entropy_side": 15.011110305786133,
