{
  "acoustic_entropy": 221.31390380859375,
  "bands": [
    {
      "high_freq": 148.1999969482422,
      "loudness": -20.258134841918945,
      "loudness_range": 14.837510108947754,
      "mid_mean": -16.9403076171875,
      "mid_to_side_loudness": -14.626433372497559,
      "mid_to_side_loudness_range": 27.901439666748047,
      "side_mean": -34.138580322265625
    },
    {
      "high_freq": 392.3793640136719,
      "loudness": -21.48869514465332,
      "loudness_range": 15.414488792419434,
      "low_freq": 148.1999969482422,
      "mid_mean": -18.83485221862793,
      "mid_to_side_loudness": -6.866000175476074,
      "mid_to_side_loudness_range": 12.585262298583984,
      "side_mean": -25.934560775756836
    },
    {
      "high_freq": 794.6976318359375,
      "loudness": -22.334861755371094,
      "loudness_range": 14.44767951965332,
      "low_freq": 392.3793640136719,
      "mid_mean": -19.686866760253906,
      "mid_to_side_loudness": -7.004005432128906,
      "mid_to_side_loudness_range": 11.603200912475586,
      "side_mean": -26.737459182739258
    },
    {
      "high_freq": 1457.5709228515625,
      "loudness": -27.690670013427734,
      "loudness_range": 17.116140365600586,
      "low_freq": 794.6976318359375,
      "mid_mean": -25.108261108398438,
      "mid_to_side_loudness": -6.441678047180176,
      "mid_to_side_loudness_range": 10.682923316955566,
      "side_mean": -31.675418853759766
    },
    {
      "high_freq": 2549.74365234375,
      "loudness": -24.550268173217773,
      "loudness_range": 20.205890655517578,
      "low_freq": 1457.5709228515625,
      "mid_mean": -21.56808853149414,
      "mid_to_side_loudness": -8.637323379516602,
      "mid_to_side_loudness_range": 13.231009483337402,
      "side_mean": -30.71482276916504
    },
    {
      "high_freq": 4349.24462890625,
      "loudness": -24.105676651000977,
      "loudness_range": 18.647335052490234,
      "low_freq": 2549.74365234375,
      "mid_mean": -21.03469467163086,
      "mid_to_side_loudness": -8.48332691192627,
      "mid_to_side_loudness_range": 14.73517894744873,
      "side_mean": -31.416770935058594
    },
    {
      "high_freq": 7314.1640625,
      "loudness": -27.75046157836914,
      "loudness_range": 14.322498321533203,
      "low_freq": 4349.24462890625,
      "mid_mean": -24.819570541381836,
      "mid_to_side_loudness": -8.327483177185059,
      "mid_to_side_loudness_range": 13.716840744018555,
      "side_mean": -34.342769622802734
    },
    {
      "high_freq": 12199.2666015625,
      "loudness": -25.846797943115234,
      "loudness_range": 10.50131607055664,
      "low_freq": 7314.1640625,
      "mid_mean": -22.99025535583496,
      "mid_to_side_loudness": -9.31568717956543,
      "mid_to_side_loudness_range": 17.911842346191406,
      "side_mean": -33.73590087890625
    },
    {
      "loudness": -34.262611389160156,
      "loudness_range": 11.481775283813477,
      "low_freq": 12199.2666015625,
      "mid_mean": -31.615800857543945,
      "mid_to_side_loudness": -9.256717681884766,
      "mid_to_side_loudness_range": 19.19835662841797,
      "side_mean": -42.17144012451172
    }
  ],
  "bands_short": [
    {
      "high_freq": 148.1999969482422,
      "loudness": -23.91527557373047,
      "loudness_range": 27.099010467529297,
      "mid_mean": -21.286296844482422,
      "mid_to_side_loudness": -12.23087215423584,
      "mid_to_side_loudness_range": 30.354267120361328,
      "side_mean": -39.05055236816406
    },
    {
      "high_freq": 392.3793640136719,
      "loudness": -22.02265739440918,
      "loudness_range": 18.557640075683594,
      "low_freq": 148.1999969482422,
      "mid_mean": -19.485029220581055,
      "mid_to_side_loudness": -6.531678199768066,
      "mid_to_side_loudness_range": 16.26209831237793,
      "side_mean": -26.535022735595703
    },
    {
      "high_freq": 794.6976318359375,
      "loudness": -23.101791381835938,
      "loudness_range": 15.817872047424316,
      "low_freq": 392.3793640136719,
      "mid_mean": -20.65645980834961,
      "mid_to_side_loudness": -6.543000221252441,
      "mid_to_side_loudness_range": 14.389898300170898,
      "side_mean": -27.310754776000977
    },
    {
      "high_freq": 1457.5709228515625,
      "loudness": -27.514535903930664,
      "loudness_range": 20.218338012695312,
      "low_freq": 794.6976318359375,
      "mid_mean": -25.16484832763672,
      "mid_to_side_loudness": -5.981533527374268,
      "mid_to_side_loudness_range": 13.248675346374512,
      "side_mean": -31.253097534179688
    },
    {
      "high_freq": 2549.74365234375,
      "loudness": -25.673845291137695,
      "loudness_range": 22.473657608032227,
      "low_freq": 1457.5709228515625,
      "mid_mean": -22.915834426879883,
      "mid_to_side_loudness": -7.870059013366699,
      "mid_to_side_loudness_range": 15.228731155395508,
      "side_mean": -31.248689651489258
    },
    {
      "high_freq": 4349.24462890625,
      "loudness": -25.09624481201172,
      "loudness_range": 21.322582244873047,
      "low_freq": 2549.74365234375,
      "mid_mean": -22.192893981933594,
      "mid_to_side_loudness": -7.9172043800354,
      "mid_to_side_loudness_range": 15.590840339660645,
      "side_mean": -31.77250099182129
    },
    {
      "high_freq": 7314.1640625,
      "loudness": -29.012374877929688,
      "loudness_range": 18.822063446044922,
      "low_freq": 4349.24462890625,
      "mid_mean": -26.224498748779297,
      "mid_to_side_loudness": -7.71016263961792,
      "mid_to_side_loudness_range": 13.83056640625,
      "side_mean": -35.30988311767578
    },
    {
      "high_freq": 12199.2666015625,
      "loudness": -27.84712791442871,
      "loudness_range": 17.997682571411133,
      "low_freq": 7314.1640625,
      "mid_mean": -25.15416717529297,
      "mid_to_side_loudness": -8.464824676513672,
      "mid_to_side_loudness_range": 17.43735122680664,
      "side_mean": -35.45159912109375
    },
    {
      "loudness": -36.62095260620117,
      "loudness_range": 19.56604766845703,
      "low_freq": 12199.2666015625,
      "mid_mean": -34.19702911376953,
      "mid_to_side_loudness": -8.483373641967773,
      "mid_to_side_loudness_range": 17.680419921875,
      "side_mean": -48.07148742675781
    }
  ],
  "bandwidth": 642.8065185546875,
  "channels": 2,
  "covariance": [
    [
      48.0507926940918,
      32.946903228759766,
      14.271269798278809,
      7.760121822357178,
      12.78085708618164,
      11.937353134155273,
      12.155821800231934,
      10.18366527557373,
      15.163403511047363,
      12.155244827270508,
      23.282978057861328,
      19.887929916381836,
      16.293750762939453,
      25.07683753967285,
      6.143837928771973,
      14.781805038452148,
      5.185267925262451,
      14.148478507995605
    ],
    [
      32.946903228759766,
      76.42340087890625,
      17.64362335205078,
      16.308185577392578,
      23.361682891845703,
      20.839323043823242,
      20.971176147460938,
      18.191898345947266,
      29.56556510925293,
      27.30157470703125,
      34.82133865356445,
      48.497318267822266,
      29.458824157714844,
      55.40742874145508,
      14.172752380371094,
      49.38372802734375,
      18.54559326171875,
      45.996978759765625
    ],
    [
      14.271269798278809,
      17.64362335205078,
      37.907649993896484,
      21.643108367919922,
      22.2767391204834,
      14.311116218566895,
      21.85385513305664,
      15.054819107055664,
      29.178058624267578,
      22.316604614257812,
      18.98455238342285,
      29.874807357788086,
      11.16280460357666,
      15.517358779907227,
      7.370491027832031,
      8.749958038330078,
      6.490820407867432,
      15.286107063293457
    ],
    [
      7.760121822357178,
      16.308185577392578,
      21.643108367919922,
      23.8907470703125,
      17.246658325195312,
      13.956246376037598,
      17.464143753051758,
      14.444792747497559,
      21.401838302612305,
      20.27370262145996,
      14.890069007873535,
      26.88551902770996,
      10.57217025756836,
      20.04771614074707,
      5.751021385192871,
      17.212074279785156,
      6.64948034286499,
      23.856111526489258
    ],
    [
      12.78085708618164,
      23.361682891845703,
      22.2767391204834,
      17.246658325195312,
      35.80799865722656,
      20.370685577392578,
      29.302288055419922,
      19.5351505279541,
      35.6721305847168,
      26.4020938873291,
      26.851287841796875,
      33.29227828979492,
      15.251598358154297,
      23.652463912963867,
      10.168342590332031,
      19.123653411865234,
      9.07261848449707,
      22.85944938659668
    ],
    [
      11.937353134155273,
      20.839323043823242,
      14.311116218566895,
      13.956246376037598,
      20.370685577392578,
      22.16309928894043,
      18.191972732543945,
      17.617830276489258,
      21.631244659423828,
      22.44319725036621,
      17.834531784057617,
      27.151519775390625,
      12.959141731262207,
      24.954946517944336,
      7.127351760864258,
      23.962589263916016,
      7.716565132141113,
      25.46872329711914
    ],
    [
      12.155821800231934,
      20.971176147460938,
      21.85385513305664,
      17.464143753051758,
      29.302288055419922,
      18.191972732543945,
      39.92513656616211,
      23.961870193481445,
      35.52225875854492,
      27.030723571777344,
      23.372421264648438,
      32.17560577392578,
      14.51590633392334,
      20.932069778442383,
      7.9891862869262695,
      16.43232536315918,
      7.410945415496826,
      23.841156005859375
    ],
    [
      10.18366527557373,
      18.191898345947266,
      15.054819107055664,
      14.444792747497559,
      19.5351505279541,
      17.617830276489258,
      23.961870193481445,
      23.410531997680664,
      22.80901336669922,
      24.067481994628906,
      14.423056602478027,
      26.996807098388672,
      10.7854642868042,
      20.668136596679688,
      5.077956676483154,
      19.48291015625,
      6.172728061676025,
      24.297836303710938
    ],
    [
      15.163403511047363,
      29.56556510925293,
      29.178058624267578,
      21.401838302612305,
      35.6721305847168,
      21.631244659423828,
      35.52225875854492,
      22.80901336669922,
      60.07464599609375,
      34.68136978149414,
      38.21938705444336,
      48.745243072509766,
      23.381969451904297,
      32.05198669433594,
      15.787717819213867,
      27.00004768371582,
      14.351837158203125,
      32.258426666259766
    ],
    [
      12.155244827270508,
      27.30157470703125,
      22.316604614257812,
      20.27370262145996,
      26.4020938873291,
      22.44319725036621,
      27.030723571777344,
      24.067481994628906,
      34.68136978149414,
      34.53813552856445,
      22.537948608398438,
      40.522132873535156,
      16.840967178344727,
      32.36144256591797,
      8.225887298583984,
      29.887889862060547,
      10.11361026763916,
      34.651859283447266
    ],
    [
      23.282978057861328,
      34.82133865356445,
      18.98455238342285,
      14.890069007873535,
      26.851287841796875,
      17.834531784057617,
      23.372421264648438,
      14.423056602478027,
      38.21938705444336,
      22.537948608398438,
      52.666500091552734,
      39.689056396484375,
      31.39737892150879,
      43.24238967895508,
      20.192188262939453,
      34.32810974121094,
      18.031917572021484,
      37.31415557861328
    ],
    [
      19.887929916381836,
      48.497318267822266,
      29.874807357788086,
      26.88551902770996,
      33.29227828979492,
      27.151519775390625,
      32.17560577392578,
      26.996807098388672,
      48.745243072509766,
      40.522132873535156,
      39.689056396484375,
      69.73210906982422,
      30.30738067626953,
      56.95211410522461,
      15.585132598876953,
      52.97069549560547,
      18.32579231262207,
      58.6705436706543
    ],
    [
      16.293750762939453,
      29.458824157714844,
      11.16280460357666,
      10.57217025756836,
      15.251598358154297,
      12.959141731262207,
      14.51590633392334,
      10.7854642868042,
      23.381969451904297,
      16.840967178344727,
      31.39737892150879,
      30.30738067626953,
      36.744083404541016,
      40.80886459350586,
      20.70953369140625,
      36.94791030883789,
      18.754289627075195,
      32.7805290222168
    ],
    [
      25.07683753967285,
      55.40742874145508,
      15.517358779907227,
      20.04771614074707,
      23.652463912963867,
      24.954946517944336,
      20.932069778442383,
      20.668136596679688,
      32.05198669433594,
      32.36144256591797,
      43.24238967895508,
      56.95211410522461,
      40.80886459350586,
      79.57744598388672,
      20.145225524902344,
      69.056396484375,
      24.55550193786621,
      67.8012466430664
    ],
    [
      6.143837928771973,
      14.172752380371094,
      7.370491027832031,
      5.751021385192871,
      10.168342590332031,
      7.127351760864258,
      7.9891862869262695,
      5.077956676483154,
      15.787717819213867,
      8.225887298583984,
      20.192188262939453,
      15.585132598876953,
      20.70953369140625,
      20.145225524902344,
      24.557937622070312,
      24.03070831298828,
      18.640819549560547,
      21.970979690551758
    ],
    [
      14.781805038452148,
      49.38372802734375,
      8.749958038330078,
      17.212074279785156,
      19.123653411865234,
      23.962589263916016,
      16.43232536315918,
      19.48291015625,
      27.00004768371582,
      29.887889862060547,
      34.32810974121094,
      52.97069549560547,
      36.94791030883789,
      69.056396484375,
      24.03070831298828,
      85.1957015991211,
      27.043134689331055,
      77.35360717773438
    ],
    [
      5.185267925262451,
      18.54559326171875,
      6.490820407867432,
      6.64948034286499,
      9.07261848449707,
      7.716565132141113,
      7.410945415496826,
      6.172728061676025,
      14.351837158203125,
      10.11361026763916,
      18.031917572021484,
      18.32579231262207,
      18.754289627075195,
      24.55550193786621,
      18.640819549560547,
      27.043134689331055,
      24.662574768066406,
      27.90780258178711
    ],
    [
      14.148478507995605,
      45.996978759765625,
      15.286107063293457,
      23.856111526489258,
      22.85944938659668,
      25.46872329711914,
      23.841156005859375,
      24.297836303710938,
      32.258426666259766,
      34.651859283447266,
      37.31415557861328,
      58.6705436706543,
      32.7805290222168,
      67.8012466430664,
      21.970979690551758,
      77.35360717773438,
      27.90780258178711,
      107.502685546875
    ]
  ],
  "covariance_short": [
    [
      120.64991760253906,
      50.99725341796875,
      21.030195236206055,
      9.767059326171875,
      13.974345207214355,
      11.323235511779785,
      12.022310256958008,
      13.291324615478516,
      15.314641952514648,
      12.15932846069336,
      19.903915405273438,
      17.655149459838867,
      15.803666114807129,
      20.732358932495117,
      10.345185279846191,
      13.761581420898438,
      10.399185180664062,
      28.88730812072754
    ],
    [
      50.99725341796875,
      117.52925109863281,
      30.776704788208008,
      26.733036041259766,
      25.63433265686035,
      21.54001808166504,
      29.69388771057129,
      26.44148063659668,
      36.500606536865234,
      32.8691520690918,
      38.75337600708008,
      52.45893096923828,
      31.34227180480957,
      55.27811050415039,
      16.000516891479492,
      45.97650146484375,
      18.26967430114746,
      76.34215545654297
    ],
    [
      21.030195236206055,
      30.776704788208008,
      49.68354415893555,
      24.668846130371094,
      23.34330177307129,
      15.72742748260498,
      22.746015548706055,
      18.449996948242188,
      29.176546096801758,
      22.8942928314209,
      23.627708435058594,
      31.174272537231445,
      16.99449348449707,
      22.533143997192383,
      15.159875869750977,
      19.99555778503418,
      15.062467575073242,
      51.275421142578125
    ],
    [
      9.767059326171875,
      26.733036041259766,
      24.668846130371094,
      33.146793365478516,
      17.69022560119629,
      14.443848609924316,
      20.691543579101562,
      18.18484115600586,
      23.24208641052246,
      22.012901306152344,
      17.98324966430664,
      29.436397552490234,
      13.362760543823242,
      23.059616088867188,
      7.992031574249268,
      20.930469512939453,
      9.43200969696045,
      44.720821380615234
    ],
    [
      13.974345207214355,
      25.63433265686035,
      23.34330177307129,
      17.69022560119629,
      42.21506881713867,
      20.77095603942871,
      31.021770477294922,
      21.10919189453125,
      38.505950927734375,
      25.399213790893555,
      32.124725341796875,
      30.974565505981445,
      20.007902145385742,
      22.509740829467773,
      19.59736442565918,
      19.590730667114258,
      17.40386390686035,
      49.939788818359375
    ],
    [
      11.323235511779785,
      21.54001808166504,
      15.72742748260498,
      14.443848609924316,
      20.77095603942871,
      25.768321990966797,
      19.91913604736328,
      19.73125648498535,
      22.81882095336914,
      21.808406829833984,
      18.682708740234375,
      25.66897964477539,
      14.366462707519531,
      22.92611312866211,
      9.525192260742188,
      20.822460174560547,
      9.830723762512207,
      41.33715057373047
    ],
    [
      12.022310256958008,
      29.69388771057129,
      22.746015548706055,
      20.691543579101562,
      31.021770477294922,
      19.91913604736328,
      52.253082275390625,
      30.70249366760254,
      43.91312789916992,
      31.4082088470459,
      33.05281448364258,
      37.407379150390625,
      22.362287521362305,
      27.885440826416016,
      17.60112190246582,
      25.475343704223633,
      17.89584732055664,
      58.57530975341797
    ],
    [
      13.291324615478516,
      26.44148063659668,
      18.449996948242188,
      18.18484115600586,
      21.10919189453125,
      19.73125648498535,
      30.70249366760254,
      33.59415817260742,
      29.31224250793457,
      28.75055694580078,
      20.625219345092773,
      33.420066833496094,
      16.645450592041016,
      27.984424591064453,
      10.482698440551758,
      27.14246368408203,
      12.118066787719727,
      51.433101654052734
    ],
    [
      15.314641952514648,
      36.500606536865234,
      29.176546096801758,
      23.24208641052246,
      38.505950927734375,
      22.81882095336914,
      43.91312789916992,
      29.31224250793457,
      69.99557495117188,
      37.806068420410156,
      48.50323486328125,
      49.14917755126953,
      31.88047218322754,
      36.215850830078125,
      27.194063186645508,
      32.43461990356445,
      25.173545837402344,
      70.09490203857422
    ],
    [
      12.15932846069336,
      32.8691520690918,
      22.8942928314209,
      22.012901306152344,
      25.399213790893555,
      21.808406829833984,
      31.4082088470459,
      28.75055694580078,
      37.806068420410156,
      38.3394775390625,
      26.42820930480957,
      41.366947174072266,
      20.61614227294922,
      34.00749588012695,
      12.440010070800781,
      31.417503356933594,
      13.947232246398926,
      60.88827133178711
    ],
    [
      19.903915405273438,
      38.75337600708008,
      23.627708435058594,
      17.98324966430664,
      32.124725341796875,
      18.682708740234375,
      33.05281448364258,
      20.625219345092773,
      48.50323486328125,
      26.42820930480957,
      65.4450454711914,
      44.61914825439453,
      42.30537796020508,
      48.23167037963867,
      34.02885055541992,
      41.14698791503906,
      30.40085220336914,
      63.845943450927734
    ],
    [
      17.655149459838867,
      52.45893096923828,
      31.174272537231445,
      29.436397552490234,
      30.974565505981445,
      25.66897964477539,
      37.407379150390625,
      33.420066833496094,
      49.14917755126953,
      41.366947174072266,
      44.61914825439453,
      70.135498046875,
      35.98490524291992,
      58.93641662597656,
      21.680580139160156,
      54.26425552368164,
      23.328237533569336,
      86.96353149414062
    ],
    [
      15.803666114807129,
      31.34227180480957,
      16.99449348449707,
      13.362760543823242,
      20.007902145385742,
      14.366462707519531,
      22.362287521362305,
      16.645450592041016,
      31.88047218322754,
      20.61614227294922,
      42.30537796020508,
      35.98490524291992,
      54.6240348815918,
      50.4806022644043,
      39.946083068847656,
      49.81791305541992,
      37.09994125366211,
      63.31041717529297
    ],
    [
      20.732358932495117,
      55.27811050415039,
      22.533143997192383,
      23.059616088867188,
      22.509740829467773,
      22.92611312866211,
      27.885440826416016,
      27.984424591064453,
      36.215850830078125,
      34.00749588012695,
      48.23167037963867,
      58.93641662597656,
      50.4806022644043,
      86.11852264404297,
      30.1490535736084,
      72.73594665527344,
      32.30463409423828,
      94.01859283447266
    ],
    [
      10.345185279846191,
      16.000516891479492,
      15.159875869750977,
      7.992031574249268,
      19.59736442565918,
      9.525192260742188,
      17.60112190246582,
      10.482698440551758,
      27.194063186645508,
      12.440010070800781,
      34.02885055541992,
      21.680580139160156,
      39.946083068847656,
      30.1490535736084,
      54.29202651977539,
      41.73143005371094,
      46.57083511352539,
      48.9177131652832
    ],
    [
      13.761581420898438,
      45.97650146484375,
      19.99555778503418,
      20.930469512939453,
      19.590730667114258,
      20.822460174560547,
      25.475343704223633,
      27.14246368408203,
      32.43461990356445,
      31.417503356933594,
      41.14698791503906,
      54.26425552368164,
      49.81791305541992,
      72.73594665527344,
      41.73143005371094,
      96.78765106201172,
      43.364479064941406,
      98.42044067382812
    ],
    [
      10.399185180664062,
      18.26967430114746,
      15.062467575073242,
      9.43200969696045,
      17.40386390686035,
      9.830723762512207,
      17.89584732055664,
      12.118066787719727,
      25.173545837402344,
      13.947232246398926,
      30.40085220336914,
      23.328237533569336,
      37.09994125366211,
      32.30463409423828,
      46.57083511352539,
      43.364479064941406,
      57.23519515991211,
      54.02403259277344
    ],
    [
      28.88730812072754,
      76.34215545654297,
      51.275421142578125,
      44.720821380615234,
      49.939788818359375,
      41.33715057373047,
      58.57530975341797,
      51.433101654052734,
      70.09490203857422,
      60.88827133178711,
      63.845943450927734,
      86.96353149414062,
      63.31041717529297,
      94.01859283447266,
      48.9177131652832,
      98.42044067382812,
      54.02403259277344,
      177.36373901367188
    ]
  ],
  "damage": -5.610748291015625,
  "diff_bandwidth": 631.0413208007812,
  "dissonance": 9.337147313075803,
  "drr": 7.156505107879639,
  "dynamics": 3.6786019802093506,
  "format": 1245190,
  "frames": 10735552,
  "loudness": -9.371386528015137,
  "loudness_range": 15.239020347595215,
  "loudness_range_short": 16.663467407226562,
  "lowpass_true_peak_15khz": 1.576688528060913,
  "mastering3_acoustic_entropies": [
    {
      "acoustic_entropy": 7.96840763092041,
      "acoustic_entropy_mono": 7.9377641677856445,
      "band_eliminated_acoustic_entropies": [
        {
          "acoustic_entropy": 7.998744487762451,
          "acoustic_entropy_side": 7.9680047035217285,
          "hz": 129.47220167065723
        },
        {
          "acoustic_entropy": 8.103460311889648,
          "acoustic_entropy_side": 7.954468727111816,
          "hz": 202.92927478742237
        },
        {
          "acoustic_entropy": 8.147895812988281,
          "acoustic_entropy_side": 7.9400224685668945,
          "hz": 282.89161906338205
        },
        {
          "acoustic_entropy": 8.773303031921387,
          "acoustic_entropy_side": 7.955679893493652,
          "hz": 369.9353335868758
        },
        {
          "acoustic_entropy": 8.041640281677246,
          "acoustic_entropy_side": 8.002031326293945,
          "hz": 464.6875360973435
        },
        {
          "acoustic_entropy": 7.897022247314453,
          "acoustic_entropy_side": 8.091893196105957,
          "hz": 567.8308811364784
        },
        {
          "acoustic_entropy": 7.733249664306641,
          "acoustic_entropy_side": 7.945908546447754,
          "hz": 680.1084783214808
        },
        {
          "acoustic_entropy": 7.546457767486572,
          "acoustic_entropy_side": 7.963627338409424,
          "hz": 802.3292461747484
        },
        {
          "acoustic_entropy": 8.893353462219238,
          "acoustic_entropy_side": 7.981784343719482,
          "hz": 935.3737400823702
        },
        {
          "acoustic_entropy": 8.211224555969238,
          "acoustic_entropy_side": 8.02090072631836,
          "hz": 1080.2004963696966
        },
        {
          "acoustic_entropy": 8.256298065185547,
          "acoustic_entropy_side": 7.971840858459473,
          "hz": 1237.8529382007157
        },
        {
          "acoustic_entropy": 8.273724555969238,
          "acoustic_entropy_side": 7.9877543449401855,
          "hz": 1409.4668930556702
        },
        {
          "acoustic_entropy": 8.285591125488281,
          "acoustic_entropy_side": 7.975715160369873,
          "hz": 1596.2787759475705
        },
        {
          "acoustic_entropy": 8.065690040588379,
          "acoustic_entropy_side": 7.976772785186768,
          "hz": 1799.6344973346393
        },
        {
          "acoustic_entropy": 8.507550239562988,
          "acoustic_entropy_side": 8.04806137084961,
          "hz": 2020.9991599069049
        },
        {
          "acoustic_entropy": 8.619701385498047,
          "acoustic_entropy_side": 8.052553176879883,
          "hz": 2261.9676141086993
        },
        {
          "acoustic_entropy": 8.058362007141113,
          "acoustic_entropy_side": 7.934478759765625,
          "hz": 2524.2759484456974
        },
        {
          "acoustic_entropy": 8.006084442138672,
          "acoustic_entropy_side": 7.86851167678833,
          "hz": 2809.813997359896
        },
        {
          "acoustic_entropy": 8.132497787475586,
          "acoustic_entropy_side": 7.859686374664307,
          "hz": 3120.6389567871424
        },
        {
          "acoustic_entropy": 7.94825553894043,
          "acoustic_entropy_side": 7.884913444519043,
          "hz": 3458.990205492291
        },
        {
          "acoustic_entropy": 7.9505615234375,
          "acoustic_entropy_side": 7.80795955657959,
          "hz": 3827.305438964164
        },
        {
          "acoustic_entropy": 8.040754318237305,
          "acoustic_entropy_side": 7.848916530609131,
          "hz": 4228.238232109126
        },
        {
          "acoustic_entropy": 8.144793510437012,
          "acoustic_entropy_side": 7.901554584503174,
          "hz": 4664.6771572759235
        },
        {
          "acoustic_entropy": 8.0094575881958,
          "acoustic_entropy_side": 7.923255443572998,
          "hz": 5139.766595350093
        },
        {
          "acoustic_entropy": 7.8357086181640625,
          "acoustic_entropy_side": 7.893702030181885,
          "hz": 5656.929389854203
        },
        {
          "acoustic_entropy": 7.813597202301025,
          "acoustic_entropy_side": 7.890601634979248,
          "hz": 6219.891507268283
        },
        {
          "acoustic_entropy": 7.854857444763184,
          "acoustic_entropy_side": 7.913028717041016,
          "hz": 6832.70888123896
        },
        {
          "acoustic_entropy": 7.8545966148376465,
          "acoustic_entropy_side": 7.933010578155518,
          "hz": 7499.796634079867
        },
        {
          "acoustic_entropy": 7.72176456451416,
          "acoustic_entropy_side": 7.950977802276611,
          "hz": 8225.96088609342
        },
        {
          "acoustic_entropy": 7.703015327453613,
          "acoustic_entropy_side": 7.958689212799072,
          "hz": 9016.43338188839
        },
        {
          "acoustic_entropy": 7.641629695892334,
          "acoustic_entropy_side": 7.950582981109619,
          "hz": 9876.909183162974
        },
        {
          "acoustic_entropy": 7.6687421798706055,
          "acoustic_entropy_side": 7.970233917236328,
          "hz": 10813.587699516042
        },
        {
          "acoustic_entropy": 7.790228366851807,
          "acoustic_entropy_side": 7.998150825500488,
          "hz": 11833.21735289826
        },
        {
          "acoustic_entropy": 7.8985137939453125,
          "acoustic_entropy_side": 8.008662223815918,
          "hz": 12943.144197493959
        },
        {
          "acoustic_entropy": 7.8893866539001465,
          "acoustic_entropy_side": 8.004217147827148,
          "hz": 14151.364845322005
        },
        {
          "acoustic_entropy": 7.920928001403809,
          "acoustic_entropy_side": 7.990457534790039,
          "hz": 15466.58407886509
        },
        {
          "acoustic_entropy": 7.9611382484436035,
          "acoustic_entropy_side": 7.978434085845947,
          "hz": 16898.27756580493
        },
        {
          "acoustic_entropy": 7.952645301818848,
          "acoustic_entropy_side": 7.971735000610352,
          "hz": 18456.760127700032
        },
        {
          "acoustic_entropy": 7.957056045532227,
          "acoustic_entropy_side": 7.969570636749268,
          "hz": 20153.260054456492
        },
        {
          "acoustic_entropy": 7.965831279754639,
          "acoustic_entropy_side": 7.968515872955322,
          "hz": 22000.00000000001
        }
      ],
      "diff_acoustic_entropy": 8.550293922424316,
      "sn": 6
    },
    {
      "acoustic_entropy": 12.914326667785645,
      "acoustic_entropy_mono": 12.367835998535156,
      "band_eliminated_acoustic_entropies": [
        {
          "acoustic_entropy": 13.097933769226074,
          "acoustic_entropy_side": 12.915173530578613,
          "hz": 129.47220167065723
        },
        {
          "acoustic_entropy": 13.103527069091797,
          "acoustic_entropy_side": 12.873849868774414,
          "hz": 202.92927478742237
        },
        {
          "acoustic_entropy": 12.8580904006958,
          "acoustic_entropy_side": 12.77530288696289,
          "hz": 282.89161906338205
        },
        {
          "acoustic_entropy": 14.066960334777832,
          "acoustic_entropy_side": 12.930203437805176,
          "hz": 369.9353335868758
        },
        {
          "acoustic_entropy": 13.22475528717041,
          "acoustic_entropy_side": 12.955294609069824,
          "hz": 464.6875360973435
        },
        {
          "acoustic_entropy": 12.418319702148438,
          "acoustic_entropy_side": 12.934475898742676,
          "hz": 567.8308811364784
        },
        {
          "acoustic_entropy": 12.5560941696167,
          "acoustic_entropy_side": 12.781362533569336,
          "hz": 680.1084783214808
        },
        {
          "acoustic_entropy": 12.301260948181152,
          "acoustic_entropy_side": 12.951193809509277,
          "hz": 802.3292461747484
        },
        {
          "acoustic_entropy": 12.845094680786133,
          "acoustic_entropy_side": 12.984119415283203,
          "hz": 935.3737400823702
        },
        {
          "acoustic_entropy": 12.808727264404297,
          "acoustic_entropy_side": 12.909274101257324,
          "hz": 1080.2004963696966
        },
        {
          "acoustic_entropy": 13.126299858093262,
          "acoustic_entropy_side": 12.914234161376953,
          "hz": 1237.8529382007157
        },
        {
          "acoustic_entropy": 12.97468376159668,
          "acoustic_entropy_side": 12.97304630279541,
          "hz": 1409.4668930556702
        },
        {
          "acoustic_entropy": 12.975751876831055,
          "acoustic_entropy_side": 12.933363914489746,
          "hz": 1596.2787759475705
        },
        {
          "acoustic_entropy": 12.710760116577148,
          "acoustic_entropy_side": 12.844267845153809,
          "hz": 1799.6344973346393
        },
        {
          "acoustic_entropy": 12.874353408813477,
          "acoustic_entropy_side": 12.959461212158203,
          "hz": 2020.9991599069049
        },
        {
          "acoustic_entropy": 13.188133239746094,
          "acoustic_entropy_side": 13.072308540344238,
          "hz": 2261.9676141086993
        },
        {
          "acoustic_entropy": 12.842926979064941,
          "acoustic_entropy_side": 12.986772537231445,
          "hz": 2524.2759484456974
        },
        {
          "acoustic_entropy": 12.737194061279297,
          "acoustic_entropy_side": 12.90860652923584,
          "hz": 2809.813997359896
        },
        {
          "acoustic_entropy": 12.697021484375,
          "acoustic_entropy_side": 12.887530326843262,
          "hz": 3120.6389567871424
        },
        {
          "acoustic_entropy": 13.018901824951172,
          "acoustic_entropy_side": 12.940718650817871,
          "hz": 3458.990205492291
        },
        {
          "acoustic_entropy": 13.055643081665039,
          "acoustic_entropy_side": 13.001660346984863,
          "hz": 3827.305438964164
        },
        {
          "acoustic_entropy": 13.100698471069336,
          "acoustic_entropy_side": 13.011392593383789,
          "hz": 4228.238232109126
        },
        {
          "acoustic_entropy": 13.062228202819824,
          "acoustic_entropy_side": 12.92306137084961,
          "hz": 4664.6771572759235
        },
        {
          "acoustic_entropy": 13.036214828491211,
          "acoustic_entropy_side": 12.9003267288208,
          "hz": 5139.766595350093
        },
        {
          "acoustic_entropy": 12.897469520568848,
          "acoustic_entropy_side": 12.90952205657959,
          "hz": 5656.929389854203
        },
        {
          "acoustic_entropy": 12.864435195922852,
          "acoustic_entropy_side": 12.869996070861816,
          "hz": 6219.891507268283
        },
        {
          "acoustic_entropy": 12.794638633728027,
          "acoustic_entropy_side": 12.9004487991333,
          "hz": 6832.70888123896
        },
        {
          "acoustic_entropy": 12.912210464477539,
          "acoustic_entropy_side": 12.880780220031738,
          "hz": 7499.796634079867
        },
        {
          "acoustic_entropy": 13.027935981750488,
          "acoustic_entropy_side": 12.95624828338623,
          "hz": 8225.96088609342
        },
        {
          "acoustic_entropy": 12.848716735839844,
          "acoustic_entropy_side": 12.911090850830078,
          "hz": 9016.43338188839
        },
        {
          "acoustic_entropy": 12.820494651794434,
          "acoustic_entropy_side": 12.91020393371582,
          "hz": 9876.909183162974
        },
        {
          "acoustic_entropy": 12.916254997253418,
          "acoustic_entropy_side": 12.908111572265625,
          "hz": 10813.587699516042
        },
        {
          "acoustic_entropy": 12.801950454711914,
          "acoustic_entropy_side": 12.885360717773438,
          "hz": 11833.21735289826
        },
        {
          "acoustic_entropy": 12.904825210571289,
          "acoustic_entropy_side": 12.946869850158691,
          "hz": 12943.144197493959
        },
        {
          "acoustic_entropy": 12.8218412399292,
          "acoustic_entropy_side": 12.940672874450684,
          "hz": 14151.364845322005
        },
        {
          "acoustic_entropy": 12.833462715148926,
          "acoustic_entropy_side": 12.91136360168457,
          "hz": 15466.58407886509
        },
        {
          "acoustic_entropy": 12.8578462600708,
          "acoustic_entropy_side": 12.904590606689453,
          "hz": 16898.27756580493
        },
        {
          "acoustic_entropy": 12.881248474121094,
          "acoustic_entropy_side": 12.908342361450195,
          "hz": 18456.760127700032
        },
        {
          "acoustic_entropy": 12.875862121582031,
          "acoustic_entropy_side": 12.91304874420166,
          "hz": 20153.260054456492
        },
        {
          "acoustic_entropy": 12.889904022216797,
          "acoustic_entropy_side": 12.91482925415039,
          "hz": 22000.00000000001
        }
      ],
      "diff_acoustic_entropy": 11.937165260314941,
      "sn": 12
    },
    {
      "acoustic_entropy": 20.429555892944336,
      "acoustic_entropy_mono": 17.82037353515625,
      "band_eliminated_acoustic_entropies": [
        {
          "acoustic_entropy": 20.836458206176758,
          "acoustic_entropy_side": 20.45039939880371,
          "hz": 129.47220167065723
        },
        {
          "acoustic_entropy": 21.023921966552734,
          "acoustic_entropy_side": 20.37025260925293,
          "hz": 202.92927478742237
        },
        {
          "acoustic_entropy": 20.070228576660156,
          "acoustic_entropy_side": 19.980884552001953,
          "hz": 282.89161906338205
        },
        {
          "acoustic_entropy": 21.43242073059082,
          "acoustic_entropy_side": 20.69529151916504,
          "hz": 369.9353335868758
        },
        {
          "acoustic_entropy": 20.378376007080078,
          "acoustic_entropy_side": 20.089750289916992,
          "hz": 464.6875360973435
        },
        {
          "acoustic_entropy": 19.950010299682617,
          "acoustic_entropy_side": 20.63174057006836,
          "hz": 567.8308811364784
        },
        {
          "acoustic_entropy": 20.683269500732422,
          "acoustic_entropy_side": 20.442033767700195,
          "hz": 680.1084783214808
        },
        {
          "acoustic_entropy": 19.97244644165039,
          "acoustic_entropy_side": 19.741907119750977,
          "hz": 802.3292461747484
        },
        {
          "acoustic_entropy": 20.81537437438965,
          "acoustic_entropy_side": 20.5604305267334,
          "hz": 935.3737400823702
        },
        {
          "acoustic_entropy": 20.541109085083008,
          "acoustic_entropy_side": 20.444154739379883,
          "hz": 1080.2004963696966
        },
        {
          "acoustic_entropy": 20.395116806030273,
          "acoustic_entropy_side": 20.509645462036133,
          "hz": 1237.8529382007157
        },
        {
          "acoustic_entropy": 20.172222137451172,
          "acoustic_entropy_side": 20.2048397064209,
          "hz": 1409.4668930556702
        },
        {
          "acoustic_entropy": 20.45790672302246,
          "acoustic_entropy_side": 20.29488182067871,
          "hz": 1596.2787759475705
        },
        {
          "acoustic_entropy": 20.878070831298828,
          "acoustic_entropy_side": 20.535873413085938,
          "hz": 1799.6344973346393
        },
        {
          "acoustic_entropy": 20.520326614379883,
          "acoustic_entropy_side": 20.451290130615234,
          "hz": 2020.9991599069049
        },
        {
          "acoustic_entropy": 19.98057746887207,
          "acoustic_entropy_side": 20.285324096679688,
          "hz": 2261.9676141086993
        },
        {
          "acoustic_entropy": 20.936668395996094,
          "acoustic_entropy_side": 20.505659103393555,
          "hz": 2524.2759484456974
        },
        {
          "acoustic_entropy": 20.372629165649414,
          "acoustic_entropy_side": 20.699363708496094,
          "hz": 2809.813997359896
        },
        {
          "acoustic_entropy": 20.490861892700195,
          "acoustic_entropy_side": 20.593948364257812,
