{
  "acoustic_entropy": 108.28175354003906,
  "bands": [
    {
      "high_freq": 148.1999969482422,
      "loudness": -60.675872802734375,
      "loudness_range": 12.017616271972656,
      "mid_mean": -57.41579055786133,
      "mid_to_side_loudness": -7.047976493835449,
      "mid_to_side_loudness_range": 7.8033270835876465,
      "side_mean": -63.52303695678711
    },
    {
      "high_freq": 392.3793640136719,
      "loudness": -49.36752700805664,
      "loudness_range": 32.02183532714844,
      "low_freq": 148.1999969482422,
      "mid_mean": -46.1826171875,
      "mid_to_side_loudness": -10.792035102844238,
      "mid_to_side_loudness_range": 14.379953384399414,
      "side_mean": -57.84177780151367
    },
    {
      "high_freq": 794.6976318359375,
      "loudness": -38.27259063720703,
      "loudness_range": 18.314477920532227,
      "low_freq": 392.3793640136719,
      "mid_mean": -35.11238479614258,
      "mid_to_side_loudness": -10.036205291748047,
      "mid_to_side_loudness_range": 15.913094520568848,
      "side_mean": -45.949039459228516
    },
    {
      "high_freq": 1457.5709228515625,
      "loudness": -37.78047561645508,
      "loudness_range": 30.382041931152344,
      "low_freq": 794.6976318359375,
      "mid_mean": -35.741737365722656,
      "mid_to_side_loudness": -6.381457328796387,
      "mid_to_side_loudness_range": 13.159960746765137,
      "side_mean": -42.429439544677734
    },
    {
      "high_freq": 2549.74365234375,
      "loudness": -49.27968978881836,
      "loudness_range": 27.141334533691406,
      "low_freq": 1457.5709228515625,
      "mid_mean": -47.55175018310547,
      "mid_to_side_loudness": -7.710878849029541,
      "mid_to_side_loudness_range": 10.948802947998047,
      "side_mean": -56.06787872314453
    },
    {
      "high_freq": 4349.24462890625,
      "loudness": -59.07566833496094,
      "loudness_range": 32.26740646362305,
      "low_freq": 2549.74365234375,
      "mid_mean": -56.875911712646484,
      "mid_to_side_loudness": -4.378225803375244,
      "mid_to_side_loudness_range": 8.31619644165039,
      "side_mean": -60.54998779296875
    },
    {
      "high_freq": 7314.1640625,
      "loudness": -67.05062103271484,
      "loudness_range": 17.385459899902344,
      "low_freq": 4349.24462890625,
      "mid_mean": -63.382041931152344,
      "mid_to_side_loudness": -1.942227840423584,
      "mid_to_side_loudness_range": 4.275394439697266,
      "side_mean": -64.87667083740234
    },
    {
      "high_freq": 12199.2666015625,
      "loudness": -70.65846252441406,
      "loudness_range": 6.952644348144531,
      "low_freq": 7314.1640625,
      "mid_mean": -66.72666931152344,
      "mid_to_side_loudness": 0.13419370353221893,
      "mid_to_side_loudness_range": 0.9473352432250977,
      "side_mean": -66.65870666503906
    },
    {
      "loudness": -74.6270751953125,
      "loudness_range": 1.0345458984375,
      "low_freq": 12199.2666015625,
      "mid_mean": -68.58550262451172,
      "mid_to_side_loudness": 0.5699462294578552,
      "mid_to_side_loudness_range": 0.6406672596931458,
      "side_mean": -68.40802764892578
    }
  ],
  "bands_short": [
    {
      "high_freq": 148.1999969482422,
      "loudness": -61.82474136352539,
      "loudness_range": 14.043697357177734,
      "mid_mean": -58.48984909057617,
      "mid_to_side_loudness": -7.272140026092529,
      "mid_to_side_loudness_range": 12.42048168182373,
      "side_mean": -64.43536376953125
    },
    {
      "high_freq": 392.3793640136719,
      "loudness": -50.68362045288086,
      "loudness_range": 30.05658721923828,
      "low_freq": 148.1999969482422,
      "mid_mean": -48.541255950927734,
      "mid_to_side_loudness": -10.371996879577637,
      "mid_to_side_loudness_range": 15.017821311950684,
      "side_mean": -58.58490753173828
    },
    {
      "high_freq": 794.6976318359375,
      "loudness": -38.883079528808594,
      "loudness_range": 19.143983840942383,
      "low_freq": 392.3793640136719,
      "mid_mean": -35.812095642089844,
      "mid_to_side_loudness": -10.160102844238281,
      "mid_to_side_loudness_range": 17.234498977661133,
      "side_mean": -46.92603302001953
    },
    {
      "high_freq": 1457.5709228515625,
      "loudness": -37.6392822265625,
      "loudness_range": 30.0070743560791,
      "low_freq": 794.6976318359375,
      "mid_mean": -35.887081146240234,
      "mid_to_side_loudness": -6.1626877784729,
      "mid_to_side_loudness_range": 15.400525093078613,
      "side_mean": -42.452945709228516
    },
    {
      "high_freq": 2549.74365234375,
      "loudness": -48.70104217529297,
      "loudness_range": 27.661300659179688,
      "low_freq": 1457.5709228515625,
      "mid_mean": -49.77796936035156,
      "mid_to_side_loudness": -7.423623561859131,
      "mid_to_side_loudness_range": 12.275602340698242,
      "side_mean": -56.37726593017578
    },
    {
      "high_freq": 4349.24462890625,
      "loudness": -56.966285705566406,
      "loudness_range": 31.407268524169922,
      "low_freq": 2549.74365234375,
      "mid_mean": -56.37693786621094,
      "mid_to_side_loudness": -4.1078996658325195,
      "mid_to_side_loudness_range": 9.311134338378906,
      "side_mean": -59.873470306396484
    },
    {
      "high_freq": 7314.1640625,
      "loudness": -67.45633697509766,
      "loudness_range": 17.970802307128906,
      "low_freq": 4349.24462890625,
      "mid_mean": -63.70615005493164,
      "mid_to_side_loudness": -1.7058836221694946,
      "mid_to_side_loudness_range": 4.871397972106934,
      "side_mean": -65.02893829345703
    },
    {
      "high_freq": 12199.2666015625,
      "loudness": -70.72901916503906,
      "loudness_range": 7.8691558837890625,
      "low_freq": 7314.1640625,
      "mid_mean": -66.75965881347656,
      "mid_to_side_loudness": 0.13814516365528107,
      "mid_to_side_loudness_range": 1.9846827983856201,
      "side_mean": -66.69140625
    },
    {
      "loudness": -74.60282135009766,
      "loudness_range": 1.4898529052734375,
      "low_freq": 12199.2666015625,
      "mid_mean": -68.57805633544922,
      "mid_to_side_loudness": 0.5713604688644409,
      "mid_to_side_loudness_range": 1.6045417785644531,
      "side_mean": -68.39811706542969
    }
  ],
  "bandwidth": 926.533203125,
  "channels": 2,
  "covariance": [
    [
      20.206504821777344,
      9.496726036071777,
      15.84204387664795,
      17.46879005432129,
      2.913828134536743,
      5.858058452606201,
      11.486198425292969,
      12.019607543945312,
      13.312616348266602,
      19.888742446899414,
      25.845943450927734,
      20.93022346496582,
      12.886459350585938,
      9.514627456665039,
      3.439566135406494,
      3.541867733001709,
      0.40007922053337097,
      0.5643244385719299
    ],
    [
      9.496726036071777,
      5.876309871673584,
      6.457126140594482,
      7.73338508605957,
      1.0456174612045288,
      2.787274122238159,
      10.52551555633545,
      10.783098220825195,
      10.21742057800293,
      12.631013870239258,
      15.955458641052246,
      13.077126502990723,
      8.334856033325195,
      6.310773849487305,
      2.810868501663208,
      2.865382194519043,
      0.27541598677635193,
      0.4407464563846588
    ],
    [
      15.84204387664795,
      6.457126140594482,
      93.7994155883789,
      67.80657958984375,
      3.7648823261260986,
      9.338789939880371,
      14.693665504455566,
      15.068203926086426,
      19.47785758972168,
      21.8488712310791,
      21.930843353271484,
      20.0375919342041,
      11.763740539550781,
      8.794824600219727,
      1.7409417629241943,
      1.797580599784851,
      0.03525902330875397,
      0.11590411514043808
    ],
    [
      17.46879005432129,
      7.73338508605957,
      67.80657958984375,
      61.83169937133789,
      7.236749649047852,
      13.676651000976562,
      18.717924118041992,
      21.960641860961914,
      23.520654678344727,
      33.93014144897461,
      31.29572105407715,
      26.836212158203125,
      16.247041702270508,
      12.094938278198242,
      3.9432568550109863,
      3.945753335952759,
      0.6132405400276184,
      0.8413281440734863
    ],
    [
      2.913828134536743,
      1.0456174612045288,
      3.7648823261260986,
      7.236749649047852,
      38.18103790283203,
      34.95565414428711,
      22.914901733398438,
      25.359975814819336,
      28.688068389892578,
      22.628681182861328,
      19.334684371948242,
      14.418065071105957,
      10.318755149841309,
      7.4293975830078125,
      5.195690631866455,
      5.1867995262146,
      0.4327937662601471,
      0.7713650465011597
    ],
    [
      5.858058452606201,
      2.787274122238159,
      9.338789939880371,
      13.676651000976562,
      34.95565414428711,
      51.3508186340332,
      29.351612091064453,
      40.598026275634766,
      38.269840240478516,
      34.425045013427734,
      21.342947006225586,
      19.338151931762695,
      12.714106559753418,
      9.630805015563965,
      5.379767894744873,
      5.505916118621826,
      0.452445924282074,
      0.8025361895561218
    ],
    [
      11.486198425292969,
      10.52551555633545,
      14.693665504455566,
      18.717924118041992,
      22.914901733398438,
      29.351612091064453,
      105.74858093261719,
      108.7252426147461,
      89.74060821533203,
      82.98485565185547,
      74.13919067382812,
      65.1602783203125,
      35.72434997558594,
      27.57008934020996,
      10.911392211914062,
      11.299332618713379,
      0.5312416553497314,
      1.193081021308899
    ],
    [
      12.019607543945312,
      10.783098220825195,
      15.068203926086426,
      21.960641860961914,
      25.359975814819336,
      40.598026275634766,
      108.7252426147461,
      141.44976806640625,
      104.5279312133789,
      100.31680297851562,
      82.06547546386719,
      74.1491928100586,
      37.57505416870117,
      29.334875106811523,
      9.58188533782959,
      10.099690437316895,
      0.3866822123527527,
      0.987848162651062
    ],
    [
      13.312616348266602,
      10.21742057800293,
      19.47785758972168,
      23.520654678344727,
      28.688068389892578,
      38.269840240478516,
      89.74060821533203,
      104.5279312133789,
      103.37030029296875,
      90.4005355834961,
      74.52410888671875,
      63.12800598144531,
      35.32555389404297,
      26.47031021118164,
      9.628251075744629,
      9.888718605041504,
      0.4948882460594177,
      1.0483325719833374
    ],
    [
      19.888742446899414,
      12.631013870239258,
      21.8488712310791,
      33.93014144897461,
      22.628681182861328,
      34.425045013427734,
      82.98485565185547,
      100.31680297851562,
      90.4005355834961,
      94.81385040283203,
      78.39212799072266,
      66.83312225341797,
      37.0673828125,
      28.332870483398438,
      9.988130569458008,
      10.307964324951172,
      0.9774647951126099,
      1.5235378742218018
    ],
    [
      25.845943450927734,
      15.955458641052246,
      21.930843353271484,
      31.29572105407715,
      19.334684371948242,
      21.342947006225586,
      74.13919067382812,
      82.06547546386719,
      74.52410888671875,
      78.39212799072266,
      98.4710922241211,
      78.45702362060547,
      48.10758590698242,
      36.32740783691406,
      14.048259735107422,
      14.20781421661377,
      1.2224127054214478,
      2.02360200881958
    ],
    [
      20.93022346496582,
      13.077126502990723,
      20.0375919342041,
      26.836212158203125,
      14.418065071105957,
      19.338151931762695,
      65.1602783203125,
      74.1491928100586,
      63.12800598144531,
      66.83312225341797,
      78.45702362060547,
      66.77972412109375,
      39.200687408447266,
      30.090803146362305,
      10.933671951293945,
      11.20040512084961,
      0.8935506343841553,
      1.5267689228057861
    ],
    [
      12.886459350585938,
      8.334856033325195,
      11.763740539550781,
      16.247041702270508,
      10.318755149841309,
      12.714106559753418,
      35.72434997558594,
      37.57505416870117,
      35.32555389404297,
      37.0673828125,
      48.10758590698242,
      39.200687408447266,
      30.162628173828125,
      23.298721313476562,
      11.325439453125,
      11.261327743530273,
      1.105286955833435,
      1.8471803665161133
    ],
    [
      9.514627456665039,
      6.310773849487305,
      8.794824600219727,
      12.094938278198242,
      7.4293975830078125,
      9.630805015563965,
      27.57008934020996,
      29.334875106811523,
      26.47031021118164,
      28.332870483398438,
      36.32740783691406,
      30.090803146362305,
      23.298721313476562,
      18.54593276977539,
      9.133538246154785,
      9.14263916015625,
      0.8823460936546326,
      1.5140389204025269
    ],
    [
      3.439566135406494,
      2.810868501663208,
      1.7409417629241943,
      3.9432568550109863,
      5.195690631866455,
      5.379767894744873,
      10.911392211914062,
      9.58188533782959,
      9.628251075744629,
      9.988130569458008,
      14.048259735107422,
      10.933671951293945,
      11.325439453125,
      9.133538246154785,
      6.8239545822143555,
      6.695640563964844,
      0.7614545822143555,
      1.262519359588623
    ],
    [
      3.541867733001709,
      2.865382194519043,
      1.797580599784851,
      3.945753335952759,
      5.1867995262146,
      5.505916118621826,
      11.299332618713379,
      10.099690437316895,
      9.888718605041504,
      10.307964324951172,
      14.20781421661377,
      11.20040512084961,
      11.261327743530273,
      9.14263916015625,
      6.695640563964844,
      6.673327445983887,
      0.7088610529899597,
      1.2224699258804321
    ],
    [
      0.40007922053337097,
      0.27541598677635193,
      0.03525902330875397,
      0.6132405400276184,
      0.4327937662601471,
      0.452445924282074,
      0.5312416553497314,
      0.3866822123527527,
      0.4948882460594177,
      0.9774647951126099,
      1.2224127054214478,
      0.8935506343841553,
      1.105286955833435,
      0.8823460936546326,
      0.7614545822143555,
      0.7088610529899597,
      0.15600597858428955,
      0.19322316348552704
    ],
    [
      0.5643244385719299,
      0.4407464563846588,
      0.11590411514043808,
      0.8413281440734863,
      0.7713650465011597,
      0.8025361895561218,
      1.193081021308899,
      0.987848162651062,
      1.0483325719833374,
      1.5235378742218018,
      2.02360200881958,
      1.5267689228057861,
      1.8471803665161133,
      1.5140389204025269,
      1.262519359588623,
      1.2224699258804321,
      0.19322316348552704,
      0.2952985167503357
    ]
  ],
  "covariance_short": [
    [
      23.63237762451172,
      9.311821937561035,
      22.62938690185547,
      16.73386573791504,
      3.2006120681762695,
      6.69478178024292,
      13.821739196777344,
      15.133698463439941,
      27.39034652709961,
      22.7143611907959,
      25.217103958129883,
      19.949445724487305,
      13.10558032989502,
      9.733864784240723,
      3.573227643966675,
      3.677133560180664,
      0.3704732060432434,
      0.5610315203666687
    ],
    [
      9.311821937561035,
      7.787590503692627,
      8.873612403869629,
      7.076860427856445,
      0.6960890889167786,
      2.245579481124878,
      9.96097469329834,
      10.62131118774414,
      14.37493896484375,
      12.291840553283691,
      14.0383939743042,
      11.36965560913086,
      7.917385578155518,
      5.980443477630615,
      2.6480181217193604,
      2.6986193656921387,
      0.2332984060049057,
      0.3951650857925415
    ],
    [
      22.62938690185547,
      8.873612403869629,
      105.66302490234375,
      69.64300537109375,
      14.114622116088867,
      23.92892837524414,
      25.754566192626953,
      28.14507484436035,
      58.39064025878906,
      48.30973815917969,
      44.54030227661133,
      35.93244934082031,
      18.948484420776367,
      14.131309509277344,
      4.416910171508789,
      4.547523498535156,
      0.6552304029464722,
      0.8531120419502258
    ],
    [
      16.73386573791504,
      7.076860427856445,
      69.64300537109375,
      58.04812240600586,
      14.012018203735352,
      23.342605590820312,
      24.413143157958984,
      29.199186325073242,
      46.66124725341797,
      40.69093322753906,
      35.973236083984375,
      29.67094612121582,
      16.446273803710938,
      12.334234237670898,
      4.1704792976379395,
      4.199093818664551,
      0.5729190707206726,
      0.8312696218490601
    ],
    [
      3.2006120681762695,
      0.6960890889167786,
      14.114622116088867,
      14.012018203735352,
      45.95466232299805,
      37.68060302734375,
      22.971372604370117,
      22.916637420654297,
      31.578418731689453,
      23.64249610900879,
      22.27047348022461,
      15.672325134277344,
      10.400886535644531,
      7.637171268463135,
      4.9954118728637695,
      4.962311744689941,
      0.3514891564846039,
      0.7163881659507751
    ],
    [
      6.69478178024292,
      2.245579481124878,
      23.92892837524414,
      23.342605590820312,
      37.68060302734375,
      60.320396423339844,
      27.307554244995117,
      36.94921875,
      44.734046936035156,
      36.070701599121094,
      25.573787689208984,
      20.382902145385742,
      13.043980598449707,
      9.683406829833984,
      5.299578666687012,
      5.35966682434082,
      0.39357659220695496,
      0.7509179711341858
    ],
    [
      13.821739196777344,
      9.96097469329834,
      25.754566192626953,
      24.413143157958984,
      22.971372604370117,
      27.307554244995117,
      108.47271728515625,
      102.8749771118164,
      92.24750518798828,
      79.92942810058594,
      82.80713653564453,
      70.3139419555664,
      35.610774993896484,
      26.809932708740234,
      10.542085647583008,
      10.802702903747559,
      0.5140080451965332,
      1.1633076667785645
    ],
    [
      15.133698463439941,
      10.62131118774414,
      28.14507484436035,
      29.199186325073242,
      22.916637420654297,
      36.94921875,
      102.8749771118164,
      139.548095703125,
      107.43260192871094,
      96.3527603149414,
      93.851806640625,
      80.72190856933594,
      37.115543365478516,
      28.135953903198242,
      9.016481399536133,
      9.492790222167969,
      0.3366340100765228,
      0.920662522315979
    ],
    [
      27.39034652709961,
      14.37493896484375,
      58.39064025878906,
      46.66124725341797,
      31.578418731689453,
      44.734046936035156,
      92.24750518798828,
      107.43260192871094,
      142.32765197753906,
      111.72830200195312,
      104.72522735595703,
      84.15196990966797,
      43.15587615966797,
      31.445819854736328,
      11.851284980773926,
      12.107368469238281,
      1.225113034248352,
      1.8787745237350464
    ],
    [
      22.7143611907959,
      12.291840553283691,
      48.30973815917969,
      40.69093322753906,
      23.64249610900879,
      36.070701599121094,
      79.92942810058594,
      96.3527603149414,
      111.72830200195312,
      98.0099868774414,
      88.71987915039062,
      73.33487701416016,
      37.118534088134766,
      27.626163482666016,
      9.38645076751709,
      9.67844009399414,
      0.8901474475860596,
      1.4451828002929688
    ],
    [
      25.217103958129883,
      14.0383939743042,
      44.54030227661133,
      35.973236083984375,
      22.27047348022461,
      25.573787689208984,
      82.80713653564453,
      93.851806640625,
      104.72522735595703,
      88.71987915039062,
      112.27992248535156,
      87.68426513671875,
      47.854942321777344,
      36.0557861328125,
      13.60303020477295,
      13.781597137451172,
      1.1222153902053833,
      1.953080177307129
    ],
    [
      19.949445724487305,
      11.36965560913086,
      35.93244934082031,
      29.67094612121582,
      15.672325134277344,
      20.382902145385742,
      70.3139419555664,
      80.72190856933594,
      84.15196990966797,
      73.33487701416016,
      87.68426513671875,
      74.2209701538086,
      38.53207778930664,
      29.29680061340332,
      10.406269073486328,
      10.691862106323242,
      0.8065511584281921,
      1.4650965929031372
    ],
    [
      13.10558032989502,
      7.917385578155518,
      18.948484420776367,
      16.446273803710938,
      10.400886535644531,
      13.043980598449707,
      35.610774993896484,
      37.115543365478516,
      43.15587615966797,
      37.118534088134766,
      47.854942321777344,
      38.53207778930664,
      31.081998825073242,
      23.679319381713867,
      11.413715362548828,
      11.308606147766113,
      1.0176268815994263,
      1.8276960849761963
    ],
    [
      9.733864784240723,
      5.980443477630615,
      14.131309509277344,
      12.334234237670898,
      7.637171268463135,
      9.683406829833984,
      26.809932708740234,
      28.135953903198242,
      31.445819854736328,
      27.626163482666016,
      36.0557861328125,
      29.29680061340332,
      23.679319381713867,
      18.86349105834961,
      9.068485260009766,
      9.100116729736328,
      0.7858215570449829,
      1.4864407777786255
    ],
    [
      3.573227643966675,
      2.6480181217193604,
      4.416910171508789,
      4.1704792976379395,
      4.9954118728637695,
      5.299578666687012,
      10.542085647583008,
      9.016481399536133,
      11.851284980773926,
      9.38645076751709,
      13.60303020477295,
      10.406269073486328,
      11.413715362548828,
      9.068485260009766,
      6.808613300323486,
      6.617862701416016,
      0.6972906589508057,
      1.235424518585205
    ],
    [
      3.677133560180664,
      2.6986193656921387,
      4.547523498535156,
      4.199093818664551,
      4.962311744689941,
      5.35966682434082,
      10.802702903747559,
      9.492790222167969,
      12.107368469238281,
      9.67844009399414,
      13.781597137451172,
      10.691862106323242,
      11.308606147766113,
      9.100116729736328,
      6.617862701416016,
      6.662939548492432,
      0.6283027529716492,
      1.1978988647460938
    ],
    [
      0.3704732060432434,
      0.2332984060049057,
      0.6552304029464722,
      0.5729190707206726,
      0.3514891564846039,
      0.39357659220695496,
      0.5140080451965332,
      0.3366340100765228,
      1.225113034248352,
      0.8901474475860596,
      1.1222153902053833,
      0.8065511584281921,
      1.0176268815994263,
      0.7858215570449829,
      0.6972906589508057,
      0.6283027529716492,
      0.16710202395915985,
      0.18350426852703094
    ],
    [
      0.5610315203666687,
      0.3951650857925415,
      0.8531120419502258,
      0.8312696218490601,
      0.7163881659507751,
      0.7509179711341858,
      1.1633076667785645,
      0.920662522315979,
      1.8787745237350464,
      1.4451828002929688,
      1.953080177307129,
      1.4650965929031372,
      1.8276960849761963,
      1.4864407777786255,
      1.235424518585205,
      1.1978988647460938,
      0.18350426852703094,
      0.3080178201198578
    ]
  ],
  "damage": -15.047842025756836,
  "diff_bandwidth": 944.960205078125,
  "dissonance": 3.5963272595588496,
  "drr": 4.904003143310547,
  "dynamics": 5.688782215118408,
  "format": 1245190,
  "frames": 3267520,
  "loudness": -28.51413917541504,
  "loudness_range": 17.45354461669922,
  "loudness_range_short": 21.44446563720703,
  "lowpass_true_peak_15khz": -7.978745937347412,
  "mastering3_acoustic_entropies": [
    {
      "acoustic_entropy": 10.469691276550293,
      "acoustic_entropy_mono": 9.08661937713623,
      "band_eliminated_acoustic_entropies": [
        {
          "acoustic_entropy": 10.469705581665039,
          "acoustic_entropy_side": 10.469691276550293,
          "hz": 129.47220167065723
        },
        {
          "acoustic_entropy": 10.469508171081543,
          "acoustic_entropy_side": 10.469694137573242,
          "hz": 202.92927478742237
        },
        {
          "acoustic_entropy": 10.437626838684082,
          "acoustic_entropy_side": 10.469633102416992,
          "hz": 282.89161906338205
        },
        {
          "acoustic_entropy": 10.192654609680176,
          "acoustic_entropy_side": 10.430042266845703,
          "hz": 369.9353335868758
        },
        {
          "acoustic_entropy": 11.735357284545898,
          "acoustic_entropy_side": 10.342280387878418,
          "hz": 464.6875360973435
        },
        {
          "acoustic_entropy": 10.127004623413086,
          "acoustic_entropy_side": 10.560582160949707,
          "hz": 567.8308811364784
        },
        {
          "acoustic_entropy": 10.89804744720459,
          "acoustic_entropy_side": 10.663752555847168,
          "hz": 680.1084783214808
        },
        {
          "acoustic_entropy": 10.591824531555176,
          "acoustic_entropy_side": 10.44327163696289,
          "hz": 802.3292461747484
        },
        {
          "acoustic_entropy": 9.729156494140625,
          "acoustic_entropy_side": 10.468220710754395,
          "hz": 935.3737400823702
        },
        {
          "acoustic_entropy": 9.63869857788086,
          "acoustic_entropy_side": 10.271686553955078,
          "hz": 1080.2004963696966
        },
        {
          "acoustic_entropy": 9.842511177062988,
          "acoustic_entropy_side": 10.045722961425781,
          "hz": 1237.8529382007157
        },
        {
          "acoustic_entropy": 9.978889465332031,
          "acoustic_entropy_side": 10.157363891601562,
          "hz": 1409.4668930556702
        },
        {
          "acoustic_entropy": 10.23504638671875,
          "acoustic_entropy_side": 10.59152603149414,
          "hz": 1596.2787759475705
        },
        {
          "acoustic_entropy": 10.224687576293945,
          "acoustic_entropy_side": 10.456209182739258,
          "hz": 1799.6344973346393
        },
        {
          "acoustic_entropy": 10.516018867492676,
          "acoustic_entropy_side": 10.45768928527832,
          "hz": 2020.9991599069049
        },
        {
          "acoustic_entropy": 10.395398139953613,
          "acoustic_entropy_side": 10.454471588134766,
          "hz": 2261.9676141086993
        },
        {
          "acoustic_entropy": 10.422338485717773,
          "acoustic_entropy_side": 10.468282699584961,
          "hz": 2524.2759484456974
        },
        {
          "acoustic_entropy": 10.27384090423584,
          "acoustic_entropy_side": 10.460536003112793,
          "hz": 2809.813997359896
        },
        {
          "acoustic_entropy": 10.256935119628906,
          "acoustic_entropy_side": 10.452411651611328,
          "hz": 3120.6389567871424
        },
        {
          "acoustic_entropy": 10.48790454864502,
          "acoustic_entropy_side": 10.465073585510254,
          "hz": 3458.990205492291
        },
        {
          "acoustic_entropy": 10.462494850158691,
          "acoustic_entropy_side": 10.473743438720703,
          "hz": 3827.305438964164
        },
        {
          "acoustic_entropy": 10.464317321777344,
          "acoustic_entropy_side": 10.468928337097168,
          "hz": 4228.238232109126
        },
        {
          "acoustic_entropy": 10.468948364257812,
          "acoustic_entropy_side": 10.46917724609375,
          "hz": 4664.6771572759235
        },
        {
          "acoustic_entropy": 10.467108726501465,
          "acoustic_entropy_side": 10.469442367553711,
          "hz": 5139.766595350093
        },
        {
          "acoustic_entropy": 10.467229843139648,
          "acoustic_entropy_side": 10.469463348388672,
          "hz": 5656.929389854203
        },
        {
          "acoustic_entropy": 10.468067169189453,
          "acoustic_entropy_side": 10.469430923461914,
          "hz": 6219.891507268283
        },
        {
          "acoustic_entropy": 10.467652320861816,
          "acoustic_entropy_side": 10.469350814819336,
          "hz": 6832.70888123896
        },
        {
          "acoustic_entropy": 10.468345642089844,
          "acoustic_entropy_side": 10.469408988952637,
          "hz": 7499.796634079867
        },
        {
          "acoustic_entropy": 10.468958854675293,
          "acoustic_entropy_side": 10.469517707824707,
          "hz": 8225.96088609342
        },
        {
          "acoustic_entropy": 10.46937370300293,
          "acoustic_entropy_side": 10.469612121582031,
          "hz": 9016.43338188839
        },
        {
          "acoustic_entropy": 10.469643592834473,
          "acoustic_entropy_side": 10.469677925109863,
          "hz": 9876.909183162974
        },
        {
          "acoustic_entropy": 10.469672203063965,
          "acoustic_entropy_side": 10.469679832458496,
          "hz": 10813.587699516042
        },
        {
          "acoustic_entropy": 10.469672203063965,
          "acoustic_entropy_side": 10.469681739807129,
          "hz": 11833.21735289826
        },
        {
          "acoustic_entropy": 10.46968936920166,
          "acoustic_entropy_side": 10.469691276550293,
          "hz": 12943.144197493959
        },
        {
          "acoustic_entropy": 10.469691276550293,
          "acoustic_entropy_side": 10.469691276550293,
          "hz": 14151.364845322005
        },
        {
          "acoustic_entropy": 10.46968936920166,
          "acoustic_entropy_side": 10.46968936920166,
          "hz": 15466.58407886509
        },
        {
          "acoustic_entropy": 10.469691276550293,
          "acoustic_entropy_side": 10.469691276550293,
          "hz": 16898.27756580493
        },
        {
          "acoustic_entropy": 10.469691276550293,
          "acoustic_entropy_side": 10.469691276550293,
          "hz": 18456.760127700032
        },
        {
          "acoustic_entropy": 10.469691276550293,
          "acoustic_entropy_side": 10.469691276550293,
          "hz": 20153.260054456492
        },
        {
          "acoustic_entropy": 10.469691276550293,
          "acoustic_entropy_side": 10.469691276550293,
          "hz": 22000.00000000001
        }
      ],
      "diff_acoustic_entropy": 3.2028965950012207,
      "sn": 6
    },
    {
      "acoustic_entropy": 13.753983497619629,
      "acoustic_entropy_mono": 11.998178482055664,
      "band_eliminated_acoustic_entropies": [
        {
          "acoustic_entropy": 13.753983497619629,
          "acoustic_entropy_side": 13.753984451293945,
          "hz": 129.47220167065723
        },
        {
          "acoustic_entropy": 13.75713062286377,
          "acoustic_entropy_side": 13.753974914550781,
          "hz": 202.92927478742237
        },
        {
          "acoustic_entropy": 13.71403694152832,
          "acoustic_entropy_side": 13.754117965698242,
          "hz": 282.89161906338205
        },
        {
          "acoustic_entropy": 13.523398399353027,
          "acoustic_entropy_side": 13.752803802490234,
          "hz": 369.9353335868758
        },
        {
          "acoustic_entropy": 14.792770385742188,
          "acoustic_entropy_side": 14.05961799621582,
          "hz": 464.6875360973435
        },
        {
          "acoustic_entropy": 13.471643447875977,
          "acoustic_entropy_side": 14.163990020751953,
          "hz": 567.8308811364784
        },
        {
          "acoustic_entropy": 13.758289337158203,
          "acoustic_entropy_side": 14.3152437210083,
          "hz": 680.1084783214808
        },
        {
          "acoustic_entropy": 14.055198669433594,
          "acoustic_entropy_side": 13.978959083557129,
          "hz": 802.3292461747484
        },
        {
          "acoustic_entropy": 13.2354097366333,
          "acoustic_entropy_side": 13.180024147033691,
          "hz": 935.3737400823702
        },
        {
          "acoustic_entropy": 14.376165390014648,
          "acoustic_entropy_side": 13.678876876831055,
          "hz": 1080.2004963696966
        },
        {
          "acoustic_entropy": 14.006021499633789,
          "acoustic_entropy_side": 13.612693786621094,
          "hz": 1237.8529382007157
        },
        {
          "acoustic_entropy": 13.416958808898926,
          "acoustic_entropy_side": 13.817804336547852,
          "hz": 1409.4668930556702
        },
        {
          "acoustic_entropy": 14.203815460205078,
          "acoustic_entropy_side": 14.172124862670898,
          "hz": 1596.2787759475705
        },
        {
          "acoustic_entropy": 13.871891021728516,
          "acoustic_entropy_side": 13.802852630615234,
          "hz": 1799.6344973346393
        },
        {
          "acoustic_entropy": 13.92957592010498,
          "acoustic_entropy_side": 13.776123046875,
          "hz": 2020.9991599069049
        },
        {
          "acoustic_entropy": 13.61323070526123,
          "acoustic_entropy_side": 13.72107982635498,
          "hz": 2261.9676141086993
        },
        {
          "acoustic_entropy": 14.024613380432129,
          "acoustic_entropy_side": 13.827329635620117,
          "hz": 2524.2759484456974
        },
        {
          "acoustic_entropy": 13.638372421264648,
          "acoustic_entropy_side": 13.758136749267578,
          "hz": 2809.813997359896
        },
        {
          "acoustic_entropy": 13.751724243164062,
          "acoustic_entropy_side": 13.791720390319824,
          "hz": 3120.6389567871424
        },
        {
          "acoustic_entropy": 13.813848495483398,
          "acoustic_entropy_side": 13.759254455566406,
          "hz": 3458.990205492291
        },
        {
          "acoustic_entropy": 13.85330581665039,
          "acoustic_entropy_side": 13.745040893554688,
          "hz": 3827.305438964164
        },
        {
          "acoustic_entropy": 13.786943435668945,
          "acoustic_entropy_side": 13.739255905151367,
          "hz": 4228.238232109126
        },
        {
          "acoustic_entropy": 13.832209587097168,
          "acoustic_entropy_side": 13.761646270751953,
          "hz": 4664.6771572759235
        },
        {
          "acoustic_entropy": 13.796146392822266,
          "acoustic_entropy_side": 13.756263732910156,
          "hz": 5139.766595350093
        },
        {
          "acoustic_entropy": 13.77519702911377,
          "acoustic_entropy_side": 13.758272171020508,
          "hz": 5656.929389854203
        },
        {
          "acoustic_entropy": 13.785269737243652,
          "acoustic_entropy_side": 13.759358406066895,
          "hz": 6219.891507268283
        },
        {
          "acoustic_entropy": 13.767716407775879,
          "acoustic_entropy_side": 13.757574081420898,
          "hz": 6832.70888123896
        },
        {
          "acoustic_entropy": 13.76815414428711,
          "acoustic_entropy_side": 13.754114151000977,
          "hz": 7499.796634079867
        },
        {
          "acoustic_entropy": 13.756278991699219,
          "acoustic_entropy_side": 13.75337028503418,
          "hz": 8225.96088609342
        },
        {
          "acoustic_entropy": 13.751286506652832,
          "acoustic_entropy_side": 13.752795219421387,
          "hz": 9016.43338188839
        },
        {
          "acoustic_entropy": 13.75290584564209,
          "acoustic_entropy_side": 13.753631591796875,
          "hz": 9876.909183162974
        },
        {
          "acoustic_entropy": 13.753684997558594,
          "acoustic_entropy_side": 13.753868103027344,
          "hz": 10813.587699516042
        },
        {
          "acoustic_entropy": 13.753636360168457,
          "acoustic_entropy_side": 13.753790855407715,
          "hz": 11833.21735289826
        },
        {
          "acoustic_entropy": 13.75385570526123,
          "acoustic_entropy_side": 13.753897666931152,
          "hz": 12943.144197493959
        },
        {
          "acoustic_entropy": 13.753966331481934,
          "acoustic_entropy_side": 13.7539701461792,
          "hz": 14151.364845322005
        },
        {
          "acoustic_entropy": 13.753983497619629,
          "acoustic_entropy_side": 13.753986358642578,
          "hz": 15466.58407886509
        },
        {
          "acoustic_entropy": 13.753984451293945,
          "acoustic_entropy_side": 13.753984451293945,
          "hz": 16898.27756580493
        },
        {
          "acoustic_entropy": 13.753983497619629,
          "acoustic_entropy_side": 13.753983497619629,
          "hz": 18456.760127700032
        },
        {
          "acoustic_entropy": 13.753983497619629,
          "acoustic_entropy_side": 13.753983497619629,
          "hz": 20153.260054456492
        },
        {
          "acoustic_entropy": 13.753983497619629,
          "acoustic_entropy_side": 13.753983497619629,
          "hz": 22000.00000000001
        }
      ],
      "diff_acoustic_entropy": 4.740138053894043,
      "sn": 12
    },
    {
      "acoustic_entropy": 20.347946166992188,
      "acoustic_entropy_mono": 17.613731384277344,
      "band_eliminated_acoustic_entropies": [
        {
          "acoustic_entropy": 20.363862991333008,
          "acoustic_entropy_side": 20.348278045654297,
          "hz": 129.47220167065723
        },
        {
          "acoustic_entropy": 20.36221694946289,
          "acoustic_entropy_side": 20.351652145385742,
          "hz": 202.92927478742237
        },
        {
          "acoustic_entropy": 20.41153907775879,
          "acoustic_entropy_side": 20.34720802307129,
          "hz": 282.89161906338205
        },
        {
          "acoustic_entropy": 20.684581756591797,
          "acoustic_entropy_side": 20.464826583862305,
          "hz": 369.9353335868758
        },
        {
          "acoustic_entropy": 19.62643814086914,
          "acoustic_entropy_side": 20.010005950927734,
          "hz": 464.6875360973435
        },
        {
          "acoustic_entropy": 18.747114181518555,
          "acoustic_entropy_side": 19.563156127929688,
          "hz": 567.8308811364784
        },
        {
          "acoustic_entropy": 19.5562686920166,
          "acoustic_entropy_side": 20.174266815185547,
          "hz": 680.1084783214808
        },
        {
          "acoustic_entropy": 20.193756103515625,
          "acoustic_entropy_side": 20.591394424438477,
          "hz": 802.3292461747484
        },
        {
          "acoustic_entropy": 20.408777236938477,
          "acoustic_entropy_side": 20.586599349975586,
          "hz": 935.3737400823702
        },
        {
          "acoustic_entropy": 19.563833236694336,
          "acoustic_entropy_side": 19.985721588134766,
          "hz": 1080.2004963696966
        },
        {
          "acoustic_entropy": 19.930070877075195,
          "acoustic_entropy_side": 19.457664489746094,
          "hz": 1237.8529382007157
        },
        {
          "acoustic_entropy": 20.48499298095703,
          "acoustic_entropy_side": 21.346378326416016,
          "hz": 1409.4668930556702
        },
        {
          "acoustic_entropy": 20.114063262939453,
          "acoustic_entropy_side": 20.57973289489746,
          "hz": 1596.2787759475705
        },
        {
          "acoustic_entropy": 20.21329116821289,
          "acoustic_entropy_side": 20.487817764282227,
          "hz": 1799.6344973346393
        },
        {
          "acoustic_entropy": 20.736345291137695,
          "acoustic_entropy_side": 20.266124725341797,
          "hz": 2020.9991599069049
        },
        {
          "acoustic_entropy": 20.078157424926758,
          "acoustic_entropy_side": 20.450931549072266,
          "hz": 2261.9676141086993
        },
        {
          "acoustic_entropy": 20.44230842590332,
          "acoustic_entropy_side": 20.29668426513672,
          "hz": 2524.2759484456974
        },
        {
          "acoustic_entropy": 19.70857048034668,
          "acoustic_entropy_side": 19.718069076538086,
          "hz": 2809.813997359896
        },
        {
          "acoustic_entropy": 19.976411819458008,
