{
  "acoustic_entropy": 194.34378051757812,
  "bands": [
    {
      "high_freq": 148.1999969482422,
      "loudness": -24.325115203857422,
      "loudness_range": 24.334056854248047,
      "mid_mean": -21.03630828857422,
      "mid_to_side_loudness": -15.727201461791992,
      "mid_to_side_loudness_range": 23.40488624572754,
      "side_mean": -38.17634963989258
    },
    {
      "high_freq": 392.3793640136719,
      "loudness": -21.75431251525879,
      "loudness_range": 10.971698760986328,
      "low_freq": 148.1999969482422,
      "mid_mean": -19.498228073120117,
      "mid_to_side_loudness": -5.416681289672852,
      "mid_to_side_loudness_range": 14.257576942443848,
      "side_mean": -25.109275817871094
    },
    {
      "high_freq": 794.6976318359375,
      "loudness": -24.916297912597656,
      "loudness_range": 12.626579284667969,
      "low_freq": 392.3793640136719,
      "mid_mean": -22.93048095703125,
      "mid_to_side_loudness": -3.857724189758301,
      "mid_to_side_loudness_range": 9.192173957824707,
      "side_mean": -26.853252410888672
    },
    {
      "high_freq": 1457.5709228515625,
      "loudness": -26.21338653564453,
      "loudness_range": 14.329158782958984,
      "low_freq": 794.6976318359375,
      "mid_mean": -24.373676300048828,
      "mid_to_side_loudness": -3.504608631134033,
      "mid_to_side_loudness_range": 9.72464656829834,
      "side_mean": -27.9713134765625
    },
    {
      "high_freq": 2549.74365234375,
      "loudness": -26.441604614257812,
      "loudness_range": 13.768657684326172,
      "low_freq": 1457.5709228515625,
      "mid_mean": -24.67840576171875,
      "mid_to_side_loudness": -3.459210157394409,
      "mid_to_side_loudness_range": 10.88821029663086,
      "side_mean": -28.27549171447754
    },
    {
      "high_freq": 4349.24462890625,
      "loudness": -25.459461212158203,
      "loudness_range": 16.368955612182617,
      "low_freq": 2549.74365234375,
      "mid_mean": -23.472806930541992,
      "mid_to_side_loudness": -4.366649627685547,
      "mid_to_side_loudness_range": 12.012208938598633,
      "side_mean": -28.056636810302734
    },
    {
      "high_freq": 7314.1640625,
      "loudness": -25.927213668823242,
      "loudness_range": 21.49428367614746,
      "low_freq": 4349.24462890625,
      "mid_mean": -23.80792236328125,
      "mid_to_side_loudness": -4.579922199249268,
      "mid_to_side_loudness_range": 12.583025932312012,
      "side_mean": -29.194320678710938
    },
    {
      "high_freq": 12199.2666015625,
      "loudness": -26.118736267089844,
      "loudness_range": 19.84652328491211,
      "low_freq": 7314.1640625,
      "mid_mean": -23.62006950378418,
      "mid_to_side_loudness": -5.904993057250977,
      "mid_to_side_loudness_range": 14.300577163696289,
      "side_mean": -30.159578323364258
    },
    {
      "loudness": -30.89744758605957,
      "loudness_range": 22.32878303527832,
      "low_freq": 12199.2666015625,
      "mid_mean": -28.341459274291992,
      "mid_to_side_loudness": -6.538907051086426,
      "mid_to_side_loudness_range": 14.705429077148438,
      "side_mean": -35.43325424194336
    }
  ],
  "bands_short": [
    {
      "high_freq": 148.1999969482422,
      "loudness": -26.588790893554688,
      "loudness_range": 29.325468063354492,
      "mid_mean": -23.2777042388916,
      "mid_to_side_loudness": -16.758502960205078,
      "mid_to_side_loudness_range": 24.38460350036621,
      "side_mean": -41.623905181884766
    },
    {
      "high_freq": 392.3793640136719,
      "loudness": -22.505571365356445,
      "loudness_range": 15.062015533447266,
      "low_freq": 148.1999969482422,
      "mid_mean": -20.54336929321289,
      "mid_to_side_loudness": -5.093234062194824,
      "mid_to_side_loudness_range": 17.56989860534668,
      "side_mean": -25.897977828979492
    },
    {
      "high_freq": 794.6976318359375,
      "loudness": -25.449905395507812,
      "loudness_range": 15.164682388305664,
      "low_freq": 392.3793640136719,
      "mid_mean": -23.708086013793945,
      "mid_to_side_loudness": -3.692121982574463,
      "mid_to_side_loudness_range": 12.668662071228027,
      "side_mean": -27.521129608154297
    },
    {
      "high_freq": 1457.5709228515625,
      "loudness": -27.085155487060547,
      "loudness_range": 16.904613494873047,
      "low_freq": 794.6976318359375,
      "mid_mean": -25.496688842773438,
      "mid_to_side_loudness": -3.2744481563568115,
      "mid_to_side_loudness_range": 12.962413787841797,
      "side_mean": -28.89337730407715
    },
    {
      "high_freq": 2549.74365234375,
      "loudness": -27.58007049560547,
      "loudness_range": 17.27888298034668,
      "low_freq": 1457.5709228515625,
      "mid_mean": -26.0319881439209,
      "mid_to_side_loudness": -3.115499973297119,
      "mid_to_side_loudness_range": 13.129920959472656,
      "side_mean": -29.309980392456055
    },
    {
      "high_freq": 4349.24462890625,
      "loudness": -26.44089126586914,
      "loudness_range": 20.045833587646484,
      "low_freq": 2549.74365234375,
      "mid_mean": -24.602787017822266,
      "mid_to_side_loudness": -4.085012435913086,
      "mid_to_side_loudness_range": 14.036985397338867,
      "side_mean": -29.030460357666016
    },
    {
      "high_freq": 7314.1640625,
      "loudness": -27.183570861816406,
      "loudness_range": 24.248706817626953,
      "low_freq": 4349.24462890625,
      "mid_mean": -25.32959747314453,
      "mid_to_side_loudness": -4.03727388381958,
      "mid_to_side_loudness_range": 13.531424522399902,
      "side_mean": -30.22606658935547
    },
    {
      "high_freq": 12199.2666015625,
      "loudness": -27.051790237426758,
      "loudness_range": 21.884096145629883,
      "low_freq": 7314.1640625,
      "mid_mean": -24.747039794921875,
      "mid_to_side_loudness": -5.484391212463379,
      "mid_to_side_loudness_range": 15.174103736877441,
      "side_mean": -31.054931640625
    },
    {
      "loudness": -32.78095245361328,
      "loudness_range": 25.439289093017578,
      "low_freq": 12199.2666015625,
      "mid_mean": -30.59683609008789,
      "mid_to_side_loudness": -5.264904975891113,
      "mid_to_side_loudness_range": 15.767492294311523,
      "side_mean": -36.502445220947266
    }
  ],
  "bandwidth": 691.4879150390625,
  "channels": 2,
  "covariance": [
    [
      106.1305923461914,
      31.42128562927246,
      33.08626937866211,
      6.285106182098389,
      15.961051940917969,
      14.40214729309082,
      21.669103622436523,
      16.49283790588379,
      20.51856803894043,
      12.161587715148926,
      40.736629486083984,
      22.985313415527344,
      59.061222076416016,
      34.97365951538086,
      55.897422790527344,
      31.430360794067383,
      63.897193908691406,
      40.67533874511719
    ],
    [
      31.42128562927246,
      35.134464263916016,
      16.454315185546875,
      8.889922142028809,
      8.751161575317383,
      7.942309856414795,
      13.025819778442383,
      10.754898071289062,
      13.617271423339844,
      10.216404914855957,
      16.289941787719727,
      8.255239486694336,
      18.753543853759766,
      9.45941162109375,
      19.736488342285156,
      10.341912269592285,
      19.78034019470215,
      11.16944408416748
    ],
    [
      33.08626937866211,
      16.454315185546875,
      26.531558990478516,
      12.262450218200684,
      12.660079002380371,
      11.574557304382324,
      11.0192232131958,
      8.210633277893066,
      11.448535919189453,
      7.56067419052124,
      19.867084503173828,
      12.308073043823242,
      28.110681533813477,
      17.997121810913086,
      27.78807830810547,
      17.926530838012695,
      30.338653564453125,
      19.470125198364258
    ],
    [
      6.285106182098389,
      8.889922142028809,
      12.262450218200684,
      20.158550262451172,
      9.548935890197754,
      14.787806510925293,
      10.016199111938477,
      14.189094543457031,
      9.749269485473633,
      15.328875541687012,
      10.194461822509766,
      16.028982162475586,
      11.694365501403809,
      16.968271255493164,
      12.08289623260498,
      17.864370346069336,
      12.679302215576172,
      14.285663604736328
    ],
    [
      15.961051940917969,
      8.751161575317383,
      12.660079002380371,
      9.548935890197754,
      20.59341049194336,
      17.43332290649414,
      12.242677688598633,
      10.694157600402832,
      10.21584701538086,
      10.06399154663086,
      13.462891578674316,
      11.806023597717285,
      16.04271125793457,
      14.501832008361816,
      18.76833152770996,
      16.41145896911621,
      22.752124786376953,
      19.128381729125977
    ],
    [
      14.40214729309082,
      7.942309856414795,
      11.574557304382324,
      14.787806510925293,
      17.43332290649414,
      25.5323486328125,
      14.198437690734863,
      20.78558349609375,
      11.64464282989502,
      19.966981887817383,
      14.32575798034668,
      22.51509666442871,
      18.786474227905273,
      25.294862747192383,
      18.370840072631836,
      26.38080596923828,
      21.772197723388672,
      26.071657180786133
    ],
    [
      21.669103622436523,
      13.025819778442383,
      11.0192232131958,
      10.016199111938477,
      12.242677688598633,
      14.198437690734863,
      25.89822769165039,
      24.794498443603516,
      21.197525024414062,
      23.334659576416016,
      23.368558883666992,
      23.10757064819336,
      23.155960083007812,
      23.57952880859375,
      22.363788604736328,
      22.11742401123047,
      22.465715408325195,
      22.366928100585938
    ],
    [
      16.49283790588379,
      10.754898071289062,
      8.210633277893066,
      14.189094543457031,
      10.694157600402832,
      20.78558349609375,
      24.794498443603516,
      37.75891876220703,
      21.83726692199707,
      34.686553955078125,
      22.98164939880371,
      34.30902862548828,
      23.748205184936523,
      35.091304779052734,
      20.756244659423828,
      33.349510192871094,
      20.50779151916504,
      31.440826416015625
    ],
    [
      20.51856803894043,
      13.617271423339844,
      11.448535919189453,
      9.749269485473633,
      10.21584701538086,
      11.64464282989502,
      21.197525024414062,
      21.83726692199707,
      23.858854293823242,
      24.22688865661621,
      25.996145248413086,
      24.728923797607422,
      24.842557907104492,
      25.434755325317383,
      24.318017959594727,
      23.84095001220703,
      23.598854064941406,
      23.15669059753418
    ],
    [
      12.161587715148926,
      10.216404914855957,
      7.56067419052124,
      15.328875541687012,
      10.06399154663086,
      19.966981887817383,
      23.334659576416016,
      34.686553955078125,
      24.22688865661621,
      43.27116394042969,
      25.045551300048828,
      41.771461486816406,
      24.784469604492188,
      39.52997970581055,
      21.00994110107422,
      36.728641510009766,
      19.998394012451172,
      32.430999755859375
    ],
    [
      40.736629486083984,
      16.289941787719727,
      19.867084503173828,
      10.194461822509766,
      13.462891578674316,
      14.32575798034668,
      23.368558883666992,
      22.98164939880371,
      25.996145248413086,
      25.045551300048828,
      40.413551330566406,
      34.1337776184082,
      46.89746856689453,
      41.00971221923828,
      44.74991226196289,
      38.043128967285156,
      45.30963897705078,
      39.311073303222656
    ],
    [
      22.985313415527344,
      8.255239486694336,
      12.308073043823242,
      16.028982162475586,
      11.806023597717285,
      22.51509666442871,
      23.10757064819336,
      34.30902862548828,
      24.728923797607422,
      41.771461486816406,
      34.1337776184082,
      53.27593231201172,
      40.25932312011719,
      55.53168487548828,
      34.49644088745117,
      50.144290924072266,
      34.298221588134766,
      45.983375549316406
    ],
    [
      59.061222076416016,
      18.753543853759766,
      28.110681533813477,
      11.694365501403809,
      16.04271125793457,
      18.786474227905273,
      23.155960083007812,
      23.748205184936523,
      24.842557907104492,
      24.784469604492188,
      46.89746856689453,
      40.25932312011719,
      70.92866516113281,
      53.198421478271484,
      61.07159423828125,
      49.295433044433594,
      62.212074279785156,
      51.98643493652344
    ],
    [
      34.97365951538086,
      9.45941162109375,
      17.997121810913086,
      16.968271255493164,
      14.501832008361816,
      25.294862747192383,
      23.57952880859375,
      35.091304779052734,
      25.434755325317383,
      39.52997970581055,
      41.00971221923828,
      55.53168487548828,
      53.198421478271484,
      71.8628921508789,
      47.52958679199219,
      61.78538513183594,
      49.25762939453125,
      59.040740966796875
    ],
    [
      55.897422790527344,
      19.736488342285156,
      27.78807830810547,
      12.08289623260498,
      18.76833152770996,
      18.370840072631836,
      22.363788604736328,
      20.756244659423828,
      24.318017959594727,
      21.00994110107422,
      44.74991226196289,
      34.49644088745117,
      61.07159423828125,
      47.52958679199219,
      64.51140594482422,
      46.06094741821289,
      67.08116912841797,
      49.563358306884766
    ],
    [
      31.430360794067383,
      10.341912269592285,
      17.926530838012695,
      17.864370346069336,
      16.41145896911621,
      26.38080596923828,
      22.11742401123047,
      33.349510192871094,
      23.84095001220703,
      36.728641510009766,
      38.043128967285156,
      50.144290924072266,
      49.295433044433594,
      61.78538513183594,
      46.06094741821289,
      61.18233108520508,
      47.234073638916016,
      56.100555419921875
    ],
    [
      63.897193908691406,
      19.78034019470215,
      30.338653564453125,
      12.679302215576172,
      22.752124786376953,
      21.772197723388672,
      22.465715408325195,
      20.50779151916504,
      23.598854064941406,
      19.998394012451172,
      45.30963897705078,
      34.298221588134766,
      62.212074279785156,
      49.25762939453125,
      67.08116912841797,
      47.234073638916016,
      81.47924041748047,
      57.901546478271484
    ],
    [
      40.67533874511719,
      11.16944408416748,
      19.470125198364258,
      14.285663604736328,
      19.128381729125977,
      26.071657180786133,
      22.366928100585938,
      31.440826416015625,
      23.15669059753418,
      32.430999755859375,
      39.311073303222656,
      45.983375549316406,
      51.98643493652344,
      59.040740966796875,
      49.563358306884766,
      56.100555419921875,
      57.901546478271484,
      65.19281768798828
    ]
  ],
  "covariance_short": [
    [
      116.09698486328125,
      41.546875,
      30.73833656311035,
      5.529618263244629,
      10.522110939025879,
      13.285852432250977,
      15.33467960357666,
      15.071676254272461,
      13.480508804321289,
      8.870635032653809,
      33.10404586791992,
      21.202648162841797,
      48.13351821899414,
      34.19023132324219,
      48.57295608520508,
      29.936941146850586,
      47.03290557861328,
      38.08967208862305
    ],
    [
      41.546875,
      49.24735641479492,
      19.281267166137695,
      11.044350624084473,
      9.485212326049805,
      10.954750061035156,
      14.061136245727539,
      13.058269500732422,
      13.420040130615234,
      11.402178764343262,
      19.06382942199707,
      13.370180130004883,
      22.810426712036133,
      16.43734359741211,
      22.267333984375,
      16.368728637695312,
      19.693321228027344,
      17.311532974243164
    ],
    [
      30.73833656311035,
      19.281267166137695,
      41.90665817260742,
      14.60622501373291,
      15.742236137390137,
      13.292193412780762,
      16.460918426513672,
      10.820489883422852,
      17.136343002319336,
      9.979219436645508,
      24.928226470947266,
      15.045023918151855,
      30.769262313842773,
      19.864389419555664,
      29.89272117614746,
      20.007320404052734,
      33.976173400878906,
      22.001672744750977
    ],
    [
      5.529618263244629,
      11.044350624084473,
      14.60622501373291,
      26.244552612304688,
      10.668391227722168,
      16.31733512878418,
      12.337458610534668,
      15.755443572998047,
      12.19671630859375,
      16.75904655456543,
      11.419246673583984,
      17.09818458557129,
      10.91675090789795,
      17.375381469726562,
      10.937358856201172,
      17.584440231323242,
      11.700566291809082,
      14.017616271972656
    ],
    [
      10.522110939025879,
      9.485212326049805,
      15.742236137390137,
      10.668391227722168,
      30.716896057128906,
      20.92466926574707,
      17.55846405029297,
      13.394760131835938,
      14.914761543273926,
      13.12536334991455,
      16.064252853393555,
      14.635653495788574,
      15.828973770141602,
      15.427131652832031,
      17.975584030151367,
      17.705825805664062,
      23.055025100708008,
      19.789653778076172
    ],
    [
      13.285852432250977,
      10.954750061035156,
      13.292193412780762,
      16.31733512878418,
      20.92466926574707,
      33.10654067993164,
      16.70861053466797,
      22.64892578125,
      14.03322696685791,
      21.248926162719727,
      15.55342960357666,
      24.16600799560547,
      18.065200805664062,
      26.07929229736328,
      18.0861759185791,
      26.995967864990234,
      21.62767219543457,
      26.840429306030273
    ],
    [
      15.33467960357666,
      14.061136245727539,
      16.460918426513672,
      12.337458610534668,
      17.55846405029297,
      16.70861053466797,
      35.9264030456543,
      28.39266586303711,
      28.385879516601562,
      27.082000732421875,
      27.85616683959961,
      26.641069412231445,
      27.131603240966797,
      27.010648727416992,
      23.019004821777344,
      24.506616592407227,
      24.798433303833008,
      24.64617156982422
    ],
    [
      15.071676254272461,
      13.058269500732422,
      10.820489883422852,
      15.755443572998047,
      13.394760131835938,
      22.64892578125,
      28.39266586303711,
      43.341827392578125,
      25.407344818115234,
      36.470375061035156,
      24.33584976196289,
      36.35523223876953,
      25.383197784423828,
      37.49285888671875,
      19.694063186645508,
      33.935943603515625,
      20.828596115112305,
      32.571311950683594
    ],
    [
      13.480508804321289,
      13.420040130615234,
      17.136343002319336,
      12.19671630859375,
      14.914761543273926,
      14.03322696685791,
      28.385879516601562,
      25.407344818115234,
      35.42884826660156,
      29.406423568725586,
      33.58040237426758,
      30.133501052856445,
      32.06011962890625,
      30.429847717285156,
      27.3142032623291,
      27.6810245513916,
      28.794790267944336,
      26.45758628845215
    ],
    [
      8.870635032653809,
      11.402178764343262,
      9.979219436645508,
      16.75904655456543,
      13.12536334991455,
      21.248926162719727,
      27.082000732421875,
      36.470375061035156,
      29.406423568725586,
      47.554298400878906,
      27.486248016357422,
      44.21359634399414,
      27.244050979614258,
      42.354793548583984,
      20.161134719848633,
      37.374629974365234,
      21.134990692138672,
      33.7105827331543
    ],
    [
      33.10404586791992,
      19.06382942199707,
      24.928226470947266,
      11.419246673583984,
      16.064252853393555,
      15.55342960357666,
      27.85616683959961,
      24.33584976196289,
      33.58040237426758,
      27.486248016357422,
      49.11183166503906,
      38.23933029174805,
      54.81966018676758,
      45.9415283203125,
      48.36939239501953,
      41.8422966003418,
      48.66482925415039,
      42.57966995239258
    ],
    [
      21.202648162841797,
      13.370180130004883,
      15.045023918151855,
      17.09818458557129,
      14.635653495788574,
      24.16600799560547,
      26.641069412231445,
      36.35523223876953,
      30.133501052856445,
      44.21359634399414,
      38.23933029174805,
      58.51441955566406,
      44.645545959472656,
      60.53461837768555,
      34.766990661621094,
      52.73758316040039,
      34.962554931640625,
      49.004756927490234
    ],
    [
      48.13351821899414,
      22.810426712036133,
      30.769262313842773,
      10.91675090789795,
      15.828973770141602,
      18.065200805664062,
      27.131603240966797,
      25.383197784423828,
      32.06011962890625,
      27.244050979614258,
      54.81966018676758,
      44.645545959472656,
      78.58369445800781,
      59.1279411315918,
      65.54959106445312,
      53.37044906616211,
      65.48722839355469,
      56.0041389465332
    ],
    [
      34.19023132324219,
      16.43734359741211,
      19.864389419555664,
      17.375381469726562,
      15.427131652832031,
      26.07929229736328,
      27.010648727416992,
      37.49285888671875,
      30.429847717285156,
      42.354793548583984,
      45.9415283203125,
      60.53461837768555,
      59.1279411315918,
      78.08505249023438,
      48.32062530517578,
      66.2574462890625,
      48.31922149658203,
      62.92250061035156
    ],
    [
      48.57295608520508,
      22.267333984375,
      29.89272117614746,
      10.937358856201172,
      17.975584030151367,
      18.0861759185791,
      23.019004821777344,
      19.694063186645508,
      27.3142032623291,
      20.161134719848633,
      48.36939239501953,
      34.766990661621094,
      65.54959106445312,
      48.32062530517578,
      67.87535858154297,
      46.682823181152344,
      67.5152816772461,
      49.82113265991211
    ],
    [
      29.936941146850586,
      16.368728637695312,
      20.007320404052734,
      17.584440231323242,
      17.705825805664062,
      26.995967864990234,
      24.506616592407227,
      33.935943603515625,
      27.6810245513916,
      37.374629974365234,
      41.8422966003418,
      52.73758316040039,
      53.37044906616211,
      66.2574462890625,
      46.682823181152344,
      65.05421447753906,
      48.262428283691406,
      60.430519104003906
    ],
    [
      47.03290557861328,
      19.693321228027344,
      33.976173400878906,
      11.700566291809082,
      23.055025100708008,
      21.62767219543457,
      24.798433303833008,
      20.828596115112305,
      28.794790267944336,
      21.134990692138672,
      48.66482925415039,
      34.962554931640625,
      65.48722839355469,
      48.31922149658203,
      67.5152816772461,
      48.262428283691406,
      84.77780151367188,
      58.89295196533203
    ],
    [
      38.08967208862305,
      17.311532974243164,
      22.001672744750977,
      14.017616271972656,
      19.789653778076172,
      26.840429306030273,
      24.64617156982422,
      32.571311950683594,
      26.45758628845215,
      33.7105827331543,
      42.57966995239258,
      49.004756927490234,
      56.0041389465332,
      62.92250061035156,
      49.82113265991211,
      60.430519104003906,
      58.89295196533203,
      71.6633071899414
    ]
  ],
  "damage": -5.205252647399902,
  "diff_bandwidth": 608.252197265625,
  "dissonance": 11.367738262543787,
  "drr": 12.128926277160645,
  "dynamics": 4.124980449676514,
  "format": 1245190,
  "frames": 9316288,
  "loudness": -10.812384605407715,
  "loudness_range": 10.992568969726562,
  "loudness_range_short": 12.491334915161133,
  "lowpass_true_peak_15khz": 1.0762660503387451,
  "mastering3_acoustic_entropies": [
    {
      "acoustic_entropy": 7.638546943664551,
      "acoustic_entropy_mono": 6.867187023162842,
      "band_eliminated_acoustic_entropies": [
        {
          "acoustic_entropy": 7.089888572692871,
          "acoustic_entropy_side": 7.638580799102783,
          "hz": 129.47220167065723
        },
        {
          "acoustic_entropy": 7.229151248931885,
          "acoustic_entropy_side": 7.639680862426758,
          "hz": 202.92927478742237
        },
        {
          "acoustic_entropy": 7.716472148895264,
          "acoustic_entropy_side": 7.601930618286133,
          "hz": 282.89161906338205
        },
        {
          "acoustic_entropy": 7.834962368011475,
          "acoustic_entropy_side": 7.654881000518799,
          "hz": 369.9353335868758
        },
        {
          "acoustic_entropy": 7.4654107093811035,
          "acoustic_entropy_side": 7.727666854858398,
          "hz": 464.6875360973435
        },
        {
          "acoustic_entropy": 7.447065353393555,
          "acoustic_entropy_side": 7.935548305511475,
          "hz": 567.8308811364784
        },
        {
          "acoustic_entropy": 7.589915752410889,
          "acoustic_entropy_side": 7.6704792976379395,
          "hz": 680.1084783214808
        },
        {
          "acoustic_entropy": 7.5681257247924805,
          "acoustic_entropy_side": 7.607845306396484,
          "hz": 802.3292461747484
        },
        {
          "acoustic_entropy": 7.296040058135986,
          "acoustic_entropy_side": 7.643714904785156,
          "hz": 935.3737400823702
        },
        {
          "acoustic_entropy": 6.881202697753906,
          "acoustic_entropy_side": 7.802240371704102,
          "hz": 1080.2004963696966
        },
        {
          "acoustic_entropy": 7.384340286254883,
          "acoustic_entropy_side": 7.476830959320068,
          "hz": 1237.8529382007157
        },
        {
          "acoustic_entropy": 7.429121494293213,
          "acoustic_entropy_side": 7.5187153816223145,
          "hz": 1409.4668930556702
        },
        {
          "acoustic_entropy": 7.4192423820495605,
          "acoustic_entropy_side": 7.516252517700195,
          "hz": 1596.2787759475705
        },
        {
          "acoustic_entropy": 7.642312049865723,
          "acoustic_entropy_side": 7.55656623840332,
          "hz": 1799.6344973346393
        },
        {
          "acoustic_entropy": 7.633221626281738,
          "acoustic_entropy_side": 7.634118556976318,
          "hz": 2020.9991599069049
        },
        {
          "acoustic_entropy": 7.69773530960083,
          "acoustic_entropy_side": 7.714012622833252,
          "hz": 2261.9676141086993
        },
        {
          "acoustic_entropy": 7.6984663009643555,
          "acoustic_entropy_side": 7.706944942474365,
          "hz": 2524.2759484456974
        },
        {
          "acoustic_entropy": 7.654545783996582,
          "acoustic_entropy_side": 7.607792854309082,
          "hz": 2809.813997359896
        },
        {
          "acoustic_entropy": 7.689955234527588,
          "acoustic_entropy_side": 7.631541728973389,
          "hz": 3120.6389567871424
        },
        {
          "acoustic_entropy": 7.735370635986328,
          "acoustic_entropy_side": 7.6803059577941895,
          "hz": 3458.990205492291
        },
        {
          "acoustic_entropy": 7.66212797164917,
          "acoustic_entropy_side": 7.609276294708252,
          "hz": 3827.305438964164
        },
        {
          "acoustic_entropy": 7.668971061706543,
          "acoustic_entropy_side": 7.574382305145264,
          "hz": 4228.238232109126
        },
        {
          "acoustic_entropy": 7.63444185256958,
          "acoustic_entropy_side": 7.557037830352783,
          "hz": 4664.6771572759235
        },
        {
          "acoustic_entropy": 7.625115871429443,
          "acoustic_entropy_side": 7.5575337409973145,
          "hz": 5139.766595350093
        },
        {
          "acoustic_entropy": 7.61716890335083,
          "acoustic_entropy_side": 7.571836471557617,
          "hz": 5656.929389854203
        },
        {
          "acoustic_entropy": 7.596449851989746,
          "acoustic_entropy_side": 7.568323612213135,
          "hz": 6219.891507268283
        },
        {
          "acoustic_entropy": 7.6233811378479,
          "acoustic_entropy_side": 7.583879470825195,
          "hz": 6832.70888123896
        },
        {
          "acoustic_entropy": 7.596338748931885,
          "acoustic_entropy_side": 7.58628511428833,
          "hz": 7499.796634079867
        },
        {
          "acoustic_entropy": 7.614349842071533,
          "acoustic_entropy_side": 7.60979700088501,
          "hz": 8225.96088609342
        },
        {
          "acoustic_entropy": 7.629150390625,
          "acoustic_entropy_side": 7.614480018615723,
          "hz": 9016.43338188839
        },
        {
          "acoustic_entropy": 7.597729206085205,
          "acoustic_entropy_side": 7.586146354675293,
          "hz": 9876.909183162974
        },
        {
          "acoustic_entropy": 7.652972221374512,
          "acoustic_entropy_side": 7.607537746429443,
          "hz": 10813.587699516042
        },
        {
          "acoustic_entropy": 7.604133605957031,
          "acoustic_entropy_side": 7.624188423156738,
          "hz": 11833.21735289826
        },
        {
          "acoustic_entropy": 7.520155429840088,
          "acoustic_entropy_side": 7.63923978805542,
          "hz": 12943.144197493959
        },
        {
          "acoustic_entropy": 7.584540367126465,
          "acoustic_entropy_side": 7.656940937042236,
          "hz": 14151.364845322005
        },
        {
          "acoustic_entropy": 7.6336493492126465,
          "acoustic_entropy_side": 7.6545305252075195,
          "hz": 15466.58407886509
        },
        {
          "acoustic_entropy": 7.672149181365967,
          "acoustic_entropy_side": 7.63779878616333,
          "hz": 16898.27756580493
        },
        {
          "acoustic_entropy": 7.6559553146362305,
          "acoustic_entropy_side": 7.644548416137695,
          "hz": 18456.760127700032
        },
        {
          "acoustic_entropy": 7.653245449066162,
          "acoustic_entropy_side": 7.641241073608398,
          "hz": 20153.260054456492
        },
        {
          "acoustic_entropy": 7.63148832321167,
          "acoustic_entropy_side": 7.638742923736572,
          "hz": 22000.00000000001
        }
      ],
      "diff_acoustic_entropy": 5.73879861831665,
      "sn": 6
    },
    {
      "acoustic_entropy": 12.705021858215332,
      "acoustic_entropy_mono": 11.101728439331055,
      "band_eliminated_acoustic_entropies": [
        {
          "acoustic_entropy": 11.618715286254883,
          "acoustic_entropy_side": 12.704769134521484,
          "hz": 129.47220167065723
        },
        {
          "acoustic_entropy": 12.249341011047363,
          "acoustic_entropy_side": 12.696228981018066,
          "hz": 202.92927478742237
        },
        {
          "acoustic_entropy": 12.822728157043457,
          "acoustic_entropy_side": 12.625986099243164,
          "hz": 282.89161906338205
        },
        {
          "acoustic_entropy": 13.061784744262695,
          "acoustic_entropy_side": 13.021838188171387,
          "hz": 369.9353335868758
        },
        {
          "acoustic_entropy": 13.147717475891113,
          "acoustic_entropy_side": 13.109391212463379,
          "hz": 464.6875360973435
        },
        {
          "acoustic_entropy": 12.417630195617676,
          "acoustic_entropy_side": 12.917295455932617,
          "hz": 567.8308811364784
        },
        {
          "acoustic_entropy": 13.062973976135254,
          "acoustic_entropy_side": 12.766511917114258,
          "hz": 680.1084783214808
        },
        {
          "acoustic_entropy": 12.798362731933594,
          "acoustic_entropy_side": 12.783447265625,
          "hz": 802.3292461747484
        },
        {
          "acoustic_entropy": 12.950061798095703,
          "acoustic_entropy_side": 12.84224796295166,
          "hz": 935.3737400823702
        },
        {
          "acoustic_entropy": 12.202276229858398,
          "acoustic_entropy_side": 12.73893928527832,
          "hz": 1080.2004963696966
        },
        {
          "acoustic_entropy": 12.815539360046387,
          "acoustic_entropy_side": 12.887434959411621,
          "hz": 1237.8529382007157
        },
        {
          "acoustic_entropy": 12.734498023986816,
          "acoustic_entropy_side": 12.771480560302734,
          "hz": 1409.4668930556702
        },
        {
          "acoustic_entropy": 12.743200302124023,
          "acoustic_entropy_side": 12.656535148620605,
          "hz": 1596.2787759475705
        },
        {
          "acoustic_entropy": 12.069464683532715,
          "acoustic_entropy_side": 12.521240234375,
          "hz": 1799.6344973346393
        },
        {
          "acoustic_entropy": 12.526847839355469,
          "acoustic_entropy_side": 12.579833984375,
          "hz": 2020.9991599069049
        },
        {
          "acoustic_entropy": 12.59377384185791,
          "acoustic_entropy_side": 12.593847274780273,
          "hz": 2261.9676141086993
        },
        {
          "acoustic_entropy": 12.381643295288086,
          "acoustic_entropy_side": 12.2096529006958,
          "hz": 2524.2759484456974
        },
        {
          "acoustic_entropy": 12.392690658569336,
          "acoustic_entropy_side": 12.247139930725098,
          "hz": 2809.813997359896
        },
        {
          "acoustic_entropy": 12.850075721740723,
          "acoustic_entropy_side": 12.766044616699219,
          "hz": 3120.6389567871424
        },
        {
          "acoustic_entropy": 12.872260093688965,
          "acoustic_entropy_side": 12.907086372375488,
          "hz": 3458.990205492291
        },
        {
          "acoustic_entropy": 12.668342590332031,
          "acoustic_entropy_side": 12.71972370147705,
          "hz": 3827.305438964164
        },
        {
          "acoustic_entropy": 12.686982154846191,
          "acoustic_entropy_side": 12.732802391052246,
          "hz": 4228.238232109126
        },
        {
          "acoustic_entropy": 12.615194320678711,
          "acoustic_entropy_side": 12.688580513000488,
          "hz": 4664.6771572759235
        },
        {
          "acoustic_entropy": 12.669906616210938,
          "acoustic_entropy_side": 12.700307846069336,
          "hz": 5139.766595350093
        },
        {
          "acoustic_entropy": 12.664911270141602,
          "acoustic_entropy_side": 12.651644706726074,
          "hz": 5656.929389854203
        },
        {
          "acoustic_entropy": 12.588309288024902,
          "acoustic_entropy_side": 12.608014106750488,
          "hz": 6219.891507268283
        },
        {
          "acoustic_entropy": 12.56648063659668,
          "acoustic_entropy_side": 12.624528884887695,
          "hz": 6832.70888123896
        },
        {
          "acoustic_entropy": 12.551918983459473,
          "acoustic_entropy_side": 12.611583709716797,
          "hz": 7499.796634079867
        },
        {
          "acoustic_entropy": 12.73892593383789,
          "acoustic_entropy_side": 12.6682767868042,
          "hz": 8225.96088609342
        },
        {
          "acoustic_entropy": 12.647692680358887,
          "acoustic_entropy_side": 12.6480712890625,
          "hz": 9016.43338188839
        },
        {
          "acoustic_entropy": 12.602519989013672,
          "acoustic_entropy_side": 12.606612205505371,
          "hz": 9876.909183162974
        },
        {
          "acoustic_entropy": 12.57194709777832,
          "acoustic_entropy_side": 12.633403778076172,
          "hz": 10813.587699516042
        },
        {
          "acoustic_entropy": 12.712596893310547,
          "acoustic_entropy_side": 12.671463966369629,
          "hz": 11833.21735289826
        },
        {
          "acoustic_entropy": 12.747235298156738,
          "acoustic_entropy_side": 12.723278045654297,
          "hz": 12943.144197493959
        },
        {
          "acoustic_entropy": 12.424342155456543,
          "acoustic_entropy_side": 12.708059310913086,
          "hz": 14151.364845322005
        },
        {
          "acoustic_entropy": 12.425213813781738,
          "acoustic_entropy_side": 12.780423164367676,
          "hz": 15466.58407886509
        },
        {
          "acoustic_entropy": 12.765583038330078,
          "acoustic_entropy_side": 12.849260330200195,
          "hz": 16898.27756580493
        },
        {
          "acoustic_entropy": 12.905172348022461,
          "acoustic_entropy_side": 12.844265937805176,
          "hz": 18456.760127700032
        },
        {
          "acoustic_entropy": 12.930801391601562,
          "acoustic_entropy_side": 12.7716703414917,
          "hz": 20153.260054456492
        },
        {
          "acoustic_entropy": 12.886956214904785,
          "acoustic_entropy_side": 12.716416358947754,
          "hz": 22000.00000000001
        }
      ],
      "diff_acoustic_entropy": 8.534528732299805,
      "sn": 12
    },
    {
      "acoustic_entropy": 17.480409622192383,
      "acoustic_entropy_mono": 15.274584770202637,
      "band_eliminated_acoustic_entropies": [
        {
          "acoustic_entropy": 16.393592834472656,
          "acoustic_entropy_side": 17.45513343811035,
          "hz": 129.47220167065723
        },
        {
          "acoustic_entropy": 18.02702522277832,
          "acoustic_entropy_side": 17.830415725708008,
          "hz": 202.92927478742237
        },
        {
          "acoustic_entropy": 18.638120651245117,
          "acoustic_entropy_side": 18.735593795776367,
          "hz": 282.89161906338205
        },
        {
          "acoustic_entropy": 17.498750686645508,
          "acoustic_entropy_side": 18.524444580078125,
          "hz": 369.9353335868758
        },
        {
          "acoustic_entropy": 17.875865936279297,
          "acoustic_entropy_side": 17.66102409362793,
          "hz": 464.6875360973435
        },
        {
          "acoustic_entropy": 17.7962703704834,
          "acoustic_entropy_side": 17.820873260498047,
          "hz": 567.8308811364784
        },
        {
          "acoustic_entropy": 17.669248580932617,
          "acoustic_entropy_side": 17.712549209594727,
          "hz": 680.1084783214808
        },
        {
          "acoustic_entropy": 17.692840576171875,
          "acoustic_entropy_side": 17.97450828552246,
          "hz": 802.3292461747484
        },
        {
          "acoustic_entropy": 17.90314483642578,
          "acoustic_entropy_side": 17.813188552856445,
          "hz": 935.3737400823702
        },
        {
          "acoustic_entropy": 17.96249771118164,
          "acoustic_entropy_side": 18.20861053466797,
          "hz": 1080.2004963696966
        },
        {
          "acoustic_entropy": 17.198963165283203,
          "acoustic_entropy_side": 17.595237731933594,
          "hz": 1237.8529382007157
        },
        {
          "acoustic_entropy": 17.913328170776367,
          "acoustic_entropy_side": 17.63568878173828,
          "hz": 1409.4668930556702
        },
        {
          "acoustic_entropy": 17.983749389648438,
          "acoustic_entropy_side": 17.641725540161133,
          "hz": 1596.2787759475705
        },
        {
          "acoustic_entropy": 17.605039596557617,
          "acoustic_entropy_side": 18.236188888549805,
          "hz": 1799.6344973346393
        },
        {
          "acoustic_entropy": 17.70257568359375,
          "acoustic_entropy_side": 17.711071014404297,
          "hz": 2020.9991599069049
        },
        {
          "acoustic_entropy": 18.216049194335938,
          "acoustic_entropy_side": 18.083507537841797,
          "hz": 2261.9676141086993
        },
        {
          "acoustic_entropy": 18.405046463012695,
          "acoustic_entropy_side": 18.123018264770508,
          "hz": 2524.2759484456974
        },
        {
          "acoustic_entropy": 17.774524688720703,
          "acoustic_entropy_side": 17.453828811645508,
          "hz": 2809.813997359896
        },
        {
          "acoustic_entropy": 17.90810203552246,
