{
  "acoustic_entropy": 211.12562561035156,
  "bands": [
    {
      "high_freq": 148.1999969482422,
      "loudness": -34.751014709472656,
      "loudness_range": 17.02490997314453,
      "mid_mean": -32.633575439453125,
      "mid_to_side_loudness": -4.428345203399658,
      "mid_to_side_loudness_range": 10.166915893554688,
      "side_mean": -37.159969329833984
    },
    {
      "high_freq": 392.3793640136719,
      "loudness": -27.853235244750977,
      "loudness_range": 13.025920867919922,
      "low_freq": 148.1999969482422,
      "mid_mean": -25.491840362548828,
      "mid_to_side_loudness": -5.0857954025268555,
      "mid_to_side_loudness_range": 7.965391159057617,
      "side_mean": -30.534276962280273
    },
    {
      "high_freq": 794.6976318359375,
      "loudness": -27.103151321411133,
      "loudness_range": 12.497344970703125,
      "low_freq": 392.3793640136719,
      "mid_mean": -25.29717254638672,
      "mid_to_side_loudness": -3.170836925506592,
      "mid_to_side_loudness_range": 6.209086894989014,
      "side_mean": -28.345640182495117
    },
    {
      "high_freq": 1457.5709228515625,
      "loudness": -28.541702270507812,
      "loudness_range": 14.379518508911133,
      "low_freq": 794.6976318359375,
      "mid_mean": -26.846193313598633,
      "mid_to_side_loudness": -3.0637755393981934,
      "mid_to_side_loudness_range": 6.863685131072998,
      "side_mean": -29.69588851928711
    },
    {
      "high_freq": 2549.74365234375,
      "loudness": -29.664520263671875,
      "loudness_range": 17.507829666137695,
      "low_freq": 1457.5709228515625,
      "mid_mean": -27.625036239624023,
      "mid_to_side_loudness": -3.9114413261413574,
      "mid_to_side_loudness_range": 5.838315963745117,
      "side_mean": -31.397275924682617
    },
    {
      "high_freq": 4349.24462890625,
      "loudness": -34.16976547241211,
      "loudness_range": 22.66389274597168,
      "low_freq": 2549.74365234375,
      "mid_mean": -32.048484802246094,
      "mid_to_side_loudness": -3.954909086227417,
      "mid_to_side_loudness_range": 5.145914554595947,
      "side_mean": -36.004188537597656
    },
    {
      "high_freq": 7314.1640625,
      "loudness": -40.38220977783203,
      "loudness_range": 25.028409957885742,
      "low_freq": 4349.24462890625,
      "mid_mean": -38.1630859375,
      "mid_to_side_loudness": -4.025402069091797,
      "mid_to_side_loudness_range": 4.738699913024902,
      "side_mean": -42.45100402832031
    },
    {
      "high_freq": 12199.2666015625,
      "loudness": -44.5526008605957,
      "loudness_range": 23.954647064208984,
      "low_freq": 7314.1640625,
      "mid_mean": -42.61541748046875,
      "mid_to_side_loudness": -3.9446189403533936,
      "mid_to_side_loudness_range": 4.3264336585998535,
      "side_mean": -46.86100769042969
    },
    {
      "loudness": -49.96708679199219,
      "loudness_range": 27.502674102783203,
      "low_freq": 12199.2666015625,
      "mid_mean": -50.33242416381836,
      "mid_to_side_loudness": -3.438542604446411,
      "mid_to_side_loudness_range": 4.751775741577148,
      "side_mean": -53.32460403442383
    }
  ],
  "bands_short": [
    {
      "high_freq": 148.1999969482422,
      "loudness": -38.4522590637207,
      "loudness_range": 20.402795791625977,
      "mid_mean": -37.022117614746094,
      "mid_to_side_loudness": -3.545776605606079,
      "mid_to_side_loudness_range": 16.356964111328125,
      "side_mean": -40.692745208740234
    },
    {
      "high_freq": 392.3793640136719,
      "loudness": -28.438495635986328,
      "loudness_range": 15.014997482299805,
      "low_freq": 148.1999969482422,
      "mid_mean": -26.315492630004883,
      "mid_to_side_loudness": -4.729295253753662,
      "mid_to_side_loudness_range": 11.134960174560547,
      "side_mean": -31.07499122619629
    },
    {
      "high_freq": 794.6976318359375,
      "loudness": -27.337892532348633,
      "loudness_range": 13.465829849243164,
      "low_freq": 392.3793640136719,
      "mid_mean": -25.676259994506836,
      "mid_to_side_loudness": -3.2534682750701904,
      "mid_to_side_loudness_range": 10.126851081848145,
      "side_mean": -28.78748893737793
    },
    {
      "high_freq": 1457.5709228515625,
      "loudness": -28.79359245300293,
      "loudness_range": 15.880695343017578,
      "low_freq": 794.6976318359375,
      "mid_mean": -27.271076202392578,
      "mid_to_side_loudness": -2.8797500133514404,
      "mid_to_side_loudness_range": 9.882540702819824,
      "side_mean": -29.995712280273438
    },
    {
      "high_freq": 2549.74365234375,
      "loudness": -30.274600982666016,
      "loudness_range": 18.89388084411621,
      "low_freq": 1457.5709228515625,
      "mid_mean": -28.444894790649414,
      "mid_to_side_loudness": -3.5771830081939697,
      "mid_to_side_loudness_range": 8.817028999328613,
      "side_mean": -31.946449279785156
    },
    {
      "high_freq": 4349.24462890625,
      "loudness": -34.579551696777344,
      "loudness_range": 23.86794090270996,
      "low_freq": 2549.74365234375,
      "mid_mean": -32.638031005859375,
      "mid_to_side_loudness": -3.59773588180542,
      "mid_to_side_loudness_range": 7.660024642944336,
      "side_mean": -36.337642669677734
    },
    {
      "high_freq": 7314.1640625,
      "loudness": -41.22398376464844,
      "loudness_range": 26.91940689086914,
      "low_freq": 4349.24462890625,
      "mid_mean": -39.24416732788086,
      "mid_to_side_loudness": -3.7057104110717773,
      "mid_to_side_loudness_range": 7.126101016998291,
      "side_mean": -43.1477165222168
    },
    {
      "high_freq": 12199.2666015625,
      "loudness": -45.59541320800781,
      "loudness_range": 26.67557144165039,
      "low_freq": 7314.1640625,
      "mid_mean": -44.376373291015625,
      "mid_to_side_loudness": -3.5282607078552246,
      "mid_to_side_loudness_range": 6.430361747741699,
      "side_mean": -48.51984405517578
    },
    {
      "loudness": -51.699127197265625,
      "loudness_range": 29.1221923828125,
      "low_freq": 12199.2666015625,
      "mid_mean": -53.3420295715332,
      "mid_to_side_loudness": -2.889775037765503,
      "mid_to_side_loudness_range": 6.660533428192139,
      "side_mean": -55.74286651611328
    }
  ],
  "bandwidth": 771.316650390625,
  "channels": 2,
  "covariance": [
    [
      41.431251525878906,
      32.06513977050781,
      23.70738983154297,
      17.30641746520996,
      12.584436416625977,
      13.230915069580078,
      19.3385066986084,
      16.81976318359375,
      24.420188903808594,
      22.91347312927246,
      35.75463104248047,
      34.318607330322266,
      41.78818130493164,
      38.99307632446289,
      39.685455322265625,
      38.21354293823242,
      44.68009948730469,
      39.31209945678711
    ],
    [
      32.06513977050781,
      35.290428161621094,
      20.072912216186523,
      17.051488876342773,
      12.825685501098633,
      13.256958961486816,
      16.199100494384766,
      14.081855773925781,
      19.304943084716797,
      18.793439865112305,
      28.93247413635254,
      28.126312255859375,
      33.252559661865234,
      31.168039321899414,
      32.47381591796875,
      31.61815643310547,
      38.52198028564453,
      34.231266021728516
    ],
    [
      23.70738983154297,
      20.072912216186523,
      25.1937313079834,
      17.854524612426758,
      13.76860523223877,
      12.915433883666992,
      15.663896560668945,
      13.66512680053711,
      17.73311996459961,
      16.899024963378906,
      23.70490264892578,
      22.94813346862793,
      26.99910545349121,
      25.270191192626953,
      26.147212982177734,
      24.545196533203125,
      30.166810989379883,
      27.02073860168457
    ],
    [
      17.30641746520996,
      17.051488876342773,
      17.854524612426758,
      18.924711227416992,
      11.704073905944824,
      11.55630111694336,
      10.835210800170898,
      9.959527969360352,
      11.746349334716797,
      12.182550430297852,
      16.649662017822266,
      16.431943893432617,
      19.50510597229004,
      18.529945373535156,
      18.720674514770508,
      17.826257705688477,
      21.293132781982422,
      19.805864334106445
    ],
    [
      12.584436416625977,
      12.825685501098633,
      13.76860523223877,
      11.704073905944824,
      21.828643798828125,
      17.717782974243164,
      18.502418518066406,
      17.089426040649414,
      18.8701114654541,
      18.872079849243164,
      20.549753189086914,
      20.66432762145996,
      19.00436019897461,
      18.467973709106445,
      17.89934730529785,
      17.141841888427734,
      19.757598876953125,
      18.507896423339844
    ],
    [
      13.230915069580078,
      13.256958961486816,
      12.915433883666992,
      11.55630111694336,
      17.717782974243164,
      21.054716110229492,
      16.599788665771484,
      17.420581817626953,
      17.201526641845703,
      18.113243103027344,
      18.07027816772461,
      18.714981079101562,
      16.411684036254883,
      16.621824264526367,
      16.379343032836914,
      16.229633331298828,
      21.827392578125,
      20.442514419555664
    ],
    [
      19.3385066986084,
      16.199100494384766,
      15.663896560668945,
      10.835210800170898,
      18.502418518066406,
      16.599788665771484,
      32.08216094970703,
      25.541378021240234,
      32.91625213623047,
      30.211416244506836,
      35.798580169677734,
      33.96593475341797,
      33.572532653808594,
      31.92605209350586,
      29.694759368896484,
      28.64668846130371,
      31.345909118652344,
      27.603351593017578
    ],
    [
      16.81976318359375,
      14.081855773925781,
      13.66512680053711,
      9.959527969360352,
      17.089426040649414,
      17.420581817626953,
      25.541378021240234,
      26.308687210083008,
      27.706071853637695,
      26.92538070678711,
      27.89906120300293,
      27.79077911376953,
      25.143171310424805,
      24.781139373779297,
      22.821125030517578,
      22.473129272460938,
      27.591934204101562,
      24.654373168945312
    ],
    [
      24.420188903808594,
      19.304943084716797,
      17.73311996459961,
      11.746349334716797,
      18.8701114654541,
      17.201526641845703,
      32.91625213623047,
      27.706071853637695,
      42.88673400878906,
      37.90324020385742,
      45.34285354614258,
      42.94839859008789,
      42.874691009521484,
      41.46249008178711,
      37.22623062133789,
      36.209510803222656,
      38.073543548583984,
      33.65349578857422
    ],
    [
      22.91347312927246,
      18.793439865112305,
      16.899024963378906,
      12.182550430297852,
      18.872079849243164,
      18.113243103027344,
      30.211416244506836,
      26.92538070678711,
      37.90324020385742,
      37.491573333740234,
      40.139766693115234,
      39.456459045410156,
      37.16486358642578,
      36.529205322265625,
      32.7861442565918,
      32.5627326965332,
      36.024444580078125,
      32.1666374206543
    ],
    [
      35.75463104248047,
      28.93247413635254,
      23.70490264892578,
      16.649662017822266,
      20.549753189086914,
      18.07027816772461,
      35.798580169677734,
      27.89906120300293,
      45.34285354614258,
      40.139766693115234,
      67.6002426147461,
      62.28697967529297,
      66.75637817382812,
      63.097625732421875,
      59.312374114990234,
      58.077430725097656,
      57.4680290222168,
      50.903141021728516
    ],
    [
      34.318607330322266,
      28.126312255859375,
      22.94813346862793,
      16.431943893432617,
      20.66432762145996,
      18.714981079101562,
      33.96593475341797,
      27.79077911376953,
      42.94839859008789,
      39.456459045410156,
      62.28697967529297,
      60.830997467041016,
      60.90534210205078,
      58.5056266784668,
      54.44526672363281,
      53.784889221191406,
      54.2307243347168,
      48.23555374145508
    ],
    [
      41.78818130493164,
      33.252559661865234,
      26.99910545349121,
      19.50510597229004,
      19.00436019897461,
      16.411684036254883,
      33.572532653808594,
      25.143171310424805,
      42.874691009521484,
      37.16486358642578,
      66.75637817382812,
      60.90534210205078,
      79.80282592773438,
      73.73319244384766,
      73.3732681274414,
      71.74407196044922,
      73.58898162841797,
      65.72888946533203
    ],
    [
      38.99307632446289,
      31.168039321899414,
      25.270191192626953,
      18.529945373535156,
      18.467973709106445,
      16.621824264526367,
      31.92605209350586,
      24.781139373779297,
      41.46249008178711,
      36.529205322265625,
      63.097625732421875,
      58.5056266784668,
      73.73319244384766,
      70.16947937011719,
      67.59581756591797,
      66.68745422363281,
      68.1710433959961,
      61.24155807495117
    ],
    [
      39.685455322265625,
      32.47381591796875,
      26.147212982177734,
      18.720674514770508,
      17.89934730529785,
      16.379343032836914,
      29.694759368896484,
      22.821125030517578,
      37.22623062133789,
      32.7861442565918,
      59.312374114990234,
      54.44526672363281,
      73.3732681274414,
      67.59581756591797,
      78.4644775390625,
      73.80553436279297,
      80.46695709228516,
      72.47892761230469
    ],
    [
      38.21354293823242,
      31.61815643310547,
      24.545196533203125,
      17.826257705688477,
      17.141841888427734,
      16.229633331298828,
      28.64668846130371,
      22.473129272460938,
      36.209510803222656,
      32.5627326965332,
      58.077430725097656,
      53.784889221191406,
      71.74407196044922,
      66.68745422363281,
      73.80553436279297,
      75.10115051269531,
      80.52240753173828,
      73.08281707763672
    ],
    [
      44.68009948730469,
      38.52198028564453,
      30.166810989379883,
      21.293132781982422,
      19.757598876953125,
      21.827392578125,
      31.345909118652344,
      27.591934204101562,
      38.073543548583984,
      36.024444580078125,
      57.4680290222168,
      54.2307243347168,
      73.58898162841797,
      68.1710433959961,
      80.46695709228516,
      80.52240753173828,
      125.8093032836914,
      112.2071762084961
    ],
    [
      39.31209945678711,
      34.231266021728516,
      27.02073860168457,
      19.805864334106445,
      18.507896423339844,
      20.442514419555664,
      27.603351593017578,
      24.654373168945312,
      33.65349578857422,
      32.1666374206543,
      50.903141021728516,
      48.23555374145508,
      65.72888946533203,
      61.24155807495117,
      72.47892761230469,
      73.08281707763672,
      112.2071762084961,
      101.87672424316406
    ]
  ],
  "covariance_short": [
    [
      55.89226150512695,
      38.40303039550781,
      26.986658096313477,
      19.4303035736084,
      12.621614456176758,
      12.867131233215332,
      19.376150131225586,
      16.62788200378418,
      23.395206451416016,
      22.540796279907227,
      35.31074142456055,
      33.46958923339844,
      41.31377029418945,
      37.84562683105469,
      42.314151763916016,
      40.75189208984375,
      44.5316047668457,
      39.628910064697266
    ],
    [
      38.40303039550781,
      55.12812805175781,
      22.991579055786133,
      20.080278396606445,
      13.266518592834473,
      13.843412399291992,
      17.962419509887695,
      15.777417182922363,
      20.60401725769043,
      20.44468879699707,
      31.325044631958008,
      30.08660316467285,
      36.654720306396484,
      34.16117858886719,
      37.83689498901367,
      36.71485137939453,
      39.278045654296875,
      35.82522201538086
    ],
    [
      26.986658096313477,
      22.991579055786133,
      32.62214279174805,
      20.407489776611328,
      15.192309379577637,
      13.625683784484863,
      17.17453384399414,
      14.768525123596191,
      18.6286678314209,
      17.3204402923584,
      26.1098575592041,
      24.204261779785156,
      31.27446174621582,
      28.179916381835938,
      31.113407135009766,
      29.595640182495117,
      34.573638916015625,
      30.807636260986328
    ],
    [
      19.4303035736084,
      20.080278396606445,
      20.407489776611328,
      24.1816349029541,
      12.402244567871094,
      12.387908935546875,
      12.649857521057129,
      11.449349403381348,
      13.246071815490723,
      13.036493301391602,
      19.17706298828125,
      18.57974624633789,
      23.201370239257812,
      21.86050796508789,
      22.555097579956055,
      21.823406219482422,
      23.986583709716797,
      22.417673110961914
    ],
    [
      12.621614456176758,
      13.266518592834473,
      15.192309379577637,
      12.402244567871094,
      26.96433448791504,
      19.622604370117188,
      20.547941207885742,
      19.103452682495117,
      21.033370971679688,
      20.00796890258789,
      22.053930282592773,
      21.790451049804688,
      21.09504508972168,
      20.089759826660156,
      20.57320785522461,
      20.031007766723633,
      21.877500534057617,
      20.52119255065918
    ],
    [
      12.867131233215332,
      13.843412399291992,
      13.625683784484863,
      12.387908935546875,
      19.622604370117188,
      25.910037994384766,
      18.647951126098633,
      19.067684173583984,
      19.0205020904541,
      19.491954803466797,
      19.166818618774414,
      19.700620651245117,
      17.582260131835938,
      17.576894760131836,
      17.287891387939453,
      18.491256713867188,
      21.344741821289062,
      20.25084114074707
    ],
    [
      19.376150131225586,
      17.962419509887695,
      17.17453384399414,
      12.649857521057129,
      20.547941207885742,
      18.647951126098633,
      38.3123779296875,
      28.35590171813965,
      37.031639099121094,
      32.97222900390625,
      40.378265380859375,
      37.37999725341797,
      38.44051742553711,
      35.86686706542969,
      34.5272216796875,
      34.1650390625,
      33.37739562988281,
      29.89711570739746
    ],
    [
      16.62788200378418,
      15.777417182922363,
      14.768525123596191,
      11.449349403381348,
      19.103452682495117,
      19.067684173583984,
      28.35590171813965,
      31.33108901977539,
      30.834388732910156,
      29.436767578125,
      31.544279098510742,
      30.916921615600586,
      28.987218856811523,
      28.183795928955078,
      26.447961807250977,
      27.927257537841797,
      28.345352172851562,
      26.102270126342773
    ],
    [
      23.395206451416016,
      20.60401725769043,
      18.6286678314209,
      13.246071815490723,
      21.033370971679688,
      19.0205020904541,
      37.031639099121094,
      30.834388732910156,
      49.944522857666016,
      40.94687271118164,
      50.21531677246094,
      46.60215377807617,
      47.47117614746094,
      44.99066925048828,
      41.89470291137695,
      42.212528228759766,
      40.34332275390625,
      36.276241302490234
    ],
    [
      22.540796279907227,
      20.44468879699707,
      17.3204402923584,
      13.036493301391602,
      20.00796890258789,
      19.491954803466797,
      32.97222900390625,
      29.436767578125,
      40.94687271118164,
      42.399078369140625,
      43.83970642089844,
      42.517513275146484,
      40.68757629394531,
      39.64564514160156,
      36.42917251586914,
      38.11105728149414,
      36.66068649291992,
      33.50727462768555
    ],
    [
      35.31074142456055,
      31.325044631958008,
      26.1098575592041,
      19.17706298828125,
      22.053930282592773,
      19.166818618774414,
      40.378265380859375,
      31.544279098510742,
      50.21531677246094,
      43.83970642089844,
      75.8308334350586,
      66.8407211303711,
      74.82862091064453,
      68.9835433959961,
      68.20301818847656,
      66.4459457397461,
      61.929439544677734,
      55.198612213134766
    ],
    [
      33.46958923339844,
      30.08660316467285,
      24.204261779785156,
      18.57974624633789,
      21.790451049804688,
      19.700620651245117,
      37.37999725341797,
      30.916921615600586,
      46.60215377807617,
      42.517513275146484,
      66.8407211303711,
      65.6891098022461,
      66.57110595703125,
      63.169395446777344,
      60.742034912109375,
      60.73996353149414,
      55.433555603027344,
      50.28725814819336
    ],
    [
      41.31377029418945,
      36.654720306396484,
      31.27446174621582,
      23.201370239257812,
      21.09504508972168,
      17.582260131835938,
      38.44051742553711,
      28.987218856811523,
      47.47117614746094,
      40.68757629394531,
      74.82862091064453,
      66.57110595703125,
      94.41212463378906,
      83.03536224365234,
      89.84603118896484,
      85.1551513671875,
      85.53583526611328,
      75.85122680664062
    ],
    [
      37.84562683105469,
      34.16117858886719,
      28.179916381835938,
      21.86050796508789,
      20.089759826660156,
      17.576894760131836,
      35.86686706542969,
      28.183795928955078,
      44.99066925048828,
      39.64564514160156,
      68.9835433959961,
      63.169395446777344,
      83.03536224365234,
      78.77902221679688,
      79.13043975830078,
      77.48404693603516,
      75.38417053222656,
      68.3991470336914
    ],
    [
      42.314151763916016,
      37.83689498901367,
      31.113407135009766,
      22.555097579956055,
      20.57320785522461,
      17.287891387939453,
      34.5272216796875,
      26.447961807250977,
      41.89470291137695,
      36.42917251586914,
      68.20301818847656,
      60.742034912109375,
      89.84603118896484,
      79.13043975830078,
      103.74668884277344,
      92.82294464111328,
      99.23497009277344,
      88.4932632446289
    ],
    [
      40.75189208984375,
      36.71485137939453,
      29.595640182495117,
      21.823406219482422,
      20.031007766723633,
      18.491256713867188,
      34.1650390625,
      27.927257537841797,
      42.212528228759766,
      38.11105728149414,
      66.4459457397461,
      60.73996353149414,
      85.1551513671875,
      77.48404693603516,
      92.82294464111328,
      96.20506286621094,
      96.75457763671875,
      88.26293182373047
    ],
    [
      44.5316047668457,
      39.278045654296875,
      34.573638916015625,
      23.986583709716797,
      21.877500534057617,
      21.344741821289062,
      33.37739562988281,
      28.345352172851562,
      40.34332275390625,
      36.66068649291992,
      61.929439544677734,
      55.433555603027344,
      85.53583526611328,
      75.38417053222656,
      99.23497009277344,
      96.75457763671875,
      135.32240295410156,
      119.0708236694336
    ],
    [
      39.628910064697266,
      35.82522201538086,
      30.807636260986328,
      22.417673110961914,
      20.52119255065918,
      20.25084114074707,
      29.89711570739746,
      26.102270126342773,
      36.276241302490234,
      33.50727462768555,
      55.198612213134766,
      50.28725814819336,
      75.85122680664062,
      68.3991470336914,
      88.4932632446289,
      88.26293182373047,
      119.0708236694336,
      108.89837646484375
    ]
  ],
  "damage": -12.183810234069824,
  "diff_bandwidth": 802.5888671875,
  "dissonance": 9.013751551013517,
  "drr": 5.783992290496826,
  "dynamics": 4.295043468475342,
  "format": 1245190,
  "frames": 10043328,
  "loudness": -17.44512367248535,
  "loudness_range": 12.33511734008789,
  "loudness_range_short": 13.591201782226562,
  "lowpass_true_peak_15khz": 0.22892889380455017,
  "mastering3_acoustic_entropies": [
    {
      "acoustic_entropy": 4.637444496154785,
      "acoustic_entropy_mono": 5.112422466278076,
      "band_eliminated_acoustic_entropies": [
        {
          "acoustic_entropy": 4.6431074142456055,
          "acoustic_entropy_side": 4.639831066131592,
          "hz": 129.47220167065723
        },
        {
          "acoustic_entropy": 4.6041364669799805,
          "acoustic_entropy_side": 4.660938739776611,
          "hz": 202.92927478742237
        },
        {
          "acoustic_entropy": 4.4969024658203125,
          "acoustic_entropy_side": 4.606992721557617,
          "hz": 282.89161906338205
        },
        {
          "acoustic_entropy": 4.4397501945495605,
          "acoustic_entropy_side": 4.674131393432617,
          "hz": 369.9353335868758
        },
        {
          "acoustic_entropy": 4.618546962738037,
          "acoustic_entropy_side": 4.700326919555664,
          "hz": 464.6875360973435
        },
        {
          "acoustic_entropy": 4.465007781982422,
          "acoustic_entropy_side": 4.891234874725342,
          "hz": 567.8308811364784
        },
        {
          "acoustic_entropy": 4.815751552581787,
          "acoustic_entropy_side": 4.636031627655029,
          "hz": 680.1084783214808
        },
        {
          "acoustic_entropy": 4.794126510620117,
          "acoustic_entropy_side": 4.683114528656006,
          "hz": 802.3292461747484
        },
        {
          "acoustic_entropy": 4.570866107940674,
          "acoustic_entropy_side": 4.639204978942871,
          "hz": 935.3737400823702
        },
        {
          "acoustic_entropy": 4.847522258758545,
          "acoustic_entropy_side": 4.737152576446533,
          "hz": 1080.2004963696966
        },
        {
          "acoustic_entropy": 4.653139114379883,
          "acoustic_entropy_side": 4.659229755401611,
          "hz": 1237.8529382007157
        },
        {
          "acoustic_entropy": 4.8825788497924805,
          "acoustic_entropy_side": 4.567347049713135,
          "hz": 1409.4668930556702
        },
        {
          "acoustic_entropy": 4.683932304382324,
          "acoustic_entropy_side": 4.614023685455322,
          "hz": 1596.2787759475705
        },
        {
          "acoustic_entropy": 4.350406646728516,
          "acoustic_entropy_side": 4.557746887207031,
          "hz": 1799.6344973346393
        },
        {
          "acoustic_entropy": 4.652128219604492,
          "acoustic_entropy_side": 4.658204078674316,
          "hz": 2020.9991599069049
        },
        {
          "acoustic_entropy": 4.6925177574157715,
          "acoustic_entropy_side": 4.642187118530273,
          "hz": 2261.9676141086993
        },
        {
          "acoustic_entropy": 4.657591819763184,
          "acoustic_entropy_side": 4.73292875289917,
          "hz": 2524.2759484456974
        },
        {
          "acoustic_entropy": 4.722224235534668,
          "acoustic_entropy_side": 4.648759365081787,
          "hz": 2809.813997359896
        },
        {
          "acoustic_entropy": 4.683577060699463,
          "acoustic_entropy_side": 4.697052955627441,
          "hz": 3120.6389567871424
        },
        {
          "acoustic_entropy": 4.552631855010986,
          "acoustic_entropy_side": 4.600704669952393,
          "hz": 3458.990205492291
        },
        {
          "acoustic_entropy": 4.692651748657227,
          "acoustic_entropy_side": 4.640256881713867,
          "hz": 3827.305438964164
        },
        {
          "acoustic_entropy": 4.5774922370910645,
          "acoustic_entropy_side": 4.63539457321167,
          "hz": 4228.238232109126
        },
        {
          "acoustic_entropy": 4.819509506225586,
          "acoustic_entropy_side": 4.728781700134277,
          "hz": 4664.6771572759235
        },
        {
          "acoustic_entropy": 4.737771034240723,
          "acoustic_entropy_side": 4.707704067230225,
          "hz": 5139.766595350093
        },
        {
          "acoustic_entropy": 4.721210479736328,
          "acoustic_entropy_side": 4.683221340179443,
          "hz": 5656.929389854203
        },
        {
          "acoustic_entropy": 4.716491222381592,
          "acoustic_entropy_side": 4.670604228973389,
          "hz": 6219.891507268283
        },
        {
          "acoustic_entropy": 4.7008867263793945,
          "acoustic_entropy_side": 4.657270431518555,
          "hz": 6832.70888123896
        },
        {
          "acoustic_entropy": 4.710072994232178,
          "acoustic_entropy_side": 4.662149429321289,
          "hz": 7499.796634079867
        },
        {
          "acoustic_entropy": 4.67571496963501,
          "acoustic_entropy_side": 4.645363807678223,
          "hz": 8225.96088609342
        },
        {
          "acoustic_entropy": 4.654209136962891,
          "acoustic_entropy_side": 4.642681121826172,
          "hz": 9016.43338188839
        },
        {
          "acoustic_entropy": 4.644210338592529,
          "acoustic_entropy_side": 4.641300678253174,
          "hz": 9876.909183162974
        },
        {
          "acoustic_entropy": 4.6330461502075195,
          "acoustic_entropy_side": 4.638117790222168,
          "hz": 10813.587699516042
        },
        {
          "acoustic_entropy": 4.644534111022949,
          "acoustic_entropy_side": 4.636826038360596,
          "hz": 11833.21735289826
        },
        {
          "acoustic_entropy": 4.64287805557251,
          "acoustic_entropy_side": 4.636223793029785,
          "hz": 12943.144197493959
        },
        {
          "acoustic_entropy": 4.667343616485596,
          "acoustic_entropy_side": 4.642401695251465,
          "hz": 14151.364845322005
        },
        {
          "acoustic_entropy": 4.711662292480469,
          "acoustic_entropy_side": 4.647471904754639,
          "hz": 15466.58407886509
        },
        {
          "acoustic_entropy": 4.6673054695129395,
          "acoustic_entropy_side": 4.641163349151611,
          "hz": 16898.27756580493
        },
        {
          "acoustic_entropy": 4.678823471069336,
          "acoustic_entropy_side": 4.639553546905518,
          "hz": 18456.760127700032
        },
        {
          "acoustic_entropy": 4.653898239135742,
          "acoustic_entropy_side": 4.638350009918213,
          "hz": 20153.260054456492
        },
        {
          "acoustic_entropy": 4.639074325561523,
          "acoustic_entropy_side": 4.637599945068359,
          "hz": 22000.00000000001
        }
      ],
      "diff_acoustic_entropy": 3.202526330947876,
      "sn": 6
    },
    {
      "acoustic_entropy": 7.90339994430542,
      "acoustic_entropy_mono": 8.170295715332031,
      "band_eliminated_acoustic_entropies": [
        {
          "acoustic_entropy": 7.865865707397461,
          "acoustic_entropy_side": 7.919180393218994,
          "hz": 129.47220167065723
        },
        {
          "acoustic_entropy": 8.29287052154541,
          "acoustic_entropy_side": 7.981317520141602,
          "hz": 202.92927478742237
        },
        {
          "acoustic_entropy": 8.262722969055176,
          "acoustic_entropy_side": 7.900261878967285,
          "hz": 282.89161906338205
        },
        {
          "acoustic_entropy": 8.06080436706543,
          "acoustic_entropy_side": 8.194170951843262,
          "hz": 369.9353335868758
        },
        {
          "acoustic_entropy": 8.185123443603516,
          "acoustic_entropy_side": 7.794241905212402,
          "hz": 464.6875360973435
        },
        {
          "acoustic_entropy": 8.52862548828125,
          "acoustic_entropy_side": 8.923380851745605,
          "hz": 567.8308811364784
        },
        {
          "acoustic_entropy": 8.573814392089844,
          "acoustic_entropy_side": 8.543617248535156,
          "hz": 680.1084783214808
        },
        {
          "acoustic_entropy": 8.224333763122559,
          "acoustic_entropy_side": 8.13560676574707,
          "hz": 802.3292461747484
        },
        {
          "acoustic_entropy": 8.023355484008789,
          "acoustic_entropy_side": 8.189920425415039,
          "hz": 935.3737400823702
        },
        {
          "acoustic_entropy": 8.34245777130127,
          "acoustic_entropy_side": 8.380277633666992,
          "hz": 1080.2004963696966
        },
        {
          "acoustic_entropy": 7.890893936157227,
          "acoustic_entropy_side": 7.794283390045166,
          "hz": 1237.8529382007157
        },
        {
          "acoustic_entropy": 8.470829963684082,
          "acoustic_entropy_side": 8.037593841552734,
          "hz": 1409.4668930556702
        },
        {
          "acoustic_entropy": 8.261293411254883,
          "acoustic_entropy_side": 8.210905075073242,
          "hz": 1596.2787759475705
        },
        {
          "acoustic_entropy": 7.982900142669678,
          "acoustic_entropy_side": 8.150882720947266,
          "hz": 1799.6344973346393
        },
        {
          "acoustic_entropy": 8.205729484558105,
          "acoustic_entropy_side": 7.880916595458984,
          "hz": 2020.9991599069049
        },
        {
          "acoustic_entropy": 8.021637916564941,
          "acoustic_entropy_side": 8.182539939880371,
          "hz": 2261.9676141086993
        },
        {
          "acoustic_entropy": 7.921502113342285,
          "acoustic_entropy_side": 8.195860862731934,
          "hz": 2524.2759484456974
        },
        {
          "acoustic_entropy": 8.042051315307617,
          "acoustic_entropy_side": 7.756839752197266,
          "hz": 2809.813997359896
        },
        {
          "acoustic_entropy": 7.813120365142822,
          "acoustic_entropy_side": 7.779679298400879,
          "hz": 3120.6389567871424
        },
        {
          "acoustic_entropy": 8.012587547302246,
          "acoustic_entropy_side": 7.854029178619385,
          "hz": 3458.990205492291
        },
        {
          "acoustic_entropy": 7.953798294067383,
          "acoustic_entropy_side": 7.9223408699035645,
          "hz": 3827.305438964164
        },
        {
          "acoustic_entropy": 7.9294962882995605,
          "acoustic_entropy_side": 7.875175476074219,
          "hz": 4228.238232109126
        },
        {
          "acoustic_entropy": 7.817238807678223,
          "acoustic_entropy_side": 7.817070484161377,
          "hz": 4664.6771572759235
        },
        {
          "acoustic_entropy": 7.764366149902344,
          "acoustic_entropy_side": 7.842111587524414,
          "hz": 5139.766595350093
        },
        {
          "acoustic_entropy": 7.839883327484131,
          "acoustic_entropy_side": 7.842716693878174,
          "hz": 5656.929389854203
        },
        {
          "acoustic_entropy": 7.8979105949401855,
          "acoustic_entropy_side": 7.870707035064697,
          "hz": 6219.891507268283
        },
        {
          "acoustic_entropy": 7.902736663818359,
          "acoustic_entropy_side": 7.875697612762451,
          "hz": 6832.70888123896
        },
        {
          "acoustic_entropy": 7.860097408294678,
          "acoustic_entropy_side": 7.865390300750732,
          "hz": 7499.796634079867
        },
        {
          "acoustic_entropy": 7.917117118835449,
          "acoustic_entropy_side": 7.90398645401001,
          "hz": 8225.96088609342
        },
        {
          "acoustic_entropy": 7.947146415710449,
          "acoustic_entropy_side": 7.913699150085449,
          "hz": 9016.43338188839
        },
        {
          "acoustic_entropy": 7.894442558288574,
          "acoustic_entropy_side": 7.897885799407959,
          "hz": 9876.909183162974
        },
        {
          "acoustic_entropy": 7.904232501983643,
          "acoustic_entropy_side": 7.90863561630249,
          "hz": 10813.587699516042
        },
        {
          "acoustic_entropy": 7.964257717132568,
          "acoustic_entropy_side": 7.925657272338867,
          "hz": 11833.21735289826
        },
        {
          "acoustic_entropy": 7.983821868896484,
          "acoustic_entropy_side": 7.93583869934082,
          "hz": 12943.144197493959
        },
        {
          "acoustic_entropy": 7.827881336212158,
          "acoustic_entropy_side": 7.908024787902832,
          "hz": 14151.364845322005
        },
        {
          "acoustic_entropy": 7.672572612762451,
          "acoustic_entropy_side": 7.867077827453613,
          "hz": 15466.58407886509
        },
        {
          "acoustic_entropy": 7.908961296081543,
          "acoustic_entropy_side": 7.9201579093933105,
          "hz": 16898.27756580493
        },
        {
          "acoustic_entropy": 7.907813549041748,
          "acoustic_entropy_side": 7.914123058319092,
          "hz": 18456.760127700032
        },
        {
          "acoustic_entropy": 7.901679515838623,
          "acoustic_entropy_side": 7.905994415283203,
          "hz": 20153.260054456492
        },
        {
          "acoustic_entropy": 7.8990092277526855,
          "acoustic_entropy_side": 7.903454303741455,
          "hz": 22000.00000000001
        }
      ],
      "diff_acoustic_entropy": 7.0323286056518555,
      "sn": 12
    },
    {
      "acoustic_entropy": 13.488478660583496,
      "acoustic_entropy_mono": 12.705958366394043,
      "band_eliminated_acoustic_entropies": [
        {
          "acoustic_entropy": 13.351096153259277,
          "acoustic_entropy_side": 13.444441795349121,
          "hz": 129.47220167065723
        },
        {
          "acoustic_entropy": 12.779190063476562,
          "acoustic_entropy_side": 13.547188758850098,
          "hz": 202.92927478742237
        },
        {
          "acoustic_entropy": 13.466779708862305,
          "acoustic_entropy_side": 13.551926612854004,
          "hz": 282.89161906338205
        },
        {
          "acoustic_entropy": 13.493224143981934,
          "acoustic_entropy_side": 13.485591888427734,
          "hz": 369.9353335868758
        },
        {
          "acoustic_entropy": 13.730439186096191,
          "acoustic_entropy_side": 14.003717422485352,
          "hz": 464.6875360973435
        },
        {
          "acoustic_entropy": 13.306392669677734,
          "acoustic_entropy_side": 13.548038482666016,
          "hz": 567.8308811364784
        },
        {
          "acoustic_entropy": 14.271550178527832,
          "acoustic_entropy_side": 13.626578330993652,
          "hz": 680.1084783214808
        },
        {
          "acoustic_entropy": 13.773825645446777,
          "acoustic_entropy_side": 14.167881965637207,
          "hz": 802.3292461747484
        },
        {
          "acoustic_entropy": 13.465200424194336,
          "acoustic_entropy_side": 13.693909645080566,
          "hz": 935.3737400823702
        },
        {
          "acoustic_entropy": 14.107132911682129,
          "acoustic_entropy_side": 13.551580429077148,
          "hz": 1080.2004963696966
        },
        {
          "acoustic_entropy": 13.777706146240234,
          "acoustic_entropy_side": 13.278336524963379,
          "hz": 1237.8529382007157
        },
        {
          "acoustic_entropy": 13.033708572387695,
          "acoustic_entropy_side": 13.710227012634277,
          "hz": 1409.4668930556702
        },
        {
          "acoustic_entropy": 12.698213577270508,
          "acoustic_entropy_side": 13.55489444732666,
          "hz": 1596.2787759475705
        },
        {
          "acoustic_entropy": 13.228745460510254,
          "acoustic_entropy_side": 13.561822891235352,
          "hz": 1799.6344973346393
        },
        {
          "acoustic_entropy": 13.238348960876465,
          "acoustic_entropy_side": 12.964244842529297,
          "hz": 2020.9991599069049
        },
        {
          "acoustic_entropy": 13.144216537475586,
          "acoustic_entropy_side": 13.312917709350586,
          "hz": 2261.9676141086993
        },
        {
          "acoustic_entropy": 13.248826026916504,
          "acoustic_entropy_side": 13.749673843383789,
          "hz": 2524.2759484456974
        },
        {
          "acoustic_entropy": 13.184165954589844,
          "acoustic_entropy_side": 13.57792854309082,
          "hz": 2809.813997359896
        },
        {
          "acoustic_entropy": 13.254487037658691,
          "acoustic_entropy_side": 13.510133743286133,
          "hz": 3120.6389567871424
        },
        {
