{
  "acoustic_entropy": 218.79678344726562,
  "bands": [
    {
      "high_freq": 148.1999969482422,
      "loudness": -21.87725257873535,
      "loudness_range": 13.222700119018555,
      "mid_mean": -18.35795021057129,
      "mid_to_side_loudness": -19.20937156677246,
      "mid_to_side_loudness_range": 20.203231811523438,
      "side_mean": -38.003089904785156
    },
    {
      "high_freq": 392.3793640136719,
      "loudness": -19.753644943237305,
      "loudness_range": 8.254908561706543,
      "low_freq": 148.1999969482422,
      "mid_mean": -16.931169509887695,
      "mid_to_side_loudness": -7.4956583976745605,
      "mid_to_side_loudness_range": 9.679046630859375,
      "side_mean": -24.41811180114746
    },
    {
      "high_freq": 794.6976318359375,
      "loudness": -22.24859619140625,
      "loudness_range": 13.693965911865234,
      "low_freq": 392.3793640136719,
      "mid_mean": -19.35187530517578,
      "mid_to_side_loudness": -7.960700035095215,
      "mid_to_side_loudness_range": 10.131038665771484,
      "side_mean": -27.327245712280273
    },
    {
      "high_freq": 1457.5709228515625,
      "loudness": -22.410140991210938,
      "loudness_range": 17.10335350036621,
      "low_freq": 794.6976318359375,
      "mid_mean": -19.524539947509766,
      "mid_to_side_loudness": -7.824094295501709,
      "mid_to_side_loudness_range": 9.68173885345459,
      "side_mean": -27.37132453918457
    },
    {
      "high_freq": 2549.74365234375,
      "loudness": -23.714324951171875,
      "loudness_range": 15.29395866394043,
      "low_freq": 1457.5709228515625,
      "mid_mean": -20.738662719726562,
      "mid_to_side_loudness": -8.108397483825684,
      "mid_to_side_loudness_range": 7.893548011779785,
      "side_mean": -28.854267120361328
    },
    {
      "high_freq": 4349.24462890625,
      "loudness": -25.075653076171875,
      "loudness_range": 12.811098098754883,
      "low_freq": 2549.74365234375,
      "mid_mean": -22.083087921142578,
      "mid_to_side_loudness": -8.109772682189941,
      "mid_to_side_loudness_range": 7.51582145690918,
      "side_mean": -30.204153060913086
    },
    {
      "high_freq": 7314.1640625,
      "loudness": -26.36017608642578,
      "loudness_range": 10.864110946655273,
      "low_freq": 4349.24462890625,
      "mid_mean": -23.373987197875977,
      "mid_to_side_loudness": -7.92223596572876,
      "mid_to_side_loudness_range": 6.646274566650391,
      "side_mean": -31.324148178100586
    },
    {
      "high_freq": 12199.2666015625,
      "loudness": -26.49721336364746,
      "loudness_range": 10.983779907226562,
      "low_freq": 7314.1640625,
      "mid_mean": -23.25396728515625,
      "mid_to_side_loudness": -9.835601806640625,
      "mid_to_side_loudness_range": 7.27993106842041,
      "side_mean": -33.27568435668945
    },
    {
      "loudness": -33.62792205810547,
      "loudness_range": 15.166933059692383,
      "low_freq": 12199.2666015625,
      "mid_mean": -30.28323745727539,
      "mid_to_side_loudness": -11.237348556518555,
      "mid_to_side_loudness_range": 8.108485221862793,
      "side_mean": -41.76939010620117
    }
  ],
  "bands_short": [
    {
      "high_freq": 148.1999969482422,
      "loudness": -25.10749053955078,
      "loudness_range": 18.03756332397461,
      "mid_mean": -21.543928146362305,
      "mid_to_side_loudness": -21.776756286621094,
      "mid_to_side_loudness_range": 26.177764892578125,
      "side_mean": -44.20270538330078
    },
    {
      "high_freq": 392.3793640136719,
      "loudness": -19.431394577026367,
      "loudness_range": 9.93030834197998,
      "low_freq": 148.1999969482422,
      "mid_mean": -16.563312530517578,
      "mid_to_side_loudness": -8.25295352935791,
      "mid_to_side_loudness_range": 12.333871841430664,
      "side_mean": -24.864879608154297
    },
    {
      "high_freq": 794.6976318359375,
      "loudness": -23.054119110107422,
      "loudness_range": 15.720508575439453,
      "low_freq": 392.3793640136719,
      "mid_mean": -20.41000747680664,
      "mid_to_side_loudness": -7.291664123535156,
      "mid_to_side_loudness_range": 13.428582191467285,
      "side_mean": -27.750507354736328
    },
    {
      "high_freq": 1457.5709228515625,
      "loudness": -22.79271697998047,
      "loudness_range": 19.109683990478516,
      "low_freq": 794.6976318359375,
      "mid_mean": -20.11012840270996,
      "mid_to_side_loudness": -7.338166236877441,
      "mid_to_side_loudness_range": 12.82645320892334,
      "side_mean": -27.494050979614258
    },
    {
      "high_freq": 2549.74365234375,
      "loudness": -24.46830940246582,
      "loudness_range": 17.29006004333496,
      "low_freq": 1457.5709228515625,
      "mid_mean": -21.66114616394043,
      "mid_to_side_loudness": -7.575866222381592,
      "mid_to_side_loudness_range": 10.857224464416504,
      "side_mean": -29.27777671813965
    },
    {
      "high_freq": 4349.24462890625,
      "loudness": -25.750890731811523,
      "loudness_range": 16.161575317382812,
      "low_freq": 2549.74365234375,
      "mid_mean": -22.916284561157227,
      "mid_to_side_loudness": -7.489271640777588,
      "mid_to_side_loudness_range": 9.762129783630371,
      "side_mean": -30.448850631713867
    },
    {
      "high_freq": 7314.1640625,
      "loudness": -27.684310913085938,
      "loudness_range": 16.200420379638672,
      "low_freq": 4349.24462890625,
      "mid_mean": -24.949878692626953,
      "mid_to_side_loudness": -7.037823677062988,
      "mid_to_side_loudness_range": 10.453017234802246,
      "side_mean": -32.036476135253906
    },
    {
      "high_freq": 12199.2666015625,
      "loudness": -28.472793579101562,
      "loudness_range": 18.33517837524414,
      "low_freq": 7314.1640625,
      "mid_mean": -25.453367233276367,
      "mid_to_side_loudness": -8.868823051452637,
      "mid_to_side_loudness_range": 12.023537635803223,
      "side_mean": -34.57353973388672
    },
    {
      "loudness": -36.79228210449219,
      "loudness_range": 24.733728408813477,
      "low_freq": 12199.2666015625,
      "mid_mean": -33.61397171020508,
      "mid_to_side_loudness": -9.854207038879395,
      "mid_to_side_loudness_range": 13.619994163513184,
      "side_mean": -44.202781677246094
    }
  ],
  "bandwidth": 723.8955688476562,
  "channels": 2,
  "covariance": [
    [
      30.772777557373047,
      14.047369956970215,
      5.170220851898193,
      6.492372035980225,
      7.755045413970947,
      7.640974998474121,
      5.584914207458496,
      6.652736663818359,
      7.338160037994385,
      8.481071472167969,
      8.413683891296387,
      9.422038078308105,
      8.383447647094727,
      9.05827522277832,
      6.11043643951416,
      8.976103782653809,
      9.900777816772461,
      13.830082893371582
    ],
    [
      14.047369956970215,
      47.07212829589844,
      7.6673383712768555,
      13.430801391601562,
      4.319545269012451,
      3.0997328758239746,
      2.660431146621704,
      1.6320194005966187,
      3.472121238708496,
      3.8764588832855225,
      3.695807933807373,
      5.5390944480896,
      6.297333717346191,
      7.721656322479248,
      1.8254923820495605,
      4.588484287261963,
      6.006535053253174,
      9.201186180114746
    ],
    [
      5.170220851898193,
      7.6673383712768555,
      12.074455261230469,
      8.530540466308594,
      6.237034797668457,
      4.096530437469482,
      2.9206106662750244,
      3.3430564403533936,
      6.427022933959961,
      5.245401382446289,
      6.715665817260742,
      5.486138343811035,
      7.124644756317139,
      5.9822893142700195,
      4.369260787963867,
      4.3624348640441895,
      5.21722412109375,
      6.352150917053223
    ],
    [
      6.492372035980225,
      13.430801391601562,
      8.530540466308594,
      16.7636661529541,
      3.4274423122406006,
      3.232970714569092,
      0.7045599222183228,
      1.8960174322128296,
      3.7220442295074463,
      4.816065788269043,
      5.120097637176514,
      5.730093479156494,
      5.717052936553955,
      6.365967273712158,
      2.469348192214966,
      3.9491965770721436,
      4.6026787757873535,
      6.617424488067627
    ],
    [
      7.755045413970947,
      4.319545269012451,
      6.237034797668457,
      3.4274423122406006,
      26.430683135986328,
      14.688486099243164,
      20.5307674407959,
      14.025106430053711,
      19.075359344482422,
      13.884108543395996,
      13.835122108459473,
      12.266324043273926,
      11.622563362121582,
      10.670562744140625,
      11.6983003616333,
      10.148358345031738,
      16.134403228759766,
      14.84305191040039
    ],
    [
      7.640974998474121,
      3.0997328758239746,
      4.096530437469482,
      3.232970714569092,
      14.688486099243164,
      14.738716125488281,
      14.256135940551758,
      12.579756736755371,
      14.425002098083496,
      12.6505765914917,
      11.582354545593262,
      12.17823600769043,
      9.0205078125,
      9.654862403869629,
      8.963114738464355,
      9.291306495666504,
      13.284454345703125,
      13.327516555786133
    ],
    [
      5.584914207458496,
      2.660431146621704,
      2.9206106662750244,
      0.7045599222183228,
      20.5307674407959,
      14.256135940551758,
      33.70625686645508,
      20.13042449951172,
      21.41861915588379,
      14.988990783691406,
      14.476054191589355,
      13.40676498413086,
      13.099332809448242,
      12.07693099975586,
      12.174851417541504,
      11.261300086975098,
      17.00542449951172,
      15.878756523132324
    ],
    [
      6.652736663818359,
      1.6320194005966187,
      3.3430564403533936,
      1.8960174322128296,
      14.025106430053711,
      12.579756736755371,
      20.13042449951172,
      18.059404373168945,
      16.594865798950195,
      13.930473327636719,
      13.138496398925781,
      13.53195858001709,
      11.288846015930176,
      11.686201095581055,
      10.170137405395508,
      10.914583206176758,
      14.481731414794922,
      14.938521385192871
    ],
    [
      7.338160037994385,
      3.472121238708496,
      6.427022933959961,
      3.7220442295074463,
      19.075359344482422,
      14.425002098083496,
      21.41861915588379,
      16.594865798950195,
      30.127918243408203,
      19.8065242767334,
      18.683618545532227,
      15.588250160217285,
      15.748659133911133,
      13.508419036865234,
      14.384225845336914,
      13.550296783447266,
      18.321327209472656,
      16.956819534301758
    ],
    [
      8.481071472167969,
      3.8764588832855225,
      5.245401382446289,
      4.816065788269043,
      13.884108543395996,
      12.6505765914917,
      14.988990783691406,
      13.930473327636719,
      19.8065242767334,
      17.36210823059082,
      14.691461563110352,
      14.691703796386719,
      12.342303276062012,
      12.387029647827148,
      10.974456787109375,
      11.967906951904297,
      14.919991493225098,
      15.450431823730469
    ],
    [
      8.413683891296387,
      3.695807933807373,
      6.715665817260742,
      5.120097637176514,
      13.835122108459473,
      11.582354545593262,
      14.476054191589355,
      13.138496398925781,
      18.683618545532227,
      14.691461563110352,
      23.328739166259766,
      16.833467483520508,
      17.596935272216797,
      14.23926067352295,
      12.994288444519043,
      12.728124618530273,
      17.56342124938965,
      16.999954223632812
    ],
    [
      9.422038078308105,
      5.5390944480896,
      5.486138343811035,
      5.730093479156494,
      12.266324043273926,
      12.17823600769043,
      13.40676498413086,
      13.53195858001709,
      15.588250160217285,
      14.691703796386719,
      16.833467483520508,
      17.17996597290039,
      14.092809677124023,
      14.937369346618652,
      11.516277313232422,
      13.821043968200684,
      16.459089279174805,
      18.415668487548828
    ],
    [
      8.383447647094727,
      6.297333717346191,
      7.124644756317139,
      5.717052936553955,
      11.622563362121582,
      9.0205078125,
      13.099332809448242,
      11.288846015930176,
      15.748659133911133,
      12.342303276062012,
      17.596935272216797,
      14.092809677124023,
      21.781702041625977,
      16.71463966369629,
      14.652368545532227,
      14.494969367980957,
      17.642536163330078,
      18.352630615234375
    ],
    [
      9.05827522277832,
      7.721656322479248,
      5.9822893142700195,
      6.365967273712158,
      10.670562744140625,
      9.654862403869629,
      12.07693099975586,
      11.686201095581055,
      13.508419036865234,
      12.387029647827148,
      14.23926067352295,
      14.937369346618652,
      16.71463966369629,
      17.668861389160156,
      11.53605842590332,
      15.312317848205566,
      15.248353004455566,
      18.765975952148438
    ],
    [
      6.11043643951416,
      1.8254923820495605,
      4.369260787963867,
      2.469348192214966,
      11.6983003616333,
      8.963114738464355,
      12.174851417541504,
      10.170137405395508,
      14.384225845336914,
      10.974456787109375,
      12.994288444519043,
      11.516277313232422,
      14.652368545532227,
      11.53605842590332,
      19.59467124938965,
      15.83786392211914,
      21.29541778564453,
      20.077760696411133
    ],
    [
      8.976103782653809,
      4.588484287261963,
      4.3624348640441895,
      3.9491965770721436,
      10.148358345031738,
      9.291306495666504,
      11.261300086975098,
      10.914583206176758,
      13.550296783447266,
      11.967906951904297,
      12.728124618530273,
      13.821043968200684,
      14.494969367980957,
      15.312317848205566,
      15.83786392211914,
      19.82990074157715,
      19.147310256958008,
      23.2266845703125
    ],
    [
      9.900777816772461,
      6.006535053253174,
      5.21722412109375,
      4.6026787757873535,
      16.134403228759766,
      13.284454345703125,
      17.00542449951172,
      14.481731414794922,
      18.321327209472656,
      14.919991493225098,
      17.56342124938965,
      16.459089279174805,
      17.642536163330078,
      15.248353004455566,
      21.29541778564453,
      19.147310256958008,
      33.3563346862793,
      30.31512451171875
    ],
    [
      13.830082893371582,
      9.201186180114746,
      6.352150917053223,
      6.617424488067627,
      14.84305191040039,
      13.327516555786133,
      15.878756523132324,
      14.938521385192871,
      16.956819534301758,
      15.450431823730469,
      16.999954223632812,
      18.415668487548828,
      18.352630615234375,
      18.765975952148438,
      20.077760696411133,
      23.2266845703125,
      30.31512451171875,
      35.70908737182617
    ]
  ],
  "covariance_short": [
    [
      45.50368118286133,
      11.769537925720215,
      12.81766128540039,
      8.248080253601074,
      11.533903121948242,
      9.473388671875,
      10.093915939331055,
      8.714649200439453,
      11.597528457641602,
      10.506579399108887,
      13.456929206848145,
      11.660085678100586,
      14.404236793518066,
      12.663907051086426,
      12.852874755859375,
      13.523756980895996,
      17.68650245666504,
      20.324813842773438
    ],
    [
      11.769537925720215,
      51.08696746826172,
      8.738240242004395,
      13.990524291992188,
      4.233987331390381,
      2.211822271347046,
      4.474195957183838,
      2.4821317195892334,
      5.7243757247924805,
      4.196467876434326,
      5.3931779861450195,
      5.076391220092773,
      8.526226997375488,
      8.091815948486328,
      6.487462043762207,
      7.5069379806518555,
      11.052096366882324,
      12.454072952270508
    ],
    [
      12.81766128540039,
      8.738240242004395,
      16.84075927734375,
      9.83560562133789,
      8.392959594726562,
      5.541473388671875,
      5.448271751403809,
      4.770874977111816,
      8.921277046203613,
      7.042876720428467,
      10.271027565002441,
      7.674453258514404,
      11.31053352355957,
      8.666525840759277,
      9.65345287322998,
      8.003386497497559,
      11.217855453491211,
      11.327505111694336
    ],
    [
      8.248080253601074,
      13.990524291992188,
      9.83560562133789,
      22.012962341308594,
      5.411855220794678,
      5.349996089935303,
      2.9596967697143555,
      3.3113181591033936,
      5.969265460968018,
      6.619929313659668,
      7.293631076812744,
      7.496851444244385,
      8.030021667480469,
      8.244295120239258,
      5.195767879486084,
      5.9311652183532715,
      6.700950622558594,
      8.84941577911377
    ],
    [
      11.533903121948242,
      4.233987331390381,
      8.392959594726562,
      5.411855220794678,
      34.907772064208984,
      15.52140998840332,
      24.508840560913086,
      16.2127742767334,
      23.58289909362793,
      15.904132843017578,
      20.091440200805664,
      15.121606826782227,
      18.892553329467773,
      14.300688743591309,
      20.132953643798828,
      14.74022388458252,
      23.899211883544922,
      21.636106491088867
    ],
    [
      9.473388671875,
      2.211822271347046,
      5.541473388671875,
      5.349996089935303,
      15.52140998840332,
      18.102815628051758,
      15.027244567871094,
      12.673946380615234,
      15.308854103088379,
      13.1343355178833,
      13.93578052520752,
      13.125458717346191,
      11.94456958770752,
      11.211065292358398,
      11.6366605758667,
      10.70517349243164,
      14.899460792541504,
      15.896766662597656
    ],
    [
      10.093915939331055,
      4.474195957183838,
      5.448271751403809,
      2.9596967697143555,
      24.508840560913086,
      15.027244567871094,
      42.13487243652344,
      22.00874900817871,
      27.094284057617188,
      17.546321868896484,
      21.542360305786133,
      16.652769088745117,
      21.34149169921875,
      16.35452651977539,
      22.516515731811523,
      16.9423885345459,
      26.581817626953125,
      23.989782333374023
    ],
    [
      8.714649200439453,
      2.4821317195892334,
      4.770874977111816,
      3.3113181591033936,
      16.2127742767334,
      12.673946380615234,
      22.00874900817871,
      22.281023025512695,
      19.263774871826172,
      15.681649208068848,
      17.0488338470459,
      15.657829284667969,
      15.798513412475586,
      14.36178970336914,
      14.961918830871582,
      13.93576717376709,
      18.104019165039062,
      19.342939376831055
    ],
    [
      11.597528457641602,
      5.7243757247924805,
      8.921277046203613,
      5.969265460968018,
      23.58289909362793,
      15.308854103088379,
      27.094284057617188,
      19.263774871826172,
      39.37725830078125,
      23.078901290893555,
      26.812440872192383,
      19.227659225463867,
      25.014381408691406,
      18.025310516357422,
      25.865642547607422,
      20.19917106628418,
      27.81780433654785,
      26.32941246032715
    ],
    [
      10.506579399108887,
      4.196467876434326,
      7.042876720428467,
      6.619929313659668,
      15.904132843017578,
      13.1343355178833,
      17.546321868896484,
      15.681649208068848,
      23.078901290893555,
      21.134599685668945,
      18.86478614807129,
      17.173891067504883,
      17.25802230834961,
      15.504356384277344,
      16.6519832611084,
      15.810791969299316,
      19.054195404052734,
      20.946849822998047
    ],
    [
      13.456929206848145,
      5.3931779861450195,
      10.271027565002441,
      7.293631076812744,
      20.091440200805664,
      13.93578052520752,
      21.542360305786133,
      17.0488338470459,
      26.812440872192383,
      18.86478614807129,
      35.247562408447266,
      22.347837448120117,
      30.453027725219727,
      20.785354614257812,
      27.19082260131836,
      21.283994674682617,
      30.82332992553711,
      29.273090362548828
    ],
    [
      11.660085678100586,
      5.076391220092773,
      7.674453258514404,
      7.496851444244385,
      15.121606826782227,
      13.125458717346191,
      16.652769088745117,
      15.657829284667969,
      19.227659225463867,
      17.173891067504883,
      22.347837448120117,
      21.18851089477539,
      20.666120529174805,
      19.302846908569336,
      18.277494430541992,
      18.822938919067383,
      21.785888671875,
      25.456039428710938
    ],
    [
      14.404236793518066,
      8.526226997375488,
      11.31053352355957,
      8.030021667480469,
      18.892553329467773,
      11.94456958770752,
      21.34149169921875,
      15.798513412475586,
      25.014381408691406,
      17.25802230834961,
      30.453027725219727,
      20.666120529174805,
      40.451541900634766,
      26.05807876586914,
      35.61424255371094,
      27.25775909423828,
      39.03276443481445,
      36.27183151245117
    ],
    [
      12.663907051086426,
      8.091815948486328,
      8.666525840759277,
      8.244295120239258,
      14.300688743591309,
      11.211065292358398,
      16.35452651977539,
      14.36178970336914,
      18.025310516357422,
      15.504356384277344,
      20.785354614257812,
      19.302846908569336,
      26.05807876586914,
      24.620481491088867,
      22.153993606567383,
      23.64600372314453,
      25.441986083984375,
      30.208208084106445
    ],
    [
      12.852874755859375,
      6.487462043762207,
      9.65345287322998,
      5.195767879486084,
      20.132953643798828,
      11.6366605758667,
      22.516515731811523,
      14.961918830871582,
      25.865642547607422,
      16.6519832611084,
      27.19082260131836,
      18.277494430541992,
      35.61424255371094,
      22.153993606567383,
      50.11336135864258,
      33.21063232421875,
      49.65272903442383,
      42.32038497924805
    ],
    [
      13.523756980895996,
      7.5069379806518555,
      8.003386497497559,
      5.9311652183532715,
      14.74022388458252,
      10.70517349243164,
      16.9423885345459,
      13.93576717376709,
      20.19917106628418,
      15.810791969299316,
      21.283994674682617,
      18.822938919067383,
      27.25775909423828,
      23.64600372314453,
      33.21063232421875,
      33.19953918457031,
      34.877376556396484,
      39.49007034301758
    ],
    [
      17.68650245666504,
      11.052096366882324,
      11.217855453491211,
      6.700950622558594,
      23.899211883544922,
      14.899460792541504,
      26.581817626953125,
      18.104019165039062,
      27.81780433654785,
      19.054195404052734,
      30.82332992553711,
      21.785888671875,
      39.03276443481445,
      25.441986083984375,
      49.65272903442383,
      34.877376556396484,
      75.75602722167969,
      56.16343307495117
    ],
    [
      20.324813842773438,
      12.454072952270508,
      11.327505111694336,
      8.84941577911377,
      21.636106491088867,
      15.896766662597656,
      23.989782333374023,
      19.342939376831055,
      26.32941246032715,
      20.946849822998047,
      29.273090362548828,
      25.456039428710938,
      36.27183151245117,
      30.208208084106445,
      42.32038497924805,
      39.49007034301758,
      56.16343307495117,
      61.131561279296875
    ]
  ],
  "damage": -4.097245693206787,
  "diff_bandwidth": 755.5306396484375,
  "dissonance": 9.309439192504604,
  "drr": 4.213212966918945,
  "dynamics": 2.8112292289733887,
  "format": 1245190,
  "frames": 12146688,
  "loudness": -9.367870330810547,
  "loudness_range": 6.923305511474609,
  "loudness_range_short": 9.759550094604492,
  "lowpass_true_peak_15khz": 1.7019309997558594,
  "mastering3_acoustic_entropies": [
    {
      "acoustic_entropy": 7.697987079620361,
      "acoustic_entropy_mono": 7.635923862457275,
      "band_eliminated_acoustic_entropies": [
        {
          "acoustic_entropy": 7.6718974113464355,
          "acoustic_entropy_side": 7.698169708251953,
          "hz": 129.47220167065723
        },
        {
          "acoustic_entropy": 7.914258003234863,
          "acoustic_entropy_side": 7.716222286224365,
          "hz": 202.92927478742237
        },
        {
          "acoustic_entropy": 8.0739164352417,
          "acoustic_entropy_side": 7.71461296081543,
          "hz": 282.89161906338205
        },
        {
          "acoustic_entropy": 7.801677703857422,
          "acoustic_entropy_side": 7.741390228271484,
          "hz": 369.9353335868758
        },
        {
          "acoustic_entropy": 7.353175640106201,
          "acoustic_entropy_side": 7.7048115730285645,
          "hz": 464.6875360973435
        },
        {
          "acoustic_entropy": 7.528456687927246,
          "acoustic_entropy_side": 7.710842132568359,
          "hz": 567.8308811364784
        },
        {
          "acoustic_entropy": 8.542733192443848,
          "acoustic_entropy_side": 7.722855567932129,
          "hz": 680.1084783214808
        },
        {
          "acoustic_entropy": 7.654892921447754,
          "acoustic_entropy_side": 7.622058868408203,
          "hz": 802.3292461747484
        },
        {
          "acoustic_entropy": 7.6879472732543945,
          "acoustic_entropy_side": 7.756171703338623,
          "hz": 935.3737400823702
        },
        {
          "acoustic_entropy": 7.60310173034668,
          "acoustic_entropy_side": 7.834383010864258,
          "hz": 1080.2004963696966
        },
        {
          "acoustic_entropy": 8.03040599822998,
          "acoustic_entropy_side": 7.735109806060791,
          "hz": 1237.8529382007157
        },
        {
          "acoustic_entropy": 7.333837032318115,
          "acoustic_entropy_side": 7.662461757659912,
          "hz": 1409.4668930556702
        },
        {
          "acoustic_entropy": 7.82363224029541,
          "acoustic_entropy_side": 7.687325477600098,
          "hz": 1596.2787759475705
        },
        {
          "acoustic_entropy": 7.792253494262695,
          "acoustic_entropy_side": 7.595691204071045,
          "hz": 1799.6344973346393
        },
        {
          "acoustic_entropy": 8.048973083496094,
          "acoustic_entropy_side": 7.691688537597656,
          "hz": 2020.9991599069049
        },
        {
          "acoustic_entropy": 8.0802001953125,
          "acoustic_entropy_side": 7.741794109344482,
          "hz": 2261.9676141086993
        },
        {
          "acoustic_entropy": 7.8360490798950195,
          "acoustic_entropy_side": 7.7124433517456055,
          "hz": 2524.2759484456974
        },
        {
          "acoustic_entropy": 7.449947834014893,
          "acoustic_entropy_side": 7.685754299163818,
          "hz": 2809.813997359896
        },
        {
          "acoustic_entropy": 7.896551132202148,
          "acoustic_entropy_side": 7.6809892654418945,
          "hz": 3120.6389567871424
        },
        {
          "acoustic_entropy": 8.075611114501953,
          "acoustic_entropy_side": 7.713284969329834,
          "hz": 3458.990205492291
        },
        {
          "acoustic_entropy": 7.67983865737915,
          "acoustic_entropy_side": 7.72329044342041,
          "hz": 3827.305438964164
        },
        {
          "acoustic_entropy": 7.707566261291504,
          "acoustic_entropy_side": 7.728618144989014,
          "hz": 4228.238232109126
        },
        {
          "acoustic_entropy": 7.697563648223877,
          "acoustic_entropy_side": 7.719427108764648,
          "hz": 4664.6771572759235
        },
        {
          "acoustic_entropy": 7.508302688598633,
          "acoustic_entropy_side": 7.724398136138916,
          "hz": 5139.766595350093
        },
        {
          "acoustic_entropy": 7.819655895233154,
          "acoustic_entropy_side": 7.7288289070129395,
          "hz": 5656.929389854203
        },
        {
          "acoustic_entropy": 7.674044132232666,
          "acoustic_entropy_side": 7.718942165374756,
          "hz": 6219.891507268283
        },
        {
          "acoustic_entropy": 7.671367168426514,
          "acoustic_entropy_side": 7.693285942077637,
          "hz": 6832.70888123896
        },
        {
          "acoustic_entropy": 7.553307056427002,
          "acoustic_entropy_side": 7.651498794555664,
          "hz": 7499.796634079867
        },
        {
          "acoustic_entropy": 7.575674533843994,
          "acoustic_entropy_side": 7.634718418121338,
          "hz": 8225.96088609342
        },
        {
          "acoustic_entropy": 7.490964412689209,
          "acoustic_entropy_side": 7.6455888748168945,
          "hz": 9016.43338188839
        },
        {
          "acoustic_entropy": 7.543035984039307,
          "acoustic_entropy_side": 7.695248603820801,
          "hz": 9876.909183162974
        },
        {
          "acoustic_entropy": 7.616698265075684,
          "acoustic_entropy_side": 7.7048258781433105,
          "hz": 10813.587699516042
        },
        {
          "acoustic_entropy": 7.609582424163818,
          "acoustic_entropy_side": 7.700911521911621,
          "hz": 11833.21735289826
        },
        {
          "acoustic_entropy": 7.5977349281311035,
          "acoustic_entropy_side": 7.701164245605469,
          "hz": 12943.144197493959
        },
        {
          "acoustic_entropy": 7.71915864944458,
          "acoustic_entropy_side": 7.711019039154053,
          "hz": 14151.364845322005
        },
        {
          "acoustic_entropy": 7.685920715332031,
          "acoustic_entropy_side": 7.6994547843933105,
          "hz": 15466.58407886509
        },
        {
          "acoustic_entropy": 7.645904064178467,
          "acoustic_entropy_side": 7.6980390548706055,
          "hz": 16898.27756580493
        },
        {
          "acoustic_entropy": 7.6637139320373535,
          "acoustic_entropy_side": 7.69802188873291,
          "hz": 18456.760127700032
        },
        {
          "acoustic_entropy": 7.688604831695557,
          "acoustic_entropy_side": 7.697972774505615,
          "hz": 20153.260054456492
        },
        {
          "acoustic_entropy": 7.6976189613342285,
          "acoustic_entropy_side": 7.697986125946045,
          "hz": 22000.00000000001
        }
      ],
      "diff_acoustic_entropy": 5.027950286865234,
      "sn": 6
    },
    {
      "acoustic_entropy": 13.373649597167969,
      "acoustic_entropy_mono": 12.308295249938965,
      "band_eliminated_acoustic_entropies": [
        {
          "acoustic_entropy": 12.870609283447266,
          "acoustic_entropy_side": 13.374347686767578,
          "hz": 129.47220167065723
        },
        {
          "acoustic_entropy": 13.222095489501953,
          "acoustic_entropy_side": 13.413383483886719,
          "hz": 202.92927478742237
        },
        {
          "acoustic_entropy": 12.935144424438477,
          "acoustic_entropy_side": 12.939720153808594,
          "hz": 282.89161906338205
        },
        {
          "acoustic_entropy": 13.023858070373535,
          "acoustic_entropy_side": 13.204168319702148,
          "hz": 369.9353335868758
        },
        {
          "acoustic_entropy": 13.174123764038086,
          "acoustic_entropy_side": 13.279335021972656,
          "hz": 464.6875360973435
        },
        {
          "acoustic_entropy": 11.960447311401367,
          "acoustic_entropy_side": 13.403693199157715,
          "hz": 567.8308811364784
        },
        {
          "acoustic_entropy": 13.53418254852295,
          "acoustic_entropy_side": 13.335867881774902,
          "hz": 680.1084783214808
        },
        {
          "acoustic_entropy": 11.94163990020752,
          "acoustic_entropy_side": 13.24769401550293,
          "hz": 802.3292461747484
        },
        {
          "acoustic_entropy": 13.315163612365723,
          "acoustic_entropy_side": 13.052180290222168,
          "hz": 935.3737400823702
        },
        {
          "acoustic_entropy": 12.828410148620605,
          "acoustic_entropy_side": 13.262239456176758,
          "hz": 1080.2004963696966
        },
        {
          "acoustic_entropy": 12.529356002807617,
          "acoustic_entropy_side": 13.094998359680176,
          "hz": 1237.8529382007157
        },
        {
          "acoustic_entropy": 12.915148735046387,
          "acoustic_entropy_side": 13.330061912536621,
          "hz": 1409.4668930556702
        },
        {
          "acoustic_entropy": 13.123453140258789,
          "acoustic_entropy_side": 13.378708839416504,
          "hz": 1596.2787759475705
        },
        {
          "acoustic_entropy": 12.482893943786621,
          "acoustic_entropy_side": 13.412618637084961,
          "hz": 1799.6344973346393
        },
        {
          "acoustic_entropy": 13.151934623718262,
          "acoustic_entropy_side": 13.176902770996094,
          "hz": 2020.9991599069049
        },
        {
          "acoustic_entropy": 13.177724838256836,
          "acoustic_entropy_side": 13.220245361328125,
          "hz": 2261.9676141086993
        },
        {
          "acoustic_entropy": 13.22591495513916,
          "acoustic_entropy_side": 13.234099388122559,
          "hz": 2524.2759484456974
        },
        {
          "acoustic_entropy": 12.814379692077637,
          "acoustic_entropy_side": 13.213560104370117,
          "hz": 2809.813997359896
        },
        {
          "acoustic_entropy": 12.674240112304688,
          "acoustic_entropy_side": 13.420232772827148,
          "hz": 3120.6389567871424
        },
        {
          "acoustic_entropy": 13.082076072692871,
          "acoustic_entropy_side": 13.306922912597656,
          "hz": 3458.990205492291
        },
        {
          "acoustic_entropy": 13.201711654663086,
          "acoustic_entropy_side": 13.233625411987305,
          "hz": 3827.305438964164
        },
        {
          "acoustic_entropy": 13.319567680358887,
          "acoustic_entropy_side": 13.197531700134277,
          "hz": 4228.238232109126
        },
        {
          "acoustic_entropy": 13.204049110412598,
          "acoustic_entropy_side": 13.249293327331543,
          "hz": 4664.6771572759235
        },
        {
          "acoustic_entropy": 12.787857055664062,
          "acoustic_entropy_side": 13.285922050476074,
          "hz": 5139.766595350093
        },
        {
          "acoustic_entropy": 13.0265474319458,
          "acoustic_entropy_side": 13.322629928588867,
          "hz": 5656.929389854203
        },
        {
          "acoustic_entropy": 13.287363052368164,
          "acoustic_entropy_side": 13.38223934173584,
          "hz": 6219.891507268283
        },
        {
          "acoustic_entropy": 12.711698532104492,
          "acoustic_entropy_side": 13.566363334655762,
          "hz": 6832.70888123896
        },
        {
          "acoustic_entropy": 13.301163673400879,
          "acoustic_entropy_side": 13.47916030883789,
          "hz": 7499.796634079867
        },
        {
          "acoustic_entropy": 13.344632148742676,
          "acoustic_entropy_side": 13.398262023925781,
          "hz": 8225.96088609342
        },
        {
          "acoustic_entropy": 13.08660888671875,
          "acoustic_entropy_side": 13.244771003723145,
          "hz": 9016.43338188839
        },
        {
          "acoustic_entropy": 13.059288024902344,
          "acoustic_entropy_side": 13.356282234191895,
          "hz": 9876.909183162974
        },
        {
          "acoustic_entropy": 13.468229293823242,
          "acoustic_entropy_side": 13.35815715789795,
          "hz": 10813.587699516042
        },
        {
          "acoustic_entropy": 13.273305892944336,
          "acoustic_entropy_side": 13.403472900390625,
          "hz": 11833.21735289826
        },
        {
          "acoustic_entropy": 13.270730972290039,
          "acoustic_entropy_side": 13.349200248718262,
          "hz": 12943.144197493959
        },
        {
          "acoustic_entropy": 13.301198959350586,
          "acoustic_entropy_side": 13.348905563354492,
          "hz": 14151.364845322005
        },
        {
          "acoustic_entropy": 13.238960266113281,
          "acoustic_entropy_side": 13.35080623626709,
          "hz": 15466.58407886509
        },
        {
          "acoustic_entropy": 13.416099548339844,
          "acoustic_entropy_side": 13.371929168701172,
          "hz": 16898.27756580493
        },
        {
          "acoustic_entropy": 13.516844749450684,
          "acoustic_entropy_side": 13.37436580657959,
          "hz": 18456.760127700032
        },
        {
          "acoustic_entropy": 13.467930793762207,
          "acoustic_entropy_side": 13.37447738647461,
          "hz": 20153.260054456492
        },
        {
          "acoustic_entropy": 13.384587287902832,
          "acoustic_entropy_side": 13.373682022094727,
          "hz": 22000.00000000001
        }
      ],
      "diff_acoustic_entropy": 9.290949821472168,
      "sn": 12
    },
    {
      "acoustic_entropy": 18.142690658569336,
      "acoustic_entropy_mono": 16.66218376159668,
      "band_eliminated_acoustic_entropies": [
        {
          "acoustic_entropy": 17.2630558013916,
          "acoustic_entropy_side": 18.168052673339844,
          "hz": 129.47220167065723
        },
        {
          "acoustic_entropy": 18.684913635253906,
          "acoustic_entropy_side": 18.071992874145508,
          "hz": 202.92927478742237
        },
        {
          "acoustic_entropy": 18.865365982055664,
          "acoustic_entropy_side": 18.3974609375,
          "hz": 282.89161906338205
        },
        {
          "acoustic_entropy": 17.462528228759766,
          "acoustic_entropy_side": 17.862903594970703,
          "hz": 369.9353335868758
        },
        {
          "acoustic_entropy": 18.68876075744629,
          "acoustic_entropy_side": 18.260284423828125,
          "hz": 464.6875360973435
        },
        {
          "acoustic_entropy": 17.30230140686035,
          "acoustic_entropy_side": 18.12725830078125,
          "hz": 567.8308811364784
        },
        {
          "acoustic_entropy": 18.581893920898438,
          "acoustic_entropy_side": 18.39032745361328,
          "hz": 680.1084783214808
        },
        {
          "acoustic_entropy": 18.97861671447754,
          "acoustic_entropy_side": 18.091814041137695,
          "hz": 802.3292461747484
        },
        {
          "acoustic_entropy": 18.266141891479492,
          "acoustic_entropy_side": 17.782522201538086,
          "hz": 935.3737400823702
        },
        {
          "acoustic_entropy": 19.21894073486328,
          "acoustic_entropy_side": 18.78418731689453,
          "hz": 1080.2004963696966
        },
        {
          "acoustic_entropy": 18.44293785095215,
          "acoustic_entropy_side": 18.29311180114746,
          "hz": 1237.8529382007157
        },
        {
          "acoustic_entropy": 18.437252044677734,
          "acoustic_entropy_side": 18.12635040283203,
          "hz": 1409.4668930556702
        },
        {
          "acoustic_entropy": 17.915205001831055,
          "acoustic_entropy_side": 18.347503662109375,
          "hz": 1596.2787759475705
        },
        {
          "acoustic_entropy": 18.7818546295166,
          "acoustic_entropy_side": 17.907413482666016,
          "hz": 1799.6344973346393
        },
        {
          "acoustic_entropy": 17.568737030029297,
          "acoustic_entropy_side": 18.038217544555664,
          "hz": 2020.9991599069049
        },
        {
          "acoustic_entropy": 18.366928100585938,
          "acoustic_entropy_side": 18.27052116394043,
          "hz": 2261.9676141086993
        },
        {
          "acoustic_entropy": 18.325597763061523,
          "acoustic_entropy_side": 18.304574966430664,
          "hz": 2524.2759484456974
        },
        {
          "acoustic_entropy": 18.710487365722656,
          "acoustic_entropy_side": 18.220237731933594,
          "hz": 2809.813997359896
        },
        {
          "acoustic_entropy": 17.92584228515625,
