{
  "acoustic_entropy": 115.24801635742188,
  "bands": [
    {
      "high_freq": 148.1999969482422,
      "loudness": -61.6270637512207,
      "loudness_range": 24.842632293701172,
      "mid_mean": -57.80736541748047,
      "mid_to_side_loudness": -8.214995384216309,
      "mid_to_side_loudness_range": 8.805354118347168,
      "side_mean": -63.819637298583984
    },
    {
      "high_freq": 392.3793640136719,
      "loudness": -48.840736389160156,
      "loudness_range": 19.986324310302734,
      "low_freq": 148.1999969482422,
      "mid_mean": -46.352359771728516,
      "mid_to_side_loudness": -6.7340803146362305,
      "mid_to_side_loudness_range": 12.680681228637695,
      "side_mean": -53.23966979980469
    },
    {
      "high_freq": 794.6976318359375,
      "loudness": -38.31087875366211,
      "loudness_range": 26.55809211730957,
      "low_freq": 392.3793640136719,
      "mid_mean": -36.70277404785156,
      "mid_to_side_loudness": -2.9869158267974854,
      "mid_to_side_loudness_range": 9.605595588684082,
      "side_mean": -39.854347229003906
    },
    {
      "high_freq": 1457.5709228515625,
      "loudness": -43.370845794677734,
      "loudness_range": 30.833820343017578,
      "low_freq": 794.6976318359375,
      "mid_mean": -42.498477935791016,
      "mid_to_side_loudness": -1.35320246219635,
      "mid_to_side_loudness_range": 5.627652168273926,
      "side_mean": -43.80360794067383
    },
    {
      "high_freq": 2549.74365234375,
      "loudness": -49.15570068359375,
      "loudness_range": 27.941173553466797,
      "low_freq": 1457.5709228515625,
      "mid_mean": -48.158416748046875,
      "mid_to_side_loudness": -2.2820775508880615,
      "mid_to_side_loudness_range": 5.682366847991943,
      "side_mean": -50.895206451416016
    },
    {
      "high_freq": 4349.24462890625,
      "loudness": -50.12514877319336,
      "loudness_range": 32.43077087402344,
      "low_freq": 2549.74365234375,
      "mid_mean": -50.66200637817383,
      "mid_to_side_loudness": -2.3360743522644043,
      "mid_to_side_loudness_range": 4.652091026306152,
      "side_mean": -52.748348236083984
    },
    {
      "high_freq": 7314.1640625,
      "loudness": -64.07817840576172,
      "loudness_range": 28.123260498046875,
      "low_freq": 4349.24462890625,
      "mid_mean": -62.09918212890625,
      "mid_to_side_loudness": -2.6420273780822754,
      "mid_to_side_loudness_range": 5.075909614562988,
      "side_mean": -63.47825622558594
    },
    {
      "high_freq": 12199.2666015625,
      "loudness": -64.77574157714844,
      "loudness_range": 28.21221923828125,
      "low_freq": 7314.1640625,
      "mid_mean": -63.545127868652344,
      "mid_to_side_loudness": -2.5250678062438965,
      "mid_to_side_loudness_range": 3.2647175788879395,
      "side_mean": -64.7591781616211
    },
    {
      "loudness": -72.83179473876953,
      "loudness_range": 18.253543853759766,
      "low_freq": 12199.2666015625,
      "mid_mean": -66.48756408691406,
      "mid_to_side_loudness": -8.46478271484375,
      "mid_to_side_loudness_range": 14.053563117980957,
      "side_mean": -68.10987091064453
    }
  ],
  "bands_short": [
    {
      "high_freq": 148.1999969482422,
      "loudness": -64.2885513305664,
      "loudness_range": 25.591243743896484,
      "mid_mean": -59.99029541015625,
      "mid_to_side_loudness": -8.494264602661133,
      "mid_to_side_loudness_range": 12.349271774291992,
      "side_mean": -65.37372589111328
    },
    {
      "high_freq": 392.3793640136719,
      "loudness": -49.43693923950195,
      "loudness_range": 21.82925796508789,
      "low_freq": 148.1999969482422,
      "mid_mean": -47.21921157836914,
      "mid_to_side_loudness": -6.8162760734558105,
      "mid_to_side_loudness_range": 14.492270469665527,
      "side_mean": -54.07051086425781
    },
    {
      "high_freq": 794.6976318359375,
      "loudness": -39.07793426513672,
      "loudness_range": 27.982839584350586,
      "low_freq": 392.3793640136719,
      "mid_mean": -37.73849868774414,
      "mid_to_side_loudness": -2.9225704669952393,
      "mid_to_side_loudness_range": 12.662544250488281,
      "side_mean": -41.0626335144043
    },
    {
      "high_freq": 1457.5709228515625,
      "loudness": -44.15277099609375,
      "loudness_range": 33.13728332519531,
      "low_freq": 794.6976318359375,
      "mid_mean": -43.65875244140625,
      "mid_to_side_loudness": -1.347263216972351,
      "mid_to_side_loudness_range": 9.516519546508789,
      "side_mean": -45.07592010498047
    },
    {
      "high_freq": 2549.74365234375,
      "loudness": -50.14929962158203,
      "loudness_range": 30.116329193115234,
      "low_freq": 1457.5709228515625,
      "mid_mean": -50.33805465698242,
      "mid_to_side_loudness": -1.8861826658248901,
      "mid_to_side_loudness_range": 7.946659088134766,
      "side_mean": -52.066558837890625
    },
    {
      "high_freq": 4349.24462890625,
      "loudness": -50.446590423583984,
      "loudness_range": 33.2391357421875,
      "low_freq": 2549.74365234375,
      "mid_mean": -52.008235931396484,
      "mid_to_side_loudness": -2.022552728652954,
      "mid_to_side_loudness_range": 6.428360939025879,
      "side_mean": -53.738704681396484
    },
    {
      "high_freq": 7314.1640625,
      "loudness": -64.30284881591797,
      "loudness_range": 28.566612243652344,
      "low_freq": 4349.24462890625,
      "mid_mean": -62.80270767211914,
      "mid_to_side_loudness": -2.4040169715881348,
      "mid_to_side_loudness_range": 5.972001552581787,
      "side_mean": -63.95820236206055
    },
    {
      "high_freq": 12199.2666015625,
      "loudness": -65.05546569824219,
      "loudness_range": 27.988170623779297,
      "low_freq": 7314.1640625,
      "mid_mean": -64.25279235839844,
      "mid_to_side_loudness": -2.3186795711517334,
      "mid_to_side_loudness_range": 3.9911136627197266,
      "side_mean": -65.27703094482422
    },
    {
      "loudness": -73.35562896728516,
      "loudness_range": 17.51333999633789,
      "low_freq": 12199.2666015625,
      "mid_mean": -66.72084045410156,
      "mid_to_side_loudness": -9.035798072814941,
      "mid_to_side_loudness_range": 14.593099594116211,
      "side_mean": -68.32475280761719
    }
  ],
  "bandwidth": 866.324951171875,
  "channels": 2,
  "covariance": [
    [
      59.8576545715332,
      42.18444061279297,
      17.394901275634766,
      12.49974536895752,
      -8.340959548950195,
      -14.5703706741333,
      -8.157938957214355,
      -11.165183067321777,
      1.826867938041687,
      3.915431499481201,
      -5.331830978393555,
      -8.68642807006836,
      -2.605329751968384,
      -7.934906482696533,
      -0.9951930046081543,
      -2.785738229751587,
      3.934997797012329,
      0.9682785272598267
    ],
    [
      42.18444061279297,
      33.480045318603516,
      17.087038040161133,
      14.386594772338867,
      -2.714512586593628,
      -6.979185104370117,
      -3.380591869354248,
      -4.793664455413818,
      4.678571701049805,
      5.866468906402588,
      1.445024847984314,
      -0.8333485126495361,
      0.6673645377159119,
      -3.0498297214508057,
      2.14815616607666,
      0.46443527936935425,
      2.947657823562622,
      1.2266639471054077
    ],
    [
      17.394901275634766,
      17.087038040161133,
      54.9755973815918,
      49.71083450317383,
      34.579368591308594,
      35.121788024902344,
      40.742305755615234,
      43.40364456176758,
      35.71855545043945,
      38.43832015991211,
      41.05592727661133,
      40.98606872558594,
      16.078264236450195,
      15.222474098205566,
      13.330057144165039,
      11.926802635192871,
      0.8879942297935486,
      1.932569146156311
    ],
    [
      12.49974536895752,
      14.386594772338867,
      49.71083450317383,
      67.69976043701172,
      36.0167350769043,
      37.470497131347656,
      47.0779914855957,
      50.78515625,
      37.456180572509766,
      47.50303649902344,
      47.85881423950195,
      48.51523971557617,
      19.780385971069336,
      19.7078800201416,
      14.764595985412598,
      13.629304885864258,
      0.39877161383628845,
      1.7146632671356201
    ],
    [
      -8.340959548950195,
      -2.714512586593628,
      34.579368591308594,
      36.0167350769043,
      89.01070404052734,
      80.59004211425781,
      73.60407257080078,
      76.38339233398438,
      73.06354522705078,
      73.68599700927734,
      92.17900085449219,
      89.91677856445312,
      40.56146240234375,
      40.14670181274414,
      32.15693283081055,
      28.962448120117188,
      3.005635976791382,
      6.129383087158203
    ],
    [
      -14.5703706741333,
      -6.979185104370117,
      35.121788024902344,
      37.470497131347656,
      80.59004211425781,
      85.02301788330078,
      71.68589782714844,
      76.48065948486328,
      67.89672088623047,
      69.89582061767578,
      85.90890502929688,
      85.35308074951172,
      37.694766998291016,
      38.41757583618164,
      28.91659164428711,
      26.681631088256836,
      1.123916745185852,
      4.80555534362793
    ],
    [
      -8.157938957214355,
      -3.380591869354248,
      40.742305755615234,
      47.0779914855957,
      73.60407257080078,
      71.68589782714844,
      108.53199005126953,
      107.45071411132812,
      72.81769561767578,
      74.57257080078125,
      95.90143585205078,
      94.39602661132812,
      42.99031066894531,
      42.31545639038086,
      32.09571838378906,
      29.275279998779297,
      3.185920476913452,
      6.283951759338379
    ],
    [
      -11.165183067321777,
      -4.793664455413818,
      43.40364456176758,
      50.78515625,
      76.38339233398438,
      76.48065948486328,
      107.45071411132812,
      115.62287902832031,
      73.8812026977539,
      78.31925964355469,
      100.64445495605469,
      99.88870239257812,
      48.067535400390625,
      47.96064376831055,
      37.32929992675781,
      34.2664909362793,
      5.042552471160889,
      8.68917179107666
    ],
    [
      1.826867938041687,
      4.678571701049805,
      35.71855545043945,
      37.456180572509766,
      73.06354522705078,
      67.89672088623047,
      72.81769561767578,
      73.8812026977539,
      98.11585235595703,
      94.9338607788086,
      93.34986114501953,
      90.44415283203125,
      40.5001106262207,
      37.49302291870117,
      29.656478881835938,
      25.701658248901367,
      2.966127634048462,
      4.8592329025268555
    ],
    [
      3.915431499481201,
      5.866468906402588,
      38.43832015991211,
      47.50303649902344,
      73.68599700927734,
      69.89582061767578,
      74.57257080078125,
      78.31925964355469,
      94.9338607788086,
      103.67784881591797,
      101.73121643066406,
      98.7305679321289,
      45.279415130615234,
      42.44203186035156,
      34.315887451171875,
      30.022262573242188,
      4.85477876663208,
      6.746198654174805
    ],
    [
      -5.331830978393555,
      1.445024847984314,
      41.05592727661133,
      47.85881423950195,
      92.17900085449219,
      85.90890502929688,
      95.90143585205078,
      100.64445495605469,
      93.34986114501953,
      101.73121643066406,
      142.02951049804688,
      135.49302673339844,
      69.2133560180664,
      65.61156463623047,
      56.532867431640625,
      49.47383117675781,
      10.62464427947998,
      13.738363265991211
    ],
    [
      -8.68642807006836,
      -0.8333485126495361,
      40.98606872558594,
      48.51523971557617,
      89.91677856445312,
      85.35308074951172,
      94.39602661132812,
      99.88870239257812,
      90.44415283203125,
      98.7305679321289,
      135.49302673339844,
      131.9438018798828,
      67.51754760742188,
      64.95191192626953,
      55.48186111450195,
      49.239585876464844,
      10.366446495056152,
      14.033077239990234
    ],
    [
      -2.605329751968384,
      0.6673645377159119,
      16.078264236450195,
      19.780385971069336,
      40.56146240234375,
      37.694766998291016,
      42.99031066894531,
      48.067535400390625,
      40.5001106262207,
      45.279415130615234,
      69.2133560180664,
      67.51754760742188,
      57.744415283203125,
      54.544334411621094,
      51.143699645996094,
      45.72591781616211,
      18.552295684814453,
      19.827327728271484
    ],
    [
      -7.934906482696533,
      -3.0498297214508057,
      15.222474098205566,
      19.7078800201416,
      40.14670181274414,
      38.41757583618164,
      42.31545639038086,
      47.96064376831055,
      37.49302291870117,
      42.44203186035156,
      65.61156463623047,
      64.95191192626953,
      54.544334411621094,
      53.4827766418457,
      48.667606353759766,
      44.265228271484375,
      17.274620056152344,
      19.126277923583984
    ],
    [
      -0.9951930046081543,
      2.14815616607666,
      13.330057144165039,
      14.764595985412598,
      32.15693283081055,
      28.91659164428711,
      32.09571838378906,
      37.32929992675781,
      29.656478881835938,
      34.315887451171875,
      56.532867431640625,
      55.48186111450195,
      51.143699645996094,
      48.667606353759766,
      52.323699951171875,
      46.69163131713867,
      20.811309814453125,
      21.879005432128906
    ],
    [
      -2.785738229751587,
      0.46443527936935425,
      11.926802635192871,
      13.629304885864258,
      28.962448120117188,
      26.681631088256836,
      29.275279998779297,
      34.2664909362793,
      25.701658248901367,
      30.022262573242188,
      49.47383117675781,
      49.239585876464844,
      45.72591781616211,
      44.265228271484375,
      46.69163131713867,
      42.386375427246094,
      18.911651611328125,
      20.154996871948242
    ],
    [
      3.934997797012329,
      2.947657823562622,
      0.8879942297935486,
      0.39877161383628845,
      3.005635976791382,
      1.123916745185852,
      3.185920476913452,
      5.042552471160889,
      2.966127634048462,
      4.85477876663208,
      10.62464427947998,
      10.366446495056152,
      18.552295684814453,
      17.274620056152344,
      20.811309814453125,
      18.911651611328125,
      12.776986122131348,
      12.17033863067627
    ],
    [
      0.9682785272598267,
      1.2266639471054077,
      1.932569146156311,
      1.7146632671356201,
      6.129383087158203,
      4.80555534362793,
      6.283951759338379,
      8.68917179107666,
      4.8592329025268555,
      6.746198654174805,
      13.738363265991211,
      14.033077239990234,
      19.827327728271484,
      19.126277923583984,
      21.879005432128906,
      20.154996871948242,
      12.17033863067627,
      12.424556732177734
    ]
  ],
  "covariance_short": [
    [
      56.86993408203125,
      35.53673553466797,
      19.755395889282227,
      13.358107566833496,
      -13.2116117477417,
      -17.572811126708984,
      -8.963057518005371,
      -11.835489273071289,
      3.718120813369751,
      1.4600213766098022,
      -9.933011054992676,
      -12.379603385925293,
      -4.013154029846191,
      -8.552781105041504,
      -2.744790554046631,
      -3.764195203781128,
      3.6797678470611572,
      0.9309195280075073
    ],
    [
      35.53673553466797,
      27.027498245239258,
      16.764137268066406,
      13.855988502502441,
      -5.811060905456543,
      -8.133655548095703,
      -3.2023422718048096,
      -4.313714504241943,
      5.4336018562316895,
      4.037552833557129,
      -1.2497520446777344,
      -2.811568021774292,
      0.0793786570429802,
      -2.72525954246521,
      1.0029386281967163,
      0.046305906027555466,
      2.6022555828094482,
      1.236689567565918
    ],
    [
      19.755395889282227,
      16.764137268066406,
      65.95314025878906,
      54.40185546875,
      38.21395492553711,
      40.9438591003418,
      49.38083267211914,
      50.96339797973633,
      48.00905990600586,
      46.94865798950195,
      49.732688903808594,
      48.51728439331055,
      18.991487503051758,
      17.367685317993164,
      14.89837646484375,
      12.984025955200195,
      0.5610935091972351,
      1.8602060079574585
    ],
    [
      13.358107566833496,
      13.855988502502441,
      54.40185546875,
      70.55382537841797,
      40.72908020019531,
      43.2684440612793,
      54.4312629699707,
      58.202125549316406,
      54.39118576049805,
      53.9420280456543,
      56.928382873535156,
      56.39775085449219,
      23.90227508544922,
      22.825225830078125,
      18.21564292907715,
      16.28631019592285,
      0.9884393215179443,
      2.5412654876708984
    ],
    [
      -13.2116117477417,
      -5.811060905456543,
      38.21395492553711,
      40.72908020019531,
      101.58795166015625,
      88.31024932861328,
      83.2594223022461,
      85.07642364501953,
      82.1550521850586,
      80.4150619506836,
      100.83758544921875,
      97.36359405517578,
      43.600650787353516,
      42.490379333496094,
      34.888553619384766,
      30.96604347229004,
      2.687840461730957,
      6.360188007354736
    ],
    [
      -17.572811126708984,
      -8.133655548095703,
      40.9438591003418,
      43.2684440612793,
      88.31024932861328,
      100.9345932006836,
      83.63835144042969,
      87.66442108154297,
      79.56226348876953,
      79.01551818847656,
      97.89701080322266,
      95.65560913085938,
      42.51081848144531,
      42.0503044128418,
      32.69089889526367,
      29.488584518432617,
      1.3377394676208496,
      5.470830917358398
    ],
    [
      -8.963057518005371,
      -3.2023422718048096,
      49.38083267211914,
      54.4312629699707,
      83.2594223022461,
      83.63835144042969,
      127.72533416748047,
      121.87840270996094,
      86.98799133300781,
      85.97481536865234,
      110.57963562011719,
      107.34336853027344,
      48.39252853393555,
      46.33134841918945,
      36.073211669921875,
      31.955148696899414,
      2.3893189430236816,
      5.9129958152771
    ],
    [
      -11.835489273071289,
      -4.313714504241943,
      50.96339797973633,
      58.202125549316406,
      85.07642364501953,
      87.66442108154297,
      121.87840270996094,
      133.81422424316406,
      89.2467041015625,
      89.78925323486328,
      114.5102310180664,
      112.29122924804688,
      52.441497802734375,
      50.81441879272461,
      40.3278923034668,
      36.046409606933594,
      3.584989070892334,
      7.820262908935547
    ],
    [
      3.718120813369751,
      5.4336018562316895,
      48.00905990600586,
      54.39118576049805,
      82.1550521850586,
      79.56226348876953,
      86.98799133300781,
      89.2467041015625,
      122.00936889648438,
      114.01844024658203,
      115.73971557617188,
      110.55618286132812,
      50.26863098144531,
      45.98080825805664,
      37.05620193481445,
      31.915605545043945,
      4.543880939483643,
      6.726573944091797
    ],
    [
      1.4600213766098022,
      4.037552833557129,
      46.94865798950195,
      53.9420280456543,
      80.4150619506836,
      79.01551818847656,
      85.97481536865234,
      89.78925323486328,
      114.01844024658203,
      113.81242370605469,
      112.39679718017578,
      108.2910385131836,
      50.041316986083984,
      46.488441467285156,
      37.64701843261719,
      32.69662094116211,
      4.834850788116455,
      7.241489887237549
    ],
    [
      -9.933011054992676,
      -1.2497520446777344,
      49.732688903808594,
      56.928382873535156,
      100.83758544921875,
      97.89701080322266,
      110.57963562011719,
      114.5102310180664,
      115.73971557617188,
      112.39679718017578,
      158.02935791015625,
      149.3340301513672,
      75.1720962524414,
      70.94239044189453,
      60.79999923706055,
      53.05898666381836,
      10.554540634155273,
      14.425026893615723
    ],
    [
      -12.379603385925293,
      -2.811568021774292,
      48.51728439331055,
      56.39775085449219,
      97.36359405517578,
      95.65560913085938,
      107.34336853027344,
      112.29122924804688,
      110.55618286132812,
      108.2910385131836,
      149.3340301513672,
      145.405029296875,
      72.63984680175781,
      69.26972198486328,
      58.7839241027832,
      51.78951644897461,
      10.038778305053711,
      14.28360366821289
    ],
    [
      -4.013154029846191,
      0.0793786570429802,
      18.991487503051758,
      23.90227508544922,
      43.600650787353516,
      42.51081848144531,
      48.39252853393555,
      52.441497802734375,
      50.26863098144531,
      50.041316986083984,
      75.1720962524414,
      72.63984680175781,
      58.482444763183594,
      54.43312072753906,
      50.42412567138672,
      44.87664794921875,
      17.225610733032227,
      18.767005920410156
    ],
    [
      -8.552781105041504,
      -2.72525954246521,
      17.367685317993164,
      22.825225830078125,
      42.490379333496094,
      42.0503044128418,
      46.33134841918945,
      50.81441879272461,
      45.98080825805664,
      46.488441467285156,
      70.94239044189453,
      69.26972198486328,
      54.43312072753906,
      52.865020751953125,
      47.63497543334961,
      42.98523712158203,
      15.908543586730957,
      17.8846378326416
    ],
    [
      -2.744790554046631,
      1.0029386281967163,
      14.89837646484375,
      18.21564292907715,
      34.888553619384766,
      32.69089889526367,
      36.073211669921875,
      40.3278923034668,
      37.05620193481445,
      37.64701843261719,
      60.79999923706055,
      58.7839241027832,
      50.42412567138672,
      47.63497543334961,
      50.915382385253906,
      45.143775939941406,
      19.342435836791992,
      20.621915817260742
    ],
    [
      -3.764195203781128,
      0.046305906027555466,
      12.984025955200195,
      16.28631019592285,
      30.96604347229004,
      29.488584518432617,
      31.955148696899414,
      36.046409606933594,
      31.915605545043945,
      32.69662094116211,
      53.05898666381836,
      51.78951644897461,
      44.87664794921875,
      42.98523712158203,
      45.143775939941406,
      40.900299072265625,
      17.57126808166504,
      18.905866622924805
    ],
    [
      3.6797678470611572,
      2.6022555828094482,
      0.5610935091972351,
      0.9884393215179443,
      2.687840461730957,
      1.3377394676208496,
      2.3893189430236816,
      3.584989070892334,
      4.543880939483643,
      4.834850788116455,
      10.554540634155273,
      10.038778305053711,
      17.225610733032227,
      15.908543586730957,
      19.342435836791992,
      17.57126808166504,
      12.13553237915039,
      11.497159957885742
    ],
    [
      0.9309195280075073,
      1.236689567565918,
      1.8602060079574585,
      2.5412654876708984,
      6.360188007354736,
      5.470830917358398,
      5.9129958152771,
      7.820262908935547,
      6.726573944091797,
      7.241489887237549,
      14.425026893615723,
      14.28360366821289,
      18.767005920410156,
      17.8846378326416,
      20.621915817260742,
      18.905866622924805,
      11.497159957885742,
      11.747230529785156
    ]
  ],
  "damage": -15.785510063171387,
  "diff_bandwidth": 868.181396484375,
  "dissonance": 9.654883666088468,
  "drr": 0.11889498680830002,
  "dynamics": 7.312661170959473,
  "format": 1245190,
  "frames": 2705344,
  "loudness": -30.435909271240234,
  "loudness_range": 22.97235679626465,
  "loudness_range_short": 26.376047134399414,
  "lowpass_true_peak_15khz": -7.24521017074585,
  "mastering3_acoustic_entropies": [
    {
      "acoustic_entropy": 6.758301258087158,
      "acoustic_entropy_mono": 6.5732293128967285,
      "band_eliminated_acoustic_entropies": [
        {
          "acoustic_entropy": 6.758376121520996,
          "acoustic_entropy_side": 6.758304595947266,
          "hz": 129.47220167065723
        },
        {
          "acoustic_entropy": 6.762719631195068,
          "acoustic_entropy_side": 6.758388042449951,
          "hz": 202.92927478742237
        },
        {
          "acoustic_entropy": 6.769571781158447,
          "acoustic_entropy_side": 6.759269714355469,
          "hz": 282.89161906338205
        },
        {
          "acoustic_entropy": 6.80454158782959,
          "acoustic_entropy_side": 6.768744945526123,
          "hz": 369.9353335868758
        },
        {
          "acoustic_entropy": 6.788370132446289,
          "acoustic_entropy_side": 6.76246976852417,
          "hz": 464.6875360973435
        },
        {
          "acoustic_entropy": 6.5495781898498535,
          "acoustic_entropy_side": 6.821881294250488,
          "hz": 567.8308811364784
        },
        {
          "acoustic_entropy": 6.813022136688232,
          "acoustic_entropy_side": 6.839075088500977,
          "hz": 680.1084783214808
        },
        {
          "acoustic_entropy": 5.962281227111816,
          "acoustic_entropy_side": 6.742688179016113,
          "hz": 802.3292461747484
        },
        {
          "acoustic_entropy": 6.616983890533447,
          "acoustic_entropy_side": 6.746593952178955,
          "hz": 935.3737400823702
        },
        {
          "acoustic_entropy": 7.021894931793213,
          "acoustic_entropy_side": 6.836078643798828,
          "hz": 1080.2004963696966
        },
        {
          "acoustic_entropy": 5.881053924560547,
          "acoustic_entropy_side": 6.558304309844971,
          "hz": 1237.8529382007157
        },
        {
          "acoustic_entropy": 6.900819301605225,
          "acoustic_entropy_side": 6.910272121429443,
          "hz": 1409.4668930556702
        },
        {
          "acoustic_entropy": 6.834949016571045,
          "acoustic_entropy_side": 6.932359218597412,
          "hz": 1596.2787759475705
        },
        {
          "acoustic_entropy": 6.535368919372559,
          "acoustic_entropy_side": 6.817544460296631,
          "hz": 1799.6344973346393
        },
        {
          "acoustic_entropy": 6.696572780609131,
          "acoustic_entropy_side": 6.74277400970459,
          "hz": 2020.9991599069049
        },
        {
          "acoustic_entropy": 6.743374824523926,
          "acoustic_entropy_side": 6.763033866882324,
          "hz": 2261.9676141086993
        },
        {
          "acoustic_entropy": 6.7582244873046875,
          "acoustic_entropy_side": 6.759841442108154,
          "hz": 2524.2759484456974
        },
        {
          "acoustic_entropy": 6.791206359863281,
          "acoustic_entropy_side": 6.764042377471924,
          "hz": 2809.813997359896
        },
        {
          "acoustic_entropy": 6.789454460144043,
          "acoustic_entropy_side": 6.746767997741699,
          "hz": 3120.6389567871424
        },
        {
          "acoustic_entropy": 6.806623935699463,
          "acoustic_entropy_side": 6.765634536743164,
          "hz": 3458.990205492291
        },
        {
          "acoustic_entropy": 6.7567830085754395,
          "acoustic_entropy_side": 6.766846179962158,
          "hz": 3827.305438964164
        },
        {
          "acoustic_entropy": 6.786776542663574,
          "acoustic_entropy_side": 6.7701311111450195,
          "hz": 4228.238232109126
        },
        {
          "acoustic_entropy": 6.768049240112305,
          "acoustic_entropy_side": 6.761119842529297,
          "hz": 4664.6771572759235
        },
        {
          "acoustic_entropy": 6.759947776794434,
          "acoustic_entropy_side": 6.759098052978516,
          "hz": 5139.766595350093
        },
        {
          "acoustic_entropy": 6.763983726501465,
          "acoustic_entropy_side": 6.7609639167785645,
          "hz": 5656.929389854203
        },
        {
          "acoustic_entropy": 6.7708210945129395,
          "acoustic_entropy_side": 6.763373374938965,
          "hz": 6219.891507268283
        },
        {
          "acoustic_entropy": 6.7792744636535645,
          "acoustic_entropy_side": 6.76796293258667,
          "hz": 6832.70888123896
        },
        {
          "acoustic_entropy": 6.77764368057251,
          "acoustic_entropy_side": 6.769848823547363,
          "hz": 7499.796634079867
        },
        {
          "acoustic_entropy": 6.770932197570801,
          "acoustic_entropy_side": 6.764416694641113,
          "hz": 8225.96088609342
        },
        {
          "acoustic_entropy": 6.771083831787109,
          "acoustic_entropy_side": 6.762644290924072,
          "hz": 9016.43338188839
        },
        {
          "acoustic_entropy": 6.7672505378723145,
          "acoustic_entropy_side": 6.760881423950195,
          "hz": 9876.909183162974
        },
        {
          "acoustic_entropy": 6.765554904937744,
          "acoustic_entropy_side": 6.760519027709961,
          "hz": 10813.587699516042
        },
        {
          "acoustic_entropy": 6.764017105102539,
          "acoustic_entropy_side": 6.760320663452148,
          "hz": 11833.21735289826
        },
        {
          "acoustic_entropy": 6.762067794799805,
          "acoustic_entropy_side": 6.759638786315918,
          "hz": 12943.144197493959
        },
        {
          "acoustic_entropy": 6.759491920471191,
          "acoustic_entropy_side": 6.758723258972168,
          "hz": 14151.364845322005
        },
        {
          "acoustic_entropy": 6.7586541175842285,
          "acoustic_entropy_side": 6.758366107940674,
          "hz": 15466.58407886509
        },
        {
          "acoustic_entropy": 6.758422374725342,
          "acoustic_entropy_side": 6.758324146270752,
          "hz": 16898.27756580493
        },
        {
          "acoustic_entropy": 6.758328437805176,
          "acoustic_entropy_side": 6.7583088874816895,
          "hz": 18456.760127700032
        },
        {
          "acoustic_entropy": 6.758307456970215,
          "acoustic_entropy_side": 6.758304119110107,
          "hz": 20153.260054456492
        },
        {
          "acoustic_entropy": 6.758302688598633,
          "acoustic_entropy_side": 6.758302211761475,
          "hz": 22000.00000000001
        }
      ],
      "diff_acoustic_entropy": 2.5345306396484375,
      "sn": 6
    },
    {
      "acoustic_entropy": 9.852710723876953,
      "acoustic_entropy_mono": 8.572320938110352,
      "band_eliminated_acoustic_entropies": [
        {
          "acoustic_entropy": 9.853700637817383,
          "acoustic_entropy_side": 9.852734565734863,
          "hz": 129.47220167065723
        },
        {
          "acoustic_entropy": 9.851099014282227,
          "acoustic_entropy_side": 9.853280067443848,
          "hz": 202.92927478742237
        },
        {
          "acoustic_entropy": 9.845165252685547,
          "acoustic_entropy_side": 9.85942268371582,
          "hz": 282.89161906338205
        },
        {
          "acoustic_entropy": 9.820147514343262,
          "acoustic_entropy_side": 9.847756385803223,
          "hz": 369.9353335868758
        },
        {
          "acoustic_entropy": 9.784972190856934,
          "acoustic_entropy_side": 9.94344425201416,
          "hz": 464.6875360973435
        },
        {
          "acoustic_entropy": 9.753023147583008,
          "acoustic_entropy_side": 10.032918930053711,
          "hz": 567.8308811364784
        },
        {
          "acoustic_entropy": 9.411909103393555,
          "acoustic_entropy_side": 9.632640838623047,
          "hz": 680.1084783214808
        },
        {
          "acoustic_entropy": 8.369671821594238,
          "acoustic_entropy_side": 9.231673240661621,
          "hz": 802.3292461747484
        },
        {
          "acoustic_entropy": 9.776148796081543,
          "acoustic_entropy_side": 9.834036827087402,
          "hz": 935.3737400823702
        },
        {
          "acoustic_entropy": 9.24552059173584,
          "acoustic_entropy_side": 9.774962425231934,
          "hz": 1080.2004963696966
        },
        {
          "acoustic_entropy": 8.606298446655273,
          "acoustic_entropy_side": 9.61957836151123,
          "hz": 1237.8529382007157
        },
        {
          "acoustic_entropy": 10.180500984191895,
          "acoustic_entropy_side": 10.112508773803711,
          "hz": 1409.4668930556702
        },
        {
          "acoustic_entropy": 9.510577201843262,
          "acoustic_entropy_side": 9.66241455078125,
          "hz": 1596.2787759475705
        },
        {
          "acoustic_entropy": 9.335854530334473,
          "acoustic_entropy_side": 9.974422454833984,
          "hz": 1799.6344973346393
        },
        {
          "acoustic_entropy": 9.402127265930176,
          "acoustic_entropy_side": 9.733491897583008,
          "hz": 2020.9991599069049
        },
        {
          "acoustic_entropy": 9.625801086425781,
          "acoustic_entropy_side": 9.758070945739746,
          "hz": 2261.9676141086993
        },
        {
          "acoustic_entropy": 9.874931335449219,
          "acoustic_entropy_side": 9.857893943786621,
          "hz": 2524.2759484456974
        },
        {
          "acoustic_entropy": 9.837364196777344,
          "acoustic_entropy_side": 9.784980773925781,
          "hz": 2809.813997359896
        },
        {
          "acoustic_entropy": 9.71235466003418,
          "acoustic_entropy_side": 9.755627632141113,
          "hz": 3120.6389567871424
        },
        {
          "acoustic_entropy": 9.753177642822266,
          "acoustic_entropy_side": 9.767724990844727,
          "hz": 3458.990205492291
        },
        {
          "acoustic_entropy": 9.794443130493164,
          "acoustic_entropy_side": 9.827033996582031,
          "hz": 3827.305438964164
        },
        {
          "acoustic_entropy": 9.872990608215332,
          "acoustic_entropy_side": 9.859166145324707,
          "hz": 4228.238232109126
        },
        {
          "acoustic_entropy": 9.852787017822266,
          "acoustic_entropy_side": 9.856621742248535,
          "hz": 4664.6771572759235
        },
        {
          "acoustic_entropy": 9.862854957580566,
          "acoustic_entropy_side": 9.85889720916748,
          "hz": 5139.766595350093
        },
        {
          "acoustic_entropy": 9.853409767150879,
          "acoustic_entropy_side": 9.856560707092285,
          "hz": 5656.929389854203
        },
        {
          "acoustic_entropy": 9.85035514831543,
          "acoustic_entropy_side": 9.859964370727539,
          "hz": 6219.891507268283
        },
        {
          "acoustic_entropy": 9.842360496520996,
          "acoustic_entropy_side": 9.858549118041992,
          "hz": 6832.70888123896
        },
        {
          "acoustic_entropy": 9.832697868347168,
          "acoustic_entropy_side": 9.850763320922852,
          "hz": 7499.796634079867
        },
        {
          "acoustic_entropy": 9.830236434936523,
          "acoustic_entropy_side": 9.850231170654297,
          "hz": 8225.96088609342
        },
        {
          "acoustic_entropy": 9.844947814941406,
          "acoustic_entropy_side": 9.853031158447266,
          "hz": 9016.43338188839
        },
        {
          "acoustic_entropy": 9.84859561920166,
          "acoustic_entropy_side": 9.851985931396484,
          "hz": 9876.909183162974
        },
        {
          "acoustic_entropy": 9.847429275512695,
          "acoustic_entropy_side": 9.85288143157959,
          "hz": 10813.587699516042
        },
        {
          "acoustic_entropy": 9.850408554077148,
          "acoustic_entropy_side": 9.856401443481445,
          "hz": 11833.21735289826
        },
        {
          "acoustic_entropy": 9.854825019836426,
          "acoustic_entropy_side": 9.854033470153809,
          "hz": 12943.144197493959
        },
        {
          "acoustic_entropy": 9.853474617004395,
          "acoustic_entropy_side": 9.852822303771973,
          "hz": 14151.364845322005
        },
        {
          "acoustic_entropy": 9.85229206085205,
          "acoustic_entropy_side": 9.852645874023438,
          "hz": 15466.58407886509
        },
        {
          "acoustic_entropy": 9.852614402770996,
          "acoustic_entropy_side": 9.852684020996094,
          "hz": 16898.27756580493
        },
        {
          "acoustic_entropy": 9.852668762207031,
          "acoustic_entropy_side": 9.852706909179688,
          "hz": 18456.760127700032
        },
        {
          "acoustic_entropy": 9.852714538574219,
          "acoustic_entropy_side": 9.85271167755127,
          "hz": 20153.260054456492
        },
        {
          "acoustic_entropy": 9.852707862854004,
          "acoustic_entropy_side": 9.85270881652832,
          "hz": 22000.00000000001
        }
      ],
      "diff_acoustic_entropy": 4.682783126831055,
      "sn": 12
    },
    {
      "acoustic_entropy": 17.04010581970215,
      "acoustic_entropy_mono": 15.537768363952637,
      "band_eliminated_acoustic_entropies": [
        {
          "acoustic_entropy": 17.05838394165039,
          "acoustic_entropy_side": 17.04678726196289,
          "hz": 129.47220167065723
        },
        {
          "acoustic_entropy": 17.43364143371582,
          "acoustic_entropy_side": 17.114078521728516,
          "hz": 202.92927478742237
        },
        {
          "acoustic_entropy": 15.931185722351074,
          "acoustic_entropy_side": 17.07415199279785,
          "hz": 282.89161906338205
        },
        {
          "acoustic_entropy": 16.83208656311035,
          "acoustic_entropy_side": 16.8577938079834,
          "hz": 369.9353335868758
        },
        {
          "acoustic_entropy": 16.40353012084961,
          "acoustic_entropy_side": 16.171300888061523,
          "hz": 464.6875360973435
        },
        {
          "acoustic_entropy": 16.49464988708496,
          "acoustic_entropy_side": 17.18854331970215,
          "hz": 567.8308811364784
        },
        {
          "acoustic_entropy": 16.82038116455078,
          "acoustic_entropy_side": 17.127647399902344,
          "hz": 680.1084783214808
        },
        {
          "acoustic_entropy": 16.98320770263672,
          "acoustic_entropy_side": 16.45168685913086,
          "hz": 802.3292461747484
        },
        {
          "acoustic_entropy": 16.858036041259766,
          "acoustic_entropy_side": 17.18106460571289,
          "hz": 935.3737400823702
        },
        {
          "acoustic_entropy": 17.490230560302734,
          "acoustic_entropy_side": 18.269380569458008,
          "hz": 1080.2004963696966
        },
        {
          "acoustic_entropy": 16.54759407043457,
          "acoustic_entropy_side": 16.61753273010254,
          "hz": 1237.8529382007157
        },
        {
          "acoustic_entropy": 17.549457550048828,
          "acoustic_entropy_side": 17.882646560668945,
          "hz": 1409.4668930556702
        },
        {
          "acoustic_entropy": 16.707782745361328,
          "acoustic_entropy_side": 16.70905303955078,
          "hz": 1596.2787759475705
        },
        {
          "acoustic_entropy": 16.980655670166016,
          "acoustic_entropy_side": 16.836023330688477,
          "hz": 1799.6344973346393
        },
        {
          "acoustic_entropy": 16.1208553314209,
          "acoustic_entropy_side": 16.51080894470215,
          "hz": 2020.9991599069049
        },
        {
          "acoustic_entropy": 16.420146942138672,
          "acoustic_entropy_side": 16.985538482666016,
          "hz": 2261.9676141086993
        },
        {
          "acoustic_entropy": 16.818321228027344,
          "acoustic_entropy_side": 16.9489803314209,
          "hz": 2524.2759484456974
        },
        {
          "acoustic_entropy": 16.305978775024414,
          "acoustic_entropy_side": 16.819255828857422,
          "hz": 2809.813997359896
        },
        {
          "acoustic_entropy": 16.480579376220703,
          "acoustic_entropy_side": 16.821088790893555,
          "hz": 3120.6389567871424
        },
        {
          "acoustic_entropy": 17.015195846557617,
