{
  "acoustic_entropy": 167.29595947265625,
  "bands": [
    {
      "high_freq": 148.1999969482422,
      "loudness": -51.256797790527344,
      "loudness_range": 27.354976654052734,
      "mid_mean": -47.84895324707031,
      "mid_to_side_loudness": -15.716195106506348,
      "mid_to_side_loudness_range": 23.795061111450195,
      "side_mean": -62.533905029296875
    },
    {
      "high_freq": 392.3793640136719,
      "loudness": -38.122596740722656,
      "loudness_range": 20.95464515686035,
      "low_freq": 148.1999969482422,
      "mid_mean": -34.9610595703125,
      "mid_to_side_loudness": -16.161897659301758,
      "mid_to_side_loudness_range": 20.78982925415039,
      "side_mean": -52.297637939453125
    },
    {
      "high_freq": 794.6976318359375,
      "loudness": -35.056697845458984,
      "loudness_range": 25.89358901977539,
      "low_freq": 392.3793640136719,
      "mid_mean": -31.88051414489746,
      "mid_to_side_loudness": -15.176188468933105,
      "mid_to_side_loudness_range": 17.83599090576172,
      "side_mean": -47.45104217529297
    },
    {
      "high_freq": 1457.5709228515625,
      "loudness": -40.47746276855469,
      "loudness_range": 29.685701370239258,
      "low_freq": 794.6976318359375,
      "mid_mean": -37.248050689697266,
      "mid_to_side_loudness": -15.728795051574707,
      "mid_to_side_loudness_range": 15.148624420166016,
      "side_mean": -54.14078140258789
    },
    {
      "high_freq": 2549.74365234375,
      "loudness": -39.90789794921875,
      "loudness_range": 29.765932083129883,
      "low_freq": 1457.5709228515625,
      "mid_mean": -36.45970916748047,
      "mid_to_side_loudness": -15.829360961914062,
      "mid_to_side_loudness_range": 15.811869621276855,
      "side_mean": -54.00345230102539
    },
    {
      "high_freq": 4349.24462890625,
      "loudness": -38.408573150634766,
      "loudness_range": 22.50738525390625,
      "low_freq": 2549.74365234375,
      "mid_mean": -34.810543060302734,
      "mid_to_side_loudness": -19.06035614013672,
      "mid_to_side_loudness_range": 18.711490631103516,
      "side_mean": -55.532371520996094
    },
    {
      "high_freq": 7314.1640625,
      "loudness": -43.55128479003906,
      "loudness_range": 18.462520599365234,
      "low_freq": 4349.24462890625,
      "mid_mean": -39.938655853271484,
      "mid_to_side_loudness": -21.772104263305664,
      "mid_to_side_loudness_range": 21.90433120727539,
      "side_mean": -62.35933303833008
    },
    {
      "high_freq": 12199.2666015625,
      "loudness": -54.740333557128906,
      "loudness_range": 15.408340454101562,
      "low_freq": 7314.1640625,
      "mid_mean": -51.89570236206055,
      "mid_to_side_loudness": -31.835506439208984,
      "mid_to_side_loudness_range": 42.66401672363281,
      "side_mean": -69.7010498046875
    },
    {
      "loudness": -72.4525375366211,
      "loudness_range": 2.2574920654296875,
      "low_freq": 12199.2666015625,
      "mid_mean": -66.44889831542969,
      "mid_to_side_loudness": -21.17258644104004,
      "mid_to_side_loudness_range": 19.366254806518555,
      "side_mean": -69.96147155761719
    }
  ],
  "bands_short": [
    {
      "high_freq": 148.1999969482422,
      "loudness": -56.01341247558594,
      "loudness_range": 27.286514282226562,
      "mid_mean": -53.333473205566406,
      "mid_to_side_loudness": -14.088451385498047,
      "mid_to_side_loudness_range": 20.751632690429688,
      "side_mean": -64.7619857788086
    },
    {
      "high_freq": 392.3793640136719,
      "loudness": -38.890220642089844,
      "loudness_range": 22.22291374206543,
      "low_freq": 148.1999969482422,
      "mid_mean": -35.64311599731445,
      "mid_to_side_loudness": -16.2194766998291,
      "mid_to_side_loudness_range": 23.566173553466797,
      "side_mean": -53.09535598754883
    },
    {
      "high_freq": 794.6976318359375,
      "loudness": -35.59258270263672,
      "loudness_range": 25.783702850341797,
      "low_freq": 392.3793640136719,
      "mid_mean": -32.46552658081055,
      "mid_to_side_loudness": -14.144904136657715,
      "mid_to_side_loudness_range": 20.969472885131836,
      "side_mean": -47.83302307128906
    },
    {
      "high_freq": 1457.5709228515625,
      "loudness": -40.92589569091797,
      "loudness_range": 29.861656188964844,
      "low_freq": 794.6976318359375,
      "mid_mean": -37.74465560913086,
      "mid_to_side_loudness": -14.587631225585938,
      "mid_to_side_loudness_range": 17.983165740966797,
      "side_mean": -54.22804260253906
    },
    {
      "high_freq": 2549.74365234375,
      "loudness": -40.78815841674805,
      "loudness_range": 30.739503860473633,
      "low_freq": 1457.5709228515625,
      "mid_mean": -37.59374237060547,
      "mid_to_side_loudness": -14.741724014282227,
      "mid_to_side_loudness_range": 18.462200164794922,
      "side_mean": -54.50581741333008
    },
    {
      "high_freq": 4349.24462890625,
      "loudness": -39.21490478515625,
      "loudness_range": 25.21133041381836,
      "low_freq": 2549.74365234375,
      "mid_mean": -35.826961517333984,
      "mid_to_side_loudness": -17.94151496887207,
      "mid_to_side_loudness_range": 21.74782943725586,
      "side_mean": -55.85812759399414
    },
    {
      "high_freq": 7314.1640625,
      "loudness": -45.04255294799805,
      "loudness_range": 22.342220306396484,
      "low_freq": 4349.24462890625,
      "mid_mean": -41.46976852416992,
      "mid_to_side_loudness": -19.831880569458008,
      "mid_to_side_loudness_range": 23.111042022705078,
      "side_mean": -62.729007720947266
    },
    {
      "high_freq": 12199.2666015625,
      "loudness": -56.433353424072266,
      "loudness_range": 20.401504516601562,
      "low_freq": 7314.1640625,
      "mid_mean": -53.3927116394043,
      "mid_to_side_loudness": -25.342239379882812,
      "mid_to_side_loudness_range": 39.43408966064453,
      "side_mean": -69.71710205078125
    },
    {
      "loudness": -72.44721984863281,
      "loudness_range": 3.3278732299804688,
      "low_freq": 12199.2666015625,
      "mid_mean": -66.43585205078125,
      "mid_to_side_loudness": -21.777956008911133,
      "mid_to_side_loudness_range": 22.063230514526367,
      "side_mean": -69.96139526367188
    }
  ],
  "bandwidth": 942.5250244140625,
  "channels": 2,
  "covariance": [
    [
      87.1054916381836,
      26.600982666015625,
      10.78006649017334,
      1.707374930381775,
      14.572274208068848,
      10.214930534362793,
      18.732362747192383,
      12.407242774963379,
      15.206151008605957,
      10.73046875,
      15.649335861206055,
      10.943973541259766,
      16.955150604248047,
      10.7152099609375,
      17.430774688720703,
      -0.24384179711341858,
      1.4035714864730835,
      -0.04283922538161278
    ],
    [
      26.600982666015625,
      31.720260620117188,
      7.149964809417725,
      10.19725513458252,
      9.316261291503906,
      8.164643287658691,
      7.816667556762695,
      14.55483627319336,
      7.229582786560059,
      14.377784729003906,
      4.217297554016113,
      10.938149452209473,
      5.107689380645752,
      8.695810317993164,
      8.499410629272461,
      -0.2275220900774002,
      1.3734874725341797,
      -0.016268905252218246
    ],
    [
      10.78006649017334,
      7.149964809417725,
      62.20112991333008,
      27.1118106842041,
      16.469961166381836,
      21.39093017578125,
      32.38870620727539,
      24.4638671875,
      24.288286209106445,
      22.41608238220215,
      23.285493850708008,
      15.8483247756958,
      18.255226135253906,
      6.678659439086914,
      12.011646270751953,
      -0.28231748938560486,
      0.873104453086853,
      -0.01043597050011158
    ],
    [
      1.707374930381775,
      10.19725513458252,
      27.1118106842041,
      49.0662956237793,
      6.355856895446777,
      18.641834259033203,
      15.215476036071777,
      34.27446365356445,
      12.57602596282959,
      35.437076568603516,
      11.736401557922363,
      30.66546630859375,
      10.21631145477295,
      17.869970321655273,
      22.77684211730957,
      0.6357486844062805,
      4.001792907714844,
      -0.022950872778892517
    ],
    [
      14.572274208068848,
      9.316261291503906,
      16.469961166381836,
      6.355856895446777,
      76.3086929321289,
      51.72542190551758,
      67.00767517089844,
      46.29318618774414,
      66.3886489868164,
      53.50470733642578,
      39.4771614074707,
      31.62061309814453,
      28.104310989379883,
      18.64994239807129,
      13.786730766296387,
      0.1215626522898674,
      1.5782679319381714,
      -0.03657720983028412
    ],
    [
      10.214930534362793,
      8.164643287658691,
      21.39093017578125,
      18.641834259033203,
      51.72542190551758,
      69.29878997802734,
      55.230995178222656,
      54.33353042602539,
      51.654693603515625,
      55.93666458129883,
      36.76073455810547,
      38.56501007080078,
      28.87484359741211,
      23.034971237182617,
      14.754255294799805,
      0.5507662892341614,
      1.32909095287323,
      -0.03732980042695999
    ],
    [
      18.732362747192383,
      7.816667556762695,
      32.38870620727539,
      15.215476036071777,
      67.00767517089844,
      55.230995178222656,
      100.9007339477539,
      65.7158432006836,
      88.50466918945312,
      72.0673599243164,
      56.36445617675781,
      46.21541976928711,
      39.20351028442383,
      23.778852462768555,
      19.3876895904541,
      0.03824228420853615,
      1.8475066423416138,
      -0.02740849182009697
    ],
    [
      12.407242774963379,
      14.55483627319336,
      24.4638671875,
      34.27446365356445,
      46.29318618774414,
      54.33353042602539,
      65.7158432006836,
      76.95797729492188,
      60.10739517211914,
      77.4686050415039,
      38.1290283203125,
      54.32978057861328,
      26.298036575317383,
      27.961105346679688,
      28.885169982910156,
      0.6101431846618652,
      4.194835662841797,
      -0.04648745059967041
    ],
    [
      15.206151008605957,
      7.229582786560059,
      24.288286209106445,
      12.57602596282959,
      66.3886489868164,
      51.654693603515625,
      88.50466918945312,
      60.10739517211914,
      101.91600036621094,
      77.085205078125,
      61.918731689453125,
      49.79377746582031,
      40.108646392822266,
      25.744436264038086,
      17.514141082763672,
      0.09997779130935669,
      2.0512406826019287,
      -0.03750786557793617
    ],
    [
      10.73046875,
      14.377784729003906,
      22.41608238220215,
      35.437076568603516,
      53.50470733642578,
      55.93666458129883,
      72.0673599243164,
      77.4686050415039,
      77.085205078125,
      94.75155639648438,
      45.781192779541016,
      63.11576843261719,
      30.930944442749023,
      33.21970748901367,
      29.22389793395996,
      0.6301795840263367,
      4.624180316925049,
      -0.0605718195438385
    ],
    [
      15.649335861206055,
      4.217297554016113,
      23.285493850708008,
      11.736401557922363,
      39.4771614074707,
      36.76073455810547,
      56.36445617675781,
      38.1290283203125,
      61.918731689453125,
      45.781192779541016,
      63.66746139526367,
      41.210330963134766,
      40.59518814086914,
      18.636394500732422,
      24.33050537109375,
      0.3567032217979431,
      2.2516303062438965,
      -0.02658229134976864
    ],
    [
      10.943973541259766,
      10.938149452209473,
      15.8483247756958,
      30.66546630859375,
      31.62061309814453,
      38.56501007080078,
      46.21541976928711,
      54.32978057861328,
      49.79377746582031,
      63.11576843261719,
      41.210330963134766,
      57.18499755859375,
      24.24228858947754,
      28.30744171142578,
      25.49639320373535,
      0.8977599740028381,
      4.041609287261963,
      -0.04277070611715317
    ],
    [
      16.955150604248047,
      5.107689380645752,
      18.255226135253906,
      10.21631145477295,
      28.104310989379883,
      28.87484359741211,
      39.20351028442383,
      26.298036575317383,
      40.108646392822266,
      30.930944442749023,
      40.59518814086914,
      24.24228858947754,
      40.04460144042969,
      14.995563507080078,
      26.85968589782715,
      0.13375099003314972,
      2.1449177265167236,
      -0.02014833129942417
    ],
    [
      10.7152099609375,
      8.695810317993164,
      6.678659439086914,
      17.869970321655273,
      18.64994239807129,
      23.034971237182617,
      23.778852462768555,
      27.961105346679688,
      25.744436264038086,
      33.21970748901367,
      18.636394500732422,
      28.30744171142578,
      14.995563507080078,
      21.700923919677734,
      13.14676570892334,
      0.6260067820549011,
      2.1230592727661133,
      -0.021447213366627693
    ],
    [
      17.430774688720703,
      8.499410629272461,
      12.011646270751953,
      22.77684211730957,
      13.786730766296387,
      14.754255294799805,
      19.3876895904541,
      28.885169982910156,
      17.514141082763672,
      29.22389793395996,
      24.33050537109375,
      25.49639320373535,
      26.85968589782715,
      13.14676570892334,
      44.480648040771484,
      0.42902278900146484,
      5.360159873962402,
      -0.028005104511976242
    ],
    [
      -0.24384179711341858,
      -0.2275220900774002,
      -0.28231748938560486,
      0.6357486844062805,
      0.1215626522898674,
      0.5507662892341614,
      0.03824228420853615,
      0.6101431846618652,
      0.09997779130935669,
      0.6301795840263367,
      0.3567032217979431,
      0.8977599740028381,
      0.13375099003314972,
      0.6260067820549011,
      0.42902278900146484,
      0.20899951457977295,
      0.08553072810173035,
      0.000786869612056762
    ],
    [
      1.4035714864730835,
      1.3734874725341797,
      0.873104453086853,
      4.001792907714844,
      1.5782679319381714,
      1.32909095287323,
      1.8475066423416138,
      4.194835662841797,
      2.0512406826019287,
      4.624180316925049,
      2.2516303062438965,
      4.041609287261963,
      2.1449177265167236,
      2.1230592727661133,
      5.360159873962402,
      0.08553072810173035,
      0.892957329750061,
      -0.003455380443483591
    ],
    [
      -0.04283922538161278,
      -0.016268905252218246,
      -0.01043597050011158,
      -0.022950872778892517,
      -0.03657720983028412,
      -0.03732980042695999,
      -0.02740849182009697,
      -0.04648745059967041,
      -0.03750786557793617,
      -0.0605718195438385,
      -0.02658229134976864,
      -0.04277070611715317,
      -0.02014833129942417,
      -0.021447213366627693,
      -0.028005104511976242,
      0.000786869612056762,
      -0.003455380443483591,
      0.0006873221718706191
    ]
  ],
  "covariance_short": [
    [
      87.80634307861328,
      24.353811264038086,
      23.371723175048828,
      22.7341365814209,
      -0.057082999497652054,
      -1.0569820404052734,
      4.5412702560424805,
      13.62261962890625,
      4.185484886169434,
      11.450467109680176,
      9.224676132202148,
      12.442584037780762,
      14.032193183898926,
      8.826929092407227,
      27.859085083007812,
      -0.061531390994787216,
      3.811795949935913,
      -0.010823949240148067
    ],
    [
      24.353811264038086,
      27.3794002532959,
      9.268680572509766,
      12.584724426269531,
      0.6939729452133179,
      0.8791127800941467,
      2.0112318992614746,
      7.345368385314941,
      2.097079277038574,
      7.375771522521973,
      0.016475608572363853,
      4.787647724151611,
      2.7798802852630615,
      4.36684513092041,
      4.790098190307617,
      -0.2313837707042694,
      0.6582761406898499,
      -0.007758330088108778
    ],
    [
      23.371723175048828,
      9.268680572509766,
      66.89254760742188,
      22.83080291748047,
      23.95844268798828,
      24.016080856323242,
      36.07991409301758,
      23.0081787109375,
      26.971338272094727,
      22.496488571166992,
      25.96364974975586,
      16.034313201904297,
      25.805543899536133,
      7.4615349769592285,
      17.521230697631836,
      -0.3821401000022888,
      1.0429333448410034,
      -0.01516221184283495
    ],
    [
      22.7341365814209,
      12.584724426269531,
      22.83080291748047,
      47.41907501220703,
      7.768428325653076,
      20.076576232910156,
      15.831254959106445,
      32.62441635131836,
      13.037298202514648,
      34.4529914855957,
      11.087067604064941,
      29.248287200927734,
      12.338151931762695,
      17.711318969726562,
      21.7011775970459,
      0.4599180221557617,
      3.7237746715545654,
      -0.026310116052627563
    ],
    [
      -0.057082999497652054,
      0.6939729452133179,
      23.95844268798828,
      7.768428325653076,
      82.46023559570312,
      47.370933532714844,
      64.81068420410156,
      41.5462760925293,
      68.03582763671875,
      49.90005874633789,
      48.06283187866211,
      32.79306411743164,
      34.43818664550781,
      17.88625717163086,
      16.848739624023438,
      0.17892934381961823,
      1.6129121780395508,
      -0.034400634467601776
    ],
    [
      -1.0569820404052734,
      0.8791127800941467,
      24.016080856323242,
      20.076576232910156,
      47.370933532714844,
      73.65342712402344,
      53.4803581237793,
      52.789215087890625,
      50.209049224853516,
      56.15952682495117,
      38.41372299194336,
      41.009429931640625,
      31.603425979614258,
      23.05650520324707,
      16.62326431274414,
      0.45252352952957153,
      1.2860066890716553,
      -0.04663993418216705
    ],
    [
      4.5412702560424805,
      2.0112318992614746,
      36.07991409301758,
      15.831254959106445,
      64.81068420410156,
      53.4803581237793,
      106.69915008544922,
      62.64832305908203,
      92.6194076538086,
      71.66094207763672,
      62.14271926879883,
      47.03145217895508,
      48.42984390258789,
      24.21272087097168,
      24.801267623901367,
      0.06366835534572601,
      1.9887855052947998,
      -0.02912052348256111
    ],
    [
      13.62261962890625,
      7.345368385314941,
      23.0081787109375,
      32.62441635131836,
      41.5462760925293,
      52.789215087890625,
      62.64832305908203,
      76.22207641601562,
      58.14017105102539,
      75.66593170166016,
      38.64855194091797,
      54.25298309326172,
      29.383485794067383,
      27.790754318237305,
      28.171829223632812,
      0.614929735660553,
      4.014369487762451,
      -0.047820355743169785
    ],
    [
      4.185484886169434,
      2.097079277038574,
      26.971338272094727,
      13.037298202514648,
      68.03582763671875,
      50.209049224853516,
      92.6194076538086,
      58.14017105102539,
      112.02932739257812,
      76.38570404052734,
      71.4361801147461,
      50.052032470703125,
      51.0460090637207,
      25.204191207885742,
      24.094951629638672,
      0.0034007469657808542,
      2.3304991722106934,
      -0.03968651965260506
    ],
    [
      11.450467109680176,
      7.375771522521973,
      22.496488571166992,
      34.4529914855957,
      49.90005874633789,
      56.15952682495117,
      71.66094207763672,
      75.66593170166016,
      76.38570404052734,
      97.6761245727539,
      47.272369384765625,
      65.02735137939453,
      34.10395812988281,
      33.63279342651367,
      27.53247833251953,
      0.5880870223045349,
      4.303027629852295,
      -0.061751797795295715
    ],
    [
      9.224676132202148,
      0.016475608572363853,
      25.96364974975586,
      11.087067604064941,
      48.06283187866211,
      38.41372299194336,
      62.14271926879883,
      38.64855194091797,
      71.4361801147461,
      47.272369384765625,
      79.84949493408203,
      42.59733963012695,
      56.631752014160156,
      18.23558807373047,
      36.34160614013672,
      0.201127827167511,
      3.016087055206299,
      -0.029570210725069046
    ],
    [
      12.442584037780762,
      4.787647724151611,
      16.034313201904297,
      29.248287200927734,
      32.79306411743164,
      41.009429931640625,
      47.03145217895508,
      54.25298309326172,
      50.052032470703125,
      65.02735137939453,
      42.59733963012695,
      61.41115188598633,
      27.492555618286133,
      29.864713668823242,
      24.975631713867188,
      0.9299934506416321,
      3.68563175201416,
      -0.043513428419828415
    ],
    [
      14.032193183898926,
      2.7798802852630615,
      25.805543899536133,
      12.338151931762695,
      34.43818664550781,
      31.603425979614258,
      48.42984390258789,
      29.383485794067383,
      51.0460090637207,
      34.10395812988281,
      56.631752014160156,
      27.492555618286133,
      60.925804138183594,
      15.008349418640137,
      41.738895416259766,
      -0.07556883990764618,
      3.2189583778381348,
      -0.022631455212831497
    ],
    [
      8.826929092407227,
      4.36684513092041,
      7.4615349769592285,
      17.711318969726562,
      17.88625717163086,
      23.05650520324707,
      24.21272087097168,
      27.790754318237305,
      25.204191207885742,
      33.63279342651367,
      18.23558807373047,
      29.864713668823242,
      15.008349418640137,
      25.215349197387695,
      11.035223007202148,
      0.7792772054672241,
      1.6336780786514282,
      -0.020088331773877144
    ],
    [
      27.859085083007812,
      4.790098190307617,
      17.521230697631836,
      21.7011775970459,
      16.848739624023438,
      16.62326431274414,
      24.801267623901367,
      28.171829223632812,
      24.094951629638672,
      27.53247833251953,
      36.34160614013672,
      24.975631713867188,
      41.738895416259766,
      11.035223007202148,
      53.53508758544922,
      0.0976153165102005,
      6.047467231750488,
      -0.02830030955374241
    ],
    [
      -0.061531390994787216,
      -0.2313837707042694,
      -0.3821401000022888,
      0.4599180221557617,
      0.17892934381961823,
      0.45252352952957153,
      0.06366835534572601,
      0.614929735660553,
      0.0034007469657808542,
      0.5880870223045349,
      0.201127827167511,
      0.9299934506416321,
      -0.07556883990764618,
      0.7792772054672241,
      0.0976153165102005,
      0.30199822783470154,
      0.04843703284859657,
      0.0009067037026397884
    ],
    [
      3.811795949935913,
      0.6582761406898499,
      1.0429333448410034,
      3.7237746715545654,
      1.6129121780395508,
      1.2860066890716553,
      1.9887855052947998,
      4.014369487762451,
      2.3304991722106934,
      4.303027629852295,
      3.016087055206299,
      3.68563175201416,
      3.2189583778381348,
      1.6336780786514282,
      6.047467231750488,
      0.04843703284859657,
      1.0973025560379028,
      -0.0038274871185421944
    ],
    [
      -0.010823949240148067,
      -0.007758330088108778,
      -0.01516221184283495,
      -0.026310116052627563,
      -0.034400634467601776,
      -0.04663993418216705,
      -0.02912052348256111,
      -0.047820355743169785,
      -0.03968651965260506,
      -0.061751797795295715,
      -0.029570210725069046,
      -0.043513428419828415,
      -0.022631455212831497,
      -0.020088331773877144,
      -0.02830030955374241,
      0.0009067037026397884,
      -0.0038274871185421944,
      0.001023119199089706
    ]
  ],
  "damage": -16.31447410583496,
  "diff_bandwidth": 981.4615478515625,
  "dissonance": 5.745177342125427,
  "drr": 5.851774215698242,
  "dynamics": 5.763727188110352,
  "format": 1245190,
  "frames": 3823552,
  "loudness": -24.39030647277832,
  "loudness_range": 19.108482360839844,
  "loudness_range_short": 20.25843048095703,
  "lowpass_true_peak_15khz": -3.4427242279052734,
  "mastering3_acoustic_entropies": [
    {
      "acoustic_entropy": 9.024693489074707,
      "acoustic_entropy_mono": 8.804048538208008,
      "band_eliminated_acoustic_entropies": [
        {
          "acoustic_entropy": 9.020611763000488,
          "acoustic_entropy_side": 9.024693489074707,
          "hz": 129.47220167065723
        },
        {
          "acoustic_entropy": 8.964303970336914,
          "acoustic_entropy_side": 9.024682998657227,
          "hz": 202.92927478742237
        },
        {
          "acoustic_entropy": 9.035432815551758,
          "acoustic_entropy_side": 9.024706840515137,
          "hz": 282.89161906338205
        },
        {
          "acoustic_entropy": 9.102852821350098,
          "acoustic_entropy_side": 9.025408744812012,
          "hz": 369.9353335868758
        },
        {
          "acoustic_entropy": 8.675606727600098,
          "acoustic_entropy_side": 9.031603813171387,
          "hz": 464.6875360973435
        },
        {
          "acoustic_entropy": 8.632126808166504,
          "acoustic_entropy_side": 9.021272659301758,
          "hz": 567.8308811364784
        },
        {
          "acoustic_entropy": 8.790909767150879,
          "acoustic_entropy_side": 9.09868335723877,
          "hz": 680.1084783214808
        },
        {
          "acoustic_entropy": 7.836846828460693,
          "acoustic_entropy_side": 8.828588485717773,
          "hz": 802.3292461747484
        },
        {
          "acoustic_entropy": 8.673127174377441,
          "acoustic_entropy_side": 9.015410423278809,
          "hz": 935.3737400823702
        },
        {
          "acoustic_entropy": 9.137744903564453,
          "acoustic_entropy_side": 9.028607368469238,
          "hz": 1080.2004963696966
        },
        {
          "acoustic_entropy": 8.185617446899414,
          "acoustic_entropy_side": 9.027413368225098,
          "hz": 1237.8529382007157
        },
        {
          "acoustic_entropy": 8.754947662353516,
          "acoustic_entropy_side": 9.027020454406738,
          "hz": 1409.4668930556702
        },
        {
          "acoustic_entropy": 8.866809844970703,
          "acoustic_entropy_side": 9.026204109191895,
          "hz": 1596.2787759475705
        },
        {
          "acoustic_entropy": 8.777944564819336,
          "acoustic_entropy_side": 9.024206161499023,
          "hz": 1799.6344973346393
        },
        {
          "acoustic_entropy": 9.062376022338867,
          "acoustic_entropy_side": 9.02379322052002,
          "hz": 2020.9991599069049
        },
        {
          "acoustic_entropy": 8.548808097839355,
          "acoustic_entropy_side": 9.02276611328125,
          "hz": 2261.9676141086993
        },
        {
          "acoustic_entropy": 8.722804069519043,
          "acoustic_entropy_side": 9.036638259887695,
          "hz": 2524.2759484456974
        },
        {
          "acoustic_entropy": 8.794793128967285,
          "acoustic_entropy_side": 9.032581329345703,
          "hz": 2809.813997359896
        },
        {
          "acoustic_entropy": 8.93145751953125,
          "acoustic_entropy_side": 9.023554801940918,
          "hz": 3120.6389567871424
        },
        {
          "acoustic_entropy": 9.119230270385742,
          "acoustic_entropy_side": 9.02509593963623,
          "hz": 3458.990205492291
        },
        {
          "acoustic_entropy": 9.0243501663208,
          "acoustic_entropy_side": 9.025635719299316,
          "hz": 3827.305438964164
        },
        {
          "acoustic_entropy": 8.141824722290039,
          "acoustic_entropy_side": 9.02478313446045,
          "hz": 4228.238232109126
        },
        {
          "acoustic_entropy": 8.35634994506836,
          "acoustic_entropy_side": 9.02507209777832,
          "hz": 4664.6771572759235
        },
        {
          "acoustic_entropy": 8.802811622619629,
          "acoustic_entropy_side": 9.024951934814453,
          "hz": 5139.766595350093
        },
        {
          "acoustic_entropy": 8.803558349609375,
          "acoustic_entropy_side": 9.024778366088867,
          "hz": 5656.929389854203
        },
        {
          "acoustic_entropy": 8.638307571411133,
          "acoustic_entropy_side": 9.024696350097656,
          "hz": 6219.891507268283
        },
        {
          "acoustic_entropy": 9.031325340270996,
          "acoustic_entropy_side": 9.024693489074707,
          "hz": 6832.70888123896
        },
        {
          "acoustic_entropy": 9.043609619140625,
          "acoustic_entropy_side": 9.024691581726074,
          "hz": 7499.796634079867
        },
        {
          "acoustic_entropy": 9.025527954101562,
          "acoustic_entropy_side": 9.024693489074707,
          "hz": 8225.96088609342
        },
        {
          "acoustic_entropy": 9.012344360351562,
          "acoustic_entropy_side": 9.024693489074707,
          "hz": 9016.43338188839
        },
        {
          "acoustic_entropy": 9.015786170959473,
          "acoustic_entropy_side": 9.024693489074707,
          "hz": 9876.909183162974
        },
        {
          "acoustic_entropy": 9.021512031555176,
          "acoustic_entropy_side": 9.024693489074707,
          "hz": 10813.587699516042
        },
        {
          "acoustic_entropy": 9.024396896362305,
          "acoustic_entropy_side": 9.024693489074707,
          "hz": 11833.21735289826
        },
        {
          "acoustic_entropy": 9.024677276611328,
          "acoustic_entropy_side": 9.024693489074707,
          "hz": 12943.144197493959
        },
        {
          "acoustic_entropy": 9.02469253540039,
          "acoustic_entropy_side": 9.024693489074707,
          "hz": 14151.364845322005
        },
        {
          "acoustic_entropy": 9.02469253540039,
          "acoustic_entropy_side": 9.024693489074707,
          "hz": 15466.58407886509
        },
        {
          "acoustic_entropy": 9.024693489074707,
          "acoustic_entropy_side": 9.024693489074707,
          "hz": 16898.27756580493
        },
        {
          "acoustic_entropy": 9.024693489074707,
          "acoustic_entropy_side": 9.024693489074707,
          "hz": 18456.760127700032
        },
        {
          "acoustic_entropy": 9.024693489074707,
          "acoustic_entropy_side": 9.024693489074707,
          "hz": 20153.260054456492
        },
        {
          "acoustic_entropy": 9.024693489074707,
          "acoustic_entropy_side": 9.024693489074707,
          "hz": 22000.00000000001
        }
      ],
      "diff_acoustic_entropy": 4.712201118469238,
      "sn": 6
    },
    {
      "acoustic_entropy": 12.672832489013672,
      "acoustic_entropy_mono": 12.439576148986816,
      "band_eliminated_acoustic_entropies": [
        {
          "acoustic_entropy": 12.720123291015625,
          "acoustic_entropy_side": 12.672847747802734,
          "hz": 129.47220167065723
        },
        {
          "acoustic_entropy": 12.646316528320312,
          "acoustic_entropy_side": 12.672966957092285,
          "hz": 202.92927478742237
        },
        {
          "acoustic_entropy": 13.025264739990234,
          "acoustic_entropy_side": 12.672874450683594,
          "hz": 282.89161906338205
        },
        {
          "acoustic_entropy": 13.35992431640625,
          "acoustic_entropy_side": 12.679701805114746,
          "hz": 369.9353335868758
        },
        {
          "acoustic_entropy": 12.720670700073242,
          "acoustic_entropy_side": 12.814920425415039,
          "hz": 464.6875360973435
        },
        {
          "acoustic_entropy": 12.595973014831543,
          "acoustic_entropy_side": 12.720044136047363,
          "hz": 567.8308811364784
        },
        {
          "acoustic_entropy": 13.228135108947754,
          "acoustic_entropy_side": 12.87852668762207,
          "hz": 680.1084783214808
        },
        {
          "acoustic_entropy": 13.314557075500488,
          "acoustic_entropy_side": 12.542951583862305,
          "hz": 802.3292461747484
        },
        {
          "acoustic_entropy": 13.100234985351562,
          "acoustic_entropy_side": 12.85347843170166,
          "hz": 935.3737400823702
        },
        {
          "acoustic_entropy": 13.691229820251465,
          "acoustic_entropy_side": 12.8956937789917,
          "hz": 1080.2004963696966
        },
        {
          "acoustic_entropy": 12.494865417480469,
          "acoustic_entropy_side": 12.738045692443848,
          "hz": 1237.8529382007157
        },
        {
          "acoustic_entropy": 12.893536567687988,
          "acoustic_entropy_side": 12.726275444030762,
          "hz": 1409.4668930556702
        },
        {
          "acoustic_entropy": 12.905722618103027,
          "acoustic_entropy_side": 12.721872329711914,
          "hz": 1596.2787759475705
        },
        {
          "acoustic_entropy": 12.997886657714844,
          "acoustic_entropy_side": 12.704072952270508,
          "hz": 1799.6344973346393
        },
        {
          "acoustic_entropy": 12.60464096069336,
          "acoustic_entropy_side": 12.69355583190918,
          "hz": 2020.9991599069049
        },
        {
          "acoustic_entropy": 12.399166107177734,
          "acoustic_entropy_side": 12.425800323486328,
          "hz": 2261.9676141086993
        },
        {
          "acoustic_entropy": 13.067371368408203,
          "acoustic_entropy_side": 12.214941024780273,
          "hz": 2524.2759484456974
        },
        {
          "acoustic_entropy": 12.819682121276855,
          "acoustic_entropy_side": 12.630969047546387,
          "hz": 2809.813997359896
        },
        {
          "acoustic_entropy": 13.028605461120605,
          "acoustic_entropy_side": 12.620211601257324,
          "hz": 3120.6389567871424
        },
        {
          "acoustic_entropy": 13.046895980834961,
          "acoustic_entropy_side": 12.593612670898438,
          "hz": 3458.990205492291
        },
        {
          "acoustic_entropy": 12.572259902954102,
          "acoustic_entropy_side": 12.664257049560547,
          "hz": 3827.305438964164
        },
        {
          "acoustic_entropy": 12.858896255493164,
          "acoustic_entropy_side": 12.700206756591797,
          "hz": 4228.238232109126
        },
        {
          "acoustic_entropy": 12.92069149017334,
          "acoustic_entropy_side": 12.690095901489258,
          "hz": 4664.6771572759235
        },
        {
          "acoustic_entropy": 12.40872859954834,
          "acoustic_entropy_side": 12.670145034790039,
          "hz": 5139.766595350093
        },
        {
          "acoustic_entropy": 12.762691497802734,
          "acoustic_entropy_side": 12.672290802001953,
          "hz": 5656.929389854203
        },
        {
          "acoustic_entropy": 12.780110359191895,
          "acoustic_entropy_side": 12.672807693481445,
          "hz": 6219.891507268283
        },
        {
          "acoustic_entropy": 12.555994987487793,
          "acoustic_entropy_side": 12.67282485961914,
          "hz": 6832.70888123896
        },
        {
          "acoustic_entropy": 12.55211067199707,
          "acoustic_entropy_side": 12.67284107208252,
          "hz": 7499.796634079867
        },
        {
          "acoustic_entropy": 12.559420585632324,
          "acoustic_entropy_side": 12.672833442687988,
          "hz": 8225.96088609342
        },
        {
          "acoustic_entropy": 12.784402847290039,
          "acoustic_entropy_side": 12.672832489013672,
          "hz": 9016.43338188839
        },
        {
          "acoustic_entropy": 12.741284370422363,
          "acoustic_entropy_side": 12.672832489013672,
          "hz": 9876.909183162974
        },
        {
          "acoustic_entropy": 12.696084022521973,
          "acoustic_entropy_side": 12.672832489013672,
          "hz": 10813.587699516042
        },
        {
          "acoustic_entropy": 12.674748420715332,
          "acoustic_entropy_side": 12.672832489013672,
          "hz": 11833.21735289826
        },
        {
          "acoustic_entropy": 12.673016548156738,
          "acoustic_entropy_side": 12.672832489013672,
          "hz": 12943.144197493959
        },
        {
          "acoustic_entropy": 12.672842979431152,
          "acoustic_entropy_side": 12.672832489013672,
          "hz": 14151.364845322005
        },
        {
          "acoustic_entropy": 12.672834396362305,
          "acoustic_entropy_side": 12.672832489013672,
          "hz": 15466.58407886509
        },
        {
          "acoustic_entropy": 12.672832489013672,
          "acoustic_entropy_side": 12.672832489013672,
          "hz": 16898.27756580493
        },
        {
          "acoustic_entropy": 12.672832489013672,
          "acoustic_entropy_side": 12.672832489013672,
          "hz": 18456.760127700032
        },
        {
          "acoustic_entropy": 12.672832489013672,
          "acoustic_entropy_side": 12.672832489013672,
          "hz": 20153.260054456492
        },
        {
          "acoustic_entropy": 12.672832489013672,
          "acoustic_entropy_side": 12.672832489013672,
          "hz": 22000.00000000001
        }
      ],
      "diff_acoustic_entropy": 7.785903453826904,
      "sn": 12
    },
    {
      "acoustic_entropy": 20.196596145629883,
      "acoustic_entropy_mono": 17.4013671875,
      "band_eliminated_acoustic_entropies": [
        {
          "acoustic_entropy": 19.909626007080078,
          "acoustic_entropy_side": 20.197458267211914,
          "hz": 129.47220167065723
        },
        {
          "acoustic_entropy": 19.95778465270996,
          "acoustic_entropy_side": 20.201276779174805,
          "hz": 202.92927478742237
        },
        {
          "acoustic_entropy": 20.601125717163086,
          "acoustic_entropy_side": 20.12188148498535,
          "hz": 282.89161906338205
        },
        {
          "acoustic_entropy": 20.516616821289062,
          "acoustic_entropy_side": 19.889619827270508,
          "hz": 369.9353335868758
        },
        {
          "acoustic_entropy": 19.479957580566406,
          "acoustic_entropy_side": 20.662193298339844,
          "hz": 464.6875360973435
        },
        {
          "acoustic_entropy": 20.97081184387207,
          "acoustic_entropy_side": 20.15595054626465,
          "hz": 567.8308811364784
        },
        {
          "acoustic_entropy": 20.44035530090332,
          "acoustic_entropy_side": 19.544469833374023,
          "hz": 680.1084783214808
        },
        {
          "acoustic_entropy": 19.558809280395508,
          "acoustic_entropy_side": 19.330242156982422,
          "hz": 802.3292461747484
        },
        {
          "acoustic_entropy": 19.219511032104492,
          "acoustic_entropy_side": 20.419055938720703,
          "hz": 935.3737400823702
        },
        {
          "acoustic_entropy": 20.844575881958008,
          "acoustic_entropy_side": 20.6989688873291,
          "hz": 1080.2004963696966
        },
        {
          "acoustic_entropy": 19.048267364501953,
          "acoustic_entropy_side": 20.44588279724121,
          "hz": 1237.8529382007157
        },
        {
          "acoustic_entropy": 20.820993423461914,
          "acoustic_entropy_side": 20.07264518737793,
          "hz": 1409.4668930556702
        },
        {
          "acoustic_entropy": 20.625329971313477,
          "acoustic_entropy_side": 20.193328857421875,
          "hz": 1596.2787759475705
        },
        {
          "acoustic_entropy": 19.397180557250977,
          "acoustic_entropy_side": 20.06307601928711,
          "hz": 1799.6344973346393
        },
        {
          "acoustic_entropy": 20.63399887084961,
          "acoustic_entropy_side": 20.42826271057129,
          "hz": 2020.9991599069049
        },
        {
          "acoustic_entropy": 19.289804458618164,
          "acoustic_entropy_side": 20.387121200561523,
          "hz": 2261.9676141086993
        },
        {
          "acoustic_entropy": 20.235424041748047,
          "acoustic_entropy_side": 19.872037887573242,
          "hz": 2524.2759484456974
        },
        {
