{
  "acoustic_entropy": 136.06605529785156,
  "bands": [
    {
      "high_freq": 148.1999969482422,
      "loudness": -39.68318557739258,
      "loudness_range": 21.781967163085938,
      "mid_mean": -57.66477584838867,
      "mid_to_side_loudness": -9.551445007324219,
      "mid_to_side_loudness_range": 14.38642692565918,
      "side_mean": -63.02766799926758
    },
    {
      "high_freq": 392.3793640136719,
      "loudness": -50.30665969848633,
      "loudness_range": 28.32244110107422,
      "low_freq": 148.1999969482422,
      "mid_mean": -51.594791412353516,
      "mid_to_side_loudness": -6.1721649169921875,
      "mid_to_side_loudness_range": 13.16641902923584,
      "side_mean": -56.789085388183594
    },
    {
      "high_freq": 794.6976318359375,
      "loudness": -45.1312141418457,
      "loudness_range": 26.325212478637695,
      "low_freq": 392.3793640136719,
      "mid_mean": -43.892669677734375,
      "mid_to_side_loudness": -6.286238670349121,
      "mid_to_side_loudness_range": 14.596383094787598,
      "side_mean": -54.48924255371094
    },
    {
      "high_freq": 1457.5709228515625,
      "loudness": -55.279903411865234,
      "loudness_range": 24.31595230102539,
      "low_freq": 794.6976318359375,
      "mid_mean": -56.67246627807617,
      "mid_to_side_loudness": -5.550156593322754,
      "mid_to_side_loudness_range": 14.5438871383667,
      "side_mean": -61.304840087890625
    },
    {
      "high_freq": 2549.74365234375,
      "loudness": -47.696739196777344,
      "loudness_range": 27.338104248046875,
      "low_freq": 1457.5709228515625,
      "mid_mean": -52.158355712890625,
      "mid_to_side_loudness": -3.6446211338043213,
      "mid_to_side_loudness_range": 18.812482833862305,
      "side_mean": -55.280357360839844
    },
    {
      "high_freq": 4349.24462890625,
      "loudness": -53.1732177734375,
      "loudness_range": 35.18666458129883,
      "low_freq": 2549.74365234375,
      "mid_mean": -57.41456985473633,
      "mid_to_side_loudness": -4.574870586395264,
      "mid_to_side_loudness_range": 13.262367248535156,
      "side_mean": -60.649085998535156
    },
    {
      "high_freq": 7314.1640625,
      "loudness": -57.64944076538086,
      "loudness_range": 24.641338348388672,
      "low_freq": 4349.24462890625,
      "mid_mean": -61.11782455444336,
      "mid_to_side_loudness": -3.6016128063201904,
      "mid_to_side_loudness_range": 11.283223152160645,
      "side_mean": -63.46903991699219
    },
    {
      "high_freq": 12199.2666015625,
      "loudness": -70.19906616210938,
      "loudness_range": 28.963565826416016,
      "low_freq": 7314.1640625,
      "mid_mean": -65.61161804199219,
      "mid_to_side_loudness": -3.276508092880249,
      "mid_to_side_loudness_range": 10.36328125,
      "side_mean": -67.21231079101562
    },
    {
      "loudness": -77.69231414794922,
      "loudness_range": 12.217910766601562,
      "low_freq": 12199.2666015625,
      "mid_mean": -68.61319732666016,
      "mid_to_side_loudness": -3.0920212268829346,
      "mid_to_side_loudness_range": 3.716092586517334,
      "side_mean": -69.12032318115234
    }
  ],
  "bands_short": [
    {
      "high_freq": 148.1999969482422,
      "loudness": -39.958961486816406,
      "loudness_range": 22.291379928588867,
      "mid_mean": -58.125267028808594,
      "mid_to_side_loudness": -10.074764251708984,
      "mid_to_side_loudness_range": 19.143869400024414,
      "side_mean": -63.7942008972168
    },
    {
      "high_freq": 392.3793640136719,
      "loudness": -53.15327072143555,
      "loudness_range": 30.168094635009766,
      "low_freq": 148.1999969482422,
      "mid_mean": -53.931114196777344,
      "mid_to_side_loudness": -5.645960330963135,
      "mid_to_side_loudness_range": 14.52376937866211,
      "side_mean": -58.43372344970703
    },
    {
      "high_freq": 794.6976318359375,
      "loudness": -45.06986618041992,
      "loudness_range": 25.91740608215332,
      "low_freq": 392.3793640136719,
      "mid_mean": -44.206260681152344,
      "mid_to_side_loudness": -5.740739822387695,
      "mid_to_side_loudness_range": 14.77734661102295,
      "side_mean": -53.90338134765625
    },
    {
      "high_freq": 1457.5709228515625,
      "loudness": -54.89877700805664,
      "loudness_range": 25.260509490966797,
      "low_freq": 794.6976318359375,
      "mid_mean": -56.53313064575195,
      "mid_to_side_loudness": -5.3863348960876465,
      "mid_to_side_loudness_range": 15.014864921569824,
      "side_mean": -61.0341796875
    },
    {
      "high_freq": 2549.74365234375,
      "loudness": -48.179298400878906,
      "loudness_range": 28.75170135498047,
      "low_freq": 1457.5709228515625,
      "mid_mean": -53.2504997253418,
      "mid_to_side_loudness": -2.6821177005767822,
      "mid_to_side_loudness_range": 19.21216583251953,
      "side_mean": -55.816287994384766
    },
    {
      "high_freq": 4349.24462890625,
      "loudness": -53.472389221191406,
      "loudness_range": 35.61144256591797,
      "low_freq": 2549.74365234375,
      "mid_mean": -58.174137115478516,
      "mid_to_side_loudness": -3.3642499446868896,
      "mid_to_side_loudness_range": 11.74551010131836,
      "side_mean": -60.78433609008789
    },
    {
      "high_freq": 7314.1640625,
      "loudness": -57.94023895263672,
      "loudness_range": 26.231300354003906,
      "low_freq": 4349.24462890625,
      "mid_mean": -61.90724563598633,
      "mid_to_side_loudness": -2.4866631031036377,
      "mid_to_side_loudness_range": 9.41849136352539,
      "side_mean": -63.6754264831543
    },
    {
      "high_freq": 12199.2666015625,
      "loudness": -69.8068618774414,
      "loudness_range": 28.863685607910156,
      "low_freq": 7314.1640625,
      "mid_mean": -66.17754364013672,
      "mid_to_side_loudness": -2.2568752765655518,
      "mid_to_side_loudness_range": 5.743803977966309,
      "side_mean": -67.28874206542969
    },
    {
      "loudness": -77.88229370117188,
      "loudness_range": 12.008682250976562,
      "low_freq": 12199.2666015625,
      "mid_mean": -68.6706314086914,
      "mid_to_side_loudness": -2.8572754859924316,
      "mid_to_side_loudness_range": 3.3623270988464355,
      "side_mean": -69.13697052001953
    }
  ],
  "bandwidth": 586.7074584960938,
  "channels": 2,
  "covariance": [
    [
      254.40309143066406,
      166.27264404296875,
      144.9011688232422,
      164.32632446289062,
      46.58692932128906,
      101.8512954711914,
      14.503284454345703,
      45.53333282470703,
      157.27951049804688,
      179.1885528564453,
      156.15054321289062,
      173.3529052734375,
      123.28438568115234,
      130.1630096435547,
      58.42842483520508,
      61.72904968261719,
      16.14824867248535,
      15.037837982177734
    ],
    [
      166.27264404296875,
      115.40911102294922,
      98.36406707763672,
      112.5587387084961,
      46.15469741821289,
      76.90823364257812,
      15.400126457214355,
      35.37950897216797,
      101.75930786132812,
      115.2855453491211,
      106.4928970336914,
      118.19698333740234,
      82.83878326416016,
      86.62873077392578,
      39.92860794067383,
      41.470760345458984,
      10.682901382446289,
      9.781965255737305
    ],
    [
      144.9011688232422,
      98.36406707763672,
      149.03453063964844,
      128.80674743652344,
      48.311771392822266,
      101.9168701171875,
      70.23211669921875,
      56.50144958496094,
      123.70075988769531,
      110.55598449707031,
      118.56278991699219,
      109.69969177246094,
      86.7042236328125,
      78.61172485351562,
      46.04588317871094,
      38.527076721191406,
      11.065906524658203,
      9.200345993041992
    ],
    [
      164.32632446289062,
      112.5587387084961,
      128.80674743652344,
      134.55072021484375,
      46.92082214355469,
      93.76123046875,
      46.08651351928711,
      51.41543960571289,
      117.0582275390625,
      120.10000610351562,
      115.77357482910156,
      119.80813598632812,
      86.00039672851562,
      86.70734405517578,
      43.540218353271484,
      41.902645111083984,
      11.187981605529785,
      9.964144706726074
    ],
    [
      46.58692932128906,
      46.15469741821289,
      48.311771392822266,
      46.92082214355469,
      105.3496322631836,
      84.58625793457031,
      63.7182502746582,
      47.1534309387207,
      67.99092864990234,
      49.54513931274414,
      79.61935424804688,
      57.024658203125,
      54.891456604003906,
      34.23386764526367,
      31.211902618408203,
      15.921012878417969,
      5.815189838409424,
      3.438171148300171
    ],
    [
      101.8512954711914,
      76.90823364257812,
      101.9168701171875,
      93.76123046875,
      84.58625793457031,
      131.42660522460938,
      83.08274841308594,
      69.25236511230469,
      107.68604278564453,
      92.84014129638672,
      111.74182891845703,
      96.39837646484375,
      75.28947448730469,
      61.45413589477539,
      41.351749420166016,
      30.614166259765625,
      8.745418548583984,
      6.724874973297119
    ],
    [
      14.503284454345703,
      15.400126457214355,
      70.23211669921875,
      46.08651351928711,
      63.7182502746582,
      83.08274841308594,
      107.34526062011719,
      63.11994934082031,
      70.31343078613281,
      34.9874153137207,
      65.56102752685547,
      33.95598602294922,
      41.16485595703125,
      17.35138511657715,
      29.873668670654297,
      12.398704528808594,
      4.781815528869629,
      2.6558308601379395
    ],
    [
      45.53333282470703,
      35.37950897216797,
      56.50144958496094,
      51.41543960571289,
      47.1534309387207,
      69.25236511230469,
      63.11994934082031,
      52.82245635986328,
      61.466861724853516,
      49.866329193115234,
      60.82569885253906,
      48.796146392822266,
      40.567848205566406,
      30.709375381469727,
      25.241289138793945,
      17.138399124145508,
      5.024437427520752,
      3.778809070587158
    ],
    [
      157.27951049804688,
      101.75930786132812,
      123.70075988769531,
      117.0582275390625,
      67.99092864990234,
      107.68604278564453,
      70.31343078613281,
      61.466861724853516,
      175.53549194335938,
      152.30078125,
      133.47508239746094,
      115.4383773803711,
      106.44654083251953,
      86.69564819335938,
      45.94385528564453,
      32.04063415527344,
      10.847065925598145,
      8.117952346801758
    ],
    [
      179.1885528564453,
      115.2855453491211,
      110.55598449707031,
      120.10000610351562,
      49.54513931274414,
      92.84014129638672,
      34.9874153137207,
      49.866329193115234,
      152.30078125,
      161.98959350585938,
      124.46435546875,
      124.37969970703125,
      99.38395690917969,
      94.68744659423828,
      42.63532257080078,
      38.42159652709961,
      11.094204902648926,
      9.496996879577637
    ],
    [
      156.15054321289062,
      106.4928970336914,
      118.56278991699219,
      115.77357482910156,
      79.61935424804688,
      111.74182891845703,
      65.56102752685547,
      60.82569885253906,
      133.47508239746094,
      124.46435546875,
      147.8228302001953,
      130.3769989013672,
      107.43374633789062,
      91.20320129394531,
      63.20221710205078,
      49.40385437011719,
      14.251798629760742,
      11.619967460632324
    ],
    [
      173.3529052734375,
      118.19698333740234,
      109.69969177246094,
      119.80813598632812,
      57.024658203125,
      96.39837646484375,
      33.95598602294922,
      48.796146392822266,
      115.4383773803711,
      124.37969970703125,
      130.3769989013672,
      135.51449584960938,
      97.01074981689453,
      96.28825378417969,
      53.730499267578125,
      51.301246643066406,
      13.304830551147461,
      12.029077529907227
    ],
    [
      123.28438568115234,
      82.83878326416016,
      86.7042236328125,
      86.00039672851562,
      54.891456604003906,
      75.28947448730469,
      41.16485595703125,
      40.567848205566406,
      106.44654083251953,
      99.38395690917969,
      107.43374633789062,
      97.01074981689453,
      85.87723541259766,
      71.48397064208984,
      47.45460510253906,
      36.355796813964844,
      11.019865989685059,
      8.823128700256348
    ],
    [
      130.1630096435547,
      86.62873077392578,
      78.61172485351562,
      86.70734405517578,
      34.23386764526367,
      61.45413589477539,
      17.35138511657715,
      30.709375381469727,
      86.69564819335938,
      94.68744659423828,
      91.20320129394531,
      96.28825378417969,
      71.48397064208984,
      72.01342010498047,
      37.50727462768555,
      36.62650680541992,
      9.68343448638916,
      8.851298332214355
    ],
    [
      58.42842483520508,
      39.92860794067383,
      46.04588317871094,
      43.540218353271484,
      31.211902618408203,
      41.351749420166016,
      29.873668670654297,
      25.241289138793945,
      45.94385528564453,
      42.63532257080078,
      63.20221710205078,
      53.730499267578125,
      47.45460510253906,
      37.50727462768555,
      38.127952575683594,
      27.959619522094727,
      8.36602783203125,
      6.673083305358887
    ],
    [
      61.72904968261719,
      41.470760345458984,
      38.527076721191406,
      41.902645111083984,
      15.921012878417969,
      30.614166259765625,
      12.398704528808594,
      17.138399124145508,
      32.04063415527344,
      38.42159652709961,
      49.40385437011719,
      51.301246643066406,
      36.355796813964844,
      36.62650680541992,
      27.959619522094727,
      26.914596557617188,
      6.878673076629639,
      6.483419895172119
    ],
    [
      16.14824867248535,
      10.682901382446289,
      11.065906524658203,
      11.187981605529785,
      5.815189838409424,
      8.745418548583984,
      4.781815528869629,
      5.024437427520752,
      10.847065925598145,
      11.094204902648926,
      14.251798629760742,
      13.304830551147461,
      11.019865989685059,
      9.68343448638916,
      8.36602783203125,
      6.878673076629639,
      2.2746520042419434,
      1.9280580282211304
    ],
    [
      15.037837982177734,
      9.781965255737305,
      9.200345993041992,
      9.964144706726074,
      3.438171148300171,
      6.724874973297119,
      2.6558308601379395,
      3.778809070587158,
      8.117952346801758,
      9.496996879577637,
      11.619967460632324,
      12.029077529907227,
      8.823128700256348,
      8.851298332214355,
      6.673083305358887,
      6.483419895172119,
      1.9280580282211304,
      1.8801246881484985
    ]
  ],
  "covariance_short": [
    [
      255.5679931640625,
      150.66995239257812,
      161.92050170898438,
      176.2875213623047,
      69.7293701171875,
      111.52119445800781,
      22.954004287719727,
      41.36379623413086,
      158.2222137451172,
      176.45608520507812,
      158.05662536621094,
      168.86041259765625,
      126.25172424316406,
      126.75204467773438,
      61.72409439086914,
      60.24135208129883,
      16.103118896484375,
      14.520747184753418
    ],
    [
      150.66995239257812,
      96.97528839111328,
      100.10088348388672,
      110.07775115966797,
      56.81578826904297,
      76.51225280761719,
      21.25492286682129,
      30.932937622070312,
      92.619384765625,
      102.63130950927734,
      98.59799194335938,
      105.32017517089844,
      76.99853515625,
      76.47718811035156,
      38.49760055541992,
      36.99710464477539,
      9.730649948120117,
      8.626408576965332
    ],
    [
      161.92050170898438,
      100.10088348388672,
      144.74044799804688,
      129.80630493164062,
      66.14688873291016,
      107.4959487915039,
      58.63186264038086,
      48.521446228027344,
      124.11123657226562,
      116.86221313476562,
      121.64813995361328,
      116.7655029296875,
      91.37020111083984,
      84.0794448852539,
      46.998226165771484,
      40.8432502746582,
      11.727992057800293,
      9.72227954864502
    ],
    [
      176.2875213623047,
      110.07775115966797,
      129.80630493164062,
      138.3321533203125,
      62.24774932861328,
      99.6211166381836,
      39.63361740112305,
      43.481361389160156,
      117.03887176513672,
      123.08615112304688,
      118.32601928710938,
      123.30207061767578,
      90.65040588378906,
      89.67803955078125,
      45.079959869384766,
      42.88592529296875,
      11.539539337158203,
      10.163553237915039
    ],
    [
      69.7293701171875,
      56.81578826904297,
      66.14688873291016,
      62.24774932861328,
      110.67881774902344,
      84.74667358398438,
      66.69145202636719,
      46.0181999206543,
      78.15715026855469,
      58.91350555419922,
      90.8543472290039,
      71.8266830444336,
      63.48546600341797,
      46.235286712646484,
      34.656925201416016,
      22.18918228149414,
      7.160767555236816,
      4.857223987579346
    ],
    [
      111.52119445800781,
      76.51225280761719,
      107.4959487915039,
      99.6211166381836,
      84.74667358398438,
      134.09474182128906,
      86.5862808227539,
      70.18734741210938,
      111.84239196777344,
      97.98477935791016,
      113.2513198852539,
      101.17146301269531,
      75.9562759399414,
      65.12384796142578,
      39.32232666015625,
      31.758920669555664,
      8.70988941192627,
      7.0850067138671875
    ],
    [
      22.954004287719727,
      21.25492286682129,
      58.63186264038086,
      39.63361740112305,
      66.69145202636719,
      86.5862808227539,
      110.7976303100586,
      66.1287612915039,
      73.29876708984375,
      40.579689025878906,
      67.9857177734375,
      40.823829650878906,
      39.868831634521484,
      22.087894439697266,
      25.062898635864258,
      13.061210632324219,
      4.884931564331055,
      2.940617799758911
    ],
    [
      41.36379623413086,
      30.932937622070312,
      48.521446228027344,
      43.481361389160156,
      46.0181999206543,
      70.18734741210938,
      66.1287612915039,
      56.97520065307617,
      57.912841796875,
      46.915771484375,
      57.18867874145508,
      47.668819427490234,
      35.63475799560547,
      28.675743103027344,
      20.970510482788086,
      15.744880676269531,
      4.401965141296387,
      3.4589195251464844
    ],
    [
      158.2222137451172,
      92.619384765625,
      124.11123657226562,
      117.03887176513672,
      78.15715026855469,
      111.84239196777344,
      73.29876708984375,
      57.912841796875,
      177.2228546142578,
      148.56158447265625,
      132.75640869140625,
      114.42227935791016,
      104.2990493774414,
      84.96424102783203,
      43.458065032958984,
      31.587718963623047,
      10.620344161987305,
      8.032402038574219
    ],
    [
      176.45608520507812,
      102.63130950927734,
      116.86221313476562,
      123.08615112304688,
      58.91350555419922,
      97.98477935791016,
      40.579689025878906,
      46.915771484375,
      148.56158447265625,
      159.88662719726562,
      122.16447448730469,
      120.45236206054688,
      96.88533782958984,
      90.90597534179688,
      41.552494049072266,
      37.3244514465332,
      10.608935356140137,
      9.17438793182373
    ],
    [
      158.05662536621094,
      98.59799194335938,
      121.64813995361328,
      118.32601928710938,
      90.8543472290039,
      113.2513198852539,
      67.9857177734375,
      57.18867874145508,
      132.75640869140625,
      122.16447448730469,
      148.4766845703125,
      128.62310791015625,
      106.08616638183594,
      89.56884002685547,
      60.99264144897461,
      48.16835403442383,
      13.8251314163208,
      11.250223159790039
    ],
    [
      168.86041259765625,
      105.32017517089844,
      116.7655029296875,
      123.30207061767578,
      71.8266830444336,
      101.17146301269531,
      40.823829650878906,
      47.668819427490234,
      114.42227935791016,
      120.45236206054688,
      128.62310791015625,
      132.19505310058594,
      95.51451110839844,
      91.72103881835938,
      52.817291259765625,
      48.708595275878906,
      12.577496528625488,
      11.281506538391113
    ],
    [
      126.25172424316406,
      76.99853515625,
      91.37020111083984,
      90.65040588378906,
      63.48546600341797,
      75.9562759399414,
      39.868831634521484,
      35.63475799560547,
      104.2990493774414,
      96.88533782958984,
      106.08616638183594,
      95.51451110839844,
      86.48658752441406,
      70.36432647705078,
      45.89467239379883,
      35.669376373291016,
      10.793500900268555,
      8.587200164794922
    ],
    [
      126.75204467773438,
      76.47718811035156,
      84.0794448852539,
      89.67803955078125,
      46.235286712646484,
      65.12384796142578,
      22.087894439697266,
      28.675743103027344,
      84.96424102783203,
      90.90597534179688,
      89.56884002685547,
      91.72103881835938,
      70.36432647705078,
      69.8919677734375,
      37.15043258666992,
      34.7936897277832,
      9.10831069946289,
      8.265702247619629
    ],
    [
      61.72409439086914,
      38.49760055541992,
      46.998226165771484,
      45.079959869384766,
      34.656925201416016,
      39.32232666015625,
      25.062898635864258,
      20.970510482788086,
      43.458065032958984,
      41.552494049072266,
      60.99264144897461,
      52.817291259765625,
      45.89467239379883,
      37.15043258666992,
      36.46001052856445,
      27.272768020629883,
      8.129218101501465,
      6.4707746505737305
    ],
    [
      60.24135208129883,
      36.99710464477539,
      40.8432502746582,
      42.88592529296875,
      22.18918228149414,
      31.758920669555664,
      13.061210632324219,
      15.744880676269531,
      31.587718963623047,
      37.3244514465332,
      48.16835403442383,
      48.708595275878906,
      35.669376373291016,
      34.7936897277832,
      27.272768020629883,
      26.137094497680664,
      6.474677562713623,
      6.095673084259033
    ],
    [
      16.103118896484375,
      9.730649948120117,
      11.727992057800293,
      11.539539337158203,
      7.160767555236816,
      8.70988941192627,
      4.884931564331055,
      4.401965141296387,
      10.620344161987305,
      10.608935356140137,
      13.8251314163208,
      12.577496528625488,
      10.793500900268555,
      9.10831069946289,
      8.129218101501465,
      6.474677562713623,
      2.357980489730835,
      1.8551900386810303
    ],
    [
      14.520747184753418,
      8.626408576965332,
      9.72227954864502,
      10.163553237915039,
      4.857223987579346,
      7.0850067138671875,
      2.940617799758911,
      3.4589195251464844,
      8.032402038574219,
      9.17438793182373,
      11.250223159790039,
      11.281506538391113,
      8.587200164794922,
      8.265702247619629,
      6.4707746505737305,
      6.095673084259033,
      1.8551900386810303,
      1.8198612928390503
    ]
  ],
  "damage": -24.013525009155273,
  "diff_bandwidth": 771.2728881835938,
  "dissonance": 2.3980184234657727,
  "drr": -2.2052998542785645,
  "dynamics": 7.488628387451172,
  "format": 1245190,
  "frames": 1530816,
  "loudness": -34.05878448486328,
  "loudness_range": 24.65498924255371,
  "loudness_range_short": 26.133729934692383,
  "lowpass_true_peak_15khz": -14.069600105285645,
  "mastering3_acoustic_entropies": [
    {
      "acoustic_entropy": 8.752022743225098,
      "acoustic_entropy_mono": 8.260208129882812,
      "band_eliminated_acoustic_entropies": [
        {
          "acoustic_entropy": 8.745498657226562,
          "acoustic_entropy_side": 8.752694129943848,
          "hz": 129.47220167065723
        },
        {
          "acoustic_entropy": 8.798518180847168,
          "acoustic_entropy_side": 8.772382736206055,
          "hz": 202.92927478742237
        },
        {
          "acoustic_entropy": 8.900732040405273,
          "acoustic_entropy_side": 8.848416328430176,
          "hz": 282.89161906338205
        },
        {
          "acoustic_entropy": 8.920174598693848,
          "acoustic_entropy_side": 8.797187805175781,
          "hz": 369.9353335868758
        },
        {
          "acoustic_entropy": 8.34668254852295,
          "acoustic_entropy_side": 8.724119186401367,
          "hz": 464.6875360973435
        },
        {
          "acoustic_entropy": 8.73382568359375,
          "acoustic_entropy_side": 8.868200302124023,
          "hz": 567.8308811364784
        },
        {
          "acoustic_entropy": 8.10220718383789,
          "acoustic_entropy_side": 8.6577787399292,
          "hz": 680.1084783214808
        },
        {
          "acoustic_entropy": 8.66896915435791,
          "acoustic_entropy_side": 7.968271732330322,
          "hz": 802.3292461747484
        },
        {
          "acoustic_entropy": 8.954830169677734,
          "acoustic_entropy_side": 8.298505783081055,
          "hz": 935.3737400823702
        },
        {
          "acoustic_entropy": 8.035833358764648,
          "acoustic_entropy_side": 8.779945373535156,
          "hz": 1080.2004963696966
        },
        {
          "acoustic_entropy": 8.408232688903809,
          "acoustic_entropy_side": 8.759788513183594,
          "hz": 1237.8529382007157
        },
        {
          "acoustic_entropy": 8.426604270935059,
          "acoustic_entropy_side": 8.74190616607666,
          "hz": 1409.4668930556702
        },
        {
          "acoustic_entropy": 8.661833763122559,
          "acoustic_entropy_side": 8.87875747680664,
          "hz": 1596.2787759475705
        },
        {
          "acoustic_entropy": 9.130383491516113,
          "acoustic_entropy_side": 8.963350296020508,
          "hz": 1799.6344973346393
        },
        {
          "acoustic_entropy": 7.291753768920898,
          "acoustic_entropy_side": 9.021432876586914,
          "hz": 2020.9991599069049
        },
        {
          "acoustic_entropy": 8.320333480834961,
          "acoustic_entropy_side": 8.701412200927734,
          "hz": 2261.9676141086993
        },
        {
          "acoustic_entropy": 8.754751205444336,
          "acoustic_entropy_side": 8.800040245056152,
          "hz": 2524.2759484456974
        },
        {
          "acoustic_entropy": 8.441365242004395,
          "acoustic_entropy_side": 8.809450149536133,
          "hz": 2809.813997359896
        },
        {
          "acoustic_entropy": 9.064603805541992,
          "acoustic_entropy_side": 8.768240928649902,
          "hz": 3120.6389567871424
        },
        {
          "acoustic_entropy": 8.905879020690918,
          "acoustic_entropy_side": 8.928608894348145,
          "hz": 3458.990205492291
        },
        {
          "acoustic_entropy": 8.741536140441895,
          "acoustic_entropy_side": 8.82629680633545,
          "hz": 3827.305438964164
        },
        {
          "acoustic_entropy": 8.867886543273926,
          "acoustic_entropy_side": 8.786538124084473,
          "hz": 4228.238232109126
        },
        {
          "acoustic_entropy": 8.760830879211426,
          "acoustic_entropy_side": 8.757856369018555,
          "hz": 4664.6771572759235
        },
        {
          "acoustic_entropy": 8.77569580078125,
          "acoustic_entropy_side": 8.758750915527344,
          "hz": 5139.766595350093
        },
        {
          "acoustic_entropy": 8.558367729187012,
          "acoustic_entropy_side": 8.758898735046387,
          "hz": 5656.929389854203
        },
        {
          "acoustic_entropy": 8.756481170654297,
          "acoustic_entropy_side": 8.755112648010254,
          "hz": 6219.891507268283
        },
        {
          "acoustic_entropy": 8.71117877960205,
          "acoustic_entropy_side": 8.73375129699707,
          "hz": 6832.70888123896
        },
        {
          "acoustic_entropy": 8.69526195526123,
          "acoustic_entropy_side": 8.746185302734375,
          "hz": 7499.796634079867
        },
        {
          "acoustic_entropy": 8.406970024108887,
          "acoustic_entropy_side": 8.72188949584961,
          "hz": 8225.96088609342
        },
        {
          "acoustic_entropy": 8.75909423828125,
          "acoustic_entropy_side": 8.754329681396484,
          "hz": 9016.43338188839
        },
        {
          "acoustic_entropy": 8.734378814697266,
          "acoustic_entropy_side": 8.748812675476074,
          "hz": 9876.909183162974
        },
        {
          "acoustic_entropy": 8.770294189453125,
          "acoustic_entropy_side": 8.761725425720215,
          "hz": 10813.587699516042
        },
        {
          "acoustic_entropy": 8.759057998657227,
          "acoustic_entropy_side": 8.754157066345215,
          "hz": 11833.21735289826
        },
        {
          "acoustic_entropy": 8.751829147338867,
          "acoustic_entropy_side": 8.751904487609863,
          "hz": 12943.144197493959
        },
        {
          "acoustic_entropy": 8.752004623413086,
          "acoustic_entropy_side": 8.752018928527832,
          "hz": 14151.364845322005
        },
        {
          "acoustic_entropy": 8.752043724060059,
          "acoustic_entropy_side": 8.752053260803223,
          "hz": 15466.58407886509
        },
        {
          "acoustic_entropy": 8.752045631408691,
          "acoustic_entropy_side": 8.752036094665527,
          "hz": 16898.27756580493
        },
        {
          "acoustic_entropy": 8.75202465057373,
          "acoustic_entropy_side": 8.752021789550781,
          "hz": 18456.760127700032
        },
        {
          "acoustic_entropy": 8.752022743225098,
          "acoustic_entropy_side": 8.752022743225098,
          "hz": 20153.260054456492
        },
        {
          "acoustic_entropy": 8.752022743225098,
          "acoustic_entropy_side": 8.752022743225098,
          "hz": 22000.00000000001
        }
      ],
      "diff_acoustic_entropy": 3.3502492904663086,
      "sn": 6
    },
    {
      "acoustic_entropy": 13.28545093536377,
      "acoustic_entropy_mono": 12.419188499450684,
      "band_eliminated_acoustic_entropies": [
        {
          "acoustic_entropy": 13.127298355102539,
          "acoustic_entropy_side": 13.286625862121582,
          "hz": 129.47220167065723
        },
        {
          "acoustic_entropy": 13.090887069702148,
          "acoustic_entropy_side": 13.270028114318848,
          "hz": 202.92927478742237
        },
        {
          "acoustic_entropy": 13.2359619140625,
          "acoustic_entropy_side": 13.26806354522705,
          "hz": 282.89161906338205
        },
        {
          "acoustic_entropy": 13.231375694274902,
          "acoustic_entropy_side": 13.228582382202148,
          "hz": 369.9353335868758
        },
        {
          "acoustic_entropy": 13.412548065185547,
          "acoustic_entropy_side": 13.140233039855957,
          "hz": 464.6875360973435
        },
        {
          "acoustic_entropy": 13.241705894470215,
          "acoustic_entropy_side": 13.535981178283691,
          "hz": 567.8308811364784
        },
        {
          "acoustic_entropy": 13.038189888000488,
          "acoustic_entropy_side": 13.229372024536133,
          "hz": 680.1084783214808
        },
        {
          "acoustic_entropy": 13.444035530090332,
          "acoustic_entropy_side": 12.673704147338867,
          "hz": 802.3292461747484
        },
        {
          "acoustic_entropy": 12.765247344970703,
          "acoustic_entropy_side": 13.776920318603516,
          "hz": 935.3737400823702
        },
        {
          "acoustic_entropy": 13.468478202819824,
          "acoustic_entropy_side": 13.417458534240723,
          "hz": 1080.2004963696966
        },
        {
          "acoustic_entropy": 13.430350303649902,
          "acoustic_entropy_side": 13.3565673828125,
          "hz": 1237.8529382007157
        },
        {
          "acoustic_entropy": 12.86711311340332,
          "acoustic_entropy_side": 13.324187278747559,
          "hz": 1409.4668930556702
        },
        {
          "acoustic_entropy": 12.91382122039795,
          "acoustic_entropy_side": 13.051056861877441,
          "hz": 1596.2787759475705
        },
        {
          "acoustic_entropy": 13.374094009399414,
          "acoustic_entropy_side": 13.146632194519043,
          "hz": 1799.6344973346393
        },
        {
          "acoustic_entropy": 11.514768600463867,
          "acoustic_entropy_side": 13.150575637817383,
          "hz": 2020.9991599069049
        },
        {
          "acoustic_entropy": 12.81005573272705,
          "acoustic_entropy_side": 13.460661888122559,
          "hz": 2261.9676141086993
        },
        {
          "acoustic_entropy": 13.316158294677734,
          "acoustic_entropy_side": 13.228294372558594,
          "hz": 2524.2759484456974
        },
        {
          "acoustic_entropy": 12.860078811645508,
          "acoustic_entropy_side": 13.260342597961426,
          "hz": 2809.813997359896
        },
        {
          "acoustic_entropy": 13.489514350891113,
          "acoustic_entropy_side": 13.420889854431152,
          "hz": 3120.6389567871424
        },
        {
          "acoustic_entropy": 13.443411827087402,
          "acoustic_entropy_side": 13.56680679321289,
          "hz": 3458.990205492291
        },
        {
          "acoustic_entropy": 13.027390480041504,
          "acoustic_entropy_side": 12.895492553710938,
          "hz": 3827.305438964164
        },
        {
          "acoustic_entropy": 13.374101638793945,
          "acoustic_entropy_side": 13.12758731842041,
          "hz": 4228.238232109126
        },
        {
          "acoustic_entropy": 13.29434585571289,
          "acoustic_entropy_side": 13.308497428894043,
          "hz": 4664.6771572759235
        },
        {
          "acoustic_entropy": 13.284485816955566,
          "acoustic_entropy_side": 13.291180610656738,
          "hz": 5139.766595350093
        },
        {
          "acoustic_entropy": 13.159256935119629,
          "acoustic_entropy_side": 13.24963092803955,
          "hz": 5656.929389854203
        },
        {
          "acoustic_entropy": 13.266690254211426,
          "acoustic_entropy_side": 13.291078567504883,
          "hz": 6219.891507268283
        },
        {
          "acoustic_entropy": 13.278375625610352,
          "acoustic_entropy_side": 13.294830322265625,
          "hz": 6832.70888123896
        },
        {
          "acoustic_entropy": 13.308847427368164,
          "acoustic_entropy_side": 13.295845031738281,
          "hz": 7499.796634079867
        },
        {
          "acoustic_entropy": 13.103501319885254,
          "acoustic_entropy_side": 13.261271476745605,
          "hz": 8225.96088609342
        },
        {
          "acoustic_entropy": 13.2564115524292,
          "acoustic_entropy_side": 13.28724479675293,
          "hz": 9016.43338188839
        },
        {
          "acoustic_entropy": 13.288192749023438,
          "acoustic_entropy_side": 13.284856796264648,
          "hz": 9876.909183162974
        },
        {
          "acoustic_entropy": 13.347163200378418,
          "acoustic_entropy_side": 13.328397750854492,
          "hz": 10813.587699516042
        },
        {
          "acoustic_entropy": 13.289783477783203,
          "acoustic_entropy_side": 13.28746223449707,
          "hz": 11833.21735289826
        },
        {
          "acoustic_entropy": 13.285849571228027,
          "acoustic_entropy_side": 13.285831451416016,
          "hz": 12943.144197493959
        },
        {
          "acoustic_entropy": 13.285771369934082,
          "acoustic_entropy_side": 13.285656929016113,
          "hz": 14151.364845322005
        },
        {
          "acoustic_entropy": 13.286157608032227,
          "acoustic_entropy_side": 13.28586196899414,
          "hz": 15466.58407886509
        },
        {
          "acoustic_entropy": 13.285734176635742,
          "acoustic_entropy_side": 13.285606384277344,
          "hz": 16898.27756580493
        },
        {
          "acoustic_entropy": 13.285433769226074,
          "acoustic_entropy_side": 13.285443305969238,
          "hz": 18456.760127700032
        },
        {
          "acoustic_entropy": 13.285449028015137,
          "acoustic_entropy_side": 13.28545093536377,
          "hz": 20153.260054456492
        },
        {
          "acoustic_entropy": 13.285451889038086,
          "acoustic_entropy_side": 13.285451889038086,
          "hz": 22000.00000000001
        }
      ],
      "diff_acoustic_entropy": 5.550468921661377,
      "sn": 12
    },
    {
      "acoustic_entropy": 19.604259490966797,
      "acoustic_entropy_mono": 19.044235229492188,
      "band_eliminated_acoustic_entropies": [
        {
          "acoustic_entropy": 19.603010177612305,
          "acoustic_entropy_side": 19.543745040893555,
          "hz": 129.47220167065723
        },
        {
          "acoustic_entropy": 19.797374725341797,
          "acoustic_entropy_side": 19.688255310058594,
          "hz": 202.92927478742237
        },
        {
          "acoustic_entropy": 19.737871170043945,
          "acoustic_entropy_side": 19.586063385009766,
          "hz": 282.89161906338205
        },
        {
          "acoustic_entropy": 19.550168991088867,
          "acoustic_entropy_side": 19.713150024414062,
          "hz": 369.9353335868758
        },
        {
          "acoustic_entropy": 20.51586151123047,
          "acoustic_entropy_side": 20.239192962646484,
          "hz": 464.6875360973435
        },
        {
          "acoustic_entropy": 20.025165557861328,
          "acoustic_entropy_side": 20.491790771484375,
          "hz": 567.8308811364784
        },
        {
          "acoustic_entropy": 20.215377807617188,
          "acoustic_entropy_side": 19.546350479125977,
          "hz": 680.1084783214808
        },
        {
          "acoustic_entropy": 20.646207809448242,
          "acoustic_entropy_side": 20.895780563354492,
          "hz": 802.3292461747484
        },
        {
          "acoustic_entropy": 20.783275604248047,
          "acoustic_entropy_side": 20.545833587646484,
          "hz": 935.3737400823702
        },
        {
          "acoustic_entropy": 19.98023796081543,
          "acoustic_entropy_side": 19.92194938659668,
          "hz": 1080.2004963696966
        },
        {
          "acoustic_entropy": 20.198144912719727,
          "acoustic_entropy_side": 20.305356979370117,
          "hz": 1237.8529382007157
        },
        {
          "acoustic_entropy": 19.589567184448242,
          "acoustic_entropy_side": 19.651304244995117,
          "hz": 1409.4668930556702
        },
        {
          "acoustic_entropy": 20.09684944152832,
          "acoustic_entropy_side": 19.614070892333984,
          "hz": 1596.2787759475705
        },
        {
          "acoustic_entropy": 19.876890182495117,
          "acoustic_entropy_side": 19.305328369140625,
          "hz": 1799.6344973346393
        },
        {
          "acoustic_entropy": 18.84585952758789,
          "acoustic_entropy_side": 19.79069709777832,
          "hz": 2020.9991599069049
        },
        {
          "acoustic_entropy": 20.234283447265625,
          "acoustic_entropy_side": 19.725303649902344,
          "hz": 2261.9676141086993
        },
        {
          "acoustic_entropy": 19.80813217163086,
          "acoustic_entropy_side": 19.600727081298828,
          "hz": 2524.2759484456974
        },
        {
          "acoustic_entropy": 19.36189842224121,
          "acoustic_entropy_side": 19.809635162353516,
          "hz": 2809.813997359896
        },
        {
          "acoustic_entropy": 20.367048263549805,
          "acoustic_entropy_side": 19.477142333984375,
          "hz": 3120.6389567871424
        },
        {
          "acoustic_entropy": 19.28148078918457,
