{
  "acoustic_entropy": 230.35018920898438,
  "bands": [
    {
      "high_freq": 148.1999969482422,
      "loudness": -22.808605194091797,
      "loudness_range": 8.034420013427734,
      "mid_mean": -19.23792266845703,
      "mid_to_side_loudness": -17.07192039489746,
      "mid_to_side_loudness_range": 16.00836181640625,
      "side_mean": -37.18294906616211
    },
    {
      "high_freq": 392.3793640136719,
      "loudness": -20.324899673461914,
      "loudness_range": 6.9253387451171875,
      "low_freq": 148.1999969482422,
      "mid_mean": -17.03518295288086,
      "mid_to_side_loudness": -10.810861587524414,
      "mid_to_side_loudness_range": 9.170076370239258,
      "side_mean": -28.023672103881836
    },
    {
      "high_freq": 794.6976318359375,
      "loudness": -24.060453414916992,
      "loudness_range": 9.6309814453125,
      "low_freq": 392.3793640136719,
      "mid_mean": -21.236919403076172,
      "mid_to_side_loudness": -7.587891101837158,
      "mid_to_side_loudness_range": 11.475421905517578,
      "side_mean": -28.988178253173828
    },
    {
      "high_freq": 1457.5709228515625,
      "loudness": -25.8737850189209,
      "loudness_range": 15.438344955444336,
      "low_freq": 794.6976318359375,
      "mid_mean": -23.326913833618164,
      "mid_to_side_loudness": -6.70124626159668,
      "mid_to_side_loudness_range": 13.641816139221191,
      "side_mean": -30.11576271057129
    },
    {
      "high_freq": 2549.74365234375,
      "loudness": -26.218320846557617,
      "loudness_range": 15.464054107666016,
      "low_freq": 1457.5709228515625,
      "mid_mean": -23.515100479125977,
      "mid_to_side_loudness": -7.1055006980896,
      "mid_to_side_loudness_range": 12.489039421081543,
      "side_mean": -30.72000503540039
    },
    {
      "high_freq": 4349.24462890625,
      "loudness": -25.03932762145996,
      "loudness_range": 13.526037216186523,
      "low_freq": 2549.74365234375,
      "mid_mean": -22.19702911376953,
      "mid_to_side_loudness": -7.833762168884277,
      "mid_to_side_loudness_range": 11.765543937683105,
      "side_mean": -30.165010452270508
    },
    {
      "high_freq": 7314.1640625,
      "loudness": -26.644084930419922,
      "loudness_range": 10.009969711303711,
      "low_freq": 4349.24462890625,
      "mid_mean": -23.884593963623047,
      "mid_to_side_loudness": -6.647167205810547,
      "mid_to_side_loudness_range": 7.043989181518555,
      "side_mean": -30.63222885131836
    },
    {
      "high_freq": 12199.2666015625,
      "loudness": -25.7769718170166,
      "loudness_range": 8.211273193359375,
      "low_freq": 7314.1640625,
      "mid_mean": -22.81671142578125,
      "mid_to_side_loudness": -7.742172718048096,
      "mid_to_side_loudness_range": 6.6493048667907715,
      "side_mean": -30.66213607788086
    },
    {
      "loudness": -27.646987915039062,
      "loudness_range": 8.110820770263672,
      "low_freq": 12199.2666015625,
      "mid_mean": -24.525741577148438,
      "mid_to_side_loudness": -8.644598007202148,
      "mid_to_side_loudness_range": 6.946926116943359,
      "side_mean": -33.367759704589844
    }
  ],
  "bands_short": [
    {
      "high_freq": 148.1999969482422,
      "loudness": -26.468217849731445,
      "loudness_range": 17.09819221496582,
      "mid_mean": -22.898971557617188,
      "mid_to_side_loudness": -17.17516326904297,
      "mid_to_side_loudness_range": 22.655284881591797,
      "side_mean": -41.32670974731445
    },
    {
      "high_freq": 392.3793640136719,
      "loudness": -20.803911209106445,
      "loudness_range": 11.90254020690918,
      "low_freq": 148.1999969482422,
      "mid_mean": -17.62004852294922,
      "mid_to_side_loudness": -10.759815216064453,
      "mid_to_side_loudness_range": 14.556211471557617,
      "side_mean": -28.621559143066406
    },
    {
      "high_freq": 794.6976318359375,
      "loudness": -25.7100887298584,
      "loudness_range": 14.760705947875977,
      "low_freq": 392.3793640136719,
      "mid_mean": -23.247873306274414,
      "mid_to_side_loudness": -6.702679634094238,
      "mid_to_side_loudness_range": 15.351885795593262,
      "side_mean": -30.10601234436035
    },
    {
      "high_freq": 1457.5709228515625,
      "loudness": -26.879161834716797,
      "loudness_range": 19.191614151000977,
      "low_freq": 794.6976318359375,
      "mid_mean": -24.656513214111328,
      "mid_to_side_loudness": -6.093517780303955,
      "mid_to_side_loudness_range": 16.955726623535156,
      "side_mean": -30.932981491088867
    },
    {
      "high_freq": 2549.74365234375,
      "loudness": -28.023832321166992,
      "loudness_range": 19.793670654296875,
      "low_freq": 1457.5709228515625,
      "mid_mean": -25.688207626342773,
      "mid_to_side_loudness": -6.059902667999268,
      "mid_to_side_loudness_range": 15.400715827941895,
      "side_mean": -31.90003204345703
    },
    {
      "high_freq": 4349.24462890625,
      "loudness": -26.665300369262695,
      "loudness_range": 18.527286529541016,
      "low_freq": 2549.74365234375,
      "mid_mean": -24.060291290283203,
      "mid_to_side_loudness": -7.203579902648926,
      "mid_to_side_loudness_range": 15.0343656539917,
      "side_mean": -31.461410522460938
    },
    {
      "high_freq": 7314.1640625,
      "loudness": -29.068721771240234,
      "loudness_range": 18.00288963317871,
      "low_freq": 4349.24462890625,
      "mid_mean": -26.48421287536621,
      "mid_to_side_loudness": -6.333172798156738,
      "mid_to_side_loudness_range": 10.274531364440918,
      "side_mean": -32.927406311035156
    },
    {
      "high_freq": 12199.2666015625,
      "loudness": -29.285381317138672,
      "loudness_range": 19.94028663635254,
      "low_freq": 7314.1640625,
      "mid_mean": -26.43501091003418,
      "mid_to_side_loudness": -7.7554545402526855,
      "mid_to_side_loudness_range": 10.81690502166748,
      "side_mean": -34.435508728027344
    },
    {
      "loudness": -32.89121627807617,
      "loudness_range": 24.612157821655273,
      "low_freq": 12199.2666015625,
      "mid_mean": -29.90536880493164,
      "mid_to_side_loudness": -8.204615592956543,
      "mid_to_side_loudness_range": 9.291441917419434,
      "side_mean": -38.460941314697266
    }
  ],
  "bandwidth": 793.2071533203125,
  "channels": 2,
  "covariance": [
    [
      17.1061954498291,
      6.568419933319092,
      2.330916166305542,
      2.6538209915161133,
      1.083931565284729,
      1.4384689331054688,
      1.7799826860427856,
      0.28074949979782104,
      1.1555113792419434,
      0.02094583585858345,
      0.44424745440483093,
      -0.05124087259173393,
      -1.005293369293213,
      -0.7265198826789856,
      1.221347689628601,
      0.4262211322784424,
      3.531125783920288,
      2.0710110664367676
    ],
    [
      6.568419933319092,
      17.6502685546875,
      3.366936445236206,
      5.912429332733154,
      2.6776957511901855,
      2.9945099353790283,
      4.7441558837890625,
      0.5913017392158508,
      4.170974254608154,
      2.5153064727783203,
      2.7247986793518066,
      2.1953322887420654,
      0.7929973006248474,
      1.2997784614562988,
      2.081059217453003,
      2.1419942378997803,
      4.653814792633057,
      2.9749081134796143
    ],
    [
      2.330916166305542,
      3.366936445236206,
      9.236652374267578,
      3.8355891704559326,
      3.8571183681488037,
      1.9892871379852295,
      1.0259205102920532,
      -0.9562157988548279,
      1.1420122385025024,
      -0.7531745433807373,
      1.1860568523406982,
      -1.0513705015182495,
      1.5146313905715942,
      -0.5457918643951416,
      2.385340929031372,
      0.31396687030792236,
      5.086631774902344,
      3.3834340572357178
    ],
    [
      2.6538209915161133,
      5.912429332733154,
      3.8355891704559326,
      8.16286849975586,
      2.5296201705932617,
      4.813229084014893,
      3.654789447784424,
      3.536390781402588,
      3.7817091941833496,
      3.8664801120758057,
      2.806703805923462,
      3.0954275131225586,
      1.1777050495147705,
      1.4180244207382202,
      0.9279085993766785,
      0.6456084251403809,
      1.5812708139419556,
      0.9599184393882751
    ],
    [
      1.083931565284729,
      2.6776957511901855,
      3.8571183681488037,
      2.5296201705932617,
      13.963733673095703,
      4.4997711181640625,
      13.265950202941895,
      3.680144786834717,
      11.97875690460205,
      4.88176155090332,
      9.20647144317627,
      3.7789745330810547,
      3.7178502082824707,
      2.7021548748016357,
      2.8097805976867676,
      2.1265342235565186,
      3.303882598876953,
      2.5111169815063477
    ],
    [
      1.4384689331054688,
      2.9945099353790283,
      1.9892871379852295,
      4.813229084014893,
      4.4997711181640625,
      9.545783042907715,
      7.602569580078125,
      8.404335975646973,
      6.551427841186523,
      8.50075912475586,
      5.393093109130859,
      7.490220546722412,
      3.1138556003570557,
      4.277315139770508,
      0.610685408115387,
      1.2615803480148315,
      -0.6191229820251465,
      -0.20455306768417358
    ],
    [
      1.7799826860427856,
      4.7441558837890625,
      1.0259205102920532,
      3.654789447784424,
      13.265950202941895,
      7.602569580078125,
      34.01002883911133,
      14.929366111755371,
      25.509809494018555,
      16.23299789428711,
      18.13398551940918,
      13.305728912353516,
      6.795618534088135,
      7.711465835571289,
      2.621476173400879,
      4.84315824508667,
      0.0660400316119194,
      0.6766393184661865
    ],
    [
      0.28074949979782104,
      0.5913017392158508,
      -0.9562157988548279,
      3.536390781402588,
      3.680144786834717,
      8.404335975646973,
      14.929366111755371,
      18.597585678100586,
      12.649685859680176,
      16.5443115234375,
      9.742555618286133,
      14.814343452453613,
      5.4253315925598145,
      8.872228622436523,
      -0.5948500633239746,
      3.3004751205444336,
      -4.8837127685546875,
      -2.0898826122283936
    ],
    [
      1.1555113792419434,
      4.170974254608154,
      1.1420122385025024,
      3.7817091941833496,
      11.97875690460205,
      6.551427841186523,
      25.509809494018555,
      12.649685859680176,
      33.172550201416016,
      17.84547996520996,
      23.371028900146484,
      14.162304878234863,
      9.794034004211426,
      8.640861511230469,
      4.0844831466674805,
      5.230039119720459,
      0.660849392414093,
      1.2417875528335571
    ],
    [
      0.02094583585858345,
      2.5153064727783203,
      -0.7531745433807373,
      3.8664801120758057,
      4.88176155090332,
      8.50075912475586,
      16.23299789428711,
      16.5443115234375,
      17.84547996520996,
      20.394775390625,
      13.539207458496094,
      17.76021957397461,
      7.728005409240723,
      11.021865844726562,
      0.5606325268745422,
      4.911104202270508,
      -4.319249629974365,
      -1.2501829862594604
    ],
    [
      0.44424745440483093,
      2.7247986793518066,
      1.1860568523406982,
      2.806703805923462,
      9.20647144317627,
      5.393093109130859,
      18.13398551940918,
      9.742555618286133,
      23.371028900146484,
      13.539207458496094,
      25.385486602783203,
      12.800296783447266,
      10.473320007324219,
      7.910580635070801,
      4.557476043701172,
      4.981565952301025,
      0.9048524498939514,
      1.671829342842102
    ],
    [
      -0.05124087259173393,
      2.1953322887420654,
      -1.0513705015182495,
      3.0954275131225586,
      3.7789745330810547,
      7.490220546722412,
      13.305728912353516,
      14.814343452453613,
      14.162304878234863,
      17.76021957397461,
      12.800296783447266,
      17.94998550415039,
      7.586258888244629,
      11.526860237121582,
      0.955013632774353,
      5.689693450927734,
      -4.087690353393555,
      -0.5421665906906128
    ],
    [
      -1.005293369293213,
      0.7929973006248474,
      1.5146313905715942,
      1.1777050495147705,
      3.7178502082824707,
      3.1138556003570557,
      6.795618534088135,
      5.4253315925598145,
      9.794034004211426,
      7.728005409240723,
      10.473320007324219,
      7.586258888244629,
      12.740781784057617,
      8.219931602478027,
      7.315512657165527,
      6.672942161560059,
      3.7363028526306152,
      4.307789325714111
    ],
    [
      -0.7265198826789856,
      1.2997784614562988,
      -0.5457918643951416,
      1.4180244207382202,
      2.7021548748016357,
      4.277315139770508,
      7.711465835571289,
      8.872228622436523,
      8.640861511230469,
      11.021865844726562,
      7.910580635070801,
      11.526860237121582,
      8.219931602478027,
      11.011767387390137,
      3.5228629112243652,
      7.318387508392334,
      -0.14280788600444794,
      2.7437336444854736
    ],
    [
      1.221347689628601,
      2.081059217453003,
      2.385340929031372,
      0.9279085993766785,
      2.8097805976867676,
      0.610685408115387,
      2.621476173400879,
      -0.5948500633239746,
      4.0844831466674805,
      0.5606325268745422,
      4.557476043701172,
      0.955013632774353,
      7.315512657165527,
      3.5228629112243652,
      10.15334701538086,
      6.157395362854004,
      8.704792022705078,
      7.166807174682617
    ],
    [
      0.4262211322784424,
      2.1419942378997803,
      0.31396687030792236,
      0.6456084251403809,
      2.1265342235565186,
      1.2615803480148315,
      4.84315824508667,
      3.3004751205444336,
      5.230039119720459,
      4.911104202270508,
      4.981565952301025,
      5.689693450927734,
      6.672942161560059,
      7.318387508392334,
      6.157395362854004,
      8.239494323730469,
      4.392191410064697,
      5.805971145629883
    ],
    [
      3.531125783920288,
      4.653814792633057,
      5.086631774902344,
      1.5812708139419556,
      3.303882598876953,
      -0.6191229820251465,
      0.0660400316119194,
      -4.8837127685546875,
      0.660849392414093,
      -4.319249629974365,
      0.9048524498939514,
      -4.087690353393555,
      3.7363028526306152,
      -0.14280788600444794,
      8.704792022705078,
      4.392191410064697,
      15.674508094787598,
      10.07315444946289
    ],
    [
      2.0710110664367676,
      2.9749081134796143,
      3.3834340572357178,
      0.9599184393882751,
      2.5111169815063477,
      -0.20455306768417358,
      0.6766393184661865,
      -2.0898826122283936,
      1.2417875528335571,
      -1.2501829862594604,
      1.671829342842102,
      -0.5421665906906128,
      4.307789325714111,
      2.7437336444854736,
      7.166807174682617,
      5.805971145629883,
      10.07315444946289,
      9.301661491394043
    ]
  ],
  "covariance_short": [
    [
      41.178958892822266,
      11.161651611328125,
      12.291411399841309,
      4.310922622680664,
      5.219918251037598,
      4.113894939422607,
      6.520782947540283,
      3.9921488761901855,
      6.608288288116455,
      3.539853096008301,
      5.118555068969727,
      3.747910261154175,
      3.8971588611602783,
      3.6282033920288086,
      5.695956707000732,
      5.159556865692139,
      8.679207801818848,
      7.5870747566223145
    ],
    [
      11.161651611328125,
      27.11541175842285,
      7.529599189758301,
      7.284807205200195,
      5.095595836639404,
      3.869149923324585,
      7.2351531982421875,
      2.481804847717285,
      6.500475883483887,
      3.9590260982513428,
      5.504729747772217,
      3.8080430030822754,
      3.7136147022247314,
      3.260885000228882,
      3.7929928302764893,
      4.365383625030518,
      4.536645889282227,
      4.287877559661865
    ],
    [
      12.291411399841309,
      7.529599189758301,
      23.737789154052734,
      7.663278579711914,
      13.532408714294434,
      7.548711776733398,
      9.688673973083496,
      4.904027462005615,
      9.121657371520996,
      5.324957370758057,
      8.925399780273438,
      5.277489185333252,
      9.15682601928711,
      6.674027919769287,
      9.461811065673828,
      9.033111572265625,
      11.779026985168457,
      11.676671981811523
    ],
    [
      4.310922622680664,
      7.284807205200195,
      7.663278579711914,
      15.24824333190918,
      6.563168525695801,
      8.80278205871582,
      6.739818572998047,
      7.640928268432617,
      7.034579277038574,
      7.316328048706055,
      5.799450397491455,
      6.817514896392822,
      4.779183387756348,
      5.761473655700684,
      2.7229840755462646,
      3.7649922370910645,
      2.3987252712249756,
      2.810427665710449
    ],
    [
      5.219918251037598,
      5.095595836639404,
      13.532408714294434,
      6.563168525695801,
      33.25773620605469,
      12.399392127990723,
      27.005212783813477,
      12.13047981262207,
      25.144298553466797,
      13.342491149902344,
      23.09354591369629,
      12.84595012664795,
      15.821331024169922,
      12.710269927978516,
      14.520671844482422,
      13.448040008544922,
      14.000506401062012,
      13.708253860473633
    ],
    [
      4.113894939422607,
      3.869149923324585,
      7.548711776733398,
      8.80278205871582,
      12.399392127990723,
      19.302236557006836,
      12.841586112976074,
      14.97233772277832,
      12.545282363891602,
      14.239291191101074,
      11.20429801940918,
      13.636940956115723,
      10.787505149841309,
      12.445205688476562,
      7.415515422821045,
      9.082443237304688,
      6.440179347991943,
      7.2227911949157715
    ],
    [
      6.520782947540283,
      7.2351531982421875,
      9.688673973083496,
      6.739818572998047,
      27.005212783813477,
      12.841586112976074,
      54.79976272583008,
      23.780302047729492,
      43.494239807128906,
      25.918798446655273,
      34.61606216430664,
      22.725069046020508,
      21.387611389160156,
      18.76523780822754,
      17.04135513305664,
      18.119789123535156,
      13.630879402160645,
      14.003522872924805
    ],
    [
      3.9921488761901855,
      2.481804847717285,
      4.904027462005615,
      7.640928268432617,
      12.13047981262207,
      14.97233772277832,
      23.780302047729492,
      29.478378295898438,
      22.42784881591797,
      24.49395751953125,
      18.237024307250977,
      22.947011947631836,
      14.463032722473145,
      18.351577758789062,
      7.852797031402588,
      12.753292083740234,
      4.575564384460449,
      7.352569580078125
    ],
    [
      6.608288288116455,
      6.500475883483887,
      9.121657371520996,
      7.034579277038574,
      25.144298553466797,
      12.545282363891602,
      43.494239807128906,
      22.42784881591797,
      57.923004150390625,
      29.97295379638672,
      43.30178451538086,
      26.061731338500977,
      28.01699447631836,
      22.29880714416504,
      21.544076919555664,
      21.41593360900879,
      17.368404388427734,
      17.369600296020508
    ],
    [
      3.539853096008301,
      3.9590260982513428,
      5.324957370758057,
      7.316328048706055,
      13.342491149902344,
      14.239291191101074,
      25.918798446655273,
      24.49395751953125,
      29.97295379638672,
      31.331016540527344,
      24.28053855895996,
      27.44768714904785,
      20.296798706054688,
      23.214765548706055,
      13.003552436828613,
      18.434661865234375,
      9.453133583068848,
      12.553472518920898
    ],
    [
      5.118555068969727,
      5.504729747772217,
      8.925399780273438,
      5.799450397491455,
      23.09354591369629,
      11.20429801940918,
      34.61606216430664,
      18.237024307250977,
      43.30178451538086,
      24.28053855895996,
      48.87005615234375,
      25.165807723999023,
      30.01702308654785,
      22.199073791503906,
      23.895578384399414,
      22.079910278320312,
      19.129175186157227,
      18.735790252685547
    ],
    [
      3.747910261154175,
      3.8080430030822754,
      5.277489185333252,
      6.817514896392822,
      12.84595012664795,
      13.636940956115723,
      22.725069046020508,
      22.947011947631836,
      26.061731338500977,
      27.44768714904785,
      25.165807723999023,
      31.016977310180664,
      22.751556396484375,
      27.482236862182617,
      16.110198974609375,
      23.486059188842773,
      13.0834321975708,
      17.326702117919922
    ],
    [
      3.8971588611602783,
      3.7136147022247314,
      9.15682601928711,
      4.779183387756348,
      15.821331024169922,
      10.787505149841309,
      21.387611389160156,
      14.463032722473145,
      28.01699447631836,
      20.296798706054688,
      30.01702308654785,
      22.751556396484375,
      41.73871612548828,
      31.539409637451172,
      37.14215850830078,
      36.23579788208008,
      36.43766784667969,
      35.20757293701172
    ],
    [
      3.6282033920288086,
      3.260885000228882,
      6.674027919769287,
      5.761473655700684,
      12.710269927978516,
      12.445205688476562,
      18.76523780822754,
      18.351577758789062,
      22.29880714416504,
      23.214765548706055,
      22.199073791503906,
      27.482236862182617,
      31.539409637451172,
      36.77732467651367,
      27.64894676208496,
      36.89463424682617,
      28.282691955566406,
      33.12087631225586
    ],
    [
      5.695956707000732,
      3.7929928302764893,
      9.461811065673828,
      2.7229840755462646,
      14.520671844482422,
      7.415515422821045,
      17.04135513305664,
      7.852797031402588,
      21.544076919555664,
      13.003552436828613,
      23.895578384399414,
      16.110198974609375,
      37.14215850830078,
      27.64894676208496,
      49.883567810058594,
      41.305118560791016,
      51.55754852294922,
      46.30965042114258
    ],
    [
      5.159556865692139,
      4.365383625030518,
      9.033111572265625,
      3.7649922370910645,
      13.448040008544922,
      9.082443237304688,
      18.119789123535156,
      12.753292083740234,
      21.41593360900879,
      18.434661865234375,
      22.079910278320312,
      23.486059188842773,
      36.23579788208008,
      36.89463424682617,
      41.305118560791016,
      49.476539611816406,
      45.332279205322266,
      49.13426971435547
    ],
    [
      8.679207801818848,
      4.536645889282227,
      11.779026985168457,
      2.3987252712249756,
      14.000506401062012,
      6.440179347991943,
      13.630879402160645,
      4.575564384460449,
      17.368404388427734,
      9.453133583068848,
      19.129175186157227,
      13.0834321975708,
      36.43766784667969,
      28.282691955566406,
      51.55754852294922,
      45.332279205322266,
      70.90499877929688,
      59.14821243286133
    ],
    [
      7.5870747566223145,
      4.287877559661865,
      11.676671981811523,
      2.810427665710449,
      13.708253860473633,
      7.2227911949157715,
      14.003522872924805,
      7.352569580078125,
      17.369600296020508,
      12.553472518920898,
      18.735790252685547,
      17.326702117919922,
      35.20757293701172,
      33.12087631225586,
      46.30965042114258,
      49.13426971435547,
      59.14821243286133,
      60.7554817199707
    ]
  ],
  "damage": -6.690274715423584,
  "diff_bandwidth": 811.6376342773438,
  "dissonance": 11.245542426620194,
  "drr": 10.408304214477539,
  "dynamics": 2.338477849960327,
  "format": 1245190,
  "frames": 9824256,
  "loudness": -10.653142929077148,
  "loudness_range": 5.038270950317383,
  "loudness_range_short": 10.104682922363281,
  "lowpass_true_peak_15khz": 2.365298271179199,
  "mastering3_acoustic_entropies": [
    {
      "acoustic_entropy": 7.400155544281006,
      "acoustic_entropy_mono": 6.623583793640137,
      "band_eliminated_acoustic_entropies": [
        {
          "acoustic_entropy": 7.424377918243408,
          "acoustic_entropy_side": 7.4000678062438965,
          "hz": 129.47220167065723
        },
        {
          "acoustic_entropy": 7.419399738311768,
          "acoustic_entropy_side": 7.389646053314209,
          "hz": 202.92927478742237
        },
        {
          "acoustic_entropy": 7.437099933624268,
          "acoustic_entropy_side": 7.382067680358887,
          "hz": 282.89161906338205
        },
        {
          "acoustic_entropy": 7.232518672943115,
          "acoustic_entropy_side": 7.3917951583862305,
          "hz": 369.9353335868758
        },
        {
          "acoustic_entropy": 7.353936195373535,
          "acoustic_entropy_side": 7.397324562072754,
          "hz": 464.6875360973435
        },
        {
          "acoustic_entropy": 7.34919548034668,
          "acoustic_entropy_side": 7.387238502502441,
          "hz": 567.8308811364784
        },
        {
          "acoustic_entropy": 7.714745044708252,
          "acoustic_entropy_side": 7.393014907836914,
          "hz": 680.1084783214808
        },
        {
          "acoustic_entropy": 7.667364597320557,
          "acoustic_entropy_side": 7.319488048553467,
          "hz": 802.3292461747484
        },
        {
          "acoustic_entropy": 7.1986613273620605,
          "acoustic_entropy_side": 7.380438804626465,
          "hz": 935.3737400823702
        },
        {
          "acoustic_entropy": 7.322490692138672,
          "acoustic_entropy_side": 7.4019293785095215,
          "hz": 1080.2004963696966
        },
        {
          "acoustic_entropy": 7.240198135375977,
          "acoustic_entropy_side": 7.455142021179199,
          "hz": 1237.8529382007157
        },
        {
          "acoustic_entropy": 7.411571502685547,
          "acoustic_entropy_side": 7.402421474456787,
          "hz": 1409.4668930556702
        },
        {
          "acoustic_entropy": 7.116213798522949,
          "acoustic_entropy_side": 7.2056427001953125,
          "hz": 1596.2787759475705
        },
        {
          "acoustic_entropy": 7.262166500091553,
          "acoustic_entropy_side": 7.364758014678955,
          "hz": 1799.6344973346393
        },
        {
          "acoustic_entropy": 7.609934329986572,
          "acoustic_entropy_side": 7.386216163635254,
          "hz": 2020.9991599069049
        },
        {
          "acoustic_entropy": 7.450059413909912,
          "acoustic_entropy_side": 7.3324456214904785,
          "hz": 2261.9676141086993
        },
        {
          "acoustic_entropy": 7.458235740661621,
          "acoustic_entropy_side": 7.3476972579956055,
          "hz": 2524.2759484456974
        },
        {
          "acoustic_entropy": 7.561164855957031,
          "acoustic_entropy_side": 7.358637809753418,
          "hz": 2809.813997359896
        },
        {
          "acoustic_entropy": 7.27659273147583,
          "acoustic_entropy_side": 7.319272041320801,
          "hz": 3120.6389567871424
        },
        {
          "acoustic_entropy": 7.1979899406433105,
          "acoustic_entropy_side": 7.368743896484375,
          "hz": 3458.990205492291
        },
        {
          "acoustic_entropy": 7.0098876953125,
          "acoustic_entropy_side": 7.33997917175293,
          "hz": 3827.305438964164
        },
        {
          "acoustic_entropy": 7.315207481384277,
          "acoustic_entropy_side": 7.3348493576049805,
          "hz": 4228.238232109126
        },
        {
          "acoustic_entropy": 7.330883026123047,
          "acoustic_entropy_side": 7.3203535079956055,
          "hz": 4664.6771572759235
        },
        {
          "acoustic_entropy": 7.376632213592529,
          "acoustic_entropy_side": 7.354376792907715,
          "hz": 5139.766595350093
        },
        {
          "acoustic_entropy": 7.4503173828125,
          "acoustic_entropy_side": 7.362051963806152,
          "hz": 5656.929389854203
        },
        {
          "acoustic_entropy": 7.3207879066467285,
          "acoustic_entropy_side": 7.365362167358398,
          "hz": 6219.891507268283
        },
        {
          "acoustic_entropy": 7.282905578613281,
          "acoustic_entropy_side": 7.376971244812012,
          "hz": 6832.70888123896
        },
        {
          "acoustic_entropy": 7.220894813537598,
          "acoustic_entropy_side": 7.431644439697266,
          "hz": 7499.796634079867
        },
        {
          "acoustic_entropy": 7.408366680145264,
          "acoustic_entropy_side": 7.400545597076416,
          "hz": 8225.96088609342
        },
        {
          "acoustic_entropy": 7.44182825088501,
          "acoustic_entropy_side": 7.38889741897583,
          "hz": 9016.43338188839
        },
        {
          "acoustic_entropy": 7.2572245597839355,
          "acoustic_entropy_side": 7.3914103507995605,
          "hz": 9876.909183162974
        },
        {
          "acoustic_entropy": 7.50519323348999,
          "acoustic_entropy_side": 7.397536754608154,
          "hz": 10813.587699516042
        },
        {
          "acoustic_entropy": 7.350649833679199,
          "acoustic_entropy_side": 7.4436116218566895,
          "hz": 11833.21735289826
        },
        {
          "acoustic_entropy": 7.276463031768799,
          "acoustic_entropy_side": 7.434857368469238,
          "hz": 12943.144197493959
        },
        {
          "acoustic_entropy": 7.279880523681641,
          "acoustic_entropy_side": 7.369521141052246,
          "hz": 14151.364845322005
        },
        {
          "acoustic_entropy": 7.276585102081299,
          "acoustic_entropy_side": 7.386721611022949,
          "hz": 15466.58407886509
        },
        {
          "acoustic_entropy": 7.236913681030273,
          "acoustic_entropy_side": 7.3814167976379395,
          "hz": 16898.27756580493
        },
        {
          "acoustic_entropy": 7.258594036102295,
          "acoustic_entropy_side": 7.386647701263428,
          "hz": 18456.760127700032
        },
        {
          "acoustic_entropy": 7.328290939331055,
          "acoustic_entropy_side": 7.437275409698486,
          "hz": 20153.260054456492
        },
        {
          "acoustic_entropy": 7.433462142944336,
          "acoustic_entropy_side": 7.402751445770264,
          "hz": 22000.00000000001
        }
      ],
      "diff_acoustic_entropy": 6.6774678230285645,
      "sn": 6
    },
    {
      "acoustic_entropy": 11.689319610595703,
      "acoustic_entropy_mono": 10.616748809814453,
      "band_eliminated_acoustic_entropies": [
        {
          "acoustic_entropy": 11.5283784866333,
          "acoustic_entropy_side": 11.687959671020508,
          "hz": 129.47220167065723
        },
        {
          "acoustic_entropy": 11.52794075012207,
          "acoustic_entropy_side": 11.733572959899902,
          "hz": 202.92927478742237
        },
        {
          "acoustic_entropy": 11.917207717895508,
          "acoustic_entropy_side": 11.68587589263916,
          "hz": 282.89161906338205
        },
        {
          "acoustic_entropy": 11.720979690551758,
          "acoustic_entropy_side": 11.659974098205566,
          "hz": 369.9353335868758
        },
        {
          "acoustic_entropy": 11.806659698486328,
          "acoustic_entropy_side": 11.651999473571777,
          "hz": 464.6875360973435
        },
        {
          "acoustic_entropy": 11.332512855529785,
          "acoustic_entropy_side": 11.509499549865723,
          "hz": 567.8308811364784
        },
        {
          "acoustic_entropy": 11.803662300109863,
          "acoustic_entropy_side": 11.849270820617676,
          "hz": 680.1084783214808
        },
        {
          "acoustic_entropy": 11.881942749023438,
          "acoustic_entropy_side": 11.628576278686523,
          "hz": 802.3292461747484
        },
        {
          "acoustic_entropy": 11.282424926757812,
          "acoustic_entropy_side": 11.593785285949707,
          "hz": 935.3737400823702
        },
        {
          "acoustic_entropy": 11.419188499450684,
          "acoustic_entropy_side": 11.665417671203613,
          "hz": 1080.2004963696966
        },
        {
          "acoustic_entropy": 11.547992706298828,
          "acoustic_entropy_side": 11.774235725402832,
          "hz": 1237.8529382007157
        },
        {
          "acoustic_entropy": 11.918632507324219,
          "acoustic_entropy_side": 11.81082534790039,
          "hz": 1409.4668930556702
        },
        {
          "acoustic_entropy": 11.308083534240723,
          "acoustic_entropy_side": 11.638646125793457,
          "hz": 1596.2787759475705
        },
        {
          "acoustic_entropy": 11.06270980834961,
          "acoustic_entropy_side": 11.494824409484863,
          "hz": 1799.6344973346393
        },
        {
          "acoustic_entropy": 11.558696746826172,
          "acoustic_entropy_side": 11.710904121398926,
          "hz": 2020.9991599069049
        },
        {
          "acoustic_entropy": 11.596339225769043,
          "acoustic_entropy_side": 11.665562629699707,
          "hz": 2261.9676141086993
        },
        {
          "acoustic_entropy": 11.522457122802734,
          "acoustic_entropy_side": 11.620929718017578,
          "hz": 2524.2759484456974
        },
        {
          "acoustic_entropy": 11.888123512268066,
          "acoustic_entropy_side": 11.6790771484375,
          "hz": 2809.813997359896
        },
        {
          "acoustic_entropy": 11.227799415588379,
          "acoustic_entropy_side": 11.77932357788086,
          "hz": 3120.6389567871424
        },
        {
          "acoustic_entropy": 11.945521354675293,
          "acoustic_entropy_side": 11.640443801879883,
          "hz": 3458.990205492291
        },
        {
          "acoustic_entropy": 11.54281997680664,
          "acoustic_entropy_side": 11.6638822555542,
          "hz": 3827.305438964164
        },
        {
          "acoustic_entropy": 11.532435417175293,
          "acoustic_entropy_side": 11.740656852722168,
          "hz": 4228.238232109126
        },
        {
          "acoustic_entropy": 11.810318946838379,
          "acoustic_entropy_side": 11.670453071594238,
          "hz": 4664.6771572759235
        },
        {
          "acoustic_entropy": 11.531645774841309,
          "acoustic_entropy_side": 11.746201515197754,
          "hz": 5139.766595350093
        },
        {
          "acoustic_entropy": 11.700061798095703,
          "acoustic_entropy_side": 11.705183982849121,
          "hz": 5656.929389854203
        },
        {
          "acoustic_entropy": 11.63659381866455,
          "acoustic_entropy_side": 11.699793815612793,
          "hz": 6219.891507268283
        },
        {
          "acoustic_entropy": 11.575470924377441,
          "acoustic_entropy_side": 11.72678279876709,
          "hz": 6832.70888123896
        },
        {
          "acoustic_entropy": 11.621652603149414,
          "acoustic_entropy_side": 11.592388153076172,
          "hz": 7499.796634079867
        },
        {
          "acoustic_entropy": 11.830538749694824,
          "acoustic_entropy_side": 11.688716888427734,
          "hz": 8225.96088609342
        },
        {
          "acoustic_entropy": 12.105152130126953,
          "acoustic_entropy_side": 11.757450103759766,
          "hz": 9016.43338188839
        },
        {
          "acoustic_entropy": 11.847966194152832,
          "acoustic_entropy_side": 11.757207870483398,
          "hz": 9876.909183162974
        },
        {
          "acoustic_entropy": 11.928004264831543,
          "acoustic_entropy_side": 11.785811424255371,
          "hz": 10813.587699516042
        },
        {
          "acoustic_entropy": 11.588470458984375,
          "acoustic_entropy_side": 11.629755973815918,
          "hz": 11833.21735289826
        },
        {
          "acoustic_entropy": 11.599922180175781,
          "acoustic_entropy_side": 11.658552169799805,
          "hz": 12943.144197493959
        },
        {
          "acoustic_entropy": 11.662672996520996,
          "acoustic_entropy_side": 11.755941390991211,
          "hz": 14151.364845322005
        },
        {
          "acoustic_entropy": 11.777939796447754,
          "acoustic_entropy_side": 11.727996826171875,
          "hz": 15466.58407886509
        },
        {
          "acoustic_entropy": 11.621126174926758,
          "acoustic_entropy_side": 11.722488403320312,
          "hz": 16898.27756580493
        },
        {
          "acoustic_entropy": 11.586740493774414,
          "acoustic_entropy_side": 11.71462631225586,
          "hz": 18456.760127700032
        },
        {
          "acoustic_entropy": 11.779714584350586,
          "acoustic_entropy_side": 11.716083526611328,
          "hz": 20153.260054456492
        },
        {
          "acoustic_entropy": 11.73468017578125,
          "acoustic_entropy_side": 11.699884414672852,
          "hz": 22000.00000000001
        }
      ],
      "diff_acoustic_entropy": 10.884176254272461,
      "sn": 12
    },
    {
      "acoustic_entropy": 15.29081916809082,
      "acoustic_entropy_mono": 13.64915943145752,
      "band_eliminated_acoustic_entropies": [
        {
          "acoustic_entropy": 15.154096603393555,
          "acoustic_entropy_side": 15.611858367919922,
          "hz": 129.47220167065723
        },
        {
          "acoustic_entropy": 16.09032440185547,
          "acoustic_entropy_side": 15.34935474395752,
          "hz": 202.92927478742237
        },
        {
          "acoustic_entropy": 15.722105026245117,
          "acoustic_entropy_side": 15.262359619140625,
          "hz": 282.89161906338205
        },
        {
          "acoustic_entropy": 15.915670394897461,
          "acoustic_entropy_side": 15.48504638671875,
          "hz": 369.9353335868758
        },
        {
          "acoustic_entropy": 14.875341415405273,
          "acoustic_entropy_side": 15.038836479187012,
          "hz": 464.6875360973435
        },
        {
          "acoustic_entropy": 16.562000274658203,
          "acoustic_entropy_side": 15.841526985168457,
          "hz": 567.8308811364784
        },
        {
          "acoustic_entropy": 15.42464542388916,
          "acoustic_entropy_side": 15.466195106506348,
          "hz": 680.1084783214808
        },
        {
          "acoustic_entropy": 15.965184211730957,
          "acoustic_entropy_side": 16.4869327545166,
          "hz": 802.3292461747484
        },
        {
          "acoustic_entropy": 15.656479835510254,
          "acoustic_entropy_side": 15.680434226989746,
          "hz": 935.3737400823702
        },
        {
          "acoustic_entropy": 15.179841041564941,
          "acoustic_entropy_side": 15.215229988098145,
          "hz": 1080.2004963696966
        },
        {
          "acoustic_entropy": 15.534562110900879,
          "acoustic_entropy_side": 16.10358428955078,
          "hz": 1237.8529382007157
        },
        {
          "acoustic_entropy": 15.880295753479004,
          "acoustic_entropy_side": 15.637722969055176,
          "hz": 1409.4668930556702
        },
        {
          "acoustic_entropy": 15.232337951660156,
          "acoustic_entropy_side": 14.84450912475586,
          "hz": 1596.2787759475705
        },
        {
          "acoustic_entropy": 16.59979820251465,
          "acoustic_entropy_side": 15.82333755493164,
          "hz": 1799.6344973346393
        },
        {
          "acoustic_entropy": 15.192133903503418,
          "acoustic_entropy_side": 14.952210426330566,
          "hz": 2020.9991599069049
        },
        {
          "acoustic_entropy": 15.866800308227539,
          "acoustic_entropy_side": 15.508126258850098,
          "hz": 2261.9676141086993
        },
        {
          "acoustic_entropy": 15.12658405303955,
          "acoustic_entropy_side": 15.551170349121094,
          "hz": 2524.2759484456974
        },
        {
          "acoustic_entropy": 15.544417381286621,
          "acoustic_entropy_side": 15.209494590759277,
          "hz": 2809.813997359896
        },
        {
