{
  "acoustic_entropy": 223.5163116455078,
  "bands": [
    {
      "high_freq": 148.1999969482422,
      "loudness": -21.120561599731445,
      "loudness_range": 15.08597183227539,
      "mid_mean": -17.521936416625977,
      "mid_to_side_loudness": -18.833995819091797,
      "mid_to_side_loudness_range": 19.333200454711914,
      "side_mean": -37.71320343017578
    },
    {
      "high_freq": 392.3793640136719,
      "loudness": -20.367950439453125,
      "loudness_range": 11.27509880065918,
      "low_freq": 148.1999969482422,
      "mid_mean": -17.09615707397461,
      "mid_to_side_loudness": -11.020570755004883,
      "mid_to_side_loudness_range": 13.070116996765137,
      "side_mean": -28.532669067382812
    },
    {
      "high_freq": 794.6976318359375,
      "loudness": -22.17048454284668,
      "loudness_range": 12.7078275680542,
      "low_freq": 392.3793640136719,
      "mid_mean": -19.95505142211914,
      "mid_to_side_loudness": -5.21980619430542,
      "mid_to_side_loudness_range": 13.067121505737305,
      "side_mean": -25.37565803527832
    },
    {
      "high_freq": 1457.5709228515625,
      "loudness": -23.03278350830078,
      "loudness_range": 18.832096099853516,
      "low_freq": 794.6976318359375,
      "mid_mean": -20.654329299926758,
      "mid_to_side_loudness": -6.237912654876709,
      "mid_to_side_loudness_range": 15.020142555236816,
      "side_mean": -27.144147872924805
    },
    {
      "high_freq": 2549.74365234375,
      "loudness": -23.378726959228516,
      "loudness_range": 17.185821533203125,
      "low_freq": 1457.5709228515625,
      "mid_mean": -21.037883758544922,
      "mid_to_side_loudness": -5.937963962554932,
      "mid_to_side_loudness_range": 12.63597297668457,
      "side_mean": -26.980466842651367
    },
    {
      "high_freq": 4349.24462890625,
      "loudness": -26.987144470214844,
      "loudness_range": 18.20128059387207,
      "low_freq": 2549.74365234375,
      "mid_mean": -24.361642837524414,
      "mid_to_side_loudness": -7.8077311515808105,
      "mid_to_side_loudness_range": 15.907700538635254,
      "side_mean": -32.10801696777344
    },
    {
      "high_freq": 7314.1640625,
      "loudness": -33.881919860839844,
      "loudness_range": 17.248865127563477,
      "low_freq": 4349.24462890625,
      "mid_mean": -31.159971237182617,
      "mid_to_side_loudness": -8.318021774291992,
      "mid_to_side_loudness_range": 16.195411682128906,
      "side_mean": -39.613460540771484
    },
    {
      "high_freq": 12199.2666015625,
      "loudness": -39.36542892456055,
      "loudness_range": 17.52680778503418,
      "low_freq": 7314.1640625,
      "mid_mean": -36.290618896484375,
      "mid_to_side_loudness": -11.339071273803711,
      "mid_to_side_loudness_range": 19.07825469970703,
      "side_mean": -48.85850143432617
    },
    {
      "loudness": -46.79617691040039,
      "loudness_range": 16.76947021484375,
      "low_freq": 12199.2666015625,
      "mid_mean": -43.67986297607422,
      "mid_to_side_loudness": -13.496894836425781,
      "mid_to_side_loudness_range": 21.679765701293945,
      "side_mean": -58.01507568359375
    }
  ],
  "bands_short": [
    {
      "high_freq": 148.1999969482422,
      "loudness": -23.098690032958984,
      "loudness_range": 17.30274200439453,
      "mid_mean": -19.555145263671875,
      "mid_to_side_loudness": -19.715335845947266,
      "mid_to_side_loudness_range": 24.73632049560547,
      "side_mean": -41.44940948486328
    },
    {
      "high_freq": 392.3793640136719,
      "loudness": -19.987497329711914,
      "loudness_range": 12.442005157470703,
      "low_freq": 148.1999969482422,
      "mid_mean": -16.692649841308594,
      "mid_to_side_loudness": -11.665207862854004,
      "mid_to_side_loudness_range": 14.155511856079102,
      "side_mean": -28.86712646484375
    },
    {
      "high_freq": 794.6976318359375,
      "loudness": -23.078927993774414,
      "loudness_range": 15.07491683959961,
      "low_freq": 392.3793640136719,
      "mid_mean": -21.13946533203125,
      "mid_to_side_loudness": -4.631979942321777,
      "mid_to_side_loudness_range": 15.2019681930542,
      "side_mean": -26.00113868713379
    },
    {
      "high_freq": 1457.5709228515625,
      "loudness": -23.29225730895996,
      "loudness_range": 19.97254753112793,
      "low_freq": 794.6976318359375,
      "mid_mean": -21.103607177734375,
      "mid_to_side_loudness": -5.924957752227783,
      "mid_to_side_loudness_range": 17.14602279663086,
      "side_mean": -27.251657485961914
    },
    {
      "high_freq": 2549.74365234375,
      "loudness": -24.087188720703125,
      "loudness_range": 18.822925567626953,
      "low_freq": 1457.5709228515625,
      "mid_mean": -21.87868309020996,
      "mid_to_side_loudness": -5.612666130065918,
      "mid_to_side_loudness_range": 14.234622955322266,
      "side_mean": -27.59493637084961
    },
    {
      "high_freq": 4349.24462890625,
      "loudness": -27.275806427001953,
      "loudness_range": 20.115921020507812,
      "low_freq": 2549.74365234375,
      "mid_mean": -24.815567016601562,
      "mid_to_side_loudness": -7.181568145751953,
      "mid_to_side_loudness_range": 16.5909423828125,
      "side_mean": -32.112518310546875
    },
    {
      "high_freq": 7314.1640625,
      "loudness": -34.886512756347656,
      "loudness_range": 20.034666061401367,
      "low_freq": 4349.24462890625,
      "mid_mean": -32.3338508605957,
      "mid_to_side_loudness": -7.247895240783691,
      "mid_to_side_loudness_range": 16.954492568969727,
      "side_mean": -40.14377212524414
    },
    {
      "high_freq": 12199.2666015625,
      "loudness": -40.99081039428711,
      "loudness_range": 21.328935623168945,
      "low_freq": 7314.1640625,
      "mid_mean": -38.09697341918945,
      "mid_to_side_loudness": -9.836984634399414,
      "mid_to_side_loudness_range": 19.12883186340332,
      "side_mean": -51.224761962890625
    },
    {
      "loudness": -48.972469329833984,
      "loudness_range": 22.525318145751953,
      "low_freq": 12199.2666015625,
      "mid_mean": -46.5038948059082,
      "mid_to_side_loudness": -11.436039924621582,
      "mid_to_side_loudness_range": 22.63802146911621,
      "side_mean": -60.11226272583008
    }
  ],
  "bandwidth": 607.0853881835938,
  "channels": 2,
  "covariance": [
    [
      34.7588996887207,
      21.839929580688477,
      9.787410736083984,
      15.458441734313965,
      11.4767427444458,
      10.833176612854004,
      12.432315826416016,
      14.55823802947998,
      15.45820140838623,
      19.6627254486084,
      14.889309883117676,
      20.95535659790039,
      12.629096984863281,
      20.565216064453125,
      10.581603050231934,
      23.374197006225586,
      12.19050121307373,
      21.72281265258789
    ],
    [
      21.839929580688477,
      54.111087799072266,
      8.636402130126953,
      18.018922805786133,
      11.81265640258789,
      11.63741397857666,
      12.179346084594727,
      16.438514709472656,
      16.52475929260254,
      22.94329071044922,
      15.177864074707031,
      25.69464683532715,
      12.507537841796875,
      23.457195281982422,
      8.473061561584473,
      27.87964630126953,
      9.10053825378418,
      26.882465362548828
    ],
    [
      9.787410736083984,
      8.636402130126953,
      24.526920318603516,
      14.14009952545166,
      12.523283958435059,
      7.69492769241333,
      9.264833450317383,
      7.666693687438965,
      11.964621543884277,
      9.801039695739746,
      19.01024055480957,
      11.301255226135254,
      14.878177642822266,
      11.022457122802734,
      14.26375961303711,
      11.59339427947998,
      15.678434371948242,
      10.969146728515625
    ],
    [
      15.458441734313965,
      18.018922805786133,
      14.14009952545166,
      24.155654907226562,
      14.330596923828125,
      14.68136215209961,
      14.492902755737305,
      16.884340286254883,
      17.988534927368164,
      22.307313919067383,
      19.26849365234375,
      24.024503707885742,
      15.825972557067871,
      21.74085807800293,
      12.39106273651123,
      25.37771224975586,
      12.93020248413086,
      22.60332679748535
    ],
    [
      11.4767427444458,
      11.81265640258789,
      12.523283958435059,
      14.330596923828125,
      29.936656951904297,
      13.896018028259277,
      29.522314071655273,
      15.824959754943848,
      22.81764793395996,
      17.471975326538086,
      20.656057357788086,
      16.263208389282227,
      17.46048355102539,
      14.986627578735352,
      15.678327560424805,
      18.617332458496094,
      16.325239181518555,
      16.429000854492188
    ],
    [
      10.833176612854004,
      11.63741397857666,
      7.69492769241333,
      14.68136215209961,
      13.896018028259277,
      21.02865982055664,
      15.475716590881348,
      19.75489616394043,
      17.190292358398438,
      22.607023239135742,
      14.283027648925781,
      20.1870174407959,
      12.263272285461426,
      18.38788414001465,
      8.073307991027832,
      20.107559204101562,
      8.20250415802002,
      18.28235626220703
    ],
    [
      12.432315826416016,
      12.179346084594727,
      9.264833450317383,
      14.492902755737305,
      29.522314071655273,
      15.475716590881348,
      46.607078552246094,
      22.3583984375,
      28.398025512695312,
      23.490867614746094,
      22.95941734313965,
      22.35426902770996,
      18.219970703125,
      19.200096130371094,
      14.774696350097656,
      22.426620483398438,
      15.63162899017334,
      19.839248657226562
    ],
    [
      14.55823802947998,
      16.438514709472656,
      7.666693687438965,
      16.884340286254883,
      15.824959754943848,
      19.75489616394043,
      22.3583984375,
      30.92579460144043,
      22.47382354736328,
      31.633474349975586,
      17.73274040222168,
      30.161333084106445,
      13.747020721435547,
      24.84227180480957,
      8.725470542907715,
      26.711471557617188,
      8.870891571044922,
      25.842334747314453
    ],
    [
      15.45820140838623,
      16.52475929260254,
      11.964621543884277,
      17.988534927368164,
      22.81764793395996,
      17.190292358398438,
      28.398025512695312,
      22.47382354736328,
      39.601402282714844,
      31.862993240356445,
      30.615205764770508,
      30.218017578125,
      25.568490982055664,
      24.867006301879883,
      20.21369171142578,
      28.473552703857422,
      18.885177612304688,
      25.18010902404785
    ],
    [
      19.6627254486084,
      22.94329071044922,
      9.801039695739746,
      22.307313919067383,
      17.471975326538086,
      22.607023239135742,
      23.490867614746094,
      31.633474349975586,
      31.862993240356445,
      47.99821472167969,
      25.669876098632812,
      42.23109436035156,
      19.433265686035156,
      34.27017593383789,
      12.551243782043457,
      36.71643829345703,
      12.740645408630371,
      34.51290512084961
    ],
    [
      14.889309883117676,
      15.177864074707031,
      19.01024055480957,
      19.26849365234375,
      20.656057357788086,
      14.283027648925781,
      22.95941734313965,
      17.73274040222168,
      30.615205764770508,
      25.669876098632812,
      46.66346740722656,
      33.60083770751953,
      36.254642486572266,
      28.359315872192383,
      30.452165603637695,
      31.30170440673828,
      28.015409469604492,
      26.41935920715332
    ],
    [
      20.95535659790039,
      25.69464683532715,
      11.301255226135254,
      24.024503707885742,
      16.263208389282227,
      20.1870174407959,
      22.35426902770996,
      30.161333084106445,
      30.218017578125,
      42.23109436035156,
      33.60083770751953,
      58.56613540649414,
      26.908435821533203,
      46.48432922363281,
      19.8865909576416,
      46.05690002441406,
      18.6155948638916,
      42.231849670410156
    ],
    [
      12.629096984863281,
      12.507537841796875,
      14.878177642822266,
      15.825972557067871,
      17.46048355102539,
      12.263272285461426,
      18.219970703125,
      13.747020721435547,
      25.568490982055664,
      19.433265686035156,
      36.254642486572266,
      26.908435821533203,
      44.178001403808594,
      28.31749153137207,
      36.651580810546875,
      33.45319747924805,
      33.32343673706055,
      26.53266143798828
    ],
    [
      20.565216064453125,
      23.457195281982422,
      11.022457122802734,
      21.74085807800293,
      14.986627578735352,
      18.38788414001465,
      19.200096130371094,
      24.84227180480957,
      24.867006301879883,
      34.27017593383789,
      28.359315872192383,
      46.48432922363281,
      28.31749153137207,
      54.10443878173828,
      21.63517189025879,
      47.139713287353516,
      20.782936096191406,
      41.723472595214844
    ],
    [
      10.581603050231934,
      8.473061561584473,
      14.26375961303711,
      12.39106273651123,
      15.678327560424805,
      8.073307991027832,
      14.774696350097656,
      8.725470542907715,
      20.21369171142578,
      12.551243782043457,
      30.452165603637695,
      19.8865909576416,
      36.651580810546875,
      21.63517189025879,
      43.732601165771484,
      28.213424682617188,
      38.196319580078125,
      22.572355270385742
    ],
    [
      23.374197006225586,
      27.87964630126953,
      11.59339427947998,
      25.37771224975586,
      18.617332458496094,
      20.107559204101562,
      22.426620483398438,
      26.711471557617188,
      28.473552703857422,
      36.71643829345703,
      31.30170440673828,
      46.05690002441406,
      33.45319747924805,
      47.139713287353516,
      28.213424682617188,
      67.11470794677734,
      28.254161834716797,
      54.72214889526367
    ],
    [
      12.19050121307373,
      9.10053825378418,
      15.678434371948242,
      12.93020248413086,
      16.325239181518555,
      8.20250415802002,
      15.63162899017334,
      8.870891571044922,
      18.885177612304688,
      12.740645408630371,
      28.015409469604492,
      18.6155948638916,
      33.32343673706055,
      20.782936096191406,
      38.196319580078125,
      28.254161834716797,
      43.86845779418945,
      25.383960723876953
    ],
    [
      21.72281265258789,
      26.882465362548828,
      10.969146728515625,
      22.60332679748535,
      16.429000854492188,
      18.28235626220703,
      19.839248657226562,
      25.842334747314453,
      25.18010902404785,
      34.51290512084961,
      26.41935920715332,
      42.231849670410156,
      26.53266143798828,
      41.723472595214844,
      22.572355270385742,
      54.72214889526367,
      25.383960723876953,
      56.80495834350586
    ]
  ],
  "covariance_short": [
    [
      45.81297302246094,
      21.077184677124023,
      12.310084342956543,
      13.949169158935547,
      9.260215759277344,
      8.945509910583496,
      9.671396255493164,
      11.798681259155273,
      12.989663124084473,
      15.85715389251709,
      12.096092224121094,
      16.279804229736328,
      10.754537582397461,
      16.676198959350586,
      9.942255973815918,
      21.093727111816406,
      13.121200561523438,
      16.13004493713379
    ],
    [
      21.077184677124023,
      73.86701965332031,
      9.681248664855957,
      19.748233795166016,
      11.208224296569824,
      13.16511058807373,
      12.205551147460938,
      16.909706115722656,
      16.06492042541504,
      23.216543197631836,
      13.8829927444458,
      24.68486213684082,
      11.341306686401367,
      22.712398529052734,
      7.688352584838867,
      32.847747802734375,
      9.665943145751953,
      25.58961296081543
    ],
    [
      12.310084342956543,
      9.681248664855957,
      28.306303024291992,
      14.95501708984375,
      15.132426261901855,
      9.811325073242188,
      13.309935569763184,
      10.23592758178711,
      14.434210777282715,
      12.331765174865723,
      20.3828125,
      13.908452987670898,
      16.102277755737305,
      13.850976943969727,
      15.367894172668457,
      18.325096130371094,
      20.732646942138672,
      11.682572364807129
    ],
    [
      13.949169158935547,
      19.748233795166016,
      14.95501708984375,
      27.62887191772461,
      15.047417640686035,
      16.3140811920166,
      16.071989059448242,
      18.174091339111328,
      18.366167068481445,
      23.522024154663086,
      18.356801986694336,
      24.193214416503906,
      14.935484886169434,
      22.296030044555664,
      12.041735649108887,
      29.600414276123047,
      14.080636978149414,
      20.962785720825195
    ],
    [
      9.260215759277344,
      11.208224296569824,
      15.132426261901855,
      15.047417640686035,
      36.875526428222656,
      16.297317504882812,
      32.10540008544922,
      17.5084228515625,
      24.99159049987793,
      19.00569725036621,
      22.45545196533203,
      17.506671905517578,
      18.873249053955078,
      17.270832061767578,
      17.150087356567383,
      22.672054290771484,
      20.149553298950195,
      14.145273208618164
    ],
    [
      8.945509910583496,
      13.16511058807373,
      9.811325073242188,
      16.3140811920166,
      16.297317504882812,
      26.669206619262695,
      18.225482940673828,
      21.668487548828125,
      19.343183517456055,
      24.450754165649414,
      16.134973526000977,
      22.03525733947754,
      13.121183395385742,
      19.705102920532227,
      9.28798770904541,
      23.02970314025879,
      10.327068328857422,
      17.43337631225586
    ],
    [
      9.671396255493164,
      12.205551147460938,
      13.309935569763184,
      16.071989059448242,
      32.10540008544922,
      18.225482940673828,
      53.947120666503906,
      24.475135803222656,
      32.352195739746094,
      25.726198196411133,
      25.811948776245117,
      23.37808609008789,
      20.834156036376953,
      21.121925354003906,
      17.960556030273438,
      27.66652488708496,
      21.014802932739258,
      17.569849014282227
    ],
    [
      11.798681259155273,
      16.909706115722656,
      10.23592758178711,
      18.174091339111328,
      17.5084228515625,
      21.668487548828125,
      24.475135803222656,
      34.36302185058594,
      23.825725555419922,
      32.6050910949707,
      19.313156127929688,
      31.09388542175293,
      14.412772178649902,
      25.929540634155273,
      9.427268981933594,
      31.114429473876953,
      10.551371574401855,
      24.970623016357422
    ],
    [
      12.989663124084473,
      16.06492042541504,
      14.434210777282715,
      18.366167068481445,
      24.99159049987793,
      19.343183517456055,
      32.352195739746094,
      23.825725555419922,
      47.10866165161133,
      34.365013122558594,
      33.60780334472656,
      32.05305480957031,
      28.627416610717773,
      27.402822494506836,
      23.68935203552246,
      33.500022888183594,
      23.746305465698242,
      23.75127410888672
    ],
    [
      15.85715389251709,
      23.216543197631836,
      12.331765174865723,
      23.522024154663086,
      19.00569725036621,
      24.450754165649414,
      25.726198196411133,
      32.6050910949707,
      34.365013122558594,
      52.3736686706543,
      27.4967041015625,
      43.235801696777344,
      20.46267318725586,
      35.05995178222656,
      13.471394538879395,
      41.71977233886719,
      14.194753646850586,
      33.58247756958008
    ],
    [
      12.096092224121094,
      13.8829927444458,
      20.3828125,
      18.356801986694336,
      22.45545196533203,
      16.134973526000977,
      25.811948776245117,
      19.313156127929688,
      33.60780334472656,
      27.4967041015625,
      53.12709426879883,
      36.60771942138672,
      41.19339370727539,
      32.29732131958008,
      35.51081848144531,
      35.204811096191406,
      35.4234733581543,
      25.155750274658203
    ],
    [
      16.279804229736328,
      24.68486213684082,
      13.908452987670898,
      24.193214416503906,
      17.506671905517578,
      22.03525733947754,
      23.37808609008789,
      31.09388542175293,
      32.05305480957031,
      43.235801696777344,
      36.60771942138672,
      62.01443862915039,
      28.881813049316406,
      48.703556060791016,
      21.41521453857422,
      52.10626220703125,
      21.926719665527344,
      42.611572265625
    ],
    [
      10.754537582397461,
      11.341306686401367,
      16.102277755737305,
      14.935484886169434,
      18.873249053955078,
      13.121183395385742,
      20.834156036376953,
      14.412772178649902,
      28.627416610717773,
      20.46267318725586,
      41.19339370727539,
      28.881813049316406,
      54.13370895385742,
      33.16859817504883,
      47.55899429321289,
      35.125064849853516,
      46.915672302246094,
      27.5253849029541
    ],
    [
      16.676198959350586,
      22.712398529052734,
      13.850976943969727,
      22.296030044555664,
      17.270832061767578,
      19.705102920532227,
      21.121925354003906,
      25.929540634155273,
      27.402822494506836,
      35.05995178222656,
      32.29732131958008,
      48.703556060791016,
      33.16859817504883,
      59.74584197998047,
      26.318601608276367,
      55.44707107543945,
      27.973133087158203,
      45.80322265625
    ],
    [
      9.942255973815918,
      7.688352584838867,
      15.367894172668457,
      12.041735649108887,
      17.150087356567383,
      9.28798770904541,
      17.960556030273438,
      9.427268981933594,
      23.68935203552246,
      13.471394538879395,
      35.51081848144531,
      21.41521453857422,
      47.55899429321289,
      26.318601608276367,
      61.90458679199219,
      29.825565338134766,
      57.94343185424805,
      23.425703048706055
    ],
    [
      21.093727111816406,
      32.847747802734375,
      18.325096130371094,
      29.600414276123047,
      22.672054290771484,
      23.02970314025879,
      27.66652488708496,
      31.114429473876953,
      33.500022888183594,
      41.71977233886719,
      35.204811096191406,
      52.10626220703125,
      35.125064849853516,
      55.44707107543945,
      29.825565338134766,
      93.8145751953125,
      33.67071533203125,
      69.0312271118164
    ],
    [
      13.121200561523438,
      9.665943145751953,
      20.732646942138672,
      14.080636978149414,
      20.149553298950195,
      10.327068328857422,
      21.014802932739258,
      10.551371574401855,
      23.746305465698242,
      14.194753646850586,
      35.4234733581543,
      21.926719665527344,
      46.915672302246094,
      27.973133087158203,
      57.94343185424805,
      33.67071533203125,
      75.235595703125,
      29.37369728088379
    ],
    [
      16.13004493713379,
      25.58961296081543,
      11.682572364807129,
      20.962785720825195,
      14.145273208618164,
      17.43337631225586,
      17.569849014282227,
      24.970623016357422,
      23.75127410888672,
      33.58247756958008,
      25.155750274658203,
      42.611572265625,
      27.5253849029541,
      45.80322265625,
      23.425703048706055,
      69.0312271118164,
      29.37369728088379,
      68.089111328125
    ]
  ],
  "damage": -5.350906848907471,
  "diff_bandwidth": 649.5377197265625,
  "dissonance": 7.568442370413236,
  "drr": 9.963409423828125,
  "dynamics": 3.3545989990234375,
  "format": 1245190,
  "frames": 13646784,
  "loudness": -9.775605201721191,
  "loudness_range": 10.27369499206543,
  "loudness_range_short": 11.742362022399902,
  "lowpass_true_peak_15khz": 0.36876001954078674,
  "mastering3_acoustic_entropies": [
    {
      "acoustic_entropy": 7.628482818603516,
      "acoustic_entropy_mono": 7.454745292663574,
      "band_eliminated_acoustic_entropies": [
        {
          "acoustic_entropy": 7.500681400299072,
          "acoustic_entropy_side": 7.628896713256836,
          "hz": 129.47220167065723
        },
        {
          "acoustic_entropy": 7.559089183807373,
          "acoustic_entropy_side": 7.636735916137695,
          "hz": 202.92927478742237
        },
        {
          "acoustic_entropy": 7.506990909576416,
          "acoustic_entropy_side": 7.641271114349365,
          "hz": 282.89161906338205
        },
        {
          "acoustic_entropy": 7.3068342208862305,
          "acoustic_entropy_side": 7.649660110473633,
          "hz": 369.9353335868758
        },
        {
          "acoustic_entropy": 8.162848472595215,
          "acoustic_entropy_side": 7.696904182434082,
          "hz": 464.6875360973435
        },
        {
          "acoustic_entropy": 8.378531455993652,
          "acoustic_entropy_side": 7.764791965484619,
          "hz": 567.8308811364784
        },
        {
          "acoustic_entropy": 7.839750289916992,
          "acoustic_entropy_side": 7.872199058532715,
          "hz": 680.1084783214808
        },
        {
          "acoustic_entropy": 7.149143218994141,
          "acoustic_entropy_side": 7.758693218231201,
          "hz": 802.3292461747484
        },
        {
          "acoustic_entropy": 7.340075492858887,
          "acoustic_entropy_side": 7.772836208343506,
          "hz": 935.3737400823702
        },
        {
          "acoustic_entropy": 7.25433349609375,
          "acoustic_entropy_side": 7.784337520599365,
          "hz": 1080.2004963696966
        },
        {
          "acoustic_entropy": 7.585315704345703,
          "acoustic_entropy_side": 7.879400253295898,
          "hz": 1237.8529382007157
        },
        {
          "acoustic_entropy": 7.291462421417236,
          "acoustic_entropy_side": 7.85074520111084,
          "hz": 1409.4668930556702
        },
        {
          "acoustic_entropy": 7.785811424255371,
          "acoustic_entropy_side": 7.6194891929626465,
          "hz": 1596.2787759475705
        },
        {
          "acoustic_entropy": 7.2033843994140625,
          "acoustic_entropy_side": 7.589628219604492,
          "hz": 1799.6344973346393
        },
        {
          "acoustic_entropy": 8.06527328491211,
          "acoustic_entropy_side": 7.42244815826416,
          "hz": 2020.9991599069049
        },
        {
          "acoustic_entropy": 7.677328109741211,
          "acoustic_entropy_side": 7.901860237121582,
          "hz": 2261.9676141086993
        },
        {
          "acoustic_entropy": 7.636076927185059,
          "acoustic_entropy_side": 7.872418403625488,
          "hz": 2524.2759484456974
        },
        {
          "acoustic_entropy": 7.6126251220703125,
          "acoustic_entropy_side": 7.768791675567627,
          "hz": 2809.813997359896
        },
        {
          "acoustic_entropy": 7.546908855438232,
          "acoustic_entropy_side": 7.7863006591796875,
          "hz": 3120.6389567871424
        },
        {
          "acoustic_entropy": 7.79644250869751,
          "acoustic_entropy_side": 7.8767313957214355,
          "hz": 3458.990205492291
        },
        {
          "acoustic_entropy": 7.651604652404785,
          "acoustic_entropy_side": 7.561219692230225,
          "hz": 3827.305438964164
        },
        {
          "acoustic_entropy": 7.670061111450195,
          "acoustic_entropy_side": 7.680613040924072,
          "hz": 4228.238232109126
        },
        {
          "acoustic_entropy": 7.719457626342773,
          "acoustic_entropy_side": 7.666810989379883,
          "hz": 4664.6771572759235
        },
        {
          "acoustic_entropy": 7.618041515350342,
          "acoustic_entropy_side": 7.6568522453308105,
          "hz": 5139.766595350093
        },
        {
          "acoustic_entropy": 7.617435455322266,
          "acoustic_entropy_side": 7.644593238830566,
          "hz": 5656.929389854203
        },
        {
          "acoustic_entropy": 7.658556938171387,
          "acoustic_entropy_side": 7.647124767303467,
          "hz": 6219.891507268283
        },
        {
          "acoustic_entropy": 7.749423980712891,
          "acoustic_entropy_side": 7.633267402648926,
          "hz": 6832.70888123896
        },
        {
          "acoustic_entropy": 7.7433905601501465,
          "acoustic_entropy_side": 7.628861427307129,
          "hz": 7499.796634079867
        },
        {
          "acoustic_entropy": 7.691325664520264,
          "acoustic_entropy_side": 7.629463195800781,
          "hz": 8225.96088609342
        },
        {
          "acoustic_entropy": 7.680427074432373,
          "acoustic_entropy_side": 7.628844738006592,
          "hz": 9016.43338188839
        },
        {
          "acoustic_entropy": 7.689427375793457,
          "acoustic_entropy_side": 7.6285552978515625,
          "hz": 9876.909183162974
        },
        {
          "acoustic_entropy": 7.704256534576416,
          "acoustic_entropy_side": 7.628565788269043,
          "hz": 10813.587699516042
        },
        {
          "acoustic_entropy": 7.686638355255127,
          "acoustic_entropy_side": 7.628612995147705,
          "hz": 11833.21735289826
        },
        {
          "acoustic_entropy": 7.65483283996582,
          "acoustic_entropy_side": 7.628625392913818,
          "hz": 12943.144197493959
        },
        {
          "acoustic_entropy": 7.640363693237305,
          "acoustic_entropy_side": 7.628500461578369,
          "hz": 14151.364845322005
        },
        {
          "acoustic_entropy": 7.638970375061035,
          "acoustic_entropy_side": 7.628550052642822,
          "hz": 15466.58407886509
        },
        {
          "acoustic_entropy": 7.636436462402344,
          "acoustic_entropy_side": 7.628610610961914,
          "hz": 16898.27756580493
        },
        {
          "acoustic_entropy": 7.633189678192139,
          "acoustic_entropy_side": 7.628469467163086,
          "hz": 18456.760127700032
        },
        {
          "acoustic_entropy": 7.629694938659668,
          "acoustic_entropy_side": 7.628472328186035,
          "hz": 20153.260054456492
        },
        {
          "acoustic_entropy": 7.628586769104004,
          "acoustic_entropy_side": 7.628481864929199,
          "hz": 22000.00000000001
        }
      ],
      "diff_acoustic_entropy": 5.204855918884277,
      "sn": 6
    },
    {
      "acoustic_entropy": 11.870946884155273,
      "acoustic_entropy_mono": 11.460723876953125,
      "band_eliminated_acoustic_entropies": [
        {
          "acoustic_entropy": 11.866341590881348,
          "acoustic_entropy_side": 11.874530792236328,
          "hz": 129.47220167065723
        },
        {
          "acoustic_entropy": 12.110795974731445,
          "acoustic_entropy_side": 11.874092102050781,
          "hz": 202.92927478742237
        },
        {
          "acoustic_entropy": 12.663918495178223,
          "acoustic_entropy_side": 11.898239135742188,
          "hz": 282.89161906338205
        },
        {
          "acoustic_entropy": 12.280662536621094,
          "acoustic_entropy_side": 12.007584571838379,
          "hz": 369.9353335868758
        },
        {
          "acoustic_entropy": 11.446052551269531,
          "acoustic_entropy_side": 12.117724418640137,
          "hz": 464.6875360973435
        },
        {
          "acoustic_entropy": 12.457840919494629,
          "acoustic_entropy_side": 12.144574165344238,
          "hz": 567.8308811364784
        },
        {
          "acoustic_entropy": 12.50978946685791,
          "acoustic_entropy_side": 11.794371604919434,
          "hz": 680.1084783214808
        },
        {
          "acoustic_entropy": 12.736008644104004,
          "acoustic_entropy_side": 12.172772407531738,
          "hz": 802.3292461747484
        },
        {
          "acoustic_entropy": 12.471681594848633,
          "acoustic_entropy_side": 12.011656761169434,
          "hz": 935.3737400823702
        },
        {
          "acoustic_entropy": 11.901589393615723,
          "acoustic_entropy_side": 11.785812377929688,
          "hz": 1080.2004963696966
        },
        {
          "acoustic_entropy": 11.619629859924316,
          "acoustic_entropy_side": 12.134964942932129,
          "hz": 1237.8529382007157
        },
        {
          "acoustic_entropy": 12.784549713134766,
          "acoustic_entropy_side": 12.328837394714355,
          "hz": 1409.4668930556702
        },
        {
          "acoustic_entropy": 11.744668960571289,
          "acoustic_entropy_side": 11.595396041870117,
          "hz": 1596.2787759475705
        },
        {
          "acoustic_entropy": 11.5362548828125,
          "acoustic_entropy_side": 11.918864250183105,
          "hz": 1799.6344973346393
        },
        {
          "acoustic_entropy": 11.935405731201172,
          "acoustic_entropy_side": 11.71846866607666,
          "hz": 2020.9991599069049
        },
        {
          "acoustic_entropy": 11.553587913513184,
          "acoustic_entropy_side": 11.854888916015625,
          "hz": 2261.9676141086993
        },
        {
          "acoustic_entropy": 12.101945877075195,
          "acoustic_entropy_side": 11.625946998596191,
          "hz": 2524.2759484456974
        },
        {
          "acoustic_entropy": 12.106709480285645,
          "acoustic_entropy_side": 11.809713363647461,
          "hz": 2809.813997359896
        },
        {
          "acoustic_entropy": 11.616212844848633,
          "acoustic_entropy_side": 11.675712585449219,
          "hz": 3120.6389567871424
        },
        {
          "acoustic_entropy": 11.780288696289062,
          "acoustic_entropy_side": 11.53796672821045,
          "hz": 3458.990205492291
        },
        {
          "acoustic_entropy": 11.397170066833496,
          "acoustic_entropy_side": 11.729676246643066,
          "hz": 3827.305438964164
        },
        {
          "acoustic_entropy": 12.136486053466797,
          "acoustic_entropy_side": 11.885087966918945,
          "hz": 4228.238232109126
        },
        {
          "acoustic_entropy": 11.735795021057129,
          "acoustic_entropy_side": 11.734847068786621,
          "hz": 4664.6771572759235
        },
        {
          "acoustic_entropy": 11.663562774658203,
          "acoustic_entropy_side": 11.855742454528809,
          "hz": 5139.766595350093
        },
        {
          "acoustic_entropy": 11.983388900756836,
          "acoustic_entropy_side": 11.826531410217285,
          "hz": 5656.929389854203
        },
        {
          "acoustic_entropy": 11.872640609741211,
          "acoustic_entropy_side": 11.822209358215332,
          "hz": 6219.891507268283
        },
        {
          "acoustic_entropy": 11.667696952819824,
          "acoustic_entropy_side": 11.867574691772461,
          "hz": 6832.70888123896
        },
        {
          "acoustic_entropy": 11.64428997039795,
          "acoustic_entropy_side": 11.864760398864746,
          "hz": 7499.796634079867
        },
        {
          "acoustic_entropy": 11.832097053527832,
          "acoustic_entropy_side": 11.870831489562988,
          "hz": 8225.96088609342
        },
        {
          "acoustic_entropy": 11.915844917297363,
          "acoustic_entropy_side": 11.869613647460938,
          "hz": 9016.43338188839
        },
        {
          "acoustic_entropy": 11.94250202178955,
          "acoustic_entropy_side": 11.869954109191895,
          "hz": 9876.909183162974
        },
        {
          "acoustic_entropy": 11.797781944274902,
          "acoustic_entropy_side": 11.871119499206543,
          "hz": 10813.587699516042
        },
        {
          "acoustic_entropy": 11.75189208984375,
          "acoustic_entropy_side": 11.872088432312012,
          "hz": 11833.21735289826
        },
        {
          "acoustic_entropy": 11.820191383361816,
          "acoustic_entropy_side": 11.871658325195312,
          "hz": 12943.144197493959
        },
        {
          "acoustic_entropy": 11.857449531555176,
          "acoustic_entropy_side": 11.871521949768066,
          "hz": 14151.364845322005
        },
        {
          "acoustic_entropy": 11.849102020263672,
          "acoustic_entropy_side": 11.871926307678223,
          "hz": 15466.58407886509
        },
        {
          "acoustic_entropy": 11.903538703918457,
          "acoustic_entropy_side": 11.872068405151367,
          "hz": 16898.27756580493
        },
        {
          "acoustic_entropy": 11.86197280883789,
          "acoustic_entropy_side": 11.871417045593262,
          "hz": 18456.760127700032
        },
        {
          "acoustic_entropy": 11.870002746582031,
          "acoustic_entropy_side": 11.870939254760742,
          "hz": 20153.260054456492
        },
        {
          "acoustic_entropy": 11.871216773986816,
          "acoustic_entropy_side": 11.870941162109375,
          "hz": 22000.00000000001
        }
      ],
      "diff_acoustic_entropy": 7.180879592895508,
      "sn": 12
    },
    {
      "acoustic_entropy": 18.275671005249023,
      "acoustic_entropy_mono": 15.872260093688965,
      "band_eliminated_acoustic_entropies": [
        {
          "acoustic_entropy": 16.818384170532227,
          "acoustic_entropy_side": 18.241214752197266,
          "hz": 129.47220167065723
        },
        {
          "acoustic_entropy": 18.17100715637207,
          "acoustic_entropy_side": 18.090518951416016,
          "hz": 202.92927478742237
        },
        {
          "acoustic_entropy": 19.12199592590332,
          "acoustic_entropy_side": 17.576107025146484,
          "hz": 282.89161906338205
        },
        {
          "acoustic_entropy": 17.986316680908203,
          "acoustic_entropy_side": 18.08538818359375,
          "hz": 369.9353335868758
        },
        {
          "acoustic_entropy": 17.945844650268555,
          "acoustic_entropy_side": 18.098770141601562,
          "hz": 464.6875360973435
        },
        {
          "acoustic_entropy": 18.12434196472168,
          "acoustic_entropy_side": 18.02459716796875,
          "hz": 567.8308811364784
        },
        {
          "acoustic_entropy": 17.07809829711914,
          "acoustic_entropy_side": 17.52412986755371,
          "hz": 680.1084783214808
        },
        {
          "acoustic_entropy": 17.430545806884766,
          "acoustic_entropy_side": 17.35703468322754,
          "hz": 802.3292461747484
        },
        {
          "acoustic_entropy": 17.357019424438477,
          "acoustic_entropy_side": 17.512239456176758,
          "hz": 935.3737400823702
        },
        {
          "acoustic_entropy": 17.49826431274414,
          "acoustic_entropy_side": 18.372570037841797,
          "hz": 1080.2004963696966
        },
        {
          "acoustic_entropy": 18.1453857421875,
          "acoustic_entropy_side": 17.89124298095703,
          "hz": 1237.8529382007157
        },
        {
          "acoustic_entropy": 17.665395736694336,
          "acoustic_entropy_side": 17.766956329345703,
          "hz": 1409.4668930556702
        },
        {
          "acoustic_entropy": 18.091611862182617,
          "acoustic_entropy_side": 18.783203125,
          "hz": 1596.2787759475705
        },
        {
          "acoustic_entropy": 17.322465896606445,
          "acoustic_entropy_side": 18.234844207763672,
          "hz": 1799.6344973346393
        },
        {
          "acoustic_entropy": 17.54739761352539,
          "acoustic_entropy_side": 18.319730758666992,
          "hz": 2020.9991599069049
        },
        {
          "acoustic_entropy": 18.28163719177246,
          "acoustic_entropy_side": 18.31589126586914,
          "hz": 2261.9676141086993
        },
        {
          "acoustic_entropy": 19.25263214111328,
          "acoustic_entropy_side": 18.52706527709961,
          "hz": 2524.2759484456974
        },
        {
          "acoustic_entropy": 18.503589630126953,
          "acoustic_entropy_side": 18.49334144592285,
          "hz": 2809.813997359896
        },
        {
          "acoustic_entropy": 18.457462310791016,
