{
  "acoustic_entropy": 226.5185546875,
  "bands": [
    {
      "high_freq": 148.1999969482422,
      "loudness": -17.45332145690918,
      "loudness_range": 6.984328269958496,
      "mid_mean": -13.791269302368164,
      "mid_to_side_loudness": -27.76814842224121,
      "mid_to_side_loudness_range": 28.33544921875,
      "side_mean": -42.5974006652832
    },
    {
      "high_freq": 392.3793640136719,
      "loudness": -20.67963409423828,
      "loudness_range": 6.45262336730957,
      "low_freq": 148.1999969482422,
      "mid_mean": -17.48121452331543,
      "mid_to_side_loudness": -11.199321746826172,
      "mid_to_side_loudness_range": 14.535377502441406,
      "side_mean": -28.856555938720703
    },
    {
      "high_freq": 794.6976318359375,
      "loudness": -21.954395294189453,
      "loudness_range": 9.522117614746094,
      "low_freq": 392.3793640136719,
      "mid_mean": -19.045085906982422,
      "mid_to_side_loudness": -7.917945384979248,
      "mid_to_side_loudness_range": 9.636300086975098,
      "side_mean": -27.04566764831543
    },
    {
      "high_freq": 1457.5709228515625,
      "loudness": -20.818771362304688,
      "loudness_range": 13.209101676940918,
      "low_freq": 794.6976318359375,
      "mid_mean": -17.90036964416504,
      "mid_to_side_loudness": -8.484804153442383,
      "mid_to_side_loudness_range": 12.2051362991333,
      "side_mean": -26.460351943969727
    },
    {
      "high_freq": 2549.74365234375,
      "loudness": -19.15310287475586,
      "loudness_range": 13.261077880859375,
      "low_freq": 1457.5709228515625,
      "mid_mean": -16.33711814880371,
      "mid_to_side_loudness": -7.606215476989746,
      "mid_to_side_loudness_range": 11.356241226196289,
      "side_mean": -23.989849090576172
    },
    {
      "high_freq": 4349.24462890625,
      "loudness": -17.9314022064209,
      "loudness_range": 10.310675621032715,
      "low_freq": 2549.74365234375,
      "mid_mean": -15.043391227722168,
      "mid_to_side_loudness": -7.668697834014893,
      "mid_to_side_loudness_range": 9.147469520568848,
      "side_mean": -22.791913986206055
    },
    {
      "high_freq": 7314.1640625,
      "loudness": -19.170570373535156,
      "loudness_range": 9.078134536743164,
      "low_freq": 4349.24462890625,
      "mid_mean": -16.1798095703125,
      "mid_to_side_loudness": -8.32997989654541,
      "mid_to_side_loudness_range": 8.952644348144531,
      "side_mean": -24.58277130126953
    },
    {
      "high_freq": 12199.2666015625,
      "loudness": -24.39540672302246,
      "loudness_range": 8.656671524047852,
      "low_freq": 7314.1640625,
      "mid_mean": -21.48343849182129,
      "mid_to_side_loudness": -7.863517761230469,
      "mid_to_side_loudness_range": 9.9002103805542,
      "side_mean": -29.462406158447266
    },
    {
      "loudness": -34.935489654541016,
      "loudness_range": 12.967443466186523,
      "low_freq": 12199.2666015625,
      "mid_mean": -32.14144515991211,
      "mid_to_side_loudness": -7.747415065765381,
      "mid_to_side_loudness_range": 12.891456604003906,
      "side_mean": -39.9699821472168
    }
  ],
  "bands_short": [
    {
      "high_freq": 148.1999969482422,
      "loudness": -23.536603927612305,
      "loudness_range": 27.51694679260254,
      "mid_mean": -19.900697708129883,
      "mid_to_side_loudness": -28.32586097717285,
      "mid_to_side_loudness_range": 35.784507751464844,
      "side_mean": -50.555110931396484
    },
    {
      "high_freq": 392.3793640136719,
      "loudness": -22.07565689086914,
      "loudness_range": 14.591317176818848,
      "low_freq": 148.1999969482422,
      "mid_mean": -19.129756927490234,
      "mid_to_side_loudness": -10.911336898803711,
      "mid_to_side_loudness_range": 21.150171279907227,
      "side_mean": -30.291118621826172
    },
    {
      "high_freq": 794.6976318359375,
      "loudness": -23.046445846557617,
      "loudness_range": 13.470664978027344,
      "low_freq": 392.3793640136719,
      "mid_mean": -20.3961238861084,
      "mid_to_side_loudness": -7.3831562995910645,
      "mid_to_side_loudness_range": 13.936198234558105,
      "side_mean": -27.848276138305664
    },
    {
      "high_freq": 1457.5709228515625,
      "loudness": -22.08679962158203,
      "loudness_range": 16.720718383789062,
      "low_freq": 794.6976318359375,
      "mid_mean": -19.439523696899414,
      "mid_to_side_loudness": -7.665493488311768,
      "mid_to_side_loudness_range": 14.970312118530273,
      "side_mean": -27.25004005432129
    },
    {
      "high_freq": 2549.74365234375,
      "loudness": -20.59065055847168,
      "loudness_range": 17.283605575561523,
      "low_freq": 1457.5709228515625,
      "mid_mean": -17.963769912719727,
      "mid_to_side_loudness": -7.1946797370910645,
      "mid_to_side_loudness_range": 13.773405075073242,
      "side_mean": -25.215465545654297
    },
    {
      "high_freq": 4349.24462890625,
      "loudness": -19.213010787963867,
      "loudness_range": 14.699447631835938,
      "low_freq": 2549.74365234375,
      "mid_mean": -16.495420455932617,
      "mid_to_side_loudness": -7.126492977142334,
      "mid_to_side_loudness_range": 11.984274864196777,
      "side_mean": -23.784334182739258
    },
    {
      "high_freq": 7314.1640625,
      "loudness": -20.283733367919922,
      "loudness_range": 14.221332550048828,
      "low_freq": 4349.24462890625,
      "mid_mean": -17.431316375732422,
      "mid_to_side_loudness": -7.90696907043457,
      "mid_to_side_loudness_range": 12.175713539123535,
      "side_mean": -25.536056518554688
    },
    {
      "high_freq": 12199.2666015625,
      "loudness": -25.5980167388916,
      "loudness_range": 14.271337509155273,
      "low_freq": 7314.1640625,
      "mid_mean": -22.8366641998291,
      "mid_to_side_loudness": -7.481758117675781,
      "mid_to_side_loudness_range": 12.24394702911377,
      "side_mean": -30.533456802368164
    },
    {
      "loudness": -36.70854568481445,
      "loudness_range": 18.514904022216797,
      "low_freq": 12199.2666015625,
      "mid_mean": -34.07701110839844,
      "mid_to_side_loudness": -7.587008476257324,
      "mid_to_side_loudness_range": 14.975784301757812,
      "side_mean": -41.769309997558594
    }
  ],
  "bandwidth": 881.0962524414062,
  "channels": 2,
  "covariance": [
    [
      9.500277519226074,
      2.4214038848876953,
      1.3803253173828125,
      -0.6879454255104065,
      -0.38453036546707153,
      -0.7981260418891907,
      -0.6721040606498718,
      -1.096360683441162,
      -1.1032955646514893,
      -0.844099760055542,
      0.14397108554840088,
      0.0546535961329937,
      0.26662740111351013,
      0.038094036281108856,
      0.820340096950531,
      0.36564192175865173,
      1.5311862230300903,
      0.7542558312416077
    ],
    [
      2.4214038848876953,
      54.78622817993164,
      1.412003993988037,
      10.428092956542969,
      2.9242992401123047,
      5.883270740509033,
      3.0564627647399902,
      8.044332504272461,
      6.114233493804932,
      9.014524459838867,
      6.7752251625061035,
      10.481051445007324,
      6.196831226348877,
      12.08985710144043,
      4.260910987854004,
      11.276680946350098,
      6.495182991027832,
      13.107617378234863
    ],
    [
      1.3803253173828125,
      1.412003993988037,
      7.734224796295166,
      2.8210840225219727,
      2.418195962905884,
      2.474072217941284,
      0.6609830260276794,
      1.8594071865081787,
      0.6301144957542419,
      1.3638056516647339,
      2.1564853191375732,
      1.4708936214447021,
      1.680405855178833,
      0.6989359855651855,
      2.571491241455078,
      1.919089913368225,
      3.7611303329467773,
      3.2127625942230225
    ],
    [
      -0.6879454255104065,
      10.428092956542969,
      2.8210840225219727,
      24.25190544128418,
      2.155958890914917,
      10.8930082321167,
      -1.1316337585449219,
      10.1087646484375,
      -0.08604584634304047,
      7.578061580657959,
      0.6258386969566345,
      5.496841907501221,
      -0.08064867556095123,
      3.8441600799560547,
      0.4293172061443329,
      5.931491374969482,
      1.4706770181655884,
      5.782493591308594
    ],
    [
      -0.38453036546707153,
      2.9242992401123047,
      2.418195962905884,
      2.155958890914917,
      12.602866172790527,
      8.179670333862305,
      8.358665466308594,
      6.212253570556641,
      5.011166572570801,
      3.8323657512664795,
      5.6530680656433105,
      3.2496497631073,
      5.22676420211792,
      2.6599621772766113,
      2.4341912269592285,
      1.9694277048110962,
      2.2267379760742188,
      1.400585412979126
    ],
    [
      -0.7981260418891907,
      5.883270740509033,
      2.474072217941284,
      10.8930082321167,
      8.179670333862305,
      15.551730155944824,
      4.881770610809326,
      11.908929824829102,
      4.192237854003906,
      8.490975379943848,
      3.727564573287964,
      6.308115005493164,
      2.5209219455718994,
      3.4274685382843018,
      1.1559324264526367,
      3.0404036045074463,
      1.7144536972045898,
      3.204169273376465
    ],
    [
      -0.6721040606498718,
      3.0564627647399902,
      0.6609830260276794,
      -1.1316337585449219,
      8.358665466308594,
      4.881770610809326,
      22.253490447998047,
      12.913171768188477,
      14.371813774108887,
      7.372758388519287,
      6.228165626525879,
      2.3269155025482178,
      5.312227725982666,
      0.2333209365606308,
      0.4301305413246155,
      -1.5955475568771362,
      -0.5524774789810181,
      -2.4098687171936035
    ],
    [
      -1.096360683441162,
      8.044332504272461,
      1.8594071865081787,
      10.1087646484375,
      6.212253570556641,
      11.908929824829102,
      12.913171768188477,
      21.58034324645996,
      9.216384887695312,
      12.509673118591309,
      4.1957550048828125,
      5.687870979309082,
      2.0160751342773438,
      1.2676072120666504,
      -0.6030184626579285,
      0.32105764746665955,
      -0.6773285865783691,
      0.5938206911087036
    ],
    [
      -1.1032955646514893,
      6.114233493804932,
      0.6301144957542419,
      -0.08604584634304047,
      5.011166572570801,
      4.192237854003906,
      14.371813774108887,
      9.216384887695312,
      22.200246810913086,
      12.648918151855469,
      5.207525253295898,
      4.232933044433594,
      5.445576190948486,
      3.1133275032043457,
      1.8938045501708984,
      2.006218433380127,
      0.7851652503013611,
      1.2542110681533813
    ],
    [
      -0.844099760055542,
      9.014524459838867,
      1.3638056516647339,
      7.578061580657959,
      3.8323657512664795,
      8.490975379943848,
      7.372758388519287,
      12.509673118591309,
      12.648918151855469,
      17.834131240844727,
      4.438858985900879,
      9.031277656555176,
      3.0687813758850098,
      5.453739166259766,
      1.3559447526931763,
      4.419636249542236,
      0.48933565616607666,
      4.281079292297363
    ],
    [
      0.14397108554840088,
      6.7752251625061035,
      2.1564853191375732,
      0.6258386969566345,
      5.6530680656433105,
      3.727564573287964,
      6.228165626525879,
      4.1957550048828125,
      5.207525253295898,
      4.438858985900879,
      14.428919792175293,
      8.165238380432129,
      9.872272491455078,
      6.365410804748535,
      4.453217506408691,
      4.424222469329834,
      5.4720354080200195,
      5.508864402770996
    ],
    [
      0.0546535961329937,
      10.481051445007324,
      1.4708936214447021,
      5.496841907501221,
      3.2496497631073,
      6.308115005493164,
      2.3269155025482178,
      5.687870979309082,
      4.232933044433594,
      9.031277656555176,
      8.165238380432129,
      13.03524112701416,
      5.889142990112305,
      10.27254581451416,
      4.121273994445801,
      8.71148681640625,
      4.990909099578857,
      10.0460844039917
    ],
    [
      0.26662740111351013,
      6.196831226348877,
      1.680405855178833,
      -0.08064867556095123,
      5.22676420211792,
      2.5209219455718994,
      5.312227725982666,
      2.0160751342773438,
      5.445576190948486,
      3.0687813758850098,
      9.872272491455078,
      5.889142990112305,
      11.594161033630371,
      8.40917682647705,
      6.418306827545166,
      7.226430892944336,
      6.845184803009033,
      7.717839241027832
    ],
    [
      0.038094036281108856,
      12.08985710144043,
      0.6989359855651855,
      3.8441600799560547,
      2.6599621772766113,
      3.4274685382843018,
      0.2333209365606308,
      1.2676072120666504,
      3.1133275032043457,
      5.453739166259766,
      6.365410804748535,
      10.27254581451416,
      8.40917682647705,
      15.252856254577637,
      6.547420978546143,
      14.806256294250488,
      6.936892986297607,
      15.664665222167969
    ],
    [
      0.820340096950531,
      4.260910987854004,
      2.571491241455078,
      0.4293172061443329,
      2.4341912269592285,
      1.1559324264526367,
      0.4301305413246155,
      -0.6030184626579285,
      1.8938045501708984,
      1.3559447526931763,
      4.453217506408691,
      4.121273994445801,
      6.418306827545166,
      6.547420978546143,
      9.580554008483887,
      9.619585990905762,
      11.749126434326172,
      12.230470657348633
    ],
    [
      0.36564192175865173,
      11.276680946350098,
      1.919089913368225,
      5.931491374969482,
      1.9694277048110962,
      3.0404036045074463,
      -1.5955475568771362,
      0.32105764746665955,
      2.006218433380127,
      4.419636249542236,
      4.424222469329834,
      8.71148681640625,
      7.226430892944336,
      14.806256294250488,
      9.619585990905762,
      21.125743865966797,
      10.414724349975586,
      23.214157104492188
    ],
    [
      1.5311862230300903,
      6.495182991027832,
      3.7611303329467773,
      1.4706770181655884,
      2.2267379760742188,
      1.7144536972045898,
      -0.5524774789810181,
      -0.6773285865783691,
      0.7851652503013611,
      0.48933565616607666,
      5.4720354080200195,
      4.990909099578857,
      6.845184803009033,
      6.936892986297607,
      11.749126434326172,
      10.414724349975586,
      22.53706932067871,
      20.754812240600586
    ],
    [
      0.7542558312416077,
      13.107617378234863,
      3.2127625942230225,
      5.782493591308594,
      1.400585412979126,
      3.204169273376465,
      -2.4098687171936035,
      0.5938206911087036,
      1.2542110681533813,
      4.281079292297363,
      5.508864402770996,
      10.0460844039917,
      7.717839241027832,
      15.664665222167969,
      12.230470657348633,
      23.214157104492188,
      20.754812240600586,
      36.68392562866211
    ]
  ],
  "covariance_short": [
    [
      84.15509796142578,
      44.75736999511719,
      10.312788009643555,
      3.1750335693359375,
      -3.3702316284179688,
      -1.6031824350357056,
      -3.770026922225952,
      -0.6729940176010132,
      -0.9039878845214844,
      0.3566300570964813,
      2.770059108734131,
      4.975550651550293,
      1.4488234519958496,
      6.370813846588135,
      1.1597049236297607,
      7.674591541290283,
      1.9343587160110474,
      9.877633094787598
    ],
    [
      44.75736999511719,
      123.80941772460938,
      15.953076362609863,
      17.57729721069336,
      8.055187225341797,
      7.621174335479736,
      12.72089958190918,
      12.425662994384766,
      15.382020950317383,
      15.67727279663086,
      19.166481018066406,
      18.453548431396484,
      18.5634822845459,
      21.5767822265625,
      14.391931533813477,
      22.009916305541992,
      17.68840217590332,
      27.2377872467041
    ],
    [
      10.312788009643555,
      15.953076362609863,
      34.15501022338867,
      8.12028694152832,
      10.457437515258789,
      6.304185390472412,
      7.827200889587402,
      5.34075927734375,
      8.116300582885742,
      6.1354827880859375,
      11.861090660095215,
      6.760392189025879,
      10.51845645904541,
      6.957469463348389,
      12.398041725158691,
      9.042749404907227,
      15.178221702575684,
      12.458416938781738
    ],
    [
      3.1750335693359375,
      17.57729721069336,
      8.12028694152832,
      34.38526916503906,
      4.824455738067627,
      15.127500534057617,
      2.1649117469787598,
      13.151015281677246,
      3.7084779739379883,
      12.532474517822266,
      4.679232597351074,
      10.184499740600586,
      1.8639780282974243,
      7.875450134277344,
      2.5571177005767822,
      8.45336627960205,
      3.179630994796753,
      7.280940055847168
    ],
    [
      -3.3702316284179688,
      8.055187225341797,
      10.457437515258789,
      4.824455738067627,
      26.493465423583984,
      14.208364486694336,
      14.536352157592773,
      10.275636672973633,
      10.050326347351074,
      8.005236625671387,
      11.985062599182129,
      7.6683197021484375,
      11.308188438415527,
      7.35333776473999,
      8.05545425415039,
      6.472110271453857,
      8.13455867767334,
      5.615233421325684
    ],
    [
      -1.6031824350357056,
      7.621174335479736,
      6.304185390472412,
      15.127500534057617,
      14.208364486694336,
      25.936100006103516,
      9.070959091186523,
      17.153806686401367,
      8.27433967590332,
      14.378570556640625,
      8.204885482788086,
      11.802831649780273,
      5.917011260986328,
      8.70883560180664,
      4.179961204528809,
      7.421901226043701,
      4.080859661102295,
      5.886044979095459
    ],
    [
      -3.770026922225952,
      12.72089958190918,
      7.827200889587402,
      2.1649117469787598,
      14.536352157592773,
      9.070959091186523,
      38.03387451171875,
      20.399612426757812,
      24.22907066345215,
      14.26138687133789,
      14.401244163513184,
      7.366577625274658,
      13.724128723144531,
      5.101958751678467,
      6.315885066986084,
      1.9598593711853027,
      7.330403804779053,
      2.1571595668792725
    ],
    [
      -0.6729940176010132,
      12.425662994384766,
      5.34075927734375,
      13.151015281677246,
      10.275636672973633,
      17.153806686401367,
      20.399612426757812,
      32.2081413269043,
      15.215198516845703,
      19.88045883178711,
      8.859949111938477,
      11.761075973510742,
      5.581864356994629,
      6.40447473526001,
      2.0409624576568604,
      3.6970582008361816,
      2.8556480407714844,
      4.000304698944092
    ],
    [
      -0.9039878845214844,
      15.382020950317383,
      8.116300582885742,
      3.7084779739379883,
      10.050326347351074,
      8.27433967590332,
      24.22907066345215,
      15.215198516845703,
      38.09424591064453,
      22.452451705932617,
      15.082320213317871,
      10.919757843017578,
      15.344867706298828,
      10.14037799835205,
      9.475292205810547,
      7.903223991394043,
      9.279833793640137,
      7.481910228729248
    ],
    [
      0.3566300570964813,
      15.67727279663086,
      6.1354827880859375,
      12.532474517822266,
      8.005236625671387,
      14.378570556640625,
      14.26138687133789,
      19.88045883178711,
      22.452451705932617,
      30.806549072265625,
      11.996871948242188,
      17.440481185913086,
      9.222365379333496,
      13.10004711151123,
      6.625323295593262,
      11.011658668518066,
      6.347162246704102,
      10.391471862792969
    ],
    [
      2.770059108734131,
      19.166481018066406,
      11.861090660095215,
      4.679232597351074,
      11.985062599182129,
      8.204885482788086,
      14.401244163513184,
      8.859949111938477,
      15.082320213317871,
      11.996871948242188,
      31.087017059326172,
      18.031352996826172,
      23.57254409790039,
      16.72652244567871,
      15.172019958496094,
      14.25068473815918,
      16.4042911529541,
      15.248607635498047
    ],
    [
      4.975550651550293,
      18.453548431396484,
      6.760392189025879,
      10.184499740600586,
      7.6683197021484375,
      11.802831649780273,
      7.366577625274658,
      11.761075973510742,
      10.919757843017578,
      17.440481185913086,
      18.031352996826172,
      24.632389068603516,
      13.409887313842773,
      19.945972442626953,
      10.594047546386719,
      17.47682762145996,
      10.975184440612793,
      17.591243743896484
    ],
    [
      1.4488234519958496,
      18.5634822845459,
      10.51845645904541,
      1.8639780282974243,
      11.308188438415527,
      5.917011260986328,
      13.724128723144531,
      5.581864356994629,
      15.344867706298828,
      9.222365379333496,
      23.57254409790039,
      13.409887313842773,
      29.280906677246094,
      18.850683212280273,
      19.758893966674805,
      17.660654067993164,
      19.849140167236328,
      18.129150390625
    ],
    [
      6.370813846588135,
      21.5767822265625,
      6.957469463348389,
      7.875450134277344,
      7.35333776473999,
      8.70883560180664,
      5.101958751678467,
      6.40447473526001,
      10.14037799835205,
      13.10004711151123,
      16.72652244567871,
      19.945972442626953,
      18.850683212280273,
      28.356483459472656,
      15.41295337677002,
      26.250972747802734,
      14.834839820861816,
      25.981042861938477
    ],
    [
      1.1597049236297607,
      14.391931533813477,
      12.398041725158691,
      2.5571177005767822,
      8.05545425415039,
      4.179961204528809,
      6.315885066986084,
      2.0409624576568604,
      9.475292205810547,
      6.625323295593262,
      15.172019958496094,
      10.594047546386719,
      19.758893966674805,
      15.41295337677002,
      27.068082809448242,
      21.880868911743164,
      28.163949966430664,
      25.65074348449707
    ],
    [
      7.674591541290283,
      22.009916305541992,
      9.042749404907227,
      8.45336627960205,
      6.472110271453857,
      7.421901226043701,
      1.9598593711853027,
      3.6970582008361816,
      7.903223991394043,
      11.011658668518066,
      14.25068473815918,
      17.47682762145996,
      17.660654067993164,
      26.250972747802734,
      21.880868911743164,
      36.95211410522461,
      21.390506744384766,
      38.011898040771484
    ],
    [
      1.9343587160110474,
      17.68840217590332,
      15.178221702575684,
      3.179630994796753,
      8.13455867767334,
      4.080859661102295,
      7.330403804779053,
      2.8556480407714844,
      9.279833793640137,
      6.347162246704102,
      16.4042911529541,
      10.975184440612793,
      19.849140167236328,
      14.834839820861816,
      28.163949966430664,
      21.390506744384766,
      42.59856414794922,
      35.33399963378906
    ],
    [
      9.877633094787598,
      27.2377872467041,
      12.458416938781738,
      7.280940055847168,
      5.615233421325684,
      5.886044979095459,
      2.1571595668792725,
      4.000304698944092,
      7.481910228729248,
      10.391471862792969,
      15.248607635498047,
      17.591243743896484,
      18.129150390625,
      25.981042861938477,
      25.65074348449707,
      38.011898040771484,
      35.33399963378906,
      57.85285186767578
    ]
  ],
  "damage": -3.524773597717285,
  "diff_bandwidth": 867.1605834960938,
  "dissonance": 11.169445875192121,
  "drr": 5.1362504959106445,
  "dynamics": 2.117806911468506,
  "format": 1245190,
  "frames": 11269056,
  "loudness": -6.618320941925049,
  "loudness_range": 4.692561149597168,
  "loudness_range_short": 7.976232528686523,
  "lowpass_true_peak_15khz": 0.5812451839447021,
  "mastering3_acoustic_entropies": [
    {
      "acoustic_entropy": 7.795121192932129,
      "acoustic_entropy_mono": 7.77525520324707,
      "band_eliminated_acoustic_entropies": [
        {
          "acoustic_entropy": 7.255537986755371,
          "acoustic_entropy_side": 7.795175552368164,
          "hz": 129.47220167065723
        },
        {
          "acoustic_entropy": 7.1900410652160645,
          "acoustic_entropy_side": 7.7979865074157715,
          "hz": 202.92927478742237
        },
        {
          "acoustic_entropy": 7.637194633483887,
          "acoustic_entropy_side": 7.798615455627441,
          "hz": 282.89161906338205
        },
        {
          "acoustic_entropy": 7.723998069763184,
          "acoustic_entropy_side": 7.791429042816162,
          "hz": 369.9353335868758
        },
        {
          "acoustic_entropy": 7.75707483291626,
          "acoustic_entropy_side": 7.77156925201416,
          "hz": 464.6875360973435
        },
        {
          "acoustic_entropy": 7.173976421356201,
          "acoustic_entropy_side": 7.762653350830078,
          "hz": 567.8308811364784
        },
        {
          "acoustic_entropy": 7.75209379196167,
          "acoustic_entropy_side": 7.806124210357666,
          "hz": 680.1084783214808
        },
        {
          "acoustic_entropy": 7.6014251708984375,
          "acoustic_entropy_side": 7.8265700340271,
          "hz": 802.3292461747484
        },
        {
          "acoustic_entropy": 7.555202960968018,
          "acoustic_entropy_side": 7.826885223388672,
          "hz": 935.3737400823702
        },
        {
          "acoustic_entropy": 8.101252555847168,
          "acoustic_entropy_side": 7.615623474121094,
          "hz": 1080.2004963696966
        },
        {
          "acoustic_entropy": 7.286756992340088,
          "acoustic_entropy_side": 7.755699157714844,
          "hz": 1237.8529382007157
        },
        {
          "acoustic_entropy": 7.3176774978637695,
          "acoustic_entropy_side": 7.713439464569092,
          "hz": 1409.4668930556702
        },
        {
          "acoustic_entropy": 7.6579461097717285,
          "acoustic_entropy_side": 7.693166732788086,
          "hz": 1596.2787759475705
        },
        {
          "acoustic_entropy": 7.4160847663879395,
          "acoustic_entropy_side": 7.651124000549316,
          "hz": 1799.6344973346393
        },
        {
          "acoustic_entropy": 7.570051193237305,
          "acoustic_entropy_side": 7.962149143218994,
          "hz": 2020.9991599069049
        },
        {
          "acoustic_entropy": 7.823831558227539,
          "acoustic_entropy_side": 7.812521457672119,
          "hz": 2261.9676141086993
        },
        {
          "acoustic_entropy": 7.604874134063721,
          "acoustic_entropy_side": 7.720656394958496,
          "hz": 2524.2759484456974
        },
        {
          "acoustic_entropy": 8.087786674499512,
          "acoustic_entropy_side": 7.728404998779297,
          "hz": 2809.813997359896
        },
        {
          "acoustic_entropy": 7.870643138885498,
          "acoustic_entropy_side": 7.702138423919678,
          "hz": 3120.6389567871424
        },
        {
          "acoustic_entropy": 7.6156325340271,
          "acoustic_entropy_side": 7.687603950500488,
          "hz": 3458.990205492291
        },
        {
          "acoustic_entropy": 7.430354595184326,
          "acoustic_entropy_side": 7.651975154876709,
          "hz": 3827.305438964164
        },
        {
          "acoustic_entropy": 7.570743083953857,
          "acoustic_entropy_side": 7.523362159729004,
          "hz": 4228.238232109126
        },
        {
          "acoustic_entropy": 7.431865692138672,
          "acoustic_entropy_side": 7.639157772064209,
          "hz": 4664.6771572759235
        },
        {
          "acoustic_entropy": 7.475021839141846,
          "acoustic_entropy_side": 7.664761543273926,
          "hz": 5139.766595350093
        },
        {
          "acoustic_entropy": 7.711758613586426,
          "acoustic_entropy_side": 7.715559959411621,
          "hz": 5656.929389854203
        },
        {
          "acoustic_entropy": 7.678439140319824,
          "acoustic_entropy_side": 7.752533912658691,
          "hz": 6219.891507268283
        },
        {
          "acoustic_entropy": 7.663345813751221,
          "acoustic_entropy_side": 7.7887091636657715,
          "hz": 6832.70888123896
        },
        {
          "acoustic_entropy": 7.646896839141846,
          "acoustic_entropy_side": 7.80206823348999,
          "hz": 7499.796634079867
        },
        {
          "acoustic_entropy": 7.6114277839660645,
          "acoustic_entropy_side": 7.814527988433838,
          "hz": 8225.96088609342
        },
        {
          "acoustic_entropy": 7.5667524337768555,
          "acoustic_entropy_side": 7.810837268829346,
          "hz": 9016.43338188839
        },
        {
          "acoustic_entropy": 7.599653244018555,
          "acoustic_entropy_side": 7.805293083190918,
          "hz": 9876.909183162974
        },
        {
          "acoustic_entropy": 7.604537010192871,
          "acoustic_entropy_side": 7.802009105682373,
          "hz": 10813.587699516042
        },
        {
          "acoustic_entropy": 7.687527179718018,
          "acoustic_entropy_side": 7.798624515533447,
          "hz": 11833.21735289826
        },
        {
          "acoustic_entropy": 7.722598552703857,
          "acoustic_entropy_side": 7.783239364624023,
          "hz": 12943.144197493959
        },
        {
          "acoustic_entropy": 7.690252304077148,
          "acoustic_entropy_side": 7.785420894622803,
          "hz": 14151.364845322005
        },
        {
          "acoustic_entropy": 7.75401496887207,
          "acoustic_entropy_side": 7.792407512664795,
          "hz": 15466.58407886509
        },
        {
          "acoustic_entropy": 7.774772644042969,
          "acoustic_entropy_side": 7.795443534851074,
          "hz": 16898.27756580493
        },
        {
          "acoustic_entropy": 7.788901329040527,
          "acoustic_entropy_side": 7.796187877655029,
          "hz": 18456.760127700032
        },
        {
          "acoustic_entropy": 7.796667575836182,
          "acoustic_entropy_side": 7.795717716217041,
          "hz": 20153.260054456492
        },
        {
          "acoustic_entropy": 7.797543525695801,
          "acoustic_entropy_side": 7.795175075531006,
          "hz": 22000.00000000001
        }
      ],
      "diff_acoustic_entropy": 7.752318382263184,
      "sn": 6
    },
    {
      "acoustic_entropy": 12.063941955566406,
      "acoustic_entropy_mono": 11.642280578613281,
      "band_eliminated_acoustic_entropies": [
        {
          "acoustic_entropy": 11.588582038879395,
          "acoustic_entropy_side": 12.064376831054688,
          "hz": 129.47220167065723
        },
        {
          "acoustic_entropy": 12.224691390991211,
          "acoustic_entropy_side": 12.081040382385254,
          "hz": 202.92927478742237
        },
        {
          "acoustic_entropy": 12.031529426574707,
          "acoustic_entropy_side": 12.080015182495117,
          "hz": 282.89161906338205
        },
        {
          "acoustic_entropy": 12.235417366027832,
          "acoustic_entropy_side": 12.050975799560547,
          "hz": 369.9353335868758
        },
        {
          "acoustic_entropy": 12.177909851074219,
          "acoustic_entropy_side": 12.024947166442871,
          "hz": 464.6875360973435
        },
        {
          "acoustic_entropy": 11.39433479309082,
          "acoustic_entropy_side": 11.877312660217285,
          "hz": 567.8308811364784
        },
        {
          "acoustic_entropy": 11.512176513671875,
          "acoustic_entropy_side": 12.22695255279541,
          "hz": 680.1084783214808
        },
        {
          "acoustic_entropy": 11.751945495605469,
          "acoustic_entropy_side": 11.93954086303711,
          "hz": 802.3292461747484
        },
        {
          "acoustic_entropy": 12.2332763671875,
          "acoustic_entropy_side": 12.171879768371582,
          "hz": 935.3737400823702
        },
        {
          "acoustic_entropy": 12.771647453308105,
          "acoustic_entropy_side": 12.333922386169434,
          "hz": 1080.2004963696966
        },
        {
          "acoustic_entropy": 12.308390617370605,
          "acoustic_entropy_side": 11.895115852355957,
          "hz": 1237.8529382007157
        },
        {
          "acoustic_entropy": 11.66407299041748,
          "acoustic_entropy_side": 11.659907341003418,
          "hz": 1409.4668930556702
        },
        {
          "acoustic_entropy": 11.77190113067627,
          "acoustic_entropy_side": 11.791847229003906,
          "hz": 1596.2787759475705
        },
        {
          "acoustic_entropy": 11.694268226623535,
          "acoustic_entropy_side": 12.088964462280273,
          "hz": 1799.6344973346393
        },
        {
          "acoustic_entropy": 12.035699844360352,
          "acoustic_entropy_side": 11.510392189025879,
          "hz": 2020.9991599069049
        },
        {
          "acoustic_entropy": 11.567514419555664,
          "acoustic_entropy_side": 11.792360305786133,
          "hz": 2261.9676141086993
        },
        {
          "acoustic_entropy": 11.823406219482422,
          "acoustic_entropy_side": 11.932581901550293,
          "hz": 2524.2759484456974
        },
        {
          "acoustic_entropy": 12.020057678222656,
          "acoustic_entropy_side": 11.857980728149414,
          "hz": 2809.813997359896
        },
        {
          "acoustic_entropy": 12.000373840332031,
          "acoustic_entropy_side": 11.803264617919922,
          "hz": 3120.6389567871424
        },
        {
          "acoustic_entropy": 11.585952758789062,
          "acoustic_entropy_side": 11.786317825317383,
          "hz": 3458.990205492291
        },
        {
          "acoustic_entropy": 11.684160232543945,
          "acoustic_entropy_side": 11.832240104675293,
          "hz": 3827.305438964164
        },
        {
          "acoustic_entropy": 11.704829216003418,
          "acoustic_entropy_side": 11.994773864746094,
          "hz": 4228.238232109126
        },
        {
          "acoustic_entropy": 11.669963836669922,
          "acoustic_entropy_side": 12.055341720581055,
          "hz": 4664.6771572759235
        },
        {
          "acoustic_entropy": 11.849143028259277,
          "acoustic_entropy_side": 12.014948844909668,
          "hz": 5139.766595350093
        },
        {
          "acoustic_entropy": 12.005924224853516,
          "acoustic_entropy_side": 12.049833297729492,
          "hz": 5656.929389854203
        },
        {
          "acoustic_entropy": 11.843232154846191,
          "acoustic_entropy_side": 12.170087814331055,
          "hz": 6219.891507268283
        },
        {
          "acoustic_entropy": 12.095830917358398,
          "acoustic_entropy_side": 12.150737762451172,
          "hz": 6832.70888123896
        },
        {
          "acoustic_entropy": 11.923669815063477,
          "acoustic_entropy_side": 12.067626953125,
          "hz": 7499.796634079867
        },
        {
          "acoustic_entropy": 12.023032188415527,
          "acoustic_entropy_side": 12.08619499206543,
          "hz": 8225.96088609342
        },
        {
          "acoustic_entropy": 12.043231010437012,
          "acoustic_entropy_side": 12.110942840576172,
          "hz": 9016.43338188839
        },
        {
          "acoustic_entropy": 11.954717636108398,
          "acoustic_entropy_side": 12.076334953308105,
          "hz": 9876.909183162974
        },
        {
          "acoustic_entropy": 11.991276741027832,
          "acoustic_entropy_side": 12.081151962280273,
          "hz": 10813.587699516042
        },
        {
          "acoustic_entropy": 11.999570846557617,
          "acoustic_entropy_side": 12.01240062713623,
          "hz": 11833.21735289826
        },
        {
          "acoustic_entropy": 12.01683521270752,
          "acoustic_entropy_side": 11.876030921936035,
          "hz": 12943.144197493959
        },
        {
          "acoustic_entropy": 12.009546279907227,
          "acoustic_entropy_side": 11.823248863220215,
          "hz": 14151.364845322005
        },
        {
          "acoustic_entropy": 12.080328941345215,
          "acoustic_entropy_side": 11.876875877380371,
          "hz": 15466.58407886509
        },
        {
          "acoustic_entropy": 12.034120559692383,
          "acoustic_entropy_side": 11.923978805541992,
          "hz": 16898.27756580493
        },
        {
          "acoustic_entropy": 12.046205520629883,
          "acoustic_entropy_side": 11.989641189575195,
          "hz": 18456.760127700032
        },
        {
          "acoustic_entropy": 12.083443641662598,
          "acoustic_entropy_side": 12.055075645446777,
          "hz": 20153.260054456492
        },
        {
          "acoustic_entropy": 12.128008842468262,
          "acoustic_entropy_side": 12.06623649597168,
          "hz": 22000.00000000001
        }
      ],
      "diff_acoustic_entropy": 13.067315101623535,
      "sn": 12
    },
    {
      "acoustic_entropy": 18.32581901550293,
      "acoustic_entropy_mono": 15.538817405700684,
      "band_eliminated_acoustic_entropies": [
        {
          "acoustic_entropy": 17.198049545288086,
          "acoustic_entropy_side": 18.336896896362305,
          "hz": 129.47220167065723
        },
        {
          "acoustic_entropy": 17.72540855407715,
          "acoustic_entropy_side": 18.011951446533203,
          "hz": 202.92927478742237
        },
        {
          "acoustic_entropy": 18.684295654296875,
          "acoustic_entropy_side": 18.349817276000977,
          "hz": 282.89161906338205
        },
        {
          "acoustic_entropy": 18.722309112548828,
          "acoustic_entropy_side": 18.249401092529297,
          "hz": 369.9353335868758
        },
        {
          "acoustic_entropy": 19.29850959777832,
          "acoustic_entropy_side": 18.87103843688965,
          "hz": 464.6875360973435
        },
        {
          "acoustic_entropy": 18.343477249145508,
          "acoustic_entropy_side": 18.28778076171875,
          "hz": 567.8308811364784
        },
        {
          "acoustic_entropy": 19.052715301513672,
          "acoustic_entropy_side": 18.352827072143555,
          "hz": 680.1084783214808
        },
        {
          "acoustic_entropy": 18.246732711791992,
          "acoustic_entropy_side": 18.975412368774414,
          "hz": 802.3292461747484
        },
        {
          "acoustic_entropy": 18.21762466430664,
          "acoustic_entropy_side": 17.820682525634766,
          "hz": 935.3737400823702
        },
        {
          "acoustic_entropy": 18.60923194885254,
          "acoustic_entropy_side": 18.573726654052734,
          "hz": 1080.2004963696966
        },
        {
          "acoustic_entropy": 18.028093338012695,
          "acoustic_entropy_side": 18.208101272583008,
          "hz": 1237.8529382007157
        },
        {
          "acoustic_entropy": 17.917930603027344,
          "acoustic_entropy_side": 18.555198669433594,
          "hz": 1409.4668930556702
        },
        {
          "acoustic_entropy": 18.00569725036621,
          "acoustic_entropy_side": 17.832868576049805,
          "hz": 1596.2787759475705
        },
        {
          "acoustic_entropy": 18.091402053833008,
          "acoustic_entropy_side": 18.616334915161133,
          "hz": 1799.6344973346393
        },
        {
          "acoustic_entropy": 18.241540908813477,
          "acoustic_entropy_side": 18.1505126953125,
          "hz": 2020.9991599069049
        },
        {
          "acoustic_entropy": 18.194581985473633,
          "acoustic_entropy_side": 18.253032684326172,
          "hz": 2261.9676141086993
        },
        {
          "acoustic_entropy": 18.18580436706543,
          "acoustic_entropy_side": 18.423795700073242,
          "hz": 2524.2759484456974
        },
        {
          "acoustic_entropy": 18.739952087402344,
          "acoustic_entropy_side": 18.64914321899414,
          "hz": 2809.813997359896
        },
        {
