{
  "acoustic_entropy": 123.29145050048828,
  "bands": [
    {
      "high_freq": 148.1999969482422,
      "loudness": -46.15540313720703,
      "loudness_range": 21.30469512939453,
      "mid_mean": -47.09683609008789,
      "mid_to_side_loudness": 1.6141353845596313,
      "mid_to_side_loudness_range": 10.234792709350586,
      "side_mean": -45.067222595214844
    },
    {
      "high_freq": 392.3793640136719,
      "loudness": -26.862756729125977,
      "loudness_range": 12.581916809082031,
      "low_freq": 148.1999969482422,
      "mid_mean": -24.664579391479492,
      "mid_to_side_loudness": -4.433146953582764,
      "mid_to_side_loudness_range": 8.729940414428711,
      "side_mean": -29.269317626953125
    },
    {
      "high_freq": 794.6976318359375,
      "loudness": -28.06161880493164,
      "loudness_range": 19.62043571472168,
      "low_freq": 392.3793640136719,
      "mid_mean": -27.215009689331055,
      "mid_to_side_loudness": -0.7483857274055481,
      "mid_to_side_loudness_range": 7.734424591064453,
      "side_mean": -27.964275360107422
    },
    {
      "high_freq": 1457.5709228515625,
      "loudness": -36.20412063598633,
      "loudness_range": 19.38190460205078,
      "low_freq": 794.6976318359375,
      "mid_mean": -35.52149963378906,
      "mid_to_side_loudness": -0.21649709343910217,
      "mid_to_side_loudness_range": 5.259644508361816,
      "side_mean": -35.726627349853516
    },
    {
      "high_freq": 2549.74365234375,
      "loudness": -40.74713897705078,
      "loudness_range": 21.138805389404297,
      "low_freq": 1457.5709228515625,
      "mid_mean": -40.25618362426758,
      "mid_to_side_loudness": -0.12415990233421326,
      "mid_to_side_loudness_range": 6.753844261169434,
      "side_mean": -40.347145080566406
    },
    {
      "high_freq": 4349.24462890625,
      "loudness": -50.377220153808594,
      "loudness_range": 26.483383178710938,
      "low_freq": 2549.74365234375,
      "mid_mean": -52.15774917602539,
      "mid_to_side_loudness": -0.19169969856739044,
      "mid_to_side_loudness_range": 7.350969314575195,
      "side_mean": -52.45344161987305
    },
    {
      "high_freq": 7314.1640625,
      "loudness": -59.326263427734375,
      "loudness_range": 25.827754974365234,
      "low_freq": 4349.24462890625,
      "mid_mean": -60.64887237548828,
      "mid_to_side_loudness": -0.2900865077972412,
      "mid_to_side_loudness_range": 6.0884599685668945,
      "side_mean": -60.73109436035156
    },
    {
      "high_freq": 12199.2666015625,
      "loudness": -72.17597198486328,
      "loudness_range": 23.285423278808594,
      "low_freq": 7314.1640625,
      "mid_mean": -67.50454711914062,
      "mid_to_side_loudness": -0.44897642731666565,
      "mid_to_side_loudness_range": 4.164961814880371,
      "side_mean": -67.73033905029297
    },
    {
      "loudness": 0,
      "loudness_range": 0,
      "low_freq": 12199.2666015625,
      "mid_mean": -69.30911254882812,
      "mid_to_side_loudness": -6.747396945953369,
      "mid_to_side_loudness_range": 5.269366264343262,
      "side_mean": -69.81179809570312
    }
  ],
  "bands_short": [
    {
      "high_freq": 148.1999969482422,
      "loudness": -50.014198303222656,
      "loudness_range": 24.394283294677734,
      "mid_mean": -51.22615432739258,
      "mid_to_side_loudness": 0.8812822103500366,
      "mid_to_side_loudness_range": 16.10442352294922,
      "side_mean": -50.247352600097656
    },
    {
      "high_freq": 392.3793640136719,
      "loudness": -27.514358520507812,
      "loudness_range": 14.297555923461914,
      "low_freq": 148.1999969482422,
      "mid_mean": -25.459537506103516,
      "mid_to_side_loudness": -4.374640941619873,
      "mid_to_side_loudness_range": 11.422454833984375,
      "side_mean": -30.048826217651367
    },
    {
      "high_freq": 794.6976318359375,
      "loudness": -28.322967529296875,
      "loudness_range": 20.85064697265625,
      "low_freq": 392.3793640136719,
      "mid_mean": -27.586740493774414,
      "mid_to_side_loudness": -0.714260458946228,
      "mid_to_side_loudness_range": 9.501077651977539,
      "side_mean": -28.341737747192383
    },
    {
      "high_freq": 1457.5709228515625,
      "loudness": -36.3599853515625,
      "loudness_range": 20.262733459472656,
      "low_freq": 794.6976318359375,
      "mid_mean": -35.850303649902344,
      "mid_to_side_loudness": -0.1116851419210434,
      "mid_to_side_loudness_range": 7.147400379180908,
      "side_mean": -35.91603088378906
    },
    {
      "high_freq": 2549.74365234375,
      "loudness": -41.30126190185547,
      "loudness_range": 22.130735397338867,
      "low_freq": 1457.5709228515625,
      "mid_mean": -40.92570877075195,
      "mid_to_side_loudness": -0.10575485229492188,
      "mid_to_side_loudness_range": 8.410533905029297,
      "side_mean": -41.007389068603516
    },
    {
      "high_freq": 4349.24462890625,
      "loudness": -50.675498962402344,
      "loudness_range": 27.305355072021484,
      "low_freq": 2549.74365234375,
      "mid_mean": -52.55500411987305,
      "mid_to_side_loudness": -0.24258305132389069,
      "mid_to_side_loudness_range": 8.494099617004395,
      "side_mean": -52.87600326538086
    },
    {
      "high_freq": 7314.1640625,
      "loudness": -60.379093170166016,
      "loudness_range": 27.271644592285156,
      "low_freq": 4349.24462890625,
      "mid_mean": -61.646018981933594,
      "mid_to_side_loudness": -0.19691656529903412,
      "mid_to_side_loudness_range": 7.248035907745361,
      "side_mean": -61.7043342590332
    },
    {
      "high_freq": 12199.2666015625,
      "loudness": -73.80327606201172,
      "loudness_range": 23.94537353515625,
      "low_freq": 7314.1640625,
      "mid_mean": -68.02143859863281,
      "mid_to_side_loudness": -0.30021849274635315,
      "mid_to_side_loudness_range": 4.932718276977539,
      "side_mean": -68.14078521728516
    },
    {
      "loudness": -80.8287353515625,
      "loudness_range": 4.6985626220703125,
      "low_freq": 12199.2666015625,
      "mid_mean": -69.34248352050781,
      "mid_to_side_loudness": -6.5936102867126465,
      "mid_to_side_loudness_range": 5.96938943862915,
      "side_mean": -69.81525421142578
    }
  ],
  "bandwidth": 569.1617431640625,
  "channels": 2,
  "covariance": [
    [
      51.456302642822266,
      46.32575988769531,
      17.99787139892578,
      23.223745346069336,
      26.16606330871582,
      25.007280349731445,
      30.848634719848633,
      29.96501922607422,
      35.596065521240234,
      32.737430572509766,
      52.240543365478516,
      51.572818756103516,
      35.31479263305664,
      35.978782653808594,
      10.639835357666016,
      9.595317840576172,
      0.6309354901313782,
      0.4710536599159241
    ],
    [
      46.32575988769531,
      57.97261428833008,
      18.968303680419922,
      21.868440628051758,
      24.222408294677734,
      23.976194381713867,
      29.635089874267578,
      28.5239315032959,
      34.39252853393555,
      32.95673751831055,
      46.099266052246094,
      46.63179397583008,
      32.258644104003906,
      32.22319030761719,
      8.8369140625,
      7.9799699783325195,
      0.5501951575279236,
      0.40447360277175903
    ],
    [
      17.99787139892578,
      18.968303680419922,
      22.600313186645508,
      19.22150421142578,
      18.076963424682617,
      16.855546951293945,
      22.477018356323242,
      21.636241912841797,
      25.078542709350586,
      24.668859481811523,
      33.694400787353516,
      34.70916748046875,
      26.64130401611328,
      25.992284774780273,
      8.483288764953613,
      7.633105754852295,
      0.45861124992370605,
      0.33211180567741394
    ],
    [
      23.223745346069336,
      21.868440628051758,
      19.22150421142578,
      24.961591720581055,
      23.577720642089844,
      22.484451293945312,
      25.623476028442383,
      25.165159225463867,
      29.516828536987305,
      26.903390884399414,
      40.195465087890625,
      38.877288818359375,
      29.696115493774414,
      30.406841278076172,
      9.548802375793457,
      8.776949882507324,
      0.5231019854545593,
      0.3950158953666687
    ],
    [
      26.16606330871582,
      24.222408294677734,
      18.076963424682617,
      23.577720642089844,
      53.691619873046875,
      46.557132720947266,
      40.01175308227539,
      42.143150329589844,
      50.83747863769531,
      42.806427001953125,
      70.05905151367188,
      61.90880584716797,
      46.23074722290039,
      49.39225387573242,
      17.790178298950195,
      16.609771728515625,
      1.0245026350021362,
      0.7524367570877075
    ],
    [
      25.007280349731445,
      23.976194381713867,
      16.855546951293945,
      22.484451293945312,
      46.557132720947266,
      46.771514892578125,
      38.26959228515625,
      40.627262115478516,
      47.3038330078125,
      41.19509506225586,
      64.9045181274414,
      57.57573318481445,
      44.378257751464844,
      46.973731994628906,
      16.964115142822266,
      15.544541358947754,
      0.893367350101471,
      0.7341316938400269
    ],
    [
      30.848634719848633,
      29.635089874267578,
      22.477018356323242,
      25.623476028442383,
      40.01175308227539,
      38.26959228515625,
      46.32902145385742,
      45.127952575683594,
      48.56128692626953,
      45.80427932739258,
      65.42829895019531,
      62.95856857299805,
      48.41140365600586,
      49.838165283203125,
      17.937387466430664,
      16.139572143554688,
      0.8957584500312805,
      0.7304629683494568
    ],
    [
      29.96501922607422,
      28.5239315032959,
      21.636241912841797,
      25.165159225463867,
      42.143150329589844,
      40.627262115478516,
      45.127952575683594,
      47.54115295410156,
      49.642364501953125,
      45.66487121582031,
      66.50900268554688,
      62.679866790771484,
      48.659889221191406,
      50.47215270996094,
      18.221107482910156,
      16.491487503051758,
      0.9066759943962097,
      0.7561420202255249
    ],
    [
      35.596065521240234,
      34.39252853393555,
      25.078542709350586,
      29.516828536987305,
      50.83747863769531,
      47.3038330078125,
      48.56128692626953,
      49.642364501953125,
      63.52239990234375,
      55.492088317871094,
      79.58712768554688,
      73.94491577148438,
      55.57447052001953,
      57.79270935058594,
      20.31282615661621,
      18.63620948791504,
      1.0989872217178345,
      0.8372372984886169
    ],
    [
      32.737430572509766,
      32.95673751831055,
      24.668859481811523,
      26.903390884399414,
      42.806427001953125,
      41.19509506225586,
      45.80427932739258,
      45.66487121582031,
      55.492088317871094,
      53.95757293701172,
      71.07904052734375,
      67.65372467041016,
      52.26909255981445,
      53.294456481933594,
      18.879592895507812,
      17.07826805114746,
      0.9699604511260986,
      0.7614943981170654
    ],
    [
      52.240543365478516,
      46.099266052246094,
      33.694400787353516,
      40.195465087890625,
      70.05905151367188,
      64.9045181274414,
      65.42829895019531,
      66.50900268554688,
      79.58712768554688,
      71.07904052734375,
      119.27684783935547,
      110.52735900878906,
      80.61077117919922,
      83.62692260742188,
      29.130165100097656,
      26.530054092407227,
      1.5787461996078491,
      1.200864315032959
    ],
    [
      51.572818756103516,
      46.63179397583008,
      34.70916748046875,
      38.877288818359375,
      61.90880584716797,
      57.57573318481445,
      62.95856857299805,
      62.679866790771484,
      73.94491577148438,
      67.65372467041016,
      110.52735900878906,
      106.86479949951172,
      77.86689758300781,
      79.57086944580078,
      27.96438980102539,
      25.236635208129883,
      1.4765255451202393,
      1.1258749961853027
    ],
    [
      35.31479263305664,
      32.258644104003906,
      26.64130401611328,
      29.696115493774414,
      46.23074722290039,
      44.378257751464844,
      48.41140365600586,
      48.659889221191406,
      55.57447052001953,
      52.26909255981445,
      80.61077117919922,
      77.86689758300781,
      66.23835754394531,
      67.0216064453125,
      25.309669494628906,
      23.003868103027344,
      1.1950838565826416,
      0.9579768180847168
    ],
    [
      35.978782653808594,
      32.22319030761719,
      25.992284774780273,
      30.406841278076172,
      49.39225387573242,
      46.973731994628906,
      49.838165283203125,
      50.47215270996094,
      57.79270935058594,
      53.294456481933594,
      83.62692260742188,
      79.57086944580078,
      67.0216064453125,
      70.23656463623047,
      26.154468536376953,
      23.924116134643555,
      1.252197265625,
      1.0091089010238647
    ],
    [
      10.639835357666016,
      8.8369140625,
      8.483288764953613,
      9.548802375793457,
      17.790178298950195,
      16.964115142822266,
      17.937387466430664,
      18.221107482910156,
      20.31282615661621,
      18.879592895507812,
      29.130165100097656,
      27.96438980102539,
      25.309669494628906,
      26.154468536376953,
      14.388631820678711,
      12.743612289428711,
      0.557705283164978,
      0.4890217185020447
    ],
    [
      9.595317840576172,
      7.9799699783325195,
      7.633105754852295,
      8.776949882507324,
      16.609771728515625,
      15.544541358947754,
      16.139572143554688,
      16.491487503051758,
      18.63620948791504,
      17.07826805114746,
      26.530054092407227,
      25.236635208129883,
      23.003868103027344,
      23.924116134643555,
      12.743612289428711,
      11.927809715270996,
      0.5228167772293091,
      0.4540840983390808
    ],
    [
      0.6309354901313782,
      0.5501951575279236,
      0.45861124992370605,
      0.5231019854545593,
      1.0245026350021362,
      0.893367350101471,
      0.8957584500312805,
      0.9066759943962097,
      1.0989872217178345,
      0.9699604511260986,
      1.5787461996078491,
      1.4765255451202393,
      1.1950838565826416,
      1.252197265625,
      0.557705283164978,
      0.5228167772293091,
      0.03209243342280388,
      0.024288853630423546
    ],
    [
      0.4710536599159241,
      0.40447360277175903,
      0.33211180567741394,
      0.3950158953666687,
      0.7524367570877075,
      0.7341316938400269,
      0.7304629683494568,
      0.7561420202255249,
      0.8372372984886169,
      0.7614943981170654,
      1.200864315032959,
      1.1258749961853027,
      0.9579768180847168,
      1.0091089010238647,
      0.4890217185020447,
      0.4540840983390808,
      0.024288853630423546,
      0.02356993407011032
    ]
  ],
  "covariance_short": [
    [
      77.10958099365234,
      66.28834533691406,
      19.438276290893555,
      27.172075271606445,
      30.424211502075195,
      28.799245834350586,
      35.074302673339844,
      34.82430648803711,
      39.11724853515625,
      35.85878372192383,
      62.804874420166016,
      60.937042236328125,
      38.888065338134766,
      39.408782958984375,
      10.851994514465332,
      10.364604949951172,
      0.7966307997703552,
      0.5892707109451294
    ],
    [
      66.28834533691406,
      83.10869598388672,
      19.059829711914062,
      24.85545539855957,
      27.705049514770508,
      26.510652542114258,
      32.55675506591797,
      33.10790252685547,
      36.207454681396484,
      33.9642333984375,
      59.85639190673828,
      58.54875946044922,
      36.5251579284668,
      36.74815368652344,
      9.331018447875977,
      8.964131355285645,
      0.7458229064941406,
      0.5433778762817383
    ],
    [
      19.438276290893555,
      19.059829711914062,
      30.473834991455078,
      22.731674194335938,
      19.08469009399414,
      18.38062286376953,
      25.7003116607666,
      24.24981117248535,
      28.296091079711914,
      27.89234733581543,
      34.171485900878906,
      35.82231521606445,
      26.394935607910156,
      25.305782318115234,
      7.418552398681641,
      6.859886169433594,
      0.49100586771965027,
      0.34266579151153564
    ],
    [
      27.172075271606445,
      24.85545539855957,
      22.731674194335938,
      31.31181526184082,
      25.270532608032227,
      24.72846794128418,
      28.904420852661133,
      27.92025375366211,
      32.40256881713867,
      29.376733779907227,
      41.849891662597656,
      40.5922966003418,
      29.4418888092041,
      29.662294387817383,
      8.303451538085938,
      7.843616485595703,
      0.5567950010299683,
      0.42493322491645813
    ],
    [
      30.424211502075195,
      27.705049514770508,
      19.08469009399414,
      25.270532608032227,
      58.55445098876953,
      49.441871643066406,
      42.4539680480957,
      44.599544525146484,
      52.92464065551758,
      45.14740753173828,
      71.18988037109375,
      63.59775924682617,
      44.37861633300781,
      47.114532470703125,
      14.393655776977539,
      14.07419204711914,
      1.1097747087478638,
      0.7735044956207275
    ],
    [
      28.799245834350586,
      26.510652542114258,
      18.38062286376953,
      24.72846794128418,
      49.441871643066406,
      51.800601959228516,
      40.75901412963867,
      43.367835998535156,
      49.628482818603516,
      43.272132873535156,
      66.81968688964844,
      59.719642639160156,
      42.698001861572266,
      45.0298957824707,
      13.632049560546875,
      13.00964069366455,
      0.9342553615570068,
      0.7672062516212463
    ],
    [
      35.074302673339844,
      32.55675506591797,
      25.7003116607666,
      28.904420852661133,
      42.4539680480957,
      40.75901412963867,
      51.4289436340332,
      48.65148162841797,
      52.18818283081055,
      49.41249084472656,
      67.74506378173828,
      65.6470947265625,
      47.92267608642578,
      48.66640090942383,
      15.108634948730469,
      14.056412696838379,
      0.942950963973999,
      0.751665472984314
    ],
    [
      34.82430648803711,
      33.10790252685547,
      24.24981117248535,
      27.92025375366211,
      44.599544525146484,
      43.367835998535156,
      48.65148162841797,
      53.13431930541992,
      53.23429870605469,
      49.748199462890625,
      69.4144287109375,
      65.8816909790039,
      48.3119010925293,
      49.41246795654297,
      15.555106163024902,
      14.63707160949707,
      0.9631221890449524,
      0.8083687424659729
    ],
    [
      39.11724853515625,
      36.207454681396484,
      28.296091079711914,
      32.40256881713867,
      52.92464065551758,
      49.628482818603516,
      52.18818283081055,
      53.23429870605469,
      69.21826934814453,
      59.501670837402344,
      82.16600799560547,
      77.51111602783203,
      55.40616989135742,
      56.94245529174805,
      17.72178077697754,
      16.78066062927246,
      1.1677019596099854,
      0.8820070028305054
    ],
    [
      35.85878372192383,
      33.9642333984375,
      27.89234733581543,
      29.376733779907227,
      45.14740753173828,
      43.272132873535156,
      49.41249084472656,
      49.748199462890625,
      59.501670837402344,
      60.660709381103516,
      73.64684295654297,
      71.00166320800781,
      52.48408126831055,
      52.87976837158203,
      16.61076545715332,
      15.550506591796875,
      1.033280849456787,
      0.8065115809440613
    ],
    [
      62.804874420166016,
      59.85639190673828,
      34.171485900878906,
      41.849891662597656,
      71.18988037109375,
      66.81968688964844,
      67.74506378173828,
      69.4144287109375,
      82.16600799560547,
      73.64684295654297,
      120.95110321044922,
      111.79486846923828,
      77.2248306274414,
      79.7298355102539,
      24.41762924194336,
      23.017864227294922,
      1.611762285232544,
      1.2204917669296265
    ],
    [
      60.937042236328125,
      58.54875946044922,
      35.82231521606445,
      40.5922966003418,
      63.59775924682617,
      59.719642639160156,
      65.6470947265625,
      65.8816909790039,
      77.51111602783203,
      71.00166320800781,
      111.79486846923828,
      109.69569396972656,
      75.10759735107422,
      76.42747497558594,
      23.755268096923828,
      22.209964752197266,
      1.5154074430465698,
      1.149990200996399
    ],
    [
      38.888065338134766,
      36.5251579284668,
      26.394935607910156,
      29.4418888092041,
      44.37861633300781,
      42.698001861572266,
      47.92267608642578,
      48.3119010925293,
      55.40616989135742,
      52.48408126831055,
      77.2248306274414,
      75.10759735107422,
      64.70948028564453,
      64.09452819824219,
      22.111040115356445,
      20.758134841918945,
      1.2027899026870728,
      0.9779859185218811
    ],
    [
      39.408782958984375,
      36.74815368652344,
      25.305782318115234,
      29.662294387817383,
      47.114532470703125,
      45.0298957824707,
      48.66640090942383,
      49.41246795654297,
      56.94245529174805,
      52.87976837158203,
      79.7298355102539,
      76.42747497558594,
      64.09452819824219,
      67.20972442626953,
      22.616731643676758,
      21.349700927734375,
      1.2560900449752808,
      1.0182085037231445
    ],
    [
      10.851994514465332,
      9.331018447875977,
      7.418552398681641,
      8.303451538085938,
      14.393655776977539,
      13.632049560546875,
      15.108634948730469,
      15.555106163024902,
      17.72178077697754,
      16.61076545715332,
      24.41762924194336,
      23.755268096923828,
      22.111040115356445,
      22.616731643676758,
      12.409536361694336,
      11.117830276489258,
      0.5129505395889282,
      0.46059706807136536
    ],
    [
      10.364604949951172,
      8.964131355285645,
      6.859886169433594,
      7.843616485595703,
      14.07419204711914,
      13.00964069366455,
      14.056412696838379,
      14.63707160949707,
      16.78066062927246,
      15.550506591796875,
      23.017864227294922,
      22.209964752197266,
      20.758134841918945,
      21.349700927734375,
      11.117830276489258,
      10.931636810302734,
      0.5066705346107483,
      0.44778433442115784
    ],
    [
      0.7966307997703552,
      0.7458229064941406,
      0.49100586771965027,
      0.5567950010299683,
      1.1097747087478638,
      0.9342553615570068,
      0.942950963973999,
      0.9631221890449524,
      1.1677019596099854,
      1.033280849456787,
      1.611762285232544,
      1.5154074430465698,
      1.2027899026870728,
      1.2560900449752808,
      0.5129505395889282,
      0.5066705346107483,
      0.04874255135655403,
      0.03065926395356655
    ],
    [
      0.5892707109451294,
      0.5433778762817383,
      0.34266579151153564,
      0.42493322491645813,
      0.7735044956207275,
      0.7672062516212463,
      0.751665472984314,
      0.8083687424659729,
      0.8820070028305054,
      0.8065115809440613,
      1.2204917669296265,
      1.149990200996399,
      0.9779859185218811,
      1.0182085037231445,
      0.46059706807136536,
      0.44778433442115784,
      0.03065926395356655,
      0.03221827745437622
    ]
  ],
  "damage": -9.784696578979492,
  "diff_bandwidth": 580.6898803710938,
  "dissonance": 5.278369245189762,
  "drr": 8.864763259887695,
  "dynamics": 4.857161045074463,
  "format": 1245190,
  "frames": 7157696,
  "loudness": -19.91107177734375,
  "loudness_range": 13.964381217956543,
  "loudness_range_short": 15.02237319946289,
  "lowpass_true_peak_15khz": -2.992588758468628,
  "mastering3_acoustic_entropies": [
    {
      "acoustic_entropy": 5.558802604675293,
      "acoustic_entropy_mono": 4.864285945892334,
      "band_eliminated_acoustic_entropies": [
        {
          "acoustic_entropy": 5.559047222137451,
          "acoustic_entropy_side": 5.5587568283081055,
          "hz": 129.47220167065723
        },
        {
          "acoustic_entropy": 5.582245349884033,
          "acoustic_entropy_side": 5.563075065612793,
          "hz": 202.92927478742237
        },
        {
          "acoustic_entropy": 5.386806488037109,
          "acoustic_entropy_side": 5.618650436401367,
          "hz": 282.89161906338205
        },
        {
          "acoustic_entropy": 5.33173131942749,
          "acoustic_entropy_side": 5.375454425811768,
          "hz": 369.9353335868758
        },
        {
          "acoustic_entropy": 5.159996509552002,
          "acoustic_entropy_side": 5.10523796081543,
          "hz": 464.6875360973435
        },
        {
          "acoustic_entropy": 4.831393718719482,
          "acoustic_entropy_side": 5.117295265197754,
          "hz": 567.8308811364784
        },
        {
          "acoustic_entropy": 5.052275657653809,
          "acoustic_entropy_side": 5.511651992797852,
          "hz": 680.1084783214808
        },
        {
          "acoustic_entropy": 5.130335330963135,
          "acoustic_entropy_side": 5.200343132019043,
          "hz": 802.3292461747484
        },
        {
          "acoustic_entropy": 5.298984527587891,
          "acoustic_entropy_side": 5.542245864868164,
          "hz": 935.3737400823702
        },
        {
          "acoustic_entropy": 5.170100688934326,
          "acoustic_entropy_side": 5.411101341247559,
          "hz": 1080.2004963696966
        },
        {
          "acoustic_entropy": 5.512575149536133,
          "acoustic_entropy_side": 5.598283290863037,
          "hz": 1237.8529382007157
        },
        {
          "acoustic_entropy": 5.5289835929870605,
          "acoustic_entropy_side": 5.5150465965271,
          "hz": 1409.4668930556702
        },
        {
          "acoustic_entropy": 5.609229564666748,
          "acoustic_entropy_side": 5.566978454589844,
          "hz": 1596.2787759475705
        },
        {
          "acoustic_entropy": 5.6126790046691895,
          "acoustic_entropy_side": 5.604306697845459,
          "hz": 1799.6344973346393
        },
        {
          "acoustic_entropy": 5.521429538726807,
          "acoustic_entropy_side": 5.552318572998047,
          "hz": 2020.9991599069049
        },
        {
          "acoustic_entropy": 5.598370552062988,
          "acoustic_entropy_side": 5.58829402923584,
          "hz": 2261.9676141086993
        },
        {
          "acoustic_entropy": 5.559528350830078,
          "acoustic_entropy_side": 5.551403522491455,
          "hz": 2524.2759484456974
        },
        {
          "acoustic_entropy": 5.566524505615234,
          "acoustic_entropy_side": 5.561575412750244,
          "hz": 2809.813997359896
        },
        {
          "acoustic_entropy": 5.577577114105225,
          "acoustic_entropy_side": 5.569583892822266,
          "hz": 3120.6389567871424
        },
        {
          "acoustic_entropy": 5.561176776885986,
          "acoustic_entropy_side": 5.5610504150390625,
          "hz": 3458.990205492291
        },
        {
          "acoustic_entropy": 5.564093112945557,
          "acoustic_entropy_side": 5.562924385070801,
          "hz": 3827.305438964164
        },
        {
          "acoustic_entropy": 5.560403347015381,
          "acoustic_entropy_side": 5.559143543243408,
          "hz": 4228.238232109126
        },
        {
          "acoustic_entropy": 5.560107707977295,
          "acoustic_entropy_side": 5.559391021728516,
          "hz": 4664.6771572759235
        },
        {
          "acoustic_entropy": 5.55816650390625,
          "acoustic_entropy_side": 5.557995796203613,
          "hz": 5139.766595350093
        },
        {
          "acoustic_entropy": 5.559216499328613,
          "acoustic_entropy_side": 5.559022903442383,
          "hz": 5656.929389854203
        },
        {
          "acoustic_entropy": 5.558953762054443,
          "acoustic_entropy_side": 5.5588603019714355,
          "hz": 6219.891507268283
        },
        {
          "acoustic_entropy": 5.558867931365967,
          "acoustic_entropy_side": 5.5588274002075195,
          "hz": 6832.70888123896
        },
        {
          "acoustic_entropy": 5.55887508392334,
          "acoustic_entropy_side": 5.558835506439209,
          "hz": 7499.796634079867
        },
        {
          "acoustic_entropy": 5.5588555335998535,
          "acoustic_entropy_side": 5.558820724487305,
          "hz": 8225.96088609342
        },
        {
          "acoustic_entropy": 5.558807373046875,
          "acoustic_entropy_side": 5.558805465698242,
          "hz": 9016.43338188839
        },
        {
          "acoustic_entropy": 5.558803558349609,
          "acoustic_entropy_side": 5.558803558349609,
          "hz": 9876.909183162974
        },
        {
          "acoustic_entropy": 5.558802604675293,
          "acoustic_entropy_side": 5.558803081512451,
          "hz": 10813.587699516042
        },
        {
          "acoustic_entropy": 5.558802604675293,
          "acoustic_entropy_side": 5.558802604675293,
          "hz": 11833.21735289826
        },
        {
          "acoustic_entropy": 5.558802604675293,
          "acoustic_entropy_side": 5.558802604675293,
          "hz": 12943.144197493959
        },
        {
          "acoustic_entropy": 5.558802604675293,
          "acoustic_entropy_side": 5.558802604675293,
          "hz": 14151.364845322005
        },
        {
          "acoustic_entropy": 5.558802604675293,
          "acoustic_entropy_side": 5.558802604675293,
          "hz": 15466.58407886509
        },
        {
          "acoustic_entropy": 5.558802604675293,
          "acoustic_entropy_side": 5.558802604675293,
          "hz": 16898.27756580493
        },
        {
          "acoustic_entropy": 5.558802604675293,
          "acoustic_entropy_side": 5.558802604675293,
          "hz": 18456.760127700032
        },
        {
          "acoustic_entropy": 5.558802604675293,
          "acoustic_entropy_side": 5.558802604675293,
          "hz": 20153.260054456492
        },
        {
          "acoustic_entropy": 5.558802604675293,
          "acoustic_entropy_side": 5.558802604675293,
          "hz": 22000.00000000001
        }
      ],
      "diff_acoustic_entropy": 3.120224952697754,
      "sn": 6
    },
    {
      "acoustic_entropy": 7.869572162628174,
      "acoustic_entropy_mono": 6.835598945617676,
      "band_eliminated_acoustic_entropies": [
        {
          "acoustic_entropy": 7.87054443359375,
          "acoustic_entropy_side": 7.870132923126221,
          "hz": 129.47220167065723
        },
        {
          "acoustic_entropy": 8.004450798034668,
          "acoustic_entropy_side": 7.975671291351318,
          "hz": 202.92927478742237
        },
        {
          "acoustic_entropy": 7.754906177520752,
          "acoustic_entropy_side": 7.865262031555176,
          "hz": 282.89161906338205
        },
        {
          "acoustic_entropy": 8.333158493041992,
          "acoustic_entropy_side": 8.362261772155762,
          "hz": 369.9353335868758
        },
        {
          "acoustic_entropy": 7.40286111831665,
          "acoustic_entropy_side": 7.897073745727539,
          "hz": 464.6875360973435
        },
        {
          "acoustic_entropy": 7.7093915939331055,
          "acoustic_entropy_side": 8.199685096740723,
          "hz": 567.8308811364784
        },
        {
          "acoustic_entropy": 8.043119430541992,
          "acoustic_entropy_side": 8.428620338439941,
          "hz": 680.1084783214808
        },
        {
          "acoustic_entropy": 6.7556376457214355,
          "acoustic_entropy_side": 7.8564839363098145,
          "hz": 802.3292461747484
        },
        {
          "acoustic_entropy": 7.979099273681641,
          "acoustic_entropy_side": 8.211502075195312,
          "hz": 935.3737400823702
        },
        {
          "acoustic_entropy": 7.911048889160156,
          "acoustic_entropy_side": 7.8601789474487305,
          "hz": 1080.2004963696966
        },
        {
          "acoustic_entropy": 8.00097942352295,
          "acoustic_entropy_side": 7.976415157318115,
          "hz": 1237.8529382007157
        },
        {
          "acoustic_entropy": 7.796931266784668,
          "acoustic_entropy_side": 8.028266906738281,
          "hz": 1409.4668930556702
        },
        {
          "acoustic_entropy": 7.655566692352295,
          "acoustic_entropy_side": 7.704728603363037,
          "hz": 1596.2787759475705
        },
        {
          "acoustic_entropy": 7.792524814605713,
          "acoustic_entropy_side": 8.028075218200684,
          "hz": 1799.6344973346393
        },
        {
          "acoustic_entropy": 7.659372329711914,
          "acoustic_entropy_side": 7.736057281494141,
          "hz": 2020.9991599069049
        },
        {
          "acoustic_entropy": 7.910863399505615,
          "acoustic_entropy_side": 7.990533828735352,
          "hz": 2261.9676141086993
        },
        {
          "acoustic_entropy": 8.02847671508789,
          "acoustic_entropy_side": 7.929675579071045,
          "hz": 2524.2759484456974
        },
        {
          "acoustic_entropy": 7.895185947418213,
          "acoustic_entropy_side": 7.895293712615967,
          "hz": 2809.813997359896
        },
        {
          "acoustic_entropy": 7.949721813201904,
          "acoustic_entropy_side": 7.8733930587768555,
          "hz": 3120.6389567871424
        },
        {
          "acoustic_entropy": 7.868179798126221,
          "acoustic_entropy_side": 7.880338191986084,
          "hz": 3458.990205492291
        },
        {
          "acoustic_entropy": 7.942831039428711,
          "acoustic_entropy_side": 7.889264106750488,
          "hz": 3827.305438964164
        },
        {
          "acoustic_entropy": 7.923499584197998,
          "acoustic_entropy_side": 7.8883137702941895,
          "hz": 4228.238232109126
        },
        {
          "acoustic_entropy": 7.879167079925537,
          "acoustic_entropy_side": 7.8734354972839355,
          "hz": 4664.6771572759235
        },
        {
          "acoustic_entropy": 7.869438648223877,
          "acoustic_entropy_side": 7.870815277099609,
          "hz": 5139.766595350093
        },
        {
          "acoustic_entropy": 7.866025447845459,
          "acoustic_entropy_side": 7.86648416519165,
          "hz": 5656.929389854203
        },
        {
          "acoustic_entropy": 7.867188453674316,
          "acoustic_entropy_side": 7.868380069732666,
          "hz": 6219.891507268283
        },
        {
          "acoustic_entropy": 7.869719982147217,
          "acoustic_entropy_side": 7.869767189025879,
          "hz": 6832.70888123896
        },
        {
          "acoustic_entropy": 7.869724273681641,
          "acoustic_entropy_side": 7.869509696960449,
          "hz": 7499.796634079867
        },
        {
          "acoustic_entropy": 7.86995792388916,
          "acoustic_entropy_side": 7.869607448577881,
          "hz": 8225.96088609342
        },
        {
          "acoustic_entropy": 7.869626998901367,
          "acoustic_entropy_side": 7.86958646774292,
          "hz": 9016.43338188839
        },
        {
          "acoustic_entropy": 7.8695831298828125,
          "acoustic_entropy_side": 7.869574546813965,
          "hz": 9876.909183162974
        },
        {
          "acoustic_entropy": 7.869575500488281,
          "acoustic_entropy_side": 7.869572639465332,
          "hz": 10813.587699516042
        },
        {
          "acoustic_entropy": 7.869572162628174,
          "acoustic_entropy_side": 7.869572639465332,
          "hz": 11833.21735289826
        },
        {
          "acoustic_entropy": 7.869572162628174,
          "acoustic_entropy_side": 7.869572162628174,
          "hz": 12943.144197493959
        },
        {
          "acoustic_entropy": 7.869572162628174,
          "acoustic_entropy_side": 7.869572162628174,
          "hz": 14151.364845322005
        },
        {
          "acoustic_entropy": 7.869572162628174,
          "acoustic_entropy_side": 7.869572162628174,
          "hz": 15466.58407886509
        },
        {
          "acoustic_entropy": 7.869572162628174,
          "acoustic_entropy_side": 7.869572162628174,
          "hz": 16898.27756580493
        },
        {
          "acoustic_entropy": 7.869572162628174,
          "acoustic_entropy_side": 7.869572162628174,
          "hz": 18456.760127700032
        },
        {
          "acoustic_entropy": 7.869572162628174,
          "acoustic_entropy_side": 7.869572162628174,
          "hz": 20153.260054456492
        },
        {
          "acoustic_entropy": 7.869572162628174,
          "acoustic_entropy_side": 7.869572162628174,
          "hz": 22000.00000000001
        }
      ],
      "diff_acoustic_entropy": 6.066588878631592,
      "sn": 12
    },
    {
      "acoustic_entropy": 11.311702728271484,
      "acoustic_entropy_mono": 9.944111824035645,
      "band_eliminated_acoustic_entropies": [
        {
          "acoustic_entropy": 11.181963920593262,
          "acoustic_entropy_side": 11.261125564575195,
          "hz": 129.47220167065723
        },
        {
          "acoustic_entropy": 10.980673789978027,
          "acoustic_entropy_side": 11.148798942565918,
          "hz": 202.92927478742237
        },
        {
          "acoustic_entropy": 11.537968635559082,
          "acoustic_entropy_side": 11.368412017822266,
          "hz": 282.89161906338205
        },
        {
          "acoustic_entropy": 11.651734352111816,
          "acoustic_entropy_side": 11.603926658630371,
          "hz": 369.9353335868758
        },
        {
          "acoustic_entropy": 11.22007942199707,
          "acoustic_entropy_side": 10.872698783874512,
          "hz": 464.6875360973435
        },
        {
          "acoustic_entropy": 11.856291770935059,
          "acoustic_entropy_side": 12.049442291259766,
          "hz": 567.8308811364784
        },
        {
          "acoustic_entropy": 11.544305801391602,
          "acoustic_entropy_side": 11.86874008178711,
          "hz": 680.1084783214808
        },
        {
          "acoustic_entropy": 11.943520545959473,
          "acoustic_entropy_side": 12.497650146484375,
          "hz": 802.3292461747484
        },
        {
          "acoustic_entropy": 11.42269229888916,
          "acoustic_entropy_side": 11.912985801696777,
          "hz": 935.3737400823702
        },
        {
          "acoustic_entropy": 11.612113952636719,
          "acoustic_entropy_side": 11.764345169067383,
          "hz": 1080.2004963696966
        },
        {
          "acoustic_entropy": 11.800357818603516,
          "acoustic_entropy_side": 11.641858100891113,
          "hz": 1237.8529382007157
        },
        {
          "acoustic_entropy": 11.301416397094727,
          "acoustic_entropy_side": 11.485479354858398,
          "hz": 1409.4668930556702
        },
        {
          "acoustic_entropy": 11.692336082458496,
          "acoustic_entropy_side": 11.367512702941895,
          "hz": 1596.2787759475705
        },
        {
          "acoustic_entropy": 11.1175537109375,
          "acoustic_entropy_side": 11.144120216369629,
          "hz": 1799.6344973346393
        },
        {
          "acoustic_entropy": 11.469029426574707,
          "acoustic_entropy_side": 11.548247337341309,
          "hz": 2020.9991599069049
        },
        {
          "acoustic_entropy": 10.737649917602539,
          "acoustic_entropy_side": 11.096151351928711,
          "hz": 2261.9676141086993
        },
        {
          "acoustic_entropy": 11.566301345825195,
          "acoustic_entropy_side": 11.259257316589355,
          "hz": 2524.2759484456974
        },
        {
          "acoustic_entropy": 11.077803611755371,
          "acoustic_entropy_side": 11.244449615478516,
          "hz": 2809.813997359896
        },
        {
          "acoustic_entropy": 11.308636665344238,
          "acoustic_entropy_side": 11.339071273803711,
