{
  "acoustic_entropy": 36.39759826660156,
  "bands": [
    {
      "high_freq": 148.1999969482422,
      "loudness": -16.363933563232422,
      "loudness_range": 5.442511558532715,
      "mid_mean": -50.89200973510742,
      "mid_to_side_loudness": -33.47049331665039,
      "mid_to_side_loudness_range": 46.13222885131836,
      "side_mean": -69.99685668945312
    },
    {
      "high_freq": 392.3793640136719,
      "loudness": -20.510080337524414,
      "loudness_range": 6.567718505859375,
      "low_freq": 148.1999969482422,
      "mid_mean": -52.353782653808594,
      "mid_to_side_loudness": -33.70664596557617,
      "mid_to_side_loudness_range": 49.886478424072266,
      "side_mean": -69.9912109375
    },
    {
      "high_freq": 794.6976318359375,
      "loudness": -40.31012725830078,
      "loudness_range": 18.493988037109375,
      "low_freq": 392.3793640136719,
      "mid_mean": -39.53989028930664,
      "mid_to_side_loudness": -49.65349578857422,
      "mid_to_side_loudness_range": 46.62409973144531,
      "side_mean": -69.99845886230469
    },
    {
      "high_freq": 1457.5709228515625,
      "loudness": -48.3257942199707,
      "loudness_range": 10.93896484375,
      "low_freq": 794.6976318359375,
      "mid_mean": -54.5710563659668,
      "mid_to_side_loudness": -39.49506759643555,
      "mid_to_side_loudness_range": 45.970314025878906,
      "side_mean": -69.99947357177734
    },
    {
      "high_freq": 2549.74365234375,
      "loudness": -45.09541320800781,
      "loudness_range": 24.80303955078125,
      "low_freq": 1457.5709228515625,
      "mid_mean": -50.419837951660156,
      "mid_to_side_loudness": -38.412227630615234,
      "mid_to_side_loudness_range": 57.33311462402344,
      "side_mean": -69.99720764160156
    },
    {
      "high_freq": 4349.24462890625,
      "loudness": -47.2192497253418,
      "loudness_range": 20.61297607421875,
      "low_freq": 2549.74365234375,
      "mid_mean": -53.73347091674805,
      "mid_to_side_loudness": -37.65062713623047,
      "mid_to_side_loudness_range": 50.60650634765625,
      "side_mean": -69.99724578857422
    },
    {
      "high_freq": 7314.1640625,
      "loudness": -46.41451644897461,
      "loudness_range": 23.740982055664062,
      "low_freq": 4349.24462890625,
      "mid_mean": -53.2413215637207,
      "mid_to_side_loudness": -38.88383865356445,
      "mid_to_side_loudness_range": 48.24433898925781,
      "side_mean": -69.99683380126953
    },
    {
      "high_freq": 12199.2666015625,
      "loudness": -44.744049072265625,
      "loudness_range": 29.071109771728516,
      "low_freq": 7314.1640625,
      "mid_mean": -54.566619873046875,
      "mid_to_side_loudness": -24.079214096069336,
      "mid_to_side_loudness_range": 51.92928695678711,
      "side_mean": -69.99111938476562
    },
    {
      "loudness": -43.47034454345703,
      "loudness_range": 8.872520446777344,
      "low_freq": 12199.2666015625,
      "mid_mean": -57.399566650390625,
      "mid_to_side_loudness": -16.818817138671875,
      "mid_to_side_loudness_range": 44.80440902709961,
      "side_mean": -69.96205139160156
    }
  ],
  "bands_short": [
    {
      "high_freq": 148.1999969482422,
      "loudness": -18.680299758911133,
      "loudness_range": 7.752072334289551,
      "mid_mean": -52.34907913208008,
      "mid_to_side_loudness": -32.072078704833984,
      "mid_to_side_loudness_range": 60.3708381652832,
      "side_mean": -69.99739074707031
    },
    {
      "high_freq": 392.3793640136719,
      "loudness": -18.15871810913086,
      "loudness_range": 7.341999053955078,
      "low_freq": 148.1999969482422,
      "mid_mean": -52.17438507080078,
      "mid_to_side_loudness": -28.09322166442871,
      "mid_to_side_loudness_range": 52.431396484375,
      "side_mean": -69.99358367919922
    },
    {
      "high_freq": 794.6976318359375,
      "loudness": -41.87449264526367,
      "loudness_range": 22.281835556030273,
      "low_freq": 392.3793640136719,
      "mid_mean": -54.60663986206055,
      "mid_to_side_loudness": -37.46877670288086,
      "mid_to_side_loudness_range": 52.7921028137207,
      "side_mean": -69.9985580444336
    },
    {
      "high_freq": 1457.5709228515625,
      "loudness": -50.63209915161133,
      "loudness_range": 31.944217681884766,
      "low_freq": 794.6976318359375,
      "mid_mean": -59.74687194824219,
      "mid_to_side_loudness": -31.62859344482422,
      "mid_to_side_loudness_range": 46.9579963684082,
      "side_mean": -69.99943542480469
    },
    {
      "high_freq": 2549.74365234375,
      "loudness": -48.581443786621094,
      "loudness_range": 34.65503692626953,
      "low_freq": 1457.5709228515625,
      "mid_mean": -58.94392013549805,
      "mid_to_side_loudness": -25.56116485595703,
      "mid_to_side_loudness_range": 46.46166229248047,
      "side_mean": -69.9975357055664
    },
    {
      "high_freq": 4349.24462890625,
      "loudness": -53.049468994140625,
      "loudness_range": 36.89653015136719,
      "low_freq": 2549.74365234375,
      "mid_mean": -62.906944274902344,
      "mid_to_side_loudness": -30.043256759643555,
      "mid_to_side_loudness_range": 48.64801025390625,
      "side_mean": -69.99755096435547
    },
    {
      "high_freq": 7314.1640625,
      "loudness": -53.15271759033203,
      "loudness_range": 39.34955978393555,
      "low_freq": 4349.24462890625,
      "mid_mean": -63.32685089111328,
      "mid_to_side_loudness": -27.71742057800293,
      "mid_to_side_loudness_range": 41.09795379638672,
      "side_mean": -69.99711608886719
    },
    {
      "high_freq": 12199.2666015625,
      "loudness": -51.009586334228516,
      "loudness_range": 41.79788589477539,
      "low_freq": 7314.1640625,
      "mid_mean": -65.19607543945312,
      "mid_to_side_loudness": -14.31539249420166,
      "mid_to_side_loudness_range": 24.857383728027344,
      "side_mean": -69.99124908447266
    },
    {
      "loudness": -52.73643493652344,
      "loudness_range": 37.18219757080078,
      "low_freq": 12199.2666015625,
      "mid_mean": -66.64383697509766,
      "mid_to_side_loudness": -5.36596155166626,
      "mid_to_side_loudness_range": 14.454339981079102,
      "side_mean": -69.9620132446289
    }
  ],
  "bandwidth": 193.03707885742188,
  "channels": 2,
  "covariance": [
    [
      700.4315185546875,
      0.125726580619812,
      649.19677734375,
      0.3469183146953583,
      132.0964813232422,
      0.06029645353555679,
      209.68634033203125,
      0.019598394632339478,
      155.3203125,
      0.10719598829746246,
      162.7854766845703,
      0.10499094426631927,
      144.53945922851562,
      0.1097535640001297,
      74.2025375366211,
      0.18726646900177002,
      56.609718322753906,
      0.5710757970809937
    ],
    [
      0.125726580619812,
      0.0013793428661301732,
      0.10820756107568741,
      0.0029817873146384954,
      0.018304334953427315,
      0.0006650171126239002,
      0.04322858527302742,
      0.00019656137737911195,
      0.0173795185983181,
      0.0011611584341153502,
      0.02118413709104061,
      0.0010656098602339625,
      0.030289579182863235,
      0.0011256312718614936,
      -0.023536063730716705,
      0.00013261756976135075,
      -0.02357221208512783,
      0.00010722775186877698
    ],
    [
      649.19677734375,
      0.10820756107568741,
      605.16455078125,
      0.3067474067211151,
      124.34605407714844,
      0.05212273448705673,
      194.84205627441406,
      0.017109503969550133,
      143.84963989257812,
      0.09283281117677689,
      151.37548828125,
      0.09140374511480331,
      134.466552734375,
      0.09557391703128815,
      68.55367279052734,
      0.17372620105743408,
      52.15737533569336,
      0.5305919051170349
    ],
    [
      0.3469183146953583,
      0.0029817873146384954,
      0.3067474067211151,
      0.007128756493330002,
      0.03813234716653824,
      0.0014670214150100946,
      0.11029789596796036,
      0.00044446965330280364,
      0.03644990175962448,
      0.002570891520008445,
      0.050554752349853516,
      0.0023905716370791197,
      0.06577445566654205,
      0.002524320501834154,
      -0.08079145848751068,
      0.00032839886262081563,
      -0.07704430818557739,
      0.0002979212149512023
    ],
    [
      132.0964813232422,
      0.018304334953427315,
      124.34605407714844,
      0.03813234716653824,
      110.2624282836914,
      0.008104512467980385,
      101.8073959350586,
      0.002299330662935972,
      85.38544464111328,
      0.014070501551032066,
      106.32437133789062,
      0.012990699149668217,
      111.58778381347656,
      0.0121553810313344,
      109.79329681396484,
      0.015130292624235153,
      96.43690490722656,
      0.0390448272228241
    ],
    [
      0.06029645353555679,
      0.0006650171126239002,
      0.05212273448705673,
      0.0014670214150100946,
      0.008104512467980385,
      0.0003248333523515612,
      0.020634915679693222,
      9.578045865055174e-05,
      0.007871609181165695,
      0.0005668958183377981,
      0.009676361456513405,
      0.0005183807807043195,
      0.014109964482486248,
      0.0005492237396538258,
      -0.013629800640046597,
      6.512946129078045e-05,
      -0.01337235327810049,
      5.3690073400503024e-05
    ],
    [
      209.68634033203125,
      0.04322858527302742,
      194.84205627441406,
      0.11029789596796036,
      101.8073959350586,
      0.020634915679693222,
      169.16847229003906,
      0.006535303313285112,
      176.91712951660156,
      0.036627791821956635,
      173.534423828125,
      0.03514338284730911,
      177.83045959472656,
      0.03723626211285591,
      165.25509643554688,
      0.061772361397743225,
      142.70782470703125,
      0.23532232642173767
    ],
    [
      0.019598394632339478,
      0.00019656137737911195,
      0.017109503969550133,
      0.00044446965330280364,
      0.002299330662935972,
      9.578045865055174e-05,
      0.006535303313285112,
      2.8597807613550685e-05,
      0.002558774081990123,
      0.00016747668269090354,
      0.0031347828917205334,
      0.0001544450642541051,
      0.004318536724895239,
      0.0001632294151932001,
      -0.0042243399657309055,
      2.0171481082797982e-05,
      -0.004134774208068848,
      1.7418682546122e-05
    ],
    [
      155.3203125,
      0.0173795185983181,
      143.84963989257812,
      0.03644990175962448,
      85.38544464111328,
      0.007871609181165695,
      176.91712951660156,
      0.002558774081990123,
      223.70950317382812,
      0.014174975454807281,
      201.40956115722656,
      0.013687550090253353,
      213.5352783203125,
      0.015847720205783844,
      214.7762451171875,
      0.05335241183638573,
      184.8423614501953,
      0.26377129554748535
    ],
    [
      0.10719598829746246,
      0.0011611584341153502,
      0.09283281117677689,
      0.002570891520008445,
      0.014070501551032066,
      0.0005668958183377981,
      0.036627791821956635,
      0.00016747668269090354,
      0.014174975454807281,
      0.0009897855343297124,
      0.017317267134785652,
      0.0009061850141733885,
      0.024984201416373253,
      0.0009597813477739692,
      -0.023718461394309998,
      0.00011476573854451999,
      -0.02330099791288376,
      9.561455226503313e-05
    ],
    [
      162.7854766845703,
      0.02118413709104061,
      151.37548828125,
      0.050554752349853516,
      106.32437133789062,
      0.009676361456513405,
      173.534423828125,
      0.0031347828917205334,
      201.40956115722656,
      0.017317267134785652,
      194.9761199951172,
      0.016864540055394173,
      206.18809509277344,
      0.018035560846328735,
      205.8699951171875,
      0.04398880898952484,
      178.70494079589844,
      0.19904755055904388
    ],
    [
      0.10499094426631927,
      0.0010656098602339625,
      0.09140374511480331,
      0.0023905716370791197,
      0.012990699149668217,
      0.0005183807807043195,
      0.03514338284730911,
      0.0001544450642541051,
      0.013687550090253353,
      0.0009061850141733885,
      0.016864540055394173,
      0.0008347631082870066,
      0.023399444296956062,
      0.0008822318632155657,
      -0.022123830392956734,
      0.00010807916987687349,
      -0.021709809079766273,
      9.248979040421546e-05
    ],
    [
      144.53945922851562,
      0.030289579182863235,
      134.466552734375,
      0.06577445566654205,
      111.58778381347656,
      0.014109964482486248,
      177.83045959472656,
      0.004318536724895239,
      213.5352783203125,
      0.024984201416373253,
      206.18809509277344,
      0.023399444296956062,
      223.259521484375,
      0.025002047419548035,
      229.60708618164062,
      0.036145083606243134,
      200.0231170654297,
      0.17729447782039642
    ],
    [
      0.1097535640001297,
      0.0011256312718614936,
      0.09557391703128815,
      0.002524320501834154,
      0.0121553810313344,
      0.0005492237396538258,
      0.03723626211285591,
      0.0001632294151932001,
      0.015847720205783844,
      0.0009597813477739692,
      0.018035560846328735,
      0.0008822318632155657,
      0.025002047419548035,
      0.0009335913928225636,
      -0.023670554161071777,
      0.00011577138502616435,
      -0.02340269833803177,
      0.00010490832210052758
    ],
    [
      74.2025375366211,
      -0.023536063730716705,
      68.55367279052734,
      -0.08079145848751068,
      109.79329681396484,
      -0.013629800640046597,
      165.25509643554688,
      -0.0042243399657309055,
      214.7762451171875,
      -0.023718461394309998,
      205.8699951171875,
      -0.022123830392956734,
      229.60708618164062,
      -0.023670554161071777,
      266.0885314941406,
      0.0034018803853541613,
      234.947265625,
      0.09483662247657776
    ],
    [
      0.18726646900177002,
      0.00013261756976135075,
      0.17372620105743408,
      0.00032839886262081563,
      0.015130292624235153,
      6.512946129078045e-05,
      0.061772361397743225,
      2.0171481082797982e-05,
      0.05335241183638573,
      0.00011476573854451999,
      0.04398880898952484,
      0.00010807916987687349,
      0.036145083606243134,
      0.00011577138502616435,
      0.0034018803853541613,
      8.772681758273393e-05,
      -0.002442280761897564,
      0.0002594802062958479
    ],
    [
      56.609718322753906,
      -0.02357221208512783,
      52.15737533569336,
      -0.07704430818557739,
      96.43690490722656,
      -0.01337235327810049,
      142.70782470703125,
      -0.004134774208068848,
      184.8423614501953,
      -0.02330099791288376,
      178.70494079589844,
      -0.021709809079766273,
      200.0231170654297,
      -0.02340269833803177,
      234.947265625,
      -0.002442280761897564,
      209.20143127441406,
      0.06301020085811615
    ],
    [
      0.5710757970809937,
      0.00010722775186877698,
      0.5305919051170349,
      0.0002979212149512023,
      0.0390448272228241,
      5.3690073400503024e-05,
      0.23532232642173767,
      1.7418682546122e-05,
      0.26377129554748535,
      9.561455226503313e-05,
      0.19904755055904388,
      9.248979040421546e-05,
      0.17729447782039642,
      0.00010490832210052758,
      0.09483662247657776,
      0.0002594802062958479,
      0.06301020085811615,
      0.0010208857711404562
    ]
  ],
  "covariance_short": [
    [
      650.7431030273438,
      0.09217941761016846,
      651.9741821289062,
      0.22926585376262665,
      324.1027526855469,
      0.0498196966946125,
      236.57559204101562,
      0.018896164372563362,
      128.91098022460938,
      0.08321234583854675,
      106.84188842773438,
      0.08280491083860397,
      89.31769561767578,
      0.08749712258577347,
      35.83378982543945,
      0.1743953675031662,
      21.418508529663086,
      0.5415096282958984
    ],
    [
      0.09217941761016846,
      0.0050044311210513115,
      0.09459035098552704,
      0.005376625806093216,
      0.03711571544408798,
      0.0022142145317047834,
      0.05423717200756073,
      0.0007600500248372555,
      0.03792766109108925,
      0.003457834245637059,
      0.039441075176000595,
      0.003527042455971241,
      0.039111487567424774,
      0.0034743412397801876,
      -0.005740058608353138,
      0.00036189472302794456,
      -0.008331116288900375,
      9.390278137288988e-05
    ],
    [
      651.9741821289062,
      0.09459035098552704,
      662.4022827148438,
      0.2311086505651474,
      331.27880859375,
      0.05297933518886566,
      239.85226440429688,
      0.0196036696434021,
      127.69760131835938,
      0.08787734061479568,
      107.36383819580078,
      0.08526843786239624,
      89.44319152832031,
      0.09123925119638443,
      36.591270446777344,
      0.17839355766773224,
      22.59884262084961,
      0.5489755868911743
    ],
    [
      0.22926585376262665,
      0.005376625806093216,
      0.2311086505651474,
      0.01962524838745594,
      0.08994460105895996,
      0.004473051987588406,
      0.10635611414909363,
      0.0016374834813177586,
      0.09246926009654999,
      0.007040684577077627,
      0.10940265655517578,
      0.006228119134902954,
      0.12354995310306549,
      0.007180876564234495,
      -0.0030364724807441235,
      0.0007991885649971664,
      -0.020283406600356102,
      0.0002428157313261181
    ],
    [
      324.1027526855469,
      0.03711571544408798,
      331.27880859375,
      0.08994460105895996,
      272.97967529296875,
      0.019836245104670525,
      199.94566345214844,
      0.007419228553771973,
      184.10748291015625,
      0.03301426023244858,
      139.3396759033203,
      0.032934341579675674,
      130.70480346679688,
      0.03550352528691292,
      97.54596710205078,
      0.09694450348615646,
      72.02642822265625,
      0.37852743268013
    ],
    [
      0.0498196966946125,
      0.0022142145317047834,
      0.05297933518886566,
      0.004473051987588406,
      0.019836245104670525,
      0.0013651982881128788,
      0.027510743588209152,
      0.00047573630581609905,
      0.022736329585313797,
      0.0021083136089146137,
      0.024795126169919968,
      0.0019632347393780947,
      0.02765548788011074,
      0.002110367175191641,
      -0.001118596876040101,
      0.00022038981842342764,
      -0.004559584893286228,
      5.788706039311364e-05
    ],
    [
      236.57559204101562,
      0.05423717200756073,
      239.85226440429688,
      0.10635611414909363,
      199.94566345214844,
      0.027510743588209152,
      169.08352661132812,
      0.010013174265623093,
      140.6123046875,
      0.04465089738368988,
      121.94059753417969,
      0.044664166867733,
      116.59246063232422,
      0.046019863337278366,
      91.65706634521484,
      0.059279873967170715,
      72.48519897460938,
      0.22669102251529694
    ],
    [
      0.018896164372563362,
      0.0007600500248372555,
      0.0196036696434021,
      0.0016374834813177586,
      0.007419228553771973,
      0.00047573630581609905,
      0.010013174265623093,
      0.0001691102224867791,
      0.00807841494679451,
      0.0007313707610592246,
      0.008887491188943386,
      0.0006872988888062537,
      0.009827012196183205,
      0.0007404910866171122,
      -0.0006577481981366873,
      7.888097024988383e-05,
      -0.0017881334060803056,
      2.1987461877870373e-05
    ],
    [
      128.91098022460938,
      0.03792766109108925,
      127.69760131835938,
      0.09246926009654999,
      184.10748291015625,
      0.022736329585313797,
      140.6123046875,
      0.00807841494679451,
      202.0528564453125,
      0.03730155900120735,
      148.50827026367188,
      0.03489072993397713,
      145.96258544921875,
      0.0379972867667675,
      122.97697448730469,
      0.02360975183546543,
      91.82009887695312,
      0.2036203294992447
    ],
    [
      0.08321234583854675,
      0.003457834245637059,
      0.08787734061479568,
      0.007040684577077627,
      0.03301426023244858,
      0.0021083136089146137,
      0.04465089738368988,
      0.0007313707610592246,
      0.03730155900120735,
      0.003323689568787813,
      0.04117428511381149,
      0.0030667604878544807,
      0.045979276299476624,
      0.003307641949504614,
      -0.0015581735642626882,
      0.00035040368675254285,
      -0.007592629175633192,
      9.63855636655353e-05
    ],
    [
      106.84188842773438,
      0.039441075176000595,
      107.36383819580078,
      0.10940265655517578,
      139.3396759033203,
      0.024795126169919968,
      121.94059753417969,
      0.008887491188943386,
      148.50827026367188,
      0.04117428511381149,
      134.42428588867188,
      0.037931669503450394,
      131.6923065185547,
      0.040418270975351334,
      108.91881561279297,
      0.006010339595377445,
      85.48625946044922,
      0.09894629567861557
    ],
    [
      0.08280491083860397,
      0.003527042455971241,
      0.08526843786239624,
      0.006228119134902954,
      0.032934341579675674,
      0.0019632347393780947,
      0.044664166867733,
      0.0006872988888062537,
      0.03489072993397713,
      0.0030667604878544807,
      0.037931669503450394,
      0.002943349303677678,
      0.04058961197733879,
      0.003081926144659519,
      -0.0033124906476587057,
      0.00033068243646994233,
      -0.007668609730899334,
      9.493009565630928e-05
    ],
    [
      89.31769561767578,
      0.039111487567424774,
      89.44319152832031,
      0.12354995310306549,
      130.70480346679688,
      0.02765548788011074,
      116.59246063232422,
      0.009827012196183205,
      145.96258544921875,
      0.045979276299476624,
      131.6923065185547,
      0.04058961197733879,
      133.45440673828125,
      0.04483600705862045,
      115.35054016113281,
      0.0005842178361490369,
      91.44775390625,
      0.09340974688529968
    ],
    [
      0.08749712258577347,
      0.0034743412397801876,
      0.09123925119638443,
      0.007180876564234495,
      0.03550352528691292,
      0.002110367175191641,
      0.046019863337278366,
      0.0007404910866171122,
      0.0379972867667675,
      0.003307641949504614,
      0.040418270975351334,
      0.003081926144659519,
      0.04483600705862045,
      0.0033290740102529526,
      -0.003087633987888694,
      0.0003608378174249083,
      -0.008552187122404575,
      0.00011840061051771045
    ],
    [
      35.83378982543945,
      -0.005740058608353138,
      36.591270446777344,
      -0.0030364724807441235,
      97.54596710205078,
      -0.001118596876040101,
      91.65706634521484,
      -0.0006577481981366873,
      122.97697448730469,
      -0.0015581735642626882,
      108.91881561279297,
      -0.0033124906476587057,
      115.35054016113281,
      -0.003087633987888694,
      115.92546844482422,
      -0.017814788967370987,
      95.4709701538086,
      0.05156302452087402
    ],
    [
      0.1743953675031662,
      0.00036189472302794456,
      0.17839355766773224,
      0.0007991885649971664,
      0.09694450348615646,
      0.00022038981842342764,
      0.059279873967170715,
      7.888097024988383e-05,
      0.02360975183546543,
      0.00035040368675254285,
      0.006010339595377445,
      0.00033068243646994233,
      0.0005842178361490369,
      0.0003608378174249083,
      -0.017814788967370987,
      0.0001667085016379133,
      -0.015223264694213867,
      0.0004386785440146923
    ],
    [
      21.418508529663086,
      -0.008331116288900375,
      22.59884262084961,
      -0.020283406600356102,
      72.02642822265625,
      -0.004559584893286228,
      72.48519897460938,
      -0.0017881334060803056,
      91.82009887695312,
      -0.007592629175633192,
      85.48625946044922,
      -0.007668609730899334,
      91.44775390625,
      -0.008552187122404575,
      95.4709701538086,
      -0.015223264694213867,
      81.18115234375,
      0.04249900206923485
    ],
    [
      0.5415096282958984,
      9.390278137288988e-05,
      0.5489755868911743,
      0.0002428157313261181,
      0.37852743268013,
      5.788706039311364e-05,
      0.22669102251529694,
      2.1987461877870373e-05,
      0.2036203294992447,
      9.63855636655353e-05,
      0.09894629567861557,
      9.493009565630928e-05,
      0.09340974688529968,
      0.00011840061051771045,
      0.05156302452087402,
      0.0004386785440146923,
      0.04249900206923485,
      0.002296419581398368
    ]
  ],
  "damage": -7.248753070831299,
  "diff_bandwidth": 208.53863525390625,
  "dissonance": 3.7534126582793528,
  "drr": 3.806295394897461,
  "dynamics": 9.841428756713867,
  "format": 1245190,
  "frames": 1695744,
  "loudness": -20.557119369506836,
  "loudness_range": 22.331329345703125,
  "loudness_range_short": 26.91433334350586,
  "lowpass_true_peak_15khz": 0.2740309238433838,
  "mastering3_acoustic_entropies": [
    {
      "acoustic_entropy": 6.254735946655273,
      "acoustic_entropy_mono": 6.254735946655273,
      "band_eliminated_acoustic_entropies": [
        {
          "acoustic_entropy": 6.160406112670898,
          "acoustic_entropy_side": 6.254735946655273,
          "hz": 129.47220167065723
        },
        {
          "acoustic_entropy": 5.670396327972412,
          "acoustic_entropy_side": 6.254735946655273,
          "hz": 202.92927478742237
        },
        {
          "acoustic_entropy": 6.085619926452637,
          "acoustic_entropy_side": 6.254735946655273,
          "hz": 282.89161906338205
        },
        {
          "acoustic_entropy": 6.347160816192627,
          "acoustic_entropy_side": 6.254735946655273,
          "hz": 369.9353335868758
        },
        {
          "acoustic_entropy": 5.889089584350586,
          "acoustic_entropy_side": 6.254735946655273,
          "hz": 464.6875360973435
        },
        {
          "acoustic_entropy": 6.331109046936035,
          "acoustic_entropy_side": 6.254735946655273,
          "hz": 567.8308811364784
        },
        {
          "acoustic_entropy": 6.288589954376221,
          "acoustic_entropy_side": 6.254735946655273,
          "hz": 680.1084783214808
        },
        {
          "acoustic_entropy": 6.2828779220581055,
          "acoustic_entropy_side": 6.254735946655273,
          "hz": 802.3292461747484
        },
        {
          "acoustic_entropy": 6.308906078338623,
          "acoustic_entropy_side": 6.254735946655273,
          "hz": 935.3737400823702
        },
        {
          "acoustic_entropy": 6.259542465209961,
          "acoustic_entropy_side": 6.254735946655273,
          "hz": 1080.2004963696966
        },
        {
          "acoustic_entropy": 6.254744529724121,
          "acoustic_entropy_side": 6.254735946655273,
          "hz": 1237.8529382007157
        },
        {
          "acoustic_entropy": 6.2548604011535645,
          "acoustic_entropy_side": 6.254735946655273,
          "hz": 1409.4668930556702
        },
        {
          "acoustic_entropy": 6.255306720733643,
          "acoustic_entropy_side": 6.254735946655273,
          "hz": 1596.2787759475705
        },
        {
          "acoustic_entropy": 6.263826847076416,
          "acoustic_entropy_side": 6.254735946655273,
          "hz": 1799.6344973346393
        },
        {
          "acoustic_entropy": 6.248517036437988,
          "acoustic_entropy_side": 6.254735946655273,
          "hz": 2020.9991599069049
        },
        {
          "acoustic_entropy": 6.298945903778076,
          "acoustic_entropy_side": 6.254735946655273,
          "hz": 2261.9676141086993
        },
        {
          "acoustic_entropy": 6.16961669921875,
          "acoustic_entropy_side": 6.254735946655273,
          "hz": 2524.2759484456974
        },
        {
          "acoustic_entropy": 6.193462371826172,
          "acoustic_entropy_side": 6.254735946655273,
          "hz": 2809.813997359896
        },
        {
          "acoustic_entropy": 6.219570159912109,
          "acoustic_entropy_side": 6.254735946655273,
          "hz": 3120.6389567871424
        },
        {
          "acoustic_entropy": 6.268121242523193,
          "acoustic_entropy_side": 6.254735946655273,
          "hz": 3458.990205492291
        },
        {
          "acoustic_entropy": 6.260125160217285,
          "acoustic_entropy_side": 6.254735946655273,
          "hz": 3827.305438964164
        },
        {
          "acoustic_entropy": 6.263306617736816,
          "acoustic_entropy_side": 6.254735946655273,
          "hz": 4228.238232109126
        },
        {
          "acoustic_entropy": 6.197632312774658,
          "acoustic_entropy_side": 6.254735946655273,
          "hz": 4664.6771572759235
        },
        {
          "acoustic_entropy": 6.186870574951172,
          "acoustic_entropy_side": 6.254735946655273,
          "hz": 5139.766595350093
        },
        {
          "acoustic_entropy": 6.224612236022949,
          "acoustic_entropy_side": 6.254735946655273,
          "hz": 5656.929389854203
        },
        {
          "acoustic_entropy": 6.266070365905762,
          "acoustic_entropy_side": 6.254735946655273,
          "hz": 6219.891507268283
        },
        {
          "acoustic_entropy": 6.2324538230896,
          "acoustic_entropy_side": 6.254735946655273,
          "hz": 6832.70888123896
        },
        {
          "acoustic_entropy": 6.216614723205566,
          "acoustic_entropy_side": 6.254735946655273,
          "hz": 7499.796634079867
        },
        {
          "acoustic_entropy": 6.209897994995117,
          "acoustic_entropy_side": 6.254735946655273,
          "hz": 8225.96088609342
        },
        {
          "acoustic_entropy": 6.232424736022949,
          "acoustic_entropy_side": 6.254735946655273,
          "hz": 9016.43338188839
        },
        {
          "acoustic_entropy": 6.207195281982422,
          "acoustic_entropy_side": 6.254735946655273,
          "hz": 9876.909183162974
        },
        {
          "acoustic_entropy": 6.218862056732178,
          "acoustic_entropy_side": 6.254735946655273,
          "hz": 10813.587699516042
        },
        {
          "acoustic_entropy": 6.244614601135254,
          "acoustic_entropy_side": 6.254735946655273,
          "hz": 11833.21735289826
        },
        {
          "acoustic_entropy": 6.231334686279297,
          "acoustic_entropy_side": 6.254735946655273,
          "hz": 12943.144197493959
        },
        {
          "acoustic_entropy": 6.251598358154297,
          "acoustic_entropy_side": 6.254735946655273,
          "hz": 14151.364845322005
        },
        {
          "acoustic_entropy": 6.207401752471924,
          "acoustic_entropy_side": 6.254735946655273,
          "hz": 15466.58407886509
        },
        {
          "acoustic_entropy": 6.252830982208252,
          "acoustic_entropy_side": 6.254735946655273,
          "hz": 16898.27756580493
        },
        {
          "acoustic_entropy": 6.2547287940979,
          "acoustic_entropy_side": 6.254735946655273,
          "hz": 18456.760127700032
        },
        {
          "acoustic_entropy": 6.254734992980957,
          "acoustic_entropy_side": 6.254735946655273,
          "hz": 20153.260054456492
        },
        {
          "acoustic_entropy": 6.254735946655273,
          "acoustic_entropy_side": 6.254735946655273,
          "hz": 22000.00000000001
        }
      ],
      "diff_acoustic_entropy": 3.9190492630004883,
      "sn": 6
    },
    {
      "acoustic_entropy": 7.677768707275391,
      "acoustic_entropy_mono": 7.677768707275391,
      "band_eliminated_acoustic_entropies": [
        {
          "acoustic_entropy": 7.7574357986450195,
          "acoustic_entropy_side": 7.677768707275391,
          "hz": 129.47220167065723
        },
        {
          "acoustic_entropy": 7.412441730499268,
          "acoustic_entropy_side": 7.677768707275391,
          "hz": 202.92927478742237
        },
        {
          "acoustic_entropy": 7.770010471343994,
          "acoustic_entropy_side": 7.677768707275391,
          "hz": 282.89161906338205
        },
        {
          "acoustic_entropy": 7.923861503601074,
          "acoustic_entropy_side": 7.677768707275391,
          "hz": 369.9353335868758
        },
        {
          "acoustic_entropy": 7.602543354034424,
          "acoustic_entropy_side": 7.677768707275391,
          "hz": 464.6875360973435
        },
        {
          "acoustic_entropy": 7.742824554443359,
          "acoustic_entropy_side": 7.677768707275391,
          "hz": 567.8308811364784
        },
        {
          "acoustic_entropy": 7.628265857696533,
          "acoustic_entropy_side": 7.677768707275391,
          "hz": 680.1084783214808
        },
        {
          "acoustic_entropy": 7.729978561401367,
          "acoustic_entropy_side": 7.677768707275391,
          "hz": 802.3292461747484
        },
        {
          "acoustic_entropy": 7.61079216003418,
          "acoustic_entropy_side": 7.677768707275391,
          "hz": 935.3737400823702
        },
        {
          "acoustic_entropy": 7.689911842346191,
          "acoustic_entropy_side": 7.677768707275391,
          "hz": 1080.2004963696966
        },
        {
          "acoustic_entropy": 7.7162580490112305,
          "acoustic_entropy_side": 7.677768707275391,
          "hz": 1237.8529382007157
        },
        {
          "acoustic_entropy": 7.690533638000488,
          "acoustic_entropy_side": 7.677768707275391,
          "hz": 1409.4668930556702
        },
        {
          "acoustic_entropy": 7.684881687164307,
          "acoustic_entropy_side": 7.677768707275391,
          "hz": 1596.2787759475705
        },
        {
          "acoustic_entropy": 7.66813850402832,
          "acoustic_entropy_side": 7.677768707275391,
          "hz": 1799.6344973346393
        },
        {
          "acoustic_entropy": 7.498851776123047,
          "acoustic_entropy_side": 7.677768707275391,
          "hz": 2020.9991599069049
        },
        {
          "acoustic_entropy": 7.694321155548096,
          "acoustic_entropy_side": 7.677768707275391,
          "hz": 2261.9676141086993
        },
        {
          "acoustic_entropy": 7.630575656890869,
          "acoustic_entropy_side": 7.677768707275391,
          "hz": 2524.2759484456974
        },
        {
          "acoustic_entropy": 7.64152717590332,
          "acoustic_entropy_side": 7.677768707275391,
          "hz": 2809.813997359896
        },
        {
          "acoustic_entropy": 7.664116859436035,
          "acoustic_entropy_side": 7.677768707275391,
          "hz": 3120.6389567871424
        },
        {
          "acoustic_entropy": 7.581912994384766,
          "acoustic_entropy_side": 7.677768707275391,
          "hz": 3458.990205492291
        },
        {
          "acoustic_entropy": 7.64177942276001,
          "acoustic_entropy_side": 7.677768707275391,
          "hz": 3827.305438964164
        },
        {
          "acoustic_entropy": 7.670853137969971,
          "acoustic_entropy_side": 7.677768707275391,
          "hz": 4228.238232109126
        },
        {
          "acoustic_entropy": 7.643942832946777,
          "acoustic_entropy_side": 7.677768707275391,
          "hz": 4664.6771572759235
        },
        {
          "acoustic_entropy": 7.568525791168213,
          "acoustic_entropy_side": 7.677768707275391,
          "hz": 5139.766595350093
        },
        {
          "acoustic_entropy": 7.594274520874023,
          "acoustic_entropy_side": 7.677768707275391,
          "hz": 5656.929389854203
        },
        {
          "acoustic_entropy": 7.628846168518066,
          "acoustic_entropy_side": 7.677768707275391,
          "hz": 6219.891507268283
        },
        {
          "acoustic_entropy": 7.613349914550781,
          "acoustic_entropy_side": 7.677768707275391,
          "hz": 6832.70888123896
        },
        {
          "acoustic_entropy": 7.544565677642822,
          "acoustic_entropy_side": 7.677768707275391,
          "hz": 7499.796634079867
        },
        {
          "acoustic_entropy": 7.620035648345947,
          "acoustic_entropy_side": 7.677768707275391,
          "hz": 8225.96088609342
        },
        {
          "acoustic_entropy": 7.5240960121154785,
          "acoustic_entropy_side": 7.677768707275391,
          "hz": 9016.43338188839
        },
        {
          "acoustic_entropy": 7.4634690284729,
          "acoustic_entropy_side": 7.677768707275391,
          "hz": 9876.909183162974
        },
        {
          "acoustic_entropy": 7.626859664916992,
          "acoustic_entropy_side": 7.677768707275391,
          "hz": 10813.587699516042
        },
        {
          "acoustic_entropy": 7.589806079864502,
          "acoustic_entropy_side": 7.677768707275391,
          "hz": 11833.21735289826
        },
        {
          "acoustic_entropy": 7.606149673461914,
          "acoustic_entropy_side": 7.677768707275391,
          "hz": 12943.144197493959
        },
        {
          "acoustic_entropy": 7.512777328491211,
          "acoustic_entropy_side": 7.677768707275391,
          "hz": 14151.364845322005
        },
        {
          "acoustic_entropy": 7.6120734214782715,
          "acoustic_entropy_side": 7.677768707275391,
          "hz": 15466.58407886509
        },
        {
          "acoustic_entropy": 7.675216197967529,
          "acoustic_entropy_side": 7.677768707275391,
          "hz": 16898.27756580493
        },
        {
          "acoustic_entropy": 7.677702903747559,
          "acoustic_entropy_side": 7.677768707275391,
          "hz": 18456.760127700032
        },
        {
          "acoustic_entropy": 7.677767753601074,
          "acoustic_entropy_side": 7.677768707275391,
          "hz": 20153.260054456492
        },
        {
          "acoustic_entropy": 7.677768707275391,
          "acoustic_entropy_side": 7.677768707275391,
          "hz": 22000.00000000001
        }
      ],
      "diff_acoustic_entropy": 6.316554069519043,
      "sn": 12
    },
    {
      "acoustic_entropy": 11.269455909729004,
      "acoustic_entropy_mono": 11.269457817077637,
      "band_eliminated_acoustic_entropies": [
        {
          "acoustic_entropy": 11.884061813354492,
          "acoustic_entropy_side": 11.269455909729004,
          "hz": 129.47220167065723
        },
        {
          "acoustic_entropy": 11.16663646697998,
          "acoustic_entropy_side": 11.269455909729004,
          "hz": 202.92927478742237
        },
        {
          "acoustic_entropy": 12.036016464233398,
          "acoustic_entropy_side": 11.269455909729004,
          "hz": 282.89161906338205
        },
        {
          "acoustic_entropy": 11.98410701751709,
          "acoustic_entropy_side": 11.269455909729004,
          "hz": 369.9353335868758
        },
        {
          "acoustic_entropy": 11.456239700317383,
          "acoustic_entropy_side": 11.26945686340332,
          "hz": 464.6875360973435
        },
        {
          "acoustic_entropy": 11.603628158569336,
          "acoustic_entropy_side": 11.269455909729004,
          "hz": 567.8308811364784
        },
        {
          "acoustic_entropy": 11.460289001464844,
          "acoustic_entropy_side": 11.269455909729004,
          "hz": 680.1084783214808
        },
        {
          "acoustic_entropy": 12.033893585205078,
          "acoustic_entropy_side": 11.269455909729004,
          "hz": 802.3292461747484
        },
        {
          "acoustic_entropy": 11.62044906616211,
          "acoustic_entropy_side": 11.269455909729004,
          "hz": 935.3737400823702
        },
        {
          "acoustic_entropy": 11.79495906829834,
          "acoustic_entropy_side": 11.269455909729004,
          "hz": 1080.2004963696966
        },
        {
          "acoustic_entropy": 11.194194793701172,
          "acoustic_entropy_side": 11.269455909729004,
          "hz": 1237.8529382007157
        },
        {
          "acoustic_entropy": 11.245054244995117,
