{
  "acoustic_entropy": 154.96258544921875,
  "bands": [
    {
      "high_freq": 148.1999969482422,
      "loudness": -37.00773620605469,
      "loudness_range": 19.0510196685791,
      "mid_mean": -34.029048919677734,
      "mid_to_side_loudness": -7.739541530609131,
      "mid_to_side_loudness_range": 6.313061237335205,
      "side_mean": -41.845123291015625
    },
    {
      "high_freq": 392.3793640136719,
      "loudness": -23.51730728149414,
      "loudness_range": 14.340034484863281,
      "low_freq": 148.1999969482422,
      "mid_mean": -20.710453033447266,
      "mid_to_side_loudness": -7.138314723968506,
      "mid_to_side_loudness_range": 7.443699836730957,
      "side_mean": -27.86177635192871
    },
    {
      "high_freq": 794.6976318359375,
      "loudness": -23.157184600830078,
      "loudness_range": 18.628742218017578,
      "low_freq": 392.3793640136719,
      "mid_mean": -21.23250961303711,
      "mid_to_side_loudness": -4.0318522453308105,
      "mid_to_side_loudness_range": 10.2396240234375,
      "side_mean": -25.16558074951172
    },
    {
      "high_freq": 1457.5709228515625,
      "loudness": -25.815959930419922,
      "loudness_range": 20.49077606201172,
      "low_freq": 794.6976318359375,
      "mid_mean": -23.227031707763672,
      "mid_to_side_loudness": -5.939733505249023,
      "mid_to_side_loudness_range": 7.480460166931152,
      "side_mean": -29.236881256103516
    },
    {
      "high_freq": 2549.74365234375,
      "loudness": -30.98927879333496,
      "loudness_range": 18.385974884033203,
      "low_freq": 1457.5709228515625,
      "mid_mean": -28.847929000854492,
      "mid_to_side_loudness": -4.473467826843262,
      "mid_to_side_loudness_range": 9.434804916381836,
      "side_mean": -33.31930160522461
    },
    {
      "high_freq": 4349.24462890625,
      "loudness": -41.5830078125,
      "loudness_range": 22.768198013305664,
      "low_freq": 2549.74365234375,
      "mid_mean": -38.71317672729492,
      "mid_to_side_loudness": -7.3093342781066895,
      "mid_to_side_loudness_range": 6.665255546569824,
      "side_mean": -46.2164192199707
    },
    {
      "high_freq": 7314.1640625,
      "loudness": -54.783164978027344,
      "loudness_range": 30.870609283447266,
      "low_freq": 4349.24462890625,
      "mid_mean": -51.9908447265625,
      "mid_to_side_loudness": -5.759734630584717,
      "mid_to_side_loudness_range": 7.071085453033447,
      "side_mean": -56.966617584228516
    },
    {
      "high_freq": 12199.2666015625,
      "loudness": -63.805931091308594,
      "loudness_range": 20.930496215820312,
      "low_freq": 7314.1640625,
      "mid_mean": -60.29942321777344,
      "mid_to_side_loudness": -5.506448745727539,
      "mid_to_side_loudness_range": 3.3423798084259033,
      "side_mean": -64.13284301757812
    },
    {
      "loudness": -65.25128936767578,
      "loudness_range": 2.171100616455078,
      "low_freq": 12199.2666015625,
      "mid_mean": -61.87521743774414,
      "mid_to_side_loudness": -5.5878448486328125,
      "mid_to_side_loudness_range": 1.0744171142578125,
      "side_mean": -65.96876525878906
    }
  ],
  "bands_short": [
    {
      "high_freq": 148.1999969482422,
      "loudness": -42.08779525756836,
      "loudness_range": 19.92837142944336,
      "mid_mean": -39.341670989990234,
      "mid_to_side_loudness": -6.710084438323975,
      "mid_to_side_loudness_range": 8.359139442443848,
      "side_mean": -46.09356689453125
    },
    {
      "high_freq": 392.3793640136719,
      "loudness": -24.331714630126953,
      "loudness_range": 16.212709426879883,
      "low_freq": 148.1999969482422,
      "mid_mean": -21.55434226989746,
      "mid_to_side_loudness": -7.3414506912231445,
      "mid_to_side_loudness_range": 9.357320785522461,
      "side_mean": -28.88911247253418
    },
    {
      "high_freq": 794.6976318359375,
      "loudness": -23.6434383392334,
      "loudness_range": 20.336261749267578,
      "low_freq": 392.3793640136719,
      "mid_mean": -21.648014068603516,
      "mid_to_side_loudness": -4.508811950683594,
      "mid_to_side_loudness_range": 11.470301628112793,
      "side_mean": -26.099512100219727
    },
    {
      "high_freq": 1457.5709228515625,
      "loudness": -26.96576499938965,
      "loudness_range": 21.694995880126953,
      "low_freq": 794.6976318359375,
      "mid_mean": -24.56635093688965,
      "mid_to_side_loudness": -5.56083869934082,
      "mid_to_side_loudness_range": 9.913154602050781,
      "side_mean": -30.19997787475586
    },
    {
      "high_freq": 2549.74365234375,
      "loudness": -32.64857482910156,
      "loudness_range": 21.667644500732422,
      "low_freq": 1457.5709228515625,
      "mid_mean": -30.471668243408203,
      "mid_to_side_loudness": -4.945377826690674,
      "mid_to_side_loudness_range": 10.440390586853027,
      "side_mean": -35.38421630859375
    },
    {
      "high_freq": 4349.24462890625,
      "loudness": -42.704246520996094,
      "loudness_range": 24.84873390197754,
      "low_freq": 2549.74365234375,
      "mid_mean": -39.96738815307617,
      "mid_to_side_loudness": -7.189363956451416,
      "mid_to_side_loudness_range": 8.815506935119629,
      "side_mean": -47.30869674682617
    },
    {
      "high_freq": 7314.1640625,
      "loudness": -57.4290885925293,
      "loudness_range": 32.20256805419922,
      "low_freq": 4349.24462890625,
      "mid_mean": -54.39192199707031,
      "mid_to_side_loudness": -5.912528038024902,
      "mid_to_side_loudness_range": 8.129864692687988,
      "side_mean": -59.30281448364258
    },
    {
      "high_freq": 12199.2666015625,
      "loudness": -65.6884765625,
      "loudness_range": 18.188865661621094,
      "low_freq": 7314.1640625,
      "mid_mean": -61.96580505371094,
      "mid_to_side_loudness": -5.599123954772949,
      "mid_to_side_loudness_range": 3.7333691120147705,
      "side_mean": -65.59331512451172
    },
    {
      "loudness": -65.37019348144531,
      "loudness_range": 1.6243972778320312,
      "low_freq": 12199.2666015625,
      "mid_mean": -61.95792770385742,
      "mid_to_side_loudness": -5.66916036605835,
      "mid_to_side_loudness_range": 1.4531092643737793,
      "side_mean": -66.06887817382812
    }
  ],
  "bandwidth": 701.3290405273438,
  "channels": 2,
  "covariance": [
    [
      42.46562576293945,
      38.0003776550293,
      8.262760162353516,
      10.724631309509277,
      4.239442348480225,
      4.088656425476074,
      4.037256717681885,
      4.846685886383057,
      3.4422690868377686,
      5.684915065765381,
      -2.313248872756958,
      0.2293541133403778,
      1.199911117553711,
      0.9877713322639465,
      -1.5238772630691528,
      -1.0610623359680176,
      0.23365527391433716,
      0.14451466500759125
    ],
    [
      38.0003776550293,
      38.944183349609375,
      8.456066131591797,
      12.587069511413574,
      5.613626480102539,
      5.247243881225586,
      4.999964714050293,
      5.190552711486816,
      4.38319206237793,
      6.079787731170654,
      -1.043067455291748,
      1.573685884475708,
      3.2371418476104736,
      2.726773500442505,
      -0.4610999822616577,
      -0.18477894365787506,
      0.35788995027542114,
      0.24535441398620605
    ],
    [
      8.262760162353516,
      8.456066131591797,
      31.467395782470703,
      29.06135368347168,
      18.43578338623047,
      17.997407913208008,
      12.616183280944824,
      12.124616622924805,
      14.769485473632812,
      12.432923316955566,
      6.502501964569092,
      6.338554859161377,
      10.318024635314941,
      7.713423252105713,
      -1.3455644845962524,
      -0.89970463514328,
      0.1107809841632843,
      0.07816393673419952
    ],
    [
      10.724631309509277,
      12.587069511413574,
      29.06135368347168,
      34.19439697265625,
      20.043094635009766,
      18.82073211669922,
      13.478588104248047,
      12.702682495117188,
      15.147297859191895,
      13.486987113952637,
      8.405467987060547,
      8.792604446411133,
      10.868490219116211,
      8.553494453430176,
      -0.19121938943862915,
      -0.035475004464387894,
      0.14503440260887146,
      0.08712612092494965
    ],
    [
      4.239442348480225,
      5.613626480102539,
      18.43578338623047,
      20.043094635009766,
      48.40908432006836,
      40.00700378417969,
      26.487279891967773,
      27.235727310180664,
      30.447912216186523,
      28.813457489013672,
      23.78574562072754,
      26.048282623291016,
      34.06385040283203,
      33.27510452270508,
      13.13685131072998,
      11.994222640991211,
      0.7853949069976807,
      0.777624249458313
    ],
    [
      4.088656425476074,
      5.247243881225586,
      17.997407913208008,
      18.82073211669922,
      40.00700378417969,
      46.05074691772461,
      25.209529876708984,
      24.493810653686523,
      33.061763763427734,
      28.040246963500977,
      24.369888305664062,
      26.11707878112793,
      33.42087173461914,
      32.439334869384766,
      14.568900108337402,
      12.925352096557617,
      0.793484628200531,
      0.7310971617698669
    ],
    [
      4.037256717681885,
      4.999964714050293,
      12.616183280944824,
      13.478588104248047,
      26.487279891967773,
      25.209529876708984,
      49.1977424621582,
      41.89257049560547,
      30.136653900146484,
      34.57638931274414,
      32.713619232177734,
      36.030662536621094,
      52.454002380371094,
      44.94740295410156,
      25.037212371826172,
      22.190248489379883,
      2.5514936447143555,
      2.5491297245025635
    ],
    [
      4.846685886383057,
      5.190552711486816,
      12.124616622924805,
      12.702682495117188,
      27.235727310180664,
      24.493810653686523,
      41.89257049560547,
      44.07953643798828,
      30.012645721435547,
      32.77919387817383,
      31.266820907592773,
      35.628868103027344,
      50.98277282714844,
      44.10992431640625,
      24.504472732543945,
      21.304630279541016,
      2.483123779296875,
      2.4099583625793457
    ],
    [
      3.4422690868377686,
      4.38319206237793,
      14.769485473632812,
      15.147297859191895,
      30.447912216186523,
      33.061763763427734,
      30.136653900146484,
      30.012645721435547,
      40.46808624267578,
      37.02826690673828,
      33.899295806884766,
      37.39628219604492,
      46.52440643310547,
      42.811763763427734,
      22.8228816986084,
      19.70209503173828,
      1.894815444946289,
      1.8342796564102173
    ],
    [
      5.684915065765381,
      6.079787731170654,
      12.432923316955566,
      13.486987113952637,
      28.813457489013672,
      28.040246963500977,
      34.57638931274414,
      32.77919387817383,
      37.02826690673828,
      45.36344909667969,
      34.32621383666992,
      38.245338439941406,
      49.60615158081055,
      45.44961166381836,
      24.014535903930664,
      21.091733932495117,
      2.0919058322906494,
      2.0884110927581787
    ],
    [
      -2.313248872756958,
      -1.043067455291748,
      6.502501964569092,
      8.405467987060547,
      23.78574562072754,
      24.369888305664062,
      32.713619232177734,
      31.266820907592773,
      33.899295806884766,
      34.32621383666992,
      59.65245819091797,
      57.35314178466797,
      62.66391372680664,
      57.33076858520508,
      36.08478546142578,
      31.134183883666992,
      2.973541736602783,
      3.0890135765075684
    ],
    [
      0.2293541133403778,
      1.573685884475708,
      6.338554859161377,
      8.792604446411133,
      26.048282623291016,
      26.11707878112793,
      36.030662536621094,
      35.628868103027344,
      37.39628219604492,
      38.245338439941406,
      57.35314178466797,
      63.284732818603516,
      66.6748275756836,
      61.08201599121094,
      37.932735443115234,
      32.750144958496094,
      3.130800247192383,
      3.274897813796997
    ],
    [
      1.199911117553711,
      3.2371418476104736,
      10.318024635314941,
      10.868490219116211,
      34.06385040283203,
      33.42087173461914,
      52.454002380371094,
      50.98277282714844,
      46.52440643310547,
      49.60615158081055,
      62.66391372680664,
      66.6748275756836,
      96.55461120605469,
      85.18887329101562,
      50.9781608581543,
      43.49814987182617,
      5.474200248718262,
      4.921885013580322
    ],
    [
      0.9877713322639465,
      2.726773500442505,
      7.713423252105713,
      8.553494453430176,
      33.27510452270508,
      32.439334869384766,
      44.94740295410156,
      44.10992431640625,
      42.811763763427734,
      45.44961166381836,
      57.33076858520508,
      61.08201599121094,
      85.18887329101562,
      80.40323638916016,
      48.125038146972656,
      41.48383331298828,
      4.888204097747803,
      4.561427116394043
    ],
    [
      -1.5238772630691528,
      -0.4610999822616577,
      -1.3455644845962524,
      -0.19121938943862915,
      13.13685131072998,
      14.568900108337402,
      25.037212371826172,
      24.504472732543945,
      22.8228816986084,
      24.014535903930664,
      36.08478546142578,
      37.932735443115234,
      50.9781608581543,
      48.125038146972656,
      41.39167022705078,
      36.09825134277344,
      4.284058094024658,
      4.04840087890625
    ],
    [
      -1.0610623359680176,
      -0.18477894365787506,
      -0.89970463514328,
      -0.035475004464387894,
      11.994222640991211,
      12.925352096557617,
      22.190248489379883,
      21.304630279541016,
      19.70209503173828,
      21.091733932495117,
      31.134183883666992,
      32.750144958496094,
      43.49814987182617,
      41.48383331298828,
      36.09825134277344,
      32.74671936035156,
      3.7718076705932617,
      3.6826107501983643
    ],
    [
      0.23365527391433716,
      0.35788995027542114,
      0.1107809841632843,
      0.14503440260887146,
      0.7853949069976807,
      0.793484628200531,
      2.5514936447143555,
      2.483123779296875,
      1.894815444946289,
      2.0919058322906494,
      2.973541736602783,
      3.130800247192383,
      5.474200248718262,
      4.888204097747803,
      4.284058094024658,
      3.7718076705932617,
      1.1296460628509521,
      0.8819830417633057
    ],
    [
      0.14451466500759125,
      0.24535441398620605,
      0.07816393673419952,
      0.08712612092494965,
      0.777624249458313,
      0.7310971617698669,
      2.5491297245025635,
      2.4099583625793457,
      1.8342796564102173,
      2.0884110927581787,
      3.0890135765075684,
      3.274897813796997,
      4.921885013580322,
      4.561427116394043,
      4.04840087890625,
      3.6826107501983643,
      0.8819830417633057,
      0.7905742526054382
    ]
  ],
  "covariance_short": [
    [
      49.261966705322266,
      41.34222412109375,
      12.14828109741211,
      15.031576156616211,
      6.7698493003845215,
      7.116662979125977,
      7.6203083992004395,
      7.257989406585693,
      7.204619884490967,
      9.784119606018066,
      4.11915397644043,
      5.475032806396484,
      6.3040008544921875,
      5.321619510650635,
      1.3509271144866943,
      1.337091088294983,
      0.5595575571060181,
      0.42142900824546814
    ],
    [
      41.34222412109375,
      42.90306854248047,
      8.81460189819336,
      12.671345710754395,
      5.474681854248047,
      5.683298110961914,
      6.349017143249512,
      5.354089736938477,
      6.068145275115967,
      7.978003025054932,
      3.5395145416259766,
      4.7984185218811035,
      5.597011566162109,
      4.413028240203857,
      1.3678169250488281,
      1.3224420547485352,
      0.6354076266288757,
      0.46201810240745544
    ],
    [
      12.14828109741211,
      8.81460189819336,
      35.504146575927734,
      32.35709762573242,
      21.53204345703125,
      20.20764923095703,
      13.374183654785156,
      14.05826473236084,
      17.754114151000977,
      16.13747787475586,
      11.911487579345703,
      11.914107322692871,
      12.789152145385742,
      9.857939720153809,
      0.17631933093070984,
      0.5404704809188843,
      0.15731671452522278,
      0.13426047563552856
    ],
    [
      15.031576156616211,
      12.671345710754395,
      32.35709762573242,
      41.0238037109375,
      25.17291831970215,
      23.195728302001953,
      16.089229583740234,
      16.594825744628906,
      19.711769104003906,
      18.69200897216797,
      15.538818359375,
      16.249727249145508,
      15.161300659179688,
      12.145788192749023,
      1.8964638710021973,
      1.84640371799469,
      0.3097781538963318,
      0.2659333348274231
    ],
    [
      6.7698493003845215,
      5.474681854248047,
      21.53204345703125,
      25.17291831970215,
      52.9370231628418,
      43.290977478027344,
      30.088878631591797,
      31.353635787963867,
      36.43195343017578,
      36.21541976928711,
      33.53758239746094,
      34.009849548339844,
      38.97869873046875,
      35.68403244018555,
      13.071044921875,
      11.97293472290039,
      1.2195760011672974,
      1.1600557565689087
    ],
    [
      7.116662979125977,
      5.683298110961914,
      20.20764923095703,
      23.195728302001953,
      43.290977478027344,
      51.9803581237793,
      29.565488815307617,
      29.062759399414062,
      39.2901496887207,
      35.31019973754883,
      33.760475158691406,
      33.37141418457031,
      39.47413635253906,
      35.77129364013672,
      15.343239784240723,
      13.499483108520508,
      1.3021694421768188,
      1.2529505491256714
    ],
    [
      7.6203083992004395,
      6.349017143249512,
      13.374183654785156,
      16.089229583740234,
      30.088878631591797,
      29.565488815307617,
      53.06855392456055,
      44.232139587402344,
      36.80213928222656,
      39.480018615722656,
      38.63918685913086,
      41.568275451660156,
      52.39316940307617,
      43.654937744140625,
      21.269954681396484,
      18.61953353881836,
      2.6806604862213135,
      2.5419399738311768
    ],
    [
      7.257989406585693,
      5.354089736938477,
      14.05826473236084,
      16.594825744628906,
      31.353635787963867,
      29.062759399414062,
      44.232139587402344,
      49.52400207519531,
      37.433223724365234,
      38.4461669921875,
      39.034629821777344,
      42.0869140625,
      51.417057037353516,
      43.90806198120117,
      20.854490280151367,
      17.85856056213379,
      2.7218918800354004,
      2.4963412284851074
    ],
    [
      7.204619884490967,
      6.068145275115967,
      17.754114151000977,
      19.711769104003906,
      36.43195343017578,
      39.2901496887207,
      36.80213928222656,
      37.433223724365234,
      52.681331634521484,
      47.07670593261719,
      43.88575744628906,
      45.52192306518555,
      51.77437210083008,
      46.18438720703125,
      21.647085189819336,
      18.697040557861328,
      2.2987060546875,
      2.1965243816375732
    ],
    [
      9.784119606018066,
      7.978003025054932,
      16.13747787475586,
      18.69200897216797,
      36.21541976928711,
      35.31019973754883,
      39.480018615722656,
      38.4461669921875,
      47.07670593261719,
      57.512752532958984,
      43.9991455078125,
      46.24875259399414,
      53.254024505615234,
      47.80368423461914,
      22.521135330200195,
      19.654144287109375,
      2.5372700691223145,
      2.4368109703063965
    ],
    [
      4.11915397644043,
      3.5395145416259766,
      11.911487579345703,
      15.538818359375,
      33.53758239746094,
      33.760475158691406,
      38.63918685913086,
      39.034629821777344,
      43.88575744628906,
      43.9991455078125,
      70.56306457519531,
      65.79718017578125,
      66.1224136352539,
      58.98738479614258,
      31.04237937927246,
      26.288848876953125,
      3.230623483657837,
      3.1641597747802734
    ],
    [
      5.475032806396484,
      4.7984185218811035,
      11.914107322692871,
      16.249727249145508,
      34.009849548339844,
      33.37141418457031,
      41.568275451660156,
      42.0869140625,
      45.52192306518555,
      46.24875259399414,
      65.79718017578125,
      73.38671875,
      68.64810180664062,
      60.18680191040039,
      31.38860511779785,
      26.553571701049805,
      3.379554271697998,
      3.2864112854003906
    ],
    [
      6.3040008544921875,
      5.597011566162109,
      12.789152145385742,
      15.161300659179688,
      38.97869873046875,
      39.47413635253906,
      52.39316940307617,
      51.417057037353516,
      51.77437210083008,
      53.254024505615234,
      66.1224136352539,
      68.64810180664062,
      93.78630828857422,
      78.73751831054688,
      41.03547668457031,
      34.313995361328125,
      5.3279523849487305,
      4.649515628814697
    ],
    [
      5.321619510650635,
      4.413028240203857,
      9.857939720153809,
      12.145788192749023,
      35.68403244018555,
      35.77129364013672,
      43.654937744140625,
      43.90806198120117,
      46.18438720703125,
      47.80368423461914,
      58.98738479614258,
      60.18680191040039,
      78.73751831054688,
      72.8244857788086,
      38.17131042480469,
      32.325347900390625,
      4.7473015785217285,
      4.299777984619141
    ],
    [
      1.3509271144866943,
      1.3678169250488281,
      0.17631933093070984,
      1.8964638710021973,
      13.071044921875,
      15.343239784240723,
      21.269954681396484,
      20.854490280151367,
      21.647085189819336,
      22.521135330200195,
      31.04237937927246,
      31.38860511779785,
      41.03547668457031,
      38.17131042480469,
      30.8327693939209,
      26.001415252685547,
      3.9252872467041016,
      3.652327537536621
    ],
    [
      1.337091088294983,
      1.3224420547485352,
      0.5404704809188843,
      1.84640371799469,
      11.97293472290039,
      13.499483108520508,
      18.61953353881836,
      17.85856056213379,
      18.697040557861328,
      19.654144287109375,
      26.288848876953125,
      26.553571701049805,
      34.313995361328125,
      32.325347900390625,
      26.001415252685547,
      23.633665084838867,
      3.447827100753784,
      3.339717388153076
    ],
    [
      0.5595575571060181,
      0.6354076266288757,
      0.15731671452522278,
      0.3097781538963318,
      1.2195760011672974,
      1.3021694421768188,
      2.6806604862213135,
      2.7218918800354004,
      2.2987060546875,
      2.5372700691223145,
      3.230623483657837,
      3.379554271697998,
      5.3279523849487305,
      4.7473015785217285,
      3.9252872467041016,
      3.447827100753784,
      1.3402990102767944,
      1.0248141288757324
    ],
    [
      0.42142900824546814,
      0.46201810240745544,
      0.13426047563552856,
      0.2659333348274231,
      1.1600557565689087,
      1.2529505491256714,
      2.5419399738311768,
      2.4963412284851074,
      2.1965243816375732,
      2.4368109703063965,
      3.1641597747802734,
      3.2864112854003906,
      4.649515628814697,
      4.299777984619141,
      3.652327537536621,
      3.339717388153076,
      1.0248141288757324,
      0.9766643643379211
    ]
  ],
  "damage": -4.9125752449035645,
  "diff_bandwidth": 750.324951171875,
  "dissonance": 4.643671232712801,
  "drr": 2.18820858001709,
  "dynamics": 4.324472904205322,
  "format": 1245190,
  "frames": 7973824,
  "loudness": -13.402878761291504,
  "loudness_range": 12.151908874511719,
  "loudness_range_short": 15.741020202636719,
  "lowpass_true_peak_15khz": 0.2935549020767212,
  "mastering3_acoustic_entropies": [
    {
      "acoustic_entropy": 9.46813678741455,
      "acoustic_entropy_mono": 8.350865364074707,
      "band_eliminated_acoustic_entropies": [
        {
          "acoustic_entropy": 9.468038558959961,
          "acoustic_entropy_side": 9.468085289001465,
          "hz": 129.47220167065723
        },
        {
          "acoustic_entropy": 9.461771965026855,
          "acoustic_entropy_side": 9.465067863464355,
          "hz": 202.92927478742237
        },
        {
          "acoustic_entropy": 9.45688533782959,
          "acoustic_entropy_side": 9.471484184265137,
          "hz": 282.89161906338205
        },
        {
          "acoustic_entropy": 8.86911678314209,
          "acoustic_entropy_side": 9.36727523803711,
          "hz": 369.9353335868758
        },
        {
          "acoustic_entropy": 10.184148788452148,
          "acoustic_entropy_side": 9.419059753417969,
          "hz": 464.6875360973435
        },
        {
          "acoustic_entropy": 8.969585418701172,
          "acoustic_entropy_side": 9.590933799743652,
          "hz": 567.8308811364784
        },
        {
          "acoustic_entropy": 8.842073440551758,
          "acoustic_entropy_side": 8.933777809143066,
          "hz": 680.1084783214808
        },
        {
          "acoustic_entropy": 8.865659713745117,
          "acoustic_entropy_side": 9.702524185180664,
          "hz": 802.3292461747484
        },
        {
          "acoustic_entropy": 8.739962577819824,
          "acoustic_entropy_side": 9.236888885498047,
          "hz": 935.3737400823702
        },
        {
          "acoustic_entropy": 9.107287406921387,
          "acoustic_entropy_side": 9.506745338439941,
          "hz": 1080.2004963696966
        },
        {
          "acoustic_entropy": 8.307144165039062,
          "acoustic_entropy_side": 9.648737907409668,
          "hz": 1237.8529382007157
        },
        {
          "acoustic_entropy": 8.255461692810059,
          "acoustic_entropy_side": 8.915342330932617,
          "hz": 1409.4668930556702
        },
        {
          "acoustic_entropy": 8.829017639160156,
          "acoustic_entropy_side": 9.61506462097168,
          "hz": 1596.2787759475705
        },
        {
          "acoustic_entropy": 9.255901336669922,
          "acoustic_entropy_side": 9.497374534606934,
          "hz": 1799.6344973346393
        },
        {
          "acoustic_entropy": 9.06397819519043,
          "acoustic_entropy_side": 8.933006286621094,
          "hz": 2020.9991599069049
        },
        {
          "acoustic_entropy": 9.166037559509277,
          "acoustic_entropy_side": 9.249992370605469,
          "hz": 2261.9676141086993
        },
        {
          "acoustic_entropy": 9.501962661743164,
          "acoustic_entropy_side": 9.46251106262207,
          "hz": 2524.2759484456974
        },
        {
          "acoustic_entropy": 9.458297729492188,
          "acoustic_entropy_side": 9.492740631103516,
          "hz": 2809.813997359896
        },
        {
          "acoustic_entropy": 9.590089797973633,
          "acoustic_entropy_side": 9.48568344116211,
          "hz": 3120.6389567871424
        },
        {
          "acoustic_entropy": 9.539836883544922,
          "acoustic_entropy_side": 9.472471237182617,
          "hz": 3458.990205492291
        },
        {
          "acoustic_entropy": 9.517040252685547,
          "acoustic_entropy_side": 9.472896575927734,
          "hz": 3827.305438964164
        },
        {
          "acoustic_entropy": 9.506017684936523,
          "acoustic_entropy_side": 9.497862815856934,
          "hz": 4228.238232109126
        },
        {
          "acoustic_entropy": 9.543632507324219,
          "acoustic_entropy_side": 9.468133926391602,
          "hz": 4664.6771572759235
        },
        {
          "acoustic_entropy": 9.477484703063965,
          "acoustic_entropy_side": 9.46959400177002,
          "hz": 5139.766595350093
        },
        {
          "acoustic_entropy": 9.472676277160645,
          "acoustic_entropy_side": 9.469263076782227,
          "hz": 5656.929389854203
        },
        {
          "acoustic_entropy": 9.471529006958008,
          "acoustic_entropy_side": 9.468461990356445,
          "hz": 6219.891507268283
        },
        {
          "acoustic_entropy": 9.469827651977539,
          "acoustic_entropy_side": 9.468314170837402,
          "hz": 6832.70888123896
        },
        {
          "acoustic_entropy": 9.468814849853516,
          "acoustic_entropy_side": 9.468191146850586,
          "hz": 7499.796634079867
        },
        {
          "acoustic_entropy": 9.469123840332031,
          "acoustic_entropy_side": 9.468206405639648,
          "hz": 8225.96088609342
        },
        {
          "acoustic_entropy": 9.468584060668945,
          "acoustic_entropy_side": 9.468180656433105,
          "hz": 9016.43338188839
        },
        {
          "acoustic_entropy": 9.46822452545166,
          "acoustic_entropy_side": 9.468153953552246,
          "hz": 9876.909183162974
        },
        {
          "acoustic_entropy": 9.468161582946777,
          "acoustic_entropy_side": 9.468140602111816,
          "hz": 10813.587699516042
        },
        {
          "acoustic_entropy": 9.4681396484375,
          "acoustic_entropy_side": 9.46813678741455,
          "hz": 11833.21735289826
        },
        {
          "acoustic_entropy": 9.468138694763184,
          "acoustic_entropy_side": 9.46813678741455,
          "hz": 12943.144197493959
        },
        {
          "acoustic_entropy": 9.46813678741455,
          "acoustic_entropy_side": 9.46813678741455,
          "hz": 14151.364845322005
        },
        {
          "acoustic_entropy": 9.46813678741455,
          "acoustic_entropy_side": 9.46813678741455,
          "hz": 15466.58407886509
        },
        {
          "acoustic_entropy": 9.46813678741455,
          "acoustic_entropy_side": 9.46813678741455,
          "hz": 16898.27756580493
        },
        {
          "acoustic_entropy": 9.46813678741455,
          "acoustic_entropy_side": 9.46813678741455,
          "hz": 18456.760127700032
        },
        {
          "acoustic_entropy": 9.46813678741455,
          "acoustic_entropy_side": 9.46813678741455,
          "hz": 20153.260054456492
        },
        {
          "acoustic_entropy": 9.46813678741455,
          "acoustic_entropy_side": 9.46813678741455,
          "hz": 22000.00000000001
        }
      ],
      "diff_acoustic_entropy": 6.002402305603027,
      "sn": 6
    },
    {
      "acoustic_entropy": 14.569480895996094,
      "acoustic_entropy_mono": 12.480998039245605,
      "band_eliminated_acoustic_entropies": [
        {
          "acoustic_entropy": 14.565390586853027,
          "acoustic_entropy_side": 14.56959056854248,
          "hz": 129.47220167065723
        },
        {
          "acoustic_entropy": 14.086051940917969,
          "acoustic_entropy_side": 14.61548137664795,
          "hz": 202.92927478742237
        },
        {
          "acoustic_entropy": 13.666848182678223,
          "acoustic_entropy_side": 14.299735069274902,
          "hz": 282.89161906338205
        },
        {
          "acoustic_entropy": 13.807633399963379,
          "acoustic_entropy_side": 13.982635498046875,
          "hz": 369.9353335868758
        },
        {
          "acoustic_entropy": 13.458337783813477,
          "acoustic_entropy_side": 14.217427253723145,
          "hz": 464.6875360973435
        },
        {
          "acoustic_entropy": 13.961061477661133,
          "acoustic_entropy_side": 14.270889282226562,
          "hz": 567.8308811364784
        },
        {
          "acoustic_entropy": 12.823563575744629,
          "acoustic_entropy_side": 13.021661758422852,
          "hz": 680.1084783214808
        },
        {
          "acoustic_entropy": 13.866293907165527,
          "acoustic_entropy_side": 14.674897193908691,
          "hz": 802.3292461747484
        },
        {
          "acoustic_entropy": 13.692041397094727,
          "acoustic_entropy_side": 13.72254467010498,
          "hz": 935.3737400823702
        },
        {
          "acoustic_entropy": 13.150775909423828,
          "acoustic_entropy_side": 13.84101676940918,
          "hz": 1080.2004963696966
        },
        {
          "acoustic_entropy": 13.505243301391602,
          "acoustic_entropy_side": 14.480466842651367,
          "hz": 1237.8529382007157
        },
        {
          "acoustic_entropy": 14.24308967590332,
          "acoustic_entropy_side": 14.512446403503418,
          "hz": 1409.4668930556702
        },
        {
          "acoustic_entropy": 13.931819915771484,
          "acoustic_entropy_side": 15.081918716430664,
          "hz": 1596.2787759475705
        },
        {
          "acoustic_entropy": 13.342177391052246,
          "acoustic_entropy_side": 14.669635772705078,
          "hz": 1799.6344973346393
        },
        {
          "acoustic_entropy": 13.904382705688477,
          "acoustic_entropy_side": 13.995768547058105,
          "hz": 2020.9991599069049
        },
        {
          "acoustic_entropy": 13.581073760986328,
          "acoustic_entropy_side": 13.632336616516113,
          "hz": 2261.9676141086993
        },
        {
          "acoustic_entropy": 14.063325881958008,
          "acoustic_entropy_side": 14.268309593200684,
          "hz": 2524.2759484456974
        },
        {
          "acoustic_entropy": 13.785995483398438,
          "acoustic_entropy_side": 14.608014106750488,
          "hz": 2809.813997359896
        },
        {
          "acoustic_entropy": 13.966174125671387,
          "acoustic_entropy_side": 14.402748107910156,
          "hz": 3120.6389567871424
        },
        {
          "acoustic_entropy": 14.459775924682617,
          "acoustic_entropy_side": 14.565373420715332,
          "hz": 3458.990205492291
        },
        {
          "acoustic_entropy": 14.525456428527832,
          "acoustic_entropy_side": 14.573789596557617,
          "hz": 3827.305438964164
        },
        {
          "acoustic_entropy": 13.867152214050293,
          "acoustic_entropy_side": 14.046085357666016,
          "hz": 4228.238232109126
        },
        {
          "acoustic_entropy": 14.861385345458984,
          "acoustic_entropy_side": 14.61123275756836,
          "hz": 4664.6771572759235
        },
        {
          "acoustic_entropy": 14.576886177062988,
          "acoustic_entropy_side": 14.570781707763672,
          "hz": 5139.766595350093
        },
        {
          "acoustic_entropy": 14.530961036682129,
          "acoustic_entropy_side": 14.568326950073242,
          "hz": 5656.929389854203
        },
        {
          "acoustic_entropy": 14.586711883544922,
          "acoustic_entropy_side": 14.571534156799316,
          "hz": 6219.891507268283
        },
        {
          "acoustic_entropy": 14.566102981567383,
          "acoustic_entropy_side": 14.568608283996582,
          "hz": 6832.70888123896
        },
        {
          "acoustic_entropy": 14.56839370727539,
          "acoustic_entropy_side": 14.56929874420166,
          "hz": 7499.796634079867
        },
        {
          "acoustic_entropy": 14.569007873535156,
          "acoustic_entropy_side": 14.56966495513916,
          "hz": 8225.96088609342
        },
        {
          "acoustic_entropy": 14.570198059082031,
          "acoustic_entropy_side": 14.569596290588379,
          "hz": 9016.43338188839
        },
        {
          "acoustic_entropy": 14.569868087768555,
          "acoustic_entropy_side": 14.569523811340332,
          "hz": 9876.909183162974
        },
        {
          "acoustic_entropy": 14.569497108459473,
          "acoustic_entropy_side": 14.569483757019043,
          "hz": 10813.587699516042
        },
        {
          "acoustic_entropy": 14.569500923156738,
          "acoustic_entropy_side": 14.569482803344727,
          "hz": 11833.21735289826
        },
        {
          "acoustic_entropy": 14.569488525390625,
          "acoustic_entropy_side": 14.569482803344727,
          "hz": 12943.144197493959
        },
        {
          "acoustic_entropy": 14.56948184967041,
          "acoustic_entropy_side": 14.569482803344727,
          "hz": 14151.364845322005
        },
        {
          "acoustic_entropy": 14.569480895996094,
          "acoustic_entropy_side": 14.569480895996094,
          "hz": 15466.58407886509
        },
        {
          "acoustic_entropy": 14.569480895996094,
          "acoustic_entropy_side": 14.569480895996094,
          "hz": 16898.27756580493
        },
        {
          "acoustic_entropy": 14.569480895996094,
          "acoustic_entropy_side": 14.569480895996094,
          "hz": 18456.760127700032
        },
        {
          "acoustic_entropy": 14.569480895996094,
          "acoustic_entropy_side": 14.569480895996094,
          "hz": 20153.260054456492
        },
        {
          "acoustic_entropy": 14.569480895996094,
          "acoustic_entropy_side": 14.569480895996094,
          "hz": 22000.00000000001
        }
      ],
      "diff_acoustic_entropy": 9.0004243850708,
      "sn": 12
    },
    {
      "acoustic_entropy": 22.292577743530273,
      "acoustic_entropy_mono": 19.29099464416504,
      "band_eliminated_acoustic_entropies": [
        {
          "acoustic_entropy": 22.234201431274414,
          "acoustic_entropy_side": 22.330982208251953,
          "hz": 129.47220167065723
        },
        {
          "acoustic_entropy": 21.63035011291504,
          "acoustic_entropy_side": 22.55135726928711,
          "hz": 202.92927478742237
        },
        {
          "acoustic_entropy": 22.574533462524414,
          "acoustic_entropy_side": 22.356782913208008,
          "hz": 282.89161906338205
        },
        {
          "acoustic_entropy": 21.87021827697754,
          "acoustic_entropy_side": 22.475858688354492,
          "hz": 369.9353335868758
        },
        {
          "acoustic_entropy": 21.13119125366211,
          "acoustic_entropy_side": 22.389413833618164,
          "hz": 464.6875360973435
        },
        {
          "acoustic_entropy": 22.01983642578125,
          "acoustic_entropy_side": 21.83281707763672,
          "hz": 567.8308811364784
        },
        {
          "acoustic_entropy": 21.717817306518555,
          "acoustic_entropy_side": 20.920726776123047,
          "hz": 680.1084783214808
        },
        {
          "acoustic_entropy": 20.81694221496582,
          "acoustic_entropy_side": 22.208908081054688,
          "hz": 802.3292461747484
        },
        {
          "acoustic_entropy": 20.837186813354492,
          "acoustic_entropy_side": 22.258699417114258,
          "hz": 935.3737400823702
        },
        {
          "acoustic_entropy": 19.92099380493164,
          "acoustic_entropy_side": 21.670644760131836,
          "hz": 1080.2004963696966
        },
        {
          "acoustic_entropy": 20.981948852539062,
          "acoustic_entropy_side": 21.64850616455078,
          "hz": 1237.8529382007157
        },
        {
          "acoustic_entropy": 20.856924057006836,
          "acoustic_entropy_side": 21.849273681640625,
          "hz": 1409.4668930556702
        },
        {
          "acoustic_entropy": 21.14860725402832,
          "acoustic_entropy_side": 22.021730422973633,
          "hz": 1596.2787759475705
        },
        {
          "acoustic_entropy": 21.170591354370117,
          "acoustic_entropy_side": 23.547887802124023,
          "hz": 1799.6344973346393
        },
        {
          "acoustic_entropy": 22.527082443237305,
          "acoustic_entropy_side": 23.128360748291016,
          "hz": 2020.9991599069049
        },
        {
          "acoustic_entropy": 22.486495971679688,
          "acoustic_entropy_side": 23.464353561401367,
          "hz": 2261.9676141086993
        },
        {
          "acoustic_entropy": 22.007858276367188,
          "acoustic_entropy_side": 21.927669525146484,
          "hz": 2524.2759484456974
        },
        {
          "acoustic_entropy": 22.746810913085938,
          "acoustic_entropy_side": 23.230222702026367,
          "hz": 2809.813997359896
        },
        {
          "acoustic_entropy": 21.530582427978516,
