{
  "acoustic_entropy": 115.38383483886719,
  "bands": [
    {
      "high_freq": 148.1999969482422,
      "loudness": -27.54718017578125,
      "loudness_range": 11.901412963867188,
      "mid_mean": -24.19192123413086,
      "mid_to_side_loudness": -12.318613052368164,
      "mid_to_side_loudness_range": 14.197413444519043,
      "side_mean": -37.71802520751953
    },
    {
      "high_freq": 392.3793640136719,
      "loudness": -23.386245727539062,
      "loudness_range": 12.01119613647461,
      "low_freq": 148.1999969482422,
      "mid_mean": -20.180395126342773,
      "mid_to_side_loudness": -9.80102825164795,
      "mid_to_side_loudness_range": 7.682946681976318,
      "side_mean": -30.57709312438965
    },
    {
      "high_freq": 794.6976318359375,
      "loudness": -24.66008758544922,
      "loudness_range": 12.506877899169922,
      "low_freq": 392.3793640136719,
      "mid_mean": -21.322370529174805,
      "mid_to_side_loudness": -11.97893238067627,
      "mid_to_side_loudness_range": 13.00364875793457,
      "side_mean": -34.09979248046875
    },
    {
      "high_freq": 1457.5709228515625,
      "loudness": -29.805423736572266,
      "loudness_range": 14.606107711791992,
      "low_freq": 794.6976318359375,
      "mid_mean": -26.3621768951416,
      "mid_to_side_loudness": -11.882038116455078,
      "mid_to_side_loudness_range": 10.66427230834961,
      "side_mean": -39.0794792175293
    },
    {
      "high_freq": 2549.74365234375,
      "loudness": -31.703413009643555,
      "loudness_range": 13.047117233276367,
      "low_freq": 1457.5709228515625,
      "mid_mean": -28.393136978149414,
      "mid_to_side_loudness": -11.056729316711426,
      "mid_to_side_loudness_range": 8.179668426513672,
      "side_mean": -40.09062194824219
    },
    {
      "high_freq": 4349.24462890625,
      "loudness": -36.426734924316406,
      "loudness_range": 15.243207931518555,
      "low_freq": 2549.74365234375,
      "mid_mean": -33.05685806274414,
      "mid_to_side_loudness": -12.62246036529541,
      "mid_to_side_loudness_range": 10.648487091064453,
      "side_mean": -46.21906280517578
    },
    {
      "high_freq": 7314.1640625,
      "loudness": -39.77802658081055,
      "loudness_range": 13.205963134765625,
      "low_freq": 4349.24462890625,
      "mid_mean": -36.31246566772461,
      "mid_to_side_loudness": -14.908714294433594,
      "mid_to_side_loudness_range": 11.761990547180176,
      "side_mean": -52.67786407470703
    },
    {
      "high_freq": 12199.2666015625,
      "loudness": -40.0289306640625,
      "loudness_range": 12.76275634765625,
      "low_freq": 7314.1640625,
      "mid_mean": -36.57741928100586,
      "mid_to_side_loudness": -13.779428482055664,
      "mid_to_side_loudness_range": 8.589816093444824,
      "side_mean": -51.891815185546875
    },
    {
      "loudness": -43.74535369873047,
      "loudness_range": 12.30670166015625,
      "low_freq": 12199.2666015625,
      "mid_mean": -40.33435821533203,
      "mid_to_side_loudness": -12.681343078613281,
      "mid_to_side_loudness_range": 7.595706939697266,
      "side_mean": -54.22993850708008
    }
  ],
  "bands_short": [
    {
      "high_freq": 148.1999969482422,
      "loudness": -32.410362243652344,
      "loudness_range": 19.437522888183594,
      "mid_mean": -29.388952255249023,
      "mid_to_side_loudness": -11.024174690246582,
      "mid_to_side_loudness_range": 20.541105270385742,
      "side_mean": -41.43107223510742
    },
    {
      "high_freq": 392.3793640136719,
      "loudness": -24.45077133178711,
      "loudness_range": 19.00192642211914,
      "low_freq": 148.1999969482422,
      "mid_mean": -21.325223922729492,
      "mid_to_side_loudness": -10.00501537322998,
      "mid_to_side_loudness_range": 14.087306022644043,
      "side_mean": -31.84446144104004
    },
    {
      "high_freq": 794.6976318359375,
      "loudness": -27.078166961669922,
      "loudness_range": 20.494613647460938,
      "low_freq": 392.3793640136719,
      "mid_mean": -23.994876861572266,
      "mid_to_side_loudness": -10.317152976989746,
      "mid_to_side_loudness_range": 17.138105392456055,
      "side_mean": -34.92108154296875
    },
    {
      "high_freq": 1457.5709228515625,
      "loudness": -30.851139068603516,
      "loudness_range": 20.08238983154297,
      "low_freq": 794.6976318359375,
      "mid_mean": -27.691186904907227,
      "mid_to_side_loudness": -10.933236122131348,
      "mid_to_side_loudness_range": 15.756596565246582,
      "side_mean": -39.30426025390625
    },
    {
      "high_freq": 2549.74365234375,
      "loudness": -34.10426712036133,
      "loudness_range": 21.84746742248535,
      "low_freq": 1457.5709228515625,
      "mid_mean": -30.99273109436035,
      "mid_to_side_loudness": -10.260909080505371,
      "mid_to_side_loudness_range": 15.557075500488281,
      "side_mean": -41.78291320800781
    },
    {
      "high_freq": 4349.24462890625,
      "loudness": -38.971923828125,
      "loudness_range": 21.949861526489258,
      "low_freq": 2549.74365234375,
      "mid_mean": -35.77739715576172,
      "mid_to_side_loudness": -11.10811996459961,
      "mid_to_side_loudness_range": 16.300086975097656,
      "side_mean": -47.82755661010742
    },
    {
      "high_freq": 7314.1640625,
      "loudness": -42.434471130371094,
      "loudness_range": 21.703493118286133,
      "low_freq": 4349.24462890625,
      "mid_mean": -39.173831939697266,
      "mid_to_side_loudness": -13.063216209411621,
      "mid_to_side_loudness_range": 17.965288162231445,
      "side_mean": -54.23862838745117
    },
    {
      "high_freq": 12199.2666015625,
      "loudness": -42.316505432128906,
      "loudness_range": 21.271278381347656,
      "low_freq": 7314.1640625,
      "mid_mean": -39.054725646972656,
      "mid_to_side_loudness": -12.971532821655273,
      "mid_to_side_loudness_range": 15.651629447937012,
      "side_mean": -53.810367584228516
    },
    {
      "loudness": -46.187355041503906,
      "loudness_range": 21.94005584716797,
      "low_freq": 12199.2666015625,
      "mid_mean": -42.93699645996094,
      "mid_to_side_loudness": -11.557184219360352,
      "mid_to_side_loudness_range": 14.91769027709961,
      "side_mean": -55.9327507019043
    }
  ],
  "bandwidth": 520.7232055664062,
  "channels": 2,
  "covariance": [
    [
      21.445730209350586,
      17.969526290893555,
      13.544329643249512,
      14.427947998046875,
      15.437956809997559,
      11.752869606018066,
      14.321418762207031,
      11.875813484191895,
      14.59349250793457,
      14.035155296325684,
      15.156784057617188,
      13.705525398254395,
      14.520986557006836,
      13.420369148254395,
      14.905484199523926,
      13.681876182556152,
      14.530497550964355,
      13.429871559143066
    ],
    [
      17.969526290893555,
      34.25961685180664,
      18.146493911743164,
      21.210988998413086,
      20.168880462646484,
      20.966419219970703,
      18.736326217651367,
      18.91593360900879,
      19.441974639892578,
      21.69110679626465,
      21.80405616760254,
      24.162723541259766,
      21.139114379882812,
      23.070863723754883,
      21.023487091064453,
      22.284719467163086,
      20.182836532592773,
      21.445587158203125
    ],
    [
      13.544329643249512,
      18.146493911743164,
      25.480070114135742,
      24.679079055786133,
      25.26809310913086,
      17.603086471557617,
      25.8680419921875,
      21.326780319213867,
      24.33146095275879,
      24.33472442626953,
      24.204557418823242,
      23.28742218017578,
      23.862823486328125,
      22.11764907836914,
      24.27773666381836,
      22.812217712402344,
      24.35192108154297,
      22.058469772338867
    ],
    [
      14.427947998046875,
      21.210988998413086,
      24.679079055786133,
      29.6754150390625,
      25.522872924804688,
      20.9583683013916,
      25.927886962890625,
      24.419269561767578,
      23.2584228515625,
      27.344860076904297,
      22.145212173461914,
      25.08922576904297,
      21.543325424194336,
      24.209339141845703,
      23.760927200317383,
      26.010311126708984,
      23.51902198791504,
      25.090274810791016
    ],
    [
      15.437956809997559,
      20.168880462646484,
      25.26809310913086,
      25.522872924804688,
      29.88664436340332,
      20.089893341064453,
      27.44310188293457,
      22.489707946777344,
      26.142948150634766,
      27.72804832458496,
      26.3100528717041,
      27.856887817382812,
      25.475215911865234,
      27.240995407104492,
      27.545625686645508,
      27.913198471069336,
      26.7012882232666,
      26.5155086517334
    ],
    [
      11.752869606018066,
      20.966419219970703,
      17.603086471557617,
      20.9583683013916,
      20.089893341064453,
      21.48661994934082,
      19.83203125,
      20.44650650024414,
      19.15265655517578,
      22.692306518554688,
      19.368762969970703,
      24.309995651245117,
      18.46571159362793,
      23.40604591369629,
      20.140522003173828,
      23.095746994018555,
      19.687570571899414,
      21.836355209350586
    ],
    [
      14.321418762207031,
      18.736326217651367,
      25.8680419921875,
      25.927886962890625,
      27.44310188293457,
      19.83203125,
      28.538028717041016,
      23.563156127929688,
      25.72566795349121,
      26.892885208129883,
      25.6226806640625,
      26.73634147644043,
      24.790977478027344,
      25.900863647460938,
      26.240869522094727,
      26.580699920654297,
      26.14688491821289,
      25.35441780090332
    ],
    [
      11.875813484191895,
      18.91593360900879,
      21.326780319213867,
      24.419269561767578,
      22.489707946777344,
      20.44650650024414,
      23.563156127929688,
      24.87738609313965,
      21.19329833984375,
      24.936861038208008,
      21.06369400024414,
      25.37782859802246,
      20.16416358947754,
      25.444555282592773,
      21.77593994140625,
      25.789705276489258,
      21.65825843811035,
      24.274770736694336
    ],
    [
      14.59349250793457,
      19.441974639892578,
      24.33146095275879,
      23.2584228515625,
      26.142948150634766,
      19.15265655517578,
      25.72566795349121,
      21.19329833984375,
      26.423099517822266,
      24.95722007751465,
      26.643945693969727,
      25.237932205200195,
      26.05727195739746,
      24.359149932861328,
      25.827009201049805,
      23.83624267578125,
      25.6881046295166,
      23.04860496520996
    ],
    [
      14.035155296325684,
      21.69110679626465,
      24.33472442626953,
      27.344860076904297,
      27.72804832458496,
      22.692306518554688,
      26.892885208129883,
      24.936861038208008,
      24.95722007751465,
      29.957651138305664,
      25.338603973388672,
      31.23005485534668,
      24.1297664642334,
      30.025634765625,
      26.367151260375977,
      30.25021743774414,
      25.800975799560547,
      28.542354583740234
    ],
    [
      15.156784057617188,
      21.80405616760254,
      24.204557418823242,
      22.145212173461914,
      26.3100528717041,
      19.368762969970703,
      25.6226806640625,
      21.06369400024414,
      26.643945693969727,
      25.338603973388672,
      29.234609603881836,
      28.84841537475586,
      28.084487915039062,
      27.222665786743164,
      27.03153419494629,
      25.61690902709961,
      26.741458892822266,
      24.10206413269043
    ],
    [
      13.705525398254395,
      24.162723541259766,
      23.28742218017578,
      25.08922576904297,
      27.856887817382812,
      24.309995651245117,
      26.73634147644043,
      25.37782859802246,
      25.237932205200195,
      31.23005485534668,
      28.84841537475586,
      39.48165512084961,
      26.42448616027832,
      36.97969055175781,
      28.32564926147461,
      34.901092529296875,
      27.188859939575195,
      31.40883445739746
    ],
    [
      14.520986557006836,
      21.139114379882812,
      23.862823486328125,
      21.543325424194336,
      25.475215911865234,
      18.46571159362793,
      24.790977478027344,
      20.16416358947754,
      26.05727195739746,
      24.1297664642334,
      28.084487915039062,
      26.42448616027832,
      27.42708396911621,
      25.054344177246094,
      26.165800094604492,
      23.773305892944336,
      25.993392944335938,
      22.60682487487793
    ],
    [
      13.420369148254395,
      23.070863723754883,
      22.11764907836914,
      24.209339141845703,
      27.240995407104492,
      23.40604591369629,
      25.900863647460938,
      25.444555282592773,
      24.359149932861328,
      30.025634765625,
      27.222665786743164,
      36.97969055175781,
      25.054344177246094,
      52.663307189941406,
      27.349241256713867,
      51.859458923339844,
      26.077594757080078,
      46.214744567871094
    ],
    [
      14.905484199523926,
      21.023487091064453,
      24.27773666381836,
      23.760927200317383,
      27.545625686645508,
      20.140522003173828,
      26.240869522094727,
      21.77593994140625,
      25.827009201049805,
      26.367151260375977,
      27.03153419494629,
      28.32564926147461,
      26.165800094604492,
      27.349241256713867,
      27.357898712158203,
      27.082311630249023,
      26.56462287902832,
      25.336071014404297
    ],
    [
      13.681876182556152,
      22.284719467163086,
      22.812217712402344,
      26.010311126708984,
      27.913198471069336,
      23.095746994018555,
      26.580699920654297,
      25.789705276489258,
      23.83624267578125,
      30.25021743774414,
      25.61690902709961,
      34.901092529296875,
      23.773305892944336,
      51.859458923339844,
      27.082311630249023,
      52.633609771728516,
      25.760236740112305,
      47.0662727355957
    ],
    [
      14.530497550964355,
      20.182836532592773,
      24.35192108154297,
      23.51902198791504,
      26.7012882232666,
      19.687570571899414,
      26.14688491821289,
      21.65825843811035,
      25.6881046295166,
      25.800975799560547,
      26.741458892822266,
      27.188859939575195,
      25.993392944335938,
      26.077594757080078,
      26.56462287902832,
      25.760236740112305,
      26.322208404541016,
      24.47447395324707
    ],
    [
      13.429871559143066,
      21.445587158203125,
      22.058469772338867,
      25.090274810791016,
      26.5155086517334,
      21.836355209350586,
      25.35441780090332,
      24.274770736694336,
      23.04860496520996,
      28.542354583740234,
      24.10206413269043,
      31.40883445739746,
      22.60682487487793,
      46.214744567871094,
      25.336071014404297,
      47.0662727355957,
      24.47447395324707,
      42.985382080078125
    ]
  ],
  "covariance_short": [
    [
      60.59113693237305,
      30.539377212524414,
      29.098691940307617,
      21.532085418701172,
      28.857208251953125,
      13.80817985534668,
      29.00222396850586,
      14.394847869873047,
      31.787837982177734,
      18.70689582824707,
      31.898704528808594,
      19.894495010375977,
      31.941335678100586,
      18.770917892456055,
      29.96380043029785,
      17.32614517211914,
      29.725971221923828,
      16.389970779418945
    ],
    [
      30.539377212524414,
      51.45829391479492,
      23.36803436279297,
      24.308488845825195,
      22.370527267456055,
      19.664920806884766,
      23.40565299987793,
      19.963518142700195,
      21.656291961669922,
      21.426008224487305,
      22.452526092529297,
      25.99995231628418,
      22.060842514038086,
      24.774015426635742,
      24.78551483154297,
      24.358495712280273,
      23.694717407226562,
      23.475196838378906
    ],
    [
      29.098691940307617,
      23.36803436279297,
      48.7175407409668,
      36.552669525146484,
      46.22389221191406,
      24.48015022277832,
      47.02193832397461,
      28.122230529785156,
      47.86006546020508,
      37.20124435424805,
      44.54389190673828,
      37.177940368652344,
      44.36375045776367,
      34.5301628112793,
      47.88530349731445,
      36.301448822021484,
      49.61986541748047,
      34.29454040527344
    ],
    [
      21.532085418701172,
      24.308488845825195,
      36.552669525146484,
      41.59060287475586,
      38.933589935302734,
      26.936115264892578,
      39.60896682739258,
      30.81686019897461,
      36.18334197998047,
      37.712093353271484,
      32.723148345947266,
      35.84663009643555,
      32.463844299316406,
      34.92561721801758,
      39.54187774658203,
      38.31464385986328,
      39.66758728027344,
      36.0732421875
    ],
    [
      28.857208251953125,
      22.370527267456055,
      46.22389221191406,
      38.933589935302734,
      56.37199401855469,
      29.174386978149414,
      50.38526153564453,
      32.37641143798828,
      52.93816375732422,
      44.13752365112305,
      48.66519546508789,
      42.79106140136719,
      49.07379150390625,
      41.1384162902832,
      54.08557891845703,
      43.536277770996094,
      54.57199478149414,
      41.21065139770508
    ],
    [
      13.80817985534668,
      19.664920806884766,
      24.48015022277832,
      26.936115264892578,
      29.174386978149414,
      28.64547348022461,
      28.69895362854004,
      25.578018188476562,
      27.2792911529541,
      29.962032318115234,
      25.039873123168945,
      30.483802795410156,
      24.15336036682129,
      29.62652015686035,
      29.815271377563477,
      31.370243072509766,
      30.17168426513672,
      29.561147689819336
    ],
    [
      29.00222396850586,
      23.40565299987793,
      47.02193832397461,
      39.60896682739258,
      50.38526153564453,
      28.69895362854004,
      56.846107482910156,
      34.26083755493164,
      52.415985107421875,
      43.403785705566406,
      47.81206512451172,
      44.29460144042969,
      47.37588882446289,
      42.08799362182617,
      54.62922286987305,
      45.05034255981445,
      55.585426330566406,
      41.65428924560547
    ],
    [
      14.394847869873047,
      19.963518142700195,
      28.122230529785156,
      30.81686019897461,
      32.37641143798828,
      25.578018188476562,
      34.26083755493164,
      32.779117584228516,
      30.79358673095703,
      33.613582611083984,
      29.351781845092773,
      35.903175354003906,
      28.845312118530273,
      34.802730560302734,
      34.84770202636719,
      36.96882247924805,
      34.354896545410156,
      33.91337203979492
    ],
    [
      31.787837982177734,
      21.656291961669922,
      47.86006546020508,
      36.18334197998047,
      52.93816375732422,
      27.2792911529541,
      52.415985107421875,
      30.79358673095703,
      61.36438751220703,
      41.792144775390625,
      57.647483825683594,
      42.629058837890625,
      57.73179626464844,
      39.90635299682617,
      58.41595458984375,
      39.931575775146484,
      60.047664642333984,
      37.31913757324219
    ],
    [
      18.70689582824707,
      21.426008224487305,
      37.20124435424805,
      37.712093353271484,
      44.13752365112305,
      29.962032318115234,
      43.403785705566406,
      33.613582611083984,
      41.792144775390625,
      44.92075729370117,
      39.36484909057617,
      44.19252014160156,
      38.73445510864258,
      43.2252197265625,
      45.626914978027344,
      45.44392395019531,
      45.61252212524414,
      42.57191848754883
    ],
    [
      31.898704528808594,
      22.452526092529297,
      44.54389190673828,
      32.723148345947266,
      48.66519546508789,
      25.039873123168945,
      47.81206512451172,
      29.351781845092773,
      57.647483825683594,
      39.36484909057617,
      64.38653564453125,
      43.4874382019043,
      62.37683868408203,
      40.007240295410156,
      57.084503173828125,
      38.24935531616211,
      57.35854721069336,
      34.97264099121094
    ],
    [
      19.894495010375977,
      25.99995231628418,
      37.177940368652344,
      35.84663009643555,
      42.79106140136719,
      30.483802795410156,
      44.29460144042969,
      35.903175354003906,
      42.629058837890625,
      44.19252014160156,
      43.4874382019043,
      53.989105224609375,
      41.71365737915039,
      50.45535659790039,
      47.17639923095703,
      50.52326965332031,
      47.15376281738281,
      46.06449508666992
    ],
    [
      31.941335678100586,
      22.060842514038086,
      44.36375045776367,
      32.463844299316406,
      49.07379150390625,
      24.15336036682129,
      47.37588882446289,
      28.845312118530273,
      57.73179626464844,
      38.73445510864258,
      62.37683868408203,
      41.71365737915039,
      64.2757568359375,
      38.73259735107422,
      56.99254608154297,
      36.94626235961914,
      57.3790168762207,
      33.841556549072266
    ],
    [
      18.770917892456055,
      24.774015426635742,
      34.5301628112793,
      34.92561721801758,
      41.1384162902832,
      29.62652015686035,
      42.08799362182617,
      34.802730560302734,
      39.90635299682617,
      43.2252197265625,
      40.007240295410156,
      50.45535659790039,
      38.73259735107422,
      63.628990173339844,
      44.48983383178711,
      63.69315719604492,
      43.948421478271484,
      57.61276626586914
    ],
    [
      29.96380043029785,
      24.78551483154297,
      47.88530349731445,
      39.54187774658203,
      54.08557891845703,
      29.815271377563477,
      54.62922286987305,
      34.84770202636719,
      58.41595458984375,
      45.626914978027344,
      57.084503173828125,
      47.17639923095703,
      56.99254608154297,
      44.48983383178711,
      63.64581298828125,
      46.10554885864258,
      61.52574920654297,
      41.96254348754883
    ],
    [
      17.32614517211914,
      24.358495712280273,
      36.301448822021484,
      38.31464385986328,
      43.536277770996094,
      31.370243072509766,
      45.05034255981445,
      36.96882247924805,
      39.931575775146484,
      45.44392395019531,
      38.24935531616211,
      50.52326965332031,
      36.94626235961914,
      63.69315719604492,
      46.10554885864258,
      67.49339294433594,
      45.37549591064453,
      60.86859130859375
    ],
    [
      29.725971221923828,
      23.694717407226562,
      49.61986541748047,
      39.66758728027344,
      54.57199478149414,
      30.17168426513672,
      55.585426330566406,
      34.354896545410156,
      60.047664642333984,
      45.61252212524414,
      57.35854721069336,
      47.15376281738281,
      57.3790168762207,
      43.948421478271484,
      61.52574920654297,
      45.37549591064453,
      64.12908172607422,
      41.753684997558594
    ],
    [
      16.389970779418945,
      23.475196838378906,
      34.29454040527344,
      36.0732421875,
      41.21065139770508,
      29.561147689819336,
      41.65428924560547,
      33.91337203979492,
      37.31913757324219,
      42.57191848754883,
      34.97264099121094,
      46.06449508666992,
      33.841556549072266,
      57.61276626586914,
      41.96254348754883,
      60.86859130859375,
      41.753684997558594,
      56.61342239379883
    ]
  ],
  "damage": -9.090202331542969,
  "diff_bandwidth": 517.6851196289062,
  "dissonance": 7.829998951929004,
  "drr": 1.4380077123641968,
  "dynamics": 4.067151069641113,
  "format": 1245190,
  "frames": 1378304,
  "loudness": -14.78836441040039,
  "loudness_range": 7.87520694732666,
  "loudness_range_short": 17.976234436035156,
  "lowpass_true_peak_15khz": 0.10704401880502701,
  "mastering3_acoustic_entropies": [
    {
      "acoustic_entropy": 3.478973388671875,
      "acoustic_entropy_mono": 3.9329075813293457,
      "band_eliminated_acoustic_entropies": [
        {
          "acoustic_entropy": 3.478020191192627,
          "acoustic_entropy_side": 3.475677728652954,
          "hz": 129.47220167065723
        },
        {
          "acoustic_entropy": 3.441349983215332,
          "acoustic_entropy_side": 3.4632222652435303,
          "hz": 202.92927478742237
        },
        {
          "acoustic_entropy": 3.6165225505828857,
          "acoustic_entropy_side": 3.521097183227539,
          "hz": 282.89161906338205
        },
        {
          "acoustic_entropy": 3.877004384994507,
          "acoustic_entropy_side": 3.6670081615448,
          "hz": 369.9353335868758
        },
        {
          "acoustic_entropy": 3.5333988666534424,
          "acoustic_entropy_side": 3.607572078704834,
          "hz": 464.6875360973435
        },
        {
          "acoustic_entropy": 3.654566764831543,
          "acoustic_entropy_side": 3.5722453594207764,
          "hz": 567.8308811364784
        },
        {
          "acoustic_entropy": 3.5694122314453125,
          "acoustic_entropy_side": 3.5440168380737305,
          "hz": 680.1084783214808
        },
        {
          "acoustic_entropy": 3.8370938301086426,
          "acoustic_entropy_side": 3.572535514831543,
          "hz": 802.3292461747484
        },
        {
          "acoustic_entropy": 3.4270429611206055,
          "acoustic_entropy_side": 3.5914053916931152,
          "hz": 935.3737400823702
        },
        {
          "acoustic_entropy": 3.4793872833251953,
          "acoustic_entropy_side": 3.536151170730591,
          "hz": 1080.2004963696966
        },
        {
          "acoustic_entropy": 3.6224381923675537,
          "acoustic_entropy_side": 3.5383734703063965,
          "hz": 1237.8529382007157
        },
        {
          "acoustic_entropy": 3.5304906368255615,
          "acoustic_entropy_side": 3.5402238368988037,
          "hz": 1409.4668930556702
        },
        {
          "acoustic_entropy": 3.3291237354278564,
          "acoustic_entropy_side": 3.513064384460449,
          "hz": 1596.2787759475705
        },
        {
          "acoustic_entropy": 3.5268936157226562,
          "acoustic_entropy_side": 3.512444257736206,
          "hz": 1799.6344973346393
        },
        {
          "acoustic_entropy": 3.3496153354644775,
          "acoustic_entropy_side": 3.5158376693725586,
          "hz": 2020.9991599069049
        },
        {
          "acoustic_entropy": 3.3544182777404785,
          "acoustic_entropy_side": 3.5039706230163574,
          "hz": 2261.9676141086993
        },
        {
          "acoustic_entropy": 3.4775383472442627,
          "acoustic_entropy_side": 3.490874767303467,
          "hz": 2524.2759484456974
        },
        {
          "acoustic_entropy": 3.441927671432495,
          "acoustic_entropy_side": 3.4948644638061523,
          "hz": 2809.813997359896
        },
        {
          "acoustic_entropy": 3.481245994567871,
          "acoustic_entropy_side": 3.496988534927368,
          "hz": 3120.6389567871424
        },
        {
          "acoustic_entropy": 3.4158682823181152,
          "acoustic_entropy_side": 3.4228599071502686,
          "hz": 3458.990205492291
        },
        {
          "acoustic_entropy": 3.4677960872650146,
          "acoustic_entropy_side": 3.4912283420562744,
          "hz": 3827.305438964164
        },
        {
          "acoustic_entropy": 3.5044779777526855,
          "acoustic_entropy_side": 3.4833853244781494,
          "hz": 4228.238232109126
        },
        {
          "acoustic_entropy": 3.4939980506896973,
          "acoustic_entropy_side": 3.469594717025757,
          "hz": 4664.6771572759235
        },
        {
          "acoustic_entropy": 3.4935498237609863,
          "acoustic_entropy_side": 3.479262113571167,
          "hz": 5139.766595350093
        },
        {
          "acoustic_entropy": 3.474274158477783,
          "acoustic_entropy_side": 3.4796626567840576,
          "hz": 5656.929389854203
        },
        {
          "acoustic_entropy": 3.481710195541382,
          "acoustic_entropy_side": 3.477949619293213,
          "hz": 6219.891507268283
        },
        {
          "acoustic_entropy": 3.476961374282837,
          "acoustic_entropy_side": 3.477221727371216,
          "hz": 6832.70888123896
        },
        {
          "acoustic_entropy": 3.4730823040008545,
          "acoustic_entropy_side": 3.479888677597046,
          "hz": 7499.796634079867
        },
        {
          "acoustic_entropy": 3.444586992263794,
          "acoustic_entropy_side": 3.4761862754821777,
          "hz": 8225.96088609342
        },
        {
          "acoustic_entropy": 3.3768599033355713,
          "acoustic_entropy_side": 3.4765069484710693,
          "hz": 9016.43338188839
        },
        {
          "acoustic_entropy": 3.460568428039551,
          "acoustic_entropy_side": 3.4805238246917725,
          "hz": 9876.909183162974
        },
        {
          "acoustic_entropy": 3.462812900543213,
          "acoustic_entropy_side": 3.4811532497406006,
          "hz": 10813.587699516042
        },
        {
          "acoustic_entropy": 3.4637346267700195,
          "acoustic_entropy_side": 3.4803309440612793,
          "hz": 11833.21735289826
        },
        {
          "acoustic_entropy": 3.4819536209106445,
          "acoustic_entropy_side": 3.479856252670288,
          "hz": 12943.144197493959
        },
        {
          "acoustic_entropy": 3.482994318008423,
          "acoustic_entropy_side": 3.480119228363037,
          "hz": 14151.364845322005
        },
        {
          "acoustic_entropy": 3.4710195064544678,
          "acoustic_entropy_side": 3.479797124862671,
          "hz": 15466.58407886509
        },
        {
          "acoustic_entropy": 3.4831442832946777,
          "acoustic_entropy_side": 3.4797394275665283,
          "hz": 16898.27756580493
        },
        {
          "acoustic_entropy": 3.484276533126831,
          "acoustic_entropy_side": 3.479522705078125,
          "hz": 18456.760127700032
        },
        {
          "acoustic_entropy": 3.479387044906616,
          "acoustic_entropy_side": 3.479241132736206,
          "hz": 20153.260054456492
        },
        {
          "acoustic_entropy": 3.479159355163574,
          "acoustic_entropy_side": 3.4790008068084717,
          "hz": 22000.00000000001
        }
      ],
      "diff_acoustic_entropy": 3.5813751220703125,
      "sn": 6
    },
    {
      "acoustic_entropy": 5.057276725769043,
      "acoustic_entropy_mono": 5.204494476318359,
      "band_eliminated_acoustic_entropies": [
        {
          "acoustic_entropy": 5.024198532104492,
          "acoustic_entropy_side": 5.058426856994629,
          "hz": 129.47220167065723
        },
        {
          "acoustic_entropy": 4.9729533195495605,
          "acoustic_entropy_side": 5.04624080657959,
          "hz": 202.92927478742237
        },
        {
          "acoustic_entropy": 5.321188449859619,
          "acoustic_entropy_side": 5.220440864562988,
          "hz": 282.89161906338205
        },
        {
          "acoustic_entropy": 5.135002136230469,
          "acoustic_entropy_side": 4.975827217102051,
          "hz": 369.9353335868758
        },
        {
          "acoustic_entropy": 5.290751934051514,
          "acoustic_entropy_side": 5.240318775177002,
          "hz": 464.6875360973435
        },
        {
          "acoustic_entropy": 4.930265426635742,
          "acoustic_entropy_side": 5.01594877243042,
          "hz": 567.8308811364784
        },
        {
          "acoustic_entropy": 5.210876941680908,
          "acoustic_entropy_side": 5.110446453094482,
          "hz": 680.1084783214808
        },
        {
          "acoustic_entropy": 5.194007873535156,
          "acoustic_entropy_side": 5.102261543273926,
          "hz": 802.3292461747484
        },
        {
          "acoustic_entropy": 4.772812366485596,
          "acoustic_entropy_side": 4.993803977966309,
          "hz": 935.3737400823702
        },
        {
          "acoustic_entropy": 5.176804542541504,
          "acoustic_entropy_side": 5.045269966125488,
          "hz": 1080.2004963696966
        },
        {
          "acoustic_entropy": 5.124969482421875,
          "acoustic_entropy_side": 5.048593521118164,
          "hz": 1237.8529382007157
        },
        {
          "acoustic_entropy": 5.043316841125488,
          "acoustic_entropy_side": 5.035282135009766,
          "hz": 1409.4668930556702
        },
        {
          "acoustic_entropy": 4.939988136291504,
          "acoustic_entropy_side": 5.040888786315918,
          "hz": 1596.2787759475705
        },
        {
          "acoustic_entropy": 5.021642684936523,
          "acoustic_entropy_side": 5.05289363861084,
          "hz": 1799.6344973346393
        },
        {
          "acoustic_entropy": 4.974723815917969,
          "acoustic_entropy_side": 5.002780437469482,
          "hz": 2020.9991599069049
        },
        {
          "acoustic_entropy": 4.94403600692749,
          "acoustic_entropy_side": 4.993225574493408,
          "hz": 2261.9676141086993
        },
        {
          "acoustic_entropy": 5.03455114364624,
          "acoustic_entropy_side": 5.030043125152588,
          "hz": 2524.2759484456974
        },
        {
          "acoustic_entropy": 5.047473907470703,
          "acoustic_entropy_side": 5.044526100158691,
          "hz": 2809.813997359896
        },
        {
          "acoustic_entropy": 5.037535667419434,
          "acoustic_entropy_side": 5.036979675292969,
          "hz": 3120.6389567871424
        },
        {
          "acoustic_entropy": 5.05643892288208,
          "acoustic_entropy_side": 5.037917137145996,
          "hz": 3458.990205492291
        },
        {
          "acoustic_entropy": 5.037841320037842,
          "acoustic_entropy_side": 5.025146484375,
          "hz": 3827.305438964164
        },
        {
          "acoustic_entropy": 5.101919174194336,
          "acoustic_entropy_side": 5.041272163391113,
          "hz": 4228.238232109126
        },
        {
          "acoustic_entropy": 5.05458402633667,
          "acoustic_entropy_side": 5.034757614135742,
          "hz": 4664.6771572759235
        },
        {
          "acoustic_entropy": 5.1021623611450195,
          "acoustic_entropy_side": 5.052394866943359,
          "hz": 5139.766595350093
        },
        {
          "acoustic_entropy": 5.082163333892822,
          "acoustic_entropy_side": 5.052402019500732,
          "hz": 5656.929389854203
        },
        {
          "acoustic_entropy": 5.080485820770264,
          "acoustic_entropy_side": 5.054069995880127,
          "hz": 6219.891507268283
        },
        {
          "acoustic_entropy": 5.070030689239502,
          "acoustic_entropy_side": 5.051764488220215,
          "hz": 6832.70888123896
        },
        {
          "acoustic_entropy": 5.041661739349365,
          "acoustic_entropy_side": 5.05380392074585,
          "hz": 7499.796634079867
        },
        {
          "acoustic_entropy": 5.070430755615234,
          "acoustic_entropy_side": 5.054620265960693,
          "hz": 8225.96088609342
        },
        {
          "acoustic_entropy": 5.117040157318115,
          "acoustic_entropy_side": 5.059558391571045,
          "hz": 9016.43338188839
        },
        {
          "acoustic_entropy": 5.037050247192383,
          "acoustic_entropy_side": 5.049898624420166,
          "hz": 9876.909183162974
        },
        {
          "acoustic_entropy": 5.018950462341309,
          "acoustic_entropy_side": 5.049084663391113,
          "hz": 10813.587699516042
        },
        {
          "acoustic_entropy": 5.0599188804626465,
          "acoustic_entropy_side": 5.056009292602539,
          "hz": 11833.21735289826
        },
        {
          "acoustic_entropy": 5.0312395095825195,
          "acoustic_entropy_side": 5.055192470550537,
          "hz": 12943.144197493959
        },
        {
          "acoustic_entropy": 5.027413845062256,
          "acoustic_entropy_side": 5.053953170776367,
          "hz": 14151.364845322005
        },
        {
          "acoustic_entropy": 5.031222820281982,
          "acoustic_entropy_side": 5.054869174957275,
          "hz": 15466.58407886509
        },
        {
          "acoustic_entropy": 5.0372185707092285,
          "acoustic_entropy_side": 5.054855823516846,
          "hz": 16898.27756580493
        },
        {
          "acoustic_entropy": 5.050680637359619,
          "acoustic_entropy_side": 5.055577754974365,
          "hz": 18456.760127700032
        },
        {
          "acoustic_entropy": 5.043787956237793,
          "acoustic_entropy_side": 5.056529998779297,
          "hz": 20153.260054456492
        },
        {
          "acoustic_entropy": 5.056390285491943,
          "acoustic_entropy_side": 5.057197570800781,
          "hz": 22000.00000000001
        }
      ],
      "diff_acoustic_entropy": 5.054101467132568,
      "sn": 12
    },
    {
      "acoustic_entropy": 8.585326194763184,
      "acoustic_entropy_mono": 7.054868221282959,
      "band_eliminated_acoustic_entropies": [
        {
          "acoustic_entropy": 8.71919059753418,
          "acoustic_entropy_side": 8.435310363769531,
          "hz": 129.47220167065723
        },
        {
          "acoustic_entropy": 9.527009963989258,
          "acoustic_entropy_side": 8.166627883911133,
          "hz": 202.92927478742237
        },
        {
          "acoustic_entropy": 8.615129470825195,
          "acoustic_entropy_side": 8.659262657165527,
          "hz": 282.89161906338205
        },
        {
          "acoustic_entropy": 8.233607292175293,
          "acoustic_entropy_side": 8.104472160339355,
          "hz": 369.9353335868758
        },
        {
          "acoustic_entropy": 8.510705947875977,
          "acoustic_entropy_side": 8.704350471496582,
          "hz": 464.6875360973435
        },
        {
          "acoustic_entropy": 8.762425422668457,
          "acoustic_entropy_side": 8.475120544433594,
          "hz": 567.8308811364784
        },
        {
          "acoustic_entropy": 8.576635360717773,
          "acoustic_entropy_side": 8.5663423538208,
          "hz": 680.1084783214808
        },
        {
          "acoustic_entropy": 7.91717004776001,
          "acoustic_entropy_side": 8.655644416809082,
          "hz": 802.3292461747484
        },
        {
          "acoustic_entropy": 8.476398468017578,
          "acoustic_entropy_side": 8.401972770690918,
          "hz": 935.3737400823702
        },
        {
          "acoustic_entropy": 8.562625885009766,
          "acoustic_entropy_side": 8.627717971801758,
          "hz": 1080.2004963696966
        },
        {
          "acoustic_entropy": 8.439214706420898,
          "acoustic_entropy_side": 8.349602699279785,
          "hz": 1237.8529382007157
        },
        {
          "acoustic_entropy": 8.535219192504883,
          "acoustic_entropy_side": 8.55502986907959,
          "hz": 1409.4668930556702
        },
        {
          "acoustic_entropy": 8.666008949279785,
          "acoustic_entropy_side": 8.706596374511719,
          "hz": 1596.2787759475705
        },
        {
          "acoustic_entropy": 8.395652770996094,
          "acoustic_entropy_side": 8.605856895446777,
          "hz": 1799.6344973346393
        },
        {
          "acoustic_entropy": 8.501526832580566,
          "acoustic_entropy_side": 8.405040740966797,
          "hz": 2020.9991599069049
        },
        {
          "acoustic_entropy": 8.470281600952148,
          "acoustic_entropy_side": 8.736471176147461,
          "hz": 2261.9676141086993
        },
        {
          "acoustic_entropy": 8.51102066040039,
          "acoustic_entropy_side": 8.564337730407715,
          "hz": 2524.2759484456974
        },
        {
          "acoustic_entropy": 8.571161270141602,
          "acoustic_entropy_side": 8.618536949157715,
          "hz": 2809.813997359896
        },
        {
          "acoustic_entropy": 8.580053329467773,
          "acoustic_entropy_side": 8.561934471130371,
          "hz": 3120.6389567871424
        },
        {
