{
  "acoustic_entropy": 117.2967529296875,
  "bands": [
    {
      "high_freq": 148.1999969482422,
      "loudness": -47.70785140991211,
      "loudness_range": 26.01367950439453,
      "mid_mean": -45.913368225097656,
      "mid_to_side_loudness": -7.823796272277832,
      "mid_to_side_loudness_range": 26.247777938842773,
      "side_mean": -56.461814880371094
    },
    {
      "high_freq": 392.3793640136719,
      "loudness": -34.55356979370117,
      "loudness_range": 19.383094787597656,
      "low_freq": 148.1999969482422,
      "mid_mean": -32.52159881591797,
      "mid_to_side_loudness": -4.6161346435546875,
      "mid_to_side_loudness_range": 8.488992691040039,
      "side_mean": -36.93553924560547
    },
    {
      "high_freq": 794.6976318359375,
      "loudness": -35.576873779296875,
      "loudness_range": 16.951488494873047,
      "low_freq": 392.3793640136719,
      "mid_mean": -34.00377655029297,
      "mid_to_side_loudness": -3.6126515865325928,
      "mid_to_side_loudness_range": 11.5236177444458,
      "side_mean": -37.6983528137207
    },
    {
      "high_freq": 1457.5709228515625,
      "loudness": -44.3480339050293,
      "loudness_range": 28.264888763427734,
      "low_freq": 794.6976318359375,
      "mid_mean": -42.94877243041992,
      "mid_to_side_loudness": -3.8848934173583984,
      "mid_to_side_loudness_range": 13.749858856201172,
      "side_mean": -50.3238525390625
    },
    {
      "high_freq": 2549.74365234375,
      "loudness": -47.68617248535156,
      "loudness_range": 17.426395416259766,
      "low_freq": 1457.5709228515625,
      "mid_mean": -46.099647521972656,
      "mid_to_side_loudness": -4.2369384765625,
      "mid_to_side_loudness_range": 11.256294250488281,
      "side_mean": -53.32802200317383
    },
    {
      "high_freq": 4349.24462890625,
      "loudness": -51.0609130859375,
      "loudness_range": 18.777912139892578,
      "low_freq": 2549.74365234375,
      "mid_mean": -53.582305908203125,
      "mid_to_side_loudness": -1.60158109664917,
      "mid_to_side_loudness_range": 6.800232887268066,
      "side_mean": -55.102577209472656
    },
    {
      "high_freq": 7314.1640625,
      "loudness": -62.056610107421875,
      "loudness_range": 20.571983337402344,
      "low_freq": 4349.24462890625,
      "mid_mean": -62.02177810668945,
      "mid_to_side_loudness": 0.03813818097114563,
      "mid_to_side_loudness_range": 1.9405819177627563,
      "side_mean": -61.98066711425781
    },
    {
      "high_freq": 12199.2666015625,
      "loudness": -70.0895004272461,
      "loudness_range": 22.792808532714844,
      "low_freq": 7314.1640625,
      "mid_mean": -66.26335906982422,
      "mid_to_side_loudness": -0.31900960206985474,
      "mid_to_side_loudness_range": 0.9364484548568726,
      "side_mean": -66.37092590332031
    },
    {
      "loudness": -77.1640396118164,
      "loudness_range": 17.464675903320312,
      "low_freq": 12199.2666015625,
      "mid_mean": -68.49610137939453,
      "mid_to_side_loudness": -0.8957688212394714,
      "mid_to_side_loudness_range": 2.0540432929992676,
      "side_mean": -68.64668273925781
    }
  ],
  "bands_short": [
    {
      "high_freq": 148.1999969482422,
      "loudness": -49.342769622802734,
      "loudness_range": 27.13876724243164,
      "mid_mean": -47.2056999206543,
      "mid_to_side_loudness": -8.125191688537598,
      "mid_to_side_loudness_range": 27.603485107421875,
      "side_mean": -57.85430145263672
    },
    {
      "high_freq": 392.3793640136719,
      "loudness": -35.19414138793945,
      "loudness_range": 19.325855255126953,
      "low_freq": 148.1999969482422,
      "mid_mean": -33.11612319946289,
      "mid_to_side_loudness": -4.801402568817139,
      "mid_to_side_loudness_range": 10.58304214477539,
      "side_mean": -38.087467193603516
    },
    {
      "high_freq": 794.6976318359375,
      "loudness": -34.377803802490234,
      "loudness_range": 14.441400527954102,
      "low_freq": 392.3793640136719,
      "mid_mean": -32.79048538208008,
      "mid_to_side_loudness": -3.7447290420532227,
      "mid_to_side_loudness_range": 12.399423599243164,
      "side_mean": -36.459503173828125
    },
    {
      "high_freq": 1457.5709228515625,
      "loudness": -43.611568450927734,
      "loudness_range": 26.316762924194336,
      "low_freq": 794.6976318359375,
      "mid_mean": -42.35723876953125,
      "mid_to_side_loudness": -3.5968453884124756,
      "mid_to_side_loudness_range": 15.05212116241455,
      "side_mean": -46.630027770996094
    },
    {
      "high_freq": 2549.74365234375,
      "loudness": -48.437496185302734,
      "loudness_range": 18.21881866455078,
      "low_freq": 1457.5709228515625,
      "mid_mean": -48.2167854309082,
      "mid_to_side_loudness": -4.330180644989014,
      "mid_to_side_loudness_range": 13.298039436340332,
      "side_mean": -54.06766128540039
    },
    {
      "high_freq": 4349.24462890625,
      "loudness": -50.24604415893555,
      "loudness_range": 19.349620819091797,
      "low_freq": 2549.74365234375,
      "mid_mean": -52.94184494018555,
      "mid_to_side_loudness": -1.7568583488464355,
      "mid_to_side_loudness_range": 10.963760375976562,
      "side_mean": -54.67456817626953
    },
    {
      "high_freq": 7314.1640625,
      "loudness": -62.044986724853516,
      "loudness_range": 20.309547424316406,
      "low_freq": 4349.24462890625,
      "mid_mean": -62.0068244934082,
      "mid_to_side_loudness": 0.007123125251382589,
      "mid_to_side_loudness_range": 3.265061378479004,
      "side_mean": -61.9883918762207
    },
    {
      "high_freq": 12199.2666015625,
      "loudness": -70.23167419433594,
      "loudness_range": 22.614479064941406,
      "low_freq": 7314.1640625,
      "mid_mean": -66.31890869140625,
      "mid_to_side_loudness": -0.32551196217536926,
      "mid_to_side_loudness_range": 1.6661436557769775,
      "side_mean": -66.4253921508789
    },
    {
      "loudness": -77.25489044189453,
      "loudness_range": 17.060287475585938,
      "low_freq": 12199.2666015625,
      "mid_mean": -68.50617218017578,
      "mid_to_side_loudness": -0.9090101718902588,
      "mid_to_side_loudness_range": 2.764310836791992,
      "side_mean": -68.65960693359375
    }
  ],
  "bandwidth": 562.0933227539062,
  "channels": 2,
  "covariance": [
    [
      95.15420532226562,
      74.93894958496094,
      47.95939636230469,
      42.13478088378906,
      20.46122932434082,
      30.776630401611328,
      40.74864196777344,
      73.54553985595703,
      37.26791000366211,
      63.926876068115234,
      60.52433395385742,
      63.441715240478516,
      45.15568923950195,
      44.451507568359375,
      26.5791072845459,
      26.176097869873047,
      9.18516731262207,
      8.80742359161377
    ],
    [
      74.93894958496094,
      95.94483947753906,
      49.003719329833984,
      49.12848663330078,
      2.417720079421997,
      21.408239364624023,
      42.408199310302734,
      88.0594253540039,
      28.589584350585938,
      72.1107177734375,
      65.0808334350586,
      69.06517028808594,
      50.328678131103516,
      49.04917526245117,
      29.632701873779297,
      29.10889434814453,
      9.519490242004395,
      9.07829475402832
    ],
    [
      47.95939636230469,
      49.003719329833984,
      52.081153869628906,
      48.67389678955078,
      15.97797679901123,
      26.687353134155273,
      25.353008270263672,
      44.56281280517578,
      27.891448974609375,
      42.09764099121094,
      43.69310760498047,
      47.720970153808594,
      38.89992141723633,
      38.282073974609375,
      24.96087074279785,
      24.68011474609375,
      9.182706832885742,
      9.040255546569824
    ],
    [
      42.13478088378906,
      49.12848663330078,
      48.67389678955078,
      58.47452926635742,
      7.5317864418029785,
      21.477235794067383,
      18.490556716918945,
      41.454010009765625,
      20.2785587310791,
      39.365196228027344,
      45.6207160949707,
      49.54903030395508,
      40.819427490234375,
      40.370147705078125,
      26.67660140991211,
      26.43023681640625,
      9.961461067199707,
      9.910865783691406
    ],
    [
      20.46122932434082,
      2.417720079421997,
      15.97797679901123,
      7.5317864418029785,
      44.837791442871094,
      30.5010986328125,
      6.48621940612793,
      11.774256706237793,
      30.566421508789062,
      22.051565170288086,
      19.69700813293457,
      16.196062088012695,
      10.624114990234375,
      10.712389945983887,
      6.8302483558654785,
      6.773411750793457,
      3.118820905685425,
      3.035182237625122
    ],
    [
      30.776630401611328,
      21.408239364624023,
      26.687353134155273,
      21.477235794067383,
      30.5010986328125,
      33.09074020385742,
      15.521878242492676,
      26.679828643798828,
      27.767396926879883,
      28.796485900878906,
      27.030391693115234,
      26.8890323638916,
      21.40667724609375,
      21.18787384033203,
      14.686136245727539,
      14.579320907592773,
      6.165132999420166,
      6.058994293212891
    ],
    [
      40.74864196777344,
      42.408199310302734,
      25.353008270263672,
      18.490556716918945,
      6.48621940612793,
      15.521878242492676,
      95.25577545166016,
      76.6358871459961,
      40.02906036376953,
      37.35688781738281,
      28.015642166137695,
      26.13645362854004,
      17.025711059570312,
      15.981047630310059,
      10.17947769165039,
      9.787456512451172,
      3.850905179977417,
      3.5562798976898193
    ],
    [
      73.54553985595703,
      88.0594253540039,
      44.56281280517578,
      41.454010009765625,
      11.774256706237793,
      26.679828643798828,
      76.6358871459961,
      132.86917114257812,
      41.59358215332031,
      93.68888092041016,
      88.04800415039062,
      83.45675659179688,
      53.03022766113281,
      52.275543212890625,
      29.668298721313477,
      28.961469650268555,
      10.80255126953125,
      10.093402862548828
    ],
    [
      37.26791000366211,
      28.589584350585938,
      27.891448974609375,
      20.2785587310791,
      30.566421508789062,
      27.767396926879883,
      40.02906036376953,
      41.59358215332031,
      51.5937385559082,
      40.8698844909668,
      31.66412353515625,
      27.54053497314453,
      16.804594039916992,
      15.577580451965332,
      8.580975532531738,
      8.196897506713867,
      2.8983707427978516,
      2.552215337753296
    ],
    [
      63.926876068115234,
      72.1107177734375,
      42.09764099121094,
      39.365196228027344,
      22.051565170288086,
      28.796485900878906,
      37.35688781738281,
      93.68888092041016,
      40.8698844909668,
      86.49068450927734,
      76.01087951660156,
      74.98243713378906,
      48.059635162353516,
      47.068443298339844,
      26.942886352539062,
      26.37162971496582,
      9.485957145690918,
      8.851346015930176
    ],
    [
      60.52433395385742,
      65.0808334350586,
      43.69310760498047,
      45.6207160949707,
      19.69700813293457,
      27.030391693115234,
      28.015642166137695,
      88.04800415039062,
      31.66412353515625,
      76.01087951660156,
      99.15433502197266,
      83.81695556640625,
      51.735286712646484,
      52.089969635009766,
      29.816097259521484,
      29.327632904052734,
      10.815108299255371,
      10.32970142364502
    ],
    [
      63.441715240478516,
      69.06517028808594,
      47.720970153808594,
      49.54903030395508,
      16.196062088012695,
      26.8890323638916,
      26.13645362854004,
      83.45675659179688,
      27.54053497314453,
      74.98243713378906,
      83.81695556640625,
      82.25037384033203,
      54.35903549194336,
      54.37582778930664,
      32.25188064575195,
      31.840312957763672,
      11.623970031738281,
      11.183192253112793
    ],
    [
      45.15568923950195,
      50.328678131103516,
      38.89992141723633,
      40.819427490234375,
      10.624114990234375,
      21.40667724609375,
      17.025711059570312,
      53.03022766113281,
      16.804594039916992,
      48.059635162353516,
      51.735286712646484,
      54.35903549194336,
      41.3820915222168,
      41.20418167114258,
      26.55739402770996,
      26.335538864135742,
      9.796297073364258,
      9.60760498046875
    ],
    [
      44.451507568359375,
      49.04917526245117,
      38.282073974609375,
      40.370147705078125,
      10.712389945983887,
      21.18787384033203,
      15.981047630310059,
      52.275543212890625,
      15.577580451965332,
      47.068443298339844,
      52.089969635009766,
      54.37582778930664,
      41.20418167114258,
      41.30692672729492,
      26.42687225341797,
      26.21776580810547,
      9.785388946533203,
      9.607261657714844
    ],
    [
      26.5791072845459,
      29.632701873779297,
      24.96087074279785,
      26.67660140991211,
      6.8302483558654785,
      14.686136245727539,
      10.17947769165039,
      29.668298721313477,
      8.580975532531738,
      26.942886352539062,
      29.816097259521484,
      32.25188064575195,
      26.55739402770996,
      26.42687225341797,
      19.4268798828125,
      19.370967864990234,
      7.437349796295166,
      7.398160934448242
    ],
    [
      26.176097869873047,
      29.10889434814453,
      24.68011474609375,
      26.43023681640625,
      6.773411750793457,
      14.579320907592773,
      9.787456512451172,
      28.961469650268555,
      8.196897506713867,
      26.37162971496582,
      29.327632904052734,
      31.840312957763672,
      26.335538864135742,
      26.21776580810547,
      19.370967864990234,
      19.327774047851562,
      7.427850723266602,
      7.39406681060791
    ],
    [
      9.18516731262207,
      9.519490242004395,
      9.182706832885742,
      9.961461067199707,
      3.118820905685425,
      6.165132999420166,
      3.850905179977417,
      10.80255126953125,
      2.8983707427978516,
      9.485957145690918,
      10.815108299255371,
      11.623970031738281,
      9.796297073364258,
      9.785388946533203,
      7.437349796295166,
      7.427850723266602,
      3.358903169631958,
      3.358492136001587
    ],
    [
      8.80742359161377,
      9.07829475402832,
      9.040255546569824,
      9.910865783691406,
      3.035182237625122,
      6.058994293212891,
      3.5562798976898193,
      10.093402862548828,
      2.552215337753296,
      8.851346015930176,
      10.32970142364502,
      11.183192253112793,
      9.60760498046875,
      9.607261657714844,
      7.398160934448242,
      7.39406681060791,
      3.358492136001587,
      3.373231887817383
    ]
  ],
  "covariance_short": [
    [
      91.58173370361328,
      64.05661010742188,
      46.58463668823242,
      43.654239654541016,
      12.883312225341797,
      19.740825653076172,
      32.686309814453125,
      49.28935623168945,
      52.60717010498047,
      57.85055160522461,
      58.86695098876953,
      61.67141342163086,
      42.94620895385742,
      42.22407531738281,
      25.2567138671875,
      24.91261100769043,
      9.020878791809082,
      8.664255142211914
    ],
    [
      64.05661010742188,
      81.48472595214844,
      45.025447845458984,
      46.44725036621094,
      2.9576895236968994,
      17.797582626342773,
      33.95604705810547,
      48.37568283081055,
      37.72695541381836,
      63.38867950439453,
      58.88895034790039,
      63.56412887573242,
      46.13846206665039,
      44.876007080078125,
      26.83070945739746,
      26.36161231994629,
      8.91828727722168,
      8.56723403930664
    ],
    [
      46.58463668823242,
      45.025447845458984,
      52.27210235595703,
      47.275840759277344,
      17.14742088317871,
      27.134366989135742,
      26.18677520751953,
      41.68180465698242,
      29.076181411743164,
      41.486610412597656,
      42.75522232055664,
      47.29630661010742,
      38.38843536376953,
      37.61349105834961,
      24.33806037902832,
      24.05908966064453,
      9.096052169799805,
      8.923768043518066
    ],
    [
      43.654239654541016,
      46.44725036621094,
      47.275840759277344,
      56.03130340576172,
      14.493356704711914,
      27.56877899169922,
      22.109817504882812,
      39.19202423095703,
      24.63972282409668,
      40.10519027709961,
      45.07999801635742,
      48.34499740600586,
      39.937255859375,
      39.337215423583984,
      25.904415130615234,
      25.644363403320312,
      9.860309600830078,
      9.783013343811035
    ],
    [
      12.883312225341797,
      2.9576895236968994,
      17.14742088317871,
      14.493356704711914,
      33.25164794921875,
      23.431663513183594,
      2.1580724716186523,
      8.78262710571289,
      22.514482498168945,
      19.099414825439453,
      19.74198341369629,
      17.519878387451172,
      12.123126029968262,
      11.870084762573242,
      7.72406530380249,
      7.693970203399658,
      3.0780892372131348,
      3.0261600017547607
    ],
    [
      19.740825653076172,
      17.797582626342773,
      27.134366989135742,
      27.56877899169922,
      23.431663513183594,
      31.227815628051758,
      8.14194107055664,
      19.986194610595703,
      20.25205421447754,
      26.24986457824707,
      25.28273582458496,
      26.918262481689453,
      23.113513946533203,
      22.671785354614258,
      15.894607543945312,
      15.815006256103516,
      6.218576431274414,
      6.149586200714111
    ],
    [
      32.686309814453125,
      33.95604705810547,
      26.18677520751953,
      22.109817504882812,
      2.1580724716186523,
      8.14194107055664,
      89.32674407958984,
      68.7212905883789,
      40.943058013916016,
      36.85051727294922,
      28.308374404907227,
      25.894620895385742,
      14.999006271362305,
      14.049336433410645,
      8.840941429138184,
      8.451275825500488,
      3.570636034011841,
      3.313042402267456
    ],
    [
      49.28935623168945,
      48.37568283081055,
      41.68180465698242,
      39.19202423095703,
      8.78262710571289,
      19.986194610595703,
      68.7212905883789,
      80.73960876464844,
      44.737186431884766,
      50.18885803222656,
      47.02421951293945,
      46.06032180786133,
      31.988601684570312,
      31.11428451538086,
      19.665620803833008,
      19.21184539794922,
      7.511925220489502,
      7.201035499572754
    ],
    [
      52.60717010498047,
      37.72695541381836,
      29.076181411743164,
      24.63972282409668,
      22.514482498168945,
      20.25205421447754,
      40.943058013916016,
      44.737186431884766,
      79.45889282226562,
      61.25627899169922,
      57.976009368896484,
      49.5839958190918,
      27.726266860961914,
      26.512317657470703,
      13.877103805541992,
      13.359444618225098,
      4.885719299316406,
      4.355195999145508
    ],
    [
      57.85055160522461,
      63.38867950439453,
      41.486610412597656,
      40.10519027709961,
      19.099414825439453,
      26.24986457824707,
      36.85051727294922,
      50.18885803222656,
      61.25627899169922,
      83.55254364013672,
      75.73943328857422,
      74.53955841064453,
      47.271087646484375,
      46.16056442260742,
      26.49271011352539,
      25.938817977905273,
      9.451767921447754,
      8.839766502380371
    ],
    [
      58.86695098876953,
      58.88895034790039,
      42.75522232055664,
      45.07999801635742,
      19.74198341369629,
      25.28273582458496,
      28.308374404907227,
      47.02421951293945,
      57.976009368896484,
      75.73943328857422,
      107.21500396728516,
      87.9514389038086,
      52.17018127441406,
      52.27501678466797,
      28.962913513183594,
      28.437294006347656,
      10.487798690795898,
      9.929291725158691
    ],
    [
      61.67141342163086,
      63.56412887573242,
      47.29630661010742,
      48.34499740600586,
      17.519878387451172,
      26.918262481689453,
      25.894620895385742,
      46.06032180786133,
      49.5839958190918,
      74.53955841064453,
      87.9514389038086,
      86.87439727783203,
      55.25894546508789,
      55.064815521240234,
      31.914491653442383,
      31.490896224975586,
      11.507331848144531,
      11.00096321105957
    ],
    [
      42.94620895385742,
      46.13846206665039,
      38.38843536376953,
      39.937255859375,
      12.123126029968262,
      23.113513946533203,
      14.999006271362305,
      31.988601684570312,
      27.726266860961914,
      47.271087646484375,
      52.17018127441406,
      55.25894546508789,
      42.65286636352539,
      42.127506256103516,
      26.58406639099121,
      26.37301254272461,
      9.864233016967773,
      9.662156105041504
    ],
    [
      42.22407531738281,
      44.876007080078125,
      37.61349105834961,
      39.337215423583984,
      11.870084762573242,
      22.671785354614258,
      14.049336433410645,
      31.11428451538086,
      26.512317657470703,
      46.16056442260742,
      52.27501678466797,
      55.064815521240234,
      42.127506256103516,
      42.408077239990234,
      26.35243034362793,
      26.148435592651367,
      9.809206008911133,
      9.613642692565918
    ],
    [
      25.2567138671875,
      26.83070945739746,
      24.33806037902832,
      25.904415130615234,
      7.72406530380249,
      15.894607543945312,
      8.840941429138184,
      19.665620803833008,
      13.877103805541992,
      26.49271011352539,
      28.962913513183594,
      31.914491653442383,
      26.58406639099121,
      26.35243034362793,
      19.348176956176758,
      19.27544593811035,
      7.46322774887085,
      7.410904884338379
    ],
    [
      24.91261100769043,
      26.36161231994629,
      24.05908966064453,
      25.644363403320312,
      7.693970203399658,
      15.815006256103516,
      8.451275825500488,
      19.21184539794922,
      13.359444618225098,
      25.938817977905273,
      28.437294006347656,
      31.490896224975586,
      26.37301254272461,
      26.148435592651367,
      19.27544593811035,
      19.25409698486328,
      7.4551920890808105,
      7.4071221351623535
    ],
    [
      9.020878791809082,
      8.91828727722168,
      9.096052169799805,
      9.860309600830078,
      3.0780892372131348,
      6.218576431274414,
      3.570636034011841,
      7.511925220489502,
      4.885719299316406,
      9.451767921447754,
      10.487798690795898,
      11.507331848144531,
      9.864233016967773,
      9.809206008911133,
      7.46322774887085,
      7.4551920890808105,
      3.4574897289276123,
      3.4469411373138428
    ],
    [
      8.664255142211914,
      8.56723403930664,
      8.923768043518066,
      9.783013343811035,
      3.0261600017547607,
      6.149586200714111,
      3.313042402267456,
      7.201035499572754,
      4.355195999145508,
      8.839766502380371,
      9.929291725158691,
      11.00096321105957,
      9.662156105041504,
      9.613642692565918,
      7.410904884338379,
      7.4071221351623535,
      3.4469411373138428,
      3.461315631866455
    ]
  ],
  "damage": -16.202863693237305,
  "diff_bandwidth": 562.700927734375,
  "dissonance": 2.1925375109472083,
  "drr": 6.048379421234131,
  "dynamics": 4.619333267211914,
  "format": 1245190,
  "frames": 1729472,
  "loudness": -25.91011619567871,
  "loudness_range": 13.15794563293457,
  "loudness_range_short": 13.94790267944336,
  "lowpass_true_peak_15khz": -8.065084457397461,
  "mastering3_acoustic_entropies": [
    {
      "acoustic_entropy": 7.727872371673584,
      "acoustic_entropy_mono": 7.6678466796875,
      "band_eliminated_acoustic_entropies": [
        {
          "acoustic_entropy": 7.722002029418945,
          "acoustic_entropy_side": 7.727685451507568,
          "hz": 129.47220167065723
        },
        {
          "acoustic_entropy": 7.695152759552002,
          "acoustic_entropy_side": 7.719338417053223,
          "hz": 202.92927478742237
        },
        {
          "acoustic_entropy": 7.537937164306641,
          "acoustic_entropy_side": 7.690257549285889,
          "hz": 282.89161906338205
        },
        {
          "acoustic_entropy": 7.097550868988037,
          "acoustic_entropy_side": 7.185133934020996,
          "hz": 369.9353335868758
        },
        {
          "acoustic_entropy": 7.881439208984375,
          "acoustic_entropy_side": 8.247057914733887,
          "hz": 464.6875360973435
        },
        {
          "acoustic_entropy": 6.843461036682129,
          "acoustic_entropy_side": 7.686172008514404,
          "hz": 567.8308811364784
        },
        {
          "acoustic_entropy": 7.370757102966309,
          "acoustic_entropy_side": 7.968018054962158,
          "hz": 680.1084783214808
        },
        {
          "acoustic_entropy": 7.21227502822876,
          "acoustic_entropy_side": 7.955546855926514,
          "hz": 802.3292461747484
        },
        {
          "acoustic_entropy": 8.09658145904541,
          "acoustic_entropy_side": 7.992446422576904,
          "hz": 935.3737400823702
        },
        {
          "acoustic_entropy": 7.008125305175781,
          "acoustic_entropy_side": 7.873488426208496,
          "hz": 1080.2004963696966
        },
        {
          "acoustic_entropy": 7.722923278808594,
          "acoustic_entropy_side": 7.752913475036621,
          "hz": 1237.8529382007157
        },
        {
          "acoustic_entropy": 7.752867698669434,
          "acoustic_entropy_side": 7.768093585968018,
          "hz": 1409.4668930556702
        },
        {
          "acoustic_entropy": 8.032647132873535,
          "acoustic_entropy_side": 7.634716033935547,
          "hz": 1596.2787759475705
        },
        {
          "acoustic_entropy": 8.017274856567383,
          "acoustic_entropy_side": 7.715850830078125,
          "hz": 1799.6344973346393
        },
        {
          "acoustic_entropy": 7.658217906951904,
          "acoustic_entropy_side": 7.73664665222168,
          "hz": 2020.9991599069049
        },
        {
          "acoustic_entropy": 7.7452545166015625,
          "acoustic_entropy_side": 7.722085952758789,
          "hz": 2261.9676141086993
        },
        {
          "acoustic_entropy": 7.743884086608887,
          "acoustic_entropy_side": 7.712223529815674,
          "hz": 2524.2759484456974
        },
        {
          "acoustic_entropy": 7.7382283210754395,
          "acoustic_entropy_side": 7.7808427810668945,
          "hz": 2809.813997359896
        },
        {
          "acoustic_entropy": 7.798725605010986,
          "acoustic_entropy_side": 7.763861656188965,
          "hz": 3120.6389567871424
        },
        {
          "acoustic_entropy": 7.72195291519165,
          "acoustic_entropy_side": 7.73621940612793,
          "hz": 3458.990205492291
        },
        {
          "acoustic_entropy": 7.745472431182861,
          "acoustic_entropy_side": 7.736215114593506,
          "hz": 3827.305438964164
        },
        {
          "acoustic_entropy": 7.749711036682129,
          "acoustic_entropy_side": 7.735530853271484,
          "hz": 4228.238232109126
        },
        {
          "acoustic_entropy": 7.719940662384033,
          "acoustic_entropy_side": 7.721958160400391,
          "hz": 4664.6771572759235
        },
        {
          "acoustic_entropy": 7.727382659912109,
          "acoustic_entropy_side": 7.72712516784668,
          "hz": 5139.766595350093
        },
        {
          "acoustic_entropy": 7.730807781219482,
          "acoustic_entropy_side": 7.729220867156982,
          "hz": 5656.929389854203
        },
        {
          "acoustic_entropy": 7.729213237762451,
          "acoustic_entropy_side": 7.7284955978393555,
          "hz": 6219.891507268283
        },
        {
          "acoustic_entropy": 7.728442192077637,
          "acoustic_entropy_side": 7.728135585784912,
          "hz": 6832.70888123896
        },
        {
          "acoustic_entropy": 7.7293853759765625,
          "acoustic_entropy_side": 7.728606224060059,
          "hz": 7499.796634079867
        },
        {
          "acoustic_entropy": 7.7284698486328125,
          "acoustic_entropy_side": 7.7281718254089355,
          "hz": 8225.96088609342
        },
        {
          "acoustic_entropy": 7.728541851043701,
          "acoustic_entropy_side": 7.7281999588012695,
          "hz": 9016.43338188839
        },
        {
          "acoustic_entropy": 7.728265762329102,
          "acoustic_entropy_side": 7.728063583374023,
          "hz": 9876.909183162974
        },
        {
          "acoustic_entropy": 7.72807502746582,
          "acoustic_entropy_side": 7.727972507476807,
          "hz": 10813.587699516042
        },
        {
          "acoustic_entropy": 7.728116989135742,
          "acoustic_entropy_side": 7.727989673614502,
          "hz": 11833.21735289826
        },
        {
          "acoustic_entropy": 7.727984428405762,
          "acoustic_entropy_side": 7.727925777435303,
          "hz": 12943.144197493959
        },
        {
          "acoustic_entropy": 7.727873802185059,
          "acoustic_entropy_side": 7.727872848510742,
          "hz": 14151.364845322005
        },
        {
          "acoustic_entropy": 7.7278666496276855,
          "acoustic_entropy_side": 7.727870464324951,
          "hz": 15466.58407886509
        },
        {
          "acoustic_entropy": 7.727869033813477,
          "acoustic_entropy_side": 7.727870464324951,
          "hz": 16898.27756580493
        },
        {
          "acoustic_entropy": 7.727871894836426,
          "acoustic_entropy_side": 7.727871894836426,
          "hz": 18456.760127700032
        },
        {
          "acoustic_entropy": 7.727872371673584,
          "acoustic_entropy_side": 7.727872371673584,
          "hz": 20153.260054456492
        },
        {
          "acoustic_entropy": 7.727872371673584,
          "acoustic_entropy_side": 7.727872371673584,
          "hz": 22000.00000000001
        }
      ],
      "diff_acoustic_entropy": 1.5197575092315674,
      "sn": 6
    },
    {
      "acoustic_entropy": 11.413212776184082,
      "acoustic_entropy_mono": 11.645115852355957,
      "band_eliminated_acoustic_entropies": [
        {
          "acoustic_entropy": 11.41955280303955,
          "acoustic_entropy_side": 11.414379119873047,
          "hz": 129.47220167065723
        },
        {
          "acoustic_entropy": 11.558615684509277,
          "acoustic_entropy_side": 11.433683395385742,
          "hz": 202.92927478742237
        },
        {
          "acoustic_entropy": 11.604355812072754,
          "acoustic_entropy_side": 11.531390190124512,
          "hz": 282.89161906338205
        },
        {
          "acoustic_entropy": 10.750144004821777,
          "acoustic_entropy_side": 11.209107398986816,
          "hz": 369.9353335868758
        },
        {
          "acoustic_entropy": 11.305135726928711,
          "acoustic_entropy_side": 11.634509086608887,
          "hz": 464.6875360973435
        },
        {
          "acoustic_entropy": 10.051752090454102,
          "acoustic_entropy_side": 11.300217628479004,
          "hz": 567.8308811364784
        },
        {
          "acoustic_entropy": 11.230552673339844,
          "acoustic_entropy_side": 11.48818302154541,
          "hz": 680.1084783214808
        },
        {
          "acoustic_entropy": 10.88852310180664,
          "acoustic_entropy_side": 11.456247329711914,
          "hz": 802.3292461747484
        },
        {
          "acoustic_entropy": 11.441482543945312,
          "acoustic_entropy_side": 11.675384521484375,
          "hz": 935.3737400823702
        },
        {
          "acoustic_entropy": 10.271323204040527,
          "acoustic_entropy_side": 11.397711753845215,
          "hz": 1080.2004963696966
        },
        {
          "acoustic_entropy": 11.364880561828613,
          "acoustic_entropy_side": 11.423200607299805,
          "hz": 1237.8529382007157
        },
        {
          "acoustic_entropy": 11.394132614135742,
          "acoustic_entropy_side": 11.534931182861328,
          "hz": 1409.4668930556702
        },
        {
          "acoustic_entropy": 10.916071891784668,
          "acoustic_entropy_side": 11.177714347839355,
          "hz": 1596.2787759475705
        },
        {
          "acoustic_entropy": 11.719862937927246,
          "acoustic_entropy_side": 11.29749584197998,
          "hz": 1799.6344973346393
        },
        {
          "acoustic_entropy": 11.4049711227417,
          "acoustic_entropy_side": 11.386271476745605,
          "hz": 2020.9991599069049
        },
        {
          "acoustic_entropy": 11.015235900878906,
          "acoustic_entropy_side": 11.339009284973145,
          "hz": 2261.9676141086993
        },
        {
          "acoustic_entropy": 11.494508743286133,
          "acoustic_entropy_side": 11.341472625732422,
          "hz": 2524.2759484456974
        },
        {
          "acoustic_entropy": 11.320072174072266,
          "acoustic_entropy_side": 11.731584548950195,
          "hz": 2809.813997359896
        },
        {
          "acoustic_entropy": 11.455489158630371,
          "acoustic_entropy_side": 11.378958702087402,
          "hz": 3120.6389567871424
        },
        {
          "acoustic_entropy": 11.456390380859375,
          "acoustic_entropy_side": 11.396193504333496,
          "hz": 3458.990205492291
        },
        {
          "acoustic_entropy": 11.26978874206543,
          "acoustic_entropy_side": 11.403646469116211,
          "hz": 3827.305438964164
        },
        {
          "acoustic_entropy": 11.363547325134277,
          "acoustic_entropy_side": 11.37694263458252,
          "hz": 4228.238232109126
        },
        {
          "acoustic_entropy": 11.35129165649414,
          "acoustic_entropy_side": 11.375421524047852,
          "hz": 4664.6771572759235
        },
        {
          "acoustic_entropy": 11.397587776184082,
          "acoustic_entropy_side": 11.4049711227417,
          "hz": 5139.766595350093
        },
        {
          "acoustic_entropy": 11.409948348999023,
          "acoustic_entropy_side": 11.412044525146484,
          "hz": 5656.929389854203
        },
        {
          "acoustic_entropy": 11.405961036682129,
          "acoustic_entropy_side": 11.409847259521484,
          "hz": 6219.891507268283
        },
        {
          "acoustic_entropy": 11.412619590759277,
          "acoustic_entropy_side": 11.412932395935059,
          "hz": 6832.70888123896
        },
        {
          "acoustic_entropy": 11.413993835449219,
          "acoustic_entropy_side": 11.413601875305176,
          "hz": 7499.796634079867
        },
        {
          "acoustic_entropy": 11.41318130493164,
          "acoustic_entropy_side": 11.413209915161133,
          "hz": 8225.96088609342
        },
        {
          "acoustic_entropy": 11.413884162902832,
          "acoustic_entropy_side": 11.413580894470215,
          "hz": 9016.43338188839
        },
        {
          "acoustic_entropy": 11.413687705993652,
          "acoustic_entropy_side": 11.413445472717285,
          "hz": 9876.909183162974
        },
        {
          "acoustic_entropy": 11.412910461425781,
          "acoustic_entropy_side": 11.413045883178711,
          "hz": 10813.587699516042
        },
        {
          "acoustic_entropy": 11.41268539428711,
          "acoustic_entropy_side": 11.412923812866211,
          "hz": 11833.21735289826
        },
        {
          "acoustic_entropy": 11.413128852844238,
          "acoustic_entropy_side": 11.413163185119629,
          "hz": 12943.144197493959
        },
        {
          "acoustic_entropy": 11.413204193115234,
          "acoustic_entropy_side": 11.413207054138184,
          "hz": 14151.364845322005
        },
        {
          "acoustic_entropy": 11.413233757019043,
          "acoustic_entropy_side": 11.413222312927246,
          "hz": 15466.58407886509
        },
        {
          "acoustic_entropy": 11.413213729858398,
          "acoustic_entropy_side": 11.413209915161133,
          "hz": 16898.27756580493
        },
        {
          "acoustic_entropy": 11.413208961486816,
          "acoustic_entropy_side": 11.413209915161133,
          "hz": 18456.760127700032
        },
        {
          "acoustic_entropy": 11.413212776184082,
          "acoustic_entropy_side": 11.413212776184082,
          "hz": 20153.260054456492
        },
        {
          "acoustic_entropy": 11.413212776184082,
          "acoustic_entropy_side": 11.413212776184082,
          "hz": 22000.00000000001
        }
      ],
      "diff_acoustic_entropy": 2.5084502696990967,
      "sn": 12
    },
    {
      "acoustic_entropy": 17.530431747436523,
      "acoustic_entropy_mono": 16.412132263183594,
      "band_eliminated_acoustic_entropies": [
        {
          "acoustic_entropy": 18.044713973999023,
          "acoustic_entropy_side": 17.510055541992188,
          "hz": 129.47220167065723
        },
        {
          "acoustic_entropy": 17.78125762939453,
          "acoustic_entropy_side": 17.804540634155273,
          "hz": 202.92927478742237
        },
        {
          "acoustic_entropy": 18.30705451965332,
          "acoustic_entropy_side": 18.055137634277344,
          "hz": 282.89161906338205
        },
        {
          "acoustic_entropy": 18.026235580444336,
          "acoustic_entropy_side": 17.69086456298828,
          "hz": 369.9353335868758
        },
        {
          "acoustic_entropy": 17.79599380493164,
          "acoustic_entropy_side": 17.666765213012695,
          "hz": 464.6875360973435
        },
        {
          "acoustic_entropy": 16.781902313232422,
          "acoustic_entropy_side": 17.298290252685547,
          "hz": 567.8308811364784
        },
        {
          "acoustic_entropy": 18.018001556396484,
          "acoustic_entropy_side": 17.8618221282959,
          "hz": 680.1084783214808
        },
        {
          "acoustic_entropy": 19.218807220458984,
          "acoustic_entropy_side": 17.918716430664062,
          "hz": 802.3292461747484
        },
        {
          "acoustic_entropy": 18.09039878845215,
          "acoustic_entropy_side": 17.734743118286133,
          "hz": 935.3737400823702
        },
        {
          "acoustic_entropy": 17.432619094848633,
          "acoustic_entropy_side": 18.382909774780273,
          "hz": 1080.2004963696966
        },
        {
          "acoustic_entropy": 17.93621063232422,
          "acoustic_entropy_side": 17.215513229370117,
          "hz": 1237.8529382007157
        },
        {
          "acoustic_entropy": 17.000341415405273,
          "acoustic_entropy_side": 17.503244400024414,
          "hz": 1409.4668930556702
        },
        {
          "acoustic_entropy": 17.3686466217041,
          "acoustic_entropy_side": 17.48436737060547,
          "hz": 1596.2787759475705
        },
        {
          "acoustic_entropy": 18.389345169067383,
          "acoustic_entropy_side": 17.16650390625,
          "hz": 1799.6344973346393
        },
        {
          "acoustic_entropy": 17.941099166870117,
          "acoustic_entropy_side": 18.4228458404541,
          "hz": 2020.9991599069049
        },
        {
          "acoustic_entropy": 17.30682945251465,
          "acoustic_entropy_side": 17.01410484313965,
          "hz": 2261.9676141086993
        },
        {
          "acoustic_entropy": 18.014039993286133,
          "acoustic_entropy_side": 17.53240966796875,
          "hz": 2524.2759484456974
        },
        {
          "acoustic_entropy": 17.615781784057617,
          "acoustic_entropy_side": 18.09821319580078,
          "hz": 2809.813997359896
        },
        {
          "acoustic_entropy": 17.631486892700195,
          "acoustic_entropy_side": 17.646055221557617,
          "hz": 3120.6389567871424
        },
        {
