{
  "acoustic_entropy": 137.086181640625,
  "bands": [
    {
      "high_freq": 148.1999969482422,
      "loudness": -58.92934799194336,
      "loudness_range": 17.827877044677734,
      "mid_mean": -55.41680145263672,
      "mid_to_side_loudness": -12.039115905761719,
      "mid_to_side_loudness_range": 5.183638572692871,
      "side_mean": -64.71495819091797
    },
    {
      "high_freq": 392.3793640136719,
      "loudness": -40.426063537597656,
      "loudness_range": 30.236804962158203,
      "low_freq": 148.1999969482422,
      "mid_mean": -38.014739990234375,
      "mid_to_side_loudness": -6.621068954467773,
      "mid_to_side_loudness_range": 11.81495189666748,
      "side_mean": -45.1898193359375
    },
    {
      "high_freq": 794.6976318359375,
      "loudness": -35.22780227661133,
      "loudness_range": 15.450536727905273,
      "low_freq": 392.3793640136719,
      "mid_mean": -35.29887390136719,
      "mid_to_side_loudness": 0.5662572979927063,
      "mid_to_side_loudness_range": 12.009206771850586,
      "side_mean": -35.06191635131836
    },
    {
      "high_freq": 1457.5709228515625,
      "loudness": -42.28290939331055,
      "loudness_range": 17.550039291381836,
      "low_freq": 794.6976318359375,
      "mid_mean": -41.48516082763672,
      "mid_to_side_loudness": -1.0862712860107422,
      "mid_to_side_loudness_range": 9.730059623718262,
      "side_mean": -42.62828063964844
    },
    {
      "high_freq": 2549.74365234375,
      "loudness": -48.34061813354492,
      "loudness_range": 21.866710662841797,
      "low_freq": 1457.5709228515625,
      "mid_mean": -47.37161636352539,
      "mid_to_side_loudness": -0.8024506568908691,
      "mid_to_side_loudness_range": 6.011163711547852,
      "side_mean": -48.22931671142578
    },
    {
      "high_freq": 4349.24462890625,
      "loudness": -56.7994270324707,
      "loudness_range": 21.138355255126953,
      "low_freq": 2549.74365234375,
      "mid_mean": -56.948272705078125,
      "mid_to_side_loudness": 0.7094182372093201,
      "mid_to_side_loudness_range": 5.956453800201416,
      "side_mean": -56.293888092041016
    },
    {
      "high_freq": 7314.1640625,
      "loudness": -69.11091613769531,
      "loudness_range": 28.44375991821289,
      "low_freq": 4349.24462890625,
      "mid_mean": -65.16769409179688,
      "mid_to_side_loudness": -0.3260217607021332,
      "mid_to_side_loudness_range": 6.767079830169678,
      "side_mean": -65.24392700195312
    },
    {
      "high_freq": 12199.2666015625,
      "loudness": -76.11821746826172,
      "loudness_range": 18.348411560058594,
      "low_freq": 7314.1640625,
      "mid_mean": -68.25138854980469,
      "mid_to_side_loudness": -0.29837119579315186,
      "mid_to_side_loudness_range": 1.7588138580322266,
      "side_mean": -68.37113189697266
    },
    {
      "loudness": -77.15592956542969,
      "loudness_range": 7.751075744628906,
      "low_freq": 12199.2666015625,
      "mid_mean": -68.9714126586914,
      "mid_to_side_loudness": -0.06848867982625961,
      "mid_to_side_loudness_range": 0.6714966297149658,
      "side_mean": -68.98970031738281
    }
  ],
  "bands_short": [
    {
      "high_freq": 148.1999969482422,
      "loudness": -61.711429595947266,
      "loudness_range": 16.912830352783203,
      "mid_mean": -57.79847717285156,
      "mid_to_side_loudness": -14.021244049072266,
      "mid_to_side_loudness_range": 11.645515441894531,
      "side_mean": -67.15038299560547
    },
    {
      "high_freq": 392.3793640136719,
      "loudness": -42.54069519042969,
      "loudness_range": 29.269147872924805,
      "low_freq": 148.1999969482422,
      "mid_mean": -40.51237487792969,
      "mid_to_side_loudness": -6.398739337921143,
      "mid_to_side_loudness_range": 15.274557113647461,
      "side_mean": -47.305946350097656
    },
    {
      "high_freq": 794.6976318359375,
      "loudness": -34.903717041015625,
      "loudness_range": 16.3902645111084,
      "low_freq": 392.3793640136719,
      "mid_mean": -34.555667877197266,
      "mid_to_side_loudness": -0.44391319155693054,
      "mid_to_side_loudness_range": 15.946402549743652,
      "side_mean": -35.57592010498047
    },
    {
      "high_freq": 1457.5709228515625,
      "loudness": -42.76016616821289,
      "loudness_range": 18.05131721496582,
      "low_freq": 794.6976318359375,
      "mid_mean": -42.12109375,
      "mid_to_side_loudness": -0.999104380607605,
      "mid_to_side_loudness_range": 11.312714576721191,
      "side_mean": -43.15260314941406
    },
    {
      "high_freq": 2549.74365234375,
      "loudness": -48.93708038330078,
      "loudness_range": 22.47225570678711,
      "low_freq": 1457.5709228515625,
      "mid_mean": -48.04568862915039,
      "mid_to_side_loudness": -0.7816877365112305,
      "mid_to_side_loudness_range": 8.068230628967285,
      "side_mean": -48.964073181152344
    },
    {
      "high_freq": 4349.24462890625,
      "loudness": -57.232879638671875,
      "loudness_range": 22.398082733154297,
      "low_freq": 2549.74365234375,
      "mid_mean": -57.379539489746094,
      "mid_to_side_loudness": 0.7659037709236145,
      "mid_to_side_loudness_range": 8.325150489807129,
      "side_mean": -56.68151092529297
    },
    {
      "high_freq": 7314.1640625,
      "loudness": -69.56233978271484,
      "loudness_range": 28.030353546142578,
      "low_freq": 4349.24462890625,
      "mid_mean": -65.54080200195312,
      "mid_to_side_loudness": -0.4074590504169464,
      "mid_to_side_loudness_range": 8.16445541381836,
      "side_mean": -65.64666748046875
    },
    {
      "high_freq": 12199.2666015625,
      "loudness": -77.03274536132812,
      "loudness_range": 16.53399658203125,
      "low_freq": 7314.1640625,
      "mid_mean": -68.44523620605469,
      "mid_to_side_loudness": -0.2727566361427307,
      "mid_to_side_loudness_range": 2.821815013885498,
      "side_mean": -68.54224395751953
    },
    {
      "loudness": -77.56449127197266,
      "loudness_range": 8.496429443359375,
      "low_freq": 12199.2666015625,
      "mid_mean": -69.01638793945312,
      "mid_to_side_loudness": -0.08904509246349335,
      "mid_to_side_loudness_range": 1.5025687217712402,
      "side_mean": -69.03616333007812
    }
  ],
  "bandwidth": 641.2593994140625,
  "channels": 2,
  "covariance": [
    [
      35.523651123046875,
      27.124120712280273,
      28.676389694213867,
      26.755380630493164,
      10.422822952270508,
      11.377396583557129,
      13.47194766998291,
      13.95954418182373,
      21.28734016418457,
      21.415246963500977,
      28.586313247680664,
      28.69988250732422,
      20.90042495727539,
      20.32842254638672,
      8.395733833312988,
      7.626550197601318,
      2.7125706672668457,
      2.612863302230835
    ],
    [
      27.124120712280273,
      23.973655700683594,
      23.354511260986328,
      21.563554763793945,
      7.173577308654785,
      8.072861671447754,
      9.280258178710938,
      9.280492782592773,
      15.6044282913208,
      15.815079689025879,
      19.342941284179688,
      18.820100784301758,
      14.75553035736084,
      14.009252548217773,
      6.205063819885254,
      5.62130880355835,
      2.0159342288970947,
      1.9206407070159912
    ],
    [
      28.676389694213867,
      23.354511260986328,
      106.13546752929688,
      74.82064056396484,
      23.134498596191406,
      12.338644981384277,
      16.14392852783203,
      20.296022415161133,
      21.41739845275879,
      24.159578323364258,
      33.201725006103516,
      30.09050178527832,
      32.423011779785156,
      31.885250091552734,
      12.337759971618652,
      10.97398567199707,
      3.329446315765381,
      3.117936372756958
    ],
    [
      26.755380630493164,
      21.563554763793945,
      74.82064056396484,
      67.84430694580078,
      22.69632911682129,
      14.114481925964355,
      15.435765266418457,
      19.714235305786133,
      22.3211727142334,
      23.15888023376465,
      31.39112091064453,
      29.322402954101562,
      28.140037536621094,
      27.65903663635254,
      10.563602447509766,
      9.41781234741211,
      2.954103469848633,
      2.8053605556488037
    ],
    [
      10.422822952270508,
      7.173577308654785,
      23.134498596191406,
      22.69632911682129,
      41.211143493652344,
      30.356210708618164,
      12.673440933227539,
      16.63163948059082,
      9.97396469116211,
      7.713890552520752,
      24.018402099609375,
      22.384164810180664,
      18.882450103759766,
      19.675796508789062,
      8.096153259277344,
      7.352357864379883,
      1.9140949249267578,
      1.8535654544830322
    ],
    [
      11.377396583557129,
      8.072861671447754,
      12.338644981384277,
      14.114481925964355,
      30.356210708618164,
      40.278419494628906,
      13.086892127990723,
      15.579620361328125,
      15.182135581970215,
      12.887887954711914,
      23.378324508666992,
      23.635623931884766,
      19.465980529785156,
      18.598674774169922,
      8.023451805114746,
      7.1631550788879395,
      1.790202021598816,
      1.6275850534439087
    ],
    [
      13.47194766998291,
      9.280258178710938,
      16.14392852783203,
      15.435765266418457,
      12.673440933227539,
      13.086892127990723,
      38.08424758911133,
      26.785680770874023,
      21.341812133789062,
      20.26508140563965,
      26.23580551147461,
      28.266862869262695,
      22.35784149169922,
      24.432233810424805,
      10.286260604858398,
      9.636077880859375,
      2.205716371536255,
      2.108783006668091
    ],
    [
      13.95954418182373,
      9.280492782592773,
      20.296022415161133,
      19.714235305786133,
      16.63163948059082,
      15.579620361328125,
      26.785680770874023,
      31.191650390625,
      20.597597122192383,
      19.475921630859375,
      28.051301956176758,
      29.485015869140625,
      22.508800506591797,
      24.442684173583984,
      9.958086013793945,
      9.07779312133789,
      2.122201681137085,
      2.0730366706848145
    ],
    [
      21.28734016418457,
      15.6044282913208,
      21.41739845275879,
      22.3211727142334,
      9.97396469116211,
      15.182135581970215,
      21.341812133789062,
      20.597597122192383,
      47.740257263183594,
      46.812042236328125,
      37.19864273071289,
      38.44654083251953,
      32.34551239013672,
      31.46696662902832,
      12.647953033447266,
      11.719855308532715,
      3.0187506675720215,
      2.808790922164917
    ],
    [
      21.415246963500977,
      15.815079689025879,
      24.159578323364258,
      23.15888023376465,
      7.713890552520752,
      12.887887954711914,
      20.26508140563965,
      19.475921630859375,
      46.812042236328125,
      50.37574768066406,
      37.185115814208984,
      37.772193908691406,
      32.71638870239258,
      31.612831115722656,
      12.624699592590332,
      11.591058731079102,
      2.9776577949523926,
      2.7353885173797607
    ],
    [
      28.586313247680664,
      19.342941284179688,
      33.201725006103516,
      31.39112091064453,
      24.018402099609375,
      23.378324508666992,
      26.23580551147461,
      28.051301956176758,
      37.19864273071289,
      37.185115814208984,
      52.88534164428711,
      51.83451843261719,
      38.9698371887207,
      39.32418441772461,
      15.16136360168457,
      13.815330505371094,
      3.7230169773101807,
      3.4972171783447266
    ],
    [
      28.69988250732422,
      18.820100784301758,
      30.09050178527832,
      29.322402954101562,
      22.384164810180664,
      23.635623931884766,
      28.266862869262695,
      29.485015869140625,
      38.44654083251953,
      37.772193908691406,
      51.83451843261719,
      54.47782897949219,
      39.06387710571289,
      39.28858947753906,
      15.057659149169922,
      13.821976661682129,
      3.723846673965454,
      3.542933940887451
    ],
    [
      20.90042495727539,
      14.75553035736084,
      32.423011779785156,
      28.140037536621094,
      18.882450103759766,
      19.465980529785156,
      22.35784149169922,
      22.508800506591797,
      32.34551239013672,
      32.71638870239258,
      38.9698371887207,
      39.06387710571289,
      38.5389404296875,
      37.77467727661133,
      15.730752944946289,
      14.250044822692871,
      3.6008565425872803,
      3.273676872253418
    ],
    [
      20.32842254638672,
      14.009252548217773,
      31.885250091552734,
      27.65903663635254,
      19.675796508789062,
      18.598674774169922,
      24.432233810424805,
      24.442684173583984,
      31.46696662902832,
      31.612831115722656,
      39.32418441772461,
      39.28858947753906,
      37.77467727661133,
      39.122032165527344,
      16.19390106201172,
      14.680583000183105,
      3.6225783824920654,
      3.3611772060394287
    ],
    [
      8.395733833312988,
      6.205063819885254,
      12.337759971618652,
      10.563602447509766,
      8.096153259277344,
      8.023451805114746,
      10.286260604858398,
      9.958086013793945,
      12.647953033447266,
      12.624699592590332,
      15.16136360168457,
      15.057659149169922,
      15.730752944946289,
      16.19390106201172,
      8.627546310424805,
      7.822046756744385,
      1.8986748456954956,
      1.750054955482483
    ],
    [
      7.626550197601318,
      5.62130880355835,
      10.97398567199707,
      9.41781234741211,
      7.352357864379883,
      7.1631550788879395,
      9.636077880859375,
      9.07779312133789,
      11.719855308532715,
      11.591058731079102,
      13.815330505371094,
      13.821976661682129,
      14.250044822692871,
      14.680583000183105,
      7.822046756744385,
      7.187998294830322,
      1.7355890274047852,
      1.6109553575515747
    ],
    [
      2.7125706672668457,
      2.0159342288970947,
      3.329446315765381,
      2.954103469848633,
      1.9140949249267578,
      1.790202021598816,
      2.205716371536255,
      2.122201681137085,
      3.0187506675720215,
      2.9776577949523926,
      3.7230169773101807,
      3.723846673965454,
      3.6008565425872803,
      3.6225783824920654,
      1.8986748456954956,
      1.7355890274047852,
      0.5807788968086243,
      0.5490579009056091
    ],
    [
      2.612863302230835,
      1.9206407070159912,
      3.117936372756958,
      2.8053605556488037,
      1.8535654544830322,
      1.6275850534439087,
      2.108783006668091,
      2.0730366706848145,
      2.808790922164917,
      2.7353885173797607,
      3.4972171783447266,
      3.542933940887451,
      3.273676872253418,
      3.3611772060394287,
      1.750054955482483,
      1.6109553575515747,
      0.5490579009056091,
      0.5370044708251953
    ]
  ],
  "covariance_short": [
    [
      28.136945724487305,
      12.473346710205078,
      25.49573516845703,
      22.682937622070312,
      10.83314323425293,
      10.859895706176758,
      12.840004920959473,
      13.185967445373535,
      18.55205726623535,
      18.856897354125977,
      23.954242706298828,
      24.930707931518555,
      18.15362548828125,
      17.921810150146484,
      7.167987823486328,
      6.548917293548584,
      2.25512433052063,
      2.1797101497650146
    ],
    [
      12.473346710205078,
      9.9047212600708,
      14.904895782470703,
      13.257550239562988,
      4.8489227294921875,
      5.364475250244141,
      7.0911712646484375,
      6.741729736328125,
      10.224842071533203,
      10.488763809204102,
      11.787055015563965,
      12.27292537689209,
      9.545226097106934,
      9.399620056152344,
      3.9860622882843018,
      3.6434147357940674,
      1.258077621459961,
      1.2112462520599365
    ],
    [
      25.49573516845703,
      14.904895782470703,
      108.678955078125,
      73.6797103881836,
      26.184579849243164,
      13.541403770446777,
      20.751766204833984,
      21.566669464111328,
      26.230060577392578,
      28.11067771911621,
      34.527366638183594,
      32.784210205078125,
      31.366003036499023,
      30.847206115722656,
      11.146957397460938,
      10.014461517333984,
      3.0895867347717285,
      2.8507282733917236
    ],
    [
      22.682937622070312,
      13.257550239562988,
      73.6797103881836,
      72.20606231689453,
      23.496063232421875,
      15.048199653625488,
      19.621662139892578,
      20.478307723999023,
      24.058277130126953,
      24.83302879333496,
      31.35664939880371,
      29.69715118408203,
      25.814542770385742,
      25.588380813598633,
      9.226428985595703,
      8.34223461151123,
      2.674316883087158,
      2.5293729305267334
    ],
    [
      10.83314323425293,
      4.8489227294921875,
      26.184579849243164,
      23.496063232421875,
      45.789241790771484,
      29.100282669067383,
      10.889063835144043,
      18.541475296020508,
      12.719034194946289,
      10.99425220489502,
      26.21797752380371,
      25.451194763183594,
      18.380537033081055,
      19.012218475341797,
      6.50460147857666,
      5.816408634185791,
      1.3901162147521973,
      1.3787517547607422
    ],
    [
      10.859895706176758,
      5.364475250244141,
      13.541403770446777,
      15.048199653625488,
      29.100282669067383,
      45.54475402832031,
      14.217425346374512,
      17.978931427001953,
      17.14944076538086,
      15.128074645996094,
      25.371593475341797,
      26.068471908569336,
      19.090103149414062,
      17.976966857910156,
      6.9012932777404785,
      6.189532279968262,
      1.3936419486999512,
      1.251551628112793
    ],
    [
      12.840004920959473,
      7.0911712646484375,
      20.751766204833984,
      19.621662139892578,
      10.889063835144043,
      14.217425346374512,
      45.24029541015625,
      30.096345901489258,
      23.089031219482422,
      22.393787384033203,
      28.016637802124023,
      30.116376876831055,
      22.24099349975586,
      23.99942970275879,
      9.418251991271973,
      8.851354598999023,
      1.9880881309509277,
      1.9076400995254517
    ],
    [
      13.185967445373535,
      6.741729736328125,
      21.566669464111328,
      20.478307723999023,
      18.541475296020508,
      17.978931427001953,
      30.096345901489258,
      35.4655647277832,
      20.76420021057129,
      19.969831466674805,
      29.97702980041504,
      30.902301788330078,
      21.83936309814453,
      23.383407592773438,
      8.887812614440918,
      8.12371826171875,
      1.8066704273223877,
      1.7632997035980225
    ],
    [
      18.55205726623535,
      10.224842071533203,
      26.230060577392578,
      24.058277130126953,
      12.719034194946289,
      17.14944076538086,
      23.089031219482422,
      20.76420021057129,
      52.09595489501953,
      49.05931854248047,
      38.50651550292969,
      40.74858474731445,
      31.172927856445312,
      30.263389587402344,
      11.277073860168457,
      10.507108688354492,
      2.7032694816589355,
      2.516512870788574
    ],
    [
      18.856897354125977,
      10.488763809204102,
      28.11067771911621,
      24.83302879333496,
      10.99425220489502,
      15.128074645996094,
      22.393787384033203,
      19.969831466674805,
      49.05931854248047,
      55.56929397583008,
      38.94396209716797,
      40.742332458496094,
      31.634586334228516,
      30.500961303710938,
      11.112035751342773,
      10.280305862426758,
      2.645763635635376,
      2.4214627742767334
    ],
    [
      23.954242706298828,
      11.787055015563965,
      34.527366638183594,
      31.35664939880371,
      26.21797752380371,
      25.371593475341797,
      28.016637802124023,
      29.97702980041504,
      38.50651550292969,
      38.94396209716797,
      55.61347579956055,
      53.80766296386719,
      37.522945404052734,
      37.76288986206055,
      13.44443416595459,
      12.282841682434082,
      3.3241615295410156,
      3.1099579334259033
    ],
    [
      24.930707931518555,
      12.27292537689209,
      32.784210205078125,
      29.69715118408203,
      25.451194763183594,
      26.068471908569336,
      30.116376876831055,
      30.902301788330078,
      40.74858474731445,
      40.742332458496094,
      53.80766296386719,
      58.660987854003906,
      38.62466812133789,
      38.3006591796875,
      13.627063751220703,
      12.568888664245605,
      3.3653793334960938,
      3.1709628105163574
    ],
    [
      18.15362548828125,
      9.545226097106934,
      31.366003036499023,
      25.814542770385742,
      18.380537033081055,
      19.090103149414062,
      22.24099349975586,
      21.83936309814453,
      31.172927856445312,
      31.634586334228516,
      37.522945404052734,
      38.62466812133789,
      36.923187255859375,
      35.38375473022461,
      13.665314674377441,
      12.446431159973145,
      3.1715826988220215,
      2.8808422088623047
    ],
    [
      17.921810150146484,
      9.399620056152344,
      30.847206115722656,
      25.588380813598633,
      19.012218475341797,
      17.976966857910156,
      23.99942970275879,
      23.383407592773438,
      30.263389587402344,
      30.500961303710938,
      37.76288986206055,
      38.3006591796875,
      35.38375473022461,
      36.88067626953125,
      14.065242767333984,
      12.784843444824219,
      3.184253692626953,
      2.9484963417053223
    ],
    [
      7.167987823486328,
      3.9860622882843018,
      11.146957397460938,
      9.226428985595703,
      6.50460147857666,
      6.9012932777404785,
      9.418251991271973,
      8.887812614440918,
      11.277073860168457,
      11.112035751342773,
      13.44443416595459,
      13.627063751220703,
      13.665314674377441,
      14.065242767333984,
      7.641949653625488,
      6.907105922698975,
      1.7937922477722168,
      1.6712340116500854
    ],
    [
      6.548917293548584,
      3.6434147357940674,
      10.014461517333984,
      8.34223461151123,
      5.816408634185791,
      6.189532279968262,
      8.851354598999023,
      8.12371826171875,
      10.507108688354492,
      10.280305862426758,
      12.282841682434082,
      12.568888664245605,
      12.446431159973145,
      12.784843444824219,
      6.907105922698975,
      6.48482084274292,
      1.6690512895584106,
      1.5668326616287231
    ],
    [
      2.25512433052063,
      1.258077621459961,
      3.0895867347717285,
      2.674316883087158,
      1.3901162147521973,
      1.3936419486999512,
      1.9880881309509277,
      1.8066704273223877,
      2.7032694816589355,
      2.645763635635376,
      3.3241615295410156,
      3.3653793334960938,
      3.1715826988220215,
      3.184253692626953,
      1.7937922477722168,
      1.6690512895584106,
      0.7882698774337769,
      0.7536882162094116
    ],
    [
      2.1797101497650146,
      1.2112462520599365,
      2.8507282733917236,
      2.5293729305267334,
      1.3787517547607422,
      1.251551628112793,
      1.9076400995254517,
      1.7632997035980225,
      2.516512870788574,
      2.4214627742767334,
      3.1099579334259033,
      3.1709628105163574,
      2.8808422088623047,
      2.9484963417053223,
      1.6712340116500854,
      1.5668326616287231,
      0.7536882162094116,
      0.7593587636947632
    ]
  ],
  "damage": -18.38937759399414,
  "diff_bandwidth": 648.9840087890625,
  "dissonance": 5.010805035442414,
  "drr": -0.30950596928596497,
  "dynamics": 4.063545227050781,
  "format": 1245190,
  "frames": 5793792,
  "loudness": -28.219425201416016,
  "loudness_range": 11.953166961669922,
  "loudness_range_short": 12.843681335449219,
  "lowpass_true_peak_15khz": -5.403763771057129,
  "mastering3_acoustic_entropies": [
    {
      "acoustic_entropy": 8.53601360321045,
      "acoustic_entropy_mono": 5.965011119842529,
      "band_eliminated_acoustic_entropies": [
        {
          "acoustic_entropy": 8.53629207611084,
          "acoustic_entropy_side": 8.536014556884766,
          "hz": 129.47220167065723
        },
        {
          "acoustic_entropy": 8.527796745300293,
          "acoustic_entropy_side": 8.535112380981445,
          "hz": 202.92927478742237
        },
        {
          "acoustic_entropy": 8.49182415008545,
          "acoustic_entropy_side": 8.532914161682129,
          "hz": 282.89161906338205
        },
        {
          "acoustic_entropy": 8.052769660949707,
          "acoustic_entropy_side": 8.453743934631348,
          "hz": 369.9353335868758
        },
        {
          "acoustic_entropy": 7.982715606689453,
          "acoustic_entropy_side": 8.410629272460938,
          "hz": 464.6875360973435
        },
        {
          "acoustic_entropy": 7.88026237487793,
          "acoustic_entropy_side": 8.826639175415039,
          "hz": 567.8308811364784
        },
        {
          "acoustic_entropy": 8.872097969055176,
          "acoustic_entropy_side": 8.473448753356934,
          "hz": 680.1084783214808
        },
        {
          "acoustic_entropy": 7.666867733001709,
          "acoustic_entropy_side": 7.3351850509643555,
          "hz": 802.3292461747484
        },
        {
          "acoustic_entropy": 7.6716532707214355,
          "acoustic_entropy_side": 8.702513694763184,
          "hz": 935.3737400823702
        },
        {
          "acoustic_entropy": 8.513105392456055,
          "acoustic_entropy_side": 8.107234954833984,
          "hz": 1080.2004963696966
        },
        {
          "acoustic_entropy": 8.277375221252441,
          "acoustic_entropy_side": 8.344176292419434,
          "hz": 1237.8529382007157
        },
        {
          "acoustic_entropy": 8.199723243713379,
          "acoustic_entropy_side": 8.377867698669434,
          "hz": 1409.4668930556702
        },
        {
          "acoustic_entropy": 8.060073852539062,
          "acoustic_entropy_side": 8.289939880371094,
          "hz": 1596.2787759475705
        },
        {
          "acoustic_entropy": 8.182021141052246,
          "acoustic_entropy_side": 8.362439155578613,
          "hz": 1799.6344973346393
        },
        {
          "acoustic_entropy": 8.033308029174805,
          "acoustic_entropy_side": 8.053174018859863,
          "hz": 2020.9991599069049
        },
        {
          "acoustic_entropy": 8.49374008178711,
          "acoustic_entropy_side": 8.346359252929688,
          "hz": 2261.9676141086993
        },
        {
          "acoustic_entropy": 8.261197090148926,
          "acoustic_entropy_side": 8.411962509155273,
          "hz": 2524.2759484456974
        },
        {
          "acoustic_entropy": 8.4412202835083,
          "acoustic_entropy_side": 8.477856636047363,
          "hz": 2809.813997359896
        },
        {
          "acoustic_entropy": 8.402314186096191,
          "acoustic_entropy_side": 8.462591171264648,
          "hz": 3120.6389567871424
        },
        {
          "acoustic_entropy": 8.455253601074219,
          "acoustic_entropy_side": 8.5526762008667,
          "hz": 3458.990205492291
        },
        {
          "acoustic_entropy": 8.413351058959961,
          "acoustic_entropy_side": 8.471451759338379,
          "hz": 3827.305438964164
        },
        {
          "acoustic_entropy": 8.435699462890625,
          "acoustic_entropy_side": 8.479063987731934,
          "hz": 4228.238232109126
        },
        {
          "acoustic_entropy": 8.465031623840332,
          "acoustic_entropy_side": 8.49783992767334,
          "hz": 4664.6771572759235
        },
        {
          "acoustic_entropy": 8.474919319152832,
          "acoustic_entropy_side": 8.499612808227539,
          "hz": 5139.766595350093
        },
        {
          "acoustic_entropy": 8.515043258666992,
          "acoustic_entropy_side": 8.524249076843262,
          "hz": 5656.929389854203
        },
        {
          "acoustic_entropy": 8.522268295288086,
          "acoustic_entropy_side": 8.5325345993042,
          "hz": 6219.891507268283
        },
        {
          "acoustic_entropy": 8.520020484924316,
          "acoustic_entropy_side": 8.524603843688965,
          "hz": 6832.70888123896
        },
        {
          "acoustic_entropy": 8.526938438415527,
          "acoustic_entropy_side": 8.529386520385742,
          "hz": 7499.796634079867
        },
        {
          "acoustic_entropy": 8.531673431396484,
          "acoustic_entropy_side": 8.533366203308105,
          "hz": 8225.96088609342
        },
        {
          "acoustic_entropy": 8.534602165222168,
          "acoustic_entropy_side": 8.535481452941895,
          "hz": 9016.43338188839
        },
        {
          "acoustic_entropy": 8.53564453125,
          "acoustic_entropy_side": 8.53587818145752,
          "hz": 9876.909183162974
        },
        {
          "acoustic_entropy": 8.535966873168945,
          "acoustic_entropy_side": 8.535999298095703,
          "hz": 10813.587699516042
        },
        {
          "acoustic_entropy": 8.535994529724121,
          "acoustic_entropy_side": 8.536005020141602,
          "hz": 11833.21735289826
        },
        {
          "acoustic_entropy": 8.536004066467285,
          "acoustic_entropy_side": 8.536006927490234,
          "hz": 12943.144197493959
        },
        {
          "acoustic_entropy": 8.53601360321045,
          "acoustic_entropy_side": 8.536012649536133,
          "hz": 14151.364845322005
        },
        {
          "acoustic_entropy": 8.53601360321045,
          "acoustic_entropy_side": 8.536014556884766,
          "hz": 15466.58407886509
        },
        {
          "acoustic_entropy": 8.53601360321045,
          "acoustic_entropy_side": 8.53601360321045,
          "hz": 16898.27756580493
        },
        {
          "acoustic_entropy": 8.53601360321045,
          "acoustic_entropy_side": 8.53601360321045,
          "hz": 18456.760127700032
        },
        {
          "acoustic_entropy": 8.53601360321045,
          "acoustic_entropy_side": 8.53601360321045,
          "hz": 20153.260054456492
        },
        {
          "acoustic_entropy": 8.53601360321045,
          "acoustic_entropy_side": 8.53601360321045,
          "hz": 22000.00000000001
        }
      ],
      "diff_acoustic_entropy": 5.666630744934082,
      "sn": 6
    },
    {
      "acoustic_entropy": 12.364468574523926,
      "acoustic_entropy_mono": 9.438457489013672,
      "band_eliminated_acoustic_entropies": [
        {
          "acoustic_entropy": 12.364733695983887,
          "acoustic_entropy_side": 12.364480018615723,
          "hz": 129.47220167065723
        },
        {
          "acoustic_entropy": 12.465231895446777,
          "acoustic_entropy_side": 12.371659278869629,
          "hz": 202.92927478742237
        },
        {
          "acoustic_entropy": 12.520866394042969,
          "acoustic_entropy_side": 12.460079193115234,
          "hz": 282.89161906338205
        },
        {
          "acoustic_entropy": 11.994339942932129,
          "acoustic_entropy_side": 12.250410079956055,
          "hz": 369.9353335868758
        },
        {
          "acoustic_entropy": 11.893708229064941,
          "acoustic_entropy_side": 12.352363586425781,
          "hz": 464.6875360973435
        },
        {
          "acoustic_entropy": 12.2614107131958,
          "acoustic_entropy_side": 13.178569793701172,
          "hz": 567.8308811364784
        },
        {
          "acoustic_entropy": 13.190079689025879,
          "acoustic_entropy_side": 12.893312454223633,
          "hz": 680.1084783214808
        },
        {
          "acoustic_entropy": 12.764420509338379,
          "acoustic_entropy_side": 11.983332633972168,
          "hz": 802.3292461747484
        },
        {
          "acoustic_entropy": 11.913783073425293,
          "acoustic_entropy_side": 12.712908744812012,
          "hz": 935.3737400823702
        },
        {
          "acoustic_entropy": 12.24224853515625,
          "acoustic_entropy_side": 12.211250305175781,
          "hz": 1080.2004963696966
        },
        {
          "acoustic_entropy": 12.315702438354492,
          "acoustic_entropy_side": 12.39343547821045,
          "hz": 1237.8529382007157
        },
        {
          "acoustic_entropy": 12.314311981201172,
          "acoustic_entropy_side": 12.424861907958984,
          "hz": 1409.4668930556702
        },
        {
          "acoustic_entropy": 12.57030963897705,
          "acoustic_entropy_side": 11.937278747558594,
          "hz": 1596.2787759475705
        },
        {
          "acoustic_entropy": 12.610757827758789,
          "acoustic_entropy_side": 12.58745002746582,
          "hz": 1799.6344973346393
        },
        {
          "acoustic_entropy": 12.173821449279785,
          "acoustic_entropy_side": 12.172524452209473,
          "hz": 2020.9991599069049
        },
        {
          "acoustic_entropy": 12.15719223022461,
          "acoustic_entropy_side": 12.50971508026123,
          "hz": 2261.9676141086993
        },
        {
          "acoustic_entropy": 11.78650951385498,
          "acoustic_entropy_side": 12.108665466308594,
          "hz": 2524.2759484456974
        },
        {
          "acoustic_entropy": 12.044221878051758,
          "acoustic_entropy_side": 12.20890998840332,
          "hz": 2809.813997359896
        },
        {
          "acoustic_entropy": 12.123383522033691,
          "acoustic_entropy_side": 11.916013717651367,
          "hz": 3120.6389567871424
        },
        {
          "acoustic_entropy": 11.796985626220703,
          "acoustic_entropy_side": 11.9822359085083,
          "hz": 3458.990205492291
        },
        {
          "acoustic_entropy": 11.946988105773926,
          "acoustic_entropy_side": 11.696582794189453,
          "hz": 3827.305438964164
        },
        {
          "acoustic_entropy": 11.777765274047852,
          "acoustic_entropy_side": 11.718293190002441,
          "hz": 4228.238232109126
        },
        {
          "acoustic_entropy": 11.754554748535156,
          "acoustic_entropy_side": 11.799221992492676,
          "hz": 4664.6771572759235
        },
        {
          "acoustic_entropy": 12.006994247436523,
          "acoustic_entropy_side": 11.753002166748047,
          "hz": 5139.766595350093
        },
        {
          "acoustic_entropy": 11.838744163513184,
          "acoustic_entropy_side": 12.113544464111328,
          "hz": 5656.929389854203
        },
        {
          "acoustic_entropy": 11.958017349243164,
          "acoustic_entropy_side": 12.227873802185059,
          "hz": 6219.891507268283
        },
        {
          "acoustic_entropy": 11.803444862365723,
          "acoustic_entropy_side": 12.07957649230957,
          "hz": 6832.70888123896
        },
        {
          "acoustic_entropy": 12.144797325134277,
          "acoustic_entropy_side": 12.252058982849121,
          "hz": 7499.796634079867
        },
        {
          "acoustic_entropy": 12.270000457763672,
          "acoustic_entropy_side": 12.314050674438477,
          "hz": 8225.96088609342
        },
        {
          "acoustic_entropy": 12.340583801269531,
          "acoustic_entropy_side": 12.356731414794922,
          "hz": 9016.43338188839
        },
        {
          "acoustic_entropy": 12.359946250915527,
          "acoustic_entropy_side": 12.36240005493164,
          "hz": 9876.909183162974
        },
        {
          "acoustic_entropy": 12.36269760131836,
          "acoustic_entropy_side": 12.363629341125488,
          "hz": 10813.587699516042
        },
        {
          "acoustic_entropy": 12.36371898651123,
          "acoustic_entropy_side": 12.364121437072754,
          "hz": 11833.21735289826
        },
        {
          "acoustic_entropy": 12.364083290100098,
          "acoustic_entropy_side": 12.364253044128418,
          "hz": 12943.144197493959
        },
        {
          "acoustic_entropy": 12.364161491394043,
          "acoustic_entropy_side": 12.364309310913086,
          "hz": 14151.364845322005
        },
        {
          "acoustic_entropy": 12.364341735839844,
          "acoustic_entropy_side": 12.36440372467041,
          "hz": 15466.58407886509
        },
        {
          "acoustic_entropy": 12.3644380569458,
          "acoustic_entropy_side": 12.364452362060547,
          "hz": 16898.27756580493
        },
        {
          "acoustic_entropy": 12.364459991455078,
          "acoustic_entropy_side": 12.364463806152344,
          "hz": 18456.760127700032
        },
        {
          "acoustic_entropy": 12.364466667175293,
          "acoustic_entropy_side": 12.364468574523926,
          "hz": 20153.260054456492
        },
        {
          "acoustic_entropy": 12.364468574523926,
          "acoustic_entropy_side": 12.364468574523926,
          "hz": 22000.00000000001
        }
      ],
      "diff_acoustic_entropy": 7.430796146392822,
      "sn": 12
    },
    {
      "acoustic_entropy": 18.787721633911133,
      "acoustic_entropy_mono": 15.018741607666016,
      "band_eliminated_acoustic_entropies": [
        {
          "acoustic_entropy": 18.805431365966797,
          "acoustic_entropy_side": 18.788089752197266,
          "hz": 129.47220167065723
        },
        {
          "acoustic_entropy": 18.869094848632812,
          "acoustic_entropy_side": 18.797218322753906,
          "hz": 202.92927478742237
        },
        {
          "acoustic_entropy": 18.875146865844727,
          "acoustic_entropy_side": 18.79349708557129,
          "hz": 282.89161906338205
        },
        {
          "acoustic_entropy": 17.947378158569336,
          "acoustic_entropy_side": 18.345806121826172,
          "hz": 369.9353335868758
        },
        {
          "acoustic_entropy": 17.604116439819336,
          "acoustic_entropy_side": 18.561328887939453,
          "hz": 464.6875360973435
        },
        {
          "acoustic_entropy": 17.985361099243164,
          "acoustic_entropy_side": 18.87497329711914,
          "hz": 567.8308811364784
        },
        {
          "acoustic_entropy": 18.316633224487305,
          "acoustic_entropy_side": 18.478763580322266,
          "hz": 680.1084783214808
        },
        {
          "acoustic_entropy": 18.918758392333984,
          "acoustic_entropy_side": 18.162574768066406,
          "hz": 802.3292461747484
        },
        {
          "acoustic_entropy": 18.775028228759766,
          "acoustic_entropy_side": 19.676664352416992,
          "hz": 935.3737400823702
        },
        {
          "acoustic_entropy": 18.243492126464844,
          "acoustic_entropy_side": 17.944202423095703,
          "hz": 1080.2004963696966
        },
        {
          "acoustic_entropy": 19.35765838623047,
          "acoustic_entropy_side": 18.957679748535156,
          "hz": 1237.8529382007157
        },
        {
          "acoustic_entropy": 19.11543846130371,
          "acoustic_entropy_side": 19.55440902709961,
          "hz": 1409.4668930556702
        },
        {
          "acoustic_entropy": 17.824201583862305,
          "acoustic_entropy_side": 19.02263832092285,
          "hz": 1596.2787759475705
        },
        {
          "acoustic_entropy": 18.558406829833984,
          "acoustic_entropy_side": 18.986051559448242,
          "hz": 1799.6344973346393
        },
        {
          "acoustic_entropy": 18.800954818725586,
          "acoustic_entropy_side": 18.27212905883789,
          "hz": 2020.9991599069049
        },
        {
          "acoustic_entropy": 18.157060623168945,
          "acoustic_entropy_side": 18.99238395690918,
          "hz": 2261.9676141086993
        },
        {
          "acoustic_entropy": 18.32990264892578,
          "acoustic_entropy_side": 18.50110626220703,
          "hz": 2524.2759484456974
        },
        {
          "acoustic_entropy": 18.726581573486328,
          "acoustic_entropy_side": 18.846435546875,
          "hz": 2809.813997359896
        },
        {
          "acoustic_entropy": 18.843463897705078,
