{
  "acoustic_entropy": 157.5377197265625,
  "bands": [
    {
      "high_freq": 148.1999969482422,
      "loudness": -53.29111099243164,
      "loudness_range": 13.386959075927734,
      "mid_mean": -49.586463928222656,
      "mid_to_side_loudness": -18.88880157470703,
      "mid_to_side_loudness_range": 5.297677040100098,
      "side_mean": -65.71368408203125
    },
    {
      "high_freq": 392.3793640136719,
      "loudness": -32.76353073120117,
      "loudness_range": 13.601028442382812,
      "low_freq": 148.1999969482422,
      "mid_mean": -29.983722686767578,
      "mid_to_side_loudness": -7.394843578338623,
      "mid_to_side_loudness_range": 7.928544998168945,
      "side_mean": -37.329261779785156
    },
    {
      "high_freq": 794.6976318359375,
      "loudness": -30.622812271118164,
      "loudness_range": 14.281579971313477,
      "low_freq": 392.3793640136719,
      "mid_mean": -28.640047073364258,
      "mid_to_side_loudness": -3.515272855758667,
      "mid_to_side_loudness_range": 7.7517571449279785,
      "side_mean": -32.33609390258789
    },
    {
      "high_freq": 1457.5709228515625,
      "loudness": -35.36759948730469,
      "loudness_range": 15.802619934082031,
      "low_freq": 794.6976318359375,
      "mid_mean": -34.482295989990234,
      "mid_to_side_loudness": -0.8885591626167297,
      "mid_to_side_loudness_range": 8.32029914855957,
      "side_mean": -35.41026306152344
    },
    {
      "high_freq": 2549.74365234375,
      "loudness": -40.60801696777344,
      "loudness_range": 13.57674789428711,
      "low_freq": 1457.5709228515625,
      "mid_mean": -39.156742095947266,
      "mid_to_side_loudness": -1.9055758714675903,
      "mid_to_side_loudness_range": 6.167397499084473,
      "side_mean": -41.16188049316406
    },
    {
      "high_freq": 4349.24462890625,
      "loudness": -51.05934143066406,
      "loudness_range": 22.048118591308594,
      "low_freq": 2549.74365234375,
      "mid_mean": -50.81819534301758,
      "mid_to_side_loudness": -2.1520779132843018,
      "mid_to_side_loudness_range": 7.876317977905273,
      "side_mean": -52.82261276245117
    },
    {
      "high_freq": 7314.1640625,
      "loudness": -65.40433502197266,
      "loudness_range": 22.995746612548828,
      "low_freq": 4349.24462890625,
      "mid_mean": -63.81687545776367,
      "mid_to_side_loudness": -0.14680983126163483,
      "mid_to_side_loudness_range": 7.383744239807129,
      "side_mean": -64.01129150390625
    },
    {
      "high_freq": 12199.2666015625,
      "loudness": -77.11688995361328,
      "loudness_range": 19.591087341308594,
      "low_freq": 7314.1640625,
      "mid_mean": -69.1261215209961,
      "mid_to_side_loudness": -0.6921350955963135,
      "mid_to_side_loudness_range": 4.641329765319824,
      "side_mean": -69.1645736694336
    },
    {
      "loudness": 0,
      "loudness_range": 0,
      "low_freq": 12199.2666015625,
      "mid_mean": -69.96671295166016,
      "mid_to_side_loudness": -1.6503175497055054,
      "mid_to_side_loudness_range": 3.1226794719696045,
      "side_mean": -69.97137451171875
    }
  ],
  "bands_short": [
    {
      "high_freq": 148.1999969482422,
      "loudness": -56.08080291748047,
      "loudness_range": 14.171016693115234,
      "mid_mean": -52.44999694824219,
      "mid_to_side_loudness": -19.48880386352539,
      "mid_to_side_loudness_range": 12.183167457580566,
      "side_mean": -67.50541687011719
    },
    {
      "high_freq": 392.3793640136719,
      "loudness": -33.9700927734375,
      "loudness_range": 15.43149185180664,
      "low_freq": 148.1999969482422,
      "mid_mean": -31.319995880126953,
      "mid_to_side_loudness": -7.816986083984375,
      "mid_to_side_loudness_range": 12.86762523651123,
      "side_mean": -38.906917572021484
    },
    {
      "high_freq": 794.6976318359375,
      "loudness": -30.872907638549805,
      "loudness_range": 15.363212585449219,
      "low_freq": 392.3793640136719,
      "mid_mean": -29.174415588378906,
      "mid_to_side_loudness": -3.1788840293884277,
      "mid_to_side_loudness_range": 10.274028778076172,
      "side_mean": -32.51002502441406
    },
    {
      "high_freq": 1457.5709228515625,
      "loudness": -35.537322998046875,
      "loudness_range": 17.57895851135254,
      "low_freq": 794.6976318359375,
      "mid_mean": -34.710079193115234,
      "mid_to_side_loudness": -1.113425374031067,
      "mid_to_side_loudness_range": 10.977252006530762,
      "side_mean": -35.86425018310547
    },
    {
      "high_freq": 2549.74365234375,
      "loudness": -41.401283264160156,
      "loudness_range": 15.044086456298828,
      "low_freq": 1457.5709228515625,
      "mid_mean": -40.10300064086914,
      "mid_to_side_loudness": -1.8336613178253174,
      "mid_to_side_loudness_range": 8.8413724899292,
      "side_mean": -42.0565071105957
    },
    {
      "high_freq": 4349.24462890625,
      "loudness": -51.48384094238281,
      "loudness_range": 23.620296478271484,
      "low_freq": 2549.74365234375,
      "mid_mean": -51.46554183959961,
      "mid_to_side_loudness": -1.6144001483917236,
      "mid_to_side_loudness_range": 9.637438774108887,
      "side_mean": -52.950801849365234
    },
    {
      "high_freq": 7314.1640625,
      "loudness": -66.14764404296875,
      "loudness_range": 25.286033630371094,
      "low_freq": 4349.24462890625,
      "mid_mean": -64.31696319580078,
      "mid_to_side_loudness": -0.18397656083106995,
      "mid_to_side_loudness_range": 9.29489517211914,
      "side_mean": -64.60255432128906
    },
    {
      "high_freq": 12199.2666015625,
      "loudness": -76.64966583251953,
      "loudness_range": 20.34933853149414,
      "low_freq": 7314.1640625,
      "mid_mean": -69.33790588378906,
      "mid_to_side_loudness": -0.816091001033783,
      "mid_to_side_loudness_range": 5.267498016357422,
      "side_mean": -69.3681411743164
    },
    {
      "loudness": -81.21426391601562,
      "loudness_range": 12.936203002929688,
      "low_freq": 12199.2666015625,
      "mid_mean": -69.96951293945312,
      "mid_to_side_loudness": -2.0194828510284424,
      "mid_to_side_loudness_range": 4.6276092529296875,
      "side_mean": -69.97451782226562
    }
  ],
  "bandwidth": 651.4215087890625,
  "channels": 2,
  "covariance": [
    [
      26.226093292236328,
      15.05574893951416,
      4.669633388519287,
      3.4792287349700928,
      10.579127311706543,
      10.441035270690918,
      13.222970962524414,
      12.355103492736816,
      13.546822547912598,
      13.9589204788208,
      32.8863410949707,
      30.620372772216797,
      17.966127395629883,
      17.48642349243164,
      2.866281509399414,
      2.8031280040740967,
      0.08487795293331146,
      0.09105426073074341
    ],
    [
      15.05574893951416,
      11.498479843139648,
      4.189295291900635,
      3.1043622493743896,
      5.054974555969238,
      5.357031345367432,
      6.866705894470215,
      6.3730597496032715,
      7.260592937469482,
      8.125720977783203,
      14.933473587036133,
      14.64400577545166,
      9.777059555053711,
      9.431175231933594,
      1.5341664552688599,
      1.5100599527359009,
      0.05290090665221214,
      0.05612987279891968
    ],
    [
      4.669633388519287,
      4.189295291900635,
      25.58546257019043,
      23.12004280090332,
      5.48527717590332,
      4.086354732513428,
      3.718783378601074,
      2.4014084339141846,
      6.538869857788086,
      6.658052921295166,
      3.0035383701324463,
      5.521897315979004,
      0.4889504313468933,
      2.32216477394104,
      -1.0231542587280273,
      -0.9545252919197083,
      -0.013629700988531113,
      -0.017130857333540916
    ],
    [
      3.4792287349700928,
      3.1043622493743896,
      23.12004280090332,
      29.910036087036133,
      7.620795249938965,
      4.481796741485596,
      4.608828544616699,
      1.6551873683929443,
      7.52719783782959,
      6.748781204223633,
      1.169119954109192,
      4.586381435394287,
      -0.92991042137146,
      1.4624719619750977,
      -1.0748318433761597,
      -1.0788154602050781,
      -0.03027820587158203,
      -0.03413361683487892
    ],
    [
      10.579127311706543,
      5.054974555969238,
      5.48527717590332,
      7.620795249938965,
      27.937376022338867,
      23.970548629760742,
      10.669529914855957,
      6.839920520782471,
      13.30838680267334,
      13.158379554748535,
      18.461166381835938,
      17.06290626525879,
      8.547293663024902,
      8.638423919677734,
      1.3936060667037964,
      1.1297037601470947,
      0.08441207557916641,
      0.08018473535776138
    ],
    [
      10.441035270690918,
      5.357031345367432,
      4.086354732513428,
      4.481796741485596,
      23.970548629760742,
      27.540666580200195,
      7.5737690925598145,
      5.239245891571045,
      10.888344764709473,
      9.942434310913086,
      15.742015838623047,
      15.103171348571777,
      7.775949001312256,
      8.06635570526123,
      0.7832212448120117,
      0.727556586265564,
      0.07648777216672897,
      0.07274120301008224
    ],
    [
      13.222970962524414,
      6.866705894470215,
      3.718783378601074,
      4.608828544616699,
      10.669529914855957,
      7.5737690925598145,
      27.752225875854492,
      24.41980743408203,
      19.43923568725586,
      19.476119995117188,
      30.58745765686035,
      26.61292266845703,
      22.15167999267578,
      19.810588836669922,
      5.587597846984863,
      5.557697772979736,
      0.16275760531425476,
      0.17239981889724731
    ],
    [
      12.355103492736816,
      6.3730597496032715,
      2.4014084339141846,
      1.6551873683929443,
      6.839920520782471,
      5.239245891571045,
      24.41980743408203,
      29.523300170898438,
      18.04783058166504,
      17.83299446105957,
      32.83236312866211,
      27.429229736328125,
      24.844873428344727,
      22.017353057861328,
      6.150914669036865,
      6.292555809020996,
      0.1672426462173462,
      0.17804710566997528
    ],
    [
      13.546822547912598,
      7.260592937469482,
      6.538869857788086,
      7.52719783782959,
      13.30838680267334,
      10.888344764709473,
      19.43923568725586,
      18.04783058166504,
      24.436491012573242,
      22.042760848999023,
      31.64085578918457,
      29.541297912597656,
      21.713380813598633,
      21.371017456054688,
      4.5282769203186035,
      4.539856433868408,
      0.1428159475326538,
      0.15426670014858246
    ],
    [
      13.9589204788208,
      8.125720977783203,
      6.658052921295166,
      6.748781204223633,
      13.158379554748535,
      9.942434310913086,
      19.476119995117188,
      17.83299446105957,
      22.042760848999023,
      24.11025047302246,
      31.34242057800293,
      29.048938751220703,
      21.02738380432129,
      20.30746841430664,
      4.665674209594727,
      4.431641578674316,
      0.14637491106987,
      0.15881380438804626
    ],
    [
      32.8863410949707,
      14.933473587036133,
      3.0035383701324463,
      1.169119954109192,
      18.461166381835938,
      15.742015838623047,
      30.58745765686035,
      32.83236312866211,
      31.64085578918457,
      31.34242057800293,
      80.78141021728516,
      68.61333465576172,
      43.5118522644043,
      41.00266647338867,
      8.725871086120605,
      8.614598274230957,
      0.24356161057949066,
      0.2619565725326538
    ],
    [
      30.620372772216797,
      14.64400577545166,
      5.521897315979004,
      4.586381435394287,
      17.06290626525879,
      15.103171348571777,
      26.61292266845703,
      27.429229736328125,
      29.541297912597656,
      29.048938751220703,
      68.61333465576172,
      64.12442016601562,
      38.186954498291016,
      36.71258544921875,
      7.274022579193115,
      7.1798095703125,
      0.22461184859275818,
      0.2422599345445633
    ],
    [
      17.966127395629883,
      9.777059555053711,
      0.4889504313468933,
      -0.92991042137146,
      8.547293663024902,
      7.775949001312256,
      22.15167999267578,
      24.844873428344727,
      21.713380813598633,
      21.02738380432129,
      43.5118522644043,
      38.186954498291016,
      34.96168518066406,
      31.624826431274414,
      8.037267684936523,
      7.875227451324463,
      0.2260858416557312,
      0.24377644062042236
    ],
    [
      17.48642349243164,
      9.431175231933594,
      2.32216477394104,
      1.4624719619750977,
      8.638423919677734,
      8.06635570526123,
      19.810588836669922,
      22.017353057861328,
      21.371017456054688,
      20.30746841430664,
      41.00266647338867,
      36.71258544921875,
      31.624826431274414,
      31.451574325561523,
      6.934231758117676,
      6.9485578536987305,
      0.20808035135269165,
      0.22383803129196167
    ],
    [
      2.866281509399414,
      1.5341664552688599,
      -1.0231542587280273,
      -1.0748318433761597,
      1.3936060667037964,
      0.7832212448120117,
      5.587597846984863,
      6.150914669036865,
      4.5282769203186035,
      4.665674209594727,
      8.725871086120605,
      7.274022579193115,
      8.037267684936523,
      6.934231758117676,
      3.7252001762390137,
      3.4318039417266846,
      0.14246121048927307,
      0.1497717648744583
    ],
    [
      2.8031280040740967,
      1.5100599527359009,
      -0.9545252919197083,
      -1.0788154602050781,
      1.1297037601470947,
      0.727556586265564,
      5.557697772979736,
      6.292555809020996,
      4.539856433868408,
      4.431641578674316,
      8.614598274230957,
      7.1798095703125,
      7.875227451324463,
      6.9485578536987305,
      3.4318039417266846,
      3.460432529449463,
      0.14833107590675354,
      0.15585996210575104
    ],
    [
      0.08487795293331146,
      0.05290090665221214,
      -0.013629700988531113,
      -0.03027820587158203,
      0.08441207557916641,
      0.07648777216672897,
      0.16275760531425476,
      0.1672426462173462,
      0.1428159475326538,
      0.14637491106987,
      0.24356161057949066,
      0.22461184859275818,
      0.2260858416557312,
      0.20808035135269165,
      0.14246121048927307,
      0.14833107590675354,
      0.01498408056795597,
      0.01555590983480215
    ],
    [
      0.09105426073074341,
      0.05612987279891968,
      -0.017130857333540916,
      -0.03413361683487892,
      0.08018473535776138,
      0.07274120301008224,
      0.17239981889724731,
      0.17804710566997528,
      0.15426670014858246,
      0.15881380438804626,
      0.2619565725326538,
      0.2422599345445633,
      0.24377644062042236,
      0.22383803129196167,
      0.1497717648744583,
      0.15585996210575104,
      0.01555590983480215,
      0.0162502508610487
    ]
  ],
  "covariance_short": [
    [
      26.03585433959961,
      4.89509391784668,
      2.726262092590332,
      2.413506031036377,
      8.190306663513184,
      8.65958309173584,
      14.07309341430664,
      13.277512550354004,
      13.356626510620117,
      13.3426513671875,
      32.37722396850586,
      29.821205139160156,
      17.890520095825195,
      16.40007972717285,
      2.5166313648223877,
      2.4675869941711426,
      0.07726313918828964,
      0.07884101569652557
    ],
    [
      4.89509391784668,
      3.003384828567505,
      2.9555857181549072,
      3.3373372554779053,
      3.2670087814331055,
      3.1055002212524414,
      3.9102954864501953,
      3.662248373031616,
      3.9247522354125977,
      4.280770778656006,
      7.49415922164917,
      7.256975173950195,
      4.64014196395874,
      4.306743621826172,
      0.5841588973999023,
      0.5622320771217346,
      0.021340617910027504,
      0.021690936759114265
    ],
    [
      2.726262092590332,
      2.9555857181549072,
      34.08547592163086,
      25.181264877319336,
      9.953778266906738,
      5.945517063140869,
      5.3918681144714355,
      4.338831901550293,
      9.300127029418945,
      9.33946418762207,
      6.083797931671143,
      7.865212440490723,
      2.5912082195281982,
      4.293725967407227,
      -0.2471461445093155,
      -0.2864343822002411,
      0.007562555838376284,
      0.0019490529084578156
    ],
    [
      2.413506031036377,
      3.3373372554779053,
      25.181264877319336,
      36.18302536010742,
      13.283575057983398,
      7.899774074554443,
      6.4015607833862305,
      3.1574578285217285,
      9.514825820922852,
      9.123872756958008,
      3.9703681468963623,
      6.525102615356445,
      0.7729141116142273,
      2.487179756164551,
      -0.8199386596679688,
      -0.9459293484687805,
      -0.03776879608631134,
      -0.04389104247093201
    ],
    [
      8.190306663513184,
      3.2670087814331055,
      9.953778266906738,
      13.283575057983398,
      33.51609420776367,
      25.920034408569336,
      9.832022666931152,
      6.539092540740967,
      15.423860549926758,
      14.520478248596191,
      16.970333099365234,
      15.209359169006348,
      9.092467308044434,
      9.84762954711914,
      0.4747205078601837,
      0.4458269476890564,
      0.041912831366062164,
      0.0361185148358345
    ],
    [
      8.65958309173584,
      3.1055002212524414,
      5.945517063140869,
      7.899774074554443,
      25.920034408569336,
      31.111324310302734,
      7.291794300079346,
      5.8460612297058105,
      12.470172882080078,
      10.902803421020508,
      14.37268352508545,
      13.098503112792969,
      9.163286209106445,
      8.84647274017334,
      0.441733717918396,
      0.44001683592796326,
      0.044475603848695755,
      0.038967207074165344
    ],
    [
      14.07309341430664,
      3.9102954864501953,
      5.3918681144714355,
      6.4015607833862305,
      9.832022666931152,
      7.291794300079346,
      37.15430450439453,
      27.817750930786133,
      22.487436294555664,
      21.762067794799805,
      35.10041046142578,
      32.90742111206055,
      24.4976806640625,
      21.83160972595215,
      5.632014751434326,
      5.508606433868408,
      0.1607035994529724,
      0.16516877710819244
    ],
    [
      13.277512550354004,
      3.662248373031616,
      4.338831901550293,
      3.1574578285217285,
      6.539092540740967,
      5.8460612297058105,
      27.817750930786133,
      33.60607147216797,
      19.31884765625,
      18.861173629760742,
      34.811763763427734,
      31.088092803955078,
      24.78388214111328,
      21.895925521850586,
      5.313175678253174,
      5.4013285636901855,
      0.15258032083511353,
      0.15939843654632568
    ],
    [
      13.356626510620117,
      3.9247522354125977,
      9.300127029418945,
      9.514825820922852,
      15.423860549926758,
      12.470172882080078,
      22.487436294555664,
      19.31884765625,
      31.12934112548828,
      25.39943504333496,
      34.985225677490234,
      32.79478454589844,
      24.04929542541504,
      23.340545654296875,
      4.230603218078613,
      4.221986770629883,
      0.1355937421321869,
      0.143569216132164
    ],
    [
      13.3426513671875,
      4.280770778656006,
      9.33946418762207,
      9.123872756958008,
      14.520478248596191,
      10.902803421020508,
      21.762067794799805,
      18.861173629760742,
      25.39943504333496,
      29.842294692993164,
      34.04051971435547,
      32.0830078125,
      21.825605392456055,
      21.266691207885742,
      3.9806580543518066,
      3.759847402572632,
      0.13370651006698608,
      0.14185546338558197
    ],
    [
      32.37722396850586,
      7.49415922164917,
      6.083797931671143,
      3.9703681468963623,
      16.970333099365234,
      14.37268352508545,
      35.10041046142578,
      34.811763763427734,
      34.985225677490234,
      34.04051971435547,
      85.440673828125,
      73.20893096923828,
      45.02915573120117,
      41.70240020751953,
      7.579885005950928,
      7.382019519805908,
      0.2238059639930725,
      0.2405737042427063
    ],
    [
      29.821205139160156,
      7.256975173950195,
      7.865212440490723,
      6.525102615356445,
      15.209359169006348,
      13.098503112792969,
      32.90742111206055,
      31.088092803955078,
      32.79478454589844,
      32.0830078125,
      73.20893096923828,
      71.43434143066406,
      41.3255500793457,
      38.27454376220703,
      6.8306684494018555,
      6.646749496459961,
      0.2139156311750412,
      0.23329296708106995
    ],
    [
      17.890520095825195,
      4.64014196395874,
      2.5912082195281982,
      0.7729141116142273,
      9.092467308044434,
      9.163286209106445,
      24.4976806640625,
      24.78388214111328,
      24.04929542541504,
      21.825605392456055,
      45.02915573120117,
      41.3255500793457,
      36.9219970703125,
      32.1192741394043,
      7.235456466674805,
      7.062783718109131,
      0.21954725682735443,
      0.23673920333385468
    ],
    [
      16.40007972717285,
      4.306743621826172,
      4.293725967407227,
      2.487179756164551,
      9.84762954711914,
      8.84647274017334,
      21.83160972595215,
      21.895925521850586,
      23.340545654296875,
      21.266691207885742,
      41.70240020751953,
      38.27454376220703,
      32.1192741394043,
      32.12269592285156,
      6.279656887054443,
      6.202037334442139,
      0.20386970043182373,
      0.21911948919296265
    ],
    [
      2.5166313648223877,
      0.5841588973999023,
      -0.2471461445093155,
      -0.8199386596679688,
      0.4747205078601837,
      0.441733717918396,
      5.632014751434326,
      5.313175678253174,
      4.230603218078613,
      3.9806580543518066,
      7.579885005950928,
      6.8306684494018555,
      7.235456466674805,
      6.279656887054443,
      3.369851589202881,
      3.1123268604278564,
      0.14429955184459686,
      0.15128172934055328
    ],
    [
      2.4675869941711426,
      0.5622320771217346,
      -0.2864343822002411,
      -0.9459293484687805,
      0.4458269476890564,
      0.44001683592796326,
      5.508606433868408,
      5.4013285636901855,
      4.221986770629883,
      3.759847402572632,
      7.382019519805908,
      6.646749496459961,
      7.062783718109131,
      6.202037334442139,
      3.1123268604278564,
      3.2606568336486816,
      0.14498940110206604,
      0.15107566118240356
    ],
    [
      0.07726313918828964,
      0.021340617910027504,
      0.007562555838376284,
      -0.03776879608631134,
      0.041912831366062164,
      0.044475603848695755,
      0.1607035994529724,
      0.15258032083511353,
      0.1355937421321869,
      0.13370651006698608,
      0.2238059639930725,
      0.2139156311750412,
      0.21954725682735443,
      0.20386970043182373,
      0.14429955184459686,
      0.14498940110206604,
      0.027593044564127922,
      0.028350261971354485
    ],
    [
      0.07884101569652557,
      0.021690936759114265,
      0.0019490529084578156,
      -0.04389104247093201,
      0.0361185148358345,
      0.038967207074165344,
      0.16516877710819244,
      0.15939843654632568,
      0.143569216132164,
      0.14185546338558197,
      0.2405737042427063,
      0.23329296708106995,
      0.23673920333385468,
      0.21911948919296265,
      0.15128172934055328,
      0.15107566118240356,
      0.028350261971354485,
      0.03010515309870243
    ]
  ],
  "damage": -14.928372383117676,
  "diff_bandwidth": 675.8424682617188,
  "dissonance": 5.2115716155553296,
  "drr": 3.6240720748901367,
  "dynamics": 3.457393169403076,
  "format": 1245190,
  "frames": 5382080,
  "loudness": -22.917774200439453,
  "loudness_range": 9.405500411987305,
  "loudness_range_short": 11.085927963256836,
  "lowpass_true_peak_15khz": -2.653061628341675,
  "mastering3_acoustic_entropies": [
    {
      "acoustic_entropy": 7.389605522155762,
      "acoustic_entropy_mono": 7.036843299865723,
      "band_eliminated_acoustic_entropies": [
        {
          "acoustic_entropy": 7.3896589279174805,
          "acoustic_entropy_side": 7.38960599899292,
          "hz": 129.47220167065723
        },
        {
          "acoustic_entropy": 7.395162105560303,
          "acoustic_entropy_side": 7.390251636505127,
          "hz": 202.92927478742237
        },
        {
          "acoustic_entropy": 7.211520195007324,
          "acoustic_entropy_side": 7.335116863250732,
          "hz": 282.89161906338205
        },
        {
          "acoustic_entropy": 7.432109355926514,
          "acoustic_entropy_side": 7.004208087921143,
          "hz": 369.9353335868758
        },
        {
          "acoustic_entropy": 7.646372318267822,
          "acoustic_entropy_side": 7.570839881896973,
          "hz": 464.6875360973435
        },
        {
          "acoustic_entropy": 8.058014869689941,
          "acoustic_entropy_side": 7.788410663604736,
          "hz": 567.8308811364784
        },
        {
          "acoustic_entropy": 7.366708755493164,
          "acoustic_entropy_side": 7.221334934234619,
          "hz": 680.1084783214808
        },
        {
          "acoustic_entropy": 6.835163593292236,
          "acoustic_entropy_side": 6.770376682281494,
          "hz": 802.3292461747484
        },
        {
          "acoustic_entropy": 7.649056434631348,
          "acoustic_entropy_side": 7.873640060424805,
          "hz": 935.3737400823702
        },
        {
          "acoustic_entropy": 6.5543293952941895,
          "acoustic_entropy_side": 7.669579029083252,
          "hz": 1080.2004963696966
        },
        {
          "acoustic_entropy": 7.44096040725708,
          "acoustic_entropy_side": 7.456681728363037,
          "hz": 1237.8529382007157
        },
        {
          "acoustic_entropy": 7.011817932128906,
          "acoustic_entropy_side": 7.267670154571533,
          "hz": 1409.4668930556702
        },
        {
          "acoustic_entropy": 7.261420249938965,
          "acoustic_entropy_side": 7.2933197021484375,
          "hz": 1596.2787759475705
        },
        {
          "acoustic_entropy": 7.228671550750732,
          "acoustic_entropy_side": 7.010152816772461,
          "hz": 1799.6344973346393
        },
        {
          "acoustic_entropy": 7.355493545532227,
          "acoustic_entropy_side": 7.428795337677002,
          "hz": 2020.9991599069049
        },
        {
          "acoustic_entropy": 7.422497272491455,
          "acoustic_entropy_side": 7.409915447235107,
          "hz": 2261.9676141086993
        },
        {
          "acoustic_entropy": 7.307877063751221,
          "acoustic_entropy_side": 7.36495304107666,
          "hz": 2524.2759484456974
        },
        {
          "acoustic_entropy": 7.3533101081848145,
          "acoustic_entropy_side": 7.375594139099121,
          "hz": 2809.813997359896
        },
        {
          "acoustic_entropy": 7.328754425048828,
          "acoustic_entropy_side": 7.38360595703125,
          "hz": 3120.6389567871424
        },
        {
          "acoustic_entropy": 7.195456027984619,
          "acoustic_entropy_side": 7.343834400177002,
          "hz": 3458.990205492291
        },
        {
          "acoustic_entropy": 7.371744632720947,
          "acoustic_entropy_side": 7.381433010101318,
          "hz": 3827.305438964164
        },
        {
          "acoustic_entropy": 7.388182640075684,
          "acoustic_entropy_side": 7.389283180236816,
          "hz": 4228.238232109126
        },
        {
          "acoustic_entropy": 7.3847880363464355,
          "acoustic_entropy_side": 7.387602806091309,
          "hz": 4664.6771572759235
        },
        {
          "acoustic_entropy": 7.386905193328857,
          "acoustic_entropy_side": 7.388436317443848,
          "hz": 5139.766595350093
        },
        {
          "acoustic_entropy": 7.388919830322266,
          "acoustic_entropy_side": 7.389423370361328,
          "hz": 5656.929389854203
        },
        {
          "acoustic_entropy": 7.389272689819336,
          "acoustic_entropy_side": 7.389509201049805,
          "hz": 6219.891507268283
        },
        {
          "acoustic_entropy": 7.389520645141602,
          "acoustic_entropy_side": 7.389559268951416,
          "hz": 6832.70888123896
        },
        {
          "acoustic_entropy": 7.389545917510986,
          "acoustic_entropy_side": 7.389576435089111,
          "hz": 7499.796634079867
        },
        {
          "acoustic_entropy": 7.389565467834473,
          "acoustic_entropy_side": 7.389596462249756,
          "hz": 8225.96088609342
        },
        {
          "acoustic_entropy": 7.389587879180908,
          "acoustic_entropy_side": 7.389598846435547,
          "hz": 9016.43338188839
        },
        {
          "acoustic_entropy": 7.389604568481445,
          "acoustic_entropy_side": 7.38960599899292,
          "hz": 9876.909183162974
        },
        {
          "acoustic_entropy": 7.3896050453186035,
          "acoustic_entropy_side": 7.389606952667236,
          "hz": 10813.587699516042
        },
        {
          "acoustic_entropy": 7.38960599899292,
          "acoustic_entropy_side": 7.389605522155762,
          "hz": 11833.21735289826
        },
        {
          "acoustic_entropy": 7.3896050453186035,
          "acoustic_entropy_side": 7.389605522155762,
          "hz": 12943.144197493959
        },
        {
          "acoustic_entropy": 7.389605522155762,
          "acoustic_entropy_side": 7.389605522155762,
          "hz": 14151.364845322005
        },
        {
          "acoustic_entropy": 7.389605522155762,
          "acoustic_entropy_side": 7.389605522155762,
          "hz": 15466.58407886509
        },
        {
          "acoustic_entropy": 7.389605522155762,
          "acoustic_entropy_side": 7.389605522155762,
          "hz": 16898.27756580493
        },
        {
          "acoustic_entropy": 7.389605522155762,
          "acoustic_entropy_side": 7.389605522155762,
          "hz": 18456.760127700032
        },
        {
          "acoustic_entropy": 7.389605522155762,
          "acoustic_entropy_side": 7.389605522155762,
          "hz": 20153.260054456492
        },
        {
          "acoustic_entropy": 7.389605522155762,
          "acoustic_entropy_side": 7.389605522155762,
          "hz": 22000.00000000001
        }
      ],
      "diff_acoustic_entropy": 5.053775310516357,
      "sn": 6
    },
    {
      "acoustic_entropy": 11.627053260803223,
      "acoustic_entropy_mono": 11.378364562988281,
      "band_eliminated_acoustic_entropies": [
        {
          "acoustic_entropy": 11.624795913696289,
          "acoustic_entropy_side": 11.627054214477539,
          "hz": 129.47220167065723
        },
        {
          "acoustic_entropy": 11.708169937133789,
          "acoustic_entropy_side": 11.644661903381348,
          "hz": 202.92927478742237
        },
        {
          "acoustic_entropy": 12.023902893066406,
          "acoustic_entropy_side": 11.851897239685059,
          "hz": 282.89161906338205
        },
        {
          "acoustic_entropy": 12.10236644744873,
          "acoustic_entropy_side": 11.722549438476562,
          "hz": 369.9353335868758
        },
        {
          "acoustic_entropy": 12.24031925201416,
          "acoustic_entropy_side": 12.4842529296875,
          "hz": 464.6875360973435
        },
        {
          "acoustic_entropy": 11.258171081542969,
          "acoustic_entropy_side": 11.422085762023926,
          "hz": 567.8308811364784
        },
        {
          "acoustic_entropy": 12.495244026184082,
          "acoustic_entropy_side": 12.133943557739258,
          "hz": 680.1084783214808
        },
        {
          "acoustic_entropy": 10.685037612915039,
          "acoustic_entropy_side": 10.873379707336426,
          "hz": 802.3292461747484
        },
        {
          "acoustic_entropy": 11.849517822265625,
          "acoustic_entropy_side": 11.539790153503418,
          "hz": 935.3737400823702
        },
        {
          "acoustic_entropy": 11.473411560058594,
          "acoustic_entropy_side": 11.622794151306152,
          "hz": 1080.2004963696966
        },
        {
          "acoustic_entropy": 10.634963989257812,
          "acoustic_entropy_side": 11.225662231445312,
          "hz": 1237.8529382007157
        },
        {
          "acoustic_entropy": 10.478553771972656,
          "acoustic_entropy_side": 11.789801597595215,
          "hz": 1409.4668930556702
        },
        {
          "acoustic_entropy": 11.50340461730957,
          "acoustic_entropy_side": 11.626011848449707,
          "hz": 1596.2787759475705
        },
        {
          "acoustic_entropy": 10.340513229370117,
          "acoustic_entropy_side": 11.198057174682617,
          "hz": 1799.6344973346393
        },
        {
          "acoustic_entropy": 11.256484985351562,
          "acoustic_entropy_side": 11.872459411621094,
          "hz": 2020.9991599069049
        },
        {
          "acoustic_entropy": 11.354832649230957,
          "acoustic_entropy_side": 11.522879600524902,
          "hz": 2261.9676141086993
        },
        {
          "acoustic_entropy": 10.65621280670166,
          "acoustic_entropy_side": 11.17099666595459,
          "hz": 2524.2759484456974
        },
        {
          "acoustic_entropy": 11.179591178894043,
          "acoustic_entropy_side": 11.547272682189941,
          "hz": 2809.813997359896
        },
        {
          "acoustic_entropy": 11.760644912719727,
          "acoustic_entropy_side": 11.572162628173828,
          "hz": 3120.6389567871424
        },
        {
          "acoustic_entropy": 11.603785514831543,
          "acoustic_entropy_side": 11.635433197021484,
          "hz": 3458.990205492291
        },
        {
          "acoustic_entropy": 11.538018226623535,
          "acoustic_entropy_side": 11.638772010803223,
          "hz": 3827.305438964164
        },
        {
          "acoustic_entropy": 11.592974662780762,
          "acoustic_entropy_side": 11.612218856811523,
          "hz": 4228.238232109126
        },
        {
          "acoustic_entropy": 11.624573707580566,
          "acoustic_entropy_side": 11.63286018371582,
          "hz": 4664.6771572759235
        },
        {
          "acoustic_entropy": 11.625337600708008,
          "acoustic_entropy_side": 11.63033390045166,
          "hz": 5139.766595350093
        },
        {
          "acoustic_entropy": 11.622159957885742,
          "acoustic_entropy_side": 11.625579833984375,
          "hz": 5656.929389854203
        },
        {
          "acoustic_entropy": 11.623747825622559,
          "acoustic_entropy_side": 11.62575626373291,
          "hz": 6219.891507268283
        },
        {
          "acoustic_entropy": 11.625042915344238,
          "acoustic_entropy_side": 11.626260757446289,
          "hz": 6832.70888123896
        },
        {
          "acoustic_entropy": 11.626148223876953,
          "acoustic_entropy_side": 11.626747131347656,
          "hz": 7499.796634079867
        },
        {
          "acoustic_entropy": 11.62597942352295,
          "acoustic_entropy_side": 11.626758575439453,
          "hz": 8225.96088609342
        },
        {
          "acoustic_entropy": 11.626774787902832,
          "acoustic_entropy_side": 11.62695598602295,
          "hz": 9016.43338188839
        },
        {
          "acoustic_entropy": 11.626968383789062,
          "acoustic_entropy_side": 11.6270112991333,
          "hz": 9876.909183162974
        },
        {
          "acoustic_entropy": 11.627019882202148,
          "acoustic_entropy_side": 11.627039909362793,
          "hz": 10813.587699516042
        },
        {
          "acoustic_entropy": 11.627050399780273,
          "acoustic_entropy_side": 11.627052307128906,
          "hz": 11833.21735289826
        },
        {
          "acoustic_entropy": 11.627053260803223,
          "acoustic_entropy_side": 11.627052307128906,
          "hz": 12943.144197493959
        },
        {
          "acoustic_entropy": 11.627052307128906,
          "acoustic_entropy_side": 11.627052307128906,
          "hz": 14151.364845322005
        },
        {
          "acoustic_entropy": 11.627053260803223,
          "acoustic_entropy_side": 11.627053260803223,
          "hz": 15466.58407886509
        },
        {
          "acoustic_entropy": 11.627053260803223,
          "acoustic_entropy_side": 11.627053260803223,
          "hz": 16898.27756580493
        },
        {
          "acoustic_entropy": 11.627053260803223,
          "acoustic_entropy_side": 11.627053260803223,
          "hz": 18456.760127700032
        },
        {
          "acoustic_entropy": 11.627053260803223,
          "acoustic_entropy_side": 11.627053260803223,
          "hz": 20153.260054456492
        },
        {
          "acoustic_entropy": 11.627053260803223,
          "acoustic_entropy_side": 11.627053260803223,
          "hz": 22000.00000000001
        }
      ],
      "diff_acoustic_entropy": 8.117389678955078,
      "sn": 12
    },
    {
      "acoustic_entropy": 18.745115280151367,
      "acoustic_entropy_mono": 16.392520904541016,
      "band_eliminated_acoustic_entropies": [
        {
          "acoustic_entropy": 18.737911224365234,
          "acoustic_entropy_side": 18.74598503112793,
          "hz": 129.47220167065723
        },
        {
          "acoustic_entropy": 18.782421112060547,
          "acoustic_entropy_side": 18.90140151977539,
          "hz": 202.92927478742237
        },
        {
          "acoustic_entropy": 17.09628677368164,
          "acoustic_entropy_side": 17.03777503967285,
          "hz": 282.89161906338205
        },
        {
          "acoustic_entropy": 17.517414093017578,
          "acoustic_entropy_side": 18.256521224975586,
          "hz": 369.9353335868758
        },
        {
          "acoustic_entropy": 18.798105239868164,
          "acoustic_entropy_side": 18.64641571044922,
          "hz": 464.6875360973435
        },
        {
          "acoustic_entropy": 18.34724998474121,
          "acoustic_entropy_side": 18.710296630859375,
          "hz": 567.8308811364784
        },
        {
          "acoustic_entropy": 17.994308471679688,
          "acoustic_entropy_side": 19.835500717163086,
          "hz": 680.1084783214808
        },
        {
          "acoustic_entropy": 16.864530563354492,
          "acoustic_entropy_side": 17.45924186706543,
          "hz": 802.3292461747484
        },
        {
          "acoustic_entropy": 17.566207885742188,
          "acoustic_entropy_side": 18.08212661743164,
          "hz": 935.3737400823702
        },
        {
          "acoustic_entropy": 17.48878288269043,
          "acoustic_entropy_side": 18.42959213256836,
          "hz": 1080.2004963696966
        },
        {
          "acoustic_entropy": 18.74724578857422,
          "acoustic_entropy_side": 18.5740966796875,
          "hz": 1237.8529382007157
        },
        {
          "acoustic_entropy": 18.23529815673828,
          "acoustic_entropy_side": 19.07635498046875,
          "hz": 1409.4668930556702
        },
        {
          "acoustic_entropy": 17.392301559448242,
          "acoustic_entropy_side": 17.301061630249023,
          "hz": 1596.2787759475705
        },
        {
          "acoustic_entropy": 18.257593154907227,
          "acoustic_entropy_side": 18.60744285583496,
          "hz": 1799.6344973346393
        },
        {
          "acoustic_entropy": 17.44572639465332,
          "acoustic_entropy_side": 18.066028594970703,
          "hz": 2020.9991599069049
        },
        {
          "acoustic_entropy": 18.960010528564453,
          "acoustic_entropy_side": 18.697086334228516,
          "hz": 2261.9676141086993
        },
        {
          "acoustic_entropy": 16.755226135253906,
          "acoustic_entropy_side": 18.110519409179688,
          "hz": 2524.2759484456974
        },
        {
          "acoustic_entropy": 18.14876365661621,
          "acoustic_entropy_side": 17.32489585876465,
