{
  "acoustic_entropy": 65.87662506103516,
  "bands": [
    {
      "high_freq": 148.1999969482422,
      "loudness": -51.45273208618164,
      "loudness_range": 29.37118148803711,
      "mid_mean": -51.417823791503906,
      "mid_to_side_loudness": -13.923070907592773,
      "mid_to_side_loudness_range": 13.290775299072266,
      "side_mean": -62.175086975097656
    },
    {
      "high_freq": 392.3793640136719,
      "loudness": -35.747596740722656,
      "loudness_range": 29.561628341674805,
      "low_freq": 148.1999969482422,
      "mid_mean": -32.87595748901367,
      "mid_to_side_loudness": -8.871612548828125,
      "mid_to_side_loudness_range": 18.88658905029297,
      "side_mean": -43.74325180053711
    },
    {
      "high_freq": 794.6976318359375,
      "loudness": -34.32440948486328,
      "loudness_range": 26.831018447875977,
      "low_freq": 392.3793640136719,
      "mid_mean": -31.590429306030273,
      "mid_to_side_loudness": -7.535251140594482,
      "mid_to_side_loudness_range": 11.338520050048828,
      "side_mean": -40.02767562866211
    },
    {
      "high_freq": 1457.5709228515625,
      "loudness": -42.07426071166992,
      "loudness_range": 26.35483741760254,
      "low_freq": 794.6976318359375,
      "mid_mean": -39.60084533691406,
      "mid_to_side_loudness": -6.143414497375488,
      "mid_to_side_loudness_range": 7.375345706939697,
      "side_mean": -50.18690490722656
    },
    {
      "high_freq": 2549.74365234375,
      "loudness": -49.10246658325195,
      "loudness_range": 28.904739379882812,
      "low_freq": 1457.5709228515625,
      "mid_mean": -50.6077995300293,
      "mid_to_side_loudness": -5.810788154602051,
      "mid_to_side_loudness_range": 8.702045440673828,
      "side_mean": -55.81480407714844
    },
    {
      "high_freq": 4349.24462890625,
      "loudness": -63.90070343017578,
      "loudness_range": 30.006855010986328,
      "low_freq": 2549.74365234375,
      "mid_mean": -62.65899658203125,
      "mid_to_side_loudness": -4.315598964691162,
      "mid_to_side_loudness_range": 7.437476634979248,
      "side_mean": -65.21449279785156
    },
    {
      "high_freq": 7314.1640625,
      "loudness": -80.38320922851562,
      "loudness_range": 14.478965759277344,
      "low_freq": 4349.24462890625,
      "mid_mean": -68.99353790283203,
      "mid_to_side_loudness": -1.6856567859649658,
      "mid_to_side_loudness_range": 5.0586676597595215,
      "side_mean": -69.46587371826172
    },
    {
      "high_freq": 12199.2666015625,
      "loudness": 0,
      "loudness_range": 0,
      "low_freq": 7314.1640625,
      "mid_mean": -69.64805603027344,
      "mid_to_side_loudness": -0.39543336629867554,
      "mid_to_side_loudness_range": 0.6690369248390198,
      "side_mean": -69.67818450927734
    },
    {
      "loudness": 0,
      "loudness_range": 0,
      "low_freq": 12199.2666015625,
      "mid_mean": -69.5270767211914,
      "mid_to_side_loudness": -0.22886760532855988,
      "mid_to_side_loudness_range": 0.44297510385513306,
      "side_mean": -69.55005645751953
    }
  ],
  "bands_short": [
    {
      "high_freq": 148.1999969482422,
      "loudness": -56.40751647949219,
      "loudness_range": 24.326255798339844,
      "mid_mean": -55.98523712158203,
      "mid_to_side_loudness": -16.244165420532227,
      "mid_to_side_loudness_range": 18.52605438232422,
      "side_mean": -66.48382568359375
    },
    {
      "high_freq": 392.3793640136719,
      "loudness": -36.7616081237793,
      "loudness_range": 28.31281852722168,
      "low_freq": 148.1999969482422,
      "mid_mean": -33.91464614868164,
      "mid_to_side_loudness": -8.616341590881348,
      "mid_to_side_loudness_range": 19.49249267578125,
      "side_mean": -45.75213623046875
    },
    {
      "high_freq": 794.6976318359375,
      "loudness": -34.010467529296875,
      "loudness_range": 28.077604293823242,
      "low_freq": 392.3793640136719,
      "mid_mean": -31.302532196044922,
      "mid_to_side_loudness": -7.865731716156006,
      "mid_to_side_loudness_range": 13.422981262207031,
      "side_mean": -40.60041046142578
    },
    {
      "high_freq": 1457.5709228515625,
      "loudness": -41.76668930053711,
      "loudness_range": 25.51310920715332,
      "low_freq": 794.6976318359375,
      "mid_mean": -39.856266021728516,
      "mid_to_side_loudness": -4.706227779388428,
      "mid_to_side_loudness_range": 9.234704971313477,
      "side_mean": -45.97789764404297
    },
    {
      "high_freq": 2549.74365234375,
      "loudness": -49.463768005371094,
      "loudness_range": 28.42635726928711,
      "low_freq": 1457.5709228515625,
      "mid_mean": -51.5740852355957,
      "mid_to_side_loudness": -5.526269912719727,
      "mid_to_side_loudness_range": 9.337371826171875,
      "side_mean": -56.491241455078125
    },
    {
      "high_freq": 4349.24462890625,
      "loudness": -64.2468490600586,
      "loudness_range": 28.94464874267578,
      "low_freq": 2549.74365234375,
      "mid_mean": -63.248348236083984,
      "mid_to_side_loudness": -3.611755609512329,
      "mid_to_side_loudness_range": 8.00576114654541,
      "side_mean": -65.24989318847656
    },
    {
      "high_freq": 7314.1640625,
      "loudness": -80.85050964355469,
      "loudness_range": 12.834129333496094,
      "low_freq": 4349.24462890625,
      "mid_mean": -69.148193359375,
      "mid_to_side_loudness": -1.4809179306030273,
      "mid_to_side_loudness_range": 5.203507900238037,
      "side_mean": -69.50881958007812
    },
    {
      "high_freq": 12199.2666015625,
      "loudness": 0,
      "loudness_range": 0,
      "low_freq": 7314.1640625,
      "mid_mean": -69.64787292480469,
      "mid_to_side_loudness": -0.3951158821582794,
      "mid_to_side_loudness_range": 1.6989643573760986,
      "side_mean": -69.67829132080078
    },
    {
      "loudness": 0,
      "loudness_range": 0,
      "low_freq": 12199.2666015625,
      "mid_mean": -69.52522277832031,
      "mid_to_side_loudness": -0.23167745769023895,
      "mid_to_side_loudness_range": 1.2987244129180908,
      "side_mean": -69.54835510253906
    }
  ],
  "bandwidth": 570.7261352539062,
  "channels": 2,
  "covariance": [
    [
      141.40701293945312,
      95.41527557373047,
      65.78545379638672,
      77.07477569580078,
      60.747596740722656,
      68.51226806640625,
      60.48645782470703,
      123.3267822265625,
      125.8257064819336,
      97.83361053466797,
      63.6407585144043,
      46.16697692871094,
      10.552149772644043,
      4.665015697479248,
      0.37113574147224426,
      0.19820831716060638,
      0.30027493834495544,
      0.24533335864543915
    ],
    [
      95.41527557373047,
      78.88719940185547,
      56.409793853759766,
      64.93011474609375,
      54.54194641113281,
      59.61644744873047,
      52.98025894165039,
      75.7322769165039,
      79.31014251708984,
      63.84869384765625,
      44.18596649169922,
      32.95301055908203,
      7.344670295715332,
      3.2164199352264404,
      0.17395764589309692,
      0.04991798475384712,
      0.07705846428871155,
      0.03990323096513748
    ],
    [
      65.78545379638672,
      56.409793853759766,
      104.61983489990234,
      107.17355346679688,
      80.8609848022461,
      86.26902770996094,
      89.51042175292969,
      84.63611602783203,
      93.35562133789062,
      83.83633422851562,
      70.68788146972656,
      52.9231071472168,
      11.25052261352539,
      4.850240707397461,
      0.04773464426398277,
      -0.10003311932086945,
      -0.20509138703346252,
      -0.22522225975990295
    ],
    [
      77.07477569580078,
      64.93011474609375,
      107.17355346679688,
      121.98407745361328,
      84.58963775634766,
      92.89673614501953,
      93.40419006347656,
      94.68157958984375,
      102.07056427001953,
      90.08341217041016,
      73.77674865722656,
      54.86064910888672,
      11.530763626098633,
      4.966404438018799,
      0.04054870456457138,
      -0.11139709502458572,
      -0.21048970520496368,
      -0.2355210930109024
    ],
    [
      60.747596740722656,
      54.54194641113281,
      80.8609848022461,
      84.58963775634766,
      93.6671142578125,
      85.3704605102539,
      77.1953353881836,
      77.89857482910156,
      85.83721923828125,
      77.73475646972656,
      66.43766784667969,
      53.64159393310547,
      12.63548469543457,
      5.422821521759033,
      0.06309594959020615,
      -0.08975449949502945,
      -0.2291015386581421,
      -0.2437400221824646
    ],
    [
      68.51226806640625,
      59.61644744873047,
      86.26902770996094,
      92.89673614501953,
      85.3704605102539,
      91.80726623535156,
      81.1293716430664,
      82.48324584960938,
      87.6498031616211,
      77.94839477539062,
      62.99541473388672,
      49.53297424316406,
      11.135483741760254,
      4.740148544311523,
      0.05337226390838623,
      -0.09036614000797272,
      -0.20472273230552673,
      -0.22517377138137817
    ],
    [
      60.48645782470703,
      52.98025894165039,
      89.51042175292969,
      93.40419006347656,
      77.1953353881836,
      81.1293716430664,
      84.93997955322266,
      80.18000793457031,
      86.81298065185547,
      78.16979217529297,
      65.16902923583984,
      49.92253875732422,
      11.606806755065918,
      5.036714553833008,
      0.06791514903306961,
      -0.08493835479021072,
      -0.19789202511310577,
      -0.21642956137657166
    ],
    [
      123.3267822265625,
      75.7322769165039,
      84.63611602783203,
      94.68157958984375,
      77.89857482910156,
      82.48324584960938,
      80.18000793457031,
      144.29229736328125,
      143.80760192871094,
      116.04328918457031,
      79.81204223632812,
      58.90291976928711,
      13.005373001098633,
      5.651487827301025,
      0.3964296877384186,
      0.20894356071949005,
      0.28477972745895386,
      0.23241516947746277
    ],
    [
      125.8257064819336,
      79.31014251708984,
      93.35562133789062,
      102.07056427001953,
      85.83721923828125,
      87.6498031616211,
      86.81298065185547,
      143.80760192871094,
      154.1036834716797,
      125.74143981933594,
      86.0324478149414,
      62.75231170654297,
      13.943501472473145,
      6.09178352355957,
      0.3935016989707947,
      0.20034030079841614,
      0.26116088032722473,
      0.21341915428638458
    ],
    [
      97.83361053466797,
      63.84869384765625,
      83.83633422851562,
      90.08341217041016,
      77.73475646972656,
      77.94839477539062,
      78.16979217529297,
      116.04328918457031,
      125.74143981933594,
      106.72378540039062,
      73.6139907836914,
      54.055084228515625,
      12.102938652038574,
      5.404707908630371,
      0.3035728633403778,
      0.13352654874324799,
      0.1608138084411621,
      0.12453438341617584
    ],
    [
      63.6407585144043,
      44.18596649169922,
      70.68788146972656,
      73.77674865722656,
      66.43766784667969,
      62.99541473388672,
      65.16902923583984,
      79.81204223632812,
      86.0324478149414,
      73.6139907836914,
      63.93342208862305,
      48.4544563293457,
      11.681197166442871,
      5.139935493469238,
      0.20231695473194122,
      0.052059356123209,
      0.013263744302093983,
      -0.012212834320962429
    ],
    [
      46.16697692871094,
      32.95301055908203,
      52.9231071472168,
      54.86064910888672,
      53.64159393310547,
      49.53297424316406,
      49.92253875732422,
      58.90291976928711,
      62.75231170654297,
      54.055084228515625,
      48.4544563293457,
      38.84337615966797,
      9.771486282348633,
      4.261290550231934,
      0.1495511531829834,
      0.02675699256360531,
      -0.023994605988264084,
      -0.04511554166674614
    ],
    [
      10.552149772644043,
      7.344670295715332,
      11.25052261352539,
      11.530763626098633,
      12.63548469543457,
      11.135483741760254,
      11.606806755065918,
      13.005373001098633,
      13.943501472473145,
      12.102938652038574,
      11.681197166442871,
      9.771486282348633,
      3.5883028507232666,
      1.619036078453064,
      0.04924887791275978,
      0.00735386461019516,
      -0.015391873195767403,
      -0.022068418562412262
    ],
    [
      4.665015697479248,
      3.2164199352264404,
      4.850240707397461,
      4.966404438018799,
      5.422821521759033,
      4.740148544311523,
      5.036714553833008,
      5.651487827301025,
      6.09178352355957,
      5.404707908630371,
      5.139935493469238,
      4.261290550231934,
      1.619036078453064,
      0.7786111831665039,
      0.024691522121429443,
      0.004615545738488436,
      -0.0049756309017539024,
      -0.008028446696698666
    ],
    [
      0.37113574147224426,
      0.17395764589309692,
      0.04773464426398277,
      0.04054870456457138,
      0.06309594959020615,
      0.05337226390838623,
      0.06791514903306961,
      0.3964296877384186,
      0.3935016989707947,
      0.3035728633403778,
      0.20231695473194122,
      0.1495511531829834,
      0.04924887791275978,
      0.024691522121429443,
      0.005441273562610149,
      0.0043214717879891396,
      0.006176070310175419,
      0.0057382285594940186
    ],
    [
      0.19820831716060638,
      0.04991798475384712,
      -0.10003311932086945,
      -0.11139709502458572,
      -0.08975449949502945,
      -0.09036614000797272,
      -0.08493835479021072,
      0.20894356071949005,
      0.20034030079841614,
      0.13352654874324799,
      0.052059356123209,
      0.02675699256360531,
      0.00735386461019516,
      0.004615545738488436,
      0.0043214717879891396,
      0.004075193777680397,
      0.00593941193073988,
      0.005660398863255978
    ],
    [
      0.30027493834495544,
      0.07705846428871155,
      -0.20509138703346252,
      -0.21048970520496368,
      -0.2291015386581421,
      -0.20472273230552673,
      -0.19789202511310577,
      0.28477972745895386,
      0.26116088032722473,
      0.1608138084411621,
      0.013263744302093983,
      -0.023994605988264084,
      -0.015391873195767403,
      -0.0049756309017539024,
      0.006176070310175419,
      0.00593941193073988,
      0.009465298615396023,
      0.00895516388118267
    ],
    [
      0.24533335864543915,
      0.03990323096513748,
      -0.22522225975990295,
      -0.2355210930109024,
      -0.2437400221824646,
      -0.22517377138137817,
      -0.21642956137657166,
      0.23241516947746277,
      0.21341915428638458,
      0.12453438341617584,
      -0.012212834320962429,
      -0.04511554166674614,
      -0.022068418562412262,
      -0.008028446696698666,
      0.0057382285594940186,
      0.005660398863255978,
      0.00895516388118267,
      0.008736351504921913
    ]
  ],
  "covariance_short": [
    [
      92.07625579833984,
      39.305335998535156,
      43.90132141113281,
      64.07784271240234,
      46.04428482055664,
      52.80674743652344,
      44.7680549621582,
      58.382301330566406,
      99.50346374511719,
      76.83677673339844,
      46.44367218017578,
      35.83549118041992,
      7.7762603759765625,
      3.725008249282837,
      0.3175394535064697,
      0.16032245755195618,
      0.23650655150413513,
      0.18726548552513123
    ],
    [
      39.305335998535156,
      27.795045852661133,
      29.14521026611328,
      37.06859588623047,
      30.508676528930664,
      33.63711166381836,
      28.153518676757812,
      29.983642578125,
      41.53363037109375,
      33.61343002319336,
      22.30711555480957,
      18.058612823486328,
      3.737928867340088,
      1.7560739517211914,
      0.09780869632959366,
      0.018616991117596626,
      0.02689361572265625,
      0.002478585345670581
    ],
    [
      43.90132141113281,
      29.14521026611328,
      102.88216400146484,
      107.482177734375,
      79.57089233398438,
      87.6161880493164,
      85.97420501708984,
      81.86306762695312,
      89.28961944580078,
      79.9851303100586,
      63.88045883178711,
      51.25353240966797,
      8.915104866027832,
      4.115358352661133,
      0.05830796808004379,
      -0.10090494155883789,
      -0.2049001008272171,
      -0.2225303202867508
    ],
    [
      64.07784271240234,
      37.06859588623047,
      107.482177734375,
      141.03065490722656,
      89.19660949707031,
      103.56341552734375,
      96.24081420898438,
      102.12979888916016,
      113.78431701660156,
      98.14299011230469,
      73.2785415649414,
      57.84930419921875,
      9.834178924560547,
      4.533778667449951,
      0.05396289378404617,
      -0.11605462431907654,
      -0.21356597542762756,
      -0.24301078915596008
    ],
    [
      46.04428482055664,
      30.508676528930664,
      79.57089233398438,
      89.19660949707031,
      101.96295928955078,
      94.58345794677734,
      81.79721069335938,
      79.58322143554688,
      88.96929168701172,
      80.01077270507812,
      67.8774642944336,
      59.06576919555664,
      11.801671028137207,
      5.5136919021606445,
      0.08802662789821625,
      -0.09825216233730316,
      -0.25546133518218994,
      -0.2716803550720215
    ],
    [
      52.80674743652344,
      33.63711166381836,
      87.6161880493164,
      103.56341552734375,
      94.58345794677734,
      104.14883422851562,
      86.57335662841797,
      86.8375244140625,
      93.8812255859375,
      83.22027587890625,
      65.89818572998047,
      55.49110412597656,
      10.595227241516113,
      4.861913681030273,
      0.07440545409917831,
      -0.10042982548475266,
      -0.22749455273151398,
      -0.2514759302139282
    ],
    [
      44.7680549621582,
      28.153518676757812,
      85.97420501708984,
      96.24081420898438,
      81.79721069335938,
      86.57335662841797,
      88.26156616210938,
      80.64925384521484,
      87.74378967285156,
      78.34677124023438,
      62.937129974365234,
      52.06657409667969,
      10.4038724899292,
      4.925155162811279,
      0.09040997177362442,
      -0.08896120637655258,
      -0.2117159366607666,
      -0.2306106686592102
    ],
    [
      58.382301330566406,
      29.983642578125,
      81.86306762695312,
      102.12979888916016,
      79.58322143554688,
      86.8375244140625,
      80.64925384521484,
      102.76361083984375,
      98.83068084716797,
      84.52261352539062,
      62.56778335571289,
      52.10744094848633,
      10.059717178344727,
      4.707829475402832,
      0.08843714743852615,
      -0.08600744605064392,
      -0.20249585807323456,
      -0.23399627208709717
    ],
    [
      99.50346374511719,
      41.53363037109375,
      89.28961944580078,
      113.78431701660156,
      88.96929168701172,
      93.8812255859375,
      87.74378967285156,
      98.83068084716797,
      158.2492218017578,
      127.61377716064453,
      83.07049560546875,
      65.04466247558594,
      12.253591537475586,
      5.814430236816406,
      0.41023609042167664,
      0.18944790959358215,
      0.24235202372074127,
      0.19236110150814056
    ],
    [
      76.83677673339844,
      33.61343002319336,
      79.9851303100586,
      98.14299011230469,
      80.01077270507812,
      83.22027587890625,
      78.34677124023438,
      84.52261352539062,
      127.61377716064453,
      107.44219207763672,
      70.51811218261719,
      56.412235260009766,
      10.629523277282715,
      5.160610675811768,
      0.3186591863632202,
      0.1261662393808365,
      0.14638303220272064,
      0.10804276168346405
    ],
    [
      46.44367218017578,
      22.30711555480957,
      63.88045883178711,
      73.2785415649414,
      67.8774642944336,
      65.89818572998047,
      62.937129974365234,
      62.56778335571289,
      83.07049560546875,
      70.51811218261719,
      59.17436218261719,
      47.94420623779297,
      10.100188255310059,
      4.923479080200195,
      0.22022472321987152,
      0.04705389589071274,
      -0.00234158500097692,
      -0.02585010416805744
    ],
    [
      35.83549118041992,
      18.058612823486328,
      51.25353240966797,
      57.84930419921875,
      59.06576919555664,
      55.49110412597656,
      52.06657409667969,
      52.10744094848633,
      65.04466247558594,
      56.412235260009766,
      47.94420623779297,
      41.901634216308594,
      8.907913208007812,
      4.451733589172363,
      0.17898139357566833,
      0.0240977481007576,
      -0.03415440022945404,
      -0.05359063670039177
    ],
    [
      7.7762603759765625,
      3.737928867340088,
      8.915104866027832,
      9.834178924560547,
      11.801671028137207,
      10.595227241516113,
      10.4038724899292,
      10.059717178344727,
      12.253591537475586,
      10.629523277282715,
      10.100188255310059,
      8.907913208007812,
      3.3281755447387695,
      1.6585444211959839,
      0.06260262429714203,
      0.008847960270941257,
      -0.01850629597902298,
      -0.02525467798113823
    ],
    [
      3.725008249282837,
      1.7560739517211914,
      4.115358352661133,
      4.533778667449951,
      5.5136919021606445,
      4.861913681030273,
      4.925155162811279,
      4.707829475402832,
      5.814430236816406,
      5.160610675811768,
      4.923479080200195,
      4.451733589172363,
      1.6585444211959839,
      0.9265917539596558,
      0.03407283127307892,
      0.005857300478965044,
      -0.0075540305115282536,
      -0.010448075830936432
    ],
    [
      0.3175394535064697,
      0.09780869632959366,
      0.05830796808004379,
      0.05396289378404617,
      0.08802662789821625,
      0.07440545409917831,
      0.09040997177362442,
      0.08843714743852615,
      0.41023609042167664,
      0.3186591863632202,
      0.22022472321987152,
      0.17898139357566833,
      0.06260262429714203,
      0.03407283127307892,
      0.007330917753279209,
      0.004540272988379002,
      0.006090538576245308,
      0.0055747139267623425
    ],
    [
      0.16032245755195618,
      0.018616991117596626,
      -0.10090494155883789,
      -0.11605462431907654,
      -0.09825216233730316,
      -0.10042982548475266,
      -0.08896120637655258,
      -0.08600744605064392,
      0.18944790959358215,
      0.1261662393808365,
      0.04705389589071274,
      0.0240977481007576,
      0.008847960270941257,
      0.005857300478965044,
      0.004540272988379002,
      0.004898198880255222,
      0.005963724572211504,
      0.005661581642925739
    ],
    [
      0.23650655150413513,
      0.02689361572265625,
      -0.2049001008272171,
      -0.21356597542762756,
      -0.25546133518218994,
      -0.22749455273151398,
      -0.2117159366607666,
      -0.20249585807323456,
      0.24235202372074127,
      0.14638303220272064,
      -0.00234158500097692,
      -0.03415440022945404,
      -0.01850629597902298,
      -0.0075540305115282536,
      0.006090538576245308,
      0.005963724572211504,
      0.010748126544058323,
      0.009309087879955769
    ],
    [
      0.18726548552513123,
      0.002478585345670581,
      -0.2225303202867508,
      -0.24301078915596008,
      -0.2716803550720215,
      -0.2514759302139282,
      -0.2306106686592102,
      -0.23399627208709717,
      0.19236110150814056,
      0.10804276168346405,
      -0.02585010416805744,
      -0.05359063670039177,
      -0.02525467798113823,
      -0.010448075830936432,
      0.0055747139267623425,
      0.005661581642925739,
      0.009309087879955769,
      0.009961195290088654
    ]
  ],
  "damage": -11.761549949645996,
  "diff_bandwidth": 584.146240234375,
  "dissonance": 3.2397119984595664,
  "drr": -4.337141513824463,
  "dynamics": 8.449700355529785,
  "format": 1245190,
  "frames": 2451456,
  "loudness": -25.757646560668945,
  "loudness_range": 26.261924743652344,
  "loudness_range_short": 26.61041259765625,
  "lowpass_true_peak_15khz": -2.6448659896850586,
  "mastering3_acoustic_entropies": [
    {
      "acoustic_entropy": 4.6954450607299805,
      "acoustic_entropy_mono": 4.691836833953857,
      "band_eliminated_acoustic_entropies": [
        {
          "acoustic_entropy": 4.690688133239746,
          "acoustic_entropy_side": 4.695436000823975,
          "hz": 129.47220167065723
        },
        {
          "acoustic_entropy": 4.5528082847595215,
          "acoustic_entropy_side": 4.692101001739502,
          "hz": 202.92927478742237
        },
        {
          "acoustic_entropy": 5.027298927307129,
          "acoustic_entropy_side": 4.712090015411377,
          "hz": 282.89161906338205
        },
        {
          "acoustic_entropy": 5.081313610076904,
          "acoustic_entropy_side": 4.755193710327148,
          "hz": 369.9353335868758
        },
        {
          "acoustic_entropy": 4.745973587036133,
          "acoustic_entropy_side": 4.554001808166504,
          "hz": 464.6875360973435
        },
        {
          "acoustic_entropy": 4.962971210479736,
          "acoustic_entropy_side": 4.83348274230957,
          "hz": 567.8308811364784
        },
        {
          "acoustic_entropy": 4.271127700805664,
          "acoustic_entropy_side": 4.591910362243652,
          "hz": 680.1084783214808
        },
        {
          "acoustic_entropy": 4.746307849884033,
          "acoustic_entropy_side": 4.58132266998291,
          "hz": 802.3292461747484
        },
        {
          "acoustic_entropy": 4.75189733505249,
          "acoustic_entropy_side": 4.80526876449585,
          "hz": 935.3737400823702
        },
        {
          "acoustic_entropy": 4.792256832122803,
          "acoustic_entropy_side": 4.817834854125977,
          "hz": 1080.2004963696966
        },
        {
          "acoustic_entropy": 4.648914813995361,
          "acoustic_entropy_side": 4.644980430603027,
          "hz": 1237.8529382007157
        },
        {
          "acoustic_entropy": 4.578019142150879,
          "acoustic_entropy_side": 4.716121196746826,
          "hz": 1409.4668930556702
        },
        {
          "acoustic_entropy": 4.593189716339111,
          "acoustic_entropy_side": 4.7253499031066895,
          "hz": 1596.2787759475705
        },
        {
          "acoustic_entropy": 4.438011646270752,
          "acoustic_entropy_side": 4.6369547843933105,
          "hz": 1799.6344973346393
        },
        {
          "acoustic_entropy": 4.57980489730835,
          "acoustic_entropy_side": 4.6727824211120605,
          "hz": 2020.9991599069049
        },
        {
          "acoustic_entropy": 4.597949981689453,
          "acoustic_entropy_side": 4.67246150970459,
          "hz": 2261.9676141086993
        },
        {
          "acoustic_entropy": 4.636495590209961,
          "acoustic_entropy_side": 4.678098201751709,
          "hz": 2524.2759484456974
        },
        {
          "acoustic_entropy": 4.676543235778809,
          "acoustic_entropy_side": 4.68937873840332,
          "hz": 2809.813997359896
        },
        {
          "acoustic_entropy": 4.701315879821777,
          "acoustic_entropy_side": 4.695796489715576,
          "hz": 3120.6389567871424
        },
        {
          "acoustic_entropy": 4.695468902587891,
          "acoustic_entropy_side": 4.695524215698242,
          "hz": 3458.990205492291
        },
        {
          "acoustic_entropy": 4.695401668548584,
          "acoustic_entropy_side": 4.6955246925354,
          "hz": 3827.305438964164
        },
        {
          "acoustic_entropy": 4.695462703704834,
          "acoustic_entropy_side": 4.695467948913574,
          "hz": 4228.238232109126
        },
        {
          "acoustic_entropy": 4.695493221282959,
          "acoustic_entropy_side": 4.695446491241455,
          "hz": 4664.6771572759235
        },
        {
          "acoustic_entropy": 4.6954498291015625,
          "acoustic_entropy_side": 4.6954450607299805,
          "hz": 5139.766595350093
        },
        {
          "acoustic_entropy": 4.695446968078613,
          "acoustic_entropy_side": 4.6954450607299805,
          "hz": 5656.929389854203
        },
        {
          "acoustic_entropy": 4.695446014404297,
          "acoustic_entropy_side": 4.6954450607299805,
          "hz": 6219.891507268283
        },
        {
          "acoustic_entropy": 4.6954450607299805,
          "acoustic_entropy_side": 4.6954450607299805,
          "hz": 6832.70888123896
        },
        {
          "acoustic_entropy": 4.6954450607299805,
          "acoustic_entropy_side": 4.6954450607299805,
          "hz": 7499.796634079867
        },
        {
          "acoustic_entropy": 4.6954450607299805,
          "acoustic_entropy_side": 4.6954450607299805,
          "hz": 8225.96088609342
        },
        {
          "acoustic_entropy": 4.6954450607299805,
          "acoustic_entropy_side": 4.6954450607299805,
          "hz": 9016.43338188839
        },
        {
          "acoustic_entropy": 4.6954450607299805,
          "acoustic_entropy_side": 4.6954450607299805,
          "hz": 9876.909183162974
        },
        {
          "acoustic_entropy": 4.6954450607299805,
          "acoustic_entropy_side": 4.6954450607299805,
          "hz": 10813.587699516042
        },
        {
          "acoustic_entropy": 4.6954450607299805,
          "acoustic_entropy_side": 4.6954450607299805,
          "hz": 11833.21735289826
        },
        {
          "acoustic_entropy": 4.6954450607299805,
          "acoustic_entropy_side": 4.6954450607299805,
          "hz": 12943.144197493959
        },
        {
          "acoustic_entropy": 4.6954450607299805,
          "acoustic_entropy_side": 4.6954450607299805,
          "hz": 14151.364845322005
        },
        {
          "acoustic_entropy": 4.6954450607299805,
          "acoustic_entropy_side": 4.6954450607299805,
          "hz": 15466.58407886509
        },
        {
          "acoustic_entropy": 4.6954450607299805,
          "acoustic_entropy_side": 4.6954450607299805,
          "hz": 16898.27756580493
        },
        {
          "acoustic_entropy": 4.6954450607299805,
          "acoustic_entropy_side": 4.6954450607299805,
          "hz": 18456.760127700032
        },
        {
          "acoustic_entropy": 4.6954450607299805,
          "acoustic_entropy_side": 4.6954450607299805,
          "hz": 20153.260054456492
        },
        {
          "acoustic_entropy": 4.6954450607299805,
          "acoustic_entropy_side": 4.6954450607299805,
          "hz": 22000.00000000001
        }
      ],
      "diff_acoustic_entropy": 2.6113250255584717,
      "sn": 6
    },
    {
      "acoustic_entropy": 6.617406368255615,
      "acoustic_entropy_mono": 6.763115406036377,
      "band_eliminated_acoustic_entropies": [
        {
          "acoustic_entropy": 6.611753463745117,
          "acoustic_entropy_side": 6.617441654205322,
          "hz": 129.47220167065723
        },
        {
          "acoustic_entropy": 6.5385518074035645,
          "acoustic_entropy_side": 6.622859001159668,
          "hz": 202.92927478742237
        },
        {
          "acoustic_entropy": 7.314932346343994,
          "acoustic_entropy_side": 6.586937427520752,
          "hz": 282.89161906338205
        },
        {
          "acoustic_entropy": 7.334227561950684,
          "acoustic_entropy_side": 6.564754009246826,
          "hz": 369.9353335868758
        },
        {
          "acoustic_entropy": 7.096508026123047,
          "acoustic_entropy_side": 6.878539085388184,
          "hz": 464.6875360973435
        },
        {
          "acoustic_entropy": 7.0862650871276855,
          "acoustic_entropy_side": 6.668603897094727,
          "hz": 567.8308811364784
        },
        {
          "acoustic_entropy": 6.789610862731934,
          "acoustic_entropy_side": 6.845342636108398,
          "hz": 680.1084783214808
        },
        {
          "acoustic_entropy": 6.325239658355713,
          "acoustic_entropy_side": 6.593671798706055,
          "hz": 802.3292461747484
        },
        {
          "acoustic_entropy": 6.480091094970703,
          "acoustic_entropy_side": 6.545197010040283,
          "hz": 935.3737400823702
        },
        {
          "acoustic_entropy": 6.047882080078125,
          "acoustic_entropy_side": 6.428732395172119,
          "hz": 1080.2004963696966
        },
        {
          "acoustic_entropy": 6.771110534667969,
          "acoustic_entropy_side": 6.682599067687988,
          "hz": 1237.8529382007157
        },
        {
          "acoustic_entropy": 6.749229907989502,
          "acoustic_entropy_side": 6.572810649871826,
          "hz": 1409.4668930556702
        },
        {
          "acoustic_entropy": 6.285578727722168,
          "acoustic_entropy_side": 6.443401336669922,
          "hz": 1596.2787759475705
        },
        {
          "acoustic_entropy": 6.697512149810791,
          "acoustic_entropy_side": 6.672567844390869,
          "hz": 1799.6344973346393
        },
        {
          "acoustic_entropy": 6.858794689178467,
          "acoustic_entropy_side": 6.631776332855225,
          "hz": 2020.9991599069049
        },
        {
          "acoustic_entropy": 6.725841045379639,
          "acoustic_entropy_side": 6.670098304748535,
          "hz": 2261.9676141086993
        },
        {
          "acoustic_entropy": 6.703156471252441,
          "acoustic_entropy_side": 6.666930675506592,
          "hz": 2524.2759484456974
        },
        {
          "acoustic_entropy": 6.638779163360596,
          "acoustic_entropy_side": 6.634624481201172,
          "hz": 2809.813997359896
        },
        {
          "acoustic_entropy": 6.5669636726379395,
          "acoustic_entropy_side": 6.614410400390625,
          "hz": 3120.6389567871424
        },
        {
          "acoustic_entropy": 6.612890720367432,
          "acoustic_entropy_side": 6.617579460144043,
          "hz": 3458.990205492291
        },
        {
          "acoustic_entropy": 6.616026878356934,
          "acoustic_entropy_side": 6.616703987121582,
          "hz": 3827.305438964164
        },
        {
          "acoustic_entropy": 6.617190837860107,
          "acoustic_entropy_side": 6.617237567901611,
          "hz": 4228.238232109126
        },
        {
          "acoustic_entropy": 6.617951393127441,
          "acoustic_entropy_side": 6.617408752441406,
          "hz": 4664.6771572759235
        },
        {
          "acoustic_entropy": 6.6174468994140625,
          "acoustic_entropy_side": 6.617406845092773,
          "hz": 5139.766595350093
        },
        {
          "acoustic_entropy": 6.617408275604248,
          "acoustic_entropy_side": 6.617405891418457,
          "hz": 5656.929389854203
        },
        {
          "acoustic_entropy": 6.617405891418457,
          "acoustic_entropy_side": 6.617406368255615,
          "hz": 6219.891507268283
        },
        {
          "acoustic_entropy": 6.617406368255615,
          "acoustic_entropy_side": 6.617406368255615,
          "hz": 6832.70888123896
        },
        {
          "acoustic_entropy": 6.617406368255615,
          "acoustic_entropy_side": 6.617406368255615,
          "hz": 7499.796634079867
        },
        {
          "acoustic_entropy": 6.617406368255615,
          "acoustic_entropy_side": 6.617406368255615,
          "hz": 8225.96088609342
        },
        {
          "acoustic_entropy": 6.617406368255615,
          "acoustic_entropy_side": 6.617406368255615,
          "hz": 9016.43338188839
        },
        {
          "acoustic_entropy": 6.617406368255615,
          "acoustic_entropy_side": 6.617406368255615,
          "hz": 9876.909183162974
        },
        {
          "acoustic_entropy": 6.617406368255615,
          "acoustic_entropy_side": 6.617406368255615,
          "hz": 10813.587699516042
        },
        {
          "acoustic_entropy": 6.617406368255615,
          "acoustic_entropy_side": 6.617406368255615,
          "hz": 11833.21735289826
        },
        {
          "acoustic_entropy": 6.617406368255615,
          "acoustic_entropy_side": 6.617406368255615,
          "hz": 12943.144197493959
        },
        {
          "acoustic_entropy": 6.617406368255615,
          "acoustic_entropy_side": 6.617406368255615,
          "hz": 14151.364845322005
        },
        {
          "acoustic_entropy": 6.617406368255615,
          "acoustic_entropy_side": 6.617406368255615,
          "hz": 15466.58407886509
        },
        {
          "acoustic_entropy": 6.617406368255615,
          "acoustic_entropy_side": 6.617406368255615,
          "hz": 16898.27756580493
        },
        {
          "acoustic_entropy": 6.617406368255615,
          "acoustic_entropy_side": 6.617406368255615,
          "hz": 18456.760127700032
        },
        {
          "acoustic_entropy": 6.617406368255615,
          "acoustic_entropy_side": 6.617406368255615,
          "hz": 20153.260054456492
        },
        {
          "acoustic_entropy": 6.617406368255615,
          "acoustic_entropy_side": 6.617406368255615,
          "hz": 22000.00000000001
        }
      ],
      "diff_acoustic_entropy": 3.165463447570801,
      "sn": 12
    },
    {
      "acoustic_entropy": 10.938130378723145,
      "acoustic_entropy_mono": 10.3013277053833,
      "band_eliminated_acoustic_entropies": [
        {
          "acoustic_entropy": 10.965987205505371,
          "acoustic_entropy_side": 10.939650535583496,
          "hz": 129.47220167065723
        },
        {
          "acoustic_entropy": 10.709807395935059,
          "acoustic_entropy_side": 10.85450267791748,
          "hz": 202.92927478742237
        },
        {
          "acoustic_entropy": 10.830113410949707,
          "acoustic_entropy_side": 11.085180282592773,
          "hz": 282.89161906338205
        },
        {
          "acoustic_entropy": 10.65800952911377,
          "acoustic_entropy_side": 11.037574768066406,
          "hz": 369.9353335868758
        },
        {
          "acoustic_entropy": 9.842815399169922,
          "acoustic_entropy_side": 10.542896270751953,
          "hz": 464.6875360973435
        },
        {
          "acoustic_entropy": 10.522932052612305,
          "acoustic_entropy_side": 10.95648193359375,
          "hz": 567.8308811364784
        },
        {
          "acoustic_entropy": 10.227241516113281,
          "acoustic_entropy_side": 11.00283145904541,
          "hz": 680.1084783214808
        },
        {
          "acoustic_entropy": 10.97244644165039,
          "acoustic_entropy_side": 10.775757789611816,
          "hz": 802.3292461747484
        },
        {
          "acoustic_entropy": 10.67652416229248,
          "acoustic_entropy_side": 11.169710159301758,
          "hz": 935.3737400823702
        },
        {
          "acoustic_entropy": 11.156289100646973,
          "acoustic_entropy_side": 11.256857872009277,
          "hz": 1080.2004963696966
        },
        {
          "acoustic_entropy": 11.299946784973145,
          "acoustic_entropy_side": 10.770061492919922,
          "hz": 1237.8529382007157
        },
        {
          "acoustic_entropy": 11.259403228759766,
          "acoustic_entropy_side": 11.091422080993652,
          "hz": 1409.4668930556702
        },
        {
          "acoustic_entropy": 10.680068016052246,
          "acoustic_entropy_side": 10.774131774902344,
          "hz": 1596.2787759475705
        },
        {
          "acoustic_entropy": 10.259427070617676,
          "acoustic_entropy_side": 10.678479194641113,
          "hz": 1799.6344973346393
        },
        {
          "acoustic_entropy": 11.013936996459961,
          "acoustic_entropy_side": 11.097283363342285,
          "hz": 2020.9991599069049
        },
        {
          "acoustic_entropy": 10.721260070800781,
          "acoustic_entropy_side": 10.683300971984863,
          "hz": 2261.9676141086993
        },
        {
          "acoustic_entropy": 10.963022232055664,
          "acoustic_entropy_side": 10.977666854858398,
          "hz": 2524.2759484456974
        },
        {
