{
  "acoustic_entropy": 230.2650909423828,
  "bands": [
    {
      "high_freq": 148.1999969482422,
      "loudness": -28.486366271972656,
      "loudness_range": 15.429637908935547,
      "mid_mean": -25.6227970123291,
      "mid_to_side_loudness": -15.517971992492676,
      "mid_to_side_loudness_range": 27.637022018432617,
      "side_mean": -41.8693733215332
    },
    {
      "high_freq": 392.3793640136719,
      "loudness": -24.157785415649414,
      "loudness_range": 11.443597793579102,
      "low_freq": 148.1999969482422,
      "mid_mean": -21.531354904174805,
      "mid_to_side_loudness": -7.911126136779785,
      "mid_to_side_loudness_range": 15.407098770141602,
      "side_mean": -29.704425811767578
    },
    {
      "high_freq": 794.6976318359375,
      "loudness": -24.738506317138672,
      "loudness_range": 14.799509048461914,
      "low_freq": 392.3793640136719,
      "mid_mean": -22.018726348876953,
      "mid_to_side_loudness": -7.379884243011475,
      "mid_to_side_loudness_range": 11.59637451171875,
      "side_mean": -29.790451049804688
    },
    {
      "high_freq": 1457.5709228515625,
      "loudness": -27.856374740600586,
      "loudness_range": 15.327136993408203,
      "low_freq": 794.6976318359375,
      "mid_mean": -25.463092803955078,
      "mid_to_side_loudness": -5.68044900894165,
      "mid_to_side_loudness_range": 11.1489839553833,
      "side_mean": -31.36193084716797
    },
    {
      "high_freq": 2549.74365234375,
      "loudness": -30.175771713256836,
      "loudness_range": 13.961158752441406,
      "low_freq": 1457.5709228515625,
      "mid_mean": -28.272186279296875,
      "mid_to_side_loudness": -3.775486469268799,
      "mid_to_side_loudness_range": 10.5338716506958,
      "side_mean": -32.290592193603516
    },
    {
      "high_freq": 4349.24462890625,
      "loudness": -28.932052612304688,
      "loudness_range": 15.743736267089844,
      "low_freq": 2549.74365234375,
      "mid_mean": -26.705703735351562,
      "mid_to_side_loudness": -5.091472148895264,
      "mid_to_side_loudness_range": 11.842041015625,
      "side_mean": -32.165164947509766
    },
    {
      "high_freq": 7314.1640625,
      "loudness": -37.656917572021484,
      "loudness_range": 16.55583953857422,
      "low_freq": 4349.24462890625,
      "mid_mean": -35.492950439453125,
      "mid_to_side_loudness": -4.733494758605957,
      "mid_to_side_loudness_range": 11.221863746643066,
      "side_mean": -40.66742706298828
    },
    {
      "high_freq": 12199.2666015625,
      "loudness": -40.08323669433594,
      "loudness_range": 17.839841842651367,
      "low_freq": 7314.1640625,
      "mid_mean": -37.66230392456055,
      "mid_to_side_loudness": -6.091500759124756,
      "mid_to_side_loudness_range": 12.832635879516602,
      "side_mean": -44.35219192504883
    },
    {
      "loudness": -43.312923431396484,
      "loudness_range": 22.49372100830078,
      "low_freq": 12199.2666015625,
      "mid_mean": -40.41416931152344,
      "mid_to_side_loudness": -8.810968399047852,
      "mid_to_side_loudness_range": 14.294025421142578,
      "side_mean": -50.3710823059082
    }
  ],
  "bands_short": [
    {
      "high_freq": 148.1999969482422,
      "loudness": -34.21215057373047,
      "loudness_range": 26.108417510986328,
      "mid_mean": -31.15381622314453,
      "mid_to_side_loudness": -15.181110382080078,
      "mid_to_side_loudness_range": 28.78236961364746,
      "side_mean": -47.322349548339844
    },
    {
      "high_freq": 392.3793640136719,
      "loudness": -24.13079071044922,
      "loudness_range": 11.712747573852539,
      "low_freq": 148.1999969482422,
      "mid_mean": -21.549028396606445,
      "mid_to_side_loudness": -8.286177635192871,
      "mid_to_side_loudness_range": 17.82958221435547,
      "side_mean": -30.113210678100586
    },
    {
      "high_freq": 794.6976318359375,
      "loudness": -25.44001007080078,
      "loudness_range": 15.99614143371582,
      "low_freq": 392.3793640136719,
      "mid_mean": -22.951313018798828,
      "mid_to_side_loudness": -7.142416477203369,
      "mid_to_side_loudness_range": 14.678817749023438,
      "side_mean": -30.31709861755371
    },
    {
      "high_freq": 1457.5709228515625,
      "loudness": -28.02304458618164,
      "loudness_range": 17.219497680664062,
      "low_freq": 794.6976318359375,
      "mid_mean": -25.86541175842285,
      "mid_to_side_loudness": -5.219123363494873,
      "mid_to_side_loudness_range": 12.822035789489746,
      "side_mean": -31.344074249267578
    },
    {
      "high_freq": 2549.74365234375,
      "loudness": -30.770856857299805,
      "loudness_range": 16.172985076904297,
      "low_freq": 1457.5709228515625,
      "mid_mean": -29.108755111694336,
      "mid_to_side_loudness": -3.4308788776397705,
      "mid_to_side_loudness_range": 12.362987518310547,
      "side_mean": -32.75983428955078
    },
    {
      "high_freq": 4349.24462890625,
      "loudness": -29.658021926879883,
      "loudness_range": 17.639789581298828,
      "low_freq": 2549.74365234375,
      "mid_mean": -27.65839195251465,
      "mid_to_side_loudness": -4.503405570983887,
      "mid_to_side_loudness_range": 13.228116035461426,
      "side_mean": -32.506935119628906
    },
    {
      "high_freq": 7314.1640625,
      "loudness": -38.91257095336914,
      "loudness_range": 19.40254783630371,
      "low_freq": 4349.24462890625,
      "mid_mean": -37.06331253051758,
      "mid_to_side_loudness": -3.883746862411499,
      "mid_to_side_loudness_range": 11.813279151916504,
      "side_mean": -41.3702278137207
    },
    {
      "high_freq": 12199.2666015625,
      "loudness": -42.02132797241211,
      "loudness_range": 22.290117263793945,
      "low_freq": 7314.1640625,
      "mid_mean": -39.9556770324707,
      "mid_to_side_loudness": -4.8378448486328125,
      "mid_to_side_loudness_range": 12.905976295471191,
      "side_mean": -45.51136016845703
    },
    {
      "loudness": -49.5889892578125,
      "loudness_range": 26.07950782775879,
      "low_freq": 12199.2666015625,
      "mid_mean": -47.39847183227539,
      "mid_to_side_loudness": -5.0530781745910645,
      "mid_to_side_loudness_range": 11.666770935058594,
      "side_mean": -53.060176849365234
    }
  ],
  "bandwidth": 656.8333129882812,
  "channels": 2,
  "covariance": [
    [
      52.55018997192383,
      11.154406547546387,
      12.190118789672852,
      4.455426216125488,
      11.24019718170166,
      10.72480297088623,
      17.206167221069336,
      12.944798469543457,
      15.231416702270508,
      9.536291122436523,
      17.08572006225586,
      9.647764205932617,
      16.716541290283203,
      9.187854766845703,
      18.076398849487305,
      10.497918128967285,
      22.516483306884766,
      13.310975074768066
    ],
    [
      11.154406547546387,
      53.706146240234375,
      5.41826868057251,
      16.143404006958008,
      12.308502197265625,
      15.495017051696777,
      14.77315902709961,
      14.981204986572266,
      11.968353271484375,
      15.727489471435547,
      7.5046281814575195,
      15.77857494354248,
      9.9965181350708,
      17.038909912109375,
      6.43208646774292,
      15.386640548706055,
      8.718770027160645,
      12.628890991210938
    ],
    [
      12.190118789672852,
      5.41826868057251,
      25.81640625,
      11.034993171691895,
      14.215651512145996,
      8.634369850158691,
      13.416412353515625,
      8.60787582397461,
      13.336474418640137,
      8.41689395904541,
      18.7333984375,
      10.650681495666504,
      19.631366729736328,
      11.595726013183594,
      20.60405158996582,
      12.42834758758545,
      22.380142211914062,
      13.819085121154785
    ],
    [
      4.455426216125488,
      16.143404006958008,
      11.034993171691895,
      25.207002639770508,
      13.850711822509766,
      15.996627807617188,
      14.781322479248047,
      14.813249588012695,
      13.814859390258789,
      17.612943649291992,
      12.211562156677246,
      17.12807846069336,
      14.293828964233398,
      17.063732147216797,
      12.004011154174805,
      14.990878105163574,
      12.751510620117188,
      11.705718040466309
    ],
    [
      11.24019718170166,
      12.308502197265625,
      14.215651512145996,
      13.850711822509766,
      32.36283874511719,
      18.072946548461914,
      25.928674697875977,
      16.268482208251953,
      21.481172561645508,
      15.447637557983398,
      26.56174659729004,
      18.53273582458496,
      19.91757583618164,
      16.141231536865234,
      19.206680297851562,
      15.529115676879883,
      17.383182525634766,
      11.686683654785156
    ],
    [
      10.72480297088623,
      15.495017051696777,
      8.634369850158691,
      15.996627807617188,
      18.072946548461914,
      25.30754280090332,
      18.764062881469727,
      19.514301300048828,
      16.506439208984375,
      19.822608947753906,
      14.937423706054688,
      19.42706298828125,
      13.79035472869873,
      16.109785079956055,
      11.195603370666504,
      13.306584358215332,
      11.66240406036377,
      10.402759552001953
    ],
    [
      17.206167221069336,
      14.77315902709961,
      13.416412353515625,
      14.781322479248047,
      25.928674697875977,
      18.764062881469727,
      37.0416145324707,
      25.040437698364258,
      22.74770164489746,
      19.56609535217285,
      28.155296325683594,
      22.92369842529297,
      23.83765411376953,
      21.019062042236328,
      21.68380355834961,
      19.28595542907715,
      20.4905948638916,
      14.83029842376709
    ],
    [
      12.944798469543457,
      14.981204986572266,
      8.60787582397461,
      14.813249588012695,
      16.268482208251953,
      19.514301300048828,
      25.040437698364258,
      31.30388832092285,
      18.154874801635742,
      22.935258865356445,
      16.433731079101562,
      22.710927963256836,
      17.58005142211914,
      22.866655349731445,
      13.042632102966309,
      18.675504684448242,
      14.918156623840332,
      13.64424991607666
    ],
    [
      15.231416702270508,
      11.968353271484375,
      13.336474418640137,
      13.814859390258789,
      21.481172561645508,
      16.506439208984375,
      22.74770164489746,
      18.154874801635742,
      32.55327224731445,
      22.20555877685547,
      27.400178909301758,
      21.385730743408203,
      22.509077072143555,
      20.017559051513672,
      20.660606384277344,
      18.457443237304688,
      19.641719818115234,
      15.358194351196289
    ],
    [
      9.536291122436523,
      15.727489471435547,
      8.41689395904541,
      17.612943649291992,
      15.447637557983398,
      19.822608947753906,
      19.56609535217285,
      22.935258865356445,
      22.20555877685547,
      29.3895320892334,
      15.781841278076172,
      24.299570083618164,
      18.678916931152344,
      25.219207763671875,
      13.226743698120117,
      20.32838249206543,
      15.439570426940918,
      15.3515043258667
    ],
    [
      17.08572006225586,
      7.5046281814575195,
      18.7333984375,
      12.211562156677246,
      26.56174659729004,
      14.937423706054688,
      28.155296325683594,
      16.433731079101562,
      27.400178909301758,
      15.781841278076172,
      38.677734375,
      21.897905349731445,
      29.048620223999023,
      19.142976760864258,
      30.133182525634766,
      19.975631713867188,
      23.4532527923584,
      14.380487442016602
    ],
    [
      9.647764205932617,
      15.77857494354248,
      10.650681495666504,
      17.12807846069336,
      18.53273582458496,
      19.42706298828125,
      22.92369842529297,
      22.710927963256836,
      21.385730743408203,
      24.299570083618164,
      21.897905349731445,
      26.892009735107422,
      21.388446807861328,
      24.86402702331543,
      18.302640914916992,
      21.455524444580078,
      17.006746292114258,
      14.741580963134766
    ],
    [
      16.716541290283203,
      9.9965181350708,
      19.631366729736328,
      14.293828964233398,
      19.91757583618164,
      13.79035472869873,
      23.83765411376953,
      17.58005142211914,
      22.509077072143555,
      18.678916931152344,
      29.048620223999023,
      21.388446807861328,
      39.505027770996094,
      29.11529541015625,
      37.16743087768555,
      28.740102767944336,
      35.15095901489258,
      23.85417366027832
    ],
    [
      9.187854766845703,
      17.038909912109375,
      11.595726013183594,
      17.063732147216797,
      16.141231536865234,
      16.109785079956055,
      21.019062042236328,
      22.866655349731445,
      20.017559051513672,
      25.219207763671875,
      19.142976760864258,
      24.86402702331543,
      29.11529541015625,
      40.15181350708008,
      24.181001663208008,
      34.76445007324219,
      24.59271240234375,
      23.715229034423828
    ],
    [
      18.076398849487305,
      6.43208646774292,
      20.60405158996582,
      12.004011154174805,
      19.206680297851562,
      11.195603370666504,
      21.68380355834961,
      13.042632102966309,
      20.660606384277344,
      13.226743698120117,
      30.133182525634766,
      18.302640914916992,
      37.16743087768555,
      24.181001663208008,
      44.901885986328125,
      28.556509017944336,
      40.140960693359375,
      24.52159881591797
    ],
    [
      10.497918128967285,
      15.386640548706055,
      12.42834758758545,
      14.990878105163574,
      15.529115676879883,
      13.306584358215332,
      19.28595542907715,
      18.675504684448242,
      18.457443237304688,
      20.32838249206543,
      19.975631713867188,
      21.455524444580078,
      28.740102767944336,
      34.76445007324219,
      28.556509017944336,
      41.04253005981445,
      26.917095184326172,
      28.015480041503906
    ],
    [
      22.516483306884766,
      8.718770027160645,
      22.380142211914062,
      12.751510620117188,
      17.383182525634766,
      11.66240406036377,
      20.4905948638916,
      14.918156623840332,
      19.641719818115234,
      15.439570426940918,
      23.4532527923584,
      17.006746292114258,
      35.15095901489258,
      24.59271240234375,
      40.140960693359375,
      26.917095184326172,
      66.55905151367188,
      38.094970703125
    ],
    [
      13.310975074768066,
      12.628890991210938,
      13.819085121154785,
      11.705718040466309,
      11.686683654785156,
      10.402759552001953,
      14.83029842376709,
      13.64424991607666,
      15.358194351196289,
      15.3515043258667,
      14.380487442016602,
      14.741580963134766,
      23.85417366027832,
      23.715229034423828,
      24.52159881591797,
      28.015480041503906,
      38.094970703125,
      46.97663497924805
    ]
  ],
  "covariance_short": [
    [
      98.6845703125,
      30.647165298461914,
      16.71660804748535,
      4.381624698638916,
      9.750150680541992,
      10.865565299987793,
      16.687788009643555,
      13.677900314331055,
      15.246499061584473,
      9.878087043762207,
      18.17844581604004,
      10.364758491516113,
      18.254541397094727,
      8.826363563537598,
      21.398231506347656,
      13.019603729248047,
      25.51934051513672,
      14.51246166229248
    ],
    [
      30.647165298461914,
      55.7346076965332,
      10.649190902709961,
      16.699539184570312,
      14.285554885864258,
      12.849785804748535,
      15.538938522338867,
      15.581722259521484,
      14.54863452911377,
      14.992573738098145,
      12.816709518432617,
      15.556265830993652,
      16.778440475463867,
      18.85018539428711,
      14.113097190856934,
      19.248794555664062,
      21.629154205322266,
      17.44540023803711
    ],
    [
      16.71660804748535,
      10.649190902709961,
      28.89190101623535,
      9.876365661621094,
      15.369093894958496,
      8.40384292602539,
      13.441652297973633,
      9.484898567199707,
      14.03920841217041,
      8.213027000427246,
      19.19601058959961,
      11.188185691833496,
      19.859600067138672,
      12.411304473876953,
      21.239635467529297,
      13.589659690856934,
      20.511140823364258,
      12.731249809265137
    ],
    [
      4.381624698638916,
      16.699539184570312,
      9.876365661621094,
      30.17909049987793,
      15.537567138671875,
      15.943732261657715,
      14.542654037475586,
      14.923039436340332,
      14.699396133422852,
      17.61639404296875,
      13.207199096679688,
      17.662860870361328,
      16.260013580322266,
      18.487380981445312,
      12.13774299621582,
      15.95875358581543,
      12.601507186889648,
      11.315618515014648
    ],
    [
      9.750150680541992,
      14.285554885864258,
      15.369093894958496,
      15.537567138671875,
      40.949649810791016,
      19.538827896118164,
      29.704689025878906,
      17.779062271118164,
      25.149316787719727,
      17.4115047454834,
      31.10096549987793,
      20.67452049255371,
      25.438234329223633,
      19.263273239135742,
      24.673803329467773,
      18.382577896118164,
      18.984516143798828,
      12.554827690124512
    ],
    [
      10.865565299987793,
      12.849785804748535,
      8.40384292602539,
      15.943732261657715,
      19.538827896118164,
      27.965608596801758,
      19.062837600708008,
      19.485271453857422,
      16.655061721801758,
      19.008153915405273,
      15.581348419189453,
      18.829513549804688,
      15.321796417236328,
      16.397737503051758,
      10.957013130187988,
      13.510199546813965,
      10.28278923034668,
      9.134188652038574
    ],
    [
      16.687788009643555,
      15.538938522338867,
      13.441652297973633,
      14.542654037475586,
      29.704689025878906,
      19.062837600708008,
      43.73270797729492,
      26.348533630371094,
      27.207807540893555,
      22.100479125976562,
      32.04293441772461,
      24.219633102416992,
      27.78958511352539,
      23.512731552124023,
      24.72466468811035,
      21.45987319946289,
      21.16339111328125,
      15.576481819152832
    ],
    [
      13.677900314331055,
      15.581722259521484,
      9.484898567199707,
      14.923039436340332,
      17.779062271118164,
      19.485271453857422,
      26.348533630371094,
      35.0545539855957,
      20.33233642578125,
      23.969566345214844,
      18.283477783203125,
      23.587554931640625,
      20.299001693725586,
      24.536834716796875,
      14.299057960510254,
      20.62061882019043,
      15.158377647399902,
      14.691102027893066
    ],
    [
      15.246499061584473,
      14.54863452911377,
      14.03920841217041,
      14.699396133422852,
      25.149316787719727,
      16.655061721801758,
      27.207807540893555,
      20.33233642578125,
      40.73918914794922,
      25.244924545288086,
      33.00167465209961,
      23.93454360961914,
      28.154693603515625,
      24.034639358520508,
      26.226415634155273,
      22.780221939086914,
      22.995948791503906,
      17.570241928100586
    ],
    [
      9.878087043762207,
      14.992573738098145,
      8.213027000427246,
      17.61639404296875,
      17.4115047454834,
      19.008153915405273,
      22.100479125976562,
      23.969566345214844,
      25.244924545288086,
      33.277774810791016,
      18.62675666809082,
      24.772817611694336,
      22.281803131103516,
      27.380441665649414,
      15.350627899169922,
      22.943565368652344,
      15.99950885772705,
      16.8292179107666
    ],
    [
      18.17844581604004,
      12.816709518432617,
      19.19601058959961,
      13.207199096679688,
      31.10096549987793,
      15.581348419189453,
      32.04293441772461,
      18.283477783203125,
      33.00167465209961,
      18.62675666809082,
      47.05779266357422,
      25.350980758666992,
      35.98210906982422,
      23.298973083496094,
      37.84290313720703,
      24.47250747680664,
      27.83790397644043,
      16.43419075012207
    ],
    [
      10.364758491516113,
      15.556265830993652,
      11.188185691833496,
      17.662860870361328,
      20.67452049255371,
      18.829513549804688,
      24.219633102416992,
      23.587554931640625,
      23.93454360961914,
      24.772817611694336,
      25.350980758666992,
      30.165090560913086,
      26.100168228149414,
      27.636127471923828,
      21.636287689208984,
      24.552066802978516,
      18.877931594848633,
      16.52882957458496
    ],
    [
      18.254541397094727,
      16.778440475463867,
      19.859600067138672,
      16.260013580322266,
      25.438234329223633,
      15.321796417236328,
      27.78958511352539,
      20.299001693725586,
      28.154693603515625,
      22.281803131103516,
      35.98210906982422,
      26.100168228149414,
      52.58869552612305,
      37.595794677734375,
      49.908748626708984,
      37.875511169433594,
      45.211238861083984,
      30.257930755615234
    ],
    [
      8.826363563537598,
      18.85018539428711,
      12.411304473876953,
      18.487380981445312,
      19.263273239135742,
      16.397737503051758,
      23.512731552124023,
      24.536834716796875,
      24.034639358520508,
      27.380441665649414,
      23.298973083496094,
      27.636127471923828,
      37.595794677734375,
      48.48835754394531,
      31.295583724975586,
      42.46833038330078,
      29.78607177734375,
      29.873737335205078
    ],
    [
      21.398231506347656,
      14.113097190856934,
      21.239635467529297,
      12.13774299621582,
      24.673803329467773,
      10.957013130187988,
      24.72466468811035,
      14.299057960510254,
      26.226415634155273,
      15.350627899169922,
      37.84290313720703,
      21.636287689208984,
      49.908748626708984,
      31.295583724975586,
      63.078758239746094,
      39.67868423461914,
      54.758033752441406,
      32.76464080810547
    ],
    [
      13.019603729248047,
      19.248794555664062,
      13.589659690856934,
      15.95875358581543,
      18.382577896118164,
      13.510199546813965,
      21.45987319946289,
      20.62061882019043,
      22.780221939086914,
      22.943565368652344,
      24.47250747680664,
      24.552066802978516,
      37.875511169433594,
      42.46833038330078,
      39.67868423461914,
      51.98262405395508,
      39.49319076538086,
      36.951210021972656
    ],
    [
      25.51934051513672,
      21.629154205322266,
      20.511140823364258,
      12.601507186889648,
      18.984516143798828,
      10.28278923034668,
      21.16339111328125,
      15.158377647399902,
      22.995948791503906,
      15.99950885772705,
      27.83790397644043,
      18.877931594848633,
      45.211238861083984,
      29.78607177734375,
      54.758033752441406,
      39.49319076538086,
      81.99786376953125,
      49.33447265625
    ],
    [
      14.51246166229248,
      17.44540023803711,
      12.731249809265137,
      11.315618515014648,
      12.554827690124512,
      9.134188652038574,
      15.576481819152832,
      14.691102027893066,
      17.570241928100586,
      16.8292179107666,
      16.43419075012207,
      16.52882957458496,
      30.257930755615234,
      29.873737335205078,
      32.76464080810547,
      36.951210021972656,
      49.33447265625,
      50.43159484863281
    ]
  ],
  "damage": -7.269211769104004,
  "diff_bandwidth": 667.2548217773438,
  "dissonance": 8.054371625007308,
  "drr": 14.649431228637695,
  "dynamics": 3.60734486579895,
  "format": 1245190,
  "frames": 9755584,
  "loudness": -14.363842964172363,
  "loudness_range": 10.215568542480469,
  "loudness_range_short": 12.152777671813965,
  "lowpass_true_peak_15khz": 0.23303355276584625,
  "mastering3_acoustic_entropies": [
    {
      "acoustic_entropy": 5.56048059463501,
      "acoustic_entropy_mono": 6.187100887298584,
      "band_eliminated_acoustic_entropies": [
        {
          "acoustic_entropy": 5.6126580238342285,
          "acoustic_entropy_side": 5.560215473175049,
          "hz": 129.47220167065723
        },
        {
          "acoustic_entropy": 5.278796672821045,
          "acoustic_entropy_side": 5.567355632781982,
          "hz": 202.92927478742237
        },
        {
          "acoustic_entropy": 5.756805419921875,
          "acoustic_entropy_side": 5.627107620239258,
          "hz": 282.89161906338205
        },
        {
          "acoustic_entropy": 5.582385540008545,
          "acoustic_entropy_side": 5.526137828826904,
          "hz": 369.9353335868758
        },
        {
          "acoustic_entropy": 5.645671367645264,
          "acoustic_entropy_side": 5.560588836669922,
          "hz": 464.6875360973435
        },
        {
          "acoustic_entropy": 5.570196628570557,
          "acoustic_entropy_side": 5.678680896759033,
          "hz": 567.8308811364784
        },
        {
          "acoustic_entropy": 5.78359317779541,
          "acoustic_entropy_side": 5.708495140075684,
          "hz": 680.1084783214808
        },
        {
          "acoustic_entropy": 5.216707229614258,
          "acoustic_entropy_side": 5.5877580642700195,
          "hz": 802.3292461747484
        },
        {
          "acoustic_entropy": 6.256278991699219,
          "acoustic_entropy_side": 5.676328659057617,
          "hz": 935.3737400823702
        },
        {
          "acoustic_entropy": 6.055257320404053,
          "acoustic_entropy_side": 5.968839168548584,
          "hz": 1080.2004963696966
        },
        {
          "acoustic_entropy": 6.195868968963623,
          "acoustic_entropy_side": 5.790985584259033,
          "hz": 1237.8529382007157
        },
        {
          "acoustic_entropy": 5.748249530792236,
          "acoustic_entropy_side": 5.6063690185546875,
          "hz": 1409.4668930556702
        },
        {
          "acoustic_entropy": 5.566158771514893,
          "acoustic_entropy_side": 5.662434101104736,
          "hz": 1596.2787759475705
        },
        {
          "acoustic_entropy": 6.157309532165527,
          "acoustic_entropy_side": 5.591444492340088,
          "hz": 1799.6344973346393
        },
        {
          "acoustic_entropy": 5.675073623657227,
          "acoustic_entropy_side": 5.686628818511963,
          "hz": 2020.9991599069049
        },
        {
          "acoustic_entropy": 5.858814716339111,
          "acoustic_entropy_side": 5.540682792663574,
          "hz": 2261.9676141086993
        },
        {
          "acoustic_entropy": 5.862279415130615,
          "acoustic_entropy_side": 5.5716657638549805,
          "hz": 2524.2759484456974
        },
        {
          "acoustic_entropy": 5.866999626159668,
          "acoustic_entropy_side": 5.614238739013672,
          "hz": 2809.813997359896
        },
        {
          "acoustic_entropy": 5.612812042236328,
          "acoustic_entropy_side": 5.703894138336182,
          "hz": 3120.6389567871424
        },
        {
          "acoustic_entropy": 5.6868438720703125,
          "acoustic_entropy_side": 5.604169845581055,
          "hz": 3458.990205492291
        },
        {
          "acoustic_entropy": 5.853302001953125,
          "acoustic_entropy_side": 5.597342491149902,
          "hz": 3827.305438964164
        },
        {
          "acoustic_entropy": 5.894553184509277,
          "acoustic_entropy_side": 5.5880446434021,
          "hz": 4228.238232109126
        },
        {
          "acoustic_entropy": 5.884169101715088,
          "acoustic_entropy_side": 5.545431137084961,
          "hz": 4664.6771572759235
        },
        {
          "acoustic_entropy": 5.534063339233398,
          "acoustic_entropy_side": 5.594484329223633,
          "hz": 5139.766595350093
        },
        {
          "acoustic_entropy": 5.470911502838135,
          "acoustic_entropy_side": 5.552538871765137,
          "hz": 5656.929389854203
        },
        {
          "acoustic_entropy": 5.52703857421875,
          "acoustic_entropy_side": 5.565301895141602,
          "hz": 6219.891507268283
        },
        {
          "acoustic_entropy": 5.614098072052002,
          "acoustic_entropy_side": 5.565486907958984,
          "hz": 6832.70888123896
        },
        {
          "acoustic_entropy": 5.6025214195251465,
          "acoustic_entropy_side": 5.5582404136657715,
          "hz": 7499.796634079867
        },
        {
          "acoustic_entropy": 5.577847003936768,
          "acoustic_entropy_side": 5.557751655578613,
          "hz": 8225.96088609342
        },
        {
          "acoustic_entropy": 5.647051811218262,
          "acoustic_entropy_side": 5.561343669891357,
          "hz": 9016.43338188839
        },
        {
          "acoustic_entropy": 5.703728199005127,
          "acoustic_entropy_side": 5.557201385498047,
          "hz": 9876.909183162974
        },
        {
          "acoustic_entropy": 5.72244930267334,
          "acoustic_entropy_side": 5.558494567871094,
          "hz": 10813.587699516042
        },
        {
          "acoustic_entropy": 5.5998454093933105,
          "acoustic_entropy_side": 5.552818298339844,
          "hz": 11833.21735289826
        },
        {
          "acoustic_entropy": 5.556989669799805,
          "acoustic_entropy_side": 5.553548812866211,
          "hz": 12943.144197493959
        },
        {
          "acoustic_entropy": 5.380062103271484,
          "acoustic_entropy_side": 5.555487155914307,
          "hz": 14151.364845322005
        },
        {
          "acoustic_entropy": 5.317649841308594,
          "acoustic_entropy_side": 5.557270050048828,
          "hz": 15466.58407886509
        },
        {
          "acoustic_entropy": 5.34344482421875,
          "acoustic_entropy_side": 5.558573246002197,
          "hz": 16898.27756580493
        },
        {
          "acoustic_entropy": 5.376983165740967,
          "acoustic_entropy_side": 5.559102535247803,
          "hz": 18456.760127700032
        },
        {
          "acoustic_entropy": 5.47041654586792,
          "acoustic_entropy_side": 5.559692859649658,
          "hz": 20153.260054456492
        },
        {
          "acoustic_entropy": 5.545968055725098,
          "acoustic_entropy_side": 5.560356616973877,
          "hz": 22000.00000000001
        }
      ],
      "diff_acoustic_entropy": 4.138595104217529,
      "sn": 6
    },
    {
      "acoustic_entropy": 10.925688743591309,
      "acoustic_entropy_mono": 10.687679290771484,
      "band_eliminated_acoustic_entropies": [
        {
          "acoustic_entropy": 10.831315040588379,
          "acoustic_entropy_side": 10.927666664123535,
          "hz": 129.47220167065723
        },
        {
          "acoustic_entropy": 11.100054740905762,
          "acoustic_entropy_side": 10.967697143554688,
          "hz": 202.92927478742237
        },
        {
          "acoustic_entropy": 10.885674476623535,
          "acoustic_entropy_side": 10.714271545410156,
          "hz": 282.89161906338205
        },
        {
          "acoustic_entropy": 11.370598793029785,
          "acoustic_entropy_side": 10.901113510131836,
          "hz": 369.9353335868758
        },
        {
          "acoustic_entropy": 10.843382835388184,
          "acoustic_entropy_side": 10.945712089538574,
          "hz": 464.6875360973435
        },
        {
          "acoustic_entropy": 11.091950416564941,
          "acoustic_entropy_side": 11.108922958374023,
          "hz": 567.8308811364784
        },
        {
          "acoustic_entropy": 10.975688934326172,
          "acoustic_entropy_side": 11.103385925292969,
          "hz": 680.1084783214808
        },
        {
          "acoustic_entropy": 10.653106689453125,
          "acoustic_entropy_side": 10.594762802124023,
          "hz": 802.3292461747484
        },
        {
          "acoustic_entropy": 11.248459815979004,
          "acoustic_entropy_side": 11.184107780456543,
          "hz": 935.3737400823702
        },
        {
          "acoustic_entropy": 11.530674934387207,
          "acoustic_entropy_side": 10.986361503601074,
          "hz": 1080.2004963696966
        },
        {
          "acoustic_entropy": 11.730203628540039,
          "acoustic_entropy_side": 11.488965034484863,
          "hz": 1237.8529382007157
        },
        {
          "acoustic_entropy": 10.984004020690918,
          "acoustic_entropy_side": 10.983099937438965,
          "hz": 1409.4668930556702
        },
        {
          "acoustic_entropy": 10.30907917022705,
          "acoustic_entropy_side": 10.58033561706543,
          "hz": 1596.2787759475705
        },
        {
          "acoustic_entropy": 11.307220458984375,
          "acoustic_entropy_side": 11.211587905883789,
          "hz": 1799.6344973346393
        },
        {
          "acoustic_entropy": 10.360845565795898,
          "acoustic_entropy_side": 10.797111511230469,
          "hz": 2020.9991599069049
        },
        {
          "acoustic_entropy": 11.126133918762207,
          "acoustic_entropy_side": 11.005634307861328,
          "hz": 2261.9676141086993
        },
        {
          "acoustic_entropy": 10.782512664794922,
          "acoustic_entropy_side": 10.85997200012207,
          "hz": 2524.2759484456974
        },
        {
          "acoustic_entropy": 11.031991958618164,
          "acoustic_entropy_side": 11.067127227783203,
          "hz": 2809.813997359896
        },
        {
          "acoustic_entropy": 10.795187950134277,
          "acoustic_entropy_side": 10.921659469604492,
          "hz": 3120.6389567871424
        },
        {
          "acoustic_entropy": 10.794508934020996,
          "acoustic_entropy_side": 10.84212589263916,
          "hz": 3458.990205492291
        },
        {
          "acoustic_entropy": 10.97075366973877,
          "acoustic_entropy_side": 10.940357208251953,
          "hz": 3827.305438964164
        },
        {
          "acoustic_entropy": 10.618319511413574,
          "acoustic_entropy_side": 10.972704887390137,
          "hz": 4228.238232109126
        },
        {
          "acoustic_entropy": 10.869824409484863,
          "acoustic_entropy_side": 10.872465133666992,
          "hz": 4664.6771572759235
        },
        {
          "acoustic_entropy": 11.043954849243164,
          "acoustic_entropy_side": 10.971173286437988,
          "hz": 5139.766595350093
        },
        {
          "acoustic_entropy": 10.890852928161621,
          "acoustic_entropy_side": 10.919893264770508,
          "hz": 5656.929389854203
        },
        {
          "acoustic_entropy": 10.901466369628906,
          "acoustic_entropy_side": 10.959362983703613,
          "hz": 6219.891507268283
        },
        {
          "acoustic_entropy": 10.790738105773926,
          "acoustic_entropy_side": 10.885217666625977,
          "hz": 6832.70888123896
        },
        {
          "acoustic_entropy": 10.88675594329834,
          "acoustic_entropy_side": 10.9165620803833,
          "hz": 7499.796634079867
        },
        {
          "acoustic_entropy": 10.855352401733398,
          "acoustic_entropy_side": 10.91650390625,
          "hz": 8225.96088609342
        },
        {
          "acoustic_entropy": 10.842341423034668,
          "acoustic_entropy_side": 10.980096817016602,
          "hz": 9016.43338188839
        },
        {
          "acoustic_entropy": 10.82900333404541,
          "acoustic_entropy_side": 10.93465805053711,
          "hz": 9876.909183162974
        },
        {
          "acoustic_entropy": 10.803057670593262,
          "acoustic_entropy_side": 10.904415130615234,
          "hz": 10813.587699516042
        },
        {
          "acoustic_entropy": 10.843022346496582,
          "acoustic_entropy_side": 10.917339324951172,
          "hz": 11833.21735289826
        },
        {
          "acoustic_entropy": 10.70046615600586,
          "acoustic_entropy_side": 10.914680480957031,
          "hz": 12943.144197493959
        },
        {
          "acoustic_entropy": 10.482124328613281,
          "acoustic_entropy_side": 10.922510147094727,
          "hz": 14151.364845322005
        },
        {
          "acoustic_entropy": 10.394847869873047,
          "acoustic_entropy_side": 10.923358917236328,
          "hz": 15466.58407886509
        },
        {
          "acoustic_entropy": 10.346007347106934,
          "acoustic_entropy_side": 10.922842025756836,
          "hz": 16898.27756580493
        },
        {
          "acoustic_entropy": 10.26791000366211,
          "acoustic_entropy_side": 10.920127868652344,
          "hz": 18456.760127700032
        },
        {
          "acoustic_entropy": 10.572989463806152,
          "acoustic_entropy_side": 10.923190116882324,
          "hz": 20153.260054456492
        },
        {
          "acoustic_entropy": 10.856626510620117,
          "acoustic_entropy_side": 10.926084518432617,
          "hz": 22000.00000000001
        }
      ],
      "diff_acoustic_entropy": 8.406750679016113,
      "sn": 12
    },
    {
      "acoustic_entropy": 19.206607818603516,
      "acoustic_entropy_mono": 17.026878356933594,
      "band_eliminated_acoustic_entropies": [
        {
          "acoustic_entropy": 18.25638771057129,
          "acoustic_entropy_side": 19.19233512878418,
          "hz": 129.47220167065723
        },
        {
          "acoustic_entropy": 19.578807830810547,
          "acoustic_entropy_side": 18.86511993408203,
          "hz": 202.92927478742237
        },
        {
          "acoustic_entropy": 19.618968963623047,
          "acoustic_entropy_side": 19.556907653808594,
          "hz": 282.89161906338205
        },
        {
          "acoustic_entropy": 19.721920013427734,
          "acoustic_entropy_side": 19.19178009033203,
          "hz": 369.9353335868758
        },
        {
          "acoustic_entropy": 19.17995262145996,
          "acoustic_entropy_side": 19.47184181213379,
          "hz": 464.6875360973435
        },
        {
          "acoustic_entropy": 19.421192169189453,
          "acoustic_entropy_side": 19.314571380615234,
          "hz": 567.8308811364784
        },
        {
          "acoustic_entropy": 19.168275833129883,
          "acoustic_entropy_side": 19.17136001586914,
          "hz": 680.1084783214808
        },
        {
          "acoustic_entropy": 19.959087371826172,
          "acoustic_entropy_side": 20.228294372558594,
          "hz": 802.3292461747484
        },
        {
          "acoustic_entropy": 18.721572875976562,
          "acoustic_entropy_side": 18.526872634887695,
          "hz": 935.3737400823702
        },
        {
          "acoustic_entropy": 19.860258102416992,
          "acoustic_entropy_side": 19.44141387939453,
          "hz": 1080.2004963696966
        },
        {
          "acoustic_entropy": 19.179447174072266,
          "acoustic_entropy_side": 20.0643310546875,
          "hz": 1237.8529382007157
        },
        {
          "acoustic_entropy": 19.681781768798828,
          "acoustic_entropy_side": 19.49082374572754,
          "hz": 1409.4668930556702
        },
        {
          "acoustic_entropy": 17.942398071289062,
          "acoustic_entropy_side": 19.447460174560547,
          "hz": 1596.2787759475705
        },
        {
          "acoustic_entropy": 19.665748596191406,
          "acoustic_entropy_side": 19.949724197387695,
          "hz": 1799.6344973346393
        },
        {
          "acoustic_entropy": 19.339632034301758,
          "acoustic_entropy_side": 19.47234535217285,
          "hz": 2020.9991599069049
        },
        {
          "acoustic_entropy": 19.05193328857422,
          "acoustic_entropy_side": 19.289216995239258,
          "hz": 2261.9676141086993
        },
        {
          "acoustic_entropy": 19.102088928222656,
          "acoustic_entropy_side": 19.413387298583984,
          "hz": 2524.2759484456974
        },
        {
          "acoustic_entropy": 19.83064842224121,
          "acoustic_entropy_side": 19.371944427490234,
          "hz": 2809.813997359896
        },
        {
