{
  "acoustic_entropy": 131.59619140625,
  "bands": [
    {
      "high_freq": 148.1999969482422,
      "loudness": -49.16626739501953,
      "loudness_range": 16.965740203857422,
      "mid_mean": -48.5948371887207,
      "mid_to_side_loudness": -2.701134443283081,
      "mid_to_side_loudness_range": 15.475926399230957,
      "side_mean": -51.70165252685547
    },
    {
      "high_freq": 392.3793640136719,
      "loudness": -35.711753845214844,
      "loudness_range": 14.19944953918457,
      "low_freq": 148.1999969482422,
      "mid_mean": -33.357566833496094,
      "mid_to_side_loudness": -5.29439115524292,
      "mid_to_side_loudness_range": 8.296852111816406,
      "side_mean": -38.67632293701172
    },
    {
      "high_freq": 794.6976318359375,
      "loudness": -33.65202331542969,
      "loudness_range": 16.977989196777344,
      "low_freq": 392.3793640136719,
      "mid_mean": -32.13566970825195,
      "mid_to_side_loudness": -3.1455512046813965,
      "mid_to_side_loudness_range": 11.690531730651855,
      "side_mean": -35.52158737182617
    },
    {
      "high_freq": 1457.5709228515625,
      "loudness": -43.66157531738281,
      "loudness_range": 16.840145111083984,
      "low_freq": 794.6976318359375,
      "mid_mean": -42.75614547729492,
      "mid_to_side_loudness": -1.285305380821228,
      "mid_to_side_loudness_range": 6.744953155517578,
      "side_mean": -44.03036117553711
    },
    {
      "high_freq": 2549.74365234375,
      "loudness": -47.8968505859375,
      "loudness_range": 18.771392822265625,
      "low_freq": 1457.5709228515625,
      "mid_mean": -47.3814582824707,
      "mid_to_side_loudness": -1.412172794342041,
      "mid_to_side_loudness_range": 6.88693380355835,
      "side_mean": -50.47420120239258
    },
    {
      "high_freq": 4349.24462890625,
      "loudness": -58.427833557128906,
      "loudness_range": 24.895713806152344,
      "low_freq": 2549.74365234375,
      "mid_mean": -58.66208267211914,
      "mid_to_side_loudness": -2.353396415710449,
      "mid_to_side_loudness_range": 6.840515613555908,
      "side_mean": -60.339210510253906
    },
    {
      "high_freq": 7314.1640625,
      "loudness": -73.5887451171875,
      "loudness_range": 21.872241973876953,
      "low_freq": 4349.24462890625,
      "mid_mean": -67.86432647705078,
      "mid_to_side_loudness": -2.1599175930023193,
      "mid_to_side_loudness_range": 4.8437395095825195,
      "side_mean": -68.40482330322266
    },
    {
      "high_freq": 12199.2666015625,
      "loudness": -81.4538345336914,
      "loudness_range": 16.64838409423828,
      "low_freq": 7314.1640625,
      "mid_mean": -69.80067443847656,
      "mid_to_side_loudness": -1.8250439167022705,
      "mid_to_side_loudness_range": 2.844269275665283,
      "side_mean": -69.87621307373047
    },
    {
      "loudness": 0,
      "loudness_range": 0,
      "low_freq": 12199.2666015625,
      "mid_mean": -69.98167419433594,
      "mid_to_side_loudness": -3.159428834915161,
      "mid_to_side_loudness_range": 1.633317232131958,
      "side_mean": -69.99085998535156
    }
  ],
  "bands_short": [
    {
      "high_freq": 148.1999969482422,
      "loudness": -54.40471267700195,
      "loudness_range": 20.142105102539062,
      "mid_mean": -53.06973648071289,
      "mid_to_side_loudness": -5.972053527832031,
      "mid_to_side_loudness_range": 18.591232299804688,
      "side_mean": -58.29767608642578
    },
    {
      "high_freq": 392.3793640136719,
      "loudness": -36.611976623535156,
      "loudness_range": 13.879053115844727,
      "low_freq": 148.1999969482422,
      "mid_mean": -34.58833312988281,
      "mid_to_side_loudness": -4.647980690002441,
      "mid_to_side_loudness_range": 11.3953275680542,
      "side_mean": -39.269325256347656
    },
    {
      "high_freq": 794.6976318359375,
      "loudness": -33.49335861206055,
      "loudness_range": 17.805301666259766,
      "low_freq": 392.3793640136719,
      "mid_mean": -32.00005340576172,
      "mid_to_side_loudness": -3.5275535583496094,
      "mid_to_side_loudness_range": 13.527295112609863,
      "side_mean": -35.72185134887695
    },
    {
      "high_freq": 1457.5709228515625,
      "loudness": -42.91289138793945,
      "loudness_range": 17.364788055419922,
      "low_freq": 794.6976318359375,
      "mid_mean": -41.990631103515625,
      "mid_to_side_loudness": -1.602158784866333,
      "mid_to_side_loudness_range": 8.913175582885742,
      "side_mean": -43.63370132446289
    },
    {
      "high_freq": 2549.74365234375,
      "loudness": -48.656864166259766,
      "loudness_range": 20.26772689819336,
      "low_freq": 1457.5709228515625,
      "mid_mean": -50.019309997558594,
      "mid_to_side_loudness": -1.3223217725753784,
      "mid_to_side_loudness_range": 9.39920425415039,
      "side_mean": -51.14772033691406
    },
    {
      "high_freq": 4349.24462890625,
      "loudness": -59.20006561279297,
      "loudness_range": 26.400558471679688,
      "low_freq": 2549.74365234375,
      "mid_mean": -59.3536262512207,
      "mid_to_side_loudness": -2.1603264808654785,
      "mid_to_side_loudness_range": 9.252130508422852,
      "side_mean": -60.8903694152832
    },
    {
      "high_freq": 7314.1640625,
      "loudness": -74.15188598632812,
      "loudness_range": 22.349952697753906,
      "low_freq": 4349.24462890625,
      "mid_mean": -68.15680694580078,
      "mid_to_side_loudness": -1.9061726331710815,
      "mid_to_side_loudness_range": 6.914511203765869,
      "side_mean": -68.57633209228516
    },
    {
      "high_freq": 12199.2666015625,
      "loudness": -80.04927825927734,
      "loudness_range": 16.59259033203125,
      "low_freq": 7314.1640625,
      "mid_mean": -69.83830261230469,
      "mid_to_side_loudness": -1.6325329542160034,
      "mid_to_side_loudness_range": 3.458965539932251,
      "side_mean": -69.88807678222656
    },
    {
      "loudness": 0,
      "loudness_range": 0,
      "low_freq": 12199.2666015625,
      "mid_mean": -69.9814682006836,
      "mid_to_side_loudness": -3.0859217643737793,
      "mid_to_side_loudness_range": 4.192100524902344,
      "side_mean": -69.99072265625
    }
  ],
  "bandwidth": 573.3253784179688,
  "channels": 2,
  "covariance": [
    [
      43.81840133666992,
      37.161006927490234,
      10.310395240783691,
      10.461662292480469,
      8.752398490905762,
      6.840499401092529,
      8.941006660461426,
      9.161093711853027,
      8.072853088378906,
      25.117334365844727,
      15.696829795837402,
      13.567801475524902,
      3.80780029296875,
      2.6354238986968994,
      0.30923202633857727,
      0.1860225796699524,
      0.014726880937814713,
      0.006512138061225414
    ],
    [
      37.161006927490234,
      66.04167938232422,
      13.37920093536377,
      12.436372756958008,
      10.451765060424805,
      7.589262962341309,
      11.551531791687012,
      9.751794815063477,
      9.650256156921387,
      37.88019561767578,
      24.656864166259766,
      20.789392471313477,
      5.154971599578857,
      3.453617572784424,
      0.5745941996574402,
      0.3329842984676361,
      0.02627049945294857,
      0.012222597375512123
    ],
    [
      10.310395240783691,
      13.37920093536377,
      33.19186782836914,
      25.69041633605957,
      14.446736335754395,
      15.648838996887207,
      22.55290412902832,
      21.222705841064453,
      25.768918991088867,
      30.342620849609375,
      25.191024780273438,
      22.97417640686035,
      7.879105091094971,
      5.388468265533447,
      0.21986056864261627,
      0.11195123195648193,
      0.01179550588130951,
      0.006156558636575937
    ],
    [
      10.461662292480469,
      12.436372756958008,
      25.69041633605957,
      28.285371780395508,
      14.0067777633667,
      15.323433876037598,
      21.08816146850586,
      20.335046768188477,
      23.040359497070312,
      26.631908416748047,
      21.667158126831055,
      20.285663604736328,
      6.666345119476318,
      4.62184476852417,
      0.303873211145401,
      0.16022241115570068,
      0.011160362511873245,
      0.005935193505138159
    ],
    [
      8.752398490905762,
      10.451765060424805,
      14.446736335754395,
      14.0067777633667,
      41.434234619140625,
      34.125003814697266,
      27.997997283935547,
      28.310091018676758,
      34.577823638916016,
      37.461307525634766,
      37.57965850830078,
      33.19536209106445,
      10.181053161621094,
      8.085646629333496,
      1.0009254217147827,
      0.6197652220726013,
      0.02174849435687065,
      0.011751911602914333
    ],
    [
      6.840499401092529,
      7.589262962341309,
      15.648838996887207,
      15.323433876037598,
      34.125003814697266,
      46.590797424316406,
      32.09478759765625,
      33.475284576416016,
      35.72962951660156,
      41.03896713256836,
      45.22971725463867,
      39.443702697753906,
      11.130980491638184,
      9.28015422821045,
      1.5038466453552246,
      0.930288553237915,
      0.023934831842780113,
      0.012974999845027924
    ],
    [
      8.941006660461426,
      11.551531791687012,
      22.55290412902832,
      21.08816146850586,
      27.997997283935547,
      32.09478759765625,
      44.72676086425781,
      39.720436096191406,
      41.006927490234375,
      45.49541473388672,
      44.60929489135742,
      38.56158447265625,
      12.261309623718262,
      9.424453735351562,
      1.2980321645736694,
      0.7856646776199341,
      0.028567712754011154,
      0.016194911673665047
    ],
    [
      9.161093711853027,
      9.751794815063477,
      21.222705841064453,
      20.335046768188477,
      28.310091018676758,
      33.475284576416016,
      39.720436096191406,
      43.297122955322266,
      39.884403228759766,
      45.090274810791016,
      44.742862701416016,
      38.872554779052734,
      12.67016887664795,
      9.871716499328613,
      1.400866150856018,
      0.8473279476165771,
      0.026847613975405693,
      0.014950458891689777
    ],
    [
      8.072853088378906,
      9.650256156921387,
      25.768918991088867,
      23.040359497070312,
      34.577823638916016,
      35.72962951660156,
      41.006927490234375,
      39.884403228759766,
      57.21788024902344,
      55.30023193359375,
      52.251243591308594,
      47.32792663574219,
      15.785490989685059,
      12.187228202819824,
      1.3479201793670654,
      0.8129131197929382,
      0.029310017824172974,
      0.01593896746635437
    ],
    [
      25.117334365844727,
      37.88019561767578,
      30.342620849609375,
      26.631908416748047,
      37.461307525634766,
      41.03896713256836,
      45.49541473388672,
      45.090274810791016,
      55.30023193359375,
      88.57452392578125,
      69.93098449707031,
      62.19492721557617,
      18.978673934936523,
      14.618011474609375,
      1.8122014999389648,
      1.1181203126907349,
      0.04976380616426468,
      0.025538424029946327
    ],
    [
      15.696829795837402,
      24.656864166259766,
      25.191024780273438,
      21.667158126831055,
      37.57965850830078,
      45.22971725463867,
      44.60929489135742,
      44.742862701416016,
      52.251243591308594,
      69.93098449707031,
      74.7217025756836,
      65.1191177368164,
      19.654769897460938,
      15.579182624816895,
      1.9664170742034912,
      1.2318710088729858,
      0.04274768382310867,
      0.02203258126974106
    ],
    [
      13.567801475524902,
      20.789392471313477,
      22.97417640686035,
      20.285663604736328,
      33.19536209106445,
      39.443702697753906,
      38.56158447265625,
      38.872554779052734,
      47.32792663574219,
      62.19492721557617,
      65.1191177368164,
      59.743534088134766,
      18.046659469604492,
      14.420843124389648,
      1.7482494115829468,
      1.0824912786483765,
      0.03804105892777443,
      0.01963663287460804
    ],
    [
      3.80780029296875,
      5.154971599578857,
      7.879105091094971,
      6.666345119476318,
      10.181053161621094,
      11.130980491638184,
      12.261309623718262,
      12.67016887664795,
      15.785490989685059,
      18.978673934936523,
      19.654769897460938,
      18.046659469604492,
      10.114452362060547,
      7.835493564605713,
      0.9932092428207397,
      0.6107422709465027,
      0.014306173659861088,
      0.007839249446988106
    ],
    [
      2.6354238986968994,
      3.453617572784424,
      5.388468265533447,
      4.62184476852417,
      8.085646629333496,
      9.28015422821045,
      9.424453735351562,
      9.871716499328613,
      12.187228202819824,
      14.618011474609375,
      15.579182624816895,
      14.420843124389648,
      7.835493564605713,
      6.656656265258789,
      0.845737874507904,
      0.5289257168769836,
      0.01174843404442072,
      0.006343475542962551
    ],
    [
      0.30923202633857727,
      0.5745941996574402,
      0.21986056864261627,
      0.303873211145401,
      1.0009254217147827,
      1.5038466453552246,
      1.2980321645736694,
      1.400866150856018,
      1.3479201793670654,
      1.8122014999389648,
      1.9664170742034912,
      1.7482494115829468,
      0.9932092428207397,
      0.845737874507904,
      0.45322540402412415,
      0.2686612010002136,
      0.00221969373524189,
      0.0013197369407862425
    ],
    [
      0.1860225796699524,
      0.3329842984676361,
      0.11195123195648193,
      0.16022241115570068,
      0.6197652220726013,
      0.930288553237915,
      0.7856646776199341,
      0.8473279476165771,
      0.8129131197929382,
      1.1181203126907349,
      1.2318710088729858,
      1.0824912786483765,
      0.6107422709465027,
      0.5289257168769836,
      0.2686612010002136,
      0.18256431818008423,
      0.0012815124355256557,
      0.0007349852239713073
    ],
    [
      0.014726880937814713,
      0.02627049945294857,
      0.01179550588130951,
      0.011160362511873245,
      0.02174849435687065,
      0.023934831842780113,
      0.028567712754011154,
      0.026847613975405693,
      0.029310017824172974,
      0.04976380616426468,
      0.04274768382310867,
      0.03804105892777443,
      0.014306173659861088,
      0.01174843404442072,
      0.00221969373524189,
      0.0012815124355256557,
      0.00011253761476837099,
      6.466703780461103e-05
    ],
    [
      0.006512138061225414,
      0.012222597375512123,
      0.006156558636575937,
      0.005935193505138159,
      0.011751911602914333,
      0.012974999845027924,
      0.016194911673665047,
      0.014950458891689777,
      0.01593896746635437,
      0.025538424029946327,
      0.02203258126974106,
      0.01963663287460804,
      0.007839249446988106,
      0.006343475542962551,
      0.0013197369407862425,
      0.0007349852239713073,
      6.466703780461103e-05,
      4.066346082254313e-05
    ]
  ],
  "covariance_short": [
    [
      64.62557983398438,
      34.91630554199219,
      8.66245174407959,
      9.044381141662598,
      4.766273498535156,
      3.1314711570739746,
      5.64503288269043,
      7.060428142547607,
      31.67298126220703,
      31.013702392578125,
      18.168455123901367,
      15.72707748413086,
      4.506000518798828,
      3.4810495376586914,
      0.48335760831832886,
      0.34571725130081177,
      0.021849175915122032,
      0.010234825313091278
    ],
    [
      34.91630554199219,
      40.284873962402344,
      9.94775390625,
      11.981805801391602,
      5.25865364074707,
      3.751965045928955,
      7.025440216064453,
      5.83400297164917,
      24.677400588989258,
      24.494220733642578,
      15.36538028717041,
      12.932591438293457,
      3.459211826324463,
      2.3937039375305176,
      0.3297393023967743,
      0.24457833170890808,
      0.015712875872850418,
      0.006994148716330528
    ],
    [
      8.66245174407959,
      9.94775390625,
      34.361183166503906,
      21.884218215942383,
      16.718460083007812,
      15.711158752441406,
      20.326766967773438,
      18.964515686035156,
      31.15016746520996,
      28.900808334350586,
      23.900360107421875,
      20.914012908935547,
      6.897465705871582,
      4.770099639892578,
      0.1549057960510254,
      0.07230735570192337,
      0.010046816430985928,
      0.005292848218232393
    ],
    [
      9.044381141662598,
      11.981805801391602,
      21.884218215942383,
      26.744186401367188,
      16.072742462158203,
      15.827871322631836,
      19.162534713745117,
      18.274890899658203,
      26.506298065185547,
      24.670433044433594,
      19.854572296142578,
      17.875112533569336,
      5.2737226486206055,
      3.711242437362671,
      0.27280619740486145,
      0.1600409597158432,
      0.009042568504810333,
      0.004726494196802378
    ],
    [
      4.766273498535156,
      5.25865364074707,
      16.718460083007812,
      16.072742462158203,
      45.22099685668945,
      35.0414924621582,
      30.53858757019043,
      31.0416259765625,
      38.372825622558594,
      38.995182037353516,
      37.54238510131836,
      33.84708786010742,
      9.688455581665039,
      7.954859733581543,
      0.789655864238739,
      0.5501223802566528,
      0.019365020096302032,
      0.01071167178452015
    ],
    [
      3.1314711570739746,
      3.751965045928955,
      15.711158752441406,
      15.827871322631836,
      35.0414924621582,
      49.920013427734375,
      32.027931213378906,
      34.21115493774414,
      39.61183166503906,
      40.431583404541016,
      43.55836868286133,
      39.007503509521484,
      10.010909080505371,
      8.541520118713379,
      1.1457979679107666,
      0.8065679669380188,
      0.023074382916092873,
      0.012713941745460033
    ],
    [
      5.64503288269043,
      7.025440216064453,
      20.326766967773438,
      19.162534713745117,
      30.53858757019043,
      32.027931213378906,
      46.16818618774414,
      40.89720153808594,
      44.530296325683594,
      44.88511657714844,
      42.87050247192383,
      36.82350540161133,
      11.209905624389648,
      8.811097145080566,
      1.09870183467865,
      0.7432708144187927,
      0.026938369497656822,
      0.015520446002483368
    ],
    [
      7.060428142547607,
      5.83400297164917,
      18.964515686035156,
      18.274890899658203,
      31.0416259765625,
      34.21115493774414,
      40.89720153808594,
      48.47834396362305,
      45.43073654174805,
      46.30975341796875,
      43.432281494140625,
      37.72407150268555,
      12.12343692779541,
      9.424877166748047,
      1.2963411808013916,
      0.8777037262916565,
      0.026842616498470306,
      0.015308179892599583
    ],
    [
      31.67298126220703,
      24.677400588989258,
      31.15016746520996,
      26.506298065185547,
      38.372825622558594,
      39.61183166503906,
      44.530296325683594,
      45.43073654174805,
      92.70823669433594,
      86.05509185791016,
      67.99091339111328,
      60.459930419921875,
      17.5137939453125,
      13.879973411560059,
      1.4066282510757446,
      0.9631275534629822,
      0.05009317770600319,
      0.025959564372897148
    ],
    [
      31.013702392578125,
      24.494220733642578,
      28.900808334350586,
      24.670433044433594,
      38.995182037353516,
      40.431583404541016,
      44.88511657714844,
      46.30975341796875,
      86.05509185791016,
      89.13604736328125,
      68.33950805664062,
      60.85054016113281,
      17.766069412231445,
      14.0813570022583,
      1.5997934341430664,
      1.1198869943618774,
      0.049604110419750214,
      0.02565617859363556
    ],
    [
      18.168455123901367,
      15.36538028717041,
      23.900360107421875,
      19.854572296142578,
      37.54238510131836,
      43.55836868286133,
      42.87050247192383,
      43.432281494140625,
      67.99091339111328,
      68.33950805664062,
      74.88209533691406,
      63.51515579223633,
      19.112520217895508,
      15.799409866333008,
      1.7530401945114136,
      1.2205952405929565,
      0.04384293407201767,
      0.023018112406134605
    ],
    [
      15.72707748413086,
      12.932591438293457,
      20.914012908935547,
      17.875112533569336,
      33.84708786010742,
      39.007503509521484,
      36.82350540161133,
      37.72407150268555,
      60.459930419921875,
      60.85054016113281,
      63.51515579223633,
      59.35333251953125,
      17.300548553466797,
      14.49258041381836,
      1.5452988147735596,
      1.0599526166915894,
      0.03781920671463013,
      0.01972651109099388
    ],
    [
      4.506000518798828,
      3.459211826324463,
      6.897465705871582,
      5.2737226486206055,
      9.688455581665039,
      10.010909080505371,
      11.209905624389648,
      12.12343692779541,
      17.5137939453125,
      17.766069412231445,
      19.112520217895508,
      17.300548553466797,
      10.037588119506836,
      7.80328893661499,
      0.9745793342590332,
      0.6764644384384155,
      0.01614750362932682,
      0.009132332168519497
    ],
    [
      3.4810495376586914,
      2.3937039375305176,
      4.770099639892578,
      3.711242437362671,
      7.954859733581543,
      8.541520118713379,
      8.811097145080566,
      9.424877166748047,
      13.879973411560059,
      14.0813570022583,
      15.799409866333008,
      14.49258041381836,
      7.80328893661499,
      7.085156440734863,
      0.8355777263641357,
      0.5759872198104858,
      0.014254589565098286,
      0.007850888185203075
    ],
    [
      0.48335760831832886,
      0.3297393023967743,
      0.1549057960510254,
      0.27280619740486145,
      0.789655864238739,
      1.1457979679107666,
      1.09870183467865,
      1.2963411808013916,
      1.4066282510757446,
      1.5997934341430664,
      1.7530401945114136,
      1.5452988147735596,
      0.9745793342590332,
      0.8355777263641357,
      0.49676331877708435,
      0.29581716656684875,
      0.0034919800236821175,
      0.0021261766087263823
    ],
    [
      0.34571725130081177,
      0.24457833170890808,
      0.07230735570192337,
      0.1600409597158432,
      0.5501223802566528,
      0.8065679669380188,
      0.7432708144187927,
      0.8777037262916565,
      0.9631275534629822,
      1.1198869943618774,
      1.2205952405929565,
      1.0599526166915894,
      0.6764644384384155,
      0.5759872198104858,
      0.29581716656684875,
      0.23293215036392212,
      0.0023858267813920975,
      0.0014142005238682032
    ],
    [
      0.021849175915122032,
      0.015712875872850418,
      0.010046816430985928,
      0.009042568504810333,
      0.019365020096302032,
      0.023074382916092873,
      0.026938369497656822,
      0.026842616498470306,
      0.05009317770600319,
      0.049604110419750214,
      0.04384293407201767,
      0.03781920671463013,
      0.01614750362932682,
      0.014254589565098286,
      0.0034919800236821175,
      0.0023858267813920975,
      0.00041247790795750916,
      0.0002309543633600697
    ],
    [
      0.010234825313091278,
      0.006994148716330528,
      0.005292848218232393,
      0.004726494196802378,
      0.01071167178452015,
      0.012713941745460033,
      0.015520446002483368,
      0.015308179892599583,
      0.025959564372897148,
      0.02565617859363556,
      0.023018112406134605,
      0.01972651109099388,
      0.009132332168519497,
      0.007850888185203075,
      0.0021261766087263823,
      0.0014142005238682032,
      0.0002309543633600697,
      0.0001481855142628774
    ]
  ],
  "damage": -16.47521209716797,
  "diff_bandwidth": 585.8922729492188,
  "dissonance": 3.86647293287192,
  "drr": 10.145501136779785,
  "dynamics": 4.26723575592041,
  "format": 1245190,
  "frames": 12323776,
  "loudness": -26.359874725341797,
  "loudness_range": 12.849782943725586,
  "loudness_range_short": 14.186708450317383,
  "lowpass_true_peak_15khz": -7.9698920249938965,
  "mastering3_acoustic_entropies": [
    {
      "acoustic_entropy": 6.9451494216918945,
      "acoustic_entropy_mono": 5.860774040222168,
      "band_eliminated_acoustic_entropies": [
        {
          "acoustic_entropy": 6.946897506713867,
          "acoustic_entropy_side": 6.945178031921387,
          "hz": 129.47220167065723
        },
        {
          "acoustic_entropy": 6.985136985778809,
          "acoustic_entropy_side": 6.947400093078613,
          "hz": 202.92927478742237
        },
        {
          "acoustic_entropy": 6.965610504150391,
          "acoustic_entropy_side": 6.952104091644287,
          "hz": 282.89161906338205
        },
        {
          "acoustic_entropy": 6.829176425933838,
          "acoustic_entropy_side": 6.953360557556152,
          "hz": 369.9353335868758
        },
        {
          "acoustic_entropy": 6.464831829071045,
          "acoustic_entropy_side": 6.733023166656494,
          "hz": 464.6875360973435
        },
        {
          "acoustic_entropy": 5.838975429534912,
          "acoustic_entropy_side": 6.137954235076904,
          "hz": 567.8308811364784
        },
        {
          "acoustic_entropy": 6.418817043304443,
          "acoustic_entropy_side": 6.741404056549072,
          "hz": 680.1084783214808
        },
        {
          "acoustic_entropy": 6.552815914154053,
          "acoustic_entropy_side": 7.208309173583984,
          "hz": 802.3292461747484
        },
        {
          "acoustic_entropy": 6.845359802246094,
          "acoustic_entropy_side": 6.8881988525390625,
          "hz": 935.3737400823702
        },
        {
          "acoustic_entropy": 6.794251918792725,
          "acoustic_entropy_side": 6.898360252380371,
          "hz": 1080.2004963696966
        },
        {
          "acoustic_entropy": 7.269889831542969,
          "acoustic_entropy_side": 7.283504962921143,
          "hz": 1237.8529382007157
        },
        {
          "acoustic_entropy": 7.4095778465271,
          "acoustic_entropy_side": 7.084189414978027,
          "hz": 1409.4668930556702
        },
        {
          "acoustic_entropy": 6.474517822265625,
          "acoustic_entropy_side": 6.671875,
          "hz": 1596.2787759475705
        },
        {
          "acoustic_entropy": 6.882811546325684,
          "acoustic_entropy_side": 7.049868106842041,
          "hz": 1799.6344973346393
        },
        {
          "acoustic_entropy": 7.01102876663208,
          "acoustic_entropy_side": 6.967360019683838,
          "hz": 2020.9991599069049
        },
        {
          "acoustic_entropy": 7.043362617492676,
          "acoustic_entropy_side": 7.036215305328369,
          "hz": 2261.9676141086993
        },
        {
          "acoustic_entropy": 6.989174842834473,
          "acoustic_entropy_side": 6.978588581085205,
          "hz": 2524.2759484456974
        },
        {
          "acoustic_entropy": 6.980079174041748,
          "acoustic_entropy_side": 6.953958988189697,
          "hz": 2809.813997359896
        },
        {
          "acoustic_entropy": 6.946888446807861,
          "acoustic_entropy_side": 6.9465532302856445,
          "hz": 3120.6389567871424
        },
        {
          "acoustic_entropy": 6.946444034576416,
          "acoustic_entropy_side": 6.942368507385254,
          "hz": 3458.990205492291
        },
        {
          "acoustic_entropy": 6.944177627563477,
          "acoustic_entropy_side": 6.944862365722656,
          "hz": 3827.305438964164
        },
        {
          "acoustic_entropy": 6.946285247802734,
          "acoustic_entropy_side": 6.945399761199951,
          "hz": 4228.238232109126
        },
        {
          "acoustic_entropy": 6.945258140563965,
          "acoustic_entropy_side": 6.945165157318115,
          "hz": 4664.6771572759235
        },
        {
          "acoustic_entropy": 6.9452104568481445,
          "acoustic_entropy_side": 6.945144176483154,
          "hz": 5139.766595350093
        },
        {
          "acoustic_entropy": 6.945151329040527,
          "acoustic_entropy_side": 6.945150852203369,
          "hz": 5656.929389854203
        },
        {
          "acoustic_entropy": 6.9451518058776855,
          "acoustic_entropy_side": 6.9451494216918945,
          "hz": 6219.891507268283
        },
        {
          "acoustic_entropy": 6.945147514343262,
          "acoustic_entropy_side": 6.945148944854736,
          "hz": 6832.70888123896
        },
        {
          "acoustic_entropy": 6.945148944854736,
          "acoustic_entropy_side": 6.9451494216918945,
          "hz": 7499.796634079867
        },
        {
          "acoustic_entropy": 6.945149898529053,
          "acoustic_entropy_side": 6.945148944854736,
          "hz": 8225.96088609342
        },
        {
          "acoustic_entropy": 6.945149898529053,
          "acoustic_entropy_side": 6.9451494216918945,
          "hz": 9016.43338188839
        },
        {
          "acoustic_entropy": 6.9451494216918945,
          "acoustic_entropy_side": 6.9451494216918945,
          "hz": 9876.909183162974
        },
        {
          "acoustic_entropy": 6.9451494216918945,
          "acoustic_entropy_side": 6.9451494216918945,
          "hz": 10813.587699516042
        },
        {
          "acoustic_entropy": 6.9451494216918945,
          "acoustic_entropy_side": 6.9451494216918945,
          "hz": 11833.21735289826
        },
        {
          "acoustic_entropy": 6.9451494216918945,
          "acoustic_entropy_side": 6.9451494216918945,
          "hz": 12943.144197493959
        },
        {
          "acoustic_entropy": 6.9451494216918945,
          "acoustic_entropy_side": 6.9451494216918945,
          "hz": 14151.364845322005
        },
        {
          "acoustic_entropy": 6.9451494216918945,
          "acoustic_entropy_side": 6.9451494216918945,
          "hz": 15466.58407886509
        },
        {
          "acoustic_entropy": 6.9451494216918945,
          "acoustic_entropy_side": 6.9451494216918945,
          "hz": 16898.27756580493
        },
        {
          "acoustic_entropy": 6.9451494216918945,
          "acoustic_entropy_side": 6.9451494216918945,
          "hz": 18456.760127700032
        },
        {
          "acoustic_entropy": 6.9451494216918945,
          "acoustic_entropy_side": 6.9451494216918945,
          "hz": 20153.260054456492
        },
        {
          "acoustic_entropy": 6.9451494216918945,
          "acoustic_entropy_side": 6.9451494216918945,
          "hz": 22000.00000000001
        }
      ],
      "diff_acoustic_entropy": 5.384451866149902,
      "sn": 6
    },
    {
      "acoustic_entropy": 10.210116386413574,
      "acoustic_entropy_mono": 9.028865814208984,
      "band_eliminated_acoustic_entropies": [
        {
          "acoustic_entropy": 10.208271980285645,
          "acoustic_entropy_side": 10.20936393737793,
          "hz": 129.47220167065723
        },
        {
          "acoustic_entropy": 10.228723526000977,
          "acoustic_entropy_side": 10.251687049865723,
          "hz": 202.92927478742237
        },
        {
          "acoustic_entropy": 10.292402267456055,
          "acoustic_entropy_side": 10.419770240783691,
          "hz": 282.89161906338205
        },
        {
          "acoustic_entropy": 9.636927604675293,
          "acoustic_entropy_side": 9.862262725830078,
          "hz": 369.9353335868758
        },
        {
          "acoustic_entropy": 9.98153018951416,
          "acoustic_entropy_side": 10.319849014282227,
          "hz": 464.6875360973435
        },
        {
          "acoustic_entropy": 9.373994827270508,
          "acoustic_entropy_side": 9.915592193603516,
          "hz": 567.8308811364784
        },
        {
          "acoustic_entropy": 9.164039611816406,
          "acoustic_entropy_side": 10.078938484191895,
          "hz": 680.1084783214808
        },
        {
          "acoustic_entropy": 9.241971015930176,
          "acoustic_entropy_side": 9.419586181640625,
          "hz": 802.3292461747484
        },
        {
          "acoustic_entropy": 10.025583267211914,
          "acoustic_entropy_side": 10.064298629760742,
          "hz": 935.3737400823702
        },
        {
          "acoustic_entropy": 9.934267044067383,
          "acoustic_entropy_side": 10.520417213439941,
          "hz": 1080.2004963696966
        },
        {
          "acoustic_entropy": 10.586167335510254,
          "acoustic_entropy_side": 10.404142379760742,
          "hz": 1237.8529382007157
        },
        {
          "acoustic_entropy": 10.331855773925781,
          "acoustic_entropy_side": 10.153334617614746,
          "hz": 1409.4668930556702
        },
        {
          "acoustic_entropy": 9.617417335510254,
          "acoustic_entropy_side": 10.357686042785645,
          "hz": 1596.2787759475705
        },
        {
          "acoustic_entropy": 10.214454650878906,
          "acoustic_entropy_side": 10.282147407531738,
          "hz": 1799.6344973346393
        },
        {
          "acoustic_entropy": 9.78882122039795,
          "acoustic_entropy_side": 10.149177551269531,
          "hz": 2020.9991599069049
        },
        {
          "acoustic_entropy": 10.070222854614258,
          "acoustic_entropy_side": 9.934690475463867,
          "hz": 2261.9676141086993
        },
        {
          "acoustic_entropy": 10.321030616760254,
          "acoustic_entropy_side": 10.17687702178955,
          "hz": 2524.2759484456974
        },
        {
          "acoustic_entropy": 10.300057411193848,
          "acoustic_entropy_side": 10.180017471313477,
          "hz": 2809.813997359896
        },
        {
          "acoustic_entropy": 10.276447296142578,
          "acoustic_entropy_side": 10.211259841918945,
          "hz": 3120.6389567871424
        },
        {
          "acoustic_entropy": 10.219130516052246,
          "acoustic_entropy_side": 10.23145580291748,
          "hz": 3458.990205492291
        },
        {
          "acoustic_entropy": 10.189275741577148,
          "acoustic_entropy_side": 10.208523750305176,
          "hz": 3827.305438964164
        },
        {
          "acoustic_entropy": 10.200787544250488,
          "acoustic_entropy_side": 10.211712837219238,
          "hz": 4228.238232109126
        },
        {
          "acoustic_entropy": 10.211929321289062,
          "acoustic_entropy_side": 10.212479591369629,
          "hz": 4664.6771572759235
        },
        {
          "acoustic_entropy": 10.208321571350098,
          "acoustic_entropy_side": 10.210634231567383,
          "hz": 5139.766595350093
        },
        {
          "acoustic_entropy": 10.209857940673828,
          "acoustic_entropy_side": 10.210131645202637,
          "hz": 5656.929389854203
        },
        {
          "acoustic_entropy": 10.210180282592773,
          "acoustic_entropy_side": 10.210138320922852,
          "hz": 6219.891507268283
        },
        {
          "acoustic_entropy": 10.210174560546875,
          "acoustic_entropy_side": 10.210127830505371,
          "hz": 6832.70888123896
        },
        {
          "acoustic_entropy": 10.210124969482422,
          "acoustic_entropy_side": 10.210119247436523,
          "hz": 7499.796634079867
        },
        {
          "acoustic_entropy": 10.210128784179688,
          "acoustic_entropy_side": 10.210118293762207,
          "hz": 8225.96088609342
        },
        {
          "acoustic_entropy": 10.210127830505371,
          "acoustic_entropy_side": 10.21011734008789,
          "hz": 9016.43338188839
        },
        {
          "acoustic_entropy": 10.21011734008789,
          "acoustic_entropy_side": 10.210116386413574,
          "hz": 9876.909183162974
        },
        {
          "acoustic_entropy": 10.210116386413574,
          "acoustic_entropy_side": 10.210116386413574,
          "hz": 10813.587699516042
        },
        {
          "acoustic_entropy": 10.210116386413574,
          "acoustic_entropy_side": 10.210116386413574,
          "hz": 11833.21735289826
        },
        {
          "acoustic_entropy": 10.210116386413574,
          "acoustic_entropy_side": 10.210116386413574,
          "hz": 12943.144197493959
        },
        {
          "acoustic_entropy": 10.210116386413574,
          "acoustic_entropy_side": 10.210116386413574,
          "hz": 14151.364845322005
        },
        {
          "acoustic_entropy": 10.210116386413574,
          "acoustic_entropy_side": 10.210116386413574,
          "hz": 15466.58407886509
        },
        {
          "acoustic_entropy": 10.210116386413574,
          "acoustic_entropy_side": 10.210116386413574,
          "hz": 16898.27756580493
        },
        {
          "acoustic_entropy": 10.210116386413574,
          "acoustic_entropy_side": 10.210116386413574,
          "hz": 18456.760127700032
        },
        {
          "acoustic_entropy": 10.210116386413574,
          "acoustic_entropy_side": 10.210116386413574,
          "hz": 20153.260054456492
        },
        {
          "acoustic_entropy": 10.210116386413574,
          "acoustic_entropy_side": 10.210116386413574,
          "hz": 22000.00000000001
        }
      ],
      "diff_acoustic_entropy": 8.496217727661133,
      "sn": 12
    },
    {
      "acoustic_entropy": 14.34555721282959,
      "acoustic_entropy_mono": 11.091695785522461,
      "band_eliminated_acoustic_entropies": [
        {
          "acoustic_entropy": 14.755874633789062,
          "acoustic_entropy_side": 14.37158203125,
          "hz": 129.47220167065723
        },
        {
          "acoustic_entropy": 14.325705528259277,
          "acoustic_entropy_side": 13.814534187316895,
          "hz": 202.92927478742237
        },
        {
          "acoustic_entropy": 14.824240684509277,
          "acoustic_entropy_side": 15.9260892868042,
          "hz": 282.89161906338205
        },
        {
          "acoustic_entropy": 14.262024879455566,
          "acoustic_entropy_side": 14.86057186126709,
          "hz": 369.9353335868758
        },
        {
          "acoustic_entropy": 14.339273452758789,
          "acoustic_entropy_side": 14.74547290802002,
          "hz": 464.6875360973435
        },
        {
          "acoustic_entropy": 13.781275749206543,
          "acoustic_entropy_side": 15.305177688598633,
          "hz": 567.8308811364784
        },
        {
          "acoustic_entropy": 14.754687309265137,
          "acoustic_entropy_side": 15.384506225585938,
          "hz": 680.1084783214808
        },
        {
          "acoustic_entropy": 14.480389595031738,
          "acoustic_entropy_side": 16.139423370361328,
          "hz": 802.3292461747484
        },
        {
          "acoustic_entropy": 14.476872444152832,
          "acoustic_entropy_side": 14.951723098754883,
          "hz": 935.3737400823702
        },
        {
          "acoustic_entropy": 15.095876693725586,
          "acoustic_entropy_side": 15.410438537597656,
          "hz": 1080.2004963696966
        },
        {
          "acoustic_entropy": 15.165390014648438,
          "acoustic_entropy_side": 14.993284225463867,
          "hz": 1237.8529382007157
        },
        {
          "acoustic_entropy": 14.121870040893555,
          "acoustic_entropy_side": 14.40404987335205,
          "hz": 1409.4668930556702
        },
        {
          "acoustic_entropy": 15.983170509338379,
          "acoustic_entropy_side": 15.088961601257324,
          "hz": 1596.2787759475705
        },
        {
          "acoustic_entropy": 14.82327938079834,
          "acoustic_entropy_side": 15.619421005249023,
          "hz": 1799.6344973346393
        },
        {
          "acoustic_entropy": 15.591903686523438,
          "acoustic_entropy_side": 15.333786964416504,
          "hz": 2020.9991599069049
        },
        {
          "acoustic_entropy": 15.022113800048828,
          "acoustic_entropy_side": 14.920445442199707,
          "hz": 2261.9676141086993
        },
        {
          "acoustic_entropy": 14.570104598999023,
