{
  "acoustic_entropy": 146.83856201171875,
  "bands": [
    {
      "high_freq": 148.1999969482422,
      "loudness": -36.355709075927734,
      "loudness_range": 20.43613052368164,
      "mid_mean": -33.86213684082031,
      "mid_to_side_loudness": -5.999935150146484,
      "mid_to_side_loudness_range": 9.08317756652832,
      "side_mean": -40.0930061340332
    },
    {
      "high_freq": 392.3793640136719,
      "loudness": -29.691402435302734,
      "loudness_range": 14.767454147338867,
      "low_freq": 148.1999969482422,
      "mid_mean": -27.013248443603516,
      "mid_to_side_loudness": -6.4293670654296875,
      "mid_to_side_loudness_range": 5.714051246643066,
      "side_mean": -33.5035285949707
    },
    {
      "high_freq": 794.6976318359375,
      "loudness": -26.140687942504883,
      "loudness_range": 15.472770690917969,
      "low_freq": 392.3793640136719,
      "mid_mean": -24.750873565673828,
      "mid_to_side_loudness": -2.5555834770202637,
      "mid_to_side_loudness_range": 11.115171432495117,
      "side_mean": -27.34394073486328
    },
    {
      "high_freq": 1457.5709228515625,
      "loudness": -31.322093963623047,
      "loudness_range": 19.701457977294922,
      "low_freq": 794.6976318359375,
      "mid_mean": -31.45201301574707,
      "mid_to_side_loudness": 0.7440643310546875,
      "mid_to_side_loudness_range": 7.395260334014893,
      "side_mean": -30.496627807617188
    },
    {
      "high_freq": 2549.74365234375,
      "loudness": -40.21828079223633,
      "loudness_range": 19.262392044067383,
      "low_freq": 1457.5709228515625,
      "mid_mean": -39.44828796386719,
      "mid_to_side_loudness": -0.6186914443969727,
      "mid_to_side_loudness_range": 8.960222244262695,
      "side_mean": -40.22172164916992
    },
    {
      "high_freq": 4349.24462890625,
      "loudness": -52.44011688232422,
      "loudness_range": 25.522846221923828,
      "low_freq": 2549.74365234375,
      "mid_mean": -52.83860778808594,
      "mid_to_side_loudness": 0.0754653662443161,
      "mid_to_side_loudness_range": 6.196065902709961,
      "side_mean": -52.78982925415039
    },
    {
      "high_freq": 7314.1640625,
      "loudness": -68.41195678710938,
      "loudness_range": 18.641345977783203,
      "low_freq": 4349.24462890625,
      "mid_mean": -64.9421157836914,
      "mid_to_side_loudness": -0.3641725182533264,
      "mid_to_side_loudness_range": 3.1108264923095703,
      "side_mean": -65.16399383544922
    },
    {
      "high_freq": 12199.2666015625,
      "loudness": -72.96747589111328,
      "loudness_range": 4.1647186279296875,
      "low_freq": 7314.1640625,
      "mid_mean": -67.89219665527344,
      "mid_to_side_loudness": -0.28205689787864685,
      "mid_to_side_loudness_range": 0.7993853092193604,
      "side_mean": -67.99542999267578
    },
    {
      "loudness": 0,
      "loudness_range": 0,
      "low_freq": 12199.2666015625,
      "mid_mean": -67.92573547363281,
      "mid_to_side_loudness": -0.4069727659225464,
      "mid_to_side_loudness_range": 0.38063299655914307,
      "side_mean": -68.07344818115234
    }
  ],
  "bands_short": [
    {
      "high_freq": 148.1999969482422,
      "loudness": -39.07937240600586,
      "loudness_range": 22.498241424560547,
      "mid_mean": -36.6369514465332,
      "mid_to_side_loudness": -6.4604692459106445,
      "mid_to_side_loudness_range": 13.239291191101074,
      "side_mean": -43.42056655883789
    },
    {
      "high_freq": 392.3793640136719,
      "loudness": -29.586347579956055,
      "loudness_range": 15.132596969604492,
      "low_freq": 148.1999969482422,
      "mid_mean": -26.933326721191406,
      "mid_to_side_loudness": -6.419849872589111,
      "mid_to_side_loudness_range": 6.744235992431641,
      "side_mean": -33.41708755493164
    },
    {
      "high_freq": 794.6976318359375,
      "loudness": -26.767501831054688,
      "loudness_range": 17.751314163208008,
      "low_freq": 392.3793640136719,
      "mid_mean": -25.265260696411133,
      "mid_to_side_loudness": -3.2094385623931885,
      "mid_to_side_loudness_range": 12.690316200256348,
      "side_mean": -28.497209548950195
    },
    {
      "high_freq": 1457.5709228515625,
      "loudness": -31.80709457397461,
      "loudness_range": 20.59630584716797,
      "low_freq": 794.6976318359375,
      "mid_mean": -31.885669708251953,
      "mid_to_side_loudness": 0.6809722781181335,
      "mid_to_side_loudness_range": 9.026713371276855,
      "side_mean": -31.130525588989258
    },
    {
      "high_freq": 2549.74365234375,
      "loudness": -41.01079559326172,
      "loudness_range": 20.514352798461914,
      "low_freq": 1457.5709228515625,
      "mid_mean": -40.3873291015625,
      "mid_to_side_loudness": -0.6919595003128052,
      "mid_to_side_loudness_range": 11.162248611450195,
      "side_mean": -41.18505859375
    },
    {
      "high_freq": 4349.24462890625,
      "loudness": -51.870880126953125,
      "loudness_range": 25.830615997314453,
      "low_freq": 2549.74365234375,
      "mid_mean": -52.9187126159668,
      "mid_to_side_loudness": 1.067131519317627,
      "mid_to_side_loudness_range": 10.442354202270508,
      "side_mean": -51.9556770324707
    },
    {
      "high_freq": 7314.1640625,
      "loudness": -68.8115005493164,
      "loudness_range": 18.915821075439453,
      "low_freq": 4349.24462890625,
      "mid_mean": -65.19288635253906,
      "mid_to_side_loudness": -0.3794206976890564,
      "mid_to_side_loudness_range": 4.529799461364746,
      "side_mean": -65.4233169555664
    },
    {
      "high_freq": 12199.2666015625,
      "loudness": -73.14339447021484,
      "loudness_range": 4.172515869140625,
      "low_freq": 7314.1640625,
      "mid_mean": -67.9613265991211,
      "mid_to_side_loudness": -0.27220556139945984,
      "mid_to_side_loudness_range": 1.750152349472046,
      "side_mean": -68.06002044677734
    },
    {
      "loudness": -72.91241455078125,
      "loudness_range": 1.3606491088867188,
      "low_freq": 12199.2666015625,
      "mid_mean": -67.92338562011719,
      "mid_to_side_loudness": -0.39736631512641907,
      "mid_to_side_loudness_range": 1.2289355993270874,
      "side_mean": -68.06996154785156
    }
  ],
  "bandwidth": 641.5531616210938,
  "channels": 2,
  "covariance": [
    [
      52.10967254638672,
      43.681907653808594,
      9.354267120361328,
      10.104994773864746,
      11.498244285583496,
      16.265518188476562,
      12.359238624572754,
      12.364703178405762,
      21.765653610229492,
      20.919795989990234,
      26.22533416748047,
      25.50379180908203,
      11.485100746154785,
      11.554244041442871,
      2.02846097946167,
      1.8362966775894165,
      -0.09968918561935425,
      -0.08743780851364136
    ],
    [
      43.681907653808594,
      48.72981262207031,
      11.569915771484375,
      12.742879867553711,
      11.790827751159668,
      16.151931762695312,
      10.993127822875977,
      11.505125999450684,
      20.875791549682617,
      20.131284713745117,
      23.33521270751953,
      23.39170265197754,
      10.837114334106445,
      10.933526992797852,
      1.7924226522445679,
      1.5921789407730103,
      -0.15006522834300995,
      -0.14080500602722168
    ],
    [
      9.354267120361328,
      11.569915771484375,
      32.361976623535156,
      28.005176544189453,
      21.848718643188477,
      20.48826026916504,
      19.079208374023438,
      16.987844467163086,
      22.519329071044922,
      23.39191246032715,
      28.578521728515625,
      28.414087295532227,
      8.557684898376465,
      8.404190063476562,
      0.28079989552497864,
      0.20920506119728088,
      -0.2121989130973816,
      -0.20396164059638977
    ],
    [
      10.104994773864746,
      12.742879867553711,
      28.005176544189453,
      29.09027671813965,
      20.877620697021484,
      19.376625061035156,
      16.284420013427734,
      15.324261665344238,
      21.062265396118164,
      22.380563735961914,
      27.542810440063477,
      27.55088233947754,
      8.179911613464355,
      8.051494598388672,
      0.3753594756126404,
      0.31260305643081665,
      -0.19989167153835297,
      -0.19316649436950684
    ],
    [
      11.498244285583496,
      11.790827751159668,
      21.848718643188477,
      20.877620697021484,
      39.34619140625,
      32.60879135131836,
      17.473085403442383,
      15.75700569152832,
      28.422626495361328,
      27.933380126953125,
      42.596614837646484,
      43.529449462890625,
      13.976473808288574,
      12.601600646972656,
      1.2653080224990845,
      1.2018333673477173,
      -0.26707756519317627,
      -0.24715429544448853
    ],
    [
      16.265518188476562,
      16.151931762695312,
      20.48826026916504,
      19.376625061035156,
      32.60879135131836,
      39.175636291503906,
      19.62717056274414,
      19.166336059570312,
      25.978002548217773,
      27.847002029418945,
      39.64659118652344,
      40.75940704345703,
      14.690800666809082,
      13.536998748779297,
      1.2283433675765991,
      1.119140386581421,
      -0.23367001116275787,
      -0.22509023547172546
    ],
    [
      12.359238624572754,
      10.993127822875977,
      19.079208374023438,
      16.284420013427734,
      17.473085403442383,
      19.62717056274414,
      53.424896240234375,
      47.62969207763672,
      31.111621856689453,
      31.18142318725586,
      35.63417053222656,
      34.2205696105957,
      15.920573234558105,
      16.141742706298828,
      1.3817541599273682,
      1.5320006608963013,
      -0.3000997006893158,
      -0.26422008872032166
    ],
    [
      12.364703178405762,
      11.505125999450684,
      16.987844467163086,
      15.324261665344238,
      15.75700569152832,
      19.166336059570312,
      47.62969207763672,
      51.26668930053711,
      28.319416046142578,
      29.367603302001953,
      33.12240982055664,
      31.92240333557129,
      15.555456161499023,
      15.566892623901367,
      1.3991303443908691,
      1.514883279800415,
      -0.2894652187824249,
      -0.24911141395568848
    ],
    [
      21.765653610229492,
      20.875791549682617,
      22.519329071044922,
      21.062265396118164,
      28.422626495361328,
      25.978002548217773,
      31.111621856689453,
      28.319416046142578,
      51.44070816040039,
      44.47170639038086,
      48.78858184814453,
      49.07712936401367,
      20.781204223632812,
      19.913156509399414,
      2.2274510860443115,
      2.115647315979004,
      -0.46540704369544983,
      -0.4306829869747162
    ],
    [
      20.919795989990234,
      20.131284713745117,
      23.39191246032715,
      22.380563735961914,
      27.933380126953125,
      27.847002029418945,
      31.18142318725586,
      29.367603302001953,
      44.47170639038086,
      47.97386169433594,
      51.19757843017578,
      50.4870719909668,
      21.458925247192383,
      20.43208885192871,
      2.03818941116333,
      1.8718746900558472,
      -0.4522863030433655,
      -0.4187650680541992
    ],
    [
      26.22533416748047,
      23.33521270751953,
      28.578521728515625,
      27.542810440063477,
      42.596614837646484,
      39.64659118652344,
      35.63417053222656,
      33.12240982055664,
      48.78858184814453,
      51.19757843017578,
      85.92223358154297,
      82.21356201171875,
      31.52418327331543,
      30.291528701782227,
      4.33571720123291,
      4.119971752166748,
      0.7649847865104675,
      0.727853000164032
    ],
    [
      25.50379180908203,
      23.39170265197754,
      28.414087295532227,
      27.55088233947754,
      43.529449462890625,
      40.75940704345703,
      34.2205696105957,
      31.92240333557129,
      49.07712936401367,
      50.4870719909668,
      82.21356201171875,
      82.38311004638672,
      31.248859405517578,
      29.63238525390625,
      4.123368740081787,
      3.9469969272613525,
      0.7670705318450928,
      0.7242836356163025
    ],
    [
      11.485100746154785,
      10.837114334106445,
      8.557684898376465,
      8.179911613464355,
      13.976473808288574,
      14.690800666809082,
      15.920573234558105,
      15.555456161499023,
      20.781204223632812,
      21.458925247192383,
      31.52418327331543,
      31.248859405517578,
      19.95855712890625,
      18.831796646118164,
      2.8610734939575195,
      2.7709922790527344,
      0.1314603090286255,
      0.12468038499355316
    ],
    [
      11.554244041442871,
      10.933526992797852,
      8.404190063476562,
      8.051494598388672,
      12.601600646972656,
      13.536998748779297,
      16.141742706298828,
      15.566892623901367,
      19.913156509399414,
      20.43208885192871,
      30.291528701782227,
      29.63238525390625,
      18.831796646118164,
      18.47279167175293,
      2.7516019344329834,
      2.654343843460083,
      0.12372612953186035,
      0.11921081691980362
    ],
    [
      2.02846097946167,
      1.7924226522445679,
      0.28079989552497864,
      0.3753594756126404,
      1.2653080224990845,
      1.2283433675765991,
      1.3817541599273682,
      1.3991303443908691,
      2.2274510860443115,
      2.03818941116333,
      4.33571720123291,
      4.123368740081787,
      2.8610734939575195,
      2.7516019344329834,
      1.0325995683670044,
      0.9771575331687927,
      0.15471981465816498,
      0.1435689479112625
    ],
    [
      1.8362966775894165,
      1.5921789407730103,
      0.20920506119728088,
      0.31260305643081665,
      1.2018333673477173,
      1.119140386581421,
      1.5320006608963013,
      1.514883279800415,
      2.115647315979004,
      1.8718746900558472,
      4.119971752166748,
      3.9469969272613525,
      2.7709922790527344,
      2.654343843460083,
      0.9771575331687927,
      0.9718428254127502,
      0.14467060565948486,
      0.1344604790210724
    ],
    [
      -0.09968918561935425,
      -0.15006522834300995,
      -0.2121989130973816,
      -0.19989167153835297,
      -0.26707756519317627,
      -0.23367001116275787,
      -0.3000997006893158,
      -0.2894652187824249,
      -0.46540704369544983,
      -0.4522863030433655,
      0.7649847865104675,
      0.7670705318450928,
      0.1314603090286255,
      0.12372612953186035,
      0.15471981465816498,
      0.14467060565948486,
      0.16413302719593048,
      0.15171751379966736
    ],
    [
      -0.08743780851364136,
      -0.14080500602722168,
      -0.20396164059638977,
      -0.19316649436950684,
      -0.24715429544448853,
      -0.22509023547172546,
      -0.26422008872032166,
      -0.24911141395568848,
      -0.4306829869747162,
      -0.4187650680541992,
      0.727853000164032,
      0.7242836356163025,
      0.12468038499355316,
      0.11921081691980362,
      0.1435689479112625,
      0.1344604790210724,
      0.15171751379966736,
      0.14236153662204742
    ]
  ],
  "covariance_short": [
    [
      64.13874053955078,
      52.96175003051758,
      14.81174087524414,
      13.491095542907715,
      9.628990173339844,
      14.983970642089844,
      10.944680213928223,
      11.294958114624023,
      20.385873794555664,
      20.21636199951172,
      21.70839500427246,
      22.444948196411133,
      9.938484191894531,
      9.692447662353516,
      1.4706792831420898,
      1.3270180225372314,
      -0.10991397500038147,
      -0.1032257229089737
    ],
    [
      52.96175003051758,
      66.88192749023438,
      15.28510570526123,
      15.538496971130371,
      9.705292701721191,
      14.828439712524414,
      9.61769962310791,
      10.656474113464355,
      21.454193115234375,
      20.49178695678711,
      20.10204315185547,
      21.539777755737305,
      9.464896202087402,
      9.292609214782715,
      1.2152167558670044,
      1.0685652494430542,
      -0.1917402148246765,
      -0.18757183849811554
    ],
    [
      14.81174087524414,
      15.28510570526123,
      34.02950668334961,
      28.756235122680664,
      24.023603439331055,
      22.644472122192383,
      20.704574584960938,
      19.953916549682617,
      24.573034286499023,
      25.716812133789062,
      29.554668426513672,
      29.04569435119629,
      9.532792091369629,
      9.402261734008789,
      0.48708122968673706,
      0.40096142888069153,
      -0.24614301323890686,
      -0.23825064301490784
    ],
    [
      13.491095542907715,
      15.538496971130371,
      28.756235122680664,
      30.7480525970459,
      22.155122756958008,
      20.902082443237305,
      17.626483917236328,
      17.94242286682129,
      23.039661407470703,
      24.334989547729492,
      27.818769454956055,
      27.323488235473633,
      8.81574535369873,
      8.677142143249512,
      0.4677467346191406,
      0.39196470379829407,
      -0.22551515698432922,
      -0.22193759679794312
    ],
    [
      9.628990173339844,
      9.705292701721191,
      24.023603439331055,
      22.155122756958008,
      44.798805236816406,
      35.47673034667969,
      18.85154151916504,
      17.759275436401367,
      32.03952407836914,
      31.581523895263672,
      42.542442321777344,
      42.53651428222656,
      13.736209869384766,
      12.366451263427734,
      0.9939277768135071,
      0.9037446975708008,
      -0.28327155113220215,
      -0.2608526349067688
    ],
    [
      14.983970642089844,
      14.828439712524414,
      22.644472122192383,
      20.902082443237305,
      35.47673034667969,
      45.91987609863281,
      19.855674743652344,
      19.344514846801758,
      30.353960037231445,
      31.553550720214844,
      40.37492752075195,
      41.53486251831055,
      16.007909774780273,
      14.50653076171875,
      0.9777938723564148,
      0.8745743632316589,
      -0.2468162328004837,
      -0.24698904156684875
    ],
    [
      10.944680213928223,
      9.61769962310791,
      20.704574584960938,
      17.626483917236328,
      18.85154151916504,
      19.855674743652344,
      55.810890197753906,
      48.641788482666016,
      33.71546173095703,
      30.49903106689453,
      38.43281936645508,
      37.97091293334961,
      15.66913890838623,
      15.869024276733398,
      1.1019753217697144,
      1.2266128063201904,
      -0.29931527376174927,
      -0.2648979425430298
    ],
    [
      11.294958114624023,
      10.656474113464355,
      19.953916549682617,
      17.94242286682129,
      17.759275436401367,
      19.344514846801758,
      48.641788482666016,
      54.134437561035156,
      31.024860382080078,
      29.40467071533203,
      35.97901916503906,
      34.61060333251953,
      15.384272575378418,
      15.17580509185791,
      1.1344774961471558,
      1.2022942304611206,
      -0.2565869390964508,
      -0.23074109852313995
    ],
    [
      20.385873794555664,
      21.454193115234375,
      24.573034286499023,
      23.039661407470703,
      32.03952407836914,
      30.353960037231445,
      33.71546173095703,
      31.024860382080078,
      58.82282257080078,
      47.8386116027832,
      52.6519889831543,
      53.85299301147461,
      20.75881004333496,
      19.801025390625,
      1.9857442378997803,
      1.903161883354187,
      -0.45568129420280457,
      -0.41668692231178284
    ],
    [
      20.21636199951172,
      20.49178695678711,
      25.716812133789062,
      24.334989547729492,
      31.581523895263672,
      31.553550720214844,
      30.49903106689453,
      29.40467071533203,
      47.8386116027832,
      54.31727600097656,
      53.578678131103516,
      53.12607955932617,
      21.160961151123047,
      19.967132568359375,
      1.8861889839172363,
      1.7278954982757568,
      -0.4221048951148987,
      -0.38697344064712524
    ],
    [
      21.70839500427246,
      20.10204315185547,
      29.554668426513672,
      27.818769454956055,
      42.542442321777344,
      40.37492752075195,
      38.43281936645508,
      35.97901916503906,
      52.6519889831543,
      53.578678131103516,
      87.94483947753906,
      83.701904296875,
      30.354278564453125,
      28.84988784790039,
      3.7129993438720703,
      3.548610210418701,
      0.7880109548568726,
      0.7419357299804688
    ],
    [
      22.444948196411133,
      21.539777755737305,
      29.04569435119629,
      27.323488235473633,
      42.53651428222656,
      41.53486251831055,
      37.97091293334961,
      34.61060333251953,
      53.85299301147461,
      53.12607955932617,
      83.701904296875,
      89.9124526977539,
      29.568187713623047,
      27.761428833007812,
      3.4788331985473633,
      3.3323519229888916,
      0.8567066788673401,
      0.8026898503303528
    ],
    [
      9.938484191894531,
      9.464896202087402,
      9.532792091369629,
      8.81574535369873,
      13.736209869384766,
      16.007909774780273,
      15.66913890838623,
      15.384272575378418,
      20.75881004333496,
      21.160961151123047,
      30.354278564453125,
      29.568187713623047,
      20.552722930908203,
      18.969018936157227,
      2.6877572536468506,
      2.574476957321167,
      0.1807645559310913,
      0.16817446053028107
    ],
    [
      9.692447662353516,
      9.292609214782715,
      9.402261734008789,
      8.677142143249512,
      12.366451263427734,
      14.50653076171875,
      15.869024276733398,
      15.17580509185791,
      19.801025390625,
      19.967132568359375,
      28.84988784790039,
      27.761428833007812,
      18.969018936157227,
      18.97355842590332,
      2.6093332767486572,
      2.4858763217926025,
      0.17197345197200775,
      0.16329923272132874
    ],
    [
      1.4706792831420898,
      1.2152167558670044,
      0.48708122968673706,
      0.4677467346191406,
      0.9939277768135071,
      0.9777938723564148,
      1.1019753217697144,
      1.1344774961471558,
      1.9857442378997803,
      1.8861889839172363,
      3.7129993438720703,
      3.4788331985473633,
      2.6877572536468506,
      2.6093332767486572,
      1.1436890363693237,
      1.0551389455795288,
      0.18571293354034424,
      0.17354373633861542
    ],
    [
      1.3270180225372314,
      1.0685652494430542,
      0.40096142888069153,
      0.39196470379829407,
      0.9037446975708008,
      0.8745743632316589,
      1.2266128063201904,
      1.2022942304611206,
      1.903161883354187,
      1.7278954982757568,
      3.548610210418701,
      3.3323519229888916,
      2.574476957321167,
      2.4858763217926025,
      1.0551389455795288,
      1.0709294080734253,
      0.17655645310878754,
      0.1659388244152069
    ],
    [
      -0.10991397500038147,
      -0.1917402148246765,
      -0.24614301323890686,
      -0.22551515698432922,
      -0.28327155113220215,
      -0.2468162328004837,
      -0.29931527376174927,
      -0.2565869390964508,
      -0.45568129420280457,
      -0.4221048951148987,
      0.7880109548568726,
      0.8567066788673401,
      0.1807645559310913,
      0.17197345197200775,
      0.18571293354034424,
      0.17655645310878754,
      0.18671998381614685,
      0.16289351880550385
    ],
    [
      -0.1032257229089737,
      -0.18757183849811554,
      -0.23825064301490784,
      -0.22193759679794312,
      -0.2608526349067688,
      -0.24698904156684875,
      -0.2648979425430298,
      -0.23074109852313995,
      -0.41668692231178284,
      -0.38697344064712524,
      0.7419357299804688,
      0.8026898503303528,
      0.16817446053028107,
      0.16329923272132874,
      0.17354373633861542,
      0.1659388244152069,
      0.16289351880550385,
      0.16341684758663177
    ]
  ],
  "damage": -10.94790267944336,
  "diff_bandwidth": 686.3807373046875,
  "dissonance": 5.058000770784487,
  "drr": -0.44394272565841675,
  "dynamics": 3.880479097366333,
  "format": 1245190,
  "frames": 5013440,
  "loudness": -18.17842674255371,
  "loudness_range": 11.520583152770996,
  "loudness_range_short": 13.597970962524414,
  "lowpass_true_peak_15khz": -0.2184266597032547,
  "mastering3_acoustic_entropies": [
    {
      "acoustic_entropy": 7.810359954833984,
      "acoustic_entropy_mono": 7.661662578582764,
      "band_eliminated_acoustic_entropies": [
        {
          "acoustic_entropy": 7.7979416847229,
          "acoustic_entropy_side": 7.810025691986084,
          "hz": 129.47220167065723
        },
        {
          "acoustic_entropy": 7.392153263092041,
          "acoustic_entropy_side": 7.809117794036865,
          "hz": 202.92927478742237
        },
        {
          "acoustic_entropy": 7.922381401062012,
          "acoustic_entropy_side": 7.833742141723633,
          "hz": 282.89161906338205
        },
        {
          "acoustic_entropy": 7.813929080963135,
          "acoustic_entropy_side": 7.922683238983154,
          "hz": 369.9353335868758
        },
        {
          "acoustic_entropy": 8.339038848876953,
          "acoustic_entropy_side": 7.91665506362915,
          "hz": 464.6875360973435
        },
        {
          "acoustic_entropy": 8.545897483825684,
          "acoustic_entropy_side": 7.989187717437744,
          "hz": 567.8308811364784
        },
        {
          "acoustic_entropy": 6.8800506591796875,
          "acoustic_entropy_side": 7.84051513671875,
          "hz": 680.1084783214808
        },
        {
          "acoustic_entropy": 8.012763023376465,
          "acoustic_entropy_side": 7.8967132568359375,
          "hz": 802.3292461747484
        },
        {
          "acoustic_entropy": 7.317360877990723,
          "acoustic_entropy_side": 7.576344966888428,
          "hz": 935.3737400823702
        },
        {
          "acoustic_entropy": 8.450469017028809,
          "acoustic_entropy_side": 7.880212783813477,
          "hz": 1080.2004963696966
        },
        {
          "acoustic_entropy": 7.229220867156982,
          "acoustic_entropy_side": 7.589913845062256,
          "hz": 1237.8529382007157
        },
        {
          "acoustic_entropy": 7.797388076782227,
          "acoustic_entropy_side": 8.491549491882324,
          "hz": 1409.4668930556702
        },
        {
          "acoustic_entropy": 7.673390865325928,
          "acoustic_entropy_side": 8.060538291931152,
          "hz": 1596.2787759475705
        },
        {
          "acoustic_entropy": 7.849647045135498,
          "acoustic_entropy_side": 7.728016376495361,
          "hz": 1799.6344973346393
        },
        {
          "acoustic_entropy": 7.6196112632751465,
          "acoustic_entropy_side": 7.5675458908081055,
          "hz": 2020.9991599069049
        },
        {
          "acoustic_entropy": 7.564249038696289,
          "acoustic_entropy_side": 7.717037677764893,
          "hz": 2261.9676141086993
        },
        {
          "acoustic_entropy": 7.592710494995117,
          "acoustic_entropy_side": 7.678300857543945,
          "hz": 2524.2759484456974
        },
        {
          "acoustic_entropy": 7.655183792114258,
          "acoustic_entropy_side": 7.664279937744141,
          "hz": 2809.813997359896
        },
        {
          "acoustic_entropy": 7.805426597595215,
          "acoustic_entropy_side": 7.805214881896973,
          "hz": 3120.6389567871424
        },
        {
          "acoustic_entropy": 7.809478282928467,
          "acoustic_entropy_side": 7.808320045471191,
          "hz": 3458.990205492291
        },
        {
          "acoustic_entropy": 7.808964729309082,
          "acoustic_entropy_side": 7.809148788452148,
          "hz": 3827.305438964164
        },
        {
          "acoustic_entropy": 7.8104963302612305,
          "acoustic_entropy_side": 7.810755252838135,
          "hz": 4228.238232109126
        },
        {
          "acoustic_entropy": 7.8079681396484375,
          "acoustic_entropy_side": 7.809517860412598,
          "hz": 4664.6771572759235
        },
        {
          "acoustic_entropy": 7.810214519500732,
          "acoustic_entropy_side": 7.810292720794678,
          "hz": 5139.766595350093
        },
        {
          "acoustic_entropy": 7.810311317443848,
          "acoustic_entropy_side": 7.810342311859131,
          "hz": 5656.929389854203
        },
        {
          "acoustic_entropy": 7.810333251953125,
          "acoustic_entropy_side": 7.810357093811035,
          "hz": 6219.891507268283
        },
        {
          "acoustic_entropy": 7.8103532791137695,
          "acoustic_entropy_side": 7.81035852432251,
          "hz": 6832.70888123896
        },
        {
          "acoustic_entropy": 7.810349941253662,
          "acoustic_entropy_side": 7.810357570648193,
          "hz": 7499.796634079867
        },
        {
          "acoustic_entropy": 7.810359954833984,
          "acoustic_entropy_side": 7.810359954833984,
          "hz": 8225.96088609342
        },
        {
          "acoustic_entropy": 7.810360431671143,
          "acoustic_entropy_side": 7.810360431671143,
          "hz": 9016.43338188839
        },
        {
          "acoustic_entropy": 7.810360431671143,
          "acoustic_entropy_side": 7.810360431671143,
          "hz": 9876.909183162974
        },
        {
          "acoustic_entropy": 7.810360431671143,
          "acoustic_entropy_side": 7.810359954833984,
          "hz": 10813.587699516042
        },
        {
          "acoustic_entropy": 7.810359954833984,
          "acoustic_entropy_side": 7.810359954833984,
          "hz": 11833.21735289826
        },
        {
          "acoustic_entropy": 7.810359954833984,
          "acoustic_entropy_side": 7.810359954833984,
          "hz": 12943.144197493959
        },
        {
          "acoustic_entropy": 7.810359954833984,
          "acoustic_entropy_side": 7.810359954833984,
          "hz": 14151.364845322005
        },
        {
          "acoustic_entropy": 7.810359954833984,
          "acoustic_entropy_side": 7.810359954833984,
          "hz": 15466.58407886509
        },
        {
          "acoustic_entropy": 7.810359954833984,
          "acoustic_entropy_side": 7.810359954833984,
          "hz": 16898.27756580493
        },
        {
          "acoustic_entropy": 7.810359954833984,
          "acoustic_entropy_side": 7.810359954833984,
          "hz": 18456.760127700032
        },
        {
          "acoustic_entropy": 7.810359954833984,
          "acoustic_entropy_side": 7.810359954833984,
          "hz": 20153.260054456492
        },
        {
          "acoustic_entropy": 7.810359954833984,
          "acoustic_entropy_side": 7.810359954833984,
          "hz": 22000.00000000001
        }
      ],
      "diff_acoustic_entropy": 6.051507949829102,
      "sn": 6
    },
    {
      "acoustic_entropy": 11.682147979736328,
      "acoustic_entropy_mono": 10.56186580657959,
      "band_eliminated_acoustic_entropies": [
        {
          "acoustic_entropy": 11.598974227905273,
          "acoustic_entropy_side": 11.666007995605469,
          "hz": 129.47220167065723
        },
        {
          "acoustic_entropy": 10.541581153869629,
          "acoustic_entropy_side": 11.846935272216797,
          "hz": 202.92927478742237
        },
        {
          "acoustic_entropy": 11.991734504699707,
          "acoustic_entropy_side": 11.797173500061035,
          "hz": 282.89161906338205
        },
        {
          "acoustic_entropy": 11.850825309753418,
          "acoustic_entropy_side": 11.621445655822754,
          "hz": 369.9353335868758
        },
        {
          "acoustic_entropy": 12.031827926635742,
          "acoustic_entropy_side": 11.701091766357422,
          "hz": 464.6875360973435
        },
        {
          "acoustic_entropy": 12.233806610107422,
          "acoustic_entropy_side": 11.496099472045898,
          "hz": 567.8308811364784
        },
        {
          "acoustic_entropy": 10.729329109191895,
          "acoustic_entropy_side": 11.35077953338623,
          "hz": 680.1084783214808
        },
        {
          "acoustic_entropy": 11.99965763092041,
          "acoustic_entropy_side": 12.022326469421387,
          "hz": 802.3292461747484
        },
        {
          "acoustic_entropy": 11.253312110900879,
          "acoustic_entropy_side": 11.409076690673828,
          "hz": 935.3737400823702
        },
        {
          "acoustic_entropy": 11.644209861755371,
          "acoustic_entropy_side": 11.944172859191895,
          "hz": 1080.2004963696966
        },
        {
          "acoustic_entropy": 11.281042098999023,
          "acoustic_entropy_side": 11.610639572143555,
          "hz": 1237.8529382007157
        },
        {
          "acoustic_entropy": 11.791743278503418,
          "acoustic_entropy_side": 12.037092208862305,
          "hz": 1409.4668930556702
        },
        {
          "acoustic_entropy": 11.459737777709961,
          "acoustic_entropy_side": 11.822425842285156,
          "hz": 1596.2787759475705
        },
        {
          "acoustic_entropy": 11.797670364379883,
          "acoustic_entropy_side": 11.715872764587402,
          "hz": 1799.6344973346393
        },
        {
          "acoustic_entropy": 11.357402801513672,
          "acoustic_entropy_side": 11.459427833557129,
          "hz": 2020.9991599069049
        },
        {
          "acoustic_entropy": 11.840150833129883,
          "acoustic_entropy_side": 11.915842056274414,
          "hz": 2261.9676141086993
        },
        {
          "acoustic_entropy": 12.05041790008545,
          "acoustic_entropy_side": 12.039326667785645,
          "hz": 2524.2759484456974
        },
        {
          "acoustic_entropy": 11.638718605041504,
          "acoustic_entropy_side": 11.485994338989258,
          "hz": 2809.813997359896
        },
        {
          "acoustic_entropy": 11.763908386230469,
          "acoustic_entropy_side": 11.723065376281738,
          "hz": 3120.6389567871424
        },
        {
          "acoustic_entropy": 11.716469764709473,
          "acoustic_entropy_side": 11.696410179138184,
          "hz": 3458.990205492291
        },
        {
          "acoustic_entropy": 11.760266304016113,
          "acoustic_entropy_side": 11.728153228759766,
          "hz": 3827.305438964164
        },
        {
          "acoustic_entropy": 11.78659725189209,
          "acoustic_entropy_side": 11.734713554382324,
          "hz": 4228.238232109126
        },
        {
          "acoustic_entropy": 11.698119163513184,
          "acoustic_entropy_side": 11.689391136169434,
          "hz": 4664.6771572759235
        },
        {
          "acoustic_entropy": 11.684627532958984,
          "acoustic_entropy_side": 11.683294296264648,
          "hz": 5139.766595350093
        },
        {
          "acoustic_entropy": 11.68254280090332,
          "acoustic_entropy_side": 11.682275772094727,
          "hz": 5656.929389854203
        },
        {
          "acoustic_entropy": 11.682504653930664,
          "acoustic_entropy_side": 11.68224811553955,
          "hz": 6219.891507268283
        },
        {
          "acoustic_entropy": 11.682286262512207,
          "acoustic_entropy_side": 11.682175636291504,
          "hz": 6832.70888123896
        },
        {
          "acoustic_entropy": 11.682217597961426,
          "acoustic_entropy_side": 11.682180404663086,
          "hz": 7499.796634079867
        },
        {
          "acoustic_entropy": 11.682173728942871,
          "acoustic_entropy_side": 11.682161331176758,
          "hz": 8225.96088609342
        },
        {
          "acoustic_entropy": 11.68215560913086,
          "acoustic_entropy_side": 11.682151794433594,
          "hz": 9016.43338188839
        },
        {
          "acoustic_entropy": 11.682147979736328,
          "acoustic_entropy_side": 11.682147979736328,
          "hz": 9876.909183162974
        },
        {
          "acoustic_entropy": 11.682147979736328,
          "acoustic_entropy_side": 11.682147979736328,
          "hz": 10813.587699516042
        },
        {
          "acoustic_entropy": 11.682147979736328,
          "acoustic_entropy_side": 11.682147979736328,
          "hz": 11833.21735289826
        },
        {
          "acoustic_entropy": 11.682147979736328,
          "acoustic_entropy_side": 11.682147979736328,
          "hz": 12943.144197493959
        },
        {
          "acoustic_entropy": 11.682147979736328,
          "acoustic_entropy_side": 11.682147979736328,
          "hz": 14151.364845322005
        },
        {
          "acoustic_entropy": 11.682147979736328,
          "acoustic_entropy_side": 11.682147979736328,
          "hz": 15466.58407886509
        },
        {
          "acoustic_entropy": 11.682147979736328,
          "acoustic_entropy_side": 11.682147979736328,
          "hz": 16898.27756580493
        },
        {
          "acoustic_entropy": 11.682147979736328,
          "acoustic_entropy_side": 11.682147979736328,
          "hz": 18456.760127700032
        },
        {
          "acoustic_entropy": 11.682147979736328,
          "acoustic_entropy_side": 11.682147979736328,
          "hz": 20153.260054456492
        },
        {
          "acoustic_entropy": 11.682147979736328,
          "acoustic_entropy_side": 11.682147979736328,
          "hz": 22000.00000000001
        }
      ],
      "diff_acoustic_entropy": 8.183197021484375,
      "sn": 12
    },
    {
      "acoustic_entropy": 18.364957809448242,
      "acoustic_entropy_mono": 15.245882034301758,
      "band_eliminated_acoustic_entropies": [
        {
          "acoustic_entropy": 18.267337799072266,
          "acoustic_entropy_side": 18.447664260864258,
          "hz": 129.47220167065723
        },
        {
          "acoustic_entropy": 18.505718231201172,
          "acoustic_entropy_side": 19.07163429260254,
          "hz": 202.92927478742237
        },
        {
          "acoustic_entropy": 18.57916831970215,
          "acoustic_entropy_side": 18.500221252441406,
          "hz": 282.89161906338205
        },
        {
          "acoustic_entropy": 19.320520401000977,
          "acoustic_entropy_side": 18.471351623535156,
          "hz": 369.9353335868758
        },
        {
          "acoustic_entropy": 18.06146240234375,
          "acoustic_entropy_side": 18.700511932373047,
          "hz": 464.6875360973435
        },
        {
          "acoustic_entropy": 18.281099319458008,
          "acoustic_entropy_side": 17.885129928588867,
          "hz": 567.8308811364784
        },
        {
          "acoustic_entropy": 17.39775848388672,
          "acoustic_entropy_side": 19.27546501159668,
          "hz": 680.1084783214808
        },
        {
          "acoustic_entropy": 18.532548904418945,
          "acoustic_entropy_side": 18.414329528808594,
          "hz": 802.3292461747484
        },
        {
          "acoustic_entropy": 18.131912231445312,
          "acoustic_entropy_side": 18.273841857910156,
          "hz": 935.3737400823702
        },
        {
          "acoustic_entropy": 18.691036224365234,
          "acoustic_entropy_side": 18.291887283325195,
          "hz": 1080.2004963696966
        },
        {
          "acoustic_entropy": 17.523902893066406,
          "acoustic_entropy_side": 17.651161193847656,
          "hz": 1237.8529382007157
        },
        {
          "acoustic_entropy": 19.198806762695312,
          "acoustic_entropy_side": 19.645050048828125,
          "hz": 1409.4668930556702
        },
        {
          "acoustic_entropy": 18.34421730041504,
          "acoustic_entropy_side": 18.684925079345703,
          "hz": 1596.2787759475705
        },
        {
          "acoustic_entropy": 18.235149383544922,
          "acoustic_entropy_side": 18.537731170654297,
          "hz": 1799.6344973346393
        },
        {
          "acoustic_entropy": 18.02922821044922,
          "acoustic_entropy_side": 18.633567810058594,
          "hz": 2020.9991599069049
        },
        {
          "acoustic_entropy": 17.689685821533203,
          "acoustic_entropy_side": 17.990867614746094,
          "hz": 2261.9676141086993
        },
        {
          "acoustic_entropy": 17.949270248413086,
          "acoustic_entropy_side": 18.24982452392578,
