{
  "acoustic_entropy": 204.25071716308594,
  "bands": [
    {
      "high_freq": 148.1999969482422,
      "loudness": -34.394775390625,
      "loudness_range": 34.53785705566406,
      "mid_mean": -34.051551818847656,
      "mid_to_side_loudness": -4.3704304695129395,
      "mid_to_side_loudness_range": 10.910669326782227,
      "side_mean": -39.47450637817383
    },
    {
      "high_freq": 392.3793640136719,
      "loudness": -27.424856185913086,
      "loudness_range": 14.060508728027344,
      "low_freq": 148.1999969482422,
      "mid_mean": -25.54230308532715,
      "mid_to_side_loudness": -3.3604695796966553,
      "mid_to_side_loudness_range": 8.858406066894531,
      "side_mean": -29.57356071472168
    },
    {
      "high_freq": 794.6976318359375,
      "loudness": -28.143949508666992,
      "loudness_range": 11.618755340576172,
      "low_freq": 392.3793640136719,
      "mid_mean": -25.912494659423828,
      "mid_to_side_loudness": -4.091684818267822,
      "mid_to_side_loudness_range": 7.498473167419434,
      "side_mean": -30.69620704650879
    },
    {
      "high_freq": 1457.5709228515625,
      "loudness": -30.207210540771484,
      "loudness_range": 11.054780960083008,
      "low_freq": 794.6976318359375,
      "mid_mean": -28.063064575195312,
      "mid_to_side_loudness": -3.6054728031158447,
      "mid_to_side_loudness_range": 6.361452102661133,
      "side_mean": -32.25574493408203
    },
    {
      "high_freq": 2549.74365234375,
      "loudness": -29.392642974853516,
      "loudness_range": 11.319852828979492,
      "low_freq": 1457.5709228515625,
      "mid_mean": -27.47124671936035,
      "mid_to_side_loudness": -3.0811767578125,
      "mid_to_side_loudness_range": 4.863967418670654,
      "side_mean": -30.99041748046875
    },
    {
      "high_freq": 4349.24462890625,
      "loudness": -33.362613677978516,
      "loudness_range": 15.453022003173828,
      "low_freq": 2549.74365234375,
      "mid_mean": -31.69927978515625,
      "mid_to_side_loudness": -2.4714672565460205,
      "mid_to_side_loudness_range": 3.9802355766296387,
      "side_mean": -34.49008560180664
    },
    {
      "high_freq": 7314.1640625,
      "loudness": -44.58590316772461,
      "loudness_range": 18.033409118652344,
      "low_freq": 4349.24462890625,
      "mid_mean": -43.59098815917969,
      "mid_to_side_loudness": -1.5095129013061523,
      "mid_to_side_loudness_range": 2.3824667930603027,
      "side_mean": -45.33747863769531
    },
    {
      "high_freq": 12199.2666015625,
      "loudness": -56.084415435791016,
      "loudness_range": 16.123653411865234,
      "low_freq": 7314.1640625,
      "mid_mean": -57.50279235839844,
      "mid_to_side_loudness": 0.6088201999664307,
      "mid_to_side_loudness_range": 1.7325570583343506,
      "side_mean": -56.9153938293457
    },
    {
      "loudness": -67.38800048828125,
      "loudness_range": 15.947010040283203,
      "low_freq": 12199.2666015625,
      "mid_mean": -65.78356170654297,
      "mid_to_side_loudness": 2.0009777545928955,
      "mid_to_side_loudness_range": 4.823566436767578,
      "side_mean": -64.4317398071289
    }
  ],
  "bands_short": [
    {
      "high_freq": 148.1999969482422,
      "loudness": -39.473426818847656,
      "loudness_range": 35.16424560546875,
      "mid_mean": -37.955772399902344,
      "mid_to_side_loudness": -3.822662830352783,
      "mid_to_side_loudness_range": 16.261497497558594,
      "side_mean": -42.447120666503906
    },
    {
      "high_freq": 392.3793640136719,
      "loudness": -27.811986923217773,
      "loudness_range": 17.44426727294922,
      "low_freq": 148.1999969482422,
      "mid_mean": -26.161209106445312,
      "mid_to_side_loudness": -3.4672954082489014,
      "mid_to_side_loudness_range": 12.528817176818848,
      "side_mean": -30.465574264526367
    },
    {
      "high_freq": 794.6976318359375,
      "loudness": -28.71184730529785,
      "loudness_range": 15.653289794921875,
      "low_freq": 392.3793640136719,
      "mid_mean": -26.72203826904297,
      "mid_to_side_loudness": -3.8820676803588867,
      "mid_to_side_loudness_range": 10.694597244262695,
      "side_mean": -31.238340377807617
    },
    {
      "high_freq": 1457.5709228515625,
      "loudness": -30.57037353515625,
      "loudness_range": 14.735292434692383,
      "low_freq": 794.6976318359375,
      "mid_mean": -28.65497589111328,
      "mid_to_side_loudness": -3.372307538986206,
      "mid_to_side_loudness_range": 8.927068710327148,
      "side_mean": -32.58371353149414
    },
    {
      "high_freq": 2549.74365234375,
      "loudness": -30.23008155822754,
      "loudness_range": 14.991943359375,
      "low_freq": 1457.5709228515625,
      "mid_mean": -28.453174591064453,
      "mid_to_side_loudness": -2.893950939178467,
      "mid_to_side_loudness_range": 6.981734752655029,
      "side_mean": -31.74188232421875
    },
    {
      "high_freq": 4349.24462890625,
      "loudness": -33.97734069824219,
      "loudness_range": 18.14811897277832,
      "low_freq": 2549.74365234375,
      "mid_mean": -32.39052200317383,
      "mid_to_side_loudness": -2.3530404567718506,
      "mid_to_side_loudness_range": 5.89821195602417,
      "side_mean": -35.076271057128906
    },
    {
      "high_freq": 7314.1640625,
      "loudness": -45.29066848754883,
      "loudness_range": 19.881427764892578,
      "low_freq": 4349.24462890625,
      "mid_mean": -44.41429138183594,
      "mid_to_side_loudness": -1.4796314239501953,
      "mid_to_side_loudness_range": 3.8508074283599854,
      "side_mean": -46.16648483276367
    },
    {
      "high_freq": 12199.2666015625,
      "loudness": -57.036720275878906,
      "loudness_range": 19.041946411132812,
      "low_freq": 7314.1640625,
      "mid_mean": -58.162357330322266,
      "mid_to_side_loudness": 0.589131236076355,
      "mid_to_side_loudness_range": 2.815934658050537,
      "side_mean": -57.6040153503418
    },
    {
      "loudness": -68.31837463378906,
      "loudness_range": 19.17441177368164,
      "low_freq": 12199.2666015625,
      "mid_mean": -66.07020568847656,
      "mid_to_side_loudness": 2.002934694290161,
      "mid_to_side_loudness_range": 5.19520902633667,
      "side_mean": -64.8031005859375
    }
  ],
  "bandwidth": 574.625,
  "channels": 2,
  "covariance": [
    [
      191.0740966796875,
      165.22898864746094,
      46.382049560546875,
      49.433631896972656,
      11.124003410339355,
      15.841625213623047,
      7.550650119781494,
      6.044926643371582,
      5.50747013092041,
      4.7744269371032715,
      6.257249355316162,
      6.972780227661133,
      5.6617560386657715,
      8.123026847839355,
      17.83145523071289,
      19.351564407348633,
      14.533690452575684,
      18.370866775512695
    ],
    [
      165.22898864746094,
      156.65086364746094,
      40.63780212402344,
      43.34387969970703,
      9.729769706726074,
      13.78817081451416,
      5.8568925857543945,
      4.458927631378174,
      4.978574275970459,
      4.573027610778809,
      6.11648416519165,
      6.9170660972595215,
      6.045623302459717,
      8.329237937927246,
      18.293380737304688,
      19.73244285583496,
      13.410486221313477,
      17.07822036743164
    ],
    [
      46.382049560546875,
      40.63780212402344,
      37.60565185546875,
      31.599956512451172,
      14.103312492370605,
      16.526424407958984,
      12.145180702209473,
      11.556700706481934,
      13.206480026245117,
      13.93796443939209,
      12.679821968078613,
      13.178444862365723,
      11.715099334716797,
      13.67443561553955,
      15.208126068115234,
      15.72720718383789,
      7.555875301361084,
      9.699294090270996
    ],
    [
      49.433631896972656,
      43.34387969970703,
      31.599956512451172,
      37.768497467041016,
      11.487607955932617,
      15.357097625732422,
      10.845592498779297,
      10.869487762451172,
      9.27336597442627,
      10.005051612854004,
      8.267293930053711,
      9.025988578796387,
      7.541862964630127,
      9.168665885925293,
      14.140664100646973,
      14.609583854675293,
      7.081949710845947,
      8.840147018432617
    ],
    [
      11.124003410339355,
      9.729769706726074,
      14.103312492370605,
      11.487607955932617,
      25.561100006103516,
      22.155420303344727,
      17.894582748413086,
      15.298848152160645,
      18.651981353759766,
      18.922157287597656,
      21.96098518371582,
      22.198402404785156,
      23.35405921936035,
      24.31201171875,
      21.82976531982422,
      22.382993698120117,
      9.745555877685547,
      12.014719009399414
    ],
    [
      15.841625213623047,
      13.78817081451416,
      16.526424407958984,
      15.357097625732422,
      22.155420303344727,
      27.438602447509766,
      16.782779693603516,
      17.0877685546875,
      18.968353271484375,
      19.96965789794922,
      20.72022819519043,
      21.08049201965332,
      22.622907638549805,
      24.621253967285156,
      23.821861267089844,
      24.421716690063477,
      10.464152336120605,
      12.886893272399902
    ],
    [
      7.550650119781494,
      5.8568925857543945,
      12.145180702209473,
      10.845592498779297,
      17.894582748413086,
      16.782779693603516,
      23.369935989379883,
      18.832923889160156,
      18.748708724975586,
      18.73750877380371,
      22.192848205566406,
      22.687524795532227,
      24.212862014770508,
      25.77971839904785,
      22.13440704345703,
      22.581371307373047,
      10.984164237976074,
      13.120748519897461
    ],
    [
      6.044926643371582,
      4.458927631378174,
      11.556700706481934,
      10.869487762451172,
      15.298848152160645,
      17.0877685546875,
      18.832923889160156,
      21.42705726623535,
      16.850173950195312,
      17.654550552368164,
      19.226200103759766,
      19.94113540649414,
      21.218734741210938,
      23.198118209838867,
      20.883724212646484,
      21.253385543823242,
      9.778826713562012,
      11.479779243469238
    ],
    [
      5.50747013092041,
      4.978574275970459,
      13.206480026245117,
      9.27336597442627,
      18.651981353759766,
      18.968353271484375,
      18.748708724975586,
      16.850173950195312,
      25.468780517578125,
      24.243358612060547,
      26.375324249267578,
      26.930973052978516,
      28.943605422973633,
      30.85515594482422,
      24.6363582611084,
      24.938905715942383,
      11.18260383605957,
      13.287672996520996
    ],
    [
      4.7744269371032715,
      4.573027610778809,
      13.93796443939209,
      10.005051612854004,
      18.922157287597656,
      19.96965789794922,
      18.73750877380371,
      17.654550552368164,
      24.243358612060547,
      26.11858558654785,
      25.95261573791504,
      26.58980369567871,
      28.74807357788086,
      31.079376220703125,
      25.109573364257812,
      25.46731948852539,
      11.247591018676758,
      13.317066192626953
    ],
    [
      6.257249355316162,
      6.11648416519165,
      12.679821968078613,
      8.267293930053711,
      21.96098518371582,
      20.72022819519043,
      22.192848205566406,
      19.226200103759766,
      26.375324249267578,
      25.95261573791504,
      35.761356353759766,
      35.273502349853516,
      38.56166458129883,
      39.430206298828125,
      30.79815673828125,
      31.12578582763672,
      15.061080932617188,
      17.618181228637695
    ],
    [
      6.972780227661133,
      6.9170660972595215,
      13.178444862365723,
      9.025988578796387,
      22.198402404785156,
      21.08049201965332,
      22.687524795532227,
      19.94113540649414,
      26.930973052978516,
      26.58980369567871,
      35.273502349853516,
      36.34550094604492,
      38.807220458984375,
      40.277923583984375,
      31.04623031616211,
      31.3437557220459,
      15.084451675415039,
      17.507450103759766
    ],
    [
      5.6617560386657715,
      6.045623302459717,
      11.715099334716797,
      7.541862964630127,
      23.35405921936035,
      22.622907638549805,
      24.212862014770508,
      21.218734741210938,
      28.943605422973633,
      28.74807357788086,
      38.56166458129883,
      38.807220458984375,
      45.59513473510742,
      45.89503860473633,
      36.43426513671875,
      36.80097579956055,
      18.26472282409668,
      21.107376098632812
    ],
    [
      8.123026847839355,
      8.329237937927246,
      13.67443561553955,
      9.168665885925293,
      24.31201171875,
      24.621253967285156,
      25.77971839904785,
      23.198118209838867,
      30.85515594482422,
      31.079376220703125,
      39.430206298828125,
      40.277923583984375,
      45.89503860473633,
      48.74232482910156,
      38.17906188964844,
      38.596134185791016,
      19.03049087524414,
      21.964399337768555
    ],
    [
      17.83145523071289,
      18.293380737304688,
      15.208126068115234,
      14.140664100646973,
      21.82976531982422,
      23.821861267089844,
      22.13440704345703,
      20.883724212646484,
      24.6363582611084,
      25.109573364257812,
      30.79815673828125,
      31.04623031616211,
      36.43426513671875,
      38.17906188964844,
      50.92378234863281,
      52.31709671020508,
      22.34734535217285,
      27.42487907409668
    ],
    [
      19.351564407348633,
      19.73244285583496,
      15.72720718383789,
      14.609583854675293,
      22.382993698120117,
      24.421716690063477,
      22.581371307373047,
      21.253385543823242,
      24.938905715942383,
      25.46731948852539,
      31.12578582763672,
      31.3437557220459,
      36.80097579956055,
      38.596134185791016,
      52.31709671020508,
      53.92005920410156,
      22.887130737304688,
      28.262264251708984
    ],
    [
      14.533690452575684,
      13.410486221313477,
      7.555875301361084,
      7.081949710845947,
      9.745555877685547,
      10.464152336120605,
      10.984164237976074,
      9.778826713562012,
      11.18260383605957,
      11.247591018676758,
      15.061080932617188,
      15.084451675415039,
      18.26472282409668,
      19.03049087524414,
      22.34734535217285,
      22.887130737304688,
      11.927905082702637,
      13.91588020324707
    ],
    [
      18.370866775512695,
      17.07822036743164,
      9.699294090270996,
      8.840147018432617,
      12.014719009399414,
      12.886893272399902,
      13.120748519897461,
      11.479779243469238,
      13.287672996520996,
      13.317066192626953,
      17.618181228637695,
      17.507450103759766,
      21.107376098632812,
      21.964399337768555,
      27.42487907409668,
      28.262264251708984,
      13.91588020324707,
      17.059226989746094
    ]
  ],
  "covariance_short": [
    [
      186.51014709472656,
      153.7672119140625,
      60.342594146728516,
      56.265113830566406,
      13.76492691040039,
      14.494324684143066,
      10.932645797729492,
      8.092745780944824,
      6.0456366539001465,
      5.100432395935059,
      5.596316337585449,
      5.801547527313232,
      6.657863140106201,
      8.839456558227539,
      18.241701126098633,
      19.502147674560547,
      15.123257637023926,
      19.10186767578125
    ],
    [
      153.7672119140625,
      151.02392578125,
      49.73003387451172,
      50.136444091796875,
      9.526052474975586,
      11.394979476928711,
      7.107259750366211,
      5.599620342254639,
      1.3707275390625,
      1.3469972610473633,
      1.4570716619491577,
      2.603347063064575,
      2.409593343734741,
      4.179898738861084,
      13.577988624572754,
      14.670795440673828,
      11.587639808654785,
      14.57783317565918
    ],
    [
      60.342594146728516,
      49.73003387451172,
      56.748844146728516,
      42.123695373535156,
      21.084178924560547,
      20.740726470947266,
      16.11859893798828,
      15.029541015625,
      15.425086975097656,
      14.97559928894043,
      15.561250686645508,
      15.35191535949707,
      13.81733512878418,
      15.840439796447754,
      18.51514434814453,
      19.15673828125,
      8.889771461486816,
      11.560988426208496
    ],
    [
      56.265113830566406,
      50.136444091796875,
      42.123695373535156,
      53.17853546142578,
      16.95049285888672,
      18.947555541992188,
      13.470255851745605,
      13.121259689331055,
      11.453743934631348,
      11.14074993133545,
      10.546703338623047,
      10.93809986114502,
      9.3756103515625,
      11.18370532989502,
      15.919574737548828,
      16.395416259765625,
      7.651503562927246,
      9.757126808166504
    ],
    [
      13.76492691040039,
      9.526052474975586,
      21.084178924560547,
      16.95049285888672,
      38.350162506103516,
      28.475080490112305,
      26.041913986206055,
      22.36263084411621,
      26.400300979614258,
      24.998502731323242,
      29.82604217529297,
      28.620088577270508,
      30.26897621154785,
      31.296245574951172,
      27.489049911499023,
      28.20732307434082,
      12.156685829162598,
      15.238887786865234
    ],
    [
      14.494324684143066,
      11.394979476928711,
      20.740726470947266,
      18.947555541992188,
      28.475080490112305,
      34.96183395385742,
      23.144006729125977,
      21.31320571899414,
      24.071687698364258,
      23.53413200378418,
      26.194740295410156,
      25.656816482543945,
      27.337072372436523,
      29.103605270385742,
      26.636001586914062,
      27.318113327026367,
      11.483219146728516,
      14.262582778930664
    ],
    [
      10.932645797729492,
      7.107259750366211,
      16.11859893798828,
      13.470255851745605,
      26.041913986206055,
      23.144006729125977,
      35.51990509033203,
      26.660154342651367,
      28.594928741455078,
      26.801620483398438,
      32.95598220825195,
      32.243751525878906,
      34.93444061279297,
      36.29895782470703,
      29.721860885620117,
      30.407251358032227,
      14.14720630645752,
      17.06800651550293
    ],
    [
      8.092745780944824,
      5.599620342254639,
      15.029541015625,
      13.121259689331055,
      22.36263084411621,
      21.31320571899414,
      26.660154342651367,
      29.021818161010742,
      24.04471778869629,
      23.31311798095703,
      27.156808853149414,
      27.015783309936523,
      29.015689849853516,
      31.031986236572266,
      26.150175094604492,
      26.726558685302734,
      11.931236267089844,
      14.183775901794434
    ],
    [
      6.0456366539001465,
      1.3707275390625,
      15.425086975097656,
      11.453743934631348,
      26.400300979614258,
      24.071687698364258,
      28.594928741455078,
      24.04471778869629,
      37.325225830078125,
      31.843055725097656,
      37.47551727294922,
      36.21665954589844,
      39.57699203491211,
      41.1788215637207,
      32.1007080078125,
      32.68424987792969,
      14.240294456481934,
      17.279916763305664
    ],
    [
      5.100432395935059,
      1.3469972610473633,
      14.97559928894043,
      11.14074993133545,
      24.998502731323242,
      23.53413200378418,
      26.801620483398438,
      23.31311798095703,
      31.843055725097656,
      32.97110366821289,
      34.11045837402344,
      33.543758392333984,
      36.49882125854492,
      38.293739318847656,
      30.132123947143555,
      30.72214126586914,
      13.368042945861816,
      16.08097267150879
    ],
    [
      5.596316337585449,
      1.4570716619491577,
      15.561250686645508,
      10.546703338623047,
      29.82604217529297,
      26.194740295410156,
      32.95598220825195,
      27.156808853149414,
      37.47551727294922,
      34.11045837402344,
      49.84584426879883,
      45.83176040649414,
      50.547630310058594,
      50.7093391418457,
      39.73271179199219,
      40.38420867919922,
      18.56183624267578,
      22.132797241210938
    ],
    [
      5.801547527313232,
      2.603347063064575,
      15.35191535949707,
      10.93809986114502,
      28.620088577270508,
      25.656816482543945,
      32.243751525878906,
      27.015783309936523,
      36.21665954589844,
      33.543758392333984,
      45.83176040649414,
      46.65325164794922,
      48.96926498413086,
      49.5810432434082,
      38.36601257324219,
      38.93059158325195,
      17.883590698242188,
      21.096261978149414
    ],
    [
      6.657863140106201,
      2.409593343734741,
      13.81733512878418,
      9.3756103515625,
      30.26897621154785,
      27.337072372436523,
      34.93444061279297,
      29.015689849853516,
      39.57699203491211,
      36.49882125854492,
      50.547630310058594,
      48.96926498413086,
      58.69032287597656,
      57.33644104003906,
      45.04035949707031,
      45.7591667175293,
      21.53757667541504,
      25.40709686279297
    ],
    [
      8.839456558227539,
      4.179898738861084,
      15.840439796447754,
      11.18370532989502,
      31.296245574951172,
      29.103605270385742,
      36.29895782470703,
      31.031986236572266,
      41.1788215637207,
      38.293739318847656,
      50.7093391418457,
      49.5810432434082,
      57.33644104003906,
      60.58404541015625,
      46.433963775634766,
      47.210113525390625,
      22.0582332611084,
      25.995512008666992
    ],
    [
      18.241701126098633,
      13.577988624572754,
      18.51514434814453,
      15.919574737548828,
      27.489049911499023,
      26.636001586914062,
      29.721860885620117,
      26.150175094604492,
      32.1007080078125,
      30.132123947143555,
      39.73271179199219,
      38.36601257324219,
      45.04035949707031,
      46.433963775634766,
      55.562252044677734,
      56.885494232177734,
      24.209197998046875,
      29.74713706970215
    ],
    [
      19.502147674560547,
      14.670795440673828,
      19.15673828125,
      16.395416259765625,
      28.20732307434082,
      27.318113327026367,
      30.407251358032227,
      26.726558685302734,
      32.68424987792969,
      30.72214126586914,
      40.38420867919922,
      38.93059158325195,
      45.7591667175293,
      47.210113525390625,
      56.885494232177734,
      58.908226013183594,
      24.851890563964844,
      30.701051712036133
    ],
    [
      15.123257637023926,
      11.587639808654785,
      8.889771461486816,
      7.651503562927246,
      12.156685829162598,
      11.483219146728516,
      14.14720630645752,
      11.931236267089844,
      14.240294456481934,
      13.368042945861816,
      18.56183624267578,
      17.883590698242188,
      21.53757667541504,
      22.0582332611084,
      24.209197998046875,
      24.851890563964844,
      13.218443870544434,
      15.378596305847168
    ],
    [
      19.10186767578125,
      14.57783317565918,
      11.560988426208496,
      9.757126808166504,
      15.238887786865234,
      14.262582778930664,
      17.06800651550293,
      14.183775901794434,
      17.279916763305664,
      16.08097267150879,
      22.132797241210938,
      21.096261978149414,
      25.40709686279297,
      25.995512008666992,
      29.74713706970215,
      30.701051712036133,
      15.378596305847168,
      18.927610397338867
    ]
  ],
  "damage": -12.4929780960083,
  "diff_bandwidth": 581.2509155273438,
  "dissonance": 6.786262492414817,
  "drr": 7.791831970214844,
  "dynamics": 3.4442965984344482,
  "format": 1245190,
  "frames": 4476444,
  "loudness": -17.083507537841797,
  "loudness_range": 9.197370529174805,
  "loudness_range_short": 11.858478546142578,
  "lowpass_true_peak_15khz": 0.02328270487487316,
  "mastering3_acoustic_entropies": [
    {
      "acoustic_entropy": 5.91462516784668,
      "acoustic_entropy_mono": 6.258885860443115,
      "band_eliminated_acoustic_entropies": [
        {
          "acoustic_entropy": 5.885172367095947,
          "acoustic_entropy_side": 5.9172186851501465,
          "hz": 129.47220167065723
        },
        {
          "acoustic_entropy": 5.2390947341918945,
          "acoustic_entropy_side": 5.907871723175049,
          "hz": 202.92927478742237
        },
        {
          "acoustic_entropy": 5.667987823486328,
          "acoustic_entropy_side": 5.838620662689209,
          "hz": 282.89161906338205
        },
        {
          "acoustic_entropy": 5.9582319259643555,
          "acoustic_entropy_side": 5.892020225524902,
          "hz": 369.9353335868758
        },
        {
          "acoustic_entropy": 6.021794319152832,
          "acoustic_entropy_side": 6.2529826164245605,
          "hz": 464.6875360973435
        },
        {
          "acoustic_entropy": 6.042907238006592,
          "acoustic_entropy_side": 5.978227615356445,
          "hz": 567.8308811364784
        },
        {
          "acoustic_entropy": 5.826115608215332,
          "acoustic_entropy_side": 5.9543280601501465,
          "hz": 680.1084783214808
        },
        {
          "acoustic_entropy": 5.722911357879639,
          "acoustic_entropy_side": 5.798595905303955,
          "hz": 802.3292461747484
        },
        {
          "acoustic_entropy": 6.148387432098389,
          "acoustic_entropy_side": 5.884309768676758,
          "hz": 935.3737400823702
        },
        {
          "acoustic_entropy": 6.556342124938965,
          "acoustic_entropy_side": 6.127076148986816,
          "hz": 1080.2004963696966
        },
        {
          "acoustic_entropy": 5.930562496185303,
          "acoustic_entropy_side": 5.876954555511475,
          "hz": 1237.8529382007157
        },
        {
          "acoustic_entropy": 6.055214881896973,
          "acoustic_entropy_side": 5.75667142868042,
          "hz": 1409.4668930556702
        },
        {
          "acoustic_entropy": 5.790802955627441,
          "acoustic_entropy_side": 5.876615524291992,
          "hz": 1596.2787759475705
        },
        {
          "acoustic_entropy": 6.197198867797852,
          "acoustic_entropy_side": 5.983872890472412,
          "hz": 1799.6344973346393
        },
        {
          "acoustic_entropy": 5.769437789916992,
          "acoustic_entropy_side": 5.800241947174072,
          "hz": 2020.9991599069049
        },
        {
          "acoustic_entropy": 6.046117782592773,
          "acoustic_entropy_side": 5.988584518432617,
          "hz": 2261.9676141086993
        },
        {
          "acoustic_entropy": 5.826677322387695,
          "acoustic_entropy_side": 5.790903568267822,
          "hz": 2524.2759484456974
        },
        {
          "acoustic_entropy": 5.707441329956055,
          "acoustic_entropy_side": 5.83524227142334,
          "hz": 2809.813997359896
        },
        {
          "acoustic_entropy": 5.856498718261719,
          "acoustic_entropy_side": 5.880046844482422,
          "hz": 3120.6389567871424
        },
        {
          "acoustic_entropy": 6.062565326690674,
          "acoustic_entropy_side": 6.011737823486328,
          "hz": 3458.990205492291
        },
        {
          "acoustic_entropy": 5.7881317138671875,
          "acoustic_entropy_side": 5.856922626495361,
          "hz": 3827.305438964164
        },
        {
          "acoustic_entropy": 5.925536155700684,
          "acoustic_entropy_side": 5.892314910888672,
          "hz": 4228.238232109126
        },
        {
          "acoustic_entropy": 5.972045421600342,
          "acoustic_entropy_side": 5.946766376495361,
          "hz": 4664.6771572759235
        },
        {
          "acoustic_entropy": 5.934626579284668,
          "acoustic_entropy_side": 5.920775890350342,
          "hz": 5139.766595350093
        },
        {
          "acoustic_entropy": 5.937763214111328,
          "acoustic_entropy_side": 5.9235358238220215,
          "hz": 5656.929389854203
        },
        {
          "acoustic_entropy": 5.928555011749268,
          "acoustic_entropy_side": 5.918549537658691,
          "hz": 6219.891507268283
        },
        {
          "acoustic_entropy": 5.9630584716796875,
          "acoustic_entropy_side": 5.93312406539917,
          "hz": 6832.70888123896
        },
        {
          "acoustic_entropy": 5.922088623046875,
          "acoustic_entropy_side": 5.917531490325928,
          "hz": 7499.796634079867
        },
        {
          "acoustic_entropy": 5.912912845611572,
          "acoustic_entropy_side": 5.91377592086792,
          "hz": 8225.96088609342
        },
        {
          "acoustic_entropy": 5.914815425872803,
          "acoustic_entropy_side": 5.914741039276123,
          "hz": 9016.43338188839
        },
        {
          "acoustic_entropy": 5.91465950012207,
          "acoustic_entropy_side": 5.914660930633545,
          "hz": 9876.909183162974
        },
        {
          "acoustic_entropy": 5.914739608764648,
          "acoustic_entropy_side": 5.914707660675049,
          "hz": 10813.587699516042
        },
        {
          "acoustic_entropy": 5.914692401885986,
          "acoustic_entropy_side": 5.9146647453308105,
          "hz": 11833.21735289826
        },
        {
          "acoustic_entropy": 5.914629936218262,
          "acoustic_entropy_side": 5.914623260498047,
          "hz": 12943.144197493959
        },
        {
          "acoustic_entropy": 5.914644241333008,
          "acoustic_entropy_side": 5.914638042449951,
          "hz": 14151.364845322005
        },
        {
          "acoustic_entropy": 5.914633750915527,
          "acoustic_entropy_side": 5.914631366729736,
          "hz": 15466.58407886509
        },
        {
          "acoustic_entropy": 5.914626121520996,
          "acoustic_entropy_side": 5.914625644683838,
          "hz": 16898.27756580493
        },
        {
          "acoustic_entropy": 5.9146246910095215,
          "acoustic_entropy_side": 5.9146246910095215,
          "hz": 18456.760127700032
        },
        {
          "acoustic_entropy": 5.914625644683838,
          "acoustic_entropy_side": 5.91462516784668,
          "hz": 20153.260054456492
        },
        {
          "acoustic_entropy": 5.91462516784668,
          "acoustic_entropy_side": 5.91462516784668,
          "hz": 22000.00000000001
        }
      ],
      "diff_acoustic_entropy": 3.6157546043395996,
      "sn": 6
    },
    {
      "acoustic_entropy": 9.143081665039062,
      "acoustic_entropy_mono": 9.626806259155273,
      "band_eliminated_acoustic_entropies": [
        {
          "acoustic_entropy": 9.038902282714844,
          "acoustic_entropy_side": 9.024099349975586,
          "hz": 129.47220167065723
        },
        {
          "acoustic_entropy": 8.79175853729248,
          "acoustic_entropy_side": 9.065322875976562,
          "hz": 202.92927478742237
        },
        {
          "acoustic_entropy": 9.98037052154541,
          "acoustic_entropy_side": 9.047587394714355,
          "hz": 282.89161906338205
        },
        {
          "acoustic_entropy": 8.679452896118164,
          "acoustic_entropy_side": 8.741250038146973,
          "hz": 369.9353335868758
        },
        {
          "acoustic_entropy": 8.549324989318848,
          "acoustic_entropy_side": 9.33283805847168,
          "hz": 464.6875360973435
        },
        {
          "acoustic_entropy": 9.36245346069336,
          "acoustic_entropy_side": 9.112275123596191,
          "hz": 567.8308811364784
        },
        {
          "acoustic_entropy": 9.004571914672852,
          "acoustic_entropy_side": 9.122978210449219,
          "hz": 680.1084783214808
        },
        {
          "acoustic_entropy": 9.58047866821289,
          "acoustic_entropy_side": 9.252509117126465,
          "hz": 802.3292461747484
        },
        {
          "acoustic_entropy": 9.198543548583984,
          "acoustic_entropy_side": 9.477044105529785,
          "hz": 935.3737400823702
        },
        {
          "acoustic_entropy": 9.813446998596191,
          "acoustic_entropy_side": 9.750936508178711,
          "hz": 1080.2004963696966
        },
        {
          "acoustic_entropy": 8.785072326660156,
          "acoustic_entropy_side": 9.19526195526123,
          "hz": 1237.8529382007157
        },
        {
          "acoustic_entropy": 9.402931213378906,
          "acoustic_entropy_side": 9.306089401245117,
          "hz": 1409.4668930556702
        },
        {
          "acoustic_entropy": 8.900108337402344,
          "acoustic_entropy_side": 9.278779029846191,
          "hz": 1596.2787759475705
        },
        {
          "acoustic_entropy": 9.871806144714355,
          "acoustic_entropy_side": 9.38414478302002,
          "hz": 1799.6344973346393
        },
        {
          "acoustic_entropy": 8.965280532836914,
          "acoustic_entropy_side": 9.017921447753906,
          "hz": 2020.9991599069049
        },
        {
          "acoustic_entropy": 9.125726699829102,
          "acoustic_entropy_side": 9.143068313598633,
          "hz": 2261.9676141086993
        },
        {
          "acoustic_entropy": 9.04100227355957,
          "acoustic_entropy_side": 9.017216682434082,
          "hz": 2524.2759484456974
        },
        {
          "acoustic_entropy": 9.328375816345215,
          "acoustic_entropy_side": 9.446194648742676,
          "hz": 2809.813997359896
        },
        {
          "acoustic_entropy": 9.131193161010742,
          "acoustic_entropy_side": 9.0526762008667,
          "hz": 3120.6389567871424
        },
        {
          "acoustic_entropy": 9.170092582702637,
          "acoustic_entropy_side": 9.10713005065918,
          "hz": 3458.990205492291
        },
        {
          "acoustic_entropy": 8.928534507751465,
          "acoustic_entropy_side": 8.943195343017578,
          "hz": 3827.305438964164
        },
        {
          "acoustic_entropy": 9.414018630981445,
          "acoustic_entropy_side": 9.272235870361328,
          "hz": 4228.238232109126
        },
        {
          "acoustic_entropy": 9.324640274047852,
          "acoustic_entropy_side": 9.241898536682129,
          "hz": 4664.6771572759235
        },
        {
          "acoustic_entropy": 9.069268226623535,
          "acoustic_entropy_side": 9.080326080322266,
          "hz": 5139.766595350093
        },
        {
          "acoustic_entropy": 9.195500373840332,
          "acoustic_entropy_side": 9.184308052062988,
          "hz": 5656.929389854203
        },
        {
          "acoustic_entropy": 9.293031692504883,
          "acoustic_entropy_side": 9.224655151367188,
          "hz": 6219.891507268283
        },
        {
          "acoustic_entropy": 9.099485397338867,
          "acoustic_entropy_side": 9.092473983764648,
          "hz": 6832.70888123896
        },
        {
          "acoustic_entropy": 9.082097053527832,
          "acoustic_entropy_side": 9.115586280822754,
          "hz": 7499.796634079867
        },
        {
          "acoustic_entropy": 9.156021118164062,
          "acoustic_entropy_side": 9.1485595703125,
          "hz": 8225.96088609342
        },
        {
          "acoustic_entropy": 9.146661758422852,
          "acoustic_entropy_side": 9.142236709594727,
          "hz": 9016.43338188839
        },
        {
          "acoustic_entropy": 9.144299507141113,
          "acoustic_entropy_side": 9.140876770019531,
          "hz": 9876.909183162974
        },
        {
          "acoustic_entropy": 9.137669563293457,
          "acoustic_entropy_side": 9.141021728515625,
          "hz": 10813.587699516042
        },
        {
          "acoustic_entropy": 9.142964363098145,
          "acoustic_entropy_side": 9.142989158630371,
          "hz": 11833.21735289826
        },
        {
          "acoustic_entropy": 9.142727851867676,
          "acoustic_entropy_side": 9.142733573913574,
          "hz": 12943.144197493959
        },
        {
          "acoustic_entropy": 9.142882347106934,
          "acoustic_entropy_side": 9.142965316772461,
          "hz": 14151.364845322005
        },
        {
          "acoustic_entropy": 9.142988204956055,
          "acoustic_entropy_side": 9.143046379089355,
          "hz": 15466.58407886509
        },
        {
          "acoustic_entropy": 9.143080711364746,
          "acoustic_entropy_side": 9.143087387084961,
          "hz": 16898.27756580493
        },
        {
          "acoustic_entropy": 9.143082618713379,
          "acoustic_entropy_side": 9.143080711364746,
          "hz": 18456.760127700032
        },
        {
          "acoustic_entropy": 9.143078804016113,
          "acoustic_entropy_side": 9.143077850341797,
          "hz": 20153.260054456492
        },
        {
          "acoustic_entropy": 9.143082618713379,
          "acoustic_entropy_side": 9.143082618713379,
          "hz": 22000.00000000001
        }
      ],
      "diff_acoustic_entropy": 5.901161193847656,
      "sn": 12
    },
    {
      "acoustic_entropy": 13.555255889892578,
      "acoustic_entropy_mono": 13.064982414245605,
      "band_eliminated_acoustic_entropies": [
        {
          "acoustic_entropy": 13.521828651428223,
          "acoustic_entropy_side": 13.706186294555664,
          "hz": 129.47220167065723
        },
        {
          "acoustic_entropy": 12.87379264831543,
          "acoustic_entropy_side": 13.569643020629883,
          "hz": 202.92927478742237
        },
        {
          "acoustic_entropy": 14.020283699035645,
          "acoustic_entropy_side": 14.14395523071289,
          "hz": 282.89161906338205
        },
        {
          "acoustic_entropy": 12.770374298095703,
          "acoustic_entropy_side": 12.69020938873291,
          "hz": 369.9353335868758
        },
        {
          "acoustic_entropy": 13.108179092407227,
          "acoustic_entropy_side": 13.752124786376953,
          "hz": 464.6875360973435
        },
        {
          "acoustic_entropy": 13.028182983398438,
          "acoustic_entropy_side": 14.13987922668457,
          "hz": 567.8308811364784
        },
        {
          "acoustic_entropy": 13.833829879760742,
          "acoustic_entropy_side": 13.399344444274902,
          "hz": 680.1084783214808
        },
        {
          "acoustic_entropy": 13.419755935668945,
          "acoustic_entropy_side": 13.184489250183105,
          "hz": 802.3292461747484
        },
        {
          "acoustic_entropy": 13.37191104888916,
          "acoustic_entropy_side": 13.684327125549316,
          "hz": 935.3737400823702
        },
        {
          "acoustic_entropy": 13.336275100708008,
          "acoustic_entropy_side": 12.512231826782227,
          "hz": 1080.2004963696966
        },
        {
          "acoustic_entropy": 13.886079788208008,
          "acoustic_entropy_side": 13.925683975219727,
          "hz": 1237.8529382007157
        },
        {
          "acoustic_entropy": 13.665276527404785,
          "acoustic_entropy_side": 13.658841133117676,
          "hz": 1409.4668930556702
        },
        {
          "acoustic_entropy": 14.266090393066406,
          "acoustic_entropy_side": 13.721668243408203,
          "hz": 1596.2787759475705
        },
        {
          "acoustic_entropy": 13.107540130615234,
          "acoustic_entropy_side": 13.384908676147461,
          "hz": 1799.6344973346393
        },
        {
          "acoustic_entropy": 13.526140213012695,
          "acoustic_entropy_side": 13.273543357849121,
          "hz": 2020.9991599069049
        },
        {
          "acoustic_entropy": 13.125097274780273,
          "acoustic_entropy_side": 13.41660213470459,
          "hz": 2261.9676141086993
        },
        {
          "acoustic_entropy": 13.464241027832031,
          "acoustic_entropy_side": 13.67219352722168,
          "hz": 2524.2759484456974
        },
        {
          "acoustic_entropy": 13.393606185913086,
          "acoustic_entropy_side": 13.687479972839355,
          "hz": 2809.813997359896
        },
        {
          "acoustic_entropy": 13.719170570373535,
          "acoustic_entropy_side": 13.611376762390137,
          "hz": 3120.6389567871424
        },
        {
