{
  "acoustic_entropy": 217.7006072998047,
  "bands": [
    {
      "high_freq": 148.1999969482422,
      "loudness": -54.168277740478516,
      "loudness_range": 32.82781219482422,
      "mid_mean": -52.34827423095703,
      "mid_to_side_loudness": -5.236532688140869,
      "mid_to_side_loudness_range": 9.731130599975586,
      "side_mean": -56.621917724609375
    },
    {
      "high_freq": 392.3793640136719,
      "loudness": -42.909820556640625,
      "loudness_range": 23.470088958740234,
      "low_freq": 148.1999969482422,
      "mid_mean": -41.1927490234375,
      "mid_to_side_loudness": -3.597659111022949,
      "mid_to_side_loudness_range": 9.418246269226074,
      "side_mean": -44.746646881103516
    },
    {
      "high_freq": 794.6976318359375,
      "loudness": -40.064476013183594,
      "loudness_range": 25.804861068725586,
      "low_freq": 392.3793640136719,
      "mid_mean": -38.161075592041016,
      "mid_to_side_loudness": -4.548990726470947,
      "mid_to_side_loudness_range": 11.366418838500977,
      "side_mean": -43.00422668457031
    },
    {
      "high_freq": 1457.5709228515625,
      "loudness": -41.14854049682617,
      "loudness_range": 29.736679077148438,
      "low_freq": 794.6976318359375,
      "mid_mean": -39.597042083740234,
      "mid_to_side_loudness": -3.8201069831848145,
      "mid_to_side_loudness_range": 9.781418800354004,
      "side_mean": -43.513545989990234
    },
    {
      "high_freq": 2549.74365234375,
      "loudness": -43.58572006225586,
      "loudness_range": 31.25417709350586,
      "low_freq": 1457.5709228515625,
      "mid_mean": -42.254119873046875,
      "mid_to_side_loudness": -4.045032978057861,
      "mid_to_side_loudness_range": 8.606600761413574,
      "side_mean": -46.79861831665039
    },
    {
      "high_freq": 4349.24462890625,
      "loudness": -49.34434127807617,
      "loudness_range": 34.9106559753418,
      "low_freq": 2549.74365234375,
      "mid_mean": -51.051849365234375,
      "mid_to_side_loudness": -4.728466510772705,
      "mid_to_side_loudness_range": 7.072630405426025,
      "side_mean": -54.86929702758789
    },
    {
      "high_freq": 7314.1640625,
      "loudness": -59.4067497253418,
      "loudness_range": 32.40788269042969,
      "low_freq": 4349.24462890625,
      "mid_mean": -60.46368408203125,
      "mid_to_side_loudness": -4.697664260864258,
      "mid_to_side_loudness_range": 6.444048881530762,
      "side_mean": -63.21721649169922
    },
    {
      "high_freq": 12199.2666015625,
      "loudness": -69.1918716430664,
      "loudness_range": 26.145790100097656,
      "low_freq": 7314.1640625,
      "mid_mean": -66.38719177246094,
      "mid_to_side_loudness": -4.410394191741943,
      "mid_to_side_loudness_range": 5.8343377113342285,
      "side_mean": -67.91658782958984
    },
    {
      "loudness": -72.4077377319336,
      "loudness_range": 24.295989990234375,
      "low_freq": 12199.2666015625,
      "mid_mean": -67.92024230957031,
      "mid_to_side_loudness": -5.708836555480957,
      "mid_to_side_loudness_range": 4.655516624450684,
      "side_mean": -69.03138732910156
    }
  ],
  "bands_short": [
    {
      "high_freq": 148.1999969482422,
      "loudness": -57.46480178833008,
      "loudness_range": 33.1094970703125,
      "mid_mean": -55.08399963378906,
      "mid_to_side_loudness": -5.27557373046875,
      "mid_to_side_loudness_range": 14.150829315185547,
      "side_mean": -58.95388412475586
    },
    {
      "high_freq": 392.3793640136719,
      "loudness": -43.12543487548828,
      "loudness_range": 23.173280715942383,
      "low_freq": 148.1999969482422,
      "mid_mean": -41.558441162109375,
      "mid_to_side_loudness": -3.601562261581421,
      "mid_to_side_loudness_range": 11.730964660644531,
      "side_mean": -45.09595489501953
    },
    {
      "high_freq": 794.6976318359375,
      "loudness": -40.25736618041992,
      "loudness_range": 25.92699432373047,
      "low_freq": 392.3793640136719,
      "mid_mean": -38.487518310546875,
      "mid_to_side_loudness": -4.465147495269775,
      "mid_to_side_loudness_range": 13.382095336914062,
      "side_mean": -43.18329620361328
    },
    {
      "high_freq": 1457.5709228515625,
      "loudness": -41.25331115722656,
      "loudness_range": 29.827880859375,
      "low_freq": 794.6976318359375,
      "mid_mean": -39.78042984008789,
      "mid_to_side_loudness": -3.776794910430908,
      "mid_to_side_loudness_range": 12.809816360473633,
      "side_mean": -43.71181106567383
    },
    {
      "high_freq": 2549.74365234375,
      "loudness": -44.034324645996094,
      "loudness_range": 31.723447799682617,
      "low_freq": 1457.5709228515625,
      "mid_mean": -42.95940017700195,
      "mid_to_side_loudness": -3.9701719284057617,
      "mid_to_side_loudness_range": 11.668675422668457,
      "side_mean": -47.70502471923828
    },
    {
      "high_freq": 4349.24462890625,
      "loudness": -49.63301467895508,
      "loudness_range": 35.292362213134766,
      "low_freq": 2549.74365234375,
      "mid_mean": -51.50226593017578,
      "mid_to_side_loudness": -4.5451154708862305,
      "mid_to_side_loudness_range": 9.401527404785156,
      "side_mean": -55.136375427246094
    },
    {
      "high_freq": 7314.1640625,
      "loudness": -59.84832000732422,
      "loudness_range": 32.461029052734375,
      "low_freq": 4349.24462890625,
      "mid_mean": -60.93391799926758,
      "mid_to_side_loudness": -4.536101818084717,
      "mid_to_side_loudness_range": 8.152567863464355,
      "side_mean": -63.520782470703125
    },
    {
      "high_freq": 12199.2666015625,
      "loudness": -69.16189575195312,
      "loudness_range": 26.280941009521484,
      "low_freq": 7314.1640625,
      "mid_mean": -66.58767700195312,
      "mid_to_side_loudness": -4.219485282897949,
      "mid_to_side_loudness_range": 6.419369697570801,
      "side_mean": -68.01598358154297
    },
    {
      "loudness": -72.32437896728516,
      "loudness_range": 24.46881103515625,
      "low_freq": 12199.2666015625,
      "mid_mean": -68.04054260253906,
      "mid_to_side_loudness": -5.617990016937256,
      "mid_to_side_loudness_range": 5.564096450805664,
      "side_mean": -69.07434844970703
    }
  ],
  "bandwidth": 864.7335815429688,
  "channels": 2,
  "covariance": [
    [
      116.83454132080078,
      103.76653289794922,
      32.81969451904297,
      36.38279724121094,
      25.94966697692871,
      29.206087112426758,
      29.6058349609375,
      28.367053985595703,
      29.120485305786133,
      31.418155670166016,
      52.73633575439453,
      45.89582061767578,
      38.13010025024414,
      31.295307159423828,
      18.925966262817383,
      12.776495933532715,
      13.553359031677246,
      7.253965377807617
    ],
    [
      103.76653289794922,
      104.1395492553711,
      30.548282623291016,
      36.107852935791016,
      25.551315307617188,
      29.306787490844727,
      30.718154907226562,
      29.314123153686523,
      30.67695426940918,
      33.33738327026367,
      52.51629638671875,
      46.080135345458984,
      38.500755310058594,
      31.684959411621094,
      18.93217658996582,
      12.682170867919922,
      13.665034294128418,
      7.30941915512085
    ],
    [
      32.81969451904297,
      30.548282623291016,
      66.41099548339844,
      59.51165771484375,
      39.204925537109375,
      43.71448516845703,
      42.59105682373047,
      43.36895751953125,
      45.31010437011719,
      47.95442199707031,
      61.705650329589844,
      55.44859313964844,
      47.33806228637695,
      38.392818450927734,
      24.06540870666504,
      15.913918495178223,
      15.382637977600098,
      8.162805557250977
    ],
    [
      36.38279724121094,
      36.107852935791016,
      59.51165771484375,
      69.56648254394531,
      42.63075637817383,
      48.62196350097656,
      45.38133239746094,
      45.79221725463867,
      48.73193359375,
      51.63559341430664,
      67.476318359375,
      60.854270935058594,
      50.96377944946289,
      41.19606399536133,
      25.30009651184082,
      16.69267463684082,
      16.196487426757812,
      8.560930252075195
    ],
    [
      25.94966697692871,
      25.551315307617188,
      39.204925537109375,
      42.63075637817383,
      81.92359924316406,
      66.50968170166016,
      44.34791564941406,
      45.658424377441406,
      51.9788932800293,
      53.29507827758789,
      65.35728454589844,
      58.37882614135742,
      51.1163330078125,
      40.705039978027344,
      22.881397247314453,
      14.827897071838379,
      15.08239459991455,
      7.854267597198486
    ],
    [
      29.206087112426758,
      29.306787490844727,
      43.71448516845703,
      48.62196350097656,
      66.50968170166016,
      76.52389526367188,
      47.59811782836914,
      49.50600814819336,
      56.19524383544922,
      58.37738800048828,
      72.57617950439453,
      65.10124969482422,
      55.511112213134766,
      44.488250732421875,
      25.68448829650879,
      16.783672332763672,
      16.691051483154297,
      8.750463485717773
    ],
    [
      29.6058349609375,
      30.718154907226562,
      42.59105682373047,
      45.38133239746094,
      44.34791564941406,
      47.59811782836914,
      104.83283233642578,
      93.09310150146484,
      81.72221374511719,
      84.36581420898438,
      104.78667449951172,
      95.08589935302734,
      76.38174438476562,
      61.827510833740234,
      38.536476135253906,
      24.79612922668457,
      25.839885711669922,
      13.503667831420898
    ],
    [
      28.367053985595703,
      29.314123153686523,
      43.36895751953125,
      45.79221725463867,
      45.658424377441406,
      49.50600814819336,
      93.09310150146484,
      97.77259063720703,
      80.42445373535156,
      83.55012512207031,
      102.90249633789062,
      93.98624420166016,
      75.09381103515625,
      60.552303314208984,
      37.81635284423828,
      24.44784164428711,
      24.87051010131836,
      13.044225692749023
    ],
    [
      29.120485305786133,
      30.67695426940918,
      45.31010437011719,
      48.73193359375,
      51.9788932800293,
      56.19524383544922,
      81.72221374511719,
      80.42445373535156,
      123.40821075439453,
      111.7506332397461,
      121.04631805419922,
      110.10511779785156,
      93.83829498291016,
      74.36004638671875,
      44.8252067565918,
      28.265254974365234,
      29.76758575439453,
      15.115588188171387
    ],
    [
      31.418155670166016,
      33.33738327026367,
      47.95442199707031,
      51.63559341430664,
      53.29507827758789,
      58.37738800048828,
      84.36581420898438,
      83.55012512207031,
      111.7506332397461,
      118.46968078613281,
      122.12246704101562,
      110.43287658691406,
      92.43108367919922,
      72.8763427734375,
      44.196693420410156,
      28.05817985534668,
      28.94681167602539,
      14.811840057373047
    ],
    [
      52.73633575439453,
      52.51629638671875,
      61.705650329589844,
      67.476318359375,
      65.35728454589844,
      72.57617950439453,
      104.78667449951172,
      102.90249633789062,
      121.04631805419922,
      122.12246704101562,
      178.11663818359375,
      155.07583618164062,
      123.21289825439453,
      96.26285552978516,
      57.671424865722656,
      36.16682815551758,
      38.02641296386719,
      19.28084945678711
    ],
    [
      45.89582061767578,
      46.080135345458984,
      55.44859313964844,
      60.854270935058594,
      58.37882614135742,
      65.10124969482422,
      95.08589935302734,
      93.98624420166016,
      110.10511779785156,
      110.43287658691406,
      155.07583618164062,
      140.59239196777344,
      111.0407943725586,
      87.78695678710938,
      52.870548248291016,
      33.4631462097168,
      34.74137878417969,
      17.787172317504883
    ],
    [
      38.13010025024414,
      38.500755310058594,
      47.33806228637695,
      50.96377944946289,
      51.1163330078125,
      55.511112213134766,
      76.38174438476562,
      75.09381103515625,
      93.83829498291016,
      92.43108367919922,
      123.21289825439453,
      111.0407943725586,
      103.28189849853516,
      81.94635009765625,
      49.66929244995117,
      31.81981658935547,
      32.97300338745117,
      17.0770320892334
    ],
    [
      31.295307159423828,
      31.684959411621094,
      38.392818450927734,
      41.19606399536133,
      40.705039978027344,
      44.488250732421875,
      61.827510833740234,
      60.552303314208984,
      74.36004638671875,
      72.8763427734375,
      96.26285552978516,
      87.78695678710938,
      81.94635009765625,
      68.5959243774414,
      41.496917724609375,
      27.21600914001465,
      27.812976837158203,
      14.743192672729492
    ],
    [
      18.925966262817383,
      18.93217658996582,
      24.06540870666504,
      25.30009651184082,
      22.881397247314453,
      25.68448829650879,
      38.536476135253906,
      37.81635284423828,
      44.8252067565918,
      44.196693420410156,
      57.671424865722656,
      52.870548248291016,
      49.66929244995117,
      41.496917724609375,
      29.589139938354492,
      19.861000061035156,
      19.443803787231445,
      10.700172424316406
    ],
    [
      12.776495933532715,
      12.682170867919922,
      15.913918495178223,
      16.69267463684082,
      14.827897071838379,
      16.783672332763672,
      24.79612922668457,
      24.44784164428711,
      28.265254974365234,
      28.05817985534668,
      36.16682815551758,
      33.4631462097168,
      31.81981658935547,
      27.21600914001465,
      19.861000061035156,
      14.381868362426758,
      13.18743896484375,
      7.606168270111084
    ],
    [
      13.553359031677246,
      13.665034294128418,
      15.382637977600098,
      16.196487426757812,
      15.08239459991455,
      16.691051483154297,
      25.839885711669922,
      24.87051010131836,
      29.76758575439453,
      28.94681167602539,
      38.02641296386719,
      34.74137878417969,
      32.97300338745117,
      27.812976837158203,
      19.443803787231445,
      13.18743896484375,
      15.553291320800781,
      8.562080383300781
    ],
    [
      7.253965377807617,
      7.30941915512085,
      8.162805557250977,
      8.560930252075195,
      7.854267597198486,
      8.750463485717773,
      13.503667831420898,
      13.044225692749023,
      15.115588188171387,
      14.811840057373047,
      19.28084945678711,
      17.787172317504883,
      17.0770320892334,
      14.743192672729492,
      10.700172424316406,
      7.606168270111084,
      8.562080383300781,
      5.04110860824585
    ]
  ],
  "covariance_short": [
    [
      114.64688873291016,
      97.75847625732422,
      31.218732833862305,
      34.172218322753906,
      21.84965705871582,
      24.744504928588867,
      23.67133140563965,
      22.376253128051758,
      22.72297477722168,
      24.864404678344727,
      39.80571365356445,
      34.67650604248047,
      29.783985137939453,
      25.070289611816406,
      15.559178352355957,
      10.756998062133789,
      11.518475532531738,
      6.343678951263428
    ],
    [
      97.75847625732422,
      99.3112564086914,
      29.672605514526367,
      33.47167205810547,
      22.145734786987305,
      24.895353317260742,
      25.21709632873535,
      23.704792022705078,
      24.447484970092773,
      27.550968170166016,
      41.04121780395508,
      35.917789459228516,
      30.617839813232422,
      25.559947967529297,
      15.60579776763916,
      10.641195297241211,
      11.588165283203125,
      6.380345821380615
    ],
    [
      31.218732833862305,
      29.672605514526367,
      65.48461151123047,
      55.478477478027344,
      39.463565826416016,
      42.7498664855957,
      41.89753341674805,
      41.868106842041016,
      44.56401824951172,
      49.266456604003906,
      60.37767791748047,
      54.034507751464844,
      44.99760055541992,
      36.37639236450195,
      22.421419143676758,
      14.785587310791016,
      14.375208854675293,
      7.640953540802002
    ],
    [
      34.172218322753906,
      33.47167205810547,
      55.478477478027344,
      68.86194610595703,
      43.266929626464844,
      48.567195892333984,
      45.30433654785156,
      44.79887390136719,
      47.904449462890625,
      52.73369216918945,
      65.99018859863281,
      59.42755889892578,
      48.59791564941406,
      39.13832473754883,
      23.7525634765625,
      15.607355117797852,
      15.188962936401367,
      8.032684326171875
    ],
    [
      21.84965705871582,
      22.145734786987305,
      39.463565826416016,
      43.266929626464844,
      84.2732162475586,
      66.0059585571289,
      43.267433166503906,
      44.51026153564453,
      50.46520233154297,
      53.865882873535156,
      64.73419952392578,
      57.75876998901367,
      49.33992385864258,
      39.30535888671875,
      22.39788246154785,
      14.578868865966797,
      14.5082426071167,
      7.6462626457214355
    ],
    [
      24.744504928588867,
      24.895353317260742,
      42.7498664855957,
      48.567195892333984,
      66.0059585571289,
      77.50444793701172,
      46.949462890625,
      48.23649597167969,
      54.88533401489258,
      59.46780014038086,
      70.70275115966797,
      63.4130744934082,
      52.992164611816406,
      42.62883758544922,
      24.68224334716797,
      16.22603416442871,
      15.879778861999512,
      8.419543266296387
    ],
    [
      23.67133140563965,
      25.21709632873535,
      41.89753341674805,
      45.30433654785156,
      43.267433166503906,
      46.949462890625,
      106.26411437988281,
      89.92829132080078,
      82.24481201171875,
      85.64759826660156,
      104.21682739257812,
      94.54560852050781,
      74.01746368408203,
      59.821407318115234,
      37.13810348510742,
      23.866512298583984,
      24.577077865600586,
      12.966516494750977
    ],
    [
      22.376253128051758,
      23.704792022705078,
      41.868106842041016,
      44.79887390136719,
      44.51026153564453,
      48.23649597167969,
      89.92829132080078,
      99.10855865478516,
      80.60344696044922,
      85.1632308959961,
      102.13758087158203,
      93.19371032714844,
      72.62665557861328,
      58.35972213745117,
      36.16532897949219,
      23.334457397460938,
      23.517414093017578,
      12.408029556274414
    ],
    [
      22.72297477722168,
      24.447484970092773,
      44.56401824951172,
      47.904449462890625,
      50.46520233154297,
      54.88533401489258,
      82.24481201171875,
      80.60344696044922,
      127.74772644042969,
      112.1439437866211,
      121.74080657958984,
      110.7556381225586,
      91.65121459960938,
      72.68635559082031,
      43.84342575073242,
      27.66944122314453,
      28.751516342163086,
      14.772314071655273
    ],
    [
      24.864404678344727,
      27.550968170166016,
      49.266456604003906,
      52.73369216918945,
      53.865882873535156,
      59.46780014038086,
      85.64759826660156,
      85.1632308959961,
      112.1439437866211,
      126.59507751464844,
      126.3773193359375,
      114.0792236328125,
      91.68952178955078,
      72.17205810546875,
      43.48771286010742,
      27.615816116333008,
      28.033824920654297,
      14.491372108459473
    ],
    [
      39.80571365356445,
      41.04121780395508,
      60.37767791748047,
      65.99018859863281,
      64.73419952392578,
      70.70275115966797,
      104.21682739257812,
      102.13758087158203,
      121.74080657958984,
      126.3773193359375,
      178.95614624023438,
      154.21121215820312,
      119.98265075683594,
      93.79421997070312,
      56.075721740722656,
      35.22685623168945,
      36.65331268310547,
      18.748071670532227
    ],
    [
      34.67650604248047,
      35.917789459228516,
      54.034507751464844,
      59.42755889892578,
      57.75876998901367,
      63.4130744934082,
      94.54560852050781,
      93.19371032714844,
      110.7556381225586,
      114.0792236328125,
      154.21121215820312,
      141.80413818359375,
      108.07586669921875,
      85.44488525390625,
      51.24251937866211,
      32.47419738769531,
      33.39986801147461,
      17.23107147216797
    ],
    [
      29.783985137939453,
      30.617839813232422,
      44.99760055541992,
      48.59791564941406,
      49.33992385864258,
      52.992164611816406,
      74.01746368408203,
      72.62665557861328,
      91.65121459960938,
      91.68952178955078,
      119.98265075683594,
      108.07586669921875,
      100.75762176513672,
      78.96260833740234,
      48.03397750854492,
      30.83803939819336,
      31.59251594543457,
      16.532339096069336
    ],
    [
      25.070289611816406,
      25.559947967529297,
      36.37639236450195,
      39.13832473754883,
      39.30535888671875,
      42.62883758544922,
      59.821407318115234,
      58.35972213745117,
      72.68635559082031,
      72.17205810546875,
      93.79421997070312,
      85.44488525390625,
      78.96260833740234,
      67.1506576538086,
      40.05887222290039,
      26.3140811920166,
      26.550506591796875,
      14.20862865447998
    ],
    [
      15.559178352355957,
      15.60579776763916,
      22.421419143676758,
      23.7525634765625,
      22.39788246154785,
      24.68224334716797,
      37.13810348510742,
      36.16532897949219,
      43.84342575073242,
      43.48771286010742,
      56.075721740722656,
      51.24251937866211,
      48.03397750854492,
      40.05887222290039,
      29.089319229125977,
      19.296762466430664,
      18.82294464111328,
      10.424736976623535
    ],
    [
      10.756998062133789,
      10.641195297241211,
      14.785587310791016,
      15.607355117797852,
      14.578868865966797,
      16.22603416442871,
      23.866512298583984,
      23.334457397460938,
      27.66944122314453,
      27.615816116333008,
      35.22685623168945,
      32.47419738769531,
      30.83803939819336,
      26.3140811920166,
      19.296762466430664,
      14.122091293334961,
      12.746820449829102,
      7.3865647315979
    ],
    [
      11.518475532531738,
      11.588165283203125,
      14.375208854675293,
      15.188962936401367,
      14.5082426071167,
      15.879778861999512,
      24.577077865600586,
      23.517414093017578,
      28.751516342163086,
      28.033824920654297,
      36.65331268310547,
      33.39986801147461,
      31.59251594543457,
      26.550506591796875,
      18.82294464111328,
      12.746820449829102,
      15.142513275146484,
      8.318227767944336
    ],
    [
      6.343678951263428,
      6.380345821380615,
      7.640953540802002,
      8.032684326171875,
      7.6462626457214355,
      8.419543266296387,
      12.966516494750977,
      12.408029556274414,
      14.772314071655273,
      14.491372108459473,
      18.748071670532227,
      17.23107147216797,
      16.532339096069336,
      14.20862865447998,
      10.424736976623535,
      7.3865647315979,
      8.318227767944336,
      5.003827095031738
    ]
  ],
  "damage": -20.487640380859375,
  "diff_bandwidth": 927.3402099609375,
  "dissonance": 5.230994136838612,
  "drr": -2.1398653984069824,
  "dynamics": 6.559825897216797,
  "format": 1245190,
  "frames": 46609344,
  "loudness": -28.890949249267578,
  "loudness_range": 22.952138900756836,
  "loudness_range_short": 23.596046447753906,
  "lowpass_true_peak_15khz": -1.9381872415542603,
  "mastering3_acoustic_entropies": [
    {
      "acoustic_entropy": 7.812051773071289,
      "acoustic_entropy_mono": 8.05080509185791,
      "band_eliminated_acoustic_entropies": [
        {
          "acoustic_entropy": 7.812864780426025,
          "acoustic_entropy_side": 7.812203884124756,
          "hz": 129.47220167065723
        },
        {
          "acoustic_entropy": 7.823004722595215,
          "acoustic_entropy_side": 7.812598705291748,
          "hz": 202.92927478742237
        },
        {
          "acoustic_entropy": 7.804319858551025,
          "acoustic_entropy_side": 7.828734397888184,
          "hz": 282.89161906338205
        },
        {
          "acoustic_entropy": 7.786598205566406,
          "acoustic_entropy_side": 7.780678749084473,
          "hz": 369.9353335868758
        },
        {
          "acoustic_entropy": 7.8241353034973145,
          "acoustic_entropy_side": 7.779177665710449,
          "hz": 464.6875360973435
        },
        {
          "acoustic_entropy": 7.326324462890625,
          "acoustic_entropy_side": 7.754325866699219,
          "hz": 567.8308811364784
        },
        {
          "acoustic_entropy": 7.751271724700928,
          "acoustic_entropy_side": 7.792366027832031,
          "hz": 680.1084783214808
        },
        {
          "acoustic_entropy": 8.1685209274292,
          "acoustic_entropy_side": 8.01383113861084,
          "hz": 802.3292461747484
        },
        {
          "acoustic_entropy": 8.497007369995117,
          "acoustic_entropy_side": 8.197504997253418,
          "hz": 935.3737400823702
        },
        {
          "acoustic_entropy": 7.835639953613281,
          "acoustic_entropy_side": 7.729867458343506,
          "hz": 1080.2004963696966
        },
        {
          "acoustic_entropy": 7.945652484893799,
          "acoustic_entropy_side": 8.022610664367676,
          "hz": 1237.8529382007157
        },
        {
          "acoustic_entropy": 7.922760486602783,
          "acoustic_entropy_side": 7.590804100036621,
          "hz": 1409.4668930556702
        },
        {
          "acoustic_entropy": 8.486939430236816,
          "acoustic_entropy_side": 7.773478984832764,
          "hz": 1596.2787759475705
        },
        {
          "acoustic_entropy": 8.01279067993164,
          "acoustic_entropy_side": 7.796149253845215,
          "hz": 1799.6344973346393
        },
        {
          "acoustic_entropy": 7.850372791290283,
          "acoustic_entropy_side": 7.749866962432861,
          "hz": 2020.9991599069049
        },
        {
          "acoustic_entropy": 7.601444244384766,
          "acoustic_entropy_side": 7.803227424621582,
          "hz": 2261.9676141086993
        },
        {
          "acoustic_entropy": 8.174286842346191,
          "acoustic_entropy_side": 7.921517372131348,
          "hz": 2524.2759484456974
        },
        {
          "acoustic_entropy": 7.926255226135254,
          "acoustic_entropy_side": 7.93128776550293,
          "hz": 2809.813997359896
        },
        {
          "acoustic_entropy": 7.971816062927246,
          "acoustic_entropy_side": 7.819294452667236,
          "hz": 3120.6389567871424
        },
        {
          "acoustic_entropy": 7.9927077293396,
          "acoustic_entropy_side": 7.875041961669922,
          "hz": 3458.990205492291
        },
        {
          "acoustic_entropy": 7.649818420410156,
          "acoustic_entropy_side": 7.797753810882568,
          "hz": 3827.305438964164
        },
        {
          "acoustic_entropy": 8.059968948364258,
          "acoustic_entropy_side": 7.855926513671875,
          "hz": 4228.238232109126
        },
        {
          "acoustic_entropy": 7.870974063873291,
          "acoustic_entropy_side": 7.791970252990723,
          "hz": 4664.6771572759235
        },
        {
          "acoustic_entropy": 7.806308269500732,
          "acoustic_entropy_side": 7.81671667098999,
          "hz": 5139.766595350093
        },
        {
          "acoustic_entropy": 7.814547538757324,
          "acoustic_entropy_side": 7.820221900939941,
          "hz": 5656.929389854203
        },
        {
          "acoustic_entropy": 7.8261213302612305,
          "acoustic_entropy_side": 7.81463098526001,
          "hz": 6219.891507268283
        },
        {
          "acoustic_entropy": 7.8112969398498535,
          "acoustic_entropy_side": 7.8116302490234375,
          "hz": 6832.70888123896
        },
        {
          "acoustic_entropy": 7.813321113586426,
          "acoustic_entropy_side": 7.812084197998047,
          "hz": 7499.796634079867
        },
        {
          "acoustic_entropy": 7.811803817749023,
          "acoustic_entropy_side": 7.812001705169678,
          "hz": 8225.96088609342
        },
        {
          "acoustic_entropy": 7.812252044677734,
          "acoustic_entropy_side": 7.812065124511719,
          "hz": 9016.43338188839
        },
        {
          "acoustic_entropy": 7.812242031097412,
          "acoustic_entropy_side": 7.812077522277832,
          "hz": 9876.909183162974
        },
        {
          "acoustic_entropy": 7.812036037445068,
          "acoustic_entropy_side": 7.812045574188232,
          "hz": 10813.587699516042
        },
        {
          "acoustic_entropy": 7.812045574188232,
          "acoustic_entropy_side": 7.8120503425598145,
          "hz": 11833.21735289826
        },
        {
          "acoustic_entropy": 7.812150955200195,
          "acoustic_entropy_side": 7.81205415725708,
          "hz": 12943.144197493959
        },
        {
          "acoustic_entropy": 7.812170505523682,
          "acoustic_entropy_side": 7.812056064605713,
          "hz": 14151.364845322005
        },
        {
          "acoustic_entropy": 7.81220006942749,
          "acoustic_entropy_side": 7.812057018280029,
          "hz": 15466.58407886509
        },
        {
          "acoustic_entropy": 7.8120808601379395,
          "acoustic_entropy_side": 7.812053680419922,
          "hz": 16898.27756580493
        },
        {
          "acoustic_entropy": 7.812073230743408,
          "acoustic_entropy_side": 7.812053203582764,
          "hz": 18456.760127700032
        },
        {
          "acoustic_entropy": 7.812068939208984,
          "acoustic_entropy_side": 7.812053203582764,
          "hz": 20153.260054456492
        },
        {
          "acoustic_entropy": 7.8120551109313965,
          "acoustic_entropy_side": 7.812051773071289,
          "hz": 22000.00000000001
        }
      ],
      "diff_acoustic_entropy": 2.5146875381469727,
      "sn": 6
    },
    {
      "acoustic_entropy": 12.997096061706543,
      "acoustic_entropy_mono": 13.228802680969238,
      "band_eliminated_acoustic_entropies": [
        {
          "acoustic_entropy": 12.950616836547852,
          "acoustic_entropy_side": 12.990682601928711,
          "hz": 129.47220167065723
        },
        {
          "acoustic_entropy": 12.850563049316406,
          "acoustic_entropy_side": 12.958719253540039,
          "hz": 202.92927478742237
        },
        {
          "acoustic_entropy": 13.034884452819824,
          "acoustic_entropy_side": 13.034028053283691,
          "hz": 282.89161906338205
        },
        {
          "acoustic_entropy": 12.862335205078125,
          "acoustic_entropy_side": 12.877801895141602,
          "hz": 369.9353335868758
        },
        {
          "acoustic_entropy": 13.299518585205078,
          "acoustic_entropy_side": 12.857402801513672,
          "hz": 464.6875360973435
        },
        {
          "acoustic_entropy": 12.864445686340332,
          "acoustic_entropy_side": 12.852710723876953,
          "hz": 567.8308811364784
        },
        {
          "acoustic_entropy": 13.618473052978516,
          "acoustic_entropy_side": 13.599899291992188,
          "hz": 680.1084783214808
        },
        {
          "acoustic_entropy": 13.749980926513672,
          "acoustic_entropy_side": 13.448421478271484,
          "hz": 802.3292461747484
        },
        {
          "acoustic_entropy": 13.746652603149414,
          "acoustic_entropy_side": 12.893171310424805,
          "hz": 935.3737400823702
        },
        {
          "acoustic_entropy": 13.392399787902832,
          "acoustic_entropy_side": 13.163619041442871,
          "hz": 1080.2004963696966
        },
        {
          "acoustic_entropy": 13.523490905761719,
          "acoustic_entropy_side": 13.547900199890137,
          "hz": 1237.8529382007157
        },
        {
          "acoustic_entropy": 13.438096046447754,
          "acoustic_entropy_side": 12.893773078918457,
          "hz": 1409.4668930556702
        },
        {
          "acoustic_entropy": 14.037128448486328,
          "acoustic_entropy_side": 13.16586971282959,
          "hz": 1596.2787759475705
        },
        {
          "acoustic_entropy": 13.51134204864502,
          "acoustic_entropy_side": 13.567559242248535,
          "hz": 1799.6344973346393
        },
        {
          "acoustic_entropy": 12.52286148071289,
          "acoustic_entropy_side": 13.043625831604004,
          "hz": 2020.9991599069049
        },
        {
          "acoustic_entropy": 13.24491024017334,
          "acoustic_entropy_side": 13.305294036865234,
          "hz": 2261.9676141086993
        },
        {
          "acoustic_entropy": 13.3377685546875,
          "acoustic_entropy_side": 13.431421279907227,
          "hz": 2524.2759484456974
        },
        {
          "acoustic_entropy": 12.681854248046875,
          "acoustic_entropy_side": 13.290777206420898,
          "hz": 2809.813997359896
        },
        {
          "acoustic_entropy": 13.75340747833252,
          "acoustic_entropy_side": 13.097617149353027,
          "hz": 3120.6389567871424
        },
        {
          "acoustic_entropy": 13.978117942810059,
          "acoustic_entropy_side": 13.19216537475586,
          "hz": 3458.990205492291
        },
        {
          "acoustic_entropy": 13.013553619384766,
          "acoustic_entropy_side": 12.803065299987793,
          "hz": 3827.305438964164
        },
        {
          "acoustic_entropy": 13.505717277526855,
          "acoustic_entropy_side": 13.096077919006348,
          "hz": 4228.238232109126
        },
        {
          "acoustic_entropy": 13.086007118225098,
          "acoustic_entropy_side": 12.935153007507324,
          "hz": 4664.6771572759235
        },
        {
          "acoustic_entropy": 12.960566520690918,
          "acoustic_entropy_side": 12.89302921295166,
          "hz": 5139.766595350093
        },
        {
          "acoustic_entropy": 12.915665626525879,
          "acoustic_entropy_side": 12.913254737854004,
          "hz": 5656.929389854203
        },
        {
          "acoustic_entropy": 12.99567699432373,
          "acoustic_entropy_side": 12.993441581726074,
          "hz": 6219.891507268283
        },
        {
          "acoustic_entropy": 12.947522163391113,
          "acoustic_entropy_side": 12.984063148498535,
          "hz": 6832.70888123896
        },
        {
          "acoustic_entropy": 12.93977165222168,
          "acoustic_entropy_side": 12.989583015441895,
          "hz": 7499.796634079867
        },
        {
          "acoustic_entropy": 12.98139762878418,
          "acoustic_entropy_side": 12.995467185974121,
          "hz": 8225.96088609342
        },
        {
          "acoustic_entropy": 12.981486320495605,
          "acoustic_entropy_side": 12.995390892028809,
          "hz": 9016.43338188839
        },
        {
          "acoustic_entropy": 12.985384941101074,
          "acoustic_entropy_side": 12.995881080627441,
          "hz": 9876.909183162974
        },
        {
          "acoustic_entropy": 12.991451263427734,
          "acoustic_entropy_side": 12.996682167053223,
          "hz": 10813.587699516042
        },
        {
          "acoustic_entropy": 12.994568824768066,
          "acoustic_entropy_side": 12.996944427490234,
          "hz": 11833.21735289826
        },
        {
          "acoustic_entropy": 12.989561080932617,
          "acoustic_entropy_side": 12.996646881103516,
          "hz": 12943.144197493959
        },
        {
          "acoustic_entropy": 12.990076065063477,
          "acoustic_entropy_side": 12.99677562713623,
          "hz": 14151.364845322005
        },
        {
          "acoustic_entropy": 12.992108345031738,
          "acoustic_entropy_side": 12.996859550476074,
          "hz": 15466.58407886509
        },
        {
          "acoustic_entropy": 12.99559211730957,
          "acoustic_entropy_side": 12.9970064163208,
          "hz": 16898.27756580493
        },
        {
          "acoustic_entropy": 12.996275901794434,
          "acoustic_entropy_side": 12.997057914733887,
          "hz": 18456.760127700032
        },
        {
          "acoustic_entropy": 12.996415138244629,
          "acoustic_entropy_side": 12.997074127197266,
          "hz": 20153.260054456492
        },
        {
          "acoustic_entropy": 12.996916770935059,
          "acoustic_entropy_side": 12.997088432312012,
          "hz": 22000.00000000001
        }
      ],
      "diff_acoustic_entropy": 4.985019683837891,
      "sn": 12
    },
    {
      "acoustic_entropy": 21.858890533447266,
      "acoustic_entropy_mono": 21.075082778930664,
      "band_eliminated_acoustic_entropies": [
        {
          "acoustic_entropy": 21.826332092285156,
          "acoustic_entropy_side": 21.132646560668945,
          "hz": 129.47220167065723
        },
        {
          "acoustic_entropy": 21.657543182373047,
          "acoustic_entropy_side": 21.629695892333984,
          "hz": 202.92927478742237
        },
        {
          "acoustic_entropy": 22.604671478271484,
          "acoustic_entropy_side": 22.541101455688477,
          "hz": 282.89161906338205
        },
        {
          "acoustic_entropy": 22.304668426513672,
          "acoustic_entropy_side": 21.895008087158203,
          "hz": 369.9353335868758
        },
        {
          "acoustic_entropy": 23.361902236938477,
          "acoustic_entropy_side": 22.462411880493164,
          "hz": 464.6875360973435
        },
        {
          "acoustic_entropy": 22.2926082611084,
          "acoustic_entropy_side": 22.82241439819336,
          "hz": 567.8308811364784
        },
        {
          "acoustic_entropy": 23.748476028442383,
          "acoustic_entropy_side": 23.231525421142578,
          "hz": 680.1084783214808
        },
        {
          "acoustic_entropy": 22.45512580871582,
          "acoustic_entropy_side": 23.286895751953125,
          "hz": 802.3292461747484
        },
        {
          "acoustic_entropy": 23.63246726989746,
          "acoustic_entropy_side": 23.43233299255371,
          "hz": 935.3737400823702
        },
        {
          "acoustic_entropy": 22.840492248535156,
          "acoustic_entropy_side": 22.263092041015625,
          "hz": 1080.2004963696966
        },
        {
          "acoustic_entropy": 21.884716033935547,
          "acoustic_entropy_side": 22.077098846435547,
          "hz": 1237.8529382007157
        },
        {
          "acoustic_entropy": 22.69614028930664,
          "acoustic_entropy_side": 22.76841163635254,
          "hz": 1409.4668930556702
        },
        {
          "acoustic_entropy": 21.503341674804688,
          "acoustic_entropy_side": 21.521982192993164,
          "hz": 1596.2787759475705
        },
        {
          "acoustic_entropy": 22.58103370666504,
          "acoustic_entropy_side": 22.40565299987793,
          "hz": 1799.6344973346393
        },
        {
          "acoustic_entropy": 22.311908721923828,
          "acoustic_entropy_side": 23.007984161376953,
          "hz": 2020.9991599069049
        },
        {
          "acoustic_entropy": 23.377485275268555,
          "acoustic_entropy_side": 23.578027725219727,
          "hz": 2261.9676141086993
        },
        {
          "acoustic_entropy": 23.62347412109375,
          "acoustic_entropy_side": 22.658138275146484,
          "hz": 2524.2759484456974
        },
        {
          "acoustic_entropy": 22.3845157623291,
          "acoustic_entropy_side": 22.455799102783203,
          "hz": 2809.813997359896
        },
        {
          "acoustic_entropy": 21.906967163085938,
          "acoustic_entropy_side": 22.26786231994629,
          "hz": 3120.6389567871424
        },
        {
