{
  "acoustic_entropy": 208.12820434570312,
  "bands": [
    {
      "high_freq": 148.1999969482422,
      "loudness": -18.434974670410156,
      "loudness_range": 14.130425453186035,
      "mid_mean": -15.105340003967285,
      "mid_to_side_loudness": -16.466197967529297,
      "mid_to_side_loudness_range": 19.4656982421875,
      "side_mean": -33.0257568359375
    },
    {
      "high_freq": 392.3793640136719,
      "loudness": -21.40342903137207,
      "loudness_range": 9.663850784301758,
      "low_freq": 148.1999969482422,
      "mid_mean": -18.978837966918945,
      "mid_to_side_loudness": -5.64137601852417,
      "mid_to_side_loudness_range": 9.359567642211914,
      "side_mean": -24.620296478271484
    },
    {
      "high_freq": 794.6976318359375,
      "loudness": -23.133987426757812,
      "loudness_range": 9.954011917114258,
      "low_freq": 392.3793640136719,
      "mid_mean": -21.242168426513672,
      "mid_to_side_loudness": -3.7271134853363037,
      "mid_to_side_loudness_range": 8.916780471801758,
      "side_mean": -24.914199829101562
    },
    {
      "high_freq": 1457.5709228515625,
      "loudness": -23.350196838378906,
      "loudness_range": 9.89794921875,
      "low_freq": 794.6976318359375,
      "mid_mean": -21.42182731628418,
      "mid_to_side_loudness": -3.7009761333465576,
      "mid_to_side_loudness_range": 8.300191879272461,
      "side_mean": -25.044553756713867
    },
    {
      "high_freq": 2549.74365234375,
      "loudness": -22.37202262878418,
      "loudness_range": 10.61558723449707,
      "low_freq": 1457.5709228515625,
      "mid_mean": -20.14174461364746,
      "mid_to_side_loudness": -4.447475910186768,
      "mid_to_side_loudness_range": 6.771010398864746,
      "side_mean": -24.517803192138672
    },
    {
      "high_freq": 4349.24462890625,
      "loudness": -21.319290161132812,
      "loudness_range": 10.852319717407227,
      "low_freq": 2549.74365234375,
      "mid_mean": -18.77897071838379,
      "mid_to_side_loudness": -5.531522750854492,
      "mid_to_side_loudness_range": 5.492735385894775,
      "side_mean": -24.464357376098633
    },
    {
      "high_freq": 7314.1640625,
      "loudness": -24.98448371887207,
      "loudness_range": 14.602054595947266,
      "low_freq": 4349.24462890625,
      "mid_mean": -22.08147430419922,
      "mid_to_side_loudness": -6.963401794433594,
      "mid_to_side_loudness_range": 6.64691162109375,
      "side_mean": -29.5125732421875
    },
    {
      "high_freq": 12199.2666015625,
      "loudness": -29.452877044677734,
      "loudness_range": 15.259462356567383,
      "low_freq": 7314.1640625,
      "mid_mean": -26.829166412353516,
      "mid_to_side_loudness": -6.261233806610107,
      "mid_to_side_loudness_range": 7.667285919189453,
      "side_mean": -33.401973724365234
    },
    {
      "loudness": -35.731014251708984,
      "loudness_range": 15.533170700073242,
      "low_freq": 12199.2666015625,
      "mid_mean": -33.10516357421875,
      "mid_to_side_loudness": -6.2665486335754395,
      "mid_to_side_loudness_range": 10.468095779418945,
      "side_mean": -39.831871032714844
    }
  ],
  "bands_short": [
    {
      "high_freq": 148.1999969482422,
      "loudness": -19.97303581237793,
      "loudness_range": 17.874324798583984,
      "mid_mean": -16.665382385253906,
      "mid_to_side_loudness": -18.045888900756836,
      "mid_to_side_loudness_range": 23.73410987854004,
      "side_mean": -36.81304931640625
    },
    {
      "high_freq": 392.3793640136719,
      "loudness": -20.788991928100586,
      "loudness_range": 12.325095176696777,
      "low_freq": 148.1999969482422,
      "mid_mean": -18.29554557800293,
      "mid_to_side_loudness": -6.300675868988037,
      "mid_to_side_loudness_range": 12.240583419799805,
      "side_mean": -24.666227340698242
    },
    {
      "high_freq": 794.6976318359375,
      "loudness": -23.98179054260254,
      "loudness_range": 11.931882858276367,
      "low_freq": 392.3793640136719,
      "mid_mean": -22.302473068237305,
      "mid_to_side_loudness": -3.406085729598999,
      "mid_to_side_loudness_range": 12.078465461730957,
      "side_mean": -25.71405029296875
    },
    {
      "high_freq": 1457.5709228515625,
      "loudness": -23.553808212280273,
      "loudness_range": 11.804716110229492,
      "low_freq": 794.6976318359375,
      "mid_mean": -21.723608016967773,
      "mid_to_side_loudness": -3.829885721206665,
      "mid_to_side_loudness_range": 10.985001564025879,
      "side_mean": -25.50056266784668
    },
    {
      "high_freq": 2549.74365234375,
      "loudness": -23.03557014465332,
      "loudness_range": 12.813636779785156,
      "low_freq": 1457.5709228515625,
      "mid_mean": -20.932783126831055,
      "mid_to_side_loudness": -4.388036251068115,
      "mid_to_side_loudness_range": 8.968208312988281,
      "side_mean": -25.259248733520508
    },
    {
      "high_freq": 4349.24462890625,
      "loudness": -21.79029083251953,
      "loudness_range": 14.471165657043457,
      "low_freq": 2549.74365234375,
      "mid_mean": -19.394105911254883,
      "mid_to_side_loudness": -5.243075370788574,
      "mid_to_side_loudness_range": 7.143065452575684,
      "side_mean": -24.735868453979492
    },
    {
      "high_freq": 7314.1640625,
      "loudness": -25.798717498779297,
      "loudness_range": 18.134536743164062,
      "low_freq": 4349.24462890625,
      "mid_mean": -23.04376792907715,
      "mid_to_side_loudness": -6.689385414123535,
      "mid_to_side_loudness_range": 7.95949649810791,
      "side_mean": -30.1392765045166
    },
    {
      "high_freq": 12199.2666015625,
      "loudness": -30.39069366455078,
      "loudness_range": 18.81793785095215,
      "low_freq": 7314.1640625,
      "mid_mean": -27.889238357543945,
      "mid_to_side_loudness": -6.319136142730713,
      "mid_to_side_loudness_range": 9.181290626525879,
      "side_mean": -34.542171478271484
    },
    {
      "loudness": -36.877235412597656,
      "loudness_range": 20.6157169342041,
      "low_freq": 12199.2666015625,
      "mid_mean": -34.3970832824707,
      "mid_to_side_loudness": -6.344583988189697,
      "mid_to_side_loudness_range": 11.192087173461914,
      "side_mean": -41.20409393310547
    }
  ],
  "bandwidth": 613.89599609375,
  "channels": 2,
  "covariance": [
    [
      42.81511688232422,
      14.266312599182129,
      17.135435104370117,
      8.36580753326416,
      9.243240356445312,
      3.7453463077545166,
      3.825298309326172,
      3.647766351699829,
      4.943975448608398,
      4.157524108886719,
      10.863066673278809,
      6.51788330078125,
      16.425336837768555,
      11.310258865356445,
      16.83174705505371,
      12.64320182800293,
      16.894739151000977,
      16.13658905029297
    ],
    [
      14.266312599182129,
      28.476688385009766,
      12.201691627502441,
      10.135866165161133,
      8.131958961486816,
      5.233363628387451,
      4.963895320892334,
      3.4223546981811523,
      7.723449230194092,
      6.012099266052246,
      10.342391967773438,
      9.211119651794434,
      8.71756649017334,
      7.433925628662109,
      8.15023422241211,
      5.942643642425537,
      7.976848602294922,
      6.544891834259033
    ],
    [
      17.135435104370117,
      12.201691627502441,
      21.85934829711914,
      13.050795555114746,
      12.365912437438965,
      7.785506248474121,
      8.098340034484863,
      6.30485725402832,
      10.91665267944336,
      8.9900541305542,
      13.954670906066895,
      11.163077354431152,
      14.053380012512207,
      12.64090347290039,
      15.380975723266602,
      11.95807933807373,
      13.778257369995117,
      11.689207077026367
    ],
    [
      8.36580753326416,
      10.135866165161133,
      13.050795555114746,
      16.037277221679688,
      9.780193328857422,
      7.259492874145508,
      6.550339698791504,
      5.41124153137207,
      8.796866416931152,
      7.894543170928955,
      10.285332679748535,
      9.448729515075684,
      7.851497173309326,
      7.927971363067627,
      9.295035362243652,
      7.3374857902526855,
      8.946159362792969,
      6.9492411613464355
    ],
    [
      9.243240356445312,
      8.131958961486816,
      12.365912437438965,
      9.780193328857422,
      20.16461181640625,
      10.971060752868652,
      11.633329391479492,
      8.928815841674805,
      15.560155868530273,
      13.11251449584961,
      14.360880851745605,
      13.46788501739502,
      11.944530487060547,
      11.506414413452148,
      12.743184089660645,
      10.711289405822754,
      12.74475383758545,
      11.557782173156738
    ],
    [
      3.7453463077545166,
      5.233363628387451,
      7.785506248474121,
      7.259492874145508,
      10.971060752868652,
      12.73112678527832,
      7.832932472229004,
      7.550869941711426,
      9.722124099731445,
      8.7308988571167,
      8.731602668762207,
      8.592632293701172,
      7.179964065551758,
      7.849015235900879,
      8.000218391418457,
      6.4910383224487305,
      8.228272438049316,
      7.038383960723877
    ],
    [
      3.825298309326172,
      4.963895320892334,
      8.098340034484863,
      6.550339698791504,
      11.633329391479492,
      7.832932472229004,
      17.855318069458008,
      11.084385871887207,
      13.953999519348145,
      11.641973495483398,
      12.8228178024292,
      11.897282600402832,
      10.658125877380371,
      11.203252792358398,
      10.535691261291504,
      9.218896865844727,
      9.530044555664062,
      9.273585319519043
    ],
    [
      3.647766351699829,
      3.4223546981811523,
      6.30485725402832,
      5.41124153137207,
      8.928815841674805,
      7.550869941711426,
      11.084385871887207,
      13.584875106811523,
      9.458098411560059,
      10.069445610046387,
      7.812460422515869,
      8.300220489501953,
      7.093355655670166,
      7.604119777679443,
      8.409651756286621,
      6.645593166351318,
      7.979348659515381,
      6.684036731719971
    ],
    [
      4.943975448608398,
      7.723449230194092,
      10.91665267944336,
      8.796866416931152,
      15.560155868530273,
      9.722124099731445,
      13.953999519348145,
      9.458098411560059,
      23.000757217407227,
      16.300430297851562,
      18.906652450561523,
      17.327945709228516,
      13.014139175415039,
      14.402785301208496,
      12.535208702087402,
      12.810455322265625,
      12.500588417053223,
      13.69586181640625
    ],
    [
      4.157524108886719,
      6.012099266052246,
      8.9900541305542,
      7.894543170928955,
      13.11251449584961,
      8.7308988571167,
      11.641973495483398,
      10.069445610046387,
      16.300430297851562,
      15.648974418640137,
      13.456550598144531,
      13.802264213562012,
      9.871079444885254,
      11.205854415893555,
      11.247879981994629,
      10.548686027526855,
      11.068458557128906,
      11.22561264038086
    ],
    [
      10.863066673278809,
      10.342391967773438,
      13.954670906066895,
      10.285332679748535,
      14.360880851745605,
      8.731602668762207,
      12.8228178024292,
      7.812460422515869,
      18.906652450561523,
      13.456550598144531,
      26.84674072265625,
      20.885276794433594,
      22.006223678588867,
      22.4638729095459,
      18.191177368164062,
      18.54865837097168,
      13.178973197937012,
      16.84210968017578
    ],
    [
      6.51788330078125,
      9.211119651794434,
      11.163077354431152,
      9.448729515075684,
      13.46788501739502,
      8.592632293701172,
      11.897282600402832,
      8.300220489501953,
      17.327945709228516,
      13.802264213562012,
      20.885276794433594,
      21.22109031677246,
      16.763648986816406,
      18.39795684814453,
      14.385488510131836,
      15.85130786895752,
      11.45109748840332,
      14.842416763305664
    ],
    [
      16.425336837768555,
      8.71756649017334,
      14.053380012512207,
      7.851497173309326,
      11.944530487060547,
      7.179964065551758,
      10.658125877380371,
      7.093355655670166,
      13.014139175415039,
      9.871079444885254,
      22.006223678588867,
      16.763648986816406,
      31.79538917541504,
      26.313570022583008,
      27.261030197143555,
      24.890233993530273,
      19.346424102783203,
      23.463911056518555
    ],
    [
      11.310258865356445,
      7.433925628662109,
      12.64090347290039,
      7.927971363067627,
      11.506414413452148,
      7.849015235900879,
      11.203252792358398,
      7.604119777679443,
      14.402785301208496,
      11.205854415893555,
      22.4638729095459,
      18.39795684814453,
      26.313570022583008,
      29.650848388671875,
      23.348114013671875,
      23.4030818939209,
      15.802640914916992,
      21.219736099243164
    ],
    [
      16.83174705505371,
      8.15023422241211,
      15.380975723266602,
      9.295035362243652,
      12.743184089660645,
      8.000218391418457,
      10.535691261291504,
      8.409651756286621,
      12.535208702087402,
      11.247879981994629,
      18.191177368164062,
      14.385488510131836,
      27.261030197143555,
      23.348114013671875,
      32.98337173461914,
      26.993778228759766,
      27.118675231933594,
      27.819013595581055
    ],
    [
      12.64320182800293,
      5.942643642425537,
      11.95807933807373,
      7.3374857902526855,
      10.711289405822754,
      6.4910383224487305,
      9.218896865844727,
      6.645593166351318,
      12.810455322265625,
      10.548686027526855,
      18.54865837097168,
      15.85130786895752,
      24.890233993530273,
      23.4030818939209,
      26.993778228759766,
      31.264556884765625,
      23.581361770629883,
      32.3743896484375
    ],
    [
      16.894739151000977,
      7.976848602294922,
      13.778257369995117,
      8.946159362792969,
      12.74475383758545,
      8.228272438049316,
      9.530044555664062,
      7.979348659515381,
      12.500588417053223,
      11.068458557128906,
      13.178973197937012,
      11.45109748840332,
      19.346424102783203,
      15.802640914916992,
      27.118675231933594,
      23.581361770629883,
      37.240848541259766,
      34.066429138183594
    ],
    [
      16.13658905029297,
      6.544891834259033,
      11.689207077026367,
      6.9492411613464355,
      11.557782173156738,
      7.038383960723877,
      9.273585319519043,
      6.684036731719971,
      13.69586181640625,
      11.22561264038086,
      16.84210968017578,
      14.842416763305664,
      23.463911056518555,
      21.219736099243164,
      27.819013595581055,
      32.3743896484375,
      34.066429138183594,
      45.5268669128418
    ]
  ],
  "covariance_short": [
    [
      53.201332092285156,
      16.076332092285156,
      17.57554054260254,
      8.158589363098145,
      9.729910850524902,
      4.151541709899902,
      3.70458722114563,
      4.351983070373535,
      4.6873345375061035,
      5.081811428070068,
      8.078240394592285,
      5.461841106414795,
      14.174050331115723,
      8.931143760681152,
      17.085344314575195,
      11.554976463317871,
      18.61211585998535,
      14.76839542388916
    ],
    [
      16.076332092285156,
      41.677940368652344,
      15.348526000976562,
      13.083592414855957,
      10.607516288757324,
      7.72119665145874,
      7.346013069152832,
      6.660052299499512,
      9.491898536682129,
      8.987915992736816,
      9.72187614440918,
      8.798737525939941,
      9.041909217834473,
      7.062817096710205,
      9.856117248535156,
      6.017424583435059,
      12.267366409301758,
      8.014359474182129
    ],
    [
      17.57554054260254,
      15.348526000976562,
      27.905061721801758,
      14.01826286315918,
      13.933867454528809,
      8.783971786499023,
      9.370641708374023,
      7.535220146179199,
      12.060701370239258,
      10.62925910949707,
      14.431201934814453,
      11.400691032409668,
      15.544434547424316,
      12.54716682434082,
      16.58795928955078,
      12.684179306030273,
      16.3990535736084,
      12.62042236328125
    ],
    [
      8.158589363098145,
      13.083592414855957,
      14.01826286315918,
      19.68468475341797,
      10.476619720458984,
      9.206689834594727,
      7.477912425994873,
      6.876753807067871,
      9.423909187316895,
      9.546870231628418,
      10.51712703704834,
      9.7272310256958,
      8.474418640136719,
      7.670100212097168,
      9.509346008300781,
      6.601079940795898,
      10.010433197021484,
      6.708828449249268
    ],
    [
      9.729910850524902,
      10.607516288757324,
      13.933867454528809,
      10.476619720458984,
      26.47005844116211,
      13.560895919799805,
      14.024127006530762,
      11.401389122009277,
      17.997467041015625,
      15.05272388458252,
      17.571266174316406,
      15.438750267028809,
      16.192157745361328,
      14.4456148147583,
      16.363718032836914,
      13.372086524963379,
      17.407066345214844,
      14.597407341003418
    ],
    [
      4.151541709899902,
      7.72119665145874,
      8.783971786499023,
      9.206689834594727,
      13.560895919799805,
      19.10174560546875,
      10.06726360321045,
      9.872971534729004,
      11.851431846618652,
      11.355273246765137,
      11.77490234375,
      11.2192964553833,
      10.238900184631348,
      9.653218269348145,
      10.421658515930176,
      7.755386829376221,
      11.096710205078125,
      8.66024398803711
    ],
    [
      3.70458722114563,
      7.346013069152832,
      9.370641708374023,
      7.477912425994873,
      14.024127006530762,
      10.06726360321045,
      23.85169219970703,
      13.719504356384277,
      17.117855072021484,
      14.131778717041016,
      16.703157424926758,
      14.61902904510498,
      15.093317985534668,
      14.3455171585083,
      14.4852294921875,
      12.307942390441895,
      14.137218475341797,
      12.567896842956543
    ],
    [
      4.351983070373535,
      6.660052299499512,
      7.535220146179199,
      6.876753807067871,
      11.401389122009277,
      9.872971534729004,
      13.719504356384277,
      18.801769256591797,
      12.311539649963379,
      12.844874382019043,
      11.301358222961426,
      11.46473217010498,
      11.113081932067871,
      10.708940505981445,
      11.691975593566895,
      9.166593551635742,
      11.685583114624023,
      9.772740364074707
    ],
    [
      4.6873345375061035,
      9.491898536682129,
      12.060701370239258,
      9.423909187316895,
      17.997467041015625,
      11.851431846618652,
      17.117855072021484,
      12.311539649963379,
      29.51371192932129,
      20.01413917541504,
      24.437110900878906,
      21.20773696899414,
      19.621925354003906,
      18.654857635498047,
      18.171138763427734,
      17.12128448486328,
      18.995052337646484,
      18.42510223388672
    ],
    [
      5.081811428070068,
      8.987915992736816,
      10.62925910949707,
      9.546870231628418,
      15.05272388458252,
      11.355273246765137,
      14.131778717041016,
      12.844874382019043,
      20.01413917541504,
      21.2658748626709,
      17.870227813720703,
      17.244691848754883,
      15.261324882507324,
      15.053155899047852,
      15.700679779052734,
      13.798053741455078,
      16.19270896911621,
      15.240047454833984
    ],
    [
      8.078240394592285,
      9.72187614440918,
      14.431201934814453,
      10.51712703704834,
      17.571266174316406,
      11.77490234375,
      16.703157424926758,
      11.301358222961426,
      24.437110900878906,
      17.870227813720703,
      35.861045837402344,
      26.823091506958008,
      31.378427505493164,
      29.38319206237793,
      27.367799758911133,
      26.17418670654297,
      22.659786224365234,
      24.014551162719727
    ],
    [
      5.461841106414795,
      8.798737525939941,
      11.400691032409668,
      9.7272310256958,
      15.438750267028809,
      11.2192964553833,
      14.61902904510498,
      11.46473217010498,
      21.20773696899414,
      17.244691848754883,
      26.823091506958008,
      26.891315460205078,
      23.907873153686523,
      24.167579650878906,
      21.286867141723633,
      21.610382080078125,
      18.53533935546875,
      20.609310150146484
    ],
    [
      14.174050331115723,
      9.041909217834473,
      15.544434547424316,
      8.474418640136719,
      16.192157745361328,
      10.238900184631348,
      15.093317985534668,
      11.113081932067871,
      19.621925354003906,
      15.261324882507324,
      31.378427505493164,
      23.907873153686523,
      47.479129791259766,
      38.44182205200195,
      41.906333923339844,
      38.15146255493164,
      33.74774169921875,
      34.89818572998047
    ],
    [
      8.931143760681152,
      7.062817096710205,
      12.54716682434082,
      7.670100212097168,
      14.4456148147583,
      9.653218269348145,
      14.3455171585083,
      10.708940505981445,
      18.654857635498047,
      15.053155899047852,
      29.38319206237793,
      24.167579650878906,
      38.44182205200195,
      40.872039794921875,
      35.293846130371094,
      35.57976531982422,
      26.622652053833008,
      32.098182678222656
    ],
    [
      17.085344314575195,
      9.856117248535156,
      16.58795928955078,
      9.509346008300781,
      16.363718032836914,
      10.421658515930176,
      14.4852294921875,
      11.691975593566895,
      18.171138763427734,
      15.700679779052734,
      27.367799758911133,
      21.286867141723633,
      41.906333923339844,
      35.293846130371094,
      50.69849395751953,
      41.95211410522461,
      43.935707092285156,
      42.99889373779297
    ],
    [
      11.554976463317871,
      6.017424583435059,
      12.684179306030273,
      6.601079940795898,
      13.372086524963379,
      7.755386829376221,
      12.307942390441895,
      9.166593551635742,
      17.12128448486328,
      13.798053741455078,
      26.17418670654297,
      21.610382080078125,
      38.15146255493164,
      35.57976531982422,
      41.95211410522461,
      47.66819763183594,
      38.64053726196289,
      47.801780700683594
    ],
    [
      18.61211585998535,
      12.267366409301758,
      16.3990535736084,
      10.010433197021484,
      17.407066345214844,
      11.096710205078125,
      14.137218475341797,
      11.685583114624023,
      18.995052337646484,
      16.19270896911621,
      22.659786224365234,
      18.53533935546875,
      33.74774169921875,
      26.622652053833008,
      43.935707092285156,
      38.64053726196289,
      62.86367416381836,
      55.27985763549805
    ],
    [
      14.76839542388916,
      8.014359474182129,
      12.62042236328125,
      6.708828449249268,
      14.597407341003418,
      8.66024398803711,
      12.567896842956543,
      9.772740364074707,
      18.42510223388672,
      15.240047454833984,
      24.014551162719727,
      20.609310150146484,
      34.89818572998047,
      32.098182678222656,
      42.99889373779297,
      47.801780700683594,
      55.27985763549805,
      67.64137268066406
    ]
  ],
  "damage": -3.7122790813446045,
  "diff_bandwidth": 614.8922119140625,
  "dissonance": 9.377596744939504,
  "drr": 5.54379415512085,
  "dynamics": 2.821084499359131,
  "format": 1245190,
  "frames": 10852352,
  "loudness": -9.067715644836426,
  "loudness_range": 7.535172462463379,
  "loudness_range_short": 9.196102142333984,
  "lowpass_true_peak_15khz": 0.8645071983337402,
  "mastering3_acoustic_entropies": [
    {
      "acoustic_entropy": 6.081686973571777,
      "acoustic_entropy_mono": 6.462812423706055,
      "band_eliminated_acoustic_entropies": [
        {
          "acoustic_entropy": 5.652746200561523,
          "acoustic_entropy_side": 6.081591606140137,
          "hz": 129.47220167065723
        },
        {
          "acoustic_entropy": 5.871008396148682,
          "acoustic_entropy_side": 6.076435089111328,
          "hz": 202.92927478742237
        },
        {
          "acoustic_entropy": 6.003523826599121,
          "acoustic_entropy_side": 6.094455718994141,
          "hz": 282.89161906338205
        },
        {
          "acoustic_entropy": 5.84537410736084,
          "acoustic_entropy_side": 6.082645416259766,
          "hz": 369.9353335868758
        },
        {
          "acoustic_entropy": 6.194435119628906,
          "acoustic_entropy_side": 6.1116743087768555,
          "hz": 464.6875360973435
        },
        {
          "acoustic_entropy": 6.161899089813232,
          "acoustic_entropy_side": 6.144128322601318,
          "hz": 567.8308811364784
        },
        {
          "acoustic_entropy": 6.134336948394775,
          "acoustic_entropy_side": 6.035381317138672,
          "hz": 680.1084783214808
        },
        {
          "acoustic_entropy": 5.925085067749023,
          "acoustic_entropy_side": 6.09196662902832,
          "hz": 802.3292461747484
        },
        {
          "acoustic_entropy": 6.013062953948975,
          "acoustic_entropy_side": 6.275777339935303,
          "hz": 935.3737400823702
        },
        {
          "acoustic_entropy": 5.319894313812256,
          "acoustic_entropy_side": 6.314215660095215,
          "hz": 1080.2004963696966
        },
        {
          "acoustic_entropy": 5.895705699920654,
          "acoustic_entropy_side": 6.03752326965332,
          "hz": 1237.8529382007157
        },
        {
          "acoustic_entropy": 6.140658378601074,
          "acoustic_entropy_side": 6.075943470001221,
          "hz": 1409.4668930556702
        },
        {
          "acoustic_entropy": 6.343480110168457,
          "acoustic_entropy_side": 6.199521064758301,
          "hz": 1596.2787759475705
        },
        {
          "acoustic_entropy": 6.2500786781311035,
          "acoustic_entropy_side": 6.242581844329834,
          "hz": 1799.6344973346393
        },
        {
          "acoustic_entropy": 6.334471702575684,
          "acoustic_entropy_side": 6.296641826629639,
          "hz": 2020.9991599069049
        },
        {
          "acoustic_entropy": 6.359797477722168,
          "acoustic_entropy_side": 6.170198917388916,
          "hz": 2261.9676141086993
        },
        {
          "acoustic_entropy": 5.850564479827881,
          "acoustic_entropy_side": 5.993258953094482,
          "hz": 2524.2759484456974
        },
        {
          "acoustic_entropy": 5.899271011352539,
          "acoustic_entropy_side": 6.080596923828125,
          "hz": 2809.813997359896
        },
        {
          "acoustic_entropy": 6.287265777587891,
          "acoustic_entropy_side": 6.199936389923096,
          "hz": 3120.6389567871424
        },
        {
          "acoustic_entropy": 5.956995487213135,
          "acoustic_entropy_side": 6.0748114585876465,
          "hz": 3458.990205492291
        },
        {
          "acoustic_entropy": 6.164748191833496,
          "acoustic_entropy_side": 6.1151275634765625,
          "hz": 3827.305438964164
        },
        {
          "acoustic_entropy": 6.039857387542725,
          "acoustic_entropy_side": 6.0767927169799805,
          "hz": 4228.238232109126
        },
        {
          "acoustic_entropy": 5.960908889770508,
          "acoustic_entropy_side": 6.040365695953369,
          "hz": 4664.6771572759235
        },
        {
          "acoustic_entropy": 6.009818077087402,
          "acoustic_entropy_side": 6.066927433013916,
          "hz": 5139.766595350093
        },
        {
          "acoustic_entropy": 6.0686936378479,
          "acoustic_entropy_side": 6.0852484703063965,
          "hz": 5656.929389854203
        },
        {
          "acoustic_entropy": 6.034832000732422,
          "acoustic_entropy_side": 6.082553386688232,
          "hz": 6219.891507268283
        },
        {
          "acoustic_entropy": 6.014554977416992,
          "acoustic_entropy_side": 6.050584316253662,
          "hz": 6832.70888123896
        },
        {
          "acoustic_entropy": 6.037924289703369,
          "acoustic_entropy_side": 6.080831050872803,
          "hz": 7499.796634079867
        },
        {
          "acoustic_entropy": 6.01588249206543,
          "acoustic_entropy_side": 6.068099498748779,
          "hz": 8225.96088609342
        },
        {
          "acoustic_entropy": 6.004605770111084,
          "acoustic_entropy_side": 6.076033592224121,
          "hz": 9016.43338188839
        },
        {
          "acoustic_entropy": 6.030694007873535,
          "acoustic_entropy_side": 6.08638858795166,
          "hz": 9876.909183162974
        },
        {
          "acoustic_entropy": 6.083144664764404,
          "acoustic_entropy_side": 6.0832319259643555,
          "hz": 10813.587699516042
        },
        {
          "acoustic_entropy": 6.196897506713867,
          "acoustic_entropy_side": 6.095410346984863,
          "hz": 11833.21735289826
        },
        {
          "acoustic_entropy": 6.263699054718018,
          "acoustic_entropy_side": 6.112673759460449,
          "hz": 12943.144197493959
        },
        {
          "acoustic_entropy": 6.280867099761963,
          "acoustic_entropy_side": 6.088369846343994,
          "hz": 14151.364845322005
        },
        {
          "acoustic_entropy": 6.193411350250244,
          "acoustic_entropy_side": 6.108370304107666,
          "hz": 15466.58407886509
        },
        {
          "acoustic_entropy": 6.201289653778076,
          "acoustic_entropy_side": 6.098415851593018,
          "hz": 16898.27756580493
        },
        {
          "acoustic_entropy": 6.103394985198975,
          "acoustic_entropy_side": 6.069565773010254,
          "hz": 18456.760127700032
        },
        {
          "acoustic_entropy": 6.079405307769775,
          "acoustic_entropy_side": 6.076803684234619,
          "hz": 20153.260054456492
        },
        {
          "acoustic_entropy": 6.079937934875488,
          "acoustic_entropy_side": 6.080336570739746,
          "hz": 22000.00000000001
        }
      ],
      "diff_acoustic_entropy": 3.8643295764923096,
      "sn": 6
    },
    {
      "acoustic_entropy": 10.673754692077637,
      "acoustic_entropy_mono": 10.373929023742676,
      "band_eliminated_acoustic_entropies": [
        {
          "acoustic_entropy": 10.138809204101562,
          "acoustic_entropy_side": 10.673494338989258,
          "hz": 129.47220167065723
        },
        {
          "acoustic_entropy": 10.027585983276367,
          "acoustic_entropy_side": 10.661223411560059,
          "hz": 202.92927478742237
        },
        {
          "acoustic_entropy": 10.823914527893066,
          "acoustic_entropy_side": 10.745237350463867,
          "hz": 282.89161906338205
        },
        {
          "acoustic_entropy": 10.452302932739258,
          "acoustic_entropy_side": 10.59512996673584,
          "hz": 369.9353335868758
        },
        {
          "acoustic_entropy": 10.988255500793457,
          "acoustic_entropy_side": 10.661705017089844,
          "hz": 464.6875360973435
        },
        {
          "acoustic_entropy": 10.558921813964844,
          "acoustic_entropy_side": 10.30894947052002,
          "hz": 567.8308811364784
        },
        {
          "acoustic_entropy": 10.671889305114746,
          "acoustic_entropy_side": 10.614242553710938,
          "hz": 680.1084783214808
        },
        {
          "acoustic_entropy": 10.773921966552734,
          "acoustic_entropy_side": 10.59058952331543,
          "hz": 802.3292461747484
        },
        {
          "acoustic_entropy": 10.008975982666016,
          "acoustic_entropy_side": 10.475327491760254,
          "hz": 935.3737400823702
        },
        {
          "acoustic_entropy": 9.583937644958496,
          "acoustic_entropy_side": 11.033855438232422,
          "hz": 1080.2004963696966
        },
        {
          "acoustic_entropy": 10.989185333251953,
          "acoustic_entropy_side": 10.60848331451416,
          "hz": 1237.8529382007157
        },
        {
          "acoustic_entropy": 10.73029613494873,
          "acoustic_entropy_side": 10.818756103515625,
          "hz": 1409.4668930556702
        },
        {
          "acoustic_entropy": 10.871326446533203,
          "acoustic_entropy_side": 10.759446144104004,
          "hz": 1596.2787759475705
        },
        {
          "acoustic_entropy": 10.888532638549805,
          "acoustic_entropy_side": 10.896414756774902,
          "hz": 1799.6344973346393
        },
        {
          "acoustic_entropy": 11.118599891662598,
          "acoustic_entropy_side": 10.754969596862793,
          "hz": 2020.9991599069049
        },
        {
          "acoustic_entropy": 11.12366771697998,
          "acoustic_entropy_side": 10.716156959533691,
          "hz": 2261.9676141086993
        },
        {
          "acoustic_entropy": 10.493786811828613,
          "acoustic_entropy_side": 10.461039543151855,
          "hz": 2524.2759484456974
        },
        {
          "acoustic_entropy": 10.894848823547363,
          "acoustic_entropy_side": 10.692160606384277,
          "hz": 2809.813997359896
        },
        {
          "acoustic_entropy": 11.369166374206543,
          "acoustic_entropy_side": 11.009366035461426,
          "hz": 3120.6389567871424
        },
        {
          "acoustic_entropy": 10.629439353942871,
          "acoustic_entropy_side": 10.666732788085938,
          "hz": 3458.990205492291
        },
        {
          "acoustic_entropy": 10.694430351257324,
          "acoustic_entropy_side": 10.587737083435059,
          "hz": 3827.305438964164
        },
        {
          "acoustic_entropy": 11.13776969909668,
          "acoustic_entropy_side": 10.763071060180664,
          "hz": 4228.238232109126
        },
        {
          "acoustic_entropy": 10.628634452819824,
          "acoustic_entropy_side": 10.699195861816406,
          "hz": 4664.6771572759235
        },
        {
          "acoustic_entropy": 10.673048973083496,
          "acoustic_entropy_side": 10.674734115600586,
          "hz": 5139.766595350093
        },
        {
          "acoustic_entropy": 10.615482330322266,
          "acoustic_entropy_side": 10.672146797180176,
          "hz": 5656.929389854203
        },
        {
          "acoustic_entropy": 10.60214614868164,
          "acoustic_entropy_side": 10.650934219360352,
          "hz": 6219.891507268283
        },
        {
          "acoustic_entropy": 10.698131561279297,
          "acoustic_entropy_side": 10.69032096862793,
          "hz": 6832.70888123896
        },
        {
          "acoustic_entropy": 10.597923278808594,
          "acoustic_entropy_side": 10.633723258972168,
          "hz": 7499.796634079867
        },
        {
          "acoustic_entropy": 10.706011772155762,
          "acoustic_entropy_side": 10.653045654296875,
          "hz": 8225.96088609342
        },
        {
          "acoustic_entropy": 10.57664680480957,
          "acoustic_entropy_side": 10.644906997680664,
          "hz": 9016.43338188839
        },
        {
          "acoustic_entropy": 10.652108192443848,
          "acoustic_entropy_side": 10.659668922424316,
          "hz": 9876.909183162974
        },
        {
          "acoustic_entropy": 10.66358757019043,
          "acoustic_entropy_side": 10.667291641235352,
          "hz": 10813.587699516042
        },
        {
          "acoustic_entropy": 10.717968940734863,
          "acoustic_entropy_side": 10.70226001739502,
          "hz": 11833.21735289826
        },
        {
          "acoustic_entropy": 10.795249938964844,
          "acoustic_entropy_side": 10.749317169189453,
          "hz": 12943.144197493959
        },
        {
          "acoustic_entropy": 10.74146842956543,
          "acoustic_entropy_side": 10.757368087768555,
          "hz": 14151.364845322005
        },
        {
          "acoustic_entropy": 10.613077163696289,
          "acoustic_entropy_side": 10.705769538879395,
          "hz": 15466.58407886509
        },
        {
          "acoustic_entropy": 10.645159721374512,
          "acoustic_entropy_side": 10.68923282623291,
          "hz": 16898.27756580493
        },
        {
          "acoustic_entropy": 10.746610641479492,
          "acoustic_entropy_side": 10.703381538391113,
          "hz": 18456.760127700032
        },
        {
          "acoustic_entropy": 10.711504936218262,
          "acoustic_entropy_side": 10.691120147705078,
          "hz": 20153.260054456492
        },
        {
          "acoustic_entropy": 10.676655769348145,
          "acoustic_entropy_side": 10.678378105163574,
          "hz": 22000.00000000001
        }
      ],
      "diff_acoustic_entropy": 6.057225704193115,
      "sn": 12
    },
    {
      "acoustic_entropy": 15.289463996887207,
      "acoustic_entropy_mono": 15.03745174407959,
      "band_eliminated_acoustic_entropies": [
        {
          "acoustic_entropy": 15.413192749023438,
          "acoustic_entropy_side": 15.261418342590332,
          "hz": 129.47220167065723
        },
        {
          "acoustic_entropy": 15.510342597961426,
          "acoustic_entropy_side": 15.27785873413086,
          "hz": 202.92927478742237
        },
        {
          "acoustic_entropy": 15.664031028747559,
          "acoustic_entropy_side": 15.048288345336914,
          "hz": 282.89161906338205
        },
        {
          "acoustic_entropy": 16.297805786132812,
          "acoustic_entropy_side": 16.036407470703125,
          "hz": 369.9353335868758
        },
        {
          "acoustic_entropy": 16.074556350708008,
          "acoustic_entropy_side": 15.402127265930176,
          "hz": 464.6875360973435
        },
        {
          "acoustic_entropy": 15.812338829040527,
          "acoustic_entropy_side": 15.988258361816406,
          "hz": 567.8308811364784
        },
        {
          "acoustic_entropy": 15.365262985229492,
          "acoustic_entropy_side": 15.591578483581543,
          "hz": 680.1084783214808
        },
        {
          "acoustic_entropy": 16.19569969177246,
          "acoustic_entropy_side": 14.797609329223633,
          "hz": 802.3292461747484
        },
        {
          "acoustic_entropy": 15.13513469696045,
          "acoustic_entropy_side": 16.195253372192383,
          "hz": 935.3737400823702
        },
        {
          "acoustic_entropy": 16.09395980834961,
          "acoustic_entropy_side": 16.234464645385742,
          "hz": 1080.2004963696966
        },
        {
          "acoustic_entropy": 15.4983549118042,
          "acoustic_entropy_side": 15.812788963317871,
          "hz": 1237.8529382007157
        },
        {
          "acoustic_entropy": 15.010706901550293,
          "acoustic_entropy_side": 15.58106517791748,
          "hz": 1409.4668930556702
        },
        {
          "acoustic_entropy": 16.043519973754883,
          "acoustic_entropy_side": 15.933570861816406,
          "hz": 1596.2787759475705
        },
        {
          "acoustic_entropy": 16.091989517211914,
          "acoustic_entropy_side": 15.647529602050781,
          "hz": 1799.6344973346393
        },
        {
          "acoustic_entropy": 16.135950088500977,
          "acoustic_entropy_side": 15.667999267578125,
          "hz": 2020.9991599069049
        },
        {
          "acoustic_entropy": 15.97288703918457,
          "acoustic_entropy_side": 15.595069885253906,
          "hz": 2261.9676141086993
        },
        {
          "acoustic_entropy": 15.025543212890625,
          "acoustic_entropy_side": 15.265372276306152,
          "hz": 2524.2759484456974
        },
        {
          "acoustic_entropy": 15.620152473449707,
          "acoustic_entropy_side": 15.207804679870605,
          "hz": 2809.813997359896
        },
        {
          "acoustic_entropy": 15.951211929321289,
          "acoustic_entropy_side": 16.029441833496094,
