{
  "acoustic_entropy": 180.448486328125,
  "bands": [
    {
      "high_freq": 148.1999969482422,
      "loudness": -17.784223556518555,
      "loudness_range": 9.243709564208984,
      "mid_mean": -14.270320892333984,
      "mid_to_side_loudness": -16.147045135498047,
      "mid_to_side_loudness_range": 15.065216064453125,
      "side_mean": -30.565963745117188
    },
    {
      "high_freq": 392.3793640136719,
      "loudness": -20.19800567626953,
      "loudness_range": 8.336263656616211,
      "low_freq": 148.1999969482422,
      "mid_mean": -16.931838989257812,
      "mid_to_side_loudness": -10.890743255615234,
      "mid_to_side_loudness_range": 9.841773986816406,
      "side_mean": -27.91776466369629
    },
    {
      "high_freq": 794.6976318359375,
      "loudness": -24.301477432250977,
      "loudness_range": 14.598182678222656,
      "low_freq": 392.3793640136719,
      "mid_mean": -21.909727096557617,
      "mid_to_side_loudness": -5.286004066467285,
      "mid_to_side_loudness_range": 9.971982955932617,
      "side_mean": -27.294593811035156
    },
    {
      "high_freq": 1457.5709228515625,
      "loudness": -26.12404441833496,
      "loudness_range": 16.888195037841797,
      "low_freq": 794.6976318359375,
      "mid_mean": -24.052282333374023,
      "mid_to_side_loudness": -4.281783103942871,
      "mid_to_side_loudness_range": 9.69990062713623,
      "side_mean": -28.40318489074707
    },
    {
      "high_freq": 2549.74365234375,
      "loudness": -26.208969116210938,
      "loudness_range": 16.15871810913086,
      "low_freq": 1457.5709228515625,
      "mid_mean": -23.641870498657227,
      "mid_to_side_loudness": -5.491777420043945,
      "mid_to_side_loudness_range": 7.842557907104492,
      "side_mean": -29.414932250976562
    },
    {
      "high_freq": 4349.24462890625,
      "loudness": -27.667755126953125,
      "loudness_range": 15.864883422851562,
      "low_freq": 2549.74365234375,
      "mid_mean": -25.456348419189453,
      "mid_to_side_loudness": -4.567471504211426,
      "mid_to_side_loudness_range": 9.14609146118164,
      "side_mean": -30.256914138793945
    },
    {
      "high_freq": 7314.1640625,
      "loudness": -32.94643020629883,
      "loudness_range": 18.24280548095703,
      "low_freq": 4349.24462890625,
      "mid_mean": -31.334922790527344,
      "mid_to_side_loudness": -2.527764081954956,
      "mid_to_side_loudness_range": 6.6143035888671875,
      "side_mean": -33.947914123535156
    },
    {
      "high_freq": 12199.2666015625,
      "loudness": -37.24263381958008,
      "loudness_range": 20.2866268157959,
      "low_freq": 7314.1640625,
      "mid_mean": -36.06587600708008,
      "mid_to_side_loudness": -1.1416146755218506,
      "mid_to_side_loudness_range": 3.776885509490967,
      "side_mean": -37.225006103515625
    },
    {
      "loudness": -43.40617752075195,
      "loudness_range": 23.343664169311523,
      "low_freq": 12199.2666015625,
      "mid_mean": -42.30524826049805,
      "mid_to_side_loudness": -1.6161339282989502,
      "mid_to_side_loudness_range": 5.601407527923584,
      "side_mean": -43.55565643310547
    }
  ],
  "bands_short": [
    {
      "high_freq": 148.1999969482422,
      "loudness": -21.632732391357422,
      "loudness_range": 17.025100708007812,
      "mid_mean": -18.34831428527832,
      "mid_to_side_loudness": -15.078533172607422,
      "mid_to_side_loudness_range": 22.803421020507812,
      "side_mean": -33.75457763671875
    },
    {
      "high_freq": 392.3793640136719,
      "loudness": -19.060514450073242,
      "loudness_range": 11.953033447265625,
      "low_freq": 148.1999969482422,
      "mid_mean": -15.747064590454102,
      "mid_to_side_loudness": -12.521912574768066,
      "mid_to_side_loudness_range": 13.70608901977539,
      "side_mean": -28.331846237182617
    },
    {
      "high_freq": 794.6976318359375,
      "loudness": -25.239643096923828,
      "loudness_range": 16.119844436645508,
      "low_freq": 392.3793640136719,
      "mid_mean": -22.910009384155273,
      "mid_to_side_loudness": -5.629217147827148,
      "mid_to_side_loudness_range": 12.139263153076172,
      "side_mean": -28.78016471862793
    },
    {
      "high_freq": 1457.5709228515625,
      "loudness": -26.580307006835938,
      "loudness_range": 19.303119659423828,
      "low_freq": 794.6976318359375,
      "mid_mean": -24.70025634765625,
      "mid_to_side_loudness": -4.212631702423096,
      "mid_to_side_loudness_range": 13.064475059509277,
      "side_mean": -29.164539337158203
    },
    {
      "high_freq": 2549.74365234375,
      "loudness": -27.24577522277832,
      "loudness_range": 19.398225784301758,
      "low_freq": 1457.5709228515625,
      "mid_mean": -24.979333877563477,
      "mid_to_side_loudness": -4.911557674407959,
      "mid_to_side_loudness_range": 10.935173034667969,
      "side_mean": -30.330806732177734
    },
    {
      "high_freq": 4349.24462890625,
      "loudness": -28.26395034790039,
      "loudness_range": 18.14101791381836,
      "low_freq": 2549.74365234375,
      "mid_mean": -26.294647216796875,
      "mid_to_side_loudness": -4.070285797119141,
      "mid_to_side_loudness_range": 11.63464069366455,
      "side_mean": -30.80816078186035
    },
    {
      "high_freq": 7314.1640625,
      "loudness": -34.02503204345703,
      "loudness_range": 22.10304069519043,
      "low_freq": 4349.24462890625,
      "mid_mean": -32.64067459106445,
      "mid_to_side_loudness": -2.462459087371826,
      "mid_to_side_loudness_range": 8.813250541687012,
      "side_mean": -35.12791061401367
    },
    {
      "high_freq": 12199.2666015625,
      "loudness": -38.689056396484375,
      "loudness_range": 25.198068618774414,
      "low_freq": 7314.1640625,
      "mid_mean": -37.79613494873047,
      "mid_to_side_loudness": -1.3688509464263916,
      "mid_to_side_loudness_range": 6.139562129974365,
      "side_mean": -38.966609954833984
    },
    {
      "loudness": -47.343894958496094,
      "loudness_range": 30.795705795288086,
      "low_freq": 12199.2666015625,
      "mid_mean": -47.57208251953125,
      "mid_to_side_loudness": -1.614463210105896,
      "mid_to_side_loudness_range": 7.481507301330566,
      "side_mean": -50.06886672973633
    }
  ],
  "bandwidth": 426.9757995605469,
  "channels": 2,
  "covariance": [
    [
      15.748353004455566,
      3.9411373138427734,
      4.264128684997559,
      3.999138116836548,
      0.30169597268104553,
      -1.4914605617523193,
      -1.0062841176986694,
      -3.504279851913452,
      -0.6715762615203857,
      -0.5191846489906311,
      -1.4089447259902954,
      -0.3018134534358978,
      -1.8630621433258057,
      -0.4501710832118988,
      -0.29876354336738586,
      -0.3127955496311188,
      -1.570772409439087,
      -1.4602676630020142
    ],
    [
      3.9411373138427734,
      14.002443313598633,
      1.046949863433838,
      5.270146369934082,
      0.34598514437675476,
      1.1398686170578003,
      0.06564300507307053,
      -1.481581687927246,
      0.5769936442375183,
      -0.5853033065795898,
      -1.0486024618148804,
      -4.170387268066406,
      -3.9822781085968018,
      -7.165486812591553,
      -6.981366157531738,
      -8.273625373840332,
      -8.163146018981934,
      -8.693999290466309
    ],
    [
      4.264128684997559,
      1.046949863433838,
      10.256523132324219,
      6.3099260330200195,
      9.124821662902832,
      9.334774017333984,
      8.834303855895996,
      7.3304948806762695,
      8.66557788848877,
      8.239736557006836,
      8.076560974121094,
      7.500323295593262,
      6.887541770935059,
      7.169544696807861,
      6.228384017944336,
      7.084712982177734,
      5.357430458068848,
      6.715213775634766
    ],
    [
      3.999138116836548,
      5.270146369934082,
      6.3099260330200195,
      14.796289443969727,
      12.812076568603516,
      16.968854904174805,
      12.409111976623535,
      15.513687133789062,
      14.117923736572266,
      14.376568794250488,
      12.961554527282715,
      10.325130462646484,
      7.766297340393066,
      6.216698169708252,
      5.667386531829834,
      6.280145645141602,
      5.8014044761657715,
      6.927248001098633
    ],
    [
      0.30169597268104553,
      0.34598514437675476,
      9.124821662902832,
      12.812076568603516,
      27.84480857849121,
      29.92259407043457,
      26.905275344848633,
      30.221174240112305,
      27.34869956970215,
      25.665170669555664,
      27.6406192779541,
      22.571014404296875,
      20.679166793823242,
      18.533042907714844,
      15.61414909362793,
      17.495800018310547,
      13.90190315246582,
      16.446191787719727
    ],
    [
      -1.4914605617523193,
      1.1398686170578003,
      9.334774017333984,
      16.968854904174805,
      29.92259407043457,
      42.98854064941406,
      28.86330223083496,
      37.80426788330078,
      31.089242935180664,
      30.833812713623047,
      30.218461990356445,
      26.155323028564453,
      22.679365158081055,
      20.976558685302734,
      18.709985733032227,
      20.95418930053711,
      19.210721969604492,
      21.9357967376709
    ],
    [
      -1.0062841176986694,
      0.06564300507307053,
      8.834303855895996,
      12.409111976623535,
      26.905275344848633,
      28.86330223083496,
      37.591064453125,
      38.72708511352539,
      34.7468376159668,
      29.354022979736328,
      35.94962692260742,
      28.01697540283203,
      29.041547775268555,
      25.740997314453125,
      23.272686004638672,
      25.755468368530273,
      21.221513748168945,
      24.493648529052734
    ],
    [
      -3.504279851913452,
      -1.481581687927246,
      7.3304948806762695,
      15.513687133789062,
      30.221174240112305,
      37.80426788330078,
      38.72708511352539,
      52.54032897949219,
      36.732940673828125,
      35.43660354614258,
      37.42627716064453,
      33.197349548339844,
      31.651554107666016,
      30.61492347717285,
      28.01668357849121,
      31.466602325439453,
      28.709693908691406,
      31.928695678710938
    ],
    [
      -0.6715762615203857,
      0.5769936442375183,
      8.66557788848877,
      14.117923736572266,
      27.34869956970215,
      31.089242935180664,
      34.7468376159668,
      36.732940673828125,
      39.81723403930664,
      32.699398040771484,
      38.73252868652344,
      28.64333724975586,
      29.448688507080078,
      24.809858322143555,
      22.993934631347656,
      24.494094848632812,
      20.635265350341797,
      23.73469352722168
    ],
    [
      -0.5191846489906311,
      -0.5853033065795898,
      8.239736557006836,
      14.376568794250488,
      25.665170669555664,
      30.833812713623047,
      29.354022979736328,
      35.43660354614258,
      32.699398040771484,
      34.78789520263672,
      32.54832077026367,
      29.439125061035156,
      26.719215393066406,
      25.501724243164062,
      22.106182098388672,
      24.794017791748047,
      20.86431121826172,
      23.931800842285156
    ],
    [
      -1.4089447259902954,
      -1.0486024618148804,
      8.076560974121094,
      12.961554527282715,
      27.6406192779541,
      30.218461990356445,
      35.94962692260742,
      37.42627716064453,
      38.73252868652344,
      32.54832077026367,
      44.66375732421875,
      34.19173049926758,
      35.76754379272461,
      31.697032928466797,
      29.48222541809082,
      31.369184494018555,
      26.570375442504883,
      29.778194427490234
    ],
    [
      -0.3018134534358978,
      -4.170387268066406,
      7.500323295593262,
      10.325130462646484,
      22.571014404296875,
      26.155323028564453,
      28.01697540283203,
      33.197349548339844,
      28.64333724975586,
      29.439125061035156,
      34.19173049926758,
      36.00900650024414,
      33.35538101196289,
      35.48352813720703,
      31.98309898376465,
      36.13899230957031,
      31.465927124023438,
      34.89059829711914
    ],
    [
      -1.8630621433258057,
      -3.9822781085968018,
      6.887541770935059,
      7.766297340393066,
      20.679166793823242,
      22.679365158081055,
      29.041547775268555,
      31.651554107666016,
      29.448688507080078,
      26.719215393066406,
      35.76754379272461,
      33.35538101196289,
      41.502506256103516,
      40.67369079589844,
      38.19125747680664,
      41.387168884277344,
      34.94651412963867,
      37.58656311035156
    ],
    [
      -0.4501710832118988,
      -7.165486812591553,
      7.169544696807861,
      6.216698169708252,
      18.533042907714844,
      20.976558685302734,
      25.740997314453125,
      30.61492347717285,
      24.809858322143555,
      25.501724243164062,
      31.697032928466797,
      35.48352813720703,
      40.67369079589844,
      47.227054595947266,
      43.64570617675781,
      49.345947265625,
      42.154296875,
      45.674896240234375
    ],
    [
      -0.29876354336738586,
      -6.981366157531738,
      6.228384017944336,
      5.667386531829834,
      15.61414909362793,
      18.709985733032227,
      23.272686004638672,
      28.01668357849121,
      22.993934631347656,
      22.106182098388672,
      29.48222541809082,
      31.98309898376465,
      38.19125747680664,
      43.64570617675781,
      46.374813079833984,
      50.438568115234375,
      48.62900924682617,
      50.85563278198242
    ],
    [
      -0.3127955496311188,
      -8.273625373840332,
      7.084712982177734,
      6.280145645141602,
      17.495800018310547,
      20.95418930053711,
      25.755468368530273,
      31.466602325439453,
      24.494094848632812,
      24.794017791748047,
      31.369184494018555,
      36.13899230957031,
      41.387168884277344,
      49.345947265625,
      50.438568115234375,
      58.44081115722656,
      53.76589584350586,
      57.788902282714844
    ],
    [
      -1.570772409439087,
      -8.163146018981934,
      5.357430458068848,
      5.8014044761657715,
      13.90190315246582,
      19.210721969604492,
      21.221513748168945,
      28.709693908691406,
      20.635265350341797,
      20.86431121826172,
      26.570375442504883,
      31.465927124023438,
      34.94651412963867,
      42.154296875,
      48.62900924682617,
      53.76589584350586,
      64.90955352783203,
      65.07178497314453
    ],
    [
      -1.4602676630020142,
      -8.693999290466309,
      6.715213775634766,
      6.927248001098633,
      16.446191787719727,
      21.9357967376709,
      24.493648529052734,
      31.928695678710938,
      23.73469352722168,
      23.931800842285156,
      29.778194427490234,
      34.89059829711914,
      37.58656311035156,
      45.674896240234375,
      50.85563278198242,
      57.788902282714844,
      65.07178497314453,
      73.46206665039062
    ]
  ],
  "covariance_short": [
    [
      43.59416961669922,
      8.74782943725586,
      11.394527435302734,
      7.977365016937256,
      4.4046406745910645,
      3.780524969100952,
      1.4273320436477661,
      -0.9119147062301636,
      2.581861734390259,
      1.340952754020691,
      1.2297379970550537,
      -0.7315710783004761,
      -2.8638179302215576,
      -3.688955545425415,
      -2.3089828491210938,
      -4.529212951660156,
      -2.4050045013427734,
      -3.6244142055511475
    ],
    [
      8.74782943725586,
      34.76250076293945,
      2.22973370552063,
      7.014759063720703,
      0.8074219226837158,
      1.9651284217834473,
      0.07410126179456711,
      -0.17533546686172485,
      0.5775832533836365,
      -0.06890412420034409,
      -2.091520309448242,
      -5.639278888702393,
      -6.540543079376221,
      -9.949265480041504,
      -9.708724975585938,
      -11.784616470336914,
      -10.491747856140137,
      -13.533453941345215
    ],
    [
      11.394527435302734,
      2.22973370552063,
      21.94038963317871,
      11.235055923461914,
      10.740489959716797,
      10.108024597167969,
      8.710606575012207,
      7.877980709075928,
      8.864114761352539,
      7.092583656311035,
      7.628756523132324,
      5.30187463760376,
      7.416217803955078,
      5.464898586273193,
      7.066542625427246,
      5.249405860900879,
      9.40025806427002,
      11.458751678466797
    ],
    [
      7.977365016937256,
      7.014759063720703,
      11.235055923461914,
      24.687623977661133,
      15.111404418945312,
      21.592397689819336,
      13.928455352783203,
      19.244003295898438,
      17.219694137573242,
      16.80530548095703,
      13.943375587463379,
      10.259446144104004,
      9.171457290649414,
      6.117922782897949,
      7.232350826263428,
      5.736060619354248,
      9.326995849609375,
      11.172988891601562
    ],
    [
      4.4046406745910645,
      0.8074219226837158,
      10.740489959716797,
      15.111404418945312,
      36.80199432373047,
      32.95244598388672,
      30.810415267944336,
      35.168514251708984,
      31.86543846130371,
      28.069318771362305,
      29.413049697875977,
      22.159095764160156,
      22.590152740478516,
      17.2225341796875,
      17.371835708618164,
      16.591720581054688,
      20.219970703125,
      23.085317611694336
    ],
    [
      3.780524969100952,
      1.9651284217834473,
      10.108024597167969,
      21.592397689819336,
      32.95244598388672,
      49.59246063232422,
      31.124971389770508,
      42.97126388549805,
      34.52717971801758,
      34.24623107910156,
      30.234249114990234,
      25.895992279052734,
      23.859397888183594,
      19.810609817504883,
      20.40648078918457,
      19.99588394165039,
      24.68362045288086,
      29.173593521118164
    ],
    [
      1.4273320436477661,
      0.07410126179456711,
      8.710606575012207,
      13.928455352783203,
      30.810415267944336,
      31.124971389770508,
      46.538124084472656,
      43.73809051513672,
      42.774452209472656,
      33.90044021606445,
      39.577152252197266,
      28.95012664794922,
      32.73891830444336,
      26.288122177124023,
      25.95228385925293,
      25.544614791870117,
      29.794408798217773,
      32.32603454589844
    ],
    [
      -0.9119147062301636,
      -0.17533546686172485,
      7.877980709075928,
      19.244003295898438,
      35.168514251708984,
      42.97126388549805,
      43.73809051513672,
      66.37159729003906,
      45.33201217651367,
      43.94152069091797,
      41.495574951171875,
      36.473567962646484,
      36.757083892822266,
      33.2343635559082,
      32.92761993408203,
      34.8427848815918,
      38.14751434326172,
      43.785762786865234
    ],
    [
      2.581861734390259,
      0.5775832533836365,
      8.864114761352539,
      17.219694137573242,
      31.86543846130371,
      34.52717971801758,
      42.774452209472656,
      45.33201217651367,
      55.78293991088867,
      41.2556266784668,
      47.75645446777344,
      33.2869758605957,
      37.801361083984375,
      29.376798629760742,
      29.193283081054688,
      27.703514099121094,
      33.68087387084961,
      35.86943817138672
    ],
    [
      1.340952754020691,
      -0.06890412420034409,
      7.092583656311035,
      16.80530548095703,
      28.069318771362305,
      34.24623107910156,
      33.90044021606445,
      43.94152069091797,
      41.2556266784668,
      46.484375,
      38.18673324584961,
      35.40481948852539,
      34.08690643310547,
      31.207761764526367,
      29.67112922668457,
      30.841625213623047,
      33.99887466430664,
      39.33042526245117
    ],
    [
      1.2297379970550537,
      -2.091520309448242,
      7.628756523132324,
      13.943375587463379,
      29.413049697875977,
      30.234249114990234,
      39.577152252197266,
      41.495574951171875,
      47.75645446777344,
      38.18673324584961,
      55.849796295166016,
      39.045631408691406,
      45.55624008178711,
      38.17756652832031,
      38.06941223144531,
      37.3837890625,
      41.32085037231445,
      44.734867095947266
    ],
    [
      -0.7315710783004761,
      -5.639278888702393,
      5.30187463760376,
      10.259446144104004,
      22.159095764160156,
      25.895992279052734,
      28.95012664794922,
      36.473567962646484,
      33.2869758605957,
      35.40481948852539,
      39.045631408691406,
      44.185184478759766,
      42.06113052368164,
      44.160064697265625,
      41.64411544799805,
      45.448219299316406,
      45.933258056640625,
      54.02865982055664
    ],
    [
      -2.8638179302215576,
      -6.540543079376221,
      7.416217803955078,
      9.171457290649414,
      22.590152740478516,
      23.859397888183594,
      32.73891830444336,
      36.757083892822266,
      37.801361083984375,
      34.08690643310547,
      45.55624008178711,
      42.06113052368164,
      62.765533447265625,
      57.69394302368164,
      57.256168365478516,
      58.05228042602539,
      62.750526428222656,
      70.15196990966797
    ],
    [
      -3.688955545425415,
      -9.949265480041504,
      5.464898586273193,
      6.117922782897949,
      17.2225341796875,
      19.810609817504883,
      26.288122177124023,
      33.2343635559082,
      29.376798629760742,
      31.207761764526367,
      38.17756652832031,
      44.160064697265625,
      57.69394302368164,
      66.42094421386719,
      62.065589904785156,
      68.6052474975586,
      68.87808990478516,
      81.0598373413086
    ],
    [
      -2.3089828491210938,
      -9.708724975585938,
      7.066542625427246,
      7.232350826263428,
      17.371835708618164,
      20.40648078918457,
      25.95228385925293,
      32.92761993408203,
      29.193283081054688,
      29.67112922668457,
      38.06941223144531,
      41.64411544799805,
      57.256168365478516,
      62.065589904785156,
      73.8920669555664,
      75.85847473144531,
      82.70879364013672,
      90.26527404785156
    ],
    [
      -4.529212951660156,
      -11.784616470336914,
      5.249405860900879,
      5.736060619354248,
      16.591720581054688,
      19.99588394165039,
      25.544614791870117,
      34.8427848815918,
      27.703514099121094,
      30.841625213623047,
      37.3837890625,
      45.448219299316406,
      58.05228042602539,
      68.6052474975586,
      75.85847473144531,
      89.3104476928711,
      86.1235580444336,
      99.38684844970703
    ],
    [
      -2.4050045013427734,
      -10.491747856140137,
      9.40025806427002,
      9.326995849609375,
      20.219970703125,
      24.68362045288086,
      29.794408798217773,
      38.14751434326172,
      33.68087387084961,
      33.99887466430664,
      41.32085037231445,
      45.933258056640625,
      62.750526428222656,
      68.87808990478516,
      82.70879364013672,
      86.1235580444336,
      117.01871490478516,
      121.9260025024414
    ],
    [
      -3.6244142055511475,
      -13.533453941345215,
      11.458751678466797,
      11.172988891601562,
      23.085317611694336,
      29.173593521118164,
      32.32603454589844,
      43.785762786865234,
      35.86943817138672,
      39.33042526245117,
      44.734867095947266,
      54.02865982055664,
      70.15196990966797,
      81.0598373413086,
      90.26527404785156,
      99.38684844970703,
      121.9260025024414,
      149.64138793945312
    ]
  ],
  "damage": -3.2601442337036133,
  "diff_bandwidth": 415.150146484375,
  "dissonance": 8.302046359552396,
  "drr": 3.10868501663208,
  "dynamics": 2.491060256958008,
  "format": 1245190,
  "frames": 8075264,
  "loudness": -10.087489128112793,
  "loudness_range": 5.0548224449157715,
  "loudness_range_short": 8.9852294921875,
  "lowpass_true_peak_15khz": 0.5299646258354187,
  "mastering3_acoustic_entropies": [
    {
      "acoustic_entropy": 6.626988887786865,
      "acoustic_entropy_mono": 5.475471496582031,
      "band_eliminated_acoustic_entropies": [
        {
          "acoustic_entropy": 6.571199893951416,
          "acoustic_entropy_side": 6.62691068649292,
          "hz": 129.47220167065723
        },
        {
          "acoustic_entropy": 6.890781879425049,
          "acoustic_entropy_side": 6.619721412658691,
          "hz": 202.92927478742237
        },
        {
          "acoustic_entropy": 6.841500282287598,
          "acoustic_entropy_side": 6.638295650482178,
          "hz": 282.89161906338205
        },
        {
          "acoustic_entropy": 6.694093227386475,
          "acoustic_entropy_side": 6.662109375,
          "hz": 369.9353335868758
        },
        {
          "acoustic_entropy": 7.214120864868164,
          "acoustic_entropy_side": 6.788148880004883,
          "hz": 464.6875360973435
        },
        {
          "acoustic_entropy": 6.96877908706665,
          "acoustic_entropy_side": 6.558495998382568,
          "hz": 567.8308811364784
        },
        {
          "acoustic_entropy": 6.95637321472168,
          "acoustic_entropy_side": 6.841554641723633,
          "hz": 680.1084783214808
        },
        {
          "acoustic_entropy": 6.190794467926025,
          "acoustic_entropy_side": 6.752045631408691,
          "hz": 802.3292461747484
        },
        {
          "acoustic_entropy": 6.129109859466553,
          "acoustic_entropy_side": 6.0957722663879395,
          "hz": 935.3737400823702
        },
        {
          "acoustic_entropy": 6.541293621063232,
          "acoustic_entropy_side": 6.851658344268799,
          "hz": 1080.2004963696966
        },
        {
          "acoustic_entropy": 6.456521511077881,
          "acoustic_entropy_side": 6.569070339202881,
          "hz": 1237.8529382007157
        },
        {
          "acoustic_entropy": 5.8856916427612305,
          "acoustic_entropy_side": 6.040890216827393,
          "hz": 1409.4668930556702
        },
        {
          "acoustic_entropy": 6.343824863433838,
          "acoustic_entropy_side": 6.328165531158447,
          "hz": 1596.2787759475705
        },
        {
          "acoustic_entropy": 6.632168769836426,
          "acoustic_entropy_side": 6.6700897216796875,
          "hz": 1799.6344973346393
        },
        {
          "acoustic_entropy": 6.420768737792969,
          "acoustic_entropy_side": 6.369991302490234,
          "hz": 2020.9991599069049
        },
        {
          "acoustic_entropy": 6.663821220397949,
          "acoustic_entropy_side": 6.489567279815674,
          "hz": 2261.9676141086993
        },
        {
          "acoustic_entropy": 6.460215091705322,
          "acoustic_entropy_side": 6.627755165100098,
          "hz": 2524.2759484456974
        },
        {
          "acoustic_entropy": 6.595486640930176,
          "acoustic_entropy_side": 6.612299919128418,
          "hz": 2809.813997359896
        },
        {
          "acoustic_entropy": 6.449594974517822,
          "acoustic_entropy_side": 6.617974281311035,
          "hz": 3120.6389567871424
        },
        {
          "acoustic_entropy": 6.640151023864746,
          "acoustic_entropy_side": 6.58972692489624,
          "hz": 3458.990205492291
        },
        {
          "acoustic_entropy": 6.783697605133057,
          "acoustic_entropy_side": 6.639684677124023,
          "hz": 3827.305438964164
        },
        {
          "acoustic_entropy": 6.835912227630615,
          "acoustic_entropy_side": 6.616036415100098,
          "hz": 4228.238232109126
        },
        {
          "acoustic_entropy": 6.792600631713867,
          "acoustic_entropy_side": 6.642178058624268,
          "hz": 4664.6771572759235
        },
        {
          "acoustic_entropy": 6.729570388793945,
          "acoustic_entropy_side": 6.6280341148376465,
          "hz": 5139.766595350093
        },
        {
          "acoustic_entropy": 6.668699741363525,
          "acoustic_entropy_side": 6.629754066467285,
          "hz": 5656.929389854203
        },
        {
          "acoustic_entropy": 6.605108737945557,
          "acoustic_entropy_side": 6.625821590423584,
          "hz": 6219.891507268283
        },
        {
          "acoustic_entropy": 6.565023899078369,
          "acoustic_entropy_side": 6.62799072265625,
          "hz": 6832.70888123896
        },
        {
          "acoustic_entropy": 6.63807487487793,
          "acoustic_entropy_side": 6.647098541259766,
          "hz": 7499.796634079867
        },
        {
          "acoustic_entropy": 6.6392059326171875,
          "acoustic_entropy_side": 6.638669013977051,
          "hz": 8225.96088609342
        },
        {
          "acoustic_entropy": 6.638357639312744,
          "acoustic_entropy_side": 6.636435031890869,
          "hz": 9016.43338188839
        },
        {
          "acoustic_entropy": 6.622012615203857,
          "acoustic_entropy_side": 6.628651142120361,
          "hz": 9876.909183162974
        },
        {
          "acoustic_entropy": 6.637631416320801,
          "acoustic_entropy_side": 6.638182163238525,
          "hz": 10813.587699516042
        },
        {
          "acoustic_entropy": 6.642547607421875,
          "acoustic_entropy_side": 6.638153076171875,
          "hz": 11833.21735289826
        },
        {
          "acoustic_entropy": 6.667508602142334,
          "acoustic_entropy_side": 6.653495788574219,
          "hz": 12943.144197493959
        },
        {
          "acoustic_entropy": 6.646137714385986,
          "acoustic_entropy_side": 6.650974750518799,
          "hz": 14151.364845322005
        },
        {
          "acoustic_entropy": 6.629902362823486,
          "acoustic_entropy_side": 6.6476874351501465,
          "hz": 15466.58407886509
        },
        {
          "acoustic_entropy": 6.635375499725342,
          "acoustic_entropy_side": 6.641810894012451,
          "hz": 16898.27756580493
        },
        {
          "acoustic_entropy": 6.640045166015625,
          "acoustic_entropy_side": 6.63493537902832,
          "hz": 18456.760127700032
        },
        {
          "acoustic_entropy": 6.63466739654541,
          "acoustic_entropy_side": 6.629850387573242,
          "hz": 20153.260054456492
        },
        {
          "acoustic_entropy": 6.627889633178711,
          "acoustic_entropy_side": 6.62726354598999,
          "hz": 22000.00000000001
        }
      ],
      "diff_acoustic_entropy": 5.382339000701904,
      "sn": 6
    },
    {
      "acoustic_entropy": 10.645888328552246,
      "acoustic_entropy_mono": 8.837646484375,
      "band_eliminated_acoustic_entropies": [
        {
          "acoustic_entropy": 10.508152961730957,
          "acoustic_entropy_side": 10.647287368774414,
          "hz": 129.47220167065723
        },
        {
          "acoustic_entropy": 10.622398376464844,
          "acoustic_entropy_side": 10.694406509399414,
          "hz": 202.92927478742237
        },
        {
          "acoustic_entropy": 10.898757934570312,
          "acoustic_entropy_side": 10.677972793579102,
          "hz": 282.89161906338205
        },
        {
          "acoustic_entropy": 10.678041458129883,
          "acoustic_entropy_side": 10.651086807250977,
          "hz": 369.9353335868758
        },
        {
          "acoustic_entropy": 10.469977378845215,
          "acoustic_entropy_side": 10.520163536071777,
          "hz": 464.6875360973435
        },
        {
          "acoustic_entropy": 10.975238800048828,
          "acoustic_entropy_side": 10.622020721435547,
          "hz": 567.8308811364784
        },
        {
          "acoustic_entropy": 10.528280258178711,
          "acoustic_entropy_side": 10.248579978942871,
          "hz": 680.1084783214808
        },
        {
          "acoustic_entropy": 9.71664810180664,
          "acoustic_entropy_side": 10.788503646850586,
          "hz": 802.3292461747484
        },
        {
          "acoustic_entropy": 10.22205924987793,
          "acoustic_entropy_side": 9.97008228302002,
          "hz": 935.3737400823702
        },
        {
          "acoustic_entropy": 10.901212692260742,
          "acoustic_entropy_side": 10.887999534606934,
          "hz": 1080.2004963696966
        },
        {
          "acoustic_entropy": 10.4990234375,
          "acoustic_entropy_side": 10.147575378417969,
          "hz": 1237.8529382007157
        },
        {
          "acoustic_entropy": 10.576699256896973,
          "acoustic_entropy_side": 10.477897644042969,
          "hz": 1409.4668930556702
        },
        {
          "acoustic_entropy": 10.390080451965332,
          "acoustic_entropy_side": 10.306807518005371,
          "hz": 1596.2787759475705
        },
        {
          "acoustic_entropy": 10.28823471069336,
          "acoustic_entropy_side": 10.562585830688477,
          "hz": 1799.6344973346393
        },
        {
          "acoustic_entropy": 10.262103080749512,
          "acoustic_entropy_side": 10.278143882751465,
          "hz": 2020.9991599069049
        },
        {
          "acoustic_entropy": 10.143996238708496,
          "acoustic_entropy_side": 10.226786613464355,
          "hz": 2261.9676141086993
        },
        {
          "acoustic_entropy": 10.394490242004395,
          "acoustic_entropy_side": 10.554314613342285,
          "hz": 2524.2759484456974
        },
        {
          "acoustic_entropy": 10.631377220153809,
          "acoustic_entropy_side": 10.599628448486328,
          "hz": 2809.813997359896
        },
        {
          "acoustic_entropy": 10.475091934204102,
          "acoustic_entropy_side": 10.603411674499512,
          "hz": 3120.6389567871424
        },
        {
          "acoustic_entropy": 10.518558502197266,
          "acoustic_entropy_side": 10.730149269104004,
          "hz": 3458.990205492291
        },
        {
          "acoustic_entropy": 10.599869728088379,
          "acoustic_entropy_side": 10.748558044433594,
          "hz": 3827.305438964164
        },
        {
          "acoustic_entropy": 10.47054386138916,
          "acoustic_entropy_side": 10.66283893585205,
          "hz": 4228.238232109126
        },
        {
          "acoustic_entropy": 10.581975936889648,
          "acoustic_entropy_side": 10.630075454711914,
          "hz": 4664.6771572759235
        },
        {
          "acoustic_entropy": 10.48231029510498,
          "acoustic_entropy_side": 10.629721641540527,
          "hz": 5139.766595350093
        },
        {
          "acoustic_entropy": 10.55784797668457,
          "acoustic_entropy_side": 10.663213729858398,
          "hz": 5656.929389854203
        },
        {
          "acoustic_entropy": 10.629515647888184,
          "acoustic_entropy_side": 10.655430793762207,
          "hz": 6219.891507268283
        },
        {
          "acoustic_entropy": 10.619345664978027,
          "acoustic_entropy_side": 10.607542991638184,
          "hz": 6832.70888123896
        },
        {
          "acoustic_entropy": 10.626423835754395,
          "acoustic_entropy_side": 10.609025955200195,
          "hz": 7499.796634079867
        },
        {
          "acoustic_entropy": 10.632474899291992,
          "acoustic_entropy_side": 10.631656646728516,
          "hz": 8225.96088609342
        },
        {
          "acoustic_entropy": 10.651769638061523,
          "acoustic_entropy_side": 10.651169776916504,
          "hz": 9016.43338188839
        },
        {
          "acoustic_entropy": 10.648526191711426,
          "acoustic_entropy_side": 10.647771835327148,
          "hz": 9876.909183162974
        },
        {
          "acoustic_entropy": 10.67121696472168,
          "acoustic_entropy_side": 10.668922424316406,
          "hz": 10813.587699516042
        },
        {
          "acoustic_entropy": 10.666043281555176,
          "acoustic_entropy_side": 10.664456367492676,
          "hz": 11833.21735289826
        },
        {
          "acoustic_entropy": 10.699105262756348,
          "acoustic_entropy_side": 10.679835319519043,
          "hz": 12943.144197493959
        },
        {
          "acoustic_entropy": 10.632678031921387,
          "acoustic_entropy_side": 10.665555953979492,
          "hz": 14151.364845322005
        },
        {
          "acoustic_entropy": 10.558388710021973,
          "acoustic_entropy_side": 10.65468978881836,
          "hz": 15466.58407886509
        },
        {
          "acoustic_entropy": 10.585258483886719,
          "acoustic_entropy_side": 10.65397834777832,
          "hz": 16898.27756580493
        },
        {
          "acoustic_entropy": 10.625953674316406,
          "acoustic_entropy_side": 10.656798362731934,
          "hz": 18456.760127700032
        },
        {
          "acoustic_entropy": 10.650209426879883,
          "acoustic_entropy_side": 10.654254913330078,
          "hz": 20153.260054456492
        },
        {
          "acoustic_entropy": 10.648345947265625,
          "acoustic_entropy_side": 10.647055625915527,
          "hz": 22000.00000000001
        }
      ],
      "diff_acoustic_entropy": 8.617683410644531,
      "sn": 12
    },
    {
      "acoustic_entropy": 15.301539421081543,
      "acoustic_entropy_mono": 12.973344802856445,
      "band_eliminated_acoustic_entropies": [
        {
          "acoustic_entropy": 15.500370979309082,
          "acoustic_entropy_side": 15.534647941589355,
          "hz": 129.47220167065723
        },
        {
          "acoustic_entropy": 15.698777198791504,
          "acoustic_entropy_side": 15.802244186401367,
          "hz": 202.92927478742237
        },
        {
          "acoustic_entropy": 15.773685455322266,
          "acoustic_entropy_side": 15.847246170043945,
          "hz": 282.89161906338205
        },
        {
          "acoustic_entropy": 15.357150077819824,
          "acoustic_entropy_side": 15.26618480682373,
          "hz": 369.9353335868758
        },
        {
          "acoustic_entropy": 15.321049690246582,
          "acoustic_entropy_side": 15.09350872039795,
          "hz": 464.6875360973435
        },
        {
          "acoustic_entropy": 15.381891250610352,
          "acoustic_entropy_side": 15.31434440612793,
          "hz": 567.8308811364784
        },
        {
          "acoustic_entropy": 15.781061172485352,
          "acoustic_entropy_side": 15.591410636901855,
          "hz": 680.1084783214808
        },
        {
          "acoustic_entropy": 15.516742706298828,
          "acoustic_entropy_side": 15.891873359680176,
          "hz": 802.3292461747484
        },
        {
          "acoustic_entropy": 14.885422706604004,
          "acoustic_entropy_side": 14.919666290283203,
          "hz": 935.3737400823702
        },
        {
          "acoustic_entropy": 15.753758430480957,
          "acoustic_entropy_side": 15.726431846618652,
          "hz": 1080.2004963696966
        },
        {
          "acoustic_entropy": 15.411870956420898,
          "acoustic_entropy_side": 15.526935577392578,
          "hz": 1237.8529382007157
        },
        {
          "acoustic_entropy": 15.3583984375,
          "acoustic_entropy_side": 15.43606948852539,
          "hz": 1409.4668930556702
        },
        {
          "acoustic_entropy": 15.60067367553711,
          "acoustic_entropy_side": 15.132216453552246,
          "hz": 1596.2787759475705
        },
        {
          "acoustic_entropy": 15.864542007446289,
          "acoustic_entropy_side": 16.04989242553711,
          "hz": 1799.6344973346393
        },
        {
          "acoustic_entropy": 15.31067180633545,
          "acoustic_entropy_side": 15.235031127929688,
          "hz": 2020.9991599069049
        },
        {
          "acoustic_entropy": 15.671079635620117,
          "acoustic_entropy_side": 15.4215726852417,
          "hz": 2261.9676141086993
        },
        {
          "acoustic_entropy": 15.651322364807129,
          "acoustic_entropy_side": 15.502554893493652,
          "hz": 2524.2759484456974
        },
        {
          "acoustic_entropy": 15.420764923095703,
          "acoustic_entropy_side": 15.287123680114746,
          "hz": 2809.813997359896
        },
        {
