{
  "acoustic_entropy": 205.70677185058594,
  "bands": [
    {
      "high_freq": 148.1999969482422,
      "loudness": -22.14812469482422,
      "loudness_range": 11.011272430419922,
      "mid_mean": -18.444385528564453,
      "mid_to_side_loudness": -30.070669174194336,
      "mid_to_side_loudness_range": 13.673892974853516,
      "side_mean": -48.82204055786133
    },
    {
      "high_freq": 392.3793640136719,
      "loudness": -16.83121109008789,
      "loudness_range": 5.9840192794799805,
      "low_freq": 148.1999969482422,
      "mid_mean": -13.206814765930176,
      "mid_to_side_loudness": -21.53272247314453,
      "mid_to_side_loudness_range": 16.19561767578125,
      "side_mean": -34.554561614990234
    },
    {
      "high_freq": 794.6976318359375,
      "loudness": -20.924240112304688,
      "loudness_range": 7.551782608032227,
      "low_freq": 392.3793640136719,
      "mid_mean": -17.640579223632812,
      "mid_to_side_loudness": -11.185149192810059,
      "mid_to_side_loudness_range": 9.46102523803711,
      "side_mean": -28.890724182128906
    },
    {
      "high_freq": 1457.5709228515625,
      "loudness": -21.649810791015625,
      "loudness_range": 9.661856651306152,
      "low_freq": 794.6976318359375,
      "mid_mean": -18.890045166015625,
      "mid_to_side_loudness": -7.358699798583984,
      "mid_to_side_loudness_range": 11.408515930175781,
      "side_mean": -26.233766555786133
    },
    {
      "high_freq": 2549.74365234375,
      "loudness": -16.657625198364258,
      "loudness_range": 11.446565628051758,
      "low_freq": 1457.5709228515625,
      "mid_mean": -14.558035850524902,
      "mid_to_side_loudness": -4.037132263183594,
      "mid_to_side_loudness_range": 6.181682109832764,
      "side_mean": -18.29177474975586
    },
    {
      "high_freq": 4349.24462890625,
      "loudness": -18.026992797851562,
      "loudness_range": 11.286526679992676,
      "low_freq": 2549.74365234375,
      "mid_mean": -15.865777015686035,
      "mid_to_side_loudness": -4.10156774520874,
      "mid_to_side_loudness_range": 3.376972198486328,
      "side_mean": -19.576385498046875
    },
    {
      "high_freq": 7314.1640625,
      "loudness": -22.251937866210938,
      "loudness_range": 9.502050399780273,
      "low_freq": 4349.24462890625,
      "mid_mean": -19.043668746948242,
      "mid_to_side_loudness": -10.096598625183105,
      "mid_to_side_loudness_range": 13.372796058654785,
      "side_mean": -29.173269271850586
    },
    {
      "high_freq": 12199.2666015625,
      "loudness": -23.495912551879883,
      "loudness_range": 9.008506774902344,
      "low_freq": 7314.1640625,
      "mid_mean": -19.90138053894043,
      "mid_to_side_loudness": -16.782886505126953,
      "mid_to_side_loudness_range": 10.17057991027832,
      "side_mean": -37.61045455932617
    },
    {
      "loudness": -28.925765991210938,
      "loudness_range": 10.21044921875,
      "low_freq": 12199.2666015625,
      "mid_mean": -25.44761848449707,
      "mid_to_side_loudness": -13.8486967086792,
      "mid_to_side_loudness_range": 8.816082954406738,
      "side_mean": -39.51335906982422
    }
  ],
  "bands_short": [
    {
      "high_freq": 148.1999969482422,
      "loudness": -27.273929595947266,
      "loudness_range": 17.849626541137695,
      "mid_mean": -23.5863094329834,
      "mid_to_side_loudness": -31.112409591674805,
      "mid_to_side_loudness_range": 22.706777572631836,
      "side_mean": -55.42573547363281
    },
    {
      "high_freq": 392.3793640136719,
      "loudness": -16.453916549682617,
      "loudness_range": 6.701847076416016,
      "low_freq": 148.1999969482422,
      "mid_mean": -12.817639350891113,
      "mid_to_side_loudness": -23.129085540771484,
      "mid_to_side_loudness_range": 17.549428939819336,
      "side_mean": -35.805328369140625
    },
    {
      "high_freq": 794.6976318359375,
      "loudness": -20.726640701293945,
      "loudness_range": 8.987234115600586,
      "low_freq": 392.3793640136719,
      "mid_mean": -17.452199935913086,
      "mid_to_side_loudness": -11.570387840270996,
      "mid_to_side_loudness_range": 12.057636260986328,
      "side_mean": -29.099512100219727
    },
    {
      "high_freq": 1457.5709228515625,
      "loudness": -21.940841674804688,
      "loudness_range": 10.972663879394531,
      "low_freq": 794.6976318359375,
      "mid_mean": -19.23253631591797,
      "mid_to_side_loudness": -7.403501987457275,
      "mid_to_side_loudness_range": 12.976997375488281,
      "side_mean": -26.636322021484375
    },
    {
      "high_freq": 2549.74365234375,
      "loudness": -16.901138305664062,
      "loudness_range": 12.119332313537598,
      "low_freq": 1457.5709228515625,
      "mid_mean": -14.843196868896484,
      "mid_to_side_loudness": -4.081541061401367,
      "mid_to_side_loudness_range": 7.630009651184082,
      "side_mean": -18.58425521850586
    },
    {
      "high_freq": 4349.24462890625,
      "loudness": -18.07874870300293,
      "loudness_range": 12.281759262084961,
      "low_freq": 2549.74365234375,
      "mid_mean": -15.965068817138672,
      "mid_to_side_loudness": -4.145709037780762,
      "mid_to_side_loudness_range": 4.547157287597656,
      "side_mean": -19.575267791748047
    },
    {
      "high_freq": 7314.1640625,
      "loudness": -22.520315170288086,
      "loudness_range": 11.454713821411133,
      "low_freq": 4349.24462890625,
      "mid_mean": -19.38895034790039,
      "mid_to_side_loudness": -9.81673526763916,
      "mid_to_side_loudness_range": 13.527981758117676,
      "side_mean": -29.144580841064453
    },
    {
      "high_freq": 12199.2666015625,
      "loudness": -24.48952293395996,
      "loudness_range": 12.67003059387207,
      "low_freq": 7314.1640625,
      "mid_mean": -20.883136749267578,
      "mid_to_side_loudness": -17.215560913085938,
      "mid_to_side_loudness_range": 11.921459197998047,
      "side_mean": -38.86689376831055
    },
    {
      "loudness": -32.36972427368164,
      "loudness_range": 20.5533504486084,
      "low_freq": 12199.2666015625,
      "mid_mean": -28.910036087036133,
      "mid_to_side_loudness": -14.097665786743164,
      "mid_to_side_loudness_range": 11.015144348144531,
      "side_mean": -43.43513107299805
    }
  ],
  "bandwidth": 961.13134765625,
  "channels": 2,
  "covariance": [
    [
      22.545398712158203,
      9.075438499450684,
      2.35122013092041,
      -2.1447057723999023,
      0.9904912710189819,
      -1.4406766891479492,
      0.07742886990308762,
      -0.6510210037231445,
      -0.9705089330673218,
      -0.7457243800163269,
      1.5576177835464478,
      1.0606064796447754,
      3.0917627811431885,
      1.6581628322601318,
      0.5622711777687073,
      4.138260841369629,
      2.5323495864868164,
      3.6469616889953613
    ],
    [
      9.075438499450684,
      14.058940887451172,
      1.0584824085235596,
      3.1241610050201416,
      -0.06553085148334503,
      0.26893237233161926,
      0.07506326586008072,
      1.1626436710357666,
      0.4182319939136505,
      0.8389366269111633,
      1.444193720817566,
      1.3201402425765991,
      0.8451564908027649,
      1.883455514907837,
      -1.0697468519210815,
      2.44925594329834,
      0.19557377696037292,
      3.0655441284179688
    ],
    [
      2.35122013092041,
      1.0584824085235596,
      7.010471820831299,
      -2.441194772720337,
      -0.28033319115638733,
      -1.5907808542251587,
      -2.3303773403167725,
      -1.6365963220596313,
      -2.745577096939087,
      -2.2922568321228027,
      -1.1073611974716187,
      -1.5636500120162964,
      1.8921222686767578,
      -1.5603859424591064,
      -0.9199828505516052,
      0.8612480759620667,
      0.5103735327720642,
      0.7336283922195435
    ],
    [
      -2.1447057723999023,
      3.1241610050201416,
      -2.441194772720337,
      18.19854736328125,
      0.5878474712371826,
      2.0009756088256836,
      1.0884031057357788,
      0.7386395335197449,
      3.151087522506714,
      3.4478964805603027,
      2.0325944423675537,
      2.1067988872528076,
      -0.24114955961704254,
      2.7006547451019287,
      0.8269832730293274,
      0.23014545440673828,
      -0.2041017711162567,
      -0.013598521240055561
    ],
    [
      0.9904912710189819,
      -0.06553085148334503,
      -0.28033319115638733,
      0.5878474712371826,
      8.423844337463379,
      -0.25704774260520935,
      0.8599416613578796,
      -0.0626322478055954,
      -0.4920410215854645,
      0.39296412467956543,
      1.0008264780044556,
      0.9129689931869507,
      0.91907799243927,
      1.1065384149551392,
      0.9434881806373596,
      0.5842776298522949,
      1.4446794986724854,
      0.6164661049842834
    ],
    [
      -1.4406766891479492,
      0.26893237233161926,
      -1.5907808542251587,
      2.0009756088256836,
      -0.25704774260520935,
      8.611261367797852,
      0.4113662540912628,
      1.2135396003723145,
      3.489541530609131,
      3.4418210983276367,
      3.061060667037964,
      2.9205245971679688,
      0.09178505837917328,
      2.8258464336395264,
      -0.008062832988798618,
      1.0260952711105347,
      -0.14546813070774078,
      0.9798492789268494
    ],
    [
      0.07742886990308762,
      0.07506326586008072,
      -2.3303773403167725,
      1.0884031057357788,
      0.8599416613578796,
      0.4113662540912628,
      13.328812599182129,
      2.530611038208008,
      6.866028308868408,
      3.924041986465454,
      5.894880294799805,
      5.636587619781494,
      4.509413719177246,
      8.07129192352295,
      2.884657621383667,
      4.312324047088623,
      1.8601316213607788,
      1.8967891931533813
    ],
    [
      -0.6510210037231445,
      1.1626436710357666,
      -1.6365963220596313,
      0.7386395335197449,
      -0.0626322478055954,
      1.2135396003723145,
      2.530611038208008,
      10.88681697845459,
      5.212751865386963,
      6.037421703338623,
      6.790525436401367,
      7.245070934295654,
      3.2702722549438477,
      8.659972190856934,
      0.37096473574638367,
      2.692068099975586,
      0.5610862374305725,
      2.7322397232055664
    ],
    [
      -0.9705089330673218,
      0.4182319939136505,
      -2.745577096939087,
      3.151087522506714,
      -0.4920410215854645,
      3.489541530609131,
      6.866028308868408,
      5.212751865386963,
      17.598548889160156,
      13.894216537475586,
      14.841592788696289,
      14.510340690612793,
      9.045411109924316,
      18.58568572998047,
      3.57188081741333,
      8.257023811340332,
      2.576185703277588,
      5.3527021408081055
    ],
    [
      -0.7457243800163269,
      0.8389366269111633,
      -2.2922568321228027,
      3.4478964805603027,
      0.39296412467956543,
      3.4418210983276367,
      3.924041986465454,
      6.037421703338623,
      13.894216537475586,
      17.824634552001953,
      15.224915504455566,
      17.238719940185547,
      7.490058898925781,
      20.902973175048828,
      2.298353672027588,
      8.169885635375977,
      1.158442735671997,
      5.107912063598633
    ],
    [
      1.5576177835464478,
      1.444193720817566,
      -1.1073611974716187,
      2.0325944423675537,
      1.0008264780044556,
      3.061060667037964,
      5.894880294799805,
      6.790525436401367,
      14.841592788696289,
      15.224915504455566,
      19.666702270507812,
      18.485004425048828,
      12.916576385498047,
      23.72844886779785,
      4.591672420501709,
      11.90390396118164,
      3.7621023654937744,
      7.7022857666015625
    ],
    [
      1.0606064796447754,
      1.3201402425765991,
      -1.5636500120162964,
      2.1067988872528076,
      0.9129689931869507,
      2.9205245971679688,
      5.636587619781494,
      7.245070934295654,
      14.510340690612793,
      17.238719940185547,
      18.485004425048828,
      21.923959732055664,
      10.464653015136719,
      25.138919830322266,
      3.1952695846557617,
      10.607280731201172,
      1.9035030603408813,
      6.189032554626465
    ],
    [
      3.0917627811431885,
      0.8451564908027649,
      1.8921222686767578,
      -0.24114955961704254,
      0.91907799243927,
      0.09178505837917328,
      4.509413719177246,
      3.2702722549438477,
      9.045411109924316,
      7.490058898925781,
      12.916576385498047,
      10.464653015136719,
      20.314239501953125,
      16.678604125976562,
      8.677373886108398,
      15.030926704406738,
      7.423865795135498,
      9.753165245056152
    ],
    [
      1.6581628322601318,
      1.883455514907837,
      -1.5603859424591064,
      2.7006547451019287,
      1.1065384149551392,
      2.8258464336395264,
      8.07129192352295,
      8.659972190856934,
      18.58568572998047,
      20.902973175048828,
      23.72844886779785,
      25.138919830322266,
      16.678604125976562,
      35.327903747558594,
      5.207211971282959,
      15.833858489990234,
      3.3409814834594727,
      9.018536567687988
    ],
    [
      0.5622711777687073,
      -1.0697468519210815,
      -0.9199828505516052,
      0.8269832730293274,
      0.9434881806373596,
      -0.008062832988798618,
      2.884657621383667,
      0.37096473574638367,
      3.57188081741333,
      2.298353672027588,
      4.591672420501709,
      3.1952695846557617,
      8.677373886108398,
      5.207211971282959,
      13.62786865234375,
      11.32650089263916,
      10.467655181884766,
      10.162424087524414
    ],
    [
      4.138260841369629,
      2.44925594329834,
      0.8612480759620667,
      0.23014545440673828,
      0.5842776298522949,
      1.0260952711105347,
      4.312324047088623,
      2.692068099975586,
      8.257023811340332,
      8.169885635375977,
      11.90390396118164,
      10.607280731201172,
      15.030926704406738,
      15.833858489990234,
      11.32650089263916,
      26.60440444946289,
      11.42209529876709,
      20.026569366455078
    ],
    [
      2.5323495864868164,
      0.19557377696037292,
      0.5103735327720642,
      -0.2041017711162567,
      1.4446794986724854,
      -0.14546813070774078,
      1.8601316213607788,
      0.5610862374305725,
      2.576185703277588,
      1.158442735671997,
      3.7621023654937744,
      1.9035030603408813,
      7.423865795135498,
      3.3409814834594727,
      10.467655181884766,
      11.42209529876709,
      18.77021026611328,
      16.778301239013672
    ],
    [
      3.6469616889953613,
      3.0655441284179688,
      0.7336283922195435,
      -0.013598521240055561,
      0.6164661049842834,
      0.9798492789268494,
      1.8967891931533813,
      2.7322397232055664,
      5.3527021408081055,
      5.107912063598633,
      7.7022857666015625,
      6.189032554626465,
      9.753165245056152,
      9.018536567687988,
      10.162424087524414,
      20.026569366455078,
      16.778301239013672,
      27.719379425048828
    ]
  ],
  "covariance_short": [
    [
      41.75459289550781,
      21.09613037109375,
      4.152504920959473,
      -0.33513888716697693,
      0.25652292370796204,
      -0.6346827149391174,
      -1.7213315963745117,
      -1.043894648551941,
      -2.2251343727111816,
      -0.140672504901886,
      0.1873607039451599,
      0.7837740778923035,
      -1.0116411447525024,
      1.0322266817092896,
      -1.2693703174591064,
      3.256354808807373,
      3.0915355682373047,
      7.364845275878906
    ],
    [
      21.09613037109375,
      51.3913688659668,
      3.7798635959625244,
      4.363336563110352,
      -1.4247376918792725,
      1.91966712474823,
      -2.253377676010132,
      1.4118435382843018,
      -0.5877655744552612,
      -0.6516307592391968,
      0.3382354974746704,
      -0.7907862067222595,
      -2.869056224822998,
      -0.2723167836666107,
      -5.798519134521484,
      0.8290953636169434,
      0.12932619452476501,
      6.2458062171936035
    ],
    [
      4.152504920959473,
      3.7798635959625244,
      9.198709487915039,
      -2.354806661605835,
      -0.18005594611167908,
      -2.0718533992767334,
      -2.3266406059265137,
      -1.80890953540802,
      -2.9795260429382324,
      -2.8849642276763916,
      -1.2497515678405762,
      -1.515337586402893,
      1.2799800634384155,
      -1.4924639463424683,
      -1.5330368280410767,
      0.8803125619888306,
      0.6297675967216492,
      2.726614236831665
    ],
    [
      -0.33513888716697693,
      4.363336563110352,
      -2.354806661605835,
      20.92217445373535,
      0.25884225964546204,
      3.159930467605591,
      0.18436865508556366,
      0.8228775262832642,
      2.317138195037842,
      2.6720030307769775,
      1.5651906728744507,
      1.2606595754623413,
      -0.2118968367576599,
      1.5290467739105225,
      0.42151615023612976,
      -0.04196703061461449,
      0.41002240777015686,
      -0.826601505279541
    ],
    [
      0.25652292370796204,
      -1.4247376918792725,
      -0.18005594611167908,
      0.25884225964546204,
      10.937338829040527,
      0.1538810282945633,
      1.1674009561538696,
      -0.5697972178459167,
      -0.8682036995887756,
      0.37378472089767456,
      0.5041600465774536,
      0.6572388410568237,
      0.942108154296875,
      0.9248359799385071,
      1.4204941987991333,
      0.6176874041557312,
      1.7423086166381836,
      0.20611895620822906
    ],
    [
      -0.6346827149391174,
      1.91966712474823,
      -2.0718533992767334,
      3.159930467605591,
      0.1538810282945633,
      12.343094825744629,
      -0.034917738288640976,
      0.8583946824073792,
      3.3570632934570312,
      3.342698574066162,
      3.0479371547698975,
      2.3070788383483887,
      0.4726911783218384,
      2.0231704711914062,
      0.1978663206100464,
      0.5982943177223206,
      -0.48774632811546326,
      0.1411127746105194
    ],
    [
      -1.7213315963745117,
      -2.253377676010132,
      -2.3266406059265137,
      0.18436865508556366,
      1.1674009561538696,
      -0.034917738288640976,
      16.44169044494629,
      3.1992404460906982,
      6.643630027770996,
      3.9772515296936035,
      6.080177307128906,
      5.656566143035889,
      5.213463306427002,
      7.827739238739014,
      4.5600786209106445,
      4.942952632904053,
      4.2508368492126465,
      3.9168848991394043
    ],
    [
      -1.043894648551941,
      1.4118435382843018,
      -1.80890953540802,
      0.8228775262832642,
      -0.5697972178459167,
      0.8583946824073792,
      3.1992404460906982,
      13.900761604309082,
      5.531673431396484,
      6.443357467651367,
      7.5467305183410645,
      7.4212541580200195,
      3.7501375675201416,
      8.507591247558594,
      0.9122327566146851,
      3.0174179077148438,
      0.819680392742157,
      2.3653671741485596
    ],
    [
      -2.2251343727111816,
      -0.5877655744552612,
      -2.9795260429382324,
      2.317138195037842,
      -0.8682036995887756,
      3.3570632934570312,
      6.643630027770996,
      5.531673431396484,
      20.565876007080078,
      15.557535171508789,
      16.637176513671875,
      15.485052108764648,
      11.099523544311523,
      19.146326065063477,
      5.465564727783203,
      9.24738883972168,
      5.769593238830566,
      7.234783172607422
    ],
    [
      -0.140672504901886,
      -0.6516307592391968,
      -2.8849642276763916,
      2.6720030307769775,
      0.37378472089767456,
      3.342698574066162,
      3.9772515296936035,
      6.443357467651367,
      15.557535171508789,
      21.011030197143555,
      16.7587890625,
      18.4827938079834,
      9.16199016571045,
      21.40962028503418,
      3.2138452529907227,
      8.709766387939453,
      0.9159139394760132,
      4.604231834411621
    ],
    [
      0.1873607039451599,
      0.3382354974746704,
      -1.2497515678405762,
      1.5651906728744507,
      0.5041600465774536,
      3.0479371547698975,
      6.080177307128906,
      7.5467305183410645,
      16.637176513671875,
      16.7587890625,
      23.830846786499023,
      20.890329360961914,
      14.742375373840332,
      24.899084091186523,
      6.554711818695068,
      12.915002822875977,
      6.166998386383057,
      10.467411994934082
    ],
    [
      0.7837740778923035,
      -0.7907862067222595,
      -1.515337586402893,
      1.2606595754623413,
      0.6572388410568237,
      2.3070788383483887,
      5.656566143035889,
      7.4212541580200195,
      15.485052108764648,
      18.4827938079834,
      20.890329360961914,
      25.388896942138672,
      11.998286247253418,
      25.850688934326172,
      4.315114974975586,
      10.784889221191406,
      1.9905120134353638,
      6.520509719848633
    ],
    [
      -1.0116411447525024,
      -2.869056224822998,
      1.2799800634384155,
      -0.2118968367576599,
      0.942108154296875,
      0.4726911783218384,
      5.213463306427002,
      3.7501375675201416,
      11.099523544311523,
      9.16199016571045,
      14.742375373840332,
      11.998286247253418,
      25.213497161865234,
      19.317035675048828,
      14.461427688598633,
      18.780593872070312,
      13.56574821472168,
      16.850360870361328
    ],
    [
      1.0322266817092896,
      -0.2723167836666107,
      -1.4924639463424683,
      1.5290467739105225,
      0.9248359799385071,
      2.0231704711914062,
      7.827739238739014,
      8.507591247558594,
      19.146326065063477,
      21.40962028503418,
      24.899084091186523,
      25.850688934326172,
      19.317035675048828,
      38.347755432128906,
      7.357219219207764,
      16.898717880249023,
      4.927110195159912,
      11.548646926879883
    ],
    [
      -1.2693703174591064,
      -5.798519134521484,
      -1.5330368280410767,
      0.42151615023612976,
      1.4204941987991333,
      0.1978663206100464,
      4.5600786209106445,
      0.9122327566146851,
      5.465564727783203,
      3.2138452529907227,
      6.554711818695068,
      4.315114974975586,
      14.461427688598633,
      7.357219219207764,
      25.364431381225586,
      19.782135009765625,
      25.031129837036133,
      23.061931610107422
    ],
    [
      3.256354808807373,
      0.8290953636169434,
      0.8803125619888306,
      -0.04196703061461449,
      0.6176874041557312,
      0.5982943177223206,
      4.942952632904053,
      3.0174179077148438,
      9.24738883972168,
      8.709766387939453,
      12.915002822875977,
      10.784889221191406,
      18.780593872070312,
      16.898717880249023,
      19.782135009765625,
      37.899147033691406,
      24.27570152282715,
      38.46413803100586
    ],
    [
      3.0915355682373047,
      0.12932619452476501,
      0.6297675967216492,
      0.41002240777015686,
      1.7423086166381836,
      -0.48774632811546326,
      4.2508368492126465,
      0.819680392742157,
      5.769593238830566,
      0.9159139394760132,
      6.166998386383057,
      1.9905120134353638,
      13.56574821472168,
      4.927110195159912,
      25.031129837036133,
      24.27570152282715,
      51.552730560302734,
      44.41360855102539
    ],
    [
      7.364845275878906,
      6.2458062171936035,
      2.726614236831665,
      -0.826601505279541,
      0.20611895620822906,
      0.1411127746105194,
      3.9168848991394043,
      2.3653671741485596,
      7.234783172607422,
      4.604231834411621,
      10.467411994934082,
      6.520509719848633,
      16.850360870361328,
      11.548646926879883,
      23.061931610107422,
      38.46413803100586,
      44.41360855102539,
      64.88298797607422
    ]
  ],
  "damage": -3.9108164310455322,
  "diff_bandwidth": 952.00439453125,
  "dissonance": 11.574052851154242,
  "drr": 5.908652305603027,
  "dynamics": 1.4909783601760864,
  "format": 1245190,
  "frames": 15638528,
  "loudness": -6.51539421081543,
  "loudness_range": 3.1560750007629395,
  "loudness_range_short": 3.636716842651367,
  "lowpass_true_peak_15khz": 1.1586188077926636,
  "mastering3_acoustic_entropies": [
    {
      "acoustic_entropy": 6.077084064483643,
      "acoustic_entropy_mono": 5.676188945770264,
      "band_eliminated_acoustic_entropies": [
        {
          "acoustic_entropy": 6.093298435211182,
          "acoustic_entropy_side": 6.077084064483643,
          "hz": 129.47220167065723
        },
        {
          "acoustic_entropy": 6.084889888763428,
          "acoustic_entropy_side": 6.077088356018066,
          "hz": 202.92927478742237
        },
        {
          "acoustic_entropy": 6.114638805389404,
          "acoustic_entropy_side": 6.077113628387451,
          "hz": 282.89161906338205
        },
        {
          "acoustic_entropy": 6.425759315490723,
          "acoustic_entropy_side": 6.077976703643799,
          "hz": 369.9353335868758
        },
        {
          "acoustic_entropy": 6.29400110244751,
          "acoustic_entropy_side": 6.07763671875,
          "hz": 464.6875360973435
        },
        {
          "acoustic_entropy": 6.179453372955322,
          "acoustic_entropy_side": 6.083305835723877,
          "hz": 567.8308811364784
        },
        {
          "acoustic_entropy": 6.178606986999512,
          "acoustic_entropy_side": 6.083641529083252,
          "hz": 680.1084783214808
        },
        {
          "acoustic_entropy": 6.096810340881348,
          "acoustic_entropy_side": 6.0796895027160645,
          "hz": 802.3292461747484
        },
        {
          "acoustic_entropy": 6.309087753295898,
          "acoustic_entropy_side": 6.079157829284668,
          "hz": 935.3737400823702
        },
        {
          "acoustic_entropy": 6.217605113983154,
          "acoustic_entropy_side": 6.089649677276611,
          "hz": 1080.2004963696966
        },
        {
          "acoustic_entropy": 6.4243903160095215,
          "acoustic_entropy_side": 6.09636926651001,
          "hz": 1237.8529382007157
        },
        {
          "acoustic_entropy": 6.164357662200928,
          "acoustic_entropy_side": 6.131208419799805,
          "hz": 1409.4668930556702
        },
        {
          "acoustic_entropy": 5.244363784790039,
          "acoustic_entropy_side": 6.118066787719727,
          "hz": 1596.2787759475705
        },
        {
          "acoustic_entropy": 6.254496097564697,
          "acoustic_entropy_side": 6.122402667999268,
          "hz": 1799.6344973346393
        },
        {
          "acoustic_entropy": 6.324494361877441,
          "acoustic_entropy_side": 6.1499714851379395,
          "hz": 2020.9991599069049
        },
        {
          "acoustic_entropy": 6.0343828201293945,
          "acoustic_entropy_side": 6.084637641906738,
          "hz": 2261.9676141086993
        },
        {
          "acoustic_entropy": 6.019852638244629,
          "acoustic_entropy_side": 6.0095744132995605,
          "hz": 2524.2759484456974
        },
        {
          "acoustic_entropy": 5.93695592880249,
          "acoustic_entropy_side": 5.999392509460449,
          "hz": 2809.813997359896
        },
        {
          "acoustic_entropy": 5.947939395904541,
          "acoustic_entropy_side": 6.047250747680664,
          "hz": 3120.6389567871424
        },
        {
          "acoustic_entropy": 6.075961589813232,
          "acoustic_entropy_side": 6.098319053649902,
          "hz": 3458.990205492291
        },
        {
          "acoustic_entropy": 6.013746738433838,
          "acoustic_entropy_side": 6.086716651916504,
          "hz": 3827.305438964164
        },
        {
          "acoustic_entropy": 6.025602340698242,
          "acoustic_entropy_side": 6.083509922027588,
          "hz": 4228.238232109126
        },
        {
          "acoustic_entropy": 6.087879180908203,
          "acoustic_entropy_side": 6.082097053527832,
          "hz": 4664.6771572759235
        },
        {
          "acoustic_entropy": 6.0468430519104,
          "acoustic_entropy_side": 6.077714443206787,
          "hz": 5139.766595350093
        },
        {
          "acoustic_entropy": 6.057672023773193,
          "acoustic_entropy_side": 6.075708866119385,
          "hz": 5656.929389854203
        },
        {
          "acoustic_entropy": 6.131435871124268,
          "acoustic_entropy_side": 6.074498176574707,
          "hz": 6219.891507268283
        },
        {
          "acoustic_entropy": 6.05569314956665,
          "acoustic_entropy_side": 6.076328754425049,
          "hz": 6832.70888123896
        },
        {
          "acoustic_entropy": 5.987298965454102,
          "acoustic_entropy_side": 6.075610637664795,
          "hz": 7499.796634079867
        },
        {
          "acoustic_entropy": 6.0251641273498535,
          "acoustic_entropy_side": 6.07003116607666,
          "hz": 8225.96088609342
        },
        {
          "acoustic_entropy": 6.020732879638672,
          "acoustic_entropy_side": 6.068472862243652,
          "hz": 9016.43338188839
        },
        {
          "acoustic_entropy": 6.045990943908691,
          "acoustic_entropy_side": 6.067215919494629,
          "hz": 9876.909183162974
        },
        {
          "acoustic_entropy": 6.0331244468688965,
          "acoustic_entropy_side": 6.064716815948486,
          "hz": 10813.587699516042
        },
        {
          "acoustic_entropy": 6.069171905517578,
          "acoustic_entropy_side": 6.071537017822266,
          "hz": 11833.21735289826
        },
        {
          "acoustic_entropy": 6.203494071960449,
          "acoustic_entropy_side": 6.074024677276611,
          "hz": 12943.144197493959
        },
        {
          "acoustic_entropy": 6.065089702606201,
          "acoustic_entropy_side": 6.071742534637451,
          "hz": 14151.364845322005
        },
        {
          "acoustic_entropy": 6.076834678649902,
          "acoustic_entropy_side": 6.066699504852295,
          "hz": 15466.58407886509
        },
        {
          "acoustic_entropy": 6.047237396240234,
          "acoustic_entropy_side": 6.060618877410889,
          "hz": 16898.27756580493
        },
        {
          "acoustic_entropy": 6.110534191131592,
          "acoustic_entropy_side": 6.055558204650879,
          "hz": 18456.760127700032
        },
        {
          "acoustic_entropy": 6.114420413970947,
          "acoustic_entropy_side": 6.055226802825928,
          "hz": 20153.260054456492
        },
        {
          "acoustic_entropy": 6.078670024871826,
          "acoustic_entropy_side": 6.073228359222412,
          "hz": 22000.00000000001
        }
      ],
      "diff_acoustic_entropy": 3.9711170196533203,
      "sn": 6
    },
    {
      "acoustic_entropy": 10.213312149047852,
      "acoustic_entropy_mono": 9.083863258361816,
      "band_eliminated_acoustic_entropies": [
        {
          "acoustic_entropy": 10.140214920043945,
          "acoustic_entropy_side": 10.213313102722168,
          "hz": 129.47220167065723
        },
        {
          "acoustic_entropy": 10.209237098693848,
          "acoustic_entropy_side": 10.21336841583252,
          "hz": 202.92927478742237
        },
        {
          "acoustic_entropy": 10.00207233428955,
          "acoustic_entropy_side": 10.213385581970215,
          "hz": 282.89161906338205
        },
        {
          "acoustic_entropy": 10.653532028198242,
          "acoustic_entropy_side": 10.21023941040039,
          "hz": 369.9353335868758
        },
        {
          "acoustic_entropy": 10.473250389099121,
          "acoustic_entropy_side": 10.124653816223145,
          "hz": 464.6875360973435
        },
        {
          "acoustic_entropy": 10.463088989257812,
          "acoustic_entropy_side": 10.288456916809082,
          "hz": 567.8308811364784
        },
        {
          "acoustic_entropy": 9.43559455871582,
          "acoustic_entropy_side": 10.221186637878418,
          "hz": 680.1084783214808
        },
        {
          "acoustic_entropy": 10.481012344360352,
          "acoustic_entropy_side": 10.25800895690918,
          "hz": 802.3292461747484
        },
        {
          "acoustic_entropy": 10.855513572692871,
          "acoustic_entropy_side": 10.133420944213867,
          "hz": 935.3737400823702
        },
        {
          "acoustic_entropy": 10.341912269592285,
          "acoustic_entropy_side": 10.16875171661377,
          "hz": 1080.2004963696966
        },
        {
          "acoustic_entropy": 9.931313514709473,
          "acoustic_entropy_side": 9.949585914611816,
          "hz": 1237.8529382007157
        },
        {
          "acoustic_entropy": 9.9014310836792,
          "acoustic_entropy_side": 9.974078178405762,
          "hz": 1409.4668930556702
        },
        {
          "acoustic_entropy": 9.264090538024902,
          "acoustic_entropy_side": 9.781063079833984,
          "hz": 1596.2787759475705
        },
        {
          "acoustic_entropy": 9.707919120788574,
          "acoustic_entropy_side": 10.062885284423828,
          "hz": 1799.6344973346393
        },
        {
          "acoustic_entropy": 9.797733306884766,
          "acoustic_entropy_side": 9.969259262084961,
          "hz": 2020.9991599069049
        },
        {
          "acoustic_entropy": 9.959760665893555,
          "acoustic_entropy_side": 10.01504135131836,
          "hz": 2261.9676141086993
        },
        {
          "acoustic_entropy": 10.081096649169922,
          "acoustic_entropy_side": 10.037928581237793,
          "hz": 2524.2759484456974
        },
        {
          "acoustic_entropy": 9.800811767578125,
          "acoustic_entropy_side": 10.140681266784668,
          "hz": 2809.813997359896
        },
        {
          "acoustic_entropy": 9.938361167907715,
          "acoustic_entropy_side": 10.180683135986328,
          "hz": 3120.6389567871424
        },
        {
          "acoustic_entropy": 10.0000581741333,
          "acoustic_entropy_side": 10.113666534423828,
          "hz": 3458.990205492291
        },
        {
          "acoustic_entropy": 10.008294105529785,
          "acoustic_entropy_side": 10.099900245666504,
          "hz": 3827.305438964164
        },
        {
          "acoustic_entropy": 10.039620399475098,
          "acoustic_entropy_side": 10.097480773925781,
          "hz": 4228.238232109126
        },
        {
          "acoustic_entropy": 10.094236373901367,
          "acoustic_entropy_side": 10.22492504119873,
          "hz": 4664.6771572759235
        },
        {
          "acoustic_entropy": 10.18499755859375,
          "acoustic_entropy_side": 10.233979225158691,
          "hz": 5139.766595350093
        },
        {
          "acoustic_entropy": 10.205268859863281,
          "acoustic_entropy_side": 10.223471641540527,
          "hz": 5656.929389854203
        },
        {
          "acoustic_entropy": 10.257662773132324,
          "acoustic_entropy_side": 10.225668907165527,
          "hz": 6219.891507268283
        },
        {
          "acoustic_entropy": 10.140637397766113,
          "acoustic_entropy_side": 10.22982406616211,
          "hz": 6832.70888123896
        },
        {
          "acoustic_entropy": 10.144522666931152,
          "acoustic_entropy_side": 10.222577095031738,
          "hz": 7499.796634079867
        },
        {
          "acoustic_entropy": 10.16412353515625,
          "acoustic_entropy_side": 10.227825164794922,
          "hz": 8225.96088609342
        },
        {
          "acoustic_entropy": 10.231602668762207,
          "acoustic_entropy_side": 10.224527359008789,
          "hz": 9016.43338188839
        },
        {
          "acoustic_entropy": 10.124013900756836,
          "acoustic_entropy_side": 10.20497989654541,
          "hz": 9876.909183162974
        },
        {
          "acoustic_entropy": 10.169593811035156,
          "acoustic_entropy_side": 10.161696434020996,
          "hz": 10813.587699516042
        },
        {
          "acoustic_entropy": 9.942804336547852,
          "acoustic_entropy_side": 10.19505786895752,
          "hz": 11833.21735289826
        },
        {
          "acoustic_entropy": 10.228720664978027,
          "acoustic_entropy_side": 10.246147155761719,
          "hz": 12943.144197493959
        },
        {
          "acoustic_entropy": 10.173687934875488,
          "acoustic_entropy_side": 10.265380859375,
          "hz": 14151.364845322005
        },
        {
          "acoustic_entropy": 10.27840518951416,
          "acoustic_entropy_side": 10.253244400024414,
          "hz": 15466.58407886509
        },
        {
          "acoustic_entropy": 10.098978996276855,
          "acoustic_entropy_side": 10.238965034484863,
          "hz": 16898.27756580493
        },
        {
          "acoustic_entropy": 10.091486930847168,
          "acoustic_entropy_side": 10.164833068847656,
          "hz": 18456.760127700032
        },
        {
          "acoustic_entropy": 10.17800235748291,
          "acoustic_entropy_side": 10.146352767944336,
          "hz": 20153.260054456492
        },
        {
          "acoustic_entropy": 10.171812057495117,
          "acoustic_entropy_side": 10.232653617858887,
          "hz": 22000.00000000001
        }
      ],
      "diff_acoustic_entropy": 7.443887233734131,
      "sn": 12
    },
    {
      "acoustic_entropy": 14.52356243133545,
      "acoustic_entropy_mono": 11.956944465637207,
      "band_eliminated_acoustic_entropies": [
        {
          "acoustic_entropy": 14.228371620178223,
          "acoustic_entropy_side": 14.523006439208984,
          "hz": 129.47220167065723
        },
        {
          "acoustic_entropy": 14.81507682800293,
          "acoustic_entropy_side": 14.501734733581543,
          "hz": 202.92927478742237
        },
        {
          "acoustic_entropy": 15.216444969177246,
          "acoustic_entropy_side": 14.493152618408203,
          "hz": 282.89161906338205
        },
        {
          "acoustic_entropy": 15.316913604736328,
          "acoustic_entropy_side": 14.4629487991333,
          "hz": 369.9353335868758
        },
        {
          "acoustic_entropy": 15.156150817871094,
          "acoustic_entropy_side": 14.829421043395996,
          "hz": 464.6875360973435
        },
        {
          "acoustic_entropy": 15.727582931518555,
          "acoustic_entropy_side": 15.063343048095703,
          "hz": 567.8308811364784
        },
        {
          "acoustic_entropy": 15.169118881225586,
          "acoustic_entropy_side": 14.831568717956543,
          "hz": 680.1084783214808
        },
        {
          "acoustic_entropy": 15.225470542907715,
          "acoustic_entropy_side": 14.66012954711914,
          "hz": 802.3292461747484
        },
        {
          "acoustic_entropy": 14.776299476623535,
          "acoustic_entropy_side": 13.890146255493164,
          "hz": 935.3737400823702
        },
        {
          "acoustic_entropy": 15.202589988708496,
          "acoustic_entropy_side": 15.327190399169922,
          "hz": 1080.2004963696966
        },
        {
          "acoustic_entropy": 15.339517593383789,
          "acoustic_entropy_side": 15.447135925292969,
          "hz": 1237.8529382007157
        },
        {
          "acoustic_entropy": 14.81347942352295,
          "acoustic_entropy_side": 15.03695297241211,
          "hz": 1409.4668930556702
        },
        {
          "acoustic_entropy": 14.393502235412598,
          "acoustic_entropy_side": 15.100629806518555,
          "hz": 1596.2787759475705
        },
        {
          "acoustic_entropy": 14.457043647766113,
          "acoustic_entropy_side": 14.262846946716309,
          "hz": 1799.6344973346393
        },
        {
          "acoustic_entropy": 14.415572166442871,
          "acoustic_entropy_side": 14.584202766418457,
          "hz": 2020.9991599069049
        },
        {
          "acoustic_entropy": 14.886199951171875,
          "acoustic_entropy_side": 14.843098640441895,
          "hz": 2261.9676141086993
        },
        {
          "acoustic_entropy": 15.06882095336914,
          "acoustic_entropy_side": 14.686965942382812,
