{
  "acoustic_entropy": 170.6272735595703,
  "bands": [
    {
      "high_freq": 148.1999969482422,
      "loudness": -57.32443618774414,
      "loudness_range": 6.769538879394531,
      "mid_mean": -55.92655563354492,
      "mid_to_side_loudness": -5.199803352355957,
      "mid_to_side_loudness_range": 5.01492166519165,
      "side_mean": -60.57257080078125
    },
    {
      "high_freq": 392.3793640136719,
      "loudness": -31.06330680847168,
      "loudness_range": 17.246835708618164,
      "low_freq": 148.1999969482422,
      "mid_mean": -30.476272583007812,
      "mid_to_side_loudness": -1.8354216814041138,
      "mid_to_side_loudness_range": 10.743366241455078,
      "side_mean": -32.7030143737793
    },
    {
      "high_freq": 794.6976318359375,
      "loudness": -28.172954559326172,
      "loudness_range": 16.178306579589844,
      "low_freq": 392.3793640136719,
      "mid_mean": -26.568082809448242,
      "mid_to_side_loudness": -2.9004249572753906,
      "mid_to_side_loudness_range": 6.977992057800293,
      "side_mean": -29.713621139526367
    },
    {
      "high_freq": 1457.5709228515625,
      "loudness": -30.296537399291992,
      "loudness_range": 13.462392807006836,
      "low_freq": 794.6976318359375,
      "mid_mean": -28.562318801879883,
      "mid_to_side_loudness": -2.7545220851898193,
      "mid_to_side_loudness_range": 6.482713222503662,
      "side_mean": -31.551279067993164
    },
    {
      "high_freq": 2549.74365234375,
      "loudness": -31.845827102661133,
      "loudness_range": 16.878978729248047,
      "low_freq": 1457.5709228515625,
      "mid_mean": -30.057979583740234,
      "mid_to_side_loudness": -3.1369223594665527,
      "mid_to_side_loudness_range": 5.834776878356934,
      "side_mean": -33.30474090576172
    },
    {
      "high_freq": 4349.24462890625,
      "loudness": -40.67070770263672,
      "loudness_range": 15.917840957641602,
      "low_freq": 2549.74365234375,
      "mid_mean": -38.8232421875,
      "mid_to_side_loudness": -3.1465113162994385,
      "mid_to_side_loudness_range": 4.88472843170166,
      "side_mean": -42.26787185668945
    },
    {
      "high_freq": 7314.1640625,
      "loudness": -53.33660888671875,
      "loudness_range": 16.329120635986328,
      "low_freq": 4349.24462890625,
      "mid_mean": -53.828468322753906,
      "mid_to_side_loudness": -2.880375862121582,
      "mid_to_side_loudness_range": 4.69698429107666,
      "side_mean": -56.280025482177734
    },
    {
      "high_freq": 12199.2666015625,
      "loudness": -64.2416763305664,
      "loudness_range": 17.746299743652344,
      "low_freq": 7314.1640625,
      "mid_mean": -62.49179458618164,
      "mid_to_side_loudness": -2.255837917327881,
      "mid_to_side_loudness_range": 3.121798276901245,
      "side_mean": -64.00028991699219
    },
    {
      "loudness": -64.98702239990234,
      "loudness_range": 8.553741455078125,
      "low_freq": 12199.2666015625,
      "mid_mean": -62.81298065185547,
      "mid_to_side_loudness": -3.3093976974487305,
      "mid_to_side_loudness_range": 7.315483093261719,
      "side_mean": -65.03063201904297
    }
  ],
  "bands_short": [
    {
      "high_freq": 148.1999969482422,
      "loudness": -58.09979248046875,
      "loudness_range": 8.782703399658203,
      "mid_mean": -56.789451599121094,
      "mid_to_side_loudness": -5.1437578201293945,
      "mid_to_side_loudness_range": 11.230467796325684,
      "side_mean": -61.25071716308594
    },
    {
      "high_freq": 392.3793640136719,
      "loudness": -32.565650939941406,
      "loudness_range": 20.731412887573242,
      "low_freq": 148.1999969482422,
      "mid_mean": -32.478580474853516,
      "mid_to_side_loudness": -1.5923118591308594,
      "mid_to_side_loudness_range": 13.912015914916992,
      "side_mean": -34.42223358154297
    },
    {
      "high_freq": 794.6976318359375,
      "loudness": -28.92789077758789,
      "loudness_range": 18.224674224853516,
      "low_freq": 392.3793640136719,
      "mid_mean": -27.412378311157227,
      "mid_to_side_loudness": -2.998800277709961,
      "mid_to_side_loudness_range": 10.210915565490723,
      "side_mean": -30.695796966552734
    },
    {
      "high_freq": 1457.5709228515625,
      "loudness": -29.72085952758789,
      "loudness_range": 14.542625427246094,
      "low_freq": 794.6976318359375,
      "mid_mean": -28.151905059814453,
      "mid_to_side_loudness": -2.6521999835968018,
      "mid_to_side_loudness_range": 9.61053466796875,
      "side_mean": -31.09326934814453
    },
    {
      "high_freq": 2549.74365234375,
      "loudness": -32.20988845825195,
      "loudness_range": 17.22493553161621,
      "low_freq": 1457.5709228515625,
      "mid_mean": -30.522851943969727,
      "mid_to_side_loudness": -3.1374030113220215,
      "mid_to_side_loudness_range": 8.3695650100708,
      "side_mean": -33.76381301879883
    },
    {
      "high_freq": 4349.24462890625,
      "loudness": -40.5187873840332,
      "loudness_range": 16.263652801513672,
      "low_freq": 2549.74365234375,
      "mid_mean": -38.73606872558594,
      "mid_to_side_loudness": -3.0676355361938477,
      "mid_to_side_loudness_range": 6.425323486328125,
      "side_mean": -42.12925720214844
    },
    {
      "high_freq": 7314.1640625,
      "loudness": -53.5787467956543,
      "loudness_range": 17.10992431640625,
      "low_freq": 4349.24462890625,
      "mid_mean": -54.07596969604492,
      "mid_to_side_loudness": -2.7559847831726074,
      "mid_to_side_loudness_range": 6.547855377197266,
      "side_mean": -56.46637725830078
    },
    {
      "high_freq": 12199.2666015625,
      "loudness": -64.69203186035156,
      "loudness_range": 18.89276123046875,
      "low_freq": 7314.1640625,
      "mid_mean": -62.79623794555664,
      "mid_to_side_loudness": -2.0941264629364014,
      "mid_to_side_loudness_range": 4.13385009765625,
      "side_mean": -64.19035339355469
    },
    {
      "loudness": -65.15779113769531,
      "loudness_range": 8.83843994140625,
      "low_freq": 12199.2666015625,
      "mid_mean": -62.94026184082031,
      "mid_to_side_loudness": -3.4639949798583984,
      "mid_to_side_loudness_range": 8.747109413146973,
      "side_mean": -65.17211151123047
    }
  ],
  "bandwidth": 763.0708618164062,
  "channels": 2,
  "covariance": [
    [
      26.407276153564453,
      17.497982025146484,
      5.090765953063965,
      6.0446295738220215,
      3.5430076122283936,
      2.37611985206604,
      0.8000234365463257,
      0.02670666202902794,
      3.5810415744781494,
      1.8686105012893677,
      -0.6691083908081055,
      -0.6001991033554077,
      26.203611373901367,
      21.54553985595703,
      12.06474781036377,
      9.246868133544922,
      9.393943786621094,
      6.488704681396484
    ],
    [
      17.497982025146484,
      12.942989349365234,
      4.927033424377441,
      6.317906379699707,
      2.402763843536377,
      2.1156296730041504,
      -0.8622713088989258,
      -1.4375416040420532,
      0.536483883857727,
      -0.46305012702941895,
      -2.149993658065796,
      -1.9803001880645752,
      16.436792373657227,
      13.503006935119629,
      7.279028415679932,
      5.520768642425537,
      5.7713847160339355,
      3.933605432510376
    ],
    [
      5.090765953063965,
      4.927033424377441,
      72.03581237792969,
      54.937744140625,
      34.493408203125,
      38.22410202026367,
      10.857952117919922,
      8.575181007385254,
      3.4425477981567383,
      0.16670554876327515,
      5.6214704513549805,
      6.514834403991699,
      4.67724084854126,
      5.349552154541016,
      1.3357852697372437,
      -0.430320143699646,
      -0.8620749711990356,
      -2.1237776279449463
    ],
    [
      6.0446295738220215,
      6.317906379699707,
      54.937744140625,
      62.11648941040039,
      33.67966842651367,
      35.56923294067383,
      7.451113700866699,
      5.913415431976318,
      6.277225971221924,
      2.98060941696167,
      7.051309585571289,
      6.933037757873535,
      4.503490924835205,
      4.705809116363525,
      1.0199599266052246,
      -0.5628462433815002,
      -2.381065607070923,
      -2.4530997276306152
    ],
    [
      3.5430076122283936,
      2.402763843536377,
      34.493408203125,
      33.67966842651367,
      43.48353958129883,
      42.5412712097168,
      15.359933853149414,
      13.786153793334961,
      18.490209579467773,
      16.363101959228516,
      14.155768394470215,
      14.62855339050293,
      14.400443077087402,
      14.025581359863281,
      9.704971313476562,
      7.916302680969238,
      1.0311012268066406,
      0.9275268912315369
    ],
    [
      2.37611985206604,
      2.1156296730041504,
      38.22410202026367,
      35.56923294067383,
      42.5412712097168,
      48.50783157348633,
      16.13288116455078,
      14.788248062133789,
      17.563594818115234,
      15.28355598449707,
      13.725907325744629,
      15.867276191711426,
      14.548662185668945,
      14.280423164367676,
      8.531086921691895,
      6.769726276397705,
      0.3113257586956024,
      0.046769045293331146
    ],
    [
      0.8000234365463257,
      -0.8622713088989258,
      10.857952117919922,
      7.451113700866699,
      15.359933853149414,
      16.13288116455078,
      30.519086837768555,
      27.36350440979004,
      19.611112594604492,
      19.36403465270996,
      18.657934188842773,
      19.17839241027832,
      20.179229736328125,
      18.208559036254883,
      15.013360023498535,
      11.902165412902832,
      2.3396787643432617,
      0.518580973148346
    ],
    [
      0.02670666202902794,
      -1.4375416040420532,
      8.575181007385254,
      5.913415431976318,
      13.786153793334961,
      14.788248062133789,
      27.36350440979004,
      30.982681274414062,
      22.0500545501709,
      20.588558197021484,
      20.679967880249023,
      21.46571159362793,
      24.539875030517578,
      22.90351104736328,
      17.600969314575195,
      14.770891189575195,
      2.3725790977478027,
      0.7944214344024658
    ],
    [
      3.5810415744781494,
      0.536483883857727,
      3.4425477981567383,
      6.277225971221924,
      18.490209579467773,
      17.563594818115234,
      19.611112594604492,
      22.0500545501709,
      40.01717758178711,
      35.19304275512695,
      27.67937660217285,
      27.650859832763672,
      30.864158630371094,
      28.924556732177734,
      22.29720687866211,
      19.944774627685547,
      2.3386988639831543,
      2.205979824066162
    ],
    [
      1.8686105012893677,
      -0.46305012702941895,
      0.16670554876327515,
      2.98060941696167,
      16.363101959228516,
      15.28355598449707,
      19.36403465270996,
      20.588558197021484,
      35.19304275512695,
      35.0997314453125,
      26.679201126098633,
      27.455921173095703,
      30.096050262451172,
      28.21785545349121,
      21.34969139099121,
      19.41611671447754,
      2.422506332397461,
      2.232639789581299
    ],
    [
      -0.6691083908081055,
      -2.149993658065796,
      5.6214704513549805,
      7.051309585571289,
      14.155768394470215,
      13.725907325744629,
      18.657934188842773,
      20.679967880249023,
      27.67937660217285,
      26.679201126098633,
      35.80335998535156,
      33.510658264160156,
      31.982107162475586,
      30.756668090820312,
      21.353519439697266,
      19.958948135375977,
      2.184065103530884,
      0.6296199560165405
    ],
    [
      -0.6001991033554077,
      -1.9803001880645752,
      6.514834403991699,
      6.933037757873535,
      14.62855339050293,
      15.867276191711426,
      19.17839241027832,
      21.46571159362793,
      27.650859832763672,
      27.455921173095703,
      33.510658264160156,
      35.46186828613281,
      32.6324462890625,
      31.774112701416016,
      20.552671432495117,
      19.59780502319336,
      1.8515686988830566,
      -0.06460703164339066
    ],
    [
      26.203611373901367,
      16.436792373657227,
      4.67724084854126,
      4.503490924835205,
      14.400443077087402,
      14.548662185668945,
      20.179229736328125,
      24.539875030517578,
      30.864158630371094,
      30.096050262451172,
      31.982107162475586,
      32.6324462890625,
      67.24149322509766,
      60.623435974121094,
      38.85792541503906,
      33.66950225830078,
      14.585354804992676,
      9.965056419372559
    ],
    [
      21.54553985595703,
      13.503006935119629,
      5.349552154541016,
      4.705809116363525,
      14.025581359863281,
      14.280423164367676,
      18.208559036254883,
      22.90351104736328,
      28.924556732177734,
      28.21785545349121,
      30.756668090820312,
      31.774112701416016,
      60.623435974121094,
      56.82745361328125,
      36.79722213745117,
      32.3870849609375,
      13.385770797729492,
      9.618051528930664
    ],
    [
      12.06474781036377,
      7.279028415679932,
      1.3357852697372437,
      1.0199599266052246,
      9.704971313476562,
      8.531086921691895,
      15.013360023498535,
      17.600969314575195,
      22.29720687866211,
      21.34969139099121,
      21.353519439697266,
      20.552671432495117,
      38.85792541503906,
      36.79722213745117,
      29.7053279876709,
      25.407733917236328,
      10.669239044189453,
      8.718600273132324
    ],
    [
      9.246868133544922,
      5.520768642425537,
      -0.430320143699646,
      -0.5628462433815002,
      7.916302680969238,
      6.769726276397705,
      11.902165412902832,
      14.770891189575195,
      19.944774627685547,
      19.41611671447754,
      19.958948135375977,
      19.59780502319336,
      33.66950225830078,
      32.3870849609375,
      25.407733917236328,
      22.66131019592285,
      8.477180480957031,
      6.837380886077881
    ],
    [
      9.393943786621094,
      5.7713847160339355,
      -0.8620749711990356,
      -2.381065607070923,
      1.0311012268066406,
      0.3113257586956024,
      2.3396787643432617,
      2.3725790977478027,
      2.3386988639831543,
      2.422506332397461,
      2.184065103530884,
      1.8515686988830566,
      14.585354804992676,
      13.385770797729492,
      10.669239044189453,
      8.477180480957031,
      10.23215389251709,
      7.786189556121826
    ],
    [
      6.488704681396484,
      3.933605432510376,
      -2.1237776279449463,
      -2.4530997276306152,
      0.9275268912315369,
      0.046769045293331146,
      0.518580973148346,
      0.7944214344024658,
      2.205979824066162,
      2.232639789581299,
      0.6296199560165405,
      -0.06460703164339066,
      9.965056419372559,
      9.618051528930664,
      8.718600273132324,
      6.837380886077881,
      7.786189556121826,
      8.519186019897461
    ]
  ],
  "covariance_short": [
    [
      28.134479522705078,
      15.514050483703613,
      4.237974166870117,
      5.530555725097656,
      4.9388108253479,
      5.0518293380737305,
      1.4054806232452393,
      1.0977727174758911,
      4.882106781005859,
      3.2673189640045166,
      1.3697493076324463,
      1.1816259622573853,
      25.982440948486328,
      21.610136032104492,
      11.68758487701416,
      9.20102310180664,
      8.751999855041504,
      5.804598808288574
    ],
    [
      15.514050483703613,
      15.212994575500488,
      6.043984413146973,
      7.673028469085693,
      3.708998203277588,
      4.121827602386475,
      0.12740632891654968,
      0.0632437914609909,
      2.0231707096099854,
      0.9856712222099304,
      -0.1037248820066452,
      -0.08526924252510071,
      16.63602638244629,
      13.745203018188477,
      7.405189514160156,
      5.762348651885986,
      5.359211444854736,
      3.6260340213775635
    ],
    [
      4.237974166870117,
      6.043984413146973,
      81.7357406616211,
      61.58331298828125,
      30.129087448120117,
      32.567081451416016,
      9.287555694580078,
      8.36129093170166,
      -5.536599159240723,
      -8.570212364196777,
      -3.1521596908569336,
      -2.925454616546631,
      -4.602108478546143,
      -3.529282808303833,
      -5.357754230499268,
      -6.522644996643066,
      -2.15157151222229,
      -2.5302560329437256
    ],
    [
      5.530555725097656,
      7.673028469085693,
      61.58331298828125,
      75.74250793457031,
      29.97032356262207,
      30.324121475219727,
      8.789250373840332,
      8.694803237915039,
      1.1716220378875732,
      -2.237260103225708,
      1.6676782369613647,
      0.7171080708503723,
      -0.5033960938453674,
      -0.5332428216934204,
      -3.4083876609802246,
      -4.627623081207275,
      -3.847277879714966,
      -3.505549907684326
    ],
    [
      4.9388108253479,
      3.708998203277588,
      30.129087448120117,
      29.97032356262207,
      51.18438720703125,
      43.976932525634766,
      16.456939697265625,
      15.87952709197998,
      18.152860641479492,
      15.458136558532715,
      14.872143745422363,
      15.343223571777344,
      15.233901023864746,
      14.726865768432617,
      9.996042251586914,
      8.389451026916504,
      1.1886059045791626,
      0.6584902405738831
    ],
    [
      5.0518293380737305,
      4.121827602386475,
      32.567081451416016,
      30.324121475219727,
      43.976932525634766,
      53.63474655151367,
      16.6241455078125,
      18.076955795288086,
      17.49839210510254,
      14.038959503173828,
      13.8414888381958,
      15.298319816589355,
      16.462356567382812,
      16.04585838317871,
      8.566927909851074,
      7.131723880767822,
      -0.7275067567825317,
      -1.3419815301895142
    ],
    [
      1.4054806232452393,
      0.12740632891654968,
      9.287555694580078,
      8.789250373840332,
      16.456939697265625,
      16.6241455078125,
      34.345306396484375,
      29.012584686279297,
      19.99648666381836,
      20.240154266357422,
      19.452770233154297,
      18.711896896362305,
      18.57596206665039,
      16.76383399963379,
      13.317169189453125,
      10.191624641418457,
      2.2747445106506348,
      0.8729041218757629
    ],
    [
      1.0977727174758911,
      0.0632437914609909,
      8.36129093170166,
      8.694803237915039,
      15.87952709197998,
      18.076955795288086,
      29.012584686279297,
      37.10333251953125,
      22.983083724975586,
      21.9288272857666,
      21.643024444580078,
      21.395414352416992,
      23.148637771606445,
      21.3597469329834,
      16.029539108276367,
      13.099076271057129,
      2.386446237564087,
      0.9734857082366943
    ],
    [
      4.882106781005859,
      2.0231707096099854,
      -5.536599159240723,
      1.1716220378875732,
      18.152860641479492,
      17.49839210510254,
      19.99648666381836,
      22.983083724975586,
      43.58816909790039,
      35.80848693847656,
      29.06032943725586,
      28.196069717407227,
      31.344741821289062,
      29.37527847290039,
      22.638465881347656,
      20.11162757873535,
      2.3476080894470215,
      2.2669601440429688
    ],
    [
      3.2673189640045166,
      0.9856712222099304,
      -8.570212364196777,
      -2.237260103225708,
      15.458136558532715,
      14.038959503173828,
      20.240154266357422,
      21.9288272857666,
      35.80848693847656,
      38.46308898925781,
      27.92812156677246,
      27.75169563293457,
      30.366788864135742,
      28.205846786499023,
      21.493480682373047,
      19.297941207885742,
      2.3770041465759277,
      2.1952807903289795
    ],
    [
      1.3697493076324463,
      -0.1037248820066452,
      -3.1521596908569336,
      1.6676782369613647,
      14.872143745422363,
      13.8414888381958,
      19.452770233154297,
      21.643024444580078,
      29.06032943725586,
      27.92812156677246,
      38.71657943725586,
      34.849735260009766,
      33.21668243408203,
      31.57366180419922,
      22.35322380065918,
      20.395750045776367,
      2.3173742294311523,
      0.8151309490203857
    ],
    [
      1.1816259622573853,
      -0.08526924252510071,
      -2.925454616546631,
      0.7171080708503723,
      15.343223571777344,
      15.298319816589355,
      18.711896896362305,
      21.395414352416992,
      28.196069717407227,
      27.75169563293457,
      34.849735260009766,
      36.98762893676758,
      33.38182830810547,
      32.26577377319336,
      21.431392669677734,
      19.986652374267578,
      2.0510644912719727,
      0.4028018116950989
    ],
    [
      25.982440948486328,
      16.63602638244629,
      -4.602108478546143,
      -0.5033960938453674,
      15.233901023864746,
      16.462356567382812,
      18.57596206665039,
      23.148637771606445,
      31.344741821289062,
      30.366788864135742,
      33.21668243408203,
      33.38182830810547,
      68.67745971679688,
      61.12238693237305,
      39.075965881347656,
      33.805355072021484,
      14.417380332946777,
      9.715035438537598
    ],
    [
      21.610136032104492,
      13.745203018188477,
      -3.529282808303833,
      -0.5332428216934204,
      14.726865768432617,
      16.04585838317871,
      16.76383399963379,
      21.3597469329834,
      29.37527847290039,
      28.205846786499023,
      31.57366180419922,
      32.26577377319336,
      61.12238693237305,
      58.065345764160156,
      37.01124954223633,
      32.53768539428711,
      13.304767608642578,
      9.447686195373535
    ],
    [
      11.68758487701416,
      7.405189514160156,
      -5.357754230499268,
      -3.4083876609802246,
      9.996042251586914,
      8.566927909851074,
      13.317169189453125,
      16.029539108276367,
      22.638465881347656,
      21.493480682373047,
      22.35322380065918,
      21.431392669677734,
      39.075965881347656,
      37.01124954223633,
      30.598651885986328,
      25.929702758789062,
      10.6124906539917,
      8.634809494018555
    ],
    [
      9.20102310180664,
      5.762348651885986,
      -6.522644996643066,
      -4.627623081207275,
      8.389451026916504,
      7.131723880767822,
      10.191624641418457,
      13.099076271057129,
      20.11162757873535,
      19.297941207885742,
      20.395750045776367,
      19.986652374267578,
      33.805355072021484,
      32.53768539428711,
      25.929702758789062,
      23.284639358520508,
      8.553666114807129,
      6.900467872619629
    ],
    [
      8.751999855041504,
      5.359211444854736,
      -2.15157151222229,
      -3.847277879714966,
      1.1886059045791626,
      -0.7275067567825317,
      2.2747445106506348,
      2.386446237564087,
      2.3476080894470215,
      2.3770041465759277,
      2.3173742294311523,
      2.0510644912719727,
      14.417380332946777,
      13.304767608642578,
      10.6124906539917,
      8.553666114807129,
      10.930245399475098,
      7.963396072387695
    ],
    [
      5.804598808288574,
      3.6260340213775635,
      -2.5302560329437256,
      -3.505549907684326,
      0.6584902405738831,
      -1.3419815301895142,
      0.8729041218757629,
      0.9734857082366943,
      2.2669601440429688,
      2.1952807903289795,
      0.8151309490203857,
      0.4028018116950989,
      9.715035438537598,
      9.447686195373535,
      8.634809494018555,
      6.900467872619629,
      7.963396072387695,
      9.194341659545898
    ]
  ],
  "damage": -11.553196907043457,
  "diff_bandwidth": 763.5400390625,
  "dissonance": 4.983178971247528,
  "drr": -2.0403964519500732,
  "dynamics": 3.600487232208252,
  "format": 1245190,
  "frames": 2010048,
  "loudness": -18.971561431884766,
  "loudness_range": 10.252318382263184,
  "loudness_range_short": 10.855642318725586,
  "lowpass_true_peak_15khz": -1.603193998336792,
  "mastering3_acoustic_entropies": [
    {
      "acoustic_entropy": 6.7794599533081055,
      "acoustic_entropy_mono": 7.093125343322754,
      "band_eliminated_acoustic_entropies": [
        {
          "acoustic_entropy": 6.7794928550720215,
          "acoustic_entropy_side": 6.77946662902832,
          "hz": 129.47220167065723
        },
        {
          "acoustic_entropy": 6.785129070281982,
          "acoustic_entropy_side": 6.782464981079102,
          "hz": 202.92927478742237
        },
        {
          "acoustic_entropy": 6.977535247802734,
          "acoustic_entropy_side": 6.812862873077393,
          "hz": 282.89161906338205
        },
        {
          "acoustic_entropy": 6.8724141120910645,
          "acoustic_entropy_side": 6.855401515960693,
          "hz": 369.9353335868758
        },
        {
          "acoustic_entropy": 6.835449695587158,
          "acoustic_entropy_side": 6.569027423858643,
          "hz": 464.6875360973435
        },
        {
          "acoustic_entropy": 7.360637187957764,
          "acoustic_entropy_side": 6.916506290435791,
          "hz": 567.8308811364784
        },
        {
          "acoustic_entropy": 6.876349925994873,
          "acoustic_entropy_side": 6.743147373199463,
          "hz": 680.1084783214808
        },
        {
          "acoustic_entropy": 7.222917079925537,
          "acoustic_entropy_side": 7.047683238983154,
          "hz": 802.3292461747484
        },
        {
          "acoustic_entropy": 7.28633451461792,
          "acoustic_entropy_side": 6.675652027130127,
          "hz": 935.3737400823702
        },
        {
          "acoustic_entropy": 6.856905937194824,
          "acoustic_entropy_side": 7.145219326019287,
          "hz": 1080.2004963696966
        },
        {
          "acoustic_entropy": 7.393746376037598,
          "acoustic_entropy_side": 6.995528221130371,
          "hz": 1237.8529382007157
        },
        {
          "acoustic_entropy": 7.142344951629639,
          "acoustic_entropy_side": 6.858990669250488,
          "hz": 1409.4668930556702
        },
        {
          "acoustic_entropy": 6.7859954833984375,
          "acoustic_entropy_side": 7.091915130615234,
          "hz": 1596.2787759475705
        },
        {
          "acoustic_entropy": 7.198927402496338,
          "acoustic_entropy_side": 6.748331069946289,
          "hz": 1799.6344973346393
        },
        {
          "acoustic_entropy": 6.58533239364624,
          "acoustic_entropy_side": 6.748573303222656,
          "hz": 2020.9991599069049
        },
        {
          "acoustic_entropy": 6.726053714752197,
          "acoustic_entropy_side": 6.98866081237793,
          "hz": 2261.9676141086993
        },
        {
          "acoustic_entropy": 7.098905563354492,
          "acoustic_entropy_side": 6.892805576324463,
          "hz": 2524.2759484456974
        },
        {
          "acoustic_entropy": 7.003306865692139,
          "acoustic_entropy_side": 6.854470252990723,
          "hz": 2809.813997359896
        },
        {
          "acoustic_entropy": 6.776001930236816,
          "acoustic_entropy_side": 6.785611152648926,
          "hz": 3120.6389567871424
        },
        {
          "acoustic_entropy": 6.834770202636719,
          "acoustic_entropy_side": 6.803484916687012,
          "hz": 3458.990205492291
        },
        {
          "acoustic_entropy": 6.842731952667236,
          "acoustic_entropy_side": 6.793101787567139,
          "hz": 3827.305438964164
        },
        {
          "acoustic_entropy": 6.830543041229248,
          "acoustic_entropy_side": 6.79276704788208,
          "hz": 4228.238232109126
        },
        {
          "acoustic_entropy": 6.787723064422607,
          "acoustic_entropy_side": 6.781694412231445,
          "hz": 4664.6771572759235
        },
        {
          "acoustic_entropy": 6.782158374786377,
          "acoustic_entropy_side": 6.780226707458496,
          "hz": 5139.766595350093
        },
        {
          "acoustic_entropy": 6.779533386230469,
          "acoustic_entropy_side": 6.77946138381958,
          "hz": 5656.929389854203
        },
        {
          "acoustic_entropy": 6.779216289520264,
          "acoustic_entropy_side": 6.779335975646973,
          "hz": 6219.891507268283
        },
        {
          "acoustic_entropy": 6.779362201690674,
          "acoustic_entropy_side": 6.779399871826172,
          "hz": 6832.70888123896
        },
        {
          "acoustic_entropy": 6.778970718383789,
          "acoustic_entropy_side": 6.779237747192383,
          "hz": 7499.796634079867
        },
        {
          "acoustic_entropy": 6.779324531555176,
          "acoustic_entropy_side": 6.779361724853516,
          "hz": 8225.96088609342
        },
        {
          "acoustic_entropy": 6.779478549957275,
          "acoustic_entropy_side": 6.779451847076416,
          "hz": 9016.43338188839
        },
        {
          "acoustic_entropy": 6.779455184936523,
          "acoustic_entropy_side": 6.779459476470947,
          "hz": 9876.909183162974
        },
        {
          "acoustic_entropy": 6.779457092285156,
          "acoustic_entropy_side": 6.779459476470947,
          "hz": 10813.587699516042
        },
        {
          "acoustic_entropy": 6.779454708099365,
          "acoustic_entropy_side": 6.779458522796631,
          "hz": 11833.21735289826
        },
        {
          "acoustic_entropy": 6.77946138381958,
          "acoustic_entropy_side": 6.7794623374938965,
          "hz": 12943.144197493959
        },
        {
          "acoustic_entropy": 6.7794694900512695,
          "acoustic_entropy_side": 6.77946662902832,
          "hz": 14151.364845322005
        },
        {
          "acoustic_entropy": 6.779460430145264,
          "acoustic_entropy_side": 6.779460430145264,
          "hz": 15466.58407886509
        },
        {
          "acoustic_entropy": 6.779463291168213,
          "acoustic_entropy_side": 6.779460430145264,
          "hz": 16898.27756580493
        },
        {
          "acoustic_entropy": 6.779460906982422,
          "acoustic_entropy_side": 6.779460430145264,
          "hz": 18456.760127700032
        },
        {
          "acoustic_entropy": 6.7794599533081055,
          "acoustic_entropy_side": 6.7794599533081055,
          "hz": 20153.260054456492
        },
        {
          "acoustic_entropy": 6.7794599533081055,
          "acoustic_entropy_side": 6.7794599533081055,
          "hz": 22000.00000000001
        }
      ],
      "diff_acoustic_entropy": 3.9760351181030273,
      "sn": 6
    },
    {
      "acoustic_entropy": 10.973274230957031,
      "acoustic_entropy_mono": 10.591389656066895,
      "band_eliminated_acoustic_entropies": [
        {
          "acoustic_entropy": 10.974431037902832,
          "acoustic_entropy_side": 10.973587989807129,
          "hz": 129.47220167065723
        },
        {
          "acoustic_entropy": 11.04581356048584,
          "acoustic_entropy_side": 10.979986190795898,
          "hz": 202.92927478742237
        },
        {
          "acoustic_entropy": 10.834228515625,
          "acoustic_entropy_side": 11.008147239685059,
          "hz": 282.89161906338205
        },
        {
          "acoustic_entropy": 10.939702033996582,
          "acoustic_entropy_side": 10.997906684875488,
          "hz": 369.9353335868758
        },
        {
          "acoustic_entropy": 10.83336067199707,
          "acoustic_entropy_side": 11.141749382019043,
          "hz": 464.6875360973435
        },
        {
          "acoustic_entropy": 11.075904846191406,
          "acoustic_entropy_side": 10.914468765258789,
          "hz": 567.8308811364784
        },
        {
          "acoustic_entropy": 11.034480094909668,
          "acoustic_entropy_side": 11.18970775604248,
          "hz": 680.1084783214808
        },
        {
          "acoustic_entropy": 11.044797897338867,
          "acoustic_entropy_side": 11.15651798248291,
          "hz": 802.3292461747484
        },
        {
          "acoustic_entropy": 10.727357864379883,
          "acoustic_entropy_side": 10.635183334350586,
          "hz": 935.3737400823702
        },
        {
          "acoustic_entropy": 10.42420482635498,
          "acoustic_entropy_side": 11.162138938903809,
          "hz": 1080.2004963696966
        },
        {
          "acoustic_entropy": 10.92607307434082,
          "acoustic_entropy_side": 10.8234224319458,
          "hz": 1237.8529382007157
        },
        {
          "acoustic_entropy": 10.938217163085938,
          "acoustic_entropy_side": 11.10135555267334,
          "hz": 1409.4668930556702
        },
        {
          "acoustic_entropy": 10.489206314086914,
          "acoustic_entropy_side": 11.423277854919434,
          "hz": 1596.2787759475705
        },
        {
          "acoustic_entropy": 10.778081893920898,
          "acoustic_entropy_side": 11.375574111938477,
          "hz": 1799.6344973346393
        },
        {
          "acoustic_entropy": 11.240018844604492,
          "acoustic_entropy_side": 10.964000701904297,
          "hz": 2020.9991599069049
        },
        {
          "acoustic_entropy": 9.939826965332031,
          "acoustic_entropy_side": 10.874418258666992,
          "hz": 2261.9676141086993
        },
        {
          "acoustic_entropy": 10.52941608428955,
          "acoustic_entropy_side": 11.31596851348877,
          "hz": 2524.2759484456974
        },
        {
          "acoustic_entropy": 10.913650512695312,
          "acoustic_entropy_side": 10.983321189880371,
          "hz": 2809.813997359896
        },
        {
          "acoustic_entropy": 10.784708976745605,
          "acoustic_entropy_side": 10.913562774658203,
          "hz": 3120.6389567871424
        },
        {
          "acoustic_entropy": 10.787147521972656,
          "acoustic_entropy_side": 10.956008911132812,
          "hz": 3458.990205492291
        },
        {
          "acoustic_entropy": 11.111868858337402,
          "acoustic_entropy_side": 11.041261672973633,
          "hz": 3827.305438964164
        },
        {
          "acoustic_entropy": 11.035293579101562,
          "acoustic_entropy_side": 10.988123893737793,
          "hz": 4228.238232109126
        },
        {
          "acoustic_entropy": 10.953946113586426,
          "acoustic_entropy_side": 10.974078178405762,
          "hz": 4664.6771572759235
        },
        {
          "acoustic_entropy": 10.956421852111816,
          "acoustic_entropy_side": 10.963725090026855,
          "hz": 5139.766595350093
        },
        {
          "acoustic_entropy": 10.958598136901855,
          "acoustic_entropy_side": 10.968507766723633,
          "hz": 5656.929389854203
        },
        {
          "acoustic_entropy": 10.961671829223633,
          "acoustic_entropy_side": 10.969865798950195,
          "hz": 6219.891507268283
        },
        {
          "acoustic_entropy": 10.969609260559082,
          "acoustic_entropy_side": 10.972637176513672,
          "hz": 6832.70888123896
        },
        {
          "acoustic_entropy": 10.987092971801758,
          "acoustic_entropy_side": 10.985062599182129,
          "hz": 7499.796634079867
        },
        {
          "acoustic_entropy": 10.980401992797852,
          "acoustic_entropy_side": 10.977643013000488,
          "hz": 8225.96088609342
        },
        {
          "acoustic_entropy": 10.976140022277832,
          "acoustic_entropy_side": 10.973609924316406,
          "hz": 9016.43338188839
        },
        {
          "acoustic_entropy": 10.973129272460938,
          "acoustic_entropy_side": 10.973244667053223,
          "hz": 9876.909183162974
        },
        {
          "acoustic_entropy": 10.973211288452148,
          "acoustic_entropy_side": 10.973261833190918,
          "hz": 10813.587699516042
        },
        {
          "acoustic_entropy": 10.973308563232422,
          "acoustic_entropy_side": 10.973283767700195,
          "hz": 11833.21735289826
        },
        {
          "acoustic_entropy": 10.97376537322998,
          "acoustic_entropy_side": 10.97374439239502,
          "hz": 12943.144197493959
        },
        {
          "acoustic_entropy": 10.973559379577637,
          "acoustic_entropy_side": 10.973549842834473,
          "hz": 14151.364845322005
        },
        {
          "acoustic_entropy": 10.973288536071777,
          "acoustic_entropy_side": 10.973274230957031,
          "hz": 15466.58407886509
        },
        {
          "acoustic_entropy": 10.973278999328613,
          "acoustic_entropy_side": 10.973320960998535,
          "hz": 16898.27756580493
        },
        {
          "acoustic_entropy": 10.97327709197998,
          "acoustic_entropy_side": 10.973278999328613,
          "hz": 18456.760127700032
        },
        {
          "acoustic_entropy": 10.973274230957031,
          "acoustic_entropy_side": 10.973274230957031,
          "hz": 20153.260054456492
        },
        {
          "acoustic_entropy": 10.973274230957031,
          "acoustic_entropy_side": 10.973274230957031,
          "hz": 22000.00000000001
        }
      ],
      "diff_acoustic_entropy": 5.449436187744141,
      "sn": 12
    },
    {
      "acoustic_entropy": 16.478673934936523,
      "acoustic_entropy_mono": 15.685023307800293,
      "band_eliminated_acoustic_entropies": [
        {
          "acoustic_entropy": 16.48969078063965,
          "acoustic_entropy_side": 16.489946365356445,
          "hz": 129.47220167065723
        },
        {
          "acoustic_entropy": 16.44197654724121,
          "acoustic_entropy_side": 16.261690139770508,
          "hz": 202.92927478742237
        },
        {
          "acoustic_entropy": 15.918451309204102,
          "acoustic_entropy_side": 16.004392623901367,
          "hz": 282.89161906338205
        },
        {
          "acoustic_entropy": 16.056116104125977,
          "acoustic_entropy_side": 16.53130340576172,
          "hz": 369.9353335868758
        },
        {
          "acoustic_entropy": 16.539039611816406,
          "acoustic_entropy_side": 16.09951400756836,
          "hz": 464.6875360973435
        },
        {
          "acoustic_entropy": 17.094940185546875,
          "acoustic_entropy_side": 17.477968215942383,
          "hz": 567.8308811364784
        },
        {
          "acoustic_entropy": 15.342839241027832,
          "acoustic_entropy_side": 16.309246063232422,
          "hz": 680.1084783214808
        },
        {
          "acoustic_entropy": 16.742319107055664,
          "acoustic_entropy_side": 16.46238136291504,
          "hz": 802.3292461747484
        },
        {
          "acoustic_entropy": 16.690635681152344,
          "acoustic_entropy_side": 16.363327026367188,
          "hz": 935.3737400823702
        },
        {
          "acoustic_entropy": 16.70966148376465,
          "acoustic_entropy_side": 16.080142974853516,
          "hz": 1080.2004963696966
        },
        {
          "acoustic_entropy": 16.055246353149414,
          "acoustic_entropy_side": 16.164602279663086,
          "hz": 1237.8529382007157
        },
        {
          "acoustic_entropy": 15.797504425048828,
          "acoustic_entropy_side": 16.64779281616211,
          "hz": 1409.4668930556702
        },
        {
          "acoustic_entropy": 15.799586296081543,
          "acoustic_entropy_side": 16.661134719848633,
          "hz": 1596.2787759475705
        },
        {
          "acoustic_entropy": 16.0074462890625,
          "acoustic_entropy_side": 16.488542556762695,
          "hz": 1799.6344973346393
        },
        {
          "acoustic_entropy": 16.03958511352539,
          "acoustic_entropy_side": 15.970291137695312,
          "hz": 2020.9991599069049
        },
        {
          "acoustic_entropy": 15.922343254089355,
          "acoustic_entropy_side": 16.605030059814453,
          "hz": 2261.9676141086993
        },
        {
          "acoustic_entropy": 16.330514907836914,
          "acoustic_entropy_side": 17.03615951538086,
          "hz": 2524.2759484456974
        },
        {
          "acoustic_entropy": 16.67029571533203,
          "acoustic_entropy_side": 16.335895538330078,
          "hz": 2809.813997359896
        },
        {
