{
  "acoustic_entropy": 151.13243103027344,
  "bands": [
    {
      "high_freq": 148.1999969482422,
      "loudness": -35.77509689331055,
      "loudness_range": 21.01818084716797,
      "mid_mean": -32.716148376464844,
      "mid_to_side_loudness": -34.79297637939453,
      "mid_to_side_loudness_range": 13.059696197509766,
      "side_mean": -65.66415405273438
    },
    {
      "high_freq": 392.3793640136719,
      "loudness": -32.81419372558594,
      "loudness_range": 26.31958770751953,
      "low_freq": 148.1999969482422,
      "mid_mean": -29.60837173461914,
      "mid_to_side_loudness": -31.819360733032227,
      "mid_to_side_loudness_range": 4.33326530456543,
      "side_mean": -60.50047302246094
    },
    {
      "high_freq": 794.6976318359375,
      "loudness": -32.02113723754883,
      "loudness_range": 30.094402313232422,
      "low_freq": 392.3793640136719,
      "mid_mean": -29.003568649291992,
      "mid_to_side_loudness": -30.17475700378418,
      "mid_to_side_loudness_range": 3.3775863647460938,
      "side_mean": -58.888465881347656
    },
    {
      "high_freq": 1457.5709228515625,
      "loudness": -39.14603805541992,
      "loudness_range": 31.418813705444336,
      "low_freq": 794.6976318359375,
      "mid_mean": -36.05074691772461,
      "mid_to_side_loudness": -29.098167419433594,
      "mid_to_side_loudness_range": 10.006607055664062,
      "side_mean": -62.97929000854492
    },
    {
      "high_freq": 2549.74365234375,
      "loudness": -44.16417694091797,
      "loudness_range": 27.202585220336914,
      "low_freq": 1457.5709228515625,
      "mid_mean": -40.72098922729492,
      "mid_to_side_loudness": -26.803083419799805,
      "mid_to_side_loudness_range": 12.324823379516602,
      "side_mean": -64.5871810913086
    },
    {
      "high_freq": 4349.24462890625,
      "loudness": -40.17323303222656,
      "loudness_range": 24.600427627563477,
      "low_freq": 2549.74365234375,
      "mid_mean": -36.59928512573242,
      "mid_to_side_loudness": -23.660974502563477,
      "mid_to_side_loudness_range": 11.796615600585938,
      "side_mean": -59.956390380859375
    },
    {
      "high_freq": 7314.1640625,
      "loudness": -40.32809066772461,
      "loudness_range": 13.872100830078125,
      "low_freq": 4349.24462890625,
      "mid_mean": -36.755584716796875,
      "mid_to_side_loudness": -19.985965728759766,
      "mid_to_side_loudness_range": 13.92203140258789,
      "side_mean": -57.487430572509766
    },
    {
      "high_freq": 12199.2666015625,
      "loudness": -47.30199432373047,
      "loudness_range": 14.340396881103516,
      "low_freq": 7314.1640625,
      "mid_mean": -44.13239669799805,
      "mid_to_side_loudness": -14.256853103637695,
      "mid_to_side_loudness_range": 11.226812362670898,
      "side_mean": -58.563682556152344
    },
    {
      "loudness": -52.8150634765625,
      "loudness_range": 14.756034851074219,
      "low_freq": 12199.2666015625,
      "mid_mean": -50.75776290893555,
      "mid_to_side_loudness": -8.92699146270752,
      "mid_to_side_loudness_range": 9.635276794433594,
      "side_mean": -58.855709075927734
    }
  ],
  "bands_short": [
    {
      "high_freq": 148.1999969482422,
      "loudness": -39.88225555419922,
      "loudness_range": 28.767553329467773,
      "mid_mean": -37.375091552734375,
      "mid_to_side_loudness": -35.30138397216797,
      "mid_to_side_loudness_range": 16.73548126220703,
      "side_mean": -66.92560577392578
    },
    {
      "high_freq": 392.3793640136719,
      "loudness": -33.12549591064453,
      "loudness_range": 25.163890838623047,
      "low_freq": 148.1999969482422,
      "mid_mean": -30.144561767578125,
      "mid_to_side_loudness": -32.2703857421875,
      "mid_to_side_loudness_range": 8.249448776245117,
      "side_mean": -61.76458740234375
    },
    {
      "high_freq": 794.6976318359375,
      "loudness": -33.1768684387207,
      "loudness_range": 31.205289840698242,
      "low_freq": 392.3793640136719,
      "mid_mean": -30.187744140625,
      "mid_to_side_loudness": -30.068710327148438,
      "mid_to_side_loudness_range": 6.766153335571289,
      "side_mean": -59.993927001953125
    },
    {
      "high_freq": 1457.5709228515625,
      "loudness": -41.241065979003906,
      "loudness_range": 34.217864990234375,
      "low_freq": 794.6976318359375,
      "mid_mean": -38.267974853515625,
      "mid_to_side_loudness": -29.051715850830078,
      "mid_to_side_loudness_range": 16.901348114013672,
      "side_mean": -64.1513671875
    },
    {
      "high_freq": 2549.74365234375,
      "loudness": -46.275390625,
      "loudness_range": 30.220434188842773,
      "low_freq": 1457.5709228515625,
      "mid_mean": -43.13056182861328,
      "mid_to_side_loudness": -26.482975006103516,
      "mid_to_side_loudness_range": 20.558002471923828,
      "side_mean": -65.874755859375
    },
    {
      "high_freq": 4349.24462890625,
      "loudness": -42.07673645019531,
      "loudness_range": 30.110197067260742,
      "low_freq": 2549.74365234375,
      "mid_mean": -38.735801696777344,
      "mid_to_side_loudness": -24.064449310302734,
      "mid_to_side_loudness_range": 20.552364349365234,
      "side_mean": -62.53150177001953
    },
    {
      "high_freq": 7314.1640625,
      "loudness": -43.542274475097656,
      "loudness_range": 24.143836975097656,
      "low_freq": 4349.24462890625,
      "mid_mean": -40.28724670410156,
      "mid_to_side_loudness": -20.384843826293945,
      "mid_to_side_loudness_range": 21.385160446166992,
      "side_mean": -62.182247161865234
    },
    {
      "high_freq": 12199.2666015625,
      "loudness": -52.60220718383789,
      "loudness_range": 27.693920135498047,
      "low_freq": 7314.1640625,
      "mid_mean": -50.19902420043945,
      "mid_to_side_loudness": -13.856573104858398,
      "mid_to_side_loudness_range": 18.321971893310547,
      "side_mean": -62.35291290283203
    },
    {
      "loudness": -57.21200942993164,
      "loudness_range": 22.728893280029297,
      "low_freq": 12199.2666015625,
      "mid_mean": -55.07600402832031,
      "mid_to_side_loudness": -7.134209632873535,
      "mid_to_side_loudness_range": 11.922138214111328,
      "side_mean": -61.361534118652344
    }
  ],
  "bandwidth": 685.5926513671875,
  "channels": 2,
  "covariance": [
    [
      74.4464111328125,
      28.463178634643555,
      39.51256561279297,
      26.694202423095703,
      37.885738372802734,
      31.022489547729492,
      38.71919631958008,
      23.286222457885742,
      31.9480037689209,
      15.744152069091797,
      28.955541610717773,
      18.052610397338867,
      14.08740520477295,
      5.945847988128662,
      9.074366569519043,
      4.648865699768066,
      6.180165767669678,
      3.779977798461914
    ],
    [
      28.463178634643555,
      16.388866424560547,
      21.0965518951416,
      15.904572486877441,
      20.814002990722656,
      18.044008255004883,
      20.615907669067383,
      13.161258697509766,
      15.708125114440918,
      9.336719512939453,
      13.515398979187012,
      11.137016296386719,
      5.647675514221191,
      6.388767719268799,
      4.033050060272217,
      4.866397857666016,
      7.0173163414001465,
      4.191908836364746
    ],
    [
      39.51256561279297,
      21.0965518951416,
      85.6268081665039,
      52.93525695800781,
      78.85026550292969,
      59.57206344604492,
      73.65522766113281,
      40.114437103271484,
      54.288326263427734,
      26.434354782104492,
      46.93407440185547,
      29.97759437561035,
      19.04601287841797,
      9.903240203857422,
      8.357118606567383,
      3.0441555976867676,
      2.762115240097046,
      1.3627500534057617
    ],
    [
      26.694202423095703,
      15.904572486877441,
      52.93525695800781,
      41.37228012084961,
      52.971466064453125,
      45.940467834472656,
      49.75461196899414,
      30.88566780090332,
      40.68858337402344,
      21.93366241455078,
      35.127098083496094,
      26.540205001831055,
      16.037487030029297,
      14.9603910446167,
      9.491312026977539,
      9.783812522888184,
      15.594582557678223,
      8.33898639678955
    ],
    [
      37.885738372802734,
      20.814002990722656,
      78.85026550292969,
      52.971466064453125,
      112.8974609375,
      81.42160034179688,
      102.20835876464844,
      61.15457534790039,
      62.78831100463867,
      34.62224578857422,
      64.974365234375,
      48.51759719848633,
      25.368419647216797,
      15.003209114074707,
      9.989823341369629,
      2.8830602169036865,
      3.459641933441162,
      1.4643009901046753
    ],
    [
      31.022489547729492,
      18.044008255004883,
      59.57206344604492,
      45.940467834472656,
      81.42160034179688,
      69.5455093383789,
      79.00006866455078,
      52.0969352722168,
      54.119449615478516,
      31.268159866333008,
      56.322662353515625,
      46.45713806152344,
      25.2498779296875,
      23.68971824645996,
      13.815299987792969,
      13.060039520263672,
      19.924989700317383,
      11.192938804626465
    ],
    [
      38.71919631958008,
      20.615907669067383,
      73.65522766113281,
      49.75461196899414,
      102.20835876464844,
      79.00006866455078,
      118.71905517578125,
      72.1482162475586,
      69.38538360595703,
      40.13485336303711,
      72.36174011230469,
      56.144309997558594,
      28.077259063720703,
      19.266700744628906,
      12.505592346191406,
      6.030492305755615,
      5.823602199554443,
      4.011056423187256
    ],
    [
      23.286222457885742,
      13.161258697509766,
      40.114437103271484,
      30.88566780090332,
      61.15457534790039,
      52.0969352722168,
      72.1482162475586,
      52.26001739501953,
      46.65117645263672,
      31.485565185546875,
      50.29346466064453,
      45.778018951416016,
      21.9208984375,
      22.812292098999023,
      12.128205299377441,
      11.34981632232666,
      14.395106315612793,
      9.076681137084961
    ],
    [
      31.9480037689209,
      15.708125114440918,
      54.288326263427734,
      40.68858337402344,
      62.78831100463867,
      54.119449615478516,
      69.38538360595703,
      46.65117645263672,
      83.48419189453125,
      47.222564697265625,
      62.001617431640625,
      45.392295837402344,
      34.040069580078125,
      24.320232391357422,
      27.15428352355957,
      17.698692321777344,
      20.889039993286133,
      14.342789649963379
    ],
    [
      15.744152069091797,
      9.336719512939453,
      26.434354782104492,
      21.93366241455078,
      34.62224578857422,
      31.268159866333008,
      40.13485336303711,
      31.485565185546875,
      47.222564697265625,
      36.1388053894043,
      35.5284423828125,
      35.38054656982422,
      18.566083908081055,
      21.58676528930664,
      13.995528221130371,
      15.286372184753418,
      15.657404899597168,
      12.300930976867676
    ],
    [
      28.955541610717773,
      13.515398979187012,
      46.93407440185547,
      35.127098083496094,
      64.974365234375,
      56.322662353515625,
      72.36174011230469,
      50.29346466064453,
      62.001617431640625,
      35.5284423828125,
      68.26923370361328,
      53.189910888671875,
      34.9288444519043,
      25.698434829711914,
      24.242029190063477,
      14.632518768310547,
      19.064395904541016,
      12.220870971679688
    ],
    [
      18.052610397338867,
      11.137016296386719,
      29.97759437561035,
      26.540205001831055,
      48.51759719848633,
      46.45713806152344,
      56.144309997558594,
      45.778018951416016,
      45.392295837402344,
      35.38054656982422,
      53.189910888671875,
      59.48744201660156,
      26.977651596069336,
      37.225460052490234,
      19.44559669494629,
      23.03533363342285,
      25.362688064575195,
      18.950223922729492
    ],
    [
      14.08740520477295,
      5.647675514221191,
      19.04601287841797,
      16.037487030029297,
      25.368419647216797,
      25.2498779296875,
      28.077259063720703,
      21.9208984375,
      34.040069580078125,
      18.566083908081055,
      34.9288444519043,
      26.977651596069336,
      28.768516540527344,
      23.448801040649414,
      24.207027435302734,
      17.00762939453125,
      21.22894859313965,
      14.273658752441406
    ],
    [
      5.945847988128662,
      6.388767719268799,
      9.903240203857422,
      14.9603910446167,
      15.003209114074707,
      23.68971824645996,
      19.266700744628906,
      22.812292098999023,
      24.320232391357422,
      21.58676528930664,
      25.698434829711914,
      37.225460052490234,
      23.448801040649414,
      49.39967346191406,
      24.83340835571289,
      34.990264892578125,
      34.2026481628418,
      27.634265899658203
    ],
    [
      9.074366569519043,
      4.033050060272217,
      8.357118606567383,
      9.491312026977539,
      9.989823341369629,
      13.815299987792969,
      12.505592346191406,
      12.128205299377441,
      27.15428352355957,
      13.995528221130371,
      24.242029190063477,
      19.44559669494629,
      24.207027435302734,
      24.83340835571289,
      35.451717376708984,
      24.207544326782227,
      31.250774383544922,
      20.164413452148438
    ],
    [
      4.648865699768066,
      4.866397857666016,
      3.0441555976867676,
      9.783812522888184,
      2.8830602169036865,
      13.060039520263672,
      6.030492305755615,
      11.34981632232666,
      17.698692321777344,
      15.286372184753418,
      14.632518768310547,
      23.03533363342285,
      17.00762939453125,
      34.990264892578125,
      24.207544326782227,
      34.622623443603516,
      33.63970947265625,
      28.299535751342773
    ],
    [
      6.180165767669678,
      7.0173163414001465,
      2.762115240097046,
      15.594582557678223,
      3.459641933441162,
      19.924989700317383,
      5.823602199554443,
      14.395106315612793,
      20.889039993286133,
      15.657404899597168,
      19.064395904541016,
      25.362688064575195,
      21.22894859313965,
      34.2026481628418,
      31.250774383544922,
      33.63970947265625,
      50.42498016357422,
      31.29970932006836
    ],
    [
      3.779977798461914,
      4.191908836364746,
      1.3627500534057617,
      8.33898639678955,
      1.4643009901046753,
      11.192938804626465,
      4.011056423187256,
      9.076681137084961,
      14.342789649963379,
      12.300930976867676,
      12.220870971679688,
      18.950223922729492,
      14.273658752441406,
      27.634265899658203,
      20.164413452148438,
      28.299535751342773,
      31.29970932006836,
      25.848434448242188
    ]
  ],
  "covariance_short": [
    [
      126.23955535888672,
      36.829280853271484,
      52.068603515625,
      33.895172119140625,
      52.48582077026367,
      42.239688873291016,
      54.84437561035156,
      30.24590301513672,
      42.70787048339844,
      18.49452781677246,
      39.891849517822266,
      23.84546661376953,
      27.394052505493164,
      7.5769195556640625,
      21.968996047973633,
      4.514039039611816,
      13.079268455505371,
      4.9613237380981445
    ],
    [
      36.829280853271484,
      16.330902099609375,
      16.453100204467773,
      12.417340278625488,
      16.791473388671875,
      14.211182594299316,
      17.83489990234375,
      10.199493408203125,
      13.883698463439941,
      6.285846710205078,
      12.683605194091797,
      8.18808364868164,
      8.751669883728027,
      3.887453317642212,
      11.146833419799805,
      3.0128726959228516,
      7.90347957611084,
      3.358170509338379
    ],
    [
      52.068603515625,
      16.453100204467773,
      88.55956268310547,
      50.586944580078125,
      71.0315170288086,
      54.32272720336914,
      64.0986557006836,
      31.529491424560547,
      55.279136657714844,
      20.34561538696289,
      46.77853775024414,
      24.009998321533203,
      29.72245979309082,
      9.223197937011719,
      19.085264205932617,
      4.690445899963379,
      8.460689544677734,
      3.8332953453063965
    ],
    [
      33.895172119140625,
      12.417340278625488,
      50.586944580078125,
      42.50502395629883,
      50.380130767822266,
      43.380584716796875,
      45.64512634277344,
      24.646451950073242,
      41.128108978271484,
      16.713064193725586,
      34.84854507446289,
      20.330989837646484,
      23.3444766998291,
      10.879816055297852,
      24.42424201965332,
      7.920982837677002,
      14.539965629577637,
      7.669731616973877
    ],
    [
      52.48582077026367,
      16.791473388671875,
      71.0315170288086,
      50.380130767822266,
      127.96710205078125,
      90.52415466308594,
      117.76914978027344,
      62.751976013183594,
      82.10482788085938,
      34.893333435058594,
      81.47940826416016,
      50.99992370605469,
      48.26191711425781,
      21.25008201599121,
      26.9714412689209,
      9.353560447692871,
      12.214640617370605,
      6.9828290939331055
    ],
    [
      42.239688873291016,
      14.211182594299316,
      54.32272720336914,
      43.380584716796875,
      90.52415466308594,
      75.31373596191406,
      88.55119323730469,
      51.85474395751953,
      65.60336303710938,
      29.82838249206543,
      66.50751495361328,
      45.313255310058594,
      43.0102653503418,
      24.117460250854492,
      37.530330657958984,
      14.340694427490234,
      20.963768005371094,
      12.379310607910156
    ],
    [
      54.84437561035156,
      17.83489990234375,
      64.0986557006836,
      45.64512634277344,
      117.76914978027344,
      88.55119323730469,
      145.22067260742188,
      80.3095703125,
      92.85707092285156,
      41.179500579833984,
      97.44689178466797,
      64.1917724609375,
      58.050594329833984,
      29.499784469604492,
      37.143524169921875,
      15.105839729309082,
      19.76125144958496,
      11.343374252319336
    ],
    [
      30.24590301513672,
      10.199493408203125,
      31.529491424560547,
      24.646451950073242,
      62.751976013183594,
      51.85474395751953,
      80.3095703125,
      54.23931121826172,
      51.640968322753906,
      29.147422790527344,
      57.787349700927734,
      46.37702560424805,
      35.43767547607422,
      25.521968841552734,
      27.99650764465332,
      13.975451469421387,
      14.783743858337402,
      10.448378562927246
    ],
    [
      42.70787048339844,
      13.883698463439941,
      55.279136657714844,
      41.128108978271484,
      82.10482788085938,
      65.60336303710938,
      92.85707092285156,
      51.640968322753906,
      110.82018280029297,
      50.000572204589844,
      87.72769927978516,
      53.576358795166016,
      64.33578491210938,
      34.89472961425781,
      53.04063415527344,
      25.698957443237305,
      36.46747970581055,
      20.13189125061035
    ],
    [
      18.49452781677246,
      6.285846710205078,
      20.34561538696289,
      16.713064193725586,
      34.893333435058594,
      29.82838249206543,
      41.179500579833984,
      29.147422790527344,
      50.000572204589844,
      36.17967987060547,
      39.5745735168457,
      37.04508972167969,
      28.12179183959961,
      26.186765670776367,
      25.95305061340332,
      18.71893310546875,
      17.189531326293945,
      13.724167823791504
    ],
    [
      39.891849517822266,
      12.683605194091797,
      46.77853775024414,
      34.84854507446289,
      81.47940826416016,
      66.50751495361328,
      97.44689178466797,
      57.787349700927734,
      87.72769927978516,
      39.5745735168457,
      101.97897338867188,
      66.02024841308594,
      71.67204284667969,
      39.35057067871094,
      54.105499267578125,
      24.914575576782227,
      36.53292465209961,
      19.965778350830078
    ],
    [
      23.84546661376953,
      8.18808364868164,
      24.009998321533203,
      20.330989837646484,
      50.99992370605469,
      45.313255310058594,
      64.1917724609375,
      46.37702560424805,
      53.576358795166016,
      37.04508972167969,
      66.02024841308594,
      71.72882843017578,
      47.16264343261719,
      50.274688720703125,
      42.568355560302734,
      31.00260353088379,
      28.708080291748047,
      23.30599021911621
    ],
    [
      27.394052505493164,
      8.751669883728027,
      29.72245979309082,
      23.3444766998291,
      48.26191711425781,
      43.0102653503418,
      58.050594329833984,
      35.43767547607422,
      64.33578491210938,
      28.12179183959961,
      71.67204284667969,
      47.16264343261719,
      77.97503662109375,
      46.29853820800781,
      65.55748748779297,
      33.68072509765625,
      48.56418991088867,
      26.96934700012207
    ],
    [
      7.5769195556640625,
      3.887453317642212,
      9.223197937011719,
      10.879816055297852,
      21.25008201599121,
      24.117460250854492,
      29.499784469604492,
      25.521968841552734,
      34.89472961425781,
      26.186765670776367,
      39.35057067871094,
      50.274688720703125,
      46.29853820800781,
      70.6793212890625,
      51.261226654052734,
      45.20393371582031,
      39.76704025268555,
      32.74681091308594
    ],
    [
      21.968996047973633,
      11.146833419799805,
      19.085264205932617,
      24.42424201965332,
      26.9714412689209,
      37.530330657958984,
      37.143524169921875,
      27.99650764465332,
      53.04063415527344,
      25.95305061340332,
      54.105499267578125,
      42.568355560302734,
      65.55748748779297,
      51.261226654052734,
      96.29304504394531,
      47.32119369506836,
      75.94071960449219,
      41.731754302978516
    ],
    [
      4.514039039611816,
      3.0128726959228516,
      4.690445899963379,
      7.920982837677002,
      9.353560447692871,
      14.340694427490234,
      15.105839729309082,
      13.975451469421387,
      25.698957443237305,
      18.71893310546875,
      24.914575576782227,
      31.00260353088379,
      33.68072509765625,
      45.20393371582031,
      47.32119369506836,
      44.271636962890625,
      39.65795135498047,
      33.4850959777832
    ],
    [
      13.079268455505371,
      7.90347957611084,
      8.460689544677734,
      14.539965629577637,
      12.214640617370605,
      20.963768005371094,
      19.76125144958496,
      14.783743858337402,
      36.46747970581055,
      17.189531326293945,
      36.53292465209961,
      28.708080291748047,
      48.56418991088867,
      39.76704025268555,
      75.94071960449219,
      39.65795135498047,
      68.78311920166016,
      37.65127182006836
    ],
    [
      4.9613237380981445,
      3.358170509338379,
      3.8332953453063965,
      7.669731616973877,
      6.9828290939331055,
      12.379310607910156,
      11.343374252319336,
      10.448378562927246,
      20.13189125061035,
      13.724167823791504,
      19.965778350830078,
      23.30599021911621,
      26.96934700012207,
      32.74681091308594,
      41.731754302978516,
      33.4850959777832,
      37.65127182006836,
      30.007896423339844
    ]
  ],
  "damage": -12.138399124145508,
  "diff_bandwidth": 708.8689575195312,
  "dissonance": 7.372290173198637,
  "drr": 14.425436973571777,
  "dynamics": 5.973818302154541,
  "format": 1245190,
  "frames": 7310272,
  "loudness": -20.902902603149414,
  "loudness_range": 21.646379470825195,
  "loudness_range_short": 25.520950317382812,
  "lowpass_true_peak_15khz": -1.4093886613845825,
  "mastering3_acoustic_entropies": [
    {
      "acoustic_entropy": 6.90592098236084,
      "acoustic_entropy_mono": 6.915825843811035,
      "band_eliminated_acoustic_entropies": [
        {
          "acoustic_entropy": 6.844948768615723,
          "acoustic_entropy_side": 6.90592098236084,
          "hz": 129.47220167065723
        },
        {
          "acoustic_entropy": 6.508203983306885,
          "acoustic_entropy_side": 6.905920028686523,
          "hz": 202.92927478742237
        },
        {
          "acoustic_entropy": 7.242046356201172,
          "acoustic_entropy_side": 6.905919075012207,
          "hz": 282.89161906338205
        },
        {
          "acoustic_entropy": 7.041096210479736,
          "acoustic_entropy_side": 6.905914306640625,
          "hz": 369.9353335868758
        },
        {
          "acoustic_entropy": 6.598243713378906,
          "acoustic_entropy_side": 6.905933380126953,
          "hz": 464.6875360973435
        },
        {
          "acoustic_entropy": 6.944339275360107,
          "acoustic_entropy_side": 6.9059014320373535,
          "hz": 567.8308811364784
        },
        {
          "acoustic_entropy": 6.453246593475342,
          "acoustic_entropy_side": 6.905909538269043,
          "hz": 680.1084783214808
        },
        {
          "acoustic_entropy": 7.038400650024414,
          "acoustic_entropy_side": 6.905215263366699,
          "hz": 802.3292461747484
        },
        {
          "acoustic_entropy": 6.919275283813477,
          "acoustic_entropy_side": 6.905510425567627,
          "hz": 935.3737400823702
        },
        {
          "acoustic_entropy": 6.893794059753418,
          "acoustic_entropy_side": 6.905927658081055,
          "hz": 1080.2004963696966
        },
        {
          "acoustic_entropy": 6.736081123352051,
          "acoustic_entropy_side": 6.904541492462158,
          "hz": 1237.8529382007157
        },
        {
          "acoustic_entropy": 6.977397441864014,
          "acoustic_entropy_side": 6.905799388885498,
          "hz": 1409.4668930556702
        },
        {
          "acoustic_entropy": 6.883781909942627,
          "acoustic_entropy_side": 6.906104564666748,
          "hz": 1596.2787759475705
        },
        {
          "acoustic_entropy": 6.83555269241333,
          "acoustic_entropy_side": 6.905962944030762,
          "hz": 1799.6344973346393
        },
        {
          "acoustic_entropy": 6.978497505187988,
          "acoustic_entropy_side": 6.906013488769531,
          "hz": 2020.9991599069049
        },
        {
          "acoustic_entropy": 7.002176761627197,
          "acoustic_entropy_side": 6.906193256378174,
          "hz": 2261.9676141086993
        },
        {
          "acoustic_entropy": 6.9251298904418945,
          "acoustic_entropy_side": 6.906023025512695,
          "hz": 2524.2759484456974
        },
        {
          "acoustic_entropy": 7.043989181518555,
          "acoustic_entropy_side": 6.905942440032959,
          "hz": 2809.813997359896
        },
        {
          "acoustic_entropy": 6.610157489776611,
          "acoustic_entropy_side": 6.907137393951416,
          "hz": 3120.6389567871424
        },
        {
          "acoustic_entropy": 6.750668048858643,
          "acoustic_entropy_side": 6.907382488250732,
          "hz": 3458.990205492291
        },
        {
          "acoustic_entropy": 6.930456638336182,
          "acoustic_entropy_side": 6.906925678253174,
          "hz": 3827.305438964164
        },
        {
          "acoustic_entropy": 6.994568347930908,
          "acoustic_entropy_side": 6.907955169677734,
          "hz": 4228.238232109126
        },
        {
          "acoustic_entropy": 6.9174699783325195,
          "acoustic_entropy_side": 6.9067792892456055,
          "hz": 4664.6771572759235
        },
        {
          "acoustic_entropy": 6.9191999435424805,
          "acoustic_entropy_side": 6.907580375671387,
          "hz": 5139.766595350093
        },
        {
          "acoustic_entropy": 6.934658527374268,
          "acoustic_entropy_side": 6.9068145751953125,
          "hz": 5656.929389854203
        },
        {
          "acoustic_entropy": 6.9376044273376465,
          "acoustic_entropy_side": 6.906304359436035,
          "hz": 6219.891507268283
        },
        {
          "acoustic_entropy": 6.863080978393555,
          "acoustic_entropy_side": 6.906036853790283,
          "hz": 6832.70888123896
        },
        {
          "acoustic_entropy": 6.8829345703125,
          "acoustic_entropy_side": 6.906260967254639,
          "hz": 7499.796634079867
        },
        {
          "acoustic_entropy": 6.899965763092041,
          "acoustic_entropy_side": 6.906181335449219,
          "hz": 8225.96088609342
        },
        {
          "acoustic_entropy": 6.951861381530762,
          "acoustic_entropy_side": 6.9063897132873535,
          "hz": 9016.43338188839
        },
        {
          "acoustic_entropy": 6.931992053985596,
          "acoustic_entropy_side": 6.906131267547607,
          "hz": 9876.909183162974
        },
        {
          "acoustic_entropy": 6.920866966247559,
          "acoustic_entropy_side": 6.906049728393555,
          "hz": 10813.587699516042
        },
        {
          "acoustic_entropy": 6.918417453765869,
          "acoustic_entropy_side": 6.9060587882995605,
          "hz": 11833.21735289826
        },
        {
          "acoustic_entropy": 6.932883262634277,
          "acoustic_entropy_side": 6.906379222869873,
          "hz": 12943.144197493959
        },
        {
          "acoustic_entropy": 6.935503959655762,
          "acoustic_entropy_side": 6.906811237335205,
          "hz": 14151.364845322005
        },
        {
          "acoustic_entropy": 6.936890602111816,
          "acoustic_entropy_side": 6.907187461853027,
          "hz": 15466.58407886509
        },
        {
          "acoustic_entropy": 6.922357559204102,
          "acoustic_entropy_side": 6.906489849090576,
          "hz": 16898.27756580493
        },
        {
          "acoustic_entropy": 6.9102630615234375,
          "acoustic_entropy_side": 6.906092166900635,
          "hz": 18456.760127700032
        },
        {
          "acoustic_entropy": 6.906920909881592,
          "acoustic_entropy_side": 6.905972480773926,
          "hz": 20153.260054456492
        },
        {
          "acoustic_entropy": 6.905993938446045,
          "acoustic_entropy_side": 6.9059247970581055,
          "hz": 22000.00000000001
        }
      ],
      "diff_acoustic_entropy": 6.699261665344238,
      "sn": 6
    },
    {
      "acoustic_entropy": 10.259413719177246,
      "acoustic_entropy_mono": 10.237792015075684,
      "band_eliminated_acoustic_entropies": [
        {
          "acoustic_entropy": 9.958648681640625,
          "acoustic_entropy_side": 10.259413719177246,
          "hz": 129.47220167065723
        },
        {
          "acoustic_entropy": 9.586761474609375,
          "acoustic_entropy_side": 10.259424209594727,
          "hz": 202.92927478742237
        },
        {
          "acoustic_entropy": 11.446578979492188,
          "acoustic_entropy_side": 10.259467124938965,
          "hz": 282.89161906338205
        },
        {
          "acoustic_entropy": 9.888713836669922,
          "acoustic_entropy_side": 10.25932502746582,
          "hz": 369.9353335868758
        },
        {
          "acoustic_entropy": 9.745025634765625,
          "acoustic_entropy_side": 10.258854866027832,
          "hz": 464.6875360973435
        },
        {
          "acoustic_entropy": 9.802397727966309,
          "acoustic_entropy_side": 10.259788513183594,
          "hz": 567.8308811364784
        },
        {
          "acoustic_entropy": 10.457088470458984,
          "acoustic_entropy_side": 10.263753890991211,
          "hz": 680.1084783214808
        },
        {
          "acoustic_entropy": 10.616336822509766,
          "acoustic_entropy_side": 10.255195617675781,
          "hz": 802.3292461747484
        },
        {
          "acoustic_entropy": 10.448305130004883,
          "acoustic_entropy_side": 10.258960723876953,
          "hz": 935.3737400823702
        },
        {
          "acoustic_entropy": 9.729281425476074,
          "acoustic_entropy_side": 10.258424758911133,
          "hz": 1080.2004963696966
        },
        {
          "acoustic_entropy": 10.108034133911133,
          "acoustic_entropy_side": 10.254066467285156,
          "hz": 1237.8529382007157
        },
        {
          "acoustic_entropy": 9.900398254394531,
          "acoustic_entropy_side": 10.256508827209473,
          "hz": 1409.4668930556702
        },
        {
          "acoustic_entropy": 10.134904861450195,
          "acoustic_entropy_side": 10.25879192352295,
          "hz": 1596.2787759475705
        },
        {
          "acoustic_entropy": 10.12813663482666,
          "acoustic_entropy_side": 10.260055541992188,
          "hz": 1799.6344973346393
        },
        {
          "acoustic_entropy": 10.368125915527344,
          "acoustic_entropy_side": 10.259628295898438,
          "hz": 2020.9991599069049
        },
        {
          "acoustic_entropy": 10.186259269714355,
          "acoustic_entropy_side": 10.260249137878418,
          "hz": 2261.9676141086993
        },
        {
          "acoustic_entropy": 10.133271217346191,
          "acoustic_entropy_side": 10.256671905517578,
          "hz": 2524.2759484456974
        },
        {
          "acoustic_entropy": 10.059331893920898,
          "acoustic_entropy_side": 10.261001586914062,
          "hz": 2809.813997359896
        },
        {
          "acoustic_entropy": 10.296693801879883,
          "acoustic_entropy_side": 10.276535034179688,
          "hz": 3120.6389567871424
        },
        {
          "acoustic_entropy": 10.400903701782227,
          "acoustic_entropy_side": 10.274255752563477,
          "hz": 3458.990205492291
        },
        {
          "acoustic_entropy": 10.398995399475098,
          "acoustic_entropy_side": 10.259324073791504,
          "hz": 3827.305438964164
        },
        {
          "acoustic_entropy": 10.121152877807617,
          "acoustic_entropy_side": 10.253402709960938,
          "hz": 4228.238232109126
        },
        {
          "acoustic_entropy": 10.308619499206543,
          "acoustic_entropy_side": 10.256414413452148,
          "hz": 4664.6771572759235
        },
        {
          "acoustic_entropy": 10.21744155883789,
          "acoustic_entropy_side": 10.265422821044922,
          "hz": 5139.766595350093
        },
        {
          "acoustic_entropy": 10.154125213623047,
          "acoustic_entropy_side": 10.248897552490234,
          "hz": 5656.929389854203
        },
        {
          "acoustic_entropy": 10.037700653076172,
          "acoustic_entropy_side": 10.259167671203613,
          "hz": 6219.891507268283
        },
        {
          "acoustic_entropy": 9.948587417602539,
          "acoustic_entropy_side": 10.257933616638184,
          "hz": 6832.70888123896
        },
        {
          "acoustic_entropy": 9.938148498535156,
          "acoustic_entropy_side": 10.258517265319824,
          "hz": 7499.796634079867
        },
        {
          "acoustic_entropy": 10.022666931152344,
          "acoustic_entropy_side": 10.259722709655762,
          "hz": 8225.96088609342
        },
        {
          "acoustic_entropy": 10.165072441101074,
          "acoustic_entropy_side": 10.259142875671387,
          "hz": 9016.43338188839
        },
        {
          "acoustic_entropy": 10.173003196716309,
          "acoustic_entropy_side": 10.257805824279785,
          "hz": 9876.909183162974
        },
        {
          "acoustic_entropy": 10.15241527557373,
          "acoustic_entropy_side": 10.257905960083008,
          "hz": 10813.587699516042
        },
        {
          "acoustic_entropy": 10.160411834716797,
          "acoustic_entropy_side": 10.25797176361084,
          "hz": 11833.21735289826
        },
        {
          "acoustic_entropy": 10.214717864990234,
          "acoustic_entropy_side": 10.258990287780762,
          "hz": 12943.144197493959
        },
        {
          "acoustic_entropy": 10.175742149353027,
          "acoustic_entropy_side": 10.260544776916504,
          "hz": 14151.364845322005
        },
        {
          "acoustic_entropy": 10.17310905456543,
          "acoustic_entropy_side": 10.26484489440918,
          "hz": 15466.58407886509
        },
        {
          "acoustic_entropy": 10.209720611572266,
          "acoustic_entropy_side": 10.260900497436523,
          "hz": 16898.27756580493
        },
        {
          "acoustic_entropy": 10.258878707885742,
          "acoustic_entropy_side": 10.258269309997559,
          "hz": 18456.760127700032
        },
        {
          "acoustic_entropy": 10.255809783935547,
          "acoustic_entropy_side": 10.258420944213867,
          "hz": 20153.260054456492
        },
        {
          "acoustic_entropy": 10.25721263885498,
          "acoustic_entropy_side": 10.259294509887695,
          "hz": 22000.00000000001
        }
      ],
      "diff_acoustic_entropy": 10.170289993286133,
      "sn": 12
    },
    {
      "acoustic_entropy": 16.041677474975586,
      "acoustic_entropy_mono": 15.555898666381836,
      "band_eliminated_acoustic_entropies": [
        {
          "acoustic_entropy": 16.510974884033203,
          "acoustic_entropy_side": 16.041677474975586,
          "hz": 129.47220167065723
        },
        {
          "acoustic_entropy": 15.898775100708008,
          "acoustic_entropy_side": 16.042190551757812,
          "hz": 202.92927478742237
        },
        {
          "acoustic_entropy": 16.47739601135254,
          "acoustic_entropy_side": 16.041183471679688,
          "hz": 282.89161906338205
        },
        {
          "acoustic_entropy": 15.41259479522705,
          "acoustic_entropy_side": 16.04277801513672,
          "hz": 369.9353335868758
        },
        {
          "acoustic_entropy": 14.8446683883667,
          "acoustic_entropy_side": 16.023143768310547,
          "hz": 464.6875360973435
        },
        {
          "acoustic_entropy": 16.16408920288086,
          "acoustic_entropy_side": 16.11234474182129,
          "hz": 567.8308811364784
        },
        {
          "acoustic_entropy": 17.032302856445312,
          "acoustic_entropy_side": 16.07340431213379,
          "hz": 680.1084783214808
        },
        {
          "acoustic_entropy": 15.853083610534668,
          "acoustic_entropy_side": 15.912141799926758,
          "hz": 802.3292461747484
        },
        {
          "acoustic_entropy": 16.28325843811035,
          "acoustic_entropy_side": 16.097909927368164,
          "hz": 935.3737400823702
        },
        {
          "acoustic_entropy": 15.554567337036133,
          "acoustic_entropy_side": 15.987359046936035,
          "hz": 1080.2004963696966
        },
        {
          "acoustic_entropy": 15.938849449157715,
          "acoustic_entropy_side": 15.926148414611816,
          "hz": 1237.8529382007157
        },
        {
          "acoustic_entropy": 15.736282348632812,
          "acoustic_entropy_side": 16.0242977142334,
          "hz": 1409.4668930556702
        },
        {
          "acoustic_entropy": 15.972602844238281,
          "acoustic_entropy_side": 15.994887351989746,
          "hz": 1596.2787759475705
        },
        {
          "acoustic_entropy": 15.83117961883545,
          "acoustic_entropy_side": 15.990863800048828,
          "hz": 1799.6344973346393
        },
        {
          "acoustic_entropy": 16.094327926635742,
          "acoustic_entropy_side": 16.044231414794922,
          "hz": 2020.9991599069049
        },
        {
          "acoustic_entropy": 15.93639087677002,
          "acoustic_entropy_side": 15.983240127563477,
          "hz": 2261.9676141086993
        },
        {
          "acoustic_entropy": 15.666007041931152,
          "acoustic_entropy_side": 16.014984130859375,
          "hz": 2524.2759484456974
        },
        {
          "acoustic_entropy": 15.728265762329102,
          "acoustic_entropy_side": 15.97102165222168,
          "hz": 2809.813997359896
        },
        {
          "acoustic_entropy": 15.440701484680176,
          "acoustic_entropy_side": 15.897974014282227,
