{
  "acoustic_entropy": 54.71150588989258,
  "bands": [
    {
      "high_freq": 148.1999969482422,
      "loudness": -30.575008392333984,
      "loudness_range": 16.11016273498535,
      "mid_mean": -27.236963272094727,
      "mid_to_side_loudness": -19.833724975585938,
      "mid_to_side_loudness_range": 24.187063217163086,
      "side_mean": -51.080970764160156
    },
    {
      "high_freq": 392.3793640136719,
      "loudness": -35.37962341308594,
      "loudness_range": 20.444631576538086,
      "low_freq": 148.1999969482422,
      "mid_mean": -31.844213485717773,
      "mid_to_side_loudness": -16.91059112548828,
      "mid_to_side_loudness_range": 21.634492874145508,
      "side_mean": -52.294189453125
    },
    {
      "high_freq": 794.6976318359375,
      "loudness": -46.59209442138672,
      "loudness_range": 27.73929214477539,
      "low_freq": 392.3793640136719,
      "mid_mean": -42.997276306152344,
      "mid_to_side_loudness": -16.522947311401367,
      "mid_to_side_loudness_range": 21.092710494995117,
      "side_mean": -61.13109588623047
    },
    {
      "high_freq": 1457.5709228515625,
      "loudness": -53.8310546875,
      "loudness_range": 27.345844268798828,
      "low_freq": 794.6976318359375,
      "mid_mean": -52.790035247802734,
      "mid_to_side_loudness": -17.17622184753418,
      "mid_to_side_loudness_range": 22.052175521850586,
      "side_mean": -65.85175323486328
    },
    {
      "high_freq": 2549.74365234375,
      "loudness": -59.39071273803711,
      "loudness_range": 35.650794982910156,
      "low_freq": 1457.5709228515625,
      "mid_mean": -57.286014556884766,
      "mid_to_side_loudness": -18.01755142211914,
      "mid_to_side_loudness_range": 22.875328063964844,
      "side_mean": -67.59308624267578
    },
    {
      "high_freq": 4349.24462890625,
      "loudness": -64.11888885498047,
      "loudness_range": 33.13240051269531,
      "low_freq": 2549.74365234375,
      "mid_mean": -60.57254409790039,
      "mid_to_side_loudness": -20.171890258789062,
      "mid_to_side_loudness_range": 26.741994857788086,
      "side_mean": -68.39762115478516
    },
    {
      "high_freq": 7314.1640625,
      "loudness": -70.57209014892578,
      "loudness_range": 19.04595184326172,
      "low_freq": 4349.24462890625,
      "mid_mean": -65.08412170410156,
      "mid_to_side_loudness": -25.22467613220215,
      "mid_to_side_loudness_range": 36.85750198364258,
      "side_mean": -69.77690887451172
    },
    {
      "high_freq": 12199.2666015625,
      "loudness": -71.33279418945312,
      "loudness_range": 10.859790802001953,
      "low_freq": 7314.1640625,
      "mid_mean": -65.77832794189453,
      "mid_to_side_loudness": -28.866117477416992,
      "mid_to_side_loudness_range": 48.34782409667969,
      "side_mean": -69.93746948242188
    },
    {
      "loudness": -72.15666961669922,
      "loudness_range": 3.9725189208984375,
      "low_freq": 12199.2666015625,
      "mid_mean": -66.46553802490234,
      "mid_to_side_loudness": -18.790287017822266,
      "mid_to_side_loudness_range": 22.552841186523438,
      "side_mean": -69.94747924804688
    }
  ],
  "bands_short": [
    {
      "high_freq": 148.1999969482422,
      "loudness": -32.697731018066406,
      "loudness_range": 15.697956085205078,
      "mid_mean": -29.319416046142578,
      "mid_to_side_loudness": -20.479116439819336,
      "mid_to_side_loudness_range": 25.383756637573242,
      "side_mean": -53.38298034667969
    },
    {
      "high_freq": 392.3793640136719,
      "loudness": -32.900169372558594,
      "loudness_range": 16.99014663696289,
      "low_freq": 148.1999969482422,
      "mid_mean": -29.396121978759766,
      "mid_to_side_loudness": -17.784467697143555,
      "mid_to_side_loudness_range": 23.23971939086914,
      "side_mean": -50.8967399597168
    },
    {
      "high_freq": 794.6976318359375,
      "loudness": -46.45451354980469,
      "loudness_range": 27.36953353881836,
      "low_freq": 392.3793640136719,
      "mid_mean": -42.964595794677734,
      "mid_to_side_loudness": -16.39234161376953,
      "mid_to_side_loudness_range": 21.830806732177734,
      "side_mean": -61.016883850097656
    },
    {
      "high_freq": 1457.5709228515625,
      "loudness": -53.95579147338867,
      "loudness_range": 24.905902862548828,
      "low_freq": 794.6976318359375,
      "mid_mean": -52.8979606628418,
      "mid_to_side_loudness": -16.571224212646484,
      "mid_to_side_loudness_range": 21.436330795288086,
      "side_mean": -65.70134735107422
    },
    {
      "high_freq": 2549.74365234375,
      "loudness": -59.94894027709961,
      "loudness_range": 32.184669494628906,
      "low_freq": 1457.5709228515625,
      "mid_mean": -57.725860595703125,
      "mid_to_side_loudness": -17.441001892089844,
      "mid_to_side_loudness_range": 22.734159469604492,
      "side_mean": -67.66947937011719
    },
    {
      "high_freq": 4349.24462890625,
      "loudness": -64.55873107910156,
      "loudness_range": 31.985797882080078,
      "low_freq": 2549.74365234375,
      "mid_mean": -60.88939666748047,
      "mid_to_side_loudness": -19.381380081176758,
      "mid_to_side_loudness_range": 25.3824462890625,
      "side_mean": -68.50138092041016
    },
    {
      "high_freq": 7314.1640625,
      "loudness": -71.00513458251953,
      "loudness_range": 14.969047546386719,
      "low_freq": 4349.24462890625,
      "mid_mean": -65.39299011230469,
      "mid_to_side_loudness": -23.618741989135742,
      "mid_to_side_loudness_range": 35.00776672363281,
      "side_mean": -69.76837921142578
    },
    {
      "high_freq": 12199.2666015625,
      "loudness": -71.7674789428711,
      "loudness_range": 6.3593292236328125,
      "low_freq": 7314.1640625,
      "mid_mean": -66.06889343261719,
      "mid_to_side_loudness": -32.39613342285156,
      "mid_to_side_loudness_range": 61.45813751220703,
      "side_mean": -69.9407730102539
    },
    {
      "loudness": -72.58296966552734,
      "loudness_range": 2.7118377685546875,
      "low_freq": 12199.2666015625,
      "mid_mean": -66.66814422607422,
      "mid_to_side_loudness": -19.037832260131836,
      "mid_to_side_loudness_range": 24.183860778808594,
      "side_mean": -69.94744110107422
    }
  ],
  "bandwidth": 281.4648742675781,
  "channels": 2,
  "covariance": [
    [
      35.60068130493164,
      27.808456420898438,
      21.60472869873047,
      15.496265411376953,
      25.91826057434082,
      18.007980346679688,
      31.154279708862305,
      12.24460506439209,
      26.177183151245117,
      6.9897780418396,
      13.417926788330078,
      3.094637632369995,
      6.49391508102417,
      -0.05891186743974686,
      2.8064987659454346,
      -0.07597687840461731,
      0.482438862323761,
      -0.05620478838682175
    ],
    [
      27.808456420898438,
      79.7618179321289,
      19.248912811279297,
      56.920101165771484,
      24.233938217163086,
      40.50680923461914,
      63.0473518371582,
      22.575557708740234,
      46.462852478027344,
      10.981871604919434,
      25.06552505493164,
      2.68947434425354,
      12.119586944580078,
      -0.13871756196022034,
      8.44820499420166,
      -0.12778528034687042,
      6.053845405578613,
      -0.08754035830497742
    ],
    [
      21.60472869873047,
      19.248912811279297,
      39.43926239013672,
      34.20976257324219,
      49.15127944946289,
      33.58483123779297,
      47.290103912353516,
      26.303388595581055,
      50.845489501953125,
      22.97730827331543,
      43.3063850402832,
      19.876440048217773,
      23.999488830566406,
      2.7136781215667725,
      16.755046844482422,
      0.7693048715591431,
      10.819756507873535,
      0.08981582522392273
    ],
    [
      15.496265411376953,
      56.920101165771484,
      34.20976257324219,
      72.89266967773438,
      49.27632522583008,
      52.640174865722656,
      72.12384796142578,
      36.41238784790039,
      65.43959045410156,
      28.350170135498047,
      52.26583480834961,
      22.73481559753418,
      26.60940170288086,
      3.314086675643921,
      20.62796401977539,
      0.9182991981506348,
      15.488212585449219,
      0.10585131496191025
    ],
    [
      25.91826057434082,
      24.233938217163086,
      49.15127944946289,
      49.27632522583008,
      75.38377380371094,
      49.525047302246094,
      63.76988983154297,
      39.96772766113281,
      73.05767822265625,
      35.99562072753906,
      63.712894439697266,
      30.97073745727539,
      33.844642639160156,
      4.378332614898682,
      23.02349281311035,
      1.2304295301437378,
      14.779159545898438,
      0.18441730737686157
    ],
    [
      18.007980346679688,
      40.50680923461914,
      33.58483123779297,
      52.640174865722656,
      49.525047302246094,
      45.32933807373047,
      56.622982025146484,
      33.24662399291992,
      55.12738800048828,
      26.924509048461914,
      44.776180267333984,
      22.067533493041992,
      22.143428802490234,
      3.214942455291748,
      16.261587142944336,
      0.8712151646614075,
      11.724451065063477,
      0.11296181380748749
    ],
    [
      31.154279708862305,
      63.0473518371582,
      47.290103912353516,
      72.12384796142578,
      63.76988983154297,
      56.622982025146484,
      95.50076293945312,
      40.06162643432617,
      88.89923858642578,
      32.66450500488281,
      69.72538757324219,
      26.110057830810547,
      37.023353576660156,
      3.0652270317077637,
      26.379472732543945,
      0.7721967697143555,
      18.205846786499023,
      0.04987096041440964
    ],
    [
      12.24460506439209,
      22.575557708740234,
      26.303388595581055,
      36.41238784790039,
      39.96772766113281,
      33.24662399291992,
      40.06162643432617,
      30.76413345336914,
      40.12097930908203,
      24.713163375854492,
      30.56943130493164,
      17.870166778564453,
      14.312593460083008,
      2.3072257041931152,
      10.313743591308594,
      0.6236457824707031,
      7.4456000328063965,
      0.08606155216693878
    ],
    [
      26.177183151245117,
      46.462852478027344,
      50.845489501953125,
      65.43959045410156,
      73.05767822265625,
      55.12738800048828,
      88.89923858642578,
      40.12097930908203,
      94.81419372558594,
      37.40183639526367,
      83.64957427978516,
      33.4327507019043,
      45.23882293701172,
      4.675731658935547,
      32.069114685058594,
      1.2705401182174683,
      21.766918182373047,
      0.14813178777694702
    ],
    [
      6.9897780418396,
      10.981871604919434,
      22.97730827331543,
      28.350170135498047,
      35.99562072753906,
      26.924509048461914,
      32.66450500488281,
      24.713163375854492,
      37.40183639526367,
      23.58354949951172,
      35.03659439086914,
      20.92084312438965,
      17.072776794433594,
      3.1112754344940186,
      12.481729507446289,
      0.8862209320068359,
      8.97567367553711,
      0.14158858358860016
    ],
    [
      13.417926788330078,
      25.06552505493164,
      43.3063850402832,
      52.26583480834961,
      63.712894439697266,
      44.776180267333984,
      69.72538757324219,
      30.56943130493164,
      83.64957427978516,
      35.03659439086914,
      89.56906127929688,
      38.69370651245117,
      49.341888427734375,
      6.656888961791992,
      36.769554138183594,
      2.000079393386841,
      25.865570068359375,
      0.2770862281322479
    ],
    [
      3.094637632369995,
      2.68947434425354,
      19.876440048217773,
      22.73481559753418,
      30.97073745727539,
      22.067533493041992,
      26.110057830810547,
      17.870166778564453,
      33.4327507019043,
      20.92084312438965,
      38.69370651245117,
      25.798006057739258,
      17.57469367980957,
      4.4480366706848145,
      12.956239700317383,
      1.3100067377090454,
      9.318511962890625,
      0.2181698977947235
    ],
    [
      6.49391508102417,
      12.119586944580078,
      23.999488830566406,
      26.60940170288086,
      33.844642639160156,
      22.143428802490234,
      37.023353576660156,
      14.312593460083008,
      45.23882293701172,
      17.072776794433594,
      49.341888427734375,
      17.57469367980957,
      31.524938583374023,
      2.802625894546509,
      24.41558837890625,
      0.9090802669525146,
      17.388986587524414,
      0.11670941114425659
    ],
    [
      -0.05891186743974686,
      -0.13871756196022034,
      2.7136781215667725,
      3.314086675643921,
      4.378332614898682,
      3.214942455291748,
      3.0652270317077637,
      2.3072257041931152,
      4.675731658935547,
      3.1112754344940186,
      6.656888961791992,
      4.4480366706848145,
      2.802625894546509,
      1.0799537897109985,
      2.1663787364959717,
      0.3304066061973572,
      1.5686640739440918,
      0.0556282140314579
    ],
    [
      2.8064987659454346,
      8.44820499420166,
      16.755046844482422,
      20.62796401977539,
      23.02349281311035,
      16.261587142944336,
      26.379472732543945,
      10.313743591308594,
      32.069114685058594,
      12.481729507446289,
      36.769554138183594,
      12.956239700317383,
      24.41558837890625,
      2.1663787364959717,
      20.089075088500977,
      0.7391574382781982,
      14.956236839294434,
      0.09940589964389801
    ],
    [
      -0.07597687840461731,
      -0.12778528034687042,
      0.7693048715591431,
      0.9182991981506348,
      1.2304295301437378,
      0.8712151646614075,
      0.7721967697143555,
      0.6236457824707031,
      1.2705401182174683,
      0.8862209320068359,
      2.000079393386841,
      1.3100067377090454,
      0.9090802669525146,
      0.3304066061973572,
      0.7391574382781982,
      0.11354044824838638,
      0.5314989686012268,
      0.018931850790977478
    ],
    [
      0.482438862323761,
      6.053845405578613,
      10.819756507873535,
      15.488212585449219,
      14.779159545898438,
      11.724451065063477,
      18.205846786499023,
      7.4456000328063965,
      21.766918182373047,
      8.97567367553711,
      25.865570068359375,
      9.318511962890625,
      17.388986587524414,
      1.5686640739440918,
      14.956236839294434,
      0.5314989686012268,
      11.85787582397461,
      0.0720270648598671
    ],
    [
      -0.05620478838682175,
      -0.08754035830497742,
      0.08981582522392273,
      0.10585131496191025,
      0.18441730737686157,
      0.11296181380748749,
      0.04987096041440964,
      0.08606155216693878,
      0.14813178777694702,
      0.14158858358860016,
      0.2770862281322479,
      0.2181698977947235,
      0.11670941114425659,
      0.0556282140314579,
      0.09940589964389801,
      0.018931850790977478,
      0.0720270648598671,
      0.004236672073602676
    ]
  ],
  "covariance_short": [
    [
      41.090972900390625,
      27.138282775878906,
      22.896770477294922,
      16.65203285217285,
      20.856550216674805,
      13.95507526397705,
      26.2437744140625,
      8.7835693359375,
      22.113985061645508,
      3.6095993518829346,
      11.967302322387695,
      0.7332465052604675,
      6.066425800323486,
      -0.14835046231746674,
      2.826559066772461,
      -0.06711640954017639,
      0.7370731234550476,
      -0.05802149698138237
    ],
    [
      27.138282775878906,
      73.92381286621094,
      14.298027992248535,
      53.86333465576172,
      15.372889518737793,
      30.758331298828125,
      51.629154205322266,
      14.499868392944336,
      37.5081787109375,
      4.790676116943359,
      22.979116439819336,
      0.16531167924404144,
      11.71384048461914,
      -0.18382412195205688,
      8.067105293273926,
      -0.11190017312765121,
      5.584982395172119,
      -0.08310728520154953
    ],
    [
      22.896770477294922,
      14.298027992248535,
      35.295135498046875,
      28.149761199951172,
      41.58409881591797,
      27.250642776489258,
      39.94655227661133,
      20.721853256225586,
      42.5548210144043,
      17.529277801513672,
      34.155799865722656,
      13.995625495910645,
      17.56084632873535,
      2.137425661087036,
      11.21424388885498,
      0.5624488592147827,
      6.405546188354492,
      0.061745841056108475
    ],
    [
      16.65203285217285,
      53.86333465576172,
      28.149761199951172,
      78.6648941040039,
      44.7373161315918,
      53.152984619140625,
      71.24480438232422,
      35.2349739074707,
      63.26070785522461,
      26.259075164794922,
      48.32308578491211,
      19.4215030670166,
      22.462665557861328,
      3.0768399238586426,
      16.44852066040039,
      0.7668339014053345,
      12.249773979187012,
      0.07956176996231079
    ],
    [
      20.856550216674805,
      15.372889518737793,
      41.58409881591797,
      44.7373161315918,
      71.80215454101562,
      46.43370056152344,
      57.56709671020508,
      36.2099723815918,
      67.39454650878906,
      33.21973419189453,
      57.419002532958984,
      27.514991760253906,
      27.64707374572754,
      4.426693439483643,
      17.00867462158203,
      1.1424007415771484,
      9.891366004943848,
      0.17567306756973267
    ],
    [
      13.95507526397705,
      30.758331298828125,
      27.250642776489258,
      53.152984619140625,
      46.43370056152344,
      45.90448760986328,
      52.570281982421875,
      32.05791473388672,
      52.26350021362305,
      26.040220260620117,
      41.41771697998047,
      20.287879943847656,
      18.46150779724121,
      3.2496676445007324,
      12.548052787780762,
      0.7891855835914612,
      8.81849479675293,
      0.1040053591132164
    ],
    [
      26.2437744140625,
      51.629154205322266,
      39.94655227661133,
      71.24480438232422,
      57.56709671020508,
      52.570281982421875,
      88.9639892578125,
      35.78350067138672,
      80.78001403808594,
      28.16847038269043,
      62.24386215209961,
      20.898754119873047,
      31.243350982666016,
      2.9325733184814453,
      21.29511070251465,
      0.6949219107627869,
      14.19079303741455,
      0.034685198217630386
    ],
    [
      8.7835693359375,
      14.499868392944336,
      20.721853256225586,
      35.2349739074707,
      36.2099723815918,
      32.05791473388672,
      35.78350067138672,
      28.5458927154541,
      36.524105072021484,
      22.70157814025879,
      27.245859146118164,
      15.731942176818848,
      11.316234588623047,
      2.295679807662964,
      7.459170341491699,
      0.5739516019821167,
      5.4183855056762695,
      0.08365797996520996
    ],
    [
      22.113985061645508,
      37.5081787109375,
      42.5548210144043,
      63.26070785522461,
      67.39454650878906,
      52.26350021362305,
      80.78001403808594,
      36.524105072021484,
      87.03055572509766,
      33.892417907714844,
      75.23075866699219,
      29.179502487182617,
      37.98508071899414,
      4.708399295806885,
      25.012744903564453,
      1.1797610521316528,
      15.941766738891602,
      0.14236688613891602
    ],
    [
      3.6095993518829346,
      4.790676116943359,
      17.529277801513672,
      26.259075164794922,
      33.21973419189453,
      26.040220260620117,
      28.16847038269043,
      22.70157814025879,
      33.892417907714844,
      22.77268409729004,
      31.432491302490234,
      19.406593322753906,
      13.34730339050293,
      3.2512423992156982,
      8.700836181640625,
      0.844443142414093,
      6.0625081062316895,
      0.14212022721767426
    ],
    [
      11.967302322387695,
      22.979116439819336,
      34.155799865722656,
      48.32308578491211,
      57.419002532958984,
      41.41771697998047,
      62.24386215209961,
      27.245859146118164,
      75.23075866699219,
      31.432491302490234,
      80.47550201416016,
      33.72026062011719,
      41.09932327270508,
      6.502380847930908,
      28.06361961364746,
      1.8444793224334717,
      18.303691864013672,
      0.26539164781570435
    ],
    [
      0.7332465052604675,
      0.16531167924404144,
      13.995625495910645,
      19.4215030670166,
      27.514991760253906,
      20.287879943847656,
      20.898754119873047,
      15.731942176818848,
      29.179502487182617,
      19.406593322753906,
      33.72026062011719,
      23.6777400970459,
      13.268354415893555,
      4.5649237632751465,
      8.323691368103027,
      1.2229385375976562,
      5.896735668182373,
      0.21663421392440796
    ],
    [
      6.066425800323486,
      11.71384048461914,
      17.56084632873535,
      22.462665557861328,
      27.64707374572754,
      18.46150779724121,
      31.243350982666016,
      11.316234588623047,
      37.98508071899414,
      13.34730339050293,
      41.09932327270508,
      13.268354415893555,
      25.571516036987305,
      2.370839834213257,
      18.53851890563965,
      0.7386653423309326,
      12.353367805480957,
      0.09771496802568436
    ],
    [
      -0.14835046231746674,
      -0.18382412195205688,
      2.137425661087036,
      3.0768399238586426,
      4.426693439483643,
      3.2496676445007324,
      2.9325733184814453,
      2.295679807662964,
      4.708399295806885,
      3.2512423992156982,
      6.502380847930908,
      4.5649237632751465,
      2.370839834213257,
      1.3642419576644897,
      1.3943248987197876,
      0.3753504753112793,
      0.972502589225769,
      0.06516126543283463
    ],
    [
      2.826559066772461,
      8.067105293273926,
      11.21424388885498,
      16.44852066040039,
      17.00867462158203,
      12.548052787780762,
      21.29511070251465,
      7.459170341491699,
      25.012744903564453,
      8.700836181640625,
      28.06361961364746,
      8.323691368103027,
      18.53851890563965,
      1.3943248987197876,
      14.881804466247559,
      0.46111732721328735,
      10.496833801269531,
      0.059161826968193054
    ],
    [
      -0.06711640954017639,
      -0.11190017312765121,
      0.5624488592147827,
      0.7668339014053345,
      1.1424007415771484,
      0.7891855835914612,
      0.6949219107627869,
      0.5739516019821167,
      1.1797610521316528,
      0.844443142414093,
      1.8444793224334717,
      1.2229385375976562,
      0.7386653423309326,
      0.3753504753112793,
      0.46111732721328735,
      0.1305284947156906,
      0.3005862832069397,
      0.021264728158712387
    ],
    [
      0.7370731234550476,
      5.584982395172119,
      6.405546188354492,
      12.249773979187012,
      9.891366004943848,
      8.81849479675293,
      14.19079303741455,
      5.4183855056762695,
      15.941766738891602,
      6.0625081062316895,
      18.303691864013672,
      5.896735668182373,
      12.353367805480957,
      0.972502589225769,
      10.496833801269531,
      0.3005862832069397,
      8.218847274780273,
      0.037474822252988815
    ],
    [
      -0.05802149698138237,
      -0.08310728520154953,
      0.061745841056108475,
      0.07956176996231079,
      0.17567306756973267,
      0.1040053591132164,
      0.034685198217630386,
      0.08365797996520996,
      0.14236688613891602,
      0.14212022721767426,
      0.26539164781570435,
      0.21663421392440796,
      0.09771496802568436,
      0.06516126543283463,
      0.059161826968193054,
      0.021264728158712387,
      0.037474822252988815,
      0.006046564783900976
    ]
  ],
  "damage": -14.215422630310059,
  "diff_bandwidth": 337.571533203125,
  "dissonance": 4.307435615875431,
  "drr": 11.645829200744629,
  "dynamics": 5.02103853225708,
  "format": 1245190,
  "frames": 1530816,
  "loudness": -24.881906509399414,
  "loudness_range": 17.967681884765625,
  "loudness_range_short": 17.083372116088867,
  "lowpass_true_peak_15khz": -1.8066706657409668,
  "mastering3_acoustic_entropies": [
    {
      "acoustic_entropy": 5.599465370178223,
      "acoustic_entropy_mono": 5.622880935668945,
      "band_eliminated_acoustic_entropies": [
        {
          "acoustic_entropy": 5.447902202606201,
          "acoustic_entropy_side": 5.599008083343506,
          "hz": 129.47220167065723
        },
        {
          "acoustic_entropy": 4.859046459197998,
          "acoustic_entropy_side": 5.590482234954834,
          "hz": 202.92927478742237
        },
        {
          "acoustic_entropy": 5.724449634552002,
          "acoustic_entropy_side": 5.606802940368652,
          "hz": 282.89161906338205
        },
        {
          "acoustic_entropy": 5.660618782043457,
          "acoustic_entropy_side": 5.612031936645508,
          "hz": 369.9353335868758
        },
        {
          "acoustic_entropy": 5.686028957366943,
          "acoustic_entropy_side": 5.601125240325928,
          "hz": 464.6875360973435
        },
        {
          "acoustic_entropy": 5.647912502288818,
          "acoustic_entropy_side": 5.599966049194336,
          "hz": 567.8308811364784
        },
        {
          "acoustic_entropy": 5.3652448654174805,
          "acoustic_entropy_side": 5.600701808929443,
          "hz": 680.1084783214808
        },
        {
          "acoustic_entropy": 5.615423679351807,
          "acoustic_entropy_side": 5.599778175354004,
          "hz": 802.3292461747484
        },
        {
          "acoustic_entropy": 5.625034332275391,
          "acoustic_entropy_side": 5.6001081466674805,
          "hz": 935.3737400823702
        },
        {
          "acoustic_entropy": 5.622416973114014,
          "acoustic_entropy_side": 5.604048252105713,
          "hz": 1080.2004963696966
        },
        {
          "acoustic_entropy": 5.586472034454346,
          "acoustic_entropy_side": 5.599584102630615,
          "hz": 1237.8529382007157
        },
        {
          "acoustic_entropy": 5.587433338165283,
          "acoustic_entropy_side": 5.599490642547607,
          "hz": 1409.4668930556702
        },
        {
          "acoustic_entropy": 5.540233612060547,
          "acoustic_entropy_side": 5.599492073059082,
          "hz": 1596.2787759475705
        },
        {
          "acoustic_entropy": 5.526937007904053,
          "acoustic_entropy_side": 5.599545955657959,
          "hz": 1799.6344973346393
        },
        {
          "acoustic_entropy": 5.5576934814453125,
          "acoustic_entropy_side": 5.599517822265625,
          "hz": 2020.9991599069049
        },
        {
          "acoustic_entropy": 5.474908828735352,
          "acoustic_entropy_side": 5.5995001792907715,
          "hz": 2261.9676141086993
        },
        {
          "acoustic_entropy": 5.515507221221924,
          "acoustic_entropy_side": 5.599526405334473,
          "hz": 2524.2759484456974
        },
        {
          "acoustic_entropy": 5.535975933074951,
          "acoustic_entropy_side": 5.599555015563965,
          "hz": 2809.813997359896
        },
        {
          "acoustic_entropy": 5.559849262237549,
          "acoustic_entropy_side": 5.599479675292969,
          "hz": 3120.6389567871424
        },
        {
          "acoustic_entropy": 5.581161022186279,
          "acoustic_entropy_side": 5.59946870803833,
          "hz": 3458.990205492291
        },
        {
          "acoustic_entropy": 5.585025310516357,
          "acoustic_entropy_side": 5.599474906921387,
          "hz": 3827.305438964164
        },
        {
          "acoustic_entropy": 5.612244606018066,
          "acoustic_entropy_side": 5.599485397338867,
          "hz": 4228.238232109126
        },
        {
          "acoustic_entropy": 5.405409812927246,
          "acoustic_entropy_side": 5.592554569244385,
          "hz": 4664.6771572759235
        },
        {
          "acoustic_entropy": 5.644443035125732,
          "acoustic_entropy_side": 5.599461078643799,
          "hz": 5139.766595350093
        },
        {
          "acoustic_entropy": 5.6183085441589355,
          "acoustic_entropy_side": 5.599465370178223,
          "hz": 5656.929389854203
        },
        {
          "acoustic_entropy": 5.6041436195373535,
          "acoustic_entropy_side": 5.5994648933410645,
          "hz": 6219.891507268283
        },
        {
          "acoustic_entropy": 5.6057915687561035,
          "acoustic_entropy_side": 5.599465370178223,
          "hz": 6832.70888123896
        },
        {
          "acoustic_entropy": 5.607362747192383,
          "acoustic_entropy_side": 5.599465370178223,
          "hz": 7499.796634079867
        },
        {
          "acoustic_entropy": 5.60224723815918,
          "acoustic_entropy_side": 5.599465370178223,
          "hz": 8225.96088609342
        },
        {
          "acoustic_entropy": 5.604890823364258,
          "acoustic_entropy_side": 5.599465370178223,
          "hz": 9016.43338188839
        },
        {
          "acoustic_entropy": 5.603237152099609,
          "acoustic_entropy_side": 5.599465370178223,
          "hz": 9876.909183162974
        },
        {
          "acoustic_entropy": 5.609429836273193,
          "acoustic_entropy_side": 5.599465370178223,
          "hz": 10813.587699516042
        },
        {
          "acoustic_entropy": 5.609140872955322,
          "acoustic_entropy_side": 5.599465370178223,
          "hz": 11833.21735289826
        },
        {
          "acoustic_entropy": 5.605920314788818,
          "acoustic_entropy_side": 5.599465370178223,
          "hz": 12943.144197493959
        },
        {
          "acoustic_entropy": 5.607626914978027,
          "acoustic_entropy_side": 5.599465370178223,
          "hz": 14151.364845322005
        },
        {
          "acoustic_entropy": 5.600717544555664,
          "acoustic_entropy_side": 5.599465370178223,
          "hz": 15466.58407886509
        },
        {
          "acoustic_entropy": 5.599847316741943,
          "acoustic_entropy_side": 5.599465370178223,
          "hz": 16898.27756580493
        },
        {
          "acoustic_entropy": 5.599499702453613,
          "acoustic_entropy_side": 5.599465370178223,
          "hz": 18456.760127700032
        },
        {
          "acoustic_entropy": 5.599467754364014,
          "acoustic_entropy_side": 5.599465370178223,
          "hz": 20153.260054456492
        },
        {
          "acoustic_entropy": 5.599465847015381,
          "acoustic_entropy_side": 5.599465370178223,
          "hz": 22000.00000000001
        }
      ],
      "diff_acoustic_entropy": 3.078035593032837,
      "sn": 6
    },
    {
      "acoustic_entropy": 6.960755348205566,
      "acoustic_entropy_mono": 7.038661003112793,
      "band_eliminated_acoustic_entropies": [
        {
          "acoustic_entropy": 6.845077991485596,
          "acoustic_entropy_side": 6.955863952636719,
          "hz": 129.47220167065723
        },
        {
          "acoustic_entropy": 6.198977947235107,
          "acoustic_entropy_side": 6.922745227813721,
          "hz": 202.92927478742237
        },
        {
          "acoustic_entropy": 7.085074424743652,
          "acoustic_entropy_side": 6.961333751678467,
          "hz": 282.89161906338205
        },
        {
          "acoustic_entropy": 7.024659633636475,
          "acoustic_entropy_side": 7.023595809936523,
          "hz": 369.9353335868758
        },
        {
          "acoustic_entropy": 7.0458760261535645,
          "acoustic_entropy_side": 6.996827125549316,
          "hz": 464.6875360973435
        },
        {
          "acoustic_entropy": 7.149251461029053,
          "acoustic_entropy_side": 6.9742655754089355,
          "hz": 567.8308811364784
        },
        {
          "acoustic_entropy": 6.565616130828857,
          "acoustic_entropy_side": 6.973137855529785,
          "hz": 680.1084783214808
        },
        {
          "acoustic_entropy": 7.0464582443237305,
          "acoustic_entropy_side": 6.969918251037598,
          "hz": 802.3292461747484
        },
        {
          "acoustic_entropy": 6.987910747528076,
          "acoustic_entropy_side": 6.970462322235107,
          "hz": 935.3737400823702
        },
        {
          "acoustic_entropy": 7.036594867706299,
          "acoustic_entropy_side": 7.010824680328369,
          "hz": 1080.2004963696966
        },
        {
          "acoustic_entropy": 6.924046516418457,
          "acoustic_entropy_side": 6.966483116149902,
          "hz": 1237.8529382007157
        },
        {
          "acoustic_entropy": 6.913292407989502,
          "acoustic_entropy_side": 6.961583137512207,
          "hz": 1409.4668930556702
        },
        {
          "acoustic_entropy": 6.910879135131836,
          "acoustic_entropy_side": 6.961787700653076,
          "hz": 1596.2787759475705
        },
        {
          "acoustic_entropy": 6.864875316619873,
          "acoustic_entropy_side": 6.9625244140625,
          "hz": 1799.6344973346393
        },
        {
          "acoustic_entropy": 6.953812599182129,
          "acoustic_entropy_side": 6.962506294250488,
          "hz": 2020.9991599069049
        },
        {
          "acoustic_entropy": 6.811588287353516,
          "acoustic_entropy_side": 6.962137699127197,
          "hz": 2261.9676141086993
        },
        {
          "acoustic_entropy": 6.87280797958374,
          "acoustic_entropy_side": 6.961544036865234,
          "hz": 2524.2759484456974
        },
        {
          "acoustic_entropy": 6.9452009201049805,
          "acoustic_entropy_side": 6.961308002471924,
          "hz": 2809.813997359896
        },
        {
          "acoustic_entropy": 6.937632083892822,
          "acoustic_entropy_side": 6.960909366607666,
          "hz": 3120.6389567871424
        },
        {
          "acoustic_entropy": 6.959310531616211,
          "acoustic_entropy_side": 6.960791110992432,
          "hz": 3458.990205492291
        },
        {
          "acoustic_entropy": 6.973862171173096,
          "acoustic_entropy_side": 6.960826873779297,
          "hz": 3827.305438964164
        },
        {
          "acoustic_entropy": 6.9587860107421875,
          "acoustic_entropy_side": 6.960869789123535,
          "hz": 4228.238232109126
        },
        {
          "acoustic_entropy": 6.619020462036133,
          "acoustic_entropy_side": 6.958290100097656,
          "hz": 4664.6771572759235
        },
        {
          "acoustic_entropy": 6.973702907562256,
          "acoustic_entropy_side": 6.9572272300720215,
          "hz": 5139.766595350093
        },
        {
          "acoustic_entropy": 6.951934337615967,
          "acoustic_entropy_side": 6.960592269897461,
          "hz": 5656.929389854203
        },
        {
          "acoustic_entropy": 6.953493595123291,
          "acoustic_entropy_side": 6.960752010345459,
          "hz": 6219.891507268283
        },
        {
          "acoustic_entropy": 6.958959579467773,
          "acoustic_entropy_side": 6.960753917694092,
          "hz": 6832.70888123896
        },
        {
          "acoustic_entropy": 6.966946125030518,
          "acoustic_entropy_side": 6.960754871368408,
          "hz": 7499.796634079867
        },
        {
          "acoustic_entropy": 6.96060037612915,
          "acoustic_entropy_side": 6.960755348205566,
          "hz": 8225.96088609342
        },
        {
          "acoustic_entropy": 6.960400581359863,
          "acoustic_entropy_side": 6.96075439453125,
          "hz": 9016.43338188839
        },
        {
          "acoustic_entropy": 6.958702087402344,
          "acoustic_entropy_side": 6.960755348205566,
          "hz": 9876.909183162974
        },
        {
          "acoustic_entropy": 6.971826076507568,
          "acoustic_entropy_side": 6.960755348205566,
          "hz": 10813.587699516042
        },
        {
          "acoustic_entropy": 6.970371246337891,
          "acoustic_entropy_side": 6.960755825042725,
          "hz": 11833.21735289826
        },
        {
          "acoustic_entropy": 6.960826396942139,
          "acoustic_entropy_side": 6.960755825042725,
          "hz": 12943.144197493959
        },
        {
          "acoustic_entropy": 6.965475559234619,
          "acoustic_entropy_side": 6.960756301879883,
          "hz": 14151.364845322005
        },
        {
          "acoustic_entropy": 6.960119247436523,
          "acoustic_entropy_side": 6.960755348205566,
          "hz": 15466.58407886509
        },
        {
          "acoustic_entropy": 6.960487365722656,
          "acoustic_entropy_side": 6.960755348205566,
          "hz": 16898.27756580493
        },
        {
          "acoustic_entropy": 6.9606194496154785,
          "acoustic_entropy_side": 6.960755348205566,
          "hz": 18456.760127700032
        },
        {
          "acoustic_entropy": 6.960738658905029,
          "acoustic_entropy_side": 6.960755348205566,
          "hz": 20153.260054456492
        },
        {
          "acoustic_entropy": 6.960754871368408,
          "acoustic_entropy_side": 6.960755348205566,
          "hz": 22000.00000000001
        }
      ],
      "diff_acoustic_entropy": 3.7277486324310303,
      "sn": 12
    },
    {
      "acoustic_entropy": 10.87430191040039,
      "acoustic_entropy_mono": 9.225505828857422,
      "band_eliminated_acoustic_entropies": [
        {
          "acoustic_entropy": 11.220746994018555,
          "acoustic_entropy_side": 11.22903823852539,
          "hz": 129.47220167065723
        },
        {
          "acoustic_entropy": 10.352151870727539,
          "acoustic_entropy_side": 10.426980972290039,
          "hz": 202.92927478742237
        },
        {
          "acoustic_entropy": 11.244956970214844,
          "acoustic_entropy_side": 10.805245399475098,
          "hz": 282.89161906338205
        },
        {
          "acoustic_entropy": 11.550485610961914,
          "acoustic_entropy_side": 11.103920936584473,
          "hz": 369.9353335868758
        },
        {
          "acoustic_entropy": 10.804118156433105,
          "acoustic_entropy_side": 10.981249809265137,
          "hz": 464.6875360973435
        },
        {
          "acoustic_entropy": 10.977679252624512,
          "acoustic_entropy_side": 10.881710052490234,
          "hz": 567.8308811364784
        },
        {
          "acoustic_entropy": 10.840542793273926,
          "acoustic_entropy_side": 11.114363670349121,
          "hz": 680.1084783214808
        },
        {
          "acoustic_entropy": 11.160752296447754,
          "acoustic_entropy_side": 10.848501205444336,
          "hz": 802.3292461747484
        },
        {
          "acoustic_entropy": 10.868468284606934,
          "acoustic_entropy_side": 10.889514923095703,
          "hz": 935.3737400823702
        },
        {
          "acoustic_entropy": 10.506776809692383,
          "acoustic_entropy_side": 10.751201629638672,
          "hz": 1080.2004963696966
        },
        {
          "acoustic_entropy": 11.084234237670898,
          "acoustic_entropy_side": 10.835229873657227,
          "hz": 1237.8529382007157
        },
        {
          "acoustic_entropy": 10.853470802307129,
          "acoustic_entropy_side": 10.846723556518555,
          "hz": 1409.4668930556702
        },
        {
          "acoustic_entropy": 11.26463794708252,
          "acoustic_entropy_side": 10.837221145629883,
          "hz": 1596.2787759475705
        },
        {
          "acoustic_entropy": 10.828115463256836,
          "acoustic_entropy_side": 10.816855430603027,
          "hz": 1799.6344973346393
        },
        {
          "acoustic_entropy": 11.009648323059082,
          "acoustic_entropy_side": 10.909886360168457,
          "hz": 2020.9991599069049
        },
        {
          "acoustic_entropy": 11.079893112182617,
          "acoustic_entropy_side": 10.852226257324219,
          "hz": 2261.9676141086993
        },
        {
          "acoustic_entropy": 11.202170372009277,
          "acoustic_entropy_side": 10.862051010131836,
          "hz": 2524.2759484456974
        },
        {
          "acoustic_entropy": 11.138299942016602,
          "acoustic_entropy_side": 10.87710189819336,
