{
  "acoustic_entropy": 108.88851165771484,
  "bands": [
    {
      "high_freq": 148.1999969482422,
      "loudness": -49.62888717651367,
      "loudness_range": 29.998916625976562,
      "mid_mean": -45.84682846069336,
      "mid_to_side_loudness": -39.3740234375,
      "mid_to_side_loudness_range": 14.001213073730469,
      "side_mean": -68.860595703125
    },
    {
      "high_freq": 392.3793640136719,
      "loudness": -40.244163513183594,
      "loudness_range": 32.20294189453125,
      "low_freq": 148.1999969482422,
      "mid_mean": -36.607566833496094,
      "mid_to_side_loudness": -39.18991470336914,
      "mid_to_side_loudness_range": 17.15180206298828,
      "side_mean": -66.8315200805664
    },
    {
      "high_freq": 794.6976318359375,
      "loudness": -44.832305908203125,
      "loudness_range": 30.654674530029297,
      "low_freq": 392.3793640136719,
      "mid_mean": -41.22559356689453,
      "mid_to_side_loudness": -38.9644775390625,
      "mid_to_side_loudness_range": 19.837751388549805,
      "side_mean": -67.92713165283203
    },
    {
      "high_freq": 1457.5709228515625,
      "loudness": -50.79692459106445,
      "loudness_range": 29.674476623535156,
      "low_freq": 794.6976318359375,
      "mid_mean": -47.83100891113281,
      "mid_to_side_loudness": -39.26772689819336,
      "mid_to_side_loudness_range": 19.36933135986328,
      "side_mean": -69.27072143554688
    },
    {
      "high_freq": 2549.74365234375,
      "loudness": -47.884521484375,
      "loudness_range": 27.644004821777344,
      "low_freq": 1457.5709228515625,
      "mid_mean": -44.478153228759766,
      "mid_to_side_loudness": -39.37390899658203,
      "mid_to_side_loudness_range": 19.05527687072754,
      "side_mean": -69.16943359375
    },
    {
      "high_freq": 4349.24462890625,
      "loudness": -49.69026565551758,
      "loudness_range": 28.03310775756836,
      "low_freq": 2549.74365234375,
      "mid_mean": -47.07611083984375,
      "mid_to_side_loudness": -39.26405334472656,
      "mid_to_side_loudness_range": 18.14958953857422,
      "side_mean": -69.22298431396484
    },
    {
      "high_freq": 7314.1640625,
      "loudness": -64.15907287597656,
      "loudness_range": 33.210548400878906,
      "low_freq": 4349.24462890625,
      "mid_mean": -59.166690826416016,
      "mid_to_side_loudness": -40.76992416381836,
      "mid_to_side_loudness_range": 20.822998046875,
      "side_mean": -69.77879333496094
    },
    {
      "high_freq": 12199.2666015625,
      "loudness": -75.16631317138672,
      "loudness_range": 21.652969360351562,
      "low_freq": 7314.1640625,
      "mid_mean": -66.91986846923828,
      "mid_to_side_loudness": -29.062389373779297,
      "mid_to_side_loudness_range": 22.754884719848633,
      "side_mean": -69.98841857910156
    },
    {
      "loudness": -75.74723815917969,
      "loudness_range": 8.397796630859375,
      "low_freq": 12199.2666015625,
      "mid_mean": -67.71676635742188,
      "mid_to_side_loudness": -18.749757766723633,
      "mid_to_side_loudness_range": 15.738636016845703,
      "side_mean": -69.95604705810547
    }
  ],
  "bands_short": [
    {
      "high_freq": 148.1999969482422,
      "loudness": -56.542842864990234,
      "loudness_range": 27.905433654785156,
      "mid_mean": -52.61745834350586,
      "mid_to_side_loudness": -39.143524169921875,
      "mid_to_side_loudness_range": 14.30925178527832,
      "side_mean": -69.42481231689453
    },
    {
      "high_freq": 392.3793640136719,
      "loudness": -42.8825798034668,
      "loudness_range": 36.365516662597656,
      "low_freq": 148.1999969482422,
      "mid_mean": -39.2762336730957,
      "mid_to_side_loudness": -39.019508361816406,
      "mid_to_side_loudness_range": 17.116256713867188,
      "side_mean": -67.15672302246094
    },
    {
      "high_freq": 794.6976318359375,
      "loudness": -46.90485382080078,
      "loudness_range": 34.02539825439453,
      "low_freq": 392.3793640136719,
      "mid_mean": -43.36652755737305,
      "mid_to_side_loudness": -38.68622970581055,
      "mid_to_side_loudness_range": 20.12983512878418,
      "side_mean": -68.00484466552734
    },
    {
      "high_freq": 1457.5709228515625,
      "loudness": -53.29718017578125,
      "loudness_range": 31.264972686767578,
      "low_freq": 794.6976318359375,
      "mid_mean": -50.746883392333984,
      "mid_to_side_loudness": -38.928138732910156,
      "mid_to_side_loudness_range": 19.66388702392578,
      "side_mean": -69.34712219238281
    },
    {
      "high_freq": 2549.74365234375,
      "loudness": -50.58503723144531,
      "loudness_range": 30.445457458496094,
      "low_freq": 1457.5709228515625,
      "mid_mean": -48.25108337402344,
      "mid_to_side_loudness": -38.84051513671875,
      "mid_to_side_loudness_range": 19.42400360107422,
      "side_mean": -69.2668228149414
    },
    {
      "high_freq": 4349.24462890625,
      "loudness": -51.58855438232422,
      "loudness_range": 30.19964599609375,
      "low_freq": 2549.74365234375,
      "mid_mean": -49.3966178894043,
      "mid_to_side_loudness": -38.8546257019043,
      "mid_to_side_loudness_range": 18.30643653869629,
      "side_mean": -69.26933288574219
    },
    {
      "high_freq": 7314.1640625,
      "loudness": -65.89098358154297,
      "loudness_range": 32.9299430847168,
      "low_freq": 4349.24462890625,
      "mid_mean": -60.567474365234375,
      "mid_to_side_loudness": -38.700828552246094,
      "mid_to_side_loudness_range": 20.51701545715332,
      "side_mean": -69.78466033935547
    },
    {
      "high_freq": 12199.2666015625,
      "loudness": -75.45121765136719,
      "loudness_range": 19.306236267089844,
      "low_freq": 7314.1640625,
      "mid_mean": -67.32962799072266,
      "mid_to_side_loudness": -26.16496467590332,
      "mid_to_side_loudness_range": 18.379302978515625,
      "side_mean": -69.98849487304688
    },
    {
      "loudness": -75.87785339355469,
      "loudness_range": 8.165435791015625,
      "low_freq": 12199.2666015625,
      "mid_mean": -67.76580047607422,
      "mid_to_side_loudness": -18.65719223022461,
      "mid_to_side_loudness_range": 17.29006576538086,
      "side_mean": -69.95592498779297
    }
  ],
  "bandwidth": 481.212646484375,
  "channels": 2,
  "covariance": [
    [
      98.52340698242188,
      19.583120346069336,
      88.88007354736328,
      35.826210021972656,
      73.79463195800781,
      23.432294845581055,
      56.460304260253906,
      8.415606498718262,
      34.80445098876953,
      7.137818813323975,
      49.45460510253906,
      9.005378723144531,
      47.92501449584961,
      3.1298859119415283,
      16.98847198486328,
      0.06239127367734909,
      5.719761371612549,
      -0.09129659086465836
    ],
    [
      19.583120346069336,
      9.829777717590332,
      16.025732040405273,
      13.916376113891602,
      13.966509819030762,
      11.18608570098877,
      9.294833183288574,
      4.436539173126221,
      6.066647052764893,
      4.010387420654297,
      9.88315486907959,
      5.018843173980713,
      11.270617485046387,
      1.8381984233856201,
      5.203487396240234,
      0.0384831540286541,
      1.2884570360183716,
      -0.01372645515948534
    ],
    [
      88.88007354736328,
      16.025732040405273,
      126.1650390625,
      45.25794219970703,
      99.57830810546875,
      25.08709144592285,
      77.42771911621094,
      9.576220512390137,
      48.78779220581055,
      6.398900985717773,
      63.106781005859375,
      8.859116554260254,
      56.36677932739258,
      2.452998399734497,
      22.47966766357422,
      0.037409458309412,
      8.151373863220215,
      -0.13416211307048798
    ],
    [
      35.826210021972656,
      13.916376113891602,
      45.25794219970703,
      29.18238639831543,
      38.25220489501953,
      20.031936645507812,
      28.411388397216797,
      8.000364303588867,
      16.31688117980957,
      6.2621893882751465,
      23.839256286621094,
      7.705695629119873,
      23.998720169067383,
      2.50580096244812,
      10.804576873779297,
      0.05107523873448372,
      3.1537883281707764,
      -0.03714808076620102
    ],
    [
      73.79463195800781,
      13.966509819030762,
      99.57830810546875,
      38.25220489501953,
      108.07343292236328,
      27.49818992614746,
      74.92755126953125,
      8.974348068237305,
      41.50788116455078,
      6.011903762817383,
      52.40388870239258,
      7.761220455169678,
      49.12835693359375,
      2.2227139472961426,
      20.655494689941406,
      0.041516441851854324,
      7.398711204528809,
      -0.10895299911499023
    ],
    [
      23.432294845581055,
      11.18608570098877,
      25.08709144592285,
      20.031936645507812,
      27.49818992614746,
      18.070384979248047,
      16.996353149414062,
      6.271299362182617,
      9.295104026794434,
      5.029872894287109,
      13.312098503112793,
      5.939166069030762,
      15.501264572143555,
      1.9979904890060425,
      7.414576530456543,
      0.043287865817546844,
      1.9939868450164795,
      -0.018590547144412994
    ],
    [
      56.460304260253906,
      9.294833183288574,
      77.42771911621094,
      28.411388397216797,
      74.92755126953125,
      16.996353149414062,
      104.04908752441406,
      9.987481117248535,
      65.19792175292969,
      7.536408424377441,
      71.80714416503906,
      7.15727424621582,
      49.99397659301758,
      1.7335094213485718,
      19.378726959228516,
      0.02579306811094284,
      7.192688465118408,
      -0.11439459770917892
    ],
    [
      8.415606498718262,
      4.436539173126221,
      9.576220512390137,
      8.000364303588867,
      8.974348068237305,
      6.271299362182617,
      9.987481117248535,
      3.855722427368164,
      5.603418827056885,
      2.6001527309417725,
      7.10341739654541,
      2.8981378078460693,
      6.9961161613464355,
      0.9721676111221313,
      3.302661895751953,
      0.020715052261948586,
      0.8968100547790527,
      -0.009634946472942829
    ],
    [
      34.80445098876953,
      6.066647052764893,
      48.78779220581055,
      16.31688117980957,
      41.50788116455078,
      9.295104026794434,
      65.19792175292969,
      5.603418827056885,
      89.60531616210938,
      9.809562683105469,
      75.94044494628906,
      8.061970710754395,
      53.17045593261719,
      2.452442169189453,
      23.035390853881836,
      0.06461881101131439,
      8.178938865661621,
      -0.11417646706104279
    ],
    [
      7.137818813323975,
      4.010387420654297,
      6.398900985717773,
      6.2621893882751465,
      6.011903762817383,
      5.029872894287109,
      7.536408424377441,
      2.6001527309417725,
      9.809562683105469,
      3.6668384075164795,
      9.925944328308105,
      3.396953582763672,
      9.202249526977539,
      1.244025468826294,
      4.754822254180908,
      0.032613493502140045,
      1.267746925354004,
      -0.010695635341107845
    ],
    [
      49.45460510253906,
      9.88315486907959,
      63.106781005859375,
      23.839256286621094,
      52.40388870239258,
      13.312098503112793,
      71.80714416503906,
      7.10341739654541,
      75.94044494628906,
      9.925944328308105,
      99.0335693359375,
      11.903861045837402,
      71.41252136230469,
      3.6594913005828857,
      30.437040328979492,
      0.10170912742614746,
      9.680170059204102,
      -0.11650210618972778
    ],
    [
      9.005378723144531,
      5.018843173980713,
      8.859116554260254,
      7.705695629119873,
      7.761220455169678,
      5.939166069030762,
      7.15727424621582,
      2.8981378078460693,
      8.061970710754395,
      3.396953582763672,
      11.903861045837402,
      4.737265110015869,
      12.344599723815918,
      1.6839665174484253,
      6.947035312652588,
      0.04607145115733147,
      1.7906979322433472,
      -0.011952594853937626
    ],
    [
      47.92501449584961,
      11.270617485046387,
      56.36677932739258,
      23.998720169067383,
      49.12835693359375,
      15.501264572143555,
      49.99397659301758,
      6.9961161613464355,
      53.17045593261719,
      9.202249526977539,
      71.41252136230469,
      12.344599723815918,
      76.69915771484375,
      5.0385613441467285,
      33.14546203613281,
      0.15910178422927856,
      9.577868461608887,
      -0.0830002948641777
    ],
    [
      3.1298859119415283,
      1.8381984233856201,
      2.452998399734497,
      2.50580096244812,
      2.2227139472961426,
      1.9979904890060425,
      1.7335094213485718,
      0.9721676111221313,
      2.452442169189453,
      1.244025468826294,
      3.6594913005828857,
      1.6839665174484253,
      5.0385613441467285,
      0.9565445780754089,
      2.846451759338379,
      0.032350197434425354,
      0.7839840650558472,
      -0.0036468973848968744
    ],
    [
      16.98847198486328,
      5.203487396240234,
      22.47966766357422,
      10.804576873779297,
      20.655494689941406,
      7.414576530456543,
      19.378726959228516,
      3.302661895751953,
      23.035390853881836,
      4.754822254180908,
      30.437040328979492,
      6.947035312652588,
      33.14546203613281,
      2.846451759338379,
      19.833385467529297,
      0.1004842072725296,
      5.654494762420654,
      -0.037776242941617966
    ],
    [
      0.06239127367734909,
      0.0384831540286541,
      0.037409458309412,
      0.05107523873448372,
      0.041516441851854324,
      0.043287865817546844,
      0.02579306811094284,
      0.020715052261948586,
      0.06461881101131439,
      0.032613493502140045,
      0.10170912742614746,
      0.04607145115733147,
      0.15910178422927856,
      0.032350197434425354,
      0.1004842072725296,
      0.0015365778235718608,
      0.02834298089146614,
      3.077067594858818e-05
    ],
    [
      5.719761371612549,
      1.2884570360183716,
      8.151373863220215,
      3.1537883281707764,
      7.398711204528809,
      1.9939868450164795,
      7.192688465118408,
      0.8968100547790527,
      8.178938865661621,
      1.267746925354004,
      9.680170059204102,
      1.7906979322433472,
      9.577868461608887,
      0.7839840650558472,
      5.654494762420654,
      0.02834298089146614,
      1.9963679313659668,
      -0.01940080150961876
    ],
    [
      -0.09129659086465836,
      -0.01372645515948534,
      -0.13416211307048798,
      -0.03714808076620102,
      -0.10895299911499023,
      -0.018590547144412994,
      -0.11439459770917892,
      -0.009634946472942829,
      -0.11417646706104279,
      -0.010695635341107845,
      -0.11650210618972778,
      -0.011952594853937626,
      -0.0830002948641777,
      -0.0036468973848968744,
      -0.037776242941617966,
      3.077067594858818e-05,
      -0.01940080150961876,
      0.0005875782226212323
    ]
  ],
  "covariance_short": [
    [
      79.71178436279297,
      12.584954261779785,
      72.89382934570312,
      31.31549072265625,
      61.338134765625,
      22.198732376098633,
      47.651546478271484,
      8.179448127746582,
      36.30597686767578,
      7.406084060668945,
      40.83359146118164,
      9.552545547485352,
      34.941497802734375,
      3.573045492172241,
      12.363404273986816,
      0.08624424785375595,
      4.218722343444824,
      -0.053968723863363266
    ],
    [
      12.584954261779785,
      5.196662425994873,
      10.624717712402344,
      8.9310941696167,
      8.968613624572754,
      7.032923698425293,
      6.64273738861084,
      2.992133140563965,
      5.30289888381958,
      2.8498122692108154,
      7.149701118469238,
      3.7355520725250244,
      7.849501132965088,
      1.4272407293319702,
      3.408367395401001,
      0.032315172255039215,
      0.8544067144393921,
      -0.009878880344331264
    ],
    [
      72.89382934570312,
      10.624717712402344,
      144.95199584960938,
      49.003273010253906,
      114.24974822998047,
      29.658279418945312,
      88.69925689697266,
      10.506294250488281,
      69.74156951904297,
      7.911527633666992,
      76.10527038574219,
      10.020162582397461,
      55.54621505737305,
      2.8871569633483887,
      19.764522552490234,
      0.055631689727306366,
      8.349109649658203,
      -0.125586599111557
    ],
    [
      31.31549072265625,
      8.9310941696167,
      49.003273010253906,
      29.544275283813477,
      42.13030242919922,
      20.794275283813477,
      29.893041610717773,
      7.716986179351807,
      20.964452743530273,
      6.137613773345947,
      25.034902572631836,
      7.6120219230651855,
      21.755809783935547,
      2.51230788230896,
      8.87552261352539,
      0.05432239919900894,
      3.0114927291870117,
      -0.03488579019904137
    ],
    [
      61.338134765625,
      8.968613624572754,
      114.24974822998047,
      42.13030242919922,
      128.3833465576172,
      32.69784164428711,
      81.54315948486328,
      9.974481582641602,
      54.52744674682617,
      7.43306827545166,
      60.34763717651367,
      8.758654594421387,
      48.960872650146484,
      2.6209893226623535,
      18.51502799987793,
      0.059595443308353424,
      7.777714252471924,
      -0.1002533808350563
    ],
    [
      22.198732376098633,
      7.032923698425293,
      29.658279418945312,
      20.794275283813477,
      32.69784164428711,
      19.259153366088867,
      20.42757225036621,
      6.268646240234375,
      12.791316032409668,
      4.940197944641113,
      15.698562622070312,
      5.851045608520508,
      15.229483604431152,
      1.9816879034042358,
      6.429543495178223,
      0.045329175889492035,
      2.015474796295166,
      -0.018938593566417694
    ],
    [
      47.651546478271484,
      6.64273738861084,
      88.69925689697266,
      29.893041610717773,
      81.54315948486328,
      20.42757225036621,
      113.46670532226562,
      10.79085922241211,
      87.56206512451172,
      8.271018028259277,
      84.78224182128906,
      8.288579940795898,
      52.842742919921875,
      2.2035794258117676,
      17.94133949279785,
      0.048894088715314865,
      7.342694282531738,
      -0.09372412413358688
    ],
    [
      8.179448127746582,
      2.992133140563965,
      10.506294250488281,
      7.716986179351807,
      9.974481582641602,
      6.268646240234375,
      10.79085922241211,
      3.9926223754882812,
      6.869559288024902,
      2.46400785446167,
      7.762480735778809,
      2.865771532058716,
      7.051360607147217,
      0.9613444805145264,
      2.985013723373413,
      0.021976929157972336,
      0.8858115077018738,
      -0.009067290462553501
    ],
    [
      36.30597686767578,
      5.30289888381958,
      69.74156951904297,
      20.964452743530273,
      54.52744674682617,
      12.791316032409668,
      87.56206512451172,
      6.869559288024902,
      118.32695770263672,
      11.16862678527832,
      101.49040222167969,
      9.532588958740234,
      62.6456413269043,
      2.937230110168457,
      22.6774845123291,
      0.08512316644191742,
      8.715951919555664,
      -0.11066802591085434
    ],
    [
      7.406084060668945,
      2.8498122692108154,
      7.911527633666992,
      6.137613773345947,
      7.43306827545166,
      4.940197944641113,
      8.271018028259277,
      2.46400785446167,
      11.16862678527832,
      3.6658291816711426,
      10.502328872680664,
      3.321685791015625,
      9.320535659790039,
      1.2081323862075806,
      4.315279006958008,
      0.03325413540005684,
      1.2342923879623413,
      -0.01035153679549694
    ],
    [
      40.83359146118164,
      7.149701118469238,
      76.10527038574219,
      25.034902572631836,
      60.34763717651367,
      15.698562622070312,
      84.78224182128906,
      7.762480735778809,
      101.49040222167969,
      10.502328872680664,
      114.74320983886719,
      12.758365631103516,
      74.44367218017578,
      3.9428634643554688,
      27.72968101501465,
      0.12111184746026993,
      9.730077743530273,
      -0.11124525219202042
    ],
    [
      9.552545547485352,
      3.7355520725250244,
      10.020162582397461,
      7.6120219230651855,
      8.758654594421387,
      5.851045608520508,
      8.288579940795898,
      2.865771532058716,
      9.532588958740234,
      3.321685791015625,
      12.758365631103516,
      4.842700958251953,
      12.442841529846191,
      1.6881855726242065,
      6.273875713348389,
      0.04961608350276947,
      1.7180348634719849,
      -0.011957762762904167
    ],
    [
      34.941497802734375,
      7.849501132965088,
      55.54621505737305,
      21.755809783935547,
      48.960872650146484,
      15.229483604431152,
      52.842742919921875,
      7.051360607147217,
      62.6456413269043,
      9.320535659790039,
      74.44367218017578,
      12.442841529846191,
      74.04402923583984,
      5.1854753494262695,
      29.162487030029297,
      0.1776735633611679,
      9.093491554260254,
      -0.07448187470436096
    ],
    [
      3.573045492172241,
      1.4272407293319702,
      2.8871569633483887,
      2.51230788230896,
      2.6209893226623535,
      1.9816879034042358,
      2.2035794258117676,
      0.9613444805145264,
      2.937230110168457,
      1.2081323862075806,
      3.9428634643554688,
      1.6881855726242065,
      5.1854753494262695,
      0.9914242625236511,
      2.7062301635742188,
      0.03512084484100342,
      0.7651686668395996,
      -0.0033562842290848494
    ],
    [
      12.363404273986816,
      3.408367395401001,
      19.764522552490234,
      8.87552261352539,
      18.51502799987793,
      6.429543495178223,
      17.94133949279785,
      2.985013723373413,
      22.6774845123291,
      4.315279006958008,
      27.72968101501465,
      6.273875713348389,
      29.162487030029297,
      2.7062301635742188,
      16.904354095458984,
      0.11235369741916656,
      5.182104110717773,
      -0.03224882110953331
    ],
    [
      0.08624424785375595,
      0.032315172255039215,
      0.055631689727306366,
      0.05432239919900894,
      0.059595443308353424,
      0.045329175889492035,
      0.048894088715314865,
      0.021976929157972336,
      0.08512316644191742,
      0.03325413540005684,
      0.12111184746026993,
      0.04961608350276947,
      0.1776735633611679,
      0.03512084484100342,
      0.11235369741916656,
      0.00227097375318408,
      0.031883757561445236,
      6.102451152401045e-05
    ],
    [
      4.218722343444824,
      0.8544067144393921,
      8.349109649658203,
      3.0114927291870117,
      7.777714252471924,
      2.015474796295166,
      7.342694282531738,
      0.8858115077018738,
      8.715951919555664,
      1.2342923879623413,
      9.730077743530273,
      1.7180348634719849,
      9.093491554260254,
      0.7651686668395996,
      5.182104110717773,
      0.031883757561445236,
      2.085975408554077,
      -0.01876489818096161
    ],
    [
      -0.053968723863363266,
      -0.009878880344331264,
      -0.125586599111557,
      -0.03488579019904137,
      -0.1002533808350563,
      -0.018938593566417694,
      -0.09372412413358688,
      -0.009067290462553501,
      -0.11066802591085434,
      -0.01035153679549694,
      -0.11124525219202042,
      -0.011957762762904167,
      -0.07448187470436096,
      -0.0033562842290848494,
      -0.03224882110953331,
      6.102451152401045e-05,
      -0.01876489818096161,
      0.0008371290168724954
    ]
  ],
  "damage": -16.62198257446289,
  "diff_bandwidth": 495.41632080078125,
  "dissonance": 7.8973390586975984,
  "drr": 10.993378639221191,
  "dynamics": 8.56460189819336,
  "format": 1245190,
  "frames": 12101568,
  "loudness": -29.86717987060547,
  "loudness_range": 27.402076721191406,
  "loudness_range_short": 31.302989959716797,
  "lowpass_true_peak_15khz": -4.203939914703369,
  "mastering3_acoustic_entropies": [
    {
      "acoustic_entropy": 6.791862964630127,
      "acoustic_entropy_mono": 6.791463375091553,
      "band_eliminated_acoustic_entropies": [
        {
          "acoustic_entropy": 6.762320518493652,
          "acoustic_entropy_side": 6.791862487792969,
          "hz": 129.47220167065723
        },
        {
          "acoustic_entropy": 6.8010334968566895,
          "acoustic_entropy_side": 6.791827201843262,
          "hz": 202.92927478742237
        },
        {
          "acoustic_entropy": 6.7260966300964355,
          "acoustic_entropy_side": 6.791656970977783,
          "hz": 282.89161906338205
        },
        {
          "acoustic_entropy": 7.067074775695801,
          "acoustic_entropy_side": 6.791630744934082,
          "hz": 369.9353335868758
        },
        {
          "acoustic_entropy": 6.581733226776123,
          "acoustic_entropy_side": 6.791873455047607,
          "hz": 464.6875360973435
        },
        {
          "acoustic_entropy": 6.966154098510742,
          "acoustic_entropy_side": 6.791993141174316,
          "hz": 567.8308811364784
        },
        {
          "acoustic_entropy": 6.6288533210754395,
          "acoustic_entropy_side": 6.791750907897949,
          "hz": 680.1084783214808
        },
        {
          "acoustic_entropy": 6.796329975128174,
          "acoustic_entropy_side": 6.7918596267700195,
          "hz": 802.3292461747484
        },
        {
          "acoustic_entropy": 6.550117492675781,
          "acoustic_entropy_side": 6.791862487792969,
          "hz": 935.3737400823702
        },
        {
          "acoustic_entropy": 6.561349391937256,
          "acoustic_entropy_side": 6.791862964630127,
          "hz": 1080.2004963696966
        },
        {
          "acoustic_entropy": 6.690018653869629,
          "acoustic_entropy_side": 6.791863441467285,
          "hz": 1237.8529382007157
        },
        {
          "acoustic_entropy": 6.885501384735107,
          "acoustic_entropy_side": 6.791862487792969,
          "hz": 1409.4668930556702
        },
        {
          "acoustic_entropy": 6.68979024887085,
          "acoustic_entropy_side": 6.791861534118652,
          "hz": 1596.2787759475705
        },
        {
          "acoustic_entropy": 6.507333755493164,
          "acoustic_entropy_side": 6.791861057281494,
          "hz": 1799.6344973346393
        },
        {
          "acoustic_entropy": 6.915185928344727,
          "acoustic_entropy_side": 6.791862487792969,
          "hz": 2020.9991599069049
        },
        {
          "acoustic_entropy": 6.765136241912842,
          "acoustic_entropy_side": 6.791862964630127,
          "hz": 2261.9676141086993
        },
        {
          "acoustic_entropy": 6.719482421875,
          "acoustic_entropy_side": 6.791862487792969,
          "hz": 2524.2759484456974
        },
        {
          "acoustic_entropy": 6.54831075668335,
          "acoustic_entropy_side": 6.791861057281494,
          "hz": 2809.813997359896
        },
        {
          "acoustic_entropy": 5.755133152008057,
          "acoustic_entropy_side": 6.791855812072754,
          "hz": 3120.6389567871424
        },
        {
          "acoustic_entropy": 6.555403232574463,
          "acoustic_entropy_side": 6.791844844818115,
          "hz": 3458.990205492291
        },
        {
          "acoustic_entropy": 6.700716495513916,
          "acoustic_entropy_side": 6.79185676574707,
          "hz": 3827.305438964164
        },
        {
          "acoustic_entropy": 6.557190418243408,
          "acoustic_entropy_side": 6.791859149932861,
          "hz": 4228.238232109126
        },
        {
          "acoustic_entropy": 6.577423572540283,
          "acoustic_entropy_side": 6.7918620109558105,
          "hz": 4664.6771572759235
        },
        {
          "acoustic_entropy": 6.613720417022705,
          "acoustic_entropy_side": 6.791862487792969,
          "hz": 5139.766595350093
        },
        {
          "acoustic_entropy": 6.808140754699707,
          "acoustic_entropy_side": 6.7918620109558105,
          "hz": 5656.929389854203
        },
        {
          "acoustic_entropy": 6.781801223754883,
          "acoustic_entropy_side": 6.791862964630127,
          "hz": 6219.891507268283
        },
        {
          "acoustic_entropy": 6.7547173500061035,
          "acoustic_entropy_side": 6.791862487792969,
          "hz": 6832.70888123896
        },
        {
          "acoustic_entropy": 6.7800984382629395,
          "acoustic_entropy_side": 6.791862487792969,
          "hz": 7499.796634079867
        },
        {
          "acoustic_entropy": 6.794642448425293,
          "acoustic_entropy_side": 6.791862964630127,
          "hz": 8225.96088609342
        },
        {
          "acoustic_entropy": 6.78960657119751,
          "acoustic_entropy_side": 6.791862964630127,
          "hz": 9016.43338188839
        },
        {
          "acoustic_entropy": 6.790965557098389,
          "acoustic_entropy_side": 6.791862964630127,
          "hz": 9876.909183162974
        },
        {
          "acoustic_entropy": 6.791810989379883,
          "acoustic_entropy_side": 6.791862964630127,
          "hz": 10813.587699516042
        },
        {
          "acoustic_entropy": 6.791842460632324,
          "acoustic_entropy_side": 6.791862964630127,
          "hz": 11833.21735289826
        },
        {
          "acoustic_entropy": 6.791844844818115,
          "acoustic_entropy_side": 6.791862964630127,
          "hz": 12943.144197493959
        },
        {
          "acoustic_entropy": 6.791855335235596,
          "acoustic_entropy_side": 6.791862964630127,
          "hz": 14151.364845322005
        },
        {
          "acoustic_entropy": 6.7918596267700195,
          "acoustic_entropy_side": 6.791862964630127,
          "hz": 15466.58407886509
        },
        {
          "acoustic_entropy": 6.791862487792969,
          "acoustic_entropy_side": 6.791862964630127,
          "hz": 16898.27756580493
        },
        {
          "acoustic_entropy": 6.791862964630127,
          "acoustic_entropy_side": 6.791862964630127,
          "hz": 18456.760127700032
        },
        {
          "acoustic_entropy": 6.791862964630127,
          "acoustic_entropy_side": 6.791862964630127,
          "hz": 20153.260054456492
        },
        {
          "acoustic_entropy": 6.791862964630127,
          "acoustic_entropy_side": 6.791862964630127,
          "hz": 22000.00000000001
        }
      ],
      "diff_acoustic_entropy": 4.260189056396484,
      "sn": 6
    },
    {
      "acoustic_entropy": 9.465197563171387,
      "acoustic_entropy_mono": 9.467693328857422,
      "band_eliminated_acoustic_entropies": [
        {
          "acoustic_entropy": 9.473382949829102,
          "acoustic_entropy_side": 9.465198516845703,
          "hz": 129.47220167065723
        },
        {
          "acoustic_entropy": 9.543951034545898,
          "acoustic_entropy_side": 9.465214729309082,
          "hz": 202.92927478742237
        },
        {
          "acoustic_entropy": 9.344361305236816,
          "acoustic_entropy_side": 9.465702056884766,
          "hz": 282.89161906338205
        },
        {
          "acoustic_entropy": 9.62402057647705,
          "acoustic_entropy_side": 9.466451644897461,
          "hz": 369.9353335868758
        },
        {
          "acoustic_entropy": 9.673690795898438,
          "acoustic_entropy_side": 9.466680526733398,
          "hz": 464.6875360973435
        },
        {
          "acoustic_entropy": 9.498684883117676,
          "acoustic_entropy_side": 9.46806526184082,
          "hz": 567.8308811364784
        },
        {
          "acoustic_entropy": 9.47033405303955,
          "acoustic_entropy_side": 9.46532154083252,
          "hz": 680.1084783214808
        },
        {
          "acoustic_entropy": 9.657766342163086,
          "acoustic_entropy_side": 9.46527099609375,
          "hz": 802.3292461747484
        },
        {
          "acoustic_entropy": 9.050941467285156,
          "acoustic_entropy_side": 9.46521282196045,
          "hz": 935.3737400823702
        },
        {
          "acoustic_entropy": 9.175846099853516,
          "acoustic_entropy_side": 9.465219497680664,
          "hz": 1080.2004963696966
        },
        {
          "acoustic_entropy": 9.375530242919922,
          "acoustic_entropy_side": 9.4651517868042,
          "hz": 1237.8529382007157
        },
        {
          "acoustic_entropy": 9.848333358764648,
          "acoustic_entropy_side": 9.4651517868042,
          "hz": 1409.4668930556702
        },
        {
          "acoustic_entropy": 9.389975547790527,
          "acoustic_entropy_side": 9.465176582336426,
          "hz": 1596.2787759475705
        },
        {
          "acoustic_entropy": 9.272805213928223,
          "acoustic_entropy_side": 9.465179443359375,
          "hz": 1799.6344973346393
        },
        {
          "acoustic_entropy": 9.94384765625,
          "acoustic_entropy_side": 9.465197563171387,
          "hz": 2020.9991599069049
        },
        {
          "acoustic_entropy": 9.448538780212402,
          "acoustic_entropy_side": 9.465210914611816,
          "hz": 2261.9676141086993
        },
        {
          "acoustic_entropy": 9.34083366394043,
          "acoustic_entropy_side": 9.465222358703613,
          "hz": 2524.2759484456974
        },
        {
          "acoustic_entropy": 9.626996994018555,
          "acoustic_entropy_side": 9.465184211730957,
          "hz": 2809.813997359896
        },
        {
          "acoustic_entropy": 8.891791343688965,
          "acoustic_entropy_side": 9.465031623840332,
          "hz": 3120.6389567871424
        },
        {
          "acoustic_entropy": 9.48261547088623,
          "acoustic_entropy_side": 9.464950561523438,
          "hz": 3458.990205492291
        },
        {
          "acoustic_entropy": 9.6224365234375,
          "acoustic_entropy_side": 9.465213775634766,
          "hz": 3827.305438964164
        },
        {
          "acoustic_entropy": 9.057295799255371,
          "acoustic_entropy_side": 9.465219497680664,
          "hz": 4228.238232109126
        },
        {
          "acoustic_entropy": 9.383491516113281,
          "acoustic_entropy_side": 9.4652099609375,
          "hz": 4664.6771572759235
        },
        {
          "acoustic_entropy": 9.529763221740723,
          "acoustic_entropy_side": 9.46519947052002,
          "hz": 5139.766595350093
        },
        {
          "acoustic_entropy": 9.606823921203613,
          "acoustic_entropy_side": 9.46519947052002,
          "hz": 5656.929389854203
        },
        {
          "acoustic_entropy": 9.399967193603516,
          "acoustic_entropy_side": 9.465197563171387,
          "hz": 6219.891507268283
        },
        {
          "acoustic_entropy": 9.542022705078125,
          "acoustic_entropy_side": 9.465198516845703,
          "hz": 6832.70888123896
        },
        {
          "acoustic_entropy": 9.42486572265625,
          "acoustic_entropy_side": 9.465203285217285,
          "hz": 7499.796634079867
        },
        {
          "acoustic_entropy": 9.464410781860352,
          "acoustic_entropy_side": 9.465197563171387,
          "hz": 8225.96088609342
        },
        {
          "acoustic_entropy": 9.477523803710938,
          "acoustic_entropy_side": 9.465197563171387,
          "hz": 9016.43338188839
        },
        {
          "acoustic_entropy": 9.47441577911377,
          "acoustic_entropy_side": 9.465197563171387,
          "hz": 9876.909183162974
        },
        {
          "acoustic_entropy": 9.465535163879395,
          "acoustic_entropy_side": 9.465197563171387,
          "hz": 10813.587699516042
        },
        {
          "acoustic_entropy": 9.465145111083984,
          "acoustic_entropy_side": 9.465197563171387,
          "hz": 11833.21735289826
        },
        {
          "acoustic_entropy": 9.465925216674805,
          "acoustic_entropy_side": 9.465197563171387,
          "hz": 12943.144197493959
        },
        {
          "acoustic_entropy": 9.465398788452148,
          "acoustic_entropy_side": 9.465197563171387,
          "hz": 14151.364845322005
        },
        {
          "acoustic_entropy": 9.465277671813965,
          "acoustic_entropy_side": 9.465197563171387,
          "hz": 15466.58407886509
        },
        {
          "acoustic_entropy": 9.465216636657715,
          "acoustic_entropy_side": 9.465197563171387,
          "hz": 16898.27756580493
        },
        {
          "acoustic_entropy": 9.46519660949707,
          "acoustic_entropy_side": 9.465197563171387,
          "hz": 18456.760127700032
        },
        {
          "acoustic_entropy": 9.465201377868652,
          "acoustic_entropy_side": 9.465197563171387,
          "hz": 20153.260054456492
        },
        {
          "acoustic_entropy": 9.465200424194336,
          "acoustic_entropy_side": 9.465197563171387,
          "hz": 22000.00000000001
        }
      ],
      "diff_acoustic_entropy": 7.067004680633545,
      "sn": 12
    },
    {
      "acoustic_entropy": 14.657498359680176,
      "acoustic_entropy_mono": 14.479851722717285,
      "band_eliminated_acoustic_entropies": [
        {
          "acoustic_entropy": 14.465275764465332,
          "acoustic_entropy_side": 14.657360076904297,
          "hz": 129.47220167065723
        },
        {
          "acoustic_entropy": 15.024879455566406,
          "acoustic_entropy_side": 14.641206741333008,
          "hz": 202.92927478742237
        },
        {
          "acoustic_entropy": 14.662779808044434,
          "acoustic_entropy_side": 14.59056568145752,
          "hz": 282.89161906338205
        },
        {
          "acoustic_entropy": 14.679394721984863,
          "acoustic_entropy_side": 14.575016975402832,
          "hz": 369.9353335868758
        },
        {
          "acoustic_entropy": 14.764717102050781,
          "acoustic_entropy_side": 14.56081485748291,
          "hz": 464.6875360973435
        },
        {
          "acoustic_entropy": 14.824941635131836,
          "acoustic_entropy_side": 14.517098426818848,
          "hz": 567.8308811364784
        },
        {
          "acoustic_entropy": 14.085992813110352,
          "acoustic_entropy_side": 14.598810195922852,
          "hz": 680.1084783214808
        },
        {
          "acoustic_entropy": 14.938145637512207,
          "acoustic_entropy_side": 14.649579048156738,
          "hz": 802.3292461747484
        },
        {
          "acoustic_entropy": 14.800533294677734,
          "acoustic_entropy_side": 14.65534782409668,
          "hz": 935.3737400823702
        },
        {
          "acoustic_entropy": 14.403661727905273,
          "acoustic_entropy_side": 14.65452766418457,
          "hz": 1080.2004963696966
        },
        {
          "acoustic_entropy": 14.376229286193848,
          "acoustic_entropy_side": 14.659483909606934,
          "hz": 1237.8529382007157
        },
        {
          "acoustic_entropy": 14.461390495300293,
          "acoustic_entropy_side": 14.659178733825684,
          "hz": 1409.4668930556702
        },
        {
          "acoustic_entropy": 14.59589672088623,
          "acoustic_entropy_side": 14.657047271728516,
          "hz": 1596.2787759475705
        },
        {
          "acoustic_entropy": 14.76413345336914,
          "acoustic_entropy_side": 14.657188415527344,
          "hz": 1799.6344973346393
        },
        {
          "acoustic_entropy": 14.728161811828613,
          "acoustic_entropy_side": 14.65617847442627,
          "hz": 2020.9991599069049
        },
        {
          "acoustic_entropy": 14.737602233886719,
          "acoustic_entropy_side": 14.655980110168457,
          "hz": 2261.9676141086993
        },
        {
          "acoustic_entropy": 15.10349178314209,
          "acoustic_entropy_side": 14.654437065124512,
          "hz": 2524.2759484456974
        },
        {
          "acoustic_entropy": 14.734999656677246,
          "acoustic_entropy_side": 14.653237342834473,
