{
  "acoustic_entropy": 150.46006774902344,
  "bands": [
    {
      "high_freq": 148.1999969482422,
      "loudness": -30.216981887817383,
      "loudness_range": 13.85262680053711,
      "mid_mean": -26.6879940032959,
      "mid_to_side_loudness": -24.00627326965332,
      "mid_to_side_loudness_range": 16.22977066040039,
      "side_mean": -52.85844421386719
    },
    {
      "high_freq": 392.3793640136719,
      "loudness": -29.406415939331055,
      "loudness_range": 10.356903076171875,
      "low_freq": 148.1999969482422,
      "mid_mean": -26.322011947631836,
      "mid_to_side_loudness": -11.834609985351562,
      "mid_to_side_loudness_range": 8.63163948059082,
      "side_mean": -38.00185012817383
    },
    {
      "high_freq": 794.6976318359375,
      "loudness": -28.189992904663086,
      "loudness_range": 17.082111358642578,
      "low_freq": 392.3793640136719,
      "mid_mean": -25.17864227294922,
      "mid_to_side_loudness": -10.29584789276123,
      "mid_to_side_loudness_range": 12.729576110839844,
      "side_mean": -35.87889862060547
    },
    {
      "high_freq": 1457.5709228515625,
      "loudness": -34.56583786010742,
      "loudness_range": 20.016267776489258,
      "low_freq": 794.6976318359375,
      "mid_mean": -32.12080383300781,
      "mid_to_side_loudness": -7.6883931159973145,
      "mid_to_side_loudness_range": 16.51255226135254,
      "side_mean": -40.25094223022461
    },
    {
      "high_freq": 2549.74365234375,
      "loudness": -35.8773307800293,
      "loudness_range": 24.325910568237305,
      "low_freq": 1457.5709228515625,
      "mid_mean": -33.3800163269043,
      "mid_to_side_loudness": -8.198225975036621,
      "mid_to_side_loudness_range": 18.3950252532959,
      "side_mean": -42.32817077636719
    },
    {
      "high_freq": 4349.24462890625,
      "loudness": -37.39147186279297,
      "loudness_range": 28.46624183654785,
      "low_freq": 2549.74365234375,
      "mid_mean": -34.88441467285156,
      "mid_to_side_loudness": -9.581243515014648,
      "mid_to_side_loudness_range": 17.666500091552734,
      "side_mean": -45.11994171142578
    },
    {
      "high_freq": 7314.1640625,
      "loudness": -45.077510833740234,
      "loudness_range": 23.018470764160156,
      "low_freq": 4349.24462890625,
      "mid_mean": -43.498538970947266,
      "mid_to_side_loudness": -5.734671115875244,
      "mid_to_side_loudness_range": 16.035112380981445,
      "side_mean": -50.95888900756836
    },
    {
      "high_freq": 12199.2666015625,
      "loudness": -52.14469528198242,
      "loudness_range": 14.678646087646484,
      "low_freq": 7314.1640625,
      "mid_mean": -52.322105407714844,
      "mid_to_side_loudness": -2.94404935836792,
      "mid_to_side_loudness_range": 6.8670525550842285,
      "side_mean": -54.6595344543457
    },
    {
      "loudness": -58.8702507019043,
      "loudness_range": 16.382293701171875,
      "low_freq": 12199.2666015625,
      "mid_mean": -58.3617057800293,
      "mid_to_side_loudness": -1.975120186805725,
      "mid_to_side_loudness_range": 5.226431846618652,
      "side_mean": -59.66202163696289
    }
  ],
  "bands_short": [
    {
      "high_freq": 148.1999969482422,
      "loudness": -33.194393157958984,
      "loudness_range": 20.066673278808594,
      "mid_mean": -29.805150985717773,
      "mid_to_side_loudness": -24.822404861450195,
      "mid_to_side_loudness_range": 22.26869010925293,
      "side_mean": -56.76056671142578
    },
    {
      "high_freq": 392.3793640136719,
      "loudness": -29.726652145385742,
      "loudness_range": 13.733999252319336,
      "low_freq": 148.1999969482422,
      "mid_mean": -26.574787139892578,
      "mid_to_side_loudness": -13.012019157409668,
      "mid_to_side_loudness_range": 12.268407821655273,
      "side_mean": -38.915283203125
    },
    {
      "high_freq": 794.6976318359375,
      "loudness": -28.612977981567383,
      "loudness_range": 18.10964012145996,
      "low_freq": 392.3793640136719,
      "mid_mean": -25.74366569519043,
      "mid_to_side_loudness": -10.801088333129883,
      "mid_to_side_loudness_range": 15.944738388061523,
      "side_mean": -37.06220245361328
    },
    {
      "high_freq": 1457.5709228515625,
      "loudness": -34.80890655517578,
      "loudness_range": 23.203475952148438,
      "low_freq": 794.6976318359375,
      "mid_mean": -32.528072357177734,
      "mid_to_side_loudness": -8.152259826660156,
      "mid_to_side_loudness_range": 18.877775192260742,
      "side_mean": -40.81368637084961
    },
    {
      "high_freq": 2549.74365234375,
      "loudness": -37.420597076416016,
      "loudness_range": 28.091175079345703,
      "low_freq": 1457.5709228515625,
      "mid_mean": -35.335205078125,
      "mid_to_side_loudness": -7.956605434417725,
      "mid_to_side_loudness_range": 20.918107986450195,
      "side_mean": -44.36595916748047
    },
    {
      "high_freq": 4349.24462890625,
      "loudness": -38.58802795410156,
      "loudness_range": 32.097957611083984,
      "low_freq": 2549.74365234375,
      "mid_mean": -36.53292465209961,
      "mid_to_side_loudness": -9.268583297729492,
      "mid_to_side_loudness_range": 20.448781967163086,
      "side_mean": -48.904266357421875
    },
    {
      "high_freq": 7314.1640625,
      "loudness": -48.371341705322266,
      "loudness_range": 31.587003707885742,
      "low_freq": 4349.24462890625,
      "mid_mean": -46.62141799926758,
      "mid_to_side_loudness": -7.281411647796631,
      "mid_to_side_loudness_range": 18.302204132080078,
      "side_mean": -55.23627853393555
    },
    {
      "high_freq": 12199.2666015625,
      "loudness": -55.9365119934082,
      "loudness_range": 25.564884185791016,
      "low_freq": 7314.1640625,
      "mid_mean": -55.468284606933594,
      "mid_to_side_loudness": -4.438394546508789,
      "mid_to_side_loudness_range": 11.765804290771484,
      "side_mean": -58.78547668457031
    },
    {
      "loudness": -62.05972671508789,
      "loudness_range": 24.872817993164062,
      "low_freq": 12199.2666015625,
      "mid_mean": -60.666290283203125,
      "mid_to_side_loudness": -3.29071307182312,
      "mid_to_side_loudness_range": 9.424683570861816,
      "side_mean": -62.4012451171875
    }
  ],
  "bandwidth": 639.9102783203125,
  "channels": 2,
  "covariance": [
    [
      31.65325927734375,
      23.855161666870117,
      10.904837608337402,
      8.07335376739502,
      8.614529609680176,
      13.09414005279541,
      12.160347938537598,
      12.284411430358887,
      10.256433486938477,
      10.609936714172363,
      9.092924118041992,
      9.401252746582031,
      11.695046424865723,
      9.211499214172363,
      9.282973289489746,
      5.8350396156311035,
      5.646742820739746,
      3.673243999481201
    ],
    [
      23.855161666870117,
      63.60195541381836,
      18.4472599029541,
      11.236007690429688,
      11.708531379699707,
      14.323651313781738,
      13.099077224731445,
      14.309063911437988,
      10.985875129699707,
      11.745238304138184,
      9.874053001403809,
      8.90695571899414,
      17.50955581665039,
      43.765689849853516,
      40.32740783691406,
      34.579715728759766,
      26.949480056762695,
      23.294906616210938
    ],
    [
      10.904837608337402,
      18.4472599029541,
      26.860376358032227,
      17.233247756958008,
      15.202953338623047,
      14.266844749450684,
      16.827993392944336,
      13.10511589050293,
      16.998109817504883,
      12.42126178741455,
      15.138799667358398,
      11.916892051696777,
      15.971269607543945,
      13.228693008422852,
      13.30074691772461,
      10.99236011505127,
      9.934677124023438,
      8.504794120788574
    ],
    [
      8.07335376739502,
      11.236007690429688,
      17.233247756958008,
      23.854501724243164,
      9.629990577697754,
      15.86268424987793,
      12.013091087341309,
      14.473675727844238,
      7.935534477233887,
      13.016190528869629,
      5.409191131591797,
      9.06347370147705,
      10.377738952636719,
      6.658544063568115,
      7.4913763999938965,
      5.802452564239502,
      5.852022647857666,
      4.879631519317627
    ],
    [
      8.614529609680176,
      11.708531379699707,
      15.202953338623047,
      9.629990577697754,
      42.548675537109375,
      26.294858932495117,
      30.59908103942871,
      15.98305892944336,
      29.882200241088867,
      20.27260398864746,
      32.783935546875,
      18.087459564208984,
      23.989238739013672,
      12.769591331481934,
      15.894647598266602,
      10.804098129272461,
      12.602296829223633,
      10.167426109313965
    ],
    [
      13.09414005279541,
      14.323651313781738,
      14.266844749450684,
      15.86268424987793,
      26.294858932495117,
      35.418060302734375,
      15.606956481933594,
      19.909717559814453,
      13.015026092529297,
      20.88556480407715,
      10.5233793258667,
      14.060867309570312,
      15.97559928894043,
      14.264020919799805,
      14.454853057861328,
      12.246170043945312,
      10.669816970825195,
      9.939096450805664
    ],
    [
      12.160347938537598,
      13.099077224731445,
      16.827993392944336,
      12.013091087341309,
      30.59908103942871,
      15.606956481933594,
      63.700565338134766,
      26.20024299621582,
      65.06536102294922,
      30.568626403808594,
      75.0628433227539,
      36.0688591003418,
      50.92097473144531,
      17.44423484802246,
      26.313888549804688,
      12.277997970581055,
      21.880876541137695,
      13.397553443908691
    ],
    [
      12.284411430358887,
      14.309063911437988,
      13.10511589050293,
      14.473675727844238,
      15.98305892944336,
      19.909717559814453,
      26.20024299621582,
      29.54805564880371,
      24.028766632080078,
      25.23408317565918,
      23.297767639160156,
      20.82045555114746,
      26.13557243347168,
      17.89527702331543,
      18.00417709350586,
      13.077392578125,
      14.093669891357422,
      11.032013893127441
    ],
    [
      10.256433486938477,
      10.985875129699707,
      16.998109817504883,
      7.935534477233887,
      29.882200241088867,
      13.015026092529297,
      65.06536102294922,
      24.028766632080078,
      86.88560485839844,
      34.78168487548828,
      95.16239166259766,
      43.79125213623047,
      61.1488151550293,
      21.98815155029297,
      31.115806579589844,
      14.962130546569824,
      26.466554641723633,
      16.147979736328125
    ],
    [
      10.609936714172363,
      11.745238304138184,
      12.42126178741455,
      13.016190528869629,
      20.27260398864746,
      20.88556480407715,
      30.568626403808594,
      25.23408317565918,
      34.78168487548828,
      34.21317672729492,
      34.843841552734375,
      28.333219528198242,
      34.044795989990234,
      19.829116821289062,
      20.58872413635254,
      13.838414192199707,
      16.342531204223633,
      12.009209632873535
    ],
    [
      9.092924118041992,
      9.874053001403809,
      15.138799667358398,
      5.409191131591797,
      32.783935546875,
      10.5233793258667,
      75.0628433227539,
      23.297767639160156,
      95.16239166259766,
      34.843841552734375,
      119.31924438476562,
      49.61136245727539,
      72.71382141113281,
      24.773876190185547,
      37.059329986572266,
      17.223533630371094,
      31.922910690307617,
      19.518339157104492
    ],
    [
      9.401252746582031,
      8.90695571899414,
      11.916892051696777,
      9.06347370147705,
      18.087459564208984,
      14.060867309570312,
      36.0688591003418,
      20.82045555114746,
      43.79125213623047,
      28.333219528198242,
      49.61136245727539,
      38.76955032348633,
      44.25446319580078,
      23.219573974609375,
      25.946762084960938,
      16.769336700439453,
      21.337451934814453,
      15.658220291137695
    ],
    [
      11.695046424865723,
      17.50955581665039,
      15.971269607543945,
      10.377738952636719,
      23.989238739013672,
      15.97559928894043,
      50.92097473144531,
      26.13557243347168,
      61.1488151550293,
      34.044795989990234,
      72.71382141113281,
      44.25446319580078,
      72.23577117919922,
      36.768463134765625,
      43.82518768310547,
      28.563650131225586,
      36.99898910522461,
      26.584932327270508
    ],
    [
      9.211499214172363,
      43.765689849853516,
      13.228693008422852,
      6.658544063568115,
      12.769591331481934,
      14.264020919799805,
      17.44423484802246,
      17.89527702331543,
      21.98815155029297,
      19.829116821289062,
      24.773876190185547,
      23.219573974609375,
      36.768463134765625,
      68.17503356933594,
      60.439456939697266,
      55.072181701660156,
      44.2987174987793,
      40.603336334228516
    ],
    [
      9.282973289489746,
      40.32740783691406,
      13.30074691772461,
      7.4913763999938965,
      15.894647598266602,
      14.454853057861328,
      26.313888549804688,
      18.00417709350586,
      31.115806579589844,
      20.58872413635254,
      37.059329986572266,
      25.946762084960938,
      43.82518768310547,
      60.439456939697266,
      60.92070388793945,
      51.14385986328125,
      46.341732025146484,
      40.016902923583984
    ],
    [
      5.8350396156311035,
      34.579715728759766,
      10.99236011505127,
      5.802452564239502,
      10.804098129272461,
      12.246170043945312,
      12.277997970581055,
      13.077392578125,
      14.962130546569824,
      13.838414192199707,
      17.223533630371094,
      16.769336700439453,
      28.563650131225586,
      55.072181701660156,
      51.14385986328125,
      48.968563079833984,
      39.42780303955078,
      37.967472076416016
    ],
    [
      5.646742820739746,
      26.949480056762695,
      9.934677124023438,
      5.852022647857666,
      12.602296829223633,
      10.669816970825195,
      21.880876541137695,
      14.093669891357422,
      26.466554641723633,
      16.342531204223633,
      31.922910690307617,
      21.337451934814453,
      36.99898910522461,
      44.2987174987793,
      46.341732025146484,
      39.42780303955078,
      38.56013488769531,
      33.49911117553711
    ],
    [
      3.673243999481201,
      23.294906616210938,
      8.504794120788574,
      4.879631519317627,
      10.167426109313965,
      9.939096450805664,
      13.397553443908691,
      11.032013893127441,
      16.147979736328125,
      12.009209632873535,
      19.518339157104492,
      15.658220291137695,
      26.584932327270508,
      40.603336334228516,
      40.016902923583984,
      37.967472076416016,
      33.49911117553711,
      32.563560485839844
    ]
  ],
  "covariance_short": [
    [
      59.29413986206055,
      29.78581428527832,
      21.746356964111328,
      10.244346618652344,
      9.887835502624512,
      13.939958572387695,
      15.858437538146973,
      14.062714576721191,
      11.366679191589355,
      13.773167610168457,
      8.968338012695312,
      18.362585067749023,
      14.054411888122559,
      11.403463363647461,
      12.924605369567871,
      10.121771812438965,
      9.023104667663574,
      7.352632999420166
    ],
    [
      29.78581428527832,
      54.0863037109375,
      22.271163940429688,
      13.725580215454102,
      12.571846961975098,
      13.388705253601074,
      15.537360191345215,
      13.752634048461914,
      12.328448295593262,
      12.883580207824707,
      9.215363502502441,
      27.80608558654785,
      16.238813400268555,
      28.630510330200195,
      29.71000862121582,
      22.71482276916504,
      19.567516326904297,
      15.715611457824707
    ],
    [
      21.746356964111328,
      22.271163940429688,
      34.746315002441406,
      20.66988182067871,
      19.88370704650879,
      22.577301025390625,
      23.733829498291016,
      20.917924880981445,
      18.969087600708008,
      21.21355628967285,
      13.84898853302002,
      21.504074096679688,
      20.3492374420166,
      12.838000297546387,
      15.716055870056152,
      11.510568618774414,
      11.274323463439941,
      9.411548614501953
    ],
    [
      10.244346618652344,
      13.725580215454102,
      20.66988182067871,
      31.43241310119629,
      15.460314750671387,
      21.7359561920166,
      15.309710502624512,
      21.321386337280273,
      10.283952713012695,
      17.828439712524414,
      6.437901020050049,
      12.419260025024414,
      11.92300796508789,
      8.064908027648926,
      9.148805618286133,
      7.8513054847717285,
      6.905843257904053,
      6.445484161376953
    ],
    [
      9.887835502624512,
      12.571846961975098,
      19.88370704650879,
      15.460314750671387,
      50.41588592529297,
      29.50057601928711,
      37.50025939941406,
      21.15196990966797,
      43.700782775878906,
      26.634790420532227,
      40.31709289550781,
      27.390783309936523,
      30.845285415649414,
      12.161151885986328,
      19.037580490112305,
      9.798508644104004,
      13.709773063659668,
      9.420656204223633
    ],
    [
      13.939958572387695,
      13.388705253601074,
      22.577301025390625,
      21.7359561920166,
      29.50057601928711,
      45.087650299072266,
      24.928281784057617,
      26.669063568115234,
      20.880056381225586,
      30.97789192199707,
      15.107478141784668,
      26.0830020904541,
      21.29039764404297,
      15.015040397644043,
      15.809633255004883,
      13.39434814453125,
      11.63300895690918,
      10.854248046875
    ],
    [
      15.858437538146973,
      15.537360191345215,
      23.733829498291016,
      15.309710502624512,
      37.50025939941406,
      24.928281784057617,
      77.6314926147461,
      36.808650970458984,
      80.98817443847656,
      46.38138961791992,
      85.04595184326172,
      54.08123016357422,
      73.39073944091797,
      29.283267974853516,
      42.17134094238281,
      19.40830421447754,
      31.386722564697266,
      18.02142333984375
    ],
    [
      14.062714576721191,
      13.752634048461914,
      20.917924880981445,
      21.321386337280273,
      21.15196990966797,
      26.669063568115234,
      36.808650970458984,
      43.441558837890625,
      31.057687759399414,
      37.752655029296875,
      27.017433166503906,
      35.268890380859375,
      34.78947830200195,
      25.749418258666992,
      25.53116798400879,
      19.445573806762695,
      19.70641326904297,
      15.852975845336914
    ],
    [
      11.366679191589355,
      12.328448295593262,
      18.969087600708008,
      10.283952713012695,
      43.700782775878906,
      20.880056381225586,
      80.98817443847656,
      31.057687759399414,
      118.04179382324219,
      52.456321716308594,
      120.02447509765625,
      69.78211212158203,
      95.33521270751953,
      40.396453857421875,
      55.59322738647461,
      25.966529846191406,
      41.1524658203125,
      23.400983810424805
    ],
    [
      13.773167610168457,
      12.883580207824707,
      21.21355628967285,
      17.828439712524414,
      26.634790420532227,
      30.97789192199707,
      46.38138961791992,
      37.752655029296875,
      52.456321716308594,
      56.22612380981445,
      49.19464111328125,
      54.730934143066406,
      56.01881408691406,
      37.391319274902344,
      38.06410598754883,
      27.319866180419922,
      28.90656089782715,
      21.76040267944336
    ],
    [
      8.968338012695312,
      9.215363502502441,
      13.84898853302002,
      6.437901020050049,
      40.31709289550781,
      15.107478141784668,
      85.04595184326172,
      27.017433166503906,
      120.02447509765625,
      49.19464111328125,
      151.50929260253906,
      73.9389419555664,
      108.92015838623047,
      43.16703796386719,
      61.82158279418945,
      27.277244567871094,
      46.160518646240234,
      25.34403419494629
    ],
    [
      18.362585067749023,
      27.80608558654785,
      21.504074096679688,
      12.419260025024414,
      27.390783309936523,
      26.0830020904541,
      54.08123016357422,
      35.268890380859375,
      69.78211212158203,
      54.730934143066406,
      73.9389419555664,
      96.27600860595703,
      82.14094543457031,
      69.00711822509766,
      70.38988494873047,
      51.86176300048828,
      51.03516387939453,
      39.72929763793945
    ],
    [
      14.054411888122559,
      16.238813400268555,
      20.3492374420166,
      11.92300796508789,
      30.845285415649414,
      21.29039764404297,
      73.39073944091797,
      34.78947830200195,
      95.33521270751953,
      56.01881408691406,
      108.92015838623047,
      82.14094543457031,
      121.5261001586914,
      70.06214141845703,
      82.06689453125,
      53.67755889892578,
      62.021636962890625,
      43.56233596801758
    ],
    [
      11.403463363647461,
      28.630510330200195,
      12.838000297546387,
      8.064908027648926,
      12.161151885986328,
      15.015040397644043,
      29.283267974853516,
      25.749418258666992,
      40.396453857421875,
      37.391319274902344,
      43.16703796386719,
      69.00711822509766,
      70.06214141845703,
      84.58210754394531,
      77.57035064697266,
      70.76844787597656,
      58.62698745727539,
      53.02484893798828
    ],
    [
      12.924605369567871,
      29.71000862121582,
      15.716055870056152,
      9.148805618286133,
      19.037580490112305,
      15.809633255004883,
      42.17134094238281,
      25.53116798400879,
      55.59322738647461,
      38.06410598754883,
      61.82158279418945,
      70.38988494873047,
      82.06689453125,
      77.57035064697266,
      83.49594116210938,
      66.86050415039062,
      62.76449966430664,
      51.88575744628906
    ],
    [
      10.121771812438965,
      22.71482276916504,
      11.510568618774414,
      7.8513054847717285,
      9.798508644104004,
      13.39434814453125,
      19.40830421447754,
      19.445573806762695,
      25.966529846191406,
      27.319866180419922,
      27.277244567871094,
      51.86176300048828,
      53.67755889892578,
      70.76844787597656,
      66.86050415039062,
      69.74504089355469,
      54.05457305908203,
      54.85973358154297
    ],
    [
      9.023104667663574,
      19.567516326904297,
      11.274323463439941,
      6.905843257904053,
      13.709773063659668,
      11.63300895690918,
      31.386722564697266,
      19.70641326904297,
      41.1524658203125,
      28.90656089782715,
      46.160518646240234,
      51.03516387939453,
      62.021636962890625,
      58.62698745727539,
      62.76449966430664,
      54.05457305908203,
      51.9505615234375,
      44.555023193359375
    ],
    [
      7.352632999420166,
      15.715611457824707,
      9.411548614501953,
      6.445484161376953,
      9.420656204223633,
      10.854248046875,
      18.02142333984375,
      15.852975845336914,
      23.400983810424805,
      21.76040267944336,
      25.34403419494629,
      39.72929763793945,
      43.56233596801758,
      53.02484893798828,
      51.88575744628906,
      54.85973358154297,
      44.555023193359375,
      46.27949142456055
    ]
  ],
  "damage": -11.359951972961426,
  "diff_bandwidth": 685.9529418945312,
  "dissonance": 4.893365244166304,
  "drr": 2.374411106109619,
  "dynamics": 3.921058416366577,
  "format": 1245190,
  "frames": 4714496,
  "loudness": -18.183515548706055,
  "loudness_range": 10.86695671081543,
  "loudness_range_short": 14.182334899902344,
  "lowpass_true_peak_15khz": -1.5210390090942383,
  "mastering3_acoustic_entropies": [
    {
      "acoustic_entropy": 8.149810791015625,
      "acoustic_entropy_mono": 7.9933342933654785,
      "band_eliminated_acoustic_entropies": [
        {
          "acoustic_entropy": 7.909915447235107,
          "acoustic_entropy_side": 8.149805068969727,
          "hz": 129.47220167065723
        },
        {
          "acoustic_entropy": 7.829142093658447,
          "acoustic_entropy_side": 8.14919376373291,
          "hz": 202.92927478742237
        },
        {
          "acoustic_entropy": 8.097637176513672,
          "acoustic_entropy_side": 8.148314476013184,
          "hz": 282.89161906338205
        },
        {
          "acoustic_entropy": 8.272865295410156,
          "acoustic_entropy_side": 8.142605781555176,
          "hz": 369.9353335868758
        },
        {
          "acoustic_entropy": 8.392026901245117,
          "acoustic_entropy_side": 8.147571563720703,
          "hz": 464.6875360973435
        },
        {
          "acoustic_entropy": 8.120695114135742,
          "acoustic_entropy_side": 8.185799598693848,
          "hz": 567.8308811364784
        },
        {
          "acoustic_entropy": 8.244738578796387,
          "acoustic_entropy_side": 8.214162826538086,
          "hz": 680.1084783214808
        },
        {
          "acoustic_entropy": 7.292438507080078,
          "acoustic_entropy_side": 8.19343376159668,
          "hz": 802.3292461747484
        },
        {
          "acoustic_entropy": 8.30691146850586,
          "acoustic_entropy_side": 8.185338020324707,
          "hz": 935.3737400823702
        },
        {
          "acoustic_entropy": 8.103435516357422,
          "acoustic_entropy_side": 8.134200096130371,
          "hz": 1080.2004963696966
        },
        {
          "acoustic_entropy": 8.22823429107666,
          "acoustic_entropy_side": 8.12855339050293,
          "hz": 1237.8529382007157
        },
        {
          "acoustic_entropy": 8.099183082580566,
          "acoustic_entropy_side": 8.111404418945312,
          "hz": 1409.4668930556702
        },
        {
          "acoustic_entropy": 8.0172119140625,
          "acoustic_entropy_side": 8.135986328125,
          "hz": 1596.2787759475705
        },
        {
          "acoustic_entropy": 8.075811386108398,
          "acoustic_entropy_side": 8.132977485656738,
          "hz": 1799.6344973346393
        },
        {
          "acoustic_entropy": 8.255126953125,
          "acoustic_entropy_side": 8.164706230163574,
          "hz": 2020.9991599069049
        },
        {
          "acoustic_entropy": 8.071213722229004,
          "acoustic_entropy_side": 8.158485412597656,
          "hz": 2261.9676141086993
        },
        {
          "acoustic_entropy": 8.137812614440918,
          "acoustic_entropy_side": 8.152658462524414,
          "hz": 2524.2759484456974
        },
        {
          "acoustic_entropy": 8.192091941833496,
          "acoustic_entropy_side": 8.143479347229004,
          "hz": 2809.813997359896
        },
        {
          "acoustic_entropy": 8.036528587341309,
          "acoustic_entropy_side": 8.148582458496094,
          "hz": 3120.6389567871424
        },
        {
          "acoustic_entropy": 8.097023010253906,
          "acoustic_entropy_side": 8.160888671875,
          "hz": 3458.990205492291
        },
        {
          "acoustic_entropy": 8.061429977416992,
          "acoustic_entropy_side": 8.151266098022461,
          "hz": 3827.305438964164
        },
        {
          "acoustic_entropy": 8.154059410095215,
          "acoustic_entropy_side": 8.152835845947266,
          "hz": 4228.238232109126
        },
        {
          "acoustic_entropy": 8.225104331970215,
          "acoustic_entropy_side": 8.154252052307129,
          "hz": 4664.6771572759235
        },
        {
          "acoustic_entropy": 8.237420082092285,
          "acoustic_entropy_side": 8.154158592224121,
          "hz": 5139.766595350093
        },
        {
          "acoustic_entropy": 8.114450454711914,
          "acoustic_entropy_side": 8.150795936584473,
          "hz": 5656.929389854203
        },
        {
          "acoustic_entropy": 8.350751876831055,
          "acoustic_entropy_side": 8.151814460754395,
          "hz": 6219.891507268283
        },
        {
          "acoustic_entropy": 8.307048797607422,
          "acoustic_entropy_side": 8.151443481445312,
          "hz": 6832.70888123896
        },
        {
          "acoustic_entropy": 8.201936721801758,
          "acoustic_entropy_side": 8.150967597961426,
          "hz": 7499.796634079867
        },
        {
          "acoustic_entropy": 8.157402992248535,
          "acoustic_entropy_side": 8.150933265686035,
          "hz": 8225.96088609342
        },
        {
          "acoustic_entropy": 8.160719871520996,
          "acoustic_entropy_side": 8.150540351867676,
          "hz": 9016.43338188839
        },
        {
          "acoustic_entropy": 8.157146453857422,
          "acoustic_entropy_side": 8.150338172912598,
          "hz": 9876.909183162974
        },
        {
          "acoustic_entropy": 8.15104866027832,
          "acoustic_entropy_side": 8.150177955627441,
          "hz": 10813.587699516042
        },
        {
          "acoustic_entropy": 8.150513648986816,
          "acoustic_entropy_side": 8.150067329406738,
          "hz": 11833.21735289826
        },
        {
          "acoustic_entropy": 8.150643348693848,
          "acoustic_entropy_side": 8.149977684020996,
          "hz": 12943.144197493959
        },
        {
          "acoustic_entropy": 8.15095043182373,
          "acoustic_entropy_side": 8.149954795837402,
          "hz": 14151.364845322005
        },
        {
          "acoustic_entropy": 8.150857925415039,
          "acoustic_entropy_side": 8.149921417236328,
          "hz": 15466.58407886509
        },
        {
          "acoustic_entropy": 8.150248527526855,
          "acoustic_entropy_side": 8.149887084960938,
          "hz": 16898.27756580493
        },
        {
          "acoustic_entropy": 8.15006160736084,
          "acoustic_entropy_side": 8.149882316589355,
          "hz": 18456.760127700032
        },
        {
          "acoustic_entropy": 8.14993667602539,
          "acoustic_entropy_side": 8.149859428405762,
          "hz": 20153.260054456492
        },
        {
          "acoustic_entropy": 8.149815559387207,
          "acoustic_entropy_side": 8.149811744689941,
          "hz": 22000.00000000001
        }
      ],
      "diff_acoustic_entropy": 5.754950523376465,
      "sn": 6
    },
    {
      "acoustic_entropy": 11.703886032104492,
      "acoustic_entropy_mono": 11.685554504394531,
      "band_eliminated_acoustic_entropies": [
        {
          "acoustic_entropy": 11.873137474060059,
          "acoustic_entropy_side": 11.70380687713623,
          "hz": 129.47220167065723
        },
        {
          "acoustic_entropy": 11.296355247497559,
          "acoustic_entropy_side": 11.690170288085938,
          "hz": 202.92927478742237
        },
        {
          "acoustic_entropy": 11.96296215057373,
          "acoustic_entropy_side": 11.712602615356445,
          "hz": 282.89161906338205
        },
        {
          "acoustic_entropy": 11.75307559967041,
          "acoustic_entropy_side": 12.195087432861328,
          "hz": 369.9353335868758
        },
        {
          "acoustic_entropy": 11.78445816040039,
          "acoustic_entropy_side": 11.96596908569336,
          "hz": 464.6875360973435
        },
        {
          "acoustic_entropy": 11.665560722351074,
          "acoustic_entropy_side": 11.41799259185791,
          "hz": 567.8308811364784
        },
        {
          "acoustic_entropy": 11.395899772644043,
          "acoustic_entropy_side": 11.695053100585938,
          "hz": 680.1084783214808
        },
        {
          "acoustic_entropy": 10.538637161254883,
          "acoustic_entropy_side": 12.081787109375,
          "hz": 802.3292461747484
        },
        {
          "acoustic_entropy": 11.309354782104492,
          "acoustic_entropy_side": 11.897284507751465,
          "hz": 935.3737400823702
        },
        {
          "acoustic_entropy": 11.506279945373535,
          "acoustic_entropy_side": 11.743316650390625,
          "hz": 1080.2004963696966
        },
        {
          "acoustic_entropy": 12.219531059265137,
          "acoustic_entropy_side": 11.896279335021973,
          "hz": 1237.8529382007157
        },
        {
          "acoustic_entropy": 11.69743824005127,
          "acoustic_entropy_side": 12.052383422851562,
          "hz": 1409.4668930556702
        },
        {
          "acoustic_entropy": 11.979669570922852,
          "acoustic_entropy_side": 11.920738220214844,
          "hz": 1596.2787759475705
        },
        {
          "acoustic_entropy": 11.672983169555664,
          "acoustic_entropy_side": 11.558977127075195,
          "hz": 1799.6344973346393
        },
        {
          "acoustic_entropy": 11.774579048156738,
          "acoustic_entropy_side": 11.946764945983887,
          "hz": 2020.9991599069049
        },
        {
          "acoustic_entropy": 11.518453598022461,
          "acoustic_entropy_side": 11.76766586303711,
          "hz": 2261.9676141086993
        },
        {
          "acoustic_entropy": 12.117376327514648,
          "acoustic_entropy_side": 11.782116889953613,
          "hz": 2524.2759484456974
        },
        {
          "acoustic_entropy": 11.322738647460938,
          "acoustic_entropy_side": 11.674180030822754,
          "hz": 2809.813997359896
        },
        {
          "acoustic_entropy": 11.353055000305176,
          "acoustic_entropy_side": 11.732625007629395,
          "hz": 3120.6389567871424
        },
        {
          "acoustic_entropy": 11.833053588867188,
          "acoustic_entropy_side": 11.93462085723877,
          "hz": 3458.990205492291
        },
        {
          "acoustic_entropy": 11.801458358764648,
          "acoustic_entropy_side": 11.69143009185791,
          "hz": 3827.305438964164
        },
        {
          "acoustic_entropy": 11.698959350585938,
          "acoustic_entropy_side": 11.675734519958496,
          "hz": 4228.238232109126
        },
        {
          "acoustic_entropy": 12.143421173095703,
          "acoustic_entropy_side": 11.719244956970215,
          "hz": 4664.6771572759235
        },
        {
          "acoustic_entropy": 11.949359893798828,
          "acoustic_entropy_side": 11.764385223388672,
          "hz": 5139.766595350093
        },
        {
          "acoustic_entropy": 11.826313972473145,
          "acoustic_entropy_side": 11.675765991210938,
          "hz": 5656.929389854203
        },
        {
          "acoustic_entropy": 11.550261497497559,
          "acoustic_entropy_side": 11.706204414367676,
          "hz": 6219.891507268283
        },
        {
          "acoustic_entropy": 11.576702117919922,
          "acoustic_entropy_side": 11.698469161987305,
          "hz": 6832.70888123896
        },
        {
          "acoustic_entropy": 11.710906028747559,
          "acoustic_entropy_side": 11.691070556640625,
          "hz": 7499.796634079867
        },
        {
          "acoustic_entropy": 11.643861770629883,
          "acoustic_entropy_side": 11.681486129760742,
          "hz": 8225.96088609342
        },
        {
          "acoustic_entropy": 11.644843101501465,
          "acoustic_entropy_side": 11.687865257263184,
          "hz": 9016.43338188839
        },
        {
          "acoustic_entropy": 11.683428764343262,
          "acoustic_entropy_side": 11.691875457763672,
          "hz": 9876.909183162974
        },
        {
          "acoustic_entropy": 11.686563491821289,
          "acoustic_entropy_side": 11.695284843444824,
          "hz": 10813.587699516042
        },
        {
          "acoustic_entropy": 11.693385124206543,
          "acoustic_entropy_side": 11.698586463928223,
          "hz": 11833.21735289826
        },
        {
          "acoustic_entropy": 11.698101043701172,
          "acoustic_entropy_side": 11.70165729522705,
          "hz": 12943.144197493959
        },
        {
          "acoustic_entropy": 11.702330589294434,
          "acoustic_entropy_side": 11.703107833862305,
          "hz": 14151.364845322005
        },
        {
          "acoustic_entropy": 11.70152759552002,
          "acoustic_entropy_side": 11.703369140625,
          "hz": 15466.58407886509
        },
        {
          "acoustic_entropy": 11.701189994812012,
          "acoustic_entropy_side": 11.702527046203613,
          "hz": 16898.27756580493
        },
        {
          "acoustic_entropy": 11.70096206665039,
          "acoustic_entropy_side": 11.702279090881348,
          "hz": 18456.760127700032
        },
        {
          "acoustic_entropy": 11.702475547790527,
          "acoustic_entropy_side": 11.702960968017578,
          "hz": 20153.260054456492
        },
        {
          "acoustic_entropy": 11.703849792480469,
          "acoustic_entropy_side": 11.70384407043457,
          "hz": 22000.00000000001
        }
      ],
      "diff_acoustic_entropy": 8.897757530212402,
      "sn": 12
    },
    {
      "acoustic_entropy": 17.61815643310547,
      "acoustic_entropy_mono": 15.907488822937012,
      "band_eliminated_acoustic_entropies": [
        {
          "acoustic_entropy": 17.206884384155273,
          "acoustic_entropy_side": 17.622600555419922,
          "hz": 129.47220167065723
        },
        {
          "acoustic_entropy": 17.968120574951172,
          "acoustic_entropy_side": 17.742204666137695,
          "hz": 202.92927478742237
        },
        {
          "acoustic_entropy": 17.66434669494629,
          "acoustic_entropy_side": 17.620676040649414,
          "hz": 282.89161906338205
        },
        {
          "acoustic_entropy": 17.426740646362305,
          "acoustic_entropy_side": 17.40665626525879,
          "hz": 369.9353335868758
        },
        {
          "acoustic_entropy": 17.978179931640625,
          "acoustic_entropy_side": 17.75728988647461,
          "hz": 464.6875360973435
        },
        {
          "acoustic_entropy": 16.451948165893555,
          "acoustic_entropy_side": 17.227542877197266,
          "hz": 567.8308811364784
        },
        {
          "acoustic_entropy": 17.213468551635742,
          "acoustic_entropy_side": 18.273420333862305,
          "hz": 680.1084783214808
        },
        {
          "acoustic_entropy": 16.726932525634766,
          "acoustic_entropy_side": 18.266210556030273,
          "hz": 802.3292461747484
        },
        {
          "acoustic_entropy": 16.52576446533203,
          "acoustic_entropy_side": 17.365524291992188,
          "hz": 935.3737400823702
        },
        {
          "acoustic_entropy": 17.598224639892578,
          "acoustic_entropy_side": 17.287517547607422,
          "hz": 1080.2004963696966
        },
        {
          "acoustic_entropy": 17.54920768737793,
          "acoustic_entropy_side": 17.83958625793457,
          "hz": 1237.8529382007157
        },
        {
          "acoustic_entropy": 17.72579002380371,
          "acoustic_entropy_side": 17.511592864990234,
          "hz": 1409.4668930556702
        },
        {
          "acoustic_entropy": 17.59034538269043,
          "acoustic_entropy_side": 17.898601531982422,
          "hz": 1596.2787759475705
        },
        {
          "acoustic_entropy": 17.162729263305664,
          "acoustic_entropy_side": 17.46611785888672,
          "hz": 1799.6344973346393
        },
        {
          "acoustic_entropy": 18.015962600708008,
          "acoustic_entropy_side": 17.938400268554688,
          "hz": 2020.9991599069049
        },
        {
          "acoustic_entropy": 17.6114444732666,
          "acoustic_entropy_side": 17.634363174438477,
          "hz": 2261.9676141086993
        },
        {
          "acoustic_entropy": 17.87408447265625,
          "acoustic_entropy_side": 17.603422164916992,
          "hz": 2524.2759484456974
        },
        {
          "acoustic_entropy": 17.591875076293945,
          "acoustic_entropy_side": 17.596431732177734,
          "hz": 2809.813997359896
        },
        {
          "acoustic_entropy": 17.32918930053711,
          "acoustic_entropy_side": 17.49139404296875,
