{
  "acoustic_entropy": 230.40298461914062,
  "bands": [
    {
      "high_freq": 148.1999969482422,
      "loudness": -19.184707641601562,
      "loudness_range": 5.926797866821289,
      "mid_mean": -15.757478713989258,
      "mid_to_side_loudness": -17.30752182006836,
      "mid_to_side_loudness_range": 28.402252197265625,
      "side_mean": -34.497257232666016
    },
    {
      "high_freq": 392.3793640136719,
      "loudness": -20.943538665771484,
      "loudness_range": 8.496925354003906,
      "low_freq": 148.1999969482422,
      "mid_mean": -18.1386775970459,
      "mid_to_side_loudness": -8.759886741638184,
      "mid_to_side_loudness_range": 16.38079261779785,
      "side_mean": -26.918546676635742
    },
    {
      "high_freq": 794.6976318359375,
      "loudness": -23.28386878967285,
      "loudness_range": 10.371946334838867,
      "low_freq": 392.3793640136719,
      "mid_mean": -20.822595596313477,
      "mid_to_side_loudness": -6.78356409072876,
      "mid_to_side_loudness_range": 15.553535461425781,
      "side_mean": -27.65262794494629
    },
    {
      "high_freq": 1457.5709228515625,
      "loudness": -21.65108871459961,
      "loudness_range": 12.812922477722168,
      "low_freq": 794.6976318359375,
      "mid_mean": -19.03469467163086,
      "mid_to_side_loudness": -7.505723476409912,
      "mid_to_side_loudness_range": 14.233589172363281,
      "side_mean": -26.581281661987305
    },
    {
      "high_freq": 2549.74365234375,
      "loudness": -21.19982147216797,
      "loudness_range": 7.701923370361328,
      "low_freq": 1457.5709228515625,
      "mid_mean": -18.729095458984375,
      "mid_to_side_loudness": -5.937102317810059,
      "mid_to_side_loudness_range": 10.613184928894043,
      "side_mean": -24.633926391601562
    },
    {
      "high_freq": 4349.24462890625,
      "loudness": -20.01836585998535,
      "loudness_range": 8.055876731872559,
      "low_freq": 2549.74365234375,
      "mid_mean": -17.55952262878418,
      "mid_to_side_loudness": -6.396570205688477,
      "mid_to_side_loudness_range": 13.196416854858398,
      "side_mean": -23.962249755859375
    },
    {
      "high_freq": 7314.1640625,
      "loudness": -22.370168685913086,
      "loudness_range": 10.004913330078125,
      "low_freq": 4349.24462890625,
      "mid_mean": -20.194171905517578,
      "mid_to_side_loudness": -5.040245056152344,
      "mid_to_side_loudness_range": 12.134711265563965,
      "side_mean": -25.1715087890625
    },
    {
      "high_freq": 12199.2666015625,
      "loudness": -25.568647384643555,
      "loudness_range": 9.03940200805664,
      "low_freq": 7314.1640625,
      "mid_mean": -23.257434844970703,
      "mid_to_side_loudness": -5.384045124053955,
      "mid_to_side_loudness_range": 9.223904609680176,
      "side_mean": -28.52635955810547
    },
    {
      "loudness": -28.430419921875,
      "loudness_range": 8.400054931640625,
      "low_freq": 12199.2666015625,
      "mid_mean": -26.17521095275879,
      "mid_to_side_loudness": -4.929224014282227,
      "mid_to_side_loudness_range": 5.721349716186523,
      "side_mean": -30.699703216552734
    }
  ],
  "bands_short": [
    {
      "high_freq": 148.1999969482422,
      "loudness": -22.470109939575195,
      "loudness_range": 15.897967338562012,
      "mid_mean": -19.268142700195312,
      "mid_to_side_loudness": -18.81663703918457,
      "mid_to_side_loudness_range": 33.611045837402344,
      "side_mean": -40.184898376464844
    },
    {
      "high_freq": 392.3793640136719,
      "loudness": -20.78539276123047,
      "loudness_range": 12.26491641998291,
      "low_freq": 148.1999969482422,
      "mid_mean": -18.094253540039062,
      "mid_to_side_loudness": -8.763470649719238,
      "mid_to_side_loudness_range": 19.444913864135742,
      "side_mean": -27.097061157226562
    },
    {
      "high_freq": 794.6976318359375,
      "loudness": -24.51492691040039,
      "loudness_range": 14.154804229736328,
      "low_freq": 392.3793640136719,
      "mid_mean": -22.32927894592285,
      "mid_to_side_loudness": -5.971673965454102,
      "mid_to_side_loudness_range": 16.943279266357422,
      "side_mean": -28.605043411254883
    },
    {
      "high_freq": 1457.5709228515625,
      "loudness": -22.611059188842773,
      "loudness_range": 15.90060043334961,
      "low_freq": 794.6976318359375,
      "mid_mean": -20.26527976989746,
      "mid_to_side_loudness": -6.666475296020508,
      "mid_to_side_loudness_range": 16.301929473876953,
      "side_mean": -27.188220977783203
    },
    {
      "high_freq": 2549.74365234375,
      "loudness": -21.957767486572266,
      "loudness_range": 11.054876327514648,
      "low_freq": 1457.5709228515625,
      "mid_mean": -19.644176483154297,
      "mid_to_side_loudness": -5.81071662902832,
      "mid_to_side_loudness_range": 13.368428230285645,
      "side_mean": -25.64362335205078
    },
    {
      "high_freq": 4349.24462890625,
      "loudness": -20.799942016601562,
      "loudness_range": 11.736326217651367,
      "low_freq": 2549.74365234375,
      "mid_mean": -18.54660415649414,
      "mid_to_side_loudness": -6.008519649505615,
      "mid_to_side_loudness_range": 15.137946128845215,
      "side_mean": -24.76314353942871
    },
    {
      "high_freq": 7314.1640625,
      "loudness": -22.949932098388672,
      "loudness_range": 13.18630599975586,
      "low_freq": 4349.24462890625,
      "mid_mean": -20.979019165039062,
      "mid_to_side_loudness": -4.628412246704102,
      "mid_to_side_loudness_range": 13.612049102783203,
      "side_mean": -25.68682861328125
    },
    {
      "high_freq": 12199.2666015625,
      "loudness": -26.661142349243164,
      "loudness_range": 13.708297729492188,
      "low_freq": 7314.1640625,
      "mid_mean": -24.541858673095703,
      "mid_to_side_loudness": -4.737165927886963,
      "mid_to_side_loudness_range": 11.71835708618164,
      "side_mean": -29.379941940307617
    },
    {
      "loudness": -30.332326889038086,
      "loudness_range": 17.22784996032715,
      "low_freq": 12199.2666015625,
      "mid_mean": -28.390602111816406,
      "mid_to_side_loudness": -4.181667804718018,
      "mid_to_side_loudness_range": 11.18020248413086,
      "side_mean": -32.4678840637207
    }
  ],
  "bandwidth": 845.1050415039062,
  "channels": 2,
  "covariance": [
    [
      9.055273056030273,
      3.653287649154663,
      -0.12260326743125916,
      1.7724488973617554,
      0.3624168038368225,
      1.5852910280227661,
      0.2764279842376709,
      1.6490269899368286,
      0.3178667426109314,
      1.9414654970169067,
      0.7022989392280579,
      2.591763496398926,
      0.9970638155937195,
      2.2120721340179443,
      0.5051596164703369,
      1.084220051765442,
      0.4349611699581146,
      0.7977027893066406
    ],
    [
      3.653287649154663,
      94.56723022460938,
      1.6666697263717651,
      32.78520202636719,
      3.854982614517212,
      35.48929977416992,
      4.373412132263184,
      27.02256965637207,
      0.6802889108657837,
      15.164480209350586,
      6.043698310852051,
      28.802799224853516,
      11.782517433166504,
      31.490060806274414,
      9.968721389770508,
      22.839977264404297,
      9.766929626464844,
      13.969247817993164
    ],
    [
      -0.12260326743125916,
      1.6666697263717651,
      14.485149383544922,
      4.733157634735107,
      3.554537534713745,
      0.8944570422172546,
      -0.9985137581825256,
      -0.7445089817047119,
      0.9302727580070496,
      -0.21532101929187775,
      2.692298650741577,
      1.084186315536499,
      3.337869644165039,
      1.5351039171218872,
      4.4164581298828125,
      1.558221697807312,
      3.9416816234588623,
      2.026158094406128
    ],
    [
      1.7724488973617554,
      32.78520202636719,
      4.733157634735107,
      28.301103591918945,
      4.112449645996094,
      22.866392135620117,
      3.6559627056121826,
      17.741458892822266,
      1.1106488704681396,
      10.46608829498291,
      4.859338760375977,
      17.83614158630371,
      7.295261859893799,
      16.828611373901367,
      5.59816312789917,
      11.401039123535156,
      6.589659214019775,
      6.664155006408691
    ],
    [
      0.3624168038368225,
      3.854982614517212,
      3.554537534713745,
      4.112449645996094,
      16.27798080444336,
      8.885420799255371,
      8.774377822875977,
      2.1113977432250977,
      3.4644761085510254,
      -0.7093695998191833,
      3.7725419998168945,
      0.4920606315135956,
      5.013185977935791,
      2.3254551887512207,
      5.813916206359863,
      2.473435163497925,
      4.210033893585205,
      2.300032615661621
    ],
    [
      1.5852910280227661,
      35.48929977416992,
      0.8944570422172546,
      22.866392135620117,
      8.885420799255371,
      33.98755645751953,
      8.903337478637695,
      23.129871368408203,
      4.131664276123047,
      13.65038013458252,
      6.946232795715332,
      20.935026168823242,
      10.379104614257812,
      22.157649993896484,
      8.369287490844727,
      16.085947036743164,
      7.716929912567139,
      9.389212608337402
    ],
    [
      0.2764279842376709,
      4.373412132263184,
      -0.9985137581825256,
      3.6559627056121826,
      8.774377822875977,
      8.903337478637695,
      22.259639739990234,
      10.382597923278809,
      6.657270908355713,
      2.4153571128845215,
      3.8490359783172607,
      2.8104827404022217,
      7.169061183929443,
      3.743617534637451,
      4.434756755828857,
      3.4586989879608154,
      4.51456880569458,
      3.405283212661743
    ],
    [
      1.6490269899368286,
      27.02256965637207,
      -0.7445089817047119,
      17.741458892822266,
      2.1113977432250977,
      23.129871368408203,
      10.382597923278809,
      27.990463256835938,
      5.10963773727417,
      15.678223609924316,
      5.323885917663574,
      19.791486740112305,
      8.439287185668945,
      18.59696388244629,
      5.3672356605529785,
      13.532471656799316,
      6.124298095703125,
      7.891841411590576
    ],
    [
      0.3178667426109314,
      0.6802889108657837,
      0.9302727580070496,
      1.1106488704681396,
      3.4644761085510254,
      4.131664276123047,
      6.657270908355713,
      5.10963773727417,
      11.183107376098633,
      6.39227819442749,
      6.318792819976807,
      5.969943046569824,
      5.932004451751709,
      5.897507190704346,
      3.854182720184326,
      5.193206310272217,
      4.401022434234619,
      4.1596293449401855
    ],
    [
      1.9414654970169067,
      15.164480209350586,
      -0.21532101929187775,
      10.46608829498291,
      -0.7093695998191833,
      13.65038013458252,
      2.4153571128845215,
      15.678223609924316,
      6.39227819442749,
      17.217182159423828,
      5.468684673309326,
      17.363475799560547,
      5.836275100708008,
      15.131455421447754,
      3.5189285278320312,
      11.594645500183105,
      4.485443115234375,
      7.514923095703125
    ],
    [
      0.7022989392280579,
      6.043698310852051,
      2.692298650741577,
      4.859338760375977,
      3.7725419998168945,
      6.946232795715332,
      3.8490359783172607,
      5.323885917663574,
      6.318792819976807,
      5.468684673309326,
      12.062267303466797,
      8.684640884399414,
      8.5829439163208,
      8.774093627929688,
      5.901371002197266,
      7.66642951965332,
      6.150743007659912,
      5.69764518737793
    ],
    [
      2.591763496398926,
      28.802799224853516,
      1.084186315536499,
      17.83614158630371,
      0.4920606315135956,
      20.935026168823242,
      2.8104827404022217,
      19.791486740112305,
      5.969943046569824,
      17.363475799560547,
      8.684640884399414,
      29.176149368286133,
      10.616700172424316,
      28.173133850097656,
      7.387362957000732,
      19.29228401184082,
      7.143124103546143,
      10.317778587341309
    ],
    [
      0.9970638155937195,
      11.782517433166504,
      3.337869644165039,
      7.295261859893799,
      5.013185977935791,
      10.379104614257812,
      7.169061183929443,
      8.439287185668945,
      5.932004451751709,
      5.836275100708008,
      8.5829439163208,
      10.616700172424316,
      13.473306655883789,
      13.727334022521973,
      10.475849151611328,
      11.58230972290039,
      8.008217811584473,
      6.691766262054443
    ],
    [
      2.2120721340179443,
      31.490060806274414,
      1.5351039171218872,
      16.828611373901367,
      2.3254551887512207,
      22.157649993896484,
      3.743617534637451,
      18.59696388244629,
      5.897507190704346,
      15.131455421447754,
      8.774093627929688,
      28.173133850097656,
      13.727334022521973,
      34.52564239501953,
      11.745420455932617,
      25.085002899169922,
      9.560867309570312,
      12.567279815673828
    ],
    [
      0.5051596164703369,
      9.968721389770508,
      4.4164581298828125,
      5.59816312789917,
      5.813916206359863,
      8.369287490844727,
      4.434756755828857,
      5.3672356605529785,
      3.854182720184326,
      3.5189285278320312,
      5.901371002197266,
      7.387362957000732,
      10.475849151611328,
      11.745420455932617,
      15.415485382080078,
      12.656765937805176,
      11.679418563842773,
      8.468645095825195
    ],
    [
      1.084220051765442,
      22.839977264404297,
      1.558221697807312,
      11.401039123535156,
      2.473435163497925,
      16.085947036743164,
      3.4586989879608154,
      13.532471656799316,
      5.193206310272217,
      11.594645500183105,
      7.66642951965332,
      19.29228401184082,
      11.58230972290039,
      25.085002899169922,
      12.656765937805176,
      25.4267520904541,
      11.560407638549805,
      15.2037353515625
    ],
    [
      0.4349611699581146,
      9.766929626464844,
      3.9416816234588623,
      6.589659214019775,
      4.210033893585205,
      7.716929912567139,
      4.51456880569458,
      6.124298095703125,
      4.401022434234619,
      4.485443115234375,
      6.150743007659912,
      7.143124103546143,
      8.008217811584473,
      9.560867309570312,
      11.679418563842773,
      11.560407638549805,
      16.30548667907715,
      12.23901081085205
    ],
    [
      0.7977027893066406,
      13.969247817993164,
      2.026158094406128,
      6.664155006408691,
      2.300032615661621,
      9.389212608337402,
      3.405283212661743,
      7.891841411590576,
      4.1596293449401855,
      7.514923095703125,
      5.69764518737793,
      10.317778587341309,
      6.691766262054443,
      12.567279815673828,
      8.468645095825195,
      15.2037353515625,
      12.23901081085205,
      18.488744735717773
    ]
  ],
  "covariance_short": [
    [
      39.10136032104492,
      3.1301143169403076,
      8.305949211120605,
      1.7692744731903076,
      -0.004698118660598993,
      1.2711013555526733,
      1.472448468208313,
      2.4149227142333984,
      1.3416087627410889,
      5.546996116638184,
      0.3273140490055084,
      5.344634532928467,
      1.9355710744857788,
      2.290743827819824,
      0.08359213173389435,
      -0.4768734872341156,
      3.488173484802246,
      2.2995195388793945
    ],
    [
      3.1301143169403076,
      107.57140350341797,
      4.7679243087768555,
      35.15415573120117,
      9.978034973144531,
      31.27040672302246,
      6.69785737991333,
      22.697620391845703,
      1.821907639503479,
      14.971963882446289,
      6.1347479820251465,
      22.528152465820312,
      11.046468734741211,
      25.127336502075195,
      11.304980278015137,
      21.977298736572266,
      14.89346981048584,
      19.332260131835938
    ],
    [
      8.305949211120605,
      4.7679243087768555,
      25.166934967041016,
      8.008091926574707,
      5.9458441734313965,
      4.462059020996094,
      2.431920051574707,
      2.8858137130737305,
      4.807338714599609,
      4.493535995483398,
      6.438938140869141,
      5.969931602478027,
      6.096447944641113,
      5.113309383392334,
      6.46793270111084,
      3.0486059188842773,
      8.127714157104492,
      4.327640056610107
    ],
    [
      1.7692744731903076,
      35.15415573120117,
      8.008091926574707,
      41.1181755065918,
      9.653885841369629,
      28.083093643188477,
      8.67703914642334,
      22.24178123474121,
      2.8821892738342285,
      15.605815887451172,
      7.431644916534424,
      22.099233627319336,
      10.826035499572754,
      20.720661163330078,
      9.316306114196777,
      15.531018257141113,
      11.046878814697266,
      12.88882827758789
    ],
    [
      -0.004698118660598993,
      9.978034973144531,
      5.9458441734313965,
      9.653885841369629,
      32.47494125366211,
      17.479413986206055,
      14.940816879272461,
      7.303781032562256,
      6.527115345001221,
      3.063488721847534,
      9.089558601379395,
      5.022365093231201,
      10.684962272644043,
      7.4444708824157715,
      9.740671157836914,
      7.102508068084717,
      8.632522583007812,
      8.12263298034668
    ],
    [
      1.2711013555526733,
      31.27040672302246,
      4.462059020996094,
      28.083093643188477,
      17.479413986206055,
      44.9202995300293,
      15.049079895019531,
      27.23786163330078,
      6.38327169418335,
      18.49740982055664,
      10.150664329528809,
      24.871828079223633,
      14.910126686096191,
      25.953357696533203,
      13.011896133422852,
      20.26653480529785,
      14.682329177856445,
      17.416357040405273
    ],
    [
      1.472448468208313,
      6.69785737991333,
      2.431920051574707,
      8.67703914642334,
      14.940816879272461,
      15.049079895019531,
      36.02885818481445,
      16.24976348876953,
      13.314055442810059,
      8.010111808776855,
      10.353408813476562,
      7.885326385498047,
      13.899420738220215,
      9.012232780456543,
      8.889373779296875,
      7.923956394195557,
      8.613021850585938,
      8.797089576721191
    ],
    [
      2.4149227142333984,
      22.697620391845703,
      2.8858137130737305,
      22.24178123474121,
      7.303781032562256,
      27.23786163330078,
      16.24976348876953,
      37.151710510253906,
      8.277057647705078,
      22.529191970825195,
      8.519432067871094,
      24.529953002929688,
      12.073007583618164,
      22.407808303833008,
      9.40052318572998,
      17.18047332763672,
      11.26519775390625,
      14.177664756774902
    ],
    [
      1.3416087627410889,
      1.821907639503479,
      4.807338714599609,
      2.8821892738342285,
      6.527115345001221,
      6.38327169418335,
      13.314055442810059,
      8.277057647705078,
      21.86592674255371,
      12.026389122009277,
      12.592558860778809,
      9.727688789367676,
      10.584630966186523,
      9.175052642822266,
      7.098988056182861,
      7.922896862030029,
      7.518340110778809,
      8.393806457519531
    ],
    [
      5.546996116638184,
      14.971963882446289,
      4.493535995483398,
      15.605815887451172,
      3.063488721847534,
      18.49740982055664,
      8.010111808776855,
      22.529191970825195,
      12.026389122009277,
      30.35172462463379,
      9.624749183654785,
      26.653493881225586,
      10.839972496032715,
      22.33698272705078,
      8.29948616027832,
      16.745271682739258,
      10.387428283691406,
      14.465069770812988
    ],
    [
      0.3273140490055084,
      6.1347479820251465,
      6.438938140869141,
      7.431644916534424,
      9.089558601379395,
      10.150664329528809,
      10.353408813476562,
      8.519432067871094,
      12.592558860778809,
      9.624749183654785,
      24.437698364257812,
      13.533182144165039,
      15.81517505645752,
      13.05655288696289,
      10.054817199707031,
      11.133038520812988,
      11.200806617736816,
      11.60500717163086
    ],
    [
      5.344634532928467,
      22.528152465820312,
      5.969931602478027,
      22.099233627319336,
      5.022365093231201,
      24.871828079223633,
      7.885326385498047,
      24.529953002929688,
      9.727688789367676,
      26.653493881225586,
      13.533182144165039,
      39.88654708862305,
      16.23558807373047,
      35.24729537963867,
      12.503819465637207,
      24.659591674804688,
      13.893441200256348,
      18.917964935302734
    ],
    [
      1.9355710744857788,
      11.046468734741211,
      6.096447944641113,
      10.826035499572754,
      10.684962272644043,
      14.910126686096191,
      13.899420738220215,
      12.073007583618164,
      10.584630966186523,
      10.839972496032715,
      15.81517505645752,
      16.23558807373047,
      25.701065063476562,
      20.39345359802246,
      20.378049850463867,
      18.942893981933594,
      18.243793487548828,
      17.884916305541992
    ],
    [
      2.290743827819824,
      25.127336502075195,
      5.113309383392334,
      20.720661163330078,
      7.4444708824157715,
      25.953357696533203,
      9.012232780456543,
      22.407808303833008,
      9.175052642822266,
      22.33698272705078,
      13.05655288696289,
      35.24729537963867,
      20.39345359802246,
      43.11585235595703,
      18.647130966186523,
      33.39875793457031,
      18.06131935119629,
      24.742918014526367
    ],
    [
      0.08359213173389435,
      11.304980278015137,
      6.46793270111084,
      9.316306114196777,
      9.740671157836914,
      13.011896133422852,
      8.889373779296875,
      9.40052318572998,
      7.098988056182861,
      8.29948616027832,
      10.054817199707031,
      12.503819465637207,
      20.378049850463867,
      18.647130966186523,
      32.955265045166016,
      23.824481964111328,
      30.45462989807129,
      24.190505981445312
    ],
    [
      -0.4768734872341156,
      21.977298736572266,
      3.0486059188842773,
      15.531018257141113,
      7.102508068084717,
      20.26653480529785,
      7.923956394195557,
      17.18047332763672,
      7.922896862030029,
      16.745271682739258,
      11.133038520812988,
      24.659591674804688,
      18.942893981933594,
      33.39875793457031,
      23.824481964111328,
      38.32984924316406,
      23.94103240966797,
      32.141597747802734
    ],
    [
      3.488173484802246,
      14.89346981048584,
      8.127714157104492,
      11.046878814697266,
      8.632522583007812,
      14.682329177856445,
      8.613021850585938,
      11.26519775390625,
      7.518340110778809,
      10.387428283691406,
      11.200806617736816,
      13.893441200256348,
      18.243793487548828,
      18.06131935119629,
      30.45462989807129,
      23.94103240966797,
      45.552513122558594,
      32.8507080078125
    ],
    [
      2.2995195388793945,
      19.332260131835938,
      4.327640056610107,
      12.88882827758789,
      8.12263298034668,
      17.416357040405273,
      8.797089576721191,
      14.177664756774902,
      8.393806457519531,
      14.465069770812988,
      11.60500717163086,
      18.917964935302734,
      17.884916305541992,
      24.742918014526367,
      24.190505981445312,
      32.141597747802734,
      32.8507080078125,
      45.14340591430664
    ]
  ],
  "damage": -5.348123550415039,
  "diff_bandwidth": 833.8114624023438,
  "dissonance": 11.183223573246346,
  "drr": 5.031662464141846,
  "dynamics": 2.091805934906006,
  "format": 1245190,
  "frames": 10764288,
  "loudness": -8.499753952026367,
  "loudness_range": 4.255422115325928,
  "loudness_range_short": 7.147176265716553,
  "lowpass_true_peak_15khz": 1.1499464511871338,
  "mastering3_acoustic_entropies": [
    {
      "acoustic_entropy": 7.819390773773193,
      "acoustic_entropy_mono": 7.492008686065674,
      "band_eliminated_acoustic_entropies": [
        {
          "acoustic_entropy": 7.8102288246154785,
          "acoustic_entropy_side": 7.817916393280029,
          "hz": 129.47220167065723
        },
        {
          "acoustic_entropy": 7.664413928985596,
          "acoustic_entropy_side": 7.7870283126831055,
          "hz": 202.92927478742237
        },
        {
          "acoustic_entropy": 7.120372295379639,
          "acoustic_entropy_side": 7.80949068069458,
          "hz": 282.89161906338205
        },
        {
          "acoustic_entropy": 7.638240814208984,
          "acoustic_entropy_side": 7.678935527801514,
          "hz": 369.9353335868758
        },
        {
          "acoustic_entropy": 7.266027450561523,
          "acoustic_entropy_side": 7.6813507080078125,
          "hz": 464.6875360973435
        },
        {
          "acoustic_entropy": 8.009593963623047,
          "acoustic_entropy_side": 7.726953506469727,
          "hz": 567.8308811364784
        },
        {
          "acoustic_entropy": 8.084707260131836,
          "acoustic_entropy_side": 7.751757621765137,
          "hz": 680.1084783214808
        },
        {
          "acoustic_entropy": 8.105384826660156,
          "acoustic_entropy_side": 7.7628960609436035,
          "hz": 802.3292461747484
        },
        {
          "acoustic_entropy": 7.440502166748047,
          "acoustic_entropy_side": 7.78650426864624,
          "hz": 935.3737400823702
        },
        {
          "acoustic_entropy": 7.752087116241455,
          "acoustic_entropy_side": 7.769919395446777,
          "hz": 1080.2004963696966
        },
        {
          "acoustic_entropy": 7.751910209655762,
          "acoustic_entropy_side": 7.62558650970459,
          "hz": 1237.8529382007157
        },
        {
          "acoustic_entropy": 7.775509834289551,
          "acoustic_entropy_side": 7.751449108123779,
          "hz": 1409.4668930556702
        },
        {
          "acoustic_entropy": 7.1816725730896,
          "acoustic_entropy_side": 7.873546123504639,
          "hz": 1596.2787759475705
        },
        {
          "acoustic_entropy": 8.02916431427002,
          "acoustic_entropy_side": 7.854026794433594,
          "hz": 1799.6344973346393
        },
        {
          "acoustic_entropy": 7.527388095855713,
          "acoustic_entropy_side": 7.796330451965332,
          "hz": 2020.9991599069049
        },
        {
          "acoustic_entropy": 7.461374759674072,
          "acoustic_entropy_side": 7.815768718719482,
          "hz": 2261.9676141086993
        },
        {
          "acoustic_entropy": 7.605127811431885,
          "acoustic_entropy_side": 7.793216705322266,
          "hz": 2524.2759484456974
        },
        {
          "acoustic_entropy": 7.724205017089844,
          "acoustic_entropy_side": 7.780877113342285,
          "hz": 2809.813997359896
        },
        {
          "acoustic_entropy": 7.721952438354492,
          "acoustic_entropy_side": 7.662142276763916,
          "hz": 3120.6389567871424
        },
        {
          "acoustic_entropy": 7.135663986206055,
          "acoustic_entropy_side": 7.602545738220215,
          "hz": 3458.990205492291
        },
        {
          "acoustic_entropy": 7.406322479248047,
          "acoustic_entropy_side": 7.577489852905273,
          "hz": 3827.305438964164
        },
        {
          "acoustic_entropy": 7.467239856719971,
          "acoustic_entropy_side": 7.659151554107666,
          "hz": 4228.238232109126
        },
        {
          "acoustic_entropy": 7.675440788269043,
          "acoustic_entropy_side": 7.860860824584961,
          "hz": 4664.6771572759235
        },
        {
          "acoustic_entropy": 7.811114311218262,
          "acoustic_entropy_side": 7.804190158843994,
          "hz": 5139.766595350093
        },
        {
          "acoustic_entropy": 7.668700695037842,
          "acoustic_entropy_side": 7.815450668334961,
          "hz": 5656.929389854203
        },
        {
          "acoustic_entropy": 7.784834384918213,
          "acoustic_entropy_side": 7.85255241394043,
          "hz": 6219.891507268283
        },
        {
          "acoustic_entropy": 7.903110027313232,
          "acoustic_entropy_side": 7.903491973876953,
          "hz": 6832.70888123896
        },
        {
          "acoustic_entropy": 7.572437763214111,
          "acoustic_entropy_side": 7.79227876663208,
          "hz": 7499.796634079867
        },
        {
          "acoustic_entropy": 7.638375759124756,
          "acoustic_entropy_side": 7.765614032745361,
          "hz": 8225.96088609342
        },
        {
          "acoustic_entropy": 7.7358222007751465,
          "acoustic_entropy_side": 7.734678745269775,
          "hz": 9016.43338188839
        },
        {
          "acoustic_entropy": 7.773642539978027,
          "acoustic_entropy_side": 7.738778591156006,
          "hz": 9876.909183162974
        },
        {
          "acoustic_entropy": 7.762289047241211,
          "acoustic_entropy_side": 7.757741928100586,
          "hz": 10813.587699516042
        },
        {
          "acoustic_entropy": 7.646496772766113,
          "acoustic_entropy_side": 7.766790866851807,
          "hz": 11833.21735289826
        },
        {
          "acoustic_entropy": 7.789294719696045,
          "acoustic_entropy_side": 7.765100479125977,
          "hz": 12943.144197493959
        },
        {
          "acoustic_entropy": 7.833333492279053,
          "acoustic_entropy_side": 7.7830986976623535,
          "hz": 14151.364845322005
        },
        {
          "acoustic_entropy": 7.801521301269531,
          "acoustic_entropy_side": 7.818483352661133,
          "hz": 15466.58407886509
        },
        {
          "acoustic_entropy": 7.787905693054199,
          "acoustic_entropy_side": 7.839227199554443,
          "hz": 16898.27756580493
        },
        {
          "acoustic_entropy": 7.82521915435791,
          "acoustic_entropy_side": 7.844888210296631,
          "hz": 18456.760127700032
        },
        {
          "acoustic_entropy": 7.801250457763672,
          "acoustic_entropy_side": 7.827258586883545,
          "hz": 20153.260054456492
        },
        {
          "acoustic_entropy": 7.80515193939209,
          "acoustic_entropy_side": 7.819278240203857,
          "hz": 22000.00000000001
        }
      ],
      "diff_acoustic_entropy": 7.818203449249268,
      "sn": 6
    },
    {
      "acoustic_entropy": 11.89287281036377,
      "acoustic_entropy_mono": 11.995325088500977,
      "band_eliminated_acoustic_entropies": [
        {
          "acoustic_entropy": 12.242040634155273,
          "acoustic_entropy_side": 11.908492088317871,
          "hz": 129.47220167065723
        },
        {
          "acoustic_entropy": 12.300248146057129,
          "acoustic_entropy_side": 11.950169563293457,
          "hz": 202.92927478742237
        },
        {
          "acoustic_entropy": 12.65602970123291,
          "acoustic_entropy_side": 12.14161491394043,
          "hz": 282.89161906338205
        },
        {
          "acoustic_entropy": 11.959632873535156,
          "acoustic_entropy_side": 11.878992080688477,
          "hz": 369.9353335868758
        },
        {
          "acoustic_entropy": 11.895020484924316,
          "acoustic_entropy_side": 12.14583683013916,
          "hz": 464.6875360973435
        },
        {
          "acoustic_entropy": 12.770545959472656,
          "acoustic_entropy_side": 12.032181739807129,
          "hz": 567.8308811364784
        },
        {
          "acoustic_entropy": 12.506841659545898,
          "acoustic_entropy_side": 12.344430923461914,
          "hz": 680.1084783214808
        },
        {
          "acoustic_entropy": 12.509328842163086,
          "acoustic_entropy_side": 12.064470291137695,
          "hz": 802.3292461747484
        },
        {
          "acoustic_entropy": 11.87661075592041,
          "acoustic_entropy_side": 12.205297470092773,
          "hz": 935.3737400823702
        },
        {
          "acoustic_entropy": 12.407041549682617,
          "acoustic_entropy_side": 11.617229461669922,
          "hz": 1080.2004963696966
        },
        {
          "acoustic_entropy": 11.554717063903809,
          "acoustic_entropy_side": 11.703115463256836,
          "hz": 1237.8529382007157
        },
        {
          "acoustic_entropy": 12.609038352966309,
          "acoustic_entropy_side": 11.763214111328125,
          "hz": 1409.4668930556702
        },
        {
          "acoustic_entropy": 12.209529876708984,
          "acoustic_entropy_side": 11.813750267028809,
          "hz": 1596.2787759475705
        },
        {
          "acoustic_entropy": 12.216325759887695,
          "acoustic_entropy_side": 11.679383277893066,
          "hz": 1799.6344973346393
        },
        {
          "acoustic_entropy": 12.68232250213623,
          "acoustic_entropy_side": 12.1528959274292,
          "hz": 2020.9991599069049
        },
        {
          "acoustic_entropy": 12.09371566772461,
          "acoustic_entropy_side": 11.852747917175293,
          "hz": 2261.9676141086993
        },
        {
          "acoustic_entropy": 11.678272247314453,
          "acoustic_entropy_side": 11.642509460449219,
          "hz": 2524.2759484456974
        },
        {
          "acoustic_entropy": 11.837631225585938,
          "acoustic_entropy_side": 11.792937278747559,
          "hz": 2809.813997359896
        },
        {
          "acoustic_entropy": 12.33072566986084,
          "acoustic_entropy_side": 12.035087585449219,
          "hz": 3120.6389567871424
        },
        {
          "acoustic_entropy": 11.316338539123535,
          "acoustic_entropy_side": 11.864086151123047,
          "hz": 3458.990205492291
        },
        {
          "acoustic_entropy": 11.630392074584961,
          "acoustic_entropy_side": 12.018179893493652,
          "hz": 3827.305438964164
        },
        {
          "acoustic_entropy": 12.270965576171875,
          "acoustic_entropy_side": 12.05782413482666,
          "hz": 4228.238232109126
        },
        {
          "acoustic_entropy": 12.176168441772461,
          "acoustic_entropy_side": 11.203182220458984,
          "hz": 4664.6771572759235
        },
        {
          "acoustic_entropy": 12.089910507202148,
          "acoustic_entropy_side": 11.691804885864258,
          "hz": 5139.766595350093
        },
        {
          "acoustic_entropy": 11.745848655700684,
          "acoustic_entropy_side": 11.790420532226562,
          "hz": 5656.929389854203
        },
        {
          "acoustic_entropy": 11.71887493133545,
          "acoustic_entropy_side": 11.731561660766602,
          "hz": 6219.891507268283
        },
        {
          "acoustic_entropy": 11.788138389587402,
          "acoustic_entropy_side": 11.788203239440918,
          "hz": 6832.70888123896
        },
        {
          "acoustic_entropy": 11.874320983886719,
          "acoustic_entropy_side": 11.841001510620117,
          "hz": 7499.796634079867
        },
        {
          "acoustic_entropy": 12.03136157989502,
          "acoustic_entropy_side": 11.894424438476562,
          "hz": 8225.96088609342
        },
        {
          "acoustic_entropy": 11.874364852905273,
          "acoustic_entropy_side": 11.877357482910156,
          "hz": 9016.43338188839
        },
        {
          "acoustic_entropy": 11.837151527404785,
          "acoustic_entropy_side": 11.866983413696289,
          "hz": 9876.909183162974
        },
        {
          "acoustic_entropy": 11.789152145385742,
          "acoustic_entropy_side": 11.861104965209961,
          "hz": 10813.587699516042
        },
        {
          "acoustic_entropy": 11.875345230102539,
          "acoustic_entropy_side": 11.861196517944336,
          "hz": 11833.21735289826
        },
        {
          "acoustic_entropy": 11.823953628540039,
          "acoustic_entropy_side": 11.81699275970459,
          "hz": 12943.144197493959
        },
        {
          "acoustic_entropy": 11.759421348571777,
          "acoustic_entropy_side": 11.835152626037598,
          "hz": 14151.364845322005
        },
        {
          "acoustic_entropy": 11.948528289794922,
          "acoustic_entropy_side": 11.845388412475586,
          "hz": 15466.58407886509
        },
        {
          "acoustic_entropy": 12.210397720336914,
          "acoustic_entropy_side": 11.870147705078125,
          "hz": 16898.27756580493
        },
        {
          "acoustic_entropy": 12.436028480529785,
          "acoustic_entropy_side": 11.916671752929688,
          "hz": 18456.760127700032
        },
        {
          "acoustic_entropy": 12.330163955688477,
          "acoustic_entropy_side": 11.88835620880127,
          "hz": 20153.260054456492
        },
        {
          "acoustic_entropy": 12.1036376953125,
          "acoustic_entropy_side": 11.887398719787598,
          "hz": 22000.00000000001
        }
      ],
      "diff_acoustic_entropy": 12.80140495300293,
      "sn": 12
    },
    {
      "acoustic_entropy": 18.674951553344727,
      "acoustic_entropy_mono": 16.548946380615234,
      "band_eliminated_acoustic_entropies": [
        {
          "acoustic_entropy": 18.515777587890625,
          "acoustic_entropy_side": 18.406158447265625,
          "hz": 129.47220167065723
        },
        {
          "acoustic_entropy": 18.639785766601562,
          "acoustic_entropy_side": 18.71298599243164,
          "hz": 202.92927478742237
        },
        {
          "acoustic_entropy": 18.54895782470703,
          "acoustic_entropy_side": 18.80375099182129,
          "hz": 282.89161906338205
        },
        {
          "acoustic_entropy": 18.338335037231445,
          "acoustic_entropy_side": 18.6414737701416,
          "hz": 369.9353335868758
        },
        {
          "acoustic_entropy": 18.5174617767334,
          "acoustic_entropy_side": 18.761707305908203,
          "hz": 464.6875360973435
        },
        {
          "acoustic_entropy": 18.47620391845703,
          "acoustic_entropy_side": 18.153217315673828,
          "hz": 567.8308811364784
        },
        {
          "acoustic_entropy": 18.059606552124023,
          "acoustic_entropy_side": 19.049158096313477,
          "hz": 680.1084783214808
        },
        {
          "acoustic_entropy": 18.21735954284668,
          "acoustic_entropy_side": 18.623350143432617,
          "hz": 802.3292461747484
        },
        {
          "acoustic_entropy": 18.79312515258789,
          "acoustic_entropy_side": 18.721925735473633,
          "hz": 935.3737400823702
        },
        {
          "acoustic_entropy": 18.52004623413086,
          "acoustic_entropy_side": 19.12307357788086,
          "hz": 1080.2004963696966
        },
        {
          "acoustic_entropy": 18.906789779663086,
          "acoustic_entropy_side": 17.877227783203125,
          "hz": 1237.8529382007157
        },
        {
          "acoustic_entropy": 19.27655029296875,
          "acoustic_entropy_side": 18.73494529724121,
          "hz": 1409.4668930556702
        },
        {
          "acoustic_entropy": 19.22174072265625,
          "acoustic_entropy_side": 18.655107498168945,
          "hz": 1596.2787759475705
        },
        {
          "acoustic_entropy": 18.826080322265625,
          "acoustic_entropy_side": 18.83606719970703,
          "hz": 1799.6344973346393
        },
        {
          "acoustic_entropy": 18.210792541503906,
          "acoustic_entropy_side": 18.270099639892578,
          "hz": 2020.9991599069049
        },
        {
          "acoustic_entropy": 18.95647430419922,
          "acoustic_entropy_side": 18.677677154541016,
          "hz": 2261.9676141086993
        },
        {
          "acoustic_entropy": 19.177288055419922,
          "acoustic_entropy_side": 18.692026138305664,
          "hz": 2524.2759484456974
        },
        {
          "acoustic_entropy": 19.29741859436035,
          "acoustic_entropy_side": 18.875497817993164,
          "hz": 2809.813997359896
        },
        {
          "acoustic_entropy": 18.7677001953125,
