{
  "acoustic_entropy": 101.38887023925781,
  "bands": [
    {
      "high_freq": 148.1999969482422,
      "loudness": -72.8395767211914,
      "loudness_range": 18.409957885742188,
      "mid_mean": -65.90715026855469,
      "mid_to_side_loudness": -14.51250171661377,
      "mid_to_side_loudness_range": 8.804430961608887,
      "side_mean": -69.44593048095703
    },
    {
      "high_freq": 392.3793640136719,
      "loudness": -52.80268859863281,
      "loudness_range": 26.962894439697266,
      "low_freq": 148.1999969482422,
      "mid_mean": -50.944732666015625,
      "mid_to_side_loudness": -10.231456756591797,
      "mid_to_side_loudness_range": 12.418980598449707,
      "side_mean": -59.17806625366211
    },
    {
      "high_freq": 794.6976318359375,
      "loudness": -39.43760681152344,
      "loudness_range": 28.26460075378418,
      "low_freq": 392.3793640136719,
      "mid_mean": -38.71251678466797,
      "mid_to_side_loudness": -8.692068099975586,
      "mid_to_side_loudness_range": 9.120223999023438,
      "side_mean": -51.12075424194336
    },
    {
      "high_freq": 1457.5709228515625,
      "loudness": -53.45207977294922,
      "loudness_range": 28.846527099609375,
      "low_freq": 794.6976318359375,
      "mid_mean": -53.121463775634766,
      "mid_to_side_loudness": -6.0183305740356445,
      "mid_to_side_loudness_range": 10.06866455078125,
      "side_mean": -57.91656494140625
    },
    {
      "high_freq": 2549.74365234375,
      "loudness": -59.09149169921875,
      "loudness_range": 34.202388763427734,
      "low_freq": 1457.5709228515625,
      "mid_mean": -58.53709411621094,
      "mid_to_side_loudness": -8.036698341369629,
      "mid_to_side_loudness_range": 9.223801612854004,
      "side_mean": -63.409183502197266
    },
    {
      "high_freq": 4349.24462890625,
      "loudness": -60.1623420715332,
      "loudness_range": 35.052154541015625,
      "low_freq": 2549.74365234375,
      "mid_mean": -61.89482879638672,
      "mid_to_side_loudness": -7.989248752593994,
      "mid_to_side_loudness_range": 9.363646507263184,
      "side_mean": -65.68417358398438
    },
    {
      "high_freq": 7314.1640625,
      "loudness": -72.0436019897461,
      "loudness_range": 23.165794372558594,
      "low_freq": 4349.24462890625,
      "mid_mean": -67.6902847290039,
      "mid_to_side_loudness": -6.602902889251709,
      "mid_to_side_loudness_range": 10.507933616638184,
      "side_mean": -69.19194030761719
    },
    {
      "high_freq": 12199.2666015625,
      "loudness": -76.88613891601562,
      "loudness_range": 17.93401336669922,
      "low_freq": 7314.1640625,
      "mid_mean": -69.16802215576172,
      "mid_to_side_loudness": -4.710163593292236,
      "mid_to_side_loudness_range": 8.384435653686523,
      "side_mean": -69.72906494140625
    },
    {
      "loudness": -82.79566192626953,
      "loudness_range": 12.520538330078125,
      "low_freq": 12199.2666015625,
      "mid_mean": -69.87630462646484,
      "mid_to_side_loudness": -2.3651623725891113,
      "mid_to_side_loudness_range": 4.271746635437012,
      "side_mean": -69.94586181640625
    }
  ],
  "bands_short": [
    {
      "high_freq": 148.1999969482422,
      "loudness": -75.12696075439453,
      "loudness_range": 16.514144897460938,
      "mid_mean": -66.97618103027344,
      "mid_to_side_loudness": -16.683616638183594,
      "mid_to_side_loudness_range": 14.776752471923828,
      "side_mean": -69.8867416381836
    },
    {
      "high_freq": 392.3793640136719,
      "loudness": -55.095298767089844,
      "loudness_range": 26.733863830566406,
      "low_freq": 148.1999969482422,
      "mid_mean": -52.87168884277344,
      "mid_to_side_loudness": -10.58445930480957,
      "mid_to_side_loudness_range": 13.613652229309082,
      "side_mean": -61.07981872558594
    },
    {
      "high_freq": 794.6976318359375,
      "loudness": -40.60551834106445,
      "loudness_range": 27.164485931396484,
      "low_freq": 392.3793640136719,
      "mid_mean": -39.056129455566406,
      "mid_to_side_loudness": -8.229470252990723,
      "mid_to_side_loudness_range": 14.706815719604492,
      "side_mean": -50.52425765991211
    },
    {
      "high_freq": 1457.5709228515625,
      "loudness": -53.82392883300781,
      "loudness_range": 30.362804412841797,
      "low_freq": 794.6976318359375,
      "mid_mean": -53.722923278808594,
      "mid_to_side_loudness": -5.85323429107666,
      "mid_to_side_loudness_range": 11.688714981079102,
      "side_mean": -58.26871871948242
    },
    {
      "high_freq": 2549.74365234375,
      "loudness": -59.60733413696289,
      "loudness_range": 34.02165603637695,
      "low_freq": 1457.5709228515625,
      "mid_mean": -59.18961715698242,
      "mid_to_side_loudness": -7.849238395690918,
      "mid_to_side_loudness_range": 12.069816589355469,
      "side_mean": -63.798892974853516
    },
    {
      "high_freq": 4349.24462890625,
      "loudness": -60.61870193481445,
      "loudness_range": 34.90510177612305,
      "low_freq": 2549.74365234375,
      "mid_mean": -62.39754104614258,
      "mid_to_side_loudness": -7.646491050720215,
      "mid_to_side_loudness_range": 12.09382438659668,
      "side_mean": -65.90660858154297
    },
    {
      "high_freq": 7314.1640625,
      "loudness": -71.90479278564453,
      "loudness_range": 23.886295318603516,
      "low_freq": 4349.24462890625,
      "mid_mean": -67.85697937011719,
      "mid_to_side_loudness": -6.504906177520752,
      "mid_to_side_loudness_range": 11.661539077758789,
      "side_mean": -69.2457275390625
    },
    {
      "high_freq": 12199.2666015625,
      "loudness": -76.83633422851562,
      "loudness_range": 18.55290985107422,
      "low_freq": 7314.1640625,
      "mid_mean": -69.24999237060547,
      "mid_to_side_loudness": -4.516953945159912,
      "mid_to_side_loudness_range": 8.911191940307617,
      "side_mean": -69.75273132324219
    },
    {
      "loudness": -82.84430694580078,
      "loudness_range": 13.767631530761719,
      "low_freq": 12199.2666015625,
      "mid_mean": -69.88040161132812,
      "mid_to_side_loudness": -2.316370725631714,
      "mid_to_side_loudness_range": 5.003725528717041,
      "side_mean": -69.94676208496094
    }
  ],
  "bandwidth": 755.5734252929688,
  "channels": 2,
  "covariance": [
    [
      15.324773788452148,
      3.834944486618042,
      16.785266876220703,
      11.054628372192383,
      1.8880332708358765,
      8.605046272277832,
      4.033592700958252,
      3.3716838359832764,
      3.0954596996307373,
      1.5139721632003784,
      0.6012229919433594,
      0.5784998536109924,
      1.9080246686935425,
      0.9280692338943481,
      0.4757847785949707,
      0.18680424988269806,
      0.07076696306467056,
      0.028552543371915817
    ],
    [
      3.834944486618042,
      1.7411218881607056,
      4.0720415115356445,
      2.535695791244507,
      0.5264014005661011,
      2.6086485385894775,
      0.69061678647995,
      0.28457754850387573,
      1.0495883226394653,
      0.35461968183517456,
      0.5560020208358765,
      0.4018232524394989,
      0.888303816318512,
      0.30771297216415405,
      0.1267320215702057,
      0.010943337343633175,
      0.0075294082053005695,
      0.0026057553477585316
    ],
    [
      16.785266876220703,
      4.0720415115356445,
      96.64280700683594,
      71.36878204345703,
      19.80742835998535,
      51.25697326660156,
      32.01055145263672,
      23.24285316467285,
      30.123594284057617,
      19.244773864746094,
      33.442718505859375,
      19.83498764038086,
      11.787081718444824,
      4.939530849456787,
      4.1742401123046875,
      1.5953233242034912,
      0.5238855481147766,
      0.2032330483198166
    ],
    [
      11.054628372192383,
      2.535695791244507,
      71.36878204345703,
      65.49658203125,
      13.003948211669922,
      28.689319610595703,
      17.35188865661621,
      12.556443214416504,
      18.719274520874023,
      12.534355163574219,
      22.683687210083008,
      13.151418685913086,
      7.476169109344482,
      3.625932216644287,
      2.8755767345428467,
      1.2786006927490234,
      0.5038091540336609,
      0.215779647231102
    ],
    [
      1.8880332708358765,
      0.5264014005661011,
      19.80742835998535,
      13.003948211669922,
      137.820068359375,
      126.71885681152344,
      68.34626770019531,
      58.900413513183594,
      82.51961517333984,
      55.66572189331055,
      78.90351867675781,
      49.86445999145508,
      27.61998748779297,
      10.556562423706055,
      8.882880210876465,
      3.1277313232421875,
      1.1089187860488892,
      0.3867862820625305
    ],
    [
      8.605046272277832,
      2.6086485385894775,
      51.25697326660156,
      28.689319610595703,
      126.71885681152344,
      172.8637237548828,
      96.70932006835938,
      77.31922912597656,
      101.71553039550781,
      66.318115234375,
      96.23271179199219,
      59.41557693481445,
      33.24262619018555,
      13.004935264587402,
      11.1308012008667,
      3.9071097373962402,
      1.4178928136825562,
      0.51060950756073
    ],
    [
      4.033592700958252,
      0.69061678647995,
      32.01055145263672,
      17.35188865661621,
      68.34626770019531,
      96.70932006835938,
      113.35199737548828,
      95.76538848876953,
      69.89324188232422,
      48.39865493774414,
      67.63336944580078,
      45.25998306274414,
      26.11468505859375,
      13.027647972106934,
      9.77092456817627,
      4.487809658050537,
      1.9471017122268677,
      0.8248998522758484
    ],
    [
      3.3716838359832764,
      0.28457754850387573,
      23.24285316467285,
      12.556443214416504,
      58.900413513183594,
      77.31922912597656,
      95.76538848876953,
      91.02325439453125,
      57.96146011352539,
      41.39323043823242,
      58.116477966308594,
      39.82708740234375,
      22.69301986694336,
      11.471281051635742,
      8.592576026916504,
      4.116453170776367,
      1.7792673110961914,
      0.7625224590301514
    ],
    [
      3.0954596996307373,
      1.0495883226394653,
      30.123594284057617,
      18.719274520874023,
      82.51961517333984,
      101.71553039550781,
      69.89324188232422,
      57.96146011352539,
      117.66783905029297,
      80.6821517944336,
      84.96326446533203,
      55.93656539916992,
      31.3271484375,
      13.952713012695312,
      11.438933372497559,
      4.4543070793151855,
      1.8276689052581787,
      0.6910125613212585
    ],
    [
      1.5139721632003784,
      0.35461968183517456,
      19.244773864746094,
      12.534355163574219,
      55.66572189331055,
      66.318115234375,
      48.39865493774414,
      41.39323043823242,
      80.6821517944336,
      59.32587814331055,
      59.02273941040039,
      39.62942123413086,
      22.53738784790039,
      10.663226127624512,
      8.663681030273438,
      3.578338384628296,
      1.4855316877365112,
      0.5750243067741394
    ],
    [
      0.6012229919433594,
      0.5560020208358765,
      33.442718505859375,
      22.683687210083008,
      78.90351867675781,
      96.23271179199219,
      67.63336944580078,
      58.116477966308594,
      84.96326446533203,
      59.02273941040039,
      103.48883819580078,
      69.77153778076172,
      36.79121017456055,
      16.246706008911133,
      13.562603950500488,
      5.4190287590026855,
      2.0538272857666016,
      0.797492504119873
    ],
    [
      0.5784998536109924,
      0.4018232524394989,
      19.83498764038086,
      13.151418685913086,
      49.86445999145508,
      59.41557693481445,
      45.25998306274414,
      39.82708740234375,
      55.93656539916992,
      39.62942123413086,
      69.77153778076172,
      51.28386306762695,
      26.78525733947754,
      12.586257934570312,
      10.133393287658691,
      4.256796836853027,
      1.603638768196106,
      0.6372363567352295
    ],
    [
      1.9080246686935425,
      0.888303816318512,
      11.787081718444824,
      7.476169109344482,
      27.61998748779297,
      33.24262619018555,
      26.11468505859375,
      22.69301986694336,
      31.3271484375,
      22.53738784790039,
      36.79121017456055,
      26.78525733947754,
      19.072994232177734,
      9.438531875610352,
      7.432367324829102,
      3.299447536468506,
      1.329176425933838,
      0.5510944128036499
    ],
    [
      0.9280692338943481,
      0.30771297216415405,
      4.939530849456787,
      3.625932216644287,
      10.556562423706055,
      13.004935264587402,
      13.027647972106934,
      11.471281051635742,
      13.952713012695312,
      10.663226127624512,
      16.246706008911133,
      12.586257934570312,
      9.438531875610352,
      5.643144130706787,
      4.160761833190918,
      2.123443841934204,
      0.9058969020843506,
      0.39747777581214905
    ],
    [
      0.4757847785949707,
      0.1267320215702057,
      4.1742401123046875,
      2.8755767345428467,
      8.882880210876465,
      11.1308012008667,
      9.77092456817627,
      8.592576026916504,
      11.438933372497559,
      8.663681030273438,
      13.562603950500488,
      10.133393287658691,
      7.432367324829102,
      4.160761833190918,
      4.056934833526611,
      1.9541898965835571,
      0.7098108530044556,
      0.2985032796859741
    ],
    [
      0.18680424988269806,
      0.010943337343633175,
      1.5953233242034912,
      1.2786006927490234,
      3.1277313232421875,
      3.9071097373962402,
      4.487809658050537,
      4.116453170776367,
      4.4543070793151855,
      3.578338384628296,
      5.4190287590026855,
      4.256796836853027,
      3.299447536468506,
      2.123443841934204,
      1.9541898965835571,
      1.1089434623718262,
      0.4239506423473358,
      0.18812735378742218
    ],
    [
      0.07076696306467056,
      0.0075294082053005695,
      0.5238855481147766,
      0.5038091540336609,
      1.1089187860488892,
      1.4178928136825562,
      1.9471017122268677,
      1.7792673110961914,
      1.8276689052581787,
      1.4855316877365112,
      2.0538272857666016,
      1.603638768196106,
      1.329176425933838,
      0.9058969020843506,
      0.7098108530044556,
      0.4239506423473358,
      0.2419961541891098,
      0.11092956364154816
    ],
    [
      0.028552543371915817,
      0.0026057553477585316,
      0.2032330483198166,
      0.215779647231102,
      0.3867862820625305,
      0.51060950756073,
      0.8248998522758484,
      0.7625224590301514,
      0.6910125613212585,
      0.5750243067741394,
      0.797492504119873,
      0.6372363567352295,
      0.5510944128036499,
      0.39747777581214905,
      0.2985032796859741,
      0.18812735378742218,
      0.11092956364154816,
      0.05256635695695877
    ]
  ],
  "covariance_short": [
    [
      11.379980087280273,
      0.45767897367477417,
      11.468893051147461,
      7.289283275604248,
      1.4402508735656738,
      6.62524938583374,
      3.1141281127929688,
      3.568314790725708,
      1.5919913053512573,
      0.8102768659591675,
      -0.24708746373653412,
      -0.046303216367959976,
      0.8100274801254272,
      0.4717431664466858,
      0.19377343356609344,
      0.10851055383682251,
      0.045021526515483856,
      0.017394116148352623
    ],
    [
      0.45767897367477417,
      0.0539107471704483,
      0.6051809191703796,
      0.431406706571579,
      0.1556824892759323,
      0.34145262837409973,
      0.22554276883602142,
      0.2190496027469635,
      0.16574497520923615,
      0.10957005620002747,
      0.09671147167682648,
      0.07125522196292877,
      0.09273967146873474,
      0.05123161897063255,
      0.03502056002616882,
      0.020517924800515175,
      0.009235570207238197,
      0.003984473645687103
    ],
    [
      11.468893051147461,
      0.6051809191703796,
      87.24633026123047,
      58.72895050048828,
      15.304099082946777,
      55.11555480957031,
      31.940656661987305,
      25.54646110534668,
      27.975828170776367,
      17.66200065612793,
      27.13188934326172,
      16.262529373168945,
      9.423882484436035,
      3.830406904220581,
      2.96755051612854,
      1.181713581085205,
      0.4617314040660858,
      0.18661895394325256
    ],
    [
      7.289283275604248,
      0.431406706571579,
      58.72895050048828,
      52.953853607177734,
      12.620137214660645,
      41.51914978027344,
      21.562463760375977,
      17.5216007232666,
      20.827552795410156,
      13.9031400680542,
      20.17057991027832,
      12.164369583129883,
      6.944008827209473,
      3.0930304527282715,
      2.2932968139648438,
      1.0295673608779907,
      0.4960289001464844,
      0.21524246037006378
    ],
    [
      1.4402508735656738,
      0.1556824892759323,
      15.304099082946777,
      12.620137214660645,
      116.29283142089844,
      95.34976196289062,
      66.06866455078125,
      59.16419982910156,
      77.10649108886719,
      51.743770599365234,
      70.85404205322266,
      44.27553176879883,
      22.877103805541992,
      8.169977188110352,
      6.742092132568359,
      2.0701935291290283,
      0.6987086534500122,
      0.21426604688167572
    ],
    [
      6.62524938583374,
      0.34145262837409973,
      55.11555480957031,
      41.51914978027344,
      95.34976196289062,
      147.80104064941406,
      81.61957550048828,
      70.8259048461914,
      88.43421173095703,
      56.85023880004883,
      82.24046325683594,
      51.24666213989258,
      26.73935890197754,
      10.14794921875,
      8.38981819152832,
      2.7880654335021973,
      0.9828012585639954,
      0.3393736183643341
    ],
    [
      3.1141281127929688,
      0.22554276883602142,
      31.940656661987305,
      21.562463760375977,
      66.06866455078125,
      81.61957550048828,
      119.81790161132812,
      101.40678405761719,
      69.95117950439453,
      47.96730041503906,
      67.04637145996094,
      45.5013542175293,
      26.54029083251953,
      13.047422409057617,
      9.317617416381836,
      4.203770637512207,
      1.8532438278198242,
      0.7784790992736816
    ],
    [
      3.568314790725708,
      0.2190496027469635,
      25.54646110534668,
      17.5216007232666,
      59.16419982910156,
      70.8259048461914,
      101.40678405761719,
      99.08915710449219,
      62.425994873046875,
      43.458072662353516,
      61.47786331176758,
      42.678001403808594,
      25.180667877197266,
      12.382296562194824,
      8.7794189453125,
      3.9825644493103027,
      1.7394733428955078,
      0.7418157458305359
    ],
    [
      1.5919913053512573,
      0.16574497520923615,
      27.975828170776367,
      20.827552795410156,
      77.10649108886719,
      88.43421173095703,
      69.95117950439453,
      62.425994873046875,
      113.47570037841797,
      76.47434997558594,
      80.34848022460938,
      53.28823471069336,
      28.965988159179688,
      12.681988716125488,
      10.222920417785645,
      3.8972907066345215,
      1.6923067569732666,
      0.6461927890777588
    ],
    [
      0.8102768659591675,
      0.10957005620002747,
      17.66200065612793,
      13.9031400680542,
      51.743770599365234,
      56.85023880004883,
      47.96730041503906,
      43.458072662353516,
      76.47434997558594,
      57.520938873291016,
      55.489070892333984,
      37.538143157958984,
      20.723339080810547,
      9.559126853942871,
      7.707642555236816,
      3.1449615955352783,
      1.3754268884658813,
      0.5390613675117493
    ],
    [
      -0.24708746373653412,
      0.09671147167682648,
      27.13188934326172,
      20.17057991027832,
      70.85404205322266,
      82.24046325683594,
      67.04637145996094,
      61.47786331176758,
      80.34848022460938,
      55.489070892333984,
      99.7694320678711,
      66.5169906616211,
      33.969024658203125,
      14.951847076416016,
      12.15786075592041,
      4.806079864501953,
      1.8777186870574951,
      0.7251088619232178
    ],
    [
      -0.046303216367959976,
      0.07125522196292877,
      16.262529373168945,
      12.164369583129883,
      44.27553176879883,
      51.24666213989258,
      45.5013542175293,
      42.678001403808594,
      53.28823471069336,
      37.538143157958984,
      66.5169906616211,
      49.096588134765625,
      24.815174102783203,
      11.568479537963867,
      9.17652416229248,
      3.835801601409912,
      1.4848747253417969,
      0.5876114964485168
    ],
    [
      0.8100274801254272,
      0.09273967146873474,
      9.423882484436035,
      6.944008827209473,
      22.877103805541992,
      26.73935890197754,
      26.54029083251953,
      25.180667877197266,
      28.965988159179688,
      20.723339080810547,
      33.969024658203125,
      24.815174102783203,
      18.429176330566406,
      8.897443771362305,
      6.822856903076172,
      3.030431032180786,
      1.2519711256027222,
      0.5130656957626343
    ],
    [
      0.4717431664466858,
      0.05123161897063255,
      3.830406904220581,
      3.0930304527282715,
      8.169977188110352,
      10.14794921875,
      13.047422409057617,
      12.382296562194824,
      12.681988716125488,
      9.559126853942871,
      14.951847076416016,
      11.568479537963867,
      8.897443771362305,
      5.271848678588867,
      3.7936840057373047,
      1.9232722520828247,
      0.8119891285896301,
      0.34739410877227783
    ],
    [
      0.19377343356609344,
      0.03502056002616882,
      2.96755051612854,
      2.2932968139648438,
      6.742092132568359,
      8.38981819152832,
      9.317617416381836,
      8.7794189453125,
      10.222920417785645,
      7.707642555236816,
      12.15786075592041,
      9.17652416229248,
      6.822856903076172,
      3.7936840057373047,
      3.852261543273926,
      1.8205835819244385,
      0.7025254368782043,
      0.295660138130188
    ],
    [
      0.10851055383682251,
      0.020517924800515175,
      1.181713581085205,
      1.0295673608779907,
      2.0701935291290283,
      2.7880654335021973,
      4.203770637512207,
      3.9825644493103027,
      3.8972907066345215,
      3.1449615955352783,
      4.806079864501953,
      3.835801601409912,
      3.030431032180786,
      1.9232722520828247,
      1.8205835819244385,
      1.0363261699676514,
      0.4159351587295532,
      0.1838366985321045
    ],
    [
      0.045021526515483856,
      0.009235570207238197,
      0.4617314040660858,
      0.4960289001464844,
      0.6987086534500122,
      0.9828012585639954,
      1.8532438278198242,
      1.7394733428955078,
      1.6923067569732666,
      1.3754268884658813,
      1.8777186870574951,
      1.4848747253417969,
      1.2519711256027222,
      0.8119891285896301,
      0.7025254368782043,
      0.4159351587295532,
      0.25673985481262207,
      0.11746105551719666
    ],
    [
      0.017394116148352623,
      0.003984473645687103,
      0.18661895394325256,
      0.21524246037006378,
      0.21426604688167572,
      0.3393736183643341,
      0.7784790992736816,
      0.7418157458305359,
      0.6461927890777588,
      0.5390613675117493,
      0.7251088619232178,
      0.5876114964485168,
      0.5130656957626343,
      0.34739410877227783,
      0.295660138130188,
      0.1838366985321045,
      0.11746105551719666,
      0.0575556606054306
    ]
  ],
  "damage": -20.007226943969727,
  "diff_bandwidth": 773.29443359375,
  "dissonance": 6.824296052364078,
  "drr": 7.25838565826416,
  "dynamics": 7.2746171951293945,
  "format": 1245190,
  "frames": 12388352,
  "loudness": -34.27779769897461,
  "loudness_range": 24.905683517456055,
  "loudness_range_short": 26.478025436401367,
  "lowpass_true_peak_15khz": -4.3405327796936035,
  "mastering3_acoustic_entropies": [
    {
      "acoustic_entropy": 7.061361312866211,
      "acoustic_entropy_mono": 7.0401692390441895,
      "band_eliminated_acoustic_entropies": [
        {
          "acoustic_entropy": 7.061363697052002,
          "acoustic_entropy_side": 7.061360836029053,
          "hz": 129.47220167065723
        },
        {
          "acoustic_entropy": 7.06431245803833,
          "acoustic_entropy_side": 7.061361789703369,
          "hz": 202.92927478742237
        },
        {
          "acoustic_entropy": 7.1221022605896,
          "acoustic_entropy_side": 7.061884880065918,
          "hz": 282.89161906338205
        },
        {
          "acoustic_entropy": 7.04993200302124,
          "acoustic_entropy_side": 7.07195520401001,
          "hz": 369.9353335868758
        },
        {
          "acoustic_entropy": 7.423026084899902,
          "acoustic_entropy_side": 7.203139781951904,
          "hz": 464.6875360973435
        },
        {
          "acoustic_entropy": 7.236733913421631,
          "acoustic_entropy_side": 7.231007099151611,
          "hz": 567.8308811364784
        },
        {
          "acoustic_entropy": 6.829431056976318,
          "acoustic_entropy_side": 7.240952014923096,
          "hz": 680.1084783214808
        },
        {
          "acoustic_entropy": 6.856759071350098,
          "acoustic_entropy_side": 6.999268531799316,
          "hz": 802.3292461747484
        },
        {
          "acoustic_entropy": 6.601192474365234,
          "acoustic_entropy_side": 7.007025241851807,
          "hz": 935.3737400823702
        },
        {
          "acoustic_entropy": 6.662035942077637,
          "acoustic_entropy_side": 7.037180423736572,
          "hz": 1080.2004963696966
        },
        {
          "acoustic_entropy": 6.93924617767334,
          "acoustic_entropy_side": 6.947538375854492,
          "hz": 1237.8529382007157
        },
        {
          "acoustic_entropy": 7.1598591804504395,
          "acoustic_entropy_side": 7.053686141967773,
          "hz": 1409.4668930556702
        },
        {
          "acoustic_entropy": 7.005969524383545,
          "acoustic_entropy_side": 7.021731376647949,
          "hz": 1596.2787759475705
        },
        {
          "acoustic_entropy": 7.037225246429443,
          "acoustic_entropy_side": 7.0766143798828125,
          "hz": 1799.6344973346393
        },
        {
          "acoustic_entropy": 6.982341289520264,
          "acoustic_entropy_side": 7.069255352020264,
          "hz": 2020.9991599069049
        },
        {
          "acoustic_entropy": 7.07888126373291,
          "acoustic_entropy_side": 7.061674118041992,
          "hz": 2261.9676141086993
        },
        {
          "acoustic_entropy": 7.050826072692871,
          "acoustic_entropy_side": 7.061969757080078,
          "hz": 2524.2759484456974
        },
        {
          "acoustic_entropy": 7.098638534545898,
          "acoustic_entropy_side": 7.0638203620910645,
          "hz": 2809.813997359896
        },
        {
          "acoustic_entropy": 7.1627631187438965,
          "acoustic_entropy_side": 7.105617523193359,
          "hz": 3120.6389567871424
        },
        {
          "acoustic_entropy": 7.092997074127197,
          "acoustic_entropy_side": 7.081306457519531,
          "hz": 3458.990205492291
        },
        {
          "acoustic_entropy": 7.006725311279297,
          "acoustic_entropy_side": 7.064126014709473,
          "hz": 3827.305438964164
        },
        {
          "acoustic_entropy": 7.062255859375,
          "acoustic_entropy_side": 7.060853481292725,
          "hz": 4228.238232109126
        },
        {
          "acoustic_entropy": 7.060577392578125,
          "acoustic_entropy_side": 7.061389923095703,
          "hz": 4664.6771572759235
        },
        {
          "acoustic_entropy": 7.061312198638916,
          "acoustic_entropy_side": 7.061023235321045,
          "hz": 5139.766595350093
        },
        {
          "acoustic_entropy": 7.060558319091797,
          "acoustic_entropy_side": 7.061308860778809,
          "hz": 5656.929389854203
        },
        {
          "acoustic_entropy": 7.061290740966797,
          "acoustic_entropy_side": 7.0613484382629395,
          "hz": 6219.891507268283
        },
        {
          "acoustic_entropy": 7.061123371124268,
          "acoustic_entropy_side": 7.061344623565674,
          "hz": 6832.70888123896
        },
        {
          "acoustic_entropy": 7.061355113983154,
          "acoustic_entropy_side": 7.06135892868042,
          "hz": 7499.796634079867
        },
        {
          "acoustic_entropy": 7.061340808868408,
          "acoustic_entropy_side": 7.0613603591918945,
          "hz": 8225.96088609342
        },
        {
          "acoustic_entropy": 7.061366558074951,
          "acoustic_entropy_side": 7.0613603591918945,
          "hz": 9016.43338188839
        },
        {
          "acoustic_entropy": 7.061367034912109,
          "acoustic_entropy_side": 7.061359882354736,
          "hz": 9876.909183162974
        },
        {
          "acoustic_entropy": 7.0613532066345215,
          "acoustic_entropy_side": 7.061358451843262,
          "hz": 10813.587699516042
        },
        {
          "acoustic_entropy": 7.061354160308838,
          "acoustic_entropy_side": 7.061359882354736,
          "hz": 11833.21735289826
        },
        {
          "acoustic_entropy": 7.06135892868042,
          "acoustic_entropy_side": 7.061361312866211,
          "hz": 12943.144197493959
        },
        {
          "acoustic_entropy": 7.06135892868042,
          "acoustic_entropy_side": 7.061361312866211,
          "hz": 14151.364845322005
        },
        {
          "acoustic_entropy": 7.061359405517578,
          "acoustic_entropy_side": 7.061361312866211,
          "hz": 15466.58407886509
        },
        {
          "acoustic_entropy": 7.061359882354736,
          "acoustic_entropy_side": 7.061361312866211,
          "hz": 16898.27756580493
        },
        {
          "acoustic_entropy": 7.0613603591918945,
          "acoustic_entropy_side": 7.061361312866211,
          "hz": 18456.760127700032
        },
        {
          "acoustic_entropy": 7.061361312866211,
          "acoustic_entropy_side": 7.061361312866211,
          "hz": 20153.260054456492
        },
        {
          "acoustic_entropy": 7.061361312866211,
          "acoustic_entropy_side": 7.061361312866211,
          "hz": 22000.00000000001
        }
      ],
      "diff_acoustic_entropy": 1.2380681037902832,
      "sn": 6
    },
    {
      "acoustic_entropy": 11.212600708007812,
      "acoustic_entropy_mono": 11.007613182067871,
      "band_eliminated_acoustic_entropies": [
        {
          "acoustic_entropy": 11.212613105773926,
          "acoustic_entropy_side": 11.212601661682129,
          "hz": 129.47220167065723
        },
        {
          "acoustic_entropy": 11.200397491455078,
          "acoustic_entropy_side": 11.212594032287598,
          "hz": 202.92927478742237
        },
        {
          "acoustic_entropy": 10.746020317077637,
          "acoustic_entropy_side": 11.211749076843262,
          "hz": 282.89161906338205
        },
        {
          "acoustic_entropy": 10.84029483795166,
          "acoustic_entropy_side": 11.158666610717773,
          "hz": 369.9353335868758
        },
        {
          "acoustic_entropy": 11.382450103759766,
          "acoustic_entropy_side": 11.06712818145752,
          "hz": 464.6875360973435
        },
        {
          "acoustic_entropy": 11.010945320129395,
          "acoustic_entropy_side": 11.170465469360352,
          "hz": 567.8308811364784
        },
        {
          "acoustic_entropy": 10.27981948852539,
          "acoustic_entropy_side": 10.599045753479004,
          "hz": 680.1084783214808
        },
        {
          "acoustic_entropy": 10.569588661193848,
          "acoustic_entropy_side": 11.299806594848633,
          "hz": 802.3292461747484
        },
        {
          "acoustic_entropy": 10.013337135314941,
          "acoustic_entropy_side": 10.996980667114258,
          "hz": 935.3737400823702
        },
        {
          "acoustic_entropy": 9.930638313293457,
          "acoustic_entropy_side": 10.79630184173584,
          "hz": 1080.2004963696966
        },
        {
          "acoustic_entropy": 11.087446212768555,
          "acoustic_entropy_side": 11.350761413574219,
          "hz": 1237.8529382007157
        },
        {
          "acoustic_entropy": 10.797168731689453,
          "acoustic_entropy_side": 11.188666343688965,
          "hz": 1409.4668930556702
        },
        {
          "acoustic_entropy": 10.86333179473877,
          "acoustic_entropy_side": 11.35496997833252,
          "hz": 1596.2787759475705
        },
        {
          "acoustic_entropy": 11.40597915649414,
          "acoustic_entropy_side": 11.559796333312988,
          "hz": 1799.6344973346393
        },
        {
          "acoustic_entropy": 11.388406753540039,
          "acoustic_entropy_side": 11.352227210998535,
          "hz": 2020.9991599069049
        },
        {
          "acoustic_entropy": 11.31776237487793,
          "acoustic_entropy_side": 11.233000755310059,
          "hz": 2261.9676141086993
        },
        {
          "acoustic_entropy": 11.234579086303711,
          "acoustic_entropy_side": 11.20297908782959,
          "hz": 2524.2759484456974
        },
        {
          "acoustic_entropy": 11.082077980041504,
          "acoustic_entropy_side": 11.16006851196289,
          "hz": 2809.813997359896
        },
        {
          "acoustic_entropy": 11.593862533569336,
          "acoustic_entropy_side": 11.447578430175781,
          "hz": 3120.6389567871424
        },
        {
          "acoustic_entropy": 11.509244918823242,
          "acoustic_entropy_side": 11.37486743927002,
          "hz": 3458.990205492291
        },
        {
          "acoustic_entropy": 11.270448684692383,
          "acoustic_entropy_side": 11.251879692077637,
          "hz": 3827.305438964164
        },
        {
          "acoustic_entropy": 11.302512168884277,
          "acoustic_entropy_side": 11.230486869812012,
          "hz": 4228.238232109126
        },
        {
          "acoustic_entropy": 11.240856170654297,
          "acoustic_entropy_side": 11.208022117614746,
          "hz": 4664.6771572759235
        },
        {
          "acoustic_entropy": 11.203975677490234,
          "acoustic_entropy_side": 11.203460693359375,
          "hz": 5139.766595350093
        },
        {
          "acoustic_entropy": 11.200346946716309,
          "acoustic_entropy_side": 11.210814476013184,
          "hz": 5656.929389854203
        },
        {
          "acoustic_entropy": 11.213374137878418,
          "acoustic_entropy_side": 11.212445259094238,
          "hz": 6219.891507268283
        },
        {
          "acoustic_entropy": 11.213923454284668,
          "acoustic_entropy_side": 11.212448120117188,
          "hz": 6832.70888123896
        },
        {
          "acoustic_entropy": 11.213337898254395,
          "acoustic_entropy_side": 11.212579727172852,
          "hz": 7499.796634079867
        },
        {
          "acoustic_entropy": 11.21033000946045,
          "acoustic_entropy_side": 11.212578773498535,
          "hz": 8225.96088609342
        },
        {
          "acoustic_entropy": 11.212546348571777,
          "acoustic_entropy_side": 11.212577819824219,
          "hz": 9016.43338188839
        },
        {
          "acoustic_entropy": 11.21229076385498,
          "acoustic_entropy_side": 11.212531089782715,
          "hz": 9876.909183162974
        },
        {
          "acoustic_entropy": 11.211481094360352,
          "acoustic_entropy_side": 11.21235179901123,
          "hz": 10813.587699516042
        },
        {
          "acoustic_entropy": 11.212332725524902,
          "acoustic_entropy_side": 11.21258544921875,
          "hz": 11833.21735289826
        },
        {
          "acoustic_entropy": 11.212501525878906,
          "acoustic_entropy_side": 11.212596893310547,
          "hz": 12943.144197493959
        },
        {
          "acoustic_entropy": 11.212549209594727,
          "acoustic_entropy_side": 11.212597846984863,
          "hz": 14151.364845322005
        },
        {
          "acoustic_entropy": 11.212547302246094,
          "acoustic_entropy_side": 11.212596893310547,
          "hz": 15466.58407886509
        },
        {
          "acoustic_entropy": 11.21258544921875,
          "acoustic_entropy_side": 11.212600708007812,
          "hz": 16898.27756580493
        },
        {
          "acoustic_entropy": 11.212584495544434,
          "acoustic_entropy_side": 11.212600708007812,
          "hz": 18456.760127700032
        },
        {
          "acoustic_entropy": 11.212599754333496,
          "acoustic_entropy_side": 11.212600708007812,
          "hz": 20153.260054456492
        },
        {
          "acoustic_entropy": 11.212600708007812,
          "acoustic_entropy_side": 11.212600708007812,
          "hz": 22000.00000000001
        }
      ],
      "diff_acoustic_entropy": 2.5116825103759766,
      "sn": 12
    },
    {
      "acoustic_entropy": 19.300397872924805,
      "acoustic_entropy_mono": 18.28412437438965,
      "band_eliminated_acoustic_entropies": [
        {
          "acoustic_entropy": 19.29994010925293,
          "acoustic_entropy_side": 19.30030632019043,
          "hz": 129.47220167065723
        },
        {
          "acoustic_entropy": 19.3587646484375,
          "acoustic_entropy_side": 19.3001766204834,
          "hz": 202.92927478742237
        },
        {
          "acoustic_entropy": 19.819198608398438,
          "acoustic_entropy_side": 19.353614807128906,
          "hz": 282.89161906338205
        },
        {
          "acoustic_entropy": 18.735294342041016,
          "acoustic_entropy_side": 19.45345687866211,
          "hz": 369.9353335868758
        },
        {
          "acoustic_entropy": 18.293384552001953,
          "acoustic_entropy_side": 18.969097137451172,
          "hz": 464.6875360973435
        },
        {
          "acoustic_entropy": 18.87014389038086,
          "acoustic_entropy_side": 20.286991119384766,
          "hz": 567.8308811364784
        },
        {
          "acoustic_entropy": 17.75212287902832,
          "acoustic_entropy_side": 19.665695190429688,
          "hz": 680.1084783214808
        },
        {
          "acoustic_entropy": 18.464120864868164,
          "acoustic_entropy_side": 19.176681518554688,
          "hz": 802.3292461747484
        },
        {
          "acoustic_entropy": 20.465499877929688,
          "acoustic_entropy_side": 19.5931453704834,
          "hz": 935.3737400823702
        },
        {
          "acoustic_entropy": 18.609426498413086,
          "acoustic_entropy_side": 19.053997039794922,
          "hz": 1080.2004963696966
        },
        {
          "acoustic_entropy": 18.8819637298584,
          "acoustic_entropy_side": 19.148164749145508,
          "hz": 1237.8529382007157
        },
        {
          "acoustic_entropy": 18.210712432861328,
          "acoustic_entropy_side": 18.890352249145508,
          "hz": 1409.4668930556702
        },
        {
          "acoustic_entropy": 18.468734741210938,
          "acoustic_entropy_side": 19.295757293701172,
          "hz": 1596.2787759475705
        },
        {
          "acoustic_entropy": 19.016128540039062,
          "acoustic_entropy_side": 19.137767791748047,
          "hz": 1799.6344973346393
        },
        {
          "acoustic_entropy": 19.546276092529297,
          "acoustic_entropy_side": 19.37368392944336,
          "hz": 2020.9991599069049
        },
        {
          "acoustic_entropy": 19.137107849121094,
          "acoustic_entropy_side": 19.331987380981445,
          "hz": 2261.9676141086993
        },
        {
          "acoustic_entropy": 19.348846435546875,
          "acoustic_entropy_side": 19.495559692382812,
          "hz": 2524.2759484456974
        },
        {
          "acoustic_entropy": 19.116384506225586,
          "acoustic_entropy_side": 19.25591278076172,
