{
  "acoustic_entropy": 213.30763244628906,
  "bands": [
    {
      "high_freq": 148.1999969482422,
      "loudness": -22.760915756225586,
      "loudness_range": 14.464485168457031,
      "mid_mean": -19.173635482788086,
      "mid_to_side_loudness": -15.987303733825684,
      "mid_to_side_loudness_range": 16.4124813079834,
      "side_mean": -36.5318717956543
    },
    {
      "high_freq": 392.3793640136719,
      "loudness": -18.568485260009766,
      "loudness_range": 14.068489074707031,
      "low_freq": 148.1999969482422,
      "mid_mean": -15.65106201171875,
      "mid_to_side_loudness": -8.394339561462402,
      "mid_to_side_loudness_range": 12.571642875671387,
      "side_mean": -24.227983474731445
    },
    {
      "high_freq": 794.6976318359375,
      "loudness": -19.97539520263672,
      "loudness_range": 16.68011474609375,
      "low_freq": 392.3793640136719,
      "mid_mean": -17.72784423828125,
      "mid_to_side_loudness": -5.26161003112793,
      "mid_to_side_loudness_range": 12.43790054321289,
      "side_mean": -23.09828758239746
    },
    {
      "high_freq": 1457.5709228515625,
      "loudness": -23.347938537597656,
      "loudness_range": 21.074604034423828,
      "low_freq": 794.6976318359375,
      "mid_mean": -20.925155639648438,
      "mid_to_side_loudness": -6.091731548309326,
      "mid_to_side_loudness_range": 12.588088035583496,
      "side_mean": -27.153396606445312
    },
    {
      "high_freq": 2549.74365234375,
      "loudness": -24.334856033325195,
      "loudness_range": 24.89716148376465,
      "low_freq": 1457.5709228515625,
      "mid_mean": -21.725116729736328,
      "mid_to_side_loudness": -6.754773139953613,
      "mid_to_side_loudness_range": 14.233108520507812,
      "side_mean": -29.04201889038086
    },
    {
      "high_freq": 4349.24462890625,
      "loudness": -27.377246856689453,
      "loudness_range": 24.025676727294922,
      "low_freq": 2549.74365234375,
      "mid_mean": -24.593950271606445,
      "mid_to_side_loudness": -6.999780654907227,
      "mid_to_side_loudness_range": 10.59229850769043,
      "side_mean": -32.15830993652344
    },
    {
      "high_freq": 7314.1640625,
      "loudness": -34.00615692138672,
      "loudness_range": 23.50436782836914,
      "low_freq": 4349.24462890625,
      "mid_mean": -31.243501663208008,
      "mid_to_side_loudness": -6.944380760192871,
      "mid_to_side_loudness_range": 8.963666915893555,
      "side_mean": -38.57123947143555
    },
    {
      "high_freq": 12199.2666015625,
      "loudness": -35.14439010620117,
      "loudness_range": 18.482240676879883,
      "low_freq": 7314.1640625,
      "mid_mean": -32.08011245727539,
      "mid_to_side_loudness": -7.984946250915527,
      "mid_to_side_loudness_range": 10.380398750305176,
      "side_mean": -41.44987487792969
    },
    {
      "loudness": -39.6025390625,
      "loudness_range": 21.842317581176758,
      "low_freq": 12199.2666015625,
      "mid_mean": -36.82975769042969,
      "mid_to_side_loudness": -7.051980018615723,
      "mid_to_side_loudness_range": 9.131378173828125,
      "side_mean": -45.809898376464844
    }
  ],
  "bands_short": [
    {
      "high_freq": 148.1999969482422,
      "loudness": -26.66143798828125,
      "loudness_range": 20.72825050354004,
      "mid_mean": -23.168800354003906,
      "mid_to_side_loudness": -16.674314498901367,
      "mid_to_side_loudness_range": 20.74387550354004,
      "side_mean": -41.69416427612305
    },
    {
      "high_freq": 392.3793640136719,
      "loudness": -18.63052749633789,
      "loudness_range": 15.296601295471191,
      "low_freq": 148.1999969482422,
      "mid_mean": -15.679018020629883,
      "mid_to_side_loudness": -8.827349662780762,
      "mid_to_side_loudness_range": 13.907463073730469,
      "side_mean": -24.79216194152832
    },
    {
      "high_freq": 794.6976318359375,
      "loudness": -20.293603897094727,
      "loudness_range": 18.21985626220703,
      "low_freq": 392.3793640136719,
      "mid_mean": -18.114137649536133,
      "mid_to_side_loudness": -5.338644504547119,
      "mid_to_side_loudness_range": 14.305167198181152,
      "side_mean": -23.605504989624023
    },
    {
      "high_freq": 1457.5709228515625,
      "loudness": -23.383764266967773,
      "loudness_range": 22.02617073059082,
      "low_freq": 794.6976318359375,
      "mid_mean": -21.119054794311523,
      "mid_to_side_loudness": -5.769551753997803,
      "mid_to_side_loudness_range": 15.089834213256836,
      "side_mean": -27.076671600341797
    },
    {
      "high_freq": 2549.74365234375,
      "loudness": -24.984403610229492,
      "loudness_range": 26.330364227294922,
      "low_freq": 1457.5709228515625,
      "mid_mean": -22.401779174804688,
      "mid_to_side_loudness": -6.477056980133057,
      "mid_to_side_loudness_range": 15.870667457580566,
      "side_mean": -29.53794288635254
    },
    {
      "high_freq": 4349.24462890625,
      "loudness": -27.599912643432617,
      "loudness_range": 25.200088500976562,
      "low_freq": 2549.74365234375,
      "mid_mean": -24.961565017700195,
      "mid_to_side_loudness": -6.532838344573975,
      "mid_to_side_loudness_range": 12.219670295715332,
      "side_mean": -32.15040969848633
    },
    {
      "high_freq": 7314.1640625,
      "loudness": -34.46168899536133,
      "loudness_range": 25.115480422973633,
      "low_freq": 4349.24462890625,
      "mid_mean": -31.77219581604004,
      "mid_to_side_loudness": -6.685668468475342,
      "mid_to_side_loudness_range": 10.786681175231934,
      "side_mean": -38.94087600708008
    },
    {
      "high_freq": 12199.2666015625,
      "loudness": -36.50345993041992,
      "loudness_range": 22.17986297607422,
      "low_freq": 7314.1640625,
      "mid_mean": -33.501678466796875,
      "mid_to_side_loudness": -7.743748664855957,
      "mid_to_side_loudness_range": 11.372329711914062,
      "side_mean": -42.71503448486328
    },
    {
      "loudness": -42.7248420715332,
      "loudness_range": 23.632850646972656,
      "low_freq": 12199.2666015625,
      "mid_mean": -40.10429000854492,
      "mid_to_side_loudness": -7.217901706695557,
      "mid_to_side_loudness_range": 10.70666790008545,
      "side_mean": -50.16935729980469
    }
  ],
  "bandwidth": 655.0746459960938,
  "channels": 2,
  "covariance": [
    [
      37.186790466308594,
      22.36984634399414,
      15.989187240600586,
      19.104555130004883,
      19.68983268737793,
      16.644590377807617,
      23.222076416015625,
      18.786792755126953,
      29.604612350463867,
      24.133018493652344,
      30.12618064880371,
      27.912736892700195,
      27.3573055267334,
      27.06126594543457,
      17.833974838256836,
      25.369518280029297,
      17.301345825195312,
      31.24038314819336
    ],
    [
      22.36984634399414,
      41.343971252441406,
      16.582029342651367,
      23.216602325439453,
      18.644920349121094,
      18.701141357421875,
      23.317886352539062,
      19.995372772216797,
      27.991552352905273,
      25.378820419311523,
      29.03370475769043,
      28.900239944458008,
      26.536096572875977,
      28.19685935974121,
      15.507128715515137,
      23.74752426147461,
      16.025209426879883,
      28.151071548461914
    ],
    [
      15.989187240600586,
      16.582029342651367,
      30.895465850830078,
      21.112812042236328,
      21.11594009399414,
      17.127548217773438,
      24.23124885559082,
      18.711610794067383,
      28.068870544433594,
      23.951370239257812,
      29.094358444213867,
      25.651552200317383,
      28.086244583129883,
      25.3659610748291,
      19.668603897094727,
      26.66908073425293,
      14.985417366027832,
      29.847280502319336
    ],
    [
      19.104555130004883,
      23.216602325439453,
      21.112812042236328,
      33.319725036621094,
      24.495512008666992,
      23.571842193603516,
      30.67594337463379,
      25.006465911865234,
      36.278411865234375,
      30.439958572387695,
      36.727088928222656,
      34.99049377441406,
      34.97872543334961,
      35.15401840209961,
      22.08399200439453,
      30.576217651367188,
      23.584688186645508,
      34.600162506103516
    ],
    [
      19.68983268737793,
      18.644920349121094,
      21.11594009399414,
      24.495512008666992,
      43.17669677734375,
      25.06568717956543,
      37.499141693115234,
      25.554943084716797,
      45.69890594482422,
      33.166900634765625,
      45.3925666809082,
      38.06739807128906,
      40.52964782714844,
      37.61311721801758,
      29.921539306640625,
      36.90233612060547,
      26.522375106811523,
      40.1358528137207
    ],
    [
      16.644590377807617,
      18.701141357421875,
      17.127548217773438,
      23.571842193603516,
      25.06568717956543,
      29.345836639404297,
      28.83285140991211,
      25.50222396850586,
      32.716800689697266,
      29.6943302154541,
      33.790225982666016,
      33.68911361694336,
      32.47545623779297,
      33.385650634765625,
      20.496318817138672,
      29.348196029663086,
      20.783632278442383,
      31.967805862426758
    ],
    [
      23.222076416015625,
      23.317886352539062,
      24.23124885559082,
      30.67594337463379,
      37.499141693115234,
      28.83285140991211,
      60.9270133972168,
      34.969120025634766,
      59.42596435546875,
      40.828800201416016,
      58.584957122802734,
      47.836517333984375,
      52.51911544799805,
      47.657955169677734,
      35.08146286010742,
      44.364627838134766,
      33.49527359008789,
      49.58269119262695
    ],
    [
      18.786792755126953,
      19.995372772216797,
      18.711610794067383,
      25.006465911865234,
      25.554943084716797,
      25.50222396850586,
      34.969120025634766,
      31.89089584350586,
      38.01130294799805,
      32.98484802246094,
      38.06571960449219,
      36.76800537109375,
      37.02550506591797,
      37.043975830078125,
      22.85077667236328,
      32.85017776489258,
      23.237899780273438,
      35.111473083496094
    ],
    [
      29.604612350463867,
      27.991552352905273,
      28.068870544433594,
      36.278411865234375,
      45.69890594482422,
      32.716800689697266,
      59.42596435546875,
      38.01130294799805,
      85.51338195800781,
      50.0160026550293,
      76.58633422851562,
      58.52337646484375,
      66.13104248046875,
      58.44355010986328,
      47.549072265625,
      54.7070198059082,
      43.76849365234375,
      62.395565032958984
    ],
    [
      24.133018493652344,
      25.378820419311523,
      23.951370239257812,
      30.439958572387695,
      33.166900634765625,
      29.6943302154541,
      40.828800201416016,
      32.98484802246094,
      50.0160026550293,
      44.97421646118164,
      48.89458084106445,
      46.13969421386719,
      45.80271911621094,
      45.963138580322266,
      29.425573348999023,
      40.501502990722656,
      29.502086639404297,
      45.5761833190918
    ],
    [
      30.12618064880371,
      29.03370475769043,
      29.094358444213867,
      36.727088928222656,
      45.3925666809082,
      33.790225982666016,
      58.584957122802734,
      38.06571960449219,
      76.58633422851562,
      48.89458084106445,
      81.39697265625,
      59.750511169433594,
      67.49610137939453,
      59.32695770263672,
      46.8004150390625,
      55.1403694152832,
      43.84638977050781,
      62.49970626831055
    ],
    [
      27.912736892700195,
      28.900239944458008,
      25.651552200317383,
      34.99049377441406,
      38.06739807128906,
      33.68911361694336,
      47.836517333984375,
      36.76800537109375,
      58.52337646484375,
      46.13969421386719,
      59.750511169433594,
      57.11311340332031,
      54.82460021972656,
      55.327213287353516,
      35.99338912963867,
      47.883121490478516,
      36.74057388305664,
      52.545196533203125
    ],
    [
      27.3573055267334,
      26.536096572875977,
      28.086244583129883,
      34.97872543334961,
      40.52964782714844,
      32.47545623779297,
      52.51911544799805,
      37.02550506591797,
      66.13104248046875,
      45.80271911621094,
      67.49610137939453,
      54.82460021972656,
      70.65735626220703,
      60.05464172363281,
      45.79527282714844,
      56.475215911865234,
      42.197879791259766,
      61.639137268066406
    ],
    [
      27.06126594543457,
      28.19685935974121,
      25.3659610748291,
      35.15401840209961,
      37.61311721801758,
      33.385650634765625,
      47.657955169677734,
      37.043975830078125,
      58.44355010986328,
      45.963138580322266,
      59.32695770263672,
      55.327213287353516,
      60.05464172363281,
      64.69747924804688,
      39.32172393798828,
      52.74271774291992,
      39.776527404785156,
      56.32661056518555
    ],
    [
      17.833974838256836,
      15.507128715515137,
      19.668603897094727,
      22.08399200439453,
      29.921539306640625,
      20.496318817138672,
      35.08146286010742,
      22.85077667236328,
      47.549072265625,
      29.425573348999023,
      46.8004150390625,
      35.99338912963867,
      45.79527282714844,
      39.32172393798828,
      49.155860900878906,
      41.70889663696289,
      39.83574676513672,
      46.886653900146484
    ],
    [
      25.369518280029297,
      23.74752426147461,
      26.66908073425293,
      30.576217651367188,
      36.90233612060547,
      29.348196029663086,
      44.364627838134766,
      32.85017776489258,
      54.7070198059082,
      40.501502990722656,
      55.1403694152832,
      47.883121490478516,
      56.475215911865234,
      52.74271774291992,
      41.70889663696289,
      56.432735443115234,
      38.95738220214844,
      58.18067169189453
    ],
    [
      17.301345825195312,
      16.025209426879883,
      14.985417366027832,
      23.584688186645508,
      26.522375106811523,
      20.783632278442383,
      33.49527359008789,
      23.237899780273438,
      43.76849365234375,
      29.502086639404297,
      43.84638977050781,
      36.74057388305664,
      42.197879791259766,
      39.776527404785156,
      39.83574676513672,
      38.95738220214844,
      54.143863677978516,
      50.6475715637207
    ],
    [
      31.24038314819336,
      28.151071548461914,
      29.847280502319336,
      34.600162506103516,
      40.1358528137207,
      31.967805862426758,
      49.58269119262695,
      35.111473083496094,
      62.395565032958984,
      45.5761833190918,
      62.49970626831055,
      52.545196533203125,
      61.639137268066406,
      56.32661056518555,
      46.886653900146484,
      58.18067169189453,
      50.6475715637207,
      78.26053619384766
    ]
  ],
  "covariance_short": [
    [
      55.243289947509766,
      28.92948341369629,
      18.765884399414062,
      16.79151725769043,
      16.359722137451172,
      14.882339477539062,
      17.74597930908203,
      16.454416275024414,
      24.5249080657959,
      21.425710678100586,
      25.212554931640625,
      24.378623962402344,
      24.666141510009766,
      25.354978561401367,
      19.20851707458496,
      23.94725799560547,
      18.912870407104492,
      30.673444747924805
    ],
    [
      28.92948341369629,
      55.27287673950195,
      18.930217742919922,
      23.22024154663086,
      19.65363883972168,
      18.844133377075195,
      22.591999053955078,
      20.393024444580078,
      27.761159896850586,
      24.894851684570312,
      27.54079246520996,
      28.195178985595703,
      26.697063446044922,
      28.36956787109375,
      19.306459426879883,
      25.485570907592773,
      18.439716339111328,
      34.36884307861328
    ],
    [
      18.765884399414062,
      18.930217742919922,
      34.827919006347656,
      21.64562225341797,
      21.37623405456543,
      18.817710876464844,
      23.09475326538086,
      19.156841278076172,
      27.136964797973633,
      24.521934509277344,
      27.884069442749023,
      26.429746627807617,
      27.39215660095215,
      25.871883392333984,
      21.12451171875,
      26.91104507446289,
      18.244646072387695,
      35.1620979309082
    ],
    [
      16.79151725769043,
      23.22024154663086,
      21.64562225341797,
      36.29581832885742,
      25.52488899230957,
      25.27388572692871,
      29.13689613342285,
      24.394006729125977,
      35.259708404541016,
      30.618919372558594,
      35.536041259765625,
      34.90229797363281,
      34.33876419067383,
      35.13200759887695,
      22.593975067138672,
      30.33098602294922,
      22.158023834228516,
      39.16874313354492
    ],
    [
      16.359722137451172,
      19.65363883972168,
      21.37623405456543,
      25.52488899230957,
      49.263916015625,
      27.539939880371094,
      37.4396858215332,
      26.713104248046875,
      46.67955780029297,
      34.50448226928711,
      45.90487289428711,
      39.080230712890625,
      42.20906448364258,
      38.60406494140625,
      34.272647857666016,
      38.14767837524414,
      29.99650764465332,
      45.919090270996094
    ],
    [
      14.882339477539062,
      18.844133377075195,
      18.817710876464844,
      25.27388572692871,
      27.539939880371094,
      35.11414337158203,
      29.90553092956543,
      27.564083099365234,
      34.76005935668945,
      32.512908935546875,
      35.6317138671875,
      36.213172912597656,
      34.669586181640625,
      36.05360412597656,
      23.026187896728516,
      31.521203994750977,
      22.348751068115234,
      37.82064437866211
    ],
    [
      17.74597930908203,
      22.591999053955078,
      23.09475326538086,
      29.13689613342285,
      37.4396858215332,
      29.90553092956543,
      64.61776733398438,
      35.212974548339844,
      59.93167495727539,
      41.06077194213867,
      58.57413101196289,
      47.63216781616211,
      53.38386535644531,
      47.17683029174805,
      38.86277389526367,
      43.71249008178711,
      34.295989990234375,
      52.71367263793945
    ],
    [
      16.454416275024414,
      20.393024444580078,
      19.156841278076172,
      24.394006729125977,
      26.713104248046875,
      27.564083099365234,
      35.212974548339844,
      36.11249923706055,
      37.568572998046875,
      34.13431167602539,
      37.812496185302734,
      37.79865646362305,
      36.43061828613281,
      37.58012771606445,
      23.93464469909668,
      32.7689208984375,
      21.97286605834961,
      39.74209213256836
    ],
    [
      24.5249080657959,
      27.761159896850586,
      27.136964797973633,
      35.259708404541016,
      46.67955780029297,
      34.76005935668945,
      59.93167495727539,
      37.568572998046875,
      89.72265625,
      51.04672622680664,
      77.37406158447266,
      59.5269660949707,
      68.98002624511719,
      59.3084831237793,
      51.446720123291016,
      54.135353088378906,
      46.4586067199707,
      63.57893371582031
    ],
    [
      21.425710678100586,
      24.894851684570312,
      24.521934509277344,
      30.618919372558594,
      34.50448226928711,
      32.512908935546875,
      41.06077194213867,
      34.13431167602539,
      51.04672622680664,
      48.64516067504883,
      49.6357421875,
      48.01191711425781,
      47.12158966064453,
      47.32215118408203,
      31.848289489746094,
      41.33076858520508,
      30.01458740234375,
      50.42656326293945
    ],
    [
      25.212554931640625,
      27.54079246520996,
      27.884069442749023,
      35.536041259765625,
      45.90487289428711,
      35.6317138671875,
      58.57413101196289,
      37.812496185302734,
      77.37406158447266,
      49.6357421875,
      85.7510986328125,
      61.12363052368164,
      71.80508422851562,
      61.8706169128418,
      51.807071685791016,
      56.42180252075195,
      47.11674499511719,
      64.66862487792969
    ],
    [
      24.378623962402344,
      28.195178985595703,
      26.429746627807617,
      34.90229797363281,
      39.080230712890625,
      36.213172912597656,
      47.63216781616211,
      37.79865646362305,
      59.5269660949707,
      48.01191711425781,
      61.12363052368164,
      61.11832046508789,
      56.89161682128906,
      57.25930404663086,
      38.17265319824219,
      49.52043533325195,
      36.95901107788086,
      58.96931076049805
    ],
    [
      24.666141510009766,
      26.697063446044922,
      27.39215660095215,
      34.33876419067383,
      42.20906448364258,
      34.669586181640625,
      53.38386535644531,
      36.43061828613281,
      68.98002624511719,
      47.12158966064453,
      71.80508422851562,
      56.89161682128906,
      79.77376556396484,
      65.3397216796875,
      54.386295318603516,
      61.65656661987305,
      50.59103775024414,
      70.13257598876953
    ],
    [
      25.354978561401367,
      28.36956787109375,
      25.871883392333984,
      35.13200759887695,
      38.60406494140625,
      36.05360412597656,
      47.17683029174805,
      37.58012771606445,
      59.3084831237793,
      47.32215118408203,
      61.8706169128418,
      57.25930404663086,
      65.3397216796875,
      70.81480407714844,
      44.261775970458984,
      58.2038688659668,
      43.389591217041016,
      66.20326232910156
    ],
    [
      19.20851707458496,
      19.306459426879883,
      21.12451171875,
      22.593975067138672,
      34.272647857666016,
      23.026187896728516,
      38.86277389526367,
      23.93464469909668,
      51.446720123291016,
      31.848289489746094,
      51.807071685791016,
      38.17265319824219,
      54.386295318603516,
      44.261775970458984,
      64.6270523071289,
      52.161903381347656,
      55.05099868774414,
      59.44551467895508
    ],
    [
      23.94725799560547,
      25.485570907592773,
      26.91104507446289,
      30.33098602294922,
      38.14767837524414,
      31.521203994750977,
      43.71249008178711,
      32.7689208984375,
      54.135353088378906,
      41.33076858520508,
      56.42180252075195,
      49.52043533325195,
      61.65656661987305,
      58.2038688659668,
      52.161903381347656,
      65.92630767822266,
      49.20169448852539,
      70.54106140136719
    ],
    [
      18.912870407104492,
      18.439716339111328,
      18.244646072387695,
      22.158023834228516,
      29.99650764465332,
      22.348751068115234,
      34.295989990234375,
      21.97286605834961,
      46.4586067199707,
      30.01458740234375,
      47.11674499511719,
      36.95901107788086,
      50.59103775024414,
      43.389591217041016,
      55.05099868774414,
      49.20169448852539,
      75.91841888427734,
      68.51325225830078
    ],
    [
      30.673444747924805,
      34.36884307861328,
      35.1620979309082,
      39.16874313354492,
      45.919090270996094,
      37.82064437866211,
      52.71367263793945,
      39.74209213256836,
      63.57893371582031,
      50.42656326293945,
      64.66862487792969,
      58.96931076049805,
      70.13257598876953,
      66.20326232910156,
      59.44551467895508,
      70.54106140136719,
      68.51325225830078,
      105.5478744506836
    ]
  ],
  "damage": -3.8220303058624268,
  "diff_bandwidth": 681.1483154296875,
  "dissonance": 7.891619873815495,
  "drr": -14.853423118591309,
  "dynamics": 3.9972639083862305,
  "format": 1245190,
  "frames": 14557120,
  "loudness": -8.733773231506348,
  "loudness_range": 14.384958267211914,
  "loudness_range_short": 15.0731201171875,
  "lowpass_true_peak_15khz": 1.0435949563980103,
  "mastering3_acoustic_entropies": [
    {
      "acoustic_entropy": 8.567935943603516,
      "acoustic_entropy_mono": 8.443099975585938,
      "band_eliminated_acoustic_entropies": [
        {
          "acoustic_entropy": 8.551133155822754,
          "acoustic_entropy_side": 8.567819595336914,
          "hz": 129.47220167065723
        },
        {
          "acoustic_entropy": 8.498072624206543,
          "acoustic_entropy_side": 8.567450523376465,
          "hz": 202.92927478742237
        },
        {
          "acoustic_entropy": 8.817181587219238,
          "acoustic_entropy_side": 8.563849449157715,
          "hz": 282.89161906338205
        },
        {
          "acoustic_entropy": 7.657807350158691,
          "acoustic_entropy_side": 8.573962211608887,
          "hz": 369.9353335868758
        },
        {
          "acoustic_entropy": 8.70671558380127,
          "acoustic_entropy_side": 8.533425331115723,
          "hz": 464.6875360973435
        },
        {
          "acoustic_entropy": 8.721182823181152,
          "acoustic_entropy_side": 8.373204231262207,
          "hz": 567.8308811364784
        },
        {
          "acoustic_entropy": 7.843568801879883,
          "acoustic_entropy_side": 8.353848457336426,
          "hz": 680.1084783214808
        },
        {
          "acoustic_entropy": 7.855129718780518,
          "acoustic_entropy_side": 8.429377555847168,
          "hz": 802.3292461747484
        },
        {
          "acoustic_entropy": 8.017956733703613,
          "acoustic_entropy_side": 8.295966148376465,
          "hz": 935.3737400823702
        },
        {
          "acoustic_entropy": 8.98396110534668,
          "acoustic_entropy_side": 8.484346389770508,
          "hz": 1080.2004963696966
        },
        {
          "acoustic_entropy": 8.336514472961426,
          "acoustic_entropy_side": 8.609663963317871,
          "hz": 1237.8529382007157
        },
        {
          "acoustic_entropy": 9.03010082244873,
          "acoustic_entropy_side": 8.659482955932617,
          "hz": 1409.4668930556702
        },
        {
          "acoustic_entropy": 8.10892391204834,
          "acoustic_entropy_side": 8.54323959350586,
          "hz": 1596.2787759475705
        },
        {
          "acoustic_entropy": 8.650940895080566,
          "acoustic_entropy_side": 8.613739967346191,
          "hz": 1799.6344973346393
        },
        {
          "acoustic_entropy": 8.566597938537598,
          "acoustic_entropy_side": 8.556042671203613,
          "hz": 2020.9991599069049
        },
        {
          "acoustic_entropy": 9.254759788513184,
          "acoustic_entropy_side": 8.549890518188477,
          "hz": 2261.9676141086993
        },
        {
          "acoustic_entropy": 8.66908073425293,
          "acoustic_entropy_side": 8.59086799621582,
          "hz": 2524.2759484456974
        },
        {
          "acoustic_entropy": 9.54062557220459,
          "acoustic_entropy_side": 8.8560209274292,
          "hz": 2809.813997359896
        },
        {
          "acoustic_entropy": 8.845998764038086,
          "acoustic_entropy_side": 8.544991493225098,
          "hz": 3120.6389567871424
        },
        {
          "acoustic_entropy": 8.66827392578125,
          "acoustic_entropy_side": 8.599790573120117,
          "hz": 3458.990205492291
        },
        {
          "acoustic_entropy": 8.54934310913086,
          "acoustic_entropy_side": 8.599851608276367,
          "hz": 3827.305438964164
        },
        {
          "acoustic_entropy": 8.698015213012695,
          "acoustic_entropy_side": 8.587102890014648,
          "hz": 4228.238232109126
        },
        {
          "acoustic_entropy": 8.609329223632812,
          "acoustic_entropy_side": 8.573976516723633,
          "hz": 4664.6771572759235
        },
        {
          "acoustic_entropy": 8.555562019348145,
          "acoustic_entropy_side": 8.570182800292969,
          "hz": 5139.766595350093
        },
        {
          "acoustic_entropy": 8.57290267944336,
          "acoustic_entropy_side": 8.576067924499512,
          "hz": 5656.929389854203
        },
        {
          "acoustic_entropy": 8.589639663696289,
          "acoustic_entropy_side": 8.571697235107422,
          "hz": 6219.891507268283
        },
        {
          "acoustic_entropy": 8.574946403503418,
          "acoustic_entropy_side": 8.57255744934082,
          "hz": 6832.70888123896
        },
        {
          "acoustic_entropy": 8.584800720214844,
          "acoustic_entropy_side": 8.570928573608398,
          "hz": 7499.796634079867
        },
        {
          "acoustic_entropy": 8.593221664428711,
          "acoustic_entropy_side": 8.570235252380371,
          "hz": 8225.96088609342
        },
        {
          "acoustic_entropy": 8.59975814819336,
          "acoustic_entropy_side": 8.570001602172852,
          "hz": 9016.43338188839
        },
        {
          "acoustic_entropy": 8.602740287780762,
          "acoustic_entropy_side": 8.569233894348145,
          "hz": 9876.909183162974
        },
        {
          "acoustic_entropy": 8.569149017333984,
          "acoustic_entropy_side": 8.568438529968262,
          "hz": 10813.587699516042
        },
        {
          "acoustic_entropy": 8.55474853515625,
          "acoustic_entropy_side": 8.567755699157715,
          "hz": 11833.21735289826
        },
        {
          "acoustic_entropy": 8.542013168334961,
          "acoustic_entropy_side": 8.56765079498291,
          "hz": 12943.144197493959
        },
        {
          "acoustic_entropy": 8.3500394821167,
          "acoustic_entropy_side": 8.568154335021973,
          "hz": 14151.364845322005
        },
        {
          "acoustic_entropy": 8.33079719543457,
          "acoustic_entropy_side": 8.5690279006958,
          "hz": 15466.58407886509
        },
        {
          "acoustic_entropy": 8.574823379516602,
          "acoustic_entropy_side": 8.56854248046875,
          "hz": 16898.27756580493
        },
        {
          "acoustic_entropy": 8.572626113891602,
          "acoustic_entropy_side": 8.568632125854492,
          "hz": 18456.760127700032
        },
        {
          "acoustic_entropy": 8.572444915771484,
          "acoustic_entropy_side": 8.568405151367188,
          "hz": 20153.260054456492
        },
        {
          "acoustic_entropy": 8.568286895751953,
          "acoustic_entropy_side": 8.567960739135742,
          "hz": 22000.00000000001
        }
      ],
      "diff_acoustic_entropy": 5.621886253356934,
      "sn": 6
    },
    {
      "acoustic_entropy": 12.31674861907959,
      "acoustic_entropy_mono": 12.992637634277344,
      "band_eliminated_acoustic_entropies": [
        {
          "acoustic_entropy": 12.480255126953125,
          "acoustic_entropy_side": 12.316703796386719,
          "hz": 129.47220167065723
        },
        {
          "acoustic_entropy": 12.553315162658691,
          "acoustic_entropy_side": 12.384702682495117,
          "hz": 202.92927478742237
        },
        {
          "acoustic_entropy": 12.79615592956543,
          "acoustic_entropy_side": 12.583049774169922,
          "hz": 282.89161906338205
        },
        {
          "acoustic_entropy": 12.413946151733398,
          "acoustic_entropy_side": 12.793704986572266,
          "hz": 369.9353335868758
        },
        {
          "acoustic_entropy": 12.285341262817383,
          "acoustic_entropy_side": 12.562430381774902,
          "hz": 464.6875360973435
        },
        {
          "acoustic_entropy": 12.399155616760254,
          "acoustic_entropy_side": 12.970266342163086,
          "hz": 567.8308811364784
        },
        {
          "acoustic_entropy": 11.989184379577637,
          "acoustic_entropy_side": 12.47928237915039,
          "hz": 680.1084783214808
        },
        {
          "acoustic_entropy": 11.590696334838867,
          "acoustic_entropy_side": 12.508949279785156,
          "hz": 802.3292461747484
        },
        {
          "acoustic_entropy": 12.09481143951416,
          "acoustic_entropy_side": 12.327287673950195,
          "hz": 935.3737400823702
        },
        {
          "acoustic_entropy": 13.055180549621582,
          "acoustic_entropy_side": 12.200338363647461,
          "hz": 1080.2004963696966
        },
        {
          "acoustic_entropy": 11.466058731079102,
          "acoustic_entropy_side": 12.529998779296875,
          "hz": 1237.8529382007157
        },
        {
          "acoustic_entropy": 13.278925895690918,
          "acoustic_entropy_side": 12.404836654663086,
          "hz": 1409.4668930556702
        },
        {
          "acoustic_entropy": 12.154414176940918,
          "acoustic_entropy_side": 12.52567195892334,
          "hz": 1596.2787759475705
        },
        {
          "acoustic_entropy": 12.009517669677734,
          "acoustic_entropy_side": 12.42233943939209,
          "hz": 1799.6344973346393
        },
        {
          "acoustic_entropy": 12.455460548400879,
          "acoustic_entropy_side": 12.307735443115234,
          "hz": 2020.9991599069049
        },
        {
          "acoustic_entropy": 13.404683113098145,
          "acoustic_entropy_side": 12.360539436340332,
          "hz": 2261.9676141086993
        },
        {
          "acoustic_entropy": 12.62303638458252,
          "acoustic_entropy_side": 12.245165824890137,
          "hz": 2524.2759484456974
        },
        {
          "acoustic_entropy": 12.527112007141113,
          "acoustic_entropy_side": 13.014744758605957,
          "hz": 2809.813997359896
        },
        {
          "acoustic_entropy": 12.40712833404541,
          "acoustic_entropy_side": 12.330607414245605,
          "hz": 3120.6389567871424
        },
        {
          "acoustic_entropy": 12.114827156066895,
          "acoustic_entropy_side": 12.259037017822266,
          "hz": 3458.990205492291
        },
        {
          "acoustic_entropy": 12.393946647644043,
          "acoustic_entropy_side": 12.278961181640625,
          "hz": 3827.305438964164
        },
        {
          "acoustic_entropy": 12.147003173828125,
          "acoustic_entropy_side": 12.325769424438477,
          "hz": 4228.238232109126
        },
        {
          "acoustic_entropy": 12.299671173095703,
          "acoustic_entropy_side": 12.32509994506836,
          "hz": 4664.6771572759235
        },
        {
          "acoustic_entropy": 12.356147766113281,
          "acoustic_entropy_side": 12.31727409362793,
          "hz": 5139.766595350093
        },
        {
          "acoustic_entropy": 12.366026878356934,
          "acoustic_entropy_side": 12.296891212463379,
          "hz": 5656.929389854203
        },
        {
          "acoustic_entropy": 12.265707969665527,
          "acoustic_entropy_side": 12.297881126403809,
          "hz": 6219.891507268283
        },
        {
          "acoustic_entropy": 12.238110542297363,
          "acoustic_entropy_side": 12.298500061035156,
          "hz": 6832.70888123896
        },
        {
          "acoustic_entropy": 12.324920654296875,
          "acoustic_entropy_side": 12.31186580657959,
          "hz": 7499.796634079867
        },
        {
          "acoustic_entropy": 12.371938705444336,
          "acoustic_entropy_side": 12.321345329284668,
          "hz": 8225.96088609342
        },
        {
          "acoustic_entropy": 12.38161563873291,
          "acoustic_entropy_side": 12.322239875793457,
          "hz": 9016.43338188839
        },
        {
          "acoustic_entropy": 12.322327613830566,
          "acoustic_entropy_side": 12.318425178527832,
          "hz": 9876.909183162974
        },
        {
          "acoustic_entropy": 12.29813289642334,
          "acoustic_entropy_side": 12.313947677612305,
          "hz": 10813.587699516042
        },
        {
          "acoustic_entropy": 12.263282775878906,
          "acoustic_entropy_side": 12.313443183898926,
          "hz": 11833.21735289826
        },
        {
          "acoustic_entropy": 12.258309364318848,
          "acoustic_entropy_side": 12.313982009887695,
          "hz": 12943.144197493959
        },
        {
          "acoustic_entropy": 12.469895362854004,
          "acoustic_entropy_side": 12.299142837524414,
          "hz": 14151.364845322005
        },
        {
          "acoustic_entropy": 12.449576377868652,
          "acoustic_entropy_side": 12.310749053955078,
          "hz": 15466.58407886509
        },
        {
          "acoustic_entropy": 12.311796188354492,
          "acoustic_entropy_side": 12.317017555236816,
          "hz": 16898.27756580493
        },
        {
          "acoustic_entropy": 12.31895923614502,
          "acoustic_entropy_side": 12.317519187927246,
          "hz": 18456.760127700032
        },
        {
          "acoustic_entropy": 12.312199592590332,
          "acoustic_entropy_side": 12.316534042358398,
          "hz": 20153.260054456492
        },
        {
          "acoustic_entropy": 12.31600284576416,
          "acoustic_entropy_side": 12.31668758392334,
          "hz": 22000.00000000001
        }
      ],
      "diff_acoustic_entropy": 8.630620002746582,
      "sn": 12
    },
    {
      "acoustic_entropy": 17.651840209960938,
      "acoustic_entropy_mono": 17.282772064208984,
      "band_eliminated_acoustic_entropies": [
        {
          "acoustic_entropy": 17.40247917175293,
          "acoustic_entropy_side": 17.635520935058594,
          "hz": 129.47220167065723
        },
        {
          "acoustic_entropy": 18.674219131469727,
          "acoustic_entropy_side": 17.783864974975586,
          "hz": 202.92927478742237
        },
        {
          "acoustic_entropy": 17.96889305114746,
          "acoustic_entropy_side": 18.095504760742188,
          "hz": 282.89161906338205
        },
        {
          "acoustic_entropy": 18.300851821899414,
          "acoustic_entropy_side": 17.792871475219727,
          "hz": 369.9353335868758
        },
        {
          "acoustic_entropy": 18.587400436401367,
          "acoustic_entropy_side": 18.19624137878418,
          "hz": 464.6875360973435
        },
        {
          "acoustic_entropy": 18.059913635253906,
          "acoustic_entropy_side": 17.800992965698242,
          "hz": 567.8308811364784
        },
        {
          "acoustic_entropy": 17.632156372070312,
          "acoustic_entropy_side": 18.42386245727539,
          "hz": 680.1084783214808
        },
        {
          "acoustic_entropy": 16.96820831298828,
          "acoustic_entropy_side": 17.660764694213867,
          "hz": 802.3292461747484
        },
        {
          "acoustic_entropy": 17.46646499633789,
          "acoustic_entropy_side": 17.73914337158203,
          "hz": 935.3737400823702
        },
        {
          "acoustic_entropy": 18.20078468322754,
          "acoustic_entropy_side": 17.550989151000977,
          "hz": 1080.2004963696966
        },
        {
          "acoustic_entropy": 17.764493942260742,
          "acoustic_entropy_side": 17.479816436767578,
          "hz": 1237.8529382007157
        },
        {
          "acoustic_entropy": 17.704545974731445,
          "acoustic_entropy_side": 17.8952693939209,
          "hz": 1409.4668930556702
        },
        {
          "acoustic_entropy": 18.12040138244629,
          "acoustic_entropy_side": 17.81486701965332,
          "hz": 1596.2787759475705
        },
        {
          "acoustic_entropy": 17.643753051757812,
          "acoustic_entropy_side": 17.59429359436035,
          "hz": 1799.6344973346393
        },
        {
          "acoustic_entropy": 16.84480094909668,
          "acoustic_entropy_side": 17.76278305053711,
          "hz": 2020.9991599069049
        },
        {
          "acoustic_entropy": 17.985641479492188,
          "acoustic_entropy_side": 17.75470542907715,
          "hz": 2261.9676141086993
        },
        {
          "acoustic_entropy": 17.976985931396484,
          "acoustic_entropy_side": 17.774856567382812,
          "hz": 2524.2759484456974
        },
        {
          "acoustic_entropy": 17.07626724243164,
          "acoustic_entropy_side": 17.5184268951416,
          "hz": 2809.813997359896
        },
        {
          "acoustic_entropy": 17.40053367614746,
          "acoustic_entropy_side": 17.83103370666504,
          "hz": 3120.6389567871424
        },
        {
