{
  "acoustic_entropy": 140.63473510742188,
  "bands": [
    {
      "high_freq": 148.1999969482422,
      "loudness": -42.14231872558594,
      "loudness_range": 14.56622314453125,
      "mid_mean": -39.440677642822266,
      "mid_to_side_loudness": -6.410238742828369,
      "mid_to_side_loudness_range": 8.170034408569336,
      "side_mean": -45.91578674316406
    },
    {
      "high_freq": 392.3793640136719,
      "loudness": -31.55124282836914,
      "loudness_range": 21.00071144104004,
      "low_freq": 148.1999969482422,
      "mid_mean": -29.717266082763672,
      "mid_to_side_loudness": -2.9804153442382812,
      "mid_to_side_loudness_range": 5.8601274490356445,
      "side_mean": -32.760520935058594
    },
    {
      "high_freq": 794.6976318359375,
      "loudness": -29.099628448486328,
      "loudness_range": 15.097904205322266,
      "low_freq": 392.3793640136719,
      "mid_mean": -27.835834503173828,
      "mid_to_side_loudness": -2.1474335193634033,
      "mid_to_side_loudness_range": 10.453605651855469,
      "side_mean": -30.00054359436035
    },
    {
      "high_freq": 1457.5709228515625,
      "loudness": -37.67790222167969,
      "loudness_range": 16.790958404541016,
      "low_freq": 794.6976318359375,
      "mid_mean": -36.56319808959961,
      "mid_to_side_loudness": -1.9112440347671509,
      "mid_to_side_loudness_range": 11.171456336975098,
      "side_mean": -38.44140625
    },
    {
      "high_freq": 2549.74365234375,
      "loudness": -42.90175247192383,
      "loudness_range": 15.846012115478516,
      "low_freq": 1457.5709228515625,
      "mid_mean": -42.33893585205078,
      "mid_to_side_loudness": -0.43361377716064453,
      "mid_to_side_loudness_range": 7.508242607116699,
      "side_mean": -42.67254638671875
    },
    {
      "high_freq": 4349.24462890625,
      "loudness": -55.434688568115234,
      "loudness_range": 25.16650390625,
      "low_freq": 2549.74365234375,
      "mid_mean": -54.755577087402344,
      "mid_to_side_loudness": 0.4029445946216583,
      "mid_to_side_loudness_range": 6.911125659942627,
      "side_mean": -54.352298736572266
    },
    {
      "high_freq": 7314.1640625,
      "loudness": -65.46052551269531,
      "loudness_range": 15.16585922241211,
      "low_freq": 4349.24462890625,
      "mid_mean": -63.080989837646484,
      "mid_to_side_loudness": -0.5218378901481628,
      "mid_to_side_loudness_range": 3.459019660949707,
      "side_mean": -63.533058166503906
    },
    {
      "high_freq": 12199.2666015625,
      "loudness": -65.77737426757812,
      "loudness_range": 2.3870468139648438,
      "low_freq": 7314.1640625,
      "mid_mean": -63.8516731262207,
      "mid_to_side_loudness": -0.0840102881193161,
      "mid_to_side_loudness_range": 0.6147706508636475,
      "side_mean": -63.912994384765625
    },
    {
      "loudness": -69.60038757324219,
      "loudness_range": 0.7752227783203125,
      "low_freq": 12199.2666015625,
      "mid_mean": -66.4032211303711,
      "mid_to_side_loudness": -0.060775481164455414,
      "mid_to_side_loudness_range": 0.5197824239730835,
      "side_mean": -66.43425750732422
    }
  ],
  "bands_short": [
    {
      "high_freq": 148.1999969482422,
      "loudness": -45.271156311035156,
      "loudness_range": 17.120407104492188,
      "mid_mean": -43.05974578857422,
      "mid_to_side_loudness": -5.410659313201904,
      "mid_to_side_loudness_range": 13.583255767822266,
      "side_mean": -48.49063491821289
    },
    {
      "high_freq": 392.3793640136719,
      "loudness": -33.304264068603516,
      "loudness_range": 24.523683547973633,
      "low_freq": 148.1999969482422,
      "mid_mean": -31.372827529907227,
      "mid_to_side_loudness": -3.5940330028533936,
      "mid_to_side_loudness_range": 7.7231950759887695,
      "side_mean": -34.95982360839844
    },
    {
      "high_freq": 794.6976318359375,
      "loudness": -29.74052619934082,
      "loudness_range": 17.809694290161133,
      "low_freq": 392.3793640136719,
      "mid_mean": -28.48632049560547,
      "mid_to_side_loudness": -2.135817050933838,
      "mid_to_side_loudness_range": 11.471782684326172,
      "side_mean": -30.606605529785156
    },
    {
      "high_freq": 1457.5709228515625,
      "loudness": -38.612186431884766,
      "loudness_range": 19.12420082092285,
      "low_freq": 794.6976318359375,
      "mid_mean": -37.688236236572266,
      "mid_to_side_loudness": -1.9489784240722656,
      "mid_to_side_loudness_range": 12.304596900939941,
      "side_mean": -39.46089172363281
    },
    {
      "high_freq": 2549.74365234375,
      "loudness": -44.451107025146484,
      "loudness_range": 20.07135009765625,
      "low_freq": 1457.5709228515625,
      "mid_mean": -44.01009750366211,
      "mid_to_side_loudness": -0.3791612386703491,
      "mid_to_side_loudness_range": 9.297310829162598,
      "side_mean": -44.30612564086914
    },
    {
      "high_freq": 4349.24462890625,
      "loudness": -56.52490234375,
      "loudness_range": 27.10205841064453,
      "low_freq": 2549.74365234375,
      "mid_mean": -55.831878662109375,
      "mid_to_side_loudness": 0.5752450227737427,
      "mid_to_side_loudness_range": 8.866214752197266,
      "side_mean": -55.26658248901367
    },
    {
      "high_freq": 7314.1640625,
      "loudness": -66.44234466552734,
      "loudness_range": 14.66568374633789,
      "low_freq": 4349.24462890625,
      "mid_mean": -63.920711517333984,
      "mid_to_side_loudness": -0.3457449972629547,
      "mid_to_side_loudness_range": 3.5292513370513916,
      "side_mean": -64.21342468261719
    },
    {
      "high_freq": 12199.2666015625,
      "loudness": -65.86851501464844,
      "loudness_range": 2.2255172729492188,
      "low_freq": 7314.1640625,
      "mid_mean": -63.91892623901367,
      "mid_to_side_loudness": -0.07812613248825073,
      "mid_to_side_loudness_range": 1.6822865009307861,
      "side_mean": -63.97957992553711
    },
    {
      "loudness": -69.56613159179688,
      "loudness_range": 1.1651153564453125,
      "low_freq": 12199.2666015625,
      "mid_mean": -66.38230895996094,
      "mid_to_side_loudness": -0.04877697676420212,
      "mid_to_side_loudness_range": 1.5153985023498535,
      "side_mean": -66.41305541992188
    }
  ],
  "bandwidth": 583.0726928710938,
  "channels": 2,
  "covariance": [
    [
      27.759445190429688,
      16.912649154663086,
      17.447410583496094,
      15.40538215637207,
      11.708006858825684,
      13.868739128112793,
      15.902475357055664,
      13.764945030212402,
      15.829687118530273,
      15.562198638916016,
      19.25883674621582,
      18.40529441833496,
      7.643185615539551,
      7.093181133270264,
      1.4058107137680054,
      1.3431729078292847,
      0.4583061933517456,
      0.4728975296020508
    ],
    [
      16.912649154663086,
      13.809081077575684,
      12.674588203430176,
      11.435445785522461,
      6.139215469360352,
      7.133546829223633,
      9.960042953491211,
      9.026289939880371,
      9.455511093139648,
      9.957317352294922,
      11.276124000549316,
      10.891422271728516,
      4.555811405181885,
      4.315760135650635,
      1.0505167245864868,
      1.0107736587524414,
      0.37915873527526855,
      0.40119457244873047
    ],
    [
      17.447410583496094,
      12.674588203430176,
      52.87870407104492,
      46.8553466796875,
      2.3452634811401367,
      5.642723083496094,
      10.876832962036133,
      12.528372764587402,
      11.733027458190918,
      15.849892616271973,
      10.57484245300293,
      10.510042190551758,
      1.469639778137207,
      1.8747673034667969,
      0.6212677955627441,
      0.6486523151397705,
      0.28901875019073486,
      0.2956474721431732
    ],
    [
      15.40538215637207,
      11.435445785522461,
      46.8553466796875,
      45.762969970703125,
      2.083014488220215,
      3.5861313343048096,
      9.647624015808105,
      12.860121726989746,
      11.18455696105957,
      14.540704727172852,
      9.693375587463379,
      10.209175109863281,
      0.9987204670906067,
      1.407067894935608,
      0.4151823818683624,
      0.4479058086872101,
      0.2356652170419693,
      0.23899686336517334
    ],
    [
      11.708006858825684,
      6.139215469360352,
      2.3452634811401367,
      2.083014488220215,
      34.713069915771484,
      27.217683792114258,
      17.800155639648438,
      15.467239379882812,
      22.45780372619629,
      16.372812271118164,
      28.16914939880371,
      30.282451629638672,
      13.660083770751953,
      11.537381172180176,
      1.7856218814849854,
      1.559938669204712,
      0.40191346406936646,
      0.38511601090431213
    ],
    [
      13.868739128112793,
      7.133546829223633,
      5.642723083496094,
      3.5861313343048096,
      27.217683792114258,
      34.650657653808594,
      18.907814025878906,
      18.32402801513672,
      21.598369598388672,
      18.46782684326172,
      30.249225616455078,
      30.052766799926758,
      12.570974349975586,
      11.579669952392578,
      2.0985512733459473,
      1.9516266584396362,
      0.5016965866088867,
      0.5026292204856873
    ],
    [
      15.902475357055664,
      9.960042953491211,
      10.876832962036133,
      9.647624015808105,
      17.800155639648438,
      18.907814025878906,
      34.01842498779297,
      29.315031051635742,
      27.90475082397461,
      23.999616622924805,
      32.16377258300781,
      33.92494583129883,
      16.95660972595215,
      14.672404289245605,
      2.8456242084503174,
      2.785567283630371,
      0.7831412553787231,
      0.742756187915802
    ],
    [
      13.764945030212402,
      9.026289939880371,
      12.528372764587402,
      12.860121726989746,
      15.467239379882812,
      18.32402801513672,
      29.315031051635742,
      41.86857223510742,
      25.968074798583984,
      24.02974510192871,
      30.879167556762695,
      33.89134979248047,
      15.928584098815918,
      14.957324981689453,
      2.7823472023010254,
      2.7028369903564453,
      0.6781262755393982,
      0.675246000289917
    ],
    [
      15.829687118530273,
      9.455511093139648,
      11.733027458190918,
      11.18455696105957,
      22.45780372619629,
      21.598369598388672,
      27.90475082397461,
      25.968074798583984,
      38.376487731933594,
      31.545366287231445,
      36.76671600341797,
      37.52294158935547,
      17.911930084228516,
      15.652499198913574,
      2.274738311767578,
      2.160668134689331,
      0.6099272966384888,
      0.5892605185508728
    ],
    [
      15.562198638916016,
      9.957317352294922,
      15.849892616271973,
      14.540704727172852,
      16.372812271118164,
      18.46782684326172,
      23.999616622924805,
      24.02974510192871,
      31.545366287231445,
      33.7245979309082,
      30.71255111694336,
      30.083662033081055,
      13.857179641723633,
      13.059500694274902,
      2.075352907180786,
      1.995046854019165,
      0.5366407632827759,
      0.5390762090682983
    ],
    [
      19.25883674621582,
      11.276124000549316,
      10.57484245300293,
      9.693375587463379,
      28.16914939880371,
      30.249225616455078,
      32.16377258300781,
      30.879167556762695,
      36.76671600341797,
      30.71255111694336,
      53.46670150756836,
      53.787261962890625,
      25.988252639770508,
      22.720138549804688,
      4.220446586608887,
      4.013920307159424,
      1.3355915546417236,
      1.3072633743286133
    ],
    [
      18.40529441833496,
      10.891422271728516,
      10.510042190551758,
      10.209175109863281,
      30.282451629638672,
      30.052766799926758,
      33.92494583129883,
      33.89134979248047,
      37.52294158935547,
      30.083662033081055,
      53.787261962890625,
      59.72467803955078,
      27.345121383666992,
      23.601606369018555,
      4.332635879516602,
      4.166378021240234,
      1.3840821981430054,
      1.346396803855896
    ],
    [
      7.643185615539551,
      4.555811405181885,
      1.469639778137207,
      0.9987204670906067,
      13.660083770751953,
      12.570974349975586,
      16.95660972595215,
      15.928584098815918,
      17.911930084228516,
      13.857179641723633,
      25.988252639770508,
      27.345121383666992,
      21.024282455444336,
      17.941194534301758,
      3.109288454055786,
      2.9387130737304688,
      0.8017399907112122,
      0.7712026238441467
    ],
    [
      7.093181133270264,
      4.315760135650635,
      1.8747673034667969,
      1.407067894935608,
      11.537381172180176,
      11.579669952392578,
      14.672404289245605,
      14.957324981689453,
      15.652499198913574,
      13.059500694274902,
      22.720138549804688,
      23.601606369018555,
      17.941194534301758,
      16.47797393798828,
      2.8462135791778564,
      2.687551975250244,
      0.7083626389503479,
      0.6944802403450012
    ],
    [
      1.4058107137680054,
      1.0505167245864868,
      0.6212677955627441,
      0.4151823818683624,
      1.7856218814849854,
      2.0985512733459473,
      2.8456242084503174,
      2.7823472023010254,
      2.274738311767578,
      2.075352907180786,
      4.220446586608887,
      4.332635879516602,
      3.109288454055786,
      2.8462135791778564,
      0.9588515758514404,
      0.9155229926109314,
      0.30734720826148987,
      0.30028513073921204
    ],
    [
      1.3431729078292847,
      1.0107736587524414,
      0.6486523151397705,
      0.4479058086872101,
      1.559938669204712,
      1.9516266584396362,
      2.785567283630371,
      2.7028369903564453,
      2.160668134689331,
      1.995046854019165,
      4.013920307159424,
      4.166378021240234,
      2.9387130737304688,
      2.687551975250244,
      0.9155229926109314,
      0.9302971959114075,
      0.30945879220962524,
      0.3008617162704468
    ],
    [
      0.4583061933517456,
      0.37915873527526855,
      0.28901875019073486,
      0.2356652170419693,
      0.40191346406936646,
      0.5016965866088867,
      0.7831412553787231,
      0.6781262755393982,
      0.6099272966384888,
      0.5366407632827759,
      1.3355915546417236,
      1.3840821981430054,
      0.8017399907112122,
      0.7083626389503479,
      0.30734720826148987,
      0.30945879220962524,
      0.1507699340581894,
      0.1423628330230713
    ],
    [
      0.4728975296020508,
      0.40119457244873047,
      0.2956474721431732,
      0.23899686336517334,
      0.38511601090431213,
      0.5026292204856873,
      0.742756187915802,
      0.675246000289917,
      0.5892605185508728,
      0.5390762090682983,
      1.3072633743286133,
      1.346396803855896,
      0.7712026238441467,
      0.6944802403450012,
      0.30028513073921204,
      0.3008617162704468,
      0.1423628330230713,
      0.14390352368354797
    ]
  ],
  "covariance_short": [
    [
      41.773677825927734,
      20.97711944580078,
      19.578746795654297,
      18.089269638061523,
      16.98670768737793,
      17.694114685058594,
      21.089948654174805,
      19.274337768554688,
      21.125471115112305,
      20.261505126953125,
      23.25345802307129,
      22.6275691986084,
      9.457988739013672,
      8.849621772766113,
      1.9709678888320923,
      1.852687120437622,
      0.6564984917640686,
      0.6781882047653198
    ],
    [
      20.97711944580078,
      20.910417556762695,
      12.977911949157715,
      12.16934585571289,
      8.256455421447754,
      8.391438484191895,
      11.340130805969238,
      10.656197547912598,
      10.958441734313965,
      11.18213176727295,
      11.868992805480957,
      11.84536075592041,
      5.1999897956848145,
      4.855203151702881,
      1.1949690580368042,
      1.1428577899932861,
      0.4374642074108124,
      0.4559752643108368
    ],
    [
      19.578746795654297,
      12.977911949157715,
      74.3449935913086,
      66.4906997680664,
      14.415342330932617,
      16.861454010009766,
      20.20027732849121,
      24.86295509338379,
      21.159664154052734,
      27.327768325805664,
      16.92966651916504,
      16.508277893066406,
      4.488533020019531,
      4.664057731628418,
      1.3318836688995361,
      1.3231505155563354,
      0.4539712965488434,
      0.45141327381134033
    ],
    [
      18.089269638061523,
      12.16934585571289,
      66.4906997680664,
      70.07331085205078,
      13.458013534545898,
      14.617128372192383,
      18.803443908691406,
      25.10879898071289,
      20.507240295410156,
      25.91836929321289,
      15.940136909484863,
      15.783488273620605,
      4.075357437133789,
      4.280495643615723,
      1.1734868288040161,
      1.153336524963379,
      0.40758445858955383,
      0.41032904386520386
    ],
    [
      16.98670768737793,
      8.256455421447754,
      14.415342330932617,
      13.458013534545898,
      46.197174072265625,
      35.2327995300293,
      24.086822509765625,
      19.41963768005371,
      28.801660537719727,
      22.5084285736084,
      33.83840560913086,
      37.651634216308594,
      12.86859130859375,
      10.956794738769531,
      2.0820789337158203,
      1.850877046585083,
      0.577781617641449,
      0.5403048992156982
    ],
    [
      17.694114685058594,
      8.391438484191895,
      16.861454010009766,
      14.617128372192383,
      35.2327995300293,
      43.25204849243164,
      24.598678588867188,
      21.829490661621094,
      26.955413818359375,
      24.5723819732666,
      32.23991394042969,
      32.31764602661133,
      10.614151954650879,
      9.853954315185547,
      2.1871731281280518,
      2.0149402618408203,
      0.6206412315368652,
      0.5989745855331421
    ],
    [
      21.089948654174805,
      11.340130805969238,
      20.20027732849121,
      18.803443908691406,
      24.086822509765625,
      24.598678588867188,
      47.49785232543945,
      38.889251708984375,
      38.78144073486328,
      34.98179626464844,
      40.69496154785156,
      41.73390579223633,
      17.468711853027344,
      15.754644393920898,
      3.313964366912842,
      3.1350252628326416,
      1.019758939743042,
      0.9679860472679138
    ],
    [
      19.274337768554688,
      10.656197547912598,
      24.86295509338379,
      25.10879898071289,
      19.41963768005371,
      21.829490661621094,
      38.889251708984375,
      55.235321044921875,
      35.980506896972656,
      35.49638748168945,
      39.46808624267578,
      39.587100982666016,
      16.459394454956055,
      15.71650218963623,
      3.179926872253418,
      3.0426576137542725,
      0.9054719805717468,
      0.906915545463562
    ],
    [
      21.125471115112305,
      10.958441734313965,
      21.159664154052734,
      20.507240295410156,
      28.801660537719727,
      26.955413818359375,
      38.78144073486328,
      35.980506896972656,
      55.22761154174805,
      46.084293365478516,
      47.03695297241211,
      47.664371490478516,
      18.795269012451172,
      16.843807220458984,
      2.8805270195007324,
      2.716191291809082,
      0.8555406332015991,
      0.8168084621429443
    ],
    [
      20.261505126953125,
      11.18213176727295,
      27.327768325805664,
      25.91836929321289,
      22.5084285736084,
      24.5723819732666,
      34.98179626464844,
      35.49638748168945,
      46.084293365478516,
      50.552467346191406,
      40.3116455078125,
      39.48984909057617,
      15.443964958190918,
      14.574395179748535,
      2.6970887184143066,
      2.560661792755127,
      0.7685341238975525,
      0.7531989216804504
    ],
    [
      23.25345802307129,
      11.868992805480957,
      16.92966651916504,
      15.940136909484863,
      33.83840560913086,
      32.23991394042969,
      40.69496154785156,
      39.46808624267578,
      47.03695297241211,
      40.3116455078125,
      60.580238342285156,
      59.88519287109375,
      24.588464736938477,
      22.087116241455078,
      4.437187671661377,
      4.1745147705078125,
      1.463942289352417,
      1.4485982656478882
    ],
    [
      22.6275691986084,
      11.84536075592041,
      16.508277893066406,
      15.783488273620605,
      37.651634216308594,
      32.31764602661133,
      41.73390579223633,
      39.587100982666016,
      47.664371490478516,
      39.48984909057617,
      59.88519287109375,
      67.56280517578125,
      25.283601760864258,
      22.554500579833984,
      4.510867595672607,
      4.254592418670654,
      1.5178228616714478,
      1.4949400424957275
    ],
    [
      9.457988739013672,
      5.1999897956848145,
      4.488533020019531,
      4.075357437133789,
      12.86859130859375,
      10.614151954650879,
      17.468711853027344,
      16.459394454956055,
      18.795269012451172,
      15.443964958190918,
      24.588464736938477,
      25.283601760864258,
      18.73199462890625,
      16.19329071044922,
      3.128056049346924,
      2.9099478721618652,
      0.8552210330963135,
      0.8287557363510132
    ],
    [
      8.849621772766113,
      4.855203151702881,
      4.664057731628418,
      4.280495643615723,
      10.956794738769531,
      9.853954315185547,
      15.754644393920898,
      15.71650218963623,
      16.843807220458984,
      14.574395179748535,
      22.087116241455078,
      22.554500579833984,
      16.19329071044922,
      15.307647705078125,
      2.9202117919921875,
      2.7281527519226074,
      0.7728058695793152,
      0.7635357975959778
    ],
    [
      1.9709678888320923,
      1.1949690580368042,
      1.3318836688995361,
      1.1734868288040161,
      2.0820789337158203,
      2.1871731281280518,
      3.313964366912842,
      3.179926872253418,
      2.8805270195007324,
      2.6970887184143066,
      4.437187671661377,
      4.510867595672607,
      3.128056049346924,
      2.9202117919921875,
      1.1752550601959229,
      1.0234625339508057,
      0.3326413035392761,
      0.322544664144516
    ],
    [
      1.852687120437622,
      1.1428577899932861,
      1.3231505155563354,
      1.153336524963379,
      1.850877046585083,
      2.0149402618408203,
      3.1350252628326416,
      3.0426576137542725,
      2.716191291809082,
      2.560661792755127,
      4.1745147705078125,
      4.254592418670654,
      2.9099478721618652,
      2.7281527519226074,
      1.0234625339508057,
      1.0940521955490112,
      0.3270638883113861,
      0.31616824865341187
    ],
    [
      0.6564984917640686,
      0.4374642074108124,
      0.4539712965488434,
      0.40758445858955383,
      0.577781617641449,
      0.6206412315368652,
      1.019758939743042,
      0.9054719805717468,
      0.8555406332015991,
      0.7685341238975525,
      1.463942289352417,
      1.5178228616714478,
      0.8552210330963135,
      0.7728058695793152,
      0.3326413035392761,
      0.3270638883113861,
      0.20217813551425934,
      0.15525668859481812
    ],
    [
      0.6781882047653198,
      0.4559752643108368,
      0.45141327381134033,
      0.41032904386520386,
      0.5403048992156982,
      0.5989745855331421,
      0.9679860472679138,
      0.906915545463562,
      0.8168084621429443,
      0.7531989216804504,
      1.4485982656478882,
      1.4949400424957275,
      0.8287557363510132,
      0.7635357975959778,
      0.322544664144516,
      0.31616824865341187,
      0.15525668859481812,
      0.19440202414989471
    ]
  ],
  "damage": -13.538874626159668,
  "diff_bandwidth": 608.7158203125,
  "dissonance": 4.687633225469483,
  "drr": 2.8268067836761475,
  "dynamics": 3.786931037902832,
  "format": 1245190,
  "frames": 7753664,
  "loudness": -21.34247589111328,
  "loudness_range": 9.991216659545898,
  "loudness_range_short": 14.500197410583496,
  "lowpass_true_peak_15khz": -2.409303665161133,
  "mastering3_acoustic_entropies": [
    {
      "acoustic_entropy": 7.672295570373535,
      "acoustic_entropy_mono": 6.191559314727783,
      "band_eliminated_acoustic_entropies": [
        {
          "acoustic_entropy": 7.676682949066162,
          "acoustic_entropy_side": 7.672420024871826,
          "hz": 129.47220167065723
        },
        {
          "acoustic_entropy": 7.737462043762207,
          "acoustic_entropy_side": 7.6810479164123535,
          "hz": 202.92927478742237
        },
        {
          "acoustic_entropy": 7.70379114151001,
          "acoustic_entropy_side": 7.745911598205566,
          "hz": 282.89161906338205
        },
        {
          "acoustic_entropy": 7.776518821716309,
          "acoustic_entropy_side": 7.790891647338867,
          "hz": 369.9353335868758
        },
        {
          "acoustic_entropy": 7.404643535614014,
          "acoustic_entropy_side": 7.734040260314941,
          "hz": 464.6875360973435
        },
        {
          "acoustic_entropy": 7.556532382965088,
          "acoustic_entropy_side": 7.536004066467285,
          "hz": 567.8308811364784
        },
        {
          "acoustic_entropy": 6.483991622924805,
          "acoustic_entropy_side": 7.6989874839782715,
          "hz": 680.1084783214808
        },
        {
          "acoustic_entropy": 8.256678581237793,
          "acoustic_entropy_side": 7.342419147491455,
          "hz": 802.3292461747484
        },
        {
          "acoustic_entropy": 6.95876407623291,
          "acoustic_entropy_side": 7.028731822967529,
          "hz": 935.3737400823702
        },
        {
          "acoustic_entropy": 7.876439571380615,
          "acoustic_entropy_side": 7.889831066131592,
          "hz": 1080.2004963696966
        },
        {
          "acoustic_entropy": 7.634511470794678,
          "acoustic_entropy_side": 7.603307247161865,
          "hz": 1237.8529382007157
        },
        {
          "acoustic_entropy": 7.413589000701904,
          "acoustic_entropy_side": 7.638370037078857,
          "hz": 1409.4668930556702
        },
        {
          "acoustic_entropy": 7.754979133605957,
          "acoustic_entropy_side": 7.7519707679748535,
          "hz": 1596.2787759475705
        },
        {
          "acoustic_entropy": 7.756853103637695,
          "acoustic_entropy_side": 7.688523292541504,
          "hz": 1799.6344973346393
        },
        {
          "acoustic_entropy": 7.877161979675293,
          "acoustic_entropy_side": 7.733453750610352,
          "hz": 2020.9991599069049
        },
        {
          "acoustic_entropy": 7.720876216888428,
          "acoustic_entropy_side": 7.703680992126465,
          "hz": 2261.9676141086993
        },
        {
          "acoustic_entropy": 7.675292015075684,
          "acoustic_entropy_side": 7.680830955505371,
          "hz": 2524.2759484456974
        },
        {
          "acoustic_entropy": 7.685113430023193,
          "acoustic_entropy_side": 7.680901527404785,
          "hz": 2809.813997359896
        },
        {
          "acoustic_entropy": 7.679856300354004,
          "acoustic_entropy_side": 7.673089981079102,
          "hz": 3120.6389567871424
        },
        {
          "acoustic_entropy": 7.680087566375732,
          "acoustic_entropy_side": 7.6745147705078125,
          "hz": 3458.990205492291
        },
        {
          "acoustic_entropy": 7.673596382141113,
          "acoustic_entropy_side": 7.671004295349121,
          "hz": 3827.305438964164
        },
        {
          "acoustic_entropy": 7.676700115203857,
          "acoustic_entropy_side": 7.674738883972168,
          "hz": 4228.238232109126
        },
        {
          "acoustic_entropy": 7.671119213104248,
          "acoustic_entropy_side": 7.672248840332031,
          "hz": 4664.6771572759235
        },
        {
          "acoustic_entropy": 7.673023223876953,
          "acoustic_entropy_side": 7.67250394821167,
          "hz": 5139.766595350093
        },
        {
          "acoustic_entropy": 7.673039436340332,
          "acoustic_entropy_side": 7.672415733337402,
          "hz": 5656.929389854203
        },
        {
          "acoustic_entropy": 7.672036647796631,
          "acoustic_entropy_side": 7.672294616699219,
          "hz": 6219.891507268283
        },
        {
          "acoustic_entropy": 7.67236852645874,
          "acoustic_entropy_side": 7.67230749130249,
          "hz": 6832.70888123896
        },
        {
          "acoustic_entropy": 7.6723761558532715,
          "acoustic_entropy_side": 7.672317028045654,
          "hz": 7499.796634079867
        },
        {
          "acoustic_entropy": 7.67233943939209,
          "acoustic_entropy_side": 7.6723222732543945,
          "hz": 8225.96088609342
        },
        {
          "acoustic_entropy": 7.672296524047852,
          "acoustic_entropy_side": 7.672296524047852,
          "hz": 9016.43338188839
        },
        {
          "acoustic_entropy": 7.672296524047852,
          "acoustic_entropy_side": 7.672295570373535,
          "hz": 9876.909183162974
        },
        {
          "acoustic_entropy": 7.672295093536377,
          "acoustic_entropy_side": 7.672295093536377,
          "hz": 10813.587699516042
        },
        {
          "acoustic_entropy": 7.672295570373535,
          "acoustic_entropy_side": 7.672295093536377,
          "hz": 11833.21735289826
        },
        {
          "acoustic_entropy": 7.672295093536377,
          "acoustic_entropy_side": 7.672295570373535,
          "hz": 12943.144197493959
        },
        {
          "acoustic_entropy": 7.672295570373535,
          "acoustic_entropy_side": 7.672295570373535,
          "hz": 14151.364845322005
        },
        {
          "acoustic_entropy": 7.672295570373535,
          "acoustic_entropy_side": 7.672295570373535,
          "hz": 15466.58407886509
        },
        {
          "acoustic_entropy": 7.672295570373535,
          "acoustic_entropy_side": 7.672295570373535,
          "hz": 16898.27756580493
        },
        {
          "acoustic_entropy": 7.672295570373535,
          "acoustic_entropy_side": 7.672295570373535,
          "hz": 18456.760127700032
        },
        {
          "acoustic_entropy": 7.672295570373535,
          "acoustic_entropy_side": 7.672295570373535,
          "hz": 20153.260054456492
        },
        {
          "acoustic_entropy": 7.672295570373535,
          "acoustic_entropy_side": 7.672295570373535,
          "hz": 22000.00000000001
        }
      ],
      "diff_acoustic_entropy": 7.105493068695068,
      "sn": 6
    },
    {
      "acoustic_entropy": 9.893606185913086,
      "acoustic_entropy_mono": 9.22631549835205,
      "band_eliminated_acoustic_entropies": [
        {
          "acoustic_entropy": 9.905688285827637,
          "acoustic_entropy_side": 9.894278526306152,
          "hz": 129.47220167065723
        },
        {
          "acoustic_entropy": 10.031908988952637,
          "acoustic_entropy_side": 9.879159927368164,
          "hz": 202.92927478742237
        },
        {
          "acoustic_entropy": 10.72661304473877,
          "acoustic_entropy_side": 10.408539772033691,
          "hz": 282.89161906338205
        },
        {
          "acoustic_entropy": 10.819869995117188,
          "acoustic_entropy_side": 10.303828239440918,
          "hz": 369.9353335868758
        },
        {
          "acoustic_entropy": 10.736947059631348,
          "acoustic_entropy_side": 10.022109031677246,
          "hz": 464.6875360973435
        },
        {
          "acoustic_entropy": 10.43601131439209,
          "acoustic_entropy_side": 9.611542701721191,
          "hz": 567.8308811364784
        },
        {
          "acoustic_entropy": 10.817585945129395,
          "acoustic_entropy_side": 10.112794876098633,
          "hz": 680.1084783214808
        },
        {
          "acoustic_entropy": 10.123096466064453,
          "acoustic_entropy_side": 10.171882629394531,
          "hz": 802.3292461747484
        },
        {
          "acoustic_entropy": 10.424103736877441,
          "acoustic_entropy_side": 10.510851860046387,
          "hz": 935.3737400823702
        },
        {
          "acoustic_entropy": 10.17904281616211,
          "acoustic_entropy_side": 10.163515090942383,
          "hz": 1080.2004963696966
        },
        {
          "acoustic_entropy": 9.551326751708984,
          "acoustic_entropy_side": 9.932618141174316,
          "hz": 1237.8529382007157
        },
        {
          "acoustic_entropy": 9.972500801086426,
          "acoustic_entropy_side": 10.101704597473145,
          "hz": 1409.4668930556702
        },
        {
          "acoustic_entropy": 10.25913143157959,
          "acoustic_entropy_side": 10.07494831085205,
          "hz": 1596.2787759475705
        },
        {
          "acoustic_entropy": 10.393660545349121,
          "acoustic_entropy_side": 10.253738403320312,
          "hz": 1799.6344973346393
        },
        {
          "acoustic_entropy": 10.425107955932617,
          "acoustic_entropy_side": 9.957083702087402,
          "hz": 2020.9991599069049
        },
        {
          "acoustic_entropy": 9.873881340026855,
          "acoustic_entropy_side": 9.80972671508789,
          "hz": 2261.9676141086993
        },
        {
          "acoustic_entropy": 10.02914047241211,
          "acoustic_entropy_side": 9.9174222946167,
          "hz": 2524.2759484456974
        },
        {
          "acoustic_entropy": 9.958748817443848,
          "acoustic_entropy_side": 9.920101165771484,
          "hz": 2809.813997359896
        },
        {
          "acoustic_entropy": 9.89655590057373,
          "acoustic_entropy_side": 9.901219367980957,
          "hz": 3120.6389567871424
        },
        {
          "acoustic_entropy": 9.963558197021484,
          "acoustic_entropy_side": 9.953690528869629,
          "hz": 3458.990205492291
        },
        {
          "acoustic_entropy": 9.953605651855469,
          "acoustic_entropy_side": 9.943950653076172,
          "hz": 3827.305438964164
        },
        {
          "acoustic_entropy": 9.901880264282227,
          "acoustic_entropy_side": 9.897560119628906,
          "hz": 4228.238232109126
        },
        {
          "acoustic_entropy": 9.906378746032715,
          "acoustic_entropy_side": 9.899519920349121,
          "hz": 4664.6771572759235
        },
        {
          "acoustic_entropy": 9.895170211791992,
          "acoustic_entropy_side": 9.894776344299316,
          "hz": 5139.766595350093
        },
        {
          "acoustic_entropy": 9.893089294433594,
          "acoustic_entropy_side": 9.893747329711914,
          "hz": 5656.929389854203
        },
        {
          "acoustic_entropy": 9.893899917602539,
          "acoustic_entropy_side": 9.893589973449707,
          "hz": 6219.891507268283
        },
        {
          "acoustic_entropy": 9.894569396972656,
          "acoustic_entropy_side": 9.893601417541504,
          "hz": 6832.70888123896
        },
        {
          "acoustic_entropy": 9.893808364868164,
          "acoustic_entropy_side": 9.893549919128418,
          "hz": 7499.796634079867
        },
        {
          "acoustic_entropy": 9.893784523010254,
          "acoustic_entropy_side": 9.89371395111084,
          "hz": 8225.96088609342
        },
        {
          "acoustic_entropy": 9.893609046936035,
          "acoustic_entropy_side": 9.893609046936035,
          "hz": 9016.43338188839
        },
        {
          "acoustic_entropy": 9.893609046936035,
          "acoustic_entropy_side": 9.893609046936035,
          "hz": 9876.909183162974
        },
        {
          "acoustic_entropy": 9.893609046936035,
          "acoustic_entropy_side": 9.893606185913086,
          "hz": 10813.587699516042
        },
        {
          "acoustic_entropy": 9.893607139587402,
          "acoustic_entropy_side": 9.89360523223877,
          "hz": 11833.21735289826
        },
        {
          "acoustic_entropy": 9.893606185913086,
          "acoustic_entropy_side": 9.893606185913086,
          "hz": 12943.144197493959
        },
        {
          "acoustic_entropy": 9.893606185913086,
          "acoustic_entropy_side": 9.893606185913086,
          "hz": 14151.364845322005
        },
        {
          "acoustic_entropy": 9.89360523223877,
          "acoustic_entropy_side": 9.893606185913086,
          "hz": 15466.58407886509
        },
        {
          "acoustic_entropy": 9.893606185913086,
          "acoustic_entropy_side": 9.893606185913086,
          "hz": 16898.27756580493
        },
        {
          "acoustic_entropy": 9.893606185913086,
          "acoustic_entropy_side": 9.893606185913086,
          "hz": 18456.760127700032
        },
        {
          "acoustic_entropy": 9.893606185913086,
          "acoustic_entropy_side": 9.893606185913086,
          "hz": 20153.260054456492
        },
        {
          "acoustic_entropy": 9.893606185913086,
          "acoustic_entropy_side": 9.893606185913086,
          "hz": 22000.00000000001
        }
      ],
      "diff_acoustic_entropy": 10.23910903930664,
      "sn": 12
    },
    {
      "acoustic_entropy": 17.773372650146484,
      "acoustic_entropy_mono": 14.889267921447754,
      "band_eliminated_acoustic_entropies": [
        {
          "acoustic_entropy": 17.753835678100586,
          "acoustic_entropy_side": 17.778764724731445,
          "hz": 129.47220167065723
        },
        {
          "acoustic_entropy": 17.746124267578125,
          "acoustic_entropy_side": 18.053932189941406,
          "hz": 202.92927478742237
        },
        {
          "acoustic_entropy": 17.00693702697754,
          "acoustic_entropy_side": 17.167770385742188,
          "hz": 282.89161906338205
        },
        {
          "acoustic_entropy": 17.853879928588867,
          "acoustic_entropy_side": 18.874488830566406,
          "hz": 369.9353335868758
        },
        {
          "acoustic_entropy": 17.322978973388672,
          "acoustic_entropy_side": 17.88933563232422,
          "hz": 464.6875360973435
        },
        {
          "acoustic_entropy": 17.354217529296875,
          "acoustic_entropy_side": 17.02831268310547,
          "hz": 567.8308811364784
        },
        {
          "acoustic_entropy": 17.40530776977539,
          "acoustic_entropy_side": 17.3783016204834,
          "hz": 680.1084783214808
        },
        {
          "acoustic_entropy": 16.95120620727539,
          "acoustic_entropy_side": 17.306119918823242,
          "hz": 802.3292461747484
        },
        {
          "acoustic_entropy": 17.14633560180664,
          "acoustic_entropy_side": 17.73872184753418,
          "hz": 935.3737400823702
        },
        {
          "acoustic_entropy": 16.914278030395508,
          "acoustic_entropy_side": 17.503549575805664,
          "hz": 1080.2004963696966
        },
        {
          "acoustic_entropy": 15.67840576171875,
          "acoustic_entropy_side": 16.224863052368164,
          "hz": 1237.8529382007157
        },
        {
          "acoustic_entropy": 17.064926147460938,
          "acoustic_entropy_side": 18.618684768676758,
          "hz": 1409.4668930556702
        },
        {
          "acoustic_entropy": 17.268033981323242,
          "acoustic_entropy_side": 17.2532901763916,
          "hz": 1596.2787759475705
        },
        {
          "acoustic_entropy": 17.14544105529785,
          "acoustic_entropy_side": 18.302528381347656,
          "hz": 1799.6344973346393
        },
        {
          "acoustic_entropy": 16.92378807067871,
          "acoustic_entropy_side": 17.00708770751953,
          "hz": 2020.9991599069049
        },
        {
          "acoustic_entropy": 18.32184410095215,
          "acoustic_entropy_side": 17.674345016479492,
          "hz": 2261.9676141086993
        },
        {
          "acoustic_entropy": 17.171550750732422,
          "acoustic_entropy_side": 17.3375244140625,
          "hz": 2524.2759484456974
        },
        {
          "acoustic_entropy": 16.99758529663086,
          "acoustic_entropy_side": 17.218042373657227,
          "hz": 2809.813997359896
        },
        {
