{
  "acoustic_entropy": 118.47161102294922,
  "bands": [
    {
      "high_freq": 148.1999969482422,
      "loudness": -44.13682556152344,
      "loudness_range": 15.248001098632812,
      "mid_mean": -40.73499298095703,
      "mid_to_side_loudness": -17.331022262573242,
      "mid_to_side_loudness_range": 9.917109489440918,
      "side_mean": -60.0776252746582
    },
    {
      "high_freq": 392.3793640136719,
      "loudness": -27.420686721801758,
      "loudness_range": 12.394306182861328,
      "low_freq": 148.1999969482422,
      "mid_mean": -24.24267578125,
      "mid_to_side_loudness": -16.23055648803711,
      "mid_to_side_loudness_range": 9.2141695022583,
      "side_mean": -40.94328308105469
    },
    {
      "high_freq": 794.6976318359375,
      "loudness": -29.947633743286133,
      "loudness_range": 19.3022403717041,
      "low_freq": 392.3793640136719,
      "mid_mean": -26.79784393310547,
      "mid_to_side_loudness": -14.150038719177246,
      "mid_to_side_loudness_range": 9.802857398986816,
      "side_mean": -41.92918014526367
    },
    {
      "high_freq": 1457.5709228515625,
      "loudness": -37.28327941894531,
      "loudness_range": 16.92685890197754,
      "low_freq": 794.6976318359375,
      "mid_mean": -34.17756271362305,
      "mid_to_side_loudness": -12.925416946411133,
      "mid_to_side_loudness_range": 10.521223068237305,
      "side_mean": -52.48581314086914
    },
    {
      "high_freq": 2549.74365234375,
      "loudness": -40.85478973388672,
      "loudness_range": 20.27083969116211,
      "low_freq": 1457.5709228515625,
      "mid_mean": -38.28495788574219,
      "mid_to_side_loudness": -12.065122604370117,
      "mid_to_side_loudness_range": 12.745423316955566,
      "side_mean": -55.11751937866211
    },
    {
      "high_freq": 4349.24462890625,
      "loudness": -45.78632354736328,
      "loudness_range": 24.647537231445312,
      "low_freq": 2549.74365234375,
      "mid_mean": -44.609493255615234,
      "mid_to_side_loudness": -8.825033187866211,
      "mid_to_side_loudness_range": 11.820784568786621,
      "side_mean": -56.554508209228516
    },
    {
      "high_freq": 7314.1640625,
      "loudness": -62.08926773071289,
      "loudness_range": 21.52096939086914,
      "low_freq": 4349.24462890625,
      "mid_mean": -60.83033752441406,
      "mid_to_side_loudness": -4.396583557128906,
      "mid_to_side_loudness_range": 8.134531021118164,
      "side_mean": -64.0613021850586
    },
    {
      "high_freq": 12199.2666015625,
      "loudness": -68.49481964111328,
      "loudness_range": 12.05130386352539,
      "low_freq": 7314.1640625,
      "mid_mean": -65.90935516357422,
      "mid_to_side_loudness": -1.0943666696548462,
      "mid_to_side_loudness_range": 3.366298198699951,
      "side_mean": -66.58735656738281
    },
    {
      "loudness": -75.16563415527344,
      "loudness_range": 3.8435287475585938,
      "low_freq": 12199.2666015625,
      "mid_mean": -68.89193725585938,
      "mid_to_side_loudness": 0.37289345264434814,
      "mid_to_side_loudness_range": 2.664945602416992,
      "side_mean": -68.78402709960938
    }
  ],
  "bands_short": [
    {
      "high_freq": 148.1999969482422,
      "loudness": -46.978519439697266,
      "loudness_range": 15.201416015625,
      "mid_mean": -43.704566955566406,
      "mid_to_side_loudness": -16.9601993560791,
      "mid_to_side_loudness_range": 14.890495300292969,
      "side_mean": -61.81812286376953
    },
    {
      "high_freq": 392.3793640136719,
      "loudness": -28.058496475219727,
      "loudness_range": 15.720258712768555,
      "low_freq": 148.1999969482422,
      "mid_mean": -25.034530639648438,
      "mid_to_side_loudness": -15.891386985778809,
      "mid_to_side_loudness_range": 13.371045112609863,
      "side_mean": -41.45915222167969
    },
    {
      "high_freq": 794.6976318359375,
      "loudness": -31.205249786376953,
      "loudness_range": 22.149267196655273,
      "low_freq": 392.3793640136719,
      "mid_mean": -28.344274520874023,
      "mid_to_side_loudness": -13.325760841369629,
      "mid_to_side_loudness_range": 14.099676132202148,
      "side_mean": -42.548561096191406
    },
    {
      "high_freq": 1457.5709228515625,
      "loudness": -38.49311828613281,
      "loudness_range": 21.260604858398438,
      "low_freq": 794.6976318359375,
      "mid_mean": -35.63292694091797,
      "mid_to_side_loudness": -12.071133613586426,
      "mid_to_side_loudness_range": 15.152399063110352,
      "side_mean": -52.98119354248047
    },
    {
      "high_freq": 2549.74365234375,
      "loudness": -42.93848419189453,
      "loudness_range": 24.42901039123535,
      "low_freq": 1457.5709228515625,
      "mid_mean": -41.21571731567383,
      "mid_to_side_loudness": -10.785590171813965,
      "mid_to_side_loudness_range": 16.015134811401367,
      "side_mean": -55.78059768676758
    },
    {
      "high_freq": 4349.24462890625,
      "loudness": -50.11433410644531,
      "loudness_range": 32.212257385253906,
      "low_freq": 2549.74365234375,
      "mid_mean": -52.415771484375,
      "mid_to_side_loudness": -6.894556522369385,
      "mid_to_side_loudness_range": 14.107736587524414,
      "side_mean": -57.9044075012207
    },
    {
      "high_freq": 7314.1640625,
      "loudness": -65.02252960205078,
      "loudness_range": 22.853443145751953,
      "low_freq": 4349.24462890625,
      "mid_mean": -63.132667541503906,
      "mid_to_side_loudness": -2.95481014251709,
      "mid_to_side_loudness_range": 7.8368425369262695,
      "side_mean": -65.16195678710938
    },
    {
      "high_freq": 12199.2666015625,
      "loudness": -69.80593872070312,
      "loudness_range": 9.389423370361328,
      "low_freq": 7314.1640625,
      "mid_mean": -66.73176574707031,
      "mid_to_side_loudness": -0.6351746320724487,
      "mid_to_side_loudness_range": 2.5873193740844727,
      "side_mean": -67.09383392333984
    },
    {
      "loudness": -75.3143539428711,
      "loudness_range": 2.133514404296875,
      "low_freq": 12199.2666015625,
      "mid_mean": -68.90866088867188,
      "mid_to_side_loudness": 0.19977018237113953,
      "mid_to_side_loudness_range": 2.0593578815460205,
      "side_mean": -68.84274291992188
    }
  ],
  "bandwidth": 549.1094970703125,
  "channels": 2,
  "covariance": [
    [
      33.234737396240234,
      19.0256290435791,
      11.118491172790527,
      12.002492904663086,
      9.69992733001709,
      15.358766555786133,
      7.055474758148193,
      17.60735511779785,
      8.663188934326172,
      15.33661937713623,
      15.388579368591309,
      14.42032241821289,
      14.457071304321289,
      9.706236839294434,
      4.488391399383545,
      3.718407392501831,
      0.5849255919456482,
      0.8670767545700073
    ],
    [
      19.0256290435791,
      34.86476135253906,
      6.908771514892578,
      7.552934169769287,
      4.80916166305542,
      10.0198392868042,
      4.077800750732422,
      47.142032623291016,
      4.619959831237793,
      40.529563903808594,
      7.407539367675781,
      35.49862289428711,
      26.653636932373047,
      17.459787368774414,
      11.12233829498291,
      9.101350784301758,
      2.7208306789398193,
      3.0200459957122803
    ],
    [
      11.118491172790527,
      6.908771514892578,
      36.77544403076172,
      30.095945358276367,
      18.901905059814453,
      24.869937896728516,
      19.19923973083496,
      26.11722755432129,
      21.27465057373047,
      28.036468505859375,
      33.598594665527344,
      22.914501190185547,
      15.673238754272461,
      9.952451705932617,
      5.505242347717285,
      3.9446523189544678,
      0.7600309252738953,
      0.9650392532348633
    ],
    [
      12.002492904663086,
      7.552934169769287,
      30.095945358276367,
      32.22349548339844,
      15.621030807495117,
      22.52681541442871,
      16.253419876098633,
      24.602083206176758,
      16.013647079467773,
      25.120914459228516,
      27.472440719604492,
      19.106548309326172,
      12.595443725585938,
      8.582864761352539,
      4.728079319000244,
      3.6578567028045654,
      0.6580979824066162,
      0.92681485414505
    ],
    [
      9.69992733001709,
      4.80916166305542,
      18.901905059814453,
      15.621030807495117,
      55.76103210449219,
      47.59012985229492,
      38.20454406738281,
      33.418670654296875,
      43.392635345458984,
      38.405548095703125,
      51.37371826171875,
      37.84925842285156,
      31.566919326782227,
      19.849910736083984,
      11.003311157226562,
      7.678045749664307,
      1.0510088205337524,
      1.65730619430542
    ],
    [
      15.358766555786133,
      10.0198392868042,
      24.869937896728516,
      22.52681541442871,
      47.59012985229492,
      60.29632568359375,
      38.96435546875,
      37.580265045166016,
      45.635005950927734,
      42.912139892578125,
      53.3878173828125,
      39.52134704589844,
      29.604951858520508,
      19.15000343322754,
      10.695024490356445,
      7.850393295288086,
      1.0513638257980347,
      1.667340636253357
    ],
    [
      7.055474758148193,
      4.077800750732422,
      19.19923973083496,
      16.253419876098633,
      38.20454406738281,
      38.96435546875,
      49.730804443359375,
      38.07781219482422,
      47.001670837402344,
      38.45104217529297,
      53.077476501464844,
      39.66106414794922,
      31.2200927734375,
      19.731266021728516,
      10.496126174926758,
      7.227564811706543,
      0.9967048764228821,
      1.4485567808151245
    ],
    [
      17.60735511779785,
      47.142032623291016,
      26.11722755432129,
      24.602083206176758,
      33.418670654296875,
      37.580265045166016,
      38.07781219482422,
      112.84831237792969,
      33.66751480102539,
      95.10374450683594,
      56.92619323730469,
      89.83126068115234,
      62.140865325927734,
      39.896629333496094,
      24.715444564819336,
      19.46220588684082,
      5.4162774085998535,
      6.1389241218566895
    ],
    [
      8.663188934326172,
      4.619959831237793,
      21.27465057373047,
      16.013647079467773,
      43.392635345458984,
      45.635005950927734,
      47.001670837402344,
      33.66751480102539,
      71.24559020996094,
      50.4288330078125,
      67.68285369873047,
      47.89434814453125,
      42.21805953979492,
      26.658172607421875,
      15.188737869262695,
      10.481610298156738,
      1.273542046546936,
      2.0235605239868164
    ],
    [
      15.33661937713623,
      40.529563903808594,
      28.036468505859375,
      25.120914459228516,
      38.405548095703125,
      42.912139892578125,
      38.45104217529297,
      95.10374450683594,
      50.4288330078125,
      95.70987701416016,
      63.7123908996582,
      85.27293395996094,
      61.12346267700195,
      39.88296890258789,
      24.937028884887695,
      19.683937072753906,
      4.774143695831299,
      5.743362903594971
    ],
    [
      15.388579368591309,
      7.407539367675781,
      33.598594665527344,
      27.472440719604492,
      51.37371826171875,
      53.3878173828125,
      53.077476501464844,
      56.92619323730469,
      67.68285369873047,
      63.7123908996582,
      114.23886108398438,
      81.5127944946289,
      69.72089385986328,
      43.45329284667969,
      22.3085994720459,
      15.20082950592041,
      2.1700291633605957,
      3.1451914310455322
    ],
    [
      14.42032241821289,
      35.49862289428711,
      22.914501190185547,
      19.106548309326172,
      37.84925842285156,
      39.52134704589844,
      39.66106414794922,
      89.83126068115234,
      47.89434814453125,
      85.27293395996094,
      81.5127944946289,
      94.11925506591797,
      69.6874008178711,
      45.47385025024414,
      25.906494140625,
      20.083736419677734,
      4.584850788116455,
      5.6758503913879395
    ],
    [
      14.457071304321289,
      26.653636932373047,
      15.673238754272461,
      12.595443725585938,
      31.566919326782227,
      29.604951858520508,
      31.2200927734375,
      62.140865325927734,
      42.21805953979492,
      61.12346267700195,
      69.72089385986328,
      69.6874008178711,
      65.66767120361328,
      42.029422760009766,
      24.587596893310547,
      17.992061614990234,
      3.6532793045043945,
      4.692219257354736
    ],
    [
      9.706236839294434,
      17.459787368774414,
      9.952451705932617,
      8.582864761352539,
      19.849910736083984,
      19.15000343322754,
      19.731266021728516,
      39.896629333496094,
      26.658172607421875,
      39.88296890258789,
      43.45329284667969,
      45.47385025024414,
      42.029422760009766,
      28.4610652923584,
      16.076377868652344,
      12.594346046447754,
      2.2697830200195312,
      3.259644031524658
    ],
    [
      4.488391399383545,
      11.12233829498291,
      5.505242347717285,
      4.728079319000244,
      11.003311157226562,
      10.695024490356445,
      10.496126174926758,
      24.715444564819336,
      15.188737869262695,
      24.937028884887695,
      22.3085994720459,
      25.906494140625,
      24.587596893310547,
      16.076377868652344,
      12.27315616607666,
      8.923047065734863,
      1.7442549467086792,
      2.2447986602783203
    ],
    [
      3.718407392501831,
      9.101350784301758,
      3.9446523189544678,
      3.6578567028045654,
      7.678045749664307,
      7.850393295288086,
      7.227564811706543,
      19.46220588684082,
      10.481610298156738,
      19.683937072753906,
      15.20082950592041,
      20.083736419677734,
      17.992061614990234,
      12.594346046447754,
      8.923047065734863,
      7.461490631103516,
      1.2292301654815674,
      1.9296091794967651
    ],
    [
      0.5849255919456482,
      2.7208306789398193,
      0.7600309252738953,
      0.6580979824066162,
      1.0510088205337524,
      1.0513638257980347,
      0.9967048764228821,
      5.4162774085998535,
      1.273542046546936,
      4.774143695831299,
      2.1700291633605957,
      4.584850788116455,
      3.6532793045043945,
      2.2697830200195312,
      1.7442549467086792,
      1.2292301654815674,
      0.3972336947917938,
      0.38908806443214417
    ],
    [
      0.8670767545700073,
      3.0200459957122803,
      0.9650392532348633,
      0.92681485414505,
      1.65730619430542,
      1.667340636253357,
      1.4485567808151245,
      6.1389241218566895,
      2.0235605239868164,
      5.743362903594971,
      3.1451914310455322,
      5.6758503913879395,
      4.692219257354736,
      3.259644031524658,
      2.2447986602783203,
      1.9296091794967651,
      0.38908806443214417,
      0.5771757960319519
    ]
  ],
  "covariance_short": [
    [
      35.20219039916992,
      13.548447608947754,
      13.26918888092041,
      13.958084106445312,
      11.674506187438965,
      15.258535385131836,
      8.040557861328125,
      18.33641815185547,
      14.037240028381348,
      17.065940856933594,
      22.05887222290039,
      14.758659362792969,
      10.579368591308594,
      7.319844722747803,
      3.4738481044769287,
      2.932736873626709,
      0.6629034876823425,
      0.7976334691047668
    ],
    [
      13.548447608947754,
      28.1122989654541,
      6.985553741455078,
      8.477193832397461,
      4.449551582336426,
      8.254708290100098,
      2.5805118083953857,
      38.022823333740234,
      4.874016761779785,
      32.243412017822266,
      37.807891845703125,
      26.069082260131836,
      14.911229133605957,
      10.778974533081055,
      6.525022506713867,
      5.834930419921875,
      2.1200926303863525,
      2.2450356483459473
    ],
    [
      13.26918888092041,
      6.985553741455078,
      43.99855422973633,
      31.06885528564453,
      25.0975399017334,
      25.5765380859375,
      25.807392120361328,
      28.814985275268555,
      37.3917121887207,
      30.09511375427246,
      39.74363708496094,
      25.921693801879883,
      16.191116333007812,
      10.739693641662598,
      4.8213911056518555,
      3.7627456188201904,
      0.7911760210990906,
      1.005251169204712
    ],
    [
      13.958084106445312,
      8.477193832397461,
      31.06885528564453,
      37.903480529785156,
      16.78326988220215,
      22.708776473999023,
      17.416549682617188,
      26.596343994140625,
      26.89756965637207,
      27.019290924072266,
      28.498699188232422,
      19.702190399169922,
      9.672082901000977,
      7.0452141761779785,
      2.9782073497772217,
      2.5674901008605957,
      0.607446014881134,
      0.750758171081543
    ],
    [
      11.674506187438965,
      4.449551582336426,
      25.0975399017334,
      16.78326988220215,
      68.74147033691406,
      51.54670333862305,
      50.64487838745117,
      36.131290435791016,
      64.35665130615234,
      41.11312484741211,
      63.96913146972656,
      43.9510383605957,
      31.708274841308594,
      20.28012466430664,
      9.206900596618652,
      6.632078170776367,
      1.1144990921020508,
      1.5973008871078491
    ],
    [
      15.258535385131836,
      8.254708290100098,
      25.5765380859375,
      22.708776473999023,
      51.54670333862305,
      65.112060546875,
      41.19454574584961,
      40.85198974609375,
      61.17789077758789,
      44.809898376464844,
      55.590335845947266,
      40.958614349365234,
      23.724092483520508,
      15.975809097290039,
      6.959217071533203,
      5.307498455047607,
      0.9329289197921753,
      1.3141862154006958
    ],
    [
      8.040557861328125,
      2.5805118083953857,
      25.807392120361328,
      17.416549682617188,
      50.64487838745117,
      41.19454574584961,
      65.44115447998047,
      42.82560729980469,
      65.25518035888672,
      42.60152053833008,
      65.55770111083984,
      46.13619613647461,
      32.01087951660156,
      20.581819534301758,
      8.44839859008789,
      5.89226770401001,
      1.0180116891860962,
      1.3375052213668823
    ],
    [
      18.33641815185547,
      38.022823333740234,
      28.814985275268555,
      26.596343994140625,
      36.131290435791016,
      40.85198974609375,
      42.82560729980469,
      112.61156463623047,
      50.43452835083008,
      91.66416931152344,
      115.89437866210938,
      82.69259643554688,
      46.95613098144531,
      32.39614486694336,
      17.73457145690918,
      15.019399642944336,
      4.95950174331665,
      5.385499000549316
    ],
    [
      14.037240028381348,
      4.874016761779785,
      37.3917121887207,
      26.89756965637207,
      64.35665130615234,
      61.17789077758789,
      65.25518035888672,
      50.43452835083008,
      104.78939819335938,
      65.35188293457031,
      94.63191986083984,
      63.53153610229492,
      46.620548248291016,
      30.023618698120117,
      13.247930526733398,
      9.592677116394043,
      1.6523315906524658,
      2.177722692489624
    ],
    [
      17.065940856933594,
      32.243412017822266,
      30.09511375427246,
      27.019290924072266,
      41.11312484741211,
      44.809898376464844,
      42.60152053833008,
      91.66416931152344,
      65.35188293457031,
      94.83952331542969,
      109.77864837646484,
      78.92303466796875,
      45.645931243896484,
      32.14480209350586,
      16.833452224731445,
      14.438520431518555,
      4.278078556060791,
      4.838016510009766
    ],
    [
      22.05887222290039,
      37.807891845703125,
      39.74363708496094,
      28.498699188232422,
      63.96913146972656,
      55.590335845947266,
      65.55770111083984,
      115.89437866210938,
      94.63191986083984,
      109.77864837646484,
      174.55880737304688,
      118.3920669555664,
      81.47053527832031,
      54.19792175292969,
      28.238012313842773,
      22.55179214477539,
      6.25800085067749,
      7.131896018981934
    ],
    [
      14.758659362792969,
      26.069082260131836,
      25.921693801879883,
      19.702190399169922,
      43.9510383605957,
      40.958614349365234,
      46.13619613647461,
      82.69259643554688,
      63.53153610229492,
      78.92303466796875,
      118.3920669555664,
      89.10681915283203,
      55.374446868896484,
      38.36179733276367,
      19.051023483276367,
      15.719813346862793,
      4.17751407623291,
      4.956691741943359
    ],
    [
      10.579368591308594,
      14.911229133605957,
      16.191116333007812,
      9.672082901000977,
      31.708274841308594,
      23.724092483520508,
      32.01087951660156,
      46.95613098144531,
      46.620548248291016,
      45.645931243896484,
      81.47053527832031,
      55.374446868896484,
      52.37109375,
      34.266178131103516,
      18.23753547668457,
      13.993206024169922,
      3.2897720336914062,
      4.065467357635498
    ],
    [
      7.319844722747803,
      10.778974533081055,
      10.739693641662598,
      7.0452141761779785,
      20.28012466430664,
      15.975809097290039,
      20.581819534301758,
      32.39614486694336,
      30.023618698120117,
      32.14480209350586,
      54.19792175292969,
      38.36179733276367,
      34.266178131103516,
      24.405773162841797,
      12.312997817993164,
      10.048487663269043,
      2.1719343662261963,
      2.9480233192443848
    ],
    [
      3.4738481044769287,
      6.525022506713867,
      4.8213911056518555,
      2.9782073497772217,
      9.206900596618652,
      6.959217071533203,
      8.44839859008789,
      17.73457145690918,
      13.247930526733398,
      16.833452224731445,
      28.238012313842773,
      19.051023483276367,
      18.23753547668457,
      12.312997817993164,
      9.570176124572754,
      7.369441032409668,
      1.7695081233978271,
      2.255829334259033
    ],
    [
      2.932736873626709,
      5.834930419921875,
      3.7627456188201904,
      2.5674901008605957,
      6.632078170776367,
      5.307498455047607,
      5.89226770401001,
      15.019399642944336,
      9.592677116394043,
      14.438520431518555,
      22.55179214477539,
      15.719813346862793,
      13.993206024169922,
      10.048487663269043,
      7.369441032409668,
      6.275643825531006,
      1.3572896718978882,
      1.9785128831863403
    ],
    [
      0.6629034876823425,
      2.1200926303863525,
      0.7911760210990906,
      0.607446014881134,
      1.1144990921020508,
      0.9329289197921753,
      1.0180116891860962,
      4.95950174331665,
      1.6523315906524658,
      4.278078556060791,
      6.25800085067749,
      4.17751407623291,
      3.2897720336914062,
      2.1719343662261963,
      1.7695081233978271,
      1.3572896718978882,
      0.5173292756080627,
      0.531516432762146
    ],
    [
      0.7976334691047668,
      2.2450356483459473,
      1.005251169204712,
      0.750758171081543,
      1.5973008871078491,
      1.3141862154006958,
      1.3375052213668823,
      5.385499000549316,
      2.177722692489624,
      4.838016510009766,
      7.131896018981934,
      4.956691741943359,
      4.065467357635498,
      2.9480233192443848,
      2.255829334259033,
      1.9785128831863403,
      0.531516432762146,
      0.8243438005447388
    ]
  ],
  "damage": -12.935036659240723,
  "diff_bandwidth": 570.796630859375,
  "dissonance": 4.234660891264163,
  "drr": 5.499602317810059,
  "dynamics": 4.473536968231201,
  "format": 1245190,
  "frames": 2755520,
  "loudness": -20.274524688720703,
  "loudness_range": 11.739917755126953,
  "loudness_range_short": 15.239368438720703,
  "lowpass_true_peak_15khz": -3.0640878677368164,
  "mastering3_acoustic_entropies": [
    {
      "acoustic_entropy": 7.715332508087158,
      "acoustic_entropy_mono": 7.802184104919434,
      "band_eliminated_acoustic_entropies": [
        {
          "acoustic_entropy": 7.715455532073975,
          "acoustic_entropy_side": 7.715332984924316,
          "hz": 129.47220167065723
        },
        {
          "acoustic_entropy": 7.675807952880859,
          "acoustic_entropy_side": 7.715323448181152,
          "hz": 202.92927478742237
        },
        {
          "acoustic_entropy": 7.6481733322143555,
          "acoustic_entropy_side": 7.703021049499512,
          "hz": 282.89161906338205
        },
        {
          "acoustic_entropy": 6.958194732666016,
          "acoustic_entropy_side": 7.706385135650635,
          "hz": 369.9353335868758
        },
        {
          "acoustic_entropy": 7.63995361328125,
          "acoustic_entropy_side": 7.723674297332764,
          "hz": 464.6875360973435
        },
        {
          "acoustic_entropy": 6.638866901397705,
          "acoustic_entropy_side": 7.690296173095703,
          "hz": 567.8308811364784
        },
        {
          "acoustic_entropy": 7.233755111694336,
          "acoustic_entropy_side": 7.7807464599609375,
          "hz": 680.1084783214808
        },
        {
          "acoustic_entropy": 7.17168664932251,
          "acoustic_entropy_side": 7.790879249572754,
          "hz": 802.3292461747484
        },
        {
          "acoustic_entropy": 6.898646354675293,
          "acoustic_entropy_side": 7.71050500869751,
          "hz": 935.3737400823702
        },
        {
          "acoustic_entropy": 7.757652282714844,
          "acoustic_entropy_side": 7.7090535163879395,
          "hz": 1080.2004963696966
        },
        {
          "acoustic_entropy": 7.215439796447754,
          "acoustic_entropy_side": 7.71387243270874,
          "hz": 1237.8529382007157
        },
        {
          "acoustic_entropy": 7.811352729797363,
          "acoustic_entropy_side": 7.715862274169922,
          "hz": 1409.4668930556702
        },
        {
          "acoustic_entropy": 7.582640647888184,
          "acoustic_entropy_side": 7.713498592376709,
          "hz": 1596.2787759475705
        },
        {
          "acoustic_entropy": 7.690430164337158,
          "acoustic_entropy_side": 7.715428829193115,
          "hz": 1799.6344973346393
        },
        {
          "acoustic_entropy": 7.629823684692383,
          "acoustic_entropy_side": 7.715400695800781,
          "hz": 2020.9991599069049
        },
        {
          "acoustic_entropy": 7.361090183258057,
          "acoustic_entropy_side": 7.707886695861816,
          "hz": 2261.9676141086993
        },
        {
          "acoustic_entropy": 7.396996974945068,
          "acoustic_entropy_side": 7.7122802734375,
          "hz": 2524.2759484456974
        },
        {
          "acoustic_entropy": 7.601521015167236,
          "acoustic_entropy_side": 7.717272758483887,
          "hz": 2809.813997359896
        },
        {
          "acoustic_entropy": 7.61397647857666,
          "acoustic_entropy_side": 7.7147626876831055,
          "hz": 3120.6389567871424
        },
        {
          "acoustic_entropy": 7.621303081512451,
          "acoustic_entropy_side": 7.7150654792785645,
          "hz": 3458.990205492291
        },
        {
          "acoustic_entropy": 7.700764179229736,
          "acoustic_entropy_side": 7.714949131011963,
          "hz": 3827.305438964164
        },
        {
          "acoustic_entropy": 7.7980570793151855,
          "acoustic_entropy_side": 7.718153476715088,
          "hz": 4228.238232109126
        },
        {
          "acoustic_entropy": 7.796929836273193,
          "acoustic_entropy_side": 7.7178168296813965,
          "hz": 4664.6771572759235
        },
        {
          "acoustic_entropy": 7.726541042327881,
          "acoustic_entropy_side": 7.715693473815918,
          "hz": 5139.766595350093
        },
        {
          "acoustic_entropy": 7.715702056884766,
          "acoustic_entropy_side": 7.715340614318848,
          "hz": 5656.929389854203
        },
        {
          "acoustic_entropy": 7.715401649475098,
          "acoustic_entropy_side": 7.715333461761475,
          "hz": 6219.891507268283
        },
        {
          "acoustic_entropy": 7.715335369110107,
          "acoustic_entropy_side": 7.715335369110107,
          "hz": 6832.70888123896
        },
        {
          "acoustic_entropy": 7.715346813201904,
          "acoustic_entropy_side": 7.715334892272949,
          "hz": 7499.796634079867
        },
        {
          "acoustic_entropy": 7.7153449058532715,
          "acoustic_entropy_side": 7.71533203125,
          "hz": 8225.96088609342
        },
        {
          "acoustic_entropy": 7.715334892272949,
          "acoustic_entropy_side": 7.715331554412842,
          "hz": 9016.43338188839
        },
        {
          "acoustic_entropy": 7.715332984924316,
          "acoustic_entropy_side": 7.715331554412842,
          "hz": 9876.909183162974
        },
        {
          "acoustic_entropy": 7.715331554412842,
          "acoustic_entropy_side": 7.715332984924316,
          "hz": 10813.587699516042
        },
        {
          "acoustic_entropy": 7.715332508087158,
          "acoustic_entropy_side": 7.715332508087158,
          "hz": 11833.21735289826
        },
        {
          "acoustic_entropy": 7.715332508087158,
          "acoustic_entropy_side": 7.715332508087158,
          "hz": 12943.144197493959
        },
        {
          "acoustic_entropy": 7.715332508087158,
          "acoustic_entropy_side": 7.715332508087158,
          "hz": 14151.364845322005
        },
        {
          "acoustic_entropy": 7.715332508087158,
          "acoustic_entropy_side": 7.715332508087158,
          "hz": 15466.58407886509
        },
        {
          "acoustic_entropy": 7.715332508087158,
          "acoustic_entropy_side": 7.715332508087158,
          "hz": 16898.27756580493
        },
        {
          "acoustic_entropy": 7.715332508087158,
          "acoustic_entropy_side": 7.715332508087158,
          "hz": 18456.760127700032
        },
        {
          "acoustic_entropy": 7.715332508087158,
          "acoustic_entropy_side": 7.715332508087158,
          "hz": 20153.260054456492
        },
        {
          "acoustic_entropy": 7.715332508087158,
          "acoustic_entropy_side": 7.715332508087158,
          "hz": 22000.00000000001
        }
      ],
      "diff_acoustic_entropy": 5.027288436889648,
      "sn": 6
    },
    {
      "acoustic_entropy": 10.029749870300293,
      "acoustic_entropy_mono": 10.499090194702148,
      "band_eliminated_acoustic_entropies": [
        {
          "acoustic_entropy": 10.03275203704834,
          "acoustic_entropy_side": 10.02975082397461,
          "hz": 129.47220167065723
        },
        {
          "acoustic_entropy": 10.121733665466309,
          "acoustic_entropy_side": 10.028975486755371,
          "hz": 202.92927478742237
        },
        {
          "acoustic_entropy": 10.638827323913574,
          "acoustic_entropy_side": 10.022259712219238,
          "hz": 282.89161906338205
        },
        {
          "acoustic_entropy": 10.026671409606934,
          "acoustic_entropy_side": 10.11194896697998,
          "hz": 369.9353335868758
        },
        {
          "acoustic_entropy": 10.035923957824707,
          "acoustic_entropy_side": 10.045952796936035,
          "hz": 464.6875360973435
        },
        {
          "acoustic_entropy": 9.590755462646484,
          "acoustic_entropy_side": 10.00377368927002,
          "hz": 567.8308811364784
        },
        {
          "acoustic_entropy": 10.487395286560059,
          "acoustic_entropy_side": 10.47059154510498,
          "hz": 680.1084783214808
        },
        {
          "acoustic_entropy": 10.656564712524414,
          "acoustic_entropy_side": 10.558058738708496,
          "hz": 802.3292461747484
        },
        {
          "acoustic_entropy": 10.998233795166016,
          "acoustic_entropy_side": 9.994948387145996,
          "hz": 935.3737400823702
        },
        {
          "acoustic_entropy": 10.621705055236816,
          "acoustic_entropy_side": 9.885980606079102,
          "hz": 1080.2004963696966
        },
        {
          "acoustic_entropy": 9.92763900756836,
          "acoustic_entropy_side": 10.034758567810059,
          "hz": 1237.8529382007157
        },
        {
          "acoustic_entropy": 10.121599197387695,
          "acoustic_entropy_side": 10.026660919189453,
          "hz": 1409.4668930556702
        },
        {
          "acoustic_entropy": 9.677690505981445,
          "acoustic_entropy_side": 10.04029369354248,
          "hz": 1596.2787759475705
        },
        {
          "acoustic_entropy": 10.357911109924316,
          "acoustic_entropy_side": 10.041707038879395,
          "hz": 1799.6344973346393
        },
        {
          "acoustic_entropy": 10.014925956726074,
          "acoustic_entropy_side": 10.035140991210938,
          "hz": 2020.9991599069049
        },
        {
          "acoustic_entropy": 10.367547988891602,
          "acoustic_entropy_side": 10.023479461669922,
          "hz": 2261.9676141086993
        },
        {
          "acoustic_entropy": 10.03669261932373,
          "acoustic_entropy_side": 10.03347396850586,
          "hz": 2524.2759484456974
        },
        {
          "acoustic_entropy": 9.974847793579102,
          "acoustic_entropy_side": 10.018715858459473,
          "hz": 2809.813997359896
        },
        {
          "acoustic_entropy": 10.452018737792969,
          "acoustic_entropy_side": 10.061721801757812,
          "hz": 3120.6389567871424
        },
        {
          "acoustic_entropy": 9.928820610046387,
          "acoustic_entropy_side": 10.048827171325684,
          "hz": 3458.990205492291
        },
        {
          "acoustic_entropy": 10.11758804321289,
          "acoustic_entropy_side": 10.041446685791016,
          "hz": 3827.305438964164
        },
        {
          "acoustic_entropy": 10.482904434204102,
          "acoustic_entropy_side": 10.065269470214844,
          "hz": 4228.238232109126
        },
        {
          "acoustic_entropy": 10.527229309082031,
          "acoustic_entropy_side": 10.067103385925293,
          "hz": 4664.6771572759235
        },
        {
          "acoustic_entropy": 10.16200065612793,
          "acoustic_entropy_side": 10.03900146484375,
          "hz": 5139.766595350093
        },
        {
          "acoustic_entropy": 10.031064987182617,
          "acoustic_entropy_side": 10.029791831970215,
          "hz": 5656.929389854203
        },
        {
          "acoustic_entropy": 10.02910041809082,
          "acoustic_entropy_side": 10.029662132263184,
          "hz": 6219.891507268283
        },
        {
          "acoustic_entropy": 10.029779434204102,
          "acoustic_entropy_side": 10.029745101928711,
          "hz": 6832.70888123896
        },
        {
          "acoustic_entropy": 10.029623031616211,
          "acoustic_entropy_side": 10.02972412109375,
          "hz": 7499.796634079867
        },
        {
          "acoustic_entropy": 10.02966022491455,
          "acoustic_entropy_side": 10.029659271240234,
          "hz": 8225.96088609342
        },
        {
          "acoustic_entropy": 10.029679298400879,
          "acoustic_entropy_side": 10.02970027923584,
          "hz": 9016.43338188839
        },
        {
          "acoustic_entropy": 10.029749870300293,
          "acoustic_entropy_side": 10.029739379882812,
          "hz": 9876.909183162974
        },
        {
          "acoustic_entropy": 10.02975082397461,
          "acoustic_entropy_side": 10.029742240905762,
          "hz": 10813.587699516042
        },
        {
          "acoustic_entropy": 10.029747009277344,
          "acoustic_entropy_side": 10.02975082397461,
          "hz": 11833.21735289826
        },
        {
          "acoustic_entropy": 10.02974796295166,
          "acoustic_entropy_side": 10.02974796295166,
          "hz": 12943.144197493959
        },
        {
          "acoustic_entropy": 10.029748916625977,
          "acoustic_entropy_side": 10.029749870300293,
          "hz": 14151.364845322005
        },
        {
          "acoustic_entropy": 10.029749870300293,
          "acoustic_entropy_side": 10.029749870300293,
          "hz": 15466.58407886509
        },
        {
          "acoustic_entropy": 10.029749870300293,
          "acoustic_entropy_side": 10.029749870300293,
          "hz": 16898.27756580493
        },
        {
          "acoustic_entropy": 10.029749870300293,
          "acoustic_entropy_side": 10.029749870300293,
          "hz": 18456.760127700032
        },
        {
          "acoustic_entropy": 10.029749870300293,
          "acoustic_entropy_side": 10.029749870300293,
          "hz": 20153.260054456492
        },
        {
          "acoustic_entropy": 10.029749870300293,
          "acoustic_entropy_side": 10.029749870300293,
          "hz": 22000.00000000001
        }
      ],
      "diff_acoustic_entropy": 7.700540542602539,
      "sn": 12
    },
    {
      "acoustic_entropy": 17.29542350769043,
      "acoustic_entropy_mono": 15.708625793457031,
      "band_eliminated_acoustic_entropies": [
        {
          "acoustic_entropy": 17.522361755371094,
          "acoustic_entropy_side": 17.296117782592773,
          "hz": 129.47220167065723
        },
        {
          "acoustic_entropy": 17.403228759765625,
          "acoustic_entropy_side": 17.29178237915039,
          "hz": 202.92927478742237
        },
        {
          "acoustic_entropy": 16.89229965209961,
          "acoustic_entropy_side": 16.632957458496094,
          "hz": 282.89161906338205
        },
        {
          "acoustic_entropy": 17.856487274169922,
          "acoustic_entropy_side": 17.48347282409668,
          "hz": 369.9353335868758
        },
        {
          "acoustic_entropy": 16.096689224243164,
          "acoustic_entropy_side": 16.619915008544922,
          "hz": 464.6875360973435
        },
        {
          "acoustic_entropy": 16.6634464263916,
          "acoustic_entropy_side": 16.28472137451172,
          "hz": 567.8308811364784
        },
        {
          "acoustic_entropy": 15.850260734558105,
          "acoustic_entropy_side": 16.673799514770508,
          "hz": 680.1084783214808
        },
        {
          "acoustic_entropy": 16.586814880371094,
          "acoustic_entropy_side": 16.982439041137695,
          "hz": 802.3292461747484
        },
        {
          "acoustic_entropy": 15.957454681396484,
          "acoustic_entropy_side": 16.38995933532715,
          "hz": 935.3737400823702
        },
        {
          "acoustic_entropy": 15.420488357543945,
          "acoustic_entropy_side": 15.879718780517578,
          "hz": 1080.2004963696966
        },
        {
          "acoustic_entropy": 16.858686447143555,
          "acoustic_entropy_side": 16.810413360595703,
          "hz": 1237.8529382007157
        },
        {
          "acoustic_entropy": 16.540695190429688,
          "acoustic_entropy_side": 17.466981887817383,
          "hz": 1409.4668930556702
        },
        {
          "acoustic_entropy": 16.983198165893555,
          "acoustic_entropy_side": 17.52212905883789,
          "hz": 1596.2787759475705
        },
        {
          "acoustic_entropy": 16.980243682861328,
          "acoustic_entropy_side": 16.59176254272461,
          "hz": 1799.6344973346393
        },
        {
          "acoustic_entropy": 17.129920959472656,
          "acoustic_entropy_side": 17.173934936523438,
          "hz": 2020.9991599069049
        },
        {
          "acoustic_entropy": 17.343902587890625,
          "acoustic_entropy_side": 16.843162536621094,
          "hz": 2261.9676141086993
        },
        {
          "acoustic_entropy": 15.569636344909668,
          "acoustic_entropy_side": 17.056554794311523,
          "hz": 2524.2759484456974
        },
        {
          "acoustic_entropy": 17.522010803222656,
          "acoustic_entropy_side": 16.814714431762695,
          "hz": 2809.813997359896
        },
        {
          "acoustic_entropy": 17.40162467956543,
          "acoustic_entropy_side": 17.19730567932129,
          "hz": 3120.6389567871424
