{
  "acoustic_entropy": 234.71864318847656,
  "bands": [
    {
      "high_freq": 148.1999969482422,
      "loudness": -25.470266342163086,
      "loudness_range": 23.320823669433594,
      "mid_mean": -22.293506622314453,
      "mid_to_side_loudness": -11.44453239440918,
      "mid_to_side_loudness_range": 23.784929275512695,
      "side_mean": -35.99059295654297
    },
    {
      "high_freq": 392.3793640136719,
      "loudness": -22.516845703125,
      "loudness_range": 17.120899200439453,
      "low_freq": 148.1999969482422,
      "mid_mean": -19.8321590423584,
      "mid_to_side_loudness": -6.875941753387451,
      "mid_to_side_loudness_range": 13.817484855651855,
      "side_mean": -26.891332626342773
    },
    {
      "high_freq": 794.6976318359375,
      "loudness": -26.22447967529297,
      "loudness_range": 15.914825439453125,
      "low_freq": 392.3793640136719,
      "mid_mean": -23.5867977142334,
      "mid_to_side_loudness": -6.913461208343506,
      "mid_to_side_loudness_range": 12.84330940246582,
      "side_mean": -30.87652587890625
    },
    {
      "high_freq": 1457.5709228515625,
      "loudness": -25.808807373046875,
      "loudness_range": 17.5505428314209,
      "low_freq": 794.6976318359375,
      "mid_mean": -23.315044403076172,
      "mid_to_side_loudness": -6.043856620788574,
      "mid_to_side_loudness_range": 10.890802383422852,
      "side_mean": -29.62188720703125
    },
    {
      "high_freq": 2549.74365234375,
      "loudness": -28.977968215942383,
      "loudness_range": 19.85834312438965,
      "low_freq": 1457.5709228515625,
      "mid_mean": -26.705808639526367,
      "mid_to_side_loudness": -4.230870246887207,
      "mid_to_side_loudness_range": 9.027524948120117,
      "side_mean": -31.365283966064453
    },
    {
      "high_freq": 4349.24462890625,
      "loudness": -29.077411651611328,
      "loudness_range": 20.905179977416992,
      "low_freq": 2549.74365234375,
      "mid_mean": -26.33125114440918,
      "mid_to_side_loudness": -5.928073883056641,
      "mid_to_side_loudness_range": 12.106375694274902,
      "side_mean": -33.45841598510742
    },
    {
      "high_freq": 7314.1640625,
      "loudness": -30.57023048400879,
      "loudness_range": 21.588184356689453,
      "low_freq": 4349.24462890625,
      "mid_mean": -27.836151123046875,
      "mid_to_side_loudness": -6.865237236022949,
      "mid_to_side_loudness_range": 13.219667434692383,
      "side_mean": -35.60736846923828
    },
    {
      "high_freq": 12199.2666015625,
      "loudness": -31.955930709838867,
      "loudness_range": 24.722883224487305,
      "low_freq": 7314.1640625,
      "mid_mean": -29.97454261779785,
      "mid_to_side_loudness": -6.823391437530518,
      "mid_to_side_loudness_range": 14.505960464477539,
      "side_mean": -37.876895904541016
    },
    {
      "loudness": -36.199462890625,
      "loudness_range": 20.726560592651367,
      "low_freq": 12199.2666015625,
      "mid_mean": -34.05342102050781,
      "mid_to_side_loudness": -6.3642354011535645,
      "mid_to_side_loudness_range": 11.941040992736816,
      "side_mean": -42.34818649291992
    }
  ],
  "bands_short": [
    {
      "high_freq": 148.1999969482422,
      "loudness": -27.402523040771484,
      "loudness_range": 26.625553131103516,
      "mid_mean": -24.209182739257812,
      "mid_to_side_loudness": -12.456371307373047,
      "mid_to_side_loudness_range": 28.9980411529541,
      "side_mean": -41.50239181518555
    },
    {
      "high_freq": 392.3793640136719,
      "loudness": -22.311418533325195,
      "loudness_range": 18.195823669433594,
      "low_freq": 148.1999969482422,
      "mid_mean": -19.768280029296875,
      "mid_to_side_loudness": -6.921681880950928,
      "mid_to_side_loudness_range": 15.704529762268066,
      "side_mean": -26.928071975708008
    },
    {
      "high_freq": 794.6976318359375,
      "loudness": -26.19826316833496,
      "loudness_range": 17.164474487304688,
      "low_freq": 392.3793640136719,
      "mid_mean": -23.72500991821289,
      "mid_to_side_loudness": -6.817740440368652,
      "mid_to_side_loudness_range": 15.630034446716309,
      "side_mean": -30.974681854248047
    },
    {
      "high_freq": 1457.5709228515625,
      "loudness": -26.144397735595703,
      "loudness_range": 19.446502685546875,
      "low_freq": 794.6976318359375,
      "mid_mean": -23.79276466369629,
      "mid_to_side_loudness": -5.8730340003967285,
      "mid_to_side_loudness_range": 13.605974197387695,
      "side_mean": -30.012788772583008
    },
    {
      "high_freq": 2549.74365234375,
      "loudness": -29.67301368713379,
      "loudness_range": 21.451372146606445,
      "low_freq": 1457.5709228515625,
      "mid_mean": -27.59589958190918,
      "mid_to_side_loudness": -3.9311742782592773,
      "mid_to_side_loudness_range": 11.155601501464844,
      "side_mean": -32.03044509887695
    },
    {
      "high_freq": 4349.24462890625,
      "loudness": -29.578075408935547,
      "loudness_range": 22.655282974243164,
      "low_freq": 2549.74365234375,
      "mid_mean": -27.036222457885742,
      "mid_to_side_loudness": -5.317521095275879,
      "mid_to_side_loudness_range": 12.76729965209961,
      "side_mean": -33.58964157104492
    },
    {
      "high_freq": 7314.1640625,
      "loudness": -31.523971557617188,
      "loudness_range": 23.67777442932129,
      "low_freq": 4349.24462890625,
      "mid_mean": -29.006511688232422,
      "mid_to_side_loudness": -6.316070079803467,
      "mid_to_side_loudness_range": 14.048678398132324,
      "side_mean": -36.29766845703125
    },
    {
      "high_freq": 12199.2666015625,
      "loudness": -34.101566314697266,
      "loudness_range": 29.148807525634766,
      "low_freq": 7314.1640625,
      "mid_mean": -32.18871307373047,
      "mid_to_side_loudness": -6.390866279602051,
      "mid_to_side_loudness_range": 14.351485252380371,
      "side_mean": -39.79438781738281
    },
    {
      "loudness": -39.94596862792969,
      "loudness_range": 28.818971633911133,
      "low_freq": 12199.2666015625,
      "mid_mean": -38.481475830078125,
      "mid_to_side_loudness": -5.7628302574157715,
      "mid_to_side_loudness_range": 13.366806983947754,
      "side_mean": -46.12446594238281
    }
  ],
  "bandwidth": 659.3389892578125,
  "channels": 2,
  "covariance": [
    [
      85.72993469238281,
      43.79647445678711,
      26.856075286865234,
      26.785621643066406,
      25.79351234436035,
      23.681161880493164,
      20.881210327148438,
      19.774620056152344,
      31.573043823242188,
      29.240528106689453,
      39.669429779052734,
      35.81303024291992,
      43.227359771728516,
      37.101417541503906,
      48.32557678222656,
      45.42961502075195,
      35.09245681762695,
      46.00514602661133
    ],
    [
      43.79647445678711,
      71.90365600585938,
      19.490753173828125,
      29.626323699951172,
      24.298006057739258,
      32.138832092285156,
      26.17032814025879,
      30.475971221923828,
      37.82077407836914,
      36.429988861083984,
      41.149688720703125,
      40.8184928894043,
      31.194637298583984,
      30.054580688476562,
      27.990877151489258,
      27.97483253479004,
      21.563817977905273,
      23.583465576171875
    ],
    [
      26.856075286865234,
      19.490753173828125,
      42.90476608276367,
      27.824893951416016,
      16.017179489135742,
      16.98231315612793,
      11.410974502563477,
      13.611936569213867,
      20.259265899658203,
      20.474885940551758,
      19.24628257751465,
      24.791519165039062,
      21.432979583740234,
      22.46067237854004,
      24.22379493713379,
      22.680564880371094,
      13.772361755371094,
      21.14337158203125
    ],
    [
      26.785621643066406,
      29.626323699951172,
      27.824893951416016,
      41.82621383666992,
      21.838180541992188,
      28.90143394470215,
      20.3549747467041,
      24.758251190185547,
      31.431705474853516,
      32.272953033447266,
      27.273818969726562,
      35.02110290527344,
      21.14714241027832,
      25.3759765625,
      21.088651657104492,
      21.549663543701172,
      15.513444900512695,
      18.561582565307617
    ],
    [
      25.79351234436035,
      24.298006057739258,
      16.017179489135742,
      21.838180541992188,
      39.51229476928711,
      27.761043548583984,
      25.869394302368164,
      22.93931770324707,
      30.8787899017334,
      28.749298095703125,
      28.878162384033203,
      29.68034553527832,
      23.85499382019043,
      23.415864944458008,
      23.004478454589844,
      22.25739097595215,
      18.730392456054688,
      21.477088928222656
    ],
    [
      23.681161880493164,
      32.138832092285156,
      16.98231315612793,
      28.90143394470215,
      27.761043548583984,
      41.142887115478516,
      25.88288116455078,
      30.492219924926758,
      34.60419464111328,
      37.351707458496094,
      32.24814224243164,
      37.763427734375,
      23.06656837463379,
      26.120691299438477,
      22.343952178955078,
      23.324735641479492,
      19.402624130249023,
      20.60526466369629
    ],
    [
      20.881210327148438,
      26.17032814025879,
      11.410974502563477,
      20.3549747467041,
      25.869394302368164,
      25.88288116455078,
      40.80681610107422,
      32.48604202270508,
      34.36952590942383,
      29.903934478759766,
      28.760684967041016,
      29.594287872314453,
      26.3426456451416,
      24.535144805908203,
      22.1270694732666,
      22.640195846557617,
      18.318021774291992,
      18.688976287841797
    ],
    [
      19.774620056152344,
      30.475971221923828,
      13.611936569213867,
      24.758251190185547,
      22.93931770324707,
      30.492219924926758,
      32.48604202270508,
      41.99003982543945,
      34.33644485473633,
      35.514888763427734,
      30.215839385986328,
      35.42204284667969,
      23.6947021484375,
      25.716955184936523,
      21.161273956298828,
      22.37153434753418,
      15.57016372680664,
      17.222143173217773
    ],
    [
      31.573043823242188,
      37.82077407836914,
      20.259265899658203,
      31.431705474853516,
      30.8787899017334,
      34.60419464111328,
      34.36952590942383,
      34.33644485473633,
      54.052791595458984,
      44.300052642822266,
      41.19084167480469,
      45.13729476928711,
      31.833528518676758,
      32.384979248046875,
      27.751211166381836,
      28.6448974609375,
      22.103023529052734,
      23.12652587890625
    ],
    [
      29.240528106689453,
      36.429988861083984,
      20.474885940551758,
      32.272953033447266,
      28.749298095703125,
      37.351707458496094,
      29.903934478759766,
      35.514888763427734,
      44.300052642822266,
      49.026763916015625,
      36.1866569519043,
      44.51750183105469,
      26.09189796447754,
      29.87818145751953,
      23.889650344848633,
      24.756404876708984,
      18.77949333190918,
      19.4874324798584
    ],
    [
      39.669429779052734,
      41.149688720703125,
      19.24628257751465,
      27.273818969726562,
      28.878162384033203,
      32.24814224243164,
      28.760684967041016,
      30.215839385986328,
      41.19084167480469,
      36.1866569519043,
      59.164039611816406,
      46.74055862426758,
      42.2416877746582,
      39.29344940185547,
      39.8142204284668,
      38.22552490234375,
      28.425716400146484,
      32.42713165283203
    ],
    [
      35.81303024291992,
      40.8184928894043,
      24.791519165039062,
      35.02110290527344,
      29.68034553527832,
      37.763427734375,
      29.594287872314453,
      35.42204284667969,
      45.13729476928711,
      44.51750183105469,
      46.74055862426758,
      61.00760269165039,
      32.37385559082031,
      40.34872817993164,
      30.423641204833984,
      34.675933837890625,
      22.81171417236328,
      28.30280876159668
    ],
    [
      43.227359771728516,
      31.194637298583984,
      21.432979583740234,
      21.14714241027832,
      23.85499382019043,
      23.06656837463379,
      26.3426456451416,
      23.6947021484375,
      31.833528518676758,
      26.09189796447754,
      42.2416877746582,
      32.37385559082031,
      63.64840316772461,
      43.6629638671875,
      63.83170700073242,
      53.489498138427734,
      39.96947479248047,
      49.652671813964844
    ],
    [
      37.101417541503906,
      30.054580688476562,
      22.46067237854004,
      25.3759765625,
      23.415864944458008,
      26.120691299438477,
      24.535144805908203,
      25.716955184936523,
      32.384979248046875,
      29.87818145751953,
      39.29344940185547,
      40.34872817993164,
      43.6629638671875,
      49.8464469909668,
      45.334999084472656,
      49.612510681152344,
      29.90632438659668,
      43.56301498413086
    ],
    [
      48.32557678222656,
      27.990877151489258,
      24.22379493713379,
      21.088651657104492,
      23.004478454589844,
      22.343952178955078,
      22.1270694732666,
      21.161273956298828,
      27.751211166381836,
      23.889650344848633,
      39.8142204284668,
      30.423641204833984,
      63.83170700073242,
      45.334999084472656,
      94.8236083984375,
      71.70685577392578,
      61.047271728515625,
      74.43151092529297
    ],
    [
      45.42961502075195,
      27.97483253479004,
      22.680564880371094,
      21.549663543701172,
      22.25739097595215,
      23.324735641479492,
      22.640195846557617,
      22.37153434753418,
      28.6448974609375,
      24.756404876708984,
      38.22552490234375,
      34.675933837890625,
      53.489498138427734,
      49.612510681152344,
      71.70685577392578,
      79.51749420166016,
      50.22473907470703,
      73.85623168945312
    ],
    [
      35.09245681762695,
      21.563817977905273,
      13.772361755371094,
      15.513444900512695,
      18.730392456054688,
      19.402624130249023,
      18.318021774291992,
      15.57016372680664,
      22.103023529052734,
      18.77949333190918,
      28.425716400146484,
      22.81171417236328,
      39.96947479248047,
      29.90632438659668,
      61.047271728515625,
      50.22473907470703,
      72.07231140136719,
      60.34748458862305
    ],
    [
      46.00514602661133,
      23.583465576171875,
      21.14337158203125,
      18.561582565307617,
      21.477088928222656,
      20.60526466369629,
      18.688976287841797,
      17.222143173217773,
      23.12652587890625,
      19.4874324798584,
      32.42713165283203,
      28.30280876159668,
      49.652671813964844,
      43.56301498413086,
      74.43151092529297,
      73.85623168945312,
      60.34748458862305,
      89.77336120605469
    ]
  ],
  "covariance_short": [
    [
      99.71634674072266,
      39.21714401245117,
      31.901769638061523,
      25.45204734802246,
      24.836782455444336,
      21.8839168548584,
      22.591737747192383,
      21.426185607910156,
      30.320579528808594,
      28.12089729309082,
      38.819358825683594,
      34.07392120361328,
      43.65816116333008,
      36.684749603271484,
      50.883148193359375,
      44.8381462097168,
      41.02529525756836,
      50.81620407104492
    ],
    [
      39.21714401245117,
      96.07088470458984,
      28.495874404907227,
      36.30260467529297,
      25.120250701904297,
      33.14336013793945,
      29.592086791992188,
      33.559940338134766,
      42.77198028564453,
      42.26095199584961,
      44.1260871887207,
      46.177616119384766,
      34.55131149291992,
      36.06166076660156,
      36.64765930175781,
      35.612003326416016,
      31.10844612121582,
      35.26784896850586
    ],
    [
      31.901769638061523,
      28.495874404907227,
      48.78905487060547,
      27.799802780151367,
      18.388504028320312,
      18.506160736083984,
      15.718901634216309,
      16.972644805908203,
      23.5728816986084,
      23.488435745239258,
      24.187849044799805,
      27.258651733398438,
      23.747934341430664,
      24.109512329101562,
      29.265357971191406,
      27.540699005126953,
      23.780315399169922,
      29.6440372467041
    ],
    [
      25.45204734802246,
      36.30260467529297,
      27.799802780151367,
      43.70109939575195,
      20.89550018310547,
      27.595897674560547,
      22.575551986694336,
      26.14139175415039,
      32.078277587890625,
      32.8408317565918,
      29.82599449157715,
      34.72981643676758,
      23.206689834594727,
      24.40619468688965,
      24.37446403503418,
      22.99359893798828,
      20.457164764404297,
      23.043981552124023
    ],
    [
      24.836782455444336,
      25.120250701904297,
      18.388504028320312,
      20.89550018310547,
      47.09064483642578,
      27.799165725708008,
      27.58731460571289,
      24.152936935424805,
      31.68360710144043,
      29.1522216796875,
      31.560209274291992,
      29.840087890625,
      25.477874755859375,
      24.15304946899414,
      24.06196403503418,
      23.294292449951172,
      21.65682029724121,
      26.651227951049805
    ],
    [
      21.8839168548584,
      33.14336013793945,
      18.506160736083984,
      27.595897674560547,
      27.799165725708008,
      45.149208068847656,
      27.32436752319336,
      31.850370407104492,
      35.97357940673828,
      37.96632766723633,
      33.76985549926758,
      38.048377990722656,
      24.376611709594727,
      25.9859676361084,
      23.879852294921875,
      24.370121002197266,
      20.184276580810547,
      24.897184371948242
    ],
    [
      22.591737747192383,
      29.592086791992188,
      15.718901634216309,
      22.575551986694336,
      27.58731460571289,
      27.32436752319336,
      50.5369987487793,
      35.05480194091797,
      39.719993591308594,
      33.88872528076172,
      34.13634490966797,
      32.87599563598633,
      31.572853088378906,
      27.3223819732666,
      26.94161605834961,
      25.776535034179688,
      26.410505294799805,
      28.07723617553711
    ],
    [
      21.426185607910156,
      33.559940338134766,
      16.972644805908203,
      26.14139175415039,
      24.152936935424805,
      31.850370407104492,
      35.05480194091797,
      46.77704620361328,
      37.89537811279297,
      38.88204574584961,
      33.942291259765625,
      38.14544677734375,
      26.6307373046875,
      27.739225387573242,
      25.313831329345703,
      24.56145668029785,
      21.108341217041016,
      25.343313217163086
    ],
    [
      30.320579528808594,
      42.77198028564453,
      23.5728816986084,
      32.078277587890625,
      31.68360710144043,
      35.97357940673828,
      39.719993591308594,
      37.89537811279297,
      63.49379348754883,
      49.07184600830078,
      48.37803268432617,
      49.417152404785156,
      38.6804084777832,
      37.73976516723633,
      34.93700408935547,
      34.87511444091797,
      31.392269134521484,
      36.57487487792969
    ],
    [
      28.12089729309082,
      42.26095199584961,
      23.488435745239258,
      32.8408317565918,
      29.1522216796875,
      37.96632766723633,
      33.88872528076172,
      38.88204574584961,
      49.07184600830078,
      55.8005256652832,
      40.9672737121582,
      47.873165130615234,
      30.60287094116211,
      33.49861526489258,
      28.873167037963867,
      28.664384841918945,
      24.14272689819336,
      28.981229782104492
    ],
    [
      38.819358825683594,
      44.1260871887207,
      24.187849044799805,
      29.82599449157715,
      31.560209274291992,
      33.76985549926758,
      34.13634490966797,
      33.942291259765625,
      48.37803268432617,
      40.9672737121582,
      71.01383209228516,
      52.43778991699219,
      51.3961296081543,
      45.94530487060547,
      49.113101959228516,
      47.131690979003906,
      40.61393356323242,
      47.640411376953125
    ],
    [
      34.07392120361328,
      46.177616119384766,
      27.258651733398438,
      34.72981643676758,
      29.840087890625,
      38.048377990722656,
      32.87599563598633,
      38.14544677734375,
      49.417152404785156,
      47.873165130615234,
      52.43778991699219,
      65.21855926513672,
      37.92041015625,
      44.891571044921875,
      37.681373596191406,
      41.205814361572266,
      31.594493865966797,
      41.738365173339844
    ],
    [
      43.65816116333008,
      34.55131149291992,
      23.747934341430664,
      23.206689834594727,
      25.477874755859375,
      24.376611709594727,
      31.572853088378906,
      26.6307373046875,
      38.6804084777832,
      30.60287094116211,
      51.3961296081543,
      37.92041015625,
      77.17051696777344,
      52.475887298583984,
      77.73069763183594,
      64.293701171875,
      65.22722625732422,
      69.37120819091797
    ],
    [
      36.684749603271484,
      36.06166076660156,
      24.109512329101562,
      24.40619468688965,
      24.15304946899414,
      25.9859676361084,
      27.3223819732666,
      27.739225387573242,
      37.73976516723633,
      33.49861526489258,
      45.94530487060547,
      44.891571044921875,
      52.475887298583984,
      59.961185455322266,
      55.862911224365234,
      61.3499755859375,
      49.301570892333984,
      65.36229705810547
    ],
    [
      50.883148193359375,
      36.64765930175781,
      29.265357971191406,
      24.37446403503418,
      24.06196403503418,
      23.879852294921875,
      26.94161605834961,
      25.313831329345703,
      34.93700408935547,
      28.873167037963867,
      49.113101959228516,
      37.681373596191406,
      77.73069763183594,
      55.862911224365234,
      118.02613830566406,
      89.71424102783203,
      96.42953491210938,
      96.76781463623047
    ],
    [
      44.8381462097168,
      35.612003326416016,
      27.540699005126953,
      22.99359893798828,
      23.294292449951172,
      24.370121002197266,
      25.776535034179688,
      24.56145668029785,
      34.87511444091797,
      28.664384841918945,
      47.131690979003906,
      41.205814361572266,
      64.293701171875,
      61.3499755859375,
      89.71424102783203,
      101.21317291259766,
      79.75953674316406,
      103.57758331298828
    ],
    [
      41.02529525756836,
      31.10844612121582,
      23.780315399169922,
      20.457164764404297,
      21.65682029724121,
      20.184276580810547,
      26.410505294799805,
      21.108341217041016,
      31.392269134521484,
      24.14272689819336,
      40.61393356323242,
      31.594493865966797,
      65.22722625732422,
      49.301570892333984,
      96.42953491210938,
      79.75953674316406,
      117.15620422363281,
      100.84800720214844
    ],
    [
      50.81620407104492,
      35.26784896850586,
      29.6440372467041,
      23.043981552124023,
      26.651227951049805,
      24.897184371948242,
      28.07723617553711,
      25.343313217163086,
      36.57487487792969,
      28.981229782104492,
      47.640411376953125,
      41.738365173339844,
      69.37120819091797,
      65.36229705810547,
      96.76781463623047,
      103.57758331298828,
      100.84800720214844,
      133.19293212890625
    ]
  ],
  "damage": -6.996895790100098,
  "diff_bandwidth": 735.696533203125,
  "dissonance": 8.863681657238054,
  "drr": 9.572847366333008,
  "dynamics": 4.061837673187256,
  "format": 1245190,
  "frames": 11396032,
  "loudness": -12.128189086914062,
  "loudness_range": 12.732709884643555,
  "loudness_range_short": 14.398269653320312,
  "lowpass_true_peak_15khz": -0.36520227789878845,
  "mastering3_acoustic_entropies": [
    {
      "acoustic_entropy": 9.387554168701172,
      "acoustic_entropy_mono": 9.364236831665039,
      "band_eliminated_acoustic_entropies": [
        {
          "acoustic_entropy": 9.336747169494629,
          "acoustic_entropy_side": 9.386914253234863,
          "hz": 129.47220167065723
        },
        {
          "acoustic_entropy": 9.409088134765625,
          "acoustic_entropy_side": 9.347946166992188,
          "hz": 202.92927478742237
        },
        {
          "acoustic_entropy": 9.237824440002441,
          "acoustic_entropy_side": 9.305737495422363,
          "hz": 282.89161906338205
        },
        {
          "acoustic_entropy": 8.942131996154785,
          "acoustic_entropy_side": 9.295494079589844,
          "hz": 369.9353335868758
        },
        {
          "acoustic_entropy": 9.527599334716797,
          "acoustic_entropy_side": 9.370444297790527,
          "hz": 464.6875360973435
        },
        {
          "acoustic_entropy": 9.453822135925293,
          "acoustic_entropy_side": 9.480939865112305,
          "hz": 567.8308811364784
        },
        {
          "acoustic_entropy": 9.090045928955078,
          "acoustic_entropy_side": 9.409346580505371,
          "hz": 680.1084783214808
        },
        {
          "acoustic_entropy": 8.656950950622559,
          "acoustic_entropy_side": 9.434648513793945,
          "hz": 802.3292461747484
        },
        {
          "acoustic_entropy": 9.489829063415527,
          "acoustic_entropy_side": 9.411432266235352,
          "hz": 935.3737400823702
        },
        {
          "acoustic_entropy": 9.040678024291992,
          "acoustic_entropy_side": 9.425827980041504,
          "hz": 1080.2004963696966
        },
        {
          "acoustic_entropy": 8.838669776916504,
          "acoustic_entropy_side": 9.384937286376953,
          "hz": 1237.8529382007157
        },
        {
          "acoustic_entropy": 9.516365051269531,
          "acoustic_entropy_side": 9.637382507324219,
          "hz": 1409.4668930556702
        },
        {
          "acoustic_entropy": 9.13932991027832,
          "acoustic_entropy_side": 9.16580581665039,
          "hz": 1596.2787759475705
        },
        {
          "acoustic_entropy": 9.120145797729492,
          "acoustic_entropy_side": 9.262893676757812,
          "hz": 1799.6344973346393
        },
        {
          "acoustic_entropy": 9.266342163085938,
          "acoustic_entropy_side": 9.259408950805664,
          "hz": 2020.9991599069049
        },
        {
          "acoustic_entropy": 9.24576473236084,
          "acoustic_entropy_side": 9.279708862304688,
          "hz": 2261.9676141086993
        },
        {
          "acoustic_entropy": 9.174221992492676,
          "acoustic_entropy_side": 9.4473876953125,
          "hz": 2524.2759484456974
        },
        {
          "acoustic_entropy": 9.463967323303223,
          "acoustic_entropy_side": 9.348270416259766,
          "hz": 2809.813997359896
        },
        {
          "acoustic_entropy": 9.300298690795898,
          "acoustic_entropy_side": 9.432022094726562,
          "hz": 3120.6389567871424
        },
        {
          "acoustic_entropy": 9.190469741821289,
          "acoustic_entropy_side": 9.358743667602539,
          "hz": 3458.990205492291
        },
        {
          "acoustic_entropy": 9.24918270111084,
          "acoustic_entropy_side": 9.430990219116211,
          "hz": 3827.305438964164
        },
        {
          "acoustic_entropy": 9.181046485900879,
          "acoustic_entropy_side": 9.47858715057373,
          "hz": 4228.238232109126
        },
        {
          "acoustic_entropy": 9.157362937927246,
          "acoustic_entropy_side": 9.355159759521484,
          "hz": 4664.6771572759235
        },
        {
          "acoustic_entropy": 9.448585510253906,
          "acoustic_entropy_side": 9.515134811401367,
          "hz": 5139.766595350093
        },
        {
          "acoustic_entropy": 9.464218139648438,
          "acoustic_entropy_side": 9.34566879272461,
          "hz": 5656.929389854203
        },
        {
          "acoustic_entropy": 9.513007164001465,
          "acoustic_entropy_side": 9.389850616455078,
          "hz": 6219.891507268283
        },
        {
          "acoustic_entropy": 9.17827033996582,
          "acoustic_entropy_side": 9.38460636138916,
          "hz": 6832.70888123896
        },
        {
          "acoustic_entropy": 9.305315971374512,
          "acoustic_entropy_side": 9.403291702270508,
          "hz": 7499.796634079867
        },
        {
          "acoustic_entropy": 9.553656578063965,
          "acoustic_entropy_side": 9.501437187194824,
          "hz": 8225.96088609342
        },
        {
          "acoustic_entropy": 9.508427619934082,
          "acoustic_entropy_side": 9.57885456085205,
          "hz": 9016.43338188839
        },
        {
          "acoustic_entropy": 9.596994400024414,
          "acoustic_entropy_side": 9.55642032623291,
          "hz": 9876.909183162974
        },
        {
          "acoustic_entropy": 9.420791625976562,
          "acoustic_entropy_side": 9.6194429397583,
          "hz": 10813.587699516042
        },
        {
          "acoustic_entropy": 9.36950397491455,
          "acoustic_entropy_side": 9.577174186706543,
          "hz": 11833.21735289826
        },
        {
          "acoustic_entropy": 9.375249862670898,
          "acoustic_entropy_side": 9.434908866882324,
          "hz": 12943.144197493959
        },
        {
          "acoustic_entropy": 9.71688175201416,
          "acoustic_entropy_side": 9.378494262695312,
          "hz": 14151.364845322005
        },
        {
          "acoustic_entropy": 9.630450248718262,
          "acoustic_entropy_side": 9.381060600280762,
          "hz": 15466.58407886509
        },
        {
          "acoustic_entropy": 9.375502586364746,
          "acoustic_entropy_side": 9.389683723449707,
          "hz": 16898.27756580493
        },
        {
          "acoustic_entropy": 9.358133316040039,
          "acoustic_entropy_side": 9.37000560760498,
          "hz": 18456.760127700032
        },
        {
          "acoustic_entropy": 9.383149147033691,
          "acoustic_entropy_side": 9.38096809387207,
          "hz": 20153.260054456492
        },
        {
          "acoustic_entropy": 9.387124061584473,
          "acoustic_entropy_side": 9.386388778686523,
          "hz": 22000.00000000001
        }
      ],
      "diff_acoustic_entropy": 6.34889030456543,
      "sn": 6
    },
    {
      "acoustic_entropy": 14.579663276672363,
      "acoustic_entropy_mono": 14.391095161437988,
      "band_eliminated_acoustic_entropies": [
        {
          "acoustic_entropy": 14.486138343811035,
          "acoustic_entropy_side": 14.584399223327637,
          "hz": 129.47220167065723
        },
        {
          "acoustic_entropy": 13.518043518066406,
          "acoustic_entropy_side": 14.558500289916992,
          "hz": 202.92927478742237
        },
        {
          "acoustic_entropy": 14.460556983947754,
          "acoustic_entropy_side": 14.449520111083984,
          "hz": 282.89161906338205
        },
        {
          "acoustic_entropy": 13.81450366973877,
          "acoustic_entropy_side": 14.443699836730957,
          "hz": 369.9353335868758
        },
        {
          "acoustic_entropy": 14.42580509185791,
          "acoustic_entropy_side": 14.556836128234863,
          "hz": 464.6875360973435
        },
        {
          "acoustic_entropy": 14.44049072265625,
          "acoustic_entropy_side": 14.749063491821289,
          "hz": 567.8308811364784
        },
        {
          "acoustic_entropy": 14.381942749023438,
          "acoustic_entropy_side": 14.594135284423828,
          "hz": 680.1084783214808
        },
        {
          "acoustic_entropy": 14.01539421081543,
          "acoustic_entropy_side": 14.464885711669922,
          "hz": 802.3292461747484
        },
        {
          "acoustic_entropy": 15.210488319396973,
          "acoustic_entropy_side": 14.53288745880127,
          "hz": 935.3737400823702
        },
        {
          "acoustic_entropy": 15.234830856323242,
          "acoustic_entropy_side": 14.629018783569336,
          "hz": 1080.2004963696966
        },
        {
          "acoustic_entropy": 13.86567497253418,
          "acoustic_entropy_side": 14.307425498962402,
          "hz": 1237.8529382007157
        },
        {
          "acoustic_entropy": 14.690683364868164,
          "acoustic_entropy_side": 14.569395065307617,
          "hz": 1409.4668930556702
        },
        {
          "acoustic_entropy": 14.209214210510254,
          "acoustic_entropy_side": 14.880073547363281,
          "hz": 1596.2787759475705
        },
        {
          "acoustic_entropy": 14.158099174499512,
          "acoustic_entropy_side": 14.364211082458496,
          "hz": 1799.6344973346393
        },
        {
          "acoustic_entropy": 14.489593505859375,
          "acoustic_entropy_side": 14.533592224121094,
          "hz": 2020.9991599069049
        },
        {
          "acoustic_entropy": 14.74072265625,
          "acoustic_entropy_side": 14.737936973571777,
          "hz": 2261.9676141086993
        },
        {
          "acoustic_entropy": 14.050561904907227,
          "acoustic_entropy_side": 14.62343978881836,
          "hz": 2524.2759484456974
        },
        {
          "acoustic_entropy": 14.63999080657959,
          "acoustic_entropy_side": 14.807668685913086,
          "hz": 2809.813997359896
        },
        {
          "acoustic_entropy": 14.61892318725586,
          "acoustic_entropy_side": 14.758084297180176,
          "hz": 3120.6389567871424
        },
        {
          "acoustic_entropy": 14.305447578430176,
          "acoustic_entropy_side": 14.633845329284668,
          "hz": 3458.990205492291
        },
        {
          "acoustic_entropy": 14.763805389404297,
          "acoustic_entropy_side": 14.666749954223633,
          "hz": 3827.305438964164
        },
        {
          "acoustic_entropy": 14.628215789794922,
          "acoustic_entropy_side": 14.71020221710205,
          "hz": 4228.238232109126
        },
        {
          "acoustic_entropy": 14.847405433654785,
          "acoustic_entropy_side": 14.834172248840332,
          "hz": 4664.6771572759235
        },
        {
          "acoustic_entropy": 15.498519897460938,
          "acoustic_entropy_side": 14.949994087219238,
          "hz": 5139.766595350093
        },
        {
          "acoustic_entropy": 14.596399307250977,
          "acoustic_entropy_side": 14.74946403503418,
          "hz": 5656.929389854203
        },
        {
          "acoustic_entropy": 14.853671073913574,
          "acoustic_entropy_side": 14.835095405578613,
          "hz": 6219.891507268283
        },
        {
          "acoustic_entropy": 14.331932067871094,
          "acoustic_entropy_side": 14.83315372467041,
          "hz": 6832.70888123896
        },
        {
          "acoustic_entropy": 14.654260635375977,
          "acoustic_entropy_side": 14.8082914352417,
          "hz": 7499.796634079867
        },
        {
          "acoustic_entropy": 14.660771369934082,
          "acoustic_entropy_side": 14.784765243530273,
          "hz": 8225.96088609342
        },
        {
          "acoustic_entropy": 14.648638725280762,
          "acoustic_entropy_side": 14.662219047546387,
          "hz": 9016.43338188839
        },
        {
          "acoustic_entropy": 15.01571273803711,
          "acoustic_entropy_side": 14.616365432739258,
          "hz": 9876.909183162974
        },
        {
          "acoustic_entropy": 14.817168235778809,
          "acoustic_entropy_side": 14.657106399536133,
          "hz": 10813.587699516042
        },
        {
          "acoustic_entropy": 14.856919288635254,
          "acoustic_entropy_side": 14.660099029541016,
          "hz": 11833.21735289826
        },
        {
          "acoustic_entropy": 14.675490379333496,
          "acoustic_entropy_side": 14.552083015441895,
          "hz": 12943.144197493959
        },
        {
          "acoustic_entropy": 14.786846160888672,
          "acoustic_entropy_side": 14.446701049804688,
          "hz": 14151.364845322005
        },
        {
          "acoustic_entropy": 14.545125961303711,
          "acoustic_entropy_side": 14.490886688232422,
          "hz": 15466.58407886509
        },
        {
          "acoustic_entropy": 14.4855318069458,
          "acoustic_entropy_side": 14.607489585876465,
          "hz": 16898.27756580493
        },
        {
          "acoustic_entropy": 14.63805103302002,
          "acoustic_entropy_side": 14.601219177246094,
          "hz": 18456.760127700032
        },
        {
          "acoustic_entropy": 14.550830841064453,
          "acoustic_entropy_side": 14.582934379577637,
          "hz": 20153.260054456492
        },
        {
          "acoustic_entropy": 14.557330131530762,
          "acoustic_entropy_side": 14.583849906921387,
          "hz": 22000.00000000001
        }
      ],
      "diff_acoustic_entropy": 9.588549613952637,
      "sn": 12
    },
    {
      "acoustic_entropy": 21.486583709716797,
      "acoustic_entropy_mono": 20.217803955078125,
      "band_eliminated_acoustic_entropies": [
        {
          "acoustic_entropy": 21.2895565032959,
          "acoustic_entropy_side": 21.344133377075195,
          "hz": 129.47220167065723
        },
        {
          "acoustic_entropy": 21.5676326751709,
          "acoustic_entropy_side": 21.666894912719727,
          "hz": 202.92927478742237
        },
        {
          "acoustic_entropy": 22.3071346282959,
          "acoustic_entropy_side": 22.368505477905273,
          "hz": 282.89161906338205
        },
        {
          "acoustic_entropy": 23.680715560913086,
          "acoustic_entropy_side": 21.460861206054688,
          "hz": 369.9353335868758
        },
        {
          "acoustic_entropy": 21.45252799987793,
          "acoustic_entropy_side": 21.822711944580078,
          "hz": 464.6875360973435
        },
        {
          "acoustic_entropy": 22.20676040649414,
          "acoustic_entropy_side": 22.19438362121582,
          "hz": 567.8308811364784
        },
        {
          "acoustic_entropy": 21.431264877319336,
          "acoustic_entropy_side": 22.42382049560547,
          "hz": 680.1084783214808
        },
        {
          "acoustic_entropy": 21.04741668701172,
          "acoustic_entropy_side": 21.639482498168945,
          "hz": 802.3292461747484
        },
        {
          "acoustic_entropy": 22.67947006225586,
          "acoustic_entropy_side": 21.309982299804688,
          "hz": 935.3737400823702
        },
        {
          "acoustic_entropy": 23.159555435180664,
          "acoustic_entropy_side": 22.34315299987793,
          "hz": 1080.2004963696966
        },
        {
          "acoustic_entropy": 21.307636260986328,
          "acoustic_entropy_side": 21.85280990600586,
          "hz": 1237.8529382007157
        },
        {
          "acoustic_entropy": 22.540800094604492,
          "acoustic_entropy_side": 21.623126983642578,
          "hz": 1409.4668930556702
        },
        {
          "acoustic_entropy": 22.40676498413086,
          "acoustic_entropy_side": 21.853452682495117,
          "hz": 1596.2787759475705
        },
        {
          "acoustic_entropy": 22.22701644897461,
          "acoustic_entropy_side": 21.189199447631836,
          "hz": 1799.6344973346393
        },
        {
          "acoustic_entropy": 22.35392189025879,
          "acoustic_entropy_side": 21.65399742126465,
          "hz": 2020.9991599069049
        },
        {
          "acoustic_entropy": 21.604490280151367,
          "acoustic_entropy_side": 21.51017189025879,
          "hz": 2261.9676141086993
        },
        {
          "acoustic_entropy": 21.669635772705078,
          "acoustic_entropy_side": 22.02802848815918,
          "hz": 2524.2759484456974
        },
        {
          "acoustic_entropy": 22.48406410217285,
          "acoustic_entropy_side": 22.183982849121094,
          "hz": 2809.813997359896
        },
        {
          "acoustic_entropy": 21.297372817993164,
          "acoustic_entropy_side": 21.4249267578125,
          "hz": 3120.6389567871424
        },
