{
  "acoustic_entropy": 214.28013610839844,
  "bands": [
    {
      "high_freq": 148.1999969482422,
      "loudness": -23.463424682617188,
      "loudness_range": 19.3499755859375,
      "mid_mean": -20.215587615966797,
      "mid_to_side_loudness": -12.148528099060059,
      "mid_to_side_loudness_range": 13.654655456542969,
      "side_mean": -32.95200729370117
    },
    {
      "high_freq": 392.3793640136719,
      "loudness": -20.153972625732422,
      "loudness_range": 10.656121253967285,
      "low_freq": 148.1999969482422,
      "mid_mean": -17.480602264404297,
      "mid_to_side_loudness": -7.200299263000488,
      "mid_to_side_loudness_range": 11.746978759765625,
      "side_mean": -24.71539306640625
    },
    {
      "high_freq": 794.6976318359375,
      "loudness": -22.069189071655273,
      "loudness_range": 9.96693229675293,
      "low_freq": 392.3793640136719,
      "mid_mean": -19.98366355895996,
      "mid_to_side_loudness": -4.420348167419434,
      "mid_to_side_loudness_range": 9.385785102844238,
      "side_mean": -24.239839553833008
    },
    {
      "high_freq": 1457.5709228515625,
      "loudness": -27.81476402282715,
      "loudness_range": 15.469202041625977,
      "low_freq": 794.6976318359375,
      "mid_mean": -25.89540672302246,
      "mid_to_side_loudness": -4.082062244415283,
      "mid_to_side_loudness_range": 9.640464782714844,
      "side_mean": -29.6776180267334
    },
    {
      "high_freq": 2549.74365234375,
      "loudness": -29.0561466217041,
      "loudness_range": 13.144746780395508,
      "low_freq": 1457.5709228515625,
      "mid_mean": -26.32738494873047,
      "mid_to_side_loudness": -6.758973598480225,
      "mid_to_side_loudness_range": 7.446490287780762,
      "side_mean": -33.063880920410156
    },
    {
      "high_freq": 4349.24462890625,
      "loudness": -29.33808708190918,
      "loudness_range": 18.736713409423828,
      "low_freq": 2549.74365234375,
      "mid_mean": -26.34064483642578,
      "mid_to_side_loudness": -8.46569538116455,
      "mid_to_side_loudness_range": 10.238103866577148,
      "side_mean": -34.90911102294922
    },
    {
      "high_freq": 7314.1640625,
      "loudness": -32.85796356201172,
      "loudness_range": 14.104820251464844,
      "low_freq": 4349.24462890625,
      "mid_mean": -29.872957229614258,
      "mid_to_side_loudness": -8.331764221191406,
      "mid_to_side_loudness_range": 8.77122974395752,
      "side_mean": -38.29399490356445
    },
    {
      "high_freq": 12199.2666015625,
      "loudness": -31.62171745300293,
      "loudness_range": 11.264144897460938,
      "low_freq": 7314.1640625,
      "mid_mean": -28.28229522705078,
      "mid_to_side_loudness": -11.392851829528809,
      "mid_to_side_loudness_range": 10.893378257751465,
      "side_mean": -39.86918640136719
    },
    {
      "loudness": -40.84821701049805,
      "loudness_range": 16.898374557495117,
      "low_freq": 12199.2666015625,
      "mid_mean": -37.60597610473633,
      "mid_to_side_loudness": -10.675532341003418,
      "mid_to_side_loudness_range": 11.722834587097168,
      "side_mean": -48.338401794433594
    }
  ],
  "bands_short": [
    {
      "high_freq": 148.1999969482422,
      "loudness": -26.947603225708008,
      "loudness_range": 24.904380798339844,
      "mid_mean": -23.85356330871582,
      "mid_to_side_loudness": -11.545265197753906,
      "mid_to_side_loudness_range": 19.535425186157227,
      "side_mean": -36.72478103637695
    },
    {
      "high_freq": 392.3793640136719,
      "loudness": -19.432382583618164,
      "loudness_range": 11.202943801879883,
      "low_freq": 148.1999969482422,
      "mid_mean": -16.74657440185547,
      "mid_to_side_loudness": -7.751857280731201,
      "mid_to_side_loudness_range": 14.89152717590332,
      "side_mean": -24.783321380615234
    },
    {
      "high_freq": 794.6976318359375,
      "loudness": -22.37554931640625,
      "loudness_range": 11.86735725402832,
      "low_freq": 392.3793640136719,
      "mid_mean": -20.471820831298828,
      "mid_to_side_loudness": -4.41710901260376,
      "mid_to_side_loudness_range": 12.465930938720703,
      "side_mean": -24.79854393005371
    },
    {
      "high_freq": 1457.5709228515625,
      "loudness": -27.840560913085938,
      "loudness_range": 17.18309783935547,
      "low_freq": 794.6976318359375,
      "mid_mean": -26.10616111755371,
      "mid_to_side_loudness": -3.9031057357788086,
      "mid_to_side_loudness_range": 12.509953498840332,
      "side_mean": -29.873271942138672
    },
    {
      "high_freq": 2549.74365234375,
      "loudness": -31.437021255493164,
      "loudness_range": 19.997074127197266,
      "low_freq": 1457.5709228515625,
      "mid_mean": -29.14283561706543,
      "mid_to_side_loudness": -5.495281219482422,
      "mid_to_side_loudness_range": 11.675932884216309,
      "side_mean": -34.645381927490234
    },
    {
      "high_freq": 4349.24462890625,
      "loudness": -30.917760848999023,
      "loudness_range": 23.13279914855957,
      "low_freq": 2549.74365234375,
      "mid_mean": -28.285449981689453,
      "mid_to_side_loudness": -7.000101089477539,
      "mid_to_side_loudness_range": 13.926753044128418,
      "side_mean": -35.66073989868164
    },
    {
      "high_freq": 7314.1640625,
      "loudness": -35.64576721191406,
      "loudness_range": 22.56688117980957,
      "low_freq": 4349.24462890625,
      "mid_mean": -33.03668212890625,
      "mid_to_side_loudness": -6.520419120788574,
      "mid_to_side_loudness_range": 12.21994686126709,
      "side_mean": -39.904945373535156
    },
    {
      "high_freq": 12199.2666015625,
      "loudness": -34.97151184082031,
      "loudness_range": 22.432775497436523,
      "low_freq": 7314.1640625,
      "mid_mean": -32.006832122802734,
      "mid_to_side_loudness": -9.393810272216797,
      "mid_to_side_loudness_range": 16.921558380126953,
      "side_mean": -42.010902404785156
    },
    {
      "loudness": -46.44290542602539,
      "loudness_range": 26.459121704101562,
      "low_freq": 12199.2666015625,
      "mid_mean": -43.804832458496094,
      "mid_to_side_loudness": -7.637485027313232,
      "mid_to_side_loudness_range": 16.12456703186035,
      "side_mean": -52.302772521972656
    }
  ],
  "bandwidth": 488.0848083496094,
  "channels": 2,
  "covariance": [
    [
      60.986881256103516,
      35.56245040893555,
      4.001654148101807,
      -4.124608039855957,
      -5.707089424133301,
      -5.272313594818115,
      -5.747294902801514,
      -7.064397811889648,
      -9.982654571533203,
      -9.819520950317383,
      -5.828535079956055,
      -6.711154937744141,
      -11.649510383605957,
      -13.46119213104248,
      -5.831258773803711,
      -9.917755126953125,
      -0.40564462542533875,
      -4.524123668670654
    ],
    [
      35.56245040893555,
      34.551456451416016,
      4.104987621307373,
      -0.9505018591880798,
      -0.2623079717159271,
      -0.2453444004058838,
      0.4201793074607849,
      -0.6541997790336609,
      -5.02046537399292,
      -4.87743616104126,
      0.639072835445404,
      -0.03707367554306984,
      -6.550637245178223,
      -7.617697715759277,
      -4.282983303070068,
      -6.9600396156311035,
      -2.6215293407440186,
      -4.9276533126831055
    ],
    [
      4.001654148101807,
      4.104987621307373,
      21.22380256652832,
      10.226123809814453,
      2.044323205947876,
      2.689117193222046,
      -1.631230354309082,
      -2.567476749420166,
      -4.379805088043213,
      -3.5507419109344482,
      -5.26456880569458,
      -6.1324567794799805,
      -1.4660435914993286,
      -5.04637336730957,
      -1.3566797971725464,
      -3.388275146484375,
      -1.6120173931121826,
      -4.260472774505615
    ],
    [
      -4.124608039855957,
      -0.9505018591880798,
      10.226123809814453,
      16.193675994873047,
      4.47211217880249,
      7.229907035827637,
      3.02913236618042,
      4.466917991638184,
      -0.7642433643341064,
      0.9497308731079102,
      -3.6984665393829346,
      -1.7983769178390503,
      -0.13827989995479584,
      -0.33377864956855774,
      -2.8856072425842285,
      -0.8985229134559631,
      -0.6354471445083618,
      0.5326682329177856
    ],
    [
      -5.707089424133301,
      -0.2623079717159271,
      2.044323205947876,
      4.47211217880249,
      20.544038772583008,
      15.942567825317383,
      12.962327003479004,
      11.727326393127441,
      5.3392863273620605,
      5.185519695281982,
      9.358978271484375,
      8.455748558044434,
      5.189607620239258,
      6.112470626831055,
      2.5636487007141113,
      2.2433218955993652,
      0.8429948687553406,
      2.875272274017334
    ],
    [
      -5.272313594818115,
      -0.2453444004058838,
      2.689117193222046,
      7.229907035827637,
      15.942567825317383,
      23.712242126464844,
      11.614916801452637,
      16.518110275268555,
      3.469237804412842,
      6.055226802825928,
      5.044544696807861,
      7.712123870849609,
      4.491506576538086,
      8.185420036315918,
      -1.216711401939392,
      2.7467942237854004,
      1.5452475547790527,
      5.675164222717285
    ],
    [
      -5.747294902801514,
      0.4201793074607849,
      -1.631230354309082,
      3.02913236618042,
      12.962327003479004,
      11.614916801452637,
      36.97690963745117,
      30.640432357788086,
      12.044867515563965,
      11.55018424987793,
      25.002803802490234,
      23.18977928161621,
      5.802748203277588,
      11.591949462890625,
      4.2272443771362305,
      5.276976585388184,
      -2.9789113998413086,
      3.3533127307891846
    ],
    [
      -7.064397811889648,
      -0.6541997790336609,
      -2.567476749420166,
      4.466917991638184,
      11.727326393127441,
      16.518110275268555,
      30.640432357788086,
      39.14530944824219,
      9.122790336608887,
      12.003876686096191,
      20.241912841796875,
      22.416519165039062,
      5.072064399719238,
      13.619148254394531,
      0.012910956516861916,
      5.383984088897705,
      -1.6012561321258545,
      5.66738224029541
    ],
    [
      -9.982654571533203,
      -5.02046537399292,
      -4.379805088043213,
      -0.7642433643341064,
      5.3392863273620605,
      3.469237804412842,
      12.044867515563965,
      9.122790336608887,
      25.381803512573242,
      18.381887435913086,
      20.637075424194336,
      16.161096572875977,
      8.488665580749512,
      9.714924812316895,
      5.683126926422119,
      4.92349100112915,
      0.9389695525169373,
      2.4854142665863037
    ],
    [
      -9.819520950317383,
      -4.87743616104126,
      -3.5507419109344482,
      0.9497308731079102,
      5.185519695281982,
      6.055226802825928,
      11.55018424987793,
      12.003876686096191,
      18.381887435913086,
      19.42324447631836,
      15.674230575561523,
      16.33840560913086,
      6.690354824066162,
      10.085180282592773,
      2.391014575958252,
      4.763278961181641,
      0.5876718759536743,
      3.042438268661499
    ],
    [
      -5.828535079956055,
      0.639072835445404,
      -5.26456880569458,
      -3.6984665393829346,
      9.358978271484375,
      5.044544696807861,
      25.002803802490234,
      20.241912841796875,
      20.637075424194336,
      15.674230575561523,
      44.51390075683594,
      32.574771881103516,
      15.174890518188477,
      16.155256271362305,
      11.696229934692383,
      8.098443031311035,
      -1.924443006515503,
      0.4262183606624603
    ],
    [
      -6.711154937744141,
      -0.03707367554306984,
      -6.1324567794799805,
      -1.7983769178390503,
      8.455748558044434,
      7.712123870849609,
      23.18977928161621,
      22.416519165039062,
      16.161096572875977,
      16.33840560913086,
      32.574771881103516,
      31.888412475585938,
      10.880603790283203,
      17.317596435546875,
      4.788101673126221,
      7.709943771362305,
      -2.0963544845581055,
      3.1908116340637207
    ],
    [
      -11.649510383605957,
      -6.550637245178223,
      -1.4660435914993286,
      -0.13827989995479584,
      5.189607620239258,
      4.491506576538086,
      5.802748203277588,
      5.072064399719238,
      8.488665580749512,
      6.690354824066162,
      15.174890518188477,
      10.880603790283203,
      27.711456298828125,
      23.905319213867188,
      13.963432312011719,
      11.704349517822266,
      17.829936981201172,
      15.963401794433594
    ],
    [
      -13.46119213104248,
      -7.617697715759277,
      -5.04637336730957,
      -0.33377864956855774,
      6.112470626831055,
      8.185420036315918,
      11.591949462890625,
      13.619148254394531,
      9.714924812316895,
      10.085180282592773,
      16.155256271362305,
      17.317596435546875,
      23.905319213867188,
      31.162649154663086,
      7.293940544128418,
      13.701939582824707,
      14.993310928344727,
      21.479787826538086
    ],
    [
      -5.831258773803711,
      -4.282983303070068,
      -1.3566797971725464,
      -2.8856072425842285,
      2.5636487007141113,
      -1.216711401939392,
      4.2272443771362305,
      0.012910956516861916,
      5.683126926422119,
      2.391014575958252,
      11.696229934692383,
      4.788101673126221,
      13.963432312011719,
      7.293940544128418,
      18.240915298461914,
      7.808393955230713,
      12.280074119567871,
      4.269344806671143
    ],
    [
      -9.917755126953125,
      -6.9600396156311035,
      -3.388275146484375,
      -0.8985229134559631,
      2.2433218955993652,
      2.7467942237854004,
      5.276976585388184,
      5.383984088897705,
      4.92349100112915,
      4.763278961181641,
      8.098443031311035,
      7.709943771362305,
      11.704349517822266,
      13.701939582824707,
      7.808393955230713,
      10.435099601745605,
      9.702997207641602,
      11.900969505310059
    ],
    [
      -0.40564462542533875,
      -2.6215293407440186,
      -1.6120173931121826,
      -0.6354471445083618,
      0.8429948687553406,
      1.5452475547790527,
      -2.9789113998413086,
      -1.6012561321258545,
      0.9389695525169373,
      0.5876718759536743,
      -1.924443006515503,
      -2.0963544845581055,
      17.829936981201172,
      14.993310928344727,
      12.280074119567871,
      9.702997207641602,
      32.875858306884766,
      25.279027938842773
    ],
    [
      -4.524123668670654,
      -4.9276533126831055,
      -4.260472774505615,
      0.5326682329177856,
      2.875272274017334,
      5.675164222717285,
      3.3533127307891846,
      5.66738224029541,
      2.4854142665863037,
      3.042438268661499,
      0.4262183606624603,
      3.1908116340637207,
      15.963401794433594,
      21.479787826538086,
      4.269344806671143,
      11.900969505310059,
      25.279027938842773,
      34.213035583496094
    ]
  ],
  "covariance_short": [
    [
      90.85211944580078,
      47.26563262939453,
      15.579723358154297,
      -2.037006139755249,
      -8.334068298339844,
      -9.015734672546387,
      -9.464120864868164,
      -12.037128448486328,
      -12.01966667175293,
      -12.139376640319824,
      -8.492030143737793,
      -8.599664688110352,
      -10.177536010742188,
      -11.187884330749512,
      -2.2643446922302246,
      -7.1140828132629395,
      4.34125280380249,
      -4.812498569488525
    ],
    [
      47.26563262939453,
      53.75709915161133,
      10.890681266784668,
      0.8675528764724731,
      -1.998873233795166,
      -2.7198569774627686,
      -0.5275352001190186,
      -2.0790064334869385,
      -1.6813768148422241,
      -1.4514490365982056,
      1.4453799724578857,
      3.013373374938965,
      -4.953612804412842,
      -3.516519784927368,
      -1.9694480895996094,
      -4.386927604675293,
      -0.5971555709838867,
      -3.7881178855895996
    ],
    [
      15.579723358154297,
      10.890681266784668,
      23.994529724121094,
      6.914761543273926,
      1.696990966796875,
      0.7886853814125061,
      -3.1069605350494385,
      -5.55673885345459,
      -2.5105583667755127,
      -3.861346483230591,
      -3.4993896484375,
      -5.356794834136963,
      -1.7378489971160889,
      -6.16847038269043,
      2.807537794113159,
      -3.326385974884033,
      1.3888838291168213,
      -4.867438793182373
    ],
    [
      -2.037006139755249,
      0.8675528764724731,
      6.914761543273926,
      17.399341583251953,
      3.552816152572632,
      6.924984455108643,
      1.8667618036270142,
      3.213956594467163,
      0.9658816456794739,
      2.415494203567505,
      -2.447659492492676,
      -0.46388572454452515,
      -0.6472833752632141,
      -1.0667939186096191,
      -3.9865684509277344,
      -1.7664811611175537,
      -1.9396910667419434,
      -0.5895192623138428
    ],
    [
      -8.334068298339844,
      -1.998873233795166,
      1.696990966796875,
      3.552816152572632,
      28.054031372070312,
      17.19986915588379,
      13.874726295471191,
      10.921031951904297,
      12.391180038452148,
      8.981193542480469,
      12.765708923339844,
      9.206079483032227,
      9.584129333496094,
      6.442054271697998,
      7.857626438140869,
      3.60787034034729,
      4.357339859008789,
      4.088637828826904
    ],
    [
      -9.015734672546387,
      -2.7198569774627686,
      0.7886853814125061,
      6.924984455108643,
      17.19986915588379,
      28.74557876586914,
      11.767318725585938,
      16.981033325195312,
      7.512012958526611,
      9.04253101348877,
      5.797064781188965,
      7.777198791503906,
      6.982327461242676,
      8.147356033325195,
      -0.14280614256858826,
      2.9405174255371094,
      1.7420185804367065,
      6.411071300506592
    ],
    [
      -9.464120864868164,
      -0.5275352001190186,
      -3.1069605350494385,
      1.8667618036270142,
      13.874726295471191,
      11.767318725585938,
      44.18254470825195,
      32.67622756958008,
      23.38627815246582,
      18.295778274536133,
      31.767478942871094,
      25.93366241455078,
      13.619047164916992,
      16.337812423706055,
      12.079634666442871,
      11.609390258789062,
      1.5060827732086182,
      8.929883003234863
    ],
    [
      -12.037128448486328,
      -2.0790064334869385,
      -5.55673885345459,
      3.213956594467163,
      10.921031951904297,
      16.981033325195312,
      32.67622756958008,
      45.13964080810547,
      17.185543060302734,
      18.096435546875,
      24.903057098388672,
      24.873533248901367,
      11.50556755065918,
      17.59368133544922,
      3.5440616607666016,
      10.05528736114502,
      -0.8890507221221924,
      10.021835327148438
    ],
    [
      -12.01966667175293,
      -1.6813768148422241,
      -2.5105583667755127,
      0.9658816456794739,
      12.391180038452148,
      7.512012958526611,
      23.38627815246582,
      17.185543060302734,
      52.40352249145508,
      34.541011810302734,
      42.95808792114258,
      30.67078399658203,
      27.05190658569336,
      22.850540161132812,
      25.154096603393555,
      17.85059928894043,
      17.28978729248047,
      13.522855758666992
    ],
    [
      -12.139376640319824,
      -1.4514490365982056,
      -3.861346483230591,
      2.415494203567505,
      8.981193542480469,
      9.04253101348877,
      18.295778274536133,
      18.096435546875,
      34.541011810302734,
      35.907562255859375,
      28.307714462280273,
      27.54236602783203,
      17.3643856048584,
      19.667957305908203,
      11.008110046386719,
      13.234796524047852,
      8.447054862976074,
      10.725615501403809
    ],
    [
      -8.492030143737793,
      1.4453799724578857,
      -3.4993896484375,
      -2.447659492492676,
      12.765708923339844,
      5.797064781188965,
      31.767478942871094,
      24.903057098388672,
      42.95808792114258,
      28.307714462280273,
      71.79513549804688,
      44.061153411865234,
      38.928443908691406,
      30.302654266357422,
      36.36353302001953,
      24.302589416503906,
      18.441726684570312,
      14.786518096923828
    ],
    [
      -8.599664688110352,
      3.013373374938965,
      -5.356794834136963,
      -0.46388572454452515,
      9.206079483032227,
      7.777198791503906,
      25.93366241455078,
      24.873533248901367,
      30.67078399658203,
      27.54236602783203,
      44.061153411865234,
      43.575408935546875,
      24.457185745239258,
      29.038555145263672,
      15.489766120910645,
      19.204092025756836,
      7.779714584350586,
      13.616580963134766
    ],
    [
      -10.177536010742188,
      -4.953612804412842,
      -1.7378489971160889,
      -0.6472833752632141,
      9.584129333496094,
      6.982327461242676,
      13.619047164916992,
      11.50556755065918,
      27.05190658569336,
      17.3643856048584,
      38.928443908691406,
      24.457185745239258,
      60.980350494384766,
      43.24949264526367,
      45.13236618041992,
      31.693954467773438,
      51.41981887817383,
      35.0916862487793
    ],
    [
      -11.187884330749512,
      -3.516519784927368,
      -6.16847038269043,
      -1.0667939186096191,
      6.442054271697998,
      8.147356033325195,
      16.337812423706055,
      17.59368133544922,
      22.850540161132812,
      19.667957305908203,
      30.302654266357422,
      29.038555145263672,
      43.24949264526367,
      49.289058685302734,
      23.380868911743164,
      30.959667205810547,
      33.38119125366211,
      37.51503372192383
    ],
    [
      -2.2643446922302246,
      -1.9694480895996094,
      2.807537794113159,
      -3.9865684509277344,
      7.857626438140869,
      -0.14280614256858826,
      12.079634666442871,
      3.5440616607666016,
      25.154096603393555,
      11.008110046386719,
      36.36353302001953,
      15.489766120910645,
      45.13236618041992,
      23.380868911743164,
      67.36177062988281,
      29.6546573638916,
      56.60639572143555,
      23.616870880126953
    ],
    [
      -7.1140828132629395,
      -4.386927604675293,
      -3.326385974884033,
      -1.7664811611175537,
      3.60787034034729,
      2.9405174255371094,
      11.609390258789062,
      10.05528736114502,
      17.85059928894043,
      13.234796524047852,
      24.302589416503906,
      19.204092025756836,
      31.693954467773438,
      30.959667205810547,
      29.6546573638916,
      32.83766174316406,
      34.20604705810547,
      31.733592987060547
    ],
    [
      4.34125280380249,
      -0.5971555709838867,
      1.3888838291168213,
      -1.9396910667419434,
      4.357339859008789,
      1.7420185804367065,
      1.5060827732086182,
      -0.8890507221221924,
      17.28978729248047,
      8.447054862976074,
      18.441726684570312,
      7.779714584350586,
      51.41981887817383,
      33.38119125366211,
      56.60639572143555,
      34.20604705810547,
      87.49129486083984,
      48.3802604675293
    ],
    [
      -4.812498569488525,
      -3.7881178855895996,
      -4.867438793182373,
      -0.5895192623138428,
      4.088637828826904,
      6.411071300506592,
      8.929883003234863,
      10.021835327148438,
      13.522855758666992,
      10.725615501403809,
      14.786518096923828,
      13.616580963134766,
      35.0916862487793,
      37.51503372192383,
      23.616870880126953,
      31.733592987060547,
      48.3802604675293,
      61.082435607910156
    ]
  ],
  "damage": -5.570061683654785,
  "diff_bandwidth": 522.531005859375,
  "dissonance": 7.692778646715629,
  "drr": 5.674383640289307,
  "dynamics": 1.8669278621673584,
  "format": 1245190,
  "frames": 13014976,
  "loudness": -10.936805725097656,
  "loudness_range": 3.523777961730957,
  "loudness_range_short": 5.767237663269043,
  "lowpass_true_peak_15khz": 0.7135828137397766,
  "mastering3_acoustic_entropies": [
    {
      "acoustic_entropy": 10.371051788330078,
      "acoustic_entropy_mono": 10.039398193359375,
      "band_eliminated_acoustic_entropies": [
        {
          "acoustic_entropy": 11.015361785888672,
          "acoustic_entropy_side": 10.374927520751953,
          "hz": 129.47220167065723
        },
        {
          "acoustic_entropy": 10.930296897888184,
          "acoustic_entropy_side": 10.391158103942871,
          "hz": 202.92927478742237
        },
        {
          "acoustic_entropy": 11.298698425292969,
          "acoustic_entropy_side": 10.448905944824219,
          "hz": 282.89161906338205
        },
        {
          "acoustic_entropy": 9.481071472167969,
          "acoustic_entropy_side": 10.291533470153809,
          "hz": 369.9353335868758
        },
        {
          "acoustic_entropy": 11.337723731994629,
          "acoustic_entropy_side": 10.535715103149414,
          "hz": 464.6875360973435
        },
        {
          "acoustic_entropy": 10.300472259521484,
          "acoustic_entropy_side": 10.358062744140625,
          "hz": 567.8308811364784
        },
        {
          "acoustic_entropy": 10.552016258239746,
          "acoustic_entropy_side": 10.494363784790039,
          "hz": 680.1084783214808
        },
        {
          "acoustic_entropy": 10.421168327331543,
          "acoustic_entropy_side": 10.626313209533691,
          "hz": 802.3292461747484
        },
        {
          "acoustic_entropy": 10.652946472167969,
          "acoustic_entropy_side": 10.387923240661621,
          "hz": 935.3737400823702
        },
        {
          "acoustic_entropy": 10.29290771484375,
          "acoustic_entropy_side": 10.618417739868164,
          "hz": 1080.2004963696966
        },
        {
          "acoustic_entropy": 10.786444664001465,
          "acoustic_entropy_side": 10.797698020935059,
          "hz": 1237.8529382007157
        },
        {
          "acoustic_entropy": 10.406407356262207,
          "acoustic_entropy_side": 10.511787414550781,
          "hz": 1409.4668930556702
        },
        {
          "acoustic_entropy": 10.490854263305664,
          "acoustic_entropy_side": 10.389446258544922,
          "hz": 1596.2787759475705
        },
        {
          "acoustic_entropy": 10.295389175415039,
          "acoustic_entropy_side": 10.39378833770752,
          "hz": 1799.6344973346393
        },
        {
          "acoustic_entropy": 10.477124214172363,
          "acoustic_entropy_side": 10.392303466796875,
          "hz": 2020.9991599069049
        },
        {
          "acoustic_entropy": 10.16187572479248,
          "acoustic_entropy_side": 10.401394844055176,
          "hz": 2261.9676141086993
        },
        {
          "acoustic_entropy": 9.2391357421875,
          "acoustic_entropy_side": 10.354331970214844,
          "hz": 2524.2759484456974
        },
        {
          "acoustic_entropy": 10.376903533935547,
          "acoustic_entropy_side": 10.334664344787598,
          "hz": 2809.813997359896
        },
        {
          "acoustic_entropy": 10.438035011291504,
          "acoustic_entropy_side": 10.349513053894043,
          "hz": 3120.6389567871424
        },
        {
          "acoustic_entropy": 10.479594230651855,
          "acoustic_entropy_side": 10.344284057617188,
          "hz": 3458.990205492291
        },
        {
          "acoustic_entropy": 10.231094360351562,
          "acoustic_entropy_side": 10.346044540405273,
          "hz": 3827.305438964164
        },
        {
          "acoustic_entropy": 10.460702896118164,
          "acoustic_entropy_side": 10.356422424316406,
          "hz": 4228.238232109126
        },
        {
          "acoustic_entropy": 10.38320255279541,
          "acoustic_entropy_side": 10.366121292114258,
          "hz": 4664.6771572759235
        },
        {
          "acoustic_entropy": 10.412259101867676,
          "acoustic_entropy_side": 10.361577987670898,
          "hz": 5139.766595350093
        },
        {
          "acoustic_entropy": 10.76250171661377,
          "acoustic_entropy_side": 10.413579940795898,
          "hz": 5656.929389854203
        },
        {
          "acoustic_entropy": 10.306260108947754,
          "acoustic_entropy_side": 10.356452941894531,
          "hz": 6219.891507268283
        },
        {
          "acoustic_entropy": 10.494242668151855,
          "acoustic_entropy_side": 10.369202613830566,
          "hz": 6832.70888123896
        },
        {
          "acoustic_entropy": 10.17572021484375,
          "acoustic_entropy_side": 10.352869987487793,
          "hz": 7499.796634079867
        },
        {
          "acoustic_entropy": 10.516816139221191,
          "acoustic_entropy_side": 10.366316795349121,
          "hz": 8225.96088609342
        },
        {
          "acoustic_entropy": 10.625703811645508,
          "acoustic_entropy_side": 10.37152099609375,
          "hz": 9016.43338188839
        },
        {
          "acoustic_entropy": 10.375710487365723,
          "acoustic_entropy_side": 10.37061595916748,
          "hz": 9876.909183162974
        },
        {
          "acoustic_entropy": 10.384892463684082,
          "acoustic_entropy_side": 10.364875793457031,
          "hz": 10813.587699516042
        },
        {
          "acoustic_entropy": 10.359760284423828,
          "acoustic_entropy_side": 10.366422653198242,
          "hz": 11833.21735289826
        },
        {
          "acoustic_entropy": 10.528287887573242,
          "acoustic_entropy_side": 10.378754615783691,
          "hz": 12943.144197493959
        },
        {
          "acoustic_entropy": 11.067490577697754,
          "acoustic_entropy_side": 10.447914123535156,
          "hz": 14151.364845322005
        },
        {
          "acoustic_entropy": 10.670598030090332,
          "acoustic_entropy_side": 10.380326271057129,
          "hz": 15466.58407886509
        },
        {
          "acoustic_entropy": 10.387077331542969,
          "acoustic_entropy_side": 10.370453834533691,
          "hz": 16898.27756580493
        },
        {
          "acoustic_entropy": 10.372662544250488,
          "acoustic_entropy_side": 10.370988845825195,
          "hz": 18456.760127700032
        },
        {
          "acoustic_entropy": 10.371110916137695,
          "acoustic_entropy_side": 10.371042251586914,
          "hz": 20153.260054456492
        },
        {
          "acoustic_entropy": 10.371047973632812,
          "acoustic_entropy_side": 10.371051788330078,
          "hz": 22000.00000000001
        }
      ],
      "diff_acoustic_entropy": 8.724655151367188,
      "sn": 6
    },
    {
      "acoustic_entropy": 16.613229751586914,
      "acoustic_entropy_mono": 15.32559871673584,
      "band_eliminated_acoustic_entropies": [
        {
          "acoustic_entropy": 16.49496078491211,
          "acoustic_entropy_side": 16.6118221282959,
          "hz": 129.47220167065723
        },
        {
          "acoustic_entropy": 15.662189483642578,
          "acoustic_entropy_side": 16.609453201293945,
          "hz": 202.92927478742237
        },
        {
          "acoustic_entropy": 16.030994415283203,
          "acoustic_entropy_side": 16.499853134155273,
          "hz": 282.89161906338205
        },
        {
          "acoustic_entropy": 15.3250732421875,
          "acoustic_entropy_side": 16.624584197998047,
          "hz": 369.9353335868758
        },
        {
          "acoustic_entropy": 16.25631332397461,
          "acoustic_entropy_side": 16.5687198638916,
          "hz": 464.6875360973435
        },
        {
          "acoustic_entropy": 15.423521995544434,
          "acoustic_entropy_side": 16.28995132446289,
          "hz": 567.8308811364784
        },
        {
          "acoustic_entropy": 16.628795623779297,
          "acoustic_entropy_side": 16.546388626098633,
          "hz": 680.1084783214808
        },
        {
          "acoustic_entropy": 16.68560218811035,
          "acoustic_entropy_side": 16.6471004486084,
          "hz": 802.3292461747484
        },
        {
          "acoustic_entropy": 16.00093650817871,
          "acoustic_entropy_side": 16.633852005004883,
          "hz": 935.3737400823702
        },
        {
          "acoustic_entropy": 16.033893585205078,
          "acoustic_entropy_side": 16.718599319458008,
          "hz": 1080.2004963696966
        },
        {
          "acoustic_entropy": 16.01352882385254,
          "acoustic_entropy_side": 16.51465606689453,
          "hz": 1237.8529382007157
        },
        {
          "acoustic_entropy": 16.624845504760742,
          "acoustic_entropy_side": 16.71324920654297,
          "hz": 1409.4668930556702
        },
        {
          "acoustic_entropy": 16.949586868286133,
          "acoustic_entropy_side": 16.741147994995117,
          "hz": 1596.2787759475705
        },
        {
          "acoustic_entropy": 15.290019989013672,
          "acoustic_entropy_side": 16.56072998046875,
          "hz": 1799.6344973346393
        },
        {
          "acoustic_entropy": 16.4088191986084,
          "acoustic_entropy_side": 16.655742645263672,
          "hz": 2020.9991599069049
        },
        {
          "acoustic_entropy": 16.482059478759766,
          "acoustic_entropy_side": 16.565250396728516,
          "hz": 2261.9676141086993
        },
        {
          "acoustic_entropy": 15.053503036499023,
          "acoustic_entropy_side": 15.93569564819336,
          "hz": 2524.2759484456974
        },
        {
          "acoustic_entropy": 16.430957794189453,
          "acoustic_entropy_side": 16.57342529296875,
          "hz": 2809.813997359896
        },
        {
          "acoustic_entropy": 16.18338394165039,
          "acoustic_entropy_side": 16.561033248901367,
          "hz": 3120.6389567871424
        },
        {
          "acoustic_entropy": 15.933799743652344,
          "acoustic_entropy_side": 16.484750747680664,
          "hz": 3458.990205492291
        },
        {
          "acoustic_entropy": 16.243383407592773,
          "acoustic_entropy_side": 16.58901596069336,
          "hz": 3827.305438964164
        },
        {
          "acoustic_entropy": 16.421545028686523,
          "acoustic_entropy_side": 16.567934036254883,
          "hz": 4228.238232109126
        },
        {
          "acoustic_entropy": 16.500728607177734,
          "acoustic_entropy_side": 16.58745002746582,
          "hz": 4664.6771572759235
        },
        {
          "acoustic_entropy": 16.184335708618164,
          "acoustic_entropy_side": 16.589641571044922,
          "hz": 5139.766595350093
        },
        {
          "acoustic_entropy": 15.276801109313965,
          "acoustic_entropy_side": 16.58922576904297,
          "hz": 5656.929389854203
        },
        {
          "acoustic_entropy": 16.371889114379883,
          "acoustic_entropy_side": 16.601409912109375,
          "hz": 6219.891507268283
        },
        {
          "acoustic_entropy": 15.806778907775879,
          "acoustic_entropy_side": 16.585670471191406,
          "hz": 6832.70888123896
        },
        {
          "acoustic_entropy": 16.588552474975586,
          "acoustic_entropy_side": 16.59641456604004,
          "hz": 7499.796634079867
        },
        {
          "acoustic_entropy": 16.559837341308594,
          "acoustic_entropy_side": 16.55647087097168,
          "hz": 8225.96088609342
        },
        {
          "acoustic_entropy": 16.2434139251709,
          "acoustic_entropy_side": 16.585041046142578,
          "hz": 9016.43338188839
        },
        {
          "acoustic_entropy": 16.04692840576172,
          "acoustic_entropy_side": 16.602012634277344,
          "hz": 9876.909183162974
        },
        {
          "acoustic_entropy": 16.3167667388916,
          "acoustic_entropy_side": 16.60478401184082,
          "hz": 10813.587699516042
        },
        {
          "acoustic_entropy": 16.40510368347168,
          "acoustic_entropy_side": 16.61724281311035,
          "hz": 11833.21735289826
        },
        {
          "acoustic_entropy": 16.590492248535156,
          "acoustic_entropy_side": 16.61355972290039,
          "hz": 12943.144197493959
        },
        {
          "acoustic_entropy": 15.79688835144043,
          "acoustic_entropy_side": 16.574186325073242,
          "hz": 14151.364845322005
        },
        {
          "acoustic_entropy": 16.438499450683594,
          "acoustic_entropy_side": 16.60349464416504,
          "hz": 15466.58407886509
        },
        {
          "acoustic_entropy": 16.612586975097656,
          "acoustic_entropy_side": 16.612539291381836,
          "hz": 16898.27756580493
        },
        {
          "acoustic_entropy": 16.613595962524414,
          "acoustic_entropy_side": 16.613195419311523,
          "hz": 18456.760127700032
        },
        {
          "acoustic_entropy": 16.61341667175293,
          "acoustic_entropy_side": 16.613237380981445,
          "hz": 20153.260054456492
        },
        {
          "acoustic_entropy": 16.613239288330078,
          "acoustic_entropy_side": 16.61322784423828,
          "hz": 22000.00000000001
        }
      ],
      "diff_acoustic_entropy": 13.691400527954102,
      "sn": 12
    },
    {
      "acoustic_entropy": 22.26161003112793,
      "acoustic_entropy_mono": 20.276418685913086,
      "band_eliminated_acoustic_entropies": [
        {
          "acoustic_entropy": 21.74114227294922,
          "acoustic_entropy_side": 22.349563598632812,
          "hz": 129.47220167065723
        },
        {
          "acoustic_entropy": 22.48151397705078,
          "acoustic_entropy_side": 22.242889404296875,
          "hz": 202.92927478742237
        },
        {
          "acoustic_entropy": 22.429977416992188,
          "acoustic_entropy_side": 22.154335021972656,
          "hz": 282.89161906338205
        },
        {
          "acoustic_entropy": 22.0256290435791,
          "acoustic_entropy_side": 22.445627212524414,
          "hz": 369.9353335868758
        },
        {
          "acoustic_entropy": 23.019319534301758,
          "acoustic_entropy_side": 23.323205947875977,
          "hz": 464.6875360973435
        },
        {
          "acoustic_entropy": 21.589210510253906,
          "acoustic_entropy_side": 22.68722152709961,
          "hz": 567.8308811364784
        },
        {
          "acoustic_entropy": 21.662303924560547,
          "acoustic_entropy_side": 21.703433990478516,
          "hz": 680.1084783214808
        },
        {
          "acoustic_entropy": 22.02322006225586,
          "acoustic_entropy_side": 22.05410385131836,
          "hz": 802.3292461747484
        },
        {
          "acoustic_entropy": 21.417116165161133,
          "acoustic_entropy_side": 22.084402084350586,
          "hz": 935.3737400823702
        },
        {
          "acoustic_entropy": 22.40239715576172,
          "acoustic_entropy_side": 22.12100601196289,
          "hz": 1080.2004963696966
        },
        {
          "acoustic_entropy": 21.897136688232422,
          "acoustic_entropy_side": 22.403928756713867,
          "hz": 1237.8529382007157
        },
        {
          "acoustic_entropy": 22.661144256591797,
          "acoustic_entropy_side": 22.309871673583984,
          "hz": 1409.4668930556702
        },
        {
          "acoustic_entropy": 22.442127227783203,
          "acoustic_entropy_side": 22.11536407470703,
          "hz": 1596.2787759475705
        },
        {
          "acoustic_entropy": 22.692867279052734,
          "acoustic_entropy_side": 22.49989128112793,
          "hz": 1799.6344973346393
        },
        {
          "acoustic_entropy": 22.883785247802734,
          "acoustic_entropy_side": 22.7347469329834,
          "hz": 2020.9991599069049
        },
        {
          "acoustic_entropy": 21.857614517211914,
          "acoustic_entropy_side": 21.57380485534668,
          "hz": 2261.9676141086993
        },
        {
          "acoustic_entropy": 22.07912826538086,
          "acoustic_entropy_side": 22.98560333251953,
          "hz": 2524.2759484456974
