{
  "acoustic_entropy": 129.69683837890625,
  "bands": [
    {
      "high_freq": 148.1999969482422,
      "loudness": -36.09840774536133,
      "loudness_range": 13.548883438110352,
      "mid_mean": -32.45256042480469,
      "mid_to_side_loudness": -25.577861785888672,
      "mid_to_side_loudness_range": 16.18626594543457,
      "side_mean": -59.1987190246582
    },
    {
      "high_freq": 392.3793640136719,
      "loudness": -26.992259979248047,
      "loudness_range": 13.719697952270508,
      "low_freq": 148.1999969482422,
      "mid_mean": -23.391569137573242,
      "mid_to_side_loudness": -22.826520919799805,
      "mid_to_side_loudness_range": 23.517147064208984,
      "side_mean": -46.671051025390625
    },
    {
      "high_freq": 794.6976318359375,
      "loudness": -27.45408821105957,
      "loudness_range": 18.492143630981445,
      "low_freq": 392.3793640136719,
      "mid_mean": -23.917688369750977,
      "mid_to_side_loudness": -22.788984298706055,
      "mid_to_side_loudness_range": 18.401527404785156,
      "side_mean": -47.863319396972656
    },
    {
      "high_freq": 1457.5709228515625,
      "loudness": -29.36570930480957,
      "loudness_range": 16.710693359375,
      "low_freq": 794.6976318359375,
      "mid_mean": -25.705957412719727,
      "mid_to_side_loudness": -22.027462005615234,
      "mid_to_side_loudness_range": 19.76347541809082,
      "side_mean": -50.79716110229492
    },
    {
      "high_freq": 2549.74365234375,
      "loudness": -35.10127639770508,
      "loudness_range": 20.180908203125,
      "low_freq": 1457.5709228515625,
      "mid_mean": -31.4740047454834,
      "mid_to_side_loudness": -21.239315032958984,
      "mid_to_side_loudness_range": 23.553340911865234,
      "side_mean": -55.312530517578125
    },
    {
      "high_freq": 4349.24462890625,
      "loudness": -40.475830078125,
      "loudness_range": 14.610130310058594,
      "low_freq": 2549.74365234375,
      "mid_mean": -36.825904846191406,
      "mid_to_side_loudness": -24.140283584594727,
      "mid_to_side_loudness_range": 26.364543914794922,
      "side_mean": -62.29315948486328
    },
    {
      "high_freq": 7314.1640625,
      "loudness": -42.96218490600586,
      "loudness_range": 10.590797424316406,
      "low_freq": 4349.24462890625,
      "mid_mean": -39.30296325683594,
      "mid_to_side_loudness": -29.58930206298828,
      "mid_to_side_loudness_range": 35.51887893676758,
      "side_mean": -67.21640014648438
    },
    {
      "high_freq": 12199.2666015625,
      "loudness": -48.89272689819336,
      "loudness_range": 11.017845153808594,
      "low_freq": 7314.1640625,
      "mid_mean": -45.21232604980469,
      "mid_to_side_loudness": -35.261322021484375,
      "mid_to_side_loudness_range": 49.49651336669922,
      "side_mean": -69.50859069824219
    },
    {
      "loudness": -63.398780822753906,
      "loudness_range": 13.39541244506836,
      "low_freq": 12199.2666015625,
      "mid_mean": -59.99489974975586,
      "mid_to_side_loudness": -24.87738800048828,
      "mid_to_side_loudness_range": 32.83211135864258,
      "side_mean": -69.90390014648438
    }
  ],
  "bands_short": [
    {
      "high_freq": 148.1999969482422,
      "loudness": -39.79522705078125,
      "loudness_range": 18.64119529724121,
      "mid_mean": -36.21819305419922,
      "mid_to_side_loudness": -24.779447555541992,
      "mid_to_side_loudness_range": 20.702526092529297,
      "side_mean": -61.46198654174805
    },
    {
      "high_freq": 392.3793640136719,
      "loudness": -27.6451473236084,
      "loudness_range": 16.237430572509766,
      "low_freq": 148.1999969482422,
      "mid_mean": -24.056734085083008,
      "mid_to_side_loudness": -22.28420066833496,
      "mid_to_side_loudness_range": 25.32107162475586,
      "side_mean": -47.092811584472656
    },
    {
      "high_freq": 794.6976318359375,
      "loudness": -28.243701934814453,
      "loudness_range": 20.96527862548828,
      "low_freq": 392.3793640136719,
      "mid_mean": -24.827037811279297,
      "mid_to_side_loudness": -21.550521850585938,
      "mid_to_side_loudness_range": 25.032346725463867,
      "side_mean": -48.28782272338867
    },
    {
      "high_freq": 1457.5709228515625,
      "loudness": -30.7431697845459,
      "loudness_range": 20.837451934814453,
      "low_freq": 794.6976318359375,
      "mid_mean": -27.159128189086914,
      "mid_to_side_loudness": -20.66875648498535,
      "mid_to_side_loudness_range": 26.797809600830078,
      "side_mean": -51.125221252441406
    },
    {
      "high_freq": 2549.74365234375,
      "loudness": -36.58921813964844,
      "loudness_range": 22.86580467224121,
      "low_freq": 1457.5709228515625,
      "mid_mean": -33.125389099121094,
      "mid_to_side_loudness": -19.835681915283203,
      "mid_to_side_loudness_range": 24.614639282226562,
      "side_mean": -55.63273620605469
    },
    {
      "high_freq": 4349.24462890625,
      "loudness": -42.3570442199707,
      "loudness_range": 19.71395492553711,
      "low_freq": 2549.74365234375,
      "mid_mean": -38.6872673034668,
      "mid_to_side_loudness": -22.34014892578125,
      "mid_to_side_loudness_range": 26.29593276977539,
      "side_mean": -62.31604766845703
    },
    {
      "high_freq": 7314.1640625,
      "loudness": -45.419883728027344,
      "loudness_range": 16.89288330078125,
      "low_freq": 4349.24462890625,
      "mid_mean": -41.7526741027832,
      "mid_to_side_loudness": -26.308671951293945,
      "mid_to_side_loudness_range": 31.937381744384766,
      "side_mean": -67.3320083618164
    },
    {
      "high_freq": 12199.2666015625,
      "loudness": -52.9512825012207,
      "loudness_range": 20.469207763671875,
      "low_freq": 7314.1640625,
      "mid_mean": -51.0827751159668,
      "mid_to_side_loudness": -28.61602210998535,
      "mid_to_side_loudness_range": 43.990570068359375,
      "side_mean": -69.55326843261719
    },
    {
      "loudness": -69.9681625366211,
      "loudness_range": 25.71929931640625,
      "low_freq": 12199.2666015625,
      "mid_mean": -64.29486083984375,
      "mid_to_side_loudness": -16.538301467895508,
      "mid_to_side_loudness_range": 30.863595962524414,
      "side_mean": -69.90503692626953
    }
  ],
  "bandwidth": 628.1227416992188,
  "channels": 2,
  "covariance": [
    [
      26.44875144958496,
      13.147064208984375,
      13.048847198486328,
      7.82924747467041,
      14.109920501708984,
      12.965813636779785,
      16.093229293823242,
      14.264785766601562,
      13.35052490234375,
      14.740765571594238,
      11.167759895324707,
      8.88940715789795,
      6.018126487731934,
      3.051461696624756,
      4.097527980804443,
      0.45175182819366455,
      5.181695938110352,
      -0.006577712949365377
    ],
    [
      13.147064208984375,
      20.86276626586914,
      9.59003734588623,
      10.99527359008789,
      9.305856704711914,
      13.435471534729004,
      10.448710441589355,
      27.739471435546875,
      8.607818603515625,
      23.252103805541992,
      8.125917434692383,
      14.150731086730957,
      4.1319804191589355,
      5.201663494110107,
      2.886244773864746,
      0.9130532145500183,
      12.32182788848877,
      0.04976564273238182
    ],
    [
      13.048847198486328,
      9.59003734588623,
      28.55587387084961,
      17.617340087890625,
      20.41567039489746,
      19.896713256835938,
      19.45652961730957,
      17.12984848022461,
      20.556760787963867,
      17.947420120239258,
      16.16408920288086,
      14.493974685668945,
      9.345484733581543,
      5.216366291046143,
      7.646396636962891,
      0.9153662323951721,
      8.31983470916748,
      0.004255273379385471
    ],
    [
      7.82924747467041,
      10.99527359008789,
      17.617340087890625,
      32.30380630493164,
      24.022228240966797,
      25.951805114746094,
      17.534074783325195,
      22.999181747436523,
      22.200090408325195,
      24.343135833740234,
      15.06094741821289,
      16.40308952331543,
      6.295151233673096,
      4.44930362701416,
      3.732882261276245,
      0.4811381697654724,
      7.10326623916626,
      -0.02841811440885067
    ],
    [
      14.109920501708984,
      9.305856704711914,
      20.41567039489746,
      24.022228240966797,
      48.99982833862305,
      35.065818786621094,
      30.892732620239258,
      24.784650802612305,
      39.721435546875,
      31.271209716796875,
      22.933300018310547,
      17.686784744262695,
      12.8441743850708,
      4.741044044494629,
      10.409523010253906,
      0.6489450335502625,
      10.42941665649414,
      -0.00012706608686130494
    ],
    [
      12.965813636779785,
      13.435471534729004,
      19.896713256835938,
      25.951805114746094,
      35.065818786621094,
      41.768226623535156,
      24.536867141723633,
      29.258981704711914,
      30.35924530029297,
      33.991455078125,
      18.46112060546875,
      19.475997924804688,
      9.40198802947998,
      6.168247699737549,
      7.509407043457031,
      0.9476880431175232,
      11.324451446533203,
      0.0028143301606178284
    ],
    [
      16.093229293823242,
      10.448710441589355,
      19.45652961730957,
      17.534074783325195,
      30.892732620239258,
      24.536867141723633,
      34.752166748046875,
      23.815561294555664,
      32.89729309082031,
      25.00424575805664,
      23.327917098999023,
      16.87970733642578,
      12.170373916625977,
      3.932431221008301,
      9.03683853149414,
      0.410625696182251,
      9.10096263885498,
      -0.0311085507273674
    ],
    [
      14.264785766601562,
      27.739471435546875,
      17.12984848022461,
      22.999181747436523,
      24.784650802612305,
      29.258981704711914,
      23.815561294555664,
      54.839603424072266,
      25.016307830810547,
      47.201168060302734,
      17.865047454833984,
      27.6378173828125,
      8.73887825012207,
      8.260055541992188,
      6.39756441116333,
      1.0473389625549316,
      22.845497131347656,
      0.04038325697183609
    ],
    [
      13.35052490234375,
      8.607818603515625,
      20.556760787963867,
      22.200090408325195,
      39.721435546875,
      30.35924530029297,
      32.89729309082031,
      25.016307830810547,
      44.795040130615234,
      31.68642234802246,
      27.455289840698242,
      19.16459083557129,
      14.718921661376953,
      4.868851184844971,
      10.86789608001709,
      0.5383975505828857,
      11.38074779510498,
      -0.025051400065422058
    ],
    [
      14.740765571594238,
      23.252103805541992,
      17.947420120239258,
      24.343135833740234,
      31.271209716796875,
      33.991455078125,
      25.00424575805664,
      47.201168060302734,
      31.68642234802246,
      49.07512664794922,
      19.80588722229004,
      27.05211067199707,
      9.583673477172852,
      8.299156188964844,
      7.234114646911621,
      1.0940603017807007,
      20.197265625,
      0.027717819437384605
    ],
    [
      11.167759895324707,
      8.125917434692383,
      16.16408920288086,
      15.06094741821289,
      22.933300018310547,
      18.46112060546875,
      23.327917098999023,
      17.865047454833984,
      27.455289840698242,
      19.80588722229004,
      26.957130432128906,
      15.904226303100586,
      16.330097198486328,
      4.420135021209717,
      12.728199005126953,
      0.8667232990264893,
      13.740904808044434,
      0.030076947063207626
    ],
    [
      8.88940715789795,
      14.150731086730957,
      14.493974685668945,
      16.40308952331543,
      17.686784744262695,
      19.475997924804688,
      16.87970733642578,
      27.6378173828125,
      19.16459083557129,
      27.05211067199707,
      15.904226303100586,
      20.176618576049805,
      7.654123306274414,
      6.736332416534424,
      5.30659818649292,
      1.1387379169464111,
      11.975865364074707,
      0.060944221913814545
    ],
    [
      6.018126487731934,
      4.1319804191589355,
      9.345484733581543,
      6.295151233673096,
      12.8441743850708,
      9.40198802947998,
      12.170373916625977,
      8.73887825012207,
      14.718921661376953,
      9.583673477172852,
      16.330097198486328,
      7.654123306274414,
      14.1068115234375,
      2.5028858184814453,
      12.96645736694336,
      0.7862329483032227,
      13.320283889770508,
      0.03608951345086098
    ],
    [
      3.051461696624756,
      5.201663494110107,
      5.216366291046143,
      4.44930362701416,
      4.741044044494629,
      6.168247699737549,
      3.932431221008301,
      8.260055541992188,
      4.868851184844971,
      8.299156188964844,
      4.420135021209717,
      6.736332416534424,
      2.5028858184814453,
      4.919921398162842,
      2.0446314811706543,
      1.3188228607177734,
      4.1146016120910645,
      0.08619046956300735
    ],
    [
      4.097527980804443,
      2.886244773864746,
      7.646396636962891,
      3.732882261276245,
      10.409523010253906,
      7.509407043457031,
      9.03683853149414,
      6.39756441116333,
      10.86789608001709,
      7.234114646911621,
      12.728199005126953,
      5.30659818649292,
      12.96645736694336,
      2.0446314811706543,
      14.075862884521484,
      0.8951255083084106,
      13.976374626159668,
      0.045257728546857834
    ],
    [
      0.45175182819366455,
      0.9130532145500183,
      0.9153662323951721,
      0.4811381697654724,
      0.6489450335502625,
      0.9476880431175232,
      0.410625696182251,
      1.0473389625549316,
      0.5383975505828857,
      1.0940603017807007,
      0.8667232990264893,
      1.1387379169464111,
      0.7862329483032227,
      1.3188228607177734,
      0.8951255083084106,
      0.5670507550239563,
      1.2680917978286743,
      0.04517577588558197
    ],
    [
      5.181695938110352,
      12.32182788848877,
      8.31983470916748,
      7.10326623916626,
      10.42941665649414,
      11.324451446533203,
      9.10096263885498,
      22.845497131347656,
      11.38074779510498,
      20.197265625,
      13.740904808044434,
      11.975865364074707,
      13.320283889770508,
      4.1146016120910645,
      13.976374626159668,
      1.2680917978286743,
      24.374183654785156,
      0.08706517517566681
    ],
    [
      -0.006577712949365377,
      0.04976564273238182,
      0.004255273379385471,
      -0.02841811440885067,
      -0.00012706608686130494,
      0.0028143301606178284,
      -0.0311085507273674,
      0.04038325697183609,
      -0.025051400065422058,
      0.027717819437384605,
      0.030076947063207626,
      0.060944221913814545,
      0.03608951345086098,
      0.08619046956300735,
      0.045257728546857834,
      0.04517577588558197,
      0.08706517517566681,
      0.006579256150871515
    ]
  ],
  "covariance_short": [
    [
      45.338645935058594,
      12.6968412399292,
      12.727302551269531,
      4.573389530181885,
      14.011761665344238,
      11.95965576171875,
      17.255504608154297,
      12.5919828414917,
      14.801578521728516,
      12.696467399597168,
      11.210587501525879,
      6.830719947814941,
      6.275847911834717,
      2.248857021331787,
      7.090455532073975,
      0.16522707045078278,
      0.7837028503417969,
      -0.020523933693766594
    ],
    [
      12.6968412399292,
      20.92188262939453,
      5.243618488311768,
      5.207446575164795,
      3.7617337703704834,
      7.769728183746338,
      5.954356670379639,
      19.377546310424805,
      3.6938745975494385,
      15.45396900177002,
      3.4802234172821045,
      8.793844223022461,
      2.174682140350342,
      3.488430976867676,
      16.25278091430664,
      0.5292884707450867,
      4.611102104187012,
      0.034365568310022354
    ],
    [
      12.727302551269531,
      5.243618488311768,
      35.53984832763672,
      18.2431697845459,
      22.97842788696289,
      20.729084014892578,
      24.45804214477539,
      17.54374122619629,
      24.280317306518555,
      17.881006240844727,
      18.962825775146484,
      14.412693977355957,
      11.493310928344727,
      5.281529903411865,
      11.284181594848633,
      0.8833564519882202,
      3.3524327278137207,
      0.0034508155658841133
    ],
    [
      4.573389530181885,
      5.207446575164795,
      18.2431697845459,
      35.921836853027344,
      24.020278930664062,
      27.503658294677734,
      19.10858154296875,
      22.902721405029297,
      23.704484939575195,
      23.813810348510742,
      16.414356231689453,
      16.34970474243164,
      7.112595081329346,
      4.560691833496094,
      8.245468139648438,
      0.5241310000419617,
      2.882700204849243,
      -0.013015625067055225
    ],
    [
      14.011761665344238,
      3.7617337703704834,
      22.97842788696289,
      24.020278930664062,
      62.529666900634766,
      36.37954330444336,
      42.67546081542969,
      26.211034774780273,
      51.05528259277344,
      31.358226776123047,
      30.059080123901367,
      19.029197692871094,
      15.338801383972168,
      4.1661505699157715,
      9.28066349029541,
      0.3916371762752533,
      4.060262680053711,
      -0.010824080556631088
    ],
    [
      11.95965576171875,
      7.769728183746338,
      20.729084014892578,
      27.503658294677734,
      36.37954330444336,
      47.403560638427734,
      28.633729934692383,
      32.083770751953125,
      34.156673431396484,
      35.693119049072266,
      22.48076820373535,
      20.950927734375,
      11.40539264678955,
      6.520318984985352,
      15.9753999710083,
      1.033334493637085,
      6.396883964538574,
      0.014481904916465282
    ],
    [
      17.255504608154297,
      5.954356670379639,
      24.45804214477539,
      19.10858154296875,
      42.67546081542969,
      28.633729934692383,
      55.42352294921875,
      27.454256057739258,
      48.26822280883789,
      27.79009437561035,
      34.154502868652344,
      19.379026412963867,
      18.600906372070312,
      4.099918842315674,
      13.673060417175293,
      0.45719414949417114,
      6.128548622131348,
      -0.026207568123936653
    ],
    [
      12.5919828414917,
      19.377546310424805,
      17.54374122619629,
      22.902721405029297,
      26.211034774780273,
      32.083770751953125,
      27.454256057739258,
      57.84390640258789,
      27.854957580566406,
      46.75371551513672,
      20.79006004333496,
      28.08795166015625,
      10.240867614746094,
      8.236648559570312,
      37.595916748046875,
      1.0869016647338867,
      13.191161155700684,
      0.04701370745897293
    ],
    [
      14.801578521728516,
      3.6938745975494385,
      24.280317306518555,
      23.704484939575195,
      51.05528259277344,
      34.156673431396484,
      48.26822280883789,
      27.854957580566406,
      65.5085678100586,
      34.74488067626953,
      41.71271896362305,
      21.944751739501953,
      23.494558334350586,
      5.064152717590332,
      17.32772445678711,
      0.6589356064796448,
      10.46390151977539,
      0.002389695728197694
    ],
    [
      12.696467399597168,
      15.45396900177002,
      17.881006240844727,
      23.813810348510742,
      31.358226776123047,
      35.693119049072266,
      27.79009437561035,
      46.75371551513672,
      34.74488067626953,
      50.69611358642578,
      22.728269577026367,
      27.554656982421875,
      10.847073554992676,
      8.163446426391602,
      31.226131439208984,
      1.094395399093628,
      10.864616394042969,
      0.038530487567186356
    ],
    [
      11.210587501525879,
      3.4802234172821045,
      18.962825775146484,
      16.414356231689453,
      30.059080123901367,
      22.48076820373535,
      34.154502868652344,
      20.79006004333496,
      41.71271896362305,
      22.728269577026367,
      46.858951568603516,
      19.141481399536133,
      33.4012336730957,
      5.390454292297363,
      30.060619354248047,
      1.3800321817398071,
      24.656896591186523,
      0.044909920543432236
    ],
    [
      6.830719947814941,
      8.793844223022461,
      14.412693977355957,
      16.34970474243164,
      19.029197692871094,
      20.950927734375,
      19.379026412963867,
      28.08795166015625,
      21.944751739501953,
      27.554656982421875,
      19.141481399536133,
      22.09772491455078,
      9.897363662719727,
      7.1930623054504395,
      19.228792190551758,
      1.2472046613693237,
      7.276939392089844,
      0.0845564752817154
    ],
    [
      6.275847911834717,
      2.174682140350342,
      11.493310928344727,
      7.112595081329346,
      15.338801383972168,
      11.40539264678955,
      18.600906372070312,
      10.240867614746094,
      23.494558334350586,
      10.847073554992676,
      33.4012336730957,
      9.897363662719727,
      34.005001068115234,
      3.908838987350464,
      35.61878967285156,
      1.5409070253372192,
      30.733104705810547,
      0.045254454016685486
    ],
    [
      2.248857021331787,
      3.488430976867676,
      5.281529903411865,
      4.560691833496094,
      4.1661505699157715,
      6.520318984985352,
      4.099918842315674,
      8.236648559570312,
      5.064152717590332,
      8.163446426391602,
      5.390454292297363,
      7.1930623054504395,
      3.908838987350464,
      6.529579162597656,
      7.942676067352295,
      1.5525740385055542,
      3.3966188430786133,
      0.12131126970052719
    ],
    [
      7.090455532073975,
      16.25278091430664,
      11.284181594848633,
      8.245468139648438,
      9.28066349029541,
      15.9753999710083,
      13.673060417175293,
      37.595916748046875,
      17.32772445678711,
      31.226131439208984,
      30.060619354248047,
      19.228792190551758,
      35.61878967285156,
      7.942676067352295,
      76.14454650878906,
      2.516434907913208,
      46.3806266784668,
      0.09920033812522888
    ],
    [
      0.16522707045078278,
      0.5292884707450867,
      0.8833564519882202,
      0.5241310000419617,
      0.3916371762752533,
      1.033334493637085,
      0.45719414949417114,
      1.0869016647338867,
      0.6589356064796448,
      1.094395399093628,
      1.3800321817398071,
      1.2472046613693237,
      1.5409070253372192,
      1.5525740385055542,
      2.516434907913208,
      0.7596923112869263,
      1.7992514371871948,
      0.07765793800354004
    ],
    [
      0.7837028503417969,
      4.611102104187012,
      3.3524327278137207,
      2.882700204849243,
      4.060262680053711,
      6.396883964538574,
      6.128548622131348,
      13.191161155700684,
      10.46390151977539,
      10.864616394042969,
      24.656896591186523,
      7.276939392089844,
      30.733104705810547,
      3.3966188430786133,
      46.3806266784668,
      1.7992514371871948,
      41.39136505126953,
      0.0695754736661911
    ],
    [
      -0.020523933693766594,
      0.034365568310022354,
      0.0034508155658841133,
      -0.013015625067055225,
      -0.010824080556631088,
      0.014481904916465282,
      -0.026207568123936653,
      0.04701370745897293,
      0.002389695728197694,
      0.038530487567186356,
      0.044909920543432236,
      0.0845564752817154,
      0.045254454016685486,
      0.12131126970052719,
      0.09920033812522888,
      0.07765793800354004,
      0.0695754736661911,
      0.019434155896306038
    ]
  ],
  "damage": -10.986123085021973,
  "diff_bandwidth": 640.583740234375,
  "dissonance": 5.842445958853226,
  "drr": 8.281364440917969,
  "dynamics": 4.464787006378174,
  "format": 1245190,
  "frames": 2534336,
  "loudness": -18.18079948425293,
  "loudness_range": 13.229477882385254,
  "loudness_range_short": 14.49395751953125,
  "lowpass_true_peak_15khz": -1.8844496011734009,
  "mastering3_acoustic_entropies": [
    {
      "acoustic_entropy": 6.995887279510498,
      "acoustic_entropy_mono": 6.99731969833374,
      "band_eliminated_acoustic_entropies": [
        {
          "acoustic_entropy": 6.99370002746582,
          "acoustic_entropy_side": 6.995887279510498,
          "hz": 129.47220167065723
        },
        {
          "acoustic_entropy": 6.9825568199157715,
          "acoustic_entropy_side": 6.995886325836182,
          "hz": 202.92927478742237
        },
        {
          "acoustic_entropy": 7.147645950317383,
          "acoustic_entropy_side": 6.996055603027344,
          "hz": 282.89161906338205
        },
        {
          "acoustic_entropy": 6.79498291015625,
          "acoustic_entropy_side": 6.996243953704834,
          "hz": 369.9353335868758
        },
        {
          "acoustic_entropy": 6.77036714553833,
          "acoustic_entropy_side": 6.995826721191406,
          "hz": 464.6875360973435
        },
        {
          "acoustic_entropy": 7.345293998718262,
          "acoustic_entropy_side": 6.995943069458008,
          "hz": 567.8308811364784
        },
        {
          "acoustic_entropy": 7.349175453186035,
          "acoustic_entropy_side": 6.996520519256592,
          "hz": 680.1084783214808
        },
        {
          "acoustic_entropy": 6.876076698303223,
          "acoustic_entropy_side": 6.995264530181885,
          "hz": 802.3292461747484
        },
        {
          "acoustic_entropy": 7.1397881507873535,
          "acoustic_entropy_side": 6.996448516845703,
          "hz": 935.3737400823702
        },
        {
          "acoustic_entropy": 6.318931579589844,
          "acoustic_entropy_side": 6.996434211730957,
          "hz": 1080.2004963696966
        },
        {
          "acoustic_entropy": 6.85117769241333,
          "acoustic_entropy_side": 6.996306896209717,
          "hz": 1237.8529382007157
        },
        {
          "acoustic_entropy": 6.794977188110352,
          "acoustic_entropy_side": 6.99605655670166,
          "hz": 1409.4668930556702
        },
        {
          "acoustic_entropy": 7.274957656860352,
          "acoustic_entropy_side": 6.9958038330078125,
          "hz": 1596.2787759475705
        },
        {
          "acoustic_entropy": 6.774107456207275,
          "acoustic_entropy_side": 6.995816230773926,
          "hz": 1799.6344973346393
        },
        {
          "acoustic_entropy": 7.007107734680176,
          "acoustic_entropy_side": 6.995870590209961,
          "hz": 2020.9991599069049
        },
        {
          "acoustic_entropy": 7.139297962188721,
          "acoustic_entropy_side": 6.9958815574646,
          "hz": 2261.9676141086993
        },
        {
          "acoustic_entropy": 6.853926181793213,
          "acoustic_entropy_side": 6.995876789093018,
          "hz": 2524.2759484456974
        },
        {
          "acoustic_entropy": 7.22080135345459,
          "acoustic_entropy_side": 6.9958815574646,
          "hz": 2809.813997359896
        },
        {
          "acoustic_entropy": 7.143427848815918,
          "acoustic_entropy_side": 6.99588680267334,
          "hz": 3120.6389567871424
        },
        {
          "acoustic_entropy": 7.1303606033325195,
          "acoustic_entropy_side": 6.995885848999023,
          "hz": 3458.990205492291
        },
        {
          "acoustic_entropy": 7.15369987487793,
          "acoustic_entropy_side": 6.99588680267334,
          "hz": 3827.305438964164
        },
        {
          "acoustic_entropy": 7.1519975662231445,
          "acoustic_entropy_side": 6.995887279510498,
          "hz": 4228.238232109126
        },
        {
          "acoustic_entropy": 7.16152811050415,
          "acoustic_entropy_side": 6.995887279510498,
          "hz": 4664.6771572759235
        },
        {
          "acoustic_entropy": 7.193101406097412,
          "acoustic_entropy_side": 6.995887279510498,
          "hz": 5139.766595350093
        },
        {
          "acoustic_entropy": 7.157840728759766,
          "acoustic_entropy_side": 6.995887279510498,
          "hz": 5656.929389854203
        },
        {
          "acoustic_entropy": 7.154751300811768,
          "acoustic_entropy_side": 6.995887279510498,
          "hz": 6219.891507268283
        },
        {
          "acoustic_entropy": 7.204926490783691,
          "acoustic_entropy_side": 6.995887279510498,
          "hz": 6832.70888123896
        },
        {
          "acoustic_entropy": 7.159883975982666,
          "acoustic_entropy_side": 6.995887279510498,
          "hz": 7499.796634079867
        },
        {
          "acoustic_entropy": 7.121087551116943,
          "acoustic_entropy_side": 6.995887279510498,
          "hz": 8225.96088609342
        },
        {
          "acoustic_entropy": 7.083028793334961,
          "acoustic_entropy_side": 6.995887279510498,
          "hz": 9016.43338188839
        },
        {
          "acoustic_entropy": 7.0637006759643555,
          "acoustic_entropy_side": 6.995887279510498,
          "hz": 9876.909183162974
        },
        {
          "acoustic_entropy": 7.031564235687256,
          "acoustic_entropy_side": 6.995887279510498,
          "hz": 10813.587699516042
        },
        {
          "acoustic_entropy": 7.018765926361084,
          "acoustic_entropy_side": 6.995887279510498,
          "hz": 11833.21735289826
        },
        {
          "acoustic_entropy": 7.008067607879639,
          "acoustic_entropy_side": 6.995887279510498,
          "hz": 12943.144197493959
        },
        {
          "acoustic_entropy": 7.000095367431641,
          "acoustic_entropy_side": 6.995887279510498,
          "hz": 14151.364845322005
        },
        {
          "acoustic_entropy": 6.996452331542969,
          "acoustic_entropy_side": 6.995887279510498,
          "hz": 15466.58407886509
        },
        {
          "acoustic_entropy": 6.995924949645996,
          "acoustic_entropy_side": 6.995887279510498,
          "hz": 16898.27756580493
        },
        {
          "acoustic_entropy": 6.9958882331848145,
          "acoustic_entropy_side": 6.995887279510498,
          "hz": 18456.760127700032
        },
        {
          "acoustic_entropy": 6.995887279510498,
          "acoustic_entropy_side": 6.995887279510498,
          "hz": 20153.260054456492
        },
        {
          "acoustic_entropy": 6.995887279510498,
          "acoustic_entropy_side": 6.995887279510498,
          "hz": 22000.00000000001
        }
      ],
      "diff_acoustic_entropy": 6.454908847808838,
      "sn": 6
    },
    {
      "acoustic_entropy": 9.901809692382812,
      "acoustic_entropy_mono": 9.893028259277344,
      "band_eliminated_acoustic_entropies": [
        {
          "acoustic_entropy": 9.918593406677246,
          "acoustic_entropy_side": 9.901809692382812,
          "hz": 129.47220167065723
        },
        {
          "acoustic_entropy": 9.969803810119629,
          "acoustic_entropy_side": 9.901753425598145,
          "hz": 202.92927478742237
        },
        {
          "acoustic_entropy": 9.39224910736084,
          "acoustic_entropy_side": 9.899319648742676,
          "hz": 282.89161906338205
        },
        {
          "acoustic_entropy": 9.0433349609375,
          "acoustic_entropy_side": 9.895559310913086,
          "hz": 369.9353335868758
        },
        {
          "acoustic_entropy": 9.218703269958496,
          "acoustic_entropy_side": 9.902459144592285,
          "hz": 464.6875360973435
        },
        {
          "acoustic_entropy": 9.634198188781738,
          "acoustic_entropy_side": 9.902619361877441,
          "hz": 567.8308811364784
        },
        {
          "acoustic_entropy": 10.677292823791504,
          "acoustic_entropy_side": 9.913015365600586,
          "hz": 680.1084783214808
        },
        {
          "acoustic_entropy": 9.56028938293457,
          "acoustic_entropy_side": 9.894281387329102,
          "hz": 802.3292461747484
        },
        {
          "acoustic_entropy": 10.105380058288574,
          "acoustic_entropy_side": 9.912528038024902,
          "hz": 935.3737400823702
        },
        {
          "acoustic_entropy": 9.817749977111816,
          "acoustic_entropy_side": 9.911233901977539,
          "hz": 1080.2004963696966
        },
        {
          "acoustic_entropy": 9.189516067504883,
          "acoustic_entropy_side": 9.911226272583008,
          "hz": 1237.8529382007157
        },
        {
          "acoustic_entropy": 8.195045471191406,
          "acoustic_entropy_side": 9.90853214263916,
          "hz": 1409.4668930556702
        },
        {
          "acoustic_entropy": 9.505278587341309,
          "acoustic_entropy_side": 9.901226997375488,
          "hz": 1596.2787759475705
        },
        {
          "acoustic_entropy": 9.624711990356445,
          "acoustic_entropy_side": 9.901443481445312,
          "hz": 1799.6344973346393
        },
        {
          "acoustic_entropy": 9.570402145385742,
          "acoustic_entropy_side": 9.900626182556152,
          "hz": 2020.9991599069049
        },
        {
          "acoustic_entropy": 9.677998542785645,
          "acoustic_entropy_side": 9.900917053222656,
          "hz": 2261.9676141086993
        },
        {
          "acoustic_entropy": 9.750031471252441,
          "acoustic_entropy_side": 9.901739120483398,
          "hz": 2524.2759484456974
        },
        {
          "acoustic_entropy": 9.886860847473145,
          "acoustic_entropy_side": 9.901540756225586,
          "hz": 2809.813997359896
        },
        {
          "acoustic_entropy": 10.107230186462402,
          "acoustic_entropy_side": 9.901785850524902,
          "hz": 3120.6389567871424
        },
        {
          "acoustic_entropy": 9.960501670837402,
          "acoustic_entropy_side": 9.90169906616211,
          "hz": 3458.990205492291
        },
        {
          "acoustic_entropy": 10.034955024719238,
          "acoustic_entropy_side": 9.901772499084473,
          "hz": 3827.305438964164
        },
        {
          "acoustic_entropy": 10.036229133605957,
          "acoustic_entropy_side": 9.9017915725708,
          "hz": 4228.238232109126
        },
        {
          "acoustic_entropy": 10.066938400268555,
          "acoustic_entropy_side": 9.901803016662598,
          "hz": 4664.6771572759235
        },
        {
          "acoustic_entropy": 10.066076278686523,
          "acoustic_entropy_side": 9.901806831359863,
          "hz": 5139.766595350093
        },
        {
          "acoustic_entropy": 10.011628150939941,
          "acoustic_entropy_side": 9.901809692382812,
          "hz": 5656.929389854203
        },
        {
          "acoustic_entropy": 10.028685569763184,
          "acoustic_entropy_side": 9.901809692382812,
          "hz": 6219.891507268283
        },
        {
          "acoustic_entropy": 10.020416259765625,
          "acoustic_entropy_side": 9.901809692382812,
          "hz": 6832.70888123896
        },
        {
          "acoustic_entropy": 9.988737106323242,
          "acoustic_entropy_side": 9.901809692382812,
          "hz": 7499.796634079867
        },
        {
          "acoustic_entropy": 9.985365867614746,
          "acoustic_entropy_side": 9.901809692382812,
          "hz": 8225.96088609342
        },
        {
          "acoustic_entropy": 9.96555233001709,
          "acoustic_entropy_side": 9.901809692382812,
          "hz": 9016.43338188839
        },
        {
          "acoustic_entropy": 9.950970649719238,
          "acoustic_entropy_side": 9.901809692382812,
          "hz": 9876.909183162974
        },
        {
          "acoustic_entropy": 9.936422348022461,
          "acoustic_entropy_side": 9.901809692382812,
          "hz": 10813.587699516042
        },
        {
          "acoustic_entropy": 9.928596496582031,
          "acoustic_entropy_side": 9.901809692382812,
          "hz": 11833.21735289826
        },
        {
          "acoustic_entropy": 9.920048713684082,
          "acoustic_entropy_side": 9.901809692382812,
          "hz": 12943.144197493959
        },
        {
          "acoustic_entropy": 9.909469604492188,
          "acoustic_entropy_side": 9.901809692382812,
          "hz": 14151.364845322005
        },
        {
          "acoustic_entropy": 9.903048515319824,
          "acoustic_entropy_side": 9.901809692382812,
          "hz": 15466.58407886509
        },
        {
          "acoustic_entropy": 9.901915550231934,
          "acoustic_entropy_side": 9.901809692382812,
          "hz": 16898.27756580493
        },
        {
          "acoustic_entropy": 9.901810646057129,
          "acoustic_entropy_side": 9.901809692382812,
          "hz": 18456.760127700032
        },
        {
          "acoustic_entropy": 9.901809692382812,
          "acoustic_entropy_side": 9.901809692382812,
          "hz": 20153.260054456492
        },
        {
          "acoustic_entropy": 9.901809692382812,
          "acoustic_entropy_side": 9.901809692382812,
          "hz": 22000.00000000001
        }
      ],
      "diff_acoustic_entropy": 10.243274688720703,
      "sn": 12
    },
    {
      "acoustic_entropy": 14.413317680358887,
      "acoustic_entropy_mono": 13.761578559875488,
      "band_eliminated_acoustic_entropies": [
        {
          "acoustic_entropy": 14.638985633850098,
          "acoustic_entropy_side": 14.412981033325195,
          "hz": 129.47220167065723
        },
        {
          "acoustic_entropy": 14.916816711425781,
          "acoustic_entropy_side": 14.400042533874512,
          "hz": 202.92927478742237
        },
        {
          "acoustic_entropy": 14.486391067504883,
          "acoustic_entropy_side": 14.810850143432617,
          "hz": 282.89161906338205
        },
        {
          "acoustic_entropy": 14.31337833404541,
          "acoustic_entropy_side": 14.164776802062988,
          "hz": 369.9353335868758
        },
        {
          "acoustic_entropy": 14.715081214904785,
          "acoustic_entropy_side": 14.458702087402344,
          "hz": 464.6875360973435
        },
        {
          "acoustic_entropy": 15.062828063964844,
          "acoustic_entropy_side": 14.268030166625977,
          "hz": 567.8308811364784
        },
        {
          "acoustic_entropy": 15.381085395812988,
          "acoustic_entropy_side": 14.07356071472168,
          "hz": 680.1084783214808
        },
        {
          "acoustic_entropy": 14.246818542480469,
          "acoustic_entropy_side": 13.954769134521484,
          "hz": 802.3292461747484
        },
        {
          "acoustic_entropy": 14.692760467529297,
          "acoustic_entropy_side": 14.19347095489502,
          "hz": 935.3737400823702
        },
        {
          "acoustic_entropy": 14.741567611694336,
          "acoustic_entropy_side": 14.216060638427734,
          "hz": 1080.2004963696966
        },
        {
          "acoustic_entropy": 14.515387535095215,
          "acoustic_entropy_side": 14.268085479736328,
          "hz": 1237.8529382007157
        },
        {
          "acoustic_entropy": 13.22131061553955,
          "acoustic_entropy_side": 14.291955947875977,
          "hz": 1409.4668930556702
        },
        {
          "acoustic_entropy": 15.48790168762207,
          "acoustic_entropy_side": 14.622252464294434,
          "hz": 1596.2787759475705
        },
        {
          "acoustic_entropy": 14.603411674499512,
          "acoustic_entropy_side": 14.338547706604004,
          "hz": 1799.6344973346393
        },
        {
          "acoustic_entropy": 14.8522367477417,
          "acoustic_entropy_side": 14.291844367980957,
          "hz": 2020.9991599069049
        },
        {
          "acoustic_entropy": 14.02718734741211,
          "acoustic_entropy_side": 14.447467803955078,
          "hz": 2261.9676141086993
        },
        {
          "acoustic_entropy": 14.574828147888184,
          "acoustic_entropy_side": 14.401079177856445,
          "hz": 2524.2759484456974
        },
        {
          "acoustic_entropy": 14.559419631958008,
          "acoustic_entropy_side": 14.417401313781738,
          "hz": 2809.813997359896
        },
        {
