{
  "acoustic_entropy": 100.12042236328125,
  "bands": [
    {
      "high_freq": 148.1999969482422,
      "loudness": -57.33980178833008,
      "loudness_range": 21.727581024169922,
      "mid_mean": -55.30434799194336,
      "mid_to_side_loudness": -9.607087135314941,
      "mid_to_side_loudness_range": 6.570441246032715,
      "side_mean": -62.768978118896484
    },
    {
      "high_freq": 392.3793640136719,
      "loudness": -31.62639808654785,
      "loudness_range": 11.326955795288086,
      "low_freq": 148.1999969482422,
      "mid_mean": -29.771530151367188,
      "mid_to_side_loudness": -3.6334149837493896,
      "mid_to_side_loudness_range": 10.253300666809082,
      "side_mean": -34.87295150756836
    },
    {
      "high_freq": 794.6976318359375,
      "loudness": -31.877059936523438,
      "loudness_range": 11.452770233154297,
      "low_freq": 392.3793640136719,
      "mid_mean": -31.02732276916504,
      "mid_to_side_loudness": -0.7582866549491882,
      "mid_to_side_loudness_range": 8.236589431762695,
      "side_mean": -32.55997848510742
    },
    {
      "high_freq": 1457.5709228515625,
      "loudness": -39.50065612792969,
      "loudness_range": 8.242656707763672,
      "low_freq": 794.6976318359375,
      "mid_mean": -38.762943267822266,
      "mid_to_side_loudness": -1.1389439105987549,
      "mid_to_side_loudness_range": 5.1919379234313965,
      "side_mean": -40.104942321777344
    },
    {
      "high_freq": 2549.74365234375,
      "loudness": -43.29570388793945,
      "loudness_range": 9.203907012939453,
      "low_freq": 1457.5709228515625,
      "mid_mean": -50.929710388183594,
      "mid_to_side_loudness": -0.08902617543935776,
      "mid_to_side_loudness_range": 6.420228004455566,
      "side_mean": -50.80889892578125
    },
    {
      "high_freq": 4349.24462890625,
      "loudness": -51.387847900390625,
      "loudness_range": 12.297489166259766,
      "low_freq": 2549.74365234375,
      "mid_mean": -56.27602767944336,
      "mid_to_side_loudness": -1.046961784362793,
      "mid_to_side_loudness_range": 7.331244468688965,
      "side_mean": -57.43284225463867
    },
    {
      "high_freq": 7314.1640625,
      "loudness": -68.23731994628906,
      "loudness_range": 16.68561553955078,
      "low_freq": 4349.24462890625,
      "mid_mean": -66.21553802490234,
      "mid_to_side_loudness": -0.7230175733566284,
      "mid_to_side_loudness_range": 5.950238227844238,
      "side_mean": -66.90550231933594
    },
    {
      "high_freq": 12199.2666015625,
      "loudness": 0,
      "loudness_range": 0,
      "low_freq": 7314.1640625,
      "mid_mean": -69.93870544433594,
      "mid_to_side_loudness": 0.8824350833892822,
      "mid_to_side_loudness_range": 8.111932754516602,
      "side_mean": -69.95294952392578
    },
    {
      "loudness": 0,
      "loudness_range": 0,
      "low_freq": 12199.2666015625,
      "mid_mean": -69.99736022949219,
      "mid_to_side_loudness": 6.42062520980835,
      "mid_to_side_loudness_range": 8.11174488067627,
      "side_mean": -69.98936462402344
    }
  ],
  "bands_short": [
    {
      "high_freq": 148.1999969482422,
      "loudness": -61.03615951538086,
      "loudness_range": 23.204174041748047,
      "mid_mean": -58.167701721191406,
      "mid_to_side_loudness": -10.150911331176758,
      "mid_to_side_loudness_range": 14.076276779174805,
      "side_mean": -65.25684356689453
    },
    {
      "high_freq": 392.3793640136719,
      "loudness": -33.70866775512695,
      "loudness_range": 15.557348251342773,
      "low_freq": 148.1999969482422,
      "mid_mean": -32.998199462890625,
      "mid_to_side_loudness": -2.889540910720825,
      "mid_to_side_loudness_range": 14.305633544921875,
      "side_mean": -36.5703239440918
    },
    {
      "high_freq": 794.6976318359375,
      "loudness": -34.12181091308594,
      "loudness_range": 18.28230094909668,
      "low_freq": 392.3793640136719,
      "mid_mean": -33.96754837036133,
      "mid_to_side_loudness": -0.7241461873054504,
      "mid_to_side_loudness_range": 11.755278587341309,
      "side_mean": -35.47332763671875
    },
    {
      "high_freq": 1457.5709228515625,
      "loudness": -39.79810333251953,
      "loudness_range": 15.112997055053711,
      "low_freq": 794.6976318359375,
      "mid_mean": -40.04043197631836,
      "mid_to_side_loudness": -0.3146224915981293,
      "mid_to_side_loudness_range": 8.658506393432617,
      "side_mean": -40.323814392089844
    },
    {
      "high_freq": 2549.74365234375,
      "loudness": -45.34257125854492,
      "loudness_range": 16.375873565673828,
      "low_freq": 1457.5709228515625,
      "mid_mean": -52.518226623535156,
      "mid_to_side_loudness": 0.03462132066488266,
      "mid_to_side_loudness_range": 7.228262901306152,
      "side_mean": -52.30888366699219
    },
    {
      "high_freq": 4349.24462890625,
      "loudness": -54.34022903442383,
      "loudness_range": 19.9140625,
      "low_freq": 2549.74365234375,
      "mid_mean": -58.38148498535156,
      "mid_to_side_loudness": -0.40347471833229065,
      "mid_to_side_loudness_range": 8.136688232421875,
      "side_mean": -58.86065673828125
    },
    {
      "high_freq": 7314.1640625,
      "loudness": -71.10467529296875,
      "loudness_range": 22.404041290283203,
      "low_freq": 4349.24462890625,
      "mid_mean": -67.29869079589844,
      "mid_to_side_loudness": 0.016005486249923706,
      "mid_to_side_loudness_range": 8.147850036621094,
      "side_mean": -67.70442962646484
    },
    {
      "high_freq": 12199.2666015625,
      "loudness": 0,
      "loudness_range": 0,
      "low_freq": 7314.1640625,
      "mid_mean": -69.94044494628906,
      "mid_to_side_loudness": 1.7734194993972778,
      "mid_to_side_loudness_range": 6.16745662689209,
      "side_mean": -69.95329284667969
    },
    {
      "loudness": 0,
      "loudness_range": 0,
      "low_freq": 12199.2666015625,
      "mid_mean": -69.99725341796875,
      "mid_to_side_loudness": 9.837316513061523,
      "mid_to_side_loudness_range": 24.71013641357422,
      "side_mean": -69.98918914794922
    }
  ],
  "bandwidth": 537.4653930664062,
  "channels": 2,
  "covariance": [
    [
      68.62203216552734,
      40.393211364746094,
      12.90540885925293,
      14.004982948303223,
      13.882807731628418,
      13.771632194519043,
      16.93737030029297,
      17.800779342651367,
      102.17098999023438,
      102.11375427246094,
      79.5283203125,
      70.87918853759766,
      23.824451446533203,
      19.36473846435547,
      0.3860255777835846,
      0.25094419717788696,
      0.004785667173564434,
      -0.00520574115216732
    ],
    [
      40.393211364746094,
      25.314321517944336,
      7.982246398925781,
      9.485471725463867,
      9.89424991607666,
      9.961742401123047,
      11.507733345031738,
      11.675484657287598,
      60.64408493041992,
      60.32460021972656,
      47.78316879272461,
      42.42615509033203,
      14.446924209594727,
      11.813409805297852,
      0.22915583848953247,
      0.15022535622119904,
      0.002918947022408247,
      -0.0033816557843238115
    ],
    [
      12.90540885925293,
      7.982246398925781,
      29.996145248413086,
      21.238208770751953,
      10.493437767028809,
      8.687020301818848,
      18.953166961669922,
      17.85621452331543,
      23.884374618530273,
      20.926654815673828,
      18.13751983642578,
      15.08307933807373,
      8.016253471374512,
      8.934264183044434,
      0.23973265290260315,
      0.06540172547101974,
      0.002643296495079994,
      0.0030404941644519567
    ],
    [
      14.004982948303223,
      9.485471725463867,
      21.238208770751953,
      27.72304344177246,
      13.246355056762695,
      10.346212387084961,
      18.206283569335938,
      19.998008728027344,
      25.23567771911621,
      22.743093490600586,
      18.682575225830078,
      15.037778854370117,
      6.344513416290283,
      6.59684419631958,
      0.15027858316898346,
      0.03229328244924545,
      0.0027964336331933737,
      0.0026080261450260878
    ],
    [
      13.882807731628418,
      9.89424991607666,
      10.493437767028809,
      13.246355056762695,
      31.059152603149414,
      24.34207534790039,
      20.808382034301758,
      20.194679260253906,
      21.15130043029785,
      24.0384578704834,
      23.855195999145508,
      20.347091674804688,
      10.813565254211426,
      7.677646636962891,
      0.09025461971759796,
      0.09711677581071854,
      0.004022978246212006,
      0.005810012575238943
    ],
    [
      13.771632194519043,
      9.961742401123047,
      8.687020301818848,
      10.346212387084961,
      24.34207534790039,
      28.445602416992188,
      16.7967529296875,
      16.571029663085938,
      20.935184478759766,
      22.94498062133789,
      26.32672119140625,
      19.67819595336914,
      13.687933921813965,
      9.672333717346191,
      0.15141543745994568,
      0.09826643764972687,
      0.004262242000550032,
      0.006189812906086445
    ],
    [
      16.93737030029297,
      11.507733345031738,
      18.953166961669922,
      18.206283569335938,
      20.808382034301758,
      16.7967529296875,
      25.468759536743164,
      22.817420959472656,
      25.712268829345703,
      25.899728775024414,
      26.111797332763672,
      23.42902183532715,
      9.508031845092773,
      8.421387672424316,
      0.19093027710914612,
      0.1288602203130722,
      0.004778444766998291,
      0.0057925148867070675
    ],
    [
      17.800779342651367,
      11.675484657287598,
      17.85621452331543,
      19.998008728027344,
      20.194679260253906,
      16.571029663085938,
      22.817420959472656,
      28.165027618408203,
      26.328527450561523,
      28.96151351928711,
      27.542173385620117,
      24.51717758178711,
      10.437520980834961,
      8.716900825500488,
      0.14877204596996307,
      0.13453036546707153,
      0.0042624580673873425,
      0.005442738998681307
    ],
    [
      102.17098999023438,
      60.64408493041992,
      23.884374618530273,
      25.23567771911621,
      21.15130043029785,
      20.935184478759766,
      25.712268829345703,
      26.328527450561523,
      165.23757934570312,
      163.59568786621094,
      125.24354553222656,
      111.94707489013672,
      37.73647689819336,
      31.430910110473633,
      0.6462211012840271,
      0.37688812613487244,
      0.0051498147659003735,
      -0.013753396458923817
    ],
    [
      102.11375427246094,
      60.32460021972656,
      20.926654815673828,
      22.743093490600586,
      24.0384578704834,
      22.94498062133789,
      25.899728775024414,
      28.96151351928711,
      163.59568786621094,
      165.95021057128906,
      125.12581634521484,
      112.62474822998047,
      38.32782745361328,
      31.338748931884766,
      0.568282425403595,
      0.3817131221294403,
      0.004776415880769491,
      -0.01373864896595478
    ],
    [
      79.5283203125,
      47.78316879272461,
      18.13751983642578,
      18.682575225830078,
      23.855195999145508,
      26.32672119140625,
      26.111797332763672,
      27.542173385620117,
      125.24354553222656,
      125.12581634521484,
      103.2398910522461,
      90.22344970703125,
      34.2379264831543,
      27.968677520751953,
      0.554449737071991,
      0.3485952913761139,
      0.006125478073954582,
      -0.006409385707229376
    ],
    [
      70.87918853759766,
      42.42615509033203,
      15.08307933807373,
      15.037778854370117,
      20.347091674804688,
      19.67819595336914,
      23.42902183532715,
      24.51717758178711,
      111.94707489013672,
      112.62474822998047,
      90.22344970703125,
      82.08390045166016,
      28.26289939880371,
      23.196624755859375,
      0.48487022519111633,
      0.32369911670684814,
      0.005131347104907036,
      -0.006750490516424179
    ],
    [
      23.824451446533203,
      14.446924209594727,
      8.016253471374512,
      6.344513416290283,
      10.813565254211426,
      13.687933921813965,
      9.508031845092773,
      10.437520980834961,
      37.73647689819336,
      38.32782745361328,
      34.2379264831543,
      28.26289939880371,
      15.683942794799805,
      12.973079681396484,
      0.22389090061187744,
      0.13461953401565552,
      0.0027524461038410664,
      3.874860340147279e-05
    ],
    [
      19.36473846435547,
      11.813409805297852,
      8.934264183044434,
      6.59684419631958,
      7.677646636962891,
      9.672333717346191,
      8.421387672424316,
      8.716900825500488,
      31.430910110473633,
      31.338748931884766,
      27.968677520751953,
      23.196624755859375,
      12.973079681396484,
      11.750349998474121,
      0.20632244646549225,
      0.11746329814195633,
      0.002178963040933013,
      -0.0002954687224701047
    ],
    [
      0.3860255777835846,
      0.22915583848953247,
      0.23973265290260315,
      0.15027858316898346,
      0.09025461971759796,
      0.15141543745994568,
      0.19093027710914612,
      0.14877204596996307,
      0.6462211012840271,
      0.568282425403595,
      0.554449737071991,
      0.48487022519111633,
      0.22389090061187744,
      0.20632244646549225,
      0.009073414839804173,
      0.00362655078060925,
      7.309174543479457e-05,
      1.5169089238042943e-05
    ],
    [
      0.25094419717788696,
      0.15022535622119904,
      0.06540172547101974,
      0.03229328244924545,
      0.09711677581071854,
      0.09826643764972687,
      0.1288602203130722,
      0.13453036546707153,
      0.37688812613487244,
      0.3817131221294403,
      0.3485952913761139,
      0.32369911670684814,
      0.13461953401565552,
      0.11746329814195633,
      0.00362655078060925,
      0.002498401328921318,
      4.379337769933045e-05,
      1.8051785446004942e-05
    ],
    [
      0.004785667173564434,
      0.002918947022408247,
      0.002643296495079994,
      0.0027964336331933737,
      0.004022978246212006,
      0.004262242000550032,
      0.004778444766998291,
      0.0042624580673873425,
      0.0051498147659003735,
      0.004776415880769491,
      0.006125478073954582,
      0.005131347104907036,
      0.0027524461038410664,
      0.002178963040933013,
      7.309174543479457e-05,
      4.379337769933045e-05,
      2.456285983498674e-06,
      4.1819589569058735e-06
    ],
    [
      -0.00520574115216732,
      -0.0033816557843238115,
      0.0030404941644519567,
      0.0026080261450260878,
      0.005810012575238943,
      0.006189812906086445,
      0.0057925148867070675,
      0.005442738998681307,
      -0.013753396458923817,
      -0.01373864896595478,
      -0.006409385707229376,
      -0.006750490516424179,
      3.874860340147279e-05,
      -0.0002954687224701047,
      1.5169089238042943e-05,
      1.8051785446004942e-05,
      4.1819589569058735e-06,
      1.8607322999741882e-05
    ]
  ],
  "covariance_short": [
    [
      55.04778289794922,
      24.932701110839844,
      25.980144500732422,
      18.781360626220703,
      29.16663932800293,
      26.643754959106445,
      26.761428833007812,
      24.933822631835938,
      81.74552154541016,
      81.49174499511719,
      63.220272064208984,
      57.047401428222656,
      20.506135940551758,
      16.75870132446289,
      0.4869597554206848,
      0.3036392629146576,
      0.008228614926338196,
      0.0011715564178302884
    ],
    [
      24.932701110839844,
      16.35140609741211,
      13.179418563842773,
      11.588809967041016,
      14.92441177368164,
      13.95688247680664,
      13.788559913635254,
      13.259415626525879,
      40.77999496459961,
      40.10761260986328,
      31.113304138183594,
      28.46054458618164,
      9.765371322631836,
      8.062444686889648,
      0.23203425109386444,
      0.1377350240945816,
      0.003460871521383524,
      -0.00040927602094598114
    ],
    [
      25.980144500732422,
      13.179418563842773,
      63.376441955566406,
      38.227691650390625,
      41.21110916137695,
      32.78719711303711,
      40.636634826660156,
      37.28271484375,
      48.25768280029297,
      45.342376708984375,
      40.104671478271484,
      34.57967758178711,
      17.182344436645508,
      15.211714744567871,
      0.6003628969192505,
      0.26771047711372375,
      0.01014383602887392,
      0.011580252088606358
    ],
    [
      18.781360626220703,
      11.588809967041016,
      38.227691650390625,
      43.36962890625,
      32.45110321044922,
      25.409303665161133,
      29.688386917114258,
      30.629161834716797,
      38.08927536010742,
      35.400020599365234,
      28.994787216186523,
      24.486234664916992,
      9.277786254882812,
      8.203948020935059,
      0.3029443919658661,
      0.08980841934680939,
      0.004940164741128683,
      0.004749303683638573
    ],
    [
      29.16663932800293,
      14.92441177368164,
      41.21110916137695,
      32.45110321044922,
      73.82609558105469,
      54.720970153808594,
      52.568870544433594,
      50.117591857910156,
      52.138954162597656,
      52.30020523071289,
      52.3780517578125,
      43.947574615478516,
      25.48259735107422,
      19.82070541381836,
      0.5459485054016113,
      0.33665215969085693,
      0.012404591776430607,
      0.016532931476831436
    ],
    [
      26.643754959106445,
      13.95688247680664,
      32.78719711303711,
      25.409303665161133,
      54.720970153808594,
      57.49359893798828,
      42.3306884765625,
      40.66550064086914,
      46.1995735168457,
      46.18589401245117,
      48.014976501464844,
      39.154541015625,
      23.156734466552734,
      17.129945755004883,
      0.49950364232063293,
      0.2910376191139221,
      0.01003293227404356,
      0.01276021171361208
    ],
    [
      26.761428833007812,
      13.788559913635254,
      40.636634826660156,
      29.688386917114258,
      52.568870544433594,
      42.3306884765625,
      52.40712356567383,
      44.911399841308594,
      47.29759216308594,
      47.313350677490234,
      46.39583206176758,
      40.571136474609375,
      20.575454711914062,
      16.17899513244629,
      0.5077502727508545,
      0.32776468992233276,
      0.01147758960723877,
      0.01468835398554802
    ],
    [
      24.933822631835938,
      13.259415626525879,
      37.28271484375,
      30.629161834716797,
      50.117591857910156,
      40.66550064086914,
      44.911399841308594,
      52.21121597290039,
      46.37739562988281,
      47.841495513916016,
      43.60661697387695,
      38.31496047973633,
      18.82714080810547,
      14.62984561920166,
      0.38591769337654114,
      0.2863787114620209,
      0.00936347246170044,
      0.011826430447399616
    ],
    [
      81.74552154541016,
      40.77999496459961,
      48.25768280029297,
      38.08927536010742,
      52.138954162597656,
      46.1995735168457,
      47.29759216308594,
      46.37739562988281,
      155.87461853027344,
      154.15374755859375,
      114.10879516601562,
      105.4121322631836,
      34.36026382446289,
      28.576515197753906,
      0.8492286205291748,
      0.4984098970890045,
      0.01064914558082819,
      -0.0063437228091061115
    ],
    [
      81.49174499511719,
      40.10761260986328,
      45.342376708984375,
      35.400020599365234,
      52.30020523071289,
      46.18589401245117,
      47.313350677490234,
      47.841495513916016,
      154.15374755859375,
      157.03126525878906,
      113.93114471435547,
      105.89680480957031,
      34.51862716674805,
      28.524526596069336,
      0.7552808523178101,
      0.4983397126197815,
      0.009824991226196289,
      -0.007137061096727848
    ],
    [
      63.220272064208984,
      31.113304138183594,
      40.104671478271484,
      28.994787216186523,
      52.3780517578125,
      48.014976501464844,
      46.39583206176758,
      43.60661697387695,
      114.10879516601562,
      113.93114471435547,
      93.87074279785156,
      83.53495788574219,
      32.56291580200195,
      26.52341651916504,
      0.804374098777771,
      0.4950001835823059,
      0.01215276587754488,
      0.002216150052845478
    ],
    [
      57.047401428222656,
      28.46054458618164,
      34.57967758178711,
      24.486234664916992,
      43.947574615478516,
      39.154541015625,
      40.571136474609375,
      38.31496047973633,
      105.4121322631836,
      105.89680480957031,
      83.53495788574219,
      79.17469787597656,
      27.151395797729492,
      22.41708755493164,
      0.6782056093215942,
      0.44462722539901733,
      0.010357797145843506,
      0.00035946970456279814
    ],
    [
      20.506135940551758,
      9.765371322631836,
      17.182344436645508,
      9.277786254882812,
      25.48259735107422,
      23.156734466552734,
      20.575454711914062,
      18.82714080810547,
      34.36026382446289,
      34.51862716674805,
      32.56291580200195,
      27.151395797729492,
      17.152536392211914,
      13.588539123535156,
      0.4212980270385742,
      0.25152769684791565,
      0.0067372433841228485,
      0.005817256402224302
    ],
    [
      16.75870132446289,
      8.062444686889648,
      15.211714744567871,
      8.203948020935059,
      19.82070541381836,
      17.129945755004883,
      16.17899513244629,
      14.62984561920166,
      28.576515197753906,
      28.524526596069336,
      26.52341651916504,
      22.41708755493164,
      13.588539123535156,
      11.909012794494629,
      0.3564150929450989,
      0.2137775719165802,
      0.006098409183323383,
      0.004851627163589001
    ],
    [
      0.4869597554206848,
      0.23203425109386444,
      0.6003628969192505,
      0.3029443919658661,
      0.5459485054016113,
      0.49950364232063293,
      0.5077502727508545,
      0.38591769337654114,
      0.8492286205291748,
      0.7552808523178101,
      0.804374098777771,
      0.6782056093215942,
      0.4212980270385742,
      0.3564150929450989,
      0.025984076783061028,
      0.010597676038742065,
      0.00021314476907718927,
      0.00018420703418087214
    ],
    [
      0.3036392629146576,
      0.1377350240945816,
      0.26771047711372375,
      0.08980841934680939,
      0.33665215969085693,
      0.2910376191139221,
      0.32776468992233276,
      0.2863787114620209,
      0.4984098970890045,
      0.4983397126197815,
      0.4950001835823059,
      0.44462722539901733,
      0.25152769684791565,
      0.2137775719165802,
      0.010597676038742065,
      0.007755680475383997,
      0.00017751072300598025,
      0.0001756682468112558
    ],
    [
      0.008228614926338196,
      0.003460871521383524,
      0.01014383602887392,
      0.004940164741128683,
      0.012404591776430607,
      0.01003293227404356,
      0.01147758960723877,
      0.00936347246170044,
      0.01064914558082819,
      0.009824991226196289,
      0.01215276587754488,
      0.010357797145843506,
      0.0067372433841228485,
      0.006098409183323383,
      0.00021314476907718927,
      0.00017751072300598025,
      1.4116669262875803e-05,
      1.61362077051308e-05
    ],
    [
      0.0011715564178302884,
      -0.00040927602094598114,
      0.011580252088606358,
      0.004749303683638573,
      0.016532931476831436,
      0.01276021171361208,
      0.01468835398554802,
      0.011826430447399616,
      -0.0063437228091061115,
      -0.007137061096727848,
      0.002216150052845478,
      0.00035946970456279814,
      0.005817256402224302,
      0.004851627163589001,
      0.00018420703418087214,
      0.0001756682468112558,
      1.61362077051308e-05,
      3.8158261304488406e-05
    ]
  ],
  "damage": -15.676100730895996,
  "diff_bandwidth": 540.1123046875,
  "dissonance": 4.494116419149408,
  "drr": 4.604669094085693,
  "dynamics": 3.7611000537872314,
  "format": 1245190,
  "frames": 1144768,
  "loudness": -24.22077751159668,
  "loudness_range": 5.679391860961914,
  "loudness_range_short": 14.786920547485352,
  "lowpass_true_peak_15khz": -8.653291702270508,
  "mastering3_acoustic_entropies": [
    {
      "acoustic_entropy": 6.2422051429748535,
      "acoustic_entropy_mono": 5.405041694641113,
      "band_eliminated_acoustic_entropies": [
        {
          "acoustic_entropy": 6.2420125007629395,
          "acoustic_entropy_side": 6.242204189300537,
          "hz": 129.47220167065723
        },
        {
          "acoustic_entropy": 6.286937713623047,
          "acoustic_entropy_side": 6.243010997772217,
          "hz": 202.92927478742237
        },
        {
          "acoustic_entropy": 6.22116756439209,
          "acoustic_entropy_side": 6.319295406341553,
          "hz": 282.89161906338205
        },
        {
          "acoustic_entropy": 5.535556793212891,
          "acoustic_entropy_side": 6.18852424621582,
          "hz": 369.9353335868758
        },
        {
          "acoustic_entropy": 6.11376428604126,
          "acoustic_entropy_side": 6.654714584350586,
          "hz": 464.6875360973435
        },
        {
          "acoustic_entropy": 6.412463665008545,
          "acoustic_entropy_side": 5.930593490600586,
          "hz": 567.8308811364784
        },
        {
          "acoustic_entropy": 5.330955982208252,
          "acoustic_entropy_side": 6.279891014099121,
          "hz": 680.1084783214808
        },
        {
          "acoustic_entropy": 5.505041599273682,
          "acoustic_entropy_side": 5.9101128578186035,
          "hz": 802.3292461747484
        },
        {
          "acoustic_entropy": 5.983765602111816,
          "acoustic_entropy_side": 6.006682395935059,
          "hz": 935.3737400823702
        },
        {
          "acoustic_entropy": 6.346434116363525,
          "acoustic_entropy_side": 6.288278579711914,
          "hz": 1080.2004963696966
        },
        {
          "acoustic_entropy": 6.487796306610107,
          "acoustic_entropy_side": 6.388845920562744,
          "hz": 1237.8529382007157
        },
        {
          "acoustic_entropy": 6.076803684234619,
          "acoustic_entropy_side": 6.148171424865723,
          "hz": 1409.4668930556702
        },
        {
          "acoustic_entropy": 6.333535671234131,
          "acoustic_entropy_side": 6.153505802154541,
          "hz": 1596.2787759475705
        },
        {
          "acoustic_entropy": 6.08292293548584,
          "acoustic_entropy_side": 6.270371437072754,
          "hz": 1799.6344973346393
        },
        {
          "acoustic_entropy": 6.213318824768066,
          "acoustic_entropy_side": 6.249347686767578,
          "hz": 2020.9991599069049
        },
        {
          "acoustic_entropy": 6.1998138427734375,
          "acoustic_entropy_side": 6.202949047088623,
          "hz": 2261.9676141086993
        },
        {
          "acoustic_entropy": 6.203071117401123,
          "acoustic_entropy_side": 6.225040435791016,
          "hz": 2524.2759484456974
        },
        {
          "acoustic_entropy": 6.217581272125244,
          "acoustic_entropy_side": 6.238950252532959,
          "hz": 2809.813997359896
        },
        {
          "acoustic_entropy": 6.22112512588501,
          "acoustic_entropy_side": 6.238027095794678,
          "hz": 3120.6389567871424
        },
        {
          "acoustic_entropy": 6.241539478302002,
          "acoustic_entropy_side": 6.2374138832092285,
          "hz": 3458.990205492291
        },
        {
          "acoustic_entropy": 6.229816436767578,
          "acoustic_entropy_side": 6.229999542236328,
          "hz": 3827.305438964164
        },
        {
          "acoustic_entropy": 6.229816913604736,
          "acoustic_entropy_side": 6.230962753295898,
          "hz": 4228.238232109126
        },
        {
          "acoustic_entropy": 6.2419328689575195,
          "acoustic_entropy_side": 6.241994857788086,
          "hz": 4664.6771572759235
        },
        {
          "acoustic_entropy": 6.242239475250244,
          "acoustic_entropy_side": 6.242233753204346,
          "hz": 5139.766595350093
        },
        {
          "acoustic_entropy": 6.242181301116943,
          "acoustic_entropy_side": 6.242189884185791,
          "hz": 5656.929389854203
        },
        {
          "acoustic_entropy": 6.2421956062316895,
          "acoustic_entropy_side": 6.2421979904174805,
          "hz": 6219.891507268283
        },
        {
          "acoustic_entropy": 6.2421956062316895,
          "acoustic_entropy_side": 6.242196083068848,
          "hz": 6832.70888123896
        },
        {
          "acoustic_entropy": 6.242203235626221,
          "acoustic_entropy_side": 6.242203712463379,
          "hz": 7499.796634079867
        },
        {
          "acoustic_entropy": 6.242204666137695,
          "acoustic_entropy_side": 6.2422051429748535,
          "hz": 8225.96088609342
        },
        {
          "acoustic_entropy": 6.2422051429748535,
          "acoustic_entropy_side": 6.2422051429748535,
          "hz": 9016.43338188839
        },
        {
          "acoustic_entropy": 6.2422051429748535,
          "acoustic_entropy_side": 6.2422051429748535,
          "hz": 9876.909183162974
        },
        {
          "acoustic_entropy": 6.2422051429748535,
          "acoustic_entropy_side": 6.2422051429748535,
          "hz": 10813.587699516042
        },
        {
          "acoustic_entropy": 6.2422051429748535,
          "acoustic_entropy_side": 6.2422051429748535,
          "hz": 11833.21735289826
        },
        {
          "acoustic_entropy": 6.2422051429748535,
          "acoustic_entropy_side": 6.2422051429748535,
          "hz": 12943.144197493959
        },
        {
          "acoustic_entropy": 6.2422051429748535,
          "acoustic_entropy_side": 6.2422051429748535,
          "hz": 14151.364845322005
        },
        {
          "acoustic_entropy": 6.2422051429748535,
          "acoustic_entropy_side": 6.2422051429748535,
          "hz": 15466.58407886509
        },
        {
          "acoustic_entropy": 6.2422051429748535,
          "acoustic_entropy_side": 6.2422051429748535,
          "hz": 16898.27756580493
        },
        {
          "acoustic_entropy": 6.2422051429748535,
          "acoustic_entropy_side": 6.2422051429748535,
          "hz": 18456.760127700032
        },
        {
          "acoustic_entropy": 6.2422051429748535,
          "acoustic_entropy_side": 6.2422051429748535,
          "hz": 20153.260054456492
        },
        {
          "acoustic_entropy": 6.2422051429748535,
          "acoustic_entropy_side": 6.2422051429748535,
          "hz": 22000.00000000001
        }
      ],
      "diff_acoustic_entropy": 4.60284423828125,
      "sn": 6
    },
    {
      "acoustic_entropy": 8.789505958557129,
      "acoustic_entropy_mono": 7.253085136413574,
      "band_eliminated_acoustic_entropies": [
        {
          "acoustic_entropy": 8.789748191833496,
          "acoustic_entropy_side": 8.789496421813965,
          "hz": 129.47220167065723
        },
        {
          "acoustic_entropy": 8.753824234008789,
          "acoustic_entropy_side": 8.771441459655762,
          "hz": 202.92927478742237
        },
        {
          "acoustic_entropy": 8.636292457580566,
          "acoustic_entropy_side": 8.729436874389648,
          "hz": 282.89161906338205
        },
        {
          "acoustic_entropy": 8.073324203491211,
          "acoustic_entropy_side": 8.92127799987793,
          "hz": 369.9353335868758
        },
        {
          "acoustic_entropy": 8.071860313415527,
          "acoustic_entropy_side": 9.06147289276123,
          "hz": 464.6875360973435
        },
        {
          "acoustic_entropy": 9.293693542480469,
          "acoustic_entropy_side": 8.599452018737793,
          "hz": 567.8308811364784
        },
        {
          "acoustic_entropy": 8.511963844299316,
          "acoustic_entropy_side": 8.977375984191895,
          "hz": 680.1084783214808
        },
        {
          "acoustic_entropy": 7.869844436645508,
          "acoustic_entropy_side": 8.279410362243652,
          "hz": 802.3292461747484
        },
        {
          "acoustic_entropy": 8.282938957214355,
          "acoustic_entropy_side": 8.54383373260498,
          "hz": 935.3737400823702
        },
        {
          "acoustic_entropy": 9.137426376342773,
          "acoustic_entropy_side": 8.865276336669922,
          "hz": 1080.2004963696966
        },
        {
          "acoustic_entropy": 8.932538032531738,
          "acoustic_entropy_side": 8.801880836486816,
          "hz": 1237.8529382007157
        },
        {
          "acoustic_entropy": 8.372642517089844,
          "acoustic_entropy_side": 8.550162315368652,
          "hz": 1409.4668930556702
        },
        {
          "acoustic_entropy": 8.292463302612305,
          "acoustic_entropy_side": 8.816876411437988,
          "hz": 1596.2787759475705
        },
        {
          "acoustic_entropy": 8.728090286254883,
          "acoustic_entropy_side": 8.73498249053955,
          "hz": 1799.6344973346393
        },
        {
          "acoustic_entropy": 8.636941909790039,
          "acoustic_entropy_side": 8.661051750183105,
          "hz": 2020.9991599069049
        },
        {
          "acoustic_entropy": 8.6647367477417,
          "acoustic_entropy_side": 8.712677955627441,
          "hz": 2261.9676141086993
        },
        {
          "acoustic_entropy": 8.711088180541992,
          "acoustic_entropy_side": 8.799651145935059,
          "hz": 2524.2759484456974
        },
        {
          "acoustic_entropy": 8.734353065490723,
          "acoustic_entropy_side": 8.754867553710938,
          "hz": 2809.813997359896
        },
        {
          "acoustic_entropy": 8.81862735748291,
          "acoustic_entropy_side": 8.761982917785645,
          "hz": 3120.6389567871424
        },
        {
          "acoustic_entropy": 8.799124717712402,
          "acoustic_entropy_side": 8.781475067138672,
          "hz": 3458.990205492291
        },
        {
          "acoustic_entropy": 8.762635231018066,
          "acoustic_entropy_side": 8.773353576660156,
          "hz": 3827.305438964164
        },
        {
          "acoustic_entropy": 8.7708740234375,
          "acoustic_entropy_side": 8.773724555969238,
          "hz": 4228.238232109126
        },
        {
          "acoustic_entropy": 8.789753913879395,
          "acoustic_entropy_side": 8.789864540100098,
          "hz": 4664.6771572759235
        },
        {
          "acoustic_entropy": 8.788583755493164,
          "acoustic_entropy_side": 8.789262771606445,
          "hz": 5139.766595350093
        },
        {
          "acoustic_entropy": 8.789216041564941,
          "acoustic_entropy_side": 8.78937816619873,
          "hz": 5656.929389854203
        },
        {
          "acoustic_entropy": 8.789444923400879,
          "acoustic_entropy_side": 8.78946590423584,
          "hz": 6219.891507268283
        },
        {
          "acoustic_entropy": 8.789484024047852,
          "acoustic_entropy_side": 8.789485931396484,
          "hz": 6832.70888123896
        },
        {
          "acoustic_entropy": 8.789504051208496,
          "acoustic_entropy_side": 8.789504051208496,
          "hz": 7499.796634079867
        },
        {
          "acoustic_entropy": 8.789505958557129,
          "acoustic_entropy_side": 8.789505958557129,
          "hz": 8225.96088609342
        },
        {
          "acoustic_entropy": 8.789505958557129,
          "acoustic_entropy_side": 8.789505958557129,
          "hz": 9016.43338188839
        },
        {
          "acoustic_entropy": 8.789505958557129,
          "acoustic_entropy_side": 8.789505958557129,
          "hz": 9876.909183162974
        },
        {
          "acoustic_entropy": 8.789505958557129,
          "acoustic_entropy_side": 8.789505958557129,
          "hz": 10813.587699516042
        },
        {
          "acoustic_entropy": 8.789505958557129,
          "acoustic_entropy_side": 8.789505958557129,
          "hz": 11833.21735289826
        },
        {
          "acoustic_entropy": 8.789505958557129,
          "acoustic_entropy_side": 8.789505958557129,
          "hz": 12943.144197493959
        },
        {
          "acoustic_entropy": 8.789505958557129,
          "acoustic_entropy_side": 8.789505958557129,
          "hz": 14151.364845322005
        },
        {
          "acoustic_entropy": 8.789505958557129,
          "acoustic_entropy_side": 8.789505958557129,
          "hz": 15466.58407886509
        },
        {
          "acoustic_entropy": 8.789505958557129,
          "acoustic_entropy_side": 8.789505958557129,
          "hz": 16898.27756580493
        },
        {
          "acoustic_entropy": 8.789505958557129,
          "acoustic_entropy_side": 8.789505958557129,
          "hz": 18456.760127700032
        },
        {
          "acoustic_entropy": 8.789505958557129,
          "acoustic_entropy_side": 8.789505958557129,
          "hz": 20153.260054456492
        },
        {
          "acoustic_entropy": 8.789505958557129,
          "acoustic_entropy_side": 8.789505958557129,
          "hz": 22000.00000000001
        }
      ],
      "diff_acoustic_entropy": 7.026260852813721,
      "sn": 12
    },
    {
      "acoustic_entropy": 11.053674697875977,
      "acoustic_entropy_mono": 9.396000862121582,
      "band_eliminated_acoustic_entropies": [
        {
          "acoustic_entropy": 11.062742233276367,
          "acoustic_entropy_side": 11.053189277648926,
          "hz": 129.47220167065723
        },
        {
          "acoustic_entropy": 11.124288558959961,
          "acoustic_entropy_side": 10.979620933532715,
          "hz": 202.92927478742237
        },
        {
          "acoustic_entropy": 11.45210075378418,
          "acoustic_entropy_side": 10.812028884887695,
          "hz": 282.89161906338205
        },
        {
          "acoustic_entropy": 11.173415184020996,
          "acoustic_entropy_side": 11.170797348022461,
          "hz": 369.9353335868758
        },
        {
          "acoustic_entropy": 10.747923851013184,
          "acoustic_entropy_side": 10.794991493225098,
          "hz": 464.6875360973435
        },
        {
          "acoustic_entropy": 12.171216011047363,
          "acoustic_entropy_side": 11.066813468933105,
          "hz": 567.8308811364784
        },
        {
          "acoustic_entropy": 11.305229187011719,
          "acoustic_entropy_side": 11.361233711242676,
          "hz": 680.1084783214808
        },
        {
          "acoustic_entropy": 11.004276275634766,
          "acoustic_entropy_side": 11.276897430419922,
          "hz": 802.3292461747484
        },
        {
          "acoustic_entropy": 11.243718147277832,
          "acoustic_entropy_side": 11.403322219848633,
          "hz": 935.3737400823702
        },
        {
          "acoustic_entropy": 11.271560668945312,
          "acoustic_entropy_side": 11.42023754119873,
          "hz": 1080.2004963696966
        },
        {
          "acoustic_entropy": 10.943007469177246,
          "acoustic_entropy_side": 10.858542442321777,
          "hz": 1237.8529382007157
        },
        {
          "acoustic_entropy": 11.506213188171387,
          "acoustic_entropy_side": 11.174386978149414,
          "hz": 1409.4668930556702
        },
        {
          "acoustic_entropy": 10.980660438537598,
          "acoustic_entropy_side": 10.950008392333984,
          "hz": 1596.2787759475705
        },
        {
          "acoustic_entropy": 11.317614555358887,
          "acoustic_entropy_side": 11.171171188354492,
          "hz": 1799.6344973346393
        },
        {
          "acoustic_entropy": 11.042155265808105,
          "acoustic_entropy_side": 10.953512191772461,
          "hz": 2020.9991599069049
        },
        {
          "acoustic_entropy": 10.904679298400879,
          "acoustic_entropy_side": 11.089075088500977,
          "hz": 2261.9676141086993
        },
        {
          "acoustic_entropy": 11.117207527160645,
