{
  "acoustic_entropy": 109.8582992553711,
  "bands": [
    {
      "high_freq": 148.1999969482422,
      "loudness": -31.124507904052734,
      "loudness_range": 22.686634063720703,
      "mid_mean": -27.503095626831055,
      "mid_to_side_loudness": 0,
      "mid_to_side_loudness_range": 0,
      "side_mean": -70
    },
    {
      "high_freq": 392.3793640136719,
      "loudness": -33.20439529418945,
      "loudness_range": 18.238563537597656,
      "low_freq": 148.1999969482422,
      "mid_mean": -29.522924423217773,
      "mid_to_side_loudness": -34.10775375366211,
      "mid_to_side_loudness_range": 34.48355484008789,
      "side_mean": -70
    },
    {
      "high_freq": 794.6976318359375,
      "loudness": -37.32432174682617,
      "loudness_range": 23.731964111328125,
      "low_freq": 392.3793640136719,
      "mid_mean": -33.672752380371094,
      "mid_to_side_loudness": -25.93434715270996,
      "mid_to_side_loudness_range": 25.63323974609375,
      "side_mean": -70
    },
    {
      "high_freq": 1457.5709228515625,
      "loudness": -42.0032958984375,
      "loudness_range": 26.09319496154785,
      "low_freq": 794.6976318359375,
      "mid_mean": -38.459320068359375,
      "mid_to_side_loudness": -21.509750366210938,
      "mid_to_side_loudness_range": 19.26473045349121,
      "side_mean": -70
    },
    {
      "high_freq": 2549.74365234375,
      "loudness": -51.788692474365234,
      "loudness_range": 27.43852996826172,
      "low_freq": 1457.5709228515625,
      "mid_mean": -48.58967208862305,
      "mid_to_side_loudness": -16.953012466430664,
      "mid_to_side_loudness_range": 15.173897743225098,
      "side_mean": -70
    },
    {
      "high_freq": 4349.24462890625,
      "loudness": -53.40930938720703,
      "loudness_range": 22.137466430664062,
      "low_freq": 2549.74365234375,
      "mid_mean": -49.78250503540039,
      "mid_to_side_loudness": -15.511669158935547,
      "mid_to_side_loudness_range": 13.655850410461426,
      "side_mean": -70
    },
    {
      "high_freq": 7314.1640625,
      "loudness": -51.95531463623047,
      "loudness_range": 19.376728057861328,
      "low_freq": 4349.24462890625,
      "mid_mean": -48.14582061767578,
      "mid_to_side_loudness": -21.72757339477539,
      "mid_to_side_loudness_range": 25.668455123901367,
      "side_mean": -70
    },
    {
      "high_freq": 12199.2666015625,
      "loudness": -47.72735595703125,
      "loudness_range": 22.704586029052734,
      "low_freq": 7314.1640625,
      "mid_mean": -43.965904235839844,
      "mid_to_side_loudness": -18.618846893310547,
      "mid_to_side_loudness_range": 16.786863327026367,
      "side_mean": -70
    },
    {
      "loudness": -55.713470458984375,
      "loudness_range": 11.272178649902344,
      "low_freq": 12199.2666015625,
      "mid_mean": -52.11098861694336,
      "mid_to_side_loudness": -25.718294143676758,
      "mid_to_side_loudness_range": 41.162052154541016,
      "side_mean": -70
    }
  ],
  "bands_short": [
    {
      "high_freq": 148.1999969482422,
      "loudness": -34.71525955200195,
      "loudness_range": 28.53411102294922,
      "mid_mean": -31.092140197753906,
      "mid_to_side_loudness": -74.32634735107422,
      "mid_to_side_loudness_range": 80.25775146484375,
      "side_mean": -70
    },
    {
      "high_freq": 392.3793640136719,
      "loudness": -32.61697006225586,
      "loudness_range": 21.459449768066406,
      "low_freq": 148.1999969482422,
      "mid_mean": -28.936138153076172,
      "mid_to_side_loudness": -31.633115768432617,
      "mid_to_side_loudness_range": 38.618011474609375,
      "side_mean": -70
    },
    {
      "high_freq": 794.6976318359375,
      "loudness": -38.60730743408203,
      "loudness_range": 25.915409088134766,
      "low_freq": 392.3793640136719,
      "mid_mean": -34.98183059692383,
      "mid_to_side_loudness": -26.081384658813477,
      "mid_to_side_loudness_range": 32.52973175048828,
      "side_mean": -70
    },
    {
      "high_freq": 1457.5709228515625,
      "loudness": -41.769840240478516,
      "loudness_range": 27.065519332885742,
      "low_freq": 794.6976318359375,
      "mid_mean": -38.252193450927734,
      "mid_to_side_loudness": -14.409717559814453,
      "mid_to_side_loudness_range": 24.718069076538086,
      "side_mean": -70
    },
    {
      "high_freq": 2549.74365234375,
      "loudness": -53.16279220581055,
      "loudness_range": 28.194416046142578,
      "low_freq": 1457.5709228515625,
      "mid_mean": -50.2985954284668,
      "mid_to_side_loudness": -13.650264739990234,
      "mid_to_side_loudness_range": 26.08038330078125,
      "side_mean": -70
    },
    {
      "high_freq": 4349.24462890625,
      "loudness": -54.7526741027832,
      "loudness_range": 23.43545913696289,
      "low_freq": 2549.74365234375,
      "mid_mean": -51.114925384521484,
      "mid_to_side_loudness": -12.213988304138184,
      "mid_to_side_loudness_range": 23.714111328125,
      "side_mean": -70
    },
    {
      "high_freq": 7314.1640625,
      "loudness": -53.34258270263672,
      "loudness_range": 21.299739837646484,
      "low_freq": 4349.24462890625,
      "mid_mean": -49.524818420410156,
      "mid_to_side_loudness": -17.07389259338379,
      "mid_to_side_loudness_range": 29.132963180541992,
      "side_mean": -70
    },
    {
      "high_freq": 12199.2666015625,
      "loudness": -49.715667724609375,
      "loudness_range": 24.486732482910156,
      "low_freq": 7314.1640625,
      "mid_mean": -45.934120178222656,
      "mid_to_side_loudness": -14.908949851989746,
      "mid_to_side_loudness_range": 24.6654052734375,
      "side_mean": -70
    },
    {
      "loudness": -56.0225830078125,
      "loudness_range": 12.26590347290039,
      "low_freq": 12199.2666015625,
      "mid_mean": -52.418453216552734,
      "mid_to_side_loudness": -17.363309860229492,
      "mid_to_side_loudness_range": 29.06438446044922,
      "side_mean": -70
    }
  ],
  "bandwidth": 334.68194580078125,
  "channels": 2,
  "covariance": [
    [
      64.16765594482422,
      0,
      24.766460418701172,
      0,
      14.353837966918945,
      0,
      13.24488639831543,
      0,
      16.522857666015625,
      0,
      8.24736499786377,
      0,
      6.636504650115967,
      0,
      6.777166843414307,
      0,
      3.2684097290039062,
      0
    ],
    [
      0,
      0,
      0,
      0,
      0,
      0,
      0,
      0,
      0,
      0,
      0,
      0,
      0,
      0,
      0,
      0,
      0,
      0
    ],
    [
      24.766460418701172,
      0,
      41.307701110839844,
      0,
      26.94338035583496,
      0,
      26.419052124023438,
      0,
      30.80035972595215,
      0,
      20.21810531616211,
      0,
      15.470279693603516,
      0,
      16.221393585205078,
      0,
      7.6245646476745605,
      0
    ],
    [
      0,
      0,
      0,
      0,
      0,
      0,
      0,
      0,
      0,
      0,
      0,
      0,
      0,
      0,
      0,
      0,
      0,
      0
    ],
    [
      14.353837966918945,
      0,
      26.94338035583496,
      0,
      68.77131652832031,
      0,
      64.16797637939453,
      0,
      63.87520217895508,
      0,
      43.99874496459961,
      0,
      23.918777465820312,
      0,
      24.994091033935547,
      0,
      10.050621032714844,
      0
    ],
    [
      0,
      0,
      0,
      0,
      0,
      2.975851715655148e-14,
      0,
      7.43962928913787e-14,
      0,
      1.9343036829384819e-13,
      0,
      4.91015539859363e-13,
      0,
      5.654118124219509e-13,
      0,
      9.969103450732653e-13,
      -6.974469357601265e-08,
      5.207740705684416e-13
    ],
    [
      13.24488639831543,
      0,
      26.419052124023438,
      0,
      64.16797637939453,
      0,
      83.98004150390625,
      0,
      69.97103881835938,
      0,
      47.60274124145508,
      0,
      22.441394805908203,
      0,
      23.50106430053711,
      0,
      8.832703590393066,
      0
    ],
    [
      0,
      0,
      0,
      0,
      0,
      7.43962928913787e-14,
      0,
      2.0830962009586035e-13,
      0,
      5.207740705684416e-13,
      0,
      1.3540126051619916e-12,
      0,
      1.4879258849326282e-12,
      0,
      2.767542054901706e-12,
      -2.0925646992964175e-07,
      1.473046619578089e-12
    ],
    [
      16.522857666015625,
      0,
      30.80035972595215,
      0,
      63.87520217895508,
      0,
      69.97103881835938,
      0,
      86.58783721923828,
      0,
      59.40968322753906,
      0,
      31.588258743286133,
      0,
      32.272464752197266,
      0,
      11.479049682617188,
      0
    ],
    [
      0,
      0,
      0,
      0,
      0,
      1.9343036829384819e-13,
      0,
      5.207740705684416e-13,
      0,
      1.324254074452913e-12,
      0,
      3.4073503567266794e-12,
      0,
      3.823969352972911e-12,
      0,
      6.9486139932239954e-12,
      -5.231219120105379e-07,
      3.675176916267953e-12
    ],
    [
      8.24736499786377,
      0,
      20.21810531616211,
      0,
      43.99874496459961,
      0,
      47.60274124145508,
      0,
      59.40968322753906,
      0,
      57.320655822753906,
      0,
      38.714237213134766,
      0,
      40.037498474121094,
      0,
      16.482025146484375,
      0
    ],
    [
      0,
      0,
      0,
      0,
      0,
      4.91015539859363e-13,
      0,
      1.3540126051619916e-12,
      0,
      3.4073503567266794e-12,
      0,
      8.838279934308968e-12,
      0,
      9.850069544736773e-12,
      0,
      1.804854182774207e-11,
      -1.3949406820756849e-06,
      9.567363394580308e-12
    ],
    [
      6.636504650115967,
      0,
      15.470279693603516,
      0,
      23.918777465820312,
      0,
      22.441394805908203,
      0,
      31.588258743286133,
      0,
      38.714237213134766,
      0,
      45.926151275634766,
      0,
      51.08334732055664,
      0,
      20.098159790039062,
      0
    ],
    [
      0,
      0,
      0,
      0,
      0,
      5.654118124219509e-13,
      0,
      1.4879258849326282e-12,
      0,
      3.823969352972911e-12,
      0,
      9.850069544736773e-12,
      0,
      1.1486788083214794e-11,
      0,
      2.005724059062075e-11,
      -1.6735471035644878e-06,
      1.0489877196040442e-11
    ],
    [
      6.777166843414307,
      0,
      16.221393585205078,
      0,
      24.994091033935547,
      0,
      23.50106430053711,
      0,
      32.272464752197266,
      0,
      40.037498474121094,
      0,
      51.08334732055664,
      0,
      62.08753967285156,
      0,
      23.747766494750977,
      0
    ],
    [
      0,
      0,
      0,
      0,
      0,
      9.969103450732653e-13,
      0,
      2.767542054901706e-12,
      0,
      6.9486139932239954e-12,
      0,
      1.804854182774207e-11,
      0,
      2.005724059062075e-11,
      0,
      3.6870805020239317e-11,
      -2.8596484753506957e-06,
      1.956622537602204e-11
    ],
    [
      3.2684097290039062,
      0,
      7.6245646476745605,
      0,
      10.050621032714844,
      -6.974469357601265e-08,
      8.832703590393066,
      -2.0925646992964175e-07,
      11.479049682617188,
      -5.231219120105379e-07,
      16.482025146484375,
      -1.3949406820756849e-06,
      20.098159790039062,
      -1.6735471035644878e-06,
      23.747766494750977,
      -2.8596484753506957e-06,
      15.897811889648438,
      -1.4996819572843378e-06
    ],
    [
      0,
      0,
      0,
      0,
      0,
      5.207740705684416e-13,
      0,
      1.473046619578089e-12,
      0,
      3.675176916267953e-12,
      0,
      9.567363394580308e-12,
      0,
      1.0489877196040442e-11,
      0,
      1.956622537602204e-11,
      -1.4996819572843378e-06,
      1.0430360568303154e-11
    ]
  ],
  "covariance_short": [
    [
      88.6533203125,
      0,
      45.11375045776367,
      0,
      22.49538803100586,
      0,
      19.442373275756836,
      0,
      21.85325813293457,
      0,
      10.312995910644531,
      0,
      6.7303314208984375,
      0,
      7.139486789703369,
      0,
      2.8316218852996826,
      0
    ],
    [
      0,
      0,
      0,
      0,
      0,
      0,
      0,
      0,
      0,
      0,
      0,
      0,
      0,
      0,
      0,
      0,
      0,
      0
    ],
    [
      45.11375045776367,
      0,
      53.85585021972656,
      0,
      30.39653778076172,
      0,
      25.111358642578125,
      0,
      28.833913803100586,
      0,
      17.443283081054688,
      0,
      13.496326446533203,
      0,
      13.969273567199707,
      0,
      6.557297229766846,
      0
    ],
    [
      0,
      0,
      0,
      2.976308181710423e-15,
      0,
      2.3810465453683385e-14,
      0,
      4.018016320594779e-14,
      -7.68532970596425e-09,
      1.1012340399383508e-13,
      -7.366553589349678e-09,
      2.514980411427725e-13,
      0,
      2.767966791102777e-13,
      0,
      4.791856473250478e-13,
      -6.856482492878513e-09,
      1.4435094829526318e-13
    ],
    [
      22.49538803100586,
      0,
      30.39653778076172,
      0,
      77.4522476196289,
      0,
      64.64930725097656,
      0,
      66.02899932861328,
      0,
      42.635616302490234,
      0,
      22.117965698242188,
      0,
      21.97943878173828,
      0,
      9.363719940185547,
      0
    ],
    [
      0,
      0,
      0,
      2.3810465453683385e-14,
      0,
      2.589388122323233e-13,
      0,
      4.419817918772939e-13,
      -9.99085401076627e-08,
      1.1250445020039024e-12,
      -9.576447723702586e-08,
      2.662307657316787e-12,
      0,
      2.9465451346216698e-12,
      0,
      4.803761555205455e-12,
      -8.913127658161102e-08,
      1.5938130806456008e-12
    ],
    [
      19.442373275756836,
      0,
      25.111358642578125,
      0,
      64.64930725097656,
      0,
      86.6467056274414,
      0,
      69.68423461914062,
      0,
      43.621826171875,
      0,
      20.22507667541504,
      0,
      19.420852661132812,
      0,
      8.16287612915039,
      0
    ],
    [
      0,
      0,
      0,
      4.018016320594779e-14,
      0,
      4.419817918772939e-13,
      0,
      1.1339734489954068e-12,
      -2.459301811086334e-07,
      2.742668071820109e-12,
      -2.3572891905132565e-07,
      7.586610159537877e-12,
      0,
      6.748779052961895e-12,
      0,
      1.5220840213214792e-11,
      -2.1941112038348365e-07,
      7.998828162325555e-12
    ],
    [
      21.85325813293457,
      0,
      28.833913803100586,
      -7.68532970596425e-09,
      66.02899932861328,
      -9.99085401076627e-08,
      69.68423461914062,
      -2.459301811086334e-07,
      95.42369079589844,
      -5.725566438741225e-07,
      63.32236099243164,
      -1.5678082263548276e-06,
      33.33087158203125,
      -1.8675287947189645e-06,
      31.694868087768555,
      -3.1202521313389298e-06,
      15.904656410217285,
      -1.656196900512441e-06
    ],
    [
      0,
      0,
      0,
      1.1012340399383508e-13,
      0,
      1.1250445020039024e-12,
      0,
      2.742668071820109e-12,
      -5.725566438741225e-07,
      6.9690256170040765e-12,
      -5.488073497872392e-07,
      1.895015394604016e-11,
      0,
      1.7006625274706977e-11,
      0,
      3.771280163156199e-11,
      -5.108130380904186e-07,
      1.8819197936115195e-11
    ],
    [
      10.312995910644531,
      0,
      17.443283081054688,
      -7.366553589349678e-09,
      42.635616302490234,
      -9.576447723702586e-08,
      43.621826171875,
      -2.3572891905132565e-07,
      63.32236099243164,
      -5.488073497872392e-07,
      61.45094680786133,
      -1.5027763993202825e-06,
      41.89373779296875,
      -1.7900623561217799e-06,
      42.155677795410156,
      -2.9908221677032998e-06,
      20.54020118713379,
      -1.5874948076088913e-06
    ],
    [
      0,
      0,
      0,
      2.514980411427725e-13,
      0,
      2.662307657316787e-12,
      0,
      7.586610159537877e-12,
      -1.5678082263548276e-06,
      1.895015394604016e-11,
      -1.5027763993202825e-06,
      5.4118213382858826e-11,
      0,
      4.5448228513933486e-11,
      0,
      1.0996417665332103e-10,
      -1.3987521469971398e-06,
      6.012589037762694e-11
    ],
    [
      6.7303314208984375,
      0,
      13.496326446533203,
      0,
      22.117965698242188,
      0,
      20.22507667541504,
      0,
      33.33087158203125,
      0,
      41.89373779296875,
      0,
      50.58866882324219,
      0,
      55.404727935791016,
      0,
      22.50859260559082,
      0
    ],
    [
      0,
      0,
      0,
      2.767966791102777e-13,
      0,
      2.9465451346216698e-12,
      0,
      6.748779052961895e-12,
      -1.8675287947189645e-06,
      1.7006625274706977e-11,
      -1.7900623561217799e-06,
      4.5448228513933486e-11,
      0,
      4.6567319444967836e-11,
      0,
      8.907793253021268e-11,
      -1.6660386563671636e-06,
      4.288562560628151e-11
    ],
    [
      7.139486789703369,
      0,
      13.969273567199707,
      0,
      21.97943878173828,
      0,
      19.420852661132812,
      0,
      31.694868087768555,
      0,
      42.155677795410156,
      0,
      55.404727935791016,
      0,
      67.98555755615234,
      0,
      26.37671661376953,
      0
    ],
    [
      0,
      0,
      0,
      4.791856473250478e-13,
      0,
      4.803761555205455e-12,
      0,
      1.5220840213214792e-11,
      -3.1202521313389298e-06,
      3.771280163156199e-11,
      -2.9908221677032998e-06,
      1.0996417665332103e-10,
      0,
      8.907793253021268e-11,
      0,
      2.2799413745833164e-10,
      -2.783838453979115e-06,
      1.2974769869611436e-10
    ],
    [
      2.8316218852996826,
      0,
      6.557297229766846,
      -6.856482492878513e-09,
      9.363719940185547,
      -8.913127658161102e-08,
      8.16287612915039,
      -2.1941112038348365e-07,
      15.904656410217285,
      -5.108130380904186e-07,
      20.54020118713379,
      -1.3987521469971398e-06,
      22.50859260559082,
      -1.6660386563671636e-06,
      26.37671661376953,
      -2.783838453979115e-06,
      17.661462783813477,
      -1.4776684338357882e-06
    ],
    [
      0,
      0,
      0,
      1.4435094829526318e-13,
      0,
      1.5938130806456008e-12,
      0,
      7.998828162325555e-12,
      -1.656196900512441e-06,
      1.8819197936115195e-11,
      -1.5874948076088913e-06,
      6.012589037762694e-11,
      0,
      4.288562560628151e-11,
      0,
      1.2974769869611436e-10,
      -1.4776684338357882e-06,
      8.4147674939139e-11
    ]
  ],
  "damage": -12.137166976928711,
  "diff_bandwidth": 357.1893615722656,
  "dissonance": 4.2974497567131955,
  "drr": -0.7077153325080872,
  "dynamics": 5.074234485626221,
  "format": 1245190,
  "frames": 17249216,
  "loudness": -21.831377029418945,
  "loudness_range": 15.814722061157227,
  "loudness_range_short": 19.657455444335938,
  "lowpass_true_peak_15khz": -0.3034510314464569,
  "mastering3_acoustic_entropies": [
    {
      "acoustic_entropy": 9.450772285461426,
      "acoustic_entropy_mono": 9.450772285461426,
      "band_eliminated_acoustic_entropies": [
        {
          "acoustic_entropy": 9.220579147338867,
          "acoustic_entropy_side": 9.450772285461426,
          "hz": 129.47220167065723
        },
        {
          "acoustic_entropy": 9.21273422241211,
          "acoustic_entropy_side": 9.450772285461426,
          "hz": 202.92927478742237
        },
        {
          "acoustic_entropy": 9.058076858520508,
          "acoustic_entropy_side": 9.450772285461426,
          "hz": 282.89161906338205
        },
        {
          "acoustic_entropy": 10.428207397460938,
          "acoustic_entropy_side": 9.450772285461426,
          "hz": 369.9353335868758
        },
        {
          "acoustic_entropy": 9.028921127319336,
          "acoustic_entropy_side": 9.450772285461426,
          "hz": 464.6875360973435
        },
        {
          "acoustic_entropy": 9.466728210449219,
          "acoustic_entropy_side": 9.450772285461426,
          "hz": 567.8308811364784
        },
        {
          "acoustic_entropy": 9.137678146362305,
          "acoustic_entropy_side": 9.450772285461426,
          "hz": 680.1084783214808
        },
        {
          "acoustic_entropy": 9.656052589416504,
          "acoustic_entropy_side": 9.450772285461426,
          "hz": 802.3292461747484
        },
        {
          "acoustic_entropy": 10.392228126525879,
          "acoustic_entropy_side": 9.450772285461426,
          "hz": 935.3737400823702
        },
        {
          "acoustic_entropy": 9.713486671447754,
          "acoustic_entropy_side": 9.450772285461426,
          "hz": 1080.2004963696966
        },
        {
          "acoustic_entropy": 9.432804107666016,
          "acoustic_entropy_side": 9.450772285461426,
          "hz": 1237.8529382007157
        },
        {
          "acoustic_entropy": 9.528251647949219,
          "acoustic_entropy_side": 9.450772285461426,
          "hz": 1409.4668930556702
        },
        {
          "acoustic_entropy": 9.381803512573242,
          "acoustic_entropy_side": 9.450772285461426,
          "hz": 1596.2787759475705
        },
        {
          "acoustic_entropy": 9.220383644104004,
          "acoustic_entropy_side": 9.450772285461426,
          "hz": 1799.6344973346393
        },
        {
          "acoustic_entropy": 9.31357479095459,
          "acoustic_entropy_side": 9.450772285461426,
          "hz": 2020.9991599069049
        },
        {
          "acoustic_entropy": 9.38493537902832,
          "acoustic_entropy_side": 9.450772285461426,
          "hz": 2261.9676141086993
        },
        {
          "acoustic_entropy": 9.469817161560059,
          "acoustic_entropy_side": 9.450772285461426,
          "hz": 2524.2759484456974
        },
        {
          "acoustic_entropy": 9.444354057312012,
          "acoustic_entropy_side": 9.450772285461426,
          "hz": 2809.813997359896
        },
        {
          "acoustic_entropy": 9.388704299926758,
          "acoustic_entropy_side": 9.450772285461426,
          "hz": 3120.6389567871424
        },
        {
          "acoustic_entropy": 9.44456958770752,
          "acoustic_entropy_side": 9.450772285461426,
          "hz": 3458.990205492291
        },
        {
          "acoustic_entropy": 9.460246086120605,
          "acoustic_entropy_side": 9.450772285461426,
          "hz": 3827.305438964164
        },
        {
          "acoustic_entropy": 9.468584060668945,
          "acoustic_entropy_side": 9.450772285461426,
          "hz": 4228.238232109126
        },
        {
          "acoustic_entropy": 9.4673490524292,
          "acoustic_entropy_side": 9.450772285461426,
          "hz": 4664.6771572759235
        },
        {
          "acoustic_entropy": 9.473896980285645,
          "acoustic_entropy_side": 9.450772285461426,
          "hz": 5139.766595350093
        },
        {
          "acoustic_entropy": 9.47445297241211,
          "acoustic_entropy_side": 9.450772285461426,
          "hz": 5656.929389854203
        },
        {
          "acoustic_entropy": 9.47292709350586,
          "acoustic_entropy_side": 9.450772285461426,
          "hz": 6219.891507268283
        },
        {
          "acoustic_entropy": 9.474013328552246,
          "acoustic_entropy_side": 9.450772285461426,
          "hz": 6832.70888123896
        },
        {
          "acoustic_entropy": 9.473834991455078,
          "acoustic_entropy_side": 9.450772285461426,
          "hz": 7499.796634079867
        },
        {
          "acoustic_entropy": 9.47370433807373,
          "acoustic_entropy_side": 9.450772285461426,
          "hz": 8225.96088609342
        },
        {
          "acoustic_entropy": 9.464086532592773,
          "acoustic_entropy_side": 9.450772285461426,
          "hz": 9016.43338188839
        },
        {
          "acoustic_entropy": 9.153976440429688,
          "acoustic_entropy_side": 9.450772285461426,
          "hz": 9876.909183162974
        },
        {
          "acoustic_entropy": 9.459647178649902,
          "acoustic_entropy_side": 9.450772285461426,
          "hz": 10813.587699516042
        },
        {
          "acoustic_entropy": 9.486344337463379,
          "acoustic_entropy_side": 9.450772285461426,
          "hz": 11833.21735289826
        },
        {
          "acoustic_entropy": 9.48289680480957,
          "acoustic_entropy_side": 9.450772285461426,
          "hz": 12943.144197493959
        },
        {
          "acoustic_entropy": 9.459263801574707,
          "acoustic_entropy_side": 9.450772285461426,
          "hz": 14151.364845322005
        },
        {
          "acoustic_entropy": 9.452204704284668,
          "acoustic_entropy_side": 9.450772285461426,
          "hz": 15466.58407886509
        },
        {
          "acoustic_entropy": 9.45130729675293,
          "acoustic_entropy_side": 9.450772285461426,
          "hz": 16898.27756580493
        },
        {
          "acoustic_entropy": 9.450926780700684,
          "acoustic_entropy_side": 9.450772285461426,
          "hz": 18456.760127700032
        },
        {
          "acoustic_entropy": 9.450803756713867,
          "acoustic_entropy_side": 9.450772285461426,
          "hz": 20153.260054456492
        },
        {
          "acoustic_entropy": 9.450775146484375,
          "acoustic_entropy_side": 9.450772285461426,
          "hz": 22000.00000000001
        }
      ],
      "diff_acoustic_entropy": 7.762105941772461,
      "sn": 6
    },
    {
      "acoustic_entropy": 12.793203353881836,
      "acoustic_entropy_mono": 12.793203353881836,
      "band_eliminated_acoustic_entropies": [
        {
          "acoustic_entropy": 12.74870491027832,
          "acoustic_entropy_side": 12.793203353881836,
          "hz": 129.47220167065723
        },
        {
          "acoustic_entropy": 12.99176025390625,
          "acoustic_entropy_side": 12.793203353881836,
          "hz": 202.92927478742237
        },
        {
          "acoustic_entropy": 12.929512977600098,
          "acoustic_entropy_side": 12.793203353881836,
          "hz": 282.89161906338205
        },
        {
          "acoustic_entropy": 13.909369468688965,
          "acoustic_entropy_side": 12.793203353881836,
          "hz": 369.9353335868758
        },
        {
          "acoustic_entropy": 12.189461708068848,
          "acoustic_entropy_side": 12.793203353881836,
          "hz": 464.6875360973435
        },
        {
          "acoustic_entropy": 12.777539253234863,
          "acoustic_entropy_side": 12.793203353881836,
          "hz": 567.8308811364784
        },
        {
          "acoustic_entropy": 12.519268989562988,
          "acoustic_entropy_side": 12.793203353881836,
          "hz": 680.1084783214808
        },
        {
          "acoustic_entropy": 12.624814987182617,
          "acoustic_entropy_side": 12.793203353881836,
          "hz": 802.3292461747484
        },
        {
          "acoustic_entropy": 12.470288276672363,
          "acoustic_entropy_side": 12.793203353881836,
          "hz": 935.3737400823702
        },
        {
          "acoustic_entropy": 12.383127212524414,
          "acoustic_entropy_side": 12.793203353881836,
          "hz": 1080.2004963696966
        },
        {
          "acoustic_entropy": 12.575947761535645,
          "acoustic_entropy_side": 12.793203353881836,
          "hz": 1237.8529382007157
        },
        {
          "acoustic_entropy": 12.607768058776855,
          "acoustic_entropy_side": 12.793203353881836,
          "hz": 1409.4668930556702
        },
        {
          "acoustic_entropy": 13.217617988586426,
          "acoustic_entropy_side": 12.793203353881836,
          "hz": 1596.2787759475705
        },
        {
          "acoustic_entropy": 12.543671607971191,
          "acoustic_entropy_side": 12.793203353881836,
          "hz": 1799.6344973346393
        },
        {
          "acoustic_entropy": 12.605459213256836,
          "acoustic_entropy_side": 12.793203353881836,
          "hz": 2020.9991599069049
        },
        {
          "acoustic_entropy": 12.645776748657227,
          "acoustic_entropy_side": 12.793203353881836,
          "hz": 2261.9676141086993
        },
        {
          "acoustic_entropy": 12.799126625061035,
          "acoustic_entropy_side": 12.793203353881836,
          "hz": 2524.2759484456974
        },
        {
          "acoustic_entropy": 12.78494644165039,
          "acoustic_entropy_side": 12.793203353881836,
          "hz": 2809.813997359896
        },
        {
          "acoustic_entropy": 12.757997512817383,
          "acoustic_entropy_side": 12.793203353881836,
          "hz": 3120.6389567871424
        },
        {
          "acoustic_entropy": 12.757686614990234,
          "acoustic_entropy_side": 12.793203353881836,
          "hz": 3458.990205492291
        },
        {
          "acoustic_entropy": 12.869355201721191,
          "acoustic_entropy_side": 12.793203353881836,
          "hz": 3827.305438964164
        },
        {
          "acoustic_entropy": 12.882926940917969,
          "acoustic_entropy_side": 12.793203353881836,
          "hz": 4228.238232109126
        },
        {
          "acoustic_entropy": 12.92064380645752,
          "acoustic_entropy_side": 12.793203353881836,
          "hz": 4664.6771572759235
        },
        {
          "acoustic_entropy": 12.907444953918457,
          "acoustic_entropy_side": 12.793203353881836,
          "hz": 5139.766595350093
        },
        {
          "acoustic_entropy": 12.891386985778809,
          "acoustic_entropy_side": 12.793203353881836,
          "hz": 5656.929389854203
        },
        {
          "acoustic_entropy": 12.859830856323242,
          "acoustic_entropy_side": 12.793203353881836,
          "hz": 6219.891507268283
        },
        {
          "acoustic_entropy": 12.821820259094238,
          "acoustic_entropy_side": 12.793203353881836,
          "hz": 6832.70888123896
        },
        {
          "acoustic_entropy": 12.749297142028809,
          "acoustic_entropy_side": 12.793203353881836,
          "hz": 7499.796634079867
        },
        {
          "acoustic_entropy": 12.646196365356445,
          "acoustic_entropy_side": 12.793203353881836,
          "hz": 8225.96088609342
        },
        {
          "acoustic_entropy": 12.495070457458496,
          "acoustic_entropy_side": 12.793203353881836,
          "hz": 9016.43338188839
        },
        {
          "acoustic_entropy": 12.405855178833008,
          "acoustic_entropy_side": 12.793203353881836,
          "hz": 9876.909183162974
        },
        {
          "acoustic_entropy": 12.444018363952637,
          "acoustic_entropy_side": 12.793203353881836,
          "hz": 10813.587699516042
        },
        {
          "acoustic_entropy": 12.608000755310059,
          "acoustic_entropy_side": 12.793203353881836,
          "hz": 11833.21735289826
        },
        {
          "acoustic_entropy": 12.713240623474121,
          "acoustic_entropy_side": 12.793203353881836,
          "hz": 12943.144197493959
        },
        {
          "acoustic_entropy": 12.779037475585938,
          "acoustic_entropy_side": 12.793203353881836,
          "hz": 14151.364845322005
        },
        {
          "acoustic_entropy": 12.785518646240234,
          "acoustic_entropy_side": 12.793203353881836,
          "hz": 15466.58407886509
        },
        {
          "acoustic_entropy": 12.78162956237793,
          "acoustic_entropy_side": 12.793203353881836,
          "hz": 16898.27756580493
        },
        {
          "acoustic_entropy": 12.790642738342285,
          "acoustic_entropy_side": 12.793203353881836,
          "hz": 18456.760127700032
        },
        {
          "acoustic_entropy": 12.791601181030273,
          "acoustic_entropy_side": 12.793203353881836,
          "hz": 20153.260054456492
        },
        {
          "acoustic_entropy": 12.793173789978027,
          "acoustic_entropy_side": 12.793203353881836,
          "hz": 22000.00000000001
        }
      ],
      "diff_acoustic_entropy": 10.557125091552734,
      "sn": 12
    },
    {
      "acoustic_entropy": 17.39480209350586,
      "acoustic_entropy_mono": 17.39480209350586,
      "band_eliminated_acoustic_entropies": [
        {
          "acoustic_entropy": 16.82184410095215,
          "acoustic_entropy_side": 17.39480209350586,
          "hz": 129.47220167065723
        },
        {
          "acoustic_entropy": 17.510334014892578,
          "acoustic_entropy_side": 17.39480209350586,
          "hz": 202.92927478742237
        },
        {
          "acoustic_entropy": 16.946426391601562,
          "acoustic_entropy_side": 17.39480209350586,
          "hz": 282.89161906338205
        },
        {
          "acoustic_entropy": 18.07260513305664,
          "acoustic_entropy_side": 17.39480209350586,
          "hz": 369.9353335868758
        },
        {
          "acoustic_entropy": 16.46299171447754,
          "acoustic_entropy_side": 17.39480209350586,
          "hz": 464.6875360973435
        },
        {
          "acoustic_entropy": 17.004066467285156,
          "acoustic_entropy_side": 17.39480209350586,
          "hz": 567.8308811364784
        },
        {
          "acoustic_entropy": 16.158340454101562,
          "acoustic_entropy_side": 17.39480209350586,
          "hz": 680.1084783214808
        },
        {
          "acoustic_entropy": 16.402660369873047,
          "acoustic_entropy_side": 17.39480209350586,
          "hz": 802.3292461747484
        },
        {
          "acoustic_entropy": 17.50516128540039,
          "acoustic_entropy_side": 17.39480209350586,
          "hz": 935.3737400823702
        },
        {
          "acoustic_entropy": 17.258447647094727,
          "acoustic_entropy_side": 17.39480209350586,
          "hz": 1080.2004963696966
        },
        {
          "acoustic_entropy": 16.674781799316406,
          "acoustic_entropy_side": 17.39480209350586,
          "hz": 1237.8529382007157
        },
        {
          "acoustic_entropy": 17.194917678833008,
          "acoustic_entropy_side": 17.39480209350586,
          "hz": 1409.4668930556702
        },
        {
          "acoustic_entropy": 17.68565559387207,
          "acoustic_entropy_side": 17.39480209350586,
          "hz": 1596.2787759475705
        },
        {
          "acoustic_entropy": 17.31316375732422,
          "acoustic_entropy_side": 17.39480209350586,
          "hz": 1799.6344973346393
        },
        {
          "acoustic_entropy": 17.559661865234375,
          "acoustic_entropy_side": 17.39480209350586,
          "hz": 2020.9991599069049
        },
        {
          "acoustic_entropy": 17.345787048339844,
          "acoustic_entropy_side": 17.39480209350586,
          "hz": 2261.9676141086993
        },
        {
          "acoustic_entropy": 17.30469512939453,
          "acoustic_entropy_side": 17.39480209350586,
          "hz": 2524.2759484456974
        },
        {
          "acoustic_entropy": 17.307621002197266,
          "acoustic_entropy_side": 17.39480209350586,
          "hz": 2809.813997359896
        },
        {
          "acoustic_entropy": 17.30007553100586,
          "acoustic_entropy_side": 17.39480209350586,
          "hz": 3120.6389567871424
        },
        {
          "acoustic_entropy": 17.4378604888916,
          "acoustic_entropy_side": 17.39480209350586,
          "hz": 3458.990205492291
        },
        {
          "acoustic_entropy": 17.30872917175293,
          "acoustic_entropy_side": 17.39480209350586,
          "hz": 3827.305438964164
        },
        {
          "acoustic_entropy": 17.422210693359375,
          "acoustic_entropy_side": 17.39480209350586,
          "hz": 4228.238232109126
        },
        {
          "acoustic_entropy": 17.359577178955078,
          "acoustic_entropy_side": 17.39480209350586,
          "hz": 4664.6771572759235
        },
        {
          "acoustic_entropy": 17.245532989501953,
          "acoustic_entropy_side": 17.39480209350586,
          "hz": 5139.766595350093
        },
        {
          "acoustic_entropy": 17.411590576171875,
          "acoustic_entropy_side": 17.39480209350586,
          "hz": 5656.929389854203
        },
        {
          "acoustic_entropy": 17.377771377563477,
          "acoustic_entropy_side": 17.39480209350586,
          "hz": 6219.891507268283
        },
        {
          "acoustic_entropy": 17.4435977935791,
          "acoustic_entropy_side": 17.39480209350586,
          "hz": 6832.70888123896
        },
        {
          "acoustic_entropy": 17.393230438232422,
          "acoustic_entropy_side": 17.39480209350586,
          "hz": 7499.796634079867
        },
        {
          "acoustic_entropy": 17.407278060913086,
          "acoustic_entropy_side": 17.39480209350586,
          "hz": 8225.96088609342
        },
        {
          "acoustic_entropy": 17.40835952758789,
          "acoustic_entropy_side": 17.39480209350586,
          "hz": 9016.43338188839
        },
        {
          "acoustic_entropy": 17.306835174560547,
          "acoustic_entropy_side": 17.39480209350586,
          "hz": 9876.909183162974
        },
        {
          "acoustic_entropy": 17.399019241333008,
          "acoustic_entropy_side": 17.39480209350586,
          "hz": 10813.587699516042
        },
        {
          "acoustic_entropy": 17.456804275512695,
          "acoustic_entropy_side": 17.39480209350586,
          "hz": 11833.21735289826
        },
        {
          "acoustic_entropy": 17.407434463500977,
          "acoustic_entropy_side": 17.39480209350586,
          "hz": 12943.144197493959
        },
        {
          "acoustic_entropy": 17.271772384643555,
          "acoustic_entropy_side": 17.39480209350586,
          "hz": 14151.364845322005
        },
        {
          "acoustic_entropy": 17.278308868408203,
          "acoustic_entropy_side": 17.39480209350586,
          "hz": 15466.58407886509
        },
        {
          "acoustic_entropy": 17.343137741088867,
          "acoustic_entropy_side": 17.39480209350586,
          "hz": 16898.27756580493
        },
        {
          "acoustic_entropy": 17.32387924194336,
          "acoustic_entropy_side": 17.39480209350586,
          "hz": 18456.760127700032
        },
        {
          "acoustic_entropy": 17.332496643066406,
          "acoustic_entropy_side": 17.39480209350586,
          "hz": 20153.260054456492
        },
        {
          "acoustic_entropy": 17.34883689880371,
          "acoustic_entropy_side": 17.39480209350586,
          "hz": 22000.00000000001
        }
      ],
      "diff_acoustic_entropy": 13.128741264343262,
      "sn": 24
    },
    {
      "acoustic_entropy": 19.773794174194336,
      "acoustic_entropy_mono": 19.7738037109375,
      "band_eliminated_acoustic_entropies": [
        {
          "acoustic_entropy": 19.907150268554688,
          "acoustic_entropy_side": 19.773794174194336,
          "hz": 129.47220167065723
        },
        {
          "acoustic_entropy": 19.8832950592041,
          "acoustic_entropy_side": 19.773794174194336,
          "hz": 202.92927478742237
        },
        {
          "acoustic_entropy": 19.490192413330078,
          "acoustic_entropy_side": 19.773794174194336,
          "hz": 282.89161906338205
        },
        {
          "acoustic_entropy": 20.446630477905273,
          "acoustic_entropy_side": 19.773794174194336,
          "hz": 369.9353335868758
        },
        {
          "acoustic_entropy": 19.89912223815918,
          "acoustic_entropy_side": 19.773794174194336,
          "hz": 464.6875360973435
        },
        {
          "acoustic_entropy": 19.67982292175293,
          "acoustic_entropy_side": 19.773794174194336,
          "hz": 567.8308811364784
        },
        {
          "acoustic_entropy": 19.254840850830078,
