{
  "acoustic_entropy": 215.9730224609375,
  "bands": [
    {
      "high_freq": 148.1999969482422,
      "loudness": -54.3690299987793,
      "loudness_range": 30.31450653076172,
      "mid_mean": -52.66819381713867,
      "mid_to_side_loudness": -2.3701882362365723,
      "mid_to_side_loudness_range": 7.526590824127197,
      "side_mean": -54.89252853393555
    },
    {
      "high_freq": 392.3793640136719,
      "loudness": -34.31280517578125,
      "loudness_range": 16.561145782470703,
      "low_freq": 148.1999969482422,
      "mid_mean": -33.011016845703125,
      "mid_to_side_loudness": -2.0025365352630615,
      "mid_to_side_loudness_range": 9.626568794250488,
      "side_mean": -35.096435546875
    },
    {
      "high_freq": 794.6976318359375,
      "loudness": -35.52056884765625,
      "loudness_range": 16.07854652404785,
      "low_freq": 392.3793640136719,
      "mid_mean": -34.16263961791992,
      "mid_to_side_loudness": -1.937731146812439,
      "mid_to_side_loudness_range": 7.395456314086914,
      "side_mean": -36.10190200805664
    },
    {
      "high_freq": 1457.5709228515625,
      "loudness": -37.93020248413086,
      "loudness_range": 16.641525268554688,
      "low_freq": 794.6976318359375,
      "mid_mean": -36.41776657104492,
      "mid_to_side_loudness": -2.099640369415283,
      "mid_to_side_loudness_range": 8.44261360168457,
      "side_mean": -38.7129020690918
    },
    {
      "high_freq": 2549.74365234375,
      "loudness": -39.36105728149414,
      "loudness_range": 17.24357795715332,
      "low_freq": 1457.5709228515625,
      "mid_mean": -37.460365295410156,
      "mid_to_side_loudness": -3.3267581462860107,
      "mid_to_side_loudness_range": 7.229244232177734,
      "side_mean": -40.8684196472168
    },
    {
      "high_freq": 4349.24462890625,
      "loudness": -45.20062255859375,
      "loudness_range": 22.194908142089844,
      "low_freq": 2549.74365234375,
      "mid_mean": -43.69386672973633,
      "mid_to_side_loudness": -2.2132506370544434,
      "mid_to_side_loudness_range": 5.7175774574279785,
      "side_mean": -45.93722915649414
    },
    {
      "high_freq": 7314.1640625,
      "loudness": -56.7779426574707,
      "loudness_range": 24.796932220458984,
      "low_freq": 4349.24462890625,
      "mid_mean": -55.43523406982422,
      "mid_to_side_loudness": -2.0014400482177734,
      "mid_to_side_loudness_range": 4.608905792236328,
      "side_mean": -57.18385696411133
    },
    {
      "high_freq": 12199.2666015625,
      "loudness": -67.03528594970703,
      "loudness_range": 26.221813201904297,
      "low_freq": 7314.1640625,
      "mid_mean": -63.50733184814453,
      "mid_to_side_loudness": -1.4760898351669312,
      "mid_to_side_loudness_range": 3.4987685680389404,
      "side_mean": -64.3402328491211
    },
    {
      "loudness": -78.4865493774414,
      "loudness_range": 15.051399230957031,
      "low_freq": 12199.2666015625,
      "mid_mean": -68.55022430419922,
      "mid_to_side_loudness": -7.144096851348877,
      "mid_to_side_loudness_range": 10.51960563659668,
      "side_mean": -69.22442626953125
    }
  ],
  "bands_short": [
    {
      "high_freq": 148.1999969482422,
      "loudness": -57.73097229003906,
      "loudness_range": 30.45998764038086,
      "mid_mean": -56.36796951293945,
      "mid_to_side_loudness": -1.374677300453186,
      "mid_to_side_loudness_range": 14.036105155944824,
      "side_mean": -57.60874938964844
    },
    {
      "high_freq": 392.3793640136719,
      "loudness": -35.654258728027344,
      "loudness_range": 18.55699920654297,
      "low_freq": 148.1999969482422,
      "mid_mean": -34.58185577392578,
      "mid_to_side_loudness": -1.829535961151123,
      "mid_to_side_loudness_range": 12.224212646484375,
      "side_mean": -36.44954299926758
    },
    {
      "high_freq": 794.6976318359375,
      "loudness": -36.070987701416016,
      "loudness_range": 18.588979721069336,
      "low_freq": 392.3793640136719,
      "mid_mean": -34.75611114501953,
      "mid_to_side_loudness": -2.1466448307037354,
      "mid_to_side_loudness_range": 10.129350662231445,
      "side_mean": -36.90180206298828
    },
    {
      "high_freq": 1457.5709228515625,
      "loudness": -39.21626281738281,
      "loudness_range": 18.898372650146484,
      "low_freq": 794.6976318359375,
      "mid_mean": -37.927921295166016,
      "mid_to_side_loudness": -2.026487350463867,
      "mid_to_side_loudness_range": 10.634088516235352,
      "side_mean": -40.09312438964844
    },
    {
      "high_freq": 2549.74365234375,
      "loudness": -40.4378547668457,
      "loudness_range": 19.35085678100586,
      "low_freq": 1457.5709228515625,
      "mid_mean": -38.782840728759766,
      "mid_to_side_loudness": -3.000356674194336,
      "mid_to_side_loudness_range": 9.282641410827637,
      "side_mean": -41.897586822509766
    },
    {
      "high_freq": 4349.24462890625,
      "loudness": -46.42097091674805,
      "loudness_range": 23.607749938964844,
      "low_freq": 2549.74365234375,
      "mid_mean": -44.99652099609375,
      "mid_to_side_loudness": -2.255324125289917,
      "mid_to_side_loudness_range": 7.769728660583496,
      "side_mean": -47.367027282714844
    },
    {
      "high_freq": 7314.1640625,
      "loudness": -57.46977615356445,
      "loudness_range": 26.18490219116211,
      "low_freq": 4349.24462890625,
      "mid_mean": -56.25371551513672,
      "mid_to_side_loudness": -1.797457218170166,
      "mid_to_side_loudness_range": 6.9494476318359375,
      "side_mean": -57.7921028137207
    },
    {
      "high_freq": 12199.2666015625,
      "loudness": -68.23677062988281,
      "loudness_range": 26.78350067138672,
      "low_freq": 7314.1640625,
      "mid_mean": -64.46871948242188,
      "mid_to_side_loudness": -1.3688061237335205,
      "mid_to_side_loudness_range": 5.2623724937438965,
      "side_mean": -65.18865966796875
    },
    {
      "loudness": -79.46440887451172,
      "loudness_range": 15.714370727539062,
      "low_freq": 12199.2666015625,
      "mid_mean": -68.71263122558594,
      "mid_to_side_loudness": -7.7672505378723145,
      "mid_to_side_loudness_range": 10.778077125549316,
      "side_mean": -69.3392333984375
    }
  ],
  "bandwidth": 660.3971557617188,
  "channels": 2,
  "covariance": [
    [
      88.29744720458984,
      78.8927001953125,
      14.684358596801758,
      14.808184623718262,
      8.670621871948242,
      9.86503791809082,
      6.1945648193359375,
      7.379610061645508,
      9.930092811584473,
      10.281851768493652,
      14.296499252319336,
      14.357382774353027,
      22.619922637939453,
      20.835166931152344,
      16.430089950561523,
      15.171688079833984,
      3.854644775390625,
      3.100158452987671
    ],
    [
      78.8927001953125,
      77.25643920898438,
      13.415610313415527,
      14.750253677368164,
      9.250582695007324,
      10.068615913391113,
      6.544768333435059,
      6.980666160583496,
      9.841998100280762,
      10.167559623718262,
      14.927095413208008,
      14.921187400817871,
      21.877958297729492,
      20.059734344482422,
      15.886686325073242,
      14.72010326385498,
      3.6777052879333496,
      3.010385513305664
    ],
    [
      14.684358596801758,
      13.415610313415527,
      39.75053024291992,
      30.680233001708984,
      21.381752014160156,
      21.605791091918945,
      19.263530731201172,
      22.087055206298828,
      21.829936981201172,
      21.402652740478516,
      25.279743194580078,
      25.30476951599121,
      26.884817123413086,
      25.00348663330078,
      19.48065185546875,
      17.607492446899414,
      4.2964935302734375,
      3.4091877937316895
    ],
    [
      14.808184623718262,
      14.750253677368164,
      30.680233001708984,
      34.02054214477539,
      21.552719116210938,
      21.3834228515625,
      19.51669692993164,
      21.65923500061035,
      21.35556411743164,
      20.878219604492188,
      25.3668155670166,
      25.328052520751953,
      26.604774475097656,
      24.78846549987793,
      19.66815948486328,
      17.82764434814453,
      4.3632731437683105,
      3.4707441329956055
    ],
    [
      8.670621871948242,
      9.250582695007324,
      21.381752014160156,
      21.552719116210938,
      34.784584045410156,
      29.75568962097168,
      23.534259796142578,
      25.224838256835938,
      26.187742233276367,
      24.997575759887695,
      31.21565055847168,
      31.45262336730957,
      32.39796829223633,
      30.126935958862305,
      22.26770782470703,
      19.872058868408203,
      4.696567058563232,
      3.5453789234161377
    ],
    [
      9.86503791809082,
      10.068615913391113,
      21.605791091918945,
      21.3834228515625,
      29.75568962097168,
      32.59354019165039,
      22.32512664794922,
      24.150081634521484,
      25.114530563354492,
      24.314788818359375,
      29.556432723999023,
      30.035593032836914,
      31.074533462524414,
      29.097888946533203,
      21.415782928466797,
      19.247270584106445,
      4.655657768249512,
      3.5647380352020264
    ],
    [
      6.1945648193359375,
      6.544768333435059,
      19.263530731201172,
      19.51669692993164,
      23.534259796142578,
      22.32512664794922,
      34.993438720703125,
      32.389217376708984,
      30.543893814086914,
      29.385149002075195,
      36.5196647644043,
      37.85713195800781,
      37.818965911865234,
      35.38933563232422,
      28.09493637084961,
      25.589950561523438,
      6.279144287109375,
      4.962110996246338
    ],
    [
      7.379610061645508,
      6.980666160583496,
      22.087055206298828,
      21.65923500061035,
      25.224838256835938,
      24.150081634521484,
      32.389217376708984,
      39.788692474365234,
      31.40452003479004,
      29.66943359375,
      37.36721420288086,
      38.383705139160156,
      39.871971130371094,
      37.254737854003906,
      28.910537719726562,
      26.34047508239746,
      6.371504783630371,
      5.017328262329102
    ],
    [
      9.930092811584473,
      9.841998100280762,
      21.829936981201172,
      21.35556411743164,
      26.187742233276367,
      25.114530563354492,
      30.543893814086914,
      31.40452003479004,
      38.2623291015625,
      34.597530364990234,
      41.98899841308594,
      43.24367141723633,
      43.109615325927734,
      40.777503967285156,
      31.864633560180664,
      29.069917678833008,
      6.975146770477295,
      5.481149196624756
    ],
    [
      10.281851768493652,
      10.167559623718262,
      21.402652740478516,
      20.878219604492188,
      24.997575759887695,
      24.314788818359375,
      29.385149002075195,
      29.66943359375,
      34.597530364990234,
      37.921932220458984,
      41.692508697509766,
      42.88825225830078,
      43.23379135131836,
      40.93516540527344,
      31.69933319091797,
      29.007347106933594,
      6.919346809387207,
      5.466832160949707
    ],
    [
      14.296499252319336,
      14.927095413208008,
      25.279743194580078,
      25.3668155670166,
      31.21565055847168,
      29.556432723999023,
      36.5196647644043,
      37.36721420288086,
      41.98899841308594,
      41.692508697509766,
      57.76314926147461,
      57.593727111816406,
      56.97809982299805,
      53.97813034057617,
      42.87396240234375,
      39.308841705322266,
      9.476996421813965,
      7.4991841316223145
    ],
    [
      14.357382774353027,
      14.921187400817871,
      25.30476951599121,
      25.328052520751953,
      31.45262336730957,
      30.035593032836914,
      37.85713195800781,
      38.383705139160156,
      43.24367141723633,
      42.88825225830078,
      57.593727111816406,
      61.87390899658203,
      59.06230545043945,
      56.068702697753906,
      44.73789596557617,
      41.12931823730469,
      9.902680397033691,
      7.947910785675049
    ],
    [
      22.619922637939453,
      21.877958297729492,
      26.884817123413086,
      26.604774475097656,
      32.39796829223633,
      31.074533462524414,
      37.818965911865234,
      39.871971130371094,
      43.109615325927734,
      43.23379135131836,
      56.97809982299805,
      59.06230545043945,
      68.35665893554688,
      63.22422790527344,
      48.52157211303711,
      44.54730224609375,
      10.690248489379883,
      8.5621919631958
    ],
    [
      20.835166931152344,
      20.059734344482422,
      25.00348663330078,
      24.78846549987793,
      30.126935958862305,
      29.097888946533203,
      35.38933563232422,
      37.254737854003906,
      40.777503967285156,
      40.93516540527344,
      53.97813034057617,
      56.068702697753906,
      63.22422790527344,
      60.684146881103516,
      46.132450103759766,
      42.39217758178711,
      10.189682960510254,
      8.182002067565918
    ],
    [
      16.430089950561523,
      15.886686325073242,
      19.48065185546875,
      19.66815948486328,
      22.26770782470703,
      21.415782928466797,
      28.09493637084961,
      28.910537719726562,
      31.864633560180664,
      31.69933319091797,
      42.87396240234375,
      44.73789596557617,
      48.52157211303711,
      46.132450103759766,
      40.40999984741211,
      37.02954864501953,
      9.435750007629395,
      7.614494323730469
    ],
    [
      15.171688079833984,
      14.72010326385498,
      17.607492446899414,
      17.82764434814453,
      19.872058868408203,
      19.247270584106445,
      25.589950561523438,
      26.34047508239746,
      29.069917678833008,
      29.007347106933594,
      39.308841705322266,
      41.12931823730469,
      44.54730224609375,
      42.39217758178711,
      37.02954864501953,
      34.952205657958984,
      8.888102531433105,
      7.237616062164307
    ],
    [
      3.854644775390625,
      3.6777052879333496,
      4.2964935302734375,
      4.3632731437683105,
      4.696567058563232,
      4.655657768249512,
      6.279144287109375,
      6.371504783630371,
      6.975146770477295,
      6.919346809387207,
      9.476996421813965,
      9.902680397033691,
      10.690248489379883,
      10.189682960510254,
      9.435750007629395,
      8.888102531433105,
      2.7978498935699463,
      2.254582166671753
    ],
    [
      3.100158452987671,
      3.010385513305664,
      3.4091877937316895,
      3.4707441329956055,
      3.5453789234161377,
      3.5647380352020264,
      4.962110996246338,
      5.017328262329102,
      5.481149196624756,
      5.466832160949707,
      7.4991841316223145,
      7.947910785675049,
      8.5621919631958,
      8.182002067565918,
      7.614494323730469,
      7.237616062164307,
      2.254582166671753,
      1.9708192348480225
    ]
  ],
  "covariance_short": [
    [
      85.96611785888672,
      71.54915618896484,
      19.307485580444336,
      17.75008773803711,
      8.47232723236084,
      9.175819396972656,
      7.7488484382629395,
      8.913594245910645,
      9.139322280883789,
      9.500882148742676,
      14.547965049743652,
      14.570218086242676,
      19.822057723999023,
      18.939586639404297,
      13.692606925964355,
      12.47740650177002,
      3.3457469940185547,
      2.5392088890075684
    ],
    [
      71.54915618896484,
      75.55825805664062,
      17.139352798461914,
      17.477157592773438,
      8.06146240234375,
      9.100741386413574,
      7.3093085289001465,
      7.5717854499816895,
      8.66220474243164,
      8.970903396606445,
      14.128805160522461,
      14.188111305236816,
      18.76056480407715,
      17.532325744628906,
      12.689789772033691,
      11.640398025512695,
      3.0856173038482666,
      2.4134557247161865
    ],
    [
      19.307485580444336,
      17.139352798461914,
      48.06977844238281,
      35.636260986328125,
      27.25226593017578,
      26.23060417175293,
      21.5123291015625,
      23.85243797302246,
      22.6905574798584,
      22.044231414794922,
      24.5761775970459,
      24.393339157104492,
      25.920869827270508,
      24.40657615661621,
      17.065736770629883,
      15.354473114013672,
      3.9835848808288574,
      3.063812732696533
    ],
    [
      17.75008773803711,
      17.477157592773438,
      35.636260986328125,
      42.60005569458008,
      25.85971450805664,
      25.974031448364258,
      21.454023361206055,
      23.734590530395508,
      21.960447311401367,
      21.401004791259766,
      24.429645538330078,
      24.22332000732422,
      25.374168395996094,
      23.966867446899414,
      17.109516143798828,
      15.40575122833252,
      4.047224044799805,
      3.128352403640747
    ],
    [
      8.47232723236084,
      8.06146240234375,
      27.25226593017578,
      25.85971450805664,
      46.062843322753906,
      37.43568801879883,
      27.74922752380371,
      28.211565017700195,
      30.767440795898438,
      28.826765060424805,
      33.20806884765625,
      33.19300079345703,
      33.315555572509766,
      30.9798641204834,
      21.407569885253906,
      19.008146286010742,
      4.644484043121338,
      3.4286813735961914
    ],
    [
      9.175819396972656,
      9.100741386413574,
      26.23060417175293,
      25.974031448364258,
      37.43568801879883,
      42.572818756103516,
      26.836223602294922,
      27.689346313476562,
      30.089372634887695,
      28.385541915893555,
      32.15706253051758,
      32.5117301940918,
      32.926910400390625,
      30.90945053100586,
      21.121246337890625,
      18.870412826538086,
      4.679150581359863,
      3.5199389457702637
    ],
    [
      7.7488484382629395,
      7.3093085289001465,
      21.5123291015625,
      21.454023361206055,
      27.74922752380371,
      26.836223602294922,
      45.44416427612305,
      38.92940902709961,
      37.345611572265625,
      35.04094696044922,
      41.67702865600586,
      42.50017547607422,
      41.41987228393555,
      38.7743034362793,
      28.6619930267334,
      25.98765754699707,
      6.569073677062988,
      5.103942394256592
    ],
    [
      8.913594245910645,
      7.5717854499816895,
      23.85243797302246,
      23.734590530395508,
      28.211565017700195,
      27.689346313476562,
      38.92940902709961,
      47.7979850769043,
      36.61539077758789,
      34.617942810058594,
      41.322444915771484,
      41.68119812011719,
      41.88948440551758,
      39.38477325439453,
      28.39466094970703,
      25.771120071411133,
      6.515276908874512,
      5.050088405609131
    ],
    [
      9.139322280883789,
      8.66220474243164,
      22.6905574798584,
      21.960447311401367,
      30.767440795898438,
      30.089372634887695,
      37.345611572265625,
      36.61539077758789,
      49.723140716552734,
      42.23340606689453,
      49.092742919921875,
      49.57352828979492,
      48.941890716552734,
      46.02311706542969,
      33.73703384399414,
      30.501201629638672,
      7.561340808868408,
      5.872334003448486
    ],
    [
      9.500882148742676,
      8.970903396606445,
      22.044231414794922,
      21.401004791259766,
      28.826765060424805,
      28.385541915893555,
      35.04094696044922,
      34.617942810058594,
      42.23340606689453,
      47.155548095703125,
      47.26332092285156,
      48.014404296875,
      47.869537353515625,
      45.25716781616211,
      32.436466217041016,
      29.492395401000977,
      7.248129367828369,
      5.651305675506592
    ],
    [
      14.547965049743652,
      14.128805160522461,
      24.5761775970459,
      24.429645538330078,
      33.20806884765625,
      32.15706253051758,
      41.67702865600586,
      41.322444915771484,
      49.092742919921875,
      47.26332092285156,
      66.49769592285156,
      63.111915588378906,
      61.258052825927734,
      57.995506286621094,
      43.49165725708008,
      39.58012390136719,
      9.92763614654541,
      7.744014263153076
    ],
    [
      14.570218086242676,
      14.188111305236816,
      24.393339157104492,
      24.22332000732422,
      33.19300079345703,
      32.5117301940918,
      42.50017547607422,
      41.68119812011719,
      49.57352828979492,
      48.014404296875,
      63.111915588378906,
      68.83536529541016,
      62.74545669555664,
      59.6270637512207,
      44.54670715332031,
      40.661170959472656,
      10.172030448913574,
      8.075740814208984
    ],
    [
      19.822057723999023,
      18.76056480407715,
      25.920869827270508,
      25.374168395996094,
      33.315555572509766,
      32.926910400390625,
      41.41987228393555,
      41.88948440551758,
      48.941890716552734,
      47.869537353515625,
      61.258052825927734,
      62.74545669555664,
      72.40731048583984,
      66.20156860351562,
      47.280765533447266,
      43.114532470703125,
      10.836053848266602,
      8.54960823059082
    ],
    [
      18.939586639404297,
      17.532325744628906,
      24.40657615661621,
      23.966867446899414,
      30.9798641204834,
      30.90945053100586,
      38.7743034362793,
      39.38477325439453,
      46.02311706542969,
      45.25716781616211,
      57.995506286621094,
      59.6270637512207,
      66.20156860351562,
      65.12687683105469,
      45.13174057006836,
      41.22566604614258,
      10.38180160522461,
      8.219306945800781
    ],
    [
      13.692606925964355,
      12.689789772033691,
      17.065736770629883,
      17.109516143798828,
      21.407569885253906,
      21.121246337890625,
      28.6619930267334,
      28.39466094970703,
      33.73703384399414,
      32.436466217041016,
      43.49165725708008,
      44.54670715332031,
      47.280765533447266,
      45.13174057006836,
      38.77241897583008,
      34.85549545288086,
      9.430081367492676,
      7.557220458984375
    ],
    [
      12.47740650177002,
      11.640398025512695,
      15.354473114013672,
      15.40575122833252,
      19.008146286010742,
      18.870412826538086,
      25.98765754699707,
      25.771120071411133,
      30.501201629638672,
      29.492395401000977,
      39.58012390136719,
      40.661170959472656,
      43.114532470703125,
      41.22566604614258,
      34.85549545288086,
      33.07326889038086,
      8.814109802246094,
      7.132430076599121
    ],
    [
      3.3457469940185547,
      3.0856173038482666,
      3.9835848808288574,
      4.047224044799805,
      4.644484043121338,
      4.679150581359863,
      6.569073677062988,
      6.515276908874512,
      7.561340808868408,
      7.248129367828369,
      9.92763614654541,
      10.172030448913574,
      10.836053848266602,
      10.38180160522461,
      9.430081367492676,
      8.814109802246094,
      3.1797988414764404,
      2.5229480266571045
    ],
    [
      2.5392088890075684,
      2.4134557247161865,
      3.063812732696533,
      3.128352403640747,
      3.4286813735961914,
      3.5199389457702637,
      5.103942394256592,
      5.050088405609131,
      5.872334003448486,
      5.651305675506592,
      7.744014263153076,
      8.075740814208984,
      8.54960823059082,
      8.219306945800781,
      7.557220458984375,
      7.132430076599121,
      2.5229480266571045,
      2.274571418762207
    ]
  ],
  "damage": -18.02651023864746,
  "diff_bandwidth": 682.9542846679688,
  "dissonance": 5.955158326975174,
  "drr": -8.357497215270996,
  "dynamics": 4.61876106262207,
  "format": 1245190,
  "frames": 17429440,
  "loudness": -25.619577407836914,
  "loudness_range": 13.794759750366211,
  "loudness_range_short": 15.906145095825195,
  "lowpass_true_peak_15khz": -4.675631523132324,
  "mastering3_acoustic_entropies": [
    {
      "acoustic_entropy": 6.6767578125,
      "acoustic_entropy_mono": 7.312671661376953,
      "band_eliminated_acoustic_entropies": [
        {
          "acoustic_entropy": 6.703109264373779,
          "acoustic_entropy_side": 6.687699794769287,
          "hz": 129.47220167065723
        },
        {
          "acoustic_entropy": 6.909477710723877,
          "acoustic_entropy_side": 6.899392604827881,
          "hz": 202.92927478742237
        },
        {
          "acoustic_entropy": 6.611597537994385,
          "acoustic_entropy_side": 6.76884126663208,
          "hz": 282.89161906338205
        },
        {
          "acoustic_entropy": 6.957940101623535,
          "acoustic_entropy_side": 6.69245719909668,
          "hz": 369.9353335868758
        },
        {
          "acoustic_entropy": 6.542722702026367,
          "acoustic_entropy_side": 6.954141616821289,
          "hz": 464.6875360973435
        },
        {
          "acoustic_entropy": 7.277160167694092,
          "acoustic_entropy_side": 7.151733875274658,
          "hz": 567.8308811364784
        },
        {
          "acoustic_entropy": 6.68389892578125,
          "acoustic_entropy_side": 6.4830780029296875,
          "hz": 680.1084783214808
        },
        {
          "acoustic_entropy": 6.885791778564453,
          "acoustic_entropy_side": 6.643157005310059,
          "hz": 802.3292461747484
        },
        {
          "acoustic_entropy": 6.752472877502441,
          "acoustic_entropy_side": 7.121079921722412,
          "hz": 935.3737400823702
        },
        {
          "acoustic_entropy": 8.228730201721191,
          "acoustic_entropy_side": 7.280995845794678,
          "hz": 1080.2004963696966
        },
        {
          "acoustic_entropy": 6.75840425491333,
          "acoustic_entropy_side": 6.590019702911377,
          "hz": 1237.8529382007157
        },
        {
          "acoustic_entropy": 7.532831192016602,
          "acoustic_entropy_side": 7.360640525817871,
          "hz": 1409.4668930556702
        },
        {
          "acoustic_entropy": 7.50662899017334,
          "acoustic_entropy_side": 7.232558727264404,
          "hz": 1596.2787759475705
        },
        {
          "acoustic_entropy": 6.520960330963135,
          "acoustic_entropy_side": 6.906164646148682,
          "hz": 1799.6344973346393
        },
        {
          "acoustic_entropy": 6.794595241546631,
          "acoustic_entropy_side": 6.913071155548096,
          "hz": 2020.9991599069049
        },
        {
          "acoustic_entropy": 6.714996337890625,
          "acoustic_entropy_side": 6.3539018630981445,
          "hz": 2261.9676141086993
        },
        {
          "acoustic_entropy": 7.04517936706543,
          "acoustic_entropy_side": 6.715602874755859,
          "hz": 2524.2759484456974
        },
        {
          "acoustic_entropy": 6.90779447555542,
          "acoustic_entropy_side": 6.752449035644531,
          "hz": 2809.813997359896
        },
        {
          "acoustic_entropy": 6.584200382232666,
          "acoustic_entropy_side": 6.617923259735107,
          "hz": 3120.6389567871424
        },
        {
          "acoustic_entropy": 6.593021392822266,
          "acoustic_entropy_side": 6.663777828216553,
          "hz": 3458.990205492291
        },
        {
          "acoustic_entropy": 6.54819393157959,
          "acoustic_entropy_side": 6.611209392547607,
          "hz": 3827.305438964164
        },
        {
          "acoustic_entropy": 6.93220329284668,
          "acoustic_entropy_side": 6.8784332275390625,
          "hz": 4228.238232109126
        },
        {
          "acoustic_entropy": 6.51943826675415,
          "acoustic_entropy_side": 6.637022972106934,
          "hz": 4664.6771572759235
        },
        {
          "acoustic_entropy": 6.603795051574707,
          "acoustic_entropy_side": 6.626408100128174,
          "hz": 5139.766595350093
        },
        {
          "acoustic_entropy": 6.724863529205322,
          "acoustic_entropy_side": 6.7024970054626465,
          "hz": 5656.929389854203
        },
        {
          "acoustic_entropy": 6.640035152435303,
          "acoustic_entropy_side": 6.661410331726074,
          "hz": 6219.891507268283
        },
        {
          "acoustic_entropy": 6.706329345703125,
          "acoustic_entropy_side": 6.670361518859863,
          "hz": 6832.70888123896
        },
        {
          "acoustic_entropy": 6.670575141906738,
          "acoustic_entropy_side": 6.671975135803223,
          "hz": 7499.796634079867
        },
        {
          "acoustic_entropy": 6.666613578796387,
          "acoustic_entropy_side": 6.669286251068115,
          "hz": 8225.96088609342
        },
        {
          "acoustic_entropy": 6.676018714904785,
          "acoustic_entropy_side": 6.675220966339111,
          "hz": 9016.43338188839
        },
        {
          "acoustic_entropy": 6.675668716430664,
          "acoustic_entropy_side": 6.67592191696167,
          "hz": 9876.909183162974
        },
        {
          "acoustic_entropy": 6.676233291625977,
          "acoustic_entropy_side": 6.676565170288086,
          "hz": 10813.587699516042
        },
        {
          "acoustic_entropy": 6.676616668701172,
          "acoustic_entropy_side": 6.676722526550293,
          "hz": 11833.21735289826
        },
        {
          "acoustic_entropy": 6.676665306091309,
          "acoustic_entropy_side": 6.676736831665039,
          "hz": 12943.144197493959
        },
        {
          "acoustic_entropy": 6.676722526550293,
          "acoustic_entropy_side": 6.676749229431152,
          "hz": 14151.364845322005
        },
        {
          "acoustic_entropy": 6.676750183105469,
          "acoustic_entropy_side": 6.676755428314209,
          "hz": 15466.58407886509
        },
        {
          "acoustic_entropy": 6.676756858825684,
          "acoustic_entropy_side": 6.676757335662842,
          "hz": 16898.27756580493
        },
        {
          "acoustic_entropy": 6.676757335662842,
          "acoustic_entropy_side": 6.6767578125,
          "hz": 18456.760127700032
        },
        {
          "acoustic_entropy": 6.6767578125,
          "acoustic_entropy_side": 6.676758289337158,
          "hz": 20153.260054456492
        },
        {
          "acoustic_entropy": 6.676758289337158,
          "acoustic_entropy_side": 6.676758289337158,
          "hz": 22000.00000000001
        }
      ],
      "diff_acoustic_entropy": 5.50172233581543,
      "sn": 6
    },
    {
      "acoustic_entropy": 12.126653671264648,
      "acoustic_entropy_mono": 11.263538360595703,
      "band_eliminated_acoustic_entropies": [
        {
          "acoustic_entropy": 12.097545623779297,
          "acoustic_entropy_side": 12.125421524047852,
          "hz": 129.47220167065723
        },
        {
          "acoustic_entropy": 11.765128135681152,
          "acoustic_entropy_side": 12.035784721374512,
          "hz": 202.92927478742237
        },
        {
          "acoustic_entropy": 11.056259155273438,
          "acoustic_entropy_side": 10.871756553649902,
          "hz": 282.89161906338205
        },
        {
          "acoustic_entropy": 12.243797302246094,
          "acoustic_entropy_side": 11.859601020812988,
          "hz": 369.9353335868758
        },
        {
          "acoustic_entropy": 12.474237442016602,
          "acoustic_entropy_side": 11.62883472442627,
          "hz": 464.6875360973435
        },
        {
          "acoustic_entropy": 12.850398063659668,
          "acoustic_entropy_side": 13.227505683898926,
          "hz": 567.8308811364784
        },
        {
          "acoustic_entropy": 11.205175399780273,
          "acoustic_entropy_side": 12.703571319580078,
          "hz": 680.1084783214808
        },
        {
          "acoustic_entropy": 11.755252838134766,
          "acoustic_entropy_side": 11.885146141052246,
          "hz": 802.3292461747484
        },
        {
          "acoustic_entropy": 11.247532844543457,
          "acoustic_entropy_side": 11.97647762298584,
          "hz": 935.3737400823702
        },
        {
          "acoustic_entropy": 13.382457733154297,
          "acoustic_entropy_side": 12.09420108795166,
          "hz": 1080.2004963696966
        },
        {
          "acoustic_entropy": 12.53094482421875,
          "acoustic_entropy_side": 12.255334854125977,
          "hz": 1237.8529382007157
        },
        {
          "acoustic_entropy": 12.992186546325684,
          "acoustic_entropy_side": 13.647528648376465,
          "hz": 1409.4668930556702
        },
        {
          "acoustic_entropy": 12.705692291259766,
          "acoustic_entropy_side": 12.717130661010742,
          "hz": 1596.2787759475705
        },
        {
          "acoustic_entropy": 11.725687026977539,
          "acoustic_entropy_side": 12.290870666503906,
          "hz": 1799.6344973346393
        },
        {
          "acoustic_entropy": 12.007244110107422,
          "acoustic_entropy_side": 12.180522918701172,
          "hz": 2020.9991599069049
        },
        {
          "acoustic_entropy": 12.3004789352417,
          "acoustic_entropy_side": 12.320978164672852,
          "hz": 2261.9676141086993
        },
        {
          "acoustic_entropy": 12.695794105529785,
          "acoustic_entropy_side": 12.913186073303223,
          "hz": 2524.2759484456974
        },
        {
          "acoustic_entropy": 12.140377044677734,
          "acoustic_entropy_side": 12.31112003326416,
          "hz": 2809.813997359896
        },
        {
          "acoustic_entropy": 12.102849960327148,
          "acoustic_entropy_side": 12.097679138183594,
          "hz": 3120.6389567871424
        },
        {
          "acoustic_entropy": 12.519545555114746,
          "acoustic_entropy_side": 12.39852237701416,
          "hz": 3458.990205492291
        },
        {
          "acoustic_entropy": 11.972804069519043,
          "acoustic_entropy_side": 12.090152740478516,
          "hz": 3827.305438964164
        },
        {
          "acoustic_entropy": 12.463522911071777,
          "acoustic_entropy_side": 12.616972923278809,
          "hz": 4228.238232109126
        },
        {
          "acoustic_entropy": 12.192207336425781,
          "acoustic_entropy_side": 12.104762077331543,
          "hz": 4664.6771572759235
        },
        {
          "acoustic_entropy": 12.058555603027344,
          "acoustic_entropy_side": 12.11428165435791,
          "hz": 5139.766595350093
        },
        {
          "acoustic_entropy": 12.27634048461914,
          "acoustic_entropy_side": 12.128178596496582,
          "hz": 5656.929389854203
        },
        {
          "acoustic_entropy": 12.22411060333252,
          "acoustic_entropy_side": 12.156037330627441,
          "hz": 6219.891507268283
        },
        {
          "acoustic_entropy": 12.27455997467041,
          "acoustic_entropy_side": 12.171916007995605,
          "hz": 6832.70888123896
        },
        {
          "acoustic_entropy": 12.229716300964355,
          "acoustic_entropy_side": 12.150887489318848,
          "hz": 7499.796634079867
        },
        {
          "acoustic_entropy": 12.180217742919922,
          "acoustic_entropy_side": 12.138047218322754,
          "hz": 8225.96088609342
        },
        {
          "acoustic_entropy": 12.154102325439453,
          "acoustic_entropy_side": 12.124267578125,
          "hz": 9016.43338188839
        },
        {
          "acoustic_entropy": 12.146014213562012,
          "acoustic_entropy_side": 12.129745483398438,
          "hz": 9876.909183162974
        },
        {
          "acoustic_entropy": 12.126778602600098,
          "acoustic_entropy_side": 12.126971244812012,
          "hz": 10813.587699516042
        },
        {
          "acoustic_entropy": 12.126317024230957,
          "acoustic_entropy_side": 12.12661075592041,
          "hz": 11833.21735289826
        },
        {
          "acoustic_entropy": 12.126471519470215,
          "acoustic_entropy_side": 12.12664794921875,
          "hz": 12943.144197493959
        },
        {
          "acoustic_entropy": 12.12647819519043,
          "acoustic_entropy_side": 12.12661361694336,
          "hz": 14151.364845322005
        },
        {
          "acoustic_entropy": 12.126627922058105,
          "acoustic_entropy_side": 12.126646995544434,
          "hz": 15466.58407886509
        },
        {
          "acoustic_entropy": 12.126657485961914,
          "acoustic_entropy_side": 12.126656532287598,
          "hz": 16898.27756580493
        },
        {
          "acoustic_entropy": 12.126656532287598,
          "acoustic_entropy_side": 12.126654624938965,
          "hz": 18456.760127700032
        },
        {
          "acoustic_entropy": 12.126655578613281,
          "acoustic_entropy_side": 12.126655578613281,
          "hz": 20153.260054456492
        },
        {
          "acoustic_entropy": 12.126654624938965,
          "acoustic_entropy_side": 12.126653671264648,
          "hz": 22000.00000000001
        }
      ],
      "diff_acoustic_entropy": 9.903693199157715,
      "sn": 12
    },
    {
      "acoustic_entropy": 19.930713653564453,
      "acoustic_entropy_mono": 16.73154640197754,
      "band_eliminated_acoustic_entropies": [
        {
          "acoustic_entropy": 19.67041778564453,
          "acoustic_entropy_side": 19.84149742126465,
          "hz": 129.47220167065723
        },
        {
          "acoustic_entropy": 18.539445877075195,
          "acoustic_entropy_side": 19.01091766357422,
          "hz": 202.92927478742237
        },
        {
          "acoustic_entropy": 19.956544876098633,
          "acoustic_entropy_side": 18.81150245666504,
          "hz": 282.89161906338205
        },
        {
          "acoustic_entropy": 19.582866668701172,
          "acoustic_entropy_side": 19.60084342956543,
          "hz": 369.9353335868758
        },
        {
          "acoustic_entropy": 18.804767608642578,
          "acoustic_entropy_side": 19.983707427978516,
          "hz": 464.6875360973435
        },
        {
          "acoustic_entropy": 18.8057861328125,
          "acoustic_entropy_side": 19.127622604370117,
          "hz": 567.8308811364784
        },
        {
          "acoustic_entropy": 18.800514221191406,
          "acoustic_entropy_side": 19.159915924072266,
          "hz": 680.1084783214808
        },
        {
          "acoustic_entropy": 20.742887496948242,
          "acoustic_entropy_side": 19.802780151367188,
          "hz": 802.3292461747484
        },
        {
          "acoustic_entropy": 19.522865295410156,
          "acoustic_entropy_side": 19.006351470947266,
          "hz": 935.3737400823702
        },
        {
          "acoustic_entropy": 19.350536346435547,
          "acoustic_entropy_side": 19.777942657470703,
          "hz": 1080.2004963696966
        },
        {
          "acoustic_entropy": 19.459484100341797,
          "acoustic_entropy_side": 19.394397735595703,
          "hz": 1237.8529382007157
        },
        {
          "acoustic_entropy": 18.295461654663086,
          "acoustic_entropy_side": 19.28896713256836,
          "hz": 1409.4668930556702
        },
        {
          "acoustic_entropy": 18.000587463378906,
          "acoustic_entropy_side": 18.710693359375,
          "hz": 1596.2787759475705
        },
        {
          "acoustic_entropy": 19.86475944519043,
          "acoustic_entropy_side": 19.94025230407715,
          "hz": 1799.6344973346393
        },
        {
          "acoustic_entropy": 18.45554542541504,
          "acoustic_entropy_side": 18.6208553314209,
          "hz": 2020.9991599069049
        },
        {
          "acoustic_entropy": 19.3042049407959,
          "acoustic_entropy_side": 19.72443389892578,
          "hz": 2261.9676141086993
        },
        {
          "acoustic_entropy": 19.61737060546875,
          "acoustic_entropy_side": 19.651479721069336,
          "hz": 2524.2759484456974
        },
        {
          "acoustic_entropy": 18.365840911865234,
          "acoustic_entropy_side": 19.384307861328125,
          "hz": 2809.813997359896
        },
        {
          "acoustic_entropy": 19.422216415405273,
          "acoustic_entropy_side": 20.097108840942383,
          "hz": 3120.6389567871424
        },
        {
