{
  "acoustic_entropy": 95.36872100830078,
  "bands": [
    {
      "high_freq": 148.1999969482422,
      "loudness": -35.86941146850586,
      "loudness_range": 39.248836517333984,
      "mid_mean": -44.302364349365234,
      "mid_to_side_loudness": -8.14881420135498,
      "mid_to_side_loudness_range": 18.47535514831543,
      "side_mean": -68.897705078125
    },
    {
      "high_freq": 392.3793640136719,
      "loudness": -21.911287307739258,
      "loudness_range": 21.712432861328125,
      "low_freq": 148.1999969482422,
      "mid_mean": -19.483230590820312,
      "mid_to_side_loudness": -8.066499710083008,
      "mid_to_side_loudness_range": 16.635425567626953,
      "side_mean": -64.30891418457031
    },
    {
      "high_freq": 794.6976318359375,
      "loudness": -27.324846267700195,
      "loudness_range": 23.665374755859375,
      "low_freq": 392.3793640136719,
      "mid_mean": -24.475601196289062,
      "mid_to_side_loudness": -7.024641036987305,
      "mid_to_side_loudness_range": 17.479766845703125,
      "side_mean": -63.83601379394531
    },
    {
      "high_freq": 1457.5709228515625,
      "loudness": -37.913978576660156,
      "loudness_range": 29.855588912963867,
      "low_freq": 794.6976318359375,
      "mid_mean": -36.162418365478516,
      "mid_to_side_loudness": -5.288477897644043,
      "mid_to_side_loudness_range": 16.562135696411133,
      "side_mean": -64.13044738769531
    },
    {
      "high_freq": 2549.74365234375,
      "loudness": -43.30394744873047,
      "loudness_range": 23.390167236328125,
      "low_freq": 1457.5709228515625,
      "mid_mean": -51.01609802246094,
      "mid_to_side_loudness": -3.5174689292907715,
      "mid_to_side_loudness_range": 18.45077133178711,
      "side_mean": -64.48148345947266
    },
    {
      "high_freq": 4349.24462890625,
      "loudness": -49.653438568115234,
      "loudness_range": 25.02538299560547,
      "low_freq": 2549.74365234375,
      "mid_mean": -56.44325256347656,
      "mid_to_side_loudness": -4.859665393829346,
      "mid_to_side_loudness_range": 27.73001480102539,
      "side_mean": -65.97698974609375
    },
    {
      "high_freq": 7314.1640625,
      "loudness": -58.03889846801758,
      "loudness_range": 27.455337524414062,
      "low_freq": 4349.24462890625,
      "mid_mean": -62.488101959228516,
      "mid_to_side_loudness": -5.251517295837402,
      "mid_to_side_loudness_range": 25.152090072631836,
      "side_mean": -68.9303207397461
    },
    {
      "high_freq": 12199.2666015625,
      "loudness": -49.674686431884766,
      "loudness_range": 31.58135986328125,
      "low_freq": 7314.1640625,
      "mid_mean": -63.57125473022461,
      "mid_to_side_loudness": -5.706065654754639,
      "mid_to_side_loudness_range": 26.899856567382812,
      "side_mean": -69.85905456542969
    },
    {
      "loudness": -66.49462127685547,
      "loudness_range": 28.75433349609375,
      "low_freq": 12199.2666015625,
      "mid_mean": -64.48533630371094,
      "mid_to_side_loudness": -3.3542726039886475,
      "mid_to_side_loudness_range": 13.958756446838379,
      "side_mean": -68.72733306884766
    }
  ],
  "bands_short": [
    {
      "high_freq": 148.1999969482422,
      "loudness": -46.4874153137207,
      "loudness_range": 40.21990966796875,
      "mid_mean": -55.872432708740234,
      "mid_to_side_loudness": -7.1169352531433105,
      "mid_to_side_loudness_range": 20.735149383544922,
      "side_mean": -69.31990051269531
    },
    {
      "high_freq": 392.3793640136719,
      "loudness": -21.953638076782227,
      "loudness_range": 26.91034507751465,
      "low_freq": 148.1999969482422,
      "mid_mean": -21.700510025024414,
      "mid_to_side_loudness": -6.716983318328857,
      "mid_to_side_loudness_range": 17.680910110473633,
      "side_mean": -64.72469329833984
    },
    {
      "high_freq": 794.6976318359375,
      "loudness": -27.824647903442383,
      "loudness_range": 26.35028839111328,
      "low_freq": 392.3793640136719,
      "mid_mean": -25.48543357849121,
      "mid_to_side_loudness": -5.679210662841797,
      "mid_to_side_loudness_range": 17.126007080078125,
      "side_mean": -64.18659973144531
    },
    {
      "high_freq": 1457.5709228515625,
      "loudness": -37.96815490722656,
      "loudness_range": 33.50364685058594,
      "low_freq": 794.6976318359375,
      "mid_mean": -37.05080795288086,
      "mid_to_side_loudness": -4.524318218231201,
      "mid_to_side_loudness_range": 16.073184967041016,
      "side_mean": -64.52951049804688
    },
    {
      "high_freq": 2549.74365234375,
      "loudness": -44.4456672668457,
      "loudness_range": 28.939847946166992,
      "low_freq": 1457.5709228515625,
      "mid_mean": -54.08424758911133,
      "mid_to_side_loudness": -2.0422725677490234,
      "mid_to_side_loudness_range": 14.939485549926758,
      "side_mean": -64.86043548583984
    },
    {
      "high_freq": 4349.24462890625,
      "loudness": -51.07685852050781,
      "loudness_range": 29.211151123046875,
      "low_freq": 2549.74365234375,
      "mid_mean": -59.46880340576172,
      "mid_to_side_loudness": -1.6314057111740112,
      "mid_to_side_loudness_range": 13.190279006958008,
      "side_mean": -66.3597412109375
    },
    {
      "high_freq": 7314.1640625,
      "loudness": -59.76687240600586,
      "loudness_range": 30.069652557373047,
      "low_freq": 4349.24462890625,
      "mid_mean": -64.54298400878906,
      "mid_to_side_loudness": -2.237346887588501,
      "mid_to_side_loudness_range": 13.451519966125488,
      "side_mean": -68.93364715576172
    },
    {
      "high_freq": 12199.2666015625,
      "loudness": -50.16754150390625,
      "loudness_range": 33.27524185180664,
      "low_freq": 7314.1640625,
      "mid_mean": -65.43675994873047,
      "mid_to_side_loudness": -1.6442283391952515,
      "mid_to_side_loudness_range": 6.806475639343262,
      "side_mean": -69.9010238647461
    },
    {
      "loudness": -72.09437561035156,
      "loudness_range": 24.999237060546875,
      "low_freq": 12199.2666015625,
      "mid_mean": -65.92772674560547,
      "mid_to_side_loudness": -2.5119147300720215,
      "mid_to_side_loudness_range": 7.879642963409424,
      "side_mean": -68.74500274658203
    }
  ],
  "bandwidth": 410.4722900390625,
  "channels": 2,
  "covariance": [
    [
      382.9539794921875,
      -5.637645244598389,
      59.484893798828125,
      -90.1724624633789,
      -35.09425735473633,
      -96.4915771484375,
      -61.27287673950195,
      -89.75209045410156,
      -65.00708770751953,
      -83.85740661621094,
      -20.2816219329834,
      -60.210693359375,
      41.417789459228516,
      -8.739765167236328,
      89.7372055053711,
      -0.19644871354103088,
      59.84165954589844,
      -5.164829730987549
    ],
    [
      -5.637645244598389,
      12.892719268798828,
      -3.8192203044891357,
      33.454017639160156,
      2.7086689472198486,
      37.114620208740234,
      10.59467601776123,
      36.338233947753906,
      19.497976303100586,
      34.2208137512207,
      15.415849685668945,
      25.76041030883789,
      3.765810012817383,
      10.578036308288574,
      -5.2429094314575195,
      1.8735636472702026,
      -2.9646964073181152,
      1.667606234550476
    ],
    [
      59.484893798828125,
      -3.8192203044891357,
      93.28890228271484,
      -31.925857543945312,
      24.582481384277344,
      -40.09540939331055,
      7.377021312713623,
      -36.75457000732422,
      16.579151153564453,
      -33.97841262817383,
      7.035743236541748,
      -27.18067741394043,
      8.350715637207031,
      -7.182077407836914,
      26.328550338745117,
      -1.7696738243103027,
      21.69419288635254,
      -1.1239839792251587
    ],
    [
      -90.1724624633789,
      33.454017639160156,
      -31.925857543945312,
      176.05429077148438,
      -23.633155822753906,
      158.41270446777344,
      33.348270416259766,
      158.68955993652344,
      73.56380462646484,
      143.2115936279297,
      54.122623443603516,
      105.65626525878906,
      -9.66877269744873,
      26.862245559692383,
      -32.87268829345703,
      2.9959211349487305,
      -14.775339126586914,
      9.275729179382324
    ],
    [
      -35.09425735473633,
      2.7086689472198486,
      24.582481384277344,
      -23.633155822753906,
      83.53077697753906,
      -15.462366104125977,
      61.955772399902344,
      -18.225563049316406,
      64.10607147216797,
      -14.062149047851562,
      42.00170135498047,
      -9.515878677368164,
      24.66663932800293,
      3.2824974060058594,
      -2.625275135040283,
      1.3178249597549438,
      -5.82309103012085,
      -1.5809175968170166
    ],
    [
      -96.4915771484375,
      37.114620208740234,
      -40.09540939331055,
      158.41270446777344,
      -15.462366104125977,
      184.01834106445312,
      26.702381134033203,
      169.34747314453125,
      82.9844741821289,
      160.89697265625,
      55.93101119995117,
      116.34020233154297,
      -1.4251059293746948,
      35.54898452758789,
      -34.62788391113281,
      4.918747425079346,
      -16.683799743652344,
      9.393241882324219
    ],
    [
      -61.27287673950195,
      10.59467601776123,
      7.377021312713623,
      33.348270416259766,
      61.955772399902344,
      26.702381134033203,
      122.72537231445312,
      29.956632614135742,
      106.43533325195312,
      24.80051040649414,
      91.04869079589844,
      22.215145111083984,
      49.80699920654297,
      9.115205764770508,
      15.030755996704102,
      0.9437692165374756,
      8.180660247802734,
      1.3157262802124023
    ],
    [
      -89.75209045410156,
      36.338233947753906,
      -36.75457000732422,
      158.68955993652344,
      -18.225563049316406,
      169.34747314453125,
      29.956632614135742,
      166.87660217285156,
      80.29467010498047,
      150.98199462890625,
      57.69740295410156,
      113.55426025390625,
      -2.6070446968078613,
      33.21766662597656,
      -33.03520202636719,
      4.4958367347717285,
      -16.04721450805664,
      8.77556324005127
    ],
    [
      -65.00708770751953,
      19.497976303100586,
      16.579151153564453,
      73.56380462646484,
      64.10607147216797,
      82.9844741821289,
      106.43533325195312,
      80.29467010498047,
      220.1837615966797,
      74.60418701171875,
      169.14642333984375,
      56.48680877685547,
      91.28142547607422,
      19.167816162109375,
      59.11225509643555,
      2.840165376663208,
      42.02713394165039,
      4.211482524871826
    ],
    [
      -83.85740661621094,
      34.2208137512207,
      -33.97841262817383,
      143.2115936279297,
      -14.062149047851562,
      160.89697265625,
      24.80051040649414,
      150.98199462890625,
      74.60418701171875,
      146.48660278320312,
      52.054115295410156,
      104.40083312988281,
      -0.3449896574020386,
      33.04741287231445,
      -30.620351791381836,
      4.573051929473877,
      -15.491939544677734,
      7.844518661499023
    ],
    [
      -20.2816219329834,
      15.415849685668945,
      7.035743236541748,
      54.122623443603516,
      42.00170135498047,
      55.93101119995117,
      91.04869079589844,
      57.69740295410156,
      169.14642333984375,
      52.054115295410156,
      167.78492736816406,
      45.61347198486328,
      101.33546447753906,
      17.026477813720703,
      77.93671417236328,
      2.6573474407196045,
      50.84434127807617,
      1.4164612293243408
    ],
    [
      -60.210693359375,
      25.76041030883789,
      -27.18067741394043,
      105.65626525878906,
      -9.515878677368164,
      116.34020233154297,
      22.215145111083984,
      113.55426025390625,
      56.48680877685547,
      104.40083312988281,
      45.61347198486328,
      84.14302825927734,
      3.6813676357269287,
      27.424409866333008,
      -21.758502960205078,
      4.219394207000732,
      -12.442160606384277,
      4.577875137329102
    ],
    [
      41.417789459228516,
      3.765810012817383,
      8.350715637207031,
      -9.66877269744873,
      24.66663932800293,
      -1.4251059293746948,
      49.80699920654297,
      -2.6070446968078613,
      91.28142547607422,
      -0.3449896574020386,
      101.33546447753906,
      3.6813676357269287,
      95.8632583618164,
      8.678766250610352,
      88.6741714477539,
      1.8247129917144775,
      57.53163146972656,
      -1.0047365427017212
    ],
    [
      -8.739765167236328,
      10.578036308288574,
      -7.182077407836914,
      26.862245559692383,
      3.2824974060058594,
      35.54898452758789,
      9.115205764770508,
      33.21766662597656,
      19.167816162109375,
      33.04741287231445,
      17.026477813720703,
      27.424409866333008,
      8.678766250610352,
      14.612899780273438,
      -4.473851680755615,
      2.598560333251953,
      -3.5314218997955322,
      0.9778327941894531
    ],
    [
      89.7372055053711,
      -5.2429094314575195,
      26.328550338745117,
      -32.87268829345703,
      -2.625275135040283,
      -34.62788391113281,
      15.030755996704102,
      -33.03520202636719,
      59.11225509643555,
      -30.620351791381836,
      77.93671417236328,
      -21.758502960205078,
      88.6741714477539,
      -4.473851680755615,
      137.2206573486328,
      0.0479508638381958,
      92.0938491821289,
      -1.8042024374008179
    ],
    [
      -0.19644871354103088,
      1.8735636472702026,
      -1.7696738243103027,
      2.9959211349487305,
      1.3178249597549438,
      4.918747425079346,
      0.9437692165374756,
      4.4958367347717285,
      2.840165376663208,
      4.573051929473877,
      2.6573474407196045,
      4.219394207000732,
      1.8247129917144775,
      2.598560333251953,
      0.0479508638381958,
      1.1602740287780762,
      -0.48479244112968445,
      0.09364216774702072
    ],
    [
      59.84165954589844,
      -2.9646964073181152,
      21.69419288635254,
      -14.775339126586914,
      -5.82309103012085,
      -16.683799743652344,
      8.180660247802734,
      -16.04721450805664,
      42.02713394165039,
      -15.491939544677734,
      50.84434127807617,
      -12.442160606384277,
      57.53163146972656,
      -3.5314218997955322,
      92.0938491821289,
      -0.48479244112968445,
      67.57821655273438,
      0.06466292589902878
    ],
    [
      -5.164829730987549,
      1.667606234550476,
      -1.1239839792251587,
      9.275729179382324,
      -1.5809175968170166,
      9.393241882324219,
      1.3157262802124023,
      8.77556324005127,
      4.211482524871826,
      7.844518661499023,
      1.4164612293243408,
      4.577875137329102,
      -1.0047365427017212,
      0.9778327941894531,
      -1.8042024374008179,
      0.09364216774702072,
      0.06466292589902878,
      1.3671189546585083
    ]
  ],
  "covariance_short": [
    [
      258.873291015625,
      2.7523701190948486,
      116.89746856689453,
      -26.06039047241211,
      -10.572876930236816,
      -28.804039001464844,
      -55.58335494995117,
      -25.73642349243164,
      13.454690933227539,
      -24.206552505493164,
      10.706093788146973,
      -15.494584083557129,
      20.431468963623047,
      0.19488394260406494,
      36.96013641357422,
      0.7005721926689148,
      20.669342041015625,
      -1.5350948572158813
    ],
    [
      2.7523701190948486,
      7.167258262634277,
      0.2578338086605072,
      21.429304122924805,
      3.923471689224243,
      23.728601455688477,
      10.527684211730957,
      23.38234519958496,
      14.865860939025879,
      21.892925262451172,
      12.023938179016113,
      16.446609497070312,
      4.838750839233398,
      7.577975749969482,
      -1.9367773532867432,
      1.1466765403747559,
      -0.8551884889602661,
      1.0295699834823608
    ],
    [
      116.89746856689453,
      0.2578338086605072,
      185.3948974609375,
      -18.778827667236328,
      33.46146011352539,
      -31.13998794555664,
      -6.271139621734619,
      -27.40708351135254,
      0.31485751271247864,
      -24.873825073242188,
      -17.5598087310791,
      -19.411300659179688,
      -13.585702896118164,
      -4.466594219207764,
      7.7314348220825195,
      -0.9772096276283264,
      5.411317825317383,
      -0.7176583409309387
    ],
    [
      -26.06039047241211,
      21.429304122924805,
      -18.778827667236328,
      163.83071899414062,
      -20.932294845581055,
      145.46676635742188,
      45.87187194824219,
      144.18067932128906,
      81.47889709472656,
      130.3436737060547,
      61.02349853515625,
      94.53081512451172,
      3.5264883041381836,
      27.563913345336914,
      -21.364179611206055,
      2.1805191040039062,
      -6.2223801612854,
      8.563847541809082
    ],
    [
      -10.572876930236816,
      3.923471689224243,
      33.46146011352539,
      -20.932294845581055,
      114.86260986328125,
      -12.952803611755371,
      91.85379028320312,
      -15.562406539916992,
      80.60550689697266,
      -12.157472610473633,
      50.1432991027832,
      -6.6996989250183105,
      24.705379486083984,
      5.273064613342285,
      -7.784396648406982,
      1.3024717569351196,
      -10.227794647216797,
      -1.698377013206482
    ],
    [
      -28.804039001464844,
      23.728601455688477,
      -31.13998794555664,
      145.46676635742188,
      -12.952803611755371,
      171.67955017089844,
      38.402618408203125,
      156.62521362304688,
      92.65728759765625,
      148.66854858398438,
      63.65908432006836,
      104.89891815185547,
      11.287958145141602,
      34.88361358642578,
      -22.824703216552734,
      3.567049980163574,
      -7.334245681762695,
      8.989812850952148
    ],
    [
      -55.58335494995117,
      10.527684211730957,
      -6.271139621734619,
      45.87187194824219,
      91.85379028320312,
      38.402618408203125,
      163.60800170898438,
      40.7564697265625,
      134.88131713867188,
      35.23276901245117,
      103.7735824584961,
      28.878036499023438,
      46.20543670654297,
      12.2457857131958,
      2.4746062755584717,
      1.2177664041519165,
      -0.5446639060974121,
      1.7016862630844116
    ],
    [
      -25.73642349243164,
      23.38234519958496,
      -27.40708351135254,
      144.18067932128906,
      -15.562406539916992,
      156.62521362304688,
      40.7564697265625,
      153.2056121826172,
      88.52913665771484,
      138.04043579101562,
      64.03482055664062,
      101.2781982421875,
      9.065519332885742,
      31.61345863342285,
      -21.459808349609375,
      3.2775819301605225,
      -7.00715446472168,
      8.341730117797852
    ],
    [
      13.454690933227539,
      14.865860939025879,
      0.31485751271247864,
      81.47889709472656,
      80.60550689697266,
      92.65728759765625,
      134.88131713867188,
      88.52913665771484,
      223.9019775390625,
      82.58769989013672,
      158.86924743652344,
      60.443092346191406,
      76.23971557617188,
      21.153738021850586,
      39.01205825805664,
      2.4386985301971436,
      26.83049201965332,
      4.67038631439209
    ],
    [
      -24.206552505493164,
      21.892925262451172,
      -24.873825073242188,
      130.3436737060547,
      -12.157472610473633,
      148.66854858398438,
      35.23276901245117,
      138.04043579101562,
      82.58769989013672,
      134.906005859375,
      58.01020050048828,
      92.71347045898438,
      11.629546165466309,
      32.8690071105957,
      -19.82217025756836,
      3.3799819946289062,
      -6.93522310256958,
      7.488985538482666
    ],
    [
      10.706093788146973,
      12.023938179016113,
      -17.5598087310791,
      61.02349853515625,
      50.1432991027832,
      63.65908432006836,
      103.7735824584961,
      64.03482055664062,
      158.86924743652344,
      58.01020050048828,
      155.7506103515625,
      48.79967498779297,
      86.58467102050781,
      18.841388702392578,
      57.40387725830078,
      2.28352427482605,
      35.42291259765625,
      1.5584604740142822
    ],
    [
      -15.494584083557129,
      16.446609497070312,
      -19.411300659179688,
      94.53081512451172,
      -6.6996989250183105,
      104.89891815185547,
      28.878036499023438,
      101.2781982421875,
      60.443092346191406,
      92.71347045898438,
      48.79967498779297,
      73.98754119873047,
      10.754071235656738,
      25.341955184936523,
      -13.581869125366211,
      3.043663740158081,
      -6.14424467086792,
      4.07318639755249
    ],
    [
      20.431468963623047,
      4.838750839233398,
      -13.585702896118164,
      3.5264883041381836,
      24.705379486083984,
      11.287958145141602,
      46.20543670654297,
      9.065519332885742,
      76.23971557617188,
      11.629546165466309,
      86.58467102050781,
      10.754071235656738,
      78.20552062988281,
      10.030387878417969,
      66.56837463378906,
      1.7435352802276611,
      40.45535659790039,
      -0.6806012988090515
    ],
    [
      0.19488394260406494,
      7.577975749969482,
      -4.466594219207764,
      27.563913345336914,
      5.273064613342285,
      34.88361358642578,
      12.2457857131958,
      31.61345863342285,
      21.153738021850586,
      32.8690071105957,
      18.841388702392578,
      25.341955184936523,
      10.030387878417969,
      14.510732650756836,
      -2.7795863151550293,
      2.1319313049316406,
      -2.23702335357666,
      0.7423155307769775
    ],
    [
      36.96013641357422,
      -1.9367773532867432,
      7.7314348220825195,
      -21.364179611206055,
      -7.784396648406982,
      -22.824703216552734,
      2.4746062755584717,
      -21.459808349609375,
      39.01205825805664,
      -19.82217025756836,
      57.40387725830078,
      -13.581869125366211,
      66.56837463378906,
      -2.7795863151550293,
      105.4753646850586,
      0.33936864137649536,
      66.27314758300781,
      -1.3216252326965332
    ],
    [
      0.7005721926689148,
      1.1466765403747559,
      -0.9772096276283264,
      2.1805191040039062,
      1.3024717569351196,
      3.567049980163574,
      1.2177664041519165,
      3.2775819301605225,
      2.4386985301971436,
      3.3799819946289062,
      2.28352427482605,
      3.043663740158081,
      1.7435352802276611,
      2.1319313049316406,
      0.33936864137649536,
      0.9381895065307617,
      -0.20043134689331055,
      0.0636988952755928
    ],
    [
      20.669342041015625,
      -0.8551884889602661,
      5.411317825317383,
      -6.2223801612854,
      -10.227794647216797,
      -7.334245681762695,
      -0.5446639060974121,
      -7.00715446472168,
      26.83049201965332,
      -6.93522310256958,
      35.42291259765625,
      -6.14424467086792,
      40.45535659790039,
      -2.23702335357666,
      66.27314758300781,
      -0.20043134689331055,
      47.34792709350586,
      0.46263402700424194
    ],
    [
      -1.5350948572158813,
      1.0295699834823608,
      -0.7176583409309387,
      8.563847541809082,
      -1.698377013206482,
      8.989812850952148,
      1.7016862630844116,
      8.341730117797852,
      4.67038631439209,
      7.488985538482666,
      1.5584604740142822,
      4.07318639755249,
      -0.6806012988090515,
      0.7423155307769775,
      -1.3216252326965332,
      0.0636988952755928,
      0.46263402700424194,
      1.3710060119628906
    ]
  ],
  "damage": -6.576928615570068,
  "diff_bandwidth": 393.57244873046875,
  "dissonance": 1.253694983953268,
  "drr": -2.784989833831787,
  "dynamics": 5.954484939575195,
  "format": 1245190,
  "frames": 7437248,
  "loudness": -14.248296737670898,
  "loudness_range": 16.644384384155273,
  "loudness_range_short": 21.561513900756836,
  "lowpass_true_peak_15khz": -0.47383010387420654,
  "mastering3_acoustic_entropies": [
    {
      "acoustic_entropy": 8.142627716064453,
      "acoustic_entropy_mono": 8.446538925170898,
      "band_eliminated_acoustic_entropies": [
        {
          "acoustic_entropy": 8.134851455688477,
          "acoustic_entropy_side": 8.142627716064453,
          "hz": 129.47220167065723
        },
        {
          "acoustic_entropy": 7.384893894195557,
          "acoustic_entropy_side": 8.142624855041504,
          "hz": 202.92927478742237
        },
        {
          "acoustic_entropy": 8.718661308288574,
          "acoustic_entropy_side": 8.143139839172363,
          "hz": 282.89161906338205
        },
        {
          "acoustic_entropy": 9.003442764282227,
          "acoustic_entropy_side": 8.135293960571289,
          "hz": 369.9353335868758
        },
        {
          "acoustic_entropy": 8.204073905944824,
          "acoustic_entropy_side": 8.099514961242676,
          "hz": 464.6875360973435
        },
        {
          "acoustic_entropy": 7.820702075958252,
          "acoustic_entropy_side": 8.0974760055542,
          "hz": 567.8308811364784
        },
        {
          "acoustic_entropy": 8.537527084350586,
          "acoustic_entropy_side": 8.118412971496582,
          "hz": 680.1084783214808
        },
        {
          "acoustic_entropy": 7.92376184463501,
          "acoustic_entropy_side": 8.129646301269531,
          "hz": 802.3292461747484
        },
        {
          "acoustic_entropy": 8.197936058044434,
          "acoustic_entropy_side": 8.140336036682129,
          "hz": 935.3737400823702
        },
        {
          "acoustic_entropy": 7.601917266845703,
          "acoustic_entropy_side": 8.08156967163086,
          "hz": 1080.2004963696966
        },
        {
          "acoustic_entropy": 7.882198810577393,
          "acoustic_entropy_side": 8.029793739318848,
          "hz": 1237.8529382007157
        },
        {
          "acoustic_entropy": 8.123590469360352,
          "acoustic_entropy_side": 8.11418628692627,
          "hz": 1409.4668930556702
        },
        {
          "acoustic_entropy": 8.216425895690918,
          "acoustic_entropy_side": 8.126437187194824,
          "hz": 1596.2787759475705
        },
        {
          "acoustic_entropy": 8.172198295593262,
          "acoustic_entropy_side": 8.167551040649414,
          "hz": 1799.6344973346393
        },
        {
          "acoustic_entropy": 8.148399353027344,
          "acoustic_entropy_side": 8.1419095993042,
          "hz": 2020.9991599069049
        },
        {
          "acoustic_entropy": 8.118908882141113,
          "acoustic_entropy_side": 8.139313697814941,
          "hz": 2261.9676141086993
        },
        {
          "acoustic_entropy": 8.1278657913208,
          "acoustic_entropy_side": 8.137130737304688,
          "hz": 2524.2759484456974
        },
        {
          "acoustic_entropy": 8.108631134033203,
          "acoustic_entropy_side": 8.123300552368164,
          "hz": 2809.813997359896
        },
        {
          "acoustic_entropy": 8.121475219726562,
          "acoustic_entropy_side": 8.127439498901367,
          "hz": 3120.6389567871424
        },
        {
          "acoustic_entropy": 8.138002395629883,
          "acoustic_entropy_side": 8.139598846435547,
          "hz": 3458.990205492291
        },
        {
          "acoustic_entropy": 8.140279769897461,
          "acoustic_entropy_side": 8.141905784606934,
          "hz": 3827.305438964164
        },
        {
          "acoustic_entropy": 8.143075942993164,
          "acoustic_entropy_side": 8.142377853393555,
          "hz": 4228.238232109126
        },
        {
          "acoustic_entropy": 8.142681121826172,
          "acoustic_entropy_side": 8.142549514770508,
          "hz": 4664.6771572759235
        },
        {
          "acoustic_entropy": 8.14172077178955,
          "acoustic_entropy_side": 8.142555236816406,
          "hz": 5139.766595350093
        },
        {
          "acoustic_entropy": 8.142248153686523,
          "acoustic_entropy_side": 8.14260482788086,
          "hz": 5656.929389854203
        },
        {
          "acoustic_entropy": 8.14261531829834,
          "acoustic_entropy_side": 8.142623901367188,
          "hz": 6219.891507268283
        },
        {
          "acoustic_entropy": 8.142967224121094,
          "acoustic_entropy_side": 8.14262580871582,
          "hz": 6832.70888123896
        },
        {
          "acoustic_entropy": 8.14506721496582,
          "acoustic_entropy_side": 8.14262580871582,
          "hz": 7499.796634079867
        },
        {
          "acoustic_entropy": 8.147254943847656,
          "acoustic_entropy_side": 8.14262580871582,
          "hz": 8225.96088609342
        },
        {
          "acoustic_entropy": 8.157004356384277,
          "acoustic_entropy_side": 8.142626762390137,
          "hz": 9016.43338188839
        },
        {
          "acoustic_entropy": 8.165445327758789,
          "acoustic_entropy_side": 8.142627716064453,
          "hz": 9876.909183162974
        },
        {
          "acoustic_entropy": 8.152751922607422,
          "acoustic_entropy_side": 8.142627716064453,
          "hz": 10813.587699516042
        },
        {
          "acoustic_entropy": 8.109065055847168,
          "acoustic_entropy_side": 8.142627716064453,
          "hz": 11833.21735289826
        },
        {
          "acoustic_entropy": 8.153697967529297,
          "acoustic_entropy_side": 8.142627716064453,
          "hz": 12943.144197493959
        },
        {
          "acoustic_entropy": 8.153555870056152,
          "acoustic_entropy_side": 8.142627716064453,
          "hz": 14151.364845322005
        },
        {
          "acoustic_entropy": 8.14600658416748,
          "acoustic_entropy_side": 8.142627716064453,
          "hz": 15466.58407886509
        },
        {
          "acoustic_entropy": 8.143217086791992,
          "acoustic_entropy_side": 8.142627716064453,
          "hz": 16898.27756580493
        },
        {
          "acoustic_entropy": 8.142592430114746,
          "acoustic_entropy_side": 8.142627716064453,
          "hz": 18456.760127700032
        },
        {
          "acoustic_entropy": 8.142561912536621,
          "acoustic_entropy_side": 8.142627716064453,
          "hz": 20153.260054456492
        },
        {
          "acoustic_entropy": 8.142613410949707,
          "acoustic_entropy_side": 8.142626762390137,
          "hz": 22000.00000000001
        }
      ],
      "diff_acoustic_entropy": 3.918172836303711,
      "sn": 6
    },
    {
      "acoustic_entropy": 12.011914253234863,
      "acoustic_entropy_mono": 12.017416954040527,
      "band_eliminated_acoustic_entropies": [
        {
          "acoustic_entropy": 12.011726379394531,
          "acoustic_entropy_side": 12.011914253234863,
          "hz": 129.47220167065723
        },
        {
          "acoustic_entropy": 12.035514831542969,
          "acoustic_entropy_side": 12.011900901794434,
          "hz": 202.92927478742237
        },
        {
          "acoustic_entropy": 11.912110328674316,
          "acoustic_entropy_side": 12.008700370788574,
          "hz": 282.89161906338205
        },
        {
          "acoustic_entropy": 12.593647003173828,
          "acoustic_entropy_side": 12.083169937133789,
          "hz": 369.9353335868758
        },
        {
          "acoustic_entropy": 12.305075645446777,
          "acoustic_entropy_side": 11.902517318725586,
          "hz": 464.6875360973435
        },
        {
          "acoustic_entropy": 12.012762069702148,
          "acoustic_entropy_side": 12.009528160095215,
          "hz": 567.8308811364784
        },
        {
          "acoustic_entropy": 11.909629821777344,
          "acoustic_entropy_side": 11.897826194763184,
          "hz": 680.1084783214808
        },
        {
          "acoustic_entropy": 12.426558494567871,
          "acoustic_entropy_side": 12.027632713317871,
          "hz": 802.3292461747484
        },
        {
          "acoustic_entropy": 12.14195728302002,
          "acoustic_entropy_side": 12.018460273742676,
          "hz": 935.3737400823702
        },
        {
          "acoustic_entropy": 11.746137619018555,
          "acoustic_entropy_side": 11.897970199584961,
          "hz": 1080.2004963696966
        },
        {
          "acoustic_entropy": 11.963150024414062,
          "acoustic_entropy_side": 11.813883781433105,
          "hz": 1237.8529382007157
        },
        {
          "acoustic_entropy": 12.380560874938965,
          "acoustic_entropy_side": 12.038276672363281,
          "hz": 1409.4668930556702
        },
        {
          "acoustic_entropy": 12.407771110534668,
          "acoustic_entropy_side": 11.958248138427734,
          "hz": 1596.2787759475705
        },
        {
          "acoustic_entropy": 12.328664779663086,
          "acoustic_entropy_side": 12.144659996032715,
          "hz": 1799.6344973346393
        },
        {
          "acoustic_entropy": 12.056427001953125,
          "acoustic_entropy_side": 12.002999305725098,
          "hz": 2020.9991599069049
        },
        {
          "acoustic_entropy": 12.113851547241211,
          "acoustic_entropy_side": 12.021295547485352,
          "hz": 2261.9676141086993
        },
        {
          "acoustic_entropy": 12.134702682495117,
          "acoustic_entropy_side": 12.018301963806152,
          "hz": 2524.2759484456974
        },
        {
          "acoustic_entropy": 12.127434730529785,
          "acoustic_entropy_side": 12.005970001220703,
          "hz": 2809.813997359896
        },
        {
          "acoustic_entropy": 12.109766006469727,
          "acoustic_entropy_side": 12.016813278198242,
          "hz": 3120.6389567871424
        },
        {
          "acoustic_entropy": 12.059102058410645,
          "acoustic_entropy_side": 12.021581649780273,
          "hz": 3458.990205492291
        },
        {
          "acoustic_entropy": 12.032156944274902,
          "acoustic_entropy_side": 12.015636444091797,
          "hz": 3827.305438964164
        },
        {
          "acoustic_entropy": 12.029766082763672,
          "acoustic_entropy_side": 12.014963150024414,
          "hz": 4228.238232109126
        },
        {
          "acoustic_entropy": 12.015862464904785,
          "acoustic_entropy_side": 12.012691497802734,
          "hz": 4664.6771572759235
        },
        {
          "acoustic_entropy": 12.015495300292969,
          "acoustic_entropy_side": 12.01253604888916,
          "hz": 5139.766595350093
        },
        {
          "acoustic_entropy": 12.012476921081543,
          "acoustic_entropy_side": 12.012055397033691,
          "hz": 5656.929389854203
        },
        {
          "acoustic_entropy": 12.01191234588623,
          "acoustic_entropy_side": 12.011960983276367,
          "hz": 6219.891507268283
        },
        {
          "acoustic_entropy": 12.010640144348145,
          "acoustic_entropy_side": 12.011927604675293,
          "hz": 6832.70888123896
        },
        {
          "acoustic_entropy": 11.994051933288574,
          "acoustic_entropy_side": 12.011946678161621,
          "hz": 7499.796634079867
        },
        {
          "acoustic_entropy": 11.959346771240234,
          "acoustic_entropy_side": 12.011932373046875,
          "hz": 8225.96088609342
        },
        {
          "acoustic_entropy": 11.71336841583252,
          "acoustic_entropy_side": 12.011920928955078,
          "hz": 9016.43338188839
        },
        {
          "acoustic_entropy": 11.757108688354492,
          "acoustic_entropy_side": 12.011914253234863,
          "hz": 9876.909183162974
        },
        {
          "acoustic_entropy": 11.865612983703613,
          "acoustic_entropy_side": 12.011914253234863,
          "hz": 10813.587699516042
        },
        {
          "acoustic_entropy": 11.72099494934082,
          "acoustic_entropy_side": 12.011914253234863,
          "hz": 11833.21735289826
        },
        {
          "acoustic_entropy": 11.586264610290527,
          "acoustic_entropy_side": 12.011914253234863,
          "hz": 12943.144197493959
        },
        {
          "acoustic_entropy": 11.942667961120605,
          "acoustic_entropy_side": 12.011914253234863,
          "hz": 14151.364845322005
        },
        {
          "acoustic_entropy": 11.983637809753418,
          "acoustic_entropy_side": 12.011914253234863,
          "hz": 15466.58407886509
        },
        {
          "acoustic_entropy": 12.003923416137695,
          "acoustic_entropy_side": 12.011914253234863,
          "hz": 16898.27756580493
        },
        {
          "acoustic_entropy": 12.008821487426758,
          "acoustic_entropy_side": 12.011914253234863,
          "hz": 18456.760127700032
        },
        {
          "acoustic_entropy": 12.01037311553955,
          "acoustic_entropy_side": 12.01191520690918,
          "hz": 20153.260054456492
        },
        {
          "acoustic_entropy": 12.011645317077637,
          "acoustic_entropy_side": 12.01191520690918,
          "hz": 22000.00000000001
        }
      ],
      "diff_acoustic_entropy": 6.0098557472229,
      "sn": 12
    },
    {
      "acoustic_entropy": 19.897172927856445,
      "acoustic_entropy_mono": 18.786394119262695,
      "band_eliminated_acoustic_entropies": [
        {
          "acoustic_entropy": 19.701114654541016,
          "acoustic_entropy_side": 19.897157669067383,
          "hz": 129.47220167065723
        },
        {
          "acoustic_entropy": 19.824296951293945,
          "acoustic_entropy_side": 19.89644432067871,
          "hz": 202.92927478742237
        },
        {
          "acoustic_entropy": 19.989957809448242,
          "acoustic_entropy_side": 19.693622589111328,
          "hz": 282.89161906338205
        },
        {
          "acoustic_entropy": 19.818592071533203,
          "acoustic_entropy_side": 19.582212448120117,
          "hz": 369.9353335868758
        },
        {
          "acoustic_entropy": 20.015277862548828,
          "acoustic_entropy_side": 19.742860794067383,
          "hz": 464.6875360973435
        },
        {
          "acoustic_entropy": 19.64865493774414,
          "acoustic_entropy_side": 19.752716064453125,
          "hz": 567.8308811364784
        },
        {
          "acoustic_entropy": 20.327983856201172,
          "acoustic_entropy_side": 19.7122745513916,
          "hz": 680.1084783214808
        },
        {
          "acoustic_entropy": 20.26723861694336,
          "acoustic_entropy_side": 19.471385955810547,
          "hz": 802.3292461747484
        },
        {
          "acoustic_entropy": 19.845468521118164,
          "acoustic_entropy_side": 19.8372859954834,
          "hz": 935.3737400823702
        },
        {
          "acoustic_entropy": 20.7578125,
          "acoustic_entropy_side": 19.98920249938965,
          "hz": 1080.2004963696966
        },
        {
          "acoustic_entropy": 19.93630599975586,
          "acoustic_entropy_side": 19.523969650268555,
          "hz": 1237.8529382007157
        },
        {
          "acoustic_entropy": 19.562044143676758,
          "acoustic_entropy_side": 19.849533081054688,
          "hz": 1409.4668930556702
        },
        {
          "acoustic_entropy": 19.577611923217773,
          "acoustic_entropy_side": 19.670604705810547,
          "hz": 1596.2787759475705
        },
        {
          "acoustic_entropy": 19.956817626953125,
          "acoustic_entropy_side": 19.623565673828125,
          "hz": 1799.6344973346393
        },
        {
          "acoustic_entropy": 20.224870681762695,
          "acoustic_entropy_side": 19.963613510131836,
          "hz": 2020.9991599069049
        },
        {
          "acoustic_entropy": 19.27972984313965,
          "acoustic_entropy_side": 19.88767433166504,
          "hz": 2261.9676141086993
        },
        {
          "acoustic_entropy": 19.77166748046875,
          "acoustic_entropy_side": 19.831501007080078,
          "hz": 2524.2759484456974
        },
        {
          "acoustic_entropy": 19.725128173828125,
