{
  "acoustic_entropy": 99.07601928710938,
  "bands": [
    {
      "high_freq": 148.1999969482422,
      "loudness": -73.4070816040039,
      "loudness_range": 24.817642211914062,
      "mid_mean": -66.09553527832031,
      "mid_to_side_loudness": -19.066558837890625,
      "mid_to_side_loudness_range": 17.27886962890625,
      "side_mean": -69.90370178222656
    },
    {
      "high_freq": 392.3793640136719,
      "loudness": -64.86412811279297,
      "loudness_range": 28.747817993164062,
      "low_freq": 148.1999969482422,
      "mid_mean": -64.97554016113281,
      "mid_to_side_loudness": -12.25995922088623,
      "mid_to_side_loudness_range": 17.98342514038086,
      "side_mean": -68.6572494506836
    },
    {
      "high_freq": 794.6976318359375,
      "loudness": -39.52130126953125,
      "loudness_range": 19.99201011657715,
      "low_freq": 392.3793640136719,
      "mid_mean": -36.97565841674805,
      "mid_to_side_loudness": -9.751626014709473,
      "mid_to_side_loudness_range": 20.491641998291016,
      "side_mean": -46.985965728759766
    },
    {
      "high_freq": 1457.5709228515625,
      "loudness": -38.87595748901367,
      "loudness_range": 23.06537437438965,
      "low_freq": 794.6976318359375,
      "mid_mean": -35.6999626159668,
      "mid_to_side_loudness": -13.117166519165039,
      "mid_to_side_loudness_range": 20.669322967529297,
      "side_mean": -51.2576904296875
    },
    {
      "high_freq": 2549.74365234375,
      "loudness": -50.55818557739258,
      "loudness_range": 19.453067779541016,
      "low_freq": 1457.5709228515625,
      "mid_mean": -50.3657341003418,
      "mid_to_side_loudness": -12.00566291809082,
      "mid_to_side_loudness_range": 14.882627487182617,
      "side_mean": -60.57891845703125
    },
    {
      "high_freq": 4349.24462890625,
      "loudness": -59.799224853515625,
      "loudness_range": 21.94438934326172,
      "low_freq": 2549.74365234375,
      "mid_mean": -57.53017807006836,
      "mid_to_side_loudness": -14.805032730102539,
      "mid_to_side_loudness_range": 13.295953750610352,
      "side_mean": -67.27639770507812
    },
    {
      "high_freq": 7314.1640625,
      "loudness": -71.80628967285156,
      "loudness_range": 18.02950668334961,
      "low_freq": 4349.24462890625,
      "mid_mean": -65.31082153320312,
      "mid_to_side_loudness": -16.627084732055664,
      "mid_to_side_loudness_range": 11.430411338806152,
      "side_mean": -69.81771850585938
    },
    {
      "high_freq": 12199.2666015625,
      "loudness": -79.44737243652344,
      "loudness_range": 7.951164245605469,
      "low_freq": 7314.1640625,
      "mid_mean": -68.92682647705078,
      "mid_to_side_loudness": -11.648415565490723,
      "mid_to_side_loudness_range": 12.206632614135742,
      "side_mean": -69.93804168701172
    },
    {
      "loudness": 0,
      "loudness_range": 0,
      "low_freq": 12199.2666015625,
      "mid_mean": -69.64098358154297,
      "mid_to_side_loudness": -3.8142104148864746,
      "mid_to_side_loudness_range": 3.7061004638671875,
      "side_mean": -69.85175323486328
    }
  ],
  "bands_short": [
    {
      "high_freq": 148.1999969482422,
      "loudness": -73.09928131103516,
      "loudness_range": 24.34121322631836,
      "mid_mean": -66.81208038330078,
      "mid_to_side_loudness": -19.58475112915039,
      "mid_to_side_loudness_range": 19.84764862060547,
      "side_mean": -69.93817901611328
    },
    {
      "high_freq": 392.3793640136719,
      "loudness": -65.57595825195312,
      "loudness_range": 27.74490737915039,
      "low_freq": 148.1999969482422,
      "mid_mean": -65.68284606933594,
      "mid_to_side_loudness": -11.475783348083496,
      "mid_to_side_loudness_range": 17.15448760986328,
      "side_mean": -68.92520141601562
    },
    {
      "high_freq": 794.6976318359375,
      "loudness": -40.124759674072266,
      "loudness_range": 21.729948043823242,
      "low_freq": 392.3793640136719,
      "mid_mean": -37.877628326416016,
      "mid_to_side_loudness": -8.907066345214844,
      "mid_to_side_loudness_range": 22.679548263549805,
      "side_mean": -47.70328140258789
    },
    {
      "high_freq": 1457.5709228515625,
      "loudness": -39.00676727294922,
      "loudness_range": 23.553340911865234,
      "low_freq": 794.6976318359375,
      "mid_mean": -36.1121711730957,
      "mid_to_side_loudness": -13.05563735961914,
      "mid_to_side_loudness_range": 22.4792423248291,
      "side_mean": -52.004581451416016
    },
    {
      "high_freq": 2549.74365234375,
      "loudness": -50.846351623535156,
      "loudness_range": 19.992633819580078,
      "low_freq": 1457.5709228515625,
      "mid_mean": -50.90763473510742,
      "mid_to_side_loudness": -11.913074493408203,
      "mid_to_side_loudness_range": 18.494571685791016,
      "side_mean": -61.05254364013672
    },
    {
      "high_freq": 4349.24462890625,
      "loudness": -59.12923812866211,
      "loudness_range": 21.99028778076172,
      "low_freq": 2549.74365234375,
      "mid_mean": -57.36795425415039,
      "mid_to_side_loudness": -14.258293151855469,
      "mid_to_side_loudness_range": 16.96665382385254,
      "side_mean": -66.95768737792969
    },
    {
      "high_freq": 7314.1640625,
      "loudness": -72.09058380126953,
      "loudness_range": 18.210235595703125,
      "low_freq": 4349.24462890625,
      "mid_mean": -65.44650268554688,
      "mid_to_side_loudness": -16.423095703125,
      "mid_to_side_loudness_range": 12.235613822937012,
      "side_mean": -69.81877899169922
    },
    {
      "high_freq": 12199.2666015625,
      "loudness": -79.566650390625,
      "loudness_range": 8.100807189941406,
      "low_freq": 7314.1640625,
      "mid_mean": -68.94004821777344,
      "mid_to_side_loudness": -11.53935432434082,
      "mid_to_side_loudness_range": 11.434111595153809,
      "side_mean": -69.9381332397461
    },
    {
      "loudness": 0,
      "loudness_range": 0,
      "low_freq": 12199.2666015625,
      "mid_mean": -69.63775634765625,
      "mid_to_side_loudness": -3.8526980876922607,
      "mid_to_side_loudness_range": 4.238773822784424,
      "side_mean": -69.85108947753906
    }
  ],
  "bandwidth": 924.6317749023438,
  "channels": 2,
  "covariance": [
    [
      23.576622009277344,
      0.42829251289367676,
      12.13039779663086,
      3.5040879249572754,
      14.435811042785645,
      4.220499515533447,
      -8.209928512573242,
      -1.3681586980819702,
      3.298800468444824,
      2.5047683715820312,
      -4.408266067504883,
      -1.4811160564422607,
      -3.26576828956604,
      -0.08671559393405914,
      -0.26897069811820984,
      0.012135584838688374,
      0.031034858897328377,
      0.009345903992652893
    ],
    [
      0.42829251289367676,
      0.014766507782042027,
      0.23179374635219574,
      0.1202729120850563,
      0.355026513338089,
      0.11481694132089615,
      -0.03167759254574776,
      0.15462081134319305,
      0.15044838190078735,
      0.08046194911003113,
      -0.03806540369987488,
      -0.01518387719988823,
      -0.02541949599981308,
      -5.6952470913529396e-05,
      0.0030892519280314445,
      0.0003361102717462927,
      0.0012161176418885589,
      0.0001425467198714614
    ],
    [
      12.13039779663086,
      0.23179374635219574,
      58.00917053222656,
      18.050373077392578,
      10.795835494995117,
      -2.3842804431915283,
      -2.879021406173706,
      -3.3347315788269043,
      3.888213872909546,
      -0.9055310487747192,
      6.484142780303955,
      2.372406244277954,
      -0.01525622047483921,
      0.09168508648872375,
      0.24541257321834564,
      0.017694013193249702,
      0.07076212763786316,
      0.006498993374407291
    ],
    [
      3.5040879249572754,
      0.1202729120850563,
      18.050373077392578,
      8.679944038391113,
      2.650383710861206,
      0.07373059540987015,
      -2.46331524848938,
      -2.540456771850586,
      0.624215841293335,
      -1.6149190664291382,
      0.798250138759613,
      -0.037140026688575745,
      -0.6538729667663574,
      -0.04284638911485672,
      -0.09129179269075394,
      0.0043764878064394,
      0.013160009868443012,
      0.0003782248531933874
    ],
    [
      14.435811042785645,
      0.355026513338089,
      10.795835494995117,
      2.650383710861206,
      59.04658126831055,
      34.118202209472656,
      -12.817428588867188,
      4.583083629608154,
      30.182146072387695,
      21.64763832092285,
      16.481178283691406,
      6.0678300857543945,
      4.843296051025391,
      0.45075172185897827,
      1.1978875398635864,
      0.01737256534397602,
      0.03298978507518768,
      -0.07326813042163849
    ],
    [
      4.220499515533447,
      0.11481694132089615,
      -2.3842804431915283,
      0.07373059540987015,
      34.118202209472656,
      60.5493049621582,
      -2.7805447578430176,
      16.77490997314453,
      28.086759567260742,
      20.508867263793945,
      20.89548683166504,
      5.677030086517334,
      7.895572185516357,
      0.31816598773002625,
      1.1853572130203247,
      0.013270589523017406,
      0.030126655474305153,
      -0.08370210975408554
    ],
    [
      -8.209928512573242,
      -0.03167759254574776,
      -2.879021406173706,
      -2.46331524848938,
      -12.817428588867188,
      -2.7805447578430176,
      82.01644897460938,
      55.701698303222656,
      10.474727630615234,
      -0.8917468786239624,
      25.003433227539062,
      7.129965782165527,
      16.8824520111084,
      0.3005749583244324,
      2.247105360031128,
      0.003575520357117057,
      0.13374173641204834,
      -0.007600974291563034
    ],
    [
      -1.3681586980819702,
      0.15462081134319305,
      -3.3347315788269043,
      -2.540456771850586,
      4.583083629608154,
      16.77490997314453,
      55.701698303222656,
      91.38104248046875,
      45.16516876220703,
      22.719284057617188,
      44.100433349609375,
      12.181164741516113,
      24.789249420166016,
      0.7778521776199341,
      4.107669830322266,
      0.0562128871679306,
      0.45457780361175537,
      0.08450944721698761
    ],
    [
      3.298800468444824,
      0.15044838190078735,
      3.888213872909546,
      0.624215841293335,
      30.182146072387695,
      28.086759567260742,
      10.474727630615234,
      45.16516876220703,
      104.01588439941406,
      61.340545654296875,
      54.39144515991211,
      16.072898864746094,
      23.48420524597168,
      1.585953712463379,
      4.781015872955322,
      0.07654432207345963,
      0.5049719214439392,
      0.09537986665964127
    ],
    [
      2.5047683715820312,
      0.08046194911003113,
      -0.9055310487747192,
      -1.6149190664291382,
      21.64763832092285,
      20.508867263793945,
      -0.8917468786239624,
      22.719284057617188,
      61.340545654296875,
      47.1005744934082,
      32.018287658691406,
      11.232040405273438,
      14.955666542053223,
      1.2477054595947266,
      3.273299217224121,
      0.04580792039632797,
      0.25807368755340576,
      0.0305641982704401
    ],
    [
      -4.408266067504883,
      -0.03806540369987488,
      6.484142780303955,
      0.798250138759613,
      16.481178283691406,
      20.89548683166504,
      25.003433227539062,
      44.100433349609375,
      54.39144515991211,
      32.018287658691406,
      55.85374069213867,
      18.895225524902344,
      24.887413024902344,
      1.3352444171905518,
      4.481703758239746,
      0.053144294768571854,
      0.3839273750782013,
      0.046262986958026886
    ],
    [
      -1.4811160564422607,
      -0.01518387719988823,
      2.372406244277954,
      -0.037140026688575745,
      6.0678300857543945,
      5.677030086517334,
      7.129965782165527,
      12.181164741516113,
      16.072898864746094,
      11.232040405273438,
      18.895225524902344,
      9.888642311096191,
      10.03104019165039,
      0.8127223253250122,
      2.0247325897216797,
      0.019078046083450317,
      0.11655190587043762,
      0.007260589860379696
    ],
    [
      -3.26576828956604,
      -0.02541949599981308,
      -0.01525622047483921,
      -0.6538729667663574,
      4.843296051025391,
      7.895572185516357,
      16.8824520111084,
      24.789249420166016,
      23.48420524597168,
      14.955666542053223,
      24.887413024902344,
      10.03104019165039,
      15.496251106262207,
      1.0177321434020996,
      2.912191152572632,
      0.026437465101480484,
      0.1818205565214157,
      0.015021592378616333
    ],
    [
      -0.08671559393405914,
      -5.6952470913529396e-05,
      0.09168508648872375,
      -0.04284638911485672,
      0.45075172185897827,
      0.31816598773002625,
      0.3005749583244324,
      0.7778521776199341,
      1.585953712463379,
      1.2477054595947266,
      1.3352444171905518,
      0.8127223253250122,
      1.0177321434020996,
      0.12951937317848206,
      0.23227977752685547,
      0.0022143919486552477,
      0.009729119017720222,
      0.0006902655004523695
    ],
    [
      -0.26897069811820984,
      0.0030892519280314445,
      0.24541257321834564,
      -0.09129179269075394,
      1.1978875398635864,
      1.1853572130203247,
      2.247105360031128,
      4.107669830322266,
      4.781015872955322,
      3.273299217224121,
      4.481703758239746,
      2.0247325897216797,
      2.912191152572632,
      0.23227977752685547,
      0.6619398593902588,
      0.006320546846836805,
      0.03853074088692665,
      0.003592250868678093
    ],
    [
      0.012135584838688374,
      0.0003361102717462927,
      0.017694013193249702,
      0.0043764878064394,
      0.01737256534397602,
      0.013270589523017406,
      0.003575520357117057,
      0.0562128871679306,
      0.07654432207345963,
      0.04580792039632797,
      0.053144294768571854,
      0.019078046083450317,
      0.026437465101480484,
      0.0022143919486552477,
      0.006320546846836805,
      0.00016058927576523274,
      0.0009615771705284715,
      0.000271951372269541
    ],
    [
      0.031034858897328377,
      0.0012161176418885589,
      0.07076212763786316,
      0.013160009868443012,
      0.03298978507518768,
      0.030126655474305153,
      0.13374173641204834,
      0.45457780361175537,
      0.5049719214439392,
      0.25807368755340576,
      0.3839273750782013,
      0.11655190587043762,
      0.1818205565214157,
      0.009729119017720222,
      0.03853074088692665,
      0.0009615771705284715,
      0.007422976661473513,
      0.002435297705233097
    ],
    [
      0.009345903992652893,
      0.0001425467198714614,
      0.006498993374407291,
      0.0003782248531933874,
      -0.07326813042163849,
      -0.08370210975408554,
      -0.007600974291563034,
      0.08450944721698761,
      0.09537986665964127,
      0.0305641982704401,
      0.046262986958026886,
      0.007260589860379696,
      0.015021592378616333,
      0.0006902655004523695,
      0.003592250868678093,
      0.000271951372269541,
      0.002435297705233097,
      0.0016001054318621755
    ]
  ],
  "covariance_short": [
    [
      22.519699096679688,
      0.3288353979587555,
      8.02188777923584,
      2.2507710456848145,
      13.039905548095703,
      4.892679691314697,
      -8.633743286132812,
      -2.0404739379882812,
      0.6895366907119751,
      1.2028226852416992,
      -5.568236351013184,
      -2.0051369667053223,
      -3.8115828037261963,
      -0.15072011947631836,
      -0.43951329588890076,
      0.009154653176665306,
      0.01593632996082306,
      0.008607170544564724
    ],
    [
      0.3288353979587555,
      0.012419422157108784,
      0.09960567206144333,
      0.057517971843481064,
      0.2742438316345215,
      0.1242314800620079,
      -0.10240522027015686,
      0.03759133443236351,
      0.05239808186888695,
      0.02620447240769863,
      -0.08697045594453812,
      -0.04138512536883354,
      -0.05467582494020462,
      -0.0023213622625917196,
      -0.005495354998856783,
      0.00020574445079546422,
      0.00047970018931664526,
      0.00016167390276677907
    ],
    [
      8.02188777923584,
      0.09960567206144333,
      50.243282318115234,
      12.94020938873291,
      9.384177207946777,
      -2.9189558029174805,
      -1.4828850030899048,
      -3.11979603767395,
      4.312443256378174,
      0.3103903830051422,
      4.962100982666016,
      1.8236135244369507,
      0.20723725855350494,
      0.07869057357311249,
      0.29368913173675537,
      0.014555912464857101,
      0.0688077062368393,
      0.004357028286904097
    ],
    [
      2.2507710456848145,
      0.057517971843481064,
      12.94020938873291,
      6.057737350463867,
      1.9721115827560425,
      -0.19588430225849152,
      -1.5293397903442383,
      -1.112421989440918,
      0.5572803020477295,
      -0.8949695825576782,
      0.46405741572380066,
      -0.19402962923049927,
      -0.3265397846698761,
      -0.029244115576148033,
      -0.02706087753176689,
      0.003582578618079424,
      0.014464791864156723,
      0.00044308649376034737
    ],
    [
      13.039905548095703,
      0.2742438316345215,
      9.384177207946777,
      1.9721115827560425,
      68.32769012451172,
      33.744266510009766,
      -15.34830093383789,
      3.8280837535858154,
      28.542972564697266,
      21.126903533935547,
      14.559096336364746,
      5.703585624694824,
      4.088027000427246,
      0.43456020951271057,
      1.0166451930999756,
      0.017370322719216347,
      0.02684743143618107,
      -0.07058855146169662
    ],
    [
      4.892679691314697,
      0.1242314800620079,
      -2.9189558029174805,
      -0.19588430225849152,
      33.744266510009766,
      68.56793975830078,
      -2.7869558334350586,
      19.231813430786133,
      26.891056060791016,
      19.768232345581055,
      20.28714942932129,
      5.10295295715332,
      8.066253662109375,
      0.33990058302879333,
      1.1993883848190308,
      0.014252269640564919,
      0.04504150152206421,
      -0.0816701352596283
    ],
    [
      -8.633743286132812,
      -0.10240522027015686,
      -1.4828850030899048,
      -1.5293397903442383,
      -15.34830093383789,
      -2.7869558334350586,
      88.96832275390625,
      52.43648910522461,
      13.822153091430664,
      -1.29365074634552,
      30.198524475097656,
      8.718413352966309,
      16.442983627319336,
      0.14987902343273163,
      2.185190439224243,
      0.0007823260384611785,
      0.13956202566623688,
      -0.0035478819627314806
    ],
    [
      -2.0404739379882812,
      0.03759133443236351,
      -3.11979603767395,
      -1.112421989440918,
      3.8280837535858154,
      19.231813430786133,
      52.43648910522461,
      94.72772216796875,
      47.27785110473633,
      21.494714736938477,
      46.87965393066406,
      15.514426231384277,
      23.04205322265625,
      0.6526000499725342,
      3.871514320373535,
      0.053012531250715256,
      0.43778982758522034,
      0.07054746150970459
    ],
    [
      0.6895366907119751,
      0.05239808186888695,
      4.312443256378174,
      0.5572803020477295,
      28.542972564697266,
      26.891056060791016,
      13.822153091430664,
      47.27785110473633,
      107.39427947998047,
      56.905643463134766,
      61.68147659301758,
      20.211763381958008,
      25.404924392700195,
      1.6345789432525635,
      5.145602226257324,
      0.07626717537641525,
      0.5311923623085022,
      0.0877898707985878
    ],
    [
      1.2028226852416992,
      0.02620447240769863,
      0.3103903830051422,
      -0.8949695825576782,
      21.126903533935547,
      19.768232345581055,
      -1.29365074634552,
      21.494714736938477,
      56.905643463134766,
      47.839256286621094,
      32.79240798950195,
      12.887006759643555,
      14.602937698364258,
      1.280873417854309,
      3.167717218399048,
      0.04471448063850403,
      0.2557612657546997,
      0.024964995682239532
    ],
    [
      -5.568236351013184,
      -0.08697045594453812,
      4.962100982666016,
      0.46405741572380066,
      14.559096336364746,
      20.28714942932129,
      30.198524475097656,
      46.87965393066406,
      61.68147659301758,
      32.79240798950195,
      62.946868896484375,
      19.5847110748291,
      25.288991928100586,
      1.2623740434646606,
      4.774871826171875,
      0.05247507616877556,
      0.40726009011268616,
      0.04168708994984627
    ],
    [
      -2.0051369667053223,
      -0.04138512536883354,
      1.8236135244369507,
      -0.19402962923049927,
      5.703585624694824,
      5.10295295715332,
      8.718413352966309,
      15.514426231384277,
      20.211763381958008,
      12.887006759643555,
      19.5847110748291,
      11.454122543334961,
      9.718266487121582,
      0.7516628503799438,
      1.9651758670806885,
      0.01939631998538971,
      0.1286088228225708,
      0.006451782304793596
    ],
    [
      -3.8115828037261963,
      -0.05467582494020462,
      0.20723725855350494,
      -0.3265397846698761,
      4.088027000427246,
      8.066253662109375,
      16.442983627319336,
      23.04205322265625,
      25.404924392700195,
      14.602937698364258,
      25.288991928100586,
      9.718266487121582,
      15.672658920288086,
      0.9413884878158569,
      2.968364953994751,
      0.025229468941688538,
      0.18766453862190247,
      0.014504038728773594
    ],
    [
      -0.15072011947631836,
      -0.0023213622625917196,
      0.07869057357311249,
      -0.029244115576148033,
      0.43456020951271057,
      0.33990058302879333,
      0.14987902343273163,
      0.6526000499725342,
      1.6345789432525635,
      1.280873417854309,
      1.2623740434646606,
      0.7516628503799438,
      0.9413884878158569,
      0.14064760506153107,
      0.21390444040298462,
      0.0021980046294629574,
      0.009838823229074478,
      0.0006583916838280857
    ],
    [
      -0.43951329588890076,
      -0.005495354998856783,
      0.29368913173675537,
      -0.02706087753176689,
      1.0166451930999756,
      1.1993883848190308,
      2.185190439224243,
      3.871514320373535,
      5.145602226257324,
      3.167717218399048,
      4.774871826171875,
      1.9651758670806885,
      2.968364953994751,
      0.21390444040298462,
      0.7714681029319763,
      0.0059905704110860825,
      0.04180179536342621,
      0.0034854754339903593
    ],
    [
      0.009154653176665306,
      0.00020574445079546422,
      0.014555912464857101,
      0.003582578618079424,
      0.017370322719216347,
      0.014252269640564919,
      0.0007823260384611785,
      0.053012531250715256,
      0.07626717537641525,
      0.04471448063850403,
      0.05247507616877556,
      0.01939631998538971,
      0.025229468941688538,
      0.0021980046294629574,
      0.0059905704110860825,
      0.00019109297136310488,
      0.000937306962441653,
      0.0002557921106927097
    ],
    [
      0.01593632996082306,
      0.00047970018931664526,
      0.0688077062368393,
      0.014464791864156723,
      0.02684743143618107,
      0.04504150152206421,
      0.13956202566623688,
      0.43778982758522034,
      0.5311923623085022,
      0.2557612657546997,
      0.40726009011268616,
      0.1286088228225708,
      0.18766453862190247,
      0.009838823229074478,
      0.04180179536342621,
      0.000937306962441653,
      0.00892588309943676,
      0.002430880442261696
    ],
    [
      0.008607170544564724,
      0.00016167390276677907,
      0.004357028286904097,
      0.00044308649376034737,
      -0.07058855146169662,
      -0.0816701352596283,
      -0.0035478819627314806,
      0.07054746150970459,
      0.0877898707985878,
      0.024964995682239532,
      0.04168708994984627,
      0.006451782304793596,
      0.014504038728773594,
      0.0006583916838280857,
      0.0034854754339903593,
      0.0002557921106927097,
      0.002430880442261696,
      0.0020094169303774834
    ]
  ],
  "damage": -20.183691024780273,
  "diff_bandwidth": 925.4675903320312,
  "dissonance": 1.1193320600458592,
  "drr": 1.5006442070007324,
  "dynamics": 3.6525254249572754,
  "format": 1245190,
  "frames": 2470848,
  "loudness": -29.61128807067871,
  "loudness_range": 10.853458404541016,
  "loudness_range_short": 12.283226013183594,
  "lowpass_true_peak_15khz": -16.16310691833496,
  "mastering3_acoustic_entropies": [
    {
      "acoustic_entropy": 10.7793607711792,
      "acoustic_entropy_mono": 10.170127868652344,
      "band_eliminated_acoustic_entropies": [
        {
          "acoustic_entropy": 10.779359817504883,
          "acoustic_entropy_side": 10.7793607711792,
          "hz": 129.47220167065723
        },
        {
          "acoustic_entropy": 10.77935791015625,
          "acoustic_entropy_side": 10.7793607711792,
          "hz": 202.92927478742237
        },
        {
          "acoustic_entropy": 10.779359817504883,
          "acoustic_entropy_side": 10.7793607711792,
          "hz": 282.89161906338205
        },
        {
          "acoustic_entropy": 10.777813911437988,
          "acoustic_entropy_side": 10.779358863830566,
          "hz": 369.9353335868758
        },
        {
          "acoustic_entropy": 10.848357200622559,
          "acoustic_entropy_side": 10.779703140258789,
          "hz": 464.6875360973435
        },
        {
          "acoustic_entropy": 10.718340873718262,
          "acoustic_entropy_side": 10.788175582885742,
          "hz": 567.8308811364784
        },
        {
          "acoustic_entropy": 11.137694358825684,
          "acoustic_entropy_side": 10.732519149780273,
          "hz": 680.1084783214808
        },
        {
          "acoustic_entropy": 9.979848861694336,
          "acoustic_entropy_side": 10.73581314086914,
          "hz": 802.3292461747484
        },
        {
          "acoustic_entropy": 10.968157768249512,
          "acoustic_entropy_side": 10.823958396911621,
          "hz": 935.3737400823702
        },
        {
          "acoustic_entropy": 10.241598129272461,
          "acoustic_entropy_side": 10.739555358886719,
          "hz": 1080.2004963696966
        },
        {
          "acoustic_entropy": 10.431853294372559,
          "acoustic_entropy_side": 10.732558250427246,
          "hz": 1237.8529382007157
        },
        {
          "acoustic_entropy": 10.397947311401367,
          "acoustic_entropy_side": 10.756878852844238,
          "hz": 1409.4668930556702
        },
        {
          "acoustic_entropy": 9.056201934814453,
          "acoustic_entropy_side": 10.8206787109375,
          "hz": 1596.2787759475705
        },
        {
          "acoustic_entropy": 10.62214183807373,
          "acoustic_entropy_side": 10.815024375915527,
          "hz": 1799.6344973346393
        },
        {
          "acoustic_entropy": 10.734840393066406,
          "acoustic_entropy_side": 10.779645919799805,
          "hz": 2020.9991599069049
        },
        {
          "acoustic_entropy": 10.863330841064453,
          "acoustic_entropy_side": 10.779830932617188,
          "hz": 2261.9676141086993
        },
        {
          "acoustic_entropy": 10.782428741455078,
          "acoustic_entropy_side": 10.77904224395752,
          "hz": 2524.2759484456974
        },
        {
          "acoustic_entropy": 10.83688735961914,
          "acoustic_entropy_side": 10.779284477233887,
          "hz": 2809.813997359896
        },
        {
          "acoustic_entropy": 10.731608390808105,
          "acoustic_entropy_side": 10.779960632324219,
          "hz": 3120.6389567871424
        },
        {
          "acoustic_entropy": 10.81458568572998,
          "acoustic_entropy_side": 10.77946662902832,
          "hz": 3458.990205492291
        },
        {
          "acoustic_entropy": 10.777623176574707,
          "acoustic_entropy_side": 10.779361724853516,
          "hz": 3827.305438964164
        },
        {
          "acoustic_entropy": 10.775726318359375,
          "acoustic_entropy_side": 10.779363632202148,
          "hz": 4228.238232109126
        },
        {
          "acoustic_entropy": 10.783599853515625,
          "acoustic_entropy_side": 10.779362678527832,
          "hz": 4664.6771572759235
        },
        {
          "acoustic_entropy": 10.779777526855469,
          "acoustic_entropy_side": 10.7793607711792,
          "hz": 5139.766595350093
        },
        {
          "acoustic_entropy": 10.779274940490723,
          "acoustic_entropy_side": 10.7793607711792,
          "hz": 5656.929389854203
        },
        {
          "acoustic_entropy": 10.781100273132324,
          "acoustic_entropy_side": 10.7793607711792,
          "hz": 6219.891507268283
        },
        {
          "acoustic_entropy": 10.779595375061035,
          "acoustic_entropy_side": 10.7793607711792,
          "hz": 6832.70888123896
        },
        {
          "acoustic_entropy": 10.779396057128906,
          "acoustic_entropy_side": 10.7793607711792,
          "hz": 7499.796634079867
        },
        {
          "acoustic_entropy": 10.779375076293945,
          "acoustic_entropy_side": 10.7793607711792,
          "hz": 8225.96088609342
        },
        {
          "acoustic_entropy": 10.7793607711792,
          "acoustic_entropy_side": 10.7793607711792,
          "hz": 9016.43338188839
        },
        {
          "acoustic_entropy": 10.7793607711792,
          "acoustic_entropy_side": 10.7793607711792,
          "hz": 9876.909183162974
        },
        {
          "acoustic_entropy": 10.7793607711792,
          "acoustic_entropy_side": 10.7793607711792,
          "hz": 10813.587699516042
        },
        {
          "acoustic_entropy": 10.7793607711792,
          "acoustic_entropy_side": 10.7793607711792,
          "hz": 11833.21735289826
        },
        {
          "acoustic_entropy": 10.7793607711792,
          "acoustic_entropy_side": 10.7793607711792,
          "hz": 12943.144197493959
        },
        {
          "acoustic_entropy": 10.7793607711792,
          "acoustic_entropy_side": 10.7793607711792,
          "hz": 14151.364845322005
        },
        {
          "acoustic_entropy": 10.7793607711792,
          "acoustic_entropy_side": 10.7793607711792,
          "hz": 15466.58407886509
        },
        {
          "acoustic_entropy": 10.7793607711792,
          "acoustic_entropy_side": 10.7793607711792,
          "hz": 16898.27756580493
        },
        {
          "acoustic_entropy": 10.7793607711792,
          "acoustic_entropy_side": 10.7793607711792,
          "hz": 18456.760127700032
        },
        {
          "acoustic_entropy": 10.7793607711792,
          "acoustic_entropy_side": 10.7793607711792,
          "hz": 20153.260054456492
        },
        {
          "acoustic_entropy": 10.7793607711792,
          "acoustic_entropy_side": 10.7793607711792,
          "hz": 22000.00000000001
        }
      ],
      "diff_acoustic_entropy": 4.011679172515869,
      "sn": 6
    },
    {
      "acoustic_entropy": 14.633842468261719,
      "acoustic_entropy_mono": 13.467848777770996,
      "band_eliminated_acoustic_entropies": [
        {
          "acoustic_entropy": 14.633831024169922,
          "acoustic_entropy_side": 14.633842468261719,
          "hz": 129.47220167065723
        },
        {
          "acoustic_entropy": 14.63383960723877,
          "acoustic_entropy_side": 14.633842468261719,
          "hz": 202.92927478742237
        },
        {
          "acoustic_entropy": 14.633828163146973,
          "acoustic_entropy_side": 14.633842468261719,
          "hz": 282.89161906338205
        },
        {
          "acoustic_entropy": 14.622381210327148,
          "acoustic_entropy_side": 14.633796691894531,
          "hz": 369.9353335868758
        },
        {
          "acoustic_entropy": 14.463743209838867,
          "acoustic_entropy_side": 14.629899978637695,
          "hz": 464.6875360973435
        },
        {
          "acoustic_entropy": 14.172710418701172,
          "acoustic_entropy_side": 14.595921516418457,
          "hz": 567.8308811364784
        },
        {
          "acoustic_entropy": 14.9222993850708,
          "acoustic_entropy_side": 14.598309516906738,
          "hz": 680.1084783214808
        },
        {
          "acoustic_entropy": 14.397248268127441,
          "acoustic_entropy_side": 14.632819175720215,
          "hz": 802.3292461747484
        },
        {
          "acoustic_entropy": 14.264453887939453,
          "acoustic_entropy_side": 14.522781372070312,
          "hz": 935.3737400823702
        },
        {
          "acoustic_entropy": 13.933430671691895,
          "acoustic_entropy_side": 14.697914123535156,
          "hz": 1080.2004963696966
        },
        {
          "acoustic_entropy": 15.29786491394043,
          "acoustic_entropy_side": 14.26978588104248,
          "hz": 1237.8529382007157
        },
        {
          "acoustic_entropy": 14.285046577453613,
          "acoustic_entropy_side": 14.468138694763184,
          "hz": 1409.4668930556702
        },
        {
          "acoustic_entropy": 13.579598426818848,
          "acoustic_entropy_side": 14.475252151489258,
          "hz": 1596.2787759475705
        },
        {
          "acoustic_entropy": 14.215666770935059,
          "acoustic_entropy_side": 14.527563095092773,
          "hz": 1799.6344973346393
        },
        {
          "acoustic_entropy": 14.424833297729492,
          "acoustic_entropy_side": 14.652146339416504,
          "hz": 2020.9991599069049
        },
        {
          "acoustic_entropy": 14.326531410217285,
          "acoustic_entropy_side": 14.635424613952637,
          "hz": 2261.9676141086993
        },
        {
          "acoustic_entropy": 13.996587753295898,
          "acoustic_entropy_side": 14.630598068237305,
          "hz": 2524.2759484456974
        },
        {
          "acoustic_entropy": 14.603931427001953,
          "acoustic_entropy_side": 14.639875411987305,
          "hz": 2809.813997359896
        },
        {
          "acoustic_entropy": 14.496686935424805,
          "acoustic_entropy_side": 14.633129119873047,
          "hz": 3120.6389567871424
        },
        {
          "acoustic_entropy": 14.649832725524902,
          "acoustic_entropy_side": 14.634449005126953,
          "hz": 3458.990205492291
        },
        {
          "acoustic_entropy": 14.647308349609375,
          "acoustic_entropy_side": 14.6338472366333,
          "hz": 3827.305438964164
        },
        {
          "acoustic_entropy": 14.642696380615234,
          "acoustic_entropy_side": 14.63370132446289,
          "hz": 4228.238232109126
        },
        {
          "acoustic_entropy": 14.639593124389648,
          "acoustic_entropy_side": 14.633846282958984,
          "hz": 4664.6771572759235
        },
        {
          "acoustic_entropy": 14.633498191833496,
          "acoustic_entropy_side": 14.63383960723877,
          "hz": 5139.766595350093
        },
        {
          "acoustic_entropy": 14.63520622253418,
          "acoustic_entropy_side": 14.633842468261719,
          "hz": 5656.929389854203
        },
        {
          "acoustic_entropy": 14.633528709411621,
          "acoustic_entropy_side": 14.633842468261719,
          "hz": 6219.891507268283
        },
        {
          "acoustic_entropy": 14.636503219604492,
          "acoustic_entropy_side": 14.633842468261719,
          "hz": 6832.70888123896
        },
        {
          "acoustic_entropy": 14.633892059326172,
          "acoustic_entropy_side": 14.633842468261719,
          "hz": 7499.796634079867
        },
        {
          "acoustic_entropy": 14.63386344909668,
          "acoustic_entropy_side": 14.633842468261719,
          "hz": 8225.96088609342
        },
        {
          "acoustic_entropy": 14.633840560913086,
          "acoustic_entropy_side": 14.633842468261719,
          "hz": 9016.43338188839
        },
        {
          "acoustic_entropy": 14.633841514587402,
          "acoustic_entropy_side": 14.633842468261719,
          "hz": 9876.909183162974
        },
        {
          "acoustic_entropy": 14.633842468261719,
          "acoustic_entropy_side": 14.633842468261719,
          "hz": 10813.587699516042
        },
        {
          "acoustic_entropy": 14.633848190307617,
          "acoustic_entropy_side": 14.633842468261719,
          "hz": 11833.21735289826
        },
        {
          "acoustic_entropy": 14.633843421936035,
          "acoustic_entropy_side": 14.633842468261719,
          "hz": 12943.144197493959
        },
        {
          "acoustic_entropy": 14.633842468261719,
          "acoustic_entropy_side": 14.633842468261719,
          "hz": 14151.364845322005
        },
        {
          "acoustic_entropy": 14.633842468261719,
          "acoustic_entropy_side": 14.633842468261719,
          "hz": 15466.58407886509
        },
        {
          "acoustic_entropy": 14.633842468261719,
          "acoustic_entropy_side": 14.633842468261719,
          "hz": 16898.27756580493
        },
        {
          "acoustic_entropy": 14.633842468261719,
          "acoustic_entropy_side": 14.633842468261719,
          "hz": 18456.760127700032
        },
        {
          "acoustic_entropy": 14.633842468261719,
          "acoustic_entropy_side": 14.633842468261719,
          "hz": 20153.260054456492
        },
        {
          "acoustic_entropy": 14.633842468261719,
          "acoustic_entropy_side": 14.633842468261719,
          "hz": 22000.00000000001
        }
      ],
      "diff_acoustic_entropy": 6.239945888519287,
      "sn": 12
    },
    {
      "acoustic_entropy": 22.147401809692383,
      "acoustic_entropy_mono": 19.733413696289062,
      "band_eliminated_acoustic_entropies": [
        {
          "acoustic_entropy": 22.147964477539062,
          "acoustic_entropy_side": 22.147401809692383,
          "hz": 129.47220167065723
        },
        {
          "acoustic_entropy": 22.149160385131836,
          "acoustic_entropy_side": 22.14740562438965,
          "hz": 202.92927478742237
        },
        {
          "acoustic_entropy": 22.14764404296875,
          "acoustic_entropy_side": 22.14740753173828,
          "hz": 282.89161906338205
        },
        {
          "acoustic_entropy": 21.990734100341797,
          "acoustic_entropy_side": 22.16266441345215,
          "hz": 369.9353335868758
        },
        {
          "acoustic_entropy": 22.57024574279785,
          "acoustic_entropy_side": 22.17991065979004,
          "hz": 464.6875360973435
        },
        {
          "acoustic_entropy": 21.740272521972656,
          "acoustic_entropy_side": 21.691312789916992,
          "hz": 567.8308811364784
        },
        {
          "acoustic_entropy": 22.38862419128418,
          "acoustic_entropy_side": 23.06498146057129,
          "hz": 680.1084783214808
        },
        {
          "acoustic_entropy": 21.070953369140625,
          "acoustic_entropy_side": 21.107038497924805,
          "hz": 802.3292461747484
        },
        {
          "acoustic_entropy": 23.206768035888672,
          "acoustic_entropy_side": 22.90924072265625,
          "hz": 935.3737400823702
        },
        {
          "acoustic_entropy": 21.44927406311035,
          "acoustic_entropy_side": 22.382667541503906,
          "hz": 1080.2004963696966
        },
        {
          "acoustic_entropy": 22.564537048339844,
          "acoustic_entropy_side": 21.955793380737305,
          "hz": 1237.8529382007157
        },
        {
          "acoustic_entropy": 21.323009490966797,
          "acoustic_entropy_side": 21.72431755065918,
          "hz": 1409.4668930556702
        },
        {
          "acoustic_entropy": 21.895620346069336,
          "acoustic_entropy_side": 22.001148223876953,
          "hz": 1596.2787759475705
        },
        {
          "acoustic_entropy": 21.979347229003906,
          "acoustic_entropy_side": 21.630897521972656,
          "hz": 1799.6344973346393
        },
        {
