{
  "acoustic_entropy": 210.7898712158203,
  "bands": [
    {
      "high_freq": 148.1999969482422,
      "loudness": -16.502790451049805,
      "loudness_range": 4.497598648071289,
      "mid_mean": -12.950773239135742,
      "mid_to_side_loudness": -16.73320198059082,
      "mid_to_side_loudness_range": 15.60567855834961,
      "side_mean": -30.108308792114258
    },
    {
      "high_freq": 392.3793640136719,
      "loudness": -20.640567779541016,
      "loudness_range": 7.480100631713867,
      "low_freq": 148.1999969482422,
      "mid_mean": -17.843210220336914,
      "mid_to_side_loudness": -7.494482517242432,
      "mid_to_side_loudness_range": 10.827115058898926,
      "side_mean": -25.42913055419922
    },
    {
      "high_freq": 794.6976318359375,
      "loudness": -23.348600387573242,
      "loudness_range": 10.458414077758789,
      "low_freq": 392.3793640136719,
      "mid_mean": -21.152698516845703,
      "mid_to_side_loudness": -4.9458794593811035,
      "mid_to_side_loudness_range": 11.046760559082031,
      "side_mean": -26.103193283081055
    },
    {
      "high_freq": 1457.5709228515625,
      "loudness": -20.934375762939453,
      "loudness_range": 12.314209938049316,
      "low_freq": 794.6976318359375,
      "mid_mean": -18.31930160522461,
      "mid_to_side_loudness": -7.136137008666992,
      "mid_to_side_loudness_range": 13.291733741760254,
      "side_mean": -25.51106834411621
    },
    {
      "high_freq": 2549.74365234375,
      "loudness": -16.88086700439453,
      "loudness_range": 8.606461524963379,
      "low_freq": 1457.5709228515625,
      "mid_mean": -14.962187767028809,
      "mid_to_side_loudness": -3.5454699993133545,
      "mid_to_side_loudness_range": 6.812044143676758,
      "side_mean": -18.386764526367188
    },
    {
      "high_freq": 4349.24462890625,
      "loudness": -16.626296997070312,
      "loudness_range": 7.223507881164551,
      "low_freq": 2549.74365234375,
      "mid_mean": -14.333057403564453,
      "mid_to_side_loudness": -4.86586856842041,
      "mid_to_side_loudness_range": 7.549345970153809,
      "side_mean": -19.10504722595215
    },
    {
      "high_freq": 7314.1640625,
      "loudness": -19.70830535888672,
      "loudness_range": 7.717911720275879,
      "low_freq": 4349.24462890625,
      "mid_mean": -16.64620018005371,
      "mid_to_side_loudness": -8.703566551208496,
      "mid_to_side_loudness_range": 7.34800910949707,
      "side_mean": -25.30713653564453
    },
    {
      "high_freq": 12199.2666015625,
      "loudness": -24.85251235961914,
      "loudness_range": 8.738353729248047,
      "low_freq": 7314.1640625,
      "mid_mean": -21.752344131469727,
      "mid_to_side_loudness": -9.33658504486084,
      "mid_to_side_loudness_range": 8.88065242767334,
      "side_mean": -31.06989860534668
    },
    {
      "loudness": -34.4532356262207,
      "loudness_range": 7.5465087890625,
      "low_freq": 12199.2666015625,
      "mid_mean": -31.612829208374023,
      "mid_to_side_loudness": -7.4719977378845215,
      "mid_to_side_loudness_range": 9.199646949768066,
      "side_mean": -39.07477569580078
    }
  ],
  "bands_short": [
    {
      "high_freq": 148.1999969482422,
      "loudness": -19.428442001342773,
      "loudness_range": 13.458117485046387,
      "mid_mean": -15.894506454467773,
      "mid_to_side_loudness": -19.079721450805664,
      "mid_to_side_loudness_range": 23.565799713134766,
      "side_mean": -35.867759704589844
    },
    {
      "high_freq": 392.3793640136719,
      "loudness": -19.07558250427246,
      "loudness_range": 8.667463302612305,
      "low_freq": 148.1999969482422,
      "mid_mean": -16.121784210205078,
      "mid_to_side_loudness": -9.122138023376465,
      "mid_to_side_loudness_range": 14.273058891296387,
      "side_mean": -25.338008880615234
    },
    {
      "high_freq": 794.6976318359375,
      "loudness": -23.614337921142578,
      "loudness_range": 13.256725311279297,
      "low_freq": 392.3793640136719,
      "mid_mean": -21.729900360107422,
      "mid_to_side_loudness": -4.390538692474365,
      "mid_to_side_loudness_range": 13.364786148071289,
      "side_mean": -26.108911514282227
    },
    {
      "high_freq": 1457.5709228515625,
      "loudness": -21.8396053314209,
      "loudness_range": 14.754042625427246,
      "low_freq": 794.6976318359375,
      "mid_mean": -19.534011840820312,
      "mid_to_side_loudness": -6.272512912750244,
      "mid_to_side_loudness_range": 15.303160667419434,
      "side_mean": -25.839481353759766
    },
    {
      "high_freq": 2549.74365234375,
      "loudness": -17.479259490966797,
      "loudness_range": 10.72634220123291,
      "low_freq": 1457.5709228515625,
      "mid_mean": -15.681577682495117,
      "mid_to_side_loudness": -3.382120370864868,
      "mid_to_side_loudness_range": 8.75877857208252,
      "side_mean": -18.957792282104492
    },
    {
      "high_freq": 4349.24462890625,
      "loudness": -16.93263816833496,
      "loudness_range": 9.742351531982422,
      "low_freq": 2549.74365234375,
      "mid_mean": -14.764741897583008,
      "mid_to_side_loudness": -4.569983959197998,
      "mid_to_side_loudness_range": 9.107123374938965,
      "side_mean": -19.248374938964844
    },
    {
      "high_freq": 7314.1640625,
      "loudness": -20.313880920410156,
      "loudness_range": 10.667163848876953,
      "low_freq": 4349.24462890625,
      "mid_mean": -17.344844818115234,
      "mid_to_side_loudness": -8.320359230041504,
      "mid_to_side_loudness_range": 9.265630722045898,
      "side_mean": -25.657817840576172
    },
    {
      "high_freq": 12199.2666015625,
      "loudness": -25.731868743896484,
      "loudness_range": 11.807647705078125,
      "low_freq": 7314.1640625,
      "mid_mean": -22.674226760864258,
      "mid_to_side_loudness": -9.259045600891113,
      "mid_to_side_loudness_range": 9.609570503234863,
      "side_mean": -31.909151077270508
    },
    {
      "loudness": -35.50371551513672,
      "loudness_range": 12.075029373168945,
      "low_freq": 12199.2666015625,
      "mid_mean": -32.7037239074707,
      "mid_to_side_loudness": -7.475475788116455,
      "mid_to_side_loudness_range": 9.30669116973877,
      "side_mean": -40.10834884643555
    }
  ],
  "bandwidth": 887.6998901367188,
  "channels": 2,
  "covariance": [
    [
      6.3402252197265625,
      2.699206590652466,
      1.66426420211792,
      2.4685587882995605,
      0.049315404146909714,
      -0.5017812848091125,
      0.4889609217643738,
      0.5698128342628479,
      1.521077036857605,
      2.219493865966797,
      1.382545828819275,
      2.401041269302368,
      0.9145781397819519,
      1.7410284280776978,
      1.5233933925628662,
      0.6955654621124268,
      0.11709237098693848,
      -0.3346306085586548
    ],
    [
      2.699206590652466,
      27.62632942199707,
      3.562845230102539,
      6.493078708648682,
      -0.5178653597831726,
      2.666076183319092,
      -0.44514578580856323,
      2.8588650226593018,
      2.960813522338867,
      5.0723981857299805,
      4.3821539878845215,
      6.98749303817749,
      2.533092737197876,
      6.976352214813232,
      3.4127349853515625,
      7.242175102233887,
      2.4072909355163574,
      4.270071029663086
    ],
    [
      1.66426420211792,
      3.562845230102539,
      9.823104858398438,
      4.204615592956543,
      1.1608550548553467,
      0.42700645327568054,
      -0.5264013409614563,
      0.5489773154258728,
      1.135520100593567,
      1.2076600790023804,
      1.8007185459136963,
      2.115402936935425,
      0.6592839956283569,
      1.54664146900177,
      2.0155532360076904,
      1.3038504123687744,
      0.6960961818695068,
      1.1124612092971802
    ],
    [
      2.4685587882995605,
      6.493078708648682,
      4.204615592956543,
      13.212342262268066,
      2.894049644470215,
      6.099239349365234,
      2.3006491661071777,
      4.670269012451172,
      3.3979098796844482,
      4.9820356369018555,
      4.415782928466797,
      6.820851802825928,
      1.9410908222198486,
      4.555261135101318,
      1.5759201049804688,
      4.276130676269531,
      0.3669557571411133,
      3.1973347663879395
    ],
    [
      0.049315404146909714,
      -0.5178653597831726,
      1.1608550548553467,
      2.894049644470215,
      14.831877708435059,
      6.496908664703369,
      6.3746490478515625,
      2.150020122528076,
      -0.8382213115692139,
      -1.9673420190811157,
      3.5839922428131104,
      -0.041505418717861176,
      3.8331375122070312,
      0.6844754219055176,
      1.5965313911437988,
      2.9396631717681885,
      1.680811882019043,
      3.6028635501861572
    ],
    [
      -0.5017812848091125,
      2.666076183319092,
      0.42700645327568054,
      6.099239349365234,
      6.496908664703369,
      13.686484336853027,
      4.9966583251953125,
      7.52212381362915,
      4.202165603637695,
      5.687026500701904,
      5.959506511688232,
      7.546043395996094,
      5.281957626342773,
      6.9289350509643555,
      1.7526127099990845,
      6.689079761505127,
      1.7583974599838257,
      6.702977180480957
    ],
    [
      0.4889609217643738,
      -0.44514578580856323,
      -0.5264013409614563,
      2.3006491661071777,
      6.3746490478515625,
      4.9966583251953125,
      24.939533233642578,
      7.116271495819092,
      8.298600196838379,
      1.415604829788208,
      3.6034069061279297,
      3.1420578956604004,
      5.042383670806885,
      2.9709463119506836,
      0.7839021682739258,
      3.465862274169922,
      2.6611905097961426,
      5.8294901847839355
    ],
    [
      0.5698128342628479,
      2.8588650226593018,
      0.5489773154258728,
      4.670269012451172,
      2.150020122528076,
      7.52212381362915,
      7.116271495819092,
      11.16209602355957,
      7.047714710235596,
      8.641576766967773,
      6.1260294914245605,
      10.453686714172363,
      4.250084400177002,
      7.5064849853515625,
      1.3371449708938599,
      4.579710006713867,
      1.3949823379516602,
      4.9458699226379395
    ],
    [
      1.521077036857605,
      2.960813522338867,
      1.135520100593567,
      3.3979098796844482,
      -0.8382213115692139,
      4.202165603637695,
      8.298600196838379,
      7.047714710235596,
      12.48898696899414,
      10.567350387573242,
      6.748239040374756,
      10.975749969482422,
      4.654109477996826,
      7.562183856964111,
      1.195578694343567,
      3.2395412921905518,
      1.7703356742858887,
      3.9393398761749268
    ],
    [
      2.219493865966797,
      5.0723981857299805,
      1.2076600790023804,
      4.9820356369018555,
      -1.9673420190811157,
      5.687026500701904,
      1.415604829788208,
      8.641576766967773,
      10.567350387573242,
      17.145370483398438,
      8.750877380371094,
      16.687501907348633,
      4.325901508331299,
      11.0126371383667,
      1.5946711301803589,
      5.115426063537598,
      1.1420817375183105,
      4.775933742523193
    ],
    [
      1.382545828819275,
      4.3821539878845215,
      1.8007185459136963,
      4.415782928466797,
      3.5839922428131104,
      5.959506511688232,
      3.6034069061279297,
      6.1260294914245605,
      6.748239040374756,
      8.750877380371094,
      11.409053802490234,
      11.430560111999512,
      7.56489896774292,
      9.705890655517578,
      3.204068899154663,
      6.230015277862549,
      1.9309688806533813,
      4.869325637817383
    ],
    [
      2.401041269302368,
      6.98749303817749,
      2.115402936935425,
      6.820851802825928,
      -0.041505418717861176,
      7.546043395996094,
      3.1420578956604004,
      10.453686714172363,
      10.975749969482422,
      16.687501907348633,
      11.430560111999512,
      20.021177291870117,
      6.4457855224609375,
      13.492506980895996,
      2.9230916500091553,
      6.5602617263793945,
      1.6056946516036987,
      5.304609298706055
    ],
    [
      0.9145781397819519,
      2.533092737197876,
      0.6592839956283569,
      1.9410908222198486,
      3.8331375122070312,
      5.281957626342773,
      5.042383670806885,
      4.250084400177002,
      4.654109477996826,
      4.325901508331299,
      7.56489896774292,
      6.4457855224609375,
      9.701229095458984,
      8.540143013000488,
      6.1418375968933105,
      7.784724712371826,
      4.213762283325195,
      5.972733020782471
    ],
    [
      1.7410284280776978,
      6.976352214813232,
      1.54664146900177,
      4.555261135101318,
      0.6844754219055176,
      6.9289350509643555,
      2.9709463119506836,
      7.5064849853515625,
      7.562183856964111,
      11.0126371383667,
      9.705890655517578,
      13.492506980895996,
      8.540143013000488,
      15.360006332397461,
      6.010314464569092,
      11.953079223632812,
      3.9504289627075195,
      8.905241012573242
    ],
    [
      1.5233933925628662,
      3.4127349853515625,
      2.0155532360076904,
      1.5759201049804688,
      1.5965313911437988,
      1.7526127099990845,
      0.7839021682739258,
      1.3371449708938599,
      1.195578694343567,
      1.5946711301803589,
      3.204068899154663,
      2.9230916500091553,
      6.1418375968933105,
      6.010314464569092,
      10.387626647949219,
      9.231304168701172,
      6.831379413604736,
      5.795906066894531
    ],
    [
      0.6955654621124268,
      7.242175102233887,
      1.3038504123687744,
      4.276130676269531,
      2.9396631717681885,
      6.689079761505127,
      3.465862274169922,
      4.579710006713867,
      3.2395412921905518,
      5.115426063537598,
      6.230015277862549,
      6.5602617263793945,
      7.784724712371826,
      11.953079223632812,
      9.231304168701172,
      19.38158416748047,
      7.840320587158203,
      15.576290130615234
    ],
    [
      0.11709237098693848,
      2.4072909355163574,
      0.6960961818695068,
      0.3669557571411133,
      1.680811882019043,
      1.7583974599838257,
      2.6611905097961426,
      1.3949823379516602,
      1.7703356742858887,
      1.1420817375183105,
      1.9309688806533813,
      1.6056946516036987,
      4.213762283325195,
      3.9504289627075195,
      6.831379413604736,
      7.840320587158203,
      9.215364456176758,
      8.870268821716309
    ],
    [
      -0.3346306085586548,
      4.270071029663086,
      1.1124612092971802,
      3.1973347663879395,
      3.6028635501861572,
      6.702977180480957,
      5.8294901847839355,
      4.9458699226379395,
      3.9393398761749268,
      4.775933742523193,
      4.869325637817383,
      5.304609298706055,
      5.972733020782471,
      8.905241012573242,
      5.795906066894531,
      15.576290130615234,
      8.870268821716309,
      19.274322509765625
    ]
  ],
  "covariance_short": [
    [
      26.333314895629883,
      5.1612091064453125,
      1.9428608417510986,
      1.7015550136566162,
      1.6999956369400024,
      -0.27491021156311035,
      2.038207769393921,
      0.12838898599147797,
      0.9159507751464844,
      0.26408132910728455,
      1.4796026945114136,
      0.6760149002075195,
      1.737349271774292,
      1.3982226848602295,
      1.8682971000671387,
      0.48305749893188477,
      0.2015409767627716,
      -0.9938470721244812
    ],
    [
      5.1612091064453125,
      45.10493850708008,
      4.866093635559082,
      8.258906364440918,
      0.4462032914161682,
      1.765419840812683,
      1.300283432006836,
      1.3147021532058716,
      4.063156604766846,
      4.342524528503418,
      5.499166488647461,
      6.39208459854126,
      3.9989001750946045,
      8.35783576965332,
      4.156671047210693,
      8.606389999389648,
      1.9386863708496094,
      4.223659038543701
    ],
    [
      1.9428608417510986,
      4.866093635559082,
      16.57158088684082,
      6.100979804992676,
      3.445833206176758,
      0.6393027305603027,
      2.1096253395080566,
      2.5447208881378174,
      4.953892707824707,
      5.455008029937744,
      5.210893630981445,
      6.681972026824951,
      3.5245518684387207,
      5.419213771820068,
      4.148867607116699,
      3.4828763008117676,
      3.1473755836486816,
      3.5875744819641113
    ],
    [
      1.7015550136566162,
      8.258906364440918,
      6.100979804992676,
      19.26991844177246,
      2.8933706283569336,
      5.981696605682373,
      2.1808178424835205,
      5.101299285888672,
      3.627269983291626,
      5.093104839324951,
      3.7588658332824707,
      6.3032307624816895,
      1.974179983139038,
      4.576331615447998,
      2.996704339981079,
      5.145418643951416,
      1.454234004020691,
      3.396371841430664
    ],
    [
      1.6999956369400024,
      0.4462032914161682,
      3.445833206176758,
      2.8933706283569336,
      23.99493980407715,
      9.473639488220215,
      9.602686882019043,
      3.7954604625701904,
      2.1817808151245117,
      0.827435314655304,
      7.524560928344727,
      2.461127519607544,
      7.762298583984375,
      3.40388822555542,
      4.746640682220459,
      5.721979141235352,
      4.581972122192383,
      6.820568561553955
    ],
    [
      -0.27491021156311035,
      1.765419840812683,
      0.6393027305603027,
      5.981696605682373,
      9.473639488220215,
      18.683380126953125,
      7.737074851989746,
      8.560249328613281,
      5.933737754821777,
      7.001064300537109,
      7.8435516357421875,
      8.467185020446777,
      7.319767951965332,
      8.223443984985352,
      3.706669330596924,
      8.420228004455566,
      4.314256191253662,
      8.615355491638184
    ],
    [
      2.038207769393921,
      1.300283432006836,
      2.1096253395080566,
      2.1808178424835205,
      9.602686882019043,
      7.737074851989746,
      36.253292083740234,
      10.488422393798828,
      14.466519355773926,
      5.706325054168701,
      9.27971363067627,
      6.708130836486816,
      10.99973201751709,
      7.373003005981445,
      4.42731237411499,
      7.572119235992432,
      7.549285411834717,
      11.172968864440918
    ],
    [
      0.12838898599147797,
      1.3147021532058716,
      2.5447208881378174,
      5.101299285888672,
      3.7954604625701904,
      8.560249328613281,
      10.488422393798828,
      15.12342643737793,
      9.41817855834961,
      10.750788688659668,
      8.559235572814941,
      12.100709915161133,
      6.514473915100098,
      9.626693725585938,
      3.345766305923462,
      6.39082145690918,
      3.976086139678955,
      7.202335357666016
    ],
    [
      0.9159507751464844,
      4.063156604766846,
      4.953892707824707,
      3.627269983291626,
      2.1817808151245117,
      5.933737754821777,
      14.466519355773926,
      9.41817855834961,
      20.570829391479492,
      15.7924222946167,
      11.690276145935059,
      15.263860702514648,
      9.651461601257324,
      12.13645076751709,
      4.6424102783203125,
      6.606367111206055,
      6.082443714141846,
      8.01050853729248
    ],
    [
      0.26408132910728455,
      4.342524528503418,
      5.455008029937744,
      5.093104839324951,
      0.827435314655304,
      7.001064300537109,
      5.706325054168701,
      10.750788688659668,
      15.7924222946167,
      22.5467586517334,
      12.40619945526123,
      20.438331604003906,
      7.435758590698242,
      14.181173324584961,
      3.8996949195861816,
      6.818367004394531,
      4.025727272033691,
      7.024387359619141
    ],
    [
      1.4796026945114136,
      5.499166488647461,
      5.210893630981445,
      3.7588658332824707,
      7.524560928344727,
      7.8435516357421875,
      9.27971363067627,
      8.559235572814941,
      11.690276145935059,
      12.40619945526123,
      18.793838500976562,
      15.527715682983398,
      13.5704927444458,
      13.783934593200684,
      7.476649284362793,
      9.692204475402832,
      6.828074932098389,
      8.949821472167969
    ],
    [
      0.6760149002075195,
      6.39208459854126,
      6.681972026824951,
      6.3032307624816895,
      2.461127519607544,
      8.467185020446777,
      6.708130836486816,
      12.100709915161133,
      15.263860702514648,
      20.438331604003906,
      15.527715682983398,
      25.235170364379883,
      9.712212562561035,
      16.973098754882812,
      5.717960357666016,
      8.556868553161621,
      4.992372989654541,
      7.773566246032715
    ],
    [
      1.737349271774292,
      3.9989001750946045,
      3.5245518684387207,
      1.974179983139038,
      7.762298583984375,
      7.319767951965332,
      10.99973201751709,
      6.514473915100098,
      9.651461601257324,
      7.435758590698242,
      13.5704927444458,
      9.712212562561035,
      19.790748596191406,
      13.910618782043457,
      14.192706108093262,
      14.52042293548584,
      12.432833671569824,
      12.680342674255371
    ],
    [
      1.3982226848602295,
      8.35783576965332,
      5.419213771820068,
      4.576331615447998,
      3.40388822555542,
      8.223443984985352,
      7.373003005981445,
      9.626693725585938,
      12.13645076751709,
      14.181173324584961,
      13.783934593200684,
      16.973098754882812,
      13.910618782043457,
      20.725845336914062,
      10.974564552307129,
      16.392717361450195,
      9.842720985412598,
      13.74966049194336
    ],
    [
      1.8682971000671387,
      4.156671047210693,
      4.148867607116699,
      2.996704339981079,
      4.746640682220459,
      3.706669330596924,
      4.42731237411499,
      3.345766305923462,
      4.6424102783203125,
      3.8996949195861816,
      7.476649284362793,
      5.717960357666016,
      14.192706108093262,
      10.974564552307129,
      21.487295150756836,
      18.099483489990234,
      16.521976470947266,
      14.313736915588379
    ],
    [
      0.48305749893188477,
      8.606389999389648,
      3.4828763008117676,
      5.145418643951416,
      5.721979141235352,
      8.420228004455566,
      7.572119235992432,
      6.39082145690918,
      6.606367111206055,
      6.818367004394531,
      9.692204475402832,
      8.556868553161621,
      14.52042293548584,
      16.392717361450195,
      18.099483489990234,
      29.722850799560547,
      17.153615951538086,
      25.110618591308594
    ],
    [
      0.2015409767627716,
      1.9386863708496094,
      3.1473755836486816,
      1.454234004020691,
      4.581972122192383,
      4.314256191253662,
      7.549285411834717,
      3.976086139678955,
      6.082443714141846,
      4.025727272033691,
      6.828074932098389,
      4.992372989654541,
      12.432833671569824,
      9.842720985412598,
      16.521976470947266,
      17.153615951538086,
      23.318429946899414,
      21.832509994506836
    ],
    [
      -0.9938470721244812,
      4.223659038543701,
      3.5875744819641113,
      3.396371841430664,
      6.820568561553955,
      8.615355491638184,
      11.172968864440918,
      7.202335357666016,
      8.01050853729248,
      7.024387359619141,
      8.949821472167969,
      7.773566246032715,
      12.680342674255371,
      13.74966049194336,
      14.313736915588379,
      25.110618591308594,
      21.832509994506836,
      35.366943359375
    ]
  ],
  "damage": -2.704970121383667,
  "diff_bandwidth": 876.7190551757812,
  "dissonance": 11.264943756185097,
  "drr": 1.6339384317398071,
  "dynamics": 1.7065308094024658,
  "format": 1245190,
  "frames": 8828928,
  "loudness": -6.262744426727295,
  "loudness_range": 3.3545918464660645,
  "loudness_range_short": 5.011254787445068,
  "lowpass_true_peak_15khz": 1.478712558746338,
  "mastering3_acoustic_entropies": [
    {
      "acoustic_entropy": 5.8593034744262695,
      "acoustic_entropy_mono": 5.488858222961426,
      "band_eliminated_acoustic_entropies": [
        {
          "acoustic_entropy": 5.871263027191162,
          "acoustic_entropy_side": 5.858798027038574,
          "hz": 129.47220167065723
        },
        {
          "acoustic_entropy": 5.864069938659668,
          "acoustic_entropy_side": 5.935443878173828,
          "hz": 202.92927478742237
        },
        {
          "acoustic_entropy": 5.860655307769775,
          "acoustic_entropy_side": 5.958916187286377,
          "hz": 282.89161906338205
        },
        {
          "acoustic_entropy": 5.675809860229492,
          "acoustic_entropy_side": 5.8877339363098145,
          "hz": 369.9353335868758
        },
        {
          "acoustic_entropy": 5.723087310791016,
          "acoustic_entropy_side": 5.932137489318848,
          "hz": 464.6875360973435
        },
        {
          "acoustic_entropy": 5.682661056518555,
          "acoustic_entropy_side": 5.977038860321045,
          "hz": 567.8308811364784
        },
        {
          "acoustic_entropy": 5.7863993644714355,
          "acoustic_entropy_side": 5.898867130279541,
          "hz": 680.1084783214808
        },
        {
          "acoustic_entropy": 5.9313178062438965,
          "acoustic_entropy_side": 5.831499099731445,
          "hz": 802.3292461747484
        },
        {
          "acoustic_entropy": 6.248907089233398,
          "acoustic_entropy_side": 5.853601932525635,
          "hz": 935.3737400823702
        },
        {
          "acoustic_entropy": 6.002196311950684,
          "acoustic_entropy_side": 5.905059337615967,
          "hz": 1080.2004963696966
        },
        {
          "acoustic_entropy": 5.970422267913818,
          "acoustic_entropy_side": 5.8714423179626465,
          "hz": 1237.8529382007157
        },
        {
          "acoustic_entropy": 5.5567121505737305,
          "acoustic_entropy_side": 5.88213586807251,
          "hz": 1409.4668930556702
        },
        {
          "acoustic_entropy": 5.687629222869873,
          "acoustic_entropy_side": 5.851479530334473,
          "hz": 1596.2787759475705
        },
        {
          "acoustic_entropy": 5.980528831481934,
          "acoustic_entropy_side": 5.828044414520264,
          "hz": 1799.6344973346393
        },
        {
          "acoustic_entropy": 5.91495943069458,
          "acoustic_entropy_side": 5.815100193023682,
          "hz": 2020.9991599069049
        },
        {
          "acoustic_entropy": 5.923760890960693,
          "acoustic_entropy_side": 5.923748016357422,
          "hz": 2261.9676141086993
        },
        {
          "acoustic_entropy": 5.740400314331055,
          "acoustic_entropy_side": 5.740650653839111,
          "hz": 2524.2759484456974
        },
        {
          "acoustic_entropy": 5.650368690490723,
          "acoustic_entropy_side": 5.781739234924316,
          "hz": 2809.813997359896
        },
        {
          "acoustic_entropy": 5.923649311065674,
          "acoustic_entropy_side": 5.892343997955322,
          "hz": 3120.6389567871424
        },
        {
          "acoustic_entropy": 5.784416198730469,
          "acoustic_entropy_side": 5.813488483428955,
          "hz": 3458.990205492291
        },
        {
          "acoustic_entropy": 5.654019355773926,
          "acoustic_entropy_side": 5.789891242980957,
          "hz": 3827.305438964164
        },
        {
          "acoustic_entropy": 5.8421783447265625,
          "acoustic_entropy_side": 5.808835983276367,
          "hz": 4228.238232109126
        },
        {
          "acoustic_entropy": 6.012289047241211,
          "acoustic_entropy_side": 5.914527416229248,
          "hz": 4664.6771572759235
        },
        {
          "acoustic_entropy": 5.990914821624756,
          "acoustic_entropy_side": 5.93543815612793,
          "hz": 5139.766595350093
        },
        {
          "acoustic_entropy": 5.928775310516357,
          "acoustic_entropy_side": 5.895026683807373,
          "hz": 5656.929389854203
        },
        {
          "acoustic_entropy": 6.013321876525879,
          "acoustic_entropy_side": 5.933132648468018,
          "hz": 6219.891507268283
        },
        {
          "acoustic_entropy": 5.792316436767578,
          "acoustic_entropy_side": 5.882347583770752,
          "hz": 6832.70888123896
        },
        {
          "acoustic_entropy": 5.787763595581055,
          "acoustic_entropy_side": 5.917373180389404,
          "hz": 7499.796634079867
        },
        {
          "acoustic_entropy": 5.762895107269287,
          "acoustic_entropy_side": 5.894348621368408,
          "hz": 8225.96088609342
        },
        {
          "acoustic_entropy": 5.796353816986084,
          "acoustic_entropy_side": 5.870950698852539,
          "hz": 9016.43338188839
        },
        {
          "acoustic_entropy": 5.565807819366455,
          "acoustic_entropy_side": 5.858434200286865,
          "hz": 9876.909183162974
        },
        {
          "acoustic_entropy": 5.661330699920654,
          "acoustic_entropy_side": 5.829890251159668,
          "hz": 10813.587699516042
        },
        {
          "acoustic_entropy": 5.723217010498047,
          "acoustic_entropy_side": 5.825657844543457,
          "hz": 11833.21735289826
        },
        {
          "acoustic_entropy": 5.779962062835693,
          "acoustic_entropy_side": 5.886037826538086,
          "hz": 12943.144197493959
        },
        {
          "acoustic_entropy": 5.834576606750488,
          "acoustic_entropy_side": 5.903919219970703,
          "hz": 14151.364845322005
        },
        {
          "acoustic_entropy": 5.848703861236572,
          "acoustic_entropy_side": 5.86491060256958,
          "hz": 15466.58407886509
        },
        {
          "acoustic_entropy": 5.854363441467285,
          "acoustic_entropy_side": 5.860753536224365,
          "hz": 16898.27756580493
        },
        {
          "acoustic_entropy": 5.860931873321533,
          "acoustic_entropy_side": 5.860012054443359,
          "hz": 18456.760127700032
        },
        {
          "acoustic_entropy": 5.860846519470215,
          "acoustic_entropy_side": 5.860074520111084,
          "hz": 20153.260054456492
        },
        {
          "acoustic_entropy": 5.859436511993408,
          "acoustic_entropy_side": 5.859356880187988,
          "hz": 22000.00000000001
        }
      ],
      "diff_acoustic_entropy": 4.754122734069824,
      "sn": 6
    },
    {
      "acoustic_entropy": 9.756070137023926,
      "acoustic_entropy_mono": 9.186310768127441,
      "band_eliminated_acoustic_entropies": [
        {
          "acoustic_entropy": 9.336263656616211,
          "acoustic_entropy_side": 9.763907432556152,
          "hz": 129.47220167065723
        },
        {
          "acoustic_entropy": 9.524395942687988,
          "acoustic_entropy_side": 9.888339042663574,
          "hz": 202.92927478742237
        },
        {
          "acoustic_entropy": 9.963180541992188,
          "acoustic_entropy_side": 9.797119140625,
          "hz": 282.89161906338205
        },
        {
          "acoustic_entropy": 9.600886344909668,
          "acoustic_entropy_side": 9.692693710327148,
          "hz": 369.9353335868758
        },
        {
          "acoustic_entropy": 9.702486038208008,
          "acoustic_entropy_side": 9.584742546081543,
          "hz": 464.6875360973435
        },
        {
          "acoustic_entropy": 9.16619873046875,
          "acoustic_entropy_side": 9.535507202148438,
          "hz": 567.8308811364784
        },
        {
          "acoustic_entropy": 9.849896430969238,
          "acoustic_entropy_side": 9.673479080200195,
          "hz": 680.1084783214808
        },
        {
          "acoustic_entropy": 9.799917221069336,
          "acoustic_entropy_side": 9.834455490112305,
          "hz": 802.3292461747484
        },
        {
          "acoustic_entropy": 9.479348182678223,
          "acoustic_entropy_side": 9.743706703186035,
          "hz": 935.3737400823702
        },
        {
          "acoustic_entropy": 9.480727195739746,
          "acoustic_entropy_side": 9.7874116897583,
          "hz": 1080.2004963696966
        },
        {
          "acoustic_entropy": 9.58225154876709,
          "acoustic_entropy_side": 9.770546913146973,
          "hz": 1237.8529382007157
        },
        {
          "acoustic_entropy": 9.586610794067383,
          "acoustic_entropy_side": 9.765021324157715,
          "hz": 1409.4668930556702
        },
        {
          "acoustic_entropy": 9.498002052307129,
          "acoustic_entropy_side": 9.80077075958252,
          "hz": 1596.2787759475705
        },
        {
          "acoustic_entropy": 9.949087142944336,
          "acoustic_entropy_side": 9.910567283630371,
          "hz": 1799.6344973346393
        },
        {
          "acoustic_entropy": 9.915410041809082,
          "acoustic_entropy_side": 9.872502326965332,
          "hz": 2020.9991599069049
        },
        {
          "acoustic_entropy": 9.662683486938477,
          "acoustic_entropy_side": 9.69929313659668,
          "hz": 2261.9676141086993
        },
        {
          "acoustic_entropy": 9.751866340637207,
          "acoustic_entropy_side": 9.712410926818848,
          "hz": 2524.2759484456974
        },
        {
          "acoustic_entropy": 9.608746528625488,
          "acoustic_entropy_side": 9.830309867858887,
          "hz": 2809.813997359896
        },
        {
          "acoustic_entropy": 9.441097259521484,
          "acoustic_entropy_side": 9.829902648925781,
          "hz": 3120.6389567871424
        },
        {
          "acoustic_entropy": 9.80688762664795,
          "acoustic_entropy_side": 9.845589637756348,
          "hz": 3458.990205492291
        },
        {
          "acoustic_entropy": 9.818124771118164,
          "acoustic_entropy_side": 9.79411506652832,
          "hz": 3827.305438964164
        },
        {
          "acoustic_entropy": 9.67712688446045,
          "acoustic_entropy_side": 9.75067138671875,
          "hz": 4228.238232109126
        },
        {
          "acoustic_entropy": 9.659490585327148,
          "acoustic_entropy_side": 9.651872634887695,
          "hz": 4664.6771572759235
        },
        {
          "acoustic_entropy": 9.630029678344727,
          "acoustic_entropy_side": 9.591038703918457,
          "hz": 5139.766595350093
        },
        {
          "acoustic_entropy": 9.82281494140625,
          "acoustic_entropy_side": 9.613027572631836,
          "hz": 5656.929389854203
        },
        {
          "acoustic_entropy": 9.562487602233887,
          "acoustic_entropy_side": 9.538476943969727,
          "hz": 6219.891507268283
        },
        {
          "acoustic_entropy": 9.764677047729492,
          "acoustic_entropy_side": 9.696836471557617,
          "hz": 6832.70888123896
        },
        {
          "acoustic_entropy": 9.98661994934082,
          "acoustic_entropy_side": 9.855605125427246,
          "hz": 7499.796634079867
        },
        {
          "acoustic_entropy": 9.767719268798828,
          "acoustic_entropy_side": 9.783616065979004,
          "hz": 8225.96088609342
        },
        {
          "acoustic_entropy": 9.809906005859375,
          "acoustic_entropy_side": 9.809842109680176,
          "hz": 9016.43338188839
        },
        {
          "acoustic_entropy": 9.73905086517334,
          "acoustic_entropy_side": 9.8169584274292,
          "hz": 9876.909183162974
        },
        {
          "acoustic_entropy": 9.992703437805176,
          "acoustic_entropy_side": 9.937207221984863,
          "hz": 10813.587699516042
        },
        {
          "acoustic_entropy": 9.896228790283203,
          "acoustic_entropy_side": 9.894477844238281,
          "hz": 11833.21735289826
        },
        {
          "acoustic_entropy": 9.791107177734375,
          "acoustic_entropy_side": 9.888784408569336,
          "hz": 12943.144197493959
        },
        {
          "acoustic_entropy": 9.727452278137207,
          "acoustic_entropy_side": 9.791440963745117,
          "hz": 14151.364845322005
        },
        {
          "acoustic_entropy": 9.63305950164795,
          "acoustic_entropy_side": 9.780054092407227,
          "hz": 15466.58407886509
        },
        {
          "acoustic_entropy": 9.724234580993652,
          "acoustic_entropy_side": 9.787506103515625,
          "hz": 16898.27756580493
        },
        {
          "acoustic_entropy": 9.709219932556152,
          "acoustic_entropy_side": 9.763899803161621,
          "hz": 18456.760127700032
        },
        {
          "acoustic_entropy": 9.750470161437988,
          "acoustic_entropy_side": 9.759795188903809,
          "hz": 20153.260054456492
        },
        {
          "acoustic_entropy": 9.75757884979248,
          "acoustic_entropy_side": 9.756732940673828,
          "hz": 22000.00000000001
        }
      ],
      "diff_acoustic_entropy": 8.436851501464844,
      "sn": 12
    },
    {
      "acoustic_entropy": 16.549423217773438,
      "acoustic_entropy_mono": 13.405567169189453,
      "band_eliminated_acoustic_entropies": [
        {
          "acoustic_entropy": 15.796560287475586,
          "acoustic_entropy_side": 16.32126235961914,
          "hz": 129.47220167065723
        },
        {
          "acoustic_entropy": 15.5801362991333,
          "acoustic_entropy_side": 15.872396469116211,
          "hz": 202.92927478742237
        },
        {
          "acoustic_entropy": 15.791629791259766,
          "acoustic_entropy_side": 15.798392295837402,
          "hz": 282.89161906338205
        },
        {
          "acoustic_entropy": 16.31052017211914,
          "acoustic_entropy_side": 16.14724349975586,
          "hz": 369.9353335868758
        },
        {
          "acoustic_entropy": 16.480422973632812,
          "acoustic_entropy_side": 16.559953689575195,
          "hz": 464.6875360973435
        },
        {
          "acoustic_entropy": 15.172741889953613,
          "acoustic_entropy_side": 15.474303245544434,
          "hz": 567.8308811364784
        },
        {
          "acoustic_entropy": 15.972488403320312,
          "acoustic_entropy_side": 16.465360641479492,
          "hz": 680.1084783214808
        },
        {
          "acoustic_entropy": 15.653739929199219,
          "acoustic_entropy_side": 15.76855754852295,
          "hz": 802.3292461747484
        },
        {
          "acoustic_entropy": 15.583882331848145,
          "acoustic_entropy_side": 16.721994400024414,
          "hz": 935.3737400823702
        },
        {
          "acoustic_entropy": 16.22944450378418,
          "acoustic_entropy_side": 16.29741859436035,
          "hz": 1080.2004963696966
        },
        {
          "acoustic_entropy": 16.02338981628418,
          "acoustic_entropy_side": 16.616308212280273,
          "hz": 1237.8529382007157
        },
        {
          "acoustic_entropy": 15.94163990020752,
          "acoustic_entropy_side": 15.783862113952637,
          "hz": 1409.4668930556702
        },
        {
          "acoustic_entropy": 16.090551376342773,
          "acoustic_entropy_side": 16.375701904296875,
          "hz": 1596.2787759475705
        },
        {
          "acoustic_entropy": 16.397937774658203,
          "acoustic_entropy_side": 16.49985122680664,
          "hz": 1799.6344973346393
        },
        {
          "acoustic_entropy": 16.411144256591797,
          "acoustic_entropy_side": 16.375028610229492,
          "hz": 2020.9991599069049
        },
        {
          "acoustic_entropy": 15.627575874328613,
          "acoustic_entropy_side": 16.44331169128418,
          "hz": 2261.9676141086993
        },
        {
          "acoustic_entropy": 16.336854934692383,
          "acoustic_entropy_side": 16.369306564331055,
          "hz": 2524.2759484456974
        },
        {
          "acoustic_entropy": 16.341917037963867,
          "acoustic_entropy_side": 16.344802856445312,
          "hz": 2809.813997359896
        },
        {
          "acoustic_entropy": 16.313919067382812,
          "acoustic_entropy_side": 16.4425106048584,
          "hz": 3120.6389567871424
        },
