{
  "acoustic_entropy": 112.33840942382812,
  "bands": [
    {
      "high_freq": 148.1999969482422,
      "loudness": -57.078914642333984,
      "loudness_range": 37.623260498046875,
      "mid_mean": -54.539676666259766,
      "mid_to_side_loudness": -8.478672981262207,
      "mid_to_side_loudness_range": 5.54840612411499,
      "side_mean": -61.015438079833984
    },
    {
      "high_freq": 392.3793640136719,
      "loudness": -48.21477127075195,
      "loudness_range": 36.803199768066406,
      "low_freq": 148.1999969482422,
      "mid_mean": -45.39582443237305,
      "mid_to_side_loudness": -12.21964168548584,
      "mid_to_side_loudness_range": 7.667296409606934,
      "side_mean": -57.30180358886719
    },
    {
      "high_freq": 794.6976318359375,
      "loudness": -33.84187316894531,
      "loudness_range": 31.829647064208984,
      "low_freq": 392.3793640136719,
      "mid_mean": -31.212966918945312,
      "mid_to_side_loudness": -12.336368560791016,
      "mid_to_side_loudness_range": 10.512417793273926,
      "side_mean": -45.288753509521484
    },
    {
      "high_freq": 1457.5709228515625,
      "loudness": -38.60624313354492,
      "loudness_range": 34.15162658691406,
      "low_freq": 794.6976318359375,
      "mid_mean": -36.53021240234375,
      "mid_to_side_loudness": -11.751130104064941,
      "mid_to_side_loudness_range": 8.445789337158203,
      "side_mean": -52.2505989074707
    },
    {
      "high_freq": 2549.74365234375,
      "loudness": -40.499969482421875,
      "loudness_range": 35.899200439453125,
      "low_freq": 1457.5709228515625,
      "mid_mean": -41.28895950317383,
      "mid_to_side_loudness": -9.969368934631348,
      "mid_to_side_loudness_range": 8.690695762634277,
      "side_mean": -54.394126892089844
    },
    {
      "high_freq": 4349.24462890625,
      "loudness": -48.19668197631836,
      "loudness_range": 29.982444763183594,
      "low_freq": 2549.74365234375,
      "mid_mean": -53.442623138427734,
      "mid_to_side_loudness": -7.666440010070801,
      "mid_to_side_loudness_range": 9.596807479858398,
      "side_mean": -59.703819274902344
    },
    {
      "high_freq": 7314.1640625,
      "loudness": -65.56036376953125,
      "loudness_range": 28.331405639648438,
      "low_freq": 4349.24462890625,
      "mid_mean": -61.506256103515625,
      "mid_to_side_loudness": -5.961091995239258,
      "mid_to_side_loudness_range": 10.67642879486084,
      "side_mean": -65.86068725585938
    },
    {
      "high_freq": 12199.2666015625,
      "loudness": -70.1361083984375,
      "loudness_range": 13.256996154785156,
      "low_freq": 7314.1640625,
      "mid_mean": -65.7857894897461,
      "mid_to_side_loudness": -3.1182103157043457,
      "mid_to_side_loudness_range": 8.759297370910645,
      "side_mean": -67.73165130615234
    },
    {
      "loudness": -73.9065170288086,
      "loudness_range": 3.46197509765625,
      "low_freq": 12199.2666015625,
      "mid_mean": -68.22030639648438,
      "mid_to_side_loudness": -0.7388560771942139,
      "mid_to_side_loudness_range": 1.6847084760665894,
      "side_mean": -68.52767181396484
    }
  ],
  "bands_short": [
    {
      "high_freq": 148.1999969482422,
      "loudness": -60.65510559082031,
      "loudness_range": 33.9419059753418,
      "mid_mean": -57.65426254272461,
      "mid_to_side_loudness": -8.022722244262695,
      "mid_to_side_loudness_range": 10.55825424194336,
      "side_mean": -63.133827209472656
    },
    {
      "high_freq": 392.3793640136719,
      "loudness": -48.9914665222168,
      "loudness_range": 36.45450973510742,
      "low_freq": 148.1999969482422,
      "mid_mean": -45.916015625,
      "mid_to_side_loudness": -11.70155143737793,
      "mid_to_side_loudness_range": 10.055542945861816,
      "side_mean": -57.35235595703125
    },
    {
      "high_freq": 794.6976318359375,
      "loudness": -34.91946029663086,
      "loudness_range": 31.8327693939209,
      "low_freq": 392.3793640136719,
      "mid_mean": -32.415382385253906,
      "mid_to_side_loudness": -12.312779426574707,
      "mid_to_side_loudness_range": 14.145037651062012,
      "side_mean": -47.424434661865234
    },
    {
      "high_freq": 1457.5709228515625,
      "loudness": -38.249000549316406,
      "loudness_range": 34.822669982910156,
      "low_freq": 794.6976318359375,
      "mid_mean": -36.58161544799805,
      "mid_to_side_loudness": -11.523819923400879,
      "mid_to_side_loudness_range": 12.379626274108887,
      "side_mean": -52.20753479003906
    },
    {
      "high_freq": 2549.74365234375,
      "loudness": -40.84174346923828,
      "loudness_range": 35.86884689331055,
      "low_freq": 1457.5709228515625,
      "mid_mean": -42.46622848510742,
      "mid_to_side_loudness": -9.69001579284668,
      "mid_to_side_loudness_range": 10.782905578613281,
      "side_mean": -54.72785186767578
    },
    {
      "high_freq": 4349.24462890625,
      "loudness": -48.27070999145508,
      "loudness_range": 30.019390106201172,
      "low_freq": 2549.74365234375,
      "mid_mean": -53.859615325927734,
      "mid_to_side_loudness": -7.444492816925049,
      "mid_to_side_loudness_range": 10.75719165802002,
      "side_mean": -59.89121627807617
    },
    {
      "high_freq": 7314.1640625,
      "loudness": -65.90258026123047,
      "loudness_range": 28.318771362304688,
      "low_freq": 4349.24462890625,
      "mid_mean": -61.7976188659668,
      "mid_to_side_loudness": -5.655587196350098,
      "mid_to_side_loudness_range": 11.216547966003418,
      "side_mean": -65.89723205566406
    },
    {
      "high_freq": 12199.2666015625,
      "loudness": -70.44776916503906,
      "loudness_range": 12.38360595703125,
      "low_freq": 7314.1640625,
      "mid_mean": -66.0356674194336,
      "mid_to_side_loudness": -2.836052894592285,
      "mid_to_side_loudness_range": 8.087156295776367,
      "side_mean": -67.77239227294922
    },
    {
      "loudness": -73.99252319335938,
      "loudness_range": 2.679107666015625,
      "low_freq": 12199.2666015625,
      "mid_mean": -68.28034973144531,
      "mid_to_side_loudness": -0.5940085053443909,
      "mid_to_side_loudness_range": 2.0837416648864746,
      "side_mean": -68.52107238769531
    }
  ],
  "bandwidth": 912.449462890625,
  "channels": 2,
  "covariance": [
    [
      142.59544372558594,
      109.67108154296875,
      92.34019470214844,
      82.81549835205078,
      22.012319564819336,
      29.981599807739258,
      27.942333221435547,
      58.78020095825195,
      54.60107421875,
      70.6612777709961,
      74.2480697631836,
      48.739864349365234,
      40.82058334350586,
      17.514284133911133,
      17.907190322875977,
      5.060603618621826,
      4.637694358825684,
      1.9969446659088135
    ],
    [
      109.67108154296875,
      87.43891906738281,
      72.88225555419922,
      62.84724426269531,
      17.268266677856445,
      23.576030731201172,
      21.46308135986328,
      41.79185104370117,
      40.979270935058594,
      50.5103645324707,
      54.44333267211914,
      35.850399017333984,
      29.672090530395508,
      12.32492733001709,
      12.783658981323242,
      3.2940711975097656,
      3.1812705993652344,
      1.2122929096221924
    ],
    [
      92.34019470214844,
      72.88225555419922,
      164.29933166503906,
      124.97209930419922,
      18.336164474487305,
      31.814865112304688,
      52.21816635131836,
      77.45161437988281,
      97.9381332397461,
      96.66100311279297,
      101.03882598876953,
      67.6022720336914,
      59.00689697265625,
      25.407140731811523,
      21.06353759765625,
      4.684741020202637,
      4.002060890197754,
      0.8422396779060364
    ],
    [
      82.81549835205078,
      62.84724426269531,
      124.97209930419922,
      105.01644134521484,
      16.440288543701172,
      27.085041046142578,
      43.172935485839844,
      73.34246063232422,
      78.60496520996094,
      85.65464782714844,
      88.09783172607422,
      58.66688537597656,
      50.10641860961914,
      22.022411346435547,
      18.358049392700195,
      5.282257080078125,
      4.320399761199951,
      1.8899343013763428
    ],
    [
      22.012319564819336,
      17.268266677856445,
      18.336164474487305,
      16.440288543701172,
      125.59771728515625,
      106.4988784790039,
      82.73030853271484,
      87.7324447631836,
      90.32892608642578,
      77.69609832763672,
      75.70974731445312,
      54.6893424987793,
      48.4466438293457,
      23.823009490966797,
      18.234899520874023,
      4.589277744293213,
      2.5622313022613525,
      0.9075072407722473
    ],
    [
      29.981599807739258,
      23.576030731201172,
      31.814865112304688,
      27.085041046142578,
      106.4988784790039,
      125.36952209472656,
      81.25035095214844,
      99.54087829589844,
      92.84075927734375,
      89.7221908569336,
      86.33670806884766,
      60.97066879272461,
      49.7641716003418,
      23.364755630493164,
      17.13687515258789,
      4.30555534362793,
      2.259521961212158,
      0.8938243389129639
    ],
    [
      27.942333221435547,
      21.46308135986328,
      52.21816635131836,
      43.172935485839844,
      82.73030853271484,
      81.25035095214844,
      153.9563751220703,
      132.49798583984375,
      129.3832550048828,
      117.53095245361328,
      129.2259521484375,
      90.842529296875,
      78.78116607666016,
      38.88766098022461,
      28.884889602661133,
      7.472395896911621,
      4.126118183135986,
      1.3698292970657349
    ],
    [
      58.78020095825195,
      41.79185104370117,
      77.45161437988281,
      73.34246063232422,
      87.7324447631836,
      99.54087829589844,
      132.49798583984375,
      167.3908233642578,
      131.19671630859375,
      144.244140625,
      150.7349090576172,
      103.19630432128906,
      84.06670379638672,
      40.50651168823242,
      31.03006362915039,
      9.49122142791748,
      5.861327648162842,
      3.0872268676757812
    ],
    [
      54.60107421875,
      40.979270935058594,
      97.9381332397461,
      78.60496520996094,
      90.32892608642578,
      92.84075927734375,
      129.3832550048828,
      131.19671630859375,
      205.80694580078125,
      170.64134216308594,
      168.85430908203125,
      120.45130920410156,
      107.09846496582031,
      53.409095764160156,
      40.379005432128906,
      10.410178184509277,
      5.895907402038574,
      1.8447234630584717
    ],
    [
      70.6612777709961,
      50.5103645324707,
      96.66100311279297,
      85.65464782714844,
      77.69609832763672,
      89.7221908569336,
      117.53095245361328,
      144.244140625,
      170.64134216308594,
      170.5963592529297,
      164.66127014160156,
      115.09431457519531,
      97.55768585205078,
      48.30419158935547,
      36.72071075439453,
      10.968790054321289,
      6.585014820098877,
      3.180095672607422
    ],
    [
      74.2480697631836,
      54.44333267211914,
      101.03882598876953,
      88.09783172607422,
      75.70974731445312,
      86.33670806884766,
      129.2259521484375,
      150.7349090576172,
      168.85430908203125,
      164.66127014160156,
      185.29054260253906,
      127.42227935791016,
      107.78192138671875,
      51.64566421508789,
      42.33045959472656,
      11.829113960266113,
      7.967233180999756,
      3.246046781539917
    ],
    [
      48.739864349365234,
      35.850399017333984,
      67.6022720336914,
      58.66688537597656,
      54.6893424987793,
      60.97066879272461,
      90.842529296875,
      103.19630432128906,
      120.45130920410156,
      115.09431457519531,
      127.42227935791016,
      91.01241302490234,
      76.8984146118164,
      38.5706787109375,
      30.58284568786621,
      8.68093490600586,
      5.512260437011719,
      2.225158452987671
    ],
    [
      40.82058334350586,
      29.672090530395508,
      59.00689697265625,
      50.10641860961914,
      48.4466438293457,
      49.7641716003418,
      78.78116607666016,
      84.06670379638672,
      107.09846496582031,
      97.55768585205078,
      107.78192138671875,
      76.8984146118164,
      77.08743286132812,
      40.229557037353516,
      33.21747970581055,
      9.129927635192871,
      6.2543625831604,
      2.126811981201172
    ],
    [
      17.514284133911133,
      12.32492733001709,
      25.407140731811523,
      22.022411346435547,
      23.823009490966797,
      23.364755630493164,
      38.88766098022461,
      40.50651168823242,
      53.409095764160156,
      48.30419158935547,
      51.64566421508789,
      38.5706787109375,
      40.229557037353516,
      23.241331100463867,
      18.37084197998047,
      5.410670757293701,
      3.3460333347320557,
      1.1616989374160767
    ],
    [
      17.907190322875977,
      12.783658981323242,
      21.06353759765625,
      18.358049392700195,
      18.234899520874023,
      17.13687515258789,
      28.884889602661133,
      31.03006362915039,
      40.379005432128906,
      36.72071075439453,
      42.33045959472656,
      30.58284568786621,
      33.21747970581055,
      18.37084197998047,
      17.444679260253906,
      4.862013339996338,
      3.877795457839966,
      1.0587273836135864
    ],
    [
      5.060603618621826,
      3.2940711975097656,
      4.684741020202637,
      5.282257080078125,
      4.589277744293213,
      4.30555534362793,
      7.472395896911621,
      9.49122142791748,
      10.410178184509277,
      10.968790054321289,
      11.829113960266113,
      8.68093490600586,
      9.129927635192871,
      5.410670757293701,
      4.862013339996338,
      1.7569870948791504,
      1.208282232284546,
      0.46527746319770813
    ],
    [
      4.637694358825684,
      3.1812705993652344,
      4.002060890197754,
      4.320399761199951,
      2.5622313022613525,
      2.259521961212158,
      4.126118183135986,
      5.861327648162842,
      5.895907402038574,
      6.585014820098877,
      7.967233180999756,
      5.512260437011719,
      6.2543625831604,
      3.3460333347320557,
      3.877795457839966,
      1.208282232284546,
      1.3269715309143066,
      0.3401898145675659
    ],
    [
      1.9969446659088135,
      1.2122929096221924,
      0.8422396779060364,
      1.8899343013763428,
      0.9075072407722473,
      0.8938243389129639,
      1.3698292970657349,
      3.0872268676757812,
      1.8447234630584717,
      3.180095672607422,
      3.246046781539917,
      2.225158452987671,
      2.126811981201172,
      1.1616989374160767,
      1.0587273836135864,
      0.46527746319770813,
      0.3401898145675659,
      0.20147569477558136
    ]
  ],
  "covariance_short": [
    [
      111.79776000976562,
      79.4615478515625,
      91.58087158203125,
      85.70065307617188,
      24.271862030029297,
      35.87693786621094,
      37.390785217285156,
      59.773834228515625,
      53.849491119384766,
      61.99738693237305,
      64.5556640625,
      41.986270904541016,
      34.96371841430664,
      14.922988891601562,
      14.232694625854492,
      4.0345330238342285,
      3.589604139328003,
      1.6093579530715942
    ],
    [
      79.4615478515625,
      61.63823699951172,
      68.48072814941406,
      63.33640670776367,
      18.158994674682617,
      26.488418579101562,
      25.4262638092041,
      39.645530700683594,
      37.583702087402344,
      41.43876647949219,
      44.17607116699219,
      28.8303279876709,
      24.012638092041016,
      10.04576587677002,
      9.575157165527344,
      2.5194010734558105,
      2.3387882709503174,
      0.9371517896652222
    ],
    [
      91.58087158203125,
      68.48072814941406,
      158.98687744140625,
      124.87125396728516,
      25.763307571411133,
      46.76932144165039,
      63.31446838378906,
      84.24391174316406,
      98.60275268554688,
      91.08795166015625,
      96.30807495117188,
      63.12976837158203,
      53.92737579345703,
      23.23075294494629,
      18.029085159301758,
      4.15120267868042,
      3.214965581893921,
      0.8198124170303345
    ],
    [
      85.70065307617188,
      63.33640670776367,
      124.87125396728516,
      111.92884826660156,
      17.569581985473633,
      35.34186935424805,
      47.86415100097656,
      75.46267700195312,
      78.36834716796875,
      80.55705261230469,
      84.60734558105469,
      55.36835479736328,
      46.528099060058594,
      20.469758987426758,
      16.35426139831543,
      4.849682807922363,
      3.783266305923462,
      1.8323122262954712
    ],
    [
      24.271862030029297,
      18.158994674682617,
      25.763307571411133,
      17.569581985473633,
      130.67453002929688,
      102.88089752197266,
      88.1054916381836,
      90.65303039550781,
      92.99333190917969,
      79.40634155273438,
      79.32137298583984,
      56.32208251953125,
      49.95913314819336,
      24.69427490234375,
      17.980836868286133,
      4.595902442932129,
      2.5291621685028076,
      0.9474080801010132
    ],
    [
      35.87693786621094,
      26.488418579101562,
      46.76932144165039,
      35.34186935424805,
      102.88089752197266,
      139.48870849609375,
      87.45429992675781,
      114.20425415039062,
      99.03408813476562,
      100.99198913574219,
      98.65178680419922,
      68.13639831542969,
      55.40161895751953,
      26.00223159790039,
      18.10921287536621,
      4.619317054748535,
      2.3828747272491455,
      0.9792400598526001
    ],
    [
      37.390785217285156,
      25.4262638092041,
      63.31446838378906,
      47.86415100097656,
      88.1054916381836,
      87.45429992675781,
      166.8435516357422,
      137.0341033935547,
      144.54180908203125,
      125.0788803100586,
      137.97438049316406,
      96.43778228759766,
      81.50305938720703,
      39.874202728271484,
      28.828794479370117,
      7.353619575500488,
      3.722921133041382,
      1.3925813436508179
    ],
    [
      59.773834228515625,
      39.645530700683594,
      84.24391174316406,
      75.46267700195312,
      90.65303039550781,
      114.20425415039062,
      137.0341033935547,
      174.8832244873047,
      145.6234130859375,
      148.4556121826172,
      154.4141845703125,
      105.7728042602539,
      84.63322448730469,
      40.83678436279297,
      30.03462028503418,
      9.113635063171387,
      5.311294078826904,
      3.043649435043335
    ],
    [
      53.849491119384766,
      37.583702087402344,
      98.60275268554688,
      78.36834716796875,
      92.99333190917969,
      99.03408813476562,
      144.54180908203125,
      145.6234130859375,
      218.594970703125,
      176.20596313476562,
      177.36959838867188,
      125.18405151367188,
      108.91991424560547,
      54.76469039916992,
      39.329036712646484,
      10.32671070098877,
      5.485139846801758,
      1.930601954460144
    ],
    [
      61.99738693237305,
      41.43876647949219,
      91.08795166015625,
      80.55705261230469,
      79.40634155273438,
      100.99198913574219,
      125.0788803100586,
      148.4556121826172,
      176.20596313476562,
      169.87002563476562,
      164.19248962402344,
      114.61869049072266,
      95.7107925415039,
      48.20344924926758,
      34.64830017089844,
      10.538069725036621,
      5.98085355758667,
      3.1305243968963623
    ],
    [
      64.5556640625,
      44.17607116699219,
      96.30807495117188,
      84.60734558105469,
      79.32137298583984,
      98.65178680419922,
      137.97438049316406,
      154.4141845703125,
      177.36959838867188,
      164.19248962402344,
      186.54994201660156,
      127.97057342529297,
      106.6041030883789,
      52.18016052246094,
      39.75003433227539,
      11.398633003234863,
      7.033258438110352,
      3.20796275138855
    ],
    [
      41.986270904541016,
      28.8303279876709,
      63.12976837158203,
      55.36835479736328,
      56.32208251953125,
      68.13639831542969,
      96.43778228759766,
      105.7728042602539,
      125.18405151367188,
      114.61869049072266,
      127.97057342529297,
      92.39977264404297,
      76.1670150756836,
      39.07959747314453,
      28.810800552368164,
      8.389383316040039,
      4.85295295715332,
      2.1989328861236572
    ],
    [
      34.96371841430664,
      24.012638092041016,
      53.92737579345703,
      46.528099060058594,
      49.95913314819336,
      55.40161895751953,
      81.50305938720703,
      84.63322448730469,
      108.91991424560547,
      95.7107925415039,
      106.6041030883789,
      76.1670150756836,
      75.3125,
      39.87347412109375,
      30.825593948364258,
      8.720857620239258,
      5.470066070556641,
      2.1142685413360596
    ],
    [
      14.922988891601562,
      10.04576587677002,
      23.23075294494629,
      20.469758987426758,
      24.69427490234375,
      26.00223159790039,
      39.874202728271484,
      40.83678436279297,
      54.76469039916992,
      48.20344924926758,
      52.18016052246094,
      39.07959747314453,
      39.87347412109375,
      23.754793167114258,
      17.4552001953125,
      5.286069869995117,
      2.967618703842163,
      1.1720010042190552
    ],
    [
      14.232694625854492,
      9.575157165527344,
      18.029085159301758,
      16.35426139831543,
      17.980836868286133,
      18.10921287536621,
      28.828794479370117,
      30.03462028503418,
      39.329036712646484,
      34.64830017089844,
      39.75003433227539,
      28.810800552368164,
      30.825593948364258,
      17.4552001953125,
      15.777467727661133,
      4.569940567016602,
      3.353627920150757,
      1.058557152748108
    ],
    [
      4.0345330238342285,
      2.5194010734558105,
      4.15120267868042,
      4.849682807922363,
      4.595902442932129,
      4.619317054748535,
      7.353619575500488,
      9.113635063171387,
      10.32671070098877,
      10.538069725036621,
      11.398633003234863,
      8.389383316040039,
      8.720857620239258,
      5.286069869995117,
      4.569940567016602,
      1.7864580154418945,
      1.1370508670806885,
      0.493521124124527
    ],
    [
      3.589604139328003,
      2.3387882709503174,
      3.214965581893921,
      3.783266305923462,
      2.5291621685028076,
      2.3828747272491455,
      3.722921133041382,
      5.311294078826904,
      5.485139846801758,
      5.98085355758667,
      7.033258438110352,
      4.85295295715332,
      5.470066070556641,
      2.967618703842163,
      3.353627920150757,
      1.1370508670806885,
      1.247122883796692,
      0.36851176619529724
    ],
    [
      1.6093579530715942,
      0.9371517896652222,
      0.8198124170303345,
      1.8323122262954712,
      0.9474080801010132,
      0.9792400598526001,
      1.3925813436508179,
      3.043649435043335,
      1.930601954460144,
      3.1305243968963623,
      3.20796275138855,
      2.1989328861236572,
      2.1142685413360596,
      1.1720010042190552,
      1.058557152748108,
      0.493521124124527,
      0.36851176619529724,
      0.23650604486465454
    ]
  ],
  "damage": -12.70865249633789,
  "diff_bandwidth": 943.911376953125,
  "dissonance": 4.926720035065378,
  "drr": 7.261816501617432,
  "dynamics": 7.818586826324463,
  "format": 1245190,
  "frames": 7182272,
  "loudness": -23.813400268554688,
  "loudness_range": 27.840030670166016,
  "loudness_range_short": 29.63465118408203,
  "lowpass_true_peak_15khz": -1.2847956418991089,
  "mastering3_acoustic_entropies": [
    {
      "acoustic_entropy": 9.214325904846191,
      "acoustic_entropy_mono": 9.618005752563477,
      "band_eliminated_acoustic_entropies": [
        {
          "acoustic_entropy": 9.217355728149414,
          "acoustic_entropy_side": 9.214397430419922,
          "hz": 129.47220167065723
        },
        {
          "acoustic_entropy": 9.271259307861328,
          "acoustic_entropy_side": 9.216056823730469,
          "hz": 202.92927478742237
        },
        {
          "acoustic_entropy": 9.307230949401855,
          "acoustic_entropy_side": 9.216716766357422,
          "hz": 282.89161906338205
        },
        {
          "acoustic_entropy": 9.412632942199707,
          "acoustic_entropy_side": 9.217296600341797,
          "hz": 369.9353335868758
        },
        {
          "acoustic_entropy": 8.584300994873047,
          "acoustic_entropy_side": 9.235053062438965,
          "hz": 464.6875360973435
        },
        {
          "acoustic_entropy": 8.888655662536621,
          "acoustic_entropy_side": 9.134037017822266,
          "hz": 567.8308811364784
        },
        {
          "acoustic_entropy": 9.05074405670166,
          "acoustic_entropy_side": 9.271703720092773,
          "hz": 680.1084783214808
        },
        {
          "acoustic_entropy": 8.94849681854248,
          "acoustic_entropy_side": 9.27234935760498,
          "hz": 802.3292461747484
        },
        {
          "acoustic_entropy": 9.377413749694824,
          "acoustic_entropy_side": 9.19991683959961,
          "hz": 935.3737400823702
        },
        {
          "acoustic_entropy": 9.540651321411133,
          "acoustic_entropy_side": 9.272769927978516,
          "hz": 1080.2004963696966
        },
        {
          "acoustic_entropy": 9.67481803894043,
          "acoustic_entropy_side": 9.318161964416504,
          "hz": 1237.8529382007157
        },
        {
          "acoustic_entropy": 9.390827178955078,
          "acoustic_entropy_side": 9.194049835205078,
          "hz": 1409.4668930556702
        },
        {
          "acoustic_entropy": 9.238750457763672,
          "acoustic_entropy_side": 9.14438247680664,
          "hz": 1596.2787759475705
        },
        {
          "acoustic_entropy": 8.480792045593262,
          "acoustic_entropy_side": 9.2957124710083,
          "hz": 1799.6344973346393
        },
        {
          "acoustic_entropy": 9.32266616821289,
          "acoustic_entropy_side": 9.174062728881836,
          "hz": 2020.9991599069049
        },
        {
          "acoustic_entropy": 8.987802505493164,
          "acoustic_entropy_side": 9.321969032287598,
          "hz": 2261.9676141086993
        },
        {
          "acoustic_entropy": 9.133474349975586,
          "acoustic_entropy_side": 9.250429153442383,
          "hz": 2524.2759484456974
        },
        {
          "acoustic_entropy": 8.833130836486816,
          "acoustic_entropy_side": 9.16950798034668,
          "hz": 2809.813997359896
        },
        {
          "acoustic_entropy": 8.937413215637207,
          "acoustic_entropy_side": 9.19523811340332,
          "hz": 3120.6389567871424
        },
        {
          "acoustic_entropy": 9.097821235656738,
          "acoustic_entropy_side": 9.202235221862793,
          "hz": 3458.990205492291
        },
        {
          "acoustic_entropy": 9.016168594360352,
          "acoustic_entropy_side": 9.200113296508789,
          "hz": 3827.305438964164
        },
        {
          "acoustic_entropy": 9.037697792053223,
          "acoustic_entropy_side": 9.204606056213379,
          "hz": 4228.238232109126
        },
        {
          "acoustic_entropy": 9.164976119995117,
          "acoustic_entropy_side": 9.212320327758789,
          "hz": 4664.6771572759235
        },
        {
          "acoustic_entropy": 9.14866828918457,
          "acoustic_entropy_side": 9.212947845458984,
          "hz": 5139.766595350093
        },
        {
          "acoustic_entropy": 9.18287467956543,
          "acoustic_entropy_side": 9.213837623596191,
          "hz": 5656.929389854203
        },
        {
          "acoustic_entropy": 9.212852478027344,
          "acoustic_entropy_side": 9.214314460754395,
          "hz": 6219.891507268283
        },
        {
          "acoustic_entropy": 9.214591979980469,
          "acoustic_entropy_side": 9.214327812194824,
          "hz": 6832.70888123896
        },
        {
          "acoustic_entropy": 9.213504791259766,
          "acoustic_entropy_side": 9.214323997497559,
          "hz": 7499.796634079867
        },
        {
          "acoustic_entropy": 9.213397026062012,
          "acoustic_entropy_side": 9.214325904846191,
          "hz": 8225.96088609342
        },
        {
          "acoustic_entropy": 9.213719367980957,
          "acoustic_entropy_side": 9.214325904846191,
          "hz": 9016.43338188839
        },
        {
          "acoustic_entropy": 9.214203834533691,
          "acoustic_entropy_side": 9.214325904846191,
          "hz": 9876.909183162974
        },
        {
          "acoustic_entropy": 9.214305877685547,
          "acoustic_entropy_side": 9.214325904846191,
          "hz": 10813.587699516042
        },
        {
          "acoustic_entropy": 9.214302062988281,
          "acoustic_entropy_side": 9.214325904846191,
          "hz": 11833.21735289826
        },
        {
          "acoustic_entropy": 9.214322090148926,
          "acoustic_entropy_side": 9.214325904846191,
          "hz": 12943.144197493959
        },
        {
          "acoustic_entropy": 9.214325904846191,
          "acoustic_entropy_side": 9.214325904846191,
          "hz": 14151.364845322005
        },
        {
          "acoustic_entropy": 9.214325904846191,
          "acoustic_entropy_side": 9.214325904846191,
          "hz": 15466.58407886509
        },
        {
          "acoustic_entropy": 9.214325904846191,
          "acoustic_entropy_side": 9.214325904846191,
          "hz": 16898.27756580493
        },
        {
          "acoustic_entropy": 9.214325904846191,
          "acoustic_entropy_side": 9.214325904846191,
          "hz": 18456.760127700032
        },
        {
          "acoustic_entropy": 9.214325904846191,
          "acoustic_entropy_side": 9.214325904846191,
          "hz": 20153.260054456492
        },
        {
          "acoustic_entropy": 9.214325904846191,
          "acoustic_entropy_side": 9.214325904846191,
          "hz": 22000.00000000001
        }
      ],
      "diff_acoustic_entropy": 1.6379200220108032,
      "sn": 6
    },
    {
      "acoustic_entropy": 12.372310638427734,
      "acoustic_entropy_mono": 12.791067123413086,
      "band_eliminated_acoustic_entropies": [
        {
          "acoustic_entropy": 12.326467514038086,
          "acoustic_entropy_side": 12.371220588684082,
          "hz": 129.47220167065723
        },
        {
          "acoustic_entropy": 12.505793571472168,
          "acoustic_entropy_side": 12.300471305847168,
          "hz": 202.92927478742237
        },
        {
          "acoustic_entropy": 12.782114028930664,
          "acoustic_entropy_side": 12.36178970336914,
          "hz": 282.89161906338205
        },
        {
          "acoustic_entropy": 12.49371337890625,
          "acoustic_entropy_side": 12.380949020385742,
          "hz": 369.9353335868758
        },
        {
          "acoustic_entropy": 12.452632904052734,
          "acoustic_entropy_side": 12.378802299499512,
          "hz": 464.6875360973435
        },
        {
          "acoustic_entropy": 12.002265930175781,
          "acoustic_entropy_side": 12.212874412536621,
          "hz": 567.8308811364784
        },
        {
          "acoustic_entropy": 12.794597625732422,
          "acoustic_entropy_side": 12.08570384979248,
          "hz": 680.1084783214808
        },
        {
          "acoustic_entropy": 11.786439895629883,
          "acoustic_entropy_side": 12.49448299407959,
          "hz": 802.3292461747484
        },
        {
          "acoustic_entropy": 12.097843170166016,
          "acoustic_entropy_side": 12.20736312866211,
          "hz": 935.3737400823702
        },
        {
          "acoustic_entropy": 13.079748153686523,
          "acoustic_entropy_side": 12.579249382019043,
          "hz": 1080.2004963696966
        },
        {
          "acoustic_entropy": 11.91918659210205,
          "acoustic_entropy_side": 12.310701370239258,
          "hz": 1237.8529382007157
        },
        {
          "acoustic_entropy": 12.16313362121582,
          "acoustic_entropy_side": 12.518465995788574,
          "hz": 1409.4668930556702
        },
        {
          "acoustic_entropy": 12.195882797241211,
          "acoustic_entropy_side": 12.31676197052002,
          "hz": 1596.2787759475705
        },
        {
          "acoustic_entropy": 12.202194213867188,
          "acoustic_entropy_side": 12.522107124328613,
          "hz": 1799.6344973346393
        },
        {
          "acoustic_entropy": 12.589373588562012,
          "acoustic_entropy_side": 12.482966423034668,
          "hz": 2020.9991599069049
        },
        {
          "acoustic_entropy": 12.502774238586426,
          "acoustic_entropy_side": 12.732222557067871,
          "hz": 2261.9676141086993
        },
        {
          "acoustic_entropy": 12.148054122924805,
          "acoustic_entropy_side": 12.44446086883545,
          "hz": 2524.2759484456974
        },
        {
          "acoustic_entropy": 12.402379989624023,
          "acoustic_entropy_side": 12.409536361694336,
          "hz": 2809.813997359896
        },
        {
          "acoustic_entropy": 12.223959922790527,
          "acoustic_entropy_side": 12.371099472045898,
          "hz": 3120.6389567871424
        },
        {
          "acoustic_entropy": 12.291891098022461,
          "acoustic_entropy_side": 12.38166618347168,
          "hz": 3458.990205492291
        },
        {
          "acoustic_entropy": 12.499338150024414,
          "acoustic_entropy_side": 12.381808280944824,
          "hz": 3827.305438964164
        },
        {
          "acoustic_entropy": 12.492737770080566,
          "acoustic_entropy_side": 12.387552261352539,
          "hz": 4228.238232109126
        },
        {
          "acoustic_entropy": 12.398917198181152,
          "acoustic_entropy_side": 12.378299713134766,
          "hz": 4664.6771572759235
        },
        {
          "acoustic_entropy": 12.351208686828613,
          "acoustic_entropy_side": 12.37183666229248,
          "hz": 5139.766595350093
        },
        {
          "acoustic_entropy": 12.381176948547363,
          "acoustic_entropy_side": 12.371286392211914,
          "hz": 5656.929389854203
        },
        {
          "acoustic_entropy": 12.383994102478027,
          "acoustic_entropy_side": 12.372491836547852,
          "hz": 6219.891507268283
        },
        {
          "acoustic_entropy": 12.384827613830566,
          "acoustic_entropy_side": 12.372416496276855,
          "hz": 6832.70888123896
        },
        {
          "acoustic_entropy": 12.37391471862793,
          "acoustic_entropy_side": 12.37231731414795,
          "hz": 7499.796634079867
        },
        {
          "acoustic_entropy": 12.373285293579102,
          "acoustic_entropy_side": 12.372312545776367,
          "hz": 8225.96088609342
        },
        {
          "acoustic_entropy": 12.37364387512207,
          "acoustic_entropy_side": 12.372314453125,
          "hz": 9016.43338188839
        },
        {
          "acoustic_entropy": 12.372735023498535,
          "acoustic_entropy_side": 12.372312545776367,
          "hz": 9876.909183162974
        },
        {
          "acoustic_entropy": 12.372445106506348,
          "acoustic_entropy_side": 12.37231159210205,
          "hz": 10813.587699516042
        },
        {
          "acoustic_entropy": 12.372458457946777,
          "acoustic_entropy_side": 12.372310638427734,
          "hz": 11833.21735289826
        },
        {
          "acoustic_entropy": 12.37233829498291,
          "acoustic_entropy_side": 12.372310638427734,
          "hz": 12943.144197493959
        },
        {
          "acoustic_entropy": 12.372313499450684,
          "acoustic_entropy_side": 12.372310638427734,
          "hz": 14151.364845322005
        },
        {
          "acoustic_entropy": 12.372309684753418,
          "acoustic_entropy_side": 12.372310638427734,
          "hz": 15466.58407886509
        },
        {
          "acoustic_entropy": 12.372310638427734,
          "acoustic_entropy_side": 12.372310638427734,
          "hz": 16898.27756580493
        },
        {
          "acoustic_entropy": 12.372310638427734,
          "acoustic_entropy_side": 12.372310638427734,
          "hz": 18456.760127700032
        },
        {
          "acoustic_entropy": 12.372310638427734,
          "acoustic_entropy_side": 12.372310638427734,
          "hz": 20153.260054456492
        },
        {
          "acoustic_entropy": 12.372310638427734,
          "acoustic_entropy_side": 12.372310638427734,
          "hz": 22000.00000000001
        }
      ],
      "diff_acoustic_entropy": 2.689281940460205,
      "sn": 12
    },
    {
      "acoustic_entropy": 18.45035743713379,
      "acoustic_entropy_mono": 17.841537475585938,
      "band_eliminated_acoustic_entropies": [
        {
          "acoustic_entropy": 18.354637145996094,
          "acoustic_entropy_side": 18.4407958984375,
          "hz": 129.47220167065723
        },
        {
          "acoustic_entropy": 16.711593627929688,
          "acoustic_entropy_side": 18.332250595092773,
          "hz": 202.92927478742237
        },
        {
          "acoustic_entropy": 17.89813804626465,
          "acoustic_entropy_side": 18.368040084838867,
          "hz": 282.89161906338205
        },
        {
          "acoustic_entropy": 18.318674087524414,
          "acoustic_entropy_side": 18.400606155395508,
          "hz": 369.9353335868758
        },
        {
          "acoustic_entropy": 18.468931198120117,
          "acoustic_entropy_side": 18.581024169921875,
          "hz": 464.6875360973435
        },
        {
          "acoustic_entropy": 17.572799682617188,
          "acoustic_entropy_side": 18.385337829589844,
          "hz": 567.8308811364784
        },
        {
          "acoustic_entropy": 18.11225128173828,
          "acoustic_entropy_side": 18.223997116088867,
          "hz": 680.1084783214808
        },
        {
          "acoustic_entropy": 17.9044246673584,
          "acoustic_entropy_side": 18.525636672973633,
          "hz": 802.3292461747484
        },
        {
          "acoustic_entropy": 17.905437469482422,
          "acoustic_entropy_side": 18.531776428222656,
          "hz": 935.3737400823702
        },
        {
          "acoustic_entropy": 18.945661544799805,
          "acoustic_entropy_side": 18.58580207824707,
          "hz": 1080.2004963696966
        },
        {
          "acoustic_entropy": 18.573196411132812,
          "acoustic_entropy_side": 18.81468391418457,
          "hz": 1237.8529382007157
        },
        {
          "acoustic_entropy": 17.887575149536133,
          "acoustic_entropy_side": 18.431772232055664,
          "hz": 1409.4668930556702
        },
        {
          "acoustic_entropy": 18.69704246520996,
          "acoustic_entropy_side": 18.614620208740234,
          "hz": 1596.2787759475705
        },
        {
          "acoustic_entropy": 17.806663513183594,
          "acoustic_entropy_side": 18.088146209716797,
          "hz": 1799.6344973346393
        },
        {
          "acoustic_entropy": 19.100894927978516,
          "acoustic_entropy_side": 18.642887115478516,
          "hz": 2020.9991599069049
        },
        {
          "acoustic_entropy": 17.490188598632812,
          "acoustic_entropy_side": 17.878616333007812,
          "hz": 2261.9676141086993
        },
        {
          "acoustic_entropy": 18.51799964904785,
          "acoustic_entropy_side": 18.408061981201172,
          "hz": 2524.2759484456974
        },
        {
          "acoustic_entropy": 18.528581619262695,
          "acoustic_entropy_side": 18.227657318115234,
          "hz": 2809.813997359896
        },
        {
          "acoustic_entropy": 18.11435317993164,
          "acoustic_entropy_side": 18.462120056152344,
          "hz": 3120.6389567871424
        },
        {
          "acoustic_entropy": 18.328161239624023,
