{
  "acoustic_entropy": 207.1860809326172,
  "bands": [
    {
      "high_freq": 148.1999969482422,
      "loudness": -18.235734939575195,
      "loudness_range": 5.368555068969727,
      "mid_mean": -14.619766235351562,
      "mid_to_side_loudness": -27.87255096435547,
      "mid_to_side_loudness_range": 27.035533905029297,
      "side_mean": -42.98511505126953
    },
    {
      "high_freq": 392.3793640136719,
      "loudness": -22.57953643798828,
      "loudness_range": 7.083608627319336,
      "low_freq": 148.1999969482422,
      "mid_mean": -19.218734741210938,
      "mid_to_side_loudness": -12.034170150756836,
      "mid_to_side_loudness_range": 10.421304702758789,
      "side_mean": -31.362918853759766
    },
    {
      "high_freq": 794.6976318359375,
      "loudness": -20.963712692260742,
      "loudness_range": 9.792823791503906,
      "low_freq": 392.3793640136719,
      "mid_mean": -17.656721115112305,
      "mid_to_side_loudness": -11.526350021362305,
      "mid_to_side_loudness_range": 11.139463424682617,
      "side_mean": -29.276416778564453
    },
    {
      "high_freq": 1457.5709228515625,
      "loudness": -22.50359344482422,
      "loudness_range": 14.31889820098877,
      "low_freq": 794.6976318359375,
      "mid_mean": -19.235998153686523,
      "mid_to_side_loudness": -12.103232383728027,
      "mid_to_side_loudness_range": 13.783437728881836,
      "side_mean": -31.571815490722656
    },
    {
      "high_freq": 2549.74365234375,
      "loudness": -21.544763565063477,
      "loudness_range": 11.631752967834473,
      "low_freq": 1457.5709228515625,
      "mid_mean": -18.343523025512695,
      "mid_to_side_loudness": -10.988584518432617,
      "mid_to_side_loudness_range": 14.461738586425781,
      "side_mean": -29.55303955078125
    },
    {
      "high_freq": 4349.24462890625,
      "loudness": -22.54714584350586,
      "loudness_range": 9.208894729614258,
      "low_freq": 2549.74365234375,
      "mid_mean": -19.259246826171875,
      "mid_to_side_loudness": -11.71015453338623,
      "mid_to_side_loudness_range": 11.634441375732422,
      "side_mean": -31.02153205871582
    },
    {
      "high_freq": 7314.1640625,
      "loudness": -26.277454376220703,
      "loudness_range": 8.013835906982422,
      "low_freq": 4349.24462890625,
      "mid_mean": -22.900930404663086,
      "mid_to_side_loudness": -11.806971549987793,
      "mid_to_side_loudness_range": 10.431352615356445,
      "side_mean": -35.10073471069336
    },
    {
      "high_freq": 12199.2666015625,
      "loudness": -28.282196044921875,
      "loudness_range": 6.766752243041992,
      "low_freq": 7314.1640625,
      "mid_mean": -24.976417541503906,
      "mid_to_side_loudness": -10.295077323913574,
      "mid_to_side_loudness_range": 8.870161056518555,
      "side_mean": -35.77019119262695
    },
    {
      "loudness": -32.573036193847656,
      "loudness_range": 6.09251594543457,
      "low_freq": 12199.2666015625,
      "mid_mean": -29.311296463012695,
      "mid_to_side_loudness": -9.986414909362793,
      "mid_to_side_loudness_range": 8.166645050048828,
      "side_mean": -39.65917205810547
    }
  ],
  "bands_short": [
    {
      "high_freq": 148.1999969482422,
      "loudness": -20.5523681640625,
      "loudness_range": 14.446188926696777,
      "mid_mean": -16.947824478149414,
      "mid_to_side_loudness": -28.255210876464844,
      "mid_to_side_loudness_range": 31.965627670288086,
      "side_mean": -46.8126335144043
    },
    {
      "high_freq": 392.3793640136719,
      "loudness": -22.49932861328125,
      "loudness_range": 12.408402442932129,
      "low_freq": 148.1999969482422,
      "mid_mean": -19.14899444580078,
      "mid_to_side_loudness": -13.312060356140137,
      "mid_to_side_loudness_range": 15.79201889038086,
      "side_mean": -32.60239791870117
    },
    {
      "high_freq": 794.6976318359375,
      "loudness": -22.11709213256836,
      "loudness_range": 13.708741188049316,
      "low_freq": 392.3793640136719,
      "mid_mean": -18.96092414855957,
      "mid_to_side_loudness": -10.987159729003906,
      "mid_to_side_loudness_range": 14.81517219543457,
      "side_mean": -30.07647705078125
    },
    {
      "high_freq": 1457.5709228515625,
      "loudness": -23.785383224487305,
      "loudness_range": 18.849891662597656,
      "low_freq": 794.6976318359375,
      "mid_mean": -20.6846866607666,
      "mid_to_side_loudness": -11.503551483154297,
      "mid_to_side_loudness_range": 18.21548843383789,
      "side_mean": -32.479957580566406
    },
    {
      "high_freq": 2549.74365234375,
      "loudness": -22.866994857788086,
      "loudness_range": 16.335655212402344,
      "low_freq": 1457.5709228515625,
      "mid_mean": -19.822065353393555,
      "mid_to_side_loudness": -10.312299728393555,
      "mid_to_side_loudness_range": 16.646873474121094,
      "side_mean": -30.464292526245117
    },
    {
      "high_freq": 4349.24462890625,
      "loudness": -23.508758544921875,
      "loudness_range": 13.937189102172852,
      "low_freq": 2549.74365234375,
      "mid_mean": -20.332399368286133,
      "mid_to_side_loudness": -11.207121849060059,
      "mid_to_side_loudness_range": 14.953737258911133,
      "side_mean": -31.693166732788086
    },
    {
      "high_freq": 7314.1640625,
      "loudness": -27.51142692565918,
      "loudness_range": 15.05085563659668,
      "low_freq": 4349.24462890625,
      "mid_mean": -24.22126579284668,
      "mid_to_side_loudness": -11.334429740905762,
      "mid_to_side_loudness_range": 13.919698715209961,
      "side_mean": -35.94050598144531
    },
    {
      "high_freq": 12199.2666015625,
      "loudness": -29.94563865661621,
      "loudness_range": 15.117094039916992,
      "low_freq": 7314.1640625,
      "mid_mean": -26.691675186157227,
      "mid_to_side_loudness": -10.261366844177246,
      "mid_to_side_loudness_range": 10.65344524383545,
      "side_mean": -37.605594635009766
    },
    {
      "loudness": -34.851200103759766,
      "loudness_range": 16.183671951293945,
      "low_freq": 12199.2666015625,
      "mid_mean": -31.633424758911133,
      "mid_to_side_loudness": -10.056009292602539,
      "mid_to_side_loudness_range": 10.379561424255371,
      "side_mean": -42.13677978515625
    }
  ],
  "bandwidth": 661.96142578125,
  "channels": 2,
  "covariance": [
    [
      12.39510440826416,
      0.3705502450466156,
      3.70654559135437,
      2.067347288131714,
      2.238101005554199,
      2.5648205280303955,
      4.12428617477417,
      4.128286838531494,
      2.817387104034424,
      2.5674726963043213,
      3.463111639022827,
      3.7556674480438232,
      2.3026742935180664,
      7.07063627243042,
      3.711719274520874,
      6.489169120788574,
      3.5523781776428223,
      4.550498962402344
    ],
    [
      0.3705502450466156,
      46.34111785888672,
      3.431941032409668,
      13.457908630371094,
      1.8166017532348633,
      10.064099311828613,
      3.968221664428711,
      9.798772811889648,
      3.1773128509521484,
      11.2460355758667,
      0.3918585181236267,
      7.957796096801758,
      1.1506580114364624,
      7.219778060913086,
      -1.2718133926391602,
      1.1590301990509033,
      -2.242631435394287,
      -1.0330069065093994
    ],
    [
      3.70654559135437,
      3.431941032409668,
      7.171720504760742,
      4.518742084503174,
      1.8590606451034546,
      2.1579439640045166,
      1.9321191310882568,
      3.244486093521118,
      3.8451147079467773,
      3.2187793254852295,
      3.933992385864258,
      2.5110161304473877,
      3.9593331813812256,
      3.887605905532837,
      3.735853433609009,
      4.0345139503479,
      2.184908866882324,
      2.1978988647460938
    ],
    [
      2.067347288131714,
      13.457908630371094,
      4.518742084503174,
      13.634560585021973,
      2.2472288608551025,
      7.423173904418945,
      3.6644577980041504,
      6.727390289306641,
      3.2096731662750244,
      8.509714126586914,
      2.274970293045044,
      5.985317230224609,
      1.9047445058822632,
      5.6329851150512695,
      1.0807290077209473,
      3.799663543701172,
      1.026810646057129,
      2.9960532188415527
    ],
    [
      2.238101005554199,
      1.8166017532348633,
      1.8590606451034546,
      2.2472288608551025,
      13.012176513671875,
      7.495744705200195,
      10.957971572875977,
      5.966480255126953,
      6.157011985778809,
      4.092653274536133,
      7.2346086502075195,
      4.1918230056762695,
      5.993936061859131,
      6.966317653656006,
      4.653816223144531,
      6.197573184967041,
      3.1861298084259033,
      3.414808511734009
    ],
    [
      2.5648205280303955,
      10.064099311828613,
      2.1579439640045166,
      7.423173904418945,
      7.495744705200195,
      16.444934844970703,
      6.742767333984375,
      10.729019165039062,
      6.350122451782227,
      10.555292129516602,
      5.829870223999023,
      8.641093254089355,
      4.303128719329834,
      9.912551879882812,
      3.695554256439209,
      7.619175434112549,
      2.663093090057373,
      4.678776741027832
    ],
    [
      4.12428617477417,
      3.968221664428711,
      1.9321191310882568,
      3.6644577980041504,
      10.957971572875977,
      6.742767333984375,
      30.191425323486328,
      10.752686500549316,
      10.7597017288208,
      6.098316669464111,
      10.33562183380127,
      5.0207695960998535,
      8.742326736450195,
      9.176604270935059,
      6.245677947998047,
      7.702427387237549,
      3.357147693634033,
      4.31186056137085
    ],
    [
      4.128286838531494,
      9.798772811889648,
      3.244486093521118,
      6.727390289306641,
      5.966480255126953,
      10.729019165039062,
      10.752686500549316,
      16.45573616027832,
      7.880426406860352,
      10.06779670715332,
      6.387315273284912,
      8.889158248901367,
      5.559446334838867,
      10.528265953063965,
      4.900525093078613,
      8.104684829711914,
      3.2552289962768555,
      5.750380039215088
    ],
    [
      2.817387104034424,
      3.1773128509521484,
      3.8451147079467773,
      3.2096731662750244,
      6.157011985778809,
      6.350122451782227,
      10.7597017288208,
      7.880426406860352,
      21.19427490234375,
      8.886178970336914,
      14.47884750366211,
      7.395047187805176,
      12.245759963989258,
      10.435068130493164,
      9.268555641174316,
      9.412588119506836,
      5.268903732299805,
      5.492957592010498
    ],
    [
      2.5674726963043213,
      11.2460355758667,
      3.2187793254852295,
      8.509714126586914,
      4.092653274536133,
      10.555292129516602,
      6.098316669464111,
      10.06779670715332,
      8.886178970336914,
      20.54066276550293,
      5.250585079193115,
      13.413168907165527,
      5.594971656799316,
      11.878559112548828,
      4.48326301574707,
      9.5056734085083,
      2.9522693157196045,
      5.906443119049072
    ],
    [
      3.463111639022827,
      0.3918585181236267,
      3.933992385864258,
      2.274970293045044,
      7.2346086502075195,
      5.829870223999023,
      10.33562183380127,
      6.387315273284912,
      14.47884750366211,
      5.250585079193115,
      16.015443801879883,
      5.590251445770264,
      11.683494567871094,
      9.026799201965332,
      9.174833297729492,
      8.953524589538574,
      5.326601028442383,
      4.810741901397705
    ],
    [
      3.7556674480438232,
      7.957796096801758,
      2.5110161304473877,
      5.985317230224609,
      4.1918230056762695,
      8.641093254089355,
      5.0207695960998535,
      8.889158248901367,
      7.395047187805176,
      13.413168907165527,
      5.590251445770264,
      12.833395957946777,
      5.406050205230713,
      11.569141387939453,
      5.012073993682861,
      9.503034591674805,
      3.6283655166625977,
      6.514299392700195
    ],
    [
      2.3026742935180664,
      1.1506580114364624,
      3.9593331813812256,
      1.9047445058822632,
      5.993936061859131,
      4.303128719329834,
      8.742326736450195,
      5.559446334838867,
      12.245759963989258,
      5.594971656799316,
      11.683494567871094,
      5.406050205230713,
      14.47610092163086,
      8.437443733215332,
      10.657516479492188,
      9.976633071899414,
      5.331432819366455,
      5.749464988708496
    ],
    [
      7.07063627243042,
      7.219778060913086,
      3.887605905532837,
      5.6329851150512695,
      6.966317653656006,
      9.912551879882812,
      9.176604270935059,
      10.528265953063965,
      10.435068130493164,
      11.878559112548828,
      9.026799201965332,
      11.569141387939453,
      8.437443733215332,
      19.167097091674805,
      9.529332160949707,
      14.57974910736084,
      7.411866188049316,
      9.351235389709473
    ],
    [
      3.711719274520874,
      -1.2718133926391602,
      3.735853433609009,
      1.0807290077209473,
      4.653816223144531,
      3.695554256439209,
      6.245677947998047,
      4.900525093078613,
      9.268555641174316,
      4.48326301574707,
      9.174833297729492,
      5.012073993682861,
      10.657516479492188,
      9.529332160949707,
      15.617642402648926,
      12.564454078674316,
      8.4248685836792,
      7.976152420043945
    ],
    [
      6.489169120788574,
      1.1590301990509033,
      4.0345139503479,
      3.799663543701172,
      6.197573184967041,
      7.619175434112549,
      7.702427387237549,
      8.104684829711914,
      9.412588119506836,
      9.5056734085083,
      8.953524589538574,
      9.503034591674805,
      9.976633071899414,
      14.57974910736084,
      12.564454078674316,
      18.73727798461914,
      9.300511360168457,
      11.375222206115723
    ],
    [
      3.5523781776428223,
      -2.242631435394287,
      2.184908866882324,
      1.026810646057129,
      3.1861298084259033,
      2.663093090057373,
      3.357147693634033,
      3.2552289962768555,
      5.268903732299805,
      2.9522693157196045,
      5.326601028442383,
      3.6283655166625977,
      5.331432819366455,
      7.411866188049316,
      8.4248685836792,
      9.300511360168457,
      10.767599105834961,
      7.233851909637451
    ],
    [
      4.550498962402344,
      -1.0330069065093994,
      2.1978988647460938,
      2.9960532188415527,
      3.414808511734009,
      4.678776741027832,
      4.31186056137085,
      5.750380039215088,
      5.492957592010498,
      5.906443119049072,
      4.810741901397705,
      6.514299392700195,
      5.749464988708496,
      9.351235389709473,
      7.976152420043945,
      11.375222206115723,
      7.233851909637451,
      12.890997886657715
    ]
  ],
  "covariance_short": [
    [
      35.67219161987305,
      10.348989486694336,
      2.452086925506592,
      3.163709878921509,
      3.2887678146362305,
      3.931323528289795,
      6.101685047149658,
      3.5706522464752197,
      4.627951622009277,
      3.0206518173217773,
      5.130828857421875,
      3.491358757019043,
      3.6774158477783203,
      6.578410625457764,
      3.267467498779297,
      6.000000476837158,
      2.8875133991241455,
      3.4613401889801025
    ],
    [
      10.348989486694336,
      70.90230560302734,
      5.289890289306641,
      18.911853790283203,
      6.863132953643799,
      14.030560493469238,
      9.830652236938477,
      13.592101097106934,
      8.408889770507812,
      17.191499710083008,
      5.597359657287598,
      13.48190689086914,
      7.440081596374512,
      13.411369323730469,
      3.791964292526245,
      8.075334548950195,
      2.7540600299835205,
      6.787020683288574
    ],
    [
      2.452086925506592,
      5.289890289306641,
      18.56427764892578,
      6.578896522521973,
      5.5482659339904785,
      4.800654888153076,
      4.3256025314331055,
      6.204472064971924,
      7.092080116271973,
      4.999111175537109,
      7.251499176025391,
      5.023500919342041,
      8.653499603271484,
      7.883258819580078,
      9.473325729370117,
      9.938377380371094,
      8.825368881225586,
      9.451072692871094
    ],
    [
      3.163709878921509,
      18.911853790283203,
      6.578896522521973,
      25.032583236694336,
      6.563957691192627,
      14.208772659301758,
      7.392553806304932,
      12.365774154663086,
      6.684726238250732,
      13.105289459228516,
      5.84357213973999,
      10.875175476074219,
      5.286504745483398,
      9.94863224029541,
      4.4311981201171875,
      9.022171974182129,
      4.800692558288574,
      8.40257740020752
    ],
    [
      3.2887678146362305,
      6.863132953643799,
      5.5482659339904785,
      6.563957691192627,
      25.515811920166016,
      12.589619636535645,
      17.749835968017578,
      9.992417335510254,
      13.255976676940918,
      9.001066207885742,
      14.08146858215332,
      8.108606338500977,
      13.262839317321777,
      10.619146347045898,
      10.41064453125,
      11.937678337097168,
      8.212738037109375,
      9.074600219726562
    ],
    [
      3.931323528289795,
      14.030560493469238,
      4.800654888153076,
      14.208772659301758,
      12.589619636535645,
      27.131710052490234,
      12.022579193115234,
      17.07151985168457,
      10.912343978881836,
      16.673582077026367,
      9.884162902832031,
      13.931618690490723,
      8.973919868469238,
      14.261092185974121,
      8.374753952026367,
      13.864154815673828,
      7.673745155334473,
      11.52639389038086
    ],
    [
      6.101685047149658,
      9.830652236938477,
      4.3256025314331055,
      7.392553806304932,
      17.749835968017578,
      12.022579193115234,
      49.98826599121094,
      17.650344848632812,
      21.93862533569336,
      12.50423526763916,
      20.386333465576172,
      9.935502052307129,
      19.401538848876953,
      14.389763832092285,
      14.432397842407227,
      15.309782028198242,
      11.194519996643066,
      11.36442756652832
    ],
    [
      3.5706522464752197,
      13.592101097106934,
      6.204472064971924,
      12.365774154663086,
      9.992417335510254,
      17.07151985168457,
      17.650344848632812,
      28.926414489746094,
      13.099248886108398,
      17.9085693359375,
      11.218918800354004,
      15.68114948272705,
      11.18600845336914,
      17.173585891723633,
      10.927094459533691,
      16.791210174560547,
      10.26613712310791,
      14.599715232849121
    ],
    [
      4.627951622009277,
      8.408889770507812,
      7.092080116271973,
      6.684726238250732,
      13.255976676940918,
      10.912343978881836,
      21.93862533569336,
      13.099248886108398,
      39.33263397216797,
      17.41729736328125,
      27.347658157348633,
      13.829952239990234,
      24.481435775756836,
      16.693418502807617,
      18.769773483276367,
      18.110126495361328,
      14.040045738220215,
      13.562349319458008
    ],
    [
      3.0206518173217773,
      17.191499710083008,
      4.999111175537109,
      13.105289459228516,
      9.001066207885742,
      16.673582077026367,
      12.50423526763916,
      17.9085693359375,
      17.41729736328125,
      32.18164825439453,
      12.23002815246582,
      21.860214233398438,
      12.04271411895752,
      18.698284149169922,
      10.243986129760742,
      16.91216278076172,
      9.254766464233398,
      15.135297775268555
    ],
    [
      5.130828857421875,
      5.597359657287598,
      7.251499176025391,
      5.84357213973999,
      14.08146858215332,
      9.884162902832031,
      20.386333465576172,
      11.218918800354004,
      27.347658157348633,
      12.23002815246582,
      30.33708953857422,
      11.838788032531738,
      24.08338737487793,
      14.854473114013672,
      18.448959350585938,
      17.37563705444336,
      13.355152130126953,
      12.958762168884277
    ],
    [
      3.491358757019043,
      13.48190689086914,
      5.023500919342041,
      10.875175476074219,
      8.108606338500977,
      13.931618690490723,
      9.935502052307129,
      15.68114948272705,
      13.829952239990234,
      21.860214233398438,
      11.838788032531738,
      22.657411575317383,
      11.624250411987305,
      18.52228546142578,
      10.772265434265137,
      16.488386154174805,
      9.683700561523438,
      14.623370170593262
    ],
    [
      3.6774158477783203,
      7.440081596374512,
      8.653499603271484,
      5.286504745483398,
      13.262839317321777,
      8.973919868469238,
      19.401538848876953,
      11.18600845336914,
      24.481435775756836,
      12.04271411895752,
      24.08338737487793,
      11.624250411987305,
      32.60049057006836,
      18.809959411621094,
      26.263275146484375,
      24.297399520874023,
      19.68246078491211,
      20.016223907470703
    ],
    [
      6.578410625457764,
      13.411369323730469,
      7.883258819580078,
      9.94863224029541,
      10.619146347045898,
      14.261092185974121,
      14.389763832092285,
      17.173585891723633,
      16.693418502807617,
      18.698284149169922,
      14.854473114013672,
      18.52228546142578,
      18.809959411621094,
      30.187240600585938,
      19.754196166992188,
      28.332761764526367,
      18.684762954711914,
      23.40274429321289
    ],
    [
      3.267467498779297,
      3.791964292526245,
      9.473325729370117,
      4.4311981201171875,
      10.41064453125,
      8.374753952026367,
      14.432397842407227,
      10.927094459533691,
      18.769773483276367,
      10.243986129760742,
      18.448959350585938,
      10.772265434265137,
      26.263275146484375,
      19.754196166992188,
      34.47966384887695,
      29.065431594848633,
      27.303232192993164,
      26.474496841430664
    ],
    [
      6.000000476837158,
      8.075334548950195,
      9.938377380371094,
      9.022171974182129,
      11.937678337097168,
      13.864154815673828,
      15.309782028198242,
      16.791210174560547,
      18.110126495361328,
      16.91216278076172,
      17.37563705444336,
      16.488386154174805,
      24.297399520874023,
      28.332761764526367,
      29.065431594848633,
      41.032508850097656,
      27.346940994262695,
      33.733150482177734
    ],
    [
      2.8875133991241455,
      2.7540600299835205,
      8.825368881225586,
      4.800692558288574,
      8.212738037109375,
      7.673745155334473,
      11.194519996643066,
      10.26613712310791,
      14.040045738220215,
      9.254766464233398,
      13.355152130126953,
      9.683700561523438,
      19.68246078491211,
      18.684762954711914,
      27.303232192993164,
      27.346940994262695,
      33.96855545043945,
      28.498071670532227
    ],
    [
      3.4613401889801025,
      6.787020683288574,
      9.451072692871094,
      8.40257740020752,
      9.074600219726562,
      11.52639389038086,
      11.36442756652832,
      14.599715232849121,
      13.562349319458008,
      15.135297775268555,
      12.958762168884277,
      14.623370170593262,
      20.016223907470703,
      23.40274429321289,
      26.474496841430664,
      33.733150482177734,
      28.498071670532227,
      39.86590576171875
    ]
  ],
  "damage": -4.008616924285889,
  "diff_bandwidth": 672.842041015625,
  "dissonance": 9.674095856374471,
  "drr": 7.018998622894287,
  "dynamics": 2.371293544769287,
  "format": 1245190,
  "frames": 12423168,
  "loudness": -9.066417694091797,
  "loudness_range": 4.80893087387085,
  "loudness_range_short": 8.093666076660156,
  "lowpass_true_peak_15khz": 0.6131153106689453,
  "mastering3_acoustic_entropies": [
    {
      "acoustic_entropy": 6.322208404541016,
      "acoustic_entropy_mono": 6.275679111480713,
      "band_eliminated_acoustic_entropies": [
        {
          "acoustic_entropy": 6.310943603515625,
          "acoustic_entropy_side": 6.322044849395752,
          "hz": 129.47220167065723
        },
        {
          "acoustic_entropy": 6.555434703826904,
          "acoustic_entropy_side": 6.318824768066406,
          "hz": 202.92927478742237
        },
        {
          "acoustic_entropy": 6.764290809631348,
          "acoustic_entropy_side": 6.316843509674072,
          "hz": 282.89161906338205
        },
        {
          "acoustic_entropy": 6.384573459625244,
          "acoustic_entropy_side": 6.315385818481445,
          "hz": 369.9353335868758
        },
        {
          "acoustic_entropy": 6.449291229248047,
          "acoustic_entropy_side": 6.320357799530029,
          "hz": 464.6875360973435
        },
        {
          "acoustic_entropy": 6.57863712310791,
          "acoustic_entropy_side": 6.31864595413208,
          "hz": 567.8308811364784
        },
        {
          "acoustic_entropy": 7.522326946258545,
          "acoustic_entropy_side": 6.356387138366699,
          "hz": 680.1084783214808
        },
        {
          "acoustic_entropy": 7.241594314575195,
          "acoustic_entropy_side": 6.306145668029785,
          "hz": 802.3292461747484
        },
        {
          "acoustic_entropy": 6.3303422927856445,
          "acoustic_entropy_side": 6.32269287109375,
          "hz": 935.3737400823702
        },
        {
          "acoustic_entropy": 6.9731903076171875,
          "acoustic_entropy_side": 6.339476585388184,
          "hz": 1080.2004963696966
        },
        {
          "acoustic_entropy": 6.349479675292969,
          "acoustic_entropy_side": 6.305761814117432,
          "hz": 1237.8529382007157
        },
        {
          "acoustic_entropy": 6.183085918426514,
          "acoustic_entropy_side": 6.319888591766357,
          "hz": 1409.4668930556702
        },
        {
          "acoustic_entropy": 6.27897310256958,
          "acoustic_entropy_side": 6.329287052154541,
          "hz": 1596.2787759475705
        },
        {
          "acoustic_entropy": 6.35256290435791,
          "acoustic_entropy_side": 6.306175231933594,
          "hz": 1799.6344973346393
        },
        {
          "acoustic_entropy": 6.327664375305176,
          "acoustic_entropy_side": 6.319275379180908,
          "hz": 2020.9991599069049
        },
        {
          "acoustic_entropy": 6.048139572143555,
          "acoustic_entropy_side": 6.297430038452148,
          "hz": 2261.9676141086993
        },
        {
          "acoustic_entropy": 6.170443058013916,
          "acoustic_entropy_side": 6.224285125732422,
          "hz": 2524.2759484456974
        },
        {
          "acoustic_entropy": 6.469487190246582,
          "acoustic_entropy_side": 6.234510898590088,
          "hz": 2809.813997359896
        },
        {
          "acoustic_entropy": 6.33320426940918,
          "acoustic_entropy_side": 6.29913330078125,
          "hz": 3120.6389567871424
        },
        {
          "acoustic_entropy": 6.265431880950928,
          "acoustic_entropy_side": 6.305777072906494,
          "hz": 3458.990205492291
        },
        {
          "acoustic_entropy": 6.266050338745117,
          "acoustic_entropy_side": 6.305427074432373,
          "hz": 3827.305438964164
        },
        {
          "acoustic_entropy": 6.315695762634277,
          "acoustic_entropy_side": 6.322519302368164,
          "hz": 4228.238232109126
        },
        {
          "acoustic_entropy": 6.307281970977783,
          "acoustic_entropy_side": 6.350005626678467,
          "hz": 4664.6771572759235
        },
        {
          "acoustic_entropy": 6.413940906524658,
          "acoustic_entropy_side": 6.34572696685791,
          "hz": 5139.766595350093
        },
        {
          "acoustic_entropy": 6.429319381713867,
          "acoustic_entropy_side": 6.341708660125732,
          "hz": 5656.929389854203
        },
        {
          "acoustic_entropy": 6.209532260894775,
          "acoustic_entropy_side": 6.344937801361084,
          "hz": 6219.891507268283
        },
        {
          "acoustic_entropy": 6.246364593505859,
          "acoustic_entropy_side": 6.34034538269043,
          "hz": 6832.70888123896
        },
        {
          "acoustic_entropy": 6.3481268882751465,
          "acoustic_entropy_side": 6.333856582641602,
          "hz": 7499.796634079867
        },
        {
          "acoustic_entropy": 6.311570644378662,
          "acoustic_entropy_side": 6.335670471191406,
          "hz": 8225.96088609342
        },
        {
          "acoustic_entropy": 6.278939247131348,
          "acoustic_entropy_side": 6.336084842681885,
          "hz": 9016.43338188839
        },
        {
          "acoustic_entropy": 6.239625453948975,
          "acoustic_entropy_side": 6.336493492126465,
          "hz": 9876.909183162974
        },
        {
          "acoustic_entropy": 6.237739086151123,
          "acoustic_entropy_side": 6.337011337280273,
          "hz": 10813.587699516042
        },
        {
          "acoustic_entropy": 6.26231050491333,
          "acoustic_entropy_side": 6.338854789733887,
          "hz": 11833.21735289826
        },
        {
          "acoustic_entropy": 6.289649486541748,
          "acoustic_entropy_side": 6.336053848266602,
          "hz": 12943.144197493959
        },
        {
          "acoustic_entropy": 6.344308376312256,
          "acoustic_entropy_side": 6.333512783050537,
          "hz": 14151.364845322005
        },
        {
          "acoustic_entropy": 6.326764106750488,
          "acoustic_entropy_side": 6.333484172821045,
          "hz": 15466.58407886509
        },
        {
          "acoustic_entropy": 6.290495872497559,
          "acoustic_entropy_side": 6.3284592628479,
          "hz": 16898.27756580493
        },
        {
          "acoustic_entropy": 6.2910261154174805,
          "acoustic_entropy_side": 6.328379154205322,
          "hz": 18456.760127700032
        },
        {
          "acoustic_entropy": 6.2916436195373535,
          "acoustic_entropy_side": 6.32677698135376,
          "hz": 20153.260054456492
        },
        {
          "acoustic_entropy": 6.346033573150635,
          "acoustic_entropy_side": 6.322788715362549,
          "hz": 22000.00000000001
        }
      ],
      "diff_acoustic_entropy": 7.746227264404297,
      "sn": 6
    },
    {
      "acoustic_entropy": 10.2403564453125,
      "acoustic_entropy_mono": 9.940670013427734,
      "band_eliminated_acoustic_entropies": [
        {
          "acoustic_entropy": 10.206918716430664,
          "acoustic_entropy_side": 10.240642547607422,
          "hz": 129.47220167065723
        },
        {
          "acoustic_entropy": 10.47770881652832,
          "acoustic_entropy_side": 10.273110389709473,
          "hz": 202.92927478742237
        },
        {
          "acoustic_entropy": 10.553497314453125,
          "acoustic_entropy_side": 10.283912658691406,
          "hz": 282.89161906338205
        },
        {
          "acoustic_entropy": 10.538349151611328,
          "acoustic_entropy_side": 10.263724327087402,
          "hz": 369.9353335868758
        },
        {
          "acoustic_entropy": 10.6566162109375,
          "acoustic_entropy_side": 10.328070640563965,
          "hz": 464.6875360973435
        },
        {
          "acoustic_entropy": 10.812895774841309,
          "acoustic_entropy_side": 10.687768936157227,
          "hz": 567.8308811364784
        },
        {
          "acoustic_entropy": 11.635008811950684,
          "acoustic_entropy_side": 10.435993194580078,
          "hz": 680.1084783214808
        },
        {
          "acoustic_entropy": 10.93759822845459,
          "acoustic_entropy_side": 10.425680160522461,
          "hz": 802.3292461747484
        },
        {
          "acoustic_entropy": 10.381269454956055,
          "acoustic_entropy_side": 10.60548210144043,
          "hz": 935.3737400823702
        },
        {
          "acoustic_entropy": 10.615887641906738,
          "acoustic_entropy_side": 10.677632331848145,
          "hz": 1080.2004963696966
        },
        {
          "acoustic_entropy": 10.360193252563477,
          "acoustic_entropy_side": 10.355569839477539,
          "hz": 1237.8529382007157
        },
        {
          "acoustic_entropy": 10.446219444274902,
          "acoustic_entropy_side": 10.272767066955566,
          "hz": 1409.4668930556702
        },
        {
          "acoustic_entropy": 10.386635780334473,
          "acoustic_entropy_side": 10.287874221801758,
          "hz": 1596.2787759475705
        },
        {
          "acoustic_entropy": 10.743820190429688,
          "acoustic_entropy_side": 10.37200927734375,
          "hz": 1799.6344973346393
        },
        {
          "acoustic_entropy": 10.764653205871582,
          "acoustic_entropy_side": 10.470855712890625,
          "hz": 2020.9991599069049
        },
        {
          "acoustic_entropy": 10.648268699645996,
          "acoustic_entropy_side": 10.555924415588379,
          "hz": 2261.9676141086993
        },
        {
          "acoustic_entropy": 10.178065299987793,
          "acoustic_entropy_side": 10.161092758178711,
          "hz": 2524.2759484456974
        },
        {
          "acoustic_entropy": 10.197051048278809,
          "acoustic_entropy_side": 10.425602912902832,
          "hz": 2809.813997359896
        },
        {
          "acoustic_entropy": 10.424003601074219,
          "acoustic_entropy_side": 10.34653091430664,
          "hz": 3120.6389567871424
        },
        {
          "acoustic_entropy": 10.441146850585938,
          "acoustic_entropy_side": 10.330297470092773,
          "hz": 3458.990205492291
        },
        {
          "acoustic_entropy": 10.214290618896484,
          "acoustic_entropy_side": 10.339118003845215,
          "hz": 3827.305438964164
        },
        {
          "acoustic_entropy": 10.340471267700195,
          "acoustic_entropy_side": 10.345112800598145,
          "hz": 4228.238232109126
        },
        {
          "acoustic_entropy": 10.38509750366211,
          "acoustic_entropy_side": 10.306370735168457,
          "hz": 4664.6771572759235
        },
        {
          "acoustic_entropy": 10.352411270141602,
          "acoustic_entropy_side": 10.286042213439941,
          "hz": 5139.766595350093
        },
        {
          "acoustic_entropy": 10.224763870239258,
          "acoustic_entropy_side": 10.266622543334961,
          "hz": 5656.929389854203
        },
        {
          "acoustic_entropy": 10.396894454956055,
          "acoustic_entropy_side": 10.293482780456543,
          "hz": 6219.891507268283
        },
        {
          "acoustic_entropy": 10.388842582702637,
          "acoustic_entropy_side": 10.264945030212402,
          "hz": 6832.70888123896
        },
        {
          "acoustic_entropy": 10.210013389587402,
          "acoustic_entropy_side": 10.253700256347656,
          "hz": 7499.796634079867
        },
        {
          "acoustic_entropy": 10.153580665588379,
          "acoustic_entropy_side": 10.251782417297363,
          "hz": 8225.96088609342
        },
        {
          "acoustic_entropy": 10.134611129760742,
          "acoustic_entropy_side": 10.236330032348633,
          "hz": 9016.43338188839
        },
        {
          "acoustic_entropy": 10.118820190429688,
          "acoustic_entropy_side": 10.244913101196289,
          "hz": 9876.909183162974
        },
        {
          "acoustic_entropy": 10.117491722106934,
          "acoustic_entropy_side": 10.240865707397461,
          "hz": 10813.587699516042
        },
        {
          "acoustic_entropy": 10.068222045898438,
          "acoustic_entropy_side": 10.24266529083252,
          "hz": 11833.21735289826
        },
        {
          "acoustic_entropy": 10.050415992736816,
          "acoustic_entropy_side": 10.240580558776855,
          "hz": 12943.144197493959
        },
        {
          "acoustic_entropy": 10.061653137207031,
          "acoustic_entropy_side": 10.237527847290039,
          "hz": 14151.364845322005
        },
        {
          "acoustic_entropy": 10.053865432739258,
          "acoustic_entropy_side": 10.233830451965332,
          "hz": 15466.58407886509
        },
        {
          "acoustic_entropy": 10.108109474182129,
          "acoustic_entropy_side": 10.237600326538086,
          "hz": 16898.27756580493
        },
        {
          "acoustic_entropy": 10.15279769897461,
          "acoustic_entropy_side": 10.239912033081055,
          "hz": 18456.760127700032
        },
        {
          "acoustic_entropy": 10.205278396606445,
          "acoustic_entropy_side": 10.241461753845215,
          "hz": 20153.260054456492
        },
        {
          "acoustic_entropy": 10.233879089355469,
          "acoustic_entropy_side": 10.240516662597656,
          "hz": 22000.00000000001
        }
      ],
      "diff_acoustic_entropy": 9.6443510055542,
      "sn": 12
    },
    {
      "acoustic_entropy": 15.616903305053711,
      "acoustic_entropy_mono": 14.156023979187012,
      "band_eliminated_acoustic_entropies": [
        {
          "acoustic_entropy": 15.22673511505127,
          "acoustic_entropy_side": 15.581055641174316,
          "hz": 129.47220167065723
        },
        {
          "acoustic_entropy": 15.827649116516113,
          "acoustic_entropy_side": 15.488824844360352,
          "hz": 202.92927478742237
        },
        {
          "acoustic_entropy": 15.826706886291504,
          "acoustic_entropy_side": 15.974531173706055,
          "hz": 282.89161906338205
        },
        {
          "acoustic_entropy": 16.21212387084961,
          "acoustic_entropy_side": 15.975768089294434,
          "hz": 369.9353335868758
        },
        {
          "acoustic_entropy": 15.846053123474121,
          "acoustic_entropy_side": 15.58189868927002,
          "hz": 464.6875360973435
        },
        {
          "acoustic_entropy": 15.305655479431152,
          "acoustic_entropy_side": 15.633354187011719,
          "hz": 567.8308811364784
        },
        {
          "acoustic_entropy": 15.938275337219238,
          "acoustic_entropy_side": 15.668829917907715,
          "hz": 680.1084783214808
        },
        {
          "acoustic_entropy": 16.41057777404785,
          "acoustic_entropy_side": 15.876503944396973,
          "hz": 802.3292461747484
        },
        {
          "acoustic_entropy": 15.166561126708984,
          "acoustic_entropy_side": 15.636455535888672,
          "hz": 935.3737400823702
        },
        {
          "acoustic_entropy": 16.6750545501709,
          "acoustic_entropy_side": 16.027246475219727,
          "hz": 1080.2004963696966
        },
        {
          "acoustic_entropy": 16.39214324951172,
          "acoustic_entropy_side": 16.093015670776367,
          "hz": 1237.8529382007157
        },
        {
          "acoustic_entropy": 15.663844108581543,
          "acoustic_entropy_side": 15.653304100036621,
          "hz": 1409.4668930556702
        },
        {
          "acoustic_entropy": 15.203417778015137,
          "acoustic_entropy_side": 15.686765670776367,
          "hz": 1596.2787759475705
        },
        {
          "acoustic_entropy": 15.956889152526855,
          "acoustic_entropy_side": 15.608285903930664,
          "hz": 1799.6344973346393
        },
        {
          "acoustic_entropy": 15.331598281860352,
          "acoustic_entropy_side": 15.514424324035645,
          "hz": 2020.9991599069049
        },
        {
          "acoustic_entropy": 15.947616577148438,
          "acoustic_entropy_side": 15.684971809387207,
          "hz": 2261.9676141086993
        },
        {
          "acoustic_entropy": 14.644943237304688,
          "acoustic_entropy_side": 14.884482383728027,
          "hz": 2524.2759484456974
        },
        {
          "acoustic_entropy": 15.650146484375,
          "acoustic_entropy_side": 15.325855255126953,
          "hz": 2809.813997359896
        },
        {
          "acoustic_entropy": 15.60828685760498,
          "acoustic_entropy_side": 15.57503890991211,
