{
  "acoustic_entropy": 161.5709686279297,
  "bands": [
    {
      "high_freq": 148.1999969482422,
      "loudness": -40.179996490478516,
      "loudness_range": 37.5513916015625,
      "mid_mean": -43.26824951171875,
      "mid_to_side_loudness": -3.6669247150421143,
      "mid_to_side_loudness_range": 6.513197898864746,
      "side_mean": -46.45358657836914
    },
    {
      "high_freq": 392.3793640136719,
      "loudness": -28.677978515625,
      "loudness_range": 17.653779983520508,
      "low_freq": 148.1999969482422,
      "mid_mean": -28.42930030822754,
      "mid_to_side_loudness": -1.3902603387832642,
      "mid_to_side_loudness_range": 5.452409744262695,
      "side_mean": -29.920578002929688
    },
    {
      "high_freq": 794.6976318359375,
      "loudness": -27.78765106201172,
      "loudness_range": 21.122600555419922,
      "low_freq": 392.3793640136719,
      "mid_mean": -27.345956802368164,
      "mid_to_side_loudness": -1.6580556631088257,
      "mid_to_side_loudness_range": 5.5786237716674805,
      "side_mean": -29.889951705932617
    },
    {
      "high_freq": 1457.5709228515625,
      "loudness": -29.4897403717041,
      "loudness_range": 25.19034194946289,
      "low_freq": 794.6976318359375,
      "mid_mean": -28.989721298217773,
      "mid_to_side_loudness": -1.8498553037643433,
      "mid_to_side_loudness_range": 5.3289313316345215,
      "side_mean": -30.82898712158203
    },
    {
      "high_freq": 2549.74365234375,
      "loudness": -31.80864715576172,
      "loudness_range": 27.109310150146484,
      "low_freq": 1457.5709228515625,
      "mid_mean": -32.04915237426758,
      "mid_to_side_loudness": -1.5465216636657715,
      "mid_to_side_loudness_range": 5.556002140045166,
      "side_mean": -34.204490661621094
    },
    {
      "high_freq": 4349.24462890625,
      "loudness": -37.193763732910156,
      "loudness_range": 29.77973747253418,
      "low_freq": 2549.74365234375,
      "mid_mean": -37.340938568115234,
      "mid_to_side_loudness": -1.5853906869888306,
      "mid_to_side_loudness_range": 3.630281925201416,
      "side_mean": -38.933250427246094
    },
    {
      "high_freq": 7314.1640625,
      "loudness": -45.520694732666016,
      "loudness_range": 31.03324317932129,
      "low_freq": 4349.24462890625,
      "mid_mean": -44.98418045043945,
      "mid_to_side_loudness": -1.6654505729675293,
      "mid_to_side_loudness_range": 5.132406234741211,
      "side_mean": -46.72477340698242
    },
    {
      "high_freq": 12199.2666015625,
      "loudness": -53.71794891357422,
      "loudness_range": 28.62293243408203,
      "low_freq": 7314.1640625,
      "mid_mean": -56.177093505859375,
      "mid_to_side_loudness": -1.9774764776229858,
      "mid_to_side_loudness_range": 3.690903425216675,
      "side_mean": -57.74854278564453
    },
    {
      "loudness": -64.04557037353516,
      "loudness_range": 25.68624496459961,
      "low_freq": 12199.2666015625,
      "mid_mean": -63.085628509521484,
      "mid_to_side_loudness": -2.9090452194213867,
      "mid_to_side_loudness_range": 4.1575093269348145,
      "side_mean": -64.55611419677734
    }
  ],
  "bands_short": [
    {
      "high_freq": 148.1999969482422,
      "loudness": -46.1194953918457,
      "loudness_range": 37.83259582519531,
      "mid_mean": -46.296112060546875,
      "mid_to_side_loudness": -3.973517656326294,
      "mid_to_side_loudness_range": 14.202142715454102,
      "side_mean": -51.05086898803711
    },
    {
      "high_freq": 392.3793640136719,
      "loudness": -28.840049743652344,
      "loudness_range": 19.006290435791016,
      "low_freq": 148.1999969482422,
      "mid_mean": -29.33057403564453,
      "mid_to_side_loudness": -1.1470855474472046,
      "mid_to_side_loudness_range": 9.240266799926758,
      "side_mean": -30.611024856567383
    },
    {
      "high_freq": 794.6976318359375,
      "loudness": -28.043994903564453,
      "loudness_range": 22.209165573120117,
      "low_freq": 392.3793640136719,
      "mid_mean": -27.959829330444336,
      "mid_to_side_loudness": -1.5318418741226196,
      "mid_to_side_loudness_range": 9.216791152954102,
      "side_mean": -30.338655471801758
    },
    {
      "high_freq": 1457.5709228515625,
      "loudness": -30.22153663635254,
      "loudness_range": 26.464675903320312,
      "low_freq": 794.6976318359375,
      "mid_mean": -29.874467849731445,
      "mid_to_side_loudness": -1.764340877532959,
      "mid_to_side_loudness_range": 8.973119735717773,
      "side_mean": -31.656599044799805
    },
    {
      "high_freq": 2549.74365234375,
      "loudness": -32.40401077270508,
      "loudness_range": 28.396678924560547,
      "low_freq": 1457.5709228515625,
      "mid_mean": -32.2343635559082,
      "mid_to_side_loudness": -1.4056994915008545,
      "mid_to_side_loudness_range": 8.575284957885742,
      "side_mean": -34.26674270629883
    },
    {
      "high_freq": 4349.24462890625,
      "loudness": -37.76808166503906,
      "loudness_range": 31.060274124145508,
      "low_freq": 2549.74365234375,
      "mid_mean": -37.485652923583984,
      "mid_to_side_loudness": -1.4781501293182373,
      "mid_to_side_loudness_range": 6.462933540344238,
      "side_mean": -39.07439422607422
    },
    {
      "high_freq": 7314.1640625,
      "loudness": -46.44192886352539,
      "loudness_range": 31.646547317504883,
      "low_freq": 4349.24462890625,
      "mid_mean": -45.982460021972656,
      "mid_to_side_loudness": -1.4617843627929688,
      "mid_to_side_loudness_range": 6.42324686050415,
      "side_mean": -47.58391571044922
    },
    {
      "high_freq": 12199.2666015625,
      "loudness": -55.16225051879883,
      "loudness_range": 30.716224670410156,
      "low_freq": 7314.1640625,
      "mid_mean": -57.29069137573242,
      "mid_to_side_loudness": -1.758780837059021,
      "mid_to_side_loudness_range": 4.9842424392700195,
      "side_mean": -58.65213394165039
    },
    {
      "loudness": -66.0422592163086,
      "loudness_range": 27.360675811767578,
      "low_freq": 12199.2666015625,
      "mid_mean": -64.20712280273438,
      "mid_to_side_loudness": -2.625300407409668,
      "mid_to_side_loudness_range": 4.72906494140625,
      "side_mean": -65.35289764404297
    }
  ],
  "bandwidth": 749.9564819335938,
  "channels": 2,
  "covariance": [
    [
      220.86239624023438,
      224.2873077392578,
      76.19770812988281,
      77.14241027832031,
      92.9447250366211,
      95.468994140625,
      101.60309600830078,
      93.13256072998047,
      119.95951080322266,
      120.59823608398438,
      111.98503875732422,
      107.24166870117188,
      100.37959289550781,
      89.55229187011719,
      98.59894561767578,
      88.14653778076172,
      54.64531707763672,
      43.553409576416016
    ],
    [
      224.2873077392578,
      231.81593322753906,
      78.5962905883789,
      79.45109558105469,
      94.48591613769531,
      96.72813415527344,
      104.48485565185547,
      95.44727325439453,
      122.34274291992188,
      123.07918548583984,
      114.48646545410156,
      109.64424133300781,
      102.78311920166016,
      91.35343933105469,
      100.46361541748047,
      89.92146301269531,
      55.36644744873047,
      44.12861633300781
    ],
    [
      76.19770812988281,
      78.5962905883789,
      74.86997985839844,
      71.83049011230469,
      55.67249298095703,
      60.75197219848633,
      56.95918273925781,
      54.35166931152344,
      52.177886962890625,
      52.23305892944336,
      46.898372650146484,
      45.627681732177734,
      48.514793395996094,
      45.79916000366211,
      49.58367156982422,
      44.56535339355469,
      31.327041625976562,
      24.717819213867188
    ],
    [
      77.14241027832031,
      79.45109558105469,
      71.83049011230469,
      75.33447265625,
      57.606319427490234,
      60.0948486328125,
      56.516632080078125,
      53.91573715209961,
      52.2492790222168,
      52.44001007080078,
      47.54541015625,
      46.04344940185547,
      49.842044830322266,
      47.35188674926758,
      51.050384521484375,
      46.27936553955078,
      31.85424041748047,
      25.40171241760254
    ],
    [
      92.9447250366211,
      94.48591613769531,
      55.67249298095703,
      57.606319427490234,
      93.56365203857422,
      85.9738540649414,
      75.44203186035156,
      70.0842514038086,
      62.394500732421875,
      60.54457473754883,
      53.75639724731445,
      50.48462677001953,
      50.52390670776367,
      42.70238494873047,
      54.001346588134766,
      47.93745803833008,
      33.01349639892578,
      25.385332107543945
    ],
    [
      95.468994140625,
      96.72813415527344,
      60.75197219848633,
      60.0948486328125,
      85.9738540649414,
      92.30937957763672,
      75.86334228515625,
      73.28929138183594,
      61.75650405883789,
      60.88479232788086,
      55.58073425292969,
      52.97279739379883,
      53.23259353637695,
      47.74850845336914,
      57.56897735595703,
      52.064491271972656,
      35.11720275878906,
      27.915103912353516
    ],
    [
      101.60309600830078,
      104.48485565185547,
      56.95918273925781,
      56.516632080078125,
      75.44203186035156,
      75.86334228515625,
      104.7431411743164,
      92.02904510498047,
      84.1629867553711,
      80.69794464111328,
      73.65677642822266,
      70.23174285888672,
      70.45628356933594,
      61.49192810058594,
      71.98268127441406,
      65.44855499267578,
      45.998653411865234,
      36.934146881103516
    ],
    [
      93.13256072998047,
      95.44727325439453,
      54.35166931152344,
      53.91573715209961,
      70.0842514038086,
      73.28929138183594,
      92.02904510498047,
      91.74828338623047,
      75.217529296875,
      72.61310577392578,
      66.75747680664062,
      64.24333190917969,
      65.87423706054688,
      58.188358306884766,
      67.8026351928711,
      62.05573654174805,
      43.2954216003418,
      35.15907287597656
    ],
    [
      119.95951080322266,
      122.34274291992188,
      52.177886962890625,
      52.2492790222168,
      62.394500732421875,
      61.75650405883789,
      84.1629867553711,
      75.217529296875,
      122.69564056396484,
      114.5033950805664,
      108.7213134765625,
      104.09476470947266,
      104.11669158935547,
      93.10459899902344,
      96.49899291992188,
      86.80252075195312,
      57.251380920410156,
      45.653839111328125
    ],
    [
      120.59823608398438,
      123.07918548583984,
      52.23305892944336,
      52.44001007080078,
      60.54457473754883,
      60.88479232788086,
      80.69794464111328,
      72.61310577392578,
      114.5033950805664,
      118.12677001953125,
      110.6301498413086,
      106.43859100341797,
      105.64030456542969,
      95.32295989990234,
      96.04596710205078,
      86.74659729003906,
      55.94679641723633,
      44.81875228881836
    ],
    [
      111.98503875732422,
      114.48646545410156,
      46.898372650146484,
      47.54541015625,
      53.75639724731445,
      55.58073425292969,
      73.65677642822266,
      66.75747680664062,
      108.7213134765625,
      110.6301498413086,
      120.15897369384766,
      116.16695404052734,
      114.32698822021484,
      105.12614440917969,
      107.81427764892578,
      98.83795166015625,
      63.45720291137695,
      52.25474548339844
    ],
    [
      107.24166870117188,
      109.64424133300781,
      45.627681732177734,
      46.04344940185547,
      50.48462677001953,
      52.97279739379883,
      70.23174285888672,
      64.24333190917969,
      104.09476470947266,
      106.43859100341797,
      116.16695404052734,
      114.49842834472656,
      111.86244201660156,
      103.6496810913086,
      106.1741714477539,
      97.74664306640625,
      62.767269134521484,
      52.14352798461914
    ],
    [
      100.37959289550781,
      102.78311920166016,
      48.514793395996094,
      49.842044830322266,
      50.52390670776367,
      53.23259353637695,
      70.45628356933594,
      65.87423706054688,
      104.11669158935547,
      105.64030456542969,
      114.32698822021484,
      111.86244201660156,
      116.98959350585938,
      107.63692474365234,
      109.4166488647461,
      100.77761840820312,
      65.57952117919922,
      54.28575897216797
    ],
    [
      89.55229187011719,
      91.35343933105469,
      45.79916000366211,
      47.35188674926758,
      42.70238494873047,
      47.74850845336914,
      61.49192810058594,
      58.188358306884766,
      93.10459899902344,
      95.32295989990234,
      105.12614440917969,
      103.6496810913086,
      107.63692474365234,
      102.70409393310547,
      102.80449676513672,
      95.56102752685547,
      61.20418930053711,
      51.504356384277344
    ],
    [
      98.59894561767578,
      100.46361541748047,
      49.58367156982422,
      51.050384521484375,
      54.001346588134766,
      57.56897735595703,
      71.98268127441406,
      67.8026351928711,
      96.49899291992188,
      96.04596710205078,
      107.81427764892578,
      106.1741714477539,
      109.4166488647461,
      102.80449676513672,
      120.62224578857422,
      111.10240936279297,
      73.65090942382812,
      61.67153549194336
    ],
    [
      88.14653778076172,
      89.92146301269531,
      44.56535339355469,
      46.27936553955078,
      47.93745803833008,
      52.064491271972656,
      65.44855499267578,
      62.05573654174805,
      86.80252075195312,
      86.74659729003906,
      98.83795166015625,
      97.74664306640625,
      100.77761840820312,
      95.56102752685547,
      111.10240936279297,
      103.4820785522461,
      67.94891357421875,
      57.69839096069336
    ],
    [
      54.64531707763672,
      55.36644744873047,
      31.327041625976562,
      31.85424041748047,
      33.01349639892578,
      35.11720275878906,
      45.998653411865234,
      43.2954216003418,
      57.251380920410156,
      55.94679641723633,
      63.45720291137695,
      62.767269134521484,
      65.57952117919922,
      61.20418930053711,
      73.65090942382812,
      67.94891357421875,
      52.984344482421875,
      44.71131896972656
    ],
    [
      43.553409576416016,
      44.12861633300781,
      24.717819213867188,
      25.40171241760254,
      25.385332107543945,
      27.915103912353516,
      36.934146881103516,
      35.15907287597656,
      45.653839111328125,
      44.81875228881836,
      52.25474548339844,
      52.14352798461914,
      54.28575897216797,
      51.504356384277344,
      61.67153549194336,
      57.69839096069336,
      44.71131896972656,
      38.87868881225586
    ]
  ],
  "covariance_short": [
    [
      190.8240509033203,
      181.3686065673828,
      79.63333129882812,
      78.19493103027344,
      85.39063262939453,
      87.67317962646484,
      92.35433197021484,
      86.72608184814453,
      97.80779266357422,
      99.10790252685547,
      90.0518798828125,
      85.7721176147461,
      84.11532592773438,
      76.1154556274414,
      80.25835418701172,
      72.31166076660156,
      39.373329162597656,
      32.441829681396484
    ],
    [
      181.3686065673828,
      204.69024658203125,
      79.8873519897461,
      78.94706726074219,
      86.67071533203125,
      89.26319885253906,
      94.37151336669922,
      88.2765121459961,
      99.6037826538086,
      101.42656707763672,
      93.66493225097656,
      89.1899642944336,
      88.1725845336914,
      80.07244110107422,
      94.31382751464844,
      85.36426544189453,
      44.90890121459961,
      37.041324615478516
    ],
    [
      79.63333129882812,
      79.8873519897461,
      92.39531707763672,
      78.43785095214844,
      60.808170318603516,
      63.69367218017578,
      60.16299819946289,
      58.445037841796875,
      54.87045669555664,
      54.421104431152344,
      49.45848083496094,
      48.658905029296875,
      52.44801712036133,
      49.01680374145508,
      51.89624786376953,
      47.0841064453125,
      30.18204689025879,
      24.770519256591797
    ],
    [
      78.19493103027344,
      78.94706726074219,
      78.43785095214844,
      88.11917114257812,
      57.875301361083984,
      61.78178405761719,
      58.472084045410156,
      56.764251708984375,
      53.35460662841797,
      53.6933708190918,
      47.48395919799805,
      47.72576904296875,
      51.58882141113281,
      49.093692779541016,
      50.13098907470703,
      45.9350471496582,
      28.400981903076172,
      23.451461791992188
    ],
    [
      85.39063262939453,
      86.67071533203125,
      60.808170318603516,
      57.875301361083984,
      101.83728790283203,
      90.35377502441406,
      78.36901092529297,
      73.96427154541016,
      66.04776763916016,
      64.49920654296875,
      57.20821762084961,
      52.973751068115234,
      53.025516510009766,
      45.79182434082031,
      54.84001541137695,
      49.69355773925781,
      29.7325439453125,
      24.32427978515625
    ],
    [
      87.67317962646484,
      89.26319885253906,
      63.69367218017578,
      61.78178405761719,
      90.35377502441406,
      99.62847900390625,
      78.18180084228516,
      76.5553970336914,
      64.40314483642578,
      64.09749603271484,
      58.12322235107422,
      55.3596305847168,
      55.60258483886719,
      49.82003402709961,
      56.84294891357422,
      52.47513198852539,
      30.119895935058594,
      25.357248306274414
    ],
    [
      92.35433197021484,
      94.37151336669922,
      60.16299819946289,
      58.472084045410156,
      78.36901092529297,
      78.18180084228516,
      112.61665344238281,
      92.23954772949219,
      88.96298217773438,
      85.84806823730469,
      79.61473846435547,
      75.33753204345703,
      75.84276580810547,
      66.52471160888672,
      73.14934539794922,
      66.99153900146484,
      41.72494888305664,
      34.618228912353516
    ],
    [
      86.72608184814453,
      88.2765121459961,
      58.445037841796875,
      56.764251708984375,
      73.96427154541016,
      76.5553970336914,
      92.23954772949219,
      101.99190521240234,
      80.66748046875,
      79.73389434814453,
      73.3160171508789,
      71.10139465332031,
      71.77395629882812,
      63.86589431762695,
      69.35124206542969,
      64.22774505615234,
      39.14374923706055,
      32.96759033203125
    ],
    [
      97.80779266357422,
      99.6037826538086,
      54.87045669555664,
      53.35460662841797,
      66.04776763916016,
      64.40314483642578,
      88.96298217773438,
      80.66748046875,
      118.5349349975586,
      104.61051177978516,
      100.62193298339844,
      96.15632629394531,
      100.23113250732422,
      90.16090393066406,
      90.81716918945312,
      82.64497375488281,
      50.16268539428711,
      41.55599594116211
    ],
    [
      99.10790252685547,
      101.42656707763672,
      54.421104431152344,
      53.6933708190918,
      64.49920654296875,
      64.09749603271484,
      85.84806823730469,
      79.73389434814453,
      104.61051177978516,
      113.65438079833984,
      99.7321548461914,
      97.24554443359375,
      99.57978057861328,
      90.41523742675781,
      88.95077514648438,
      81.48064422607422,
      47.795780181884766,
      39.84611129760742
    ],
    [
      90.0518798828125,
      93.66493225097656,
      49.45848083496094,
      47.48395919799805,
      57.20821762084961,
      58.12322235107422,
      79.61473846435547,
      73.3160171508789,
      100.62193298339844,
      99.7321548461914,
      118.34676361083984,
      109.41082763671875,
      112.34529876708984,
      103.24598693847656,
      103.72686004638672,
      95.81827545166016,
      57.50477600097656,
      48.785301208496094
    ],
    [
      85.7721176147461,
      89.1899642944336,
      48.658905029296875,
      47.72576904296875,
      52.973751068115234,
      55.3596305847168,
      75.33753204345703,
      71.10139465332031,
      96.15632629394531,
      97.24554443359375,
      109.41082763671875,
      112.5858383178711,
      109.6114501953125,
      101.71440124511719,
      101.58666229248047,
      94.51571655273438,
      56.24134063720703,
      48.2603759765625
    ],
    [
      84.11532592773438,
      88.1725845336914,
      52.44801712036133,
      51.58882141113281,
      53.025516510009766,
      55.60258483886719,
      75.84276580810547,
      71.77395629882812,
      100.23113250732422,
      99.57978057861328,
      112.34529876708984,
      109.6114501953125,
      122.7602310180664,
      112.66343688964844,
      110.91421508789062,
      102.6915054321289,
      62.61074447631836,
      53.25890350341797
    ],
    [
      76.1154556274414,
      80.07244110107422,
      49.01680374145508,
      49.093692779541016,
      45.79182434082031,
      49.82003402709961,
      66.52471160888672,
      63.86589431762695,
      90.16090393066406,
      90.41523742675781,
      103.24598693847656,
      101.71440124511719,
      112.66343688964844,
      109.79125213623047,
      104.83452606201172,
      98.12065887451172,
      58.22445297241211,
      50.44561004638672
    ],
    [
      80.25835418701172,
      94.31382751464844,
      51.89624786376953,
      50.13098907470703,
      54.84001541137695,
      56.84294891357422,
      73.14934539794922,
      69.35124206542969,
      90.81716918945312,
      88.95077514648438,
      103.72686004638672,
      101.58666229248047,
      110.91421508789062,
      104.83452606201172,
      117.59720611572266,
      108.4805679321289,
      67.7646484375,
      58.19316101074219
    ],
    [
      72.31166076660156,
      85.36426544189453,
      47.0841064453125,
      45.9350471496582,
      49.69355773925781,
      52.47513198852539,
      66.99153900146484,
      64.22774505615234,
      82.64497375488281,
      81.48064422607422,
      95.81827545166016,
      94.51571655273438,
      102.6915054321289,
      98.12065887451172,
      108.4805679321289,
      102.29430389404297,
      62.408660888671875,
      54.577919006347656
    ],
    [
      39.373329162597656,
      44.90890121459961,
      30.18204689025879,
      28.400981903076172,
      29.7325439453125,
      30.119895935058594,
      41.72494888305664,
      39.14374923706055,
      50.16268539428711,
      47.795780181884766,
      57.50477600097656,
      56.24134063720703,
      62.61074447631836,
      58.22445297241211,
      67.7646484375,
      62.408660888671875,
      48.24369430541992,
      41.30942153930664
    ],
    [
      32.441829681396484,
      37.041324615478516,
      24.770519256591797,
      23.451461791992188,
      24.32427978515625,
      25.357248306274414,
      34.618228912353516,
      32.96759033203125,
      41.55599594116211,
      39.84611129760742,
      48.785301208496094,
      48.2603759765625,
      53.25890350341797,
      50.44561004638672,
      58.19316101074219,
      54.577919006347656,
      41.30942153930664,
      36.692169189453125
    ]
  ],
  "damage": -10.750740051269531,
  "diff_bandwidth": 770.09765625,
  "dissonance": 8.761926687871908,
  "drr": 2.3104970455169678,
  "dynamics": 6.478060722351074,
  "format": 1245190,
  "frames": 2127872,
  "loudness": -17.9173641204834,
  "loudness_range": 23.607254028320312,
  "loudness_range_short": 24.83822250366211,
  "lowpass_true_peak_15khz": -0.45738422870635986,
  "mastering3_acoustic_entropies": [
    {
      "acoustic_entropy": 4.336327075958252,
      "acoustic_entropy_mono": 4.115849494934082,
      "band_eliminated_acoustic_entropies": [
        {
          "acoustic_entropy": 4.360131740570068,
          "acoustic_entropy_side": 4.342520236968994,
          "hz": 129.47220167065723
        },
        {
          "acoustic_entropy": 4.264541149139404,
          "acoustic_entropy_side": 4.368548393249512,
          "hz": 202.92927478742237
        },
        {
          "acoustic_entropy": 4.327320575714111,
          "acoustic_entropy_side": 4.330048084259033,
          "hz": 282.89161906338205
        },
        {
          "acoustic_entropy": 4.30117130279541,
          "acoustic_entropy_side": 4.328314304351807,
          "hz": 369.9353335868758
        },
        {
          "acoustic_entropy": 4.4974751472473145,
          "acoustic_entropy_side": 4.3748884201049805,
          "hz": 464.6875360973435
        },
        {
          "acoustic_entropy": 4.319047451019287,
          "acoustic_entropy_side": 4.359442234039307,
          "hz": 567.8308811364784
        },
        {
          "acoustic_entropy": 4.251163482666016,
          "acoustic_entropy_side": 4.294107437133789,
          "hz": 680.1084783214808
        },
        {
          "acoustic_entropy": 4.20790433883667,
          "acoustic_entropy_side": 4.270569324493408,
          "hz": 802.3292461747484
        },
        {
          "acoustic_entropy": 4.3466410636901855,
          "acoustic_entropy_side": 4.317224979400635,
          "hz": 935.3737400823702
        },
        {
          "acoustic_entropy": 4.180723190307617,
          "acoustic_entropy_side": 4.310665130615234,
          "hz": 1080.2004963696966
        },
        {
          "acoustic_entropy": 4.290526866912842,
          "acoustic_entropy_side": 4.3404388427734375,
          "hz": 1237.8529382007157
        },
        {
          "acoustic_entropy": 4.4573259353637695,
          "acoustic_entropy_side": 4.335041522979736,
          "hz": 1409.4668930556702
        },
        {
          "acoustic_entropy": 3.815603494644165,
          "acoustic_entropy_side": 4.057162761688232,
          "hz": 1596.2787759475705
        },
        {
          "acoustic_entropy": 4.221088409423828,
          "acoustic_entropy_side": 4.326625347137451,
          "hz": 1799.6344973346393
        },
        {
          "acoustic_entropy": 4.119276523590088,
          "acoustic_entropy_side": 4.2049126625061035,
          "hz": 2020.9991599069049
        },
        {
          "acoustic_entropy": 4.411027431488037,
          "acoustic_entropy_side": 4.351871967315674,
          "hz": 2261.9676141086993
        },
        {
          "acoustic_entropy": 4.298112869262695,
          "acoustic_entropy_side": 4.2694926261901855,
          "hz": 2524.2759484456974
        },
        {
          "acoustic_entropy": 4.310175895690918,
          "acoustic_entropy_side": 4.381651401519775,
          "hz": 2809.813997359896
        },
        {
          "acoustic_entropy": 4.228696823120117,
          "acoustic_entropy_side": 4.260372638702393,
          "hz": 3120.6389567871424
        },
        {
          "acoustic_entropy": 4.340726852416992,
          "acoustic_entropy_side": 4.338997840881348,
          "hz": 3458.990205492291
        },
        {
          "acoustic_entropy": 4.088298320770264,
          "acoustic_entropy_side": 4.318211078643799,
          "hz": 3827.305438964164
        },
        {
          "acoustic_entropy": 4.306186676025391,
          "acoustic_entropy_side": 4.323976993560791,
          "hz": 4228.238232109126
        },
        {
          "acoustic_entropy": 4.355912685394287,
          "acoustic_entropy_side": 4.343687534332275,
          "hz": 4664.6771572759235
        },
        {
          "acoustic_entropy": 4.350809097290039,
          "acoustic_entropy_side": 4.340315818786621,
          "hz": 5139.766595350093
        },
        {
          "acoustic_entropy": 4.356459617614746,
          "acoustic_entropy_side": 4.338335990905762,
          "hz": 5656.929389854203
        },
        {
          "acoustic_entropy": 4.347050666809082,
          "acoustic_entropy_side": 4.338545799255371,
          "hz": 6219.891507268283
        },
        {
          "acoustic_entropy": 4.341399192810059,
          "acoustic_entropy_side": 4.338071823120117,
          "hz": 6832.70888123896
        },
        {
          "acoustic_entropy": 4.339001178741455,
          "acoustic_entropy_side": 4.336733341217041,
          "hz": 7499.796634079867
        },
        {
          "acoustic_entropy": 4.3397040367126465,
          "acoustic_entropy_side": 4.336851596832275,
          "hz": 8225.96088609342
        },
        {
          "acoustic_entropy": 4.341537952423096,
          "acoustic_entropy_side": 4.3372979164123535,
          "hz": 9016.43338188839
        },
        {
          "acoustic_entropy": 4.340414047241211,
          "acoustic_entropy_side": 4.337727069854736,
          "hz": 9876.909183162974
        },
        {
          "acoustic_entropy": 4.343578815460205,
          "acoustic_entropy_side": 4.339117527008057,
          "hz": 10813.587699516042
        },
        {
          "acoustic_entropy": 4.34409761428833,
          "acoustic_entropy_side": 4.339395046234131,
          "hz": 11833.21735289826
        },
        {
          "acoustic_entropy": 4.346395015716553,
          "acoustic_entropy_side": 4.342322826385498,
          "hz": 12943.144197493959
        },
        {
          "acoustic_entropy": 4.348040580749512,
          "acoustic_entropy_side": 4.342554092407227,
          "hz": 14151.364845322005
        },
        {
          "acoustic_entropy": 4.347419738769531,
          "acoustic_entropy_side": 4.341310024261475,
          "hz": 15466.58407886509
        },
        {
          "acoustic_entropy": 4.3439226150512695,
          "acoustic_entropy_side": 4.339386463165283,
          "hz": 16898.27756580493
        },
        {
          "acoustic_entropy": 4.3407979011535645,
          "acoustic_entropy_side": 4.338095188140869,
          "hz": 18456.760127700032
        },
        {
          "acoustic_entropy": 4.337892532348633,
          "acoustic_entropy_side": 4.33697509765625,
          "hz": 20153.260054456492
        },
        {
          "acoustic_entropy": 4.336432933807373,
          "acoustic_entropy_side": 4.336373329162598,
          "hz": 22000.00000000001
        }
      ],
      "diff_acoustic_entropy": 2.717829942703247,
      "sn": 6
    },
    {
      "acoustic_entropy": 6.918584823608398,
      "acoustic_entropy_mono": 6.892642974853516,
      "band_eliminated_acoustic_entropies": [
        {
          "acoustic_entropy": 6.850268363952637,
          "acoustic_entropy_side": 6.933740139007568,
          "hz": 129.47220167065723
        },
        {
          "acoustic_entropy": 6.5673370361328125,
          "acoustic_entropy_side": 6.777626037597656,
          "hz": 202.92927478742237
        },
        {
          "acoustic_entropy": 6.832408428192139,
          "acoustic_entropy_side": 6.90565824508667,
          "hz": 282.89161906338205
        },
        {
          "acoustic_entropy": 6.824172496795654,
          "acoustic_entropy_side": 6.9188642501831055,
          "hz": 369.9353335868758
        },
        {
          "acoustic_entropy": 7.167298316955566,
          "acoustic_entropy_side": 6.990584373474121,
          "hz": 464.6875360973435
        },
        {
          "acoustic_entropy": 6.945405006408691,
          "acoustic_entropy_side": 7.079217433929443,
          "hz": 567.8308811364784
        },
        {
          "acoustic_entropy": 6.6095757484436035,
          "acoustic_entropy_side": 6.798608779907227,
          "hz": 680.1084783214808
        },
        {
          "acoustic_entropy": 6.709587574005127,
          "acoustic_entropy_side": 6.907280921936035,
          "hz": 802.3292461747484
        },
        {
          "acoustic_entropy": 6.604877948760986,
          "acoustic_entropy_side": 6.712690830230713,
          "hz": 935.3737400823702
        },
        {
          "acoustic_entropy": 6.912967205047607,
          "acoustic_entropy_side": 7.015124797821045,
          "hz": 1080.2004963696966
        },
        {
          "acoustic_entropy": 6.900570869445801,
          "acoustic_entropy_side": 6.954562664031982,
          "hz": 1237.8529382007157
        },
        {
          "acoustic_entropy": 7.041053295135498,
          "acoustic_entropy_side": 6.957669258117676,
          "hz": 1409.4668930556702
        },
        {
          "acoustic_entropy": 6.186814308166504,
          "acoustic_entropy_side": 6.863653182983398,
          "hz": 1596.2787759475705
        },
        {
          "acoustic_entropy": 6.800685405731201,
          "acoustic_entropy_side": 6.848511219024658,
          "hz": 1799.6344973346393
        },
        {
          "acoustic_entropy": 7.043329238891602,
          "acoustic_entropy_side": 6.7986159324646,
          "hz": 2020.9991599069049
        },
        {
          "acoustic_entropy": 7.092337608337402,
          "acoustic_entropy_side": 7.017374038696289,
          "hz": 2261.9676141086993
        },
        {
          "acoustic_entropy": 6.776345252990723,
          "acoustic_entropy_side": 6.729331970214844,
          "hz": 2524.2759484456974
        },
        {
          "acoustic_entropy": 6.998927593231201,
          "acoustic_entropy_side": 6.751509189605713,
          "hz": 2809.813997359896
        },
        {
          "acoustic_entropy": 6.869999885559082,
          "acoustic_entropy_side": 6.867435932159424,
          "hz": 3120.6389567871424
        },
        {
          "acoustic_entropy": 6.964677333831787,
          "acoustic_entropy_side": 6.983790397644043,
          "hz": 3458.990205492291
        },
        {
          "acoustic_entropy": 6.746521949768066,
          "acoustic_entropy_side": 6.877704620361328,
          "hz": 3827.305438964164
        },
        {
          "acoustic_entropy": 6.876910209655762,
          "acoustic_entropy_side": 6.88688850402832,
          "hz": 4228.238232109126
        },
        {
          "acoustic_entropy": 6.9996490478515625,
          "acoustic_entropy_side": 6.962857246398926,
          "hz": 4664.6771572759235
        },
        {
          "acoustic_entropy": 6.840432643890381,
          "acoustic_entropy_side": 6.896176815032959,
          "hz": 5139.766595350093
        },
        {
          "acoustic_entropy": 6.906852722167969,
          "acoustic_entropy_side": 6.923207759857178,
          "hz": 5656.929389854203
        },
        {
          "acoustic_entropy": 6.910992622375488,
          "acoustic_entropy_side": 6.912441253662109,
          "hz": 6219.891507268283
        },
        {
          "acoustic_entropy": 6.8941650390625,
          "acoustic_entropy_side": 6.905431747436523,
          "hz": 6832.70888123896
        },
        {
          "acoustic_entropy": 6.89590311050415,
          "acoustic_entropy_side": 6.909424781799316,
          "hz": 7499.796634079867
        },
        {
          "acoustic_entropy": 6.898586273193359,
          "acoustic_entropy_side": 6.910743713378906,
          "hz": 8225.96088609342
        },
        {
          "acoustic_entropy": 6.874072551727295,
          "acoustic_entropy_side": 6.9042558670043945,
          "hz": 9016.43338188839
        },
        {
          "acoustic_entropy": 6.878653049468994,
          "acoustic_entropy_side": 6.9067864418029785,
          "hz": 9876.909183162974
        },
        {
          "acoustic_entropy": 6.890288352966309,
          "acoustic_entropy_side": 6.910240650177002,
          "hz": 10813.587699516042
        },
        {
          "acoustic_entropy": 6.906706809997559,
          "acoustic_entropy_side": 6.913692474365234,
          "hz": 11833.21735289826
        },
        {
          "acoustic_entropy": 6.929037570953369,
          "acoustic_entropy_side": 6.92033576965332,
          "hz": 12943.144197493959
        },
        {
          "acoustic_entropy": 6.936861991882324,
          "acoustic_entropy_side": 6.92335844039917,
          "hz": 14151.364845322005
        },
        {
          "acoustic_entropy": 6.934902191162109,
          "acoustic_entropy_side": 6.924939155578613,
          "hz": 15466.58407886509
        },
        {
          "acoustic_entropy": 6.931756019592285,
          "acoustic_entropy_side": 6.923946857452393,
          "hz": 16898.27756580493
        },
        {
          "acoustic_entropy": 6.9275312423706055,
          "acoustic_entropy_side": 6.922576427459717,
          "hz": 18456.760127700032
        },
        {
          "acoustic_entropy": 6.923391342163086,
          "acoustic_entropy_side": 6.920720100402832,
          "hz": 20153.260054456492
        },
        {
          "acoustic_entropy": 6.919127464294434,
          "acoustic_entropy_side": 6.918830394744873,
          "hz": 22000.00000000001
        }
      ],
      "diff_acoustic_entropy": 5.121662616729736,
      "sn": 12
    },
    {
      "acoustic_entropy": 11.617215156555176,
      "acoustic_entropy_mono": 11.783102035522461,
      "band_eliminated_acoustic_entropies": [
        {
          "acoustic_entropy": 11.44561767578125,
          "acoustic_entropy_side": 11.135052680969238,
          "hz": 129.47220167065723
        },
        {
          "acoustic_entropy": 10.962650299072266,
          "acoustic_entropy_side": 11.111939430236816,
          "hz": 202.92927478742237
        },
        {
          "acoustic_entropy": 11.478995323181152,
          "acoustic_entropy_side": 11.552781105041504,
          "hz": 282.89161906338205
        },
        {
          "acoustic_entropy": 11.645977973937988,
          "acoustic_entropy_side": 11.664828300476074,
          "hz": 369.9353335868758
        },
        {
          "acoustic_entropy": 11.269696235656738,
          "acoustic_entropy_side": 11.232931137084961,
          "hz": 464.6875360973435
        },
        {
          "acoustic_entropy": 11.05156421661377,
          "acoustic_entropy_side": 11.4541015625,
          "hz": 567.8308811364784
        },
        {
          "acoustic_entropy": 11.5061616897583,
          "acoustic_entropy_side": 11.425320625305176,
          "hz": 680.1084783214808
        },
        {
          "acoustic_entropy": 11.278806686401367,
          "acoustic_entropy_side": 11.516485214233398,
          "hz": 802.3292461747484
        },
        {
          "acoustic_entropy": 11.710354804992676,
          "acoustic_entropy_side": 11.789604187011719,
          "hz": 935.3737400823702
        },
        {
          "acoustic_entropy": 11.515140533447266,
          "acoustic_entropy_side": 11.676342010498047,
          "hz": 1080.2004963696966
        },
        {
          "acoustic_entropy": 10.876989364624023,
          "acoustic_entropy_side": 11.35006332397461,
          "hz": 1237.8529382007157
        },
        {
          "acoustic_entropy": 11.588382720947266,
          "acoustic_entropy_side": 11.505585670471191,
          "hz": 1409.4668930556702
        },
        {
          "acoustic_entropy": 10.247093200683594,
          "acoustic_entropy_side": 10.9234037399292,
          "hz": 1596.2787759475705
        },
        {
          "acoustic_entropy": 11.159123420715332,
          "acoustic_entropy_side": 11.373098373413086,
          "hz": 1799.6344973346393
        },
        {
          "acoustic_entropy": 11.326362609863281,
          "acoustic_entropy_side": 11.706317901611328,
          "hz": 2020.9991599069049
        },
        {
          "acoustic_entropy": 11.115487098693848,
          "acoustic_entropy_side": 10.941293716430664,
          "hz": 2261.9676141086993
        },
        {
          "acoustic_entropy": 11.51672077178955,
          "acoustic_entropy_side": 11.502206802368164,
          "hz": 2524.2759484456974
        },
        {
          "acoustic_entropy": 11.61972713470459,
          "acoustic_entropy_side": 11.643564224243164,
          "hz": 2809.813997359896
        },
        {
          "acoustic_entropy": 11.460612297058105,
          "acoustic_entropy_side": 11.55402946472168,
          "hz": 3120.6389567871424
        },
        {
          "acoustic_entropy": 11.788293838500977,
          "acoustic_entropy_side": 11.771451950073242,
          "hz": 3458.990205492291
        },
        {
