{
  "acoustic_entropy": 202.2589111328125,
  "bands": [
    {
      "high_freq": 148.1999969482422,
      "loudness": -51.94114685058594,
      "loudness_range": 6.621585845947266,
      "mid_mean": -51.673885345458984,
      "mid_to_side_loudness": 0.7467583417892456,
      "mid_to_side_loudness_range": 4.939580917358398,
      "side_mean": -50.94133377075195
    },
    {
      "high_freq": 392.3793640136719,
      "loudness": -45.63592529296875,
      "loudness_range": 21.61947250366211,
      "low_freq": 148.1999969482422,
      "mid_mean": -45.72365951538086,
      "mid_to_side_loudness": 1.1274824142456055,
      "mid_to_side_loudness_range": 8.689376831054688,
      "side_mean": -44.567771911621094
    },
    {
      "high_freq": 794.6976318359375,
      "loudness": -42.00271987915039,
      "loudness_range": 10.611373901367188,
      "low_freq": 392.3793640136719,
      "mid_mean": -42.50419998168945,
      "mid_to_side_loudness": 0.8845503926277161,
      "mid_to_side_loudness_range": 10.042689323425293,
      "side_mean": -41.55756378173828
    },
    {
      "high_freq": 1457.5709228515625,
      "loudness": -40.93231201171875,
      "loudness_range": 21.93942642211914,
      "low_freq": 794.6976318359375,
      "mid_mean": -39.97193145751953,
      "mid_to_side_loudness": -0.8639458417892456,
      "mid_to_side_loudness_range": 10.104330062866211,
      "side_mean": -41.16176223754883
    },
    {
      "high_freq": 2549.74365234375,
      "loudness": -39.411380767822266,
      "loudness_range": 15.357257843017578,
      "low_freq": 1457.5709228515625,
      "mid_mean": -39.209259033203125,
      "mid_to_side_loudness": -0.09148405492305756,
      "mid_to_side_loudness_range": 13.925850868225098,
      "side_mean": -39.31157684326172
    },
    {
      "high_freq": 4349.24462890625,
      "loudness": -43.21189498901367,
      "loudness_range": 13.011760711669922,
      "low_freq": 2549.74365234375,
      "mid_mean": -44.21675109863281,
      "mid_to_side_loudness": 2.094583511352539,
      "mid_to_side_loudness_range": 7.8279876708984375,
      "side_mean": -41.74073028564453
    },
    {
      "high_freq": 7314.1640625,
      "loudness": -60.04905319213867,
      "loudness_range": 21.501659393310547,
      "low_freq": 4349.24462890625,
      "mid_mean": -59.878883361816406,
      "mid_to_side_loudness": 1.5509963035583496,
      "mid_to_side_loudness_range": 5.81969690322876,
      "side_mean": -58.59206771850586
    },
    {
      "high_freq": 12199.2666015625,
      "loudness": -76.42935180664062,
      "loudness_range": 11.710411071777344,
      "low_freq": 7314.1640625,
      "mid_mean": -69.12329864501953,
      "mid_to_side_loudness": 3.1369595527648926,
      "mid_to_side_loudness_range": 5.964956760406494,
      "side_mean": -68.18650817871094
    },
    {
      "loudness": -74.31104278564453,
      "loudness_range": 1.2213973999023438,
      "low_freq": 12199.2666015625,
      "mid_mean": -68.41666412353516,
      "mid_to_side_loudness": -0.02275986038148403,
      "mid_to_side_loudness_range": 0.9222142696380615,
      "side_mean": -68.4198226928711
    }
  ],
  "bands_short": [
    {
      "high_freq": 148.1999969482422,
      "loudness": -53.237937927246094,
      "loudness_range": 7.940956115722656,
      "mid_mean": -53.440452575683594,
      "mid_to_side_loudness": 0.9077140688896179,
      "mid_to_side_loudness_range": 13.273212432861328,
      "side_mean": -52.558475494384766
    },
    {
      "high_freq": 392.3793640136719,
      "loudness": -46.555606842041016,
      "loudness_range": 23.56256103515625,
      "low_freq": 148.1999969482422,
      "mid_mean": -46.525814056396484,
      "mid_to_side_loudness": 0.7772507667541504,
      "mid_to_side_loudness_range": 10.756689071655273,
      "side_mean": -45.73842239379883
    },
    {
      "high_freq": 794.6976318359375,
      "loudness": -42.41615676879883,
      "loudness_range": 11.368854522705078,
      "low_freq": 392.3793640136719,
      "mid_mean": -43.357933044433594,
      "mid_to_side_loudness": 1.5090742111206055,
      "mid_to_side_loudness_range": 13.546667098999023,
      "side_mean": -41.75082778930664
    },
    {
      "high_freq": 1457.5709228515625,
      "loudness": -39.95195770263672,
      "loudness_range": 18.413883209228516,
      "low_freq": 794.6976318359375,
      "mid_mean": -38.84417724609375,
      "mid_to_side_loudness": -1.5237215757369995,
      "mid_to_side_loudness_range": 9.487627029418945,
      "side_mean": -40.58940887451172
    },
    {
      "high_freq": 2549.74365234375,
      "loudness": -39.75961685180664,
      "loudness_range": 15.72488021850586,
      "low_freq": 1457.5709228515625,
      "mid_mean": -39.62155532836914,
      "mid_to_side_loudness": -0.2108846753835678,
      "mid_to_side_loudness_range": 15.914085388183594,
      "side_mean": -39.815093994140625
    },
    {
      "high_freq": 4349.24462890625,
      "loudness": -42.77354049682617,
      "loudness_range": 13.287593841552734,
      "low_freq": 2549.74365234375,
      "mid_mean": -43.56878662109375,
      "mid_to_side_loudness": 1.5933623313903809,
      "mid_to_side_loudness_range": 9.227977752685547,
      "side_mean": -41.643707275390625
    },
    {
      "high_freq": 7314.1640625,
      "loudness": -59.234195709228516,
      "loudness_range": 21.593219757080078,
      "low_freq": 4349.24462890625,
      "mid_mean": -59.69831085205078,
      "mid_to_side_loudness": 1.8222551345825195,
      "mid_to_side_loudness_range": 9.602144241333008,
      "side_mean": -58.1004638671875
    },
    {
      "high_freq": 12199.2666015625,
      "loudness": -76.58242797851562,
      "loudness_range": 12.789299011230469,
      "low_freq": 7314.1640625,
      "mid_mean": -69.13203430175781,
      "mid_to_side_loudness": 3.042245626449585,
      "mid_to_side_loudness_range": 6.933238506317139,
      "side_mean": -68.22271728515625
    },
    {
      "loudness": -74.29913330078125,
      "loudness_range": 1.5563507080078125,
      "low_freq": 12199.2666015625,
      "mid_mean": -68.416015625,
      "mid_to_side_loudness": -0.009042228572070599,
      "mid_to_side_loudness_range": 1.7725815773010254,
      "side_mean": -68.41438293457031
    }
  ],
  "bandwidth": 966.97900390625,
  "channels": 2,
  "covariance": [
    [
      12.335062026977539,
      9.491554260253906,
      2.991243600845337,
      1.1909196376800537,
      -1.157105803489685,
      -1.3461905717849731,
      -4.582309722900391,
      -5.0783185958862305,
      -4.161661148071289,
      -3.9737727642059326,
      0.7172141075134277,
      0.027650102972984314,
      6.618348598480225,
      6.2204484939575195,
      1.8444743156433105,
      3.3324265480041504,
      0.2613590955734253,
      0.2895045280456543
    ],
    [
      9.491554260253906,
      10.071167945861816,
      2.7385056018829346,
      1.3882462978363037,
      0.3385220468044281,
      -0.4257417321205139,
      -2.3959062099456787,
      -2.9689576625823975,
      -2.481199264526367,
      -2.176226854324341,
      1.781493902206421,
      0.6188163757324219,
      6.166576862335205,
      5.962735176086426,
      1.6920561790466309,
      3.104890823364258,
      0.23845495283603668,
      0.26567313075065613
    ],
    [
      2.991243600845337,
      2.7385056018829346,
      49.25531005859375,
      48.32878494262695,
      13.347479820251465,
      14.875605583190918,
      -0.2878921627998352,
      5.223408222198486,
      8.749502182006836,
      -0.46707358956336975,
      9.88219928741455,
      13.689269065856934,
      15.352898597717285,
      18.81247901916504,
      2.0154881477355957,
      4.731487274169922,
      -0.35174810886383057,
      -0.2583250403404236
    ],
    [
      1.1909196376800537,
      1.3882462978363037,
      48.32878494262695,
      55.60531234741211,
      14.935456275939941,
      14.631699562072754,
      1.6392946243286133,
      7.090242862701416,
      10.158530235290527,
      1.4504796266555786,
      11.786931991577148,
      17.355722427368164,
      15.120054244995117,
      18.847850799560547,
      1.9790948629379272,
      4.8000078201293945,
      -0.3134363889694214,
      -0.1657295823097229
    ],
    [
      -1.157105803489685,
      0.3385220468044281,
      13.347479820251465,
      14.935456275939941,
      32.59971618652344,
      25.162260055541992,
      19.043296813964844,
      17.77654266357422,
      9.73198413848877,
      13.972107887268066,
      7.4302754402160645,
      7.872704982757568,
      9.953520774841309,
      11.300178527832031,
      1.1358733177185059,
      2.369781255722046,
      -0.5565217137336731,
      -0.4287954270839691
    ],
    [
      -1.3461905717849731,
      -0.4257417321205139,
      14.875605583190918,
      14.631699562072754,
      25.162260055541992,
      35.39973449707031,
      16.616832733154297,
      17.949344635009766,
      10.678462982177734,
      12.043911933898926,
      5.720006942749023,
      6.049264907836914,
      14.844352722167969,
      16.82465362548828,
      0.74760901927948,
      2.232714891433716,
      -0.6674529314041138,
      -0.6086768507957458
    ],
    [
      -4.582309722900391,
      -2.3959062099456787,
      -0.2878921627998352,
      1.6392946243286133,
      19.043296813964844,
      16.616832733154297,
      67.18262481689453,
      56.234718322753906,
      29.64676856994629,
      43.01167678833008,
      17.544105529785156,
      18.114212036132812,
      -12.210943222045898,
      -13.741634368896484,
      -0.11357279866933823,
      -0.7758874893188477,
      0.13512055575847626,
      0.2620483934879303
    ],
    [
      -5.0783185958862305,
      -2.9689576625823975,
      5.223408222198486,
      7.090242862701416,
      17.77654266357422,
      17.949344635009766,
      56.234718322753906,
      61.098731994628906,
      27.638437271118164,
      39.41189956665039,
      13.709230422973633,
      17.2796630859375,
      -15.512120246887207,
      -14.261175155639648,
      -0.45624473690986633,
      -1.4298012256622314,
      0.08381819725036621,
      0.14291101694107056
    ],
    [
      -4.161661148071289,
      -2.481199264526367,
      8.749502182006836,
      10.158530235290527,
      9.73198413848877,
      10.678462982177734,
      29.64676856994629,
      27.638437271118164,
      30.522876739501953,
      28.86943817138672,
      20.84446907043457,
      20.729829788208008,
      -0.7861781716346741,
      -0.12740002572536469,
      0.08051161468029022,
      0.2597353458404541,
      0.06954164057970047,
      0.17732368409633636
    ],
    [
      -3.9737727642059326,
      -2.176226854324341,
      -0.46707358956336975,
      1.4504796266555786,
      13.972107887268066,
      12.043911933898926,
      43.01167678833008,
      39.41189956665039,
      28.86943817138672,
      48.06743240356445,
      20.637784957885742,
      18.176925659179688,
      -2.7397561073303223,
      -3.8253746032714844,
      0.1918039172887802,
      0.29737502336502075,
      0.1318393051624298,
      0.31145551800727844
    ],
    [
      0.7172141075134277,
      1.781493902206421,
      9.88219928741455,
      11.786931991577148,
      7.4302754402160645,
      5.720006942749023,
      17.544105529785156,
      13.709230422973633,
      20.84446907043457,
      20.637784957885742,
      24.966310501098633,
      21.17446517944336,
      9.341019630432129,
      9.43078899383545,
      1.5760533809661865,
      3.3948116302490234,
      0.16130240261554718,
      0.3713221549987793
    ],
    [
      0.027650102972984314,
      0.6188163757324219,
      13.689269065856934,
      17.355722427368164,
      7.872704982757568,
      6.049264907836914,
      18.114212036132812,
      17.2796630859375,
      20.729829788208008,
      18.176925659179688,
      21.17446517944336,
      28.81693458557129,
      4.685966491699219,
      7.297733306884766,
      1.5711205005645752,
      3.227726459503174,
      0.17353853583335876,
      0.3949788510799408
    ],
    [
      6.618348598480225,
      6.166576862335205,
      15.352898597717285,
      15.120054244995117,
      9.953520774841309,
      14.844352722167969,
      -12.210943222045898,
      -15.512120246887207,
      -0.7861781716346741,
      -2.7397561073303223,
      9.341019630432129,
      4.685966491699219,
      45.50477981567383,
      44.96917724609375,
      3.2213401794433594,
      8.186025619506836,
      -0.0738535076379776,
      0.20460382103919983
    ],
    [
      6.2204484939575195,
      5.962735176086426,
      18.81247901916504,
      18.847850799560547,
      11.300178527832031,
      16.82465362548828,
      -13.741634368896484,
      -14.261175155639648,
      -0.12740002572536469,
      -3.8253746032714844,
      9.43078899383545,
      7.297733306884766,
      44.96917724609375,
      47.9112663269043,
      3.254092216491699,
      8.39294719696045,
      -0.12219388782978058,
      0.14341653883457184
    ],
    [
      1.8444743156433105,
      1.6920561790466309,
      2.0154881477355957,
      1.9790948629379272,
      1.1358733177185059,
      0.74760901927948,
      -0.11357279866933823,
      -0.45624473690986633,
      0.08051161468029022,
      0.1918039172887802,
      1.5760533809661865,
      1.5711205005645752,
      3.2213401794433594,
      3.254092216491699,
      0.711410403251648,
      1.371279239654541,
      0.03108486533164978,
      0.07507104426622391
    ],
    [
      3.3324265480041504,
      3.104890823364258,
      4.731487274169922,
      4.8000078201293945,
      2.369781255722046,
      2.232714891433716,
      -0.7758874893188477,
      -1.4298012256622314,
      0.2597353458404541,
      0.29737502336502075,
      3.3948116302490234,
      3.227726459503174,
      8.186025619506836,
      8.39294719696045,
      1.371279239654541,
      2.9838123321533203,
      0.05127575248479843,
      0.1472415030002594
    ],
    [
      0.2613590955734253,
      0.23845495283603668,
      -0.35174810886383057,
      -0.3134363889694214,
      -0.5565217137336731,
      -0.6674529314041138,
      0.13512055575847626,
      0.08381819725036621,
      0.06954164057970047,
      0.1318393051624298,
      0.16130240261554718,
      0.17353853583335876,
      -0.0738535076379776,
      -0.12219388782978058,
      0.03108486533164978,
      0.05127575248479843,
      0.07731889933347702,
      0.07811052352190018
    ],
    [
      0.2895045280456543,
      0.26567313075065613,
      -0.2583250403404236,
      -0.1657295823097229,
      -0.4287954270839691,
      -0.6086768507957458,
      0.2620483934879303,
      0.14291101694107056,
      0.17732368409633636,
      0.31145551800727844,
      0.3713221549987793,
      0.3949788510799408,
      0.20460382103919983,
      0.14341653883457184,
      0.07507104426622391,
      0.1472415030002594,
      0.07811052352190018,
      0.08878437429666519
    ]
  ],
  "covariance_short": [
    [
      13.357466697692871,
      3.9109578132629395,
      4.172994613647461,
      2.9961719512939453,
      -1.572574496269226,
      -1.5128870010375977,
      -3.5321011543273926,
      -2.8762855529785156,
      -2.6016554832458496,
      -2.462381601333618,
      -0.2901654839515686,
      -0.5906104445457458,
      2.489926815032959,
      2.166248083114624,
      0.8634259700775146,
      1.5240126848220825,
      0.23061788082122803,
      0.22109630703926086
    ],
    [
      3.9109578132629395,
      13.669368743896484,
      3.398624897003174,
      3.0975613594055176,
      -0.17183548212051392,
      -0.9210337996482849,
      -1.3445298671722412,
      -1.3384239673614502,
      -1.0037845373153687,
      -0.5043647289276123,
      0.6337624192237854,
      -0.02672444097697735,
      2.8352673053741455,
      2.762112617492676,
      0.7576003074645996,
      1.3589909076690674,
      0.19282057881355286,
      0.19754181802272797
    ],
    [
      4.172994613647461,
      3.398624897003174,
      60.08597946166992,
      57.445533752441406,
      14.175564765930176,
      14.660710334777832,
      1.4591350555419922,
      6.264744281768799,
      8.658601760864258,
      -1.8999594449996948,
      17.89738655090332,
      19.036069869995117,
      14.860640525817871,
      17.86685562133789,
      2.7032320499420166,
      5.8739542961120605,
      -0.22467119991779327,
      -0.08747707307338715
    ],
    [
      2.9961719512939453,
      3.0975613594055176,
      57.445533752441406,
      66.92516326904297,
      15.337896347045898,
      13.22587776184082,
      5.062581539154053,
      9.431879043579102,
      11.880085945129395,
      1.4517217874526978,
      19.966337203979492,
      22.88374137878418,
      12.843494415283203,
      16.43401336669922,
      2.640378713607788,
      5.818767070770264,
      -0.1606205552816391,
      0.03682028502225876
    ],
    [
      -1.572574496269226,
      -0.17183548212051392,
      14.175564765930176,
      15.337896347045898,
      30.7313289642334,
      21.28463363647461,
      13.239984512329102,
      12.523430824279785,
      7.714285373687744,
      10.818406105041504,
      6.250277519226074,
      7.658151626586914,
      13.036229133605957,
      13.68386459350586,
      1.3773103952407837,
      2.982576370239258,
      -0.5239245891571045,
      -0.35774219036102295
    ],
    [
      -1.5128870010375977,
      -0.9210337996482849,
      14.660710334777832,
      13.22587776184082,
      21.28463363647461,
      38.0090217590332,
      11.77466106414795,
      12.377877235412598,
      7.916898250579834,
      6.815781116485596,
      7.594550132751465,
      7.861342430114746,
      19.76347541809082,
      21.586183547973633,
      0.8691583871841431,
      2.7131128311157227,
      -0.5839217305183411,
      -0.49920645356178284
    ],
    [
      -3.5321011543273926,
      -1.3445298671722412,
      1.4591350555419922,
      5.062581539154053,
      13.239984512329102,
      11.77466106414795,
      49.779083251953125,
      44.52914047241211,
      26.749755859375,
      38.0625,
      21.58542251586914,
      20.9481258392334,
      -2.8990213871002197,
      -2.0777130126953125,
      -0.0815894678235054,
      -0.24053439497947693,
      0.13462477922439575,
      0.30669236183166504
    ],
    [
      -2.8762855529785156,
      -1.3384239673614502,
      6.264744281768799,
      9.431879043579102,
      12.523430824279785,
      12.377877235412598,
      44.52914047241211,
      55.813926696777344,
      24.683332443237305,
      36.04774475097656,
      19.177499771118164,
      20.137907028198242,
      -9.37470817565918,
      -5.96338415145874,
      -0.48994332551956177,
      -1.2230082750320435,
      0.04424326866865158,
      0.14518201351165771
    ],
    [
      -2.6016554832458496,
      -1.0037845373153687,
      8.658601760864258,
      11.880085945129395,
      7.714285373687744,
      7.916898250579834,
      26.749755859375,
      24.683332443237305,
      31.593955993652344,
      28.61065101623535,
      24.706462860107422,
      23.079557418823242,
      2.6361289024353027,
      4.222463130950928,
      0.21118703484535217,
      0.57637619972229,
      0.08709616214036942,
      0.23294438421726227
    ],
    [
      -2.462381601333618,
      -0.5043647289276123,
      -1.8999594449996948,
      1.4517217874526978,
      10.818406105041504,
      6.815781116485596,
      38.0625,
      36.04774475097656,
      28.61065101623535,
      51.93865203857422,
      22.615219116210938,
      18.98982048034668,
      1.2265149354934692,
      1.4032925367355347,
      0.3447732925415039,
      0.6128227114677429,
      0.1512541025876999,
      0.3878607749938965
    ],
    [
      -0.2901654839515686,
      0.6337624192237854,
      17.89738655090332,
      19.966337203979492,
      6.250277519226074,
      7.594550132751465,
      21.58542251586914,
      19.177499771118164,
      24.706462860107422,
      22.615219116210938,
      32.587467193603516,
      26.26945686340332,
      8.081306457519531,
      9.621156692504883,
      1.3179829120635986,
      2.8480329513549805,
      0.14434905350208282,
      0.33888524770736694
    ],
    [
      -0.5906104445457458,
      -0.02672444097697735,
      19.036069869995117,
      22.88374137878418,
      7.658151626586914,
      7.861342430114746,
      20.9481258392334,
      20.137907028198242,
      23.079557418823242,
      18.98982048034668,
      26.26945686340332,
      33.90486526489258,
      5.966088771820068,
      9.728778839111328,
      1.5135624408721924,
      3.1839606761932373,
      0.174661323428154,
      0.41846102476119995
    ],
    [
      2.489926815032959,
      2.8352673053741455,
      14.860640525817871,
      12.843494415283203,
      13.036229133605957,
      19.76347541809082,
      -2.8990213871002197,
      -9.37470817565918,
      2.6361289024353027,
      1.2265149354934692,
      8.081306457519531,
      5.966088771820068,
      44.82711410522461,
      44.04659652709961,
      3.118467330932617,
      7.778261661529541,
      -0.08641450852155685,
      0.17989163100719452
    ],
    [
      2.166248083114624,
      2.762112617492676,
      17.86685562133789,
      16.43401336669922,
      13.68386459350586,
      21.586183547973633,
      -2.0777130126953125,
      -5.96338415145874,
      4.222463130950928,
      1.4032925367355347,
      9.621156692504883,
      9.728778839111328,
      44.04659652709961,
      51.4808235168457,
      3.0800459384918213,
      7.795478820800781,
      -0.15267838537693024,
      0.08901610970497131
    ],
    [
      0.8634259700775146,
      0.7576003074645996,
      2.7032320499420166,
      2.640378713607788,
      1.3773103952407837,
      0.8691583871841431,
      -0.0815894678235054,
      -0.48994332551956177,
      0.21118703484535217,
      0.3447732925415039,
      1.3179829120635986,
      1.5135624408721924,
      3.118467330932617,
      3.0800459384918213,
      0.7456116080284119,
      1.3397448062896729,
      0.03243078663945198,
      0.07916983217000961
    ],
    [
      1.5240126848220825,
      1.3589909076690674,
      5.8739542961120605,
      5.818767070770264,
      2.982576370239258,
      2.7131128311157227,
      -0.24053439497947693,
      -1.2230082750320435,
      0.57637619972229,
      0.6128227114677429,
      2.8480329513549805,
      3.1839606761932373,
      7.778261661529541,
      7.795478820800781,
      1.3397448062896729,
      3.077470302581787,
      0.05633813142776489,
      0.16176064312458038
    ],
    [
      0.23061788082122803,
      0.19282057881355286,
      -0.22467119991779327,
      -0.1606205552816391,
      -0.5239245891571045,
      -0.5839217305183411,
      0.13462477922439575,
      0.04424326866865158,
      0.08709616214036942,
      0.1512541025876999,
      0.14434905350208282,
      0.174661323428154,
      -0.08641450852155685,
      -0.15267838537693024,
      0.03243078663945198,
      0.05633813142776489,
      0.09158994257450104,
      0.08126699179410934
    ],
    [
      0.22109630703926086,
      0.19754181802272797,
      -0.08747707307338715,
      0.03682028502225876,
      -0.35774219036102295,
      -0.49920645356178284,
      0.30669236183166504,
      0.14518201351165771,
      0.23294438421726227,
      0.3878607749938965,
      0.33888524770736694,
      0.41846102476119995,
      0.17989163100719452,
      0.08901610970497131,
      0.07916983217000961,
      0.16176064312458038,
      0.08126699179410934,
      0.10540641844272614
    ]
  ],
  "damage": -25.1682071685791,
  "diff_bandwidth": 921.9318237304688,
  "dissonance": 1.5559831380907763,
  "drr": 11.431748390197754,
  "dynamics": 3.62716007232666,
  "format": 1245190,
  "frames": 10057728,
  "loudness": -29.867748260498047,
  "loudness_range": 11.741348266601562,
  "loudness_range_short": 12.040082931518555,
  "lowpass_true_peak_15khz": -16.76940155029297,
  "mastering3_acoustic_entropies": [
    {
      "acoustic_entropy": 7.385805130004883,
      "acoustic_entropy_mono": 6.553338050842285,
      "band_eliminated_acoustic_entropies": [
        {
          "acoustic_entropy": 7.389086723327637,
          "acoustic_entropy_side": 7.386992931365967,
          "hz": 129.47220167065723
        },
        {
          "acoustic_entropy": 7.419208526611328,
          "acoustic_entropy_side": 7.52371883392334,
          "hz": 202.92927478742237
        },
        {
          "acoustic_entropy": 7.5105695724487305,
          "acoustic_entropy_side": 7.519074440002441,
          "hz": 282.89161906338205
        },
        {
          "acoustic_entropy": 7.111092567443848,
          "acoustic_entropy_side": 7.224454879760742,
          "hz": 369.9353335868758
        },
        {
          "acoustic_entropy": 6.8473381996154785,
          "acoustic_entropy_side": 6.87651252746582,
          "hz": 464.6875360973435
        },
        {
          "acoustic_entropy": 6.88062858581543,
          "acoustic_entropy_side": 7.135047435760498,
          "hz": 567.8308811364784
        },
        {
          "acoustic_entropy": 7.088590621948242,
          "acoustic_entropy_side": 7.174213409423828,
          "hz": 680.1084783214808
        },
        {
          "acoustic_entropy": 7.6946210861206055,
          "acoustic_entropy_side": 7.620233535766602,
          "hz": 802.3292461747484
        },
        {
          "acoustic_entropy": 7.245248794555664,
          "acoustic_entropy_side": 7.475802421569824,
          "hz": 935.3737400823702
        },
        {
          "acoustic_entropy": 7.093142986297607,
          "acoustic_entropy_side": 7.0262227058410645,
          "hz": 1080.2004963696966
        },
        {
          "acoustic_entropy": 7.365841865539551,
          "acoustic_entropy_side": 7.456787109375,
          "hz": 1237.8529382007157
        },
        {
          "acoustic_entropy": 7.4328742027282715,
          "acoustic_entropy_side": 7.525792598724365,
          "hz": 1409.4668930556702
        },
        {
          "acoustic_entropy": 7.6206159591674805,
          "acoustic_entropy_side": 7.5746331214904785,
          "hz": 1596.2787759475705
        },
        {
          "acoustic_entropy": 6.960574150085449,
          "acoustic_entropy_side": 7.510387897491455,
          "hz": 1799.6344973346393
        },
        {
          "acoustic_entropy": 7.3864359855651855,
          "acoustic_entropy_side": 7.2512969970703125,
          "hz": 2020.9991599069049
        },
        {
          "acoustic_entropy": 7.338000774383545,
          "acoustic_entropy_side": 7.297492027282715,
          "hz": 2261.9676141086993
        },
        {
          "acoustic_entropy": 7.105438232421875,
          "acoustic_entropy_side": 7.573285102844238,
          "hz": 2524.2759484456974
        },
        {
          "acoustic_entropy": 7.612057685852051,
          "acoustic_entropy_side": 7.7163262367248535,
          "hz": 2809.813997359896
        },
        {
          "acoustic_entropy": 7.327662467956543,
          "acoustic_entropy_side": 7.339510917663574,
          "hz": 3120.6389567871424
        },
        {
          "acoustic_entropy": 6.885883808135986,
          "acoustic_entropy_side": 7.08867073059082,
          "hz": 3458.990205492291
        },
        {
          "acoustic_entropy": 6.9239325523376465,
          "acoustic_entropy_side": 7.4388933181762695,
          "hz": 3827.305438964164
        },
        {
          "acoustic_entropy": 7.447784423828125,
          "acoustic_entropy_side": 7.435825347900391,
          "hz": 4228.238232109126
        },
        {
          "acoustic_entropy": 7.339046478271484,
          "acoustic_entropy_side": 7.309335231781006,
          "hz": 4664.6771572759235
        },
        {
          "acoustic_entropy": 7.3044538497924805,
          "acoustic_entropy_side": 7.335381031036377,
          "hz": 5139.766595350093
        },
        {
          "acoustic_entropy": 7.374655246734619,
          "acoustic_entropy_side": 7.374755859375,
          "hz": 5656.929389854203
        },
        {
          "acoustic_entropy": 7.372690200805664,
          "acoustic_entropy_side": 7.378700256347656,
          "hz": 6219.891507268283
        },
        {
          "acoustic_entropy": 7.374186038970947,
          "acoustic_entropy_side": 7.378483772277832,
          "hz": 6832.70888123896
        },
        {
          "acoustic_entropy": 7.3844146728515625,
          "acoustic_entropy_side": 7.384702205657959,
          "hz": 7499.796634079867
        },
        {
          "acoustic_entropy": 7.3858184814453125,
          "acoustic_entropy_side": 7.385817527770996,
          "hz": 8225.96088609342
        },
        {
          "acoustic_entropy": 7.38584041595459,
          "acoustic_entropy_side": 7.385837078094482,
          "hz": 9016.43338188839
        },
        {
          "acoustic_entropy": 7.385807037353516,
          "acoustic_entropy_side": 7.385807991027832,
          "hz": 9876.909183162974
        },
        {
          "acoustic_entropy": 7.3858160972595215,
          "acoustic_entropy_side": 7.385815143585205,
          "hz": 10813.587699516042
        },
        {
          "acoustic_entropy": 7.385838508605957,
          "acoustic_entropy_side": 7.385838031768799,
          "hz": 11833.21735289826
        },
        {
          "acoustic_entropy": 7.385815143585205,
          "acoustic_entropy_side": 7.385815620422363,
          "hz": 12943.144197493959
        },
        {
          "acoustic_entropy": 7.385806083679199,
          "acoustic_entropy_side": 7.385806083679199,
          "hz": 14151.364845322005
        },
        {
          "acoustic_entropy": 7.385805130004883,
          "acoustic_entropy_side": 7.385805130004883,
          "hz": 15466.58407886509
        },
        {
          "acoustic_entropy": 7.385805130004883,
          "acoustic_entropy_side": 7.385805130004883,
          "hz": 16898.27756580493
        },
        {
          "acoustic_entropy": 7.385805606842041,
          "acoustic_entropy_side": 7.385805606842041,
          "hz": 18456.760127700032
        },
        {
          "acoustic_entropy": 7.385805606842041,
          "acoustic_entropy_side": 7.385805606842041,
          "hz": 20153.260054456492
        },
        {
          "acoustic_entropy": 7.385805606842041,
          "acoustic_entropy_side": 7.385805130004883,
          "hz": 22000.00000000001
        }
      ],
      "diff_acoustic_entropy": 0.8746244311332703,
      "sn": 6
    },
    {
      "acoustic_entropy": 12.989303588867188,
      "acoustic_entropy_mono": 10.37667465209961,
      "band_eliminated_acoustic_entropies": [
        {
          "acoustic_entropy": 12.987859725952148,
          "acoustic_entropy_side": 12.987110137939453,
          "hz": 129.47220167065723
        },
        {
          "acoustic_entropy": 12.717373847961426,
          "acoustic_entropy_side": 12.787741661071777,
          "hz": 202.92927478742237
        },
        {
          "acoustic_entropy": 12.455322265625,
          "acoustic_entropy_side": 12.003254890441895,
          "hz": 282.89161906338205
        },
        {
          "acoustic_entropy": 12.088705062866211,
          "acoustic_entropy_side": 12.09520149230957,
          "hz": 369.9353335868758
        },
        {
          "acoustic_entropy": 11.96219539642334,
          "acoustic_entropy_side": 12.988703727722168,
          "hz": 464.6875360973435
        },
        {
          "acoustic_entropy": 12.096097946166992,
          "acoustic_entropy_side": 12.431853294372559,
          "hz": 567.8308811364784
        },
        {
          "acoustic_entropy": 12.96401596069336,
          "acoustic_entropy_side": 12.711503982543945,
          "hz": 680.1084783214808
        },
        {
          "acoustic_entropy": 12.515246391296387,
          "acoustic_entropy_side": 12.47314739227295,
          "hz": 802.3292461747484
        },
        {
          "acoustic_entropy": 13.170941352844238,
          "acoustic_entropy_side": 12.663517951965332,
          "hz": 935.3737400823702
        },
        {
          "acoustic_entropy": 12.41775131225586,
          "acoustic_entropy_side": 12.333328247070312,
          "hz": 1080.2004963696966
        },
        {
          "acoustic_entropy": 12.612007141113281,
          "acoustic_entropy_side": 12.470694541931152,
          "hz": 1237.8529382007157
        },
        {
          "acoustic_entropy": 13.143288612365723,
          "acoustic_entropy_side": 13.205875396728516,
          "hz": 1409.4668930556702
        },
        {
          "acoustic_entropy": 13.400178909301758,
          "acoustic_entropy_side": 13.423118591308594,
          "hz": 1596.2787759475705
        },
        {
          "acoustic_entropy": 12.378775596618652,
          "acoustic_entropy_side": 12.567176818847656,
          "hz": 1799.6344973346393
        },
        {
          "acoustic_entropy": 12.770696640014648,
          "acoustic_entropy_side": 12.455415725708008,
          "hz": 2020.9991599069049
        },
        {
          "acoustic_entropy": 12.010902404785156,
          "acoustic_entropy_side": 12.580833435058594,
          "hz": 2261.9676141086993
        },
        {
          "acoustic_entropy": 12.481602668762207,
          "acoustic_entropy_side": 12.870330810546875,
          "hz": 2524.2759484456974
        },
        {
          "acoustic_entropy": 13.040159225463867,
          "acoustic_entropy_side": 13.11076831817627,
          "hz": 2809.813997359896
        },
        {
          "acoustic_entropy": 12.800217628479004,
          "acoustic_entropy_side": 12.789365768432617,
          "hz": 3120.6389567871424
        },
        {
          "acoustic_entropy": 12.964065551757812,
          "acoustic_entropy_side": 13.008222579956055,
          "hz": 3458.990205492291
        },
        {
          "acoustic_entropy": 12.737136840820312,
          "acoustic_entropy_side": 12.617171287536621,
          "hz": 3827.305438964164
        },
        {
          "acoustic_entropy": 12.328804969787598,
          "acoustic_entropy_side": 12.661956787109375,
          "hz": 4228.238232109126
        },
        {
          "acoustic_entropy": 12.859450340270996,
          "acoustic_entropy_side": 12.867937088012695,
          "hz": 4664.6771572759235
        },
        {
          "acoustic_entropy": 12.865081787109375,
          "acoustic_entropy_side": 12.95177173614502,
          "hz": 5139.766595350093
        },
        {
          "acoustic_entropy": 12.935093879699707,
          "acoustic_entropy_side": 12.960127830505371,
          "hz": 5656.929389854203
        },
        {
          "acoustic_entropy": 12.868128776550293,
          "acoustic_entropy_side": 12.973729133605957,
          "hz": 6219.891507268283
        },
        {
          "acoustic_entropy": 13.064579963684082,
          "acoustic_entropy_side": 13.056754112243652,
          "hz": 6832.70888123896
        },
        {
          "acoustic_entropy": 12.98941421508789,
          "acoustic_entropy_side": 12.993241310119629,
          "hz": 7499.796634079867
        },
        {
          "acoustic_entropy": 12.989028930664062,
          "acoustic_entropy_side": 12.988969802856445,
          "hz": 8225.96088609342
        },
        {
          "acoustic_entropy": 12.989007949829102,
          "acoustic_entropy_side": 12.98904800415039,
          "hz": 9016.43338188839
        },
        {
          "acoustic_entropy": 12.9892578125,
          "acoustic_entropy_side": 12.989264488220215,
          "hz": 9876.909183162974
        },
        {
          "acoustic_entropy": 12.989306449890137,
          "acoustic_entropy_side": 12.989306449890137,
          "hz": 10813.587699516042
        },
        {
          "acoustic_entropy": 12.989357948303223,
          "acoustic_entropy_side": 12.989358901977539,
          "hz": 11833.21735289826
        },
        {
          "acoustic_entropy": 12.989322662353516,
          "acoustic_entropy_side": 12.989324569702148,
          "hz": 12943.144197493959
        },
        {
          "acoustic_entropy": 12.989304542541504,
          "acoustic_entropy_side": 12.989304542541504,
          "hz": 14151.364845322005
        },
        {
          "acoustic_entropy": 12.989304542541504,
          "acoustic_entropy_side": 12.989304542541504,
          "hz": 15466.58407886509
        },
        {
          "acoustic_entropy": 12.989302635192871,
          "acoustic_entropy_side": 12.989303588867188,
          "hz": 16898.27756580493
        },
        {
          "acoustic_entropy": 12.989304542541504,
          "acoustic_entropy_side": 12.989302635192871,
          "hz": 18456.760127700032
        },
        {
          "acoustic_entropy": 12.989303588867188,
          "acoustic_entropy_side": 12.98930549621582,
          "hz": 20153.260054456492
        },
        {
          "acoustic_entropy": 12.989304542541504,
          "acoustic_entropy_side": 12.989302635192871,
          "hz": 22000.00000000001
        }
      ],
      "diff_acoustic_entropy": 2.3172037601470947,
      "sn": 12
    },
    {
      "acoustic_entropy": 20.859561920166016,
      "acoustic_entropy_mono": 17.402938842773438,
      "band_eliminated_acoustic_entropies": [
        {
          "acoustic_entropy": 20.893428802490234,
          "acoustic_entropy_side": 20.8476619720459,
          "hz": 129.47220167065723
        },
        {
          "acoustic_entropy": 20.43579864501953,
          "acoustic_entropy_side": 20.5239200592041,
          "hz": 202.92927478742237
        },
        {
          "acoustic_entropy": 20.167945861816406,
          "acoustic_entropy_side": 20.56692886352539,
          "hz": 282.89161906338205
        },
        {
          "acoustic_entropy": 20.498762130737305,
          "acoustic_entropy_side": 20.654752731323242,
          "hz": 369.9353335868758
        },
        {
          "acoustic_entropy": 21.045543670654297,
          "acoustic_entropy_side": 21.463287353515625,
          "hz": 464.6875360973435
        },
        {
          "acoustic_entropy": 19.444393157958984,
          "acoustic_entropy_side": 20.898590087890625,
          "hz": 567.8308811364784
        },
        {
          "acoustic_entropy": 21.343645095825195,
          "acoustic_entropy_side": 20.5850772857666,
          "hz": 680.1084783214808
        },
        {
          "acoustic_entropy": 21.322872161865234,
          "acoustic_entropy_side": 20.92339515686035,
          "hz": 802.3292461747484
        },
        {
          "acoustic_entropy": 20.49358367919922,
          "acoustic_entropy_side": 21.089887619018555,
          "hz": 935.3737400823702
        },
        {
          "acoustic_entropy": 20.210617065429688,
          "acoustic_entropy_side": 21.664167404174805,
          "hz": 1080.2004963696966
        },
        {
          "acoustic_entropy": 21.76119041442871,
          "acoustic_entropy_side": 19.834089279174805,
          "hz": 1237.8529382007157
        },
        {
          "acoustic_entropy": 20.87918472290039,
          "acoustic_entropy_side": 20.762493133544922,
          "hz": 1409.4668930556702
        },
        {
          "acoustic_entropy": 20.280406951904297,
          "acoustic_entropy_side": 20.453514099121094,
          "hz": 1596.2787759475705
        },
        {
          "acoustic_entropy": 21.126928329467773,
          "acoustic_entropy_side": 20.899076461791992,
          "hz": 1799.6344973346393
        },
        {
          "acoustic_entropy": 21.052927017211914,
          "acoustic_entropy_side": 20.45077133178711,
          "hz": 2020.9991599069049
        },
        {
          "acoustic_entropy": 20.997814178466797,
          "acoustic_entropy_side": 20.955814361572266,
          "hz": 2261.9676141086993
        },
        {
          "acoustic_entropy": 21.50835418701172,
