{
  "acoustic_entropy": 191.40367126464844,
  "bands": [
    {
      "high_freq": 148.1999969482422,
      "loudness": -41.528282165527344,
      "loudness_range": 28.577999114990234,
      "mid_mean": -39.65242385864258,
      "mid_to_side_loudness": -5.147949695587158,
      "mid_to_side_loudness_range": 11.671277046203613,
      "side_mean": -44.66145706176758
    },
    {
      "high_freq": 392.3793640136719,
      "loudness": -35.23645782470703,
      "loudness_range": 20.835073471069336,
      "low_freq": 148.1999969482422,
      "mid_mean": -33.48149490356445,
      "mid_to_side_loudness": -3.1147379875183105,
      "mid_to_side_loudness_range": 9.41136360168457,
      "side_mean": -36.79055404663086
    },
    {
      "high_freq": 794.6976318359375,
      "loudness": -33.16793441772461,
      "loudness_range": 19.405550003051758,
      "low_freq": 392.3793640136719,
      "mid_mean": -31.68924331665039,
      "mid_to_side_loudness": -2.0551064014434814,
      "mid_to_side_loudness_range": 9.352129936218262,
      "side_mean": -33.875518798828125
    },
    {
      "high_freq": 1457.5709228515625,
      "loudness": -34.78865051269531,
      "loudness_range": 25.778284072875977,
      "low_freq": 794.6976318359375,
      "mid_mean": -33.148101806640625,
      "mid_to_side_loudness": -3.1824772357940674,
      "mid_to_side_loudness_range": 6.937750816345215,
      "side_mean": -36.609893798828125
    },
    {
      "high_freq": 2549.74365234375,
      "loudness": -37.53565216064453,
      "loudness_range": 28.433576583862305,
      "low_freq": 1457.5709228515625,
      "mid_mean": -36.15053176879883,
      "mid_to_side_loudness": -2.384293556213379,
      "mid_to_side_loudness_range": 7.280394554138184,
      "side_mean": -38.778587341308594
    },
    {
      "high_freq": 4349.24462890625,
      "loudness": -43.983558654785156,
      "loudness_range": 34.29467010498047,
      "low_freq": 2549.74365234375,
      "mid_mean": -44.01493453979492,
      "mid_to_side_loudness": -2.3747718334198,
      "mid_to_side_loudness_range": 5.160444259643555,
      "side_mean": -47.66511917114258
    },
    {
      "high_freq": 7314.1640625,
      "loudness": -47.43083953857422,
      "loudness_range": 34.524253845214844,
      "low_freq": 4349.24462890625,
      "mid_mean": -54.75006103515625,
      "mid_to_side_loudness": -2.907419443130493,
      "mid_to_side_loudness_range": 5.973599910736084,
      "side_mean": -57.06631851196289
    },
    {
      "high_freq": 12199.2666015625,
      "loudness": -47.51832580566406,
      "loudness_range": 32.845916748046875,
      "low_freq": 7314.1640625,
      "mid_mean": -58.793060302734375,
      "mid_to_side_loudness": -3.3563480377197266,
      "mid_to_side_loudness_range": 6.2422261238098145,
      "side_mean": -61.19889450073242
    },
    {
      "loudness": -52.0955810546875,
      "loudness_range": 36.406402587890625,
      "low_freq": 12199.2666015625,
      "mid_mean": -62.35147476196289,
      "mid_to_side_loudness": -3.312164068222046,
      "mid_to_side_loudness_range": 6.756481647491455,
      "side_mean": -64.42672729492188
    }
  ],
  "bands_short": [
    {
      "high_freq": 148.1999969482422,
      "loudness": -44.530277252197266,
      "loudness_range": 28.22905921936035,
      "mid_mean": -43.25407028198242,
      "mid_to_side_loudness": -5.012923240661621,
      "mid_to_side_loudness_range": 17.9324893951416,
      "side_mean": -49.5086784362793
    },
    {
      "high_freq": 392.3793640136719,
      "loudness": -35.42019271850586,
      "loudness_range": 21.834636688232422,
      "low_freq": 148.1999969482422,
      "mid_mean": -33.790218353271484,
      "mid_to_side_loudness": -3.0618414878845215,
      "mid_to_side_loudness_range": 12.091861724853516,
      "side_mean": -37.02564239501953
    },
    {
      "high_freq": 794.6976318359375,
      "loudness": -33.50801086425781,
      "loudness_range": 20.102724075317383,
      "low_freq": 392.3793640136719,
      "mid_mean": -32.169551849365234,
      "mid_to_side_loudness": -2.050208330154419,
      "mid_to_side_loudness_range": 11.971989631652832,
      "side_mean": -34.388484954833984
    },
    {
      "high_freq": 1457.5709228515625,
      "loudness": -35.22085189819336,
      "loudness_range": 27.421419143676758,
      "low_freq": 794.6976318359375,
      "mid_mean": -33.71444320678711,
      "mid_to_side_loudness": -2.875699281692505,
      "mid_to_side_loudness_range": 10.45516586303711,
      "side_mean": -36.81449508666992
    },
    {
      "high_freq": 2549.74365234375,
      "loudness": -37.91634750366211,
      "loudness_range": 28.776994705200195,
      "low_freq": 1457.5709228515625,
      "mid_mean": -36.734519958496094,
      "mid_to_side_loudness": -2.2870147228240967,
      "mid_to_side_loudness_range": 10.353094100952148,
      "side_mean": -39.312538146972656
    },
    {
      "high_freq": 4349.24462890625,
      "loudness": -44.125213623046875,
      "loudness_range": 34.71284484863281,
      "low_freq": 2549.74365234375,
      "mid_mean": -44.314903259277344,
      "mid_to_side_loudness": -2.2725422382354736,
      "mid_to_side_loudness_range": 7.859719753265381,
      "side_mean": -47.975582122802734
    },
    {
      "high_freq": 7314.1640625,
      "loudness": -47.9687614440918,
      "loudness_range": 34.7734489440918,
      "low_freq": 4349.24462890625,
      "mid_mean": -55.25053787231445,
      "mid_to_side_loudness": -2.749741554260254,
      "mid_to_side_loudness_range": 7.067404270172119,
      "side_mean": -57.432891845703125
    },
    {
      "high_freq": 12199.2666015625,
      "loudness": -49.127010345458984,
      "loudness_range": 34.18091583251953,
      "low_freq": 7314.1640625,
      "mid_mean": -59.525299072265625,
      "mid_to_side_loudness": -3.0742404460906982,
      "mid_to_side_loudness_range": 6.396214485168457,
      "side_mean": -61.69658279418945
    },
    {
      "loudness": -56.872962951660156,
      "loudness_range": 38.883235931396484,
      "low_freq": 12199.2666015625,
      "mid_mean": -63.8450813293457,
      "mid_to_side_loudness": -2.8304049968719482,
      "mid_to_side_loudness_range": 6.631438732147217,
      "side_mean": -65.46136474609375
    }
  ],
  "bandwidth": 786.6123046875,
  "channels": 2,
  "covariance": [
    [
      107.99929809570312,
      89.69528198242188,
      63.86104202270508,
      53.780799865722656,
      52.636959075927734,
      48.13511276245117,
      66.16571044921875,
      64.26541900634766,
      73.11717224121094,
      67.11751556396484,
      101.4122085571289,
      101.52462005615234,
      123.22262573242188,
      107.5576400756836,
      113.43437957763672,
      93.31118774414062,
      89.65048217773438,
      68.53888702392578
    ],
    [
      89.69528198242188,
      89.81332397460938,
      55.60963821411133,
      47.5767936706543,
      46.794891357421875,
      44.3520622253418,
      58.66059494018555,
      55.97393798828125,
      63.69658279418945,
      58.51176452636719,
      87.02608489990234,
      86.53339385986328,
      103.81065368652344,
      90.81163024902344,
      95.98048400878906,
      79.237548828125,
      76.57858276367188,
      58.82839584350586
    ],
    [
      63.86104202270508,
      55.60963821411133,
      65.53113555908203,
      52.93655776977539,
      45.206512451171875,
      43.966426849365234,
      50.50086212158203,
      52.4664192199707,
      54.431026458740234,
      51.89672088623047,
      71.69416046142578,
      76.59680938720703,
      91.10010528564453,
      79.6695556640625,
      81.15982818603516,
      66.92733764648438,
      63.3610725402832,
      48.66474533081055
    ],
    [
      53.780799865722656,
      47.5767936706543,
      52.93655776977539,
      55.599246978759766,
      41.77537155151367,
      40.26002502441406,
      44.0154914855957,
      45.71878433227539,
      47.53957748413086,
      45.77240753173828,
      62.502315521240234,
      66.79419708251953,
      79.34124755859375,
      69.10234069824219,
      69.97809600830078,
      57.438228607177734,
      53.75950622558594,
      41.110294342041016
    ],
    [
      52.636959075927734,
      46.794891357421875,
      45.206512451171875,
      41.77537155151367,
      55.228763580322266,
      46.58751678466797,
      55.15004348754883,
      55.94724655151367,
      59.32672119140625,
      55.729156494140625,
      70.53848266601562,
      76.60979461669922,
      82.49321746826172,
      72.47189331054688,
      71.53258514404297,
      59.05760192871094,
      54.88852310180664,
      42.2914924621582
    ],
    [
      48.13511276245117,
      44.3520622253418,
      43.966426849365234,
      40.26002502441406,
      46.58751678466797,
      49.7203369140625,
      51.876243591308594,
      53.345794677734375,
      52.63370895385742,
      50.75080490112305,
      63.30701446533203,
      69.36929321289062,
      74.28285217285156,
      65.5411605834961,
      63.24662780761719,
      52.232688903808594,
      48.00718688964844,
      37.02116775512695
    ],
    [
      66.16571044921875,
      58.66059494018555,
      50.50086212158203,
      44.0154914855957,
      55.15004348754883,
      51.876243591308594,
      85.32101440429688,
      79.83098602294922,
      77.80350494384766,
      73.30235290527344,
      91.54346466064453,
      95.8960952758789,
      100.074462890625,
      88.230712890625,
      85.24000549316406,
      70.40232849121094,
      64.65196990966797,
      49.72990798950195
    ],
    [
      64.26541900634766,
      55.97393798828125,
      52.4664192199707,
      45.71878433227539,
      55.94724655151367,
      53.345794677734375,
      79.83098602294922,
      87.35606384277344,
      79.02287292480469,
      75.65082550048828,
      92.95222473144531,
      99.45706176757812,
      100.17113494873047,
      88.43902587890625,
      84.09765625,
      69.30777740478516,
      63.17790603637695,
      48.496055603027344
    ],
    [
      73.11717224121094,
      63.69658279418945,
      54.431026458740234,
      47.53957748413086,
      59.32672119140625,
      52.63370895385742,
      77.80350494384766,
      79.02287292480469,
      105.71088409423828,
      93.89729309082031,
      117.67484283447266,
      119.73040008544922,
      126.02945709228516,
      111.63796997070312,
      109.27820587158203,
      90.4928970336914,
      83.36378479003906,
      63.97708511352539
    ],
    [
      67.11751556396484,
      58.51176452636719,
      51.89672088623047,
      45.77240753173828,
      55.729156494140625,
      50.75080490112305,
      73.30235290527344,
      75.65082550048828,
      93.89729309082031,
      92.18268585205078,
      107.76910400390625,
      111.4118423461914,
      115.80964660644531,
      102.79415130615234,
      99.22889709472656,
      82.10612487792969,
      75.32792663574219,
      57.90985870361328
    ],
    [
      101.4122085571289,
      87.02608489990234,
      71.69416046142578,
      62.502315521240234,
      70.53848266601562,
      63.30701446533203,
      91.54346466064453,
      92.95222473144531,
      117.67484283447266,
      107.76910400390625,
      171.43128967285156,
      160.52685546875,
      182.9583740234375,
      161.05154418945312,
      163.56759643554688,
      134.89915466308594,
      124.93265533447266,
      95.31454467773438
    ],
    [
      101.52462005615234,
      86.53339385986328,
      76.59680938720703,
      66.79419708251953,
      76.60979461669922,
      69.36929321289062,
      95.8960952758789,
      99.45706176757812,
      119.73040008544922,
      111.4118423461914,
      160.52685546875,
      170.84933471679688,
      181.89486694335938,
      159.9943084716797,
      158.7977294921875,
      130.5699920654297,
      119.64266204833984,
      90.98481750488281
    ],
    [
      123.22262573242188,
      103.81065368652344,
      91.10010528564453,
      79.34124755859375,
      82.49321746826172,
      74.28285217285156,
      100.074462890625,
      100.17113494873047,
      126.02945709228516,
      115.80964660644531,
      182.9583740234375,
      181.89486694335938,
      224.33140563964844,
      195.7611541748047,
      203.81790161132812,
      167.16815185546875,
      156.99554443359375,
      119.48565673828125
    ],
    [
      107.5576400756836,
      90.81163024902344,
      79.6695556640625,
      69.10234069824219,
      72.47189331054688,
      65.5411605834961,
      88.230712890625,
      88.43902587890625,
      111.63796997070312,
      102.79415130615234,
      161.05154418945312,
      159.9943084716797,
      195.7611541748047,
      172.21116638183594,
      178.4862823486328,
      147.0733642578125,
      137.19979858398438,
      104.78497314453125
    ],
    [
      113.43437957763672,
      95.98048400878906,
      81.15982818603516,
      69.97809600830078,
      71.53258514404297,
      63.24662780761719,
      85.24000549316406,
      84.09765625,
      109.27820587158203,
      99.22889709472656,
      163.56759643554688,
      158.7977294921875,
      203.81790161132812,
      178.4862823486328,
      197.545166015625,
      163.4973907470703,
      160.77584838867188,
      124.20393371582031
    ],
    [
      93.31118774414062,
      79.237548828125,
      66.92733764648438,
      57.438228607177734,
      59.05760192871094,
      52.232688903808594,
      70.40232849121094,
      69.30777740478516,
      90.4928970336914,
      82.10612487792969,
      134.89915466308594,
      130.5699920654297,
      167.16815185546875,
      147.0733642578125,
      163.4973907470703,
      136.560546875,
      134.19947814941406,
      104.6939468383789
    ],
    [
      89.65048217773438,
      76.57858276367188,
      63.3610725402832,
      53.75950622558594,
      54.88852310180664,
      48.00718688964844,
      64.65196990966797,
      63.17790603637695,
      83.36378479003906,
      75.32792663574219,
      124.93265533447266,
      119.64266204833984,
      156.99554443359375,
      137.19979858398438,
      160.77584838867188,
      134.19947814941406,
      147.35543823242188,
      116.21088409423828
    ],
    [
      68.53888702392578,
      58.82839584350586,
      48.66474533081055,
      41.110294342041016,
      42.2914924621582,
      37.02116775512695,
      49.72990798950195,
      48.496055603027344,
      63.97708511352539,
      57.90985870361328,
      95.31454467773438,
      90.98481750488281,
      119.48565673828125,
      104.78497314453125,
      124.20393371582031,
      104.6939468383789,
      116.21088409423828,
      93.27742767333984
    ]
  ],
  "covariance_short": [
    [
      111.30694580078125,
      81.43589782714844,
      63.015010833740234,
      53.84111022949219,
      49.84651565551758,
      44.3065071105957,
      64.05358123779297,
      62.441932678222656,
      69.18193054199219,
      63.789913177490234,
      93.7147216796875,
      95.43766021728516,
      113.2338638305664,
      100.15390014648438,
      101.4760971069336,
      84.552490234375,
      70.25410461425781,
      55.00187683105469
    ],
    [
      81.43589782714844,
      109.16165924072266,
      60.070533752441406,
      54.59691619873047,
      50.33372497558594,
      46.387916564941406,
      55.00774002075195,
      53.51919174194336,
      59.0418815612793,
      54.45964431762695,
      77.15758514404297,
      81.998779296875,
      96.8553237915039,
      85.5510482788086,
      84.42516326904297,
      70.454345703125,
      57.37596893310547,
      45.2556266784668
    ],
    [
      63.015010833740234,
      60.070533752441406,
      69.03857421875,
      53.746421813964844,
      45.704193115234375,
      43.27366256713867,
      53.17957305908203,
      53.208526611328125,
      54.694610595703125,
      51.695167541503906,
      71.99374389648438,
      77.01165008544922,
      90.00740814208984,
      79.0284194946289,
      78.41246032714844,
      65.05152893066406,
      54.237056732177734,
      42.448631286621094
    ],
    [
      53.84111022949219,
      54.59691619873047,
      53.746421813964844,
      58.38572692871094,
      41.02760314941406,
      39.89833450317383,
      46.77002716064453,
      47.06555938720703,
      47.4484977722168,
      45.85963439941406,
      62.2548713684082,
      66.68923950195312,
      78.20890808105469,
      68.78443145751953,
      67.36564636230469,
      56.069053649902344,
      45.53033447265625,
      35.92707443237305
    ],
    [
      49.84651565551758,
      50.33372497558594,
      45.704193115234375,
      41.02760314941406,
      58.52926254272461,
      45.779109954833984,
      55.66374588012695,
      55.98523712158203,
      58.28102493286133,
      55.46907424926758,
      70.29432678222656,
      75.71473693847656,
      79.4909439086914,
      70.24158477783203,
      66.56268310546875,
      55.462406158447266,
      44.39665985107422,
      35.02954864501953
    ],
    [
      44.3065071105957,
      46.387916564941406,
      43.27366256713867,
      39.89833450317383,
      45.779109954833984,
      51.84197998046875,
      51.154441833496094,
      52.59619903564453,
      51.21012878417969,
      49.96175003051758,
      62.40574645996094,
      67.8458251953125,
      70.7024917602539,
      62.915069580078125,
      57.96060562133789,
      48.52973556518555,
      37.40668487548828,
      29.766145706176758
    ],
    [
      64.05358123779297,
      55.00774002075195,
      53.17957305908203,
      46.77002716064453,
      55.66374588012695,
      51.154441833496094,
      91.7264633178711,
      80.30879211425781,
      79.12887573242188,
      74.41192626953125,
      91.72877502441406,
      97.62374877929688,
      98.9136734008789,
      87.71483612060547,
      81.07422637939453,
      67.60135650634766,
      52.728515625,
      41.582645416259766
    ],
    [
      62.441932678222656,
      53.51919174194336,
      53.208526611328125,
      47.06555938720703,
      55.98523712158203,
      52.59619903564453,
      80.30879211425781,
      88.57674407958984,
      77.9968032836914,
      74.84119415283203,
      91.47349548339844,
      98.81377410888672,
      97.21678924560547,
      86.44579315185547,
      78.73919677734375,
      65.67745208740234,
      50.44878387451172,
      39.8600959777832
    ],
    [
      69.18193054199219,
      59.0418815612793,
      54.694610595703125,
      47.4484977722168,
      58.28102493286133,
      51.21012878417969,
      79.12887573242188,
      77.9968032836914,
      108.57376098632812,
      93.368896484375,
      117.99239349365234,
      119.24190521240234,
      123.17424774169922,
      109.54956817626953,
      103.23245239257812,
      86.268310546875,
      68.07333374023438,
      53.51092529296875
    ],
    [
      63.789913177490234,
      54.45964431762695,
      51.695167541503906,
      45.85963439941406,
      55.46907424926758,
      49.96175003051758,
      74.41192626953125,
      74.84119415283203,
      93.368896484375,
      95.90660858154297,
      108.41960906982422,
      111.94302368164062,
      113.78669738769531,
      101.69281768798828,
      94.37045288085938,
      79.04646301269531,
      61.37607192993164,
      48.473480224609375
    ],
    [
      93.7147216796875,
      77.15758514404297,
      71.99374389648438,
      62.2548713684082,
      70.29432678222656,
      62.40574645996094,
      91.72877502441406,
      91.47349548339844,
      117.99239349365234,
      108.41960906982422,
      172.67942810058594,
      159.7930450439453,
      179.57147216796875,
      158.78326416015625,
      155.3131866455078,
      129.15379333496094,
      103.5040283203125,
      80.54893493652344
    ],
    [
      95.43766021728516,
      81.998779296875,
      77.01165008544922,
      66.68923950195312,
      75.71473693847656,
      67.8458251953125,
      97.62374877929688,
      98.81377410888672,
      119.24190521240234,
      111.94302368164062,
      159.7930450439453,
      172.7757568359375,
      178.45663452148438,
      158.0184326171875,
      150.34495544433594,
      124.94043731689453,
      97.78474426269531,
      76.03640747070312
    ],
    [
      113.2338638305664,
      96.8553237915039,
      90.00740814208984,
      78.20890808105469,
      79.4909439086914,
      70.7024917602539,
      98.9136734008789,
      97.21678924560547,
      123.17424774169922,
      113.78669738769531,
      179.57147216796875,
      178.45663452148438,
      218.0238494873047,
      190.70529174804688,
      192.2715301513672,
      158.79681396484375,
      130.02511596679688,
      100.66010284423828
    ],
    [
      100.15390014648438,
      85.5510482788086,
      79.0284194946289,
      68.78443145751953,
      70.24158477783203,
      62.915069580078125,
      87.71483612060547,
      86.44579315185547,
      109.54956817626953,
      101.69281768798828,
      158.78326416015625,
      158.0184326171875,
      190.70529174804688,
      169.23936462402344,
      168.9253692626953,
      140.5941619873047,
      113.3448486328125,
      88.44486236572266
    ],
    [
      101.4760971069336,
      84.42516326904297,
      78.41246032714844,
      67.36564636230469,
      66.56268310546875,
      57.96060562133789,
      81.07422637939453,
      78.73919677734375,
      103.23245239257812,
      94.37045288085938,
      155.3131866455078,
      150.34495544433594,
      192.2715301513672,
      168.9253692626953,
      182.4371795654297,
      151.6393585205078,
      131.3308868408203,
      103.14393615722656
    ],
    [
      84.552490234375,
      70.454345703125,
      65.05152893066406,
      56.069053649902344,
      55.462406158447266,
      48.52973556518555,
      67.60135650634766,
      65.67745208740234,
      86.268310546875,
      79.04646301269531,
      129.15379333496094,
      124.94043731689453,
      158.79681396484375,
      140.5941619873047,
      151.6393585205078,
      127.95623779296875,
      109.46854400634766,
      87.43354034423828
    ],
    [
      70.25410461425781,
      57.37596893310547,
      54.237056732177734,
      45.53033447265625,
      44.39665985107422,
      37.40668487548828,
      52.728515625,
      50.44878387451172,
      68.07333374023438,
      61.37607192993164,
      103.5040283203125,
      97.78474426269531,
      130.02511596679688,
      113.3448486328125,
      131.3308868408203,
      109.46854400634766,
      109.54166412353516,
      87.40428924560547
    ],
    [
      55.00187683105469,
      45.2556266784668,
      42.448631286621094,
      35.92707443237305,
      35.02954864501953,
      29.766145706176758,
      41.582645416259766,
      39.8600959777832,
      53.51092529296875,
      48.473480224609375,
      80.54893493652344,
      76.03640747070312,
      100.66010284423828,
      88.44486236572266,
      103.14393615722656,
      87.43354034423828,
      87.40428924560547,
      72.2665023803711
    ]
  ],
  "damage": -16.80052947998047,
  "diff_bandwidth": 819.451171875,
  "dissonance": 8.761447467863285,
  "drr": 6.789847373962402,
  "dynamics": 6.649974346160889,
  "format": 1245190,
  "frames": 17571840,
  "loudness": -23.425451278686523,
  "loudness_range": 22.091846466064453,
  "loudness_range_short": 22.48642349243164,
  "lowpass_true_peak_15khz": 0.03440050780773163,
  "mastering3_acoustic_entropies": [
    {
      "acoustic_entropy": 4.827914237976074,
      "acoustic_entropy_mono": 5.043081760406494,
      "band_eliminated_acoustic_entropies": [
        {
          "acoustic_entropy": 4.8175506591796875,
          "acoustic_entropy_side": 4.826169490814209,
          "hz": 129.47220167065723
        },
        {
          "acoustic_entropy": 4.384949207305908,
          "acoustic_entropy_side": 4.741622447967529,
          "hz": 202.92927478742237
        },
        {
          "acoustic_entropy": 4.519514560699463,
          "acoustic_entropy_side": 4.709652900695801,
          "hz": 282.89161906338205
        },
        {
          "acoustic_entropy": 4.43302059173584,
          "acoustic_entropy_side": 4.776743412017822,
          "hz": 369.9353335868758
        },
        {
          "acoustic_entropy": 4.761839389801025,
          "acoustic_entropy_side": 4.924139022827148,
          "hz": 464.6875360973435
        },
        {
          "acoustic_entropy": 4.872737407684326,
          "acoustic_entropy_side": 4.771052360534668,
          "hz": 567.8308811364784
        },
        {
          "acoustic_entropy": 4.5085835456848145,
          "acoustic_entropy_side": 4.739745140075684,
          "hz": 680.1084783214808
        },
        {
          "acoustic_entropy": 5.020862102508545,
          "acoustic_entropy_side": 5.082686901092529,
          "hz": 802.3292461747484
        },
        {
          "acoustic_entropy": 4.451076507568359,
          "acoustic_entropy_side": 4.707951545715332,
          "hz": 935.3737400823702
        },
        {
          "acoustic_entropy": 4.844273567199707,
          "acoustic_entropy_side": 4.628141403198242,
          "hz": 1080.2004963696966
        },
        {
          "acoustic_entropy": 5.043619155883789,
          "acoustic_entropy_side": 4.788148880004883,
          "hz": 1237.8529382007157
        },
        {
          "acoustic_entropy": 4.768310546875,
          "acoustic_entropy_side": 4.400240898132324,
          "hz": 1409.4668930556702
        },
        {
          "acoustic_entropy": 4.507684230804443,
          "acoustic_entropy_side": 4.885494232177734,
          "hz": 1596.2787759475705
        },
        {
          "acoustic_entropy": 4.545837879180908,
          "acoustic_entropy_side": 4.801189422607422,
          "hz": 1799.6344973346393
        },
        {
          "acoustic_entropy": 4.687108516693115,
          "acoustic_entropy_side": 4.666841506958008,
          "hz": 2020.9991599069049
        },
        {
          "acoustic_entropy": 4.903321266174316,
          "acoustic_entropy_side": 4.928812503814697,
          "hz": 2261.9676141086993
        },
        {
          "acoustic_entropy": 4.727667331695557,
          "acoustic_entropy_side": 4.7894392013549805,
          "hz": 2524.2759484456974
        },
        {
          "acoustic_entropy": 4.887880325317383,
          "acoustic_entropy_side": 4.8519673347473145,
          "hz": 2809.813997359896
        },
        {
          "acoustic_entropy": 4.790780067443848,
          "acoustic_entropy_side": 4.8138275146484375,
          "hz": 3120.6389567871424
        },
        {
          "acoustic_entropy": 4.855172634124756,
          "acoustic_entropy_side": 4.83986759185791,
          "hz": 3458.990205492291
        },
        {
          "acoustic_entropy": 4.8466410636901855,
          "acoustic_entropy_side": 4.830419540405273,
          "hz": 3827.305438964164
        },
        {
          "acoustic_entropy": 4.850992202758789,
          "acoustic_entropy_side": 4.832033634185791,
          "hz": 4228.238232109126
        },
        {
          "acoustic_entropy": 4.899584770202637,
          "acoustic_entropy_side": 4.8543477058410645,
          "hz": 4664.6771572759235
        },
        {
          "acoustic_entropy": 4.8861846923828125,
          "acoustic_entropy_side": 4.845878601074219,
          "hz": 5139.766595350093
        },
        {
          "acoustic_entropy": 4.888034343719482,
          "acoustic_entropy_side": 4.846035003662109,
          "hz": 5656.929389854203
        },
        {
          "acoustic_entropy": 4.884876728057861,
          "acoustic_entropy_side": 4.848062038421631,
          "hz": 6219.891507268283
        },
        {
          "acoustic_entropy": 4.882394313812256,
          "acoustic_entropy_side": 4.844123840332031,
          "hz": 6832.70888123896
        },
        {
          "acoustic_entropy": 4.8813042640686035,
          "acoustic_entropy_side": 4.843701362609863,
          "hz": 7499.796634079867
        },
        {
          "acoustic_entropy": 4.873088359832764,
          "acoustic_entropy_side": 4.842209339141846,
          "hz": 8225.96088609342
        },
        {
          "acoustic_entropy": 4.854998588562012,
          "acoustic_entropy_side": 4.838119029998779,
          "hz": 9016.43338188839
        },
        {
          "acoustic_entropy": 4.845970630645752,
          "acoustic_entropy_side": 4.835910797119141,
          "hz": 9876.909183162974
        },
        {
          "acoustic_entropy": 4.834394454956055,
          "acoustic_entropy_side": 4.832065582275391,
          "hz": 10813.587699516042
        },
        {
          "acoustic_entropy": 4.829104900360107,
          "acoustic_entropy_side": 4.826590538024902,
          "hz": 11833.21735289826
        },
        {
          "acoustic_entropy": 4.815481185913086,
          "acoustic_entropy_side": 4.828595161437988,
          "hz": 12943.144197493959
        },
        {
          "acoustic_entropy": 4.735207557678223,
          "acoustic_entropy_side": 4.831146240234375,
          "hz": 14151.364845322005
        },
        {
          "acoustic_entropy": 4.810818195343018,
          "acoustic_entropy_side": 4.829947471618652,
          "hz": 15466.58407886509
        },
        {
          "acoustic_entropy": 4.830593109130859,
          "acoustic_entropy_side": 4.827984809875488,
          "hz": 16898.27756580493
        },
        {
          "acoustic_entropy": 4.834071636199951,
          "acoustic_entropy_side": 4.827107906341553,
          "hz": 18456.760127700032
        },
        {
          "acoustic_entropy": 4.837705612182617,
          "acoustic_entropy_side": 4.8261542320251465,
          "hz": 20153.260054456492
        },
        {
          "acoustic_entropy": 4.8271403312683105,
          "acoustic_entropy_side": 4.827683925628662,
          "hz": 22000.00000000001
        }
      ],
      "diff_acoustic_entropy": 2.629598379135132,
      "sn": 6
    },
    {
      "acoustic_entropy": 8.33543872833252,
      "acoustic_entropy_mono": 8.4814453125,
      "band_eliminated_acoustic_entropies": [
        {
          "acoustic_entropy": 8.28853702545166,
          "acoustic_entropy_side": 8.330248832702637,
          "hz": 129.47220167065723
        },
        {
          "acoustic_entropy": 8.469868659973145,
          "acoustic_entropy_side": 8.247872352600098,
          "hz": 202.92927478742237
        },
        {
          "acoustic_entropy": 7.99552583694458,
          "acoustic_entropy_side": 8.175856590270996,
          "hz": 282.89161906338205
        },
        {
          "acoustic_entropy": 8.48524284362793,
          "acoustic_entropy_side": 8.363402366638184,
          "hz": 369.9353335868758
        },
        {
          "acoustic_entropy": 8.197392463684082,
          "acoustic_entropy_side": 8.354864120483398,
          "hz": 464.6875360973435
        },
        {
          "acoustic_entropy": 8.893354415893555,
          "acoustic_entropy_side": 8.428255081176758,
          "hz": 567.8308811364784
        },
        {
          "acoustic_entropy": 8.455426216125488,
          "acoustic_entropy_side": 8.295661926269531,
          "hz": 680.1084783214808
        },
        {
          "acoustic_entropy": 8.612948417663574,
          "acoustic_entropy_side": 8.291013717651367,
          "hz": 802.3292461747484
        },
        {
          "acoustic_entropy": 8.17349910736084,
          "acoustic_entropy_side": 8.805522918701172,
          "hz": 935.3737400823702
        },
        {
          "acoustic_entropy": 8.411203384399414,
          "acoustic_entropy_side": 8.543535232543945,
          "hz": 1080.2004963696966
        },
        {
          "acoustic_entropy": 8.745704650878906,
          "acoustic_entropy_side": 8.696250915527344,
          "hz": 1237.8529382007157
        },
        {
          "acoustic_entropy": 8.129016876220703,
          "acoustic_entropy_side": 8.477988243103027,
          "hz": 1409.4668930556702
        },
        {
          "acoustic_entropy": 8.00245475769043,
          "acoustic_entropy_side": 8.209358215332031,
          "hz": 1596.2787759475705
        },
        {
          "acoustic_entropy": 8.667369842529297,
          "acoustic_entropy_side": 8.863539695739746,
          "hz": 1799.6344973346393
        },
        {
          "acoustic_entropy": 7.818979263305664,
          "acoustic_entropy_side": 8.036745071411133,
          "hz": 2020.9991599069049
        },
        {
          "acoustic_entropy": 8.448816299438477,
          "acoustic_entropy_side": 8.369412422180176,
          "hz": 2261.9676141086993
        },
        {
          "acoustic_entropy": 8.213785171508789,
          "acoustic_entropy_side": 8.284423828125,
          "hz": 2524.2759484456974
        },
        {
          "acoustic_entropy": 8.416847229003906,
          "acoustic_entropy_side": 8.381546020507812,
          "hz": 2809.813997359896
        },
        {
          "acoustic_entropy": 7.92897367477417,
          "acoustic_entropy_side": 8.18630599975586,
          "hz": 3120.6389567871424
        },
        {
          "acoustic_entropy": 8.485843658447266,
          "acoustic_entropy_side": 8.465813636779785,
          "hz": 3458.990205492291
        },
        {
          "acoustic_entropy": 8.273682594299316,
          "acoustic_entropy_side": 8.277877807617188,
          "hz": 3827.305438964164
        },
        {
          "acoustic_entropy": 8.39526081085205,
          "acoustic_entropy_side": 8.365985870361328,
          "hz": 4228.238232109126
        },
        {
          "acoustic_entropy": 8.344476699829102,
          "acoustic_entropy_side": 8.362278938293457,
          "hz": 4664.6771572759235
        },
        {
          "acoustic_entropy": 8.429468154907227,
          "acoustic_entropy_side": 8.374951362609863,
          "hz": 5139.766595350093
        },
        {
          "acoustic_entropy": 8.402965545654297,
          "acoustic_entropy_side": 8.36308765411377,
          "hz": 5656.929389854203
        },
        {
          "acoustic_entropy": 8.405921936035156,
          "acoustic_entropy_side": 8.359599113464355,
          "hz": 6219.891507268283
        },
        {
          "acoustic_entropy": 8.437459945678711,
          "acoustic_entropy_side": 8.359936714172363,
          "hz": 6832.70888123896
        },
        {
          "acoustic_entropy": 8.455381393432617,
          "acoustic_entropy_side": 8.360992431640625,
          "hz": 7499.796634079867
        },
        {
          "acoustic_entropy": 8.44558048248291,
          "acoustic_entropy_side": 8.358688354492188,
          "hz": 8225.96088609342
        },
        {
          "acoustic_entropy": 8.409634590148926,
          "acoustic_entropy_side": 8.338390350341797,
          "hz": 9016.43338188839
        },
        {
          "acoustic_entropy": 8.390586853027344,
          "acoustic_entropy_side": 8.328428268432617,
          "hz": 9876.909183162974
        },
        {
          "acoustic_entropy": 8.352088928222656,
          "acoustic_entropy_side": 8.318163871765137,
          "hz": 10813.587699516042
        },
        {
          "acoustic_entropy": 8.315866470336914,
          "acoustic_entropy_side": 8.310688972473145,
          "hz": 11833.21735289826
        },
        {
          "acoustic_entropy": 8.246842384338379,
          "acoustic_entropy_side": 8.297575950622559,
          "hz": 12943.144197493959
        },
        {
          "acoustic_entropy": 8.216313362121582,
          "acoustic_entropy_side": 8.318343162536621,
          "hz": 14151.364845322005
        },
        {
          "acoustic_entropy": 8.281319618225098,
          "acoustic_entropy_side": 8.32750415802002,
          "hz": 15466.58407886509
        },
        {
          "acoustic_entropy": 8.327919006347656,
          "acoustic_entropy_side": 8.334908485412598,
          "hz": 16898.27756580493
        },
        {
          "acoustic_entropy": 8.348226547241211,
          "acoustic_entropy_side": 8.34213924407959,
          "hz": 18456.760127700032
        },
        {
          "acoustic_entropy": 8.359724998474121,
          "acoustic_entropy_side": 8.34593677520752,
          "hz": 20153.260054456492
        },
        {
          "acoustic_entropy": 8.348012924194336,
          "acoustic_entropy_side": 8.339405059814453,
          "hz": 22000.00000000001
        }
      ],
      "diff_acoustic_entropy": 4.883578777313232,
      "sn": 12
    },
    {
      "acoustic_entropy": 15.924383163452148,
      "acoustic_entropy_mono": 16.158447265625,
      "band_eliminated_acoustic_entropies": [
        {
          "acoustic_entropy": 16.04766082763672,
          "acoustic_entropy_side": 15.801368713378906,
          "hz": 129.47220167065723
        },
        {
          "acoustic_entropy": 15.811822891235352,
          "acoustic_entropy_side": 15.56607437133789,
          "hz": 202.92927478742237
        },
        {
          "acoustic_entropy": 16.629257202148438,
          "acoustic_entropy_side": 16.50065803527832,
          "hz": 282.89161906338205
        },
        {
          "acoustic_entropy": 16.666257858276367,
          "acoustic_entropy_side": 16.446758270263672,
          "hz": 369.9353335868758
        },
        {
          "acoustic_entropy": 16.0008487701416,
          "acoustic_entropy_side": 15.821577072143555,
          "hz": 464.6875360973435
        },
        {
          "acoustic_entropy": 16.776216506958008,
          "acoustic_entropy_side": 16.7286376953125,
          "hz": 567.8308811364784
        },
        {
          "acoustic_entropy": 16.55390739440918,
          "acoustic_entropy_side": 16.246549606323242,
          "hz": 680.1084783214808
        },
        {
          "acoustic_entropy": 16.527376174926758,
          "acoustic_entropy_side": 16.825132369995117,
          "hz": 802.3292461747484
        },
        {
          "acoustic_entropy": 16.83260154724121,
          "acoustic_entropy_side": 16.835237503051758,
          "hz": 935.3737400823702
        },
        {
          "acoustic_entropy": 15.682519912719727,
          "acoustic_entropy_side": 15.823552131652832,
          "hz": 1080.2004963696966
        },
        {
          "acoustic_entropy": 15.80978012084961,
          "acoustic_entropy_side": 16.040287017822266,
          "hz": 1237.8529382007157
        },
        {
          "acoustic_entropy": 16.380325317382812,
          "acoustic_entropy_side": 15.827997207641602,
          "hz": 1409.4668930556702
        },
        {
          "acoustic_entropy": 15.674190521240234,
          "acoustic_entropy_side": 16.400178909301758,
          "hz": 1596.2787759475705
        },
        {
          "acoustic_entropy": 15.759092330932617,
          "acoustic_entropy_side": 16.750152587890625,
          "hz": 1799.6344973346393
        },
        {
          "acoustic_entropy": 15.61528205871582,
          "acoustic_entropy_side": 16.765819549560547,
          "hz": 2020.9991599069049
        },
        {
          "acoustic_entropy": 16.35541343688965,
          "acoustic_entropy_side": 16.094560623168945,
          "hz": 2261.9676141086993
        },
        {
          "acoustic_entropy": 15.365646362304688,
          "acoustic_entropy_side": 15.808652877807617,
          "hz": 2524.2759484456974
        },
        {
          "acoustic_entropy": 16.161548614501953,
          "acoustic_entropy_side": 15.964933395385742,
          "hz": 2809.813997359896
        },
        {
          "acoustic_entropy": 15.733830451965332,
          "acoustic_entropy_side": 15.616354942321777,
          "hz": 3120.6389567871424
        },
        {
          "acoustic_entropy": 16.30167579650879,
          "acoustic_entropy_side": 16.36042594909668,
          "hz": 3458.990205492291
        },
        {
          "acoustic_entropy": 15.77514362335205,
