{
  "acoustic_entropy": 187.27455139160156,
  "bands": [
    {
      "high_freq": 148.1999969482422,
      "loudness": -30.848495483398438,
      "loudness_range": 15.085798263549805,
      "mid_mean": -27.386011123657227,
      "mid_to_side_loudness": -14.087809562683105,
      "mid_to_side_loudness_range": 13.827433586120605,
      "side_mean": -41.85350799560547
    },
    {
      "high_freq": 392.3793640136719,
      "loudness": -20.56423568725586,
      "loudness_range": 6.273284912109375,
      "low_freq": 148.1999969482422,
      "mid_mean": -17.195384979248047,
      "mid_to_side_loudness": -13.488993644714355,
      "mid_to_side_loudness_range": 8.23476791381836,
      "side_mean": -31.36045265197754
    },
    {
      "high_freq": 794.6976318359375,
      "loudness": -23.536951065063477,
      "loudness_range": 8.124689102172852,
      "low_freq": 392.3793640136719,
      "mid_mean": -20.139474868774414,
      "mid_to_side_loudness": -12.276007652282715,
      "mid_to_side_loudness_range": 8.149587631225586,
      "side_mean": -32.93710708618164
    },
    {
      "high_freq": 1457.5709228515625,
      "loudness": -26.91040802001953,
      "loudness_range": 8.355588912963867,
      "low_freq": 794.6976318359375,
      "mid_mean": -23.58894920349121,
      "mid_to_side_loudness": -11.433454513549805,
      "mid_to_side_loudness_range": 9.268211364746094,
      "side_mean": -35.445796966552734
    },
    {
      "high_freq": 2549.74365234375,
      "loudness": -28.514978408813477,
      "loudness_range": 8.296030044555664,
      "low_freq": 1457.5709228515625,
      "mid_mean": -25.054452896118164,
      "mid_to_side_loudness": -12.750929832458496,
      "mid_to_side_loudness_range": 8.949102401733398,
      "side_mean": -38.30165100097656
    },
    {
      "high_freq": 4349.24462890625,
      "loudness": -32.17551040649414,
      "loudness_range": 10.891483306884766,
      "low_freq": 2549.74365234375,
      "mid_mean": -28.775497436523438,
      "mid_to_side_loudness": -13.138381958007812,
      "mid_to_side_loudness_range": 11.150449752807617,
      "side_mean": -42.5048713684082
    },
    {
      "high_freq": 7314.1640625,
      "loudness": -37.931884765625,
      "loudness_range": 12.969472885131836,
      "low_freq": 4349.24462890625,
      "mid_mean": -34.5374755859375,
      "mid_to_side_loudness": -12.828412055969238,
      "mid_to_side_loudness_range": 10.426681518554688,
      "side_mean": -48.042518615722656
    },
    {
      "high_freq": 12199.2666015625,
      "loudness": -41.02949523925781,
      "loudness_range": 9.777717590332031,
      "low_freq": 7314.1640625,
      "mid_mean": -37.68745803833008,
      "mid_to_side_loudness": -11.55172061920166,
      "mid_to_side_loudness_range": 8.2138032913208,
      "side_mean": -50.57017517089844
    },
    {
      "loudness": -43.18446731567383,
      "loudness_range": 8.558021545410156,
      "low_freq": 12199.2666015625,
      "mid_mean": -39.96901321411133,
      "mid_to_side_loudness": -11.655654907226562,
      "mid_to_side_loudness_range": 8.684443473815918,
      "side_mean": -52.714134216308594
    }
  ],
  "bands_short": [
    {
      "high_freq": 148.1999969482422,
      "loudness": -36.91973114013672,
      "loudness_range": 20.045093536376953,
      "mid_mean": -33.83436965942383,
      "mid_to_side_loudness": -15.192038536071777,
      "mid_to_side_loudness_range": 17.68790054321289,
      "side_mean": -50.46128463745117
    },
    {
      "high_freq": 392.3793640136719,
      "loudness": -20.862567901611328,
      "loudness_range": 8.47695541381836,
      "low_freq": 148.1999969482422,
      "mid_mean": -17.427019119262695,
      "mid_to_side_loudness": -13.915267944335938,
      "mid_to_side_loudness_range": 11.583864212036133,
      "side_mean": -31.99130630493164
    },
    {
      "high_freq": 794.6976318359375,
      "loudness": -23.295143127441406,
      "loudness_range": 9.791986465454102,
      "low_freq": 392.3793640136719,
      "mid_mean": -20.0004825592041,
      "mid_to_side_loudness": -12.22901725769043,
      "mid_to_side_loudness_range": 11.668469429016113,
      "side_mean": -32.70838165283203
    },
    {
      "high_freq": 1457.5709228515625,
      "loudness": -27.134262084960938,
      "loudness_range": 11.540706634521484,
      "low_freq": 794.6976318359375,
      "mid_mean": -23.847557067871094,
      "mid_to_side_loudness": -11.4522123336792,
      "mid_to_side_loudness_range": 11.933734893798828,
      "side_mean": -35.78406524658203
    },
    {
      "high_freq": 2549.74365234375,
      "loudness": -29.051828384399414,
      "loudness_range": 10.631071090698242,
      "low_freq": 1457.5709228515625,
      "mid_mean": -25.646512985229492,
      "mid_to_side_loudness": -12.69607925415039,
      "mid_to_side_loudness_range": 11.061616897583008,
      "side_mean": -38.91095733642578
    },
    {
      "high_freq": 4349.24462890625,
      "loudness": -32.675750732421875,
      "loudness_range": 13.710006713867188,
      "low_freq": 2549.74365234375,
      "mid_mean": -29.29351806640625,
      "mid_to_side_loudness": -13.265336990356445,
      "mid_to_side_loudness_range": 12.244672775268555,
      "side_mean": -43.17374038696289
    },
    {
      "high_freq": 7314.1640625,
      "loudness": -38.6290168762207,
      "loudness_range": 14.46584701538086,
      "low_freq": 4349.24462890625,
      "mid_mean": -35.2242546081543,
      "mid_to_side_loudness": -13.028937339782715,
      "mid_to_side_loudness_range": 11.425302505493164,
      "side_mean": -48.969417572021484
    },
    {
      "high_freq": 12199.2666015625,
      "loudness": -41.294166564941406,
      "loudness_range": 11.16811752319336,
      "low_freq": 7314.1640625,
      "mid_mean": -37.99625015258789,
      "mid_to_side_loudness": -11.783013343811035,
      "mid_to_side_loudness_range": 9.550003051757812,
      "side_mean": -51.126670837402344
    },
    {
      "loudness": -43.382930755615234,
      "loudness_range": 9.529556274414062,
      "low_freq": 12199.2666015625,
      "mid_mean": -40.10466766357422,
      "mid_to_side_loudness": -11.826746940612793,
      "mid_to_side_loudness_range": 9.93819808959961,
      "side_mean": -53.075557708740234
    }
  ],
  "bandwidth": 564.1104736328125,
  "channels": 2,
  "covariance": [
    [
      44.85007858276367,
      28.540706634521484,
      6.322178840637207,
      9.348575592041016,
      4.476553440093994,
      6.230231285095215,
      2.2542107105255127,
      4.347723960876465,
      3.5873899459838867,
      6.626056671142578,
      5.390826225280762,
      11.291221618652344,
      6.673352241516113,
      11.317241668701172,
      3.083122491836548,
      9.68841552734375,
      4.4240312576293945,
      8.704536437988281
    ],
    [
      28.540706634521484,
      28.604154586791992,
      6.6513590812683105,
      8.085278511047363,
      4.5112457275390625,
      5.215601444244385,
      2.4657928943634033,
      3.906409978866577,
      4.03411865234375,
      5.918318271636963,
      5.943492889404297,
      9.958520889282227,
      6.063948154449463,
      9.775097846984863,
      4.329677104949951,
      8.15302848815918,
      4.144668102264404,
      6.716159343719482
    ],
    [
      6.322178840637207,
      6.6513590812683105,
      18.016273498535156,
      13.755836486816406,
      9.008920669555664,
      7.012474060058594,
      5.949219703674316,
      3.177765130996704,
      7.766258239746094,
      5.655848503112793,
      8.444536209106445,
      7.151392936706543,
      8.301037788391113,
      8.229081153869629,
      9.786855697631836,
      7.767361164093018,
      8.133634567260742,
      4.786935806274414
    ],
    [
      9.348575592041016,
      8.085278511047363,
      13.755836486816406,
      17.485336303710938,
      9.786714553833008,
      9.737060546875,
      5.2980499267578125,
      3.4440009593963623,
      6.01385498046875,
      5.458861351013184,
      5.996098518371582,
      6.8508172035217285,
      6.515742778778076,
      8.910712242126465,
      8.738356590270996,
      9.095412254333496,
      8.043499946594238,
      6.726281642913818
    ],
    [
      4.476553440093994,
      4.5112457275390625,
      9.008920669555664,
      9.786714553833008,
      15.84113883972168,
      10.875653266906738,
      9.356343269348145,
      7.02640438079834,
      6.912006855010986,
      4.585253715515137,
      5.491893768310547,
      5.5692219734191895,
      6.106468677520752,
      8.43447494506836,
      11.382139205932617,
      9.6382417678833,
      11.835200309753418,
      5.608837604522705
    ],
    [
      6.230231285095215,
      5.215601444244385,
      7.012474060058594,
      9.737060546875,
      10.875653266906738,
      14.718149185180664,
      6.126245498657227,
      6.871717929840088,
      3.842897653579712,
      5.038372993469238,
      2.438384532928467,
      7.032668590545654,
      2.6203296184539795,
      8.673530578613281,
      7.586646556854248,
      10.304561614990234,
      7.907061576843262,
      7.288869380950928
    ],
    [
      2.2542107105255127,
      2.4657928943634033,
      5.949219703674316,
      5.2980499267578125,
      9.356343269348145,
      6.126245498657227,
      14.989797592163086,
      9.17839241027832,
      10.203707695007324,
      7.039592266082764,
      8.48459243774414,
      5.581230163574219,
      9.559733390808105,
      9.479207038879395,
      12.031330108642578,
      8.44168472290039,
      11.96174430847168,
      6.242520809173584
    ],
    [
      4.347723960876465,
      3.906409978866577,
      3.177765130996704,
      3.4440009593963623,
      7.02640438079834,
      6.871717929840088,
      9.17839241027832,
      14.20992374420166,
      4.795051574707031,
      8.032750129699707,
      3.5164806842803955,
      8.251480102539062,
      3.4391367435455322,
      9.426316261291504,
      5.667154788970947,
      8.148465156555176,
      7.883130073547363,
      6.754029273986816
    ],
    [
      3.5873899459838867,
      4.03411865234375,
      7.766258239746094,
      6.01385498046875,
      6.912006855010986,
      3.842897653579712,
      10.203707695007324,
      4.795051574707031,
      14.585298538208008,
      9.527356147766113,
      14.714506149291992,
      8.454655647277832,
      13.474204063415527,
      9.693346977233887,
      10.124893188476562,
      6.550031661987305,
      8.39520263671875,
      4.600027084350586
    ],
    [
      6.626056671142578,
      5.918318271636963,
      5.655848503112793,
      5.458861351013184,
      4.585253715515137,
      5.038372993469238,
      7.039592266082764,
      8.032750129699707,
      9.527356147766113,
      14.091748237609863,
      9.799089431762695,
      10.661260604858398,
      7.8017497062683105,
      10.552056312561035,
      4.10037088394165,
      6.794409275054932,
      5.878967761993408,
      6.587451457977295
    ],
    [
      5.390826225280762,
      5.943492889404297,
      8.444536209106445,
      5.996098518371582,
      5.491893768310547,
      2.438384532928467,
      8.48459243774414,
      3.5164806842803955,
      14.714506149291992,
      9.799089431762695,
      23.250886917114258,
      14.433788299560547,
      19.174236297607422,
      12.965337753295898,
      9.288555145263672,
      6.208601474761963,
      5.821376323699951,
      4.257326126098633
    ],
    [
      11.291221618652344,
      9.958520889282227,
      7.151392936706543,
      6.8508172035217285,
      5.5692219734191895,
      7.032668590545654,
      5.581230163574219,
      8.251480102539062,
      8.454655647277832,
      10.661260604858398,
      14.433788299560547,
      24.244792938232422,
      9.39197063446045,
      15.820868492126465,
      5.381856441497803,
      11.329144477844238,
      4.814301490783691,
      8.392661094665527
    ],
    [
      6.673352241516113,
      6.063948154449463,
      8.301037788391113,
      6.515742778778076,
      6.106468677520752,
      2.6203296184539795,
      9.559733390808105,
      3.4391367435455322,
      13.474204063415527,
      7.8017497062683105,
      19.174236297607422,
      9.39197063446045,
      23.181642532348633,
      14.234898567199707,
      12.271737098693848,
      6.917541980743408,
      7.425477027893066,
      4.131917476654053
    ],
    [
      11.317241668701172,
      9.775097846984863,
      8.229081153869629,
      8.910712242126465,
      8.43447494506836,
      8.673530578613281,
      9.479207038879395,
      9.426316261291504,
      9.693346977233887,
      10.552056312561035,
      12.965337753295898,
      15.820868492126465,
      14.234898567199707,
      23.791170120239258,
      10.66032886505127,
      15.834464073181152,
      10.2583589553833,
      11.892800331115723
    ],
    [
      3.083122491836548,
      4.329677104949951,
      9.786855697631836,
      8.738356590270996,
      11.382139205932617,
      7.586646556854248,
      12.031330108642578,
      5.667154788970947,
      10.124893188476562,
      4.10037088394165,
      9.288555145263672,
      5.381856441497803,
      12.271737098693848,
      10.66032886505127,
      17.76050567626953,
      11.126799583435059,
      12.92962646484375,
      5.714415550231934
    ],
    [
      9.68841552734375,
      8.15302848815918,
      7.767361164093018,
      9.095412254333496,
      9.6382417678833,
      10.304561614990234,
      8.44168472290039,
      8.148465156555176,
      6.550031661987305,
      6.794409275054932,
      6.208601474761963,
      11.329144477844238,
      6.917541980743408,
      15.834464073181152,
      11.126799583435059,
      31.69767189025879,
      10.410726547241211,
      24.955219268798828
    ],
    [
      4.4240312576293945,
      4.144668102264404,
      8.133634567260742,
      8.043499946594238,
      11.835200309753418,
      7.907061576843262,
      11.96174430847168,
      7.883130073547363,
      8.39520263671875,
      5.878967761993408,
      5.821376323699951,
      4.814301490783691,
      7.425477027893066,
      10.2583589553833,
      12.92962646484375,
      10.410726547241211,
      14.613364219665527,
      7.255777835845947
    ],
    [
      8.704536437988281,
      6.716159343719482,
      4.786935806274414,
      6.726281642913818,
      5.608837604522705,
      7.288869380950928,
      6.242520809173584,
      6.754029273986816,
      4.600027084350586,
      6.587451457977295,
      4.257326126098633,
      8.392661094665527,
      4.131917476654053,
      11.892800331115723,
      5.714415550231934,
      24.955219268798828,
      7.255777835845947,
      23.244468688964844
    ]
  ],
  "covariance_short": [
    [
      56.38105392456055,
      34.1765022277832,
      14.214605331420898,
      13.850737571716309,
      5.0610175132751465,
      7.018519878387451,
      -0.2809118628501892,
      3.643193006515503,
      4.667262077331543,
      8.148704528808594,
      8.533055305480957,
      11.226075172424316,
      7.501043319702148,
      9.09706974029541,
      2.7697057723999023,
      7.383677005767822,
      1.7068508863449097,
      7.308348178863525
    ],
    [
      34.1765022277832,
      58.9340934753418,
      12.829480171203613,
      14.326332092285156,
      7.572960376739502,
      6.730998992919922,
      3.272486686706543,
      3.870239019393921,
      7.7753214836120605,
      8.76505184173584,
      11.308277130126953,
      10.853033065795898,
      10.118339538574219,
      11.788856506347656,
      7.009095191955566,
      23.865285873413086,
      4.292852401733398,
      20.580598831176758
    ],
    [
      14.214605331420898,
      12.829480171203613,
      20.546852111816406,
      13.270005226135254,
      6.947917938232422,
      6.312920570373535,
      5.751989364624023,
      3.917877197265625,
      7.2069411277771,
      5.62528657913208,
      8.100386619567871,
      6.809798240661621,
      7.622227668762207,
      7.1194329261779785,
      9.680948257446289,
      7.24422550201416,
      7.170706272125244,
      5.001245021820068
    ],
    [
      13.850737571716309,
      14.326332092285156,
      13.270005226135254,
      21.56769371032715,
      8.792059898376465,
      7.969449996948242,
      5.4483537673950195,
      4.714347839355469,
      6.554024696350098,
      5.597927570343018,
      6.791679859161377,
      5.993441104888916,
      6.695840358734131,
      8.7639741897583,
      9.521872520446777,
      9.503145217895508,
      7.790756702423096,
      7.199225902557373
    ],
    [
      5.0610175132751465,
      7.572960376739502,
      6.947917938232422,
      8.792059898376465,
      19.586883544921875,
      10.815479278564453,
      10.003155708312988,
      7.527531623840332,
      8.611875534057617,
      6.021349906921387,
      8.103221893310547,
      6.841567039489746,
      8.266874313354492,
      8.630728721618652,
      12.42645263671875,
      9.562307357788086,
      12.074773788452148,
      5.56363582611084
    ],
    [
      7.018519878387451,
      6.730998992919922,
      6.312920570373535,
      7.969449996948242,
      10.815479278564453,
      17.412025451660156,
      6.3198747634887695,
      7.368046283721924,
      5.320948123931885,
      6.178672790527344,
      5.047309875488281,
      8.479766845703125,
      4.708499431610107,
      9.186752319335938,
      8.521639823913574,
      10.488412857055664,
      7.745416641235352,
      7.097774505615234
    ],
    [
      -0.2809118628501892,
      3.272486686706543,
      5.751989364624023,
      5.4483537673950195,
      10.003155708312988,
      6.3198747634887695,
      20.274953842163086,
      11.833122253417969,
      11.377934455871582,
      7.816267013549805,
      9.900404930114746,
      6.705386161804199,
      11.41777515411377,
      9.528328895568848,
      14.127593994140625,
      9.412144660949707,
      12.73143482208252,
      6.532679080963135
    ],
    [
      3.643193006515503,
      3.870239019393921,
      3.917877197265625,
      4.714347839355469,
      7.527531623840332,
      7.368046283721924,
      11.833122253417969,
      20.521860122680664,
      6.219925403594971,
      9.470293045043945,
      5.574216842651367,
      9.555560111999512,
      5.522573471069336,
      11.594985008239746,
      8.421773910522461,
      11.176823616027832,
      9.450037002563477,
      8.895803451538086
    ],
    [
      4.667262077331543,
      7.7753214836120605,
      7.2069411277771,
      6.554024696350098,
      8.611875534057617,
      5.320948123931885,
      11.377934455871582,
      6.219925403594971,
      18.85569953918457,
      11.32607650756836,
      16.536033630371094,
      10.613107681274414,
      15.807093620300293,
      10.530120849609375,
      11.752049446105957,
      6.982898235321045,
      9.668197631835938,
      5.060135364532471
    ],
    [
      8.148704528808594,
      8.76505184173584,
      5.62528657913208,
      5.597927570343018,
      6.021349906921387,
      6.178672790527344,
      7.816267013549805,
      9.470293045043945,
      11.32607650756836,
      18.329444885253906,
      12.181434631347656,
      13.151113510131836,
      10.139156341552734,
      13.1069917678833,
      5.990159511566162,
      8.82374095916748,
      7.093713760375977,
      8.474067687988281
    ],
    [
      8.533055305480957,
      11.308277130126953,
      8.100386619567871,
      6.791679859161377,
      8.103221893310547,
      5.047309875488281,
      9.900404930114746,
      5.574216842651367,
      16.536033630371094,
      12.181434631347656,
      28.94766616821289,
      19.009830474853516,
      22.155773162841797,
      14.706488609313965,
      10.451823234558105,
      7.1264328956604,
      6.939035415649414,
      5.322652339935303
    ],
    [
      11.226075172424316,
      10.853033065795898,
      6.809798240661621,
      5.993441104888916,
      6.841567039489746,
      8.479766845703125,
      6.705386161804199,
      9.555560111999512,
      10.613107681274414,
      13.151113510131836,
      19.009830474853516,
      29.085012435913086,
      13.044865608215332,
      18.496055603027344,
      7.538464546203613,
      12.549704551696777,
      6.071219444274902,
      9.430296897888184
    ],
    [
      7.501043319702148,
      10.118339538574219,
      7.622227668762207,
      6.695840358734131,
      8.266874313354492,
      4.708499431610107,
      11.41777515411377,
      5.522573471069336,
      15.807093620300293,
      10.139156341552734,
      22.155773162841797,
      13.044865608215332,
      27.76749610900879,
      17.041051864624023,
      13.930252075195312,
      7.96784782409668,
      8.689711570739746,
      5.306841850280762
    ],
    [
      9.09706974029541,
      11.788856506347656,
      7.1194329261779785,
      8.7639741897583,
      8.630728721618652,
      9.186752319335938,
      9.528328895568848,
      11.594985008239746,
      10.530120849609375,
      13.1069917678833,
      14.706488609313965,
      18.496055603027344,
      17.041051864624023,
      28.19313621520996,
      11.633699417114258,
      18.190954208374023,
      10.22573471069336,
      14.201202392578125
    ],
    [
      2.7697057723999023,
      7.009095191955566,
      9.680948257446289,
      9.521872520446777,
      12.42645263671875,
      8.521639823913574,
      14.127593994140625,
      8.421773910522461,
      11.752049446105957,
      5.990159511566162,
      10.451823234558105,
      7.538464546203613,
      13.930252075195312,
      11.633699417114258,
      20.51314353942871,
      13.081279754638672,
      14.276331901550293,
      6.68612003326416
    ],
    [
      7.383677005767822,
      23.865285873413086,
      7.24422550201416,
      9.503145217895508,
      9.562307357788086,
      10.488412857055664,
      9.412144660949707,
      11.176823616027832,
      6.982898235321045,
      8.82374095916748,
      7.1264328956604,
      12.549704551696777,
      7.96784782409668,
      18.190954208374023,
      13.081279754638672,
      34.29161834716797,
      10.97337532043457,
      26.35478401184082
    ],
    [
      1.7068508863449097,
      4.292852401733398,
      7.170706272125244,
      7.790756702423096,
      12.074773788452148,
      7.745416641235352,
      12.73143482208252,
      9.450037002563477,
      9.668197631835938,
      7.093713760375977,
      6.939035415649414,
      6.071219444274902,
      8.689711570739746,
      10.22573471069336,
      14.276331901550293,
      10.97337532043457,
      15.854574203491211,
      7.680865287780762
    ],
    [
      7.308348178863525,
      20.580598831176758,
      5.001245021820068,
      7.199225902557373,
      5.56363582611084,
      7.097774505615234,
      6.532679080963135,
      8.895803451538086,
      5.060135364532471,
      8.474067687988281,
      5.322652339935303,
      9.430296897888184,
      5.306841850280762,
      14.201202392578125,
      6.68612003326416,
      26.35478401184082,
      7.680865287780762,
      25.28139877319336
    ]
  ],
  "damage": -7.94341516494751,
  "diff_bandwidth": 566.4168090820312,
  "dissonance": 5.884437827060882,
  "drr": 0.020892195403575897,
  "dynamics": 2.1782689094543457,
  "format": 1245190,
  "frames": 2156544,
  "loudness": -13.450380325317383,
  "loudness_range": 4.576447486877441,
  "loudness_range_short": 5.774085998535156,
  "lowpass_true_peak_15khz": -0.8082219362258911,
  "mastering3_acoustic_entropies": [
    {
      "acoustic_entropy": 5.226624965667725,
      "acoustic_entropy_mono": 5.236885070800781,
      "band_eliminated_acoustic_entropies": [
        {
          "acoustic_entropy": 5.22362756729126,
          "acoustic_entropy_side": 5.22661828994751,
          "hz": 129.47220167065723
        },
        {
          "acoustic_entropy": 5.197237491607666,
          "acoustic_entropy_side": 5.226385593414307,
          "hz": 202.92927478742237
        },
        {
          "acoustic_entropy": 5.00568962097168,
          "acoustic_entropy_side": 5.2167158126831055,
          "hz": 282.89161906338205
        },
        {
          "acoustic_entropy": 5.12838077545166,
          "acoustic_entropy_side": 5.222581386566162,
          "hz": 369.9353335868758
        },
        {
          "acoustic_entropy": 5.672621726989746,
          "acoustic_entropy_side": 5.221218109130859,
          "hz": 464.6875360973435
        },
        {
          "acoustic_entropy": 5.162891864776611,
          "acoustic_entropy_side": 5.216829776763916,
          "hz": 567.8308811364784
        },
        {
          "acoustic_entropy": 5.423216342926025,
          "acoustic_entropy_side": 5.2051100730896,
          "hz": 680.1084783214808
        },
        {
          "acoustic_entropy": 6.399909973144531,
          "acoustic_entropy_side": 5.183006286621094,
          "hz": 802.3292461747484
        },
        {
          "acoustic_entropy": 4.803763389587402,
          "acoustic_entropy_side": 5.309426307678223,
          "hz": 935.3737400823702
        },
        {
          "acoustic_entropy": 5.76947546005249,
          "acoustic_entropy_side": 5.239485263824463,
          "hz": 1080.2004963696966
        },
        {
          "acoustic_entropy": 5.605385780334473,
          "acoustic_entropy_side": 5.263343811035156,
          "hz": 1237.8529382007157
        },
        {
          "acoustic_entropy": 4.994297027587891,
          "acoustic_entropy_side": 5.216769218444824,
          "hz": 1409.4668930556702
        },
        {
          "acoustic_entropy": 5.289337635040283,
          "acoustic_entropy_side": 5.206097602844238,
          "hz": 1596.2787759475705
        },
        {
          "acoustic_entropy": 5.401487350463867,
          "acoustic_entropy_side": 5.220482349395752,
          "hz": 1799.6344973346393
        },
        {
          "acoustic_entropy": 5.308906555175781,
          "acoustic_entropy_side": 5.229361057281494,
          "hz": 2020.9991599069049
        },
        {
          "acoustic_entropy": 5.4018168449401855,
          "acoustic_entropy_side": 5.244386672973633,
          "hz": 2261.9676141086993
        },
        {
          "acoustic_entropy": 5.294247627258301,
          "acoustic_entropy_side": 5.2307047843933105,
          "hz": 2524.2759484456974
        },
        {
          "acoustic_entropy": 5.099145412445068,
          "acoustic_entropy_side": 5.233314514160156,
          "hz": 2809.813997359896
        },
        {
          "acoustic_entropy": 5.171271324157715,
          "acoustic_entropy_side": 5.2318339347839355,
          "hz": 3120.6389567871424
        },
        {
          "acoustic_entropy": 5.075272560119629,
          "acoustic_entropy_side": 5.2292256355285645,
          "hz": 3458.990205492291
        },
        {
          "acoustic_entropy": 5.234193801879883,
          "acoustic_entropy_side": 5.225245952606201,
          "hz": 3827.305438964164
        },
        {
          "acoustic_entropy": 5.070690155029297,
          "acoustic_entropy_side": 5.223859786987305,
          "hz": 4228.238232109126
        },
        {
          "acoustic_entropy": 5.175673484802246,
          "acoustic_entropy_side": 5.2272114753723145,
          "hz": 4664.6771572759235
        },
        {
          "acoustic_entropy": 5.186095714569092,
          "acoustic_entropy_side": 5.226122856140137,
          "hz": 5139.766595350093
        },
        {
          "acoustic_entropy": 5.21394157409668,
          "acoustic_entropy_side": 5.226207733154297,
          "hz": 5656.929389854203
        },
        {
          "acoustic_entropy": 5.18441915512085,
          "acoustic_entropy_side": 5.226585388183594,
          "hz": 6219.891507268283
        },
        {
          "acoustic_entropy": 5.164434432983398,
          "acoustic_entropy_side": 5.226570129394531,
          "hz": 6832.70888123896
        },
        {
          "acoustic_entropy": 5.161503791809082,
          "acoustic_entropy_side": 5.227095603942871,
          "hz": 7499.796634079867
        },
        {
          "acoustic_entropy": 5.1776442527771,
          "acoustic_entropy_side": 5.226606845855713,
          "hz": 8225.96088609342
        },
        {
          "acoustic_entropy": 5.179513931274414,
          "acoustic_entropy_side": 5.226476192474365,
          "hz": 9016.43338188839
        },
        {
          "acoustic_entropy": 5.201157093048096,
          "acoustic_entropy_side": 5.2265424728393555,
          "hz": 9876.909183162974
        },
        {
          "acoustic_entropy": 5.221437931060791,
          "acoustic_entropy_side": 5.226597309112549,
          "hz": 10813.587699516042
        },
        {
          "acoustic_entropy": 5.255686283111572,
          "acoustic_entropy_side": 5.226541996002197,
          "hz": 11833.21735289826
        },
        {
          "acoustic_entropy": 5.2494611740112305,
          "acoustic_entropy_side": 5.2265777587890625,
          "hz": 12943.144197493959
        },
        {
          "acoustic_entropy": 5.233012676239014,
          "acoustic_entropy_side": 5.226595878601074,
          "hz": 14151.364845322005
        },
        {
          "acoustic_entropy": 5.226778030395508,
          "acoustic_entropy_side": 5.2265825271606445,
          "hz": 15466.58407886509
        },
        {
          "acoustic_entropy": 5.2281951904296875,
          "acoustic_entropy_side": 5.22660493850708,
          "hz": 16898.27756580493
        },
        {
          "acoustic_entropy": 5.229339599609375,
          "acoustic_entropy_side": 5.226615905761719,
          "hz": 18456.760127700032
        },
        {
          "acoustic_entropy": 5.227886199951172,
          "acoustic_entropy_side": 5.226614475250244,
          "hz": 20153.260054456492
        },
        {
          "acoustic_entropy": 5.226840496063232,
          "acoustic_entropy_side": 5.226624011993408,
          "hz": 22000.00000000001
        }
      ],
      "diff_acoustic_entropy": 4.634976387023926,
      "sn": 6
    },
    {
      "acoustic_entropy": 8.68865966796875,
      "acoustic_entropy_mono": 8.767009735107422,
      "band_eliminated_acoustic_entropies": [
        {
          "acoustic_entropy": 8.701447486877441,
          "acoustic_entropy_side": 8.688748359680176,
          "hz": 129.47220167065723
        },
        {
          "acoustic_entropy": 8.790692329406738,
          "acoustic_entropy_side": 8.703832626342773,
          "hz": 202.92927478742237
        },
        {
          "acoustic_entropy": 8.577105522155762,
          "acoustic_entropy_side": 8.661781311035156,
          "hz": 282.89161906338205
        },
        {
          "acoustic_entropy": 8.527929306030273,
          "acoustic_entropy_side": 8.70798397064209,
          "hz": 369.9353335868758
        },
        {
          "acoustic_entropy": 8.59621524810791,
          "acoustic_entropy_side": 8.784062385559082,
          "hz": 464.6875360973435
        },
        {
          "acoustic_entropy": 8.884474754333496,
          "acoustic_entropy_side": 8.707666397094727,
          "hz": 567.8308811364784
        },
        {
          "acoustic_entropy": 8.37338638305664,
          "acoustic_entropy_side": 8.825111389160156,
          "hz": 680.1084783214808
        },
        {
          "acoustic_entropy": 8.57634162902832,
          "acoustic_entropy_side": 8.869921684265137,
          "hz": 802.3292461747484
        },
        {
          "acoustic_entropy": 8.31006145477295,
          "acoustic_entropy_side": 8.66877555847168,
          "hz": 935.3737400823702
        },
        {
          "acoustic_entropy": 9.352168083190918,
          "acoustic_entropy_side": 8.7684965133667,
          "hz": 1080.2004963696966
        },
        {
          "acoustic_entropy": 8.533660888671875,
          "acoustic_entropy_side": 8.630338668823242,
          "hz": 1237.8529382007157
        },
        {
          "acoustic_entropy": 8.857404708862305,
          "acoustic_entropy_side": 8.780871391296387,
          "hz": 1409.4668930556702
        },
        {
          "acoustic_entropy": 8.636752128601074,
          "acoustic_entropy_side": 8.804837226867676,
          "hz": 1596.2787759475705
        },
        {
          "acoustic_entropy": 8.930558204650879,
          "acoustic_entropy_side": 8.773486137390137,
          "hz": 1799.6344973346393
        },
        {
          "acoustic_entropy": 9.236431121826172,
          "acoustic_entropy_side": 8.777009010314941,
          "hz": 2020.9991599069049
        },
        {
          "acoustic_entropy": 8.909276008605957,
          "acoustic_entropy_side": 8.732295989990234,
          "hz": 2261.9676141086993
        },
        {
          "acoustic_entropy": 8.535865783691406,
          "acoustic_entropy_side": 8.719141006469727,
          "hz": 2524.2759484456974
        },
        {
          "acoustic_entropy": 9.442468643188477,
          "acoustic_entropy_side": 8.796625137329102,
          "hz": 2809.813997359896
        },
        {
          "acoustic_entropy": 8.872176170349121,
          "acoustic_entropy_side": 8.745828628540039,
          "hz": 3120.6389567871424
        },
        {
          "acoustic_entropy": 8.996855735778809,
          "acoustic_entropy_side": 8.742697715759277,
          "hz": 3458.990205492291
        },
        {
          "acoustic_entropy": 8.724532127380371,
          "acoustic_entropy_side": 8.842300415039062,
          "hz": 3827.305438964164
        },
        {
          "acoustic_entropy": 8.743600845336914,
          "acoustic_entropy_side": 8.705140113830566,
          "hz": 4228.238232109126
        },
        {
          "acoustic_entropy": 8.534655570983887,
          "acoustic_entropy_side": 8.730058670043945,
          "hz": 4664.6771572759235
        },
        {
          "acoustic_entropy": 9.067097663879395,
          "acoustic_entropy_side": 8.696338653564453,
          "hz": 5139.766595350093
        },
        {
          "acoustic_entropy": 8.74537181854248,
          "acoustic_entropy_side": 8.701004981994629,
          "hz": 5656.929389854203
        },
        {
          "acoustic_entropy": 8.699694633483887,
          "acoustic_entropy_side": 8.689517974853516,
          "hz": 6219.891507268283
        },
        {
          "acoustic_entropy": 8.839376449584961,
          "acoustic_entropy_side": 8.702441215515137,
          "hz": 6832.70888123896
        },
        {
          "acoustic_entropy": 8.766562461853027,
          "acoustic_entropy_side": 8.729537010192871,
          "hz": 7499.796634079867
        },
        {
          "acoustic_entropy": 8.785801887512207,
          "acoustic_entropy_side": 8.704240798950195,
          "hz": 8225.96088609342
        },
        {
          "acoustic_entropy": 8.853304862976074,
          "acoustic_entropy_side": 8.707274436950684,
          "hz": 9016.43338188839
        },
        {
          "acoustic_entropy": 8.753748893737793,
          "acoustic_entropy_side": 8.695849418640137,
          "hz": 9876.909183162974
        },
        {
          "acoustic_entropy": 8.692708015441895,
          "acoustic_entropy_side": 8.696352005004883,
          "hz": 10813.587699516042
        },
        {
          "acoustic_entropy": 8.805521011352539,
          "acoustic_entropy_side": 8.694567680358887,
          "hz": 11833.21735289826
        },
        {
          "acoustic_entropy": 8.834381103515625,
          "acoustic_entropy_side": 8.692342758178711,
          "hz": 12943.144197493959
        },
        {
          "acoustic_entropy": 8.791227340698242,
          "acoustic_entropy_side": 8.690897941589355,
          "hz": 14151.364845322005
        },
        {
          "acoustic_entropy": 8.620247840881348,
          "acoustic_entropy_side": 8.690258026123047,
          "hz": 15466.58407886509
        },
        {
          "acoustic_entropy": 8.64315414428711,
          "acoustic_entropy_side": 8.689408302307129,
          "hz": 16898.27756580493
        },
        {
          "acoustic_entropy": 8.649026870727539,
          "acoustic_entropy_side": 8.689090728759766,
          "hz": 18456.760127700032
        },
        {
          "acoustic_entropy": 8.664482116699219,
          "acoustic_entropy_side": 8.688952445983887,
          "hz": 20153.260054456492
        },
        {
          "acoustic_entropy": 8.68759536743164,
          "acoustic_entropy_side": 8.68869400024414,
          "hz": 22000.00000000001
        }
      ],
      "diff_acoustic_entropy": 7.48912239074707,
      "sn": 12
    },
    {
      "acoustic_entropy": 13.427305221557617,
      "acoustic_entropy_mono": 12.468393325805664,
      "band_eliminated_acoustic_entropies": [
        {
          "acoustic_entropy": 13.402597427368164,
          "acoustic_entropy_side": 13.428833961486816,
          "hz": 129.47220167065723
        },
        {
          "acoustic_entropy": 13.253684043884277,
          "acoustic_entropy_side": 13.299866676330566,
          "hz": 202.92927478742237
        },
        {
          "acoustic_entropy": 14.339193344116211,
          "acoustic_entropy_side": 13.714532852172852,
          "hz": 282.89161906338205
        },
        {
          "acoustic_entropy": 13.46496868133545,
          "acoustic_entropy_side": 13.077678680419922,
          "hz": 369.9353335868758
        },
        {
          "acoustic_entropy": 14.062664031982422,
          "acoustic_entropy_side": 14.384366989135742,
          "hz": 464.6875360973435
        },
        {
          "acoustic_entropy": 12.963171005249023,
          "acoustic_entropy_side": 13.356667518615723,
          "hz": 567.8308811364784
        },
        {
          "acoustic_entropy": 13.583405494689941,
          "acoustic_entropy_side": 13.512728691101074,
          "hz": 680.1084783214808
        },
        {
          "acoustic_entropy": 14.284942626953125,
          "acoustic_entropy_side": 14.054022789001465,
          "hz": 802.3292461747484
        },
        {
          "acoustic_entropy": 13.922065734863281,
          "acoustic_entropy_side": 13.724034309387207,
          "hz": 935.3737400823702
        },
        {
          "acoustic_entropy": 13.133025169372559,
          "acoustic_entropy_side": 13.727235794067383,
          "hz": 1080.2004963696966
        },
        {
          "acoustic_entropy": 13.464615821838379,
          "acoustic_entropy_side": 12.8922758102417,
          "hz": 1237.8529382007157
        },
        {
          "acoustic_entropy": 13.715258598327637,
          "acoustic_entropy_side": 13.667196273803711,
          "hz": 1409.4668930556702
        },
        {
          "acoustic_entropy": 13.557229042053223,
          "acoustic_entropy_side": 13.846588134765625,
          "hz": 1596.2787759475705
        },
        {
          "acoustic_entropy": 13.263837814331055,
          "acoustic_entropy_side": 13.153223037719727,
          "hz": 1799.6344973346393
        },
        {
          "acoustic_entropy": 13.141926765441895,
          "acoustic_entropy_side": 13.418407440185547,
          "hz": 2020.9991599069049
        },
        {
          "acoustic_entropy": 13.809441566467285,
          "acoustic_entropy_side": 13.766328811645508,
          "hz": 2261.9676141086993
        },
        {
          "acoustic_entropy": 13.666221618652344,
          "acoustic_entropy_side": 13.262802124023438,
          "hz": 2524.2759484456974
        },
        {
          "acoustic_entropy": 13.65799331665039,
          "acoustic_entropy_side": 13.726618766784668,
          "hz": 2809.813997359896
        },
        {
          "acoustic_entropy": 13.846136093139648,
          "acoustic_entropy_side": 13.649490356445312,
          "hz": 3120.6389567871424
        },
        {
          "acoustic_entropy": 14.02807331085205,
          "acoustic_entropy_side": 13.796146392822266,
          "hz": 3458.990205492291
        },
