{
  "acoustic_entropy": 118.90729522705078,
  "bands": [
    {
      "high_freq": 148.1999969482422,
      "loudness": -50.02926254272461,
      "loudness_range": 23.793724060058594,
      "mid_mean": -50.169010162353516,
      "mid_to_side_loudness": -22.795896530151367,
      "mid_to_side_loudness_range": 26.948591232299805,
      "side_mean": -67.2042007446289
    },
    {
      "high_freq": 392.3793640136719,
      "loudness": -37.83192443847656,
      "loudness_range": 16.37474822998047,
      "low_freq": 148.1999969482422,
      "mid_mean": -34.3001708984375,
      "mid_to_side_loudness": -19.910823822021484,
      "mid_to_side_loudness_range": 25.678922653198242,
      "side_mean": -58.6400032043457
    },
    {
      "high_freq": 794.6976318359375,
      "loudness": -26.853315353393555,
      "loudness_range": 10.03963851928711,
      "low_freq": 392.3793640136719,
      "mid_mean": -23.36277198791504,
      "mid_to_side_loudness": -17.76184844970703,
      "mid_to_side_loudness_range": 23.986677169799805,
      "side_mean": -44.379417419433594
    },
    {
      "high_freq": 1457.5709228515625,
      "loudness": -34.09550094604492,
      "loudness_range": 21.74349021911621,
      "low_freq": 794.6976318359375,
      "mid_mean": -30.576696395874023,
      "mid_to_side_loudness": -18.7912654876709,
      "mid_to_side_loudness_range": 26.883087158203125,
      "side_mean": -55.55778121948242
    },
    {
      "high_freq": 2549.74365234375,
      "loudness": -35.15459060668945,
      "loudness_range": 18.879892349243164,
      "low_freq": 1457.5709228515625,
      "mid_mean": -31.599119186401367,
      "mid_to_side_loudness": -19.645729064941406,
      "mid_to_side_loudness_range": 25.913137435913086,
      "side_mean": -57.56190872192383
    },
    {
      "high_freq": 4349.24462890625,
      "loudness": -41.42754364013672,
      "loudness_range": 17.851938247680664,
      "low_freq": 2549.74365234375,
      "mid_mean": -37.863765716552734,
      "mid_to_side_loudness": -21.911584854125977,
      "mid_to_side_loudness_range": 30.626026153564453,
      "side_mean": -64.01624298095703
    },
    {
      "high_freq": 7314.1640625,
      "loudness": -59.22966384887695,
      "loudness_range": 19.388927459716797,
      "low_freq": 4349.24462890625,
      "mid_mean": -57.75433349609375,
      "mid_to_side_loudness": -26.789901733398438,
      "mid_to_side_loudness_range": 39.5980339050293,
      "side_mean": -69.86542510986328
    },
    {
      "high_freq": 12199.2666015625,
      "loudness": -66.31827545166016,
      "loudness_range": 9.1541748046875,
      "low_freq": 7314.1640625,
      "mid_mean": -63.1768684387207,
      "mid_to_side_loudness": -28.119802474975586,
      "mid_to_side_loudness_range": 60.619056701660156,
      "side_mean": -69.99718475341797
    },
    {
      "loudness": 0,
      "loudness_range": 0,
      "low_freq": 12199.2666015625,
      "mid_mean": -67.35269927978516,
      "mid_to_side_loudness": -22.609872817993164,
      "mid_to_side_loudness_range": 29.92669677734375,
      "side_mean": -69.98558044433594
    }
  ],
  "bands_short": [
    {
      "high_freq": 148.1999969482422,
      "loudness": -53.011226654052734,
      "loudness_range": 28.392215728759766,
      "mid_mean": -52.86272430419922,
      "mid_to_side_loudness": -23.399587631225586,
      "mid_to_side_loudness_range": 31.385967254638672,
      "side_mean": -67.70940399169922
    },
    {
      "high_freq": 392.3793640136719,
      "loudness": -38.60895919799805,
      "loudness_range": 18.59355354309082,
      "low_freq": 148.1999969482422,
      "mid_mean": -35.031585693359375,
      "mid_to_side_loudness": -20.233125686645508,
      "mid_to_side_loudness_range": 28.432506561279297,
      "side_mean": -59.254329681396484
    },
    {
      "high_freq": 794.6976318359375,
      "loudness": -27.684099197387695,
      "loudness_range": 12.216463088989258,
      "low_freq": 392.3793640136719,
      "mid_mean": -24.173437118530273,
      "mid_to_side_loudness": -17.411157608032227,
      "mid_to_side_loudness_range": 25.880632400512695,
      "side_mean": -45.08740997314453
    },
    {
      "high_freq": 1457.5709228515625,
      "loudness": -33.5870246887207,
      "loudness_range": 22.77220344543457,
      "low_freq": 794.6976318359375,
      "mid_mean": -30.126527786254883,
      "mid_to_side_loudness": -17.628067016601562,
      "mid_to_side_loudness_range": 28.615129470825195,
      "side_mean": -54.64387130737305
    },
    {
      "high_freq": 2549.74365234375,
      "loudness": -35.67299270629883,
      "loudness_range": 20.343582153320312,
      "low_freq": 1457.5709228515625,
      "mid_mean": -32.19630432128906,
      "mid_to_side_loudness": -19.063770294189453,
      "mid_to_side_loudness_range": 28.12433624267578,
      "side_mean": -57.808345794677734
    },
    {
      "high_freq": 4349.24462890625,
      "loudness": -42.06148147583008,
      "loudness_range": 17.5798397064209,
      "low_freq": 2549.74365234375,
      "mid_mean": -38.48863220214844,
      "mid_to_side_loudness": -21.2197265625,
      "mid_to_side_loudness_range": 31.588546752929688,
      "side_mean": -64.24952697753906
    },
    {
      "high_freq": 7314.1640625,
      "loudness": -59.86668395996094,
      "loudness_range": 18.59351348876953,
      "low_freq": 4349.24462890625,
      "mid_mean": -58.356689453125,
      "mid_to_side_loudness": -24.11890983581543,
      "mid_to_side_loudness_range": 38.52627944946289,
      "side_mean": -69.86796569824219
    },
    {
      "high_freq": 12199.2666015625,
      "loudness": -66.50796508789062,
      "loudness_range": 7.327735900878906,
      "low_freq": 7314.1640625,
      "mid_mean": -63.3596305847168,
      "mid_to_side_loudness": -39.476837158203125,
      "mid_to_side_loudness_range": 65.3191909790039,
      "side_mean": -69.99703979492188
    },
    {
      "loudness": 0,
      "loudness_range": 0,
      "low_freq": 12199.2666015625,
      "mid_mean": -67.31816864013672,
      "mid_to_side_loudness": -22.824703216552734,
      "mid_to_side_loudness_range": 35.88660430908203,
      "side_mean": -69.98542785644531
    }
  ],
  "bandwidth": 832.08544921875,
  "channels": 2,
  "covariance": [
    [
      129.94955444335938,
      37.762142181396484,
      36.770782470703125,
      64.73551940917969,
      14.823751449584961,
      21.91283416748047,
      12.574885368347168,
      59.108802795410156,
      24.834306716918945,
      66.87052917480469,
      12.814208030700684,
      30.909221649169922,
      48.67277145385742,
      0.5491515398025513,
      28.813175201416016,
      -0.047585777938365936,
      11.115490913391113,
      -0.08872273564338684
    ],
    [
      37.762142181396484,
      21.509334564208984,
      18.58006477355957,
      19.50646209716797,
      6.265652656555176,
      3.9671552181243896,
      2.924922227859497,
      7.692984580993652,
      8.36880111694336,
      12.260451316833496,
      1.2932556867599487,
      2.6492228507995605,
      2.794837713241577,
      -0.1159135028719902,
      2.919121265411377,
      -0.007517396472394466,
      1.555584192276001,
      -0.01256093755364418
    ],
    [
      36.770782470703125,
      18.58006477355957,
      36.797027587890625,
      23.93675422668457,
      15.564408302307129,
      5.8875837326049805,
      10.775908470153809,
      7.631237030029297,
      20.23549461364746,
      22.64285659790039,
      13.82609748840332,
      10.907004356384277,
      2.6538844108581543,
      -0.02492595463991165,
      2.117281913757324,
      -0.006846509873867035,
      1.2231051921844482,
      -0.014993294142186642
    ],
    [
      64.73551940917969,
      19.50646209716797,
      23.93675422668457,
      40.225040435791016,
      11.283963203430176,
      13.235921859741211,
      7.3519487380981445,
      33.517478942871094,
      10.883383750915527,
      36.876399993896484,
      3.83369779586792,
      15.423840522766113,
      20.088857650756836,
      -0.011331976391375065,
      12.530179023742676,
      -0.026239993050694466,
      5.924924850463867,
      -0.04350210353732109
    ],
    [
      14.823751449584961,
      6.265652656555176,
      15.564408302307129,
      11.283963203430176,
      21.760929107666016,
      8.890030860900879,
      14.122446060180664,
      11.982982635498047,
      12.498684883117676,
      13.721853256225586,
      12.52226734161377,
      8.609516143798828,
      -0.3037918508052826,
      -0.015938593074679375,
      1.500766634941101,
      -0.005941926036030054,
      1.1889392137527466,
      -0.013711485080420971
    ],
    [
      21.91283416748047,
      3.9671552181243896,
      5.8875837326049805,
      13.235921859741211,
      8.890030860900879,
      26.75211524963379,
      3.4125595092773438,
      17.867794036865234,
      -0.09542243182659149,
      15.177659034729004,
      -0.09665979444980621,
      7.794501781463623,
      6.639778137207031,
      -0.07685019075870514,
      4.122541427612305,
      -0.015315636061131954,
      2.7716543674468994,
      -0.04876609146595001
    ],
    [
      12.574885368347168,
      2.924922227859497,
      10.775908470153809,
      7.3519487380981445,
      14.122446060180664,
      3.4125595092773438,
      58.009281158447266,
      35.02811813354492,
      33.09517288208008,
      25.90277099609375,
      25.837066650390625,
      16.105405807495117,
      15.225089073181152,
      0.9704791307449341,
      8.30418586730957,
      -0.0052915760315954685,
      1.2415645122528076,
      -0.021496834233403206
    ],
    [
      59.108802795410156,
      7.692984580993652,
      7.631237030029297,
      33.517478942871094,
      11.982982635498047,
      17.867794036865234,
      35.02811813354492,
      72.87682342529297,
      15.849771499633789,
      51.304439544677734,
      12.446561813354492,
      29.535547256469727,
      40.180763244628906,
      1.133758544921875,
      22.35585594177246,
      -0.03641897067427635,
      8.30887508392334,
      -0.06763333827257156
    ],
    [
      24.834306716918945,
      8.36880111694336,
      20.23549461364746,
      10.883383750915527,
      12.498684883117676,
      -0.09542243182659149,
      33.09517288208008,
      15.849771499633789,
      46.83979797363281,
      33.87366485595703,
      34.021907806396484,
      20.35300636291504,
      23.931604385375977,
      1.1568922996520996,
      10.945625305175781,
      -0.0019365947227925062,
      1.0162802934646606,
      -0.00812098104506731
    ],
    [
      66.87052917480469,
      12.260451316833496,
      22.64285659790039,
      36.876399993896484,
      13.721853256225586,
      15.177659034729004,
      25.90277099609375,
      51.304439544677734,
      33.87366485595703,
      59.52116012573242,
      24.948951721191406,
      31.85162925720215,
      42.6575927734375,
      1.1989012956619263,
      22.37295150756836,
      -0.03219106048345566,
      7.518745422363281,
      -0.06242126598954201
    ],
    [
      12.814208030700684,
      1.2932556867599487,
      13.82609748840332,
      3.83369779586792,
      12.52226734161377,
      -0.09665979444980621,
      25.837066650390625,
      12.446561813354492,
      34.021907806396484,
      24.948951721191406,
      39.88970184326172,
      19.858776092529297,
      27.3406982421875,
      0.9209823608398438,
      12.580399513244629,
      -0.0008227558573707938,
      1.1079542636871338,
      -0.011421081610023975
    ],
    [
      30.909221649169922,
      2.6492228507995605,
      10.907004356384277,
      15.423840522766113,
      8.609516143798828,
      7.794501781463623,
      16.105405807495117,
      29.535547256469727,
      20.35300636291504,
      31.85162925720215,
      19.858776092529297,
      23.878009796142578,
      26.8782958984375,
      0.9705126285552979,
      13.21210765838623,
      -0.015460040420293808,
      3.7561423778533936,
      -0.03130773827433586
    ],
    [
      48.67277145385742,
      2.794837713241577,
      2.6538844108581543,
      20.088857650756836,
      -0.3037918508052826,
      6.639778137207031,
      15.225089073181152,
      40.180763244628906,
      23.931604385375977,
      42.6575927734375,
      27.3406982421875,
      26.8782958984375,
      56.26356506347656,
      1.412566900253296,
      26.86587905883789,
      -0.02574492059648037,
      7.011152744293213,
      -0.05386786535382271
    ],
    [
      0.5491515398025513,
      -0.1159135028719902,
      -0.02492595463991165,
      -0.011331976391375065,
      -0.015938593074679375,
      -0.07685019075870514,
      0.9704791307449341,
      1.133758544921875,
      1.1568922996520996,
      1.1989012956619263,
      0.9209823608398438,
      0.9705126285552979,
      1.412566900253296,
      0.1327282339334488,
      0.6101723313331604,
      -0.0003351159975863993,
      0.09878557175397873,
      -0.0008020049426704645
    ],
    [
      28.813175201416016,
      2.919121265411377,
      2.117281913757324,
      12.530179023742676,
      1.500766634941101,
      4.122541427612305,
      8.30418586730957,
      22.35585594177246,
      10.945625305175781,
      22.37295150756836,
      12.580399513244629,
      13.21210765838623,
      26.86587905883789,
      0.6101723313331604,
      14.345909118652344,
      -0.014485083520412445,
      3.882580280303955,
      -0.03104393370449543
    ],
    [
      -0.047585777938365936,
      -0.007517396472394466,
      -0.006846509873867035,
      -0.026239993050694466,
      -0.005941926036030054,
      -0.015315636061131954,
      -0.0052915760315954685,
      -0.03641897067427635,
      -0.0019365947227925062,
      -0.03219106048345566,
      -0.0008227558573707938,
      -0.015460040420293808,
      -0.02574492059648037,
      -0.0003351159975863993,
      -0.014485083520412445,
      3.22078813042026e-05,
      -0.00636771647259593,
      6.49764624540694e-05
    ],
    [
      11.115490913391113,
      1.555584192276001,
      1.2231051921844482,
      5.924924850463867,
      1.1889392137527466,
      2.7716543674468994,
      1.2415645122528076,
      8.30887508392334,
      1.0162802934646606,
      7.518745422363281,
      1.1079542636871338,
      3.7561423778533936,
      7.011152744293213,
      0.09878557175397873,
      3.882580280303955,
      -0.00636771647259593,
      1.5084278583526611,
      -0.012138008140027523
    ],
    [
      -0.08872273564338684,
      -0.01256093755364418,
      -0.014993294142186642,
      -0.04350210353732109,
      -0.013711485080420971,
      -0.04876609146595001,
      -0.021496834233403206,
      -0.06763333827257156,
      -0.00812098104506731,
      -0.06242126598954201,
      -0.011421081610023975,
      -0.03130773827433586,
      -0.05386786535382271,
      -0.0008020049426704645,
      -0.03104393370449543,
      6.49764624540694e-05,
      -0.012138008140027523,
      0.00022073874424677342
    ]
  ],
  "covariance_short": [
    [
      129.03453063964844,
      34.595420837402344,
      38.3112678527832,
      59.64834976196289,
      13.829262733459473,
      19.60114860534668,
      23.0803165435791,
      64.22408294677734,
      30.026973724365234,
      62.21675109863281,
      14.930431365966797,
      27.621187210083008,
      44.460758209228516,
      0.4874631464481354,
      26.216476440429688,
      -0.04568438231945038,
      10.005354881286621,
      -0.08386669307947159
    ],
    [
      34.595420837402344,
      20.242597579956055,
      17.23223114013672,
      17.110191345214844,
      4.686281681060791,
      2.6373562812805176,
      6.024473190307617,
      8.708330154418945,
      7.8546462059021,
      10.25341510772705,
      1.9186763763427734,
      1.9810601472854614,
      2.7351186275482178,
      -0.11890620738267899,
      2.6200990676879883,
      -0.0065730563364923,
      1.2572861909866333,
      -0.010787655599415302
    ],
    [
      38.3112678527832,
      17.23223114013672,
      40.49063491821289,
      22.17683982849121,
      12.564520835876465,
      2.0627200603485107,
      11.598600387573242,
      8.400166511535645,
      21.319660186767578,
      18.959836959838867,
      13.285808563232422,
      8.836212158203125,
      2.562674045562744,
      -0.10892491042613983,
      1.6385135650634766,
      -0.002871423028409481,
      0.5699220895767212,
      -0.00777299702167511
    ],
    [
      59.64834976196289,
      17.110191345214844,
      22.17683982849121,
      41.07931900024414,
      9.386876106262207,
      11.915940284729004,
      8.890583992004395,
      35.64159393310547,
      10.682283401489258,
      34.63010025024414,
      4.268117427825928,
      14.430242538452148,
      19.582828521728516,
      -0.06400290876626968,
      12.347018241882324,
      -0.0259651318192482,
      5.607412338256836,
      -0.04412243887782097
    ],
    [
      13.829262733459473,
      4.686281681060791,
      12.564520835876465,
      9.386876106262207,
      24.432687759399414,
      8.280596733093262,
      13.574397087097168,
      10.484946250915527,
      11.137079238891602,
      11.071755409240723,
      9.069079399108887,
      7.435176849365234,
      -1.2307333946228027,
      -0.04753945395350456,
      1.1213202476501465,
      -0.0036208098754286766,
      0.6987664699554443,
      -0.015602481551468372
    ],
    [
      19.60114860534668,
      2.6373562812805176,
      2.0627200603485107,
      11.915940284729004,
      8.280596733093262,
      30.20850372314453,
      3.26664662361145,
      19.170686721801758,
      -2.4394216537475586,
      13.086578369140625,
      -1.3614521026611328,
      7.165333271026611,
      7.550544738769531,
      -0.1511201411485672,
      5.622427463531494,
      -0.015078799799084663,
      2.956983804702759,
      -0.05205899104475975
    ],
    [
      23.0803165435791,
      6.024473190307617,
      11.598600387573242,
      8.890583992004395,
      13.574397087097168,
      3.26664662361145,
      63.25796127319336,
      31.61534881591797,
      40.75627517700195,
      26.703872680664062,
      26.515920639038086,
      14.395450592041016,
      16.986419677734375,
      0.7779355049133301,
      7.373292446136475,
      -0.00400636438280344,
      0.9158188700675964,
      -0.019554220139980316
    ],
    [
      64.22408294677734,
      8.708330154418945,
      8.400166511535645,
      35.64159393310547,
      10.484946250915527,
      19.170686721801758,
      31.61534881591797,
      81.65985107421875,
      23.09566879272461,
      58.847896575927734,
      14.119305610656738,
      30.09977912902832,
      44.230247497558594,
      1.0631023645401,
      23.31158447265625,
      -0.03986693546175957,
      8.826335906982422,
      -0.07316049933433533
    ],
    [
      30.026973724365234,
      7.8546462059021,
      21.319660186767578,
      10.682283401489258,
      11.137079238891602,
      -2.4394216537475586,
      40.75627517700195,
      23.09566879272461,
      54.288360595703125,
      33.545536041259766,
      36.22343444824219,
      18.903474807739258,
      26.189504623413086,
      1.0968868732452393,
      11.145594596862793,
      -0.002841017907485366,
      1.1486645936965942,
      -0.013223636895418167
    ],
    [
      62.21675109863281,
      10.25341510772705,
      18.959836959838867,
      34.63010025024414,
      11.071755409240723,
      13.086578369140625,
      26.703872680664062,
      58.847896575927734,
      33.545536041259766,
      60.62832260131836,
      21.937938690185547,
      30.584341049194336,
      41.38494110107422,
      1.1723700761795044,
      20.981693267822266,
      -0.03246622905135155,
      7.325399875640869,
      -0.06294913589954376
    ],
    [
      14.930431365966797,
      1.9186763763427734,
      13.285808563232422,
      4.268117427825928,
      9.069079399108887,
      -1.3614521026611328,
      26.515920639038086,
      14.119305610656738,
      36.22343444824219,
      21.937938690185547,
      40.20500564575195,
      15.735373497009277,
      25.918893814086914,
      0.738949716091156,
      11.714194297790527,
      -0.0018371526384726167,
      1.094088077545166,
      -0.012720782309770584
    ],
    [
      27.621187210083008,
      1.9810601472854614,
      8.836212158203125,
      14.430242538452148,
      7.435176849365234,
      7.165333271026611,
      14.395450592041016,
      30.09977912902832,
      18.903474807739258,
      30.584341049194336,
      15.735373497009277,
      24.09957504272461,
      24.011974334716797,
      0.9313334822654724,
      11.453201293945312,
      -0.015007481910288334,
      3.5760138034820557,
      -0.03130057081580162
    ],
    [
      44.460758209228516,
      2.7351186275482178,
      2.562674045562744,
      19.582828521728516,
      -1.2307333946228027,
      7.550544738769531,
      16.986419677734375,
      44.230247497558594,
      26.189504623413086,
      41.38494110107422,
      25.918893814086914,
      24.011974334716797,
      54.85309982299805,
      1.2453076839447021,
      25.781391143798828,
      -0.030008910223841667,
      7.236284255981445,
      -0.05740072950720787
    ],
    [
      0.4874631464481354,
      -0.11890620738267899,
      -0.10892491042613983,
      -0.06400290876626968,
      -0.04753945395350456,
      -0.1511201411485672,
      0.7779355049133301,
      1.0631023645401,
      1.0968868732452393,
      1.1723700761795044,
      0.738949716091156,
      0.9313334822654724,
      1.2453076839447021,
      0.15889553725719452,
      0.5103459358215332,
      -0.0003295582137070596,
      0.09536349773406982,
      -0.0008854728075675666
    ],
    [
      26.216476440429688,
      2.6200990676879883,
      1.6385135650634766,
      12.347018241882324,
      1.1213202476501465,
      5.622427463531494,
      7.373292446136475,
      23.31158447265625,
      11.145594596862793,
      20.981693267822266,
      11.714194297790527,
      11.453201293945312,
      25.781391143798828,
      0.5103459358215332,
      14.305163383483887,
      -0.017237374559044838,
      4.100123882293701,
      -0.0339672677218914
    ],
    [
      -0.04568438231945038,
      -0.0065730563364923,
      -0.002871423028409481,
      -0.0259651318192482,
      -0.0036208098754286766,
      -0.015078799799084663,
      -0.00400636438280344,
      -0.03986693546175957,
      -0.002841017907485366,
      -0.03246622905135155,
      -0.0018371526384726167,
      -0.015007481910288334,
      -0.030008910223841667,
      -0.0003295582137070596,
      -0.017237374559044838,
      3.7691075704060495e-05,
      -0.006862342357635498,
      7.013020513113588e-05
    ],
    [
      10.005354881286621,
      1.2572861909866333,
      0.5699220895767212,
      5.607412338256836,
      0.6987664699554443,
      2.956983804702759,
      0.9158188700675964,
      8.826335906982422,
      1.1486645936965942,
      7.325399875640869,
      1.094088077545166,
      3.5760138034820557,
      7.236284255981445,
      0.09536349773406982,
      4.100123882293701,
      -0.006862342357635498,
      1.601416826248169,
      -0.013040585443377495
    ],
    [
      -0.08386669307947159,
      -0.010787655599415302,
      -0.00777299702167511,
      -0.04412243887782097,
      -0.015602481551468372,
      -0.05205899104475975,
      -0.019554220139980316,
      -0.07316049933433533,
      -0.013223636895418167,
      -0.06294913589954376,
      -0.012720782309770584,
      -0.03130057081580162,
      -0.05740072950720787,
      -0.0008854728075675666,
      -0.0339672677218914,
      7.013020513113588e-05,
      -0.013040585443377495,
      0.00030703184893354774
    ]
  ],
  "damage": -13.347734451293945,
  "diff_bandwidth": 870.6947631835938,
  "dissonance": 6.142343694477602,
  "drr": 4.992537498474121,
  "dynamics": 3.6154708862304688,
  "format": 1245190,
  "frames": 909248,
  "loudness": -20.435413360595703,
  "loudness_range": 10.130377769470215,
  "loudness_range_short": 12.4271240234375,
  "lowpass_true_peak_15khz": -8.468358039855957,
  "mastering3_acoustic_entropies": [
    {
      "acoustic_entropy": 8.456121444702148,
      "acoustic_entropy_mono": 8.443933486938477,
      "band_eliminated_acoustic_entropies": [
        {
          "acoustic_entropy": 8.436870574951172,
          "acoustic_entropy_side": 8.456121444702148,
          "hz": 129.47220167065723
        },
        {
          "acoustic_entropy": 8.394659042358398,
          "acoustic_entropy_side": 8.456120491027832,
          "hz": 202.92927478742237
        },
        {
          "acoustic_entropy": 8.413402557373047,
          "acoustic_entropy_side": 8.456114768981934,
          "hz": 282.89161906338205
        },
        {
          "acoustic_entropy": 8.413185119628906,
          "acoustic_entropy_side": 8.456110000610352,
          "hz": 369.9353335868758
        },
        {
          "acoustic_entropy": 8.154541015625,
          "acoustic_entropy_side": 8.456075668334961,
          "hz": 464.6875360973435
        },
        {
          "acoustic_entropy": 9.050559043884277,
          "acoustic_entropy_side": 8.456023216247559,
          "hz": 567.8308811364784
        },
        {
          "acoustic_entropy": 7.784677028656006,
          "acoustic_entropy_side": 8.452625274658203,
          "hz": 680.1084783214808
        },
        {
          "acoustic_entropy": 8.591833114624023,
          "acoustic_entropy_side": 8.456685066223145,
          "hz": 802.3292461747484
        },
        {
          "acoustic_entropy": 8.281486511230469,
          "acoustic_entropy_side": 8.456226348876953,
          "hz": 935.3737400823702
        },
        {
          "acoustic_entropy": 8.365650177001953,
          "acoustic_entropy_side": 8.456174850463867,
          "hz": 1080.2004963696966
        },
        {
          "acoustic_entropy": 8.241684913635254,
          "acoustic_entropy_side": 8.45543098449707,
          "hz": 1237.8529382007157
        },
        {
          "acoustic_entropy": 8.690431594848633,
          "acoustic_entropy_side": 8.455916404724121,
          "hz": 1409.4668930556702
        },
        {
          "acoustic_entropy": 7.927436828613281,
          "acoustic_entropy_side": 8.456221580505371,
          "hz": 1596.2787759475705
        },
        {
          "acoustic_entropy": 8.058671951293945,
          "acoustic_entropy_side": 8.455716133117676,
          "hz": 1799.6344973346393
        },
        {
          "acoustic_entropy": 8.577186584472656,
          "acoustic_entropy_side": 8.456121444702148,
          "hz": 2020.9991599069049
        },
        {
          "acoustic_entropy": 8.396994590759277,
          "acoustic_entropy_side": 8.456042289733887,
          "hz": 2261.9676141086993
        },
        {
          "acoustic_entropy": 8.764296531677246,
          "acoustic_entropy_side": 8.455643653869629,
          "hz": 2524.2759484456974
        },
        {
          "acoustic_entropy": 8.456513404846191,
          "acoustic_entropy_side": 8.456066131591797,
          "hz": 2809.813997359896
        },
        {
          "acoustic_entropy": 8.198897361755371,
          "acoustic_entropy_side": 8.456098556518555,
          "hz": 3120.6389567871424
        },
        {
          "acoustic_entropy": 8.932482719421387,
          "acoustic_entropy_side": 8.456083297729492,
          "hz": 3458.990205492291
        },
        {
          "acoustic_entropy": 8.346769332885742,
          "acoustic_entropy_side": 8.456106185913086,
          "hz": 3827.305438964164
        },
        {
          "acoustic_entropy": 8.626260757446289,
          "acoustic_entropy_side": 8.456125259399414,
          "hz": 4228.238232109126
        },
        {
          "acoustic_entropy": 8.480140686035156,
          "acoustic_entropy_side": 8.456121444702148,
          "hz": 4664.6771572759235
        },
        {
          "acoustic_entropy": 8.459000587463379,
          "acoustic_entropy_side": 8.456121444702148,
          "hz": 5139.766595350093
        },
        {
          "acoustic_entropy": 8.45583724975586,
          "acoustic_entropy_side": 8.456121444702148,
          "hz": 5656.929389854203
        },
        {
          "acoustic_entropy": 8.456024169921875,
          "acoustic_entropy_side": 8.456121444702148,
          "hz": 6219.891507268283
        },
        {
          "acoustic_entropy": 8.456709861755371,
          "acoustic_entropy_side": 8.456121444702148,
          "hz": 6832.70888123896
        },
        {
          "acoustic_entropy": 8.456954956054688,
          "acoustic_entropy_side": 8.456121444702148,
          "hz": 7499.796634079867
        },
        {
          "acoustic_entropy": 8.45680046081543,
          "acoustic_entropy_side": 8.456121444702148,
          "hz": 8225.96088609342
        },
        {
          "acoustic_entropy": 8.456109046936035,
          "acoustic_entropy_side": 8.456121444702148,
          "hz": 9016.43338188839
        },
        {
          "acoustic_entropy": 8.4561185836792,
          "acoustic_entropy_side": 8.456121444702148,
          "hz": 9876.909183162974
        },
        {
          "acoustic_entropy": 8.456121444702148,
          "acoustic_entropy_side": 8.456121444702148,
          "hz": 10813.587699516042
        },
        {
          "acoustic_entropy": 8.456121444702148,
          "acoustic_entropy_side": 8.456121444702148,
          "hz": 11833.21735289826
        },
        {
          "acoustic_entropy": 8.456121444702148,
          "acoustic_entropy_side": 8.456121444702148,
          "hz": 12943.144197493959
        },
        {
          "acoustic_entropy": 8.456121444702148,
          "acoustic_entropy_side": 8.456121444702148,
          "hz": 14151.364845322005
        },
        {
          "acoustic_entropy": 8.456121444702148,
          "acoustic_entropy_side": 8.456121444702148,
          "hz": 15466.58407886509
        },
        {
          "acoustic_entropy": 8.456121444702148,
          "acoustic_entropy_side": 8.456121444702148,
          "hz": 16898.27756580493
        },
        {
          "acoustic_entropy": 8.456121444702148,
          "acoustic_entropy_side": 8.456121444702148,
          "hz": 18456.760127700032
        },
        {
          "acoustic_entropy": 8.456121444702148,
          "acoustic_entropy_side": 8.456121444702148,
          "hz": 20153.260054456492
        },
        {
          "acoustic_entropy": 8.456121444702148,
          "acoustic_entropy_side": 8.456121444702148,
          "hz": 22000.00000000001
        }
      ],
      "diff_acoustic_entropy": 5.2282562255859375,
      "sn": 6
    },
    {
      "acoustic_entropy": 10.828493118286133,
      "acoustic_entropy_mono": 10.711705207824707,
      "band_eliminated_acoustic_entropies": [
        {
          "acoustic_entropy": 10.841176986694336,
          "acoustic_entropy_side": 10.828492164611816,
          "hz": 129.47220167065723
        },
        {
          "acoustic_entropy": 10.81657600402832,
          "acoustic_entropy_side": 10.8284912109375,
          "hz": 202.92927478742237
        },
        {
          "acoustic_entropy": 10.776237487792969,
          "acoustic_entropy_side": 10.828465461730957,
          "hz": 282.89161906338205
        },
        {
          "acoustic_entropy": 10.654772758483887,
          "acoustic_entropy_side": 10.828413009643555,
          "hz": 369.9353335868758
        },
        {
          "acoustic_entropy": 10.90638542175293,
          "acoustic_entropy_side": 10.828105926513672,
          "hz": 464.6875360973435
        },
        {
          "acoustic_entropy": 11.368724822998047,
          "acoustic_entropy_side": 10.82541561126709,
          "hz": 567.8308811364784
        },
        {
          "acoustic_entropy": 10.60094928741455,
          "acoustic_entropy_side": 10.756446838378906,
          "hz": 680.1084783214808
        },
        {
          "acoustic_entropy": 11.379583358764648,
          "acoustic_entropy_side": 10.81584644317627,
          "hz": 802.3292461747484
        },
        {
          "acoustic_entropy": 10.762474060058594,
          "acoustic_entropy_side": 10.796113967895508,
          "hz": 935.3737400823702
        },
        {
          "acoustic_entropy": 10.71082878112793,
          "acoustic_entropy_side": 10.822563171386719,
          "hz": 1080.2004963696966
        },
        {
          "acoustic_entropy": 10.132383346557617,
          "acoustic_entropy_side": 10.837592124938965,
          "hz": 1237.8529382007157
        },
        {
          "acoustic_entropy": 10.927360534667969,
          "acoustic_entropy_side": 10.82625961303711,
          "hz": 1409.4668930556702
        },
        {
          "acoustic_entropy": 10.42978286743164,
          "acoustic_entropy_side": 10.832448959350586,
          "hz": 1596.2787759475705
        },
        {
          "acoustic_entropy": 9.9630765914917,
          "acoustic_entropy_side": 10.82518482208252,
          "hz": 1799.6344973346393
        },
        {
          "acoustic_entropy": 11.125720977783203,
          "acoustic_entropy_side": 10.827146530151367,
          "hz": 2020.9991599069049
        },
        {
          "acoustic_entropy": 10.84824275970459,
          "acoustic_entropy_side": 10.828413009643555,
          "hz": 2261.9676141086993
        },
        {
          "acoustic_entropy": 10.60206127166748,
          "acoustic_entropy_side": 10.825077056884766,
          "hz": 2524.2759484456974
        },
        {
          "acoustic_entropy": 11.065191268920898,
          "acoustic_entropy_side": 10.827857971191406,
          "hz": 2809.813997359896
        },
        {
          "acoustic_entropy": 10.718194007873535,
          "acoustic_entropy_side": 10.828397750854492,
          "hz": 3120.6389567871424
        },
        {
          "acoustic_entropy": 10.766695976257324,
          "acoustic_entropy_side": 10.828237533569336,
          "hz": 3458.990205492291
        },
        {
          "acoustic_entropy": 10.832571029663086,
          "acoustic_entropy_side": 10.82828140258789,
          "hz": 3827.305438964164
        },
        {
          "acoustic_entropy": 11.082664489746094,
          "acoustic_entropy_side": 10.82856559753418,
          "hz": 4228.238232109126
        },
        {
          "acoustic_entropy": 10.836464881896973,
          "acoustic_entropy_side": 10.828495025634766,
          "hz": 4664.6771572759235
        },
        {
          "acoustic_entropy": 10.82214069366455,
          "acoustic_entropy_side": 10.828492164611816,
          "hz": 5139.766595350093
        },
        {
          "acoustic_entropy": 10.832780838012695,
          "acoustic_entropy_side": 10.828493118286133,
          "hz": 5656.929389854203
        },
        {
          "acoustic_entropy": 10.8338041305542,
          "acoustic_entropy_side": 10.828493118286133,
          "hz": 6219.891507268283
        },
        {
          "acoustic_entropy": 10.841609001159668,
          "acoustic_entropy_side": 10.828493118286133,
          "hz": 6832.70888123896
        },
        {
          "acoustic_entropy": 10.82729434967041,
          "acoustic_entropy_side": 10.828493118286133,
          "hz": 7499.796634079867
        },
        {
          "acoustic_entropy": 10.822001457214355,
          "acoustic_entropy_side": 10.828493118286133,
          "hz": 8225.96088609342
        },
        {
          "acoustic_entropy": 10.828006744384766,
          "acoustic_entropy_side": 10.828493118286133,
          "hz": 9016.43338188839
        },
        {
          "acoustic_entropy": 10.828332901000977,
          "acoustic_entropy_side": 10.828493118286133,
          "hz": 9876.909183162974
        },
        {
          "acoustic_entropy": 10.828492164611816,
          "acoustic_entropy_side": 10.828493118286133,
          "hz": 10813.587699516042
        },
        {
          "acoustic_entropy": 10.828495025634766,
          "acoustic_entropy_side": 10.828493118286133,
          "hz": 11833.21735289826
        },
        {
          "acoustic_entropy": 10.828495025634766,
          "acoustic_entropy_side": 10.828493118286133,
          "hz": 12943.144197493959
        },
        {
          "acoustic_entropy": 10.828495025634766,
          "acoustic_entropy_side": 10.828493118286133,
          "hz": 14151.364845322005
        },
        {
          "acoustic_entropy": 10.82849407196045,
          "acoustic_entropy_side": 10.828493118286133,
          "hz": 15466.58407886509
        },
        {
          "acoustic_entropy": 10.828493118286133,
          "acoustic_entropy_side": 10.828493118286133,
          "hz": 16898.27756580493
        },
        {
          "acoustic_entropy": 10.828493118286133,
          "acoustic_entropy_side": 10.828493118286133,
          "hz": 18456.760127700032
        },
        {
          "acoustic_entropy": 10.828493118286133,
          "acoustic_entropy_side": 10.828493118286133,
          "hz": 20153.260054456492
        },
        {
          "acoustic_entropy": 10.828493118286133,
          "acoustic_entropy_side": 10.828493118286133,
          "hz": 22000.00000000001
        }
      ],
      "diff_acoustic_entropy": 6.351191997528076,
      "sn": 12
    },
    {
      "acoustic_entropy": 14.553629875183105,
      "acoustic_entropy_mono": 14.252705574035645,
      "band_eliminated_acoustic_entropies": [
        {
          "acoustic_entropy": 14.606515884399414,
          "acoustic_entropy_side": 14.553616523742676,
          "hz": 129.47220167065723
        },
        {
          "acoustic_entropy": 14.780698776245117,
          "acoustic_entropy_side": 14.553254127502441,
          "hz": 202.92927478742237
        },
        {
          "acoustic_entropy": 14.306482315063477,
          "acoustic_entropy_side": 14.551688194274902,
          "hz": 282.89161906338205
        },
        {
          "acoustic_entropy": 14.2518892288208,
          "acoustic_entropy_side": 14.522918701171875,
          "hz": 369.9353335868758
        },
        {
          "acoustic_entropy": 14.515767097473145,
          "acoustic_entropy_side": 14.516735076904297,
          "hz": 464.6875360973435
        },
        {
          "acoustic_entropy": 14.53491497039795,
          "acoustic_entropy_side": 14.509500503540039,
          "hz": 567.8308811364784
        },
        {
          "acoustic_entropy": 14.516557693481445,
          "acoustic_entropy_side": 14.819439888000488,
          "hz": 680.1084783214808
        },
        {
          "acoustic_entropy": 13.800278663635254,
          "acoustic_entropy_side": 14.198516845703125,
          "hz": 802.3292461747484
        },
        {
          "acoustic_entropy": 13.520318031311035,
          "acoustic_entropy_side": 14.487198829650879,
          "hz": 935.3737400823702
        },
        {
          "acoustic_entropy": 14.368369102478027,
          "acoustic_entropy_side": 14.6322021484375,
          "hz": 1080.2004963696966
        },
        {
          "acoustic_entropy": 14.224958419799805,
          "acoustic_entropy_side": 14.330971717834473,
          "hz": 1237.8529382007157
        },
        {
          "acoustic_entropy": 14.697225570678711,
          "acoustic_entropy_side": 14.38044261932373,
          "hz": 1409.4668930556702
        },
        {
          "acoustic_entropy": 14.196686744689941,
          "acoustic_entropy_side": 14.484138488769531,
          "hz": 1596.2787759475705
        },
        {
          "acoustic_entropy": 13.746500015258789,
          "acoustic_entropy_side": 14.13920783996582,
          "hz": 1799.6344973346393
        },
        {
          "acoustic_entropy": 14.639848709106445,
          "acoustic_entropy_side": 14.421481132507324,
          "hz": 2020.9991599069049
        },
        {
          "acoustic_entropy": 14.115246772766113,
          "acoustic_entropy_side": 14.94163990020752,
