{
  "acoustic_entropy": 258.00360107421875,
  "bands": [
    {
      "high_freq": 148.1999969482422,
      "loudness": -19.311687469482422,
      "loudness_range": 5.108512878417969,
      "mid_mean": -15.917290687561035,
      "mid_to_side_loudness": -12.719732284545898,
      "mid_to_side_loudness_range": 11.9232177734375,
      "side_mean": -28.55327606201172
    },
    {
      "high_freq": 392.3793640136719,
      "loudness": -18.698486328125,
      "loudness_range": 6.565393447875977,
      "low_freq": 148.1999969482422,
      "mid_mean": -16.202939987182617,
      "mid_to_side_loudness": -5.714576721191406,
      "mid_to_side_loudness_range": 8.186216354370117,
      "side_mean": -21.84291648864746
    },
    {
      "high_freq": 794.6976318359375,
      "loudness": -22.05742073059082,
      "loudness_range": 9.815359115600586,
      "low_freq": 392.3793640136719,
      "mid_mean": -19.618091583251953,
      "mid_to_side_loudness": -5.86923360824585,
      "mid_to_side_loudness_range": 10.592901229858398,
      "side_mean": -25.498607635498047
    },
    {
      "high_freq": 1457.5709228515625,
      "loudness": -21.38534164428711,
      "loudness_range": 12.26518726348877,
      "low_freq": 794.6976318359375,
      "mid_mean": -18.985227584838867,
      "mid_to_side_loudness": -5.7602858543396,
      "mid_to_side_loudness_range": 11.107553482055664,
      "side_mean": -24.779539108276367
    },
    {
      "high_freq": 2549.74365234375,
      "loudness": -22.376684188842773,
      "loudness_range": 11.648725509643555,
      "low_freq": 1457.5709228515625,
      "mid_mean": -20.124906539916992,
      "mid_to_side_loudness": -4.822816371917725,
      "mid_to_side_loudness_range": 9.182408332824707,
      "side_mean": -24.960256576538086
    },
    {
      "high_freq": 4349.24462890625,
      "loudness": -22.877304077148438,
      "loudness_range": 12.024564743041992,
      "low_freq": 2549.74365234375,
      "mid_mean": -20.458839416503906,
      "mid_to_side_loudness": -5.51769495010376,
      "mid_to_side_loudness_range": 9.371988296508789,
      "side_mean": -26.010622024536133
    },
    {
      "high_freq": 7314.1640625,
      "loudness": -25.829586029052734,
      "loudness_range": 10.654962539672852,
      "low_freq": 4349.24462890625,
      "mid_mean": -23.36026382446289,
      "mid_to_side_loudness": -5.720702171325684,
      "mid_to_side_loudness_range": 10.035301208496094,
      "side_mean": -29.25139808654785
    },
    {
      "high_freq": 12199.2666015625,
      "loudness": -27.134239196777344,
      "loudness_range": 15.818124771118164,
      "low_freq": 7314.1640625,
      "mid_mean": -24.553682327270508,
      "mid_to_side_loudness": -6.635364532470703,
      "mid_to_side_loudness_range": 12.162169456481934,
      "side_mean": -31.43663215637207
    },
    {
      "loudness": -33.009246826171875,
      "loudness_range": 14.4476318359375,
      "low_freq": 12199.2666015625,
      "mid_mean": -30.84964942932129,
      "mid_to_side_loudness": -4.885753631591797,
      "mid_to_side_loudness_range": 10.862689018249512,
      "side_mean": -35.736083984375
    }
  ],
  "bands_short": [
    {
      "high_freq": 148.1999969482422,
      "loudness": -22.145490646362305,
      "loudness_range": 12.707056045532227,
      "mid_mean": -18.779850006103516,
      "mid_to_side_loudness": -14.301498413085938,
      "mid_to_side_loudness_range": 20.87906837463379,
      "side_mean": -33.39825439453125
    },
    {
      "high_freq": 392.3793640136719,
      "loudness": -18.3525333404541,
      "loudness_range": 8.789039611816406,
      "low_freq": 148.1999969482422,
      "mid_mean": -15.839094161987305,
      "mid_to_side_loudness": -6.281552791595459,
      "mid_to_side_loudness_range": 11.183825492858887,
      "side_mean": -22.074148178100586
    },
    {
      "high_freq": 794.6976318359375,
      "loudness": -22.832788467407227,
      "loudness_range": 13.55659294128418,
      "low_freq": 392.3793640136719,
      "mid_mean": -20.55800437927246,
      "mid_to_side_loudness": -5.722377777099609,
      "mid_to_side_loudness_range": 13.800607681274414,
      "side_mean": -26.36876678466797
    },
    {
      "high_freq": 1457.5709228515625,
      "loudness": -22.458341598510742,
      "loudness_range": 16.345294952392578,
      "low_freq": 794.6976318359375,
      "mid_mean": -20.34808921813965,
      "mid_to_side_loudness": -5.1968159675598145,
      "mid_to_side_loudness_range": 13.780816078186035,
      "side_mean": -25.557165145874023
    },
    {
      "high_freq": 2549.74365234375,
      "loudness": -23.516929626464844,
      "loudness_range": 15.327840805053711,
      "low_freq": 1457.5709228515625,
      "mid_mean": -21.444503784179688,
      "mid_to_side_loudness": -4.5178608894348145,
      "mid_to_side_loudness_range": 11.175285339355469,
      "side_mean": -25.97481346130371
    },
    {
      "high_freq": 4349.24462890625,
      "loudness": -23.766260147094727,
      "loudness_range": 15.459734916687012,
      "low_freq": 2549.74365234375,
      "mid_mean": -21.573928833007812,
      "mid_to_side_loudness": -4.995601654052734,
      "mid_to_side_loudness_range": 10.984652519226074,
      "side_mean": -26.550453186035156
    },
    {
      "high_freq": 7314.1640625,
      "loudness": -26.905597686767578,
      "loudness_range": 15.003524780273438,
      "low_freq": 4349.24462890625,
      "mid_mean": -24.6273193359375,
      "mid_to_side_loudness": -5.381022930145264,
      "mid_to_side_loudness_range": 11.566807746887207,
      "side_mean": -30.070411682128906
    },
    {
      "high_freq": 12199.2666015625,
      "loudness": -29.012563705444336,
      "loudness_range": 19.193838119506836,
      "low_freq": 7314.1640625,
      "mid_mean": -26.6570987701416,
      "mid_to_side_loudness": -6.011474609375,
      "mid_to_side_loudness_range": 13.441875457763672,
      "side_mean": -32.84722137451172
    },
    {
      "loudness": -36.210784912109375,
      "loudness_range": 20.98692512512207,
      "low_freq": 12199.2666015625,
      "mid_mean": -34.10708999633789,
      "mid_to_side_loudness": -5.071195602416992,
      "mid_to_side_loudness_range": 12.480608940124512,
      "side_mean": -39.448612213134766
    }
  ],
  "bandwidth": 713.43212890625,
  "channels": 2,
  "covariance": [
    [
      12.06878662109375,
      4.8714776039123535,
      3.3280086517333984,
      4.908619403839111,
      2.9990174770355225,
      5.343710422515869,
      3.762773275375366,
      3.6304049491882324,
      3.3046884536743164,
      3.5654375553131104,
      4.8452229499816895,
      5.179476737976074,
      3.044478178024292,
      2.9642696380615234,
      1.156806468963623,
      2.189145565032959,
      2.6785824298858643,
      3.4835364818573
    ],
    [
      4.8714776039123535,
      18.82219886779785,
      2.173537015914917,
      5.29790735244751,
      2.397735357284546,
      2.505972146987915,
      5.028445720672607,
      3.4212639331817627,
      3.8104588985443115,
      3.6500885486602783,
      4.239273548126221,
      4.559530258178711,
      2.839851140975952,
      4.494681358337402,
      2.5144894123077393,
      4.3332319259643555,
      4.533527374267578,
      4.376138687133789
    ],
    [
      3.3280086517333984,
      2.173537015914917,
      9.70025634765625,
      6.0569539070129395,
      4.008872985839844,
      4.496681213378906,
      2.9371862411499023,
      2.4885642528533936,
      2.7003917694091797,
      2.10345721244812,
      4.507587909698486,
      4.047420978546143,
      3.677781343460083,
      3.229175090789795,
      3.1242194175720215,
      3.4373090267181396,
      2.0380990505218506,
      2.974008321762085
    ],
    [
      4.908619403839111,
      5.29790735244751,
      6.0569539070129395,
      13.209826469421387,
      4.850986480712891,
      7.7520318031311035,
      4.521468639373779,
      4.465541362762451,
      4.152099132537842,
      3.085411548614502,
      4.541624069213867,
      6.841908931732178,
      3.270787477493286,
      6.167046546936035,
      3.431725025177002,
      6.100528717041016,
      4.626619338989258,
      6.270255088806152
    ],
    [
      2.9990174770355225,
      2.397735357284546,
      4.008872985839844,
      4.850986480712891,
      17.219797134399414,
      9.63585376739502,
      12.1171293258667,
      5.771872520446777,
      10.709136009216309,
      7.455273628234863,
      10.31544303894043,
      8.63691520690918,
      7.4731245040893555,
      6.601004600524902,
      6.201551914215088,
      5.651899337768555,
      4.89834451675415,
      3.964008092880249
    ],
    [
      5.343710422515869,
      2.505972146987915,
      4.496681213378906,
      7.7520318031311035,
      9.63585376739502,
      17.5010986328125,
      7.856137275695801,
      7.942645072937012,
      7.05108642578125,
      7.303810119628906,
      6.804747104644775,
      10.480149269104004,
      5.260368824005127,
      8.890205383300781,
      3.8905742168426514,
      7.407421112060547,
      3.5945351123809814,
      5.293673038482666
    ],
    [
      3.762773275375366,
      5.028445720672607,
      2.9371862411499023,
      4.521468639373779,
      12.1171293258667,
      7.856137275695801,
      27.91115379333496,
      13.193475723266602,
      19.363971710205078,
      10.711474418640137,
      13.30406379699707,
      10.206130027770996,
      9.549432754516602,
      8.97994327545166,
      5.355776309967041,
      8.846036911010742,
      4.824795722961426,
      5.530627250671387
    ],
    [
      3.6304049491882324,
      3.4212639331817627,
      2.4885642528533936,
      4.465541362762451,
      5.771872520446777,
      7.942645072937012,
      13.193475723266602,
      15.211034774780273,
      10.526260375976562,
      9.876218795776367,
      7.816128730773926,
      9.020096778869629,
      5.513208389282227,
      7.76076602935791,
      2.059022903442383,
      6.286067485809326,
      1.9571644067764282,
      3.577890396118164
    ],
    [
      3.3046884536743164,
      3.8104588985443115,
      2.7003917694091797,
      4.152099132537842,
      10.709136009216309,
      7.05108642578125,
      19.363971710205078,
      10.526260375976562,
      23.338808059692383,
      13.247117042541504,
      15.540729522705078,
      11.701375007629395,
      11.015851974487305,
      8.372213363647461,
      5.815321922302246,
      7.6212358474731445,
      5.608505725860596,
      5.675909996032715
    ],
    [
      3.5654375553131104,
      3.6500885486602783,
      2.10345721244812,
      3.085411548614502,
      7.455273628234863,
      7.303810119628906,
      10.711474418640137,
      9.876218795776367,
      13.247117042541504,
      14.985554695129395,
      10.666029930114746,
      11.192846298217773,
      7.470330715179443,
      7.914967060089111,
      3.910193681716919,
      5.818861484527588,
      4.158998489379883,
      4.326955318450928
    ],
    [
      4.8452229499816895,
      4.239273548126221,
      4.507587909698486,
      4.541624069213867,
      10.31544303894043,
      6.804747104644775,
      13.30406379699707,
      7.816128730773926,
      15.540729522705078,
      10.666029930114746,
      24.56564712524414,
      14.714150428771973,
      16.191692352294922,
      10.68799877166748,
      10.156237602233887,
      9.31088924407959,
      7.805600166320801,
      6.546985149383545
    ],
    [
      5.179476737976074,
      4.559530258178711,
      4.047420978546143,
      6.841908931732178,
      8.63691520690918,
      10.480149269104004,
      10.206130027770996,
      9.020096778869629,
      11.701375007629395,
      11.192846298217773,
      14.714150428771973,
      17.976158142089844,
      10.536579132080078,
      14.897132873535156,
      6.256107330322266,
      12.010659217834473,
      5.9311370849609375,
      8.36105728149414
    ],
    [
      3.044478178024292,
      2.839851140975952,
      3.677781343460083,
      3.270787477493286,
      7.4731245040893555,
      5.260368824005127,
      9.549432754516602,
      5.513208389282227,
      11.015851974487305,
      7.470330715179443,
      16.191692352294922,
      10.536579132080078,
      18.127986907958984,
      11.480256080627441,
      12.812313079833984,
      11.029255867004395,
      9.632942199707031,
      7.450967311859131
    ],
    [
      2.9642696380615234,
      4.494681358337402,
      3.229175090789795,
      6.167046546936035,
      6.601004600524902,
      8.890205383300781,
      8.97994327545166,
      7.76076602935791,
      8.372213363647461,
      7.914967060089111,
      10.68799877166748,
      14.897132873535156,
      11.480256080627441,
      22.057052612304688,
      7.988299369812012,
      17.674108505249023,
      6.918469429016113,
      11.623777389526367
    ],
    [
      1.156806468963623,
      2.5144894123077393,
      3.1242194175720215,
      3.431725025177002,
      6.201551914215088,
      3.8905742168426514,
      5.355776309967041,
      2.059022903442383,
      5.815321922302246,
      3.910193681716919,
      10.156237602233887,
      6.256107330322266,
      12.812313079833984,
      7.988299369812012,
      27.94227409362793,
      16.212432861328125,
      21.955928802490234,
      11.62954044342041
    ],
    [
      2.189145565032959,
      4.3332319259643555,
      3.4373090267181396,
      6.100528717041016,
      5.651899337768555,
      7.407421112060547,
      8.846036911010742,
      6.286067485809326,
      7.6212358474731445,
      5.818861484527588,
      9.31088924407959,
      12.010659217834473,
      11.029255867004395,
      17.674108505249023,
      16.212432861328125,
      27.476171493530273,
      14.05232048034668,
      18.934125900268555
    ],
    [
      2.6785824298858643,
      4.533527374267578,
      2.0380990505218506,
      4.626619338989258,
      4.89834451675415,
      3.5945351123809814,
      4.824795722961426,
      1.9571644067764282,
      5.608505725860596,
      4.158998489379883,
      7.805600166320801,
      5.9311370849609375,
      9.632942199707031,
      6.918469429016113,
      21.955928802490234,
      14.05232048034668,
      27.254837036132812,
      15.665589332580566
    ],
    [
      3.4835364818573,
      4.376138687133789,
      2.974008321762085,
      6.270255088806152,
      3.964008092880249,
      5.293673038482666,
      5.530627250671387,
      3.577890396118164,
      5.675909996032715,
      4.326955318450928,
      6.546985149383545,
      8.36105728149414,
      7.450967311859131,
      11.623777389526367,
      11.62954044342041,
      18.934125900268555,
      15.665589332580566,
      24.65218734741211
    ]
  ],
  "covariance_short": [
    [
      27.887296676635742,
      4.991327285766602,
      4.774692535400391,
      6.899476051330566,
      2.8486058712005615,
      5.913491249084473,
      4.408583641052246,
      4.868630409240723,
      4.545178413391113,
      4.981905937194824,
      6.067868709564209,
      6.220262050628662,
      5.952314376831055,
      5.217058181762695,
      4.474772930145264,
      4.7183122634887695,
      5.795498847961426,
      7.1357035636901855
    ],
    [
      4.991327285766602,
      34.65763854980469,
      2.630714178085327,
      6.40872049331665,
      1.385955572128296,
      2.435934543609619,
      4.416585445404053,
      3.4398844242095947,
      4.320455074310303,
      5.52722692489624,
      4.852667331695557,
      4.859498023986816,
      2.572676658630371,
      3.103076696395874,
      2.0214898586273193,
      2.020059108734131,
      5.006591796875,
      4.822168827056885
    ],
    [
      4.774692535400391,
      2.630714178085327,
      15.646673202514648,
      9.105863571166992,
      5.7766547203063965,
      7.013677597045898,
      1.8757761716842651,
      4.597538948059082,
      3.1801600456237793,
      3.9234907627105713,
      5.065797805786133,
      4.970083236694336,
      4.101409435272217,
      3.633025884628296,
      3.697631597518921,
      2.2358362674713135,
      2.809879779815674,
      3.393470525741577
    ],
    [
      6.899476051330566,
      6.40872049331665,
      9.105863571166992,
      20.453529357910156,
      6.073909282684326,
      11.169374465942383,
      6.319769382476807,
      9.062480926513672,
      6.229322910308838,
      7.185188293457031,
      5.896545886993408,
      8.777876853942871,
      4.854643821716309,
      7.115112781524658,
      5.400454521179199,
      6.339883327484131,
      7.609516143798828,
      8.859818458557129
    ],
    [
      2.8486058712005615,
      1.385955572128296,
      5.7766547203063965,
      6.073909282684326,
      28.545194625854492,
      14.305877685546875,
      15.626765251159668,
      10.18126392364502,
      13.582341194152832,
      10.31202220916748,
      14.241189956665039,
      11.656383514404297,
      11.60338020324707,
      9.444507598876953,
      8.854436874389648,
      6.527138710021973,
      6.256226062774658,
      4.958894729614258
    ],
    [
      5.913491249084473,
      2.435934543609619,
      7.013677597045898,
      11.169374465942383,
      14.305877685546875,
      26.44915771484375,
      11.486098289489746,
      14.434662818908691,
      10.273848533630371,
      11.903018951416016,
      10.02123737335205,
      13.726212501525879,
      8.54533576965332,
      11.44199275970459,
      6.665754318237305,
      8.35699462890625,
      5.643304824829102,
      6.68701171875
    ],
    [
      4.408583641052246,
      4.416585445404053,
      1.8757761716842651,
      6.319769382476807,
      15.626765251159668,
      11.486098289489746,
      41.7880973815918,
      21.842666625976562,
      27.744272232055664,
      16.775732040405273,
      20.45461082458496,
      14.985438346862793,
      16.514684677124023,
      13.012825012207031,
      9.542213439941406,
      10.937854766845703,
      8.140549659729004,
      8.270180702209473
    ],
    [
      4.868630409240723,
      3.4398844242095947,
      4.597538948059082,
      9.062480926513672,
      10.18126392364502,
      14.434662818908691,
      21.842666625976562,
      28.23589324951172,
      17.565074920654297,
      17.348861694335938,
      13.811951637268066,
      15.032002449035645,
      10.934324264526367,
      12.384721755981445,
      7.468807697296143,
      10.039682388305664,
      6.818228244781494,
      8.082815170288086
    ],
    [
      4.545178413391113,
      4.320455074310303,
      3.1801600456237793,
      6.229322910308838,
      13.582341194152832,
      10.273848533630371,
      27.744272232055664,
      17.565074920654297,
      35.09969711303711,
      20.463207244873047,
      23.25092315673828,
      16.837705612182617,
      18.38423728942871,
      13.054139137268066,
      10.435152053833008,
      10.167525291442871,
      9.357881546020508,
      8.285989761352539
    ],
    [
      4.981905937194824,
      5.52722692489624,
      3.9234907627105713,
      7.185188293457031,
      10.31202220916748,
      11.903018951416016,
      16.775732040405273,
      17.348861694335938,
      20.463207244873047,
      24.23158073425293,
      16.206317901611328,
      17.567907333374023,
      12.32465934753418,
      12.944064140319824,
      7.8377838134765625,
      9.395567893981934,
      7.369174480438232,
      7.705288410186768
    ],
    [
      6.067868709564209,
      4.852667331695557,
      5.065797805786133,
      5.896545886993408,
      14.241189956665039,
      10.02123737335205,
      20.45461082458496,
      13.811951637268066,
      23.25092315673828,
      16.206317901611328,
      36.33771514892578,
      21.933822631835938,
      26.491193771362305,
      17.465137481689453,
      17.43100357055664,
      13.673014640808105,
      13.636474609375,
      11.165312767028809
    ],
    [
      6.220262050628662,
      4.859498023986816,
      4.970083236694336,
      8.777876853942871,
      11.656383514404297,
      13.726212501525879,
      14.985438346862793,
      15.032002449035645,
      16.837705612182617,
      17.567907333374023,
      21.933822631835938,
      26.651180267333984,
      16.8598690032959,
      20.507923126220703,
      11.440190315246582,
      15.456585884094238,
      10.140339851379395,
      12.702177047729492
    ],
    [
      5.952314376831055,
      2.572676658630371,
      4.101409435272217,
      4.854643821716309,
      11.60338020324707,
      8.54533576965332,
      16.514684677124023,
      10.934324264526367,
      18.38423728942871,
      12.32465934753418,
      26.491193771362305,
      16.8598690032959,
      33.49344253540039,
      21.040414810180664,
      24.937728881835938,
      18.908069610595703,
      21.301517486572266,
      17.219181060791016
    ],
    [
      5.217058181762695,
      3.103076696395874,
      3.633025884628296,
      7.115112781524658,
      9.444507598876953,
      11.44199275970459,
      13.012825012207031,
      12.384721755981445,
      13.054139137268066,
      12.944064140319824,
      17.465137481689453,
      20.507923126220703,
      21.040414810180664,
      31.506301879882812,
      16.011510848999023,
      25.038639068603516,
      15.343564987182617,
      22.619741439819336
    ],
    [
      4.474772930145264,
      2.0214898586273193,
      3.697631597518921,
      5.400454521179199,
      8.854436874389648,
      6.665754318237305,
      9.542213439941406,
      7.468807697296143,
      10.435152053833008,
      7.8377838134765625,
      17.43100357055664,
      11.440190315246582,
      24.937728881835938,
      16.011510848999023,
      46.24824523925781,
      27.8956241607666,
      40.56810760498047,
      26.782987594604492
    ],
    [
      4.7183122634887695,
      2.020059108734131,
      2.2358362674713135,
      6.339883327484131,
      6.527138710021973,
      8.35699462890625,
      10.937854766845703,
      10.039682388305664,
      10.167525291442871,
      9.395567893981934,
      13.673014640808105,
      15.456585884094238,
      18.908069610595703,
      25.038639068603516,
      27.8956241607666,
      41.687408447265625,
      28.331541061401367,
      38.604469299316406
    ],
    [
      5.795498847961426,
      5.006591796875,
      2.809879779815674,
      7.609516143798828,
      6.256226062774658,
      5.643304824829102,
      8.140549659729004,
      6.818228244781494,
      9.357881546020508,
      7.369174480438232,
      13.636474609375,
      10.140339851379395,
      21.301517486572266,
      15.343564987182617,
      40.56810760498047,
      28.331541061401367,
      56.815948486328125,
      41.20277786254883
    ],
    [
      7.1357035636901855,
      4.822168827056885,
      3.393470525741577,
      8.859818458557129,
      4.958894729614258,
      6.68701171875,
      8.270180702209473,
      8.082815170288086,
      8.285989761352539,
      7.705288410186768,
      11.165312767028809,
      12.702177047729492,
      17.219181060791016,
      22.619741439819336,
      26.782987594604492,
      38.604469299316406,
      41.20277786254883,
      62.1443977355957
    ]
  ],
  "damage": -5.1229681968688965,
  "diff_bandwidth": 752.6967163085938,
  "dissonance": 10.19524043995293,
  "drr": 6.566530227661133,
  "dynamics": 2.2565438747406006,
  "format": 1245190,
  "frames": 10905536,
  "loudness": -8.58586597442627,
  "loudness_range": 5.116595268249512,
  "loudness_range_short": 7.258995532989502,
  "lowpass_true_peak_15khz": 1.3582202196121216,
  "mastering3_acoustic_entropies": [
    {
      "acoustic_entropy": 7.178074836730957,
      "acoustic_entropy_mono": 7.426426887512207,
      "band_eliminated_acoustic_entropies": [
        {
          "acoustic_entropy": 7.175945281982422,
          "acoustic_entropy_side": 7.178342819213867,
          "hz": 129.47220167065723
        },
        {
          "acoustic_entropy": 7.258378982543945,
          "acoustic_entropy_side": 7.20987606048584,
          "hz": 202.92927478742237
        },
        {
          "acoustic_entropy": 7.28753137588501,
          "acoustic_entropy_side": 7.218533039093018,
          "hz": 282.89161906338205
        },
        {
          "acoustic_entropy": 6.978976249694824,
          "acoustic_entropy_side": 7.194197654724121,
          "hz": 369.9353335868758
        },
        {
          "acoustic_entropy": 7.05560302734375,
          "acoustic_entropy_side": 7.076848030090332,
          "hz": 464.6875360973435
        },
        {
          "acoustic_entropy": 6.989261150360107,
          "acoustic_entropy_side": 7.231293678283691,
          "hz": 567.8308811364784
        },
        {
          "acoustic_entropy": 6.804142951965332,
          "acoustic_entropy_side": 7.223535537719727,
          "hz": 680.1084783214808
        },
        {
          "acoustic_entropy": 7.425568580627441,
          "acoustic_entropy_side": 7.360790252685547,
          "hz": 802.3292461747484
        },
        {
          "acoustic_entropy": 7.664805889129639,
          "acoustic_entropy_side": 7.351072788238525,
          "hz": 935.3737400823702
        },
        {
          "acoustic_entropy": 7.57109260559082,
          "acoustic_entropy_side": 7.258181095123291,
          "hz": 1080.2004963696966
        },
        {
          "acoustic_entropy": 7.437943458557129,
          "acoustic_entropy_side": 7.053089141845703,
          "hz": 1237.8529382007157
        },
        {
          "acoustic_entropy": 7.097855567932129,
          "acoustic_entropy_side": 7.1222825050354,
          "hz": 1409.4668930556702
        },
        {
          "acoustic_entropy": 7.272209644317627,
          "acoustic_entropy_side": 7.168313503265381,
          "hz": 1596.2787759475705
        },
        {
          "acoustic_entropy": 7.277416229248047,
          "acoustic_entropy_side": 7.263524532318115,
          "hz": 1799.6344973346393
        },
        {
          "acoustic_entropy": 7.180716514587402,
          "acoustic_entropy_side": 7.1197404861450195,
          "hz": 2020.9991599069049
        },
        {
          "acoustic_entropy": 7.369684219360352,
          "acoustic_entropy_side": 7.234456539154053,
          "hz": 2261.9676141086993
        },
        {
          "acoustic_entropy": 7.247389316558838,
          "acoustic_entropy_side": 7.316771030426025,
          "hz": 2524.2759484456974
        },
        {
          "acoustic_entropy": 7.40541934967041,
          "acoustic_entropy_side": 7.258020877838135,
          "hz": 2809.813997359896
        },
        {
          "acoustic_entropy": 7.2026567459106445,
          "acoustic_entropy_side": 7.217675685882568,
          "hz": 3120.6389567871424
        },
        {
          "acoustic_entropy": 7.05406379699707,
          "acoustic_entropy_side": 7.260718822479248,
          "hz": 3458.990205492291
        },
        {
          "acoustic_entropy": 7.08853816986084,
          "acoustic_entropy_side": 7.27730655670166,
          "hz": 3827.305438964164
        },
        {
          "acoustic_entropy": 7.027702808380127,
          "acoustic_entropy_side": 7.224886894226074,
          "hz": 4228.238232109126
        },
        {
          "acoustic_entropy": 7.3346357345581055,
          "acoustic_entropy_side": 7.223700523376465,
          "hz": 4664.6771572759235
        },
        {
          "acoustic_entropy": 7.373922348022461,
          "acoustic_entropy_side": 7.238117218017578,
          "hz": 5139.766595350093
        },
        {
          "acoustic_entropy": 7.485997200012207,
          "acoustic_entropy_side": 7.243320465087891,
          "hz": 5656.929389854203
        },
        {
          "acoustic_entropy": 7.327609539031982,
          "acoustic_entropy_side": 7.202114582061768,
          "hz": 6219.891507268283
        },
        {
          "acoustic_entropy": 7.088875770568848,
          "acoustic_entropy_side": 7.168062210083008,
          "hz": 6832.70888123896
        },
        {
          "acoustic_entropy": 7.015679359436035,
          "acoustic_entropy_side": 7.143281936645508,
          "hz": 7499.796634079867
        },
        {
          "acoustic_entropy": 7.244173526763916,
          "acoustic_entropy_side": 7.19476842880249,
          "hz": 8225.96088609342
        },
        {
          "acoustic_entropy": 7.427206993103027,
          "acoustic_entropy_side": 7.158559322357178,
          "hz": 9016.43338188839
        },
        {
          "acoustic_entropy": 7.362782001495361,
          "acoustic_entropy_side": 7.459115028381348,
          "hz": 9876.909183162974
        },
        {
          "acoustic_entropy": 7.481606483459473,
          "acoustic_entropy_side": 7.496878147125244,
          "hz": 10813.587699516042
        },
        {
          "acoustic_entropy": 7.048480033874512,
          "acoustic_entropy_side": 7.1672892570495605,
          "hz": 11833.21735289826
        },
        {
          "acoustic_entropy": 7.351981163024902,
          "acoustic_entropy_side": 7.1588850021362305,
          "hz": 12943.144197493959
        },
        {
          "acoustic_entropy": 7.426334857940674,
          "acoustic_entropy_side": 7.168599605560303,
          "hz": 14151.364845322005
        },
        {
          "acoustic_entropy": 7.289551258087158,
          "acoustic_entropy_side": 7.177088737487793,
          "hz": 15466.58407886509
        },
        {
          "acoustic_entropy": 7.277540683746338,
          "acoustic_entropy_side": 7.183073043823242,
          "hz": 16898.27756580493
        },
        {
          "acoustic_entropy": 7.237664699554443,
          "acoustic_entropy_side": 7.179919719696045,
          "hz": 18456.760127700032
        },
        {
          "acoustic_entropy": 7.195599555969238,
          "acoustic_entropy_side": 7.177583694458008,
          "hz": 20153.260054456492
        },
        {
          "acoustic_entropy": 7.181427955627441,
          "acoustic_entropy_side": 7.1775360107421875,
          "hz": 22000.00000000001
        }
      ],
      "diff_acoustic_entropy": 8.359132766723633,
      "sn": 6
    },
    {
      "acoustic_entropy": 12.083157539367676,
      "acoustic_entropy_mono": 11.646777153015137,
      "band_eliminated_acoustic_entropies": [
        {
          "acoustic_entropy": 12.044920921325684,
          "acoustic_entropy_side": 12.084795951843262,
          "hz": 129.47220167065723
        },
        {
          "acoustic_entropy": 11.693182945251465,
          "acoustic_entropy_side": 12.24864387512207,
          "hz": 202.92927478742237
        },
        {
          "acoustic_entropy": 12.1976957321167,
          "acoustic_entropy_side": 12.347432136535645,
          "hz": 282.89161906338205
        },
        {
          "acoustic_entropy": 11.886282920837402,
          "acoustic_entropy_side": 11.879790306091309,
          "hz": 369.9353335868758
        },
        {
          "acoustic_entropy": 11.856880187988281,
          "acoustic_entropy_side": 11.874754905700684,
          "hz": 464.6875360973435
        },
        {
          "acoustic_entropy": 11.527312278747559,
          "acoustic_entropy_side": 12.178552627563477,
          "hz": 567.8308811364784
        },
        {
          "acoustic_entropy": 11.539886474609375,
          "acoustic_entropy_side": 12.423930168151855,
          "hz": 680.1084783214808
        },
        {
          "acoustic_entropy": 11.703313827514648,
          "acoustic_entropy_side": 12.67375659942627,
          "hz": 802.3292461747484
        },
        {
          "acoustic_entropy": 12.604942321777344,
          "acoustic_entropy_side": 12.209623336791992,
          "hz": 935.3737400823702
        },
        {
          "acoustic_entropy": 11.811098098754883,
          "acoustic_entropy_side": 11.99426555633545,
          "hz": 1080.2004963696966
        },
        {
          "acoustic_entropy": 12.194839477539062,
          "acoustic_entropy_side": 11.840239524841309,
          "hz": 1237.8529382007157
        },
        {
          "acoustic_entropy": 11.421433448791504,
          "acoustic_entropy_side": 11.554975509643555,
          "hz": 1409.4668930556702
        },
        {
          "acoustic_entropy": 12.117097854614258,
          "acoustic_entropy_side": 12.26632308959961,
          "hz": 1596.2787759475705
        },
        {
          "acoustic_entropy": 11.942497253417969,
          "acoustic_entropy_side": 12.270650863647461,
          "hz": 1799.6344973346393
        },
        {
          "acoustic_entropy": 11.81680965423584,
          "acoustic_entropy_side": 12.066900253295898,
          "hz": 2020.9991599069049
        },
        {
          "acoustic_entropy": 11.87356185913086,
          "acoustic_entropy_side": 12.099467277526855,
          "hz": 2261.9676141086993
        },
        {
          "acoustic_entropy": 12.01382064819336,
          "acoustic_entropy_side": 12.077131271362305,
          "hz": 2524.2759484456974
        },
        {
          "acoustic_entropy": 12.217004776000977,
          "acoustic_entropy_side": 12.234604835510254,
          "hz": 2809.813997359896
        },
        {
          "acoustic_entropy": 12.021875381469727,
          "acoustic_entropy_side": 12.069571495056152,
          "hz": 3120.6389567871424
        },
        {
          "acoustic_entropy": 11.935705184936523,
          "acoustic_entropy_side": 12.098517417907715,
          "hz": 3458.990205492291
        },
        {
          "acoustic_entropy": 12.16286563873291,
          "acoustic_entropy_side": 12.167228698730469,
          "hz": 3827.305438964164
        },
        {
          "acoustic_entropy": 12.033129692077637,
          "acoustic_entropy_side": 12.129578590393066,
          "hz": 4228.238232109126
        },
        {
          "acoustic_entropy": 12.112889289855957,
          "acoustic_entropy_side": 12.120650291442871,
          "hz": 4664.6771572759235
        },
        {
          "acoustic_entropy": 12.122739791870117,
          "acoustic_entropy_side": 12.107627868652344,
          "hz": 5139.766595350093
        },
        {
          "acoustic_entropy": 11.873137474060059,
          "acoustic_entropy_side": 11.970524787902832,
          "hz": 5656.929389854203
        },
        {
          "acoustic_entropy": 11.871620178222656,
          "acoustic_entropy_side": 12.045587539672852,
          "hz": 6219.891507268283
        },
        {
          "acoustic_entropy": 11.841303825378418,
          "acoustic_entropy_side": 11.863079071044922,
          "hz": 6832.70888123896
        },
        {
          "acoustic_entropy": 11.794215202331543,
          "acoustic_entropy_side": 11.790942192077637,
          "hz": 7499.796634079867
        },
        {
          "acoustic_entropy": 12.138467788696289,
          "acoustic_entropy_side": 11.861841201782227,
          "hz": 8225.96088609342
        },
        {
          "acoustic_entropy": 12.042539596557617,
          "acoustic_entropy_side": 11.840556144714355,
          "hz": 9016.43338188839
        },
        {
          "acoustic_entropy": 11.706774711608887,
          "acoustic_entropy_side": 12.049459457397461,
          "hz": 9876.909183162974
        },
        {
          "acoustic_entropy": 11.909564018249512,
          "acoustic_entropy_side": 12.073967933654785,
          "hz": 10813.587699516042
        },
        {
          "acoustic_entropy": 11.922769546508789,
          "acoustic_entropy_side": 12.052556991577148,
          "hz": 11833.21735289826
        },
        {
          "acoustic_entropy": 12.222158432006836,
          "acoustic_entropy_side": 12.173487663269043,
          "hz": 12943.144197493959
        },
        {
          "acoustic_entropy": 12.262724876403809,
          "acoustic_entropy_side": 12.264345169067383,
          "hz": 14151.364845322005
        },
        {
          "acoustic_entropy": 12.213725090026855,
          "acoustic_entropy_side": 12.204032897949219,
          "hz": 15466.58407886509
        },
        {
          "acoustic_entropy": 12.071587562561035,
          "acoustic_entropy_side": 12.093513488769531,
          "hz": 16898.27756580493
        },
        {
          "acoustic_entropy": 12.1588716506958,
          "acoustic_entropy_side": 12.118766784667969,
          "hz": 18456.760127700032
        },
        {
          "acoustic_entropy": 12.138514518737793,
          "acoustic_entropy_side": 12.13387393951416,
          "hz": 20153.260054456492
        },
        {
          "acoustic_entropy": 12.080357551574707,
          "acoustic_entropy_side": 12.076302528381348,
          "hz": 22000.00000000001
        }
      ],
      "diff_acoustic_entropy": 11.486002922058105,
      "sn": 12
    },
    {
      "acoustic_entropy": 16.68653106689453,
      "acoustic_entropy_mono": 14.215846061706543,
      "band_eliminated_acoustic_entropies": [
        {
          "acoustic_entropy": 16.141828536987305,
          "acoustic_entropy_side": 16.58931541442871,
          "hz": 129.47220167065723
        },
        {
          "acoustic_entropy": 17.384428024291992,
          "acoustic_entropy_side": 16.589017868041992,
          "hz": 202.92927478742237
        },
        {
          "acoustic_entropy": 17.239789962768555,
          "acoustic_entropy_side": 16.56580924987793,
          "hz": 282.89161906338205
        },
        {
          "acoustic_entropy": 16.695676803588867,
          "acoustic_entropy_side": 16.580713272094727,
          "hz": 369.9353335868758
        },
        {
          "acoustic_entropy": 17.182819366455078,
          "acoustic_entropy_side": 16.972436904907227,
          "hz": 464.6875360973435
        },
        {
          "acoustic_entropy": 16.198144912719727,
          "acoustic_entropy_side": 16.420333862304688,
          "hz": 567.8308811364784
        },
        {
          "acoustic_entropy": 17.447895050048828,
          "acoustic_entropy_side": 16.940582275390625,
          "hz": 680.1084783214808
        },
        {
          "acoustic_entropy": 16.92565155029297,
          "acoustic_entropy_side": 17.3784236907959,
          "hz": 802.3292461747484
        },
        {
          "acoustic_entropy": 17.665224075317383,
          "acoustic_entropy_side": 16.329036712646484,
          "hz": 935.3737400823702
        },
        {
          "acoustic_entropy": 17.040328979492188,
          "acoustic_entropy_side": 16.78169059753418,
          "hz": 1080.2004963696966
        },
        {
          "acoustic_entropy": 17.731494903564453,
          "acoustic_entropy_side": 17.157190322875977,
          "hz": 1237.8529382007157
        },
        {
          "acoustic_entropy": 17.230695724487305,
          "acoustic_entropy_side": 16.82827377319336,
          "hz": 1409.4668930556702
        },
        {
          "acoustic_entropy": 17.4222354888916,
          "acoustic_entropy_side": 16.950115203857422,
          "hz": 1596.2787759475705
        },
        {
          "acoustic_entropy": 16.441614151000977,
          "acoustic_entropy_side": 16.500669479370117,
          "hz": 1799.6344973346393
        },
        {
          "acoustic_entropy": 16.785303115844727,
          "acoustic_entropy_side": 16.423688888549805,
          "hz": 2020.9991599069049
        },
        {
          "acoustic_entropy": 16.8144474029541,
          "acoustic_entropy_side": 17.038776397705078,
          "hz": 2261.9676141086993
        },
        {
          "acoustic_entropy": 16.545568466186523,
          "acoustic_entropy_side": 16.77410888671875,
          "hz": 2524.2759484456974
        },
        {
          "acoustic_entropy": 16.472881317138672,
          "acoustic_entropy_side": 17.135692596435547,
          "hz": 2809.813997359896
        },
        {
          "acoustic_entropy": 16.696687698364258,
          "acoustic_entropy_side": 16.68798828125,
          "hz": 3120.6389567871424
        },
        {
