{
  "acoustic_entropy": 230.76914978027344,
  "bands": [
    {
      "high_freq": 148.1999969482422,
      "loudness": -21.796232223510742,
      "loudness_range": 15.429658889770508,
      "mid_mean": -18.181943893432617,
      "mid_to_side_loudness": -26.79863929748535,
      "mid_to_side_loudness_range": 26.089679718017578,
      "side_mean": -45.082950592041016
    },
    {
      "high_freq": 392.3793640136719,
      "loudness": -22.406152725219727,
      "loudness_range": 9.706619262695312,
      "low_freq": 148.1999969482422,
      "mid_mean": -19.267086029052734,
      "mid_to_side_loudness": -10.754615783691406,
      "mid_to_side_loudness_range": 15.114925384521484,
      "side_mean": -30.051897048950195
    },
    {
      "high_freq": 794.6976318359375,
      "loudness": -22.255266189575195,
      "loudness_range": 10.90921401977539,
      "low_freq": 392.3793640136719,
      "mid_mean": -19.6123046875,
      "mid_to_side_loudness": -7.123433589935303,
      "mid_to_side_loudness_range": 12.548734664916992,
      "side_mean": -26.769079208374023
    },
    {
      "high_freq": 1457.5709228515625,
      "loudness": -25.261154174804688,
      "loudness_range": 12.451845169067383,
      "low_freq": 794.6976318359375,
      "mid_mean": -22.643569946289062,
      "mid_to_side_loudness": -6.538785457611084,
      "mid_to_side_loudness_range": 10.008024215698242,
      "side_mean": -29.19439125061035
    },
    {
      "high_freq": 2549.74365234375,
      "loudness": -24.955299377441406,
      "loudness_range": 10.203393936157227,
      "low_freq": 1457.5709228515625,
      "mid_mean": -22.66883659362793,
      "mid_to_side_loudness": -4.986843109130859,
      "mid_to_side_loudness_range": 8.542716026306152,
      "side_mean": -27.70832061767578
    },
    {
      "high_freq": 4349.24462890625,
      "loudness": -25.627918243408203,
      "loudness_range": 11.242315292358398,
      "low_freq": 2549.74365234375,
      "mid_mean": -23.345657348632812,
      "mid_to_side_loudness": -5.002028942108154,
      "mid_to_side_loudness_range": 9.589093208312988,
      "side_mean": -28.365880966186523
    },
    {
      "high_freq": 7314.1640625,
      "loudness": -25.599258422851562,
      "loudness_range": 13.033226013183594,
      "low_freq": 4349.24462890625,
      "mid_mean": -23.302358627319336,
      "mid_to_side_loudness": -4.974464416503906,
      "mid_to_side_loudness_range": 9.035218238830566,
      "side_mean": -28.31684684753418
    },
    {
      "high_freq": 12199.2666015625,
      "loudness": -26.829303741455078,
      "loudness_range": 16.283506393432617,
      "low_freq": 7314.1640625,
      "mid_mean": -24.312713623046875,
      "mid_to_side_loudness": -5.964717864990234,
      "mid_to_side_loudness_range": 9.312697410583496,
      "side_mean": -30.363170623779297
    },
    {
      "loudness": -32.14131546020508,
      "loudness_range": 12.082422256469727,
      "low_freq": 12199.2666015625,
      "mid_mean": -29.62535285949707,
      "mid_to_side_loudness": -5.747342586517334,
      "mid_to_side_loudness_range": 7.3195319175720215,
      "side_mean": -35.24040222167969
    }
  ],
  "bands_short": [
    {
      "high_freq": 148.1999969482422,
      "loudness": -27.236108779907227,
      "loudness_range": 28.51315689086914,
      "mid_mean": -23.649566650390625,
      "mid_to_side_loudness": -26.526287078857422,
      "mid_to_side_loudness_range": 33.60227966308594,
      "side_mean": -53.11907196044922
    },
    {
      "high_freq": 392.3793640136719,
      "loudness": -24.01931381225586,
      "loudness_range": 16.79034996032715,
      "low_freq": 148.1999969482422,
      "mid_mean": -21.103792190551758,
      "mid_to_side_loudness": -10.32629680633545,
      "mid_to_side_loudness_range": 19.4951114654541,
      "side_mean": -31.68117332458496
    },
    {
      "high_freq": 794.6976318359375,
      "loudness": -23.508325576782227,
      "loudness_range": 15.805191993713379,
      "low_freq": 392.3793640136719,
      "mid_mean": -21.12994956970215,
      "mid_to_side_loudness": -6.657862186431885,
      "mid_to_side_loudness_range": 15.980633735656738,
      "side_mean": -27.87485122680664
    },
    {
      "high_freq": 1457.5709228515625,
      "loudness": -26.56926727294922,
      "loudness_range": 17.338653564453125,
      "low_freq": 794.6976318359375,
      "mid_mean": -24.264068603515625,
      "mid_to_side_loudness": -5.907611846923828,
      "mid_to_side_loudness_range": 13.201913833618164,
      "side_mean": -30.148548126220703
    },
    {
      "high_freq": 2549.74365234375,
      "loudness": -26.287643432617188,
      "loudness_range": 15.357357025146484,
      "low_freq": 1457.5709228515625,
      "mid_mean": -24.17412757873535,
      "mid_to_side_loudness": -4.774407386779785,
      "mid_to_side_loudness_range": 11.27690315246582,
      "side_mean": -28.98587417602539
    },
    {
      "high_freq": 4349.24462890625,
      "loudness": -26.859609603881836,
      "loudness_range": 15.931440353393555,
      "low_freq": 2549.74365234375,
      "mid_mean": -24.750225067138672,
      "mid_to_side_loudness": -4.78491735458374,
      "mid_to_side_loudness_range": 11.65147590637207,
      "side_mean": -29.543275833129883
    },
    {
      "high_freq": 7314.1640625,
      "loudness": -27.54248809814453,
      "loudness_range": 18.867408752441406,
      "low_freq": 4349.24462890625,
      "mid_mean": -25.434185028076172,
      "mid_to_side_loudness": -4.651489734649658,
      "mid_to_side_loudness_range": 11.044702529907227,
      "side_mean": -30.1988582611084
    },
    {
      "high_freq": 12199.2666015625,
      "loudness": -29.699216842651367,
      "loudness_range": 22.897483825683594,
      "low_freq": 7314.1640625,
      "mid_mean": -27.363079071044922,
      "mid_to_side_loudness": -5.568273544311523,
      "mid_to_side_loudness_range": 12.06236457824707,
      "side_mean": -33.231910705566406
    },
    {
      "loudness": -35.84049987792969,
      "loudness_range": 23.76223373413086,
      "low_freq": 12199.2666015625,
      "mid_mean": -33.58347702026367,
      "mid_to_side_loudness": -5.329501152038574,
      "mid_to_side_loudness_range": 12.280866622924805,
      "side_mean": -39.08442306518555
    }
  ],
  "bandwidth": 634.7024536132812,
  "channels": 2,
  "covariance": [
    [
      40.32235336303711,
      10.081027030944824,
      7.245865345001221,
      5.787538051605225,
      2.876002311706543,
      4.400696277618408,
      2.9267995357513428,
      5.072316646575928,
      2.7909815311431885,
      4.273108959197998,
      3.5843677520751953,
      4.556351661682129,
      4.333644390106201,
      5.29890251159668,
      2.9238367080688477,
      5.222869396209717,
      4.868328094482422,
      6.555903434753418
    ],
    [
      10.081027030944824,
      51.54315185546875,
      11.530900955200195,
      20.538352966308594,
      8.535972595214844,
      9.98804759979248,
      5.687110900878906,
      7.4987688064575195,
      6.588797569274902,
      8.9315185546875,
      9.856332778930664,
      10.940250396728516,
      12.40333366394043,
      12.37511157989502,
      11.291189193725586,
      12.719902038574219,
      6.565520763397217,
      7.61899995803833
    ],
    [
      7.245865345001221,
      11.530900955200195,
      14.708028793334961,
      11.537823677062988,
      8.83330249786377,
      6.179346561431885,
      5.899903297424316,
      5.579322338104248,
      6.872115612030029,
      6.891139507293701,
      8.033882141113281,
      7.647101879119873,
      9.881307601928711,
      8.899849891662598,
      8.99441146850586,
      9.066816329956055,
      6.8064680099487305,
      7.524844169616699
    ],
    [
      5.787538051605225,
      20.538352966308594,
      11.537823677062988,
      37.7691764831543,
      11.530974388122559,
      22.18172264099121,
      8.282574653625488,
      17.8073673248291,
      10.110321044921875,
      17.544429779052734,
      11.549897193908691,
      20.68195915222168,
      13.158137321472168,
      18.470291137695312,
      10.918240547180176,
      16.928985595703125,
      8.835007667541504,
      12.851217269897461
    ],
    [
      2.876002311706543,
      8.535972595214844,
      8.83330249786377,
      11.530974388122559,
      17.723474502563477,
      14.485369682312012,
      13.755340576171875,
      12.472278594970703,
      8.525994300842285,
      9.071748733520508,
      8.603113174438477,
      9.056653022766113,
      8.848237991333008,
      8.354629516601562,
      8.697345733642578,
      8.598321914672852,
      6.123771667480469,
      6.858147621154785
    ],
    [
      4.400696277618408,
      9.98804759979248,
      6.179346561431885,
      22.18172264099121,
      14.485369682312012,
      31.034467697143555,
      12.533491134643555,
      22.18041229248047,
      8.889664649963379,
      17.807598114013672,
      9.262989044189453,
      18.607818603515625,
      9.26040267944336,
      15.155923843383789,
      8.208423614501953,
      14.169208526611328,
      7.343728542327881,
      11.597830772399902
    ],
    [
      2.9267995357513428,
      5.687110900878906,
      5.899903297424316,
      8.282574653625488,
      13.755340576171875,
      12.533491134643555,
      21.02631950378418,
      18.156532287597656,
      8.354962348937988,
      9.607125282287598,
      8.8595609664917,
      10.281002044677734,
      7.41515588760376,
      8.179422378540039,
      6.083827495574951,
      7.900390148162842,
      3.9513089656829834,
      5.810105800628662
    ],
    [
      5.072316646575928,
      7.4987688064575195,
      5.579322338104248,
      17.8073673248291,
      12.472278594970703,
      22.18041229248047,
      18.156532287597656,
      30.6146297454834,
      9.5072660446167,
      18.788799285888672,
      10.43463134765625,
      20.313451766967773,
      9.460029602050781,
      16.08205795288086,
      6.448623180389404,
      13.550671577453613,
      5.809132099151611,
      10.868391036987305
    ],
    [
      2.7909815311431885,
      6.588797569274902,
      6.872115612030029,
      10.110321044921875,
      8.525994300842285,
      8.889664649963379,
      8.354962348937988,
      9.5072660446167,
      16.099571228027344,
      14.317716598510742,
      12.009557723999023,
      13.270050048828125,
      9.504260063171387,
      11.107029914855957,
      5.062220096588135,
      7.795490264892578,
      3.9271316528320312,
      6.138883590698242
    ],
    [
      4.273108959197998,
      8.9315185546875,
      6.891139507293701,
      17.544429779052734,
      9.071748733520508,
      17.807598114013672,
      9.607125282287598,
      18.788799285888672,
      14.317716598510742,
      25.66526985168457,
      13.30807113647461,
      24.139780044555664,
      12.189985275268555,
      19.76425552368164,
      6.11695671081543,
      13.605657577514648,
      6.1894917488098145,
      11.429339408874512
    ],
    [
      3.5843677520751953,
      9.856332778930664,
      8.033882141113281,
      11.549897193908691,
      8.603113174438477,
      9.262989044189453,
      8.8595609664917,
      10.43463134765625,
      12.009557723999023,
      13.30807113647461,
      15.574250221252441,
      16.06149673461914,
      13.72887134552002,
      14.492096900939941,
      7.4654693603515625,
      10.7459716796875,
      5.339268684387207,
      7.957200050354004
    ],
    [
      4.556351661682129,
      10.940250396728516,
      7.647101879119873,
      20.68195915222168,
      9.056653022766113,
      18.607818603515625,
      10.281002044677734,
      20.313451766967773,
      13.270050048828125,
      24.139780044555664,
      16.06149673461914,
      30.050228118896484,
      14.854355812072754,
      25.0853214263916,
      7.269367218017578,
      17.56667137145996,
      7.317845821380615,
      14.172491073608398
    ],
    [
      4.333644390106201,
      12.40333366394043,
      9.881307601928711,
      13.158137321472168,
      8.848237991333008,
      9.26040267944336,
      7.41515588760376,
      9.460029602050781,
      9.504260063171387,
      12.189985275268555,
      13.72887134552002,
      14.854355812072754,
      21.153594970703125,
      18.69731330871582,
      17.892301559448242,
      17.725814819335938,
      12.551983833312988,
      13.551321983337402
    ],
    [
      5.29890251159668,
      12.37511157989502,
      8.899849891662598,
      18.470291137695312,
      8.354629516601562,
      15.155923843383789,
      8.179422378540039,
      16.08205795288086,
      11.107029914855957,
      19.76425552368164,
      14.492096900939941,
      25.0853214263916,
      18.69731330871582,
      29.09079360961914,
      13.601495742797852,
      24.432147979736328,
      12.554912567138672,
      19.865930557250977
    ],
    [
      2.9238367080688477,
      11.291189193725586,
      8.99441146850586,
      10.918240547180176,
      8.697345733642578,
      8.208423614501953,
      6.083827495574951,
      6.448623180389404,
      5.062220096588135,
      6.11695671081543,
      7.4654693603515625,
      7.269367218017578,
      17.892301559448242,
      13.601495742797852,
      30.845109939575195,
      24.35940170288086,
      21.978290557861328,
      18.78306770324707
    ],
    [
      5.222869396209717,
      12.719902038574219,
      9.066816329956055,
      16.928985595703125,
      8.598321914672852,
      14.169208526611328,
      7.900390148162842,
      13.550671577453613,
      7.795490264892578,
      13.605657577514648,
      10.7459716796875,
      17.56667137145996,
      17.725814819335938,
      24.432147979736328,
      24.35940170288086,
      34.4428596496582,
      20.656063079833984,
      27.18715476989746
    ],
    [
      4.868328094482422,
      6.565520763397217,
      6.8064680099487305,
      8.835007667541504,
      6.123771667480469,
      7.343728542327881,
      3.9513089656829834,
      5.809132099151611,
      3.9271316528320312,
      6.1894917488098145,
      5.339268684387207,
      7.317845821380615,
      12.551983833312988,
      12.554912567138672,
      21.978290557861328,
      20.656063079833984,
      20.66085433959961,
      19.44462013244629
    ],
    [
      6.555903434753418,
      7.61899995803833,
      7.524844169616699,
      12.851217269897461,
      6.858147621154785,
      11.597830772399902,
      5.810105800628662,
      10.868391036987305,
      6.138883590698242,
      11.429339408874512,
      7.957200050354004,
      14.172491073608398,
      13.551321983337402,
      19.865930557250977,
      18.78306770324707,
      27.18715476989746,
      19.44462013244629,
      27.684173583984375
    ]
  ],
  "covariance_short": [
    [
      97.74816131591797,
      33.70392608642578,
      12.82116985321045,
      7.201267719268799,
      6.803492069244385,
      9.0360107421875,
      7.330214500427246,
      9.005356788635254,
      4.984987735748291,
      7.811595916748047,
      5.6099395751953125,
      8.382256507873535,
      7.079329013824463,
      9.958541870117188,
      5.569855213165283,
      10.356224060058594,
      10.175536155700684,
      13.517586708068848
    ],
    [
      33.70392608642578,
      75.5233154296875,
      16.179502487182617,
      20.133541107177734,
      10.205146789550781,
      11.716439247131348,
      8.950111389160156,
      9.539765357971191,
      9.720446586608887,
      13.060722351074219,
      11.77253246307373,
      14.795166969299316,
      14.313504219055176,
      17.5439453125,
      13.574907302856445,
      16.1655330657959,
      13.621574401855469,
      15.477402687072754
    ],
    [
      12.82116985321045,
      16.179502487182617,
      38.71718978881836,
      19.33456802368164,
      18.51018714904785,
      11.831828117370605,
      12.310527801513672,
      9.676787376403809,
      13.384989738464355,
      10.684852600097656,
      14.705855369567871,
      12.31228256225586,
      16.06790542602539,
      14.538468360900879,
      14.546948432922363,
      15.960860252380371,
      16.696348190307617,
      19.280134201049805
    ],
    [
      7.201267719268799,
      20.133541107177734,
      19.33456802368164,
      52.2200927734375,
      17.318410873413086,
      30.129751205444336,
      12.631448745727539,
      21.01213264465332,
      15.554015159606934,
      23.277456283569336,
      17.129838943481445,
      26.561542510986328,
      17.994150161743164,
      24.380718231201172,
      13.26891803741455,
      21.24424934387207,
      12.484685897827148,
      19.640586853027344
    ],
    [
      6.803492069244385,
      10.205146789550781,
      18.51018714904785,
      17.318410873413086,
      37.461978912353516,
      24.881540298461914,
      25.9862003326416,
      20.021459579467773,
      18.668916702270508,
      16.600568771362305,
      18.219449996948242,
      17.024616241455078,
      16.195314407348633,
      15.961724281311035,
      14.085038185119629,
      15.538066864013672,
      14.520949363708496,
      17.10624885559082
    ],
    [
      9.0360107421875,
      11.716439247131348,
      11.831828117370605,
      30.129751205444336,
      24.881540298461914,
      48.531497955322266,
      21.181747436523438,
      29.844558715820312,
      17.598426818847656,
      27.906845092773438,
      17.442480087280273,
      28.6202335357666,
      16.754398345947266,
      24.555265426635742,
      13.630636215209961,
      22.268220901489258,
      13.916001319885254,
      21.539684295654297
    ],
    [
      7.330214500427246,
      8.950111389160156,
      12.310527801513672,
      12.631448745727539,
      25.9862003326416,
      21.181747436523438,
      41.728240966796875,
      29.566442489624023,
      18.688095092773438,
      18.2305965423584,
      18.464509963989258,
      19.441556930541992,
      14.227779388427734,
      16.51399040222168,
      10.6530122756958,
      14.808036804199219,
      11.12278938293457,
      15.628690719604492
    ],
    [
      9.005356788635254,
      9.539765357971191,
      9.676787376403809,
      21.01213264465332,
      20.021459579467773,
      29.844558715820312,
      29.566442489624023,
      44.94459915161133,
      17.329639434814453,
      26.71063995361328,
      17.672592163085938,
      28.632587432861328,
      15.969452857971191,
      24.379907608032227,
      11.488332748413086,
      20.58197784423828,
      11.97049331665039,
      19.877349853515625
    ],
    [
      4.984987735748291,
      9.720446586608887,
      13.384989738464355,
      15.554015159606934,
      18.668916702270508,
      17.598426818847656,
      18.688095092773438,
      17.329639434814453,
      33.91368865966797,
      27.047121047973633,
      24.864017486572266,
      24.292848587036133,
      20.25864601135254,
      21.962528228759766,
      12.870491981506348,
      17.708871841430664,
      12.385210990905762,
      17.881710052490234
    ],
    [
      7.811595916748047,
      13.060722351074219,
      10.684852600097656,
      23.277456283569336,
      16.600568771362305,
      27.906845092773438,
      18.2305965423584,
      26.71063995361328,
      27.047121047973633,
      41.9521484375,
      23.935443878173828,
      36.68622589111328,
      22.77092170715332,
      32.456172943115234,
      14.388951301574707,
      25.125694274902344,
      14.723285675048828,
      24.14217185974121
    ],
    [
      5.6099395751953125,
      11.77253246307373,
      14.705855369567871,
      17.129838943481445,
      18.219449996948242,
      17.442480087280273,
      18.464509963989258,
      17.672592163085938,
      24.864017486572266,
      23.935443878173828,
      33.82332229614258,
      29.24338722229004,
      29.05248260498047,
      28.44817543029785,
      19.986328125,
      23.995807647705078,
      18.337053298950195,
      23.12076759338379
    ],
    [
      8.382256507873535,
      14.795166969299316,
      12.31228256225586,
      26.561542510986328,
      17.024616241455078,
      28.6202335357666,
      19.441556930541992,
      28.632587432861328,
      24.292848587036133,
      36.68622589111328,
      29.24338722229004,
      46.92616271972656,
      28.293041229248047,
      41.388370513916016,
      17.86632537841797,
      32.545230865478516,
      18.04753303527832,
      30.683351516723633
    ],
    [
      7.079329013824463,
      14.313504219055176,
      16.06790542602539,
      17.994150161743164,
      16.195314407348633,
      16.754398345947266,
      14.227779388427734,
      15.969452857971191,
      20.25864601135254,
      22.77092170715332,
      29.05248260498047,
      28.293041229248047,
      45.74312210083008,
      38.555274963378906,
      39.90822219848633,
      39.80230712890625,
      36.69499969482422,
      38.486331939697266
    ],
    [
      9.958541870117188,
      17.5439453125,
      14.538468360900879,
      24.380718231201172,
      15.961724281311035,
      24.555265426635742,
      16.51399040222168,
      24.379907608032227,
      21.962528228759766,
      32.456172943115234,
      28.44817543029785,
      41.388370513916016,
      38.555274963378906,
      54.52737045288086,
      31.514755249023438,
      48.23823928833008,
      32.53052520751953,
      46.44318389892578
    ],
    [
      5.569855213165283,
      13.574907302856445,
      14.546948432922363,
      13.26891803741455,
      14.085038185119629,
      13.630636215209961,
      10.6530122756958,
      11.488332748413086,
      12.870491981506348,
      14.388951301574707,
      19.986328125,
      17.86632537841797,
      39.90822219848633,
      31.514755249023438,
      61.727840423583984,
      50.596683502197266,
      58.105987548828125,
      51.377925872802734
    ],
    [
      10.356224060058594,
      16.1655330657959,
      15.960860252380371,
      21.24424934387207,
      15.538066864013672,
      22.268220901489258,
      14.808036804199219,
      20.58197784423828,
      17.708871841430664,
      25.125694274902344,
      23.995807647705078,
      32.545230865478516,
      39.80230712890625,
      48.23823928833008,
      50.596683502197266,
      69.7970962524414,
      53.1590461730957,
      67.74970245361328
    ],
    [
      10.175536155700684,
      13.621574401855469,
      16.696348190307617,
      12.484685897827148,
      14.520949363708496,
      13.916001319885254,
      11.12278938293457,
      11.97049331665039,
      12.385210990905762,
      14.723285675048828,
      18.337053298950195,
      18.04753303527832,
      36.69499969482422,
      32.53052520751953,
      58.105987548828125,
      53.1590461730957,
      72.307373046875,
      62.409297943115234
    ],
    [
      13.517586708068848,
      15.477402687072754,
      19.280134201049805,
      19.640586853027344,
      17.10624885559082,
      21.539684295654297,
      15.628690719604492,
      19.877349853515625,
      17.881710052490234,
      24.14217185974121,
      23.12076759338379,
      30.683351516723633,
      38.486331939697266,
      46.44318389892578,
      51.377925872802734,
      67.74970245361328,
      62.409297943115234,
      82.34846496582031
    ]
  ],
  "damage": -5.765147686004639,
  "diff_bandwidth": 568.877197265625,
  "dissonance": 11.007128084376692,
  "drr": 18.114456176757812,
  "dynamics": 2.8867039680480957,
  "format": 1245190,
  "frames": 13932480,
  "loudness": -10.240643501281738,
  "loudness_range": 6.026368141174316,
  "loudness_range_short": 11.301728248596191,
  "lowpass_true_peak_15khz": 1.2056394815444946,
  "mastering3_acoustic_entropies": [
    {
      "acoustic_entropy": 6.887795448303223,
      "acoustic_entropy_mono": 6.842013835906982,
      "band_eliminated_acoustic_entropies": [
        {
          "acoustic_entropy": 6.878389358520508,
          "acoustic_entropy_side": 6.8878045082092285,
          "hz": 129.47220167065723
        },
        {
          "acoustic_entropy": 7.584878444671631,
          "acoustic_entropy_side": 6.88850736618042,
          "hz": 202.92927478742237
        },
        {
          "acoustic_entropy": 6.918701648712158,
          "acoustic_entropy_side": 6.909146785736084,
          "hz": 282.89161906338205
        },
        {
          "acoustic_entropy": 7.1095476150512695,
          "acoustic_entropy_side": 6.933959007263184,
          "hz": 369.9353335868758
        },
        {
          "acoustic_entropy": 6.996931076049805,
          "acoustic_entropy_side": 6.960058689117432,
          "hz": 464.6875360973435
        },
        {
          "acoustic_entropy": 7.180600166320801,
          "acoustic_entropy_side": 7.168806552886963,
          "hz": 567.8308811364784
        },
        {
          "acoustic_entropy": 7.193016052246094,
          "acoustic_entropy_side": 7.103884696960449,
          "hz": 680.1084783214808
        },
        {
          "acoustic_entropy": 6.954795837402344,
          "acoustic_entropy_side": 6.975308895111084,
          "hz": 802.3292461747484
        },
        {
          "acoustic_entropy": 7.078458786010742,
          "acoustic_entropy_side": 6.915761470794678,
          "hz": 935.3737400823702
        },
        {
          "acoustic_entropy": 7.137961387634277,
          "acoustic_entropy_side": 6.935400485992432,
          "hz": 1080.2004963696966
        },
        {
          "acoustic_entropy": 7.147907733917236,
          "acoustic_entropy_side": 6.95781135559082,
          "hz": 1237.8529382007157
        },
        {
          "acoustic_entropy": 7.064126968383789,
          "acoustic_entropy_side": 7.000715255737305,
          "hz": 1409.4668930556702
        },
        {
          "acoustic_entropy": 7.042250633239746,
          "acoustic_entropy_side": 7.048267364501953,
          "hz": 1596.2787759475705
        },
        {
          "acoustic_entropy": 6.986894130706787,
          "acoustic_entropy_side": 6.991183757781982,
          "hz": 1799.6344973346393
        },
        {
          "acoustic_entropy": 6.885371208190918,
          "acoustic_entropy_side": 6.7613654136657715,
          "hz": 2020.9991599069049
        },
        {
          "acoustic_entropy": 6.508061408996582,
          "acoustic_entropy_side": 6.799928188323975,
          "hz": 2261.9676141086993
        },
        {
          "acoustic_entropy": 6.7634758949279785,
          "acoustic_entropy_side": 6.820680141448975,
          "hz": 2524.2759484456974
        },
        {
          "acoustic_entropy": 6.775687217712402,
          "acoustic_entropy_side": 6.803675174713135,
          "hz": 2809.813997359896
        },
        {
          "acoustic_entropy": 6.785511016845703,
          "acoustic_entropy_side": 6.843461990356445,
          "hz": 3120.6389567871424
        },
        {
          "acoustic_entropy": 6.8350443840026855,
          "acoustic_entropy_side": 6.846899032592773,
          "hz": 3458.990205492291
        },
        {
          "acoustic_entropy": 6.854761600494385,
          "acoustic_entropy_side": 6.802181720733643,
          "hz": 3827.305438964164
        },
        {
          "acoustic_entropy": 6.806332588195801,
          "acoustic_entropy_side": 6.86171293258667,
          "hz": 4228.238232109126
        },
        {
          "acoustic_entropy": 6.844958305358887,
          "acoustic_entropy_side": 6.859717845916748,
          "hz": 4664.6771572759235
        },
        {
          "acoustic_entropy": 6.9350810050964355,
          "acoustic_entropy_side": 6.896022319793701,
          "hz": 5139.766595350093
        },
        {
          "acoustic_entropy": 6.951285362243652,
          "acoustic_entropy_side": 6.880808353424072,
          "hz": 5656.929389854203
        },
        {
          "acoustic_entropy": 6.551965713500977,
          "acoustic_entropy_side": 6.73444938659668,
          "hz": 6219.891507268283
        },
        {
          "acoustic_entropy": 6.582189083099365,
          "acoustic_entropy_side": 6.713612079620361,
          "hz": 6832.70888123896
        },
        {
          "acoustic_entropy": 6.777925968170166,
          "acoustic_entropy_side": 6.81248140335083,
          "hz": 7499.796634079867
        },
        {
          "acoustic_entropy": 6.902617454528809,
          "acoustic_entropy_side": 6.887326240539551,
          "hz": 8225.96088609342
        },
        {
          "acoustic_entropy": 6.8552470207214355,
          "acoustic_entropy_side": 6.913171768188477,
          "hz": 9016.43338188839
        },
        {
          "acoustic_entropy": 6.743093490600586,
          "acoustic_entropy_side": 6.89249849319458,
          "hz": 9876.909183162974
        },
        {
          "acoustic_entropy": 6.816608428955078,
          "acoustic_entropy_side": 6.878722667694092,
          "hz": 10813.587699516042
        },
        {
          "acoustic_entropy": 6.8906779289245605,
          "acoustic_entropy_side": 6.898956775665283,
          "hz": 11833.21735289826
        },
        {
          "acoustic_entropy": 6.886898040771484,
          "acoustic_entropy_side": 6.912510871887207,
          "hz": 12943.144197493959
        },
        {
          "acoustic_entropy": 6.906411170959473,
          "acoustic_entropy_side": 6.920618057250977,
          "hz": 14151.364845322005
        },
        {
          "acoustic_entropy": 6.9169816970825195,
          "acoustic_entropy_side": 6.921585559844971,
          "hz": 15466.58407886509
        },
        {
          "acoustic_entropy": 6.949779033660889,
          "acoustic_entropy_side": 6.9026288986206055,
          "hz": 16898.27756580493
        },
        {
          "acoustic_entropy": 6.937394618988037,
          "acoustic_entropy_side": 6.896689414978027,
          "hz": 18456.760127700032
        },
        {
          "acoustic_entropy": 6.917664527893066,
          "acoustic_entropy_side": 6.894416809082031,
          "hz": 20153.260054456492
        },
        {
          "acoustic_entropy": 6.900619029998779,
          "acoustic_entropy_side": 6.890536308288574,
          "hz": 22000.00000000001
        }
      ],
      "diff_acoustic_entropy": 9.070680618286133,
      "sn": 6
    },
    {
      "acoustic_entropy": 11.824488639831543,
      "acoustic_entropy_mono": 10.299556732177734,
      "band_eliminated_acoustic_entropies": [
        {
          "acoustic_entropy": 11.249255180358887,
          "acoustic_entropy_side": 11.826370239257812,
          "hz": 129.47220167065723
        },
        {
          "acoustic_entropy": 12.089282989501953,
          "acoustic_entropy_side": 11.832435607910156,
          "hz": 202.92927478742237
        },
        {
          "acoustic_entropy": 11.351850509643555,
          "acoustic_entropy_side": 11.693168640136719,
          "hz": 282.89161906338205
        },
        {
          "acoustic_entropy": 11.665369033813477,
          "acoustic_entropy_side": 11.307125091552734,
          "hz": 369.9353335868758
        },
        {
          "acoustic_entropy": 11.152667999267578,
          "acoustic_entropy_side": 11.395318031311035,
          "hz": 464.6875360973435
        },
        {
          "acoustic_entropy": 11.878195762634277,
          "acoustic_entropy_side": 11.56696605682373,
          "hz": 567.8308811364784
        },
        {
          "acoustic_entropy": 11.56393051147461,
          "acoustic_entropy_side": 11.303893089294434,
          "hz": 680.1084783214808
        },
        {
          "acoustic_entropy": 11.909492492675781,
          "acoustic_entropy_side": 11.902361869812012,
          "hz": 802.3292461747484
        },
        {
          "acoustic_entropy": 11.669189453125,
          "acoustic_entropy_side": 11.841041564941406,
          "hz": 935.3737400823702
        },
        {
          "acoustic_entropy": 11.735136985778809,
          "acoustic_entropy_side": 11.97399616241455,
          "hz": 1080.2004963696966
        },
        {
          "acoustic_entropy": 11.748677253723145,
          "acoustic_entropy_side": 11.807649612426758,
          "hz": 1237.8529382007157
        },
        {
          "acoustic_entropy": 11.674077033996582,
          "acoustic_entropy_side": 11.88581371307373,
          "hz": 1409.4668930556702
        },
        {
          "acoustic_entropy": 12.002410888671875,
          "acoustic_entropy_side": 11.750307083129883,
          "hz": 1596.2787759475705
        },
        {
          "acoustic_entropy": 11.61619758605957,
          "acoustic_entropy_side": 11.756153106689453,
          "hz": 1799.6344973346393
        },
        {
          "acoustic_entropy": 11.798347473144531,
          "acoustic_entropy_side": 11.68276309967041,
          "hz": 2020.9991599069049
        },
        {
          "acoustic_entropy": 11.70884895324707,
          "acoustic_entropy_side": 11.685806274414062,
          "hz": 2261.9676141086993
        },
        {
          "acoustic_entropy": 12.036124229431152,
          "acoustic_entropy_side": 11.785557746887207,
          "hz": 2524.2759484456974
        },
        {
          "acoustic_entropy": 12.051311492919922,
          "acoustic_entropy_side": 11.76317310333252,
          "hz": 2809.813997359896
        },
        {
          "acoustic_entropy": 11.755925178527832,
          "acoustic_entropy_side": 11.799697875976562,
          "hz": 3120.6389567871424
        },
        {
          "acoustic_entropy": 11.886703491210938,
          "acoustic_entropy_side": 11.767110824584961,
          "hz": 3458.990205492291
        },
        {
          "acoustic_entropy": 12.065173149108887,
          "acoustic_entropy_side": 11.658439636230469,
          "hz": 3827.305438964164
        },
        {
          "acoustic_entropy": 11.938546180725098,
          "acoustic_entropy_side": 11.836612701416016,
          "hz": 4228.238232109126
        },
        {
          "acoustic_entropy": 11.898331642150879,
          "acoustic_entropy_side": 11.804025650024414,
          "hz": 4664.6771572759235
        },
        {
          "acoustic_entropy": 11.84364128112793,
          "acoustic_entropy_side": 11.864062309265137,
          "hz": 5139.766595350093
        },
        {
          "acoustic_entropy": 12.033327102661133,
          "acoustic_entropy_side": 11.86262035369873,
          "hz": 5656.929389854203
        },
        {
          "acoustic_entropy": 11.86064624786377,
          "acoustic_entropy_side": 11.836191177368164,
          "hz": 6219.891507268283
        },
        {
          "acoustic_entropy": 11.64914321899414,
          "acoustic_entropy_side": 11.743988990783691,
          "hz": 6832.70888123896
        },
        {
          "acoustic_entropy": 11.762866020202637,
          "acoustic_entropy_side": 11.815505981445312,
          "hz": 7499.796634079867
        },
        {
          "acoustic_entropy": 11.783547401428223,
          "acoustic_entropy_side": 11.825443267822266,
          "hz": 8225.96088609342
        },
        {
          "acoustic_entropy": 11.785771369934082,
          "acoustic_entropy_side": 11.852842330932617,
          "hz": 9016.43338188839
        },
        {
          "acoustic_entropy": 11.714154243469238,
          "acoustic_entropy_side": 11.903875350952148,
          "hz": 9876.909183162974
        },
        {
          "acoustic_entropy": 11.930587768554688,
          "acoustic_entropy_side": 11.941861152648926,
          "hz": 10813.587699516042
        },
        {
          "acoustic_entropy": 11.83765697479248,
          "acoustic_entropy_side": 11.815682411193848,
          "hz": 11833.21735289826
        },
        {
          "acoustic_entropy": 11.78017520904541,
          "acoustic_entropy_side": 11.768774032592773,
          "hz": 12943.144197493959
        },
        {
          "acoustic_entropy": 11.837331771850586,
          "acoustic_entropy_side": 11.777430534362793,
          "hz": 14151.364845322005
        },
        {
          "acoustic_entropy": 11.840036392211914,
          "acoustic_entropy_side": 11.755642890930176,
          "hz": 15466.58407886509
        },
        {
          "acoustic_entropy": 11.875417709350586,
          "acoustic_entropy_side": 11.811636924743652,
          "hz": 16898.27756580493
        },
        {
          "acoustic_entropy": 11.882301330566406,
          "acoustic_entropy_side": 11.856706619262695,
          "hz": 18456.760127700032
        },
        {
          "acoustic_entropy": 11.872583389282227,
          "acoustic_entropy_side": 11.836682319641113,
          "hz": 20153.260054456492
        },
        {
          "acoustic_entropy": 11.879842758178711,
          "acoustic_entropy_side": 11.83399486541748,
          "hz": 22000.00000000001
        }
      ],
      "diff_acoustic_entropy": 12.774921417236328,
      "sn": 12
    },
    {
      "acoustic_entropy": 18.02566909790039,
      "acoustic_entropy_mono": 14.211809158325195,
      "band_eliminated_acoustic_entropies": [
        {
          "acoustic_entropy": 17.112844467163086,
          "acoustic_entropy_side": 17.96363639831543,
          "hz": 129.47220167065723
        },
        {
          "acoustic_entropy": 18.826961517333984,
          "acoustic_entropy_side": 17.979671478271484,
          "hz": 202.92927478742237
        },
        {
          "acoustic_entropy": 18.75694465637207,
          "acoustic_entropy_side": 18.951250076293945,
          "hz": 282.89161906338205
        },
        {
          "acoustic_entropy": 18.1704158782959,
          "acoustic_entropy_side": 18.2888240814209,
          "hz": 369.9353335868758
        },
        {
          "acoustic_entropy": 18.588520050048828,
          "acoustic_entropy_side": 18.362220764160156,
          "hz": 464.6875360973435
        },
        {
          "acoustic_entropy": 18.415788650512695,
          "acoustic_entropy_side": 18.813215255737305,
          "hz": 567.8308811364784
        },
        {
          "acoustic_entropy": 18.5091495513916,
          "acoustic_entropy_side": 18.10434341430664,
          "hz": 680.1084783214808
        },
        {
          "acoustic_entropy": 18.088594436645508,
          "acoustic_entropy_side": 18.444856643676758,
          "hz": 802.3292461747484
        },
        {
          "acoustic_entropy": 18.361907958984375,
          "acoustic_entropy_side": 18.41744613647461,
          "hz": 935.3737400823702
        },
        {
          "acoustic_entropy": 17.676340103149414,
          "acoustic_entropy_side": 18.250089645385742,
          "hz": 1080.2004963696966
        },
        {
          "acoustic_entropy": 18.136449813842773,
          "acoustic_entropy_side": 17.791757583618164,
          "hz": 1237.8529382007157
        },
        {
          "acoustic_entropy": 18.363834381103516,
          "acoustic_entropy_side": 18.133703231811523,
          "hz": 1409.4668930556702
        },
        {
          "acoustic_entropy": 18.311620712280273,
          "acoustic_entropy_side": 18.38440704345703,
          "hz": 1596.2787759475705
        },
        {
          "acoustic_entropy": 18.25865364074707,
          "acoustic_entropy_side": 18.2421875,
          "hz": 1799.6344973346393
        },
        {
          "acoustic_entropy": 17.957008361816406,
          "acoustic_entropy_side": 18.050321578979492,
          "hz": 2020.9991599069049
        },
        {
          "acoustic_entropy": 18.42790412902832,
          "acoustic_entropy_side": 18.428647994995117,
          "hz": 2261.9676141086993
        },
        {
          "acoustic_entropy": 18.581417083740234,
          "acoustic_entropy_side": 18.15835952758789,
          "hz": 2524.2759484456974
        },
        {
          "acoustic_entropy": 18.34650993347168,
          "acoustic_entropy_side": 18.152162551879883,
          "hz": 2809.813997359896
        },
        {
          "acoustic_entropy": 18.044952392578125,
          "acoustic_entropy_side": 18.02655601501465,
