{
  "acoustic_entropy": 142.90359497070312,
  "bands": [
    {
      "high_freq": 148.1999969482422,
      "loudness": -32.7570915222168,
      "loudness_range": 11.887130737304688,
      "mid_mean": -29.33767318725586,
      "mid_to_side_loudness": -17.138166427612305,
      "mid_to_side_loudness_range": 23.30622100830078,
      "side_mean": -50.96076965332031
    },
    {
      "high_freq": 392.3793640136719,
      "loudness": -22.2469482421875,
      "loudness_range": 9.906585693359375,
      "low_freq": 148.1999969482422,
      "mid_mean": -18.684804916381836,
      "mid_to_side_loudness": -26.783924102783203,
      "mid_to_side_loudness_range": 25.2727108001709,
      "side_mean": -50.82898712158203
    },
    {
      "high_freq": 794.6976318359375,
      "loudness": -23.56358528137207,
      "loudness_range": 11.212169647216797,
      "low_freq": 392.3793640136719,
      "mid_mean": -20.01978874206543,
      "mid_to_side_loudness": -23.657997131347656,
      "mid_to_side_loudness_range": 16.459957122802734,
      "side_mean": -45.524295806884766
    },
    {
      "high_freq": 1457.5709228515625,
      "loudness": -26.15019416809082,
      "loudness_range": 9.950492858886719,
      "low_freq": 794.6976318359375,
      "mid_mean": -22.77686882019043,
      "mid_to_side_loudness": -17.40033531188965,
      "mid_to_side_loudness_range": 14.62425422668457,
      "side_mean": -41.27744674682617
    },
    {
      "high_freq": 2549.74365234375,
      "loudness": -26.651371002197266,
      "loudness_range": 12.249809265136719,
      "low_freq": 1457.5709228515625,
      "mid_mean": -23.33929443359375,
      "mid_to_side_loudness": -11.751753807067871,
      "mid_to_side_loudness_range": 9.7122802734375,
      "side_mean": -35.553321838378906
    },
    {
      "high_freq": 4349.24462890625,
      "loudness": -24.91521453857422,
      "loudness_range": 11.236507415771484,
      "low_freq": 2549.74365234375,
      "mid_mean": -22.436662673950195,
      "mid_to_side_loudness": -7.3378190994262695,
      "mid_to_side_loudness_range": 5.542375564575195,
      "side_mean": -30.175260543823242
    },
    {
      "high_freq": 7314.1640625,
      "loudness": -25.52685546875,
      "loudness_range": 12.09136962890625,
      "low_freq": 4349.24462890625,
      "mid_mean": -24.507219314575195,
      "mid_to_side_loudness": -2.344426393508911,
      "mid_to_side_loudness_range": 3.288752317428589,
      "side_mean": -26.738231658935547
    },
    {
      "high_freq": 12199.2666015625,
      "loudness": -30.31963348388672,
      "loudness_range": 11.984163284301758,
      "low_freq": 7314.1640625,
      "mid_mean": -31.84754180908203,
      "mid_to_side_loudness": 2.484389305114746,
      "mid_to_side_loudness_range": 3.8521618843078613,
      "side_mean": -29.02617645263672
    },
    {
      "loudness": -46.04879379272461,
      "loudness_range": 15.698570251464844,
      "low_freq": 12199.2666015625,
      "mid_mean": -45.838924407958984,
      "mid_to_side_loudness": -1.040039300918579,
      "mid_to_side_loudness_range": 7.771639823913574,
      "side_mean": -50.41197204589844
    }
  ],
  "bands_short": [
    {
      "high_freq": 148.1999969482422,
      "loudness": -37.47808837890625,
      "loudness_range": 19.185802459716797,
      "mid_mean": -34.442909240722656,
      "mid_to_side_loudness": -13.691864013671875,
      "mid_to_side_loudness_range": 25.415069580078125,
      "side_mean": -52.0791015625
    },
    {
      "high_freq": 392.3793640136719,
      "loudness": -22.964988708496094,
      "loudness_range": 12.792767524719238,
      "low_freq": 148.1999969482422,
      "mid_mean": -19.608509063720703,
      "mid_to_side_loudness": -26.20842933654785,
      "mid_to_side_loudness_range": 23.90631866455078,
      "side_mean": -51.3701286315918
    },
    {
      "high_freq": 794.6976318359375,
      "loudness": -22.870710372924805,
      "loudness_range": 10.740671157836914,
      "low_freq": 392.3793640136719,
      "mid_mean": -19.591224670410156,
      "mid_to_side_loudness": -24.230945587158203,
      "mid_to_side_loudness_range": 20.360231399536133,
      "side_mean": -46.23005676269531
    },
    {
      "high_freq": 1457.5709228515625,
      "loudness": -26.151248931884766,
      "loudness_range": 10.29339599609375,
      "low_freq": 794.6976318359375,
      "mid_mean": -23.201078414916992,
      "mid_to_side_loudness": -17.487516403198242,
      "mid_to_side_loudness_range": 13.895484924316406,
      "side_mean": -42.14610290527344
    },
    {
      "high_freq": 2549.74365234375,
      "loudness": -26.425277709960938,
      "loudness_range": 10.681167602539062,
      "low_freq": 1457.5709228515625,
      "mid_mean": -23.751649856567383,
      "mid_to_side_loudness": -11.935381889343262,
      "mid_to_side_loudness_range": 10.3681640625,
      "side_mean": -36.30756759643555
    },
    {
      "high_freq": 4349.24462890625,
      "loudness": -24.843732833862305,
      "loudness_range": 11.841287612915039,
      "low_freq": 2549.74365234375,
      "mid_mean": -22.73485565185547,
      "mid_to_side_loudness": -7.422307014465332,
      "mid_to_side_loudness_range": 5.473300933837891,
      "side_mean": -30.39745330810547
    },
    {
      "high_freq": 7314.1640625,
      "loudness": -25.72762107849121,
      "loudness_range": 13.207645416259766,
      "low_freq": 4349.24462890625,
      "mid_mean": -24.819332122802734,
      "mid_to_side_loudness": -2.42807936668396,
      "mid_to_side_loudness_range": 4.05978536605835,
      "side_mean": -27.289888381958008
    },
    {
      "high_freq": 12199.2666015625,
      "loudness": -30.833595275878906,
      "loudness_range": 13.738664627075195,
      "low_freq": 7314.1640625,
      "mid_mean": -32.4307746887207,
      "mid_to_side_loudness": 2.6710283756256104,
      "mid_to_side_loudness_range": 4.4908342361450195,
      "side_mean": -29.798521041870117
    },
    {
      "loudness": -47.19352340698242,
      "loudness_range": 21.318546295166016,
      "low_freq": 12199.2666015625,
      "mid_mean": -50.87256622314453,
      "mid_to_side_loudness": -0.2738826274871826,
      "mid_to_side_loudness_range": 9.278316497802734,
      "side_mean": -51.251319885253906
    }
  ],
  "bandwidth": 927.2172241210938,
  "channels": 2,
  "covariance": [
    [
      24.638952255249023,
      4.501165390014648,
      7.205979824066162,
      10.273987770080566,
      8.413043975830078,
      15.460022926330566,
      6.201664924621582,
      8.19491195678711,
      7.44702672958374,
      6.6528425216674805,
      5.212531089782715,
      5.647324085235596,
      9.108612060546875,
      6.178543567657471,
      8.157203674316406,
      5.931563377380371,
      17.252092361450195,
      14.87216854095459
    ],
    [
      4.501165390014648,
      66.56776428222656,
      0.6579132676124573,
      68.02660369873047,
      1.3005937337875366,
      6.987836837768555,
      1.3784375190734863,
      3.6115784645080566,
      1.4756006002426147,
      1.35030996799469,
      1.2325466871261597,
      1.2042967081069946,
      1.0712968111038208,
      1.1660706996917725,
      0.958234429359436,
      1.1683144569396973,
      7.030268669128418,
      70.645263671875
    ],
    [
      7.205979824066162,
      0.6579132676124573,
      21.520435333251953,
      16.365245819091797,
      12.887662887573242,
      13.2940673828125,
      13.353334426879883,
      11.07431697845459,
      13.336175918579102,
      10.49367618560791,
      8.31643295288086,
      8.8157958984375,
      5.091584205627441,
      5.982896327972412,
      5.698219299316406,
      6.122044086456299,
      12.24868106842041,
      11.035304069519043
    ],
    [
      10.273987770080566,
      68.02660369873047,
      16.365245819091797,
      84.75626373291016,
      9.601824760437012,
      22.40276336669922,
      12.60455322265625,
      16.562976837158203,
      12.784080505371094,
      12.137529373168945,
      11.27556037902832,
      11.866613388061523,
      9.488216400146484,
      8.976162910461426,
      9.993915557861328,
      8.660089492797852,
      24.56867218017578,
      85.16248321533203
    ],
    [
      8.413043975830078,
      1.3005937337875366,
      12.887662887573242,
      9.601824760437012,
      24.207599639892578,
      23.665237426757812,
      17.75736427307129,
      16.3382511138916,
      16.89901351928711,
      14.085681915283203,
      15.090917587280273,
      15.198783874511719,
      11.577370643615723,
      11.325812339782715,
      11.33014965057373,
      10.416435241699219,
      18.528736114501953,
      16.884258270263672
    ],
    [
      15.460022926330566,
      6.987836837768555,
      13.2940673828125,
      22.40276336669922,
      23.665237426757812,
      40.14005661010742,
      20.626163482666016,
      28.31529998779297,
      21.742565155029297,
      21.09000015258789,
      21.685667037963867,
      22.489307403564453,
      20.542638778686523,
      18.332006454467773,
      20.133243560791016,
      16.55553436279297,
      38.16584777832031,
      35.555362701416016
    ],
    [
      6.201664924621582,
      1.3784375190734863,
      13.353334426879883,
      12.60455322265625,
      17.75736427307129,
      20.626163482666016,
      25.66888427734375,
      23.37893295288086,
      22.85158920288086,
      22.682703018188477,
      25.694427490234375,
      27.172487258911133,
      20.602481842041016,
      21.63841438293457,
      22.114517211914062,
      20.40128517150879,
      30.590547561645508,
      24.138151168823242
    ],
    [
      8.19491195678711,
      3.6115784645080566,
      11.07431697845459,
      16.562976837158203,
      16.3382511138916,
      28.31529998779297,
      23.37893295288086,
      34.9205207824707,
      23.417688369750977,
      23.957921981811523,
      26.098779678344727,
      27.719627380371094,
      27.134571075439453,
      25.413341522216797,
      27.958820343017578,
      23.51327133178711,
      39.72827911376953,
      31.840187072753906
    ],
    [
      7.44702672958374,
      1.4756006002426147,
      13.336175918579102,
      12.784080505371094,
      16.89901351928711,
      21.742565155029297,
      22.85158920288086,
      23.417688369750977,
      29.752111434936523,
      28.265361785888672,
      28.910818099975586,
      29.910531997680664,
      24.006017684936523,
      25.282838821411133,
      24.394887924194336,
      22.44113540649414,
      34.86160659790039,
      26.735862731933594
    ],
    [
      6.6528425216674805,
      1.35030996799469,
      10.49367618560791,
      12.137529373168945,
      14.085681915283203,
      21.09000015258789,
      22.682703018188477,
      23.957921981811523,
      28.265361785888672,
      31.460351943969727,
      31.805709838867188,
      33.36553192138672,
      27.1144962310791,
      28.907207489013672,
      27.438085556030273,
      25.665328979492188,
      37.064552307128906,
      27.976242065429688
    ],
    [
      5.212531089782715,
      1.2325466871261597,
      8.31643295288086,
      11.27556037902832,
      15.090917587280273,
      21.685667037963867,
      25.694427490234375,
      26.098779678344727,
      28.910818099975586,
      31.805709838867188,
      40.83640670776367,
      41.99480438232422,
      34.55214309692383,
      35.98549270629883,
      35.45058822631836,
      32.648807525634766,
      41.11530685424805,
      31.89081573486328
    ],
    [
      5.647324085235596,
      1.2042967081069946,
      8.8157958984375,
      11.866613388061523,
      15.198783874511719,
      22.489307403564453,
      27.172487258911133,
      27.719627380371094,
      29.910531997680664,
      33.36553192138672,
      41.99480438232422,
      43.990028381347656,
      35.67467498779297,
      37.68329620361328,
      36.83635711669922,
      34.490936279296875,
      43.36201095581055,
      33.37645721435547
    ],
    [
      9.108612060546875,
      1.0712968111038208,
      5.091584205627441,
      9.488216400146484,
      11.577370643615723,
      20.542638778686523,
      20.602481842041016,
      27.134571075439453,
      24.006017684936523,
      27.1144962310791,
      34.55214309692383,
      35.67467498779297,
      38.68619918823242,
      35.38646697998047,
      38.30189895629883,
      32.39591979980469,
      41.19694137573242,
      31.93250274658203
    ],
    [
      6.178543567657471,
      1.1660706996917725,
      5.982896327972412,
      8.976162910461426,
      11.325812339782715,
      18.332006454467773,
      21.63841438293457,
      25.413341522216797,
      25.282838821411133,
      28.907207489013672,
      35.98549270629883,
      37.68329620361328,
      35.38646697998047,
      37.08333969116211,
      35.810546875,
      33.851688385009766,
      40.53129959106445,
      30.41478729248047
    ],
    [
      8.157203674316406,
      0.958234429359436,
      5.698219299316406,
      9.993915557861328,
      11.33014965057373,
      20.133243560791016,
      22.114517211914062,
      27.958820343017578,
      24.394887924194336,
      27.438085556030273,
      35.45058822631836,
      36.83635711669922,
      38.30189895629883,
      35.810546875,
      41.299774169921875,
      35.224483489990234,
      43.4578742980957,
      33.8162956237793
    ],
    [
      5.931563377380371,
      1.1683144569396973,
      6.122044086456299,
      8.660089492797852,
      10.416435241699219,
      16.55553436279297,
      20.40128517150879,
      23.51327133178711,
      22.44113540649414,
      25.665328979492188,
      32.648807525634766,
      34.490936279296875,
      32.39591979980469,
      33.851688385009766,
      35.224483489990234,
      33.61045455932617,
      38.15481185913086,
      29.471376419067383
    ],
    [
      17.252092361450195,
      7.030268669128418,
      12.24868106842041,
      24.56867218017578,
      18.528736114501953,
      38.16584777832031,
      30.590547561645508,
      39.72827911376953,
      34.86160659790039,
      37.064552307128906,
      41.11530685424805,
      43.36201095581055,
      41.19694137573242,
      40.53129959106445,
      43.4578742980957,
      38.15481185913086,
      68.53771209716797,
      54.2380256652832
    ],
    [
      14.87216854095459,
      70.645263671875,
      11.035304069519043,
      85.16248321533203,
      16.884258270263672,
      35.555362701416016,
      24.138151168823242,
      31.840187072753906,
      26.735862731933594,
      27.976242065429688,
      31.89081573486328,
      33.37645721435547,
      31.93250274658203,
      30.41478729248047,
      33.8162956237793,
      29.471376419067383,
      54.2380256652832,
      107.1795654296875
    ]
  ],
  "covariance_short": [
    [
      59.43315887451172,
      6.90095853805542,
      14.569356918334961,
      18.465848922729492,
      11.239937782287598,
      24.267501831054688,
      12.171669006347656,
      18.839248657226562,
      14.712249755859375,
      15.173794746398926,
      16.61931800842285,
      14.49023151397705,
      17.536775588989258,
      17.161399841308594,
      15.699745178222656,
      16.866870880126953,
      30.78754997253418,
      27.251583099365234
    ],
    [
      6.90095853805542,
      67.16223907470703,
      0.9588063359260559,
      65.22441864013672,
      -0.1755683571100235,
      4.785423755645752,
      0.6572933197021484,
      0.8972201347351074,
      0.56147700548172,
      0.787544310092926,
      0.6419541239738464,
      1.1927642822265625,
      1.201132893562317,
      0.6645387411117554,
      0.9840914011001587,
      1.401804804801941,
      67.61738586425781,
      66.2413558959961
    ],
    [
      14.569356918334961,
      0.9588063359260559,
      30.314470291137695,
      20.18585968017578,
      14.95505428314209,
      17.20540428161621,
      14.12043285369873,
      13.452383995056152,
      12.521502494812012,
      9.855356216430664,
      9.235790252685547,
      6.745968818664551,
      7.724886417388916,
      6.820436954498291,
      6.011721134185791,
      7.7117919921875,
      11.042089462280273,
      10.853311538696289
    ],
    [
      18.465848922729492,
      65.22441864013672,
      20.18585968017578,
      86.70596313476562,
      9.924223899841309,
      23.508426666259766,
      11.639789581298828,
      14.24843692779541,
      10.80972671508789,
      10.505035400390625,
      9.575678825378418,
      8.975415229797363,
      8.522022247314453,
      7.977154731750488,
      7.7321672439575195,
      8.138205528259277,
      84.07310485839844,
      81.25129699707031
    ],
    [
      11.239937782287598,
      -0.1755683571100235,
      14.95505428314209,
      9.924223899841309,
      29.625303268432617,
      26.07840919494629,
      16.04253387451172,
      17.470855712890625,
      17.3956241607666,
      14.996601104736328,
      15.496448516845703,
      12.7650785446167,
      14.001313209533691,
      12.277551651000977,
      11.999861717224121,
      14.17276382446289,
      15.112929344177246,
      13.582924842834473
    ],
    [
      24.267501831054688,
      4.785423755645752,
      17.20540428161621,
      23.508426666259766,
      26.07840919494629,
      50.310455322265625,
      21.897790908813477,
      31.844741821289062,
      25.300342559814453,
      25.209070205688477,
      23.255098342895508,
      21.696632385253906,
      21.368322372436523,
      20.920719146728516,
      19.496213912963867,
      21.03879165649414,
      42.66318130493164,
      36.56636428833008
    ],
    [
      12.171669006347656,
      0.6572933197021484,
      14.12043285369873,
      11.639789581298828,
      16.04253387451172,
      21.897790908813477,
      35.93958282470703,
      32.222293853759766,
      27.314041137695312,
      26.112524032592773,
      27.847517013549805,
      26.11737823486328,
      24.402393341064453,
      24.586502075195312,
      23.092121124267578,
      22.58914566040039,
      32.9155387878418,
      24.12676429748535
    ],
    [
      18.839248657226562,
      0.8972201347351074,
      13.452383995056152,
      14.24843692779541,
      17.470855712890625,
      31.844741821289062,
      32.222293853759766,
      44.48836135864258,
      30.37924575805664,
      31.874540328979492,
      32.03772735595703,
      31.031352996826172,
      29.268272399902344,
      30.418529510498047,
      27.83846664428711,
      28.210315704345703,
      45.04940414428711,
      34.091026306152344
    ],
    [
      14.712249755859375,
      0.56147700548172,
      12.521502494812012,
      10.80972671508789,
      17.3956241607666,
      25.300342559814453,
      27.314041137695312,
      30.37924575805664,
      41.94862365722656,
      38.760414123535156,
      35.92144012451172,
      31.497718811035156,
      29.226757049560547,
      29.176910400390625,
      27.380142211914062,
      27.02516746520996,
      39.34359359741211,
      28.60675811767578
    ],
    [
      15.173794746398926,
      0.787544310092926,
      9.855356216430664,
      10.505035400390625,
      14.996601104736328,
      25.209070205688477,
      26.112524032592773,
      31.874540328979492,
      38.760414123535156,
      42.66173553466797,
      36.30234146118164,
      34.48855972290039,
      31.752626419067383,
      33.29423904418945,
      30.733524322509766,
      30.541423797607422,
      43.83515167236328,
      31.42658233642578
    ],
    [
      16.61931800842285,
      0.6419541239738464,
      9.235790252685547,
      9.575678825378418,
      15.496448516845703,
      23.255098342895508,
      27.847517013549805,
      32.03772735595703,
      35.92144012451172,
      36.30234146118164,
      46.99732208251953,
      41.712791442871094,
      38.988746643066406,
      39.887264251708984,
      38.67616271972656,
      38.139312744140625,
      47.68031692504883,
      34.50313186645508
    ],
    [
      14.49023151397705,
      1.1927642822265625,
      6.745968818664551,
      8.975415229797363,
      12.7650785446167,
      21.696632385253906,
      26.11737823486328,
      31.031352996826172,
      31.497718811035156,
      34.48855972290039,
      41.712791442871094,
      44.75170135498047,
      35.43832015991211,
      37.22041320800781,
      37.05534744262695,
      36.680519104003906,
      46.56513595581055,
      33.19707107543945
    ],
    [
      17.536775588989258,
      1.201132893562317,
      7.724886417388916,
      8.522022247314453,
      14.001313209533691,
      21.368322372436523,
      24.402393341064453,
      29.268272399902344,
      29.226757049560547,
      31.752626419067383,
      38.988746643066406,
      35.43832015991211,
      46.26666259765625,
      44.55043029785156,
      41.740352630615234,
      39.62006378173828,
      50.15638732910156,
      37.19899368286133
    ],
    [
      17.161399841308594,
      0.6645387411117554,
      6.820436954498291,
      7.977154731750488,
      12.277551651000977,
      20.920719146728516,
      24.586502075195312,
      30.418529510498047,
      29.176910400390625,
      33.29423904418945,
      39.887264251708984,
      37.22041320800781,
      44.55043029785156,
      47.74205780029297,
      43.353145599365234,
      41.676815032958984,
      51.717533111572266,
      37.25733184814453
    ],
    [
      15.699745178222656,
      0.9840914011001587,
      6.011721134185791,
      7.7321672439575195,
      11.999861717224121,
      19.496213912963867,
      23.092121124267578,
      27.83846664428711,
      27.380142211914062,
      30.733524322509766,
      38.67616271972656,
      37.05534744262695,
      41.740352630615234,
      43.353145599365234,
      50.26040267944336,
      46.071712493896484,
      53.91202163696289,
      40.01234436035156
    ],
    [
      16.866870880126953,
      1.401804804801941,
      7.7117919921875,
      8.138205528259277,
      14.17276382446289,
      21.03879165649414,
      22.58914566040039,
      28.210315704345703,
      27.02516746520996,
      30.541423797607422,
      38.139312744140625,
      36.680519104003906,
      39.62006378173828,
      41.676815032958984,
      46.071712493896484,
      48.79928970336914,
      52.73060607910156,
      39.75155258178711
    ],
    [
      30.78754997253418,
      67.61738586425781,
      11.042089462280273,
      84.07310485839844,
      15.112929344177246,
      42.66318130493164,
      32.9155387878418,
      45.04940414428711,
      39.34359359741211,
      43.83515167236328,
      47.68031692504883,
      46.56513595581055,
      50.15638732910156,
      51.717533111572266,
      53.91202163696289,
      52.73060607910156,
      140.34246826171875,
      121.76443481445312
    ],
    [
      27.251583099365234,
      66.2413558959961,
      10.853311538696289,
      81.25129699707031,
      13.582924842834473,
      36.56636428833008,
      24.12676429748535,
      34.091026306152344,
      28.60675811767578,
      31.42658233642578,
      34.50313186645508,
      33.19707107543945,
      37.19899368286133,
      37.25733184814453,
      40.01234436035156,
      39.75155258178711,
      121.76443481445312,
      111.00434112548828
    ]
  ],
  "damage": -6.66311502456665,
  "diff_bandwidth": 931.3379516601562,
  "dissonance": 9.936567765502653,
  "drr": 1.4195606708526611,
  "dynamics": 2.6260015964508057,
  "format": 1245190,
  "frames": 1017856,
  "loudness": -12.232314109802246,
  "loudness_range": 5.502274513244629,
  "loudness_range_short": 6.923868179321289,
  "lowpass_true_peak_15khz": -1.8937873840332031,
  "mastering3_acoustic_entropies": [
    {
      "acoustic_entropy": 6.828970432281494,
      "acoustic_entropy_mono": 6.407498836517334,
      "band_eliminated_acoustic_entropies": [
        {
          "acoustic_entropy": 6.82722282409668,
          "acoustic_entropy_side": 6.8289690017700195,
          "hz": 129.47220167065723
        },
        {
          "acoustic_entropy": 6.761373519897461,
          "acoustic_entropy_side": 6.828968524932861,
          "hz": 202.92927478742237
        },
        {
          "acoustic_entropy": 6.666910648345947,
          "acoustic_entropy_side": 6.828958988189697,
          "hz": 282.89161906338205
        },
        {
          "acoustic_entropy": 6.779630661010742,
          "acoustic_entropy_side": 6.82896089553833,
          "hz": 369.9353335868758
        },
        {
          "acoustic_entropy": 6.101175785064697,
          "acoustic_entropy_side": 6.828929424285889,
          "hz": 464.6875360973435
        },
        {
          "acoustic_entropy": 6.513572692871094,
          "acoustic_entropy_side": 6.828911781311035,
          "hz": 567.8308811364784
        },
        {
          "acoustic_entropy": 6.820941925048828,
          "acoustic_entropy_side": 6.828892707824707,
          "hz": 680.1084783214808
        },
        {
          "acoustic_entropy": 6.691538333892822,
          "acoustic_entropy_side": 6.829731464385986,
          "hz": 802.3292461747484
        },
        {
          "acoustic_entropy": 6.767270088195801,
          "acoustic_entropy_side": 6.833056449890137,
          "hz": 935.3737400823702
        },
        {
          "acoustic_entropy": 6.950336456298828,
          "acoustic_entropy_side": 6.829590797424316,
          "hz": 1080.2004963696966
        },
        {
          "acoustic_entropy": 6.839146614074707,
          "acoustic_entropy_side": 6.8299174308776855,
          "hz": 1237.8529382007157
        },
        {
          "acoustic_entropy": 6.607567310333252,
          "acoustic_entropy_side": 6.826930999755859,
          "hz": 1409.4668930556702
        },
        {
          "acoustic_entropy": 6.788465976715088,
          "acoustic_entropy_side": 6.828975677490234,
          "hz": 1596.2787759475705
        },
        {
          "acoustic_entropy": 6.978157043457031,
          "acoustic_entropy_side": 6.83345890045166,
          "hz": 1799.6344973346393
        },
        {
          "acoustic_entropy": 6.766980171203613,
          "acoustic_entropy_side": 6.826772212982178,
          "hz": 2020.9991599069049
        },
        {
          "acoustic_entropy": 6.904080867767334,
          "acoustic_entropy_side": 6.8651628494262695,
          "hz": 2261.9676141086993
        },
        {
          "acoustic_entropy": 6.904688835144043,
          "acoustic_entropy_side": 6.856727123260498,
          "hz": 2524.2759484456974
        },
        {
          "acoustic_entropy": 6.756529331207275,
          "acoustic_entropy_side": 6.834822654724121,
          "hz": 2809.813997359896
        },
        {
          "acoustic_entropy": 6.807773113250732,
          "acoustic_entropy_side": 6.821325302124023,
          "hz": 3120.6389567871424
        },
        {
          "acoustic_entropy": 6.539442539215088,
          "acoustic_entropy_side": 6.7853522300720215,
          "hz": 3458.990205492291
        },
        {
          "acoustic_entropy": 6.887969493865967,
          "acoustic_entropy_side": 6.830440044403076,
          "hz": 3827.305438964164
        },
        {
          "acoustic_entropy": 6.823526859283447,
          "acoustic_entropy_side": 6.830434322357178,
          "hz": 4228.238232109126
        },
        {
          "acoustic_entropy": 6.6121602058410645,
          "acoustic_entropy_side": 6.826542377471924,
          "hz": 4664.6771572759235
        },
        {
          "acoustic_entropy": 6.675752639770508,
          "acoustic_entropy_side": 6.828367710113525,
          "hz": 5139.766595350093
        },
        {
          "acoustic_entropy": 6.906503677368164,
          "acoustic_entropy_side": 6.820901870727539,
          "hz": 5656.929389854203
        },
        {
          "acoustic_entropy": 6.6050310134887695,
          "acoustic_entropy_side": 6.734087944030762,
          "hz": 6219.891507268283
        },
        {
          "acoustic_entropy": 6.913756847381592,
          "acoustic_entropy_side": 6.902317047119141,
          "hz": 6832.70888123896
        },
        {
          "acoustic_entropy": 6.419997692108154,
          "acoustic_entropy_side": 6.673293590545654,
          "hz": 7499.796634079867
        },
        {
          "acoustic_entropy": 6.477825164794922,
          "acoustic_entropy_side": 6.623953819274902,
          "hz": 8225.96088609342
        },
        {
          "acoustic_entropy": 6.797877311706543,
          "acoustic_entropy_side": 6.81057071685791,
          "hz": 9016.43338188839
        },
        {
          "acoustic_entropy": 6.84542989730835,
          "acoustic_entropy_side": 6.830694675445557,
          "hz": 9876.909183162974
        },
        {
          "acoustic_entropy": 6.801146984100342,
          "acoustic_entropy_side": 6.798234939575195,
          "hz": 10813.587699516042
        },
        {
          "acoustic_entropy": 6.839195251464844,
          "acoustic_entropy_side": 6.832464218139648,
          "hz": 11833.21735289826
        },
        {
          "acoustic_entropy": 6.835253715515137,
          "acoustic_entropy_side": 6.829391956329346,
          "hz": 12943.144197493959
        },
        {
          "acoustic_entropy": 6.832919597625732,
          "acoustic_entropy_side": 6.830528259277344,
          "hz": 14151.364845322005
        },
        {
          "acoustic_entropy": 6.832026958465576,
          "acoustic_entropy_side": 6.829628944396973,
          "hz": 15466.58407886509
        },
        {
          "acoustic_entropy": 6.8258137702941895,
          "acoustic_entropy_side": 6.8289337158203125,
          "hz": 16898.27756580493
        },
        {
          "acoustic_entropy": 6.829421043395996,
          "acoustic_entropy_side": 6.829169273376465,
          "hz": 18456.760127700032
        },
        {
          "acoustic_entropy": 6.829405307769775,
          "acoustic_entropy_side": 6.829309463500977,
          "hz": 20153.260054456492
        },
        {
          "acoustic_entropy": 6.829007625579834,
          "acoustic_entropy_side": 6.828999996185303,
          "hz": 22000.00000000001
        }
      ],
      "diff_acoustic_entropy": 5.278560638427734,
      "sn": 6
    },
    {
      "acoustic_entropy": 9.12441635131836,
      "acoustic_entropy_mono": 8.412525177001953,
      "band_eliminated_acoustic_entropies": [
        {
          "acoustic_entropy": 9.119735717773438,
          "acoustic_entropy_side": 9.124398231506348,
          "hz": 129.47220167065723
        },
        {
          "acoustic_entropy": 8.903755187988281,
          "acoustic_entropy_side": 9.124336242675781,
          "hz": 202.92927478742237
        },
        {
          "acoustic_entropy": 9.110539436340332,
          "acoustic_entropy_side": 9.12429428100586,
          "hz": 282.89161906338205
        },
        {
          "acoustic_entropy": 9.081923484802246,
          "acoustic_entropy_side": 9.12462043762207,
          "hz": 369.9353335868758
        },
        {
          "acoustic_entropy": 8.601202011108398,
          "acoustic_entropy_side": 9.124829292297363,
          "hz": 464.6875360973435
        },
        {
          "acoustic_entropy": 8.58997631072998,
          "acoustic_entropy_side": 9.1239595413208,
          "hz": 567.8308811364784
        },
        {
          "acoustic_entropy": 8.882561683654785,
          "acoustic_entropy_side": 9.124059677124023,
          "hz": 680.1084783214808
        },
        {
          "acoustic_entropy": 8.123380661010742,
          "acoustic_entropy_side": 9.134896278381348,
          "hz": 802.3292461747484
        },
        {
          "acoustic_entropy": 8.87034797668457,
          "acoustic_entropy_side": 9.150040626525879,
          "hz": 935.3737400823702
        },
        {
          "acoustic_entropy": 9.256664276123047,
          "acoustic_entropy_side": 9.125903129577637,
          "hz": 1080.2004963696966
        },
        {
          "acoustic_entropy": 9.18616008758545,
          "acoustic_entropy_side": 9.11477279663086,
          "hz": 1237.8529382007157
        },
        {
          "acoustic_entropy": 8.844141006469727,
          "acoustic_entropy_side": 9.113469123840332,
          "hz": 1409.4668930556702
        },
        {
          "acoustic_entropy": 9.650325775146484,
          "acoustic_entropy_side": 9.123101234436035,
          "hz": 1596.2787759475705
        },
        {
          "acoustic_entropy": 8.825119018554688,
          "acoustic_entropy_side": 9.124464988708496,
          "hz": 1799.6344973346393
        },
        {
          "acoustic_entropy": 9.239745140075684,
          "acoustic_entropy_side": 9.161989212036133,
          "hz": 2020.9991599069049
        },
        {
          "acoustic_entropy": 8.671228408813477,
          "acoustic_entropy_side": 9.048361778259277,
          "hz": 2261.9676141086993
        },
        {
          "acoustic_entropy": 8.920289039611816,
          "acoustic_entropy_side": 9.075325012207031,
          "hz": 2524.2759484456974
        },
        {
          "acoustic_entropy": 9.245450019836426,
          "acoustic_entropy_side": 9.231456756591797,
          "hz": 2809.813997359896
        },
        {
          "acoustic_entropy": 9.120479583740234,
          "acoustic_entropy_side": 9.122257232666016,
          "hz": 3120.6389567871424
        },
        {
          "acoustic_entropy": 9.03751277923584,
          "acoustic_entropy_side": 9.161858558654785,
          "hz": 3458.990205492291
        },
        {
          "acoustic_entropy": 9.300418853759766,
          "acoustic_entropy_side": 9.136789321899414,
          "hz": 3827.305438964164
        },
        {
          "acoustic_entropy": 9.0468111038208,
          "acoustic_entropy_side": 9.178583145141602,
          "hz": 4228.238232109126
        },
        {
          "acoustic_entropy": 9.187052726745605,
          "acoustic_entropy_side": 9.151853561401367,
          "hz": 4664.6771572759235
        },
        {
          "acoustic_entropy": 8.92240047454834,
          "acoustic_entropy_side": 9.000551223754883,
          "hz": 5139.766595350093
        },
        {
          "acoustic_entropy": 9.249873161315918,
          "acoustic_entropy_side": 9.214607238769531,
          "hz": 5656.929389854203
        },
        {
          "acoustic_entropy": 8.59886360168457,
          "acoustic_entropy_side": 9.02857780456543,
          "hz": 6219.891507268283
        },
        {
          "acoustic_entropy": 9.128127098083496,
          "acoustic_entropy_side": 9.118232727050781,
          "hz": 6832.70888123896
        },
        {
          "acoustic_entropy": 8.934325218200684,
          "acoustic_entropy_side": 9.067724227905273,
          "hz": 7499.796634079867
        },
        {
          "acoustic_entropy": 8.996304512023926,
          "acoustic_entropy_side": 9.135370254516602,
          "hz": 8225.96088609342
        },
        {
          "acoustic_entropy": 9.164437294006348,
          "acoustic_entropy_side": 9.18724536895752,
          "hz": 9016.43338188839
        },
        {
          "acoustic_entropy": 9.283618927001953,
          "acoustic_entropy_side": 9.241366386413574,
          "hz": 9876.909183162974
        },
        {
          "acoustic_entropy": 9.264060020446777,
          "acoustic_entropy_side": 9.15323543548584,
          "hz": 10813.587699516042
        },
        {
          "acoustic_entropy": 9.187295913696289,
          "acoustic_entropy_side": 9.177949905395508,
          "hz": 11833.21735289826
        },
        {
          "acoustic_entropy": 9.164252281188965,
          "acoustic_entropy_side": 9.147066116333008,
          "hz": 12943.144197493959
        },
        {
          "acoustic_entropy": 9.186283111572266,
          "acoustic_entropy_side": 9.151483535766602,
          "hz": 14151.364845322005
        },
        {
          "acoustic_entropy": 9.113144874572754,
          "acoustic_entropy_side": 9.126679420471191,
          "hz": 15466.58407886509
        },
        {
          "acoustic_entropy": 9.101822853088379,
          "acoustic_entropy_side": 9.124119758605957,
          "hz": 16898.27756580493
        },
        {
          "acoustic_entropy": 9.134977340698242,
          "acoustic_entropy_side": 9.128856658935547,
          "hz": 18456.760127700032
        },
        {
          "acoustic_entropy": 9.132914543151855,
          "acoustic_entropy_side": 9.129446983337402,
          "hz": 20153.260054456492
        },
        {
          "acoustic_entropy": 9.126021385192871,
          "acoustic_entropy_side": 9.125621795654297,
          "hz": 22000.00000000001
        }
      ],
      "diff_acoustic_entropy": 7.065966606140137,
      "sn": 12
    },
    {
      "acoustic_entropy": 11.724278450012207,
      "acoustic_entropy_mono": 11.338095664978027,
      "band_eliminated_acoustic_entropies": [
        {
          "acoustic_entropy": 11.655082702636719,
          "acoustic_entropy_side": 11.72533893585205,
          "hz": 129.47220167065723
        },
        {
          "acoustic_entropy": 11.883980751037598,
          "acoustic_entropy_side": 11.724980354309082,
          "hz": 202.92927478742237
        },
        {
          "acoustic_entropy": 11.552825927734375,
          "acoustic_entropy_side": 11.721653938293457,
          "hz": 282.89161906338205
        },
        {
          "acoustic_entropy": 11.542552947998047,
          "acoustic_entropy_side": 11.770123481750488,
          "hz": 369.9353335868758
        },
        {
          "acoustic_entropy": 12.549131393432617,
          "acoustic_entropy_side": 11.963593482971191,
          "hz": 464.6875360973435
        },
        {
          "acoustic_entropy": 11.553274154663086,
          "acoustic_entropy_side": 11.741378784179688,
          "hz": 567.8308811364784
        },
        {
          "acoustic_entropy": 11.476308822631836,
          "acoustic_entropy_side": 11.65357494354248,
          "hz": 680.1084783214808
        },
        {
          "acoustic_entropy": 12.1323823928833,
          "acoustic_entropy_side": 12.195406913757324,
          "hz": 802.3292461747484
        },
        {
          "acoustic_entropy": 11.69350528717041,
          "acoustic_entropy_side": 11.632115364074707,
          "hz": 935.3737400823702
        },
        {
          "acoustic_entropy": 11.883835792541504,
          "acoustic_entropy_side": 11.569926261901855,
          "hz": 1080.2004963696966
        },
        {
          "acoustic_entropy": 12.111717224121094,
          "acoustic_entropy_side": 11.912972450256348,
          "hz": 1237.8529382007157
        },
        {
          "acoustic_entropy": 11.591365814208984,
          "acoustic_entropy_side": 11.549639701843262,
          "hz": 1409.4668930556702
        },
        {
          "acoustic_entropy": 12.599092483520508,
          "acoustic_entropy_side": 12.182907104492188,
          "hz": 1596.2787759475705
        },
        {
          "acoustic_entropy": 12.02717399597168,
          "acoustic_entropy_side": 11.820110321044922,
          "hz": 1799.6344973346393
        },
        {
          "acoustic_entropy": 12.284834861755371,
          "acoustic_entropy_side": 11.79277515411377,
          "hz": 2020.9991599069049
        },
        {
          "acoustic_entropy": 11.55451774597168,
          "acoustic_entropy_side": 11.673565864562988,
          "hz": 2261.9676141086993
        },
        {
          "acoustic_entropy": 11.59615421295166,
          "acoustic_entropy_side": 11.47354793548584,
          "hz": 2524.2759484456974
        },
        {
          "acoustic_entropy": 12.173465728759766,
          "acoustic_entropy_side": 11.680753707885742,
          "hz": 2809.813997359896
        },
        {
          "acoustic_entropy": 11.3871488571167,
          "acoustic_entropy_side": 11.71510124206543,
          "hz": 3120.6389567871424
        },
        {
