{
  "acoustic_entropy": 236.78857421875,
  "bands": [
    {
      "high_freq": 148.1999969482422,
      "loudness": -18.098318099975586,
      "loudness_range": 9.907623291015625,
      "mid_mean": -14.44994068145752,
      "mid_to_side_loudness": -20.52081298828125,
      "mid_to_side_loudness_range": 17.116073608398438,
      "side_mean": -36.026451110839844
    },
    {
      "high_freq": 392.3793640136719,
      "loudness": -18.564258575439453,
      "loudness_range": 5.955442428588867,
      "low_freq": 148.1999969482422,
      "mid_mean": -15.51211929321289,
      "mid_to_side_loudness": -8.308653831481934,
      "mid_to_side_loudness_range": 7.378085136413574,
      "side_mean": -23.973318099975586
    },
    {
      "high_freq": 794.6976318359375,
      "loudness": -20.330299377441406,
      "loudness_range": 8.249518394470215,
      "low_freq": 392.3793640136719,
      "mid_mean": -17.516326904296875,
      "mid_to_side_loudness": -7.6505842208862305,
      "mid_to_side_loudness_range": 11.423690795898438,
      "side_mean": -25.265365600585938
    },
    {
      "high_freq": 1457.5709228515625,
      "loudness": -20.585607528686523,
      "loudness_range": 14.112419128417969,
      "low_freq": 794.6976318359375,
      "mid_mean": -17.650033950805664,
      "mid_to_side_loudness": -9.055761337280273,
      "mid_to_side_loudness_range": 15.099891662597656,
      "side_mean": -26.851829528808594
    },
    {
      "high_freq": 2549.74365234375,
      "loudness": -22.843921661376953,
      "loudness_range": 12.498279571533203,
      "low_freq": 1457.5709228515625,
      "mid_mean": -19.771808624267578,
      "mid_to_side_loudness": -9.069184303283691,
      "mid_to_side_loudness_range": 10.824859619140625,
      "side_mean": -28.97867774963379
    },
    {
      "high_freq": 4349.24462890625,
      "loudness": -21.942201614379883,
      "loudness_range": 11.490701675415039,
      "low_freq": 2549.74365234375,
      "mid_mean": -18.932294845581055,
      "mid_to_side_loudness": -8.517121315002441,
      "mid_to_side_loudness_range": 9.9321870803833,
      "side_mean": -27.59215545654297
    },
    {
      "high_freq": 7314.1640625,
      "loudness": -24.393983840942383,
      "loudness_range": 8.048505783081055,
      "low_freq": 4349.24462890625,
      "mid_mean": -21.417409896850586,
      "mid_to_side_loudness": -8.40561294555664,
      "mid_to_side_loudness_range": 9.50408935546875,
      "side_mean": -29.950883865356445
    },
    {
      "high_freq": 12199.2666015625,
      "loudness": -26.069278717041016,
      "loudness_range": 8.416877746582031,
      "low_freq": 7314.1640625,
      "mid_mean": -23.184667587280273,
      "mid_to_side_loudness": -7.42001485824585,
      "mid_to_side_loudness_range": 8.049859046936035,
      "side_mean": -30.669963836669922
    },
    {
      "loudness": -34.51787567138672,
      "loudness_range": 10.244514465332031,
      "low_freq": 12199.2666015625,
      "mid_mean": -31.886011123657227,
      "mid_to_side_loudness": -6.176168918609619,
      "mid_to_side_loudness_range": 7.444003105163574,
      "side_mean": -38.0584716796875
    }
  ],
  "bands_short": [
    {
      "high_freq": 148.1999969482422,
      "loudness": -21.60072898864746,
      "loudness_range": 20.51044273376465,
      "mid_mean": -17.927413940429688,
      "mid_to_side_loudness": -20.711395263671875,
      "mid_to_side_loudness_range": 23.470661163330078,
      "side_mean": -40.03874969482422
    },
    {
      "high_freq": 392.3793640136719,
      "loudness": -18.311410903930664,
      "loudness_range": 11.996928215026855,
      "low_freq": 148.1999969482422,
      "mid_mean": -15.224173545837402,
      "mid_to_side_loudness": -9.39645767211914,
      "mid_to_side_loudness_range": 12.760194778442383,
      "side_mean": -24.86357879638672
    },
    {
      "high_freq": 794.6976318359375,
      "loudness": -21.650924682617188,
      "loudness_range": 12.95114803314209,
      "low_freq": 392.3793640136719,
      "mid_mean": -18.965991973876953,
      "mid_to_side_loudness": -7.565998077392578,
      "mid_to_side_loudness_range": 14.180843353271484,
      "side_mean": -26.666549682617188
    },
    {
      "high_freq": 1457.5709228515625,
      "loudness": -21.603975296020508,
      "loudness_range": 18.332767486572266,
      "low_freq": 794.6976318359375,
      "mid_mean": -18.81826400756836,
      "mid_to_side_loudness": -8.570782661437988,
      "mid_to_side_loudness_range": 16.976606369018555,
      "side_mean": -27.662891387939453
    },
    {
      "high_freq": 2549.74365234375,
      "loudness": -24.48072052001953,
      "loudness_range": 17.323204040527344,
      "low_freq": 1457.5709228515625,
      "mid_mean": -21.52242660522461,
      "mid_to_side_loudness": -8.589476585388184,
      "mid_to_side_loudness_range": 13.018102645874023,
      "side_mean": -30.26629638671875
    },
    {
      "high_freq": 4349.24462890625,
      "loudness": -23.330644607543945,
      "loudness_range": 16.700477600097656,
      "low_freq": 2549.74365234375,
      "mid_mean": -20.484703063964844,
      "mid_to_side_loudness": -8.004778861999512,
      "mid_to_side_loudness_range": 12.830757141113281,
      "side_mean": -28.605072021484375
    },
    {
      "high_freq": 7314.1640625,
      "loudness": -25.3886661529541,
      "loudness_range": 12.442323684692383,
      "low_freq": 4349.24462890625,
      "mid_mean": -22.432212829589844,
      "mid_to_side_loudness": -8.518176078796387,
      "mid_to_side_loudness_range": 11.938305854797363,
      "side_mean": -31.131589889526367
    },
    {
      "high_freq": 12199.2666015625,
      "loudness": -27.702720642089844,
      "loudness_range": 13.443363189697266,
      "low_freq": 7314.1640625,
      "mid_mean": -24.86561393737793,
      "mid_to_side_loudness": -7.6505913734436035,
      "mid_to_side_loudness_range": 10.818763732910156,
      "side_mean": -32.63706588745117
    },
    {
      "loudness": -37.37773132324219,
      "loudness_range": 18.043746948242188,
      "low_freq": 12199.2666015625,
      "mid_mean": -34.844966888427734,
      "mid_to_side_loudness": -6.269532680511475,
      "mid_to_side_loudness_range": 10.361254692077637,
      "side_mean": -41.182777404785156
    }
  ],
  "bandwidth": 637.198486328125,
  "channels": 2,
  "covariance": [
    [
      23.18950653076172,
      11.970966339111328,
      2.1265969276428223,
      1.8467856645584106,
      0.8652184009552002,
      2.925476312637329,
      -1.10836660861969,
      1.5470232963562012,
      0.33423423767089844,
      2.088613986968994,
      1.7613539695739746,
      2.283038854598999,
      1.8155163526535034,
      1.5701875686645508,
      1.609650731086731,
      1.1770362854003906,
      1.5099714994430542,
      1.6088930368423462
    ],
    [
      11.970966339111328,
      23.042795181274414,
      1.3379381895065308,
      2.437988758087158,
      0.49997198581695557,
      2.907076597213745,
      -1.699987530708313,
      3.0572307109832764,
      3.1510329246520996,
      7.746222019195557,
      4.5866522789001465,
      7.059867858886719,
      2.868835210800171,
      5.090538501739502,
      2.137437343597412,
      3.8255579471588135,
      1.6649609804153442,
      2.695462465286255
    ],
    [
      2.1265969276428223,
      1.3379381895065308,
      7.549919605255127,
      5.546355724334717,
      2.7974977493286133,
      2.7648978233337402,
      -0.5239625573158264,
      0.28357478976249695,
      -1.5420254468917847,
      -1.394869089126587,
      0.1071096807718277,
      -0.6529201865196228,
      -0.19830819964408875,
      -0.8176754117012024,
      0.1729198843240738,
      -0.20238259434700012,
      0.8470664024353027,
      0.3877035975456238
    ],
    [
      1.8467856645584106,
      2.437988758087158,
      5.546355724334717,
      10.3342866897583,
      3.8291475772857666,
      7.556173801422119,
      1.2665942907333374,
      5.0501604080200195,
      0.02206922136247158,
      2.4233739376068115,
      2.598055601119995,
      3.1464571952819824,
      1.3988697528839111,
      1.5455291271209717,
      0.4378858804702759,
      1.451682448387146,
      0.08964936435222626,
      0.7581976652145386
    ],
    [
      0.8652184009552002,
      0.49997198581695557,
      2.7974977493286133,
      3.8291475772857666,
      10.736923217773438,
      7.571835517883301,
      5.795982837677002,
      5.858123302459717,
      3.440946102142334,
      2.1331193447113037,
      3.807018995285034,
      2.193880796432495,
      2.395109176635742,
      1.146442174911499,
      0.7381168007850647,
      0.5675012469291687,
      0.6537467241287231,
      1.480417013168335
    ],
    [
      2.925476312637329,
      2.907076597213745,
      2.7648978233337402,
      7.556173801422119,
      7.571835517883301,
      19.781816482543945,
      7.221041202545166,
      17.396879196166992,
      5.42348575592041,
      10.85619068145752,
      5.9537553787231445,
      9.27245807647705,
      3.7400147914886475,
      5.958606243133545,
      0.5503579378128052,
      4.078890323638916,
      -0.5004746317863464,
      3.0174336433410645
    ],
    [
      -1.10836660861969,
      -1.699987530708313,
      -0.5239625573158264,
      1.2665942907333374,
      5.795982837677002,
      7.221041202545166,
      27.43047523498535,
      17.007627487182617,
      14.815176010131836,
      7.351985454559326,
      3.8051164150238037,
      2.7173736095428467,
      4.21964693069458,
      1.9465049505233765,
      -0.6864073872566223,
      -0.22924739122390747,
      0.18801090121269226,
      1.2824584245681763
    ],
    [
      1.5470232963562012,
      3.0572307109832764,
      0.28357478976249695,
      5.0501604080200195,
      5.858123302459717,
      17.396879196166992,
      17.007627487182617,
      31.21175765991211,
      11.367109298706055,
      17.006662368774414,
      7.5322723388671875,
      13.044142723083496,
      5.766607761383057,
      9.262394905090332,
      1.1123323440551758,
      5.381065368652344,
      0.7472370862960815,
      4.369259834289551
    ],
    [
      0.33423423767089844,
      3.1510329246520996,
      -1.5420254468917847,
      0.02206922136247158,
      3.440946102142334,
      5.42348575592041,
      14.815176010131836,
      11.367109298706055,
      20.997243881225586,
      14.938316345214844,
      5.7400665283203125,
      8.455877304077148,
      5.030342102050781,
      5.338245391845703,
      0.8542700409889221,
      2.8905704021453857,
      0.11586466431617737,
      1.4248124361038208
    ],
    [
      2.088613986968994,
      7.746222019195557,
      -1.394869089126587,
      2.4233739376068115,
      2.1331193447113037,
      10.85619068145752,
      7.351985454559326,
      17.006662368774414,
      14.938316345214844,
      23.57786750793457,
      9.758502960205078,
      18.290943145751953,
      6.11668586730957,
      12.22439193725586,
      2.408776044845581,
      8.542475700378418,
      1.5846432447433472,
      4.5790886878967285
    ],
    [
      1.7613539695739746,
      4.5866522789001465,
      0.1071096807718277,
      2.598055601119995,
      3.807018995285034,
      5.9537553787231445,
      3.8051164150238037,
      7.5322723388671875,
      5.7400665283203125,
      9.758502960205078,
      18.70897674560547,
      15.29758358001709,
      8.62447738647461,
      8.752798080444336,
      4.047402381896973,
      5.652028560638428,
      1.5083433389663696,
      2.121459484100342
    ],
    [
      2.283038854598999,
      7.059867858886719,
      -0.6529201865196228,
      3.1464571952819824,
      2.193880796432495,
      9.27245807647705,
      2.7173736095428467,
      13.044142723083496,
      8.455877304077148,
      18.290943145751953,
      15.29758358001709,
      24.46903419494629,
      7.951810836791992,
      16.046974182128906,
      4.676637172698975,
      10.765945434570312,
      2.7081234455108643,
      4.604422092437744
    ],
    [
      1.8155163526535034,
      2.868835210800171,
      -0.19830819964408875,
      1.3988697528839111,
      2.395109176635742,
      3.7400147914886475,
      4.21964693069458,
      5.766607761383057,
      5.030342102050781,
      6.11668586730957,
      8.62447738647461,
      7.951810836791992,
      10.167155265808105,
      9.153057098388672,
      5.565130710601807,
      6.238887786865234,
      2.9955759048461914,
      3.456235885620117
    ],
    [
      1.5701875686645508,
      5.090538501739502,
      -0.8176754117012024,
      1.5455291271209717,
      1.146442174911499,
      5.958606243133545,
      1.9465049505233765,
      9.262394905090332,
      5.338245391845703,
      12.22439193725586,
      8.752798080444336,
      16.046974182128906,
      9.153057098388672,
      17.965097427368164,
      6.11737585067749,
      12.422796249389648,
      4.175619602203369,
      6.7771759033203125
    ],
    [
      1.609650731086731,
      2.137437343597412,
      0.1729198843240738,
      0.4378858804702759,
      0.7381168007850647,
      0.5503579378128052,
      -0.6864073872566223,
      1.1123323440551758,
      0.8542700409889221,
      2.408776044845581,
      4.047402381896973,
      4.676637172698975,
      5.565130710601807,
      6.11737585067749,
      9.051068305969238,
      6.715792179107666,
      6.780918598175049,
      4.3548994064331055
    ],
    [
      1.1770362854003906,
      3.8255579471588135,
      -0.20238259434700012,
      1.451682448387146,
      0.5675012469291687,
      4.078890323638916,
      -0.22924739122390747,
      5.381065368652344,
      2.8905704021453857,
      8.542475700378418,
      5.652028560638428,
      10.765945434570312,
      6.238887786865234,
      12.422796249389648,
      6.715792179107666,
      12.570405960083008,
      4.925206184387207,
      7.596846580505371
    ],
    [
      1.5099714994430542,
      1.6649609804153442,
      0.8470664024353027,
      0.08964936435222626,
      0.6537467241287231,
      -0.5004746317863464,
      0.18801090121269226,
      0.7472370862960815,
      0.11586466431617737,
      1.5846432447433472,
      1.5083433389663696,
      2.7081234455108643,
      2.9955759048461914,
      4.175619602203369,
      6.780918598175049,
      4.925206184387207,
      13.921140670776367,
      7.478508472442627
    ],
    [
      1.6088930368423462,
      2.695462465286255,
      0.3877035975456238,
      0.7581976652145386,
      1.480417013168335,
      3.0174336433410645,
      1.2824584245681763,
      4.369259834289551,
      1.4248124361038208,
      4.5790886878967285,
      2.121459484100342,
      4.604422092437744,
      3.456235885620117,
      6.7771759033203125,
      4.3548994064331055,
      7.596846580505371,
      7.478508472442627,
      10.474313735961914
    ]
  ],
  "covariance_short": [
    [
      53.19032287597656,
      21.697450637817383,
      7.393914222717285,
      1.846922516822815,
      -0.32747530937194824,
      2.5385849475860596,
      -2.4629299640655518,
      0.41396430134773254,
      0.025945434346795082,
      2.1887922286987305,
      0.479023277759552,
      1.5733215808868408,
      1.043923020362854,
      0.534618616104126,
      0.8206182718276978,
      0.20913927257061005,
      -1.420106053352356,
      -1.3239150047302246
    ],
    [
      21.697450637817383,
      41.13878631591797,
      7.753795146942139,
      4.239653587341309,
      0.382642924785614,
      2.6102993488311768,
      -3.7868587970733643,
      0.5326042771339417,
      1.719040036201477,
      7.218585968017578,
      2.5117392539978027,
      5.888211727142334,
      2.282396078109741,
      5.199797630310059,
      3.8168697357177734,
      5.779270172119141,
      3.2119195461273193,
      5.271413803100586
    ],
    [
      7.393914222717285,
      7.753795146942139,
      22.97937774658203,
      11.474214553833008,
      8.47143268585205,
      8.214970588684082,
      1.7728017568588257,
      4.589123249053955,
      2.583892345428467,
      3.466304302215576,
      2.638136386871338,
      1.4284693002700806,
      1.623923897743225,
      0.9906407594680786,
      2.5693435668945312,
      2.9375672340393066,
      3.5346930027008057,
      4.319728851318359
    ],
    [
      1.846922516822815,
      4.239653587341309,
      11.474214553833008,
      19.130184173583984,
      8.842347145080566,
      12.946501731872559,
      4.789235591888428,
      9.686796188354492,
      3.6914665699005127,
      6.443554878234863,
      5.374769687652588,
      5.5568156242370605,
      3.4017741680145264,
      4.011160850524902,
      2.874539375305176,
      4.355915069580078,
      3.5528385639190674,
      4.426980018615723
    ],
    [
      -0.32747530937194824,
      0.382642924785614,
      8.47143268585205,
      8.842347145080566,
      25.677751541137695,
      16.47808837890625,
      11.95734977722168,
      11.344439506530762,
      9.557092666625977,
      7.221866130828857,
      11.589673042297363,
      6.212054252624512,
      8.313116073608398,
      5.382491111755371,
      5.592441558837891,
      5.283970832824707,
      6.50058650970459,
      6.815544605255127
    ],
    [
      2.5385849475860596,
      2.6102993488311768,
      8.214970588684082,
      12.946501731872559,
      16.47808837890625,
      31.6912784576416,
      14.377811431884766,
      24.861364364624023,
      11.818363189697266,
      16.767438888549805,
      11.379656791687012,
      13.171547889709473,
      7.91842794418335,
      10.169486999511719,
      5.095012187957764,
      9.085892677307129,
      5.521454811096191,
      8.630797386169434
    ],
    [
      -2.4629299640655518,
      -3.7868587970733643,
      1.7728017568588257,
      4.789235591888428,
      11.95734977722168,
      14.377811431884766,
      46.77871322631836,
      28.11903953552246,
      27.869626998901367,
      15.921338081359863,
      14.092795372009277,
      7.888150215148926,
      12.845821380615234,
      7.352238178253174,
      3.846196413040161,
      4.036945819854736,
      6.233724594116211,
      6.052491188049316
    ],
    [
      0.41396430134773254,
      0.5326042771339417,
      4.589123249053955,
      9.686796188354492,
      11.344439506530762,
      24.861364364624023,
      28.11903953552246,
      43.33804702758789,
      19.638973236083984,
      23.1343994140625,
      13.19552230834961,
      15.832537651062012,
      10.230891227722168,
      12.857592582702637,
      4.975764274597168,
      9.478503227233887,
      6.268674850463867,
      9.121289253234863
    ],
    [
      0.025945434346795082,
      1.719040036201477,
      2.583892345428467,
      3.6914665699005127,
      9.557092666625977,
      11.818363189697266,
      27.869626998901367,
      19.638973236083984,
      39.76974868774414,
      26.397510528564453,
      18.324007034301758,
      15.257990837097168,
      14.780939102172852,
      12.183759689331055,
      7.870288372039795,
      9.926458358764648,
      7.1590986251831055,
      8.339814186096191
    ],
    [
      2.1887922286987305,
      7.218585968017578,
      3.466304302215576,
      6.443554878234863,
      7.221866130828857,
      16.767438888549805,
      15.921338081359863,
      23.1343994140625,
      26.397510528564453,
      33.57863998413086,
      18.367385864257812,
      24.390329360961914,
      12.213906288146973,
      18.695236206054688,
      8.90343952178955,
      16.685068130493164,
      8.424955368041992,
      12.722725868225098
    ],
    [
      0.479023277759552,
      2.5117392539978027,
      2.638136386871338,
      5.374769687652588,
      11.589673042297363,
      11.379656791687012,
      14.092795372009277,
      13.19552230834961,
      18.324007034301758,
      18.367385864257812,
      38.14834976196289,
      27.6343994140625,
      20.67316246032715,
      18.995452880859375,
      13.544806480407715,
      16.292362213134766,
      10.538324356079102,
      11.467437744140625
    ],
    [
      1.5733215808868408,
      5.888211727142334,
      1.4284693002700806,
      5.5568156242370605,
      6.212054252624512,
      13.171547889709473,
      7.888150215148926,
      15.832537651062012,
      15.257990837097168,
      24.390329360961914,
      27.6343994140625,
      36.87376403808594,
      15.461542129516602,
      26.47493553161621,
      12.770809173583984,
      23.071168899536133,
      11.499284744262695,
      15.82166576385498
    ],
    [
      1.043923020362854,
      2.282396078109741,
      1.623923897743225,
      3.4017741680145264,
      8.313116073608398,
      7.91842794418335,
      12.845821380615234,
      10.230891227722168,
      14.780939102172852,
      12.213906288146973,
      20.67316246032715,
      15.461542129516602,
      24.355762481689453,
      19.61399269104004,
      17.172128677368164,
      16.90790367126465,
      14.045317649841309,
      13.861808776855469
    ],
    [
      0.534618616104126,
      5.199797630310059,
      0.9906407594680786,
      4.011160850524902,
      5.382491111755371,
      10.169486999511719,
      7.352238178253174,
      12.857592582702637,
      12.183759689331055,
      18.695236206054688,
      18.995452880859375,
      26.47493553161621,
      19.61399269104004,
      32.652915954589844,
      17.787351608276367,
      28.62897491455078,
      18.349727630615234,
      23.912372589111328
    ],
    [
      0.8206182718276978,
      3.8168697357177734,
      2.5693435668945312,
      2.874539375305176,
      5.592441558837891,
      5.095012187957764,
      3.846196413040161,
      4.975764274597168,
      7.870288372039795,
      8.90343952178955,
      13.544806480407715,
      12.770809173583984,
      17.172128677368164,
      17.787351608276367,
      27.488666534423828,
      23.824270248413086,
      24.66720199584961,
      21.304109573364258
    ],
    [
      0.20913927257061005,
      5.779270172119141,
      2.9375672340393066,
      4.355915069580078,
      5.283970832824707,
      9.085892677307129,
      4.036945819854736,
      9.478503227233887,
      9.926458358764648,
      16.685068130493164,
      16.292362213134766,
      23.071168899536133,
      16.90790367126465,
      28.62897491455078,
      23.824270248413086,
      36.438602447509766,
      25.031858444213867,
      31.472118377685547
    ],
    [
      -1.420106053352356,
      3.2119195461273193,
      3.5346930027008057,
      3.5528385639190674,
      6.50058650970459,
      5.521454811096191,
      6.233724594116211,
      6.268674850463867,
      7.1590986251831055,
      8.424955368041992,
      10.538324356079102,
      11.499284744262695,
      14.045317649841309,
      18.349727630615234,
      24.66720199584961,
      25.031858444213867,
      43.91172409057617,
      35.49321365356445
    ],
    [
      -1.3239150047302246,
      5.271413803100586,
      4.319728851318359,
      4.426980018615723,
      6.815544605255127,
      8.630797386169434,
      6.052491188049316,
      9.121289253234863,
      8.339814186096191,
      12.722725868225098,
      11.467437744140625,
      15.82166576385498,
      13.861808776855469,
      23.912372589111328,
      21.304109573364258,
      31.472118377685547,
      35.49321365356445,
      45.32830810546875
    ]
  ],
  "damage": -3.9525320529937744,
  "diff_bandwidth": 660.6531982421875,
  "dissonance": 9.239029925739201,
  "drr": 5.204775333404541,
  "dynamics": 1.886862874031067,
  "format": 1245190,
  "frames": 12752896,
  "loudness": -7.667365550994873,
  "loudness_range": 3.485907554626465,
  "loudness_range_short": 6.13878870010376,
  "lowpass_true_peak_15khz": 0.8611462116241455,
  "mastering3_acoustic_entropies": [
    {
      "acoustic_entropy": 8.417783737182617,
      "acoustic_entropy_mono": 9.657548904418945,
      "band_eliminated_acoustic_entropies": [
        {
          "acoustic_entropy": 8.486143112182617,
          "acoustic_entropy_side": 8.41769790649414,
          "hz": 129.47220167065723
        },
        {
          "acoustic_entropy": 8.013609886169434,
          "acoustic_entropy_side": 8.42502212524414,
          "hz": 202.92927478742237
        },
        {
          "acoustic_entropy": 8.50391960144043,
          "acoustic_entropy_side": 8.4219331741333,
          "hz": 282.89161906338205
        },
        {
          "acoustic_entropy": 8.960851669311523,
          "acoustic_entropy_side": 8.441054344177246,
          "hz": 369.9353335868758
        },
        {
          "acoustic_entropy": 8.372039794921875,
          "acoustic_entropy_side": 8.431550025939941,
          "hz": 464.6875360973435
        },
        {
          "acoustic_entropy": 8.476603507995605,
          "acoustic_entropy_side": 8.447904586791992,
          "hz": 567.8308811364784
        },
        {
          "acoustic_entropy": 8.117637634277344,
          "acoustic_entropy_side": 8.505314826965332,
          "hz": 680.1084783214808
        },
        {
          "acoustic_entropy": 8.47608757019043,
          "acoustic_entropy_side": 8.532378196716309,
          "hz": 802.3292461747484
        },
        {
          "acoustic_entropy": 9.051647186279297,
          "acoustic_entropy_side": 8.470135688781738,
          "hz": 935.3737400823702
        },
        {
          "acoustic_entropy": 7.992103576660156,
          "acoustic_entropy_side": 8.621139526367188,
          "hz": 1080.2004963696966
        },
        {
          "acoustic_entropy": 8.503639221191406,
          "acoustic_entropy_side": 8.599214553833008,
          "hz": 1237.8529382007157
        },
        {
          "acoustic_entropy": 7.940832138061523,
          "acoustic_entropy_side": 8.33885383605957,
          "hz": 1409.4668930556702
        },
        {
          "acoustic_entropy": 8.531042098999023,
          "acoustic_entropy_side": 8.511837005615234,
          "hz": 1596.2787759475705
        },
        {
          "acoustic_entropy": 8.283889770507812,
          "acoustic_entropy_side": 8.440793991088867,
          "hz": 1799.6344973346393
        },
        {
          "acoustic_entropy": 8.41004753112793,
          "acoustic_entropy_side": 8.49759292602539,
          "hz": 2020.9991599069049
        },
        {
          "acoustic_entropy": 8.911030769348145,
          "acoustic_entropy_side": 8.573214530944824,
          "hz": 2261.9676141086993
        },
        {
          "acoustic_entropy": 8.883944511413574,
          "acoustic_entropy_side": 8.467976570129395,
          "hz": 2524.2759484456974
        },
        {
          "acoustic_entropy": 8.350787162780762,
          "acoustic_entropy_side": 8.663601875305176,
          "hz": 2809.813997359896
        },
        {
          "acoustic_entropy": 8.571793556213379,
          "acoustic_entropy_side": 8.400857925415039,
          "hz": 3120.6389567871424
        },
        {
          "acoustic_entropy": 8.962190628051758,
          "acoustic_entropy_side": 8.405556678771973,
          "hz": 3458.990205492291
        },
        {
          "acoustic_entropy": 8.430900573730469,
          "acoustic_entropy_side": 8.391551971435547,
          "hz": 3827.305438964164
        },
        {
          "acoustic_entropy": 8.385650634765625,
          "acoustic_entropy_side": 8.411699295043945,
          "hz": 4228.238232109126
        },
        {
          "acoustic_entropy": 8.330399513244629,
          "acoustic_entropy_side": 8.433597564697266,
          "hz": 4664.6771572759235
        },
        {
          "acoustic_entropy": 8.386865615844727,
          "acoustic_entropy_side": 8.439416885375977,
          "hz": 5139.766595350093
        },
        {
          "acoustic_entropy": 8.519110679626465,
          "acoustic_entropy_side": 8.4573392868042,
          "hz": 5656.929389854203
        },
        {
          "acoustic_entropy": 8.44881820678711,
          "acoustic_entropy_side": 8.441651344299316,
          "hz": 6219.891507268283
        },
        {
          "acoustic_entropy": 8.375149726867676,
          "acoustic_entropy_side": 8.48068618774414,
          "hz": 6832.70888123896
        },
        {
          "acoustic_entropy": 8.521143913269043,
          "acoustic_entropy_side": 8.498374938964844,
          "hz": 7499.796634079867
        },
        {
          "acoustic_entropy": 8.515610694885254,
          "acoustic_entropy_side": 8.507062911987305,
          "hz": 8225.96088609342
        },
        {
          "acoustic_entropy": 8.524992942810059,
          "acoustic_entropy_side": 8.52446460723877,
          "hz": 9016.43338188839
        },
        {
          "acoustic_entropy": 8.58688735961914,
          "acoustic_entropy_side": 8.463383674621582,
          "hz": 9876.909183162974
        },
        {
          "acoustic_entropy": 8.7589111328125,
          "acoustic_entropy_side": 8.409456253051758,
          "hz": 10813.587699516042
        },
        {
          "acoustic_entropy": 8.561869621276855,
          "acoustic_entropy_side": 8.409958839416504,
          "hz": 11833.21735289826
        },
        {
          "acoustic_entropy": 8.726520538330078,
          "acoustic_entropy_side": 8.410543441772461,
          "hz": 12943.144197493959
        },
        {
          "acoustic_entropy": 8.67190933227539,
          "acoustic_entropy_side": 8.412097930908203,
          "hz": 14151.364845322005
        },
        {
          "acoustic_entropy": 8.445055961608887,
          "acoustic_entropy_side": 8.414737701416016,
          "hz": 15466.58407886509
        },
        {
          "acoustic_entropy": 8.3729887008667,
          "acoustic_entropy_side": 8.414450645446777,
          "hz": 16898.27756580493
        },
        {
          "acoustic_entropy": 8.3731689453125,
          "acoustic_entropy_side": 8.41860294342041,
          "hz": 18456.760127700032
        },
        {
          "acoustic_entropy": 8.398975372314453,
          "acoustic_entropy_side": 8.418383598327637,
          "hz": 20153.260054456492
        },
        {
          "acoustic_entropy": 8.415021896362305,
          "acoustic_entropy_side": 8.417741775512695,
          "hz": 22000.00000000001
        }
      ],
      "diff_acoustic_entropy": 8.75879192352295,
      "sn": 6
    },
    {
      "acoustic_entropy": 13.147202491760254,
      "acoustic_entropy_mono": 13.83787727355957,
      "band_eliminated_acoustic_entropies": [
        {
          "acoustic_entropy": 12.853535652160645,
          "acoustic_entropy_side": 13.14819622039795,
          "hz": 129.47220167065723
        },
        {
          "acoustic_entropy": 12.824995040893555,
          "acoustic_entropy_side": 13.058817863464355,
          "hz": 202.92927478742237
        },
        {
          "acoustic_entropy": 13.325806617736816,
          "acoustic_entropy_side": 13.308574676513672,
          "hz": 282.89161906338205
        },
        {
          "acoustic_entropy": 13.336320877075195,
          "acoustic_entropy_side": 13.304204940795898,
          "hz": 369.9353335868758
        },
        {
          "acoustic_entropy": 13.73215103149414,
          "acoustic_entropy_side": 13.04928970336914,
          "hz": 464.6875360973435
        },
        {
          "acoustic_entropy": 13.570898056030273,
          "acoustic_entropy_side": 13.50772476196289,
          "hz": 567.8308811364784
        },
        {
          "acoustic_entropy": 13.613515853881836,
          "acoustic_entropy_side": 13.574204444885254,
          "hz": 680.1084783214808
        },
        {
          "acoustic_entropy": 13.082369804382324,
          "acoustic_entropy_side": 12.945387840270996,
          "hz": 802.3292461747484
        },
        {
          "acoustic_entropy": 13.615503311157227,
          "acoustic_entropy_side": 13.141624450683594,
          "hz": 935.3737400823702
        },
        {
          "acoustic_entropy": 13.384268760681152,
          "acoustic_entropy_side": 13.219900131225586,
          "hz": 1080.2004963696966
        },
        {
          "acoustic_entropy": 13.554441452026367,
          "acoustic_entropy_side": 14.13068675994873,
          "hz": 1237.8529382007157
        },
        {
          "acoustic_entropy": 12.696781158447266,
          "acoustic_entropy_side": 12.874089241027832,
          "hz": 1409.4668930556702
        },
        {
          "acoustic_entropy": 13.470500946044922,
          "acoustic_entropy_side": 13.08853530883789,
          "hz": 1596.2787759475705
        },
        {
          "acoustic_entropy": 13.53867244720459,
          "acoustic_entropy_side": 13.181154251098633,
          "hz": 1799.6344973346393
        },
        {
          "acoustic_entropy": 13.32640552520752,
          "acoustic_entropy_side": 13.270859718322754,
          "hz": 2020.9991599069049
        },
        {
          "acoustic_entropy": 13.753171920776367,
          "acoustic_entropy_side": 13.59632396697998,
          "hz": 2261.9676141086993
        },
        {
          "acoustic_entropy": 13.60643196105957,
          "acoustic_entropy_side": 13.571751594543457,
          "hz": 2524.2759484456974
        },
        {
          "acoustic_entropy": 13.62109375,
          "acoustic_entropy_side": 13.527091979980469,
          "hz": 2809.813997359896
        },
        {
          "acoustic_entropy": 13.65748119354248,
          "acoustic_entropy_side": 13.37966251373291,
          "hz": 3120.6389567871424
        },
        {
          "acoustic_entropy": 13.6829252243042,
          "acoustic_entropy_side": 13.287424087524414,
          "hz": 3458.990205492291
        },
        {
          "acoustic_entropy": 12.998113632202148,
          "acoustic_entropy_side": 13.235334396362305,
          "hz": 3827.305438964164
        },
        {
          "acoustic_entropy": 12.833327293395996,
          "acoustic_entropy_side": 13.260152816772461,
          "hz": 4228.238232109126
        },
        {
          "acoustic_entropy": 13.072312355041504,
          "acoustic_entropy_side": 13.158834457397461,
          "hz": 4664.6771572759235
        },
        {
          "acoustic_entropy": 13.203723907470703,
          "acoustic_entropy_side": 13.233033180236816,
          "hz": 5139.766595350093
        },
        {
          "acoustic_entropy": 13.157386779785156,
          "acoustic_entropy_side": 13.100855827331543,
          "hz": 5656.929389854203
        },
        {
          "acoustic_entropy": 13.07800006866455,
          "acoustic_entropy_side": 13.140222549438477,
          "hz": 6219.891507268283
        },
        {
          "acoustic_entropy": 13.162294387817383,
          "acoustic_entropy_side": 13.1538667678833,
          "hz": 6832.70888123896
        },
        {
          "acoustic_entropy": 13.09896183013916,
          "acoustic_entropy_side": 13.129718780517578,
          "hz": 7499.796634079867
        },
        {
          "acoustic_entropy": 13.122511863708496,
          "acoustic_entropy_side": 13.172829627990723,
          "hz": 8225.96088609342
        },
        {
          "acoustic_entropy": 13.229751586914062,
          "acoustic_entropy_side": 13.178135871887207,
          "hz": 9016.43338188839
        },
        {
          "acoustic_entropy": 13.105250358581543,
          "acoustic_entropy_side": 13.075469017028809,
          "hz": 9876.909183162974
        },
        {
          "acoustic_entropy": 13.185656547546387,
          "acoustic_entropy_side": 13.120752334594727,
          "hz": 10813.587699516042
        },
        {
          "acoustic_entropy": 13.012937545776367,
          "acoustic_entropy_side": 13.127097129821777,
          "hz": 11833.21735289826
        },
        {
          "acoustic_entropy": 13.143891334533691,
          "acoustic_entropy_side": 13.11163330078125,
          "hz": 12943.144197493959
        },
        {
          "acoustic_entropy": 13.193180084228516,
          "acoustic_entropy_side": 13.144927978515625,
          "hz": 14151.364845322005
        },
        {
          "acoustic_entropy": 13.168216705322266,
          "acoustic_entropy_side": 13.123732566833496,
          "hz": 15466.58407886509
        },
        {
          "acoustic_entropy": 13.381816864013672,
          "acoustic_entropy_side": 13.117084503173828,
          "hz": 16898.27756580493
        },
        {
          "acoustic_entropy": 13.295414924621582,
          "acoustic_entropy_side": 13.157064437866211,
          "hz": 18456.760127700032
        },
        {
          "acoustic_entropy": 13.003398895263672,
          "acoustic_entropy_side": 13.152688980102539,
          "hz": 20153.260054456492
        },
        {
          "acoustic_entropy": 13.110641479492188,
          "acoustic_entropy_side": 13.146712303161621,
          "hz": 22000.00000000001
        }
      ],
      "diff_acoustic_entropy": 12.909663200378418,
      "sn": 12
    },
    {
      "acoustic_entropy": 19.35730743408203,
      "acoustic_entropy_mono": 18.034358978271484,
      "band_eliminated_acoustic_entropies": [
        {
          "acoustic_entropy": 18.19371795654297,
          "acoustic_entropy_side": 19.374902725219727,
          "hz": 129.47220167065723
        },
        {
          "acoustic_entropy": 19.85004425048828,
          "acoustic_entropy_side": 19.495210647583008,
          "hz": 202.92927478742237
        },
        {
          "acoustic_entropy": 20.056123733520508,
          "acoustic_entropy_side": 19.506126403808594,
          "hz": 282.89161906338205
        },
        {
          "acoustic_entropy": 18.787864685058594,
          "acoustic_entropy_side": 19.027774810791016,
          "hz": 369.9353335868758
        },
        {
          "acoustic_entropy": 19.385589599609375,
          "acoustic_entropy_side": 19.83791160583496,
          "hz": 464.6875360973435
        },
        {
          "acoustic_entropy": 19.704845428466797,
          "acoustic_entropy_side": 19.621471405029297,
          "hz": 567.8308811364784
        },
        {
          "acoustic_entropy": 19.431642532348633,
          "acoustic_entropy_side": 19.207839965820312,
          "hz": 680.1084783214808
        },
        {
          "acoustic_entropy": 19.495269775390625,
          "acoustic_entropy_side": 19.1148681640625,
          "hz": 802.3292461747484
        },
        {
          "acoustic_entropy": 18.876937866210938,
          "acoustic_entropy_side": 18.813793182373047,
          "hz": 935.3737400823702
        },
        {
          "acoustic_entropy": 18.322723388671875,
          "acoustic_entropy_side": 19.433168411254883,
          "hz": 1080.2004963696966
        },
        {
          "acoustic_entropy": 18.77898597717285,
          "acoustic_entropy_side": 18.457408905029297,
          "hz": 1237.8529382007157
        },
        {
          "acoustic_entropy": 19.437057495117188,
          "acoustic_entropy_side": 19.463329315185547,
          "hz": 1409.4668930556702
        },
        {
          "acoustic_entropy": 19.278024673461914,
          "acoustic_entropy_side": 19.27787208557129,
          "hz": 1596.2787759475705
        },
        {
          "acoustic_entropy": 19.43752670288086,
          "acoustic_entropy_side": 19.724966049194336,
          "hz": 1799.6344973346393
        },
        {
          "acoustic_entropy": 19.037588119506836,
          "acoustic_entropy_side": 19.07096290588379,
          "hz": 2020.9991599069049
        },
        {
          "acoustic_entropy": 19.571043014526367,
          "acoustic_entropy_side": 19.64266014099121,
          "hz": 2261.9676141086993
        },
        {
          "acoustic_entropy": 19.69863510131836,
          "acoustic_entropy_side": 19.66106414794922,
          "hz": 2524.2759484456974
        },
        {
          "acoustic_entropy": 18.82329559326172,
          "acoustic_entropy_side": 19.26633071899414,
          "hz": 2809.813997359896
        },
        {
