{
  "acoustic_entropy": 45.076568603515625,
  "bands": [
    {
      "high_freq": 148.1999969482422,
      "loudness": -18.21919059753418,
      "loudness_range": 7.178129196166992,
      "mid_mean": -52.024009704589844,
      "mid_to_side_loudness": -27.666643142700195,
      "mid_to_side_loudness_range": 51.708641052246094,
      "side_mean": -69.98863220214844
    },
    {
      "high_freq": 392.3793640136719,
      "loudness": -21.186670303344727,
      "loudness_range": 11.637598037719727,
      "low_freq": 148.1999969482422,
      "mid_mean": -52.75028610229492,
      "mid_to_side_loudness": -14.94666862487793,
      "mid_to_side_loudness_range": 41.225955963134766,
      "side_mean": -69.9862060546875
    },
    {
      "high_freq": 794.6976318359375,
      "loudness": -39.439029693603516,
      "loudness_range": 20.49515151977539,
      "low_freq": 392.3793640136719,
      "mid_mean": -51.45148849487305,
      "mid_to_side_loudness": -29.12418556213379,
      "mid_to_side_loudness_range": 50.422019958496094,
      "side_mean": -69.9953384399414
    },
    {
      "high_freq": 1457.5709228515625,
      "loudness": -48.231529235839844,
      "loudness_range": 14.994319915771484,
      "low_freq": 794.6976318359375,
      "mid_mean": -57.011173248291016,
      "mid_to_side_loudness": -31.573909759521484,
      "mid_to_side_loudness_range": 60.40440368652344,
      "side_mean": -69.9970703125
    },
    {
      "high_freq": 2549.74365234375,
      "loudness": -47.77899169921875,
      "loudness_range": 24.353057861328125,
      "low_freq": 1457.5709228515625,
      "mid_mean": -55.26991271972656,
      "mid_to_side_loudness": -41.47986602783203,
      "mid_to_side_loudness_range": 58.98565673828125,
      "side_mean": -69.99006652832031
    },
    {
      "high_freq": 4349.24462890625,
      "loudness": -48.557857513427734,
      "loudness_range": 20.222789764404297,
      "low_freq": 2549.74365234375,
      "mid_mean": -56.77714157104492,
      "mid_to_side_loudness": -37.07452392578125,
      "mid_to_side_loudness_range": 61.30915832519531,
      "side_mean": -69.9895248413086
    },
    {
      "high_freq": 7314.1640625,
      "loudness": -49.50016784667969,
      "loudness_range": 24.42117691040039,
      "low_freq": 4349.24462890625,
      "mid_mean": -57.298484802246094,
      "mid_to_side_loudness": -34.0987434387207,
      "mid_to_side_loudness_range": 58.99940872192383,
      "side_mean": -69.99713897705078
    },
    {
      "high_freq": 12199.2666015625,
      "loudness": -45.044403076171875,
      "loudness_range": 24.897239685058594,
      "low_freq": 7314.1640625,
      "mid_mean": -60.72909164428711,
      "mid_to_side_loudness": -19.13642692565918,
      "mid_to_side_loudness_range": 37.15864562988281,
      "side_mean": -69.99497985839844
    },
    {
      "loudness": -47.15519714355469,
      "loudness_range": 13.971355438232422,
      "low_freq": 12199.2666015625,
      "mid_mean": -62.90462875366211,
      "mid_to_side_loudness": -5.86735725402832,
      "mid_to_side_loudness_range": 21.331817626953125,
      "side_mean": -69.985595703125
    }
  ],
  "bands_short": [
    {
      "high_freq": 148.1999969482422,
      "loudness": -24.52838897705078,
      "loudness_range": 26.35017204284668,
      "mid_mean": -55.94907760620117,
      "mid_to_side_loudness": -24.881872177124023,
      "mid_to_side_loudness_range": 44.70316696166992,
      "side_mean": -69.99653625488281
    },
    {
      "high_freq": 392.3793640136719,
      "loudness": -19.074127197265625,
      "loudness_range": 14.18884563446045,
      "low_freq": 148.1999969482422,
      "mid_mean": -54.3275260925293,
      "mid_to_side_loudness": -16.863386154174805,
      "mid_to_side_loudness_range": 40.2038459777832,
      "side_mean": -69.99031066894531
    },
    {
      "high_freq": 794.6976318359375,
      "loudness": -40.80575180053711,
      "loudness_range": 27.9158992767334,
      "low_freq": 392.3793640136719,
      "mid_mean": -56.831817626953125,
      "mid_to_side_loudness": -27.111379623413086,
      "mid_to_side_loudness_range": 47.94240188598633,
      "side_mean": -69.99523162841797
    },
    {
      "high_freq": 1457.5709228515625,
      "loudness": -49.588905334472656,
      "loudness_range": 28.700653076171875,
      "low_freq": 794.6976318359375,
      "mid_mean": -61.172306060791016,
      "mid_to_side_loudness": -31.448884963989258,
      "mid_to_side_loudness_range": 54.17477798461914,
      "side_mean": -69.99747467041016
    },
    {
      "high_freq": 2549.74365234375,
      "loudness": -49.937477111816406,
      "loudness_range": 33.03190231323242,
      "low_freq": 1457.5709228515625,
      "mid_mean": -61.166969299316406,
      "mid_to_side_loudness": -35.83388137817383,
      "mid_to_side_loudness_range": 56.52121353149414,
      "side_mean": -69.99288940429688
    },
    {
      "high_freq": 4349.24462890625,
      "loudness": -53.475772857666016,
      "loudness_range": 35.4254150390625,
      "low_freq": 2549.74365234375,
      "mid_mean": -63.58792495727539,
      "mid_to_side_loudness": -27.587474822998047,
      "mid_to_side_loudness_range": 49.78919982910156,
      "side_mean": -69.99219512939453
    },
    {
      "high_freq": 7314.1640625,
      "loudness": -54.720603942871094,
      "loudness_range": 38.453346252441406,
      "low_freq": 4349.24462890625,
      "mid_mean": -64.61699676513672,
      "mid_to_side_loudness": -25.267366409301758,
      "mid_to_side_loudness_range": 45.640071868896484,
      "side_mean": -69.9971923828125
    },
    {
      "high_freq": 12199.2666015625,
      "loudness": -56.18539810180664,
      "loudness_range": 43.48563003540039,
      "low_freq": 7314.1640625,
      "mid_mean": -67.07147216796875,
      "mid_to_side_loudness": -15.592550277709961,
      "mid_to_side_loudness_range": 30.369033813476562,
      "side_mean": -69.99503326416016
    },
    {
      "loudness": -54.35765838623047,
      "loudness_range": 37.199485778808594,
      "low_freq": 12199.2666015625,
      "mid_mean": -68.22434997558594,
      "mid_to_side_loudness": -4.399285316467285,
      "mid_to_side_loudness_range": 21.91139030456543,
      "side_mean": -69.98554992675781
    }
  ],
  "bandwidth": 212.2684783935547,
  "channels": 2,
  "covariance": [
    [
      657.2531127929688,
      0.45573145151138306,
      623.6048583984375,
      0.5529556274414062,
      329.200927734375,
      0.18284866213798523,
      244.1938934326172,
      0.11268644034862518,
      164.16342163085938,
      0.38546887040138245,
      205.72921752929688,
      0.395711213350296,
      167.58648681640625,
      0.07825407385826111,
      27.952558517456055,
      0.09154801815748215,
      1.5774813890457153,
      0.2013654261827469
    ],
    [
      0.45573145151138306,
      0.018759215250611305,
      0.4097084105014801,
      0.02265946939587593,
      0.19173020124435425,
      0.007412981707602739,
      0.21705900132656097,
      0.004542859271168709,
      0.15863393247127533,
      0.015274415723979473,
      0.2105655074119568,
      0.015528503805398941,
      0.12749487161636353,
      0.0020376439206302166,
      -0.07852818816900253,
      0.00011625579645624384,
      -0.080242820084095,
      0.00015607484965585172
    ],
    [
      623.6048583984375,
      0.4097084105014801,
      600.7613525390625,
      0.4971003234386444,
      316.006103515625,
      0.16491983830928802,
      233.10984802246094,
      0.10153951495885849,
      159.66372680664062,
      0.34709447622299194,
      197.38333129882812,
      0.35692042112350464,
      162.66476440429688,
      0.07240726798772812,
      32.7111701965332,
      0.08682231605052948,
      6.601968765258789,
      0.1929154247045517
    ],
    [
      0.5529556274414062,
      0.02265946939587593,
      0.4971003234386444,
      0.02739095874130726,
      0.23111464083194733,
      0.0089600570499897,
      0.262738436460495,
      0.005492102820426226,
      0.19211533665657043,
      0.01847671903669834,
      0.25484251976013184,
      0.01877664588391781,
      0.15417546033859253,
      0.0024650634732097387,
      -0.0952552929520607,
      0.00014065942377783358,
      -0.09727407991886139,
      0.00018709157302509993
    ],
    [
      329.200927734375,
      0.19173020124435425,
      316.006103515625,
      0.23111464083194733,
      307.6352233886719,
      0.07795201241970062,
      225.693359375,
      0.04843769967556,
      228.2884521484375,
      0.1638932079076767,
      226.0973358154297,
      0.1717803180217743,
      217.7933349609375,
      0.04325137287378311,
      154.4447479248047,
      0.06865936517715454,
      117.75574493408203,
      0.19016453623771667
    ],
    [
      0.18284866213798523,
      0.007412981707602739,
      0.16491983830928802,
      0.0089600570499897,
      0.07795201241970062,
      0.002935411874204874,
      0.08696924895048141,
      0.0017988804029300809,
      0.0643894299864769,
      0.006047817412763834,
      0.08485641330480576,
      0.00614583445712924,
      0.052479520440101624,
      0.0008101331768557429,
      -0.028837110847234726,
      4.6682962420163676e-05,
      -0.030110569670796394,
      6.294293416431174e-05
    ],
    [
      244.1938934326172,
      0.21705900132656097,
      233.10984802246094,
      0.262738436460495,
      225.693359375,
      0.08696924895048141,
      175.11610412597656,
      0.05379641056060791,
      170.72486877441406,
      0.18317021429538727,
      173.68978881835938,
      0.1890127807855606,
      165.66835021972656,
      0.03880585730075836,
      119.25305938720703,
      0.04639066010713577,
      93.25470733642578,
      0.12279631942510605
    ],
    [
      0.11268644034862518,
      0.004542859271168709,
      0.10153951495885849,
      0.005492102820426226,
      0.04843769967556,
      0.0017988804029300809,
      0.05379641056060791,
      0.0011027621803805232,
      0.040145374834537506,
      0.0037076484877616167,
      0.05246662348508835,
      0.003767164424061775,
      0.03255237638950348,
      0.000496070715598762,
      -0.017467165365815163,
      2.8824306355090812e-05,
      -0.01830066181719303,
      3.908203143510036e-05
    ],
    [
      164.16342163085938,
      0.15863393247127533,
      159.66372680664062,
      0.19211533665657043,
      228.2884521484375,
      0.0643894299864769,
      170.72486877441406,
      0.040145374834537506,
      208.2940673828125,
      0.1360364556312561,
      186.7122039794922,
      0.1415531188249588,
      188.26162719726562,
      0.03323440998792648,
      167.9058837890625,
      0.047305427491664886,
      137.2581024169922,
      0.1507391333580017
    ],
    [
      0.38546887040138245,
      0.015274415723979473,
      0.34709447622299194,
      0.01847671903669834,
      0.1638932079076767,
      0.006047817412763834,
      0.18317021429538727,
      0.0037076484877616167,
      0.1360364556312561,
      0.012478547170758247,
      0.17822425067424774,
      0.012674618512392044,
      0.1095423698425293,
      0.0016690840711817145,
      -0.0617208369076252,
      9.808717732084915e-05,
      -0.06405177712440491,
      0.00013220967957749963
    ],
    [
      205.72921752929688,
      0.2105655074119568,
      197.38333129882812,
      0.25484251976013184,
      226.0973358154297,
      0.08485641330480576,
      173.68978881835938,
      0.05246662348508835,
      186.7122039794922,
      0.17822425067424774,
      184.17501831054688,
      0.18384890258312225,
      181.3880615234375,
      0.038063403218984604,
      144.97686767578125,
      0.04357360675930977,
      115.15887451171875,
      0.12415820360183716
    ],
    [
      0.395711213350296,
      0.015528503805398941,
      0.35692042112350464,
      0.01877664588391781,
      0.1717803180217743,
      0.00614583445712924,
      0.1890127807855606,
      0.003767164424061775,
      0.1415531188249588,
      0.012674618512392044,
      0.18384890258312225,
      0.012877815403044224,
      0.11429961770772934,
      0.0016954257152974606,
      -0.06015051156282425,
      0.00010102990199811757,
      -0.06324505060911179,
      0.00013972767919767648
    ],
    [
      167.58648681640625,
      0.12749487161636353,
      162.66476440429688,
      0.15417546033859253,
      217.7933349609375,
      0.052479520440101624,
      165.66835021972656,
      0.03255237638950348,
      188.26162719726562,
      0.1095423698425293,
      181.3880615234375,
      0.11429961770772934,
      186.091064453125,
      0.02791687659919262,
      163.46917724609375,
      0.03785577788949013,
      131.61453247070312,
      0.11764782667160034
    ],
    [
      0.07825407385826111,
      0.0020376439206302166,
      0.07240726798772812,
      0.0024650634732097387,
      0.04325137287378311,
      0.0008101331768557429,
      0.03880585730075836,
      0.000496070715598762,
      0.03323440998792648,
      0.0016690840711817145,
      0.038063403218984604,
      0.0016954257152974606,
      0.02791687659919262,
      0.00022839078155811876,
      -0.00048485773731954396,
      1.994946251215879e-05,
      -0.0032390591222792864,
      3.610159910749644e-05
    ],
    [
      27.952558517456055,
      -0.07852818816900253,
      32.7111701965332,
      -0.0952552929520607,
      154.4447479248047,
      -0.028837110847234726,
      119.25305938720703,
      -0.017467165365815163,
      167.9058837890625,
      -0.0617208369076252,
      144.97686767578125,
      -0.06015051156282425,
      163.46917724609375,
      -0.00048485773731954396,
      191.59967041015625,
      0.016042811796069145,
      164.24697875976562,
      0.07405247539281845
    ],
    [
      0.09154801815748215,
      0.00011625579645624384,
      0.08682231605052948,
      0.00014065942377783358,
      0.06865936517715454,
      4.6682962420163676e-05,
      0.04639066010713577,
      2.8824306355090812e-05,
      0.047305427491664886,
      9.808717732084915e-05,
      0.04357360675930977,
      0.00010102990199811757,
      0.03785577788949013,
      1.994946251215879e-05,
      0.016042811796069145,
      2.628092624945566e-05,
      0.009556184522807598,
      7.22872355254367e-05
    ],
    [
      1.5774813890457153,
      -0.080242820084095,
      6.601968765258789,
      -0.09727407991886139,
      117.75574493408203,
      -0.030110569670796394,
      93.25470733642578,
      -0.01830066181719303,
      137.2581024169922,
      -0.06405177712440491,
      115.15887451171875,
      -0.06324505060911179,
      131.61453247070312,
      -0.0032390591222792864,
      164.24697875976562,
      0.009556184522807598,
      144.70559692382812,
      0.05305863916873932
    ],
    [
      0.2013654261827469,
      0.00015607484965585172,
      0.1929154247045517,
      0.00018709157302509993,
      0.19016453623771667,
      6.294293416431174e-05,
      0.12279631942510605,
      3.908203143510036e-05,
      0.1507391333580017,
      0.00013220967957749963,
      0.12415820360183716,
      0.00013972767919767648,
      0.11764782667160034,
      3.610159910749644e-05,
      0.07405247539281845,
      7.22872355254367e-05,
      0.05305863916873932,
      0.0002609059156384319
    ]
  ],
  "covariance_short": [
    [
      497.6278991699219,
      0.14940673112869263,
      525.4923706054688,
      0.41868600249290466,
      300.28985595703125,
      0.1999969482421875,
      224.3864288330078,
      0.10225419700145721,
      120.06580352783203,
      0.2894197106361389,
      124.88569641113281,
      0.30473920702934265,
      89.33277130126953,
      0.07267889380455017,
      15.550873756408691,
      0.06942939758300781,
      2.268449544906616,
      0.1355791836977005
    ],
    [
      0.14940673112869263,
      0.007467559073120356,
      0.14247241616249084,
      0.02190794050693512,
      0.054680097848176956,
      0.010516447015106678,
      0.08875110745429993,
      0.005189854651689529,
      0.08554578572511673,
      0.013820825144648552,
      0.08088870346546173,
      0.014176793396472931,
      0.027423862367868423,
      0.002520521404221654,
      -0.0043871765956282616,
      9.54435599851422e-05,
      -0.006077646277844906,
      1.736836384225171e-05
    ],
    [
      525.4923706054688,
      0.14247241616249084,
      594.33056640625,
      0.3989756405353546,
      345.09716796875,
      0.19314174354076385,
      251.76925659179688,
      0.09854000061750412,
      138.8212890625,
      0.27819421887397766,
      145.8191680908203,
      0.2938624918460846,
      105.78306579589844,
      0.07470041513442993,
      22.082693099975586,
      0.07798977196216583,
      5.483499050140381,
      0.16331258416175842
    ],
    [
      0.41868600249290466,
      0.02190794050693512,
      0.3989756405353546,
      0.06639846414327621,
      0.15396001935005188,
      0.03183019906282425,
      0.24951304495334625,
      0.015452654100954533,
      0.24261917173862457,
      0.04094749316573143,
      0.23736333847045898,
      0.041674256324768066,
      0.08763151615858078,
      0.0074502588249742985,
      -0.01193938311189413,
      0.0002831134188454598,
      -0.017006875947117805,
      4.8347435949835926e-05
    ],
    [
      300.28985595703125,
      0.054680097848176956,
      345.09716796875,
      0.15396001935005188,
      283.2149658203125,
      0.07329197973012924,
      203.04518127441406,
      0.03782891109585762,
      172.62413024902344,
      0.10811328887939453,
      145.42442321777344,
      0.11757934093475342,
      120.93729400634766,
      0.03717662766575813,
      65.1282730102539,
      0.058083925396203995,
      40.674991607666016,
      0.15586800873279572
    ],
    [
      0.1999969482421875,
      0.010516447015106678,
      0.19314174354076385,
      0.03183019906282425,
      0.07329197973012924,
      0.015815775841474533,
      0.11883075535297394,
      0.007523528765887022,
      0.11467520892620087,
      0.01945701241493225,
      0.11146961152553558,
      0.020011821761727333,
      0.039039112627506256,
      0.003580014919862151,
      -0.006943161133676767,
      0.00013632576155941933,
      -0.00819421000778675,
      2.363196290389169e-05
    ],
    [
      224.3864288330078,
      0.08875110745429993,
      251.76925659179688,
      0.24951304495334625,
      203.04518127441406,
      0.11883075535297394,
      165.06932067871094,
      0.060665786266326904,
      132.6674346923828,
      0.17111440002918243,
      119.10932922363281,
      0.18038927018642426,
      99.63935089111328,
      0.04262465983629227,
      58.49589538574219,
      0.03504573181271553,
      40.44684982299805,
      0.08512721210718155
    ],
    [
      0.10225419700145721,
      0.005189854651689529,
      0.09854000061750412,
      0.015452654100954533,
      0.03782891109585762,
      0.007523528765887022,
      0.060665786266326904,
      0.003700708970427513,
      0.058350689709186554,
      0.0097189387306571,
      0.05424097552895546,
      0.00989155750721693,
      0.016781266778707504,
      0.001801630831323564,
      -0.003466120222583413,
      6.936446152394637e-05,
      -0.0038892060983926058,
      1.4556559108314104e-05
    ],
    [
      120.06580352783203,
      0.08554578572511673,
      138.8212890625,
      0.24261917173862457,
      172.62413024902344,
      0.11467520892620087,
      132.6674346923828,
      0.058350689709186554,
      166.01779174804688,
      0.16428624093532562,
      125.85453033447266,
      0.17387664318084717,
      112.14742279052734,
      0.04083367437124252,
      77.9510269165039,
      0.03481362387537956,
      53.09935760498047,
      0.12038054317235947
    ],
    [
      0.2894197106361389,
      0.013820825144648552,
      0.27819421887397766,
      0.04094749316573143,
      0.10811328887939453,
      0.01945701241493225,
      0.17111440002918243,
      0.0097189387306571,
      0.16428624093532562,
      0.02641366235911846,
      0.15133026242256165,
      0.02673936076462269,
      0.049109358340501785,
      0.004862783942371607,
      -0.008712774142622948,
      0.00018431636271998286,
      -0.011292746290564537,
      4.4929776777280495e-05
    ],
    [
      124.88569641113281,
      0.08088870346546173,
      145.8191680908203,
      0.23736333847045898,
      145.42442321777344,
      0.11146961152553558,
      119.10932922363281,
      0.05424097552895546,
      125.85453033447266,
      0.15133026242256165,
      121.2957763671875,
      0.1613653302192688,
      108.17949676513672,
      0.03462201729416847,
      67.71817779541016,
      0.018360614776611328,
      45.97075271606445,
      0.06293677538633347
    ],
    [
      0.30473920702934265,
      0.014176793396472931,
      0.2938624918460846,
      0.041674256324768066,
      0.11757934093475342,
      0.020011821761727333,
      0.18038927018642426,
      0.00989155750721693,
      0.17387664318084717,
      0.02673936076462269,
      0.1613653302192688,
      0.027390526607632637,
      0.05724162608385086,
      0.004890276584774256,
      -0.006935365963727236,
      0.00018644276133272797,
      -0.011161347851157188,
      4.9548129027243704e-05
    ],
    [
      89.33277130126953,
      0.027423862367868423,
      105.78306579589844,
      0.08763151615858078,
      120.93729400634766,
      0.039039112627506256,
      99.63935089111328,
      0.016781266778707504,
      112.14742279052734,
      0.049109358340501785,
      108.17949676513672,
      0.05724162608385086,
      104.7269058227539,
      0.013797941617667675,
      71.41793060302734,
      0.012840933166444302,
      49.576236724853516,
      0.05343250930309296
    ],
    [
      0.07267889380455017,
      0.002520521404221654,
      0.07470041513442993,
      0.0074502588249742985,
      0.03717662766575813,
      0.003580014919862151,
      0.04262465983629227,
      0.001801630831323564,
      0.04083367437124252,
      0.004862783942371607,
      0.03462201729416847,
      0.004890276584774256,
      0.013797941617667675,
      0.0009238504571840167,
      0.0010434958385303617,
      4.399148019729182e-05,
      -0.0005958583205938339,
      2.926561501226388e-05
    ],
    [
      15.550873756408691,
      -0.0043871765956282616,
      22.082693099975586,
      -0.01193938311189413,
      65.1282730102539,
      -0.006943161133676767,
      58.49589538574219,
      -0.003466120222583413,
      77.9510269165039,
      -0.008712774142622948,
      67.71817779541016,
      -0.006935365963727236,
      71.41793060302734,
      0.0010434958385303617,
      67.41400909423828,
      0.003619458992034197,
      52.37803649902344,
      0.027786539867520332
    ],
    [
      0.06942939758300781,
      9.54435599851422e-05,
      0.07798977196216583,
      0.0002831134188454598,
      0.058083925396203995,
      0.00013632576155941933,
      0.03504573181271553,
      6.936446152394637e-05,
      0.03481362387537956,
      0.00018431636271998286,
      0.018360614776611328,
      0.00018644276133272797,
      0.012840933166444302,
      4.399148019729182e-05,
      0.003619458992034197,
      4.607878145179711e-05,
      0.0011851314920932055,
      0.00011251685646129772
    ],
    [
      2.268449544906616,
      -0.006077646277844906,
      5.483499050140381,
      -0.017006875947117805,
      40.674991607666016,
      -0.00819421000778675,
      40.44684982299805,
      -0.0038892060983926058,
      53.09935760498047,
      -0.011292746290564537,
      45.97075271606445,
      -0.011161347851157188,
      49.576236724853516,
      -0.0005958583205938339,
      52.37803649902344,
      0.0011851314920932055,
      44.166439056396484,
      0.015917280688881874
    ],
    [
      0.1355791836977005,
      1.736836384225171e-05,
      0.16331258416175842,
      4.8347435949835926e-05,
      0.15586800873279572,
      2.363196290389169e-05,
      0.08512721210718155,
      1.4556559108314104e-05,
      0.12038054317235947,
      4.4929776777280495e-05,
      0.06293677538633347,
      4.9548129027243704e-05,
      0.05343250930309296,
      2.926561501226388e-05,
      0.027786539867520332,
      0.00011251685646129772,
      0.015917280688881874,
      0.0005039088428020477
    ]
  ],
  "damage": -8.666664123535156,
  "diff_bandwidth": 221.447021484375,
  "dissonance": 4.83483751634306,
  "drr": 2.224433660507202,
  "dynamics": 8.420809745788574,
  "format": 1245190,
  "frames": 1822720,
  "loudness": -19.10364532470703,
  "loudness_range": 19.219097137451172,
  "loudness_range_short": 29.4952335357666,
  "lowpass_true_peak_15khz": 0.00482277013361454,
  "mastering3_acoustic_entropies": [
    {
      "acoustic_entropy": 6.086865425109863,
      "acoustic_entropy_mono": 6.086865425109863,
      "band_eliminated_acoustic_entropies": [
        {
          "acoustic_entropy": 6.022610187530518,
          "acoustic_entropy_side": 6.086865425109863,
          "hz": 129.47220167065723
        },
        {
          "acoustic_entropy": 5.907149791717529,
          "acoustic_entropy_side": 6.086865425109863,
          "hz": 202.92927478742237
        },
        {
          "acoustic_entropy": 6.0466108322143555,
          "acoustic_entropy_side": 6.086865425109863,
          "hz": 282.89161906338205
        },
        {
          "acoustic_entropy": 6.120234966278076,
          "acoustic_entropy_side": 6.086865425109863,
          "hz": 369.9353335868758
        },
        {
          "acoustic_entropy": 6.13266134262085,
          "acoustic_entropy_side": 6.086865425109863,
          "hz": 464.6875360973435
        },
        {
          "acoustic_entropy": 5.526389122009277,
          "acoustic_entropy_side": 6.086865425109863,
          "hz": 567.8308811364784
        },
        {
          "acoustic_entropy": 6.128500938415527,
          "acoustic_entropy_side": 6.086865425109863,
          "hz": 680.1084783214808
        },
        {
          "acoustic_entropy": 6.124449729919434,
          "acoustic_entropy_side": 6.086865425109863,
          "hz": 802.3292461747484
        },
        {
          "acoustic_entropy": 6.080141544342041,
          "acoustic_entropy_side": 6.086865425109863,
          "hz": 935.3737400823702
        },
        {
          "acoustic_entropy": 6.056187629699707,
          "acoustic_entropy_side": 6.086865425109863,
          "hz": 1080.2004963696966
        },
        {
          "acoustic_entropy": 6.081342697143555,
          "acoustic_entropy_side": 6.086865425109863,
          "hz": 1237.8529382007157
        },
        {
          "acoustic_entropy": 6.088595867156982,
          "acoustic_entropy_side": 6.086865425109863,
          "hz": 1409.4668930556702
        },
        {
          "acoustic_entropy": 6.085275173187256,
          "acoustic_entropy_side": 6.086865425109863,
          "hz": 1596.2787759475705
        },
        {
          "acoustic_entropy": 6.0877532958984375,
          "acoustic_entropy_side": 6.086865425109863,
          "hz": 1799.6344973346393
        },
        {
          "acoustic_entropy": 5.975414276123047,
          "acoustic_entropy_side": 6.086865425109863,
          "hz": 2020.9991599069049
        },
        {
          "acoustic_entropy": 6.079103469848633,
          "acoustic_entropy_side": 6.086865425109863,
          "hz": 2261.9676141086993
        },
        {
          "acoustic_entropy": 6.0889458656311035,
          "acoustic_entropy_side": 6.086865425109863,
          "hz": 2524.2759484456974
        },
        {
          "acoustic_entropy": 6.090513706207275,
          "acoustic_entropy_side": 6.086865425109863,
          "hz": 2809.813997359896
        },
        {
          "acoustic_entropy": 6.095283031463623,
          "acoustic_entropy_side": 6.086865425109863,
          "hz": 3120.6389567871424
        },
        {
          "acoustic_entropy": 6.088575839996338,
          "acoustic_entropy_side": 6.086865425109863,
          "hz": 3458.990205492291
        },
        {
          "acoustic_entropy": 6.0913214683532715,
          "acoustic_entropy_side": 6.086865425109863,
          "hz": 3827.305438964164
        },
        {
          "acoustic_entropy": 6.097840785980225,
          "acoustic_entropy_side": 6.086865425109863,
          "hz": 4228.238232109126
        },
        {
          "acoustic_entropy": 6.099937438964844,
          "acoustic_entropy_side": 6.086865425109863,
          "hz": 4664.6771572759235
        },
        {
          "acoustic_entropy": 6.088412284851074,
          "acoustic_entropy_side": 6.086865425109863,
          "hz": 5139.766595350093
        },
        {
          "acoustic_entropy": 6.088488578796387,
          "acoustic_entropy_side": 6.086865425109863,
          "hz": 5656.929389854203
        },
        {
          "acoustic_entropy": 6.089483737945557,
          "acoustic_entropy_side": 6.086865425109863,
          "hz": 6219.891507268283
        },
        {
          "acoustic_entropy": 6.086386680603027,
          "acoustic_entropy_side": 6.086865425109863,
          "hz": 6832.70888123896
        },
        {
          "acoustic_entropy": 6.086606025695801,
          "acoustic_entropy_side": 6.086865425109863,
          "hz": 7499.796634079867
        },
        {
          "acoustic_entropy": 6.085904598236084,
          "acoustic_entropy_side": 6.086865425109863,
          "hz": 8225.96088609342
        },
        {
          "acoustic_entropy": 6.086061954498291,
          "acoustic_entropy_side": 6.086865425109863,
          "hz": 9016.43338188839
        },
        {
          "acoustic_entropy": 6.085418224334717,
          "acoustic_entropy_side": 6.086865425109863,
          "hz": 9876.909183162974
        },
        {
          "acoustic_entropy": 6.086207389831543,
          "acoustic_entropy_side": 6.086865425109863,
          "hz": 10813.587699516042
        },
        {
          "acoustic_entropy": 6.0859785079956055,
          "acoustic_entropy_side": 6.086865425109863,
          "hz": 11833.21735289826
        },
        {
          "acoustic_entropy": 6.085675239562988,
          "acoustic_entropy_side": 6.086865425109863,
          "hz": 12943.144197493959
        },
        {
          "acoustic_entropy": 6.086459159851074,
          "acoustic_entropy_side": 6.086865425109863,
          "hz": 14151.364845322005
        },
        {
          "acoustic_entropy": 6.086225509643555,
          "acoustic_entropy_side": 6.086865425109863,
          "hz": 15466.58407886509
        },
        {
          "acoustic_entropy": 6.086826324462891,
          "acoustic_entropy_side": 6.086865425109863,
          "hz": 16898.27756580493
        },
        {
          "acoustic_entropy": 6.0868659019470215,
          "acoustic_entropy_side": 6.086865425109863,
          "hz": 18456.760127700032
        },
        {
          "acoustic_entropy": 6.086865425109863,
          "acoustic_entropy_side": 6.086865425109863,
          "hz": 20153.260054456492
        },
        {
          "acoustic_entropy": 6.086865425109863,
          "acoustic_entropy_side": 6.086865425109863,
          "hz": 22000.00000000001
        }
      ],
      "diff_acoustic_entropy": 4.755204677581787,
      "sn": 6
    },
    {
      "acoustic_entropy": 7.847848415374756,
      "acoustic_entropy_mono": 7.847848415374756,
      "band_eliminated_acoustic_entropies": [
        {
          "acoustic_entropy": 7.852382183074951,
          "acoustic_entropy_side": 7.847848415374756,
          "hz": 129.47220167065723
        },
        {
          "acoustic_entropy": 7.595965385437012,
          "acoustic_entropy_side": 7.847848415374756,
          "hz": 202.92927478742237
        },
        {
          "acoustic_entropy": 7.6420183181762695,
          "acoustic_entropy_side": 7.847848415374756,
          "hz": 282.89161906338205
        },
        {
          "acoustic_entropy": 7.833028316497803,
          "acoustic_entropy_side": 7.847848415374756,
          "hz": 369.9353335868758
        },
        {
          "acoustic_entropy": 7.888157367706299,
          "acoustic_entropy_side": 7.847848415374756,
          "hz": 464.6875360973435
        },
        {
          "acoustic_entropy": 7.329394340515137,
          "acoustic_entropy_side": 7.847848415374756,
          "hz": 567.8308811364784
        },
        {
          "acoustic_entropy": 7.777464389801025,
          "acoustic_entropy_side": 7.847848415374756,
          "hz": 680.1084783214808
        },
        {
          "acoustic_entropy": 8.005888938903809,
          "acoustic_entropy_side": 7.847848415374756,
          "hz": 802.3292461747484
        },
        {
          "acoustic_entropy": 7.839457035064697,
          "acoustic_entropy_side": 7.847848415374756,
          "hz": 935.3737400823702
        },
        {
          "acoustic_entropy": 7.797902584075928,
          "acoustic_entropy_side": 7.847848415374756,
          "hz": 1080.2004963696966
        },
        {
          "acoustic_entropy": 7.810337543487549,
          "acoustic_entropy_side": 7.847848415374756,
          "hz": 1237.8529382007157
        },
        {
          "acoustic_entropy": 7.845664024353027,
          "acoustic_entropy_side": 7.847848415374756,
          "hz": 1409.4668930556702
        },
        {
          "acoustic_entropy": 7.829123497009277,
          "acoustic_entropy_side": 7.847848415374756,
          "hz": 1596.2787759475705
        },
        {
          "acoustic_entropy": 7.858609676361084,
          "acoustic_entropy_side": 7.847848415374756,
          "hz": 1799.6344973346393
        },
        {
          "acoustic_entropy": 7.7943525314331055,
          "acoustic_entropy_side": 7.847848415374756,
          "hz": 2020.9991599069049
        },
        {
          "acoustic_entropy": 7.91308069229126,
          "acoustic_entropy_side": 7.847848415374756,
          "hz": 2261.9676141086993
        },
        {
          "acoustic_entropy": 7.835205078125,
          "acoustic_entropy_side": 7.847848415374756,
          "hz": 2524.2759484456974
        },
        {
          "acoustic_entropy": 7.8140153884887695,
          "acoustic_entropy_side": 7.847848415374756,
          "hz": 2809.813997359896
        },
        {
          "acoustic_entropy": 7.78861141204834,
          "acoustic_entropy_side": 7.847848415374756,
          "hz": 3120.6389567871424
        },
        {
          "acoustic_entropy": 7.856395721435547,
          "acoustic_entropy_side": 7.847848415374756,
          "hz": 3458.990205492291
        },
        {
          "acoustic_entropy": 7.830906867980957,
          "acoustic_entropy_side": 7.847848415374756,
          "hz": 3827.305438964164
        },
        {
          "acoustic_entropy": 7.814062595367432,
          "acoustic_entropy_side": 7.847848415374756,
          "hz": 4228.238232109126
        },
        {
          "acoustic_entropy": 7.817220211029053,
          "acoustic_entropy_side": 7.847848415374756,
          "hz": 4664.6771572759235
        },
        {
          "acoustic_entropy": 7.8402276039123535,
          "acoustic_entropy_side": 7.847848415374756,
          "hz": 5139.766595350093
        },
        {
          "acoustic_entropy": 7.85490608215332,
          "acoustic_entropy_side": 7.847848415374756,
          "hz": 5656.929389854203
        },
        {
          "acoustic_entropy": 7.808207988739014,
          "acoustic_entropy_side": 7.847848415374756,
          "hz": 6219.891507268283
        },
        {
          "acoustic_entropy": 7.8480143547058105,
          "acoustic_entropy_side": 7.847848415374756,
          "hz": 6832.70888123896
        },
        {
          "acoustic_entropy": 7.8502068519592285,
          "acoustic_entropy_side": 7.847848415374756,
          "hz": 7499.796634079867
        },
        {
          "acoustic_entropy": 7.847867488861084,
          "acoustic_entropy_side": 7.847848415374756,
          "hz": 8225.96088609342
        },
        {
          "acoustic_entropy": 7.847606658935547,
          "acoustic_entropy_side": 7.847848415374756,
          "hz": 9016.43338188839
        },
        {
          "acoustic_entropy": 7.845608711242676,
          "acoustic_entropy_side": 7.847848415374756,
          "hz": 9876.909183162974
        },
        {
          "acoustic_entropy": 7.846049785614014,
          "acoustic_entropy_side": 7.847848415374756,
          "hz": 10813.587699516042
        },
        {
          "acoustic_entropy": 7.845630168914795,
          "acoustic_entropy_side": 7.847848415374756,
          "hz": 11833.21735289826
        },
        {
          "acoustic_entropy": 7.84433126449585,
          "acoustic_entropy_side": 7.847848415374756,
          "hz": 12943.144197493959
        },
        {
          "acoustic_entropy": 7.843594074249268,
          "acoustic_entropy_side": 7.847848415374756,
          "hz": 14151.364845322005
        },
        {
          "acoustic_entropy": 7.846562385559082,
          "acoustic_entropy_side": 7.847848415374756,
          "hz": 15466.58407886509
        },
        {
          "acoustic_entropy": 7.847662448883057,
          "acoustic_entropy_side": 7.847848415374756,
          "hz": 16898.27756580493
        },
        {
          "acoustic_entropy": 7.847845077514648,
          "acoustic_entropy_side": 7.847848415374756,
          "hz": 18456.760127700032
        },
        {
          "acoustic_entropy": 7.847848415374756,
          "acoustic_entropy_side": 7.847848415374756,
          "hz": 20153.260054456492
        },
        {
          "acoustic_entropy": 7.847848415374756,
          "acoustic_entropy_side": 7.847848415374756,
          "hz": 22000.00000000001
        }
      ],
      "diff_acoustic_entropy": 6.574283599853516,
      "sn": 12
    },
    {
      "acoustic_entropy": 11.832932472229004,
      "acoustic_entropy_mono": 11.832932472229004,
      "band_eliminated_acoustic_entropies": [
        {
          "acoustic_entropy": 11.970819473266602,
          "acoustic_entropy_side": 11.832932472229004,
          "hz": 129.47220167065723
        },
        {
          "acoustic_entropy": 12.220529556274414,
          "acoustic_entropy_side": 11.83293342590332,
          "hz": 202.92927478742237
        },
        {
          "acoustic_entropy": 11.516438484191895,
          "acoustic_entropy_side": 11.832932472229004,
          "hz": 282.89161906338205
        },
        {
          "acoustic_entropy": 11.86859130859375,
          "acoustic_entropy_side": 11.832932472229004,
          "hz": 369.9353335868758
        },
        {
          "acoustic_entropy": 11.854565620422363,
          "acoustic_entropy_side": 11.83293342590332,
          "hz": 464.6875360973435
        },
        {
          "acoustic_entropy": 11.994036674499512,
          "acoustic_entropy_side": 11.832932472229004,
          "hz": 567.8308811364784
        },
        {
          "acoustic_entropy": 11.590110778808594,
          "acoustic_entropy_side": 11.832932472229004,
          "hz": 680.1084783214808
        },
        {
          "acoustic_entropy": 11.376765251159668,
          "acoustic_entropy_side": 11.832932472229004,
          "hz": 802.3292461747484
        },
        {
          "acoustic_entropy": 11.651466369628906,
          "acoustic_entropy_side": 11.832932472229004,
          "hz": 935.3737400823702
        },
        {
          "acoustic_entropy": 11.808560371398926,
          "acoustic_entropy_side": 11.832932472229004,
          "hz": 1080.2004963696966
        },
        {
          "acoustic_entropy": 11.712523460388184,
          "acoustic_entropy_side": 11.832932472229004,
          "hz": 1237.8529382007157
        },
        {
          "acoustic_entropy": 11.877152442932129,
          "acoustic_entropy_side": 11.832932472229004,
          "hz": 1409.4668930556702
        },
        {
          "acoustic_entropy": 11.91513729095459,
