{
  "acoustic_entropy": 208.4354705810547,
  "bands": [
    {
      "high_freq": 148.1999969482422,
      "loudness": -43.025611877441406,
      "loudness_range": 16.208641052246094,
      "mid_mean": -41.22208023071289,
      "mid_to_side_loudness": -3.3138656616210938,
      "mid_to_side_loudness_range": 7.179935455322266,
      "side_mean": -44.36476516723633
    },
    {
      "high_freq": 392.3793640136719,
      "loudness": -29.85083770751953,
      "loudness_range": 13.536043167114258,
      "low_freq": 148.1999969482422,
      "mid_mean": -27.064542770385742,
      "mid_to_side_loudness": -7.190432548522949,
      "mid_to_side_loudness_range": 6.526780605316162,
      "side_mean": -34.31300735473633
    },
    {
      "high_freq": 794.6976318359375,
      "loudness": -31.132768630981445,
      "loudness_range": 9.631837844848633,
      "low_freq": 392.3793640136719,
      "mid_mean": -28.704416275024414,
      "mid_to_side_loudness": -5.165291786193848,
      "mid_to_side_loudness_range": 5.673893928527832,
      "side_mean": -33.7557258605957
    },
    {
      "high_freq": 1457.5709228515625,
      "loudness": -36.6968879699707,
      "loudness_range": 12.847372055053711,
      "low_freq": 794.6976318359375,
      "mid_mean": -34.652992248535156,
      "mid_to_side_loudness": -3.8460676670074463,
      "mid_to_side_loudness_range": 4.728604316711426,
      "side_mean": -38.314388275146484
    },
    {
      "high_freq": 2549.74365234375,
      "loudness": -34.830379486083984,
      "loudness_range": 14.893774032592773,
      "low_freq": 1457.5709228515625,
      "mid_mean": -33.457332611083984,
      "mid_to_side_loudness": -1.752742052078247,
      "mid_to_side_loudness_range": 6.127292633056641,
      "side_mean": -35.13507080078125
    },
    {
      "high_freq": 4349.24462890625,
      "loudness": -39.16462326049805,
      "loudness_range": 14.135490417480469,
      "low_freq": 2549.74365234375,
      "mid_mean": -37.61509704589844,
      "mid_to_side_loudness": -2.539315700531006,
      "mid_to_side_loudness_range": 5.669612884521484,
      "side_mean": -40.07164001464844
    },
    {
      "high_freq": 7314.1640625,
      "loudness": -48.550559997558594,
      "loudness_range": 15.378242492675781,
      "low_freq": 4349.24462890625,
      "mid_mean": -46.375057220458984,
      "mid_to_side_loudness": -4.765580177307129,
      "mid_to_side_loudness_range": 4.88185977935791,
      "side_mean": -51.931724548339844
    },
    {
      "high_freq": 12199.2666015625,
      "loudness": -56.21809768676758,
      "loudness_range": 14.933860778808594,
      "low_freq": 7314.1640625,
      "mid_mean": -53.56460189819336,
      "mid_to_side_loudness": -4.774189472198486,
      "mid_to_side_loudness_range": 4.1027421951293945,
      "side_mean": -57.987953186035156
    },
    {
      "loudness": -63.137516021728516,
      "loudness_range": 12.090309143066406,
      "low_freq": 12199.2666015625,
      "mid_mean": -60.10759353637695,
      "mid_to_side_loudness": -4.410006046295166,
      "mid_to_side_loudness_range": 2.5796945095062256,
      "side_mean": -63.67000961303711
    }
  ],
  "bands_short": [
    {
      "high_freq": 148.1999969482422,
      "loudness": -48.499874114990234,
      "loudness_range": 21.77725601196289,
      "mid_mean": -47.04673385620117,
      "mid_to_side_loudness": -3.4083595275878906,
      "mid_to_side_loudness_range": 12.632083892822266,
      "side_mean": -51.066688537597656
    },
    {
      "high_freq": 392.3793640136719,
      "loudness": -30.796756744384766,
      "loudness_range": 14.689559936523438,
      "low_freq": 148.1999969482422,
      "mid_mean": -28.212310791015625,
      "mid_to_side_loudness": -6.676501750946045,
      "mid_to_side_loudness_range": 10.465425491333008,
      "side_mean": -34.92768478393555
    },
    {
      "high_freq": 794.6976318359375,
      "loudness": -30.906888961791992,
      "loudness_range": 11.675189971923828,
      "low_freq": 392.3793640136719,
      "mid_mean": -28.55303955078125,
      "mid_to_side_loudness": -5.637040138244629,
      "mid_to_side_loudness_range": 10.205556869506836,
      "side_mean": -34.09720230102539
    },
    {
      "high_freq": 1457.5709228515625,
      "loudness": -36.94626998901367,
      "loudness_range": 14.649354934692383,
      "low_freq": 794.6976318359375,
      "mid_mean": -34.963191986083984,
      "mid_to_side_loudness": -4.023478031158447,
      "mid_to_side_loudness_range": 8.398319244384766,
      "side_mean": -38.90808868408203
    },
    {
      "high_freq": 2549.74365234375,
      "loudness": -35.89225387573242,
      "loudness_range": 17.779964447021484,
      "low_freq": 1457.5709228515625,
      "mid_mean": -34.529388427734375,
      "mid_to_side_loudness": -2.2266576290130615,
      "mid_to_side_loudness_range": 8.406256675720215,
      "side_mean": -36.65208435058594
    },
    {
      "high_freq": 4349.24462890625,
      "loudness": -40.35227966308594,
      "loudness_range": 17.793210983276367,
      "low_freq": 2549.74365234375,
      "mid_mean": -38.77570724487305,
      "mid_to_side_loudness": -2.6968302726745605,
      "mid_to_side_loudness_range": 7.741765022277832,
      "side_mean": -41.41127014160156
    },
    {
      "high_freq": 7314.1640625,
      "loudness": -50.21729278564453,
      "loudness_range": 20.963905334472656,
      "low_freq": 4349.24462890625,
      "mid_mean": -48.72856140136719,
      "mid_to_side_loudness": -4.350588321685791,
      "mid_to_side_loudness_range": 6.550209045410156,
      "side_mean": -53.268310546875
    },
    {
      "high_freq": 12199.2666015625,
      "loudness": -58.00297546386719,
      "loudness_range": 21.530399322509766,
      "low_freq": 7314.1640625,
      "mid_mean": -55.24082946777344,
      "mid_to_side_loudness": -4.52509880065918,
      "mid_to_side_loudness_range": 4.977363586425781,
      "side_mean": -59.27678298950195
    },
    {
      "loudness": -64.255859375,
      "loudness_range": 14.459426879882812,
      "low_freq": 12199.2666015625,
      "mid_mean": -61.035911560058594,
      "mid_to_side_loudness": -4.169569969177246,
      "mid_to_side_loudness_range": 3.4147183895111084,
      "side_mean": -64.2383804321289
    }
  ],
  "bandwidth": 614.7828979492188,
  "channels": 2,
  "covariance": [
    [
      34.08832931518555,
      32.68423080444336,
      -2.307080030441284,
      0.4483342468738556,
      9.541765213012695,
      8.676682472229004,
      9.668248176574707,
      9.455219268798828,
      13.294569969177246,
      12.145208358764648,
      13.939323425292969,
      12.935879707336426,
      12.988465309143066,
      15.316794395446777,
      10.887967109680176,
      11.962347984313965,
      7.8386149406433105,
      7.080588340759277
    ],
    [
      32.68423080444336,
      41.58800506591797,
      -4.165717601776123,
      -1.295119285583496,
      8.132808685302734,
      8.7922945022583,
      10.206461906433105,
      10.711077690124512,
      12.79068374633789,
      12.67175006866455,
      14.740748405456543,
      12.373320579528809,
      13.81548023223877,
      16.355758666992188,
      12.957803726196289,
      13.212912559509277,
      9.029850959777832,
      7.899832248687744
    ],
    [
      -2.307080030441284,
      -4.165717601776123,
      25.63778305053711,
      18.717384338378906,
      6.797890663146973,
      5.203458786010742,
      7.802942752838135,
      6.500774383544922,
      5.258710861206055,
      4.761324405670166,
      6.003350257873535,
      4.218921661376953,
      5.272444725036621,
      3.7130491733551025,
      4.758443832397461,
      2.3363120555877686,
      0.9712042212486267,
      -0.250781387090683
    ],
    [
      0.4483342468738556,
      -1.295119285583496,
      18.717384338378906,
      23.351093292236328,
      9.221275329589844,
      5.873213291168213,
      9.887593269348145,
      7.629176616668701,
      6.4524993896484375,
      5.0095977783203125,
      4.088006019592285,
      5.635042667388916,
      1.8147982358932495,
      3.2394492626190186,
      1.5663260221481323,
      0.9337043762207031,
      -0.5586308836936951,
      -0.689212441444397
    ],
    [
      9.541765213012695,
      8.132808685302734,
      6.797890663146973,
      9.221275329589844,
      18.09775733947754,
      12.71115493774414,
      12.292192459106445,
      11.108539581298828,
      16.038909912109375,
      13.655172348022461,
      13.734407424926758,
      12.089077949523926,
      9.182048797607422,
      11.326061248779297,
      6.891148090362549,
      8.082242965698242,
      4.3500590324401855,
      3.9546115398406982
    ],
    [
      8.676682472229004,
      8.7922945022583,
      5.203458786010742,
      5.873213291168213,
      12.71115493774414,
      13.85248851776123,
      9.272173881530762,
      9.047333717346191,
      11.745550155639648,
      11.40652084350586,
      12.68288803100586,
      10.684684753417969,
      8.839232444763184,
      8.900731086730957,
      7.56848669052124,
      7.224144458770752,
      4.499950885772705,
      3.643657922744751
    ],
    [
      9.668248176574707,
      10.206461906433105,
      7.802942752838135,
      9.887593269348145,
      12.292192459106445,
      9.272173881530762,
      23.640949249267578,
      20.30968475341797,
      19.668258666992188,
      15.988624572753906,
      17.290449142456055,
      16.46388053894043,
      17.189973831176758,
      18.762950897216797,
      13.098994255065918,
      13.963115692138672,
      9.342718124389648,
      8.372166633605957
    ],
    [
      9.455219268798828,
      10.711077690124512,
      6.500774383544922,
      7.629176616668701,
      11.108539581298828,
      9.047333717346191,
      20.30968475341797,
      22.74750518798828,
      20.66267967224121,
      17.53421974182129,
      17.421363830566406,
      16.519046783447266,
      17.64749526977539,
      18.26555061340332,
      13.989241600036621,
      14.167695045471191,
      9.860993385314941,
      8.788990020751953
    ],
    [
      13.294569969177246,
      12.79068374633789,
      5.258710861206055,
      6.4524993896484375,
      16.038909912109375,
      11.745550155639648,
      19.668258666992188,
      20.66267967224121,
      31.9567928314209,
      24.09221839904785,
      23.213415145874023,
      21.36649513244629,
      21.194026947021484,
      22.707963943481445,
      16.01621437072754,
      18.004474639892578,
      11.960902214050293,
      11.128278732299805
    ],
    [
      12.145208358764648,
      12.67175006866455,
      4.761324405670166,
      5.0095977783203125,
      13.655172348022461,
      11.40652084350586,
      15.988624572753906,
      17.53421974182129,
      24.09221839904785,
      23.025890350341797,
      20.252153396606445,
      19.275428771972656,
      18.806312561035156,
      18.91668701171875,
      15.264006614685059,
      15.906246185302734,
      10.82123851776123,
      9.514100074768066
    ],
    [
      13.939323425292969,
      14.740748405456543,
      6.003350257873535,
      4.088006019592285,
      13.734407424926758,
      12.68288803100586,
      17.290449142456055,
      17.421363830566406,
      23.213415145874023,
      20.252153396606445,
      29.947689056396484,
      23.65577507019043,
      24.21083641052246,
      24.083261489868164,
      19.155179977416992,
      19.20622444152832,
      12.580170631408691,
      11.047143936157227
    ],
    [
      12.935879707336426,
      12.373320579528809,
      4.218921661376953,
      5.635042667388916,
      12.089077949523926,
      10.684684753417969,
      16.46388053894043,
      16.519046783447266,
      21.36649513244629,
      19.275428771972656,
      23.65577507019043,
      24.730297088623047,
      21.42720603942871,
      22.533470153808594,
      16.74665641784668,
      17.706695556640625,
      11.701141357421875,
      10.74999713897705
    ],
    [
      12.988465309143066,
      13.81548023223877,
      5.272444725036621,
      1.8147982358932495,
      9.182048797607422,
      8.839232444763184,
      17.189973831176758,
      17.64749526977539,
      21.194026947021484,
      18.806312561035156,
      24.21083641052246,
      21.42720603942871,
      33.691959381103516,
      30.944501876831055,
      25.68395233154297,
      25.13409423828125,
      17.781211853027344,
      14.959835052490234
    ],
    [
      15.316794395446777,
      16.355758666992188,
      3.7130491733551025,
      3.2394492626190186,
      11.326061248779297,
      8.900731086730957,
      18.762950897216797,
      18.26555061340332,
      22.707963943481445,
      18.91668701171875,
      24.083261489868164,
      22.533470153808594,
      30.944501876831055,
      45.07261276245117,
      33.24555587768555,
      31.5745849609375,
      20.990928649902344,
      17.223283767700195
    ],
    [
      10.887967109680176,
      12.957803726196289,
      4.758443832397461,
      1.5663260221481323,
      6.891148090362549,
      7.56848669052124,
      13.098994255065918,
      13.989241600036621,
      16.01621437072754,
      15.264006614685059,
      19.155179977416992,
      16.74665641784668,
      25.68395233154297,
      33.24555587768555,
      31.157794952392578,
      26.697978973388672,
      19.20596694946289,
      14.601003646850586
    ],
    [
      11.962347984313965,
      13.212912559509277,
      2.3363120555877686,
      0.9337043762207031,
      8.082242965698242,
      7.224144458770752,
      13.963115692138672,
      14.167695045471191,
      18.004474639892578,
      15.906246185302734,
      19.20622444152832,
      17.706695556640625,
      25.13409423828125,
      31.5745849609375,
      26.697978973388672,
      25.383541107177734,
      17.592546463012695,
      14.380034446716309
    ],
    [
      7.8386149406433105,
      9.029850959777832,
      0.9712042212486267,
      -0.5586308836936951,
      4.3500590324401855,
      4.499950885772705,
      9.342718124389648,
      9.860993385314941,
      11.960902214050293,
      10.82123851776123,
      12.580170631408691,
      11.701141357421875,
      17.781211853027344,
      20.990928649902344,
      19.20596694946289,
      17.592546463012695,
      13.626809120178223,
      10.81432819366455
    ],
    [
      7.080588340759277,
      7.899832248687744,
      -0.250781387090683,
      -0.689212441444397,
      3.9546115398406982,
      3.643657922744751,
      8.372166633605957,
      8.788990020751953,
      11.128278732299805,
      9.514100074768066,
      11.047143936157227,
      10.74999713897705,
      14.959835052490234,
      17.223283767700195,
      14.601003646850586,
      14.380034446716309,
      10.81432819366455,
      9.33556842803955
    ]
  ],
  "covariance_short": [
    [
      55.85745620727539,
      55.4456787109375,
      2.6245670318603516,
      7.12741756439209,
      10.986089706420898,
      10.992096900939941,
      16.904991149902344,
      17.1717586517334,
      19.258108139038086,
      17.966012954711914,
      17.90643310546875,
      15.895485877990723,
      18.721025466918945,
      19.780115127563477,
      14.471540451049805,
      14.428427696228027,
      9.282992362976074,
      7.991232872009277
    ],
    [
      55.4456787109375,
      86.91578674316406,
      -0.3365069627761841,
      6.374783992767334,
      11.859589576721191,
      12.113859176635742,
      18.94584083557129,
      18.084949493408203,
      19.914684295654297,
      18.437761306762695,
      19.133752822875977,
      16.334924697875977,
      29.339879989624023,
      34.16550827026367,
      24.37724494934082,
      22.22014617919922,
      13.62690258026123,
      11.048018455505371
    ],
    [
      2.6245670318603516,
      -0.3365069627761841,
      29.641223907470703,
      19.69812774658203,
      9.529891967773438,
      7.351304054260254,
      9.680144309997559,
      9.776617050170898,
      8.732836723327637,
      8.688713073730469,
      7.784216403961182,
      7.601929664611816,
      6.4989542961120605,
      5.036447048187256,
      6.205436706542969,
      3.8806827068328857,
      2.018641948699951,
      0.7614481449127197
    ],
    [
      7.12741756439209,
      6.374783992767334,
      19.69812774658203,
      26.689437866210938,
      8.824369430541992,
      6.03046178817749,
      10.720772743225098,
      10.486408233642578,
      9.71739673614502,
      8.757314682006836,
      7.1303486824035645,
      7.729660511016846,
      4.817424774169922,
      5.353005886077881,
      4.5003814697265625,
      3.502439022064209,
      1.7297945022583008,
      1.2404210567474365
    ],
    [
      10.986089706420898,
      11.859589576721191,
      9.529891967773438,
      8.824369430541992,
      24.12099266052246,
      14.387694358825684,
      12.96466064453125,
      12.507078170776367,
      16.508623123168945,
      16.323959350585938,
      14.417457580566406,
      14.987215995788574,
      13.73448657989502,
      14.12283992767334,
      10.76639175415039,
      10.234188079833984,
      6.026996612548828,
      4.822278022766113
    ],
    [
      10.992096900939941,
      12.113859176635742,
      7.351304054260254,
      6.03046178817749,
      14.387694358825684,
      20.55738639831543,
      10.045063972473145,
      10.447507858276367,
      13.503767013549805,
      13.724522590637207,
      13.594819068908691,
      13.131988525390625,
      12.677096366882324,
      12.034290313720703,
      10.39244270324707,
      8.990732192993164,
      5.3066020011901855,
      4.009586334228516
    ],
    [
      16.904991149902344,
      18.94584083557129,
      9.680144309997559,
      10.720772743225098,
      12.96466064453125,
      10.045063972473145,
      30.48723602294922,
      25.790246963500977,
      24.18204116821289,
      23.64156150817871,
      22.672365188598633,
      23.345090866088867,
      24.76482391357422,
      24.688337326049805,
      19.13738441467285,
      18.56900978088379,
      12.044114112854004,
      10.04800796508789
    ],
    [
      17.1717586517334,
      18.084949493408203,
      9.776617050170898,
      10.486408233642578,
      12.507078170776367,
      10.447507858276367,
      25.790246963500977,
      30.689552307128906,
      26.11154556274414,
      25.154264450073242,
      23.547929763793945,
      23.980432510375977,
      26.259843826293945,
      25.482454299926758,
      20.64241600036621,
      19.53787612915039,
      12.906407356262207,
      10.750407218933105
    ],
    [
      19.258108139038086,
      19.914684295654297,
      8.732836723327637,
      9.71739673614502,
      16.508623123168945,
      13.503767013549805,
      24.18204116821289,
      26.11154556274414,
      41.41620635986328,
      35.090370178222656,
      31.27421760559082,
      30.84547233581543,
      31.81063461303711,
      31.2525577545166,
      24.851160049438477,
      24.4732608795166,
      15.69897747039795,
      13.287267684936523
    ],
    [
      17.966012954711914,
      18.437761306762695,
      8.688713073730469,
      8.757314682006836,
      16.323959350585938,
      13.724522590637207,
      23.64156150817871,
      25.154264450073242,
      35.090370178222656,
      39.433345794677734,
      31.58904266357422,
      32.595001220703125,
      32.53839874267578,
      30.847463607788086,
      26.22361946105957,
      24.91613006591797,
      16.018314361572266,
      13.126615524291992
    ],
    [
      17.90643310546875,
      19.133752822875977,
      7.784216403961182,
      7.1303486824035645,
      14.417457580566406,
      13.594819068908691,
      22.672365188598633,
      23.547929763793945,
      31.27421760559082,
      31.58904266357422,
      41.019004821777344,
      36.303199768066406,
      36.39594268798828,
      34.07923889160156,
      29.70884895324707,
      27.51416015625,
      17.7521915435791,
      14.466390609741211
    ],
    [
      15.895485877990723,
      16.334924697875977,
      7.601929664611816,
      7.729660511016846,
      14.987215995788574,
      13.131988525390625,
      23.345090866088867,
      23.980432510375977,
      30.84547233581543,
      32.595001220703125,
      36.303199768066406,
      40.580265045166016,
      36.66725158691406,
      35.106956481933594,
      29.75150489807129,
      28.140338897705078,
      18.226835250854492,
      15.144256591796875
    ],
    [
      18.721025466918945,
      29.339879989624023,
      6.4989542961120605,
      4.817424774169922,
      13.73448657989502,
      12.677096366882324,
      24.76482391357422,
      26.259843826293945,
      31.81063461303711,
      32.53839874267578,
      36.39594268798828,
      36.66725158691406,
      62.440643310546875,
      54.00751876831055,
      47.43749237060547,
      41.87508773803711,
      28.19037628173828,
      21.908842086791992
    ],
    [
      19.780115127563477,
      34.16550827026367,
      5.036447048187256,
      5.353005886077881,
      14.12283992767334,
      12.034290313720703,
      24.688337326049805,
      25.482454299926758,
      31.2525577545166,
      30.847463607788086,
      34.07923889160156,
      35.106956481933594,
      54.00751876831055,
      56.44239807128906,
      44.12865447998047,
      40.11220932006836,
      26.409404754638672,
      21.011568069458008
    ],
    [
      14.471540451049805,
      24.37724494934082,
      6.205436706542969,
      4.5003814697265625,
      10.76639175415039,
      10.39244270324707,
      19.13738441467285,
      20.64241600036621,
      24.851160049438477,
      26.22361946105957,
      29.70884895324707,
      29.75150489807129,
      47.43749237060547,
      44.12865447998047,
      45.15452194213867,
      37.570526123046875,
      26.68837547302246,
      19.791175842285156
    ],
    [
      14.428427696228027,
      22.22014617919922,
      3.8806827068328857,
      3.502439022064209,
      10.234188079833984,
      8.990732192993164,
      18.56900978088379,
      19.53787612915039,
      24.4732608795166,
      24.91613006591797,
      27.51416015625,
      28.140338897705078,
      41.87508773803711,
      40.11220932006836,
      37.570526123046875,
      34.35560607910156,
      23.517337799072266,
      18.576845169067383
    ],
    [
      9.282992362976074,
      13.62690258026123,
      2.018641948699951,
      1.7297945022583008,
      6.026996612548828,
      5.3066020011901855,
      12.044114112854004,
      12.906407356262207,
      15.69897747039795,
      16.018314361572266,
      17.7521915435791,
      18.226835250854492,
      28.19037628173828,
      26.409404754638672,
      26.68837547302246,
      23.517337799072266,
      18.692081451416016,
      14.290040016174316
    ],
    [
      7.991232872009277,
      11.048018455505371,
      0.7614481449127197,
      1.2404210567474365,
      4.822278022766113,
      4.009586334228516,
      10.04800796508789,
      10.750407218933105,
      13.287267684936523,
      13.126615524291992,
      14.466390609741211,
      15.144256591796875,
      21.908842086791992,
      21.011568069458008,
      19.791175842285156,
      18.576845169067383,
      14.290040016174316,
      12.020013809204102
    ]
  ],
  "damage": -15.597832679748535,
  "diff_bandwidth": 679.3113403320312,
  "dissonance": 5.45409054212091,
  "drr": -0.6294020414352417,
  "dynamics": 3.2882115840911865,
  "format": 1245190,
  "frames": 3473344,
  "loudness": -21.559234619140625,
  "loudness_range": 8.387306213378906,
  "loudness_range_short": 10.532682418823242,
  "lowpass_true_peak_15khz": -6.436116695404053,
  "mastering3_acoustic_entropies": [
    {
      "acoustic_entropy": 8.1743745803833,
      "acoustic_entropy_mono": 7.876152515411377,
      "band_eliminated_acoustic_entropies": [
        {
          "acoustic_entropy": 8.175226211547852,
          "acoustic_entropy_side": 8.174385070800781,
          "hz": 129.47220167065723
        },
        {
          "acoustic_entropy": 7.152812480926514,
          "acoustic_entropy_side": 8.130661010742188,
          "hz": 202.92927478742237
        },
        {
          "acoustic_entropy": 8.031420707702637,
          "acoustic_entropy_side": 8.00938606262207,
          "hz": 282.89161906338205
        },
        {
          "acoustic_entropy": 8.708478927612305,
          "acoustic_entropy_side": 8.486366271972656,
          "hz": 369.9353335868758
        },
        {
          "acoustic_entropy": 8.636039733886719,
          "acoustic_entropy_side": 8.207758903503418,
          "hz": 464.6875360973435
        },
        {
          "acoustic_entropy": 8.496556282043457,
          "acoustic_entropy_side": 8.242122650146484,
          "hz": 567.8308811364784
        },
        {
          "acoustic_entropy": 7.232045650482178,
          "acoustic_entropy_side": 7.945426940917969,
          "hz": 680.1084783214808
        },
        {
          "acoustic_entropy": 8.439542770385742,
          "acoustic_entropy_side": 8.22220516204834,
          "hz": 802.3292461747484
        },
        {
          "acoustic_entropy": 8.134839057922363,
          "acoustic_entropy_side": 8.148314476013184,
          "hz": 935.3737400823702
        },
        {
          "acoustic_entropy": 8.199089050292969,
          "acoustic_entropy_side": 8.224211692810059,
          "hz": 1080.2004963696966
        },
        {
          "acoustic_entropy": 8.189632415771484,
          "acoustic_entropy_side": 8.094522476196289,
          "hz": 1237.8529382007157
        },
        {
          "acoustic_entropy": 8.071822166442871,
          "acoustic_entropy_side": 8.135050773620605,
          "hz": 1409.4668930556702
        },
        {
          "acoustic_entropy": 8.25506591796875,
          "acoustic_entropy_side": 8.21517276763916,
          "hz": 1596.2787759475705
        },
        {
          "acoustic_entropy": 8.257318496704102,
          "acoustic_entropy_side": 8.187962532043457,
          "hz": 1799.6344973346393
        },
        {
          "acoustic_entropy": 8.146053314208984,
          "acoustic_entropy_side": 8.2275390625,
          "hz": 2020.9991599069049
        },
        {
          "acoustic_entropy": 8.074722290039062,
          "acoustic_entropy_side": 8.171048164367676,
          "hz": 2261.9676141086993
        },
        {
          "acoustic_entropy": 7.261683464050293,
          "acoustic_entropy_side": 7.719400882720947,
          "hz": 2524.2759484456974
        },
        {
          "acoustic_entropy": 8.354781150817871,
          "acoustic_entropy_side": 8.256463050842285,
          "hz": 2809.813997359896
        },
        {
          "acoustic_entropy": 7.958231449127197,
          "acoustic_entropy_side": 8.05750560760498,
          "hz": 3120.6389567871424
        },
        {
          "acoustic_entropy": 8.154545783996582,
          "acoustic_entropy_side": 8.024086952209473,
          "hz": 3458.990205492291
        },
        {
          "acoustic_entropy": 8.22281551361084,
          "acoustic_entropy_side": 8.189949035644531,
          "hz": 3827.305438964164
        },
        {
          "acoustic_entropy": 8.225306510925293,
          "acoustic_entropy_side": 8.147872924804688,
          "hz": 4228.238232109126
        },
        {
          "acoustic_entropy": 8.169346809387207,
          "acoustic_entropy_side": 8.179060935974121,
          "hz": 4664.6771572759235
        },
        {
          "acoustic_entropy": 8.133164405822754,
          "acoustic_entropy_side": 8.168915748596191,
          "hz": 5139.766595350093
        },
        {
          "acoustic_entropy": 8.177358627319336,
          "acoustic_entropy_side": 8.174853324890137,
          "hz": 5656.929389854203
        },
        {
          "acoustic_entropy": 8.16594409942627,
          "acoustic_entropy_side": 8.173883438110352,
          "hz": 6219.891507268283
        },
        {
          "acoustic_entropy": 8.176724433898926,
          "acoustic_entropy_side": 8.174510955810547,
          "hz": 6832.70888123896
        },
        {
          "acoustic_entropy": 8.177964210510254,
          "acoustic_entropy_side": 8.174224853515625,
          "hz": 7499.796634079867
        },
        {
          "acoustic_entropy": 8.17785358428955,
          "acoustic_entropy_side": 8.174365997314453,
          "hz": 8225.96088609342
        },
        {
          "acoustic_entropy": 8.182222366333008,
          "acoustic_entropy_side": 8.174539566040039,
          "hz": 9016.43338188839
        },
        {
          "acoustic_entropy": 8.179315567016602,
          "acoustic_entropy_side": 8.174444198608398,
          "hz": 9876.909183162974
        },
        {
          "acoustic_entropy": 8.176189422607422,
          "acoustic_entropy_side": 8.174402236938477,
          "hz": 10813.587699516042
        },
        {
          "acoustic_entropy": 8.174878120422363,
          "acoustic_entropy_side": 8.174270629882812,
          "hz": 11833.21735289826
        },
        {
          "acoustic_entropy": 8.174894332885742,
          "acoustic_entropy_side": 8.174271583557129,
          "hz": 12943.144197493959
        },
        {
          "acoustic_entropy": 8.174483299255371,
          "acoustic_entropy_side": 8.174351692199707,
          "hz": 14151.364845322005
        },
        {
          "acoustic_entropy": 8.17438793182373,
          "acoustic_entropy_side": 8.17436408996582,
          "hz": 15466.58407886509
        },
        {
          "acoustic_entropy": 8.174423217773438,
          "acoustic_entropy_side": 8.1743745803833,
          "hz": 16898.27756580493
        },
        {
          "acoustic_entropy": 8.174386978149414,
          "acoustic_entropy_side": 8.174376487731934,
          "hz": 18456.760127700032
        },
        {
          "acoustic_entropy": 8.174376487731934,
          "acoustic_entropy_side": 8.1743745803833,
          "hz": 20153.260054456492
        },
        {
          "acoustic_entropy": 8.1743745803833,
          "acoustic_entropy_side": 8.1743745803833,
          "hz": 22000.00000000001
        }
      ],
      "diff_acoustic_entropy": 5.636559009552002,
      "sn": 6
    },
    {
      "acoustic_entropy": 11.388749122619629,
      "acoustic_entropy_mono": 10.677818298339844,
      "band_eliminated_acoustic_entropies": [
        {
          "acoustic_entropy": 11.391843795776367,
          "acoustic_entropy_side": 11.39030647277832,
          "hz": 129.47220167065723
        },
        {
          "acoustic_entropy": 10.453919410705566,
          "acoustic_entropy_side": 11.349859237670898,
          "hz": 202.92927478742237
        },
        {
          "acoustic_entropy": 10.964446067810059,
          "acoustic_entropy_side": 11.228700637817383,
          "hz": 282.89161906338205
        },
        {
          "acoustic_entropy": 12.170153617858887,
          "acoustic_entropy_side": 12.016073226928711,
          "hz": 369.9353335868758
        },
        {
          "acoustic_entropy": 11.851436614990234,
          "acoustic_entropy_side": 11.730979919433594,
          "hz": 464.6875360973435
        },
        {
          "acoustic_entropy": 12.020564079284668,
          "acoustic_entropy_side": 11.605494499206543,
          "hz": 567.8308811364784
        },
        {
          "acoustic_entropy": 10.869105339050293,
          "acoustic_entropy_side": 11.441064834594727,
          "hz": 680.1084783214808
        },
        {
          "acoustic_entropy": 12.14932632446289,
          "acoustic_entropy_side": 11.541772842407227,
          "hz": 802.3292461747484
        },
        {
          "acoustic_entropy": 11.254729270935059,
          "acoustic_entropy_side": 11.171185493469238,
          "hz": 935.3737400823702
        },
        {
          "acoustic_entropy": 11.586320877075195,
          "acoustic_entropy_side": 11.521903038024902,
          "hz": 1080.2004963696966
        },
        {
          "acoustic_entropy": 11.357405662536621,
          "acoustic_entropy_side": 11.47832202911377,
          "hz": 1237.8529382007157
        },
        {
          "acoustic_entropy": 11.441671371459961,
          "acoustic_entropy_side": 11.356809616088867,
          "hz": 1409.4668930556702
        },
        {
          "acoustic_entropy": 11.540205955505371,
          "acoustic_entropy_side": 11.493921279907227,
          "hz": 1596.2787759475705
        },
        {
          "acoustic_entropy": 11.642901420593262,
          "acoustic_entropy_side": 11.493885040283203,
          "hz": 1799.6344973346393
        },
        {
          "acoustic_entropy": 12.023063659667969,
          "acoustic_entropy_side": 11.584725379943848,
          "hz": 2020.9991599069049
        },
        {
          "acoustic_entropy": 11.924259185791016,
          "acoustic_entropy_side": 12.051177024841309,
          "hz": 2261.9676141086993
        },
        {
          "acoustic_entropy": 10.722397804260254,
          "acoustic_entropy_side": 11.452589988708496,
          "hz": 2524.2759484456974
        },
        {
          "acoustic_entropy": 11.955035209655762,
          "acoustic_entropy_side": 11.927567481994629,
          "hz": 2809.813997359896
        },
        {
          "acoustic_entropy": 11.541051864624023,
          "acoustic_entropy_side": 11.399039268493652,
          "hz": 3120.6389567871424
        },
        {
          "acoustic_entropy": 11.84175968170166,
          "acoustic_entropy_side": 11.48708438873291,
          "hz": 3458.990205492291
        },
        {
          "acoustic_entropy": 11.329907417297363,
          "acoustic_entropy_side": 11.374213218688965,
          "hz": 3827.305438964164
        },
        {
          "acoustic_entropy": 11.291854858398438,
          "acoustic_entropy_side": 11.206560134887695,
          "hz": 4228.238232109126
        },
        {
          "acoustic_entropy": 11.268628120422363,
          "acoustic_entropy_side": 11.37890911102295,
          "hz": 4664.6771572759235
        },
        {
          "acoustic_entropy": 11.378890991210938,
          "acoustic_entropy_side": 11.426801681518555,
          "hz": 5139.766595350093
        },
        {
          "acoustic_entropy": 11.354195594787598,
          "acoustic_entropy_side": 11.37363338470459,
          "hz": 5656.929389854203
        },
        {
          "acoustic_entropy": 11.36258316040039,
          "acoustic_entropy_side": 11.383723258972168,
          "hz": 6219.891507268283
        },
        {
          "acoustic_entropy": 11.40402603149414,
          "acoustic_entropy_side": 11.391091346740723,
          "hz": 6832.70888123896
        },
        {
          "acoustic_entropy": 11.319502830505371,
          "acoustic_entropy_side": 11.384882926940918,
          "hz": 7499.796634079867
        },
        {
          "acoustic_entropy": 11.351468086242676,
          "acoustic_entropy_side": 11.38793659210205,
          "hz": 8225.96088609342
        },
        {
          "acoustic_entropy": 11.353057861328125,
          "acoustic_entropy_side": 11.39289665222168,
          "hz": 9016.43338188839
        },
        {
          "acoustic_entropy": 11.365605354309082,
          "acoustic_entropy_side": 11.392501831054688,
          "hz": 9876.909183162974
        },
        {
          "acoustic_entropy": 11.365530014038086,
          "acoustic_entropy_side": 11.391475677490234,
          "hz": 10813.587699516042
        },
        {
          "acoustic_entropy": 11.387311935424805,
          "acoustic_entropy_side": 11.390349388122559,
          "hz": 11833.21735289826
        },
        {
          "acoustic_entropy": 11.396252632141113,
          "acoustic_entropy_side": 11.390168190002441,
          "hz": 12943.144197493959
        },
        {
          "acoustic_entropy": 11.386590957641602,
          "acoustic_entropy_side": 11.388777732849121,
          "hz": 14151.364845322005
        },
        {
          "acoustic_entropy": 11.387224197387695,
          "acoustic_entropy_side": 11.388989448547363,
          "hz": 15466.58407886509
        },
        {
          "acoustic_entropy": 11.389134407043457,
          "acoustic_entropy_side": 11.388877868652344,
          "hz": 16898.27756580493
        },
        {
          "acoustic_entropy": 11.3888521194458,
          "acoustic_entropy_side": 11.38879680633545,
          "hz": 18456.760127700032
        },
        {
          "acoustic_entropy": 11.38878345489502,
          "acoustic_entropy_side": 11.388755798339844,
          "hz": 20153.260054456492
        },
        {
          "acoustic_entropy": 11.388750076293945,
          "acoustic_entropy_side": 11.388749122619629,
          "hz": 22000.00000000001
        }
      ],
      "diff_acoustic_entropy": 8.38564395904541,
      "sn": 12
    },
    {
      "acoustic_entropy": 16.22762107849121,
      "acoustic_entropy_mono": 15.49634838104248,
      "band_eliminated_acoustic_entropies": [
        {
          "acoustic_entropy": 16.329795837402344,
          "acoustic_entropy_side": 16.349849700927734,
          "hz": 129.47220167065723
        },
        {
          "acoustic_entropy": 15.723061561584473,
          "acoustic_entropy_side": 15.986446380615234,
          "hz": 202.92927478742237
        },
        {
          "acoustic_entropy": 15.171039581298828,
          "acoustic_entropy_side": 16.308115005493164,
          "hz": 282.89161906338205
        },
        {
          "acoustic_entropy": 16.89541244506836,
          "acoustic_entropy_side": 16.69706153869629,
          "hz": 369.9353335868758
        },
        {
          "acoustic_entropy": 16.544174194335938,
          "acoustic_entropy_side": 15.9236421585083,
          "hz": 464.6875360973435
        },
        {
          "acoustic_entropy": 16.73876953125,
          "acoustic_entropy_side": 17.200904846191406,
          "hz": 567.8308811364784
        },
        {
          "acoustic_entropy": 16.440900802612305,
          "acoustic_entropy_side": 16.68482208251953,
          "hz": 680.1084783214808
        },
        {
          "acoustic_entropy": 17.225221633911133,
          "acoustic_entropy_side": 17.179826736450195,
          "hz": 802.3292461747484
        },
        {
          "acoustic_entropy": 16.351999282836914,
          "acoustic_entropy_side": 17.20024871826172,
          "hz": 935.3737400823702
        },
        {
          "acoustic_entropy": 17.478225708007812,
          "acoustic_entropy_side": 16.818607330322266,
          "hz": 1080.2004963696966
        },
        {
          "acoustic_entropy": 16.84379005432129,
          "acoustic_entropy_side": 16.59003448486328,
          "hz": 1237.8529382007157
        },
        {
          "acoustic_entropy": 16.9171085357666,
          "acoustic_entropy_side": 16.45232582092285,
          "hz": 1409.4668930556702
        },
        {
          "acoustic_entropy": 16.4348087310791,
          "acoustic_entropy_side": 16.191816329956055,
          "hz": 1596.2787759475705
        },
        {
          "acoustic_entropy": 16.548349380493164,
          "acoustic_entropy_side": 16.447694778442383,
          "hz": 1799.6344973346393
        },
        {
          "acoustic_entropy": 17.079601287841797,
          "acoustic_entropy_side": 16.964008331298828,
          "hz": 2020.9991599069049
        },
        {
          "acoustic_entropy": 16.248756408691406,
          "acoustic_entropy_side": 16.403697967529297,
          "hz": 2261.9676141086993
        },
        {
          "acoustic_entropy": 16.64270782470703,
          "acoustic_entropy_side": 16.949825286865234,
          "hz": 2524.2759484456974
        },
        {
          "acoustic_entropy": 16.67841911315918,
          "acoustic_entropy_side": 16.40852165222168,
          "hz": 2809.813997359896
        },
        {
          "acoustic_entropy": 16.753795623779297,
          "acoustic_entropy_side": 15.78378677368164,
