{
  "acoustic_entropy": 154.5090789794922,
  "bands": [
    {
      "high_freq": 148.1999969482422,
      "loudness": -39.098358154296875,
      "loudness_range": 21.819425582885742,
      "mid_mean": -35.884727478027344,
      "mid_to_side_loudness": -12.129195213317871,
      "mid_to_side_loudness_range": 15.857132911682129,
      "side_mean": -48.10311508178711
    },
    {
      "high_freq": 392.3793640136719,
      "loudness": -38.23382568359375,
      "loudness_range": 16.140443801879883,
      "low_freq": 148.1999969482422,
      "mid_mean": -35.9106559753418,
      "mid_to_side_loudness": -5.432114601135254,
      "mid_to_side_loudness_range": 11.201784133911133,
      "side_mean": -41.37968063354492
    },
    {
      "high_freq": 794.6976318359375,
      "loudness": -36.39747619628906,
      "loudness_range": 24.01329803466797,
      "low_freq": 392.3793640136719,
      "mid_mean": -35.06111145019531,
      "mid_to_side_loudness": -2.890141248703003,
      "mid_to_side_loudness_range": 13.424028396606445,
      "side_mean": -37.72909927368164
    },
    {
      "high_freq": 1457.5709228515625,
      "loudness": -42.316402435302734,
      "loudness_range": 24.25956153869629,
      "low_freq": 794.6976318359375,
      "mid_mean": -42.19712448120117,
      "mid_to_side_loudness": -0.2908323407173157,
      "mid_to_side_loudness_range": 12.009672164916992,
      "side_mean": -41.98188400268555
    },
    {
      "high_freq": 2549.74365234375,
      "loudness": -48.31135559082031,
      "loudness_range": 23.934986114501953,
      "low_freq": 1457.5709228515625,
      "mid_mean": -46.6718864440918,
      "mid_to_side_loudness": -2.7002995014190674,
      "mid_to_side_loudness_range": 7.708461284637451,
      "side_mean": -49.36016082763672
    },
    {
      "high_freq": 4349.24462890625,
      "loudness": -53.208641052246094,
      "loudness_range": 18.613300323486328,
      "low_freq": 2549.74365234375,
      "mid_mean": -52.18337631225586,
      "mid_to_side_loudness": -2.1794593334198,
      "mid_to_side_loudness_range": 10.388181686401367,
      "side_mean": -54.1068115234375
    },
    {
      "high_freq": 7314.1640625,
      "loudness": -57.27804946899414,
      "loudness_range": 12.159221649169922,
      "low_freq": 4349.24462890625,
      "mid_mean": -55.289588928222656,
      "mid_to_side_loudness": -3.5973057746887207,
      "mid_to_side_loudness_range": 3.6155283451080322,
      "side_mean": -58.546566009521484
    },
    {
      "high_freq": 12199.2666015625,
      "loudness": -58.76446533203125,
      "loudness_range": 11.82486343383789,
      "low_freq": 7314.1640625,
      "mid_mean": -56.84998321533203,
      "mid_to_side_loudness": -2.9055163860321045,
      "mid_to_side_loudness_range": 3.372845411300659,
      "side_mean": -59.421653747558594
    },
    {
      "loudness": -60.73572540283203,
      "loudness_range": 17.929595947265625,
      "low_freq": 12199.2666015625,
      "mid_mean": -59.085391998291016,
      "mid_to_side_loudness": -1.1655776500701904,
      "mid_to_side_loudness_range": 2.675903797149658,
      "side_mean": -59.907928466796875
    }
  ],
  "bands_short": [
    {
      "high_freq": 148.1999969482422,
      "loudness": -42.26707077026367,
      "loudness_range": 25.538780212402344,
      "mid_mean": -39.08058166503906,
      "mid_to_side_loudness": -12.735804557800293,
      "mid_to_side_loudness_range": 19.533117294311523,
      "side_mean": -52.10628128051758
    },
    {
      "high_freq": 392.3793640136719,
      "loudness": -37.97074508666992,
      "loudness_range": 17.47550392150879,
      "low_freq": 148.1999969482422,
      "mid_mean": -35.54779815673828,
      "mid_to_side_loudness": -6.375460624694824,
      "mid_to_side_loudness_range": 13.891773223876953,
      "side_mean": -42.01836013793945
    },
    {
      "high_freq": 794.6976318359375,
      "loudness": -37.52165985107422,
      "loudness_range": 25.461654663085938,
      "low_freq": 392.3793640136719,
      "mid_mean": -36.4394416809082,
      "mid_to_side_loudness": -2.835402011871338,
      "mid_to_side_loudness_range": 15.425016403198242,
      "side_mean": -38.87049102783203
    },
    {
      "high_freq": 1457.5709228515625,
      "loudness": -42.919883728027344,
      "loudness_range": 26.069204330444336,
      "low_freq": 794.6976318359375,
      "mid_mean": -42.67881393432617,
      "mid_to_side_loudness": -0.8642397522926331,
      "mid_to_side_loudness_range": 13.072195053100586,
      "side_mean": -43.004756927490234
    },
    {
      "high_freq": 2549.74365234375,
      "loudness": -49.84754943847656,
      "loudness_range": 25.762596130371094,
      "low_freq": 1457.5709228515625,
      "mid_mean": -48.3328971862793,
      "mid_to_side_loudness": -2.7508528232574463,
      "mid_to_side_loudness_range": 9.447179794311523,
      "side_mean": -51.32025909423828
    },
    {
      "high_freq": 4349.24462890625,
      "loudness": -54.03945541381836,
      "loudness_range": 20.69707489013672,
      "low_freq": 2549.74365234375,
      "mid_mean": -52.84668731689453,
      "mid_to_side_loudness": -2.612753391265869,
      "mid_to_side_loudness_range": 11.018558502197266,
      "side_mean": -55.14377212524414
    },
    {
      "high_freq": 7314.1640625,
      "loudness": -58.47799301147461,
      "loudness_range": 13.611160278320312,
      "low_freq": 4349.24462890625,
      "mid_mean": -56.40688705444336,
      "mid_to_side_loudness": -3.660104274749756,
      "mid_to_side_loudness_range": 4.957757472991943,
      "side_mean": -59.64824295043945
    },
    {
      "high_freq": 12199.2666015625,
      "loudness": -60.18560791015625,
      "loudness_range": 13.465072631835938,
      "low_freq": 7314.1640625,
      "mid_mean": -58.102596282958984,
      "mid_to_side_loudness": -2.982762575149536,
      "mid_to_side_loudness_range": 4.186089515686035,
      "side_mean": -60.641090393066406
    },
    {
      "loudness": -63.09947204589844,
      "loudness_range": 19.903366088867188,
      "low_freq": 12199.2666015625,
      "mid_mean": -60.921783447265625,
      "mid_to_side_loudness": -1.3421874046325684,
      "mid_to_side_loudness_range": 3.3089215755462646,
      "side_mean": -61.77834701538086
    }
  ],
  "bandwidth": 497.36578369140625,
  "channels": 2,
  "covariance": [
    [
      60.67707061767578,
      35.810176849365234,
      19.616506576538086,
      16.335693359375,
      15.383661270141602,
      12.838794708251953,
      18.227760314941406,
      17.2601261138916,
      17.733671188354492,
      19.858552932739258,
      13.686729431152344,
      16.861642837524414,
      7.238585472106934,
      7.161554336547852,
      6.287286758422852,
      5.864618301391602,
      7.039231777191162,
      6.852883338928223
    ],
    [
      35.810176849365234,
      40.574092864990234,
      20.493267059326172,
      20.36650276184082,
      18.702486038208008,
      17.64573860168457,
      22.177989959716797,
      20.75848960876465,
      21.336816787719727,
      23.778488159179688,
      16.72440528869629,
      20.260347366333008,
      8.031801223754883,
      8.459602355957031,
      5.789025783538818,
      5.84144926071167,
      7.075352668762207,
      7.142772197723389
    ],
    [
      19.616506576538086,
      20.493267059326172,
      34.259578704833984,
      31.231311798095703,
      21.464521408081055,
      21.24996566772461,
      27.154048919677734,
      27.371694564819336,
      27.32868003845215,
      30.78786849975586,
      18.591665267944336,
      21.832958221435547,
      8.371821403503418,
      9.706945419311523,
      5.472994327545166,
      5.768733501434326,
      6.613337993621826,
      6.722742080688477
    ],
    [
      16.335693359375,
      20.36650276184082,
      31.231311798095703,
      44.16040802001953,
      25.4329776763916,
      26.23470687866211,
      31.32962417602539,
      31.296354293823242,
      32.55602264404297,
      36.208126068115234,
      21.430419921875,
      26.227399826049805,
      9.67248249053955,
      11.023200035095215,
      6.141079425811768,
      6.568861484527588,
      7.6074395179748535,
      7.792928218841553
    ],
    [
      15.383661270141602,
      18.702486038208008,
      21.464521408081055,
      25.4329776763916,
      71.52702331542969,
      60.1630859375,
      48.084232330322266,
      48.66644287109375,
      50.422000885009766,
      52.46274948120117,
      28.903154373168945,
      46.91389083862305,
      10.648881912231445,
      12.402174949645996,
      4.442519187927246,
      4.3587117195129395,
      3.9864182472229004,
      3.624662160873413
    ],
    [
      12.838794708251953,
      17.64573860168457,
      21.24996566772461,
      26.23470687866211,
      60.1630859375,
      71.03438568115234,
      47.583194732666016,
      44.01286697387695,
      49.33597946166992,
      48.52870559692383,
      29.191186904907227,
      41.36240768432617,
      10.444296836853027,
      11.882078170776367,
      3.2963473796844482,
      3.203611373901367,
      2.932368755340576,
      2.605715751647949
    ],
    [
      18.227760314941406,
      22.177989959716797,
      27.154048919677734,
      31.32962417602539,
      48.084232330322266,
      47.583194732666016,
      68.2763671875,
      61.88605499267578,
      57.1988525390625,
      60.80155944824219,
      32.55805969238281,
      43.6027946472168,
      12.75639533996582,
      15.078531265258789,
      5.556578636169434,
      5.844394683837891,
      5.650986671447754,
      5.437464237213135
    ],
    [
      17.2601261138916,
      20.75848960876465,
      27.371694564819336,
      31.296354293823242,
      48.66644287109375,
      44.01286697387695,
      61.88605499267578,
      73.72222900390625,
      58.23702621459961,
      63.98077392578125,
      33.64911651611328,
      46.97551727294922,
      12.308344841003418,
      14.909727096557617,
      5.549894332885742,
      5.748947620391846,
      5.137768268585205,
      4.897119998931885
    ],
    [
      17.733671188354492,
      21.336816787719727,
      27.32868003845215,
      32.55602264404297,
      50.422000885009766,
      49.33597946166992,
      57.1988525390625,
      58.23702621459961,
      66.19610595703125,
      66.73909759521484,
      38.00041580200195,
      51.775779724121094,
      15.383244514465332,
      17.87289810180664,
      7.224485874176025,
      7.301424503326416,
      6.643766403198242,
      6.255604267120361
    ],
    [
      19.858552932739258,
      23.778488159179688,
      30.78786849975586,
      36.208126068115234,
      52.46274948120117,
      48.52870559692383,
      60.80155944824219,
      63.98077392578125,
      66.73909759521484,
      76.50334930419922,
      40.44369125366211,
      54.8790283203125,
      16.77644157409668,
      19.685060501098633,
      8.825307846069336,
      8.823936462402344,
      8.387432098388672,
      7.956478595733643
    ],
    [
      13.686729431152344,
      16.72440528869629,
      18.591665267944336,
      21.430419921875,
      28.903154373168945,
      29.191186904907227,
      32.55805969238281,
      33.64911651611328,
      38.00041580200195,
      40.44369125366211,
      38.71377944946289,
      43.61305618286133,
      21.443471908569336,
      21.924686431884766,
      14.266225814819336,
      12.97137451171875,
      12.385213851928711,
      11.611160278320312
    ],
    [
      16.861642837524414,
      20.260347366333008,
      21.832958221435547,
      26.227399826049805,
      46.91389083862305,
      41.36240768432617,
      43.6027946472168,
      46.97551727294922,
      51.775779724121094,
      54.8790283203125,
      43.61305618286133,
      58.79207992553711,
      22.22730827331543,
      23.401662826538086,
      13.628827095031738,
      12.63228988647461,
      12.056285858154297,
      11.333963394165039
    ],
    [
      7.238585472106934,
      8.031801223754883,
      8.371821403503418,
      9.67248249053955,
      10.648881912231445,
      10.444296836853027,
      12.75639533996582,
      12.308344841003418,
      15.383244514465332,
      16.77644157409668,
      21.443471908569336,
      22.22730827331543,
      19.631946563720703,
      18.65366554260254,
      15.600573539733887,
      14.720468521118164,
      15.36798095703125,
      14.831376075744629
    ],
    [
      7.161554336547852,
      8.459602355957031,
      9.706945419311523,
      11.023200035095215,
      12.402174949645996,
      11.882078170776367,
      15.078531265258789,
      14.909727096557617,
      17.87289810180664,
      19.685060501098633,
      21.924686431884766,
      23.401662826538086,
      18.65366554260254,
      19.376346588134766,
      14.855515480041504,
      14.783944129943848,
      15.973361015319824,
      15.781515121459961
    ],
    [
      6.287286758422852,
      5.789025783538818,
      5.472994327545166,
      6.141079425811768,
      4.442519187927246,
      3.2963473796844482,
      5.556578636169434,
      5.549894332885742,
      7.224485874176025,
      8.825307846069336,
      14.266225814819336,
      13.628827095031738,
      15.600573539733887,
      14.855515480041504,
      16.31133270263672,
      15.882757186889648,
      18.20604705810547,
      18.06563377380371
    ],
    [
      5.864618301391602,
      5.84144926071167,
      5.768733501434326,
      6.568861484527588,
      4.3587117195129395,
      3.203611373901367,
      5.844394683837891,
      5.748947620391846,
      7.301424503326416,
      8.823936462402344,
      12.97137451171875,
      12.63228988647461,
      14.720468521118164,
      14.783944129943848,
      15.882757186889648,
      16.74172592163086,
      20.485055923461914,
      21.040462493896484
    ],
    [
      7.039231777191162,
      7.075352668762207,
      6.613337993621826,
      7.6074395179748535,
      3.9864182472229004,
      2.932368755340576,
      5.650986671447754,
      5.137768268585205,
      6.643766403198242,
      8.387432098388672,
      12.385213851928711,
      12.056285858154297,
      15.36798095703125,
      15.973361015319824,
      18.20604705810547,
      20.485055923461914,
      28.678983688354492,
      30.32538414001465
    ],
    [
      6.852883338928223,
      7.142772197723389,
      6.722742080688477,
      7.792928218841553,
      3.624662160873413,
      2.605715751647949,
      5.437464237213135,
      4.897119998931885,
      6.255604267120361,
      7.956478595733643,
      11.611160278320312,
      11.333963394165039,
      14.831376075744629,
      15.781515121459961,
      18.06563377380371,
      21.040462493896484,
      30.32538414001465,
      32.52114486694336
    ]
  ],
  "covariance_short": [
    [
      82.05218505859375,
      44.32053756713867,
      31.075504302978516,
      20.93243980407715,
      15.852117538452148,
      11.129561424255371,
      17.265878677368164,
      17.47692108154297,
      18.17881965637207,
      21.567913055419922,
      13.124335289001465,
      16.268081665039062,
      6.544915199279785,
      7.3373918533325195,
      5.7847208976745605,
      6.512909412384033,
      7.46312952041626,
      7.725583076477051
    ],
    [
      44.32053756713867,
      53.90658187866211,
      23.809049606323242,
      21.890907287597656,
      19.077219009399414,
      16.881898880004883,
      21.710607528686523,
      21.41967010498047,
      21.833663940429688,
      29.76129913330078,
      20.027843475341797,
      23.257583618164062,
      9.97265338897705,
      10.396995544433594,
      6.937737941741943,
      7.012302875518799,
      7.170163154602051,
      7.119426727294922
    ],
    [
      31.075504302978516,
      23.809049606323242,
      40.2085075378418,
      30.89274787902832,
      25.26169204711914,
      22.495502471923828,
      27.76216697692871,
      27.96268653869629,
      29.36656379699707,
      31.2943172454834,
      18.732318878173828,
      22.15146255493164,
      7.879994869232178,
      9.59375286102295,
      4.64006233215332,
      5.440211296081543,
      5.696267604827881,
      5.879910945892334
    ],
    [
      20.93243980407715,
      21.890907287597656,
      30.89274787902832,
      47.74504852294922,
      30.07869529724121,
      28.45750617980957,
      33.10426330566406,
      32.913421630859375,
      34.677894592285156,
      37.15388488769531,
      21.630083084106445,
      26.291614532470703,
      8.857505798339844,
      10.58554458618164,
      5.082686901092529,
      5.9941935539245605,
      6.481975555419922,
      6.754461288452148
    ],
    [
      15.852117538452148,
      19.077219009399414,
      25.26169204711914,
      30.07869529724121,
      81.39767456054688,
      64.94986724853516,
      52.31806564331055,
      55.3242073059082,
      55.54823684692383,
      56.48153305053711,
      34.17213439941406,
      51.29673385620117,
      12.182350158691406,
      14.548468589782715,
      4.374450206756592,
      4.89743185043335,
      4.182871341705322,
      3.9913039207458496
    ],
    [
      11.129561424255371,
      16.881898880004883,
      22.495502471923828,
      28.45750617980957,
      64.94986724853516,
      81.15067291259766,
      54.13939666748047,
      51.110652923583984,
      53.34842300415039,
      51.21790313720703,
      34.32948303222656,
      45.599815368652344,
      11.280109405517578,
      13.308280944824219,
      2.568567991256714,
      3.0977842807769775,
      2.1902241706848145,
      2.032197952270508
    ],
    [
      17.265878677368164,
      21.710607528686523,
      27.76216697692871,
      33.10426330566406,
      52.31806564331055,
      54.13939666748047,
      82.0484848022461,
      71.66024780273438,
      63.674049377441406,
      66.94779968261719,
      37.7252197265625,
      49.030128479003906,
      12.467498779296875,
      15.703967094421387,
      3.7334353923797607,
      4.664259910583496,
      3.5729973316192627,
      3.462570905685425
    ],
    [
      17.47692108154297,
      21.41967010498047,
      27.96268653869629,
      32.913421630859375,
      55.3242073059082,
      51.110652923583984,
      71.66024780273438,
      84.25426483154297,
      64.32244110107422,
      70.10066986083984,
      38.41121292114258,
      52.35322189331055,
      12.051966667175293,
      15.663849830627441,
      3.5648651123046875,
      4.573109149932861,
      3.245274782180786,
      3.195709466934204
    ],
    [
      18.17881965637207,
      21.833663940429688,
      29.36656379699707,
      34.677894592285156,
      55.54823684692383,
      53.34842300415039,
      63.674049377441406,
      64.32244110107422,
      74.21996307373047,
      73.0032958984375,
      43.84053421020508,
      57.65903091430664,
      16.8859806060791,
      19.916067123413086,
      6.858428955078125,
      7.453608989715576,
      5.8900675773620605,
      5.544347286224365
    ],
    [
      21.567913055419922,
      29.76129913330078,
      31.2943172454834,
      37.15388488769531,
      56.48153305053711,
      51.21790313720703,
      66.94779968261719,
      70.10066986083984,
      73.0032958984375,
      88.28240203857422,
      49.64812469482422,
      63.044673919677734,
      21.4510555267334,
      23.76020050048828,
      11.651891708374023,
      11.288230895996094,
      9.693747520446777,
      9.060551643371582
    ],
    [
      13.124335289001465,
      20.027843475341797,
      18.732318878173828,
      21.630083084106445,
      34.17213439941406,
      34.32948303222656,
      37.7252197265625,
      38.41121292114258,
      43.84053421020508,
      49.64812469482422,
      44.58243942260742,
      47.96200942993164,
      22.91617202758789,
      23.648134231567383,
      14.066483497619629,
      13.176072120666504,
      11.92408561706543,
      11.047417640686035
    ],
    [
      16.268081665039062,
      23.257583618164062,
      22.15146255493164,
      26.291614532470703,
      51.29673385620117,
      45.599815368652344,
      49.030128479003906,
      52.35322189331055,
      57.65903091430664,
      63.044673919677734,
      47.96200942993164,
      63.15370178222656,
      23.17183494567871,
      24.995994567871094,
      12.60772705078125,
      12.375953674316406,
      10.87199592590332,
      10.22585678100586
    ],
    [
      6.544915199279785,
      9.97265338897705,
      7.879994869232178,
      8.857505798339844,
      12.182350158691406,
      11.280109405517578,
      12.467498779296875,
      12.051966667175293,
      16.8859806060791,
      21.4510555267334,
      22.91617202758789,
      23.17183494567871,
      22.016565322875977,
      20.3311710357666,
      17.79766273498535,
      16.652719497680664,
      17.169038772583008,
      16.328248977661133
    ],
    [
      7.3373918533325195,
      10.396995544433594,
      9.59375286102295,
      10.58554458618164,
      14.548468589782715,
      13.308280944824219,
      15.703967094421387,
      15.663849830627441,
      19.916067123413086,
      23.76020050048828,
      23.648134231567383,
      24.995994567871094,
      20.3311710357666,
      21.446508407592773,
      16.189027786254883,
      16.209129333496094,
      16.582477569580078,
      16.215635299682617
    ],
    [
      5.7847208976745605,
      6.937737941741943,
      4.64006233215332,
      5.082686901092529,
      4.374450206756592,
      2.568567991256714,
      3.7334353923797607,
      3.5648651123046875,
      6.858428955078125,
      11.651891708374023,
      14.066483497619629,
      12.60772705078125,
      17.79766273498535,
      16.189027786254883,
      20.143665313720703,
      18.876127243041992,
      21.86308479309082,
      21.316362380981445
    ],
    [
      6.512909412384033,
      7.012302875518799,
      5.440211296081543,
      5.9941935539245605,
      4.89743185043335,
      3.0977842807769775,
      4.664259910583496,
      4.573109149932861,
      7.453608989715576,
      11.288230895996094,
      13.176072120666504,
      12.375953674316406,
      16.652719497680664,
      16.209129333496094,
      18.876127243041992,
      19.4837646484375,
      22.949691772460938,
      23.2557315826416
    ],
    [
      7.46312952041626,
      7.170163154602051,
      5.696267604827881,
      6.481975555419922,
      4.182871341705322,
      2.1902241706848145,
      3.5729973316192627,
      3.245274782180786,
      5.8900675773620605,
      9.693747520446777,
      11.92408561706543,
      10.87199592590332,
      17.169038772583008,
      16.582477569580078,
      21.86308479309082,
      22.949691772460938,
      30.85752296447754,
      31.80154037475586
    ],
    [
      7.725583076477051,
      7.119426727294922,
      5.879910945892334,
      6.754461288452148,
      3.9913039207458496,
      2.032197952270508,
      3.462570905685425,
      3.195709466934204,
      5.544347286224365,
      9.060551643371582,
      11.047417640686035,
      10.22585678100586,
      16.328248977661133,
      16.215635299682617,
      21.316362380981445,
      23.2557315826416,
      31.80154037475586,
      33.505393981933594
    ]
  ],
  "damage": -17.225730895996094,
  "diff_bandwidth": 514.8525390625,
  "dissonance": 4.470213985027099,
  "drr": 1.7145549058914185,
  "dynamics": 4.9279046058654785,
  "format": 1245190,
  "frames": 21392320,
  "loudness": -26.127777099609375,
  "loudness_range": 15.218561172485352,
  "loudness_range_short": 18.47464942932129,
  "lowpass_true_peak_15khz": -4.996544361114502,
  "mastering3_acoustic_entropies": [
    {
      "acoustic_entropy": 8.885197639465332,
      "acoustic_entropy_mono": 8.139387130737305,
      "band_eliminated_acoustic_entropies": [
        {
          "acoustic_entropy": 9.187737464904785,
          "acoustic_entropy_side": 8.886008262634277,
          "hz": 129.47220167065723
        },
        {
          "acoustic_entropy": 8.718802452087402,
          "acoustic_entropy_side": 8.943697929382324,
          "hz": 202.92927478742237
        },
        {
          "acoustic_entropy": 9.433313369750977,
          "acoustic_entropy_side": 8.95604133605957,
          "hz": 282.89161906338205
        },
        {
          "acoustic_entropy": 8.56887435913086,
          "acoustic_entropy_side": 8.837717056274414,
          "hz": 369.9353335868758
        },
        {
          "acoustic_entropy": 9.266505241394043,
          "acoustic_entropy_side": 8.841615676879883,
          "hz": 464.6875360973435
        },
        {
          "acoustic_entropy": 9.101249694824219,
          "acoustic_entropy_side": 8.908384323120117,
          "hz": 567.8308811364784
        },
        {
          "acoustic_entropy": 8.407777786254883,
          "acoustic_entropy_side": 8.694939613342285,
          "hz": 680.1084783214808
        },
        {
          "acoustic_entropy": 9.800479888916016,
          "acoustic_entropy_side": 8.790508270263672,
          "hz": 802.3292461747484
        },
        {
          "acoustic_entropy": 8.70986557006836,
          "acoustic_entropy_side": 9.53729248046875,
          "hz": 935.3737400823702
        },
        {
          "acoustic_entropy": 9.322637557983398,
          "acoustic_entropy_side": 8.987432479858398,
          "hz": 1080.2004963696966
        },
        {
          "acoustic_entropy": 8.34507942199707,
          "acoustic_entropy_side": 8.04862117767334,
          "hz": 1237.8529382007157
        },
        {
          "acoustic_entropy": 8.36672592163086,
          "acoustic_entropy_side": 9.182276725769043,
          "hz": 1409.4668930556702
        },
        {
          "acoustic_entropy": 8.822589874267578,
          "acoustic_entropy_side": 8.778294563293457,
          "hz": 1596.2787759475705
        },
        {
          "acoustic_entropy": 8.71088981628418,
          "acoustic_entropy_side": 8.563693046569824,
          "hz": 1799.6344973346393
        },
        {
          "acoustic_entropy": 8.90911865234375,
          "acoustic_entropy_side": 8.911676406860352,
          "hz": 2020.9991599069049
        },
        {
          "acoustic_entropy": 8.710070610046387,
          "acoustic_entropy_side": 8.799928665161133,
          "hz": 2261.9676141086993
        },
        {
          "acoustic_entropy": 8.725008964538574,
          "acoustic_entropy_side": 8.800507545471191,
          "hz": 2524.2759484456974
        },
        {
          "acoustic_entropy": 8.764738082885742,
          "acoustic_entropy_side": 8.806811332702637,
          "hz": 2809.813997359896
        },
        {
          "acoustic_entropy": 8.79081916809082,
          "acoustic_entropy_side": 8.822986602783203,
          "hz": 3120.6389567871424
        },
        {
          "acoustic_entropy": 8.871698379516602,
          "acoustic_entropy_side": 8.8875732421875,
          "hz": 3458.990205492291
        },
        {
          "acoustic_entropy": 8.886469841003418,
          "acoustic_entropy_side": 8.887554168701172,
          "hz": 3827.305438964164
        },
        {
          "acoustic_entropy": 8.888448715209961,
          "acoustic_entropy_side": 8.88524341583252,
          "hz": 4228.238232109126
        },
        {
          "acoustic_entropy": 8.887988090515137,
          "acoustic_entropy_side": 8.886902809143066,
          "hz": 4664.6771572759235
        },
        {
          "acoustic_entropy": 8.880403518676758,
          "acoustic_entropy_side": 8.886062622070312,
          "hz": 5139.766595350093
        },
        {
          "acoustic_entropy": 8.883861541748047,
          "acoustic_entropy_side": 8.885550498962402,
          "hz": 5656.929389854203
        },
        {
          "acoustic_entropy": 8.881962776184082,
          "acoustic_entropy_side": 8.885499000549316,
          "hz": 6219.891507268283
        },
        {
          "acoustic_entropy": 8.88015365600586,
          "acoustic_entropy_side": 8.885401725769043,
          "hz": 6832.70888123896
        },
        {
          "acoustic_entropy": 8.882913589477539,
          "acoustic_entropy_side": 8.885504722595215,
          "hz": 7499.796634079867
        },
        {
          "acoustic_entropy": 8.881226539611816,
          "acoustic_entropy_side": 8.885380744934082,
          "hz": 8225.96088609342
        },
        {
          "acoustic_entropy": 8.882877349853516,
          "acoustic_entropy_side": 8.885415077209473,
          "hz": 9016.43338188839
        },
        {
          "acoustic_entropy": 8.880203247070312,
          "acoustic_entropy_side": 8.885359764099121,
          "hz": 9876.909183162974
        },
        {
          "acoustic_entropy": 8.879707336425781,
          "acoustic_entropy_side": 8.885322570800781,
          "hz": 10813.587699516042
        },
        {
          "acoustic_entropy": 8.878588676452637,
          "acoustic_entropy_side": 8.885268211364746,
          "hz": 11833.21735289826
        },
        {
          "acoustic_entropy": 8.87612533569336,
          "acoustic_entropy_side": 8.883458137512207,
          "hz": 12943.144197493959
        },
        {
          "acoustic_entropy": 8.867212295532227,
          "acoustic_entropy_side": 8.878101348876953,
          "hz": 14151.364845322005
        },
        {
          "acoustic_entropy": 8.863916397094727,
          "acoustic_entropy_side": 8.87741756439209,
          "hz": 15466.58407886509
        },
        {
          "acoustic_entropy": 8.865219116210938,
          "acoustic_entropy_side": 8.877225875854492,
          "hz": 16898.27756580493
        },
        {
          "acoustic_entropy": 8.866515159606934,
          "acoustic_entropy_side": 8.8773193359375,
          "hz": 18456.760127700032
        },
        {
          "acoustic_entropy": 8.861958503723145,
          "acoustic_entropy_side": 8.875648498535156,
          "hz": 20153.260054456492
        },
        {
          "acoustic_entropy": 8.87735366821289,
          "acoustic_entropy_side": 8.884296417236328,
          "hz": 22000.00000000001
        }
      ],
      "diff_acoustic_entropy": 7.205974578857422,
      "sn": 6
    },
    {
      "acoustic_entropy": 13.262240409851074,
      "acoustic_entropy_mono": 11.027383804321289,
      "band_eliminated_acoustic_entropies": [
        {
          "acoustic_entropy": 13.577417373657227,
          "acoustic_entropy_side": 13.262362480163574,
          "hz": 129.47220167065723
        },
        {
          "acoustic_entropy": 13.628847122192383,
          "acoustic_entropy_side": 13.105216979980469,
          "hz": 202.92927478742237
        },
        {
          "acoustic_entropy": 13.930597305297852,
          "acoustic_entropy_side": 13.574461936950684,
          "hz": 282.89161906338205
        },
        {
          "acoustic_entropy": 14.138222694396973,
          "acoustic_entropy_side": 13.193683624267578,
          "hz": 369.9353335868758
        },
        {
          "acoustic_entropy": 13.441322326660156,
          "acoustic_entropy_side": 12.986729621887207,
          "hz": 464.6875360973435
        },
        {
          "acoustic_entropy": 12.81394100189209,
          "acoustic_entropy_side": 13.557077407836914,
          "hz": 567.8308811364784
        },
        {
          "acoustic_entropy": 12.548502922058105,
          "acoustic_entropy_side": 13.224347114562988,
          "hz": 680.1084783214808
        },
        {
          "acoustic_entropy": 13.876788139343262,
          "acoustic_entropy_side": 13.797916412353516,
          "hz": 802.3292461747484
        },
        {
          "acoustic_entropy": 13.391255378723145,
          "acoustic_entropy_side": 13.732559204101562,
          "hz": 935.3737400823702
        },
        {
          "acoustic_entropy": 14.168551445007324,
          "acoustic_entropy_side": 14.554211616516113,
          "hz": 1080.2004963696966
        },
        {
          "acoustic_entropy": 13.604023933410645,
          "acoustic_entropy_side": 13.431133270263672,
          "hz": 1237.8529382007157
        },
        {
          "acoustic_entropy": 12.414667129516602,
          "acoustic_entropy_side": 12.86787223815918,
          "hz": 1409.4668930556702
        },
        {
          "acoustic_entropy": 13.25480842590332,
          "acoustic_entropy_side": 13.197773933410645,
          "hz": 1596.2787759475705
        },
        {
          "acoustic_entropy": 13.000334739685059,
          "acoustic_entropy_side": 13.264506340026855,
          "hz": 1799.6344973346393
        },
        {
          "acoustic_entropy": 13.501338005065918,
          "acoustic_entropy_side": 13.207512855529785,
          "hz": 2020.9991599069049
        },
        {
          "acoustic_entropy": 13.50102710723877,
          "acoustic_entropy_side": 13.447521209716797,
          "hz": 2261.9676141086993
        },
        {
          "acoustic_entropy": 13.68432331085205,
          "acoustic_entropy_side": 13.675968170166016,
          "hz": 2524.2759484456974
        },
        {
          "acoustic_entropy": 13.459007263183594,
          "acoustic_entropy_side": 13.487297058105469,
          "hz": 2809.813997359896
        },
        {
          "acoustic_entropy": 13.455496788024902,
          "acoustic_entropy_side": 13.360830307006836,
          "hz": 3120.6389567871424
        },
        {
          "acoustic_entropy": 13.217914581298828,
          "acoustic_entropy_side": 13.252622604370117,
          "hz": 3458.990205492291
        },
        {
          "acoustic_entropy": 13.158185005187988,
          "acoustic_entropy_side": 13.113839149475098,
          "hz": 3827.305438964164
        },
        {
          "acoustic_entropy": 13.221931457519531,
          "acoustic_entropy_side": 13.199258804321289,
          "hz": 4228.238232109126
        },
        {
          "acoustic_entropy": 13.261104583740234,
          "acoustic_entropy_side": 13.251998901367188,
          "hz": 4664.6771572759235
        },
        {
          "acoustic_entropy": 13.283729553222656,
          "acoustic_entropy_side": 13.251046180725098,
          "hz": 5139.766595350093
        },
        {
          "acoustic_entropy": 13.271432876586914,
          "acoustic_entropy_side": 13.255812644958496,
          "hz": 5656.929389854203
        },
        {
          "acoustic_entropy": 13.278694152832031,
          "acoustic_entropy_side": 13.263665199279785,
          "hz": 6219.891507268283
        },
        {
          "acoustic_entropy": 13.279212951660156,
          "acoustic_entropy_side": 13.268230438232422,
          "hz": 6832.70888123896
        },
        {
          "acoustic_entropy": 13.290132522583008,
          "acoustic_entropy_side": 13.269988059997559,
          "hz": 7499.796634079867
        },
        {
          "acoustic_entropy": 13.294229507446289,
          "acoustic_entropy_side": 13.275672912597656,
          "hz": 8225.96088609342
        },
        {
          "acoustic_entropy": 13.294890403747559,
          "acoustic_entropy_side": 13.275479316711426,
          "hz": 9016.43338188839
        },
        {
          "acoustic_entropy": 13.298251152038574,
          "acoustic_entropy_side": 13.28023910522461,
          "hz": 9876.909183162974
        },
        {
          "acoustic_entropy": 13.305697441101074,
          "acoustic_entropy_side": 13.282177925109863,
          "hz": 10813.587699516042
        },
        {
          "acoustic_entropy": 13.324419021606445,
          "acoustic_entropy_side": 13.287592887878418,
          "hz": 11833.21735289826
        },
        {
          "acoustic_entropy": 13.37362289428711,
          "acoustic_entropy_side": 13.306028366088867,
          "hz": 12943.144197493959
        },
        {
          "acoustic_entropy": 13.407049179077148,
          "acoustic_entropy_side": 13.341160774230957,
          "hz": 14151.364845322005
        },
        {
          "acoustic_entropy": 13.436639785766602,
          "acoustic_entropy_side": 13.365843772888184,
          "hz": 15466.58407886509
        },
        {
          "acoustic_entropy": 13.466548919677734,
          "acoustic_entropy_side": 13.396422386169434,
          "hz": 16898.27756580493
        },
        {
          "acoustic_entropy": 13.485015869140625,
          "acoustic_entropy_side": 13.411290168762207,
          "hz": 18456.760127700032
        },
        {
          "acoustic_entropy": 13.463264465332031,
          "acoustic_entropy_side": 13.405804634094238,
          "hz": 20153.260054456492
        },
        {
          "acoustic_entropy": 13.350378036499023,
          "acoustic_entropy_side": 13.307433128356934,
          "hz": 22000.00000000001
        }
      ],
      "diff_acoustic_entropy": 10.664629936218262,
      "sn": 12
    },
    {
      "acoustic_entropy": 22.8288516998291,
      "acoustic_entropy_mono": 19.055702209472656,
      "band_eliminated_acoustic_entropies": [
        {
          "acoustic_entropy": 21.852027893066406,
          "acoustic_entropy_side": 22.975200653076172,
          "hz": 129.47220167065723
        },
        {
          "acoustic_entropy": 22.594070434570312,
          "acoustic_entropy_side": 22.157400131225586,
          "hz": 202.92927478742237
        },
        {
          "acoustic_entropy": 23.492536544799805,
          "acoustic_entropy_side": 22.744094848632812,
          "hz": 282.89161906338205
        },
        {
          "acoustic_entropy": 23.85062026977539,
          "acoustic_entropy_side": 23.198406219482422,
          "hz": 369.9353335868758
        },
        {
          "acoustic_entropy": 22.486507415771484,
          "acoustic_entropy_side": 21.89098358154297,
          "hz": 464.6875360973435
        },
        {
          "acoustic_entropy": 23.905778884887695,
          "acoustic_entropy_side": 22.94438934326172,
          "hz": 567.8308811364784
        },
        {
          "acoustic_entropy": 21.11670684814453,
          "acoustic_entropy_side": 22.75049591064453,
          "hz": 680.1084783214808
        },
        {
          "acoustic_entropy": 23.57127571105957,
          "acoustic_entropy_side": 23.021333694458008,
          "hz": 802.3292461747484
        },
        {
          "acoustic_entropy": 22.846006393432617,
          "acoustic_entropy_side": 22.966949462890625,
          "hz": 935.3737400823702
        },
        {
          "acoustic_entropy": 22.869047164916992,
          "acoustic_entropy_side": 23.89287567138672,
          "hz": 1080.2004963696966
        },
        {
          "acoustic_entropy": 22.081172943115234,
          "acoustic_entropy_side": 21.995868682861328,
          "hz": 1237.8529382007157
        },
        {
          "acoustic_entropy": 21.747804641723633,
          "acoustic_entropy_side": 22.133604049682617,
          "hz": 1409.4668930556702
        },
        {
          "acoustic_entropy": 22.375843048095703,
          "acoustic_entropy_side": 22.858135223388672,
          "hz": 1596.2787759475705
        },
        {
          "acoustic_entropy": 21.411434173583984,
          "acoustic_entropy_side": 22.525676727294922,
          "hz": 1799.6344973346393
        },
        {
          "acoustic_entropy": 22.85763168334961,
          "acoustic_entropy_side": 22.044950485229492,
          "hz": 2020.9991599069049
        },
        {
          "acoustic_entropy": 23.101093292236328,
          "acoustic_entropy_side": 23.046865463256836,
          "hz": 2261.9676141086993
        },
        {
          "acoustic_entropy": 22.943098068237305,
          "acoustic_entropy_side": 22.868160247802734,
          "hz": 2524.2759484456974
        },
        {
          "acoustic_entropy": 22.05617332458496,
          "acoustic_entropy_side": 22.598398208618164,
          "hz": 2809.813997359896
        },
        {
          "acoustic_entropy": 22.2233943939209,
          "acoustic_entropy_side": 22.960634231567383,
          "hz": 3120.6389567871424
        },
        {
