{
  "acoustic_entropy": 94.65653228759766,
  "bands": [
    {
      "high_freq": 148.1999969482422,
      "loudness": -58.65669250488281,
      "loudness_range": 24.803741455078125,
      "mid_mean": -55.541629791259766,
      "mid_to_side_loudness": -6.319032192230225,
      "mid_to_side_loudness_range": 8.083844184875488,
      "side_mean": -60.43804931640625
    },
    {
      "high_freq": 392.3793640136719,
      "loudness": -41.311553955078125,
      "loudness_range": 19.242267608642578,
      "low_freq": 148.1999969482422,
      "mid_mean": -38.44709014892578,
      "mid_to_side_loudness": -7.652396202087402,
      "mid_to_side_loudness_range": 10.294156074523926,
      "side_mean": -46.16500473022461
    },
    {
      "high_freq": 794.6976318359375,
      "loudness": -39.53685760498047,
      "loudness_range": 16.665462493896484,
      "low_freq": 392.3793640136719,
      "mid_mean": -38.062400817871094,
      "mid_to_side_loudness": -2.644803762435913,
      "mid_to_side_loudness_range": 10.763007164001465,
      "side_mean": -40.73869705200195
    },
    {
      "high_freq": 1457.5709228515625,
      "loudness": -54.677452087402344,
      "loudness_range": 19.071399688720703,
      "low_freq": 794.6976318359375,
      "mid_mean": -54.03468704223633,
      "mid_to_side_loudness": -0.6299325227737427,
      "mid_to_side_loudness_range": 7.776244163513184,
      "side_mean": -54.57792663574219
    },
    {
      "high_freq": 2549.74365234375,
      "loudness": -62.448123931884766,
      "loudness_range": 25.229511260986328,
      "low_freq": 1457.5709228515625,
      "mid_mean": -60.927711486816406,
      "mid_to_side_loudness": 0.043152570724487305,
      "mid_to_side_loudness_range": 7.490328788757324,
      "side_mean": -61.132511138916016
    },
    {
      "high_freq": 4349.24462890625,
      "loudness": -73.24897003173828,
      "loudness_range": 24.384193420410156,
      "low_freq": 2549.74365234375,
      "mid_mean": -68.02337646484375,
      "mid_to_side_loudness": 1.6047611236572266,
      "mid_to_side_loudness_range": 8.22785758972168,
      "side_mean": -67.52010345458984
    },
    {
      "high_freq": 7314.1640625,
      "loudness": 0,
      "loudness_range": 0,
      "low_freq": 4349.24462890625,
      "mid_mean": -69.90994262695312,
      "mid_to_side_loudness": 0.20203019678592682,
      "mid_to_side_loudness_range": 1.8671859502792358,
      "side_mean": -69.8994140625
    },
    {
      "high_freq": 12199.2666015625,
      "loudness": 0,
      "loudness_range": 0,
      "low_freq": 7314.1640625,
      "mid_mean": -69.95825958251953,
      "mid_to_side_loudness": -0.13106916844844818,
      "mid_to_side_loudness_range": 0.5573428869247437,
      "side_mean": -69.9594497680664
    },
    {
      "loudness": 0,
      "loudness_range": 0,
      "low_freq": 12199.2666015625,
      "mid_mean": -69.97376251220703,
      "mid_to_side_loudness": -0.060927387326955795,
      "mid_to_side_loudness_range": 1.0708943605422974,
      "side_mean": -69.97412109375
    }
  ],
  "bands_short": [
    {
      "high_freq": 148.1999969482422,
      "loudness": -64.875,
      "loudness_range": 18.203330993652344,
      "mid_mean": -60.98789978027344,
      "mid_to_side_loudness": -7.6368937492370605,
      "mid_to_side_loudness_range": 13.578791618347168,
      "side_mean": -65.92388916015625
    },
    {
      "high_freq": 392.3793640136719,
      "loudness": -42.413368225097656,
      "loudness_range": 19.446733474731445,
      "low_freq": 148.1999969482422,
      "mid_mean": -39.83121871948242,
      "mid_to_side_loudness": -7.101376533508301,
      "mid_to_side_loudness_range": 13.664607048034668,
      "side_mean": -46.92036056518555
    },
    {
      "high_freq": 794.6976318359375,
      "loudness": -39.40730667114258,
      "loudness_range": 17.927339553833008,
      "low_freq": 392.3793640136719,
      "mid_mean": -37.88606262207031,
      "mid_to_side_loudness": -3.0182435512542725,
      "mid_to_side_loudness_range": 12.416268348693848,
      "side_mean": -41.03657150268555
    },
    {
      "high_freq": 1457.5709228515625,
      "loudness": -54.0672607421875,
      "loudness_range": 22.262008666992188,
      "low_freq": 794.6976318359375,
      "mid_mean": -53.143524169921875,
      "mid_to_side_loudness": -1.015053153038025,
      "mid_to_side_loudness_range": 11.09632682800293,
      "side_mean": -54.046142578125
    },
    {
      "high_freq": 2549.74365234375,
      "loudness": -63.110530853271484,
      "loudness_range": 25.826908111572266,
      "low_freq": 1457.5709228515625,
      "mid_mean": -61.500144958496094,
      "mid_to_side_loudness": 0.05057639256119728,
      "mid_to_side_loudness_range": 9.447341918945312,
      "side_mean": -61.6618766784668
    },
    {
      "high_freq": 4349.24462890625,
      "loudness": -73.09745025634766,
      "loudness_range": 24.755149841308594,
      "low_freq": 2549.74365234375,
      "mid_mean": -68.10980987548828,
      "mid_to_side_loudness": 1.6988176107406616,
      "mid_to_side_loudness_range": 10.356703758239746,
      "side_mean": -67.58076477050781
    },
    {
      "high_freq": 7314.1640625,
      "loudness": -85.44132995605469,
      "loudness_range": 9.68145751953125,
      "low_freq": 4349.24462890625,
      "mid_mean": -69.91012573242188,
      "mid_to_side_loudness": 0.19738955795764923,
      "mid_to_side_loudness_range": 2.8782920837402344,
      "side_mean": -69.90098571777344
    },
    {
      "high_freq": 12199.2666015625,
      "loudness": 0,
      "loudness_range": 0,
      "low_freq": 7314.1640625,
      "mid_mean": -69.9581069946289,
      "mid_to_side_loudness": -0.14957177639007568,
      "mid_to_side_loudness_range": 1.6651954650878906,
      "side_mean": -69.95935821533203
    },
    {
      "loudness": 0,
      "loudness_range": 0,
      "low_freq": 12199.2666015625,
      "mid_mean": -69.97345733642578,
      "mid_to_side_loudness": -0.06155753880739212,
      "mid_to_side_loudness_range": 2.7209815979003906,
      "side_mean": -69.97382354736328
    }
  ],
  "bandwidth": 528.3414306640625,
  "channels": 2,
  "covariance": [
    [
      59.779415130615234,
      60.55038070678711,
      32.6343879699707,
      31.57921028137207,
      9.06726360321045,
      16.75112533569336,
      33.69231033325195,
      32.364227294921875,
      35.03791427612305,
      33.70960998535156,
      12.233428001403809,
      14.414191246032715,
      0.3133530616760254,
      0.3720860481262207,
      0.020781226456165314,
      0.019761156290769577,
      0.0060559408739209175,
      0.0056604198180139065
    ],
    [
      60.55038070678711,
      66.4742202758789,
      32.02299118041992,
      31.511823654174805,
      5.449655055999756,
      14.999890327453613,
      29.54586410522461,
      28.47691535949707,
      32.07311248779297,
      31.333202362060547,
      11.540435791015625,
      13.391931533813477,
      0.24932532012462616,
      0.2797136604785919,
      0.01873854734003544,
      0.017495296895503998,
      0.005222441162914038,
      0.004522251896560192
    ],
    [
      32.6343879699707,
      32.02299118041992,
      46.8591423034668,
      32.43171310424805,
      12.38818645477295,
      14.788551330566406,
      32.965694427490234,
      31.431543350219727,
      29.3084659576416,
      30.555099487304688,
      9.993743896484375,
      11.20766544342041,
      0.2479727417230606,
      0.27066415548324585,
      0.019580796360969543,
      0.018085360527038574,
      0.004499281756579876,
      0.0040537407621741295
    ],
    [
      31.57921028137207,
      31.511823654174805,
      32.43171310424805,
      33.03629684448242,
      9.526912689208984,
      10.63270378112793,
      28.772993087768555,
      26.25246810913086,
      24.74721336364746,
      25.85831642150879,
      9.116966247558594,
      10.39123821258545,
      0.27939653396606445,
      0.29929035902023315,
      0.017134059220552444,
      0.01628057472407818,
      0.004445116501301527,
      0.004214399494230747
    ],
    [
      9.06726360321045,
      5.449655055999756,
      12.38818645477295,
      9.526912689208984,
      37.52446746826172,
      31.26694107055664,
      28.710369110107422,
      27.968647003173828,
      31.717227935791016,
      28.205724716186523,
      10.883098602294922,
      14.446771621704102,
      0.46221914887428284,
      0.5343933701515198,
      0.021084150299429893,
      0.021649641916155815,
      0.005592288449406624,
      0.007058451417833567
    ],
    [
      16.75112533569336,
      14.999890327453613,
      14.788551330566406,
      10.63270378112793,
      31.26694107055664,
      41.3851432800293,
      27.618179321289062,
      30.270572662353516,
      33.78045654296875,
      30.86005401611328,
      11.7806978225708,
      14.762243270874023,
      0.40290001034736633,
      0.4693111777305603,
      0.03281683847308159,
      0.03354725241661072,
      0.008591346442699432,
      0.008216517977416515
    ],
    [
      33.69231033325195,
      29.54586410522461,
      32.965694427490234,
      28.772993087768555,
      28.710369110107422,
      27.618179321289062,
      48.971778869628906,
      44.9638786315918,
      43.91301345825195,
      41.770721435546875,
      15.016477584838867,
      19.296104431152344,
      0.5898277759552002,
      0.7050301432609558,
      0.029187718406319618,
      0.028644192963838577,
      0.007849050685763359,
      0.00929330289363861
    ],
    [
      32.364227294921875,
      28.47691535949707,
      31.431543350219727,
      26.25246810913086,
      27.968647003173828,
      30.270572662353516,
      44.9638786315918,
      46.77783203125,
      44.306800842285156,
      41.58156967163086,
      15.351691246032715,
      20.122764587402344,
      0.5993657112121582,
      0.734381914138794,
      0.03125012293457985,
      0.030498582869768143,
      0.00857497937977314,
      0.009381735697388649
    ],
    [
      35.03791427612305,
      32.07311248779297,
      29.3084659576416,
      24.74721336364746,
      31.717227935791016,
      33.78045654296875,
      43.91301345825195,
      44.306800842285156,
      55.46985626220703,
      49.616355895996094,
      19.967771530151367,
      24.863285064697266,
      0.7037827372550964,
      0.8408739566802979,
      0.030972260981798172,
      0.03084922581911087,
      0.008337189443409443,
      0.008627229370176792
    ],
    [
      33.70960998535156,
      31.333202362060547,
      30.555099487304688,
      25.85831642150879,
      28.205724716186523,
      30.86005401611328,
      41.770721435546875,
      41.58156967163086,
      49.616355895996094,
      48.374881744384766,
      19.290449142456055,
      23.512474060058594,
      0.6616787910461426,
      0.7851466536521912,
      0.030816880986094475,
      0.030375640839338303,
      0.00821078009903431,
      0.008048227056860924
    ],
    [
      12.233428001403809,
      11.540435791015625,
      9.993743896484375,
      9.116966247558594,
      10.883098602294922,
      11.7806978225708,
      15.016477584838867,
      15.351691246032715,
      19.967771530151367,
      19.290449142456055,
      10.44296932220459,
      12.013420104980469,
      0.3571180999279022,
      0.4406607747077942,
      0.01172786857932806,
      0.011598481796681881,
      0.002930124755948782,
      0.0027208246756345034
    ],
    [
      14.414191246032715,
      13.391931533813477,
      11.20766544342041,
      10.39123821258545,
      14.446771621704102,
      14.762243270874023,
      19.296104431152344,
      20.122764587402344,
      24.863285064697266,
      23.512474060058594,
      12.013420104980469,
      16.622922897338867,
      0.47699058055877686,
      0.5801973342895508,
      0.011491668410599232,
      0.011415104381740093,
      0.0027454765513539314,
      0.0030552633106708527
    ],
    [
      0.3133530616760254,
      0.24932532012462616,
      0.2479727417230606,
      0.27939653396606445,
      0.46221914887428284,
      0.40290001034736633,
      0.5898277759552002,
      0.5993657112121582,
      0.7037827372550964,
      0.6616787910461426,
      0.3571180999279022,
      0.47699058055877686,
      0.028397737070918083,
      0.03842122107744217,
      0.0005312348948791623,
      0.0005283724749460816,
      0.00011417762289056554,
      0.00014569841732736677
    ],
    [
      0.3720860481262207,
      0.2797136604785919,
      0.27066415548324585,
      0.29929035902023315,
      0.5343933701515198,
      0.4693111777305603,
      0.7050301432609558,
      0.734381914138794,
      0.8408739566802979,
      0.7851466536521912,
      0.4406607747077942,
      0.5801973342895508,
      0.03842122107744217,
      0.05622424557805061,
      0.0007216185331344604,
      0.0007075060275383294,
      0.00015750061720609665,
      0.0001955710322363302
    ],
    [
      0.020781226456165314,
      0.01873854734003544,
      0.019580796360969543,
      0.017134059220552444,
      0.021084150299429893,
      0.03281683847308159,
      0.029187718406319618,
      0.03125012293457985,
      0.030972260981798172,
      0.030816880986094475,
      0.01172786857932806,
      0.011491668410599232,
      0.0005312348948791623,
      0.0007216185331344604,
      7.771514356136322e-05,
      7.502801599912345e-05,
      1.999805863306392e-05,
      1.804131898097694e-05
    ],
    [
      0.019761156290769577,
      0.017495296895503998,
      0.018085360527038574,
      0.01628057472407818,
      0.021649641916155815,
      0.03354725241661072,
      0.028644192963838577,
      0.030498582869768143,
      0.03084922581911087,
      0.030375640839338303,
      0.011598481796681881,
      0.011415104381740093,
      0.0005283724749460816,
      0.0007075060275383294,
      7.502801599912345e-05,
      7.583136903122067e-05,
      1.9843322661472484e-05,
      1.8400816770736128e-05
    ],
    [
      0.0060559408739209175,
      0.005222441162914038,
      0.004499281756579876,
      0.004445116501301527,
      0.005592288449406624,
      0.008591346442699432,
      0.007849050685763359,
      0.00857497937977314,
      0.008337189443409443,
      0.00821078009903431,
      0.002930124755948782,
      0.0027454765513539314,
      0.00011417762289056554,
      0.00015750061720609665,
      1.999805863306392e-05,
      1.9843322661472484e-05,
      8.249890015576966e-06,
      5.714240614906885e-06
    ],
    [
      0.0056604198180139065,
      0.004522251896560192,
      0.0040537407621741295,
      0.004214399494230747,
      0.007058451417833567,
      0.008216517977416515,
      0.00929330289363861,
      0.009381735697388649,
      0.008627229370176792,
      0.008048227056860924,
      0.0027208246756345034,
      0.0030552633106708527,
      0.00014569841732736677,
      0.0001955710322363302,
      1.804131898097694e-05,
      1.8400816770736128e-05,
      5.714240614906885e-06,
      7.844239007681608e-06
    ]
  ],
  "covariance_short": [
    [
      27.139129638671875,
      14.205276489257812,
      14.469400405883789,
      13.992690086364746,
      9.194375991821289,
      11.63482666015625,
      18.679506301879883,
      18.11490821838379,
      18.158578872680664,
      17.235349655151367,
      6.463817596435547,
      7.451528549194336,
      0.26954591274261475,
      0.32031065225601196,
      0.014149134047329426,
      0.013431931845843792,
      0.0034641751553863287,
      0.002900738036260009
    ],
    [
      14.205276489257812,
      13.474035263061523,
      8.493233680725098,
      9.539084434509277,
      3.2689356803894043,
      5.75527811050415,
      9.593664169311523,
      9.388740539550781,
      9.239901542663574,
      9.00302505493164,
      3.339604139328003,
      3.5504283905029297,
      0.08760923892259598,
      0.10853538662195206,
      0.008194989524781704,
      0.007682630326598883,
      0.0026808930560946465,
      0.0012079636799171567
    ],
    [
      14.469400405883789,
      8.493233680725098,
      51.91474914550781,
      31.965368270874023,
      16.468297958374023,
      16.101579666137695,
      24.79177474975586,
      26.268362045288086,
      27.691951751708984,
      29.54062843322754,
      9.266051292419434,
      10.111727714538574,
      0.24878564476966858,
      0.26964253187179565,
      0.01360585168004036,
      0.01234203577041626,
      0.0027526672929525375,
      0.002923569642007351
    ],
    [
      13.992690086364746,
      9.539084434509277,
      31.965368270874023,
      34.999507904052734,
      13.270774841308594,
      13.068818092346191,
      21.941997528076172,
      21.545391082763672,
      22.27347755432129,
      23.935443878173828,
      7.941008567810059,
      8.99216079711914,
      0.26849308609962463,
      0.2794308364391327,
      0.014500836841762066,
      0.013447297737002373,
      0.0034462055191397667,
      0.003400268265977502
    ],
    [
      9.194375991821289,
      3.2689356803894043,
      16.468297958374023,
      13.270774841308594,
      40.0342903137207,
      32.807064056396484,
      22.69769859313965,
      26.027854919433594,
      32.66841506958008,
      30.618295669555664,
      12.78640365600586,
      16.50600242614746,
      0.4296879172325134,
      0.4832257032394409,
      0.024187477305531502,
      0.023926159366965294,
      0.007095551583915949,
      0.0075018517673015594
    ],
    [
      11.63482666015625,
      5.75527811050415,
      16.101579666137695,
      13.068818092346191,
      32.807064056396484,
      47.140380859375,
      26.18462562561035,
      31.464027404785156,
      35.77326202392578,
      32.75607681274414,
      12.785636901855469,
      15.821615219116211,
      0.4261072874069214,
      0.49747806787490845,
      0.032803792506456375,
      0.03293119743466377,
      0.008780048228800297,
      0.007648588623851538
    ],
    [
      18.679506301879883,
      9.593664169311523,
      24.79177474975586,
      21.941997528076172,
      22.69769859313965,
      26.18462562561035,
      58.03024673461914,
      47.52405548095703,
      44.485965728759766,
      40.440223693847656,
      14.184868812561035,
      18.87013053894043,
      0.6363919377326965,
      0.7303304672241211,
      0.02515566721558571,
      0.024836810305714607,
      0.0065733036026358604,
      0.0075180563144385815
    ],
    [
      18.11490821838379,
      9.388740539550781,
      26.268362045288086,
      21.545391082763672,
      26.027854919433594,
      31.464027404785156,
      47.52405548095703,
      51.33598709106445,
      45.190059661865234,
      41.65831756591797,
      15.229251861572266,
      20.213504791259766,
      0.6520215272903442,
      0.7823867201805115,
      0.032341524958610535,
      0.03170161694288254,
      0.008378436788916588,
      0.00855311006307602
    ],
    [
      18.158578872680664,
      9.239901542663574,
      27.691951751708984,
      22.27347755432129,
      32.66841506958008,
      35.77326202392578,
      44.485965728759766,
      45.190059661865234,
      55.127593994140625,
      48.381553649902344,
      19.719573974609375,
      25.029396057128906,
      0.7476524114608765,
      0.8683459758758545,
      0.031661324203014374,
      0.0312960259616375,
      0.00806739367544651,
      0.008269346319139004
    ],
    [
      17.235349655151367,
      9.00302505493164,
      29.54062843322754,
      23.935443878173828,
      30.618295669555664,
      32.75607681274414,
      40.440223693847656,
      41.65831756591797,
      48.381553649902344,
      48.33501434326172,
      18.76209259033203,
      23.102184295654297,
      0.6956360340118408,
      0.8088533878326416,
      0.02939598076045513,
      0.028953082859516144,
      0.007386221084743738,
      0.007061008829623461
    ],
    [
      6.463817596435547,
      3.339604139328003,
      9.266051292419434,
      7.941008567810059,
      12.78640365600586,
      12.785636901855469,
      14.184868812561035,
      15.229251861572266,
      19.719573974609375,
      18.76209259033203,
      10.827471733093262,
      12.150422096252441,
      0.4026747941970825,
      0.4772234857082367,
      0.01304865162819624,
      0.012935193255543709,
      0.003191376570612192,
      0.002938125981017947
    ],
    [
      7.451528549194336,
      3.5504283905029297,
      10.111727714538574,
      8.99216079711914,
      16.50600242614746,
      15.821615219116211,
      18.87013053894043,
      20.213504791259766,
      25.029396057128906,
      23.102184295654297,
      12.150422096252441,
      17.484315872192383,
      0.513917088508606,
      0.6005683541297913,
      0.012411899864673615,
      0.012235300615429878,
      0.0028787346091121435,
      0.0031599148642271757
    ],
    [
      0.26954591274261475,
      0.08760923892259598,
      0.24878564476966858,
      0.26849308609962463,
      0.4296879172325134,
      0.4261072874069214,
      0.6363919377326965,
      0.6520215272903442,
      0.7476524114608765,
      0.6956360340118408,
      0.4026747941970825,
      0.513917088508606,
      0.04562433063983917,
      0.05511433631181717,
      0.0010238814866170287,
      0.0010352623648941517,
      0.0002266579685965553,
      0.0002631720853969455
    ],
    [
      0.32031065225601196,
      0.10853538662195206,
      0.26964253187179565,
      0.2794308364391327,
      0.4832257032394409,
      0.49747806787490845,
      0.7303304672241211,
      0.7823867201805115,
      0.8683459758758545,
      0.8088533878326416,
      0.4772234857082367,
      0.6005683541297913,
      0.05511433631181717,
      0.07812786102294922,
      0.0011983304284512997,
      0.0012238044291734695,
      0.0002559925487730652,
      0.0002864828275050968
    ],
    [
      0.014149134047329426,
      0.008194989524781704,
      0.01360585168004036,
      0.014500836841762066,
      0.024187477305531502,
      0.032803792506456375,
      0.02515566721558571,
      0.032341524958610535,
      0.031661324203014374,
      0.02939598076045513,
      0.01304865162819624,
      0.012411899864673615,
      0.0010238814866170287,
      0.0011983304284512997,
      0.00020573996880557388,
      0.00019249577599111944,
      5.252904156805016e-05,
      4.8521149437874556e-05
    ],
    [
      0.013431931845843792,
      0.007682630326598883,
      0.01234203577041626,
      0.013447297737002373,
      0.023926159366965294,
      0.03293119743466377,
      0.024836810305714607,
      0.03170161694288254,
      0.0312960259616375,
      0.028953082859516144,
      0.012935193255543709,
      0.012235300615429878,
      0.0010352623648941517,
      0.0012238044291734695,
      0.00019249577599111944,
      0.00021219186601229012,
      5.330361454980448e-05,
      5.047955346526578e-05
    ],
    [
      0.0034641751553863287,
      0.0026808930560946465,
      0.0027526672929525375,
      0.0034462055191397667,
      0.007095551583915949,
      0.008780048228800297,
      0.0065733036026358604,
      0.008378436788916588,
      0.00806739367544651,
      0.007386221084743738,
      0.003191376570612192,
      0.0028787346091121435,
      0.0002266579685965553,
      0.0002559925487730652,
      5.252904156805016e-05,
      5.330361454980448e-05,
      3.2083375117508695e-05,
      1.5213779988698661e-05
    ],
    [
      0.002900738036260009,
      0.0012079636799171567,
      0.002923569642007351,
      0.003400268265977502,
      0.0075018517673015594,
      0.007648588623851538,
      0.0075180563144385815,
      0.00855311006307602,
      0.008269346319139004,
      0.007061008829623461,
      0.002938125981017947,
      0.0031599148642271757,
      0.0002631720853969455,
      0.0002864828275050968,
      4.8521149437874556e-05,
      5.047955346526578e-05,
      1.5213779988698661e-05,
      3.0487361073028296e-05
    ]
  ],
  "damage": -21.797332763671875,
  "diff_bandwidth": 548.1641845703125,
  "dissonance": 3.6864327366870944,
  "drr": 4.93646240234375,
  "dynamics": 4.3793044090271,
  "format": 1245190,
  "frames": 2072512,
  "loudness": -32.04715347290039,
  "loudness_range": 16.007577896118164,
  "loudness_range_short": 16.896947860717773,
  "lowpass_true_peak_15khz": -14.208135604858398,
  "mastering3_acoustic_entropies": [
    {
      "acoustic_entropy": 6.488734722137451,
      "acoustic_entropy_mono": 6.233870983123779,
      "band_eliminated_acoustic_entropies": [
        {
          "acoustic_entropy": 6.488257884979248,
          "acoustic_entropy_side": 6.488708972930908,
          "hz": 129.47220167065723
        },
        {
          "acoustic_entropy": 6.709042549133301,
          "acoustic_entropy_side": 6.535394668579102,
          "hz": 202.92927478742237
        },
        {
          "acoustic_entropy": 6.641791343688965,
          "acoustic_entropy_side": 6.545340538024902,
          "hz": 282.89161906338205
        },
        {
          "acoustic_entropy": 6.668099403381348,
          "acoustic_entropy_side": 6.544823169708252,
          "hz": 369.9353335868758
        },
        {
          "acoustic_entropy": 6.037112236022949,
          "acoustic_entropy_side": 6.616002559661865,
          "hz": 464.6875360973435
        },
        {
          "acoustic_entropy": 6.398199558258057,
          "acoustic_entropy_side": 6.96634578704834,
          "hz": 567.8308811364784
        },
        {
          "acoustic_entropy": 5.955097675323486,
          "acoustic_entropy_side": 7.268012523651123,
          "hz": 680.1084783214808
        },
        {
          "acoustic_entropy": 6.416090965270996,
          "acoustic_entropy_side": 6.830199241638184,
          "hz": 802.3292461747484
        },
        {
          "acoustic_entropy": 6.0177507400512695,
          "acoustic_entropy_side": 6.306153774261475,
          "hz": 935.3737400823702
        },
        {
          "acoustic_entropy": 6.585693359375,
          "acoustic_entropy_side": 6.494649887084961,
          "hz": 1080.2004963696966
        },
        {
          "acoustic_entropy": 6.51700496673584,
          "acoustic_entropy_side": 6.492153167724609,
          "hz": 1237.8529382007157
        },
        {
          "acoustic_entropy": 6.527270317077637,
          "acoustic_entropy_side": 6.498202800750732,
          "hz": 1409.4668930556702
        },
        {
          "acoustic_entropy": 6.527588844299316,
          "acoustic_entropy_side": 6.5070390701293945,
          "hz": 1596.2787759475705
        },
        {
          "acoustic_entropy": 6.478566646575928,
          "acoustic_entropy_side": 6.488476753234863,
          "hz": 1799.6344973346393
        },
        {
          "acoustic_entropy": 6.494682788848877,
          "acoustic_entropy_side": 6.491480350494385,
          "hz": 2020.9991599069049
        },
        {
          "acoustic_entropy": 6.48936128616333,
          "acoustic_entropy_side": 6.490168571472168,
          "hz": 2261.9676141086993
        },
        {
          "acoustic_entropy": 6.488746166229248,
          "acoustic_entropy_side": 6.488868713378906,
          "hz": 2524.2759484456974
        },
        {
          "acoustic_entropy": 6.489109039306641,
          "acoustic_entropy_side": 6.489588260650635,
          "hz": 2809.813997359896
        },
        {
          "acoustic_entropy": 6.489200592041016,
          "acoustic_entropy_side": 6.489274978637695,
          "hz": 3120.6389567871424
        },
        {
          "acoustic_entropy": 6.488910675048828,
          "acoustic_entropy_side": 6.488906383514404,
          "hz": 3458.990205492291
        },
        {
          "acoustic_entropy": 6.488736152648926,
          "acoustic_entropy_side": 6.488735198974609,
          "hz": 3827.305438964164
        },
        {
          "acoustic_entropy": 6.488734245300293,
          "acoustic_entropy_side": 6.488735198974609,
          "hz": 4228.238232109126
        },
        {
          "acoustic_entropy": 6.488733768463135,
          "acoustic_entropy_side": 6.488733768463135,
          "hz": 4664.6771572759235
        },
        {
          "acoustic_entropy": 6.488734722137451,
          "acoustic_entropy_side": 6.488734722137451,
          "hz": 5139.766595350093
        },
        {
          "acoustic_entropy": 6.488734722137451,
          "acoustic_entropy_side": 6.488734722137451,
          "hz": 5656.929389854203
        },
        {
          "acoustic_entropy": 6.488735198974609,
          "acoustic_entropy_side": 6.488735198974609,
          "hz": 6219.891507268283
        },
        {
          "acoustic_entropy": 6.488734722137451,
          "acoustic_entropy_side": 6.488734722137451,
          "hz": 6832.70888123896
        },
        {
          "acoustic_entropy": 6.488734722137451,
          "acoustic_entropy_side": 6.488734722137451,
          "hz": 7499.796634079867
        },
        {
          "acoustic_entropy": 6.488734722137451,
          "acoustic_entropy_side": 6.488734722137451,
          "hz": 8225.96088609342
        },
        {
          "acoustic_entropy": 6.488734722137451,
          "acoustic_entropy_side": 6.488734722137451,
          "hz": 9016.43338188839
        },
        {
          "acoustic_entropy": 6.488734722137451,
          "acoustic_entropy_side": 6.488734722137451,
          "hz": 9876.909183162974
        },
        {
          "acoustic_entropy": 6.488734722137451,
          "acoustic_entropy_side": 6.488734722137451,
          "hz": 10813.587699516042
        },
        {
          "acoustic_entropy": 6.488734722137451,
          "acoustic_entropy_side": 6.488734722137451,
          "hz": 11833.21735289826
        },
        {
          "acoustic_entropy": 6.488734722137451,
          "acoustic_entropy_side": 6.488734722137451,
          "hz": 12943.144197493959
        },
        {
          "acoustic_entropy": 6.488734722137451,
          "acoustic_entropy_side": 6.488734722137451,
          "hz": 14151.364845322005
        },
        {
          "acoustic_entropy": 6.488734722137451,
          "acoustic_entropy_side": 6.488734722137451,
          "hz": 15466.58407886509
        },
        {
          "acoustic_entropy": 6.488734722137451,
          "acoustic_entropy_side": 6.488734722137451,
          "hz": 16898.27756580493
        },
        {
          "acoustic_entropy": 6.488734722137451,
          "acoustic_entropy_side": 6.488734722137451,
          "hz": 18456.760127700032
        },
        {
          "acoustic_entropy": 6.488734722137451,
          "acoustic_entropy_side": 6.488734722137451,
          "hz": 20153.260054456492
        },
        {
          "acoustic_entropy": 6.488734722137451,
          "acoustic_entropy_side": 6.488734722137451,
          "hz": 22000.00000000001
        }
      ],
      "diff_acoustic_entropy": 5.400045871734619,
      "sn": 6
    },
    {
      "acoustic_entropy": 9.226926803588867,
      "acoustic_entropy_mono": 7.658150672912598,
      "band_eliminated_acoustic_entropies": [
        {
          "acoustic_entropy": 9.225796699523926,
          "acoustic_entropy_side": 9.226829528808594,
          "hz": 129.47220167065723
        },
        {
          "acoustic_entropy": 9.153796195983887,
          "acoustic_entropy_side": 9.147834777832031,
          "hz": 202.92927478742237
        },
        {
          "acoustic_entropy": 9.062165260314941,
          "acoustic_entropy_side": 9.1790132522583,
          "hz": 282.89161906338205
        },
        {
          "acoustic_entropy": 10.10481071472168,
          "acoustic_entropy_side": 9.228175163269043,
          "hz": 369.9353335868758
        },
        {
          "acoustic_entropy": 9.109999656677246,
          "acoustic_entropy_side": 8.934037208557129,
          "hz": 464.6875360973435
        },
        {
          "acoustic_entropy": 9.3724365234375,
          "acoustic_entropy_side": 9.966058731079102,
          "hz": 567.8308811364784
        },
        {
          "acoustic_entropy": 9.21091079711914,
          "acoustic_entropy_side": 10.300670623779297,
          "hz": 680.1084783214808
        },
        {
          "acoustic_entropy": 9.391369819641113,
          "acoustic_entropy_side": 9.690329551696777,
          "hz": 802.3292461747484
        },
        {
          "acoustic_entropy": 7.715054988861084,
          "acoustic_entropy_side": 9.050979614257812,
          "hz": 935.3737400823702
        },
        {
          "acoustic_entropy": 9.22164249420166,
          "acoustic_entropy_side": 9.205375671386719,
          "hz": 1080.2004963696966
        },
        {
          "acoustic_entropy": 9.125358581542969,
          "acoustic_entropy_side": 9.183366775512695,
          "hz": 1237.8529382007157
        },
        {
          "acoustic_entropy": 9.09218978881836,
          "acoustic_entropy_side": 9.062438011169434,
          "hz": 1409.4668930556702
        },
        {
          "acoustic_entropy": 9.029789924621582,
          "acoustic_entropy_side": 9.139667510986328,
          "hz": 1596.2787759475705
        },
        {
          "acoustic_entropy": 9.180196762084961,
          "acoustic_entropy_side": 9.135387420654297,
          "hz": 1799.6344973346393
        },
        {
          "acoustic_entropy": 9.224837303161621,
          "acoustic_entropy_side": 9.146349906921387,
          "hz": 2020.9991599069049
        },
        {
          "acoustic_entropy": 9.213824272155762,
          "acoustic_entropy_side": 9.219587326049805,
          "hz": 2261.9676141086993
        },
        {
          "acoustic_entropy": 9.21689224243164,
          "acoustic_entropy_side": 9.21521282196045,
          "hz": 2524.2759484456974
        },
        {
          "acoustic_entropy": 9.249024391174316,
          "acoustic_entropy_side": 9.244439125061035,
          "hz": 2809.813997359896
        },
        {
          "acoustic_entropy": 9.236523628234863,
          "acoustic_entropy_side": 9.238154411315918,
          "hz": 3120.6389567871424
        },
        {
          "acoustic_entropy": 9.230245590209961,
          "acoustic_entropy_side": 9.230401992797852,
          "hz": 3458.990205492291
        },
        {
          "acoustic_entropy": 9.22681713104248,
          "acoustic_entropy_side": 9.22679328918457,
          "hz": 3827.305438964164
        },
        {
          "acoustic_entropy": 9.226944923400879,
          "acoustic_entropy_side": 9.22693157196045,
          "hz": 4228.238232109126
        },
        {
          "acoustic_entropy": 9.226934432983398,
          "acoustic_entropy_side": 9.22693157196045,
          "hz": 4664.6771572759235
        },
        {
          "acoustic_entropy": 9.226927757263184,
          "acoustic_entropy_side": 9.226927757263184,
          "hz": 5139.766595350093
        },
        {
          "acoustic_entropy": 9.226927757263184,
          "acoustic_entropy_side": 9.226926803588867,
          "hz": 5656.929389854203
        },
        {
          "acoustic_entropy": 9.226923942565918,
          "acoustic_entropy_side": 9.226922988891602,
          "hz": 6219.891507268283
        },
        {
          "acoustic_entropy": 9.226927757263184,
          "acoustic_entropy_side": 9.226927757263184,
          "hz": 6832.70888123896
        },
        {
          "acoustic_entropy": 9.226926803588867,
          "acoustic_entropy_side": 9.226926803588867,
          "hz": 7499.796634079867
        },
        {
          "acoustic_entropy": 9.226926803588867,
          "acoustic_entropy_side": 9.226926803588867,
          "hz": 8225.96088609342
        },
        {
          "acoustic_entropy": 9.226926803588867,
          "acoustic_entropy_side": 9.226926803588867,
          "hz": 9016.43338188839
        },
        {
          "acoustic_entropy": 9.226926803588867,
          "acoustic_entropy_side": 9.226926803588867,
          "hz": 9876.909183162974
        },
        {
          "acoustic_entropy": 9.226926803588867,
          "acoustic_entropy_side": 9.226926803588867,
          "hz": 10813.587699516042
        },
        {
          "acoustic_entropy": 9.226926803588867,
          "acoustic_entropy_side": 9.226926803588867,
          "hz": 11833.21735289826
        },
        {
          "acoustic_entropy": 9.226926803588867,
          "acoustic_entropy_side": 9.226926803588867,
          "hz": 12943.144197493959
        },
        {
          "acoustic_entropy": 9.226926803588867,
          "acoustic_entropy_side": 9.226926803588867,
          "hz": 14151.364845322005
        },
        {
          "acoustic_entropy": 9.226926803588867,
          "acoustic_entropy_side": 9.226926803588867,
          "hz": 15466.58407886509
        },
        {
          "acoustic_entropy": 9.226926803588867,
          "acoustic_entropy_side": 9.226926803588867,
          "hz": 16898.27756580493
        },
        {
          "acoustic_entropy": 9.226926803588867,
          "acoustic_entropy_side": 9.226926803588867,
          "hz": 18456.760127700032
        },
        {
          "acoustic_entropy": 9.226926803588867,
          "acoustic_entropy_side": 9.226926803588867,
          "hz": 20153.260054456492
        },
        {
          "acoustic_entropy": 9.226926803588867,
          "acoustic_entropy_side": 9.226926803588867,
          "hz": 22000.00000000001
        }
      ],
      "diff_acoustic_entropy": 7.22048807144165,
      "sn": 12
    },
    {
      "acoustic_entropy": 13.620214462280273,
      "acoustic_entropy_mono": 11.92119026184082,
      "band_eliminated_acoustic_entropies": [
        {
          "acoustic_entropy": 13.578522682189941,
          "acoustic_entropy_side": 13.62076473236084,
          "hz": 129.47220167065723
        },
        {
          "acoustic_entropy": 12.971582412719727,
          "acoustic_entropy_side": 13.512733459472656,
          "hz": 202.92927478742237
        },
        {
          "acoustic_entropy": 13.181382179260254,
          "acoustic_entropy_side": 13.034872055053711,
          "hz": 282.89161906338205
        },
        {
          "acoustic_entropy": 13.56102466583252,
          "acoustic_entropy_side": 13.811447143554688,
          "hz": 369.9353335868758
        },
        {
          "acoustic_entropy": 13.524261474609375,
          "acoustic_entropy_side": 13.607736587524414,
          "hz": 464.6875360973435
        },
        {
          "acoustic_entropy": 13.894427299499512,
          "acoustic_entropy_side": 14.07149887084961,
          "hz": 567.8308811364784
        },
        {
          "acoustic_entropy": 12.350897789001465,
          "acoustic_entropy_side": 14.351408004760742,
          "hz": 680.1084783214808
        },
        {
          "acoustic_entropy": 14.225577354431152,
          "acoustic_entropy_side": 13.809541702270508,
          "hz": 802.3292461747484
        },
        {
          "acoustic_entropy": 13.438153266906738,
          "acoustic_entropy_side": 13.147886276245117,
          "hz": 935.3737400823702
        },
        {
          "acoustic_entropy": 13.253989219665527,
          "acoustic_entropy_side": 13.524353981018066,
          "hz": 1080.2004963696966
        },
        {
          "acoustic_entropy": 13.722625732421875,
          "acoustic_entropy_side": 13.830761909484863,
          "hz": 1237.8529382007157
        },
        {
          "acoustic_entropy": 13.527769088745117,
          "acoustic_entropy_side": 13.513442993164062,
          "hz": 1409.4668930556702
        },
        {
          "acoustic_entropy": 13.615736961364746,
          "acoustic_entropy_side": 13.686650276184082,
          "hz": 1596.2787759475705
        },
        {
          "acoustic_entropy": 13.36221694946289,
          "acoustic_entropy_side": 13.690244674682617,
          "hz": 1799.6344973346393
        },
        {
          "acoustic_entropy": 13.628491401672363,
          "acoustic_entropy_side": 13.692543029785156,
          "hz": 2020.9991599069049
        },
        {
