{
  "acoustic_entropy": 120.07789611816406,
  "bands": [
    {
      "high_freq": 148.1999969482422,
      "loudness": -30.189931869506836,
      "loudness_range": 16.76974868774414,
      "mid_mean": -28.6632137298584,
      "mid_to_side_loudness": -3.5457515716552734,
      "mid_to_side_loudness_range": 11.330028533935547,
      "side_mean": -32.22600173950195
    },
    {
      "high_freq": 392.3793640136719,
      "loudness": -21.399625778198242,
      "loudness_range": 12.837600708007812,
      "low_freq": 148.1999969482422,
      "mid_mean": -18.751428604125977,
      "mid_to_side_loudness": -8.092399597167969,
      "mid_to_side_loudness_range": 16.697904586791992,
      "side_mean": -27.051977157592773
    },
    {
      "high_freq": 794.6976318359375,
      "loudness": -25.936365127563477,
      "loudness_range": 22.73151206970215,
      "low_freq": 392.3793640136719,
      "mid_mean": -23.517549514770508,
      "mid_to_side_loudness": -8.729393005371094,
      "mid_to_side_loudness_range": 21.56328773498535,
      "side_mean": -32.67960739135742
    },
    {
      "high_freq": 1457.5709228515625,
      "loudness": -33.91391372680664,
      "loudness_range": 19.162094116210938,
      "low_freq": 794.6976318359375,
      "mid_mean": -31.173547744750977,
      "mid_to_side_loudness": -9.051450729370117,
      "mid_to_side_loudness_range": 18.235807418823242,
      "side_mean": -40.5157356262207
    },
    {
      "high_freq": 2549.74365234375,
      "loudness": -35.57774353027344,
      "loudness_range": 11.540952682495117,
      "low_freq": 1457.5709228515625,
      "mid_mean": -32.80005645751953,
      "mid_to_side_loudness": -8.125088691711426,
      "mid_to_side_loudness_range": 16.846393585205078,
      "side_mean": -41.23139953613281
    },
    {
      "high_freq": 4349.24462890625,
      "loudness": -40.10141372680664,
      "loudness_range": 14.115493774414062,
      "low_freq": 2549.74365234375,
      "mid_mean": -37.53267288208008,
      "mid_to_side_loudness": -7.895437717437744,
      "mid_to_side_loudness_range": 17.614944458007812,
      "side_mean": -45.69605255126953
    },
    {
      "high_freq": 7314.1640625,
      "loudness": -44.36670684814453,
      "loudness_range": 20.32698631286621,
      "low_freq": 4349.24462890625,
      "mid_mean": -41.88353729248047,
      "mid_to_side_loudness": -7.856863975524902,
      "mid_to_side_loudness_range": 18.222511291503906,
      "side_mean": -51.02416229248047
    },
    {
      "high_freq": 12199.2666015625,
      "loudness": -46.16233825683594,
      "loudness_range": 21.648496627807617,
      "low_freq": 7314.1640625,
      "mid_mean": -43.12812042236328,
      "mid_to_side_loudness": -12.051549911499023,
      "mid_to_side_loudness_range": 20.821943283081055,
      "side_mean": -56.22044372558594
    },
    {
      "loudness": -51.37215042114258,
      "loudness_range": 18.811767578125,
      "low_freq": 12199.2666015625,
      "mid_mean": -48.90613555908203,
      "mid_to_side_loudness": -14.368518829345703,
      "mid_to_side_loudness_range": 21.55615997314453,
      "side_mean": -62.406192779541016
    }
  ],
  "bands_short": [
    {
      "high_freq": 148.1999969482422,
      "loudness": -36.909019470214844,
      "loudness_range": 23.906753540039062,
      "mid_mean": -35.49006271362305,
      "mid_to_side_loudness": -3.7499403953552246,
      "mid_to_side_loudness_range": 18.412691116333008,
      "side_mean": -39.18546676635742
    },
    {
      "high_freq": 392.3793640136719,
      "loudness": -22.068546295166016,
      "loudness_range": 14.03281021118164,
      "low_freq": 148.1999969482422,
      "mid_mean": -19.73773193359375,
      "mid_to_side_loudness": -6.6669511795043945,
      "mid_to_side_loudness_range": 16.552457809448242,
      "side_mean": -26.585468292236328
    },
    {
      "high_freq": 794.6976318359375,
      "loudness": -25.707012176513672,
      "loudness_range": 23.386138916015625,
      "low_freq": 392.3793640136719,
      "mid_mean": -23.367036819458008,
      "mid_to_side_loudness": -8.709529876708984,
      "mid_to_side_loudness_range": 23.379789352416992,
      "side_mean": -32.650638580322266
    },
    {
      "high_freq": 1457.5709228515625,
      "loudness": -34.0177001953125,
      "loudness_range": 22.038808822631836,
      "low_freq": 794.6976318359375,
      "mid_mean": -31.481243133544922,
      "mid_to_side_loudness": -8.591781616210938,
      "mid_to_side_loudness_range": 20.018817901611328,
      "side_mean": -40.376136779785156
    },
    {
      "high_freq": 2549.74365234375,
      "loudness": -36.53346633911133,
      "loudness_range": 14.208244323730469,
      "low_freq": 1457.5709228515625,
      "mid_mean": -33.8869743347168,
      "mid_to_side_loudness": -7.835960865020752,
      "mid_to_side_loudness_range": 17.223033905029297,
      "side_mean": -42.048667907714844
    },
    {
      "high_freq": 4349.24462890625,
      "loudness": -41.56195068359375,
      "loudness_range": 16.816190719604492,
      "low_freq": 2549.74365234375,
      "mid_mean": -39.024112701416016,
      "mid_to_side_loudness": -7.833472728729248,
      "mid_to_side_loudness_range": 18.01227378845215,
      "side_mean": -47.157474517822266
    },
    {
      "high_freq": 7314.1640625,
      "loudness": -46.92581558227539,
      "loudness_range": 20.617889404296875,
      "low_freq": 4349.24462890625,
      "mid_mean": -44.37959289550781,
      "mid_to_side_loudness": -8.41102409362793,
      "mid_to_side_loudness_range": 19.13966178894043,
      "side_mean": -53.85928726196289
    },
    {
      "high_freq": 12199.2666015625,
      "loudness": -48.035011291503906,
      "loudness_range": 18.692668914794922,
      "low_freq": 7314.1640625,
      "mid_mean": -45.25896072387695,
      "mid_to_side_loudness": -12.433252334594727,
      "mid_to_side_loudness_range": 21.008953094482422,
      "side_mean": -58.515472412109375
    },
    {
      "loudness": -52.5854377746582,
      "loudness_range": 19.027408599853516,
      "low_freq": 12199.2666015625,
      "mid_mean": -51.59535598754883,
      "mid_to_side_loudness": -14.092683792114258,
      "mid_to_side_loudness_range": 22.015689849853516,
      "side_mean": -63.44450378417969
    }
  ],
  "bandwidth": 482.6878967285156,
  "channels": 2,
  "covariance": [
    [
      43.99411392211914,
      26.59788703918457,
      4.917670249938965,
      -10.266885757446289,
      -1.884950041770935,
      -8.278751373291016,
      2.5349414348602295,
      -8.892273902893066,
      -2.1458089351654053,
      -17.27019691467285,
      -3.508786916732788,
      -18.03282928466797,
      -4.632612228393555,
      -13.97923755645752,
      -1.5799236297607422,
      -7.3309502601623535,
      -3.216979742050171,
      -6.999260425567627
    ],
    [
      26.59788703918457,
      40.37929916381836,
      3.844949245452881,
      12.67741584777832,
      -3.0121984481811523,
      12.455482482910156,
      4.361907958984375,
      12.898987770080566,
      1.0162941217422485,
      7.907167434692383,
      -3.4204583168029785,
      6.838677406311035,
      -4.113195419311523,
      9.234728813171387,
      -1.587964653968811,
      6.54485559463501,
      -1.548416256904602,
      2.4393131732940674
    ],
    [
      4.917670249938965,
      3.844949245452881,
      27.5439453125,
      13.473528861999512,
      -0.3220551609992981,
      2.0710480213165283,
      5.554898738861084,
      3.721740961074829,
      1.7786937952041626,
      2.1774556636810303,
      2.188263416290283,
      2.551274061203003,
      1.4004660844802856,
      7.727900981903076,
      5.791386127471924,
      7.260688781738281,
      18.02122688293457,
      6.956599235534668
    ],
    [
      -10.266885757446289,
      12.67741584777832,
      13.473528861999512,
      36.98942184448242,
      -4.511585235595703,
      19.932153701782227,
      -1.06438410282135,
      21.135868072509766,
      3.7971010208129883,
      24.857568740844727,
      2.067560911178589,
      25.508502960205078,
      2.3590590953826904,
      31.08307456970215,
      1.8792533874511719,
      20.864587783813477,
      9.83189582824707,
      14.404671669006348
    ],
    [
      -1.884950041770935,
      -3.0121984481811523,
      -0.3220551609992981,
      -4.511585235595703,
      84.02938842773438,
      23.162548065185547,
      43.33176803588867,
      13.177107810974121,
      8.934711456298828,
      -0.7687749862670898,
      12.042460441589355,
      -1.6107957363128662,
      11.723302841186523,
      6.6897873878479,
      14.574823379516602,
      2.929264783859253,
      21.82725715637207,
      1.0641652345657349
    ],
    [
      -8.278751373291016,
      12.455482482910156,
      2.0710480213165283,
      19.932153701782227,
      23.162548065185547,
      35.420372009277344,
      11.278590202331543,
      22.033531188964844,
      4.473371982574463,
      20.400014877319336,
      1.8841313123703003,
      18.380245208740234,
      2.9307944774627686,
      24.689626693725586,
      2.565403461456299,
      14.01706314086914,
      7.629302024841309,
      8.898871421813965
    ],
    [
      2.5349414348602295,
      4.361907958984375,
      5.554898738861084,
      -1.06438410282135,
      43.33176803588867,
      11.278590202331543,
      47.89926528930664,
      16.045522689819336,
      15.39991283416748,
      3.8148181438446045,
      12.991127014160156,
      3.47175931930542,
      13.265400886535645,
      5.613705158233643,
      16.512693405151367,
      4.658935546875,
      21.819541931152344,
      1.9097687005996704
    ],
    [
      -8.892273902893066,
      12.898987770080566,
      3.721740961074829,
      21.135868072509766,
      13.177107810974121,
      22.033531188964844,
      16.045522689819336,
      36.27211380004883,
      8.376548767089844,
      26.157487869262695,
      5.121936798095703,
      25.249046325683594,
      7.182640075683594,
      30.577077865600586,
      4.295287609100342,
      19.161602020263672,
      10.538503646850586,
      11.441346168518066
    ],
    [
      -2.1458089351654053,
      1.0162941217422485,
      1.7786937952041626,
      3.7971010208129883,
      8.934711456298828,
      4.473371982574463,
      15.39991283416748,
      8.376548767089844,
      19.74454116821289,
      11.03235149383545,
      12.071856498718262,
      10.437314987182617,
      14.308244705200195,
      13.131031036376953,
      13.787677764892578,
      12.406335830688477,
      15.542827606201172,
      8.147289276123047
    ],
    [
      -17.27019691467285,
      7.907167434692383,
      2.1774556636810303,
      24.857568740844727,
      -0.7687749862670898,
      20.400014877319336,
      3.8148181438446045,
      26.157487869262695,
      11.03235149383545,
      37.32451629638672,
      6.557007312774658,
      35.55434799194336,
      10.519281387329102,
      40.63654708862305,
      4.819046974182129,
      26.725727081298828,
      8.561325073242188,
      16.92006492614746
    ],
    [
      -3.508786916732788,
      -3.4204583168029785,
      2.188263416290283,
      2.067560911178589,
      12.042460441589355,
      1.8841313123703003,
      12.991127014160156,
      5.121936798095703,
      12.071856498718262,
      6.557007312774658,
      26.86630630493164,
      14.194902420043945,
      26.501710891723633,
      18.271759033203125,
      23.0003604888916,
      18.046499252319336,
      20.59197425842285,
      10.743142127990723
    ],
    [
      -18.03282928466797,
      6.838677406311035,
      2.551274061203003,
      25.508502960205078,
      -1.6107957363128662,
      18.380245208740234,
      3.47175931930542,
      25.249046325683594,
      10.437314987182617,
      35.55434799194336,
      14.194902420043945,
      46.53764343261719,
      18.816431045532227,
      50.35380554199219,
      9.261530876159668,
      35.00814437866211,
      10.895648956298828,
      21.951677322387695
    ],
    [
      -4.632612228393555,
      -4.113195419311523,
      1.4004660844802856,
      2.3590590953826904,
      11.723302841186523,
      2.9307944774627686,
      13.265400886535645,
      7.182640075683594,
      14.308244705200195,
      10.519281387329102,
      26.501710891723633,
      18.816431045532227,
      42.38605499267578,
      33.30603790283203,
      34.25354766845703,
      31.211048126220703,
      29.299362182617188,
      20.384553909301758
    ],
    [
      -13.97923755645752,
      9.234728813171387,
      7.727900981903076,
      31.08307456970215,
      6.6897873878479,
      24.689626693725586,
      5.613705158233643,
      30.577077865600586,
      13.131031036376953,
      40.63654708862305,
      18.271759033203125,
      50.35380554199219,
      33.30603790283203,
      86.73942565917969,
      16.323060989379883,
      59.97609329223633,
      21.68671226501465,
      35.724876403808594
    ],
    [
      -1.5799236297607422,
      -1.587964653968811,
      5.791386127471924,
      1.8792533874511719,
      14.574823379516602,
      2.565403461456299,
      16.512693405151367,
      4.295287609100342,
      13.787677764892578,
      4.819046974182129,
      23.0003604888916,
      9.261530876159668,
      34.25354766845703,
      16.323060989379883,
      51.28714370727539,
      29.695714950561523,
      44.88371276855469,
      22.500316619873047
    ],
    [
      -7.3309502601623535,
      6.54485559463501,
      7.260688781738281,
      20.864587783813477,
      2.929264783859253,
      14.01706314086914,
      4.658935546875,
      19.161602020263672,
      12.406335830688477,
      26.725727081298828,
      18.046499252319336,
      35.00814437866211,
      31.211048126220703,
      59.97609329223633,
      29.695714950561523,
      55.644569396972656,
      30.110401153564453,
      34.255523681640625
    ],
    [
      -3.216979742050171,
      -1.548416256904602,
      18.02122688293457,
      9.83189582824707,
      21.82725715637207,
      7.629302024841309,
      21.819541931152344,
      10.538503646850586,
      15.542827606201172,
      8.561325073242188,
      20.59197425842285,
      10.895648956298828,
      29.299362182617188,
      21.68671226501465,
      44.88371276855469,
      30.110401153564453,
      63.41279220581055,
      28.104421615600586
    ],
    [
      -6.999260425567627,
      2.4393131732940674,
      6.956599235534668,
      14.404671669006348,
      1.0641652345657349,
      8.898871421813965,
      1.9097687005996704,
      11.441346168518066,
      8.147289276123047,
      16.92006492614746,
      10.743142127990723,
      21.951677322387695,
      20.384553909301758,
      35.724876403808594,
      22.500316619873047,
      34.255523681640625,
      28.104421615600586,
      27.928009033203125
    ]
  ],
  "covariance_short": [
    [
      73.20853424072266,
      49.48440933227539,
      10.781991004943848,
      -8.48945426940918,
      -5.098264217376709,
      -8.9452486038208,
      0.580159068107605,
      -11.630937576293945,
      0.5597444176673889,
      -12.107398986816406,
      1.724705457687378,
      -8.94664478302002,
      2.9834837913513184,
      -0.8149852156639099,
      -1.1063663959503174,
      -0.6076098680496216,
      -1.9852701425552368,
      -4.282135009765625
    ],
    [
      49.48440933227539,
      66.5793685913086,
      7.673001766204834,
      10.598207473754883,
      -5.778250217437744,
      10.200592041015625,
      3.8681373596191406,
      9.288372039794922,
      4.343270301818848,
      12.022832870483398,
      3.2878596782684326,
      14.15366268157959,
      4.662631511688232,
      17.91465187072754,
      1.9849867820739746,
      11.204469680786133,
      1.361465573310852,
      3.433229446411133
    ],
    [
      10.781991004943848,
      7.673001766204834,
      35.08329391479492,
      18.59345054626465,
      2.7236998081207275,
      3.9216690063476562,
      7.640225410461426,
      4.720525741577148,
      6.645410060882568,
      5.444388389587402,
      4.106077194213867,
      5.545394420623779,
      3.1076018810272217,
      9.253761291503906,
      5.905113697052002,
      8.21316146850586,
      19.184267044067383,
      6.670145034790039
    ],
    [
      -8.48945426940918,
      10.598207473754883,
      18.59345054626465,
      41.7584342956543,
      2.3917036056518555,
      22.729965209960938,
      5.078982353210449,
      22.642255783081055,
      7.434780120849609,
      26.180797576904297,
      4.659235954284668,
      25.623661041259766,
      4.005068778991699,
      27.837753295898438,
      4.930988788604736,
      18.66048812866211,
      15.9769868850708,
      12.400320053100586
    ],
    [
      -5.098264217376709,
      -5.778250217437744,
      2.7236998081207275,
      2.3917036056518555,
      87.1141128540039,
      21.335458755493164,
      53.40331268310547,
      16.611921310424805,
      13.07573413848877,
      2.699795961380005,
      16.796899795532227,
      2.8170359134674072,
      17.339128494262695,
      10.102801322937012,
      19.458833694458008,
      5.0342793464660645,
      29.72102165222168,
      2.7767040729522705
    ],
    [
      -8.9452486038208,
      10.200592041015625,
      3.9216690063476562,
      22.729965209960938,
      21.335458755493164,
      38.158199310302734,
      13.734445571899414,
      23.614604949951172,
      7.142070770263672,
      22.9382381439209,
      5.422186851501465,
      21.496248245239258,
      6.209812641143799,
      24.844778060913086,
      6.307730197906494,
      14.592705726623535,
      13.948507308959961,
      9.347908020019531
    ],
    [
      0.580159068107605,
      3.8681373596191406,
      7.640225410461426,
      5.078982353210449,
      53.40331268310547,
      13.734445571899414,
      63.34717559814453,
      21.27623176574707,
      23.247051239013672,
      9.23392391204834,
      21.65995216369629,
      10.503205299377441,
      24.144838333129883,
      13.735213279724121,
      25.473676681518555,
      9.927081108093262,
      32.49199295043945,
      5.066452980041504
    ],
    [
      -11.630937576293945,
      9.288372039794922,
      4.720525741577148,
      22.642255783081055,
      16.611921310424805,
      23.614604949951172,
      21.27623176574707,
      40.43376159667969,
      11.707450866699219,
      28.077133178710938,
      9.08928108215332,
      27.550870895385742,
      11.051716804504395,
      30.370311737060547,
      9.287240028381348,
      19.050722122192383,
      14.53496265411377,
      11.110638618469238
    ],
    [
      0.5597444176673889,
      4.343270301818848,
      6.645410060882568,
      7.434780120849609,
      13.07573413848877,
      7.142070770263672,
      23.247051239013672,
      11.707450866699219,
      30.77804183959961,
      17.235424041748047,
      20.392873764038086,
      16.804290771484375,
      23.571779251098633,
      20.35675811767578,
      22.105300903320312,
      18.10289764404297,
      25.493101119995117,
      11.418586730957031
    ],
    [
      -12.107398986816406,
      12.022832870483398,
      5.444388389587402,
      26.180797576904297,
      2.699795961380005,
      22.9382381439209,
      9.23392391204834,
      28.077133178710938,
      17.235424041748047,
      43.035125732421875,
      11.996150016784668,
      39.042022705078125,
      14.72243881225586,
      41.596710205078125,
      10.138509750366211,
      27.370107650756836,
      14.08238697052002,
      16.413543701171875
    ],
    [
      1.724705457687378,
      3.2878596782684326,
      4.106077194213867,
      4.659235954284668,
      16.796899795532227,
      5.422186851501465,
      21.65995216369629,
      9.08928108215332,
      20.392873764038086,
      11.996150016784668,
      38.61730194091797,
      22.736177444458008,
      36.321327209472656,
      27.4715633392334,
      30.795270919799805,
      24.41726303100586,
      30.422683715820312,
      13.719725608825684
    ],
    [
      -8.94664478302002,
      14.15366268157959,
      5.545394420623779,
      25.623661041259766,
      2.8170359134674072,
      21.496248245239258,
      10.503205299377441,
      27.550870895385742,
      16.804290771484375,
      39.042022705078125,
      22.736177444458008,
      52.31715774536133,
      24.207914352416992,
      53.21738052368164,
      16.017486572265625,
      36.36886978149414,
      17.4893798828125,
      20.806535720825195
    ],
    [
      2.9834837913513184,
      4.662631511688232,
      3.1076018810272217,
      4.005068778991699,
      17.339128494262695,
      6.209812641143799,
      24.144838333129883,
      11.051716804504395,
      23.571779251098633,
      14.72243881225586,
      36.321327209472656,
      24.207914352416992,
      54.230682373046875,
      40.9345703125,
      43.152740478515625,
      37.59135818481445,
      40.13054656982422,
      22.424251556396484
    ],
    [
      -0.8149852156639099,
      17.91465187072754,
      9.253761291503906,
      27.837753295898438,
      10.102801322937012,
      24.844778060913086,
      13.735213279724121,
      30.370311737060547,
      20.35675811767578,
      41.596710205078125,
      27.4715633392334,
      53.21738052368164,
      40.9345703125,
      84.92352294921875,
      24.384620666503906,
      58.27449035644531,
      38.80658721923828,
      31.926259994506836
    ],
    [
      -1.1063663959503174,
      1.9849867820739746,
      5.905113697052002,
      4.930988788604736,
      19.458833694458008,
      6.307730197906494,
      25.473676681518555,
      9.287240028381348,
      22.105300903320312,
      10.138509750366211,
      30.795270919799805,
      16.017486572265625,
      43.152740478515625,
      24.384620666503906,
      62.2158317565918,
      37.59675216674805,
      56.38264846801758,
      26.65249252319336
    ],
    [
      -0.6076098680496216,
      11.204469680786133,
      8.21316146850586,
      18.66048812866211,
      5.0342793464660645,
      14.592705726623535,
      9.927081108093262,
      19.050722122192383,
      18.10289764404297,
      27.370107650756836,
      24.41726303100586,
      36.36886978149414,
      37.59135818481445,
      58.27449035644531,
      37.59675216674805,
      58.02357482910156,
      44.53604507446289,
      34.34834289550781
    ],
    [
      -1.9852701425552368,
      1.361465573310852,
      19.184267044067383,
      15.9769868850708,
      29.72102165222168,
      13.948507308959961,
      32.49199295043945,
      14.53496265411377,
      25.493101119995117,
      14.08238697052002,
      30.422683715820312,
      17.4893798828125,
      40.13054656982422,
      38.80658721923828,
      56.38264846801758,
      44.53604507446289,
      90.40196990966797,
      36.8186149597168
    ],
    [
      -4.282135009765625,
      3.433229446411133,
      6.670145034790039,
      12.400320053100586,
      2.7767040729522705,
      9.347908020019531,
      5.066452980041504,
      11.110638618469238,
      11.418586730957031,
      16.413543701171875,
      13.719725608825684,
      20.806535720825195,
      22.424251556396484,
      31.926259994506836,
      26.65249252319336,
      34.34834289550781,
      36.8186149597168,
      27.727556228637695
    ]
  ],
  "damage": -3.1002230644226074,
  "diff_bandwidth": 513.3479614257812,
  "dissonance": 3.8871546440096596,
  "drr": 0.2993135154247284,
  "dynamics": 3.593259811401367,
  "format": 1245190,
  "frames": 7165952,
  "loudness": -13.575586318969727,
  "loudness_range": 9.453152656555176,
  "loudness_range_short": 11.694836616516113,
  "lowpass_true_peak_15khz": -0.35722601413726807,
  "mastering3_acoustic_entropies": [
    {
      "acoustic_entropy": 7.280184268951416,
      "acoustic_entropy_mono": 6.956569194793701,
      "band_eliminated_acoustic_entropies": [
        {
          "acoustic_entropy": 7.259819984436035,
          "acoustic_entropy_side": 7.280959606170654,
          "hz": 129.47220167065723
        },
        {
          "acoustic_entropy": 6.918546676635742,
          "acoustic_entropy_side": 7.148943901062012,
          "hz": 202.92927478742237
        },
        {
          "acoustic_entropy": 7.443788051605225,
          "acoustic_entropy_side": 6.998137950897217,
          "hz": 282.89161906338205
        },
        {
          "acoustic_entropy": 6.717159271240234,
          "acoustic_entropy_side": 7.096399307250977,
          "hz": 369.9353335868758
        },
        {
          "acoustic_entropy": 7.396082878112793,
          "acoustic_entropy_side": 7.243250846862793,
          "hz": 464.6875360973435
        },
        {
          "acoustic_entropy": 6.790067195892334,
          "acoustic_entropy_side": 7.2938055992126465,
          "hz": 567.8308811364784
        },
        {
          "acoustic_entropy": 7.393979072570801,
          "acoustic_entropy_side": 7.283809185028076,
          "hz": 680.1084783214808
        },
        {
          "acoustic_entropy": 7.460325241088867,
          "acoustic_entropy_side": 7.254806995391846,
          "hz": 802.3292461747484
        },
        {
          "acoustic_entropy": 7.063079357147217,
          "acoustic_entropy_side": 7.276915550231934,
          "hz": 935.3737400823702
        },
        {
          "acoustic_entropy": 7.415499687194824,
          "acoustic_entropy_side": 7.280169486999512,
          "hz": 1080.2004963696966
        },
        {
          "acoustic_entropy": 7.220367908477783,
          "acoustic_entropy_side": 7.288475513458252,
          "hz": 1237.8529382007157
        },
        {
          "acoustic_entropy": 7.057834625244141,
          "acoustic_entropy_side": 7.281571865081787,
          "hz": 1409.4668930556702
        },
        {
          "acoustic_entropy": 7.191914081573486,
          "acoustic_entropy_side": 7.281622886657715,
          "hz": 1596.2787759475705
        },
        {
          "acoustic_entropy": 7.318586826324463,
          "acoustic_entropy_side": 7.280483245849609,
          "hz": 1799.6344973346393
        },
        {
          "acoustic_entropy": 7.098076820373535,
          "acoustic_entropy_side": 7.27783727645874,
          "hz": 2020.9991599069049
        },
        {
          "acoustic_entropy": 7.267356872558594,
          "acoustic_entropy_side": 7.2809624671936035,
          "hz": 2261.9676141086993
        },
        {
          "acoustic_entropy": 7.352555274963379,
          "acoustic_entropy_side": 7.2834014892578125,
          "hz": 2524.2759484456974
        },
        {
          "acoustic_entropy": 7.278819561004639,
          "acoustic_entropy_side": 7.282729625701904,
          "hz": 2809.813997359896
        },
        {
          "acoustic_entropy": 7.298308849334717,
          "acoustic_entropy_side": 7.281356334686279,
          "hz": 3120.6389567871424
        },
        {
          "acoustic_entropy": 7.337233066558838,
          "acoustic_entropy_side": 7.283102989196777,
          "hz": 3458.990205492291
        },
        {
          "acoustic_entropy": 7.3570556640625,
          "acoustic_entropy_side": 7.287921905517578,
          "hz": 3827.305438964164
        },
        {
          "acoustic_entropy": 7.334829330444336,
          "acoustic_entropy_side": 7.286381721496582,
          "hz": 4228.238232109126
        },
        {
          "acoustic_entropy": 7.296351432800293,
          "acoustic_entropy_side": 7.280735492706299,
          "hz": 4664.6771572759235
        },
        {
          "acoustic_entropy": 7.286487102508545,
          "acoustic_entropy_side": 7.2693657875061035,
          "hz": 5139.766595350093
        },
        {
          "acoustic_entropy": 7.295624732971191,
          "acoustic_entropy_side": 7.275780200958252,
          "hz": 5656.929389854203
        },
        {
          "acoustic_entropy": 7.298320770263672,
          "acoustic_entropy_side": 7.281476020812988,
          "hz": 6219.891507268283
        },
        {
          "acoustic_entropy": 7.321169376373291,
          "acoustic_entropy_side": 7.280972957611084,
          "hz": 6832.70888123896
        },
        {
          "acoustic_entropy": 7.362014293670654,
          "acoustic_entropy_side": 7.2813286781311035,
          "hz": 7499.796634079867
        },
        {
          "acoustic_entropy": 7.377250671386719,
          "acoustic_entropy_side": 7.2812395095825195,
          "hz": 8225.96088609342
        },
        {
          "acoustic_entropy": 7.348555088043213,
          "acoustic_entropy_side": 7.280720233917236,
          "hz": 9016.43338188839
        },
        {
          "acoustic_entropy": 7.2604780197143555,
          "acoustic_entropy_side": 7.280874252319336,
          "hz": 9876.909183162974
        },
        {
          "acoustic_entropy": 7.291421413421631,
          "acoustic_entropy_side": 7.280897617340088,
          "hz": 10813.587699516042
        },
        {
          "acoustic_entropy": 7.318201065063477,
          "acoustic_entropy_side": 7.2809271812438965,
          "hz": 11833.21735289826
        },
        {
          "acoustic_entropy": 7.323441028594971,
          "acoustic_entropy_side": 7.280498027801514,
          "hz": 12943.144197493959
        },
        {
          "acoustic_entropy": 7.327056407928467,
          "acoustic_entropy_side": 7.280273914337158,
          "hz": 14151.364845322005
        },
        {
          "acoustic_entropy": 7.3215250968933105,
          "acoustic_entropy_side": 7.280221462249756,
          "hz": 15466.58407886509
        },
        {
          "acoustic_entropy": 7.3004302978515625,
          "acoustic_entropy_side": 7.280192852020264,
          "hz": 16898.27756580493
        },
        {
          "acoustic_entropy": 7.283392429351807,
          "acoustic_entropy_side": 7.280185699462891,
          "hz": 18456.760127700032
        },
        {
          "acoustic_entropy": 7.280271530151367,
          "acoustic_entropy_side": 7.280184268951416,
          "hz": 20153.260054456492
        },
        {
          "acoustic_entropy": 7.280184268951416,
          "acoustic_entropy_side": 7.280184268951416,
          "hz": 22000.00000000001
        }
      ],
      "diff_acoustic_entropy": 4.343478202819824,
      "sn": 6
    },
    {
      "acoustic_entropy": 12.159379005432129,
      "acoustic_entropy_mono": 11.632006645202637,
      "band_eliminated_acoustic_entropies": [
        {
          "acoustic_entropy": 12.102729797363281,
          "acoustic_entropy_side": 12.158889770507812,
          "hz": 129.47220167065723
        },
        {
          "acoustic_entropy": 10.62553596496582,
          "acoustic_entropy_side": 11.665696144104004,
          "hz": 202.92927478742237
        },
        {
          "acoustic_entropy": 12.484407424926758,
          "acoustic_entropy_side": 12.172967910766602,
          "hz": 282.89161906338205
        },
        {
          "acoustic_entropy": 12.362601280212402,
          "acoustic_entropy_side": 12.599284172058105,
          "hz": 369.9353335868758
        },
        {
          "acoustic_entropy": 12.43519401550293,
          "acoustic_entropy_side": 12.864181518554688,
          "hz": 464.6875360973435
        },
        {
          "acoustic_entropy": 11.63216781616211,
          "acoustic_entropy_side": 12.152976036071777,
          "hz": 567.8308811364784
        },
        {
          "acoustic_entropy": 12.08732795715332,
          "acoustic_entropy_side": 12.111307144165039,
          "hz": 680.1084783214808
        },
        {
          "acoustic_entropy": 12.212715148925781,
          "acoustic_entropy_side": 12.275620460510254,
          "hz": 802.3292461747484
        },
        {
          "acoustic_entropy": 11.96701717376709,
          "acoustic_entropy_side": 12.132769584655762,
          "hz": 935.3737400823702
        },
        {
          "acoustic_entropy": 11.910154342651367,
          "acoustic_entropy_side": 12.06855583190918,
          "hz": 1080.2004963696966
        },
        {
          "acoustic_entropy": 12.33311939239502,
          "acoustic_entropy_side": 12.253033638000488,
          "hz": 1237.8529382007157
        },
        {
          "acoustic_entropy": 12.399483680725098,
          "acoustic_entropy_side": 12.247260093688965,
          "hz": 1409.4668930556702
        },
        {
          "acoustic_entropy": 11.934733390808105,
          "acoustic_entropy_side": 12.19581127166748,
          "hz": 1596.2787759475705
        },
        {
          "acoustic_entropy": 11.829750061035156,
          "acoustic_entropy_side": 12.178155899047852,
          "hz": 1799.6344973346393
        },
        {
          "acoustic_entropy": 11.212082862854004,
          "acoustic_entropy_side": 12.152155876159668,
          "hz": 2020.9991599069049
        },
        {
          "acoustic_entropy": 12.096773147583008,
          "acoustic_entropy_side": 12.172450065612793,
          "hz": 2261.9676141086993
        },
        {
          "acoustic_entropy": 12.341217994689941,
          "acoustic_entropy_side": 12.278690338134766,
          "hz": 2524.2759484456974
        },
        {
          "acoustic_entropy": 12.132546424865723,
          "acoustic_entropy_side": 12.2333345413208,
          "hz": 2809.813997359896
        },
        {
          "acoustic_entropy": 12.30514907836914,
          "acoustic_entropy_side": 12.202425956726074,
          "hz": 3120.6389567871424
        },
        {
          "acoustic_entropy": 12.324261665344238,
          "acoustic_entropy_side": 12.19577407836914,
          "hz": 3458.990205492291
        },
        {
          "acoustic_entropy": 12.363757133483887,
          "acoustic_entropy_side": 12.19667911529541,
          "hz": 3827.305438964164
        },
        {
          "acoustic_entropy": 12.305712699890137,
          "acoustic_entropy_side": 12.209059715270996,
          "hz": 4228.238232109126
        },
        {
          "acoustic_entropy": 12.229662895202637,
          "acoustic_entropy_side": 12.214896202087402,
          "hz": 4664.6771572759235
        },
        {
          "acoustic_entropy": 12.387994766235352,
          "acoustic_entropy_side": 12.32824420928955,
          "hz": 5139.766595350093
        },
        {
          "acoustic_entropy": 12.204730987548828,
          "acoustic_entropy_side": 12.252301216125488,
          "hz": 5656.929389854203
        },
        {
          "acoustic_entropy": 12.138175964355469,
          "acoustic_entropy_side": 12.202359199523926,
          "hz": 6219.891507268283
        },
        {
          "acoustic_entropy": 12.120223045349121,
          "acoustic_entropy_side": 12.18151569366455,
          "hz": 6832.70888123896
        },
        {
          "acoustic_entropy": 12.149276733398438,
          "acoustic_entropy_side": 12.173635482788086,
          "hz": 7499.796634079867
        },
        {
          "acoustic_entropy": 12.173375129699707,
          "acoustic_entropy_side": 12.165176391601562,
          "hz": 8225.96088609342
        },
        {
          "acoustic_entropy": 12.198368072509766,
          "acoustic_entropy_side": 12.158284187316895,
          "hz": 9016.43338188839
        },
        {
          "acoustic_entropy": 12.207059860229492,
          "acoustic_entropy_side": 12.158982276916504,
          "hz": 9876.909183162974
        },
        {
          "acoustic_entropy": 12.253690719604492,
          "acoustic_entropy_side": 12.160151481628418,
          "hz": 10813.587699516042
        },
        {
          "acoustic_entropy": 12.272329330444336,
          "acoustic_entropy_side": 12.160441398620605,
          "hz": 11833.21735289826
        },
        {
          "acoustic_entropy": 12.299616813659668,
          "acoustic_entropy_side": 12.159699440002441,
          "hz": 12943.144197493959
        },
        {
          "acoustic_entropy": 12.293047904968262,
          "acoustic_entropy_side": 12.159491539001465,
          "hz": 14151.364845322005
        },
        {
          "acoustic_entropy": 12.229918479919434,
          "acoustic_entropy_side": 12.159482955932617,
          "hz": 15466.58407886509
        },
        {
          "acoustic_entropy": 12.190933227539062,
          "acoustic_entropy_side": 12.159381866455078,
          "hz": 16898.27756580493
        },
        {
          "acoustic_entropy": 12.16513729095459,
          "acoustic_entropy_side": 12.159378051757812,
          "hz": 18456.760127700032
        },
        {
          "acoustic_entropy": 12.159601211547852,
          "acoustic_entropy_side": 12.159377098083496,
          "hz": 20153.260054456492
        },
        {
          "acoustic_entropy": 12.159379959106445,
          "acoustic_entropy_side": 12.159379005432129,
          "hz": 22000.00000000001
        }
      ],
      "diff_acoustic_entropy": 8.199076652526855,
      "sn": 12
    },
    {
      "acoustic_entropy": 19.613262176513672,
      "acoustic_entropy_mono": 16.383087158203125,
      "band_eliminated_acoustic_entropies": [
        {
          "acoustic_entropy": 19.4190731048584,
          "acoustic_entropy_side": 19.410470962524414,
          "hz": 129.47220167065723
        },
        {
          "acoustic_entropy": 18.146087646484375,
          "acoustic_entropy_side": 18.817304611206055,
          "hz": 202.92927478742237
        },
        {
          "acoustic_entropy": 19.71343994140625,
          "acoustic_entropy_side": 20.0696964263916,
          "hz": 282.89161906338205
        },
        {
          "acoustic_entropy": 20.146162033081055,
          "acoustic_entropy_side": 19.17502212524414,
          "hz": 369.9353335868758
        },
        {
          "acoustic_entropy": 21.160804748535156,
          "acoustic_entropy_side": 19.71099281311035,
          "hz": 464.6875360973435
        },
        {
          "acoustic_entropy": 19.727514266967773,
          "acoustic_entropy_side": 18.886878967285156,
          "hz": 567.8308811364784
        },
        {
          "acoustic_entropy": 19.781917572021484,
          "acoustic_entropy_side": 19.875446319580078,
          "hz": 680.1084783214808
        },
        {
          "acoustic_entropy": 20.08843231201172,
          "acoustic_entropy_side": 20.789491653442383,
          "hz": 802.3292461747484
        },
        {
          "acoustic_entropy": 19.70122718811035,
          "acoustic_entropy_side": 20.311914443969727,
          "hz": 935.3737400823702
        },
        {
          "acoustic_entropy": 19.715112686157227,
          "acoustic_entropy_side": 19.806753158569336,
          "hz": 1080.2004963696966
        },
        {
          "acoustic_entropy": 20.3930721282959,
          "acoustic_entropy_side": 19.074676513671875,
          "hz": 1237.8529382007157
        },
        {
          "acoustic_entropy": 19.65964126586914,
          "acoustic_entropy_side": 19.91763687133789,
          "hz": 1409.4668930556702
        },
        {
          "acoustic_entropy": 19.791292190551758,
          "acoustic_entropy_side": 20.132251739501953,
          "hz": 1596.2787759475705
        },
        {
          "acoustic_entropy": 20.121889114379883,
          "acoustic_entropy_side": 19.860795974731445,
          "hz": 1799.6344973346393
        },
        {
          "acoustic_entropy": 20.071239471435547,
          "acoustic_entropy_side": 19.143142700195312,
          "hz": 2020.9991599069049
        },
        {
          "acoustic_entropy": 19.646270751953125,
          "acoustic_entropy_side": 19.45903205871582,
          "hz": 2261.9676141086993
        },
        {
          "acoustic_entropy": 19.14362335205078,
          "acoustic_entropy_side": 19.1865177154541,
          "hz": 2524.2759484456974
        },
        {
          "acoustic_entropy": 19.342714309692383,
          "acoustic_entropy_side": 19.42557716369629,
          "hz": 2809.813997359896
        },
        {
