{
  "acoustic_entropy": 100.53527069091797,
  "bands": [
    {
      "high_freq": 148.1999969482422,
      "loudness": -33.47541809082031,
      "loudness_range": 14.121341705322266,
      "mid_mean": -29.9649658203125,
      "mid_to_side_loudness": -16.01871681213379,
      "mid_to_side_loudness_range": 21.804725646972656,
      "side_mean": -47.25196075439453
    },
    {
      "high_freq": 392.3793640136719,
      "loudness": -22.248943328857422,
      "loudness_range": 8.758390426635742,
      "low_freq": 148.1999969482422,
      "mid_mean": -18.631685256958008,
      "mid_to_side_loudness": -28.716796875,
      "mid_to_side_loudness_range": 11.949050903320312,
      "side_mean": -51.2056770324707
    },
    {
      "high_freq": 794.6976318359375,
      "loudness": -21.793569564819336,
      "loudness_range": 8.48260498046875,
      "low_freq": 392.3793640136719,
      "mid_mean": -18.37613868713379,
      "mid_to_side_loudness": -27.027090072631836,
      "mid_to_side_loudness_range": 12.897361755371094,
      "side_mean": -46.73942184448242
    },
    {
      "high_freq": 1457.5709228515625,
      "loudness": -23.992368698120117,
      "loudness_range": 13.256702423095703,
      "low_freq": 794.6976318359375,
      "mid_mean": -20.606689453125,
      "mid_to_side_loudness": -20.135334014892578,
      "mid_to_side_loudness_range": 13.226048469543457,
      "side_mean": -42.235809326171875
    },
    {
      "high_freq": 2549.74365234375,
      "loudness": -35.826961517333984,
      "loudness_range": 14.268610000610352,
      "low_freq": 1457.5709228515625,
      "mid_mean": -32.519920349121094,
      "mid_to_side_loudness": -15.032130241394043,
      "mid_to_side_loudness_range": 10.99930477142334,
      "side_mean": -51.00040054321289
    },
    {
      "high_freq": 4349.24462890625,
      "loudness": -45.77501678466797,
      "loudness_range": 15.241703033447266,
      "low_freq": 2549.74365234375,
      "mid_mean": -42.62372589111328,
      "mid_to_side_loudness": -9.711363792419434,
      "mid_to_side_loudness_range": 10.218116760253906,
      "side_mean": -54.719173431396484
    },
    {
      "high_freq": 7314.1640625,
      "loudness": -51.45868682861328,
      "loudness_range": 5.677829742431641,
      "low_freq": 4349.24462890625,
      "mid_mean": -52.04238510131836,
      "mid_to_side_loudness": -2.670660972595215,
      "mid_to_side_loudness_range": 3.5760068893432617,
      "side_mean": -54.41104507446289
    },
    {
      "high_freq": 12199.2666015625,
      "loudness": -54.12006378173828,
      "loudness_range": 5.107761383056641,
      "low_freq": 7314.1640625,
      "mid_mean": -57.51315689086914,
      "mid_to_side_loudness": 4.126083850860596,
      "mid_to_side_loudness_range": 2.771209716796875,
      "side_mean": -53.878910064697266
    },
    {
      "loudness": -60.222312927246094,
      "loudness_range": 2.2623977661132812,
      "low_freq": 12199.2666015625,
      "mid_mean": -62.59980773925781,
      "mid_to_side_loudness": 4.329588413238525,
      "mid_to_side_loudness_range": 3.3214328289031982,
      "side_mean": -59.02641677856445
    }
  ],
  "bands_short": [
    {
      "high_freq": 148.1999969482422,
      "loudness": -37.01091003417969,
      "loudness_range": 19.37348747253418,
      "mid_mean": -33.83765411376953,
      "mid_to_side_loudness": -13.679508209228516,
      "mid_to_side_loudness_range": 24.66683578491211,
      "side_mean": -50.73117446899414
    },
    {
      "high_freq": 392.3793640136719,
      "loudness": -22.96673583984375,
      "loudness_range": 11.716329574584961,
      "low_freq": 148.1999969482422,
      "mid_mean": -19.43799591064453,
      "mid_to_side_loudness": -27.985382080078125,
      "mid_to_side_loudness_range": 16.652362823486328,
      "side_mean": -51.34040069580078
    },
    {
      "high_freq": 794.6976318359375,
      "loudness": -21.64131736755371,
      "loudness_range": 9.519105911254883,
      "low_freq": 392.3793640136719,
      "mid_mean": -18.180622100830078,
      "mid_to_side_loudness": -27.444189071655273,
      "mid_to_side_loudness_range": 15.242250442504883,
      "side_mean": -50.12016296386719
    },
    {
      "high_freq": 1457.5709228515625,
      "loudness": -23.6993465423584,
      "loudness_range": 12.49616813659668,
      "low_freq": 794.6976318359375,
      "mid_mean": -20.51696014404297,
      "mid_to_side_loudness": -20.269838333129883,
      "mid_to_side_loudness_range": 14.088194847106934,
      "side_mean": -42.31588363647461
    },
    {
      "high_freq": 2549.74365234375,
      "loudness": -36.409061431884766,
      "loudness_range": 17.807268142700195,
      "low_freq": 1457.5709228515625,
      "mid_mean": -33.02366256713867,
      "mid_to_side_loudness": -15.024625778198242,
      "mid_to_side_loudness_range": 11.810440063476562,
      "side_mean": -51.67039108276367
    },
    {
      "high_freq": 4349.24462890625,
      "loudness": -46.52741622924805,
      "loudness_range": 16.475955963134766,
      "low_freq": 2549.74365234375,
      "mid_mean": -43.46703338623047,
      "mid_to_side_loudness": -9.81033992767334,
      "mid_to_side_loudness_range": 10.64881706237793,
      "side_mean": -55.54075241088867
    },
    {
      "high_freq": 7314.1640625,
      "loudness": -52.2611083984375,
      "loudness_range": 8.915912628173828,
      "low_freq": 4349.24462890625,
      "mid_mean": -52.767051696777344,
      "mid_to_side_loudness": -2.7395193576812744,
      "mid_to_side_loudness_range": 3.577732563018799,
      "side_mean": -55.17119216918945
    },
    {
      "high_freq": 12199.2666015625,
      "loudness": -54.7503776550293,
      "loudness_range": 6.828678131103516,
      "low_freq": 7314.1640625,
      "mid_mean": -58.16941452026367,
      "mid_to_side_loudness": 4.326488971710205,
      "mid_to_side_loudness_range": 3.2377939224243164,
      "side_mean": -54.45430374145508
    },
    {
      "loudness": -60.3839225769043,
      "loudness_range": 3.807788848876953,
      "low_freq": 12199.2666015625,
      "mid_mean": -62.8297004699707,
      "mid_to_side_loudness": 4.5782084465026855,
      "mid_to_side_loudness_range": 3.9610846042633057,
      "side_mean": -59.14155197143555
    }
  ],
  "bandwidth": 616.1577758789062,
  "channels": 2,
  "covariance": [
    [
      27.76746940612793,
      3.456005573272705,
      6.526612758636475,
      6.024517059326172,
      4.737319469451904,
      5.15590238571167,
      3.04443621635437,
      8.34218692779541,
      5.995765209197998,
      7.052763938903809,
      7.3327436447143555,
      4.889500141143799,
      8.627584457397461,
      7.614706039428711,
      6.670652389526367,
      6.450664043426514,
      2.1231157779693604,
      2.754950523376465
    ],
    [
      3.456005573272705,
      10.71866512298584,
      0.45548462867736816,
      10.074437141418457,
      1.11103093624115,
      3.2765190601348877,
      1.2574517726898193,
      2.359382390975952,
      1.41129732131958,
      10.086929321289062,
      1.6520335674285889,
      7.605154991149902,
      9.122791290283203,
      7.693553447723389,
      6.193039417266846,
      7.869742393493652,
      3.6655561923980713,
      5.567004203796387
    ],
    [
      6.526612758636475,
      0.45548462867736816,
      14.672636032104492,
      10.403108596801758,
      7.030889511108398,
      9.442428588867188,
      0.9064029455184937,
      8.807538986206055,
      1.6002763509750366,
      3.537442684173584,
      1.60206139087677,
      0.93651282787323,
      2.597364902496338,
      1.9491673707962036,
      1.73934006690979,
      2.3621201515197754,
      1.1160123348236084,
      2.381977081298828
    ],
    [
      6.024517059326172,
      10.074437141418457,
      10.403108596801758,
      59.544315338134766,
      6.681011199951172,
      14.201732635498047,
      1.7713369131088257,
      7.785402297973633,
      4.784049034118652,
      55.10266876220703,
      4.983557224273682,
      42.57219696044922,
      50.356048583984375,
      43.26993942260742,
      34.82199478149414,
      44.65121078491211,
      20.74382209777832,
      30.733041763305664
    ],
    [
      4.737319469451904,
      1.11103093624115,
      7.030889511108398,
      6.681011199951172,
      23.635080337524414,
      19.494478225708008,
      15.927812576293945,
      23.009017944335938,
      16.61924934387207,
      12.398616790771484,
      13.601906776428223,
      6.395588397979736,
      1.0305428504943848,
      -0.4030626118183136,
      -0.5830162167549133,
      0.4916329085826874,
      1.4022892713546753,
      2.882934808731079
    ],
    [
      5.15590238571167,
      3.2765190601348877,
      9.442428588867188,
      14.201732635498047,
      19.494478225708008,
      27.807714462280273,
      10.04251480102539,
      19.063480377197266,
      15.099289894104004,
      17.206056594848633,
      14.571057319641113,
      10.124876976013184,
      5.507108688354492,
      3.6213364601135254,
      2.015761375427246,
      4.3016228675842285,
      3.2577545642852783,
      5.181360244750977
    ],
    [
      3.04443621635437,
      1.2574517726898193,
      0.9064029455184937,
      1.7713369131088257,
      15.927812576293945,
      10.04251480102539,
      30.164064407348633,
      25.41571807861328,
      18.25457763671875,
      10.816455841064453,
      12.2830171585083,
      3.3836309909820557,
      -2.4115848541259766,
      -3.410926342010498,
      -3.6521637439727783,
      -2.6784939765930176,
      -0.5214546322822571,
      1.4250127077102661
    ],
    [
      8.34218692779541,
      2.359382390975952,
      8.807538986206055,
      7.785402297973633,
      23.009017944335938,
      19.063480377197266,
      25.41571807861328,
      33.388641357421875,
      20.469091415405273,
      15.262452125549316,
      16.9366397857666,
      6.289315700531006,
      1.225938320159912,
      -0.673412024974823,
      -1.0348129272460938,
      0.8700055480003357,
      1.612779140472412,
      3.8647310733795166
    ],
    [
      5.995765209197998,
      1.41129732131958,
      1.6002763509750366,
      4.784049034118652,
      16.61924934387207,
      15.099289894104004,
      18.25457763671875,
      20.469091415405273,
      37.20467758178711,
      26.868881225585938,
      29.48899269104004,
      16.283306121826172,
      9.664388656616211,
      6.722841262817383,
      4.983768463134766,
      5.173275947570801,
      3.3909661769866943,
      2.1579856872558594
    ],
    [
      7.052763938903809,
      10.086929321289062,
      3.537442684173584,
      55.10266876220703,
      12.398616790771484,
      17.206056594848633,
      10.816455841064453,
      15.262452125549316,
      26.868881225585938,
      71.9779281616211,
      26.69963264465332,
      55.001564025878906,
      57.47428894042969,
      48.78961944580078,
      38.90794372558594,
      48.51167297363281,
      23.18174171447754,
      31.48426055908203
    ],
    [
      7.3327436447143555,
      1.6520335674285889,
      1.60206139087677,
      4.983557224273682,
      13.601906776428223,
      14.571057319641113,
      12.2830171585083,
      16.9366397857666,
      29.48899269104004,
      26.69963264465332,
      34.027503967285156,
      20.904422760009766,
      14.702483177185059,
      10.77664852142334,
      8.695878982543945,
      8.58746337890625,
      4.850871562957764,
      3.4368884563446045
    ],
    [
      4.889500141143799,
      7.605154991149902,
      0.93651282787323,
      42.57219696044922,
      6.395588397979736,
      10.124876976013184,
      3.3836309909820557,
      6.289315700531006,
      16.283306121826172,
      55.001564025878906,
      20.904422760009766,
      46.331050872802734,
      48.76254653930664,
      41.78886413574219,
      33.83100509643555,
      40.87451171875,
      19.339818954467773,
      25.26111602783203
    ],
    [
      8.627584457397461,
      9.122791290283203,
      2.597364902496338,
      50.356048583984375,
      1.0305428504943848,
      5.507108688354492,
      -2.4115848541259766,
      1.225938320159912,
      9.664388656616211,
      57.47428894042969,
      14.702483177185059,
      48.76254653930664,
      61.84600067138672,
      53.24576187133789,
      45.02158737182617,
      52.831111907958984,
      24.63953971862793,
      31.881866455078125
    ],
    [
      7.614706039428711,
      7.693553447723389,
      1.9491673707962036,
      43.26993942260742,
      -0.4030626118183136,
      3.6213364601135254,
      -3.410926342010498,
      -0.673412024974823,
      6.722841262817383,
      48.78961944580078,
      10.77664852142334,
      41.78886413574219,
      53.24576187133789,
      46.61699676513672,
      39.14809036254883,
      45.971702575683594,
      21.4432315826416,
      27.29108428955078
    ],
    [
      6.670652389526367,
      6.193039417266846,
      1.73934006690979,
      34.82199478149414,
      -0.5830162167549133,
      2.015761375427246,
      -3.6521637439727783,
      -1.0348129272460938,
      4.983768463134766,
      38.90794372558594,
      8.695878982543945,
      33.83100509643555,
      45.02158737182617,
      39.14809036254883,
      34.300392150878906,
      39.061275482177734,
      18.271852493286133,
      22.91482925415039
    ],
    [
      6.450664043426514,
      7.869742393493652,
      2.3621201515197754,
      44.65121078491211,
      0.4916329085826874,
      4.3016228675842285,
      -2.6784939765930176,
      0.8700055480003357,
      5.173275947570801,
      48.51167297363281,
      8.58746337890625,
      40.87451171875,
      52.831111907958984,
      45.971702575683594,
      39.061275482177734,
      46.500953674316406,
      21.77210807800293,
      28.478342056274414
    ],
    [
      2.1231157779693604,
      3.6655561923980713,
      1.1160123348236084,
      20.74382209777832,
      1.4022892713546753,
      3.2577545642852783,
      -0.5214546322822571,
      1.612779140472412,
      3.3909661769866943,
      23.18174171447754,
      4.850871562957764,
      19.339818954467773,
      24.63953971862793,
      21.4432315826416,
      18.271852493286133,
      21.77210807800293,
      10.832378387451172,
      13.540005683898926
    ],
    [
      2.754950523376465,
      5.567004203796387,
      2.381977081298828,
      30.733041763305664,
      2.882934808731079,
      5.181360244750977,
      1.4250127077102661,
      3.8647310733795166,
      2.1579856872558594,
      31.48426055908203,
      3.4368884563446045,
      25.26111602783203,
      31.881866455078125,
      27.29108428955078,
      22.91482925415039,
      28.478342056274414,
      13.540005683898926,
      19.3840274810791
    ]
  ],
  "covariance_short": [
    [
      54.34297180175781,
      5.24532413482666,
      8.773210525512695,
      7.1174421310424805,
      3.473439931869507,
      7.388950824737549,
      5.127479076385498,
      7.938170433044434,
      3.5494611263275146,
      6.864354610443115,
      5.360372066497803,
      2.262197494506836,
      4.51353120803833,
      4.314733505249023,
      2.69741153717041,
      3.4545068740844727,
      0.36841368675231934,
      2.197127342224121
    ],
    [
      5.24532413482666,
      58.96474838256836,
      -0.04250706359744072,
      51.38405990600586,
      0.18494221568107605,
      53.7459716796875,
      0.9680494070053101,
      1.2025758028030396,
      1.2339457273483276,
      50.261043548583984,
      2.415149688720703,
      39.850467681884766,
      47.20924758911133,
      40.69658660888672,
      32.34666061401367,
      42.00675964355469,
      19.307388305664062,
      29.106327056884766
    ],
    [
      8.773210525512695,
      -0.04250706359744072,
      22.82062530517578,
      12.164841651916504,
      3.968355655670166,
      9.980278015136719,
      1.3099795579910278,
      7.067469596862793,
      3.015209913253784,
      5.933475494384766,
      3.8473713397979736,
      3.222376823425293,
      4.295717716217041,
      3.8242499828338623,
      3.0367629528045654,
      3.483346462249756,
      1.237069010734558,
      2.476285696029663
    ],
    [
      7.1174421310424805,
      51.38405990600586,
      12.164841651916504,
      61.73582458496094,
      3.8487472534179688,
      61.759010314941406,
      2.318962335586548,
      6.3780131340026855,
      3.7655413150787354,
      54.88039016723633,
      6.742022514343262,
      42.34919357299805,
      49.70205307006836,
      42.63323974609375,
      34.0290412902832,
      43.626251220703125,
      20.03838348388672,
      30.21335220336914
    ],
    [
      3.473439931869507,
      0.18494221568107605,
      3.968355655670166,
      3.8487472534179688,
      23.918136596679688,
      19.55461311340332,
      15.784900665283203,
      19.20241355895996,
      18.449966430664062,
      14.473169326782227,
      16.132734298706055,
      8.309499740600586,
      4.178610801696777,
      2.519575834274292,
      1.8379324674606323,
      2.5118911266326904,
      2.404273748397827,
      2.612119436264038
    ],
    [
      7.388950824737549,
      53.7459716796875,
      9.980278015136719,
      61.759010314941406,
      19.55461311340332,
      83.340576171875,
      11.985311508178711,
      19.946537017822266,
      17.48057746887207,
      69.12801361083984,
      18.841590881347656,
      50.98466110229492,
      54.36638641357422,
      46.17731475830078,
      35.69173812866211,
      47.72186279296875,
      23.077903747558594,
      34.09415817260742
    ],
    [
      5.127479076385498,
      0.9680494070053101,
      1.3099795579910278,
      2.318962335586548,
      15.784900665283203,
      11.985311508178711,
      35.476409912109375,
      29.29957389831543,
      25.691349029541016,
      16.561153411865234,
      17.982513427734375,
      7.140773296356201,
      -0.3094751238822937,
      -1.7201766967773438,
      -2.394681692123413,
      -1.4329272508621216,
      0.20800012350082397,
      0.9847948551177979
    ],
    [
      7.938170433044434,
      1.2025758028030396,
      7.067469596862793,
      6.3780131340026855,
      19.20241355895996,
      19.946537017822266,
      29.29957389831543,
      36.8369255065918,
      27.148189544677734,
      21.050649642944336,
      22.97573471069336,
      10.928930282592773,
      4.394755840301514,
      2.264742136001587,
      0.7285803556442261,
      2.3660314083099365,
      2.5189692974090576,
      3.3231747150421143
    ],
    [
      3.5494611263275146,
      1.2339457273483276,
      3.015209913253784,
      3.7655413150787354,
      18.449966430664062,
      17.48057746887207,
      25.691349029541016,
      27.148189544677734,
      43.62772750854492,
      31.59066390991211,
      33.24403762817383,
      18.586956024169922,
      7.1729559898376465,
      4.6024909019470215,
      1.7800127267837524,
      2.049034833908081,
      1.848991870880127,
      1.1660298109054565
    ],
    [
      6.864354610443115,
      50.261043548583984,
      5.933475494384766,
      54.88039016723633,
      14.473169326782227,
      69.12801361083984,
      16.561153411865234,
      21.050649642944336,
      31.59066390991211,
      75.85208892822266,
      31.771711349487305,
      55.631134033203125,
      55.5158805847168,
      46.97648620605469,
      36.18904113769531,
      46.00534439086914,
      22.273334503173828,
      31.21551513671875
    ],
    [
      5.360372066497803,
      2.415149688720703,
      3.8473713397979736,
      6.742022514343262,
      16.132734298706055,
      18.841590881347656,
      17.982513427734375,
      22.97573471069336,
      33.24403762817383,
      31.771711349487305,
      41.68326187133789,
      25.85177230834961,
      16.818483352661133,
      12.613018035888672,
      9.070021629333496,
      8.711822509765625,
      4.7986626625061035,
      4.2563395500183105
    ],
    [
      2.262197494506836,
      39.850467681884766,
      3.222376823425293,
      42.34919357299805,
      8.309499740600586,
      50.98466110229492,
      7.140773296356201,
      10.928930282592773,
      18.586956024169922,
      55.631134033203125,
      25.85177230834961,
      47.14521408081055,
      47.55436706542969,
      40.709110260009766,
      31.91893768310547,
      38.91276931762695,
      18.4857177734375,
      25.16053009033203
    ],
    [
      4.51353120803833,
      47.20924758911133,
      4.295717716217041,
      49.70205307006836,
      4.178610801696777,
      54.36638641357422,
      -0.3094751238822937,
      4.394755840301514,
      7.1729559898376465,
      55.5158805847168,
      16.818483352661133,
      47.55436706542969,
      59.82437515258789,
      51.2444953918457,
      41.74605178833008,
      49.70912551879883,
      22.848773956298828,
      31.837017059326172
    ],
    [
      4.314733505249023,
      40.69658660888672,
      3.8242499828338623,
      42.63323974609375,
      2.519575834274292,
      46.17731475830078,
      -1.7201766967773438,
      2.264742136001587,
      4.6024909019470215,
      46.97648620605469,
      12.613018035888672,
      40.709110260009766,
      51.2444953918457,
      45.11198043823242,
      36.41828155517578,
      43.430049896240234,
      20.05571174621582,
      27.315088272094727
    ],
    [
      2.69741153717041,
      32.34666061401367,
      3.0367629528045654,
      34.0290412902832,
      1.8379324674606323,
      35.69173812866211,
      -2.394681692123413,
      0.7285803556442261,
      1.7800127267837524,
      36.18904113769531,
      9.070021629333496,
      31.91893768310547,
      41.74605178833008,
      36.41828155517578,
      31.322296142578125,
      35.98991012573242,
      16.595462799072266,
      22.74627685546875
    ],
    [
      3.4545068740844727,
      42.00675964355469,
      3.483346462249756,
      43.626251220703125,
      2.5118911266326904,
      47.72186279296875,
      -1.4329272508621216,
      2.3660314083099365,
      2.049034833908081,
      46.00534439086914,
      8.711822509765625,
      38.91276931762695,
      49.70912551879883,
      43.430049896240234,
      35.98991012573242,
      43.91482925415039,
      20.40372085571289,
      28.515419006347656
    ],
    [
      0.36841368675231934,
      19.307388305664062,
      1.237069010734558,
      20.03838348388672,
      2.404273748397827,
      23.077903747558594,
      0.20800012350082397,
      2.5189692974090576,
      1.848991870880127,
      22.273334503173828,
      4.7986626625061035,
      18.4857177734375,
      22.848773956298828,
      20.05571174621582,
      16.595462799072266,
      20.40372085571289,
      10.6554594039917,
      13.69583511352539
    ],
    [
      2.197127342224121,
      29.106327056884766,
      2.476285696029663,
      30.21335220336914,
      2.612119436264038,
      34.09415817260742,
      0.9847948551177979,
      3.3231747150421143,
      1.1660298109054565,
      31.21551513671875,
      4.2563395500183105,
      25.16053009033203,
      31.837017059326172,
      27.315088272094727,
      22.74627685546875,
      28.515419006347656,
      13.69583511352539,
      20.09438705444336
    ]
  ],
  "damage": -6.297266006469727,
  "diff_bandwidth": 629.3632202148438,
  "dissonance": 4.7898401214892665,
  "drr": 2.2177157402038574,
  "dynamics": 2.20247745513916,
  "format": 1245190,
  "frames": 1343488,
  "loudness": -13.559768676757812,
  "loudness_range": 5.026662826538086,
  "loudness_range_short": 5.91627311706543,
  "lowpass_true_peak_15khz": -1.6272196769714355,
  "mastering3_acoustic_entropies": [
    {
      "acoustic_entropy": 7.581384658813477,
      "acoustic_entropy_mono": 7.689892768859863,
      "band_eliminated_acoustic_entropies": [
        {
          "acoustic_entropy": 7.584519386291504,
          "acoustic_entropy_side": 7.581385612487793,
          "hz": 129.47220167065723
        },
        {
          "acoustic_entropy": 7.839778423309326,
          "acoustic_entropy_side": 7.581385612487793,
          "hz": 202.92927478742237
        },
        {
          "acoustic_entropy": 7.916808128356934,
          "acoustic_entropy_side": 7.581392765045166,
          "hz": 282.89161906338205
        },
        {
          "acoustic_entropy": 6.531850337982178,
          "acoustic_entropy_side": 7.581392765045166,
          "hz": 369.9353335868758
        },
        {
          "acoustic_entropy": 7.080228805541992,
          "acoustic_entropy_side": 7.581427574157715,
          "hz": 464.6875360973435
        },
        {
          "acoustic_entropy": 7.136392116546631,
          "acoustic_entropy_side": 7.581235408782959,
          "hz": 567.8308811364784
        },
        {
          "acoustic_entropy": 6.719419002532959,
          "acoustic_entropy_side": 7.58030891418457,
          "hz": 680.1084783214808
        },
        {
          "acoustic_entropy": 7.543886661529541,
          "acoustic_entropy_side": 7.581795692443848,
          "hz": 802.3292461747484
        },
        {
          "acoustic_entropy": 7.212514877319336,
          "acoustic_entropy_side": 7.57949686050415,
          "hz": 935.3737400823702
        },
        {
          "acoustic_entropy": 7.026103496551514,
          "acoustic_entropy_side": 7.580390453338623,
          "hz": 1080.2004963696966
        },
        {
          "acoustic_entropy": 7.723584175109863,
          "acoustic_entropy_side": 7.581252098083496,
          "hz": 1237.8529382007157
        },
        {
          "acoustic_entropy": 7.524473667144775,
          "acoustic_entropy_side": 7.581831455230713,
          "hz": 1409.4668930556702
        },
        {
          "acoustic_entropy": 7.387462139129639,
          "acoustic_entropy_side": 7.580435276031494,
          "hz": 1596.2787759475705
        },
        {
          "acoustic_entropy": 7.633797645568848,
          "acoustic_entropy_side": 7.58230447769165,
          "hz": 1799.6344973346393
        },
        {
          "acoustic_entropy": 7.526071071624756,
          "acoustic_entropy_side": 7.581227779388428,
          "hz": 2020.9991599069049
        },
        {
          "acoustic_entropy": 7.624886989593506,
          "acoustic_entropy_side": 7.582260608673096,
          "hz": 2261.9676141086993
        },
        {
          "acoustic_entropy": 7.549256324768066,
          "acoustic_entropy_side": 7.581542015075684,
          "hz": 2524.2759484456974
        },
        {
          "acoustic_entropy": 7.62474250793457,
          "acoustic_entropy_side": 7.582045555114746,
          "hz": 2809.813997359896
        },
        {
          "acoustic_entropy": 7.59932279586792,
          "acoustic_entropy_side": 7.581695556640625,
          "hz": 3120.6389567871424
        },
        {
          "acoustic_entropy": 7.5867533683776855,
          "acoustic_entropy_side": 7.5815606117248535,
          "hz": 3458.990205492291
        },
        {
          "acoustic_entropy": 7.584263324737549,
          "acoustic_entropy_side": 7.581582069396973,
          "hz": 3827.305438964164
        },
        {
          "acoustic_entropy": 7.592851638793945,
          "acoustic_entropy_side": 7.581940174102783,
          "hz": 4228.238232109126
        },
        {
          "acoustic_entropy": 7.58790397644043,
          "acoustic_entropy_side": 7.581840515136719,
          "hz": 4664.6771572759235
        },
        {
          "acoustic_entropy": 7.636271953582764,
          "acoustic_entropy_side": 7.581212997436523,
          "hz": 5139.766595350093
        },
        {
          "acoustic_entropy": 7.663783073425293,
          "acoustic_entropy_side": 7.5835347175598145,
          "hz": 5656.929389854203
        },
        {
          "acoustic_entropy": 7.628556251525879,
          "acoustic_entropy_side": 7.5845441818237305,
          "hz": 6219.891507268283
        },
        {
          "acoustic_entropy": 7.59860372543335,
          "acoustic_entropy_side": 7.586475372314453,
          "hz": 6832.70888123896
        },
        {
          "acoustic_entropy": 7.588077545166016,
          "acoustic_entropy_side": 7.58521032333374,
          "hz": 7499.796634079867
        },
        {
          "acoustic_entropy": 7.584035396575928,
          "acoustic_entropy_side": 7.585034370422363,
          "hz": 8225.96088609342
        },
        {
          "acoustic_entropy": 7.578861236572266,
          "acoustic_entropy_side": 7.580916404724121,
          "hz": 9016.43338188839
        },
        {
          "acoustic_entropy": 7.586952209472656,
          "acoustic_entropy_side": 7.575155735015869,
          "hz": 9876.909183162974
        },
        {
          "acoustic_entropy": 7.616246223449707,
          "acoustic_entropy_side": 7.589334487915039,
          "hz": 10813.587699516042
        },
        {
          "acoustic_entropy": 7.57735538482666,
          "acoustic_entropy_side": 7.578741550445557,
          "hz": 11833.21735289826
        },
        {
          "acoustic_entropy": 7.5809245109558105,
          "acoustic_entropy_side": 7.580999851226807,
          "hz": 12943.144197493959
        },
        {
          "acoustic_entropy": 7.5813517570495605,
          "acoustic_entropy_side": 7.58135461807251,
          "hz": 14151.364845322005
        },
        {
          "acoustic_entropy": 7.581370830535889,
          "acoustic_entropy_side": 7.581377029418945,
          "hz": 15466.58407886509
        },
        {
          "acoustic_entropy": 7.581369876861572,
          "acoustic_entropy_side": 7.581381320953369,
          "hz": 16898.27756580493
        },
        {
          "acoustic_entropy": 7.5813798904418945,
          "acoustic_entropy_side": 7.581384181976318,
          "hz": 18456.760127700032
        },
        {
          "acoustic_entropy": 7.581383228302002,
          "acoustic_entropy_side": 7.581384658813477,
          "hz": 20153.260054456492
        },
        {
          "acoustic_entropy": 7.581384181976318,
          "acoustic_entropy_side": 7.581384658813477,
          "hz": 22000.00000000001
        }
      ],
      "diff_acoustic_entropy": 2.1751391887664795,
      "sn": 6
    },
    {
      "acoustic_entropy": 9.720075607299805,
      "acoustic_entropy_mono": 9.56696605682373,
      "band_eliminated_acoustic_entropies": [
        {
          "acoustic_entropy": 9.75478458404541,
          "acoustic_entropy_side": 9.7200927734375,
          "hz": 129.47220167065723
        },
        {
          "acoustic_entropy": 9.739021301269531,
          "acoustic_entropy_side": 9.720086097717285,
          "hz": 202.92927478742237
        },
        {
          "acoustic_entropy": 10.28324031829834,
          "acoustic_entropy_side": 9.720209121704102,
          "hz": 282.89161906338205
        },
        {
          "acoustic_entropy": 9.56362533569336,
          "acoustic_entropy_side": 9.719935417175293,
          "hz": 369.9353335868758
        },
        {
          "acoustic_entropy": 8.91303539276123,
          "acoustic_entropy_side": 9.719442367553711,
          "hz": 464.6875360973435
        },
        {
          "acoustic_entropy": 9.163921356201172,
          "acoustic_entropy_side": 9.719353675842285,
          "hz": 567.8308811364784
        },
        {
          "acoustic_entropy": 8.718402862548828,
          "acoustic_entropy_side": 9.718514442443848,
          "hz": 680.1084783214808
        },
        {
          "acoustic_entropy": 8.983699798583984,
          "acoustic_entropy_side": 9.707597732543945,
          "hz": 802.3292461747484
        },
        {
          "acoustic_entropy": 9.571785926818848,
          "acoustic_entropy_side": 9.72018814086914,
          "hz": 935.3737400823702
        },
        {
          "acoustic_entropy": 8.291109085083008,
          "acoustic_entropy_side": 9.726960182189941,
          "hz": 1080.2004963696966
        },
        {
          "acoustic_entropy": 9.975569725036621,
          "acoustic_entropy_side": 9.720657348632812,
          "hz": 1237.8529382007157
        },
        {
          "acoustic_entropy": 9.387554168701172,
          "acoustic_entropy_side": 9.717429161071777,
          "hz": 1409.4668930556702
        },
        {
          "acoustic_entropy": 9.539359092712402,
          "acoustic_entropy_side": 9.716266632080078,
          "hz": 1596.2787759475705
        },
        {
          "acoustic_entropy": 9.624646186828613,
          "acoustic_entropy_side": 9.717147827148438,
          "hz": 1799.6344973346393
        },
        {
          "acoustic_entropy": 9.33821964263916,
          "acoustic_entropy_side": 9.70954704284668,
          "hz": 2020.9991599069049
        },
        {
          "acoustic_entropy": 9.545823097229004,
          "acoustic_entropy_side": 9.718032836914062,
          "hz": 2261.9676141086993
        },
        {
          "acoustic_entropy": 9.238540649414062,
          "acoustic_entropy_side": 9.718174934387207,
          "hz": 2524.2759484456974
        },
        {
          "acoustic_entropy": 9.53029727935791,
          "acoustic_entropy_side": 9.719841957092285,
          "hz": 2809.813997359896
        },
        {
          "acoustic_entropy": 9.5250883102417,
          "acoustic_entropy_side": 9.719159126281738,
          "hz": 3120.6389567871424
        },
        {
          "acoustic_entropy": 9.671761512756348,
          "acoustic_entropy_side": 9.719378471374512,
          "hz": 3458.990205492291
        },
        {
          "acoustic_entropy": 9.704266548156738,
          "acoustic_entropy_side": 9.71969985961914,
          "hz": 3827.305438964164
        },
        {
          "acoustic_entropy": 9.713069915771484,
          "acoustic_entropy_side": 9.72049617767334,
          "hz": 4228.238232109126
        },
        {
          "acoustic_entropy": 9.7182035446167,
          "acoustic_entropy_side": 9.720056533813477,
          "hz": 4664.6771572759235
        },
        {
          "acoustic_entropy": 9.702661514282227,
          "acoustic_entropy_side": 9.721145629882812,
          "hz": 5139.766595350093
        },
        {
          "acoustic_entropy": 9.681689262390137,
          "acoustic_entropy_side": 9.721890449523926,
          "hz": 5656.929389854203
        },
        {
          "acoustic_entropy": 9.701414108276367,
          "acoustic_entropy_side": 9.721887588500977,
          "hz": 6219.891507268283
        },
        {
          "acoustic_entropy": 9.708930969238281,
          "acoustic_entropy_side": 9.722293853759766,
          "hz": 6832.70888123896
        },
        {
          "acoustic_entropy": 9.722868919372559,
          "acoustic_entropy_side": 9.723806381225586,
          "hz": 7499.796634079867
        },
        {
          "acoustic_entropy": 9.715941429138184,
          "acoustic_entropy_side": 9.722862243652344,
          "hz": 8225.96088609342
        },
        {
          "acoustic_entropy": 9.717241287231445,
          "acoustic_entropy_side": 9.720480918884277,
          "hz": 9016.43338188839
        },
        {
          "acoustic_entropy": 9.7135648727417,
          "acoustic_entropy_side": 9.719167709350586,
          "hz": 9876.909183162974
        },
        {
          "acoustic_entropy": 9.70811653137207,
          "acoustic_entropy_side": 9.717000961303711,
          "hz": 10813.587699516042
        },
        {
          "acoustic_entropy": 9.722260475158691,
          "acoustic_entropy_side": 9.722234725952148,
          "hz": 11833.21735289826
        },
        {
          "acoustic_entropy": 9.721445083618164,
          "acoustic_entropy_side": 9.721149444580078,
          "hz": 12943.144197493959
        },
        {
          "acoustic_entropy": 9.720236778259277,
          "acoustic_entropy_side": 9.720194816589355,
          "hz": 14151.364845322005
        },
        {
          "acoustic_entropy": 9.720170021057129,
          "acoustic_entropy_side": 9.720117568969727,
          "hz": 15466.58407886509
        },
        {
          "acoustic_entropy": 9.72017765045166,
          "acoustic_entropy_side": 9.720102310180664,
          "hz": 16898.27756580493
        },
        {
          "acoustic_entropy": 9.720117568969727,
          "acoustic_entropy_side": 9.720086097717285,
          "hz": 18456.760127700032
        },
        {
          "acoustic_entropy": 9.720093727111816,
          "acoustic_entropy_side": 9.72007942199707,
          "hz": 20153.260054456492
        },
        {
          "acoustic_entropy": 9.720078468322754,
          "acoustic_entropy_side": 9.720075607299805,
          "hz": 22000.00000000001
        }
      ],
      "diff_acoustic_entropy": 4.819131851196289,
      "sn": 12
    },
    {
      "acoustic_entropy": 13.575563430786133,
      "acoustic_entropy_mono": 13.40020751953125,
      "band_eliminated_acoustic_entropies": [
        {
          "acoustic_entropy": 12.984657287597656,
          "acoustic_entropy_side": 13.575305938720703,
          "hz": 129.47220167065723
        },
        {
          "acoustic_entropy": 13.285140037536621,
          "acoustic_entropy_side": 13.572592735290527,
          "hz": 202.92927478742237
        },
        {
          "acoustic_entropy": 14.312457084655762,
          "acoustic_entropy_side": 13.575414657592773,
          "hz": 282.89161906338205
        },
        {
          "acoustic_entropy": 13.693676948547363,
          "acoustic_entropy_side": 13.59004020690918,
          "hz": 369.9353335868758
        },
        {
          "acoustic_entropy": 12.29761028289795,
          "acoustic_entropy_side": 13.570456504821777,
          "hz": 464.6875360973435
        },
        {
          "acoustic_entropy": 13.22554874420166,
          "acoustic_entropy_side": 13.561537742614746,
          "hz": 567.8308811364784
        },
        {
          "acoustic_entropy": 12.141433715820312,
          "acoustic_entropy_side": 13.399360656738281,
          "hz": 680.1084783214808
        },
        {
          "acoustic_entropy": 12.789690017700195,
          "acoustic_entropy_side": 13.87031364440918,
          "hz": 802.3292461747484
        },
        {
          "acoustic_entropy": 13.458120346069336,
          "acoustic_entropy_side": 13.335811614990234,
          "hz": 935.3737400823702
        },
        {
          "acoustic_entropy": 12.871307373046875,
          "acoustic_entropy_side": 13.491445541381836,
          "hz": 1080.2004963696966
        },
        {
          "acoustic_entropy": 13.85000991821289,
          "acoustic_entropy_side": 13.678071022033691,
          "hz": 1237.8529382007157
        },
        {
          "acoustic_entropy": 14.01390552520752,
          "acoustic_entropy_side": 13.693949699401855,
          "hz": 1409.4668930556702
        },
        {
          "acoustic_entropy": 13.542211532592773,
          "acoustic_entropy_side": 13.578048706054688,
          "hz": 1596.2787759475705
        },
        {
          "acoustic_entropy": 13.475302696228027,
          "acoustic_entropy_side": 13.554605484008789,
          "hz": 1799.6344973346393
        },
        {
          "acoustic_entropy": 13.405928611755371,
          "acoustic_entropy_side": 13.631059646606445,
          "hz": 2020.9991599069049
        },
        {
          "acoustic_entropy": 13.406922340393066,
          "acoustic_entropy_side": 13.564861297607422,
          "hz": 2261.9676141086993
        },
        {
          "acoustic_entropy": 13.802452087402344,
          "acoustic_entropy_side": 13.590434074401855,
          "hz": 2524.2759484456974
        },
        {
          "acoustic_entropy": 13.491616249084473,
          "acoustic_entropy_side": 13.568288803100586,
          "hz": 2809.813997359896
        },
        {
          "acoustic_entropy": 13.594826698303223,
          "acoustic_entropy_side": 13.610237121582031,
          "hz": 3120.6389567871424
        },
        {
          "acoustic_entropy": 13.510359764099121,
