{
  "acoustic_entropy": 147.43565368652344,
  "bands": [
    {
      "high_freq": 148.1999969482422,
      "loudness": -21.327167510986328,
      "loudness_range": 8.52646255493164,
      "mid_mean": -17.80171012878418,
      "mid_to_side_loudness": -18.06629753112793,
      "mid_to_side_loudness_range": 23.415748596191406,
      "side_mean": -38.034820556640625
    },
    {
      "high_freq": 392.3793640136719,
      "loudness": -24.583261489868164,
      "loudness_range": 13.138067245483398,
      "low_freq": 148.1999969482422,
      "mid_mean": -21.44229507446289,
      "mid_to_side_loudness": -11.083831787109375,
      "mid_to_side_loudness_range": 15.90479850769043,
      "side_mean": -32.799949645996094
    },
    {
      "high_freq": 794.6976318359375,
      "loudness": -24.810293197631836,
      "loudness_range": 11.048847198486328,
      "low_freq": 392.3793640136719,
      "mid_mean": -21.289894104003906,
      "mid_to_side_loudness": -15.382617950439453,
      "mid_to_side_loudness_range": 17.68923568725586,
      "side_mean": -36.94443893432617
    },
    {
      "high_freq": 1457.5709228515625,
      "loudness": -23.55203628540039,
      "loudness_range": 11.362344741821289,
      "low_freq": 794.6976318359375,
      "mid_mean": -20.074501037597656,
      "mid_to_side_loudness": -15.850553512573242,
      "mid_to_side_loudness_range": 16.083860397338867,
      "side_mean": -36.05170822143555
    },
    {
      "high_freq": 2549.74365234375,
      "loudness": -26.05279541015625,
      "loudness_range": 12.024120330810547,
      "low_freq": 1457.5709228515625,
      "mid_mean": -22.619464874267578,
      "mid_to_side_loudness": -14.737663269042969,
      "mid_to_side_loudness_range": 14.655034065246582,
      "side_mean": -37.24907302856445
    },
    {
      "high_freq": 4349.24462890625,
      "loudness": -32.32166290283203,
      "loudness_range": 9.391206741333008,
      "low_freq": 2549.74365234375,
      "mid_mean": -29.103404998779297,
      "mid_to_side_loudness": -11.456377029418945,
      "mid_to_side_loudness_range": 13.492132186889648,
      "side_mean": -40.46240234375
    },
    {
      "high_freq": 7314.1640625,
      "loudness": -35.53982925415039,
      "loudness_range": 14.558958053588867,
      "low_freq": 4349.24462890625,
      "mid_mean": -32.354610443115234,
      "mid_to_side_loudness": -11.969550132751465,
      "mid_to_side_loudness_range": 16.136972427368164,
      "side_mean": -44.812782287597656
    },
    {
      "high_freq": 12199.2666015625,
      "loudness": -38.46989822387695,
      "loudness_range": 20.27754020690918,
      "low_freq": 7314.1640625,
      "mid_mean": -35.3827018737793,
      "mid_to_side_loudness": -13.456356048583984,
      "mid_to_side_loudness_range": 19.77957534790039,
      "side_mean": -51.326717376708984
    },
    {
      "loudness": -37.673526763916016,
      "loudness_range": 30.869462966918945,
      "low_freq": 12199.2666015625,
      "mid_mean": -34.96299743652344,
      "mid_to_side_loudness": -19.012123107910156,
      "mid_to_side_loudness_range": 29.90945053100586,
      "side_mean": -57.44326400756836
    }
  ],
  "bands_short": [
    {
      "high_freq": 148.1999969482422,
      "loudness": -22.336183547973633,
      "loudness_range": 11.385982513427734,
      "mid_mean": -19.235328674316406,
      "mid_to_side_loudness": -15.411968231201172,
      "mid_to_side_loudness_range": 30.317035675048828,
      "side_mean": -43.057708740234375
    },
    {
      "high_freq": 392.3793640136719,
      "loudness": -24.056652069091797,
      "loudness_range": 19.27365493774414,
      "low_freq": 148.1999969482422,
      "mid_mean": -21.027143478393555,
      "mid_to_side_loudness": -11.762784957885742,
      "mid_to_side_loudness_range": 18.913042068481445,
      "side_mean": -34.81037521362305
    },
    {
      "high_freq": 794.6976318359375,
      "loudness": -26.401336669921875,
      "loudness_range": 18.191360473632812,
      "low_freq": 392.3793640136719,
      "mid_mean": -23.3404483795166,
      "mid_to_side_loudness": -13.549886703491211,
      "mid_to_side_loudness_range": 24.31420135498047,
      "side_mean": -37.82004928588867
    },
    {
      "high_freq": 1457.5709228515625,
      "loudness": -25.260889053344727,
      "loudness_range": 20.127731323242188,
      "low_freq": 794.6976318359375,
      "mid_mean": -22.195646286010742,
      "mid_to_side_loudness": -13.840253829956055,
      "mid_to_side_loudness_range": 22.141510009765625,
      "side_mean": -36.377376556396484
    },
    {
      "high_freq": 2549.74365234375,
      "loudness": -28.008228302001953,
      "loudness_range": 19.679893493652344,
      "low_freq": 1457.5709228515625,
      "mid_mean": -24.941272735595703,
      "mid_to_side_loudness": -12.697151184082031,
      "mid_to_side_loudness_range": 20.182010650634766,
      "side_mean": -37.683570861816406
    },
    {
      "high_freq": 4349.24462890625,
      "loudness": -33.34370040893555,
      "loudness_range": 14.514850616455078,
      "low_freq": 2549.74365234375,
      "mid_mean": -30.308725357055664,
      "mid_to_side_loudness": -11.05078125,
      "mid_to_side_loudness_range": 18.970876693725586,
      "side_mean": -41.75418472290039
    },
    {
      "high_freq": 7314.1640625,
      "loudness": -36.817787170410156,
      "loudness_range": 19.366121292114258,
      "low_freq": 4349.24462890625,
      "mid_mean": -33.777740478515625,
      "mid_to_side_loudness": -10.9744291305542,
      "mid_to_side_loudness_range": 19.270843505859375,
      "side_mean": -46.44580841064453
    },
    {
      "high_freq": 12199.2666015625,
      "loudness": -41.0509147644043,
      "loudness_range": 29.419864654541016,
      "low_freq": 7314.1640625,
      "mid_mean": -38.60159683227539,
      "mid_to_side_loudness": -11.284825325012207,
      "mid_to_side_loudness_range": 22.29899024963379,
      "side_mean": -53.542110443115234
    },
    {
      "loudness": -43.23783874511719,
      "loudness_range": 36.70011901855469,
      "low_freq": 12199.2666015625,
      "mid_mean": -42.30708312988281,
      "mid_to_side_loudness": -11.542860984802246,
      "mid_to_side_loudness_range": 25.473848342895508,
      "side_mean": -59.109439849853516
    }
  ],
  "bandwidth": 565.3291625976562,
  "channels": 2,
  "covariance": [
    [
      22.269628524780273,
      22.618995666503906,
      13.164173126220703,
      21.158336639404297,
      2.751141309738159,
      12.695910453796387,
      1.2583303451538086,
      6.540719509124756,
      0.4229275584220886,
      7.938536167144775,
      4.81223201751709,
      12.933270454406738,
      9.23556900024414,
      20.956411361694336,
      13.302156448364258,
      24.466297149658203,
      12.307815551757812,
      18.113245010375977
    ],
    [
      22.618995666503906,
      75.60055541992188,
      28.132631301879883,
      60.06671905517578,
      4.356006622314453,
      32.14594650268555,
      2.6010725498199463,
      17.301273345947266,
      3.9720327854156494,
      20.328927993774414,
      8.482230186462402,
      32.3402214050293,
      15.549962997436523,
      50.00682067871094,
      21.528181076049805,
      61.1508903503418,
      15.297418594360352,
      47.27217483520508
    ],
    [
      13.164173126220703,
      28.132631301879883,
      25.67164421081543,
      34.86417770385742,
      7.250840187072754,
      18.257034301757812,
      4.831558704376221,
      9.61205005645752,
      5.598373889923096,
      10.842900276184082,
      9.337920188903809,
      19.739194869995117,
      14.817670822143555,
      31.840667724609375,
      15.17971134185791,
      35.19451141357422,
      11.78742504119873,
      25.7072811126709
    ],
    [
      21.158336639404297,
      60.06671905517578,
      34.86417770385742,
      83.50869750976562,
      7.536602973937988,
      37.330013275146484,
      5.666712284088135,
      20.048250198364258,
      6.403506755828857,
      22.68619155883789,
      13.050511360168457,
      40.61220169067383,
      25.59623908996582,
      67.17024993896484,
      32.10589599609375,
      77.09458923339844,
      16.207340240478516,
      57.67363357543945
    ],
    [
      2.751141309738159,
      4.356006622314453,
      7.250840187072754,
      7.536602973937988,
      19.878446578979492,
      7.960261821746826,
      17.429004669189453,
      5.093638896942139,
      17.124052047729492,
      6.130016326904297,
      9.591540336608887,
      6.023852825164795,
      3.994292736053467,
      7.1758527755737305,
      3.386108160018921,
      5.868206977844238,
      3.0648510456085205,
      4.396608829498291
    ],
    [
      12.695910453796387,
      32.14594650268555,
      18.257034301757812,
      37.330013275146484,
      7.960261821746826,
      26.284828186035156,
      5.416528701782227,
      13.449856758117676,
      6.315613746643066,
      16.14308738708496,
      8.705365180969238,
      21.689422607421875,
      13.398050308227539,
      33.62114334106445,
      16.221635818481445,
      39.589969635009766,
      9.956184387207031,
      30.703420639038086
    ],
    [
      1.2583303451538086,
      2.6010725498199463,
      4.831558704376221,
      5.666712284088135,
      17.429004669189453,
      5.416528701782227,
      25.64716911315918,
      7.4330339431762695,
      19.99868392944336,
      6.674614429473877,
      10.41740608215332,
      5.607293605804443,
      4.729373931884766,
      5.17749547958374,
      5.036013126373291,
      3.5669825077056885,
      6.858636856079102,
      2.793346643447876
    ],
    [
      6.540719509124756,
      17.301273345947266,
      9.61205005645752,
      20.048250198364258,
      5.093638896942139,
      13.449856758117676,
      7.4330339431762695,
      13.097530364990234,
      5.7617597579956055,
      12.110881805419922,
      6.41465425491333,
      12.258213996887207,
      9.013725280761719,
      17.1437931060791,
      12.048093795776367,
      21.93587303161621,
      13.197340965270996,
      18.25956916809082
    ],
    [
      0.4229275584220886,
      3.9720327854156494,
      5.598373889923096,
      6.403506755828857,
      17.124052047729492,
      6.315613746643066,
      19.99868392944336,
      5.7617597579956055,
      24.767786026000977,
      6.099366188049316,
      11.916597366333008,
      6.196674823760986,
      5.600205421447754,
      7.390271186828613,
      7.624960899353027,
      9.486186981201172,
      6.293450355529785,
      6.751040458679199
    ],
    [
      7.938536167144775,
      20.328927993774414,
      10.842900276184082,
      22.68619155883789,
      6.130016326904297,
      16.14308738708496,
      6.674614429473877,
      12.110881805419922,
      6.099366188049316,
      14.373663902282715,
      7.813291549682617,
      14.642129898071289,
      10.52155876159668,
      20.136892318725586,
      14.710321426391602,
      25.711423873901367,
      15.38275146484375,
      21.13533592224121
    ],
    [
      4.81223201751709,
      8.482230186462402,
      9.337920188903809,
      13.050511360168457,
      9.591540336608887,
      8.705365180969238,
      10.41740608215332,
      6.41465425491333,
      11.916597366333008,
      7.813291549682617,
      18.39036750793457,
      10.281309127807617,
      17.704740524291992,
      13.729239463806152,
      18.98953628540039,
      19.55348777770996,
      19.08858871459961,
      14.911090850830078
    ],
    [
      12.933270454406738,
      32.3402214050293,
      19.739194869995117,
      40.61220169067383,
      6.023852825164795,
      21.689422607421875,
      5.607293605804443,
      12.258213996887207,
      6.196674823760986,
      14.642129898071289,
      10.281309127807617,
      27.485116958618164,
      15.540127754211426,
      40.010276794433594,
      17.37110710144043,
      44.19567108154297,
      7.862201690673828,
      33.331573486328125
    ],
    [
      9.23556900024414,
      15.549962997436523,
      14.817670822143555,
      25.59623908996582,
      3.994292736053467,
      13.398050308227539,
      4.729373931884766,
      9.013725280761719,
      5.600205421447754,
      10.52155876159668,
      17.704740524291992,
      15.540127754211426,
      35.69561767578125,
      25.23622703552246,
      41.286678314208984,
      33.09579086303711,
      49.569583892822266,
      24.802621841430664
    ],
    [
      20.956411361694336,
      50.00682067871094,
      31.840667724609375,
      67.17024993896484,
      7.1758527755737305,
      33.62114334106445,
      5.17749547958374,
      17.1437931060791,
      7.390271186828613,
      20.136892318725586,
      13.729239463806152,
      40.010276794433594,
      25.23622703552246,
      67.31867218017578,
      27.389280319213867,
      72.7601089477539,
      10.895742416381836,
      53.33037567138672
    ],
    [
      13.302156448364258,
      21.528181076049805,
      15.17971134185791,
      32.10589599609375,
      3.386108160018921,
      16.221635818481445,
      5.036013126373291,
      12.048093795776367,
      7.624960899353027,
      14.710321426391602,
      18.98953628540039,
      17.37110710144043,
      41.286678314208984,
      27.389280319213867,
      70.28919219970703,
      39.43259811401367,
      86.18673706054688,
      30.484848022460938
    ],
    [
      24.466297149658203,
      61.1508903503418,
      35.19451141357422,
      77.09458923339844,
      5.868206977844238,
      39.589969635009766,
      3.5669825077056885,
      21.93587303161621,
      9.486186981201172,
      25.711423873901367,
      19.55348777770996,
      44.19567108154297,
      33.09579086303711,
      72.7601089477539,
      39.43259811401367,
      106.14088439941406,
      20.018585205078125,
      77.08914947509766
    ],
    [
      12.307815551757812,
      15.297418594360352,
      11.78742504119873,
      16.207340240478516,
      3.0648510456085205,
      9.956184387207031,
      6.858636856079102,
      13.197340965270996,
      6.293450355529785,
      15.38275146484375,
      19.08858871459961,
      7.862201690673828,
      49.569583892822266,
      10.895742416381836,
      86.18673706054688,
      20.018585205078125,
      157.24554443359375,
      17.16649627685547
    ],
    [
      18.113245010375977,
      47.27217483520508,
      25.7072811126709,
      57.67363357543945,
      4.396608829498291,
      30.703420639038086,
      2.793346643447876,
      18.25956916809082,
      6.751040458679199,
      21.13533592224121,
      14.911090850830078,
      33.331573486328125,
      24.802621841430664,
      53.33037567138672,
      30.484848022460938,
      77.08914947509766,
      17.16649627685547,
      58.60041809082031
    ]
  ],
  "covariance_short": [
    [
      43.09614944458008,
      21.273479461669922,
      20.330984115600586,
      21.663427352905273,
      6.449877738952637,
      12.833194732666016,
      6.145233631134033,
      6.844162940979004,
      4.697322368621826,
      8.174079895019531,
      6.916170120239258,
      12.780895233154297,
      8.330460548400879,
      18.099449157714844,
      12.199666976928711,
      19.21717643737793,
      13.156728744506836,
      12.153841972351074
    ],
    [
      21.273479461669922,
      145.0510711669922,
      45.758026123046875,
      98.652587890625,
      22.158710479736328,
      48.33110809326172,
      22.166019439697266,
      25.152923583984375,
      22.464561462402344,
      29.771770477294922,
      21.230220794677734,
      51.30575942993164,
      31.184568405151367,
      78.68022155761719,
      46.385986328125,
      98.45170593261719,
      47.52615737915039,
      68.29745483398438
    ],
    [
      20.330984115600586,
      45.758026123046875,
      51.461578369140625,
      53.63704299926758,
      9.459768295288086,
      25.00096893310547,
      7.845846176147461,
      11.793291091918945,
      5.12880277633667,
      13.283266067504883,
      10.386796951293945,
      27.784067153930664,
      18.91533660888672,
      45.14653015136719,
      28.174463272094727,
      50.77191162109375,
      26.131742477416992,
      33.307655334472656
    ],
    [
      21.663427352905273,
      98.652587890625,
      53.63704299926758,
      121.38545989990234,
      24.37337303161621,
      54.509429931640625,
      21.158716201782227,
      29.508140563964844,
      20.956199645996094,
      31.71601676940918,
      21.803897857666016,
      57.859710693359375,
      33.688377380371094,
      91.97303009033203,
      49.25238800048828,
      107.70807647705078,
      41.91452407836914,
      75.2362289428711
    ],
    [
      6.449877738952637,
      22.158710479736328,
      9.459768295288086,
      24.37337303161621,
      60.449546813964844,
      19.57213592529297,
      52.412818908691406,
      12.055617332458496,
      51.216487884521484,
      16.16391944885254,
      29.036815643310547,
      20.851974487304688,
      16.704551696777344,
      21.797096252441406,
      16.08063316345215,
      20.976505279541016,
      20.129213333129883,
      13.32868480682373
    ],
    [
      12.833194732666016,
      48.33110809326172,
      25.00096893310547,
      54.509429931640625,
      19.57213592529297,
      42.68360137939453,
      17.516803741455078,
      17.505924224853516,
      17.65627670288086,
      20.343286514282227,
      16.943984985351562,
      32.42952346801758,
      20.948923110961914,
      48.00815200805664,
      28.355188369750977,
      57.55889129638672,
      27.537460327148438,
      40.8250846862793
    ],
    [
      6.145233631134033,
      22.166019439697266,
      7.845846176147461,
      21.158716201782227,
      52.412818908691406,
      17.516803741455078,
      69.61268615722656,
      14.322185516357422,
      59.85776138305664,
      15.87985897064209,
      32.929168701171875,
      18.965133666992188,
      12.007192611694336,
      21.11121368408203,
      9.958695411682129,
      19.034536361694336,
      15.97647762298584,
      12.375290870666504
    ],
    [
      6.844162940979004,
      25.152923583984375,
      11.793291091918945,
      29.508140563964844,
      12.055617332458496,
      17.505924224853516,
      14.322185516357422,
      20.37490463256836,
      13.73605728149414,
      14.724449157714844,
      9.356803894042969,
      19.30659294128418,
      9.451001167297363,
      25.13860511779785,
      14.614338874816895,
      33.62080383300781,
      15.070795059204102,
      25.638351440429688
    ],
    [
      4.697322368621826,
      22.464561462402344,
      5.12880277633667,
      20.956199645996094,
      51.216487884521484,
      17.65627670288086,
      59.85776138305664,
      13.73605728149414,
      65.64170837402344,
      16.377967834472656,
      36.951744079589844,
      20.629365921020508,
      16.95607566833496,
      23.295578002929688,
      16.390029907226562,
      22.789087295532227,
      20.057973861694336,
      15.112055778503418
    ],
    [
      8.174079895019531,
      29.771770477294922,
      13.283266067504883,
      31.71601676940918,
      16.16391944885254,
      20.343286514282227,
      15.87985897064209,
      14.724449157714844,
      16.377967834472656,
      19.64005470275879,
      12.57620620727539,
      22.39728355407715,
      13.237576484680176,
      27.974502563476562,
      19.436344146728516,
      35.426658630371094,
      21.304340362548828,
      27.072799682617188
    ],
    [
      6.916170120239258,
      21.230220794677734,
      10.386796951293945,
      21.803897857666016,
      29.036815643310547,
      16.943984985351562,
      32.929168701171875,
      9.356803894042969,
      36.951744079589844,
      12.57620620727539,
      39.85870361328125,
      18.42424201965332,
      30.635398864746094,
      26.43303680419922,
      31.753761291503906,
      28.173219680786133,
      36.66967010498047,
      18.168916702270508
    ],
    [
      12.780895233154297,
      51.30575942993164,
      27.784067153930664,
      57.859710693359375,
      20.851974487304688,
      32.42952346801758,
      18.965133666992188,
      19.30659294128418,
      20.629365921020508,
      22.39728355407715,
      18.42424201965332,
      45.57473373413086,
      23.213449478149414,
      57.07828903198242,
      31.897214889526367,
      65.19514465332031,
      27.993005752563477,
      45.949947357177734
    ],
    [
      8.330460548400879,
      31.184568405151367,
      18.91533660888672,
      33.688377380371094,
      16.704551696777344,
      20.948923110961914,
      12.007192611694336,
      9.451001167297363,
      16.95607566833496,
      13.237576484680176,
      30.635398864746094,
      23.213449478149414,
      51.317771911621094,
      38.21122360229492,
      61.9205436706543,
      40.416316986083984,
      72.93801879882812,
      24.98446273803711
    ],
    [
      18.099449157714844,
      78.68022155761719,
      45.14653015136719,
      91.97303009033203,
      21.797096252441406,
      48.00815200805664,
      21.11121368408203,
      25.13860511779785,
      23.295578002929688,
      27.974502563476562,
      26.43303680419922,
      57.07828903198242,
      38.21122360229492,
      93.77849578857422,
      53.43653106689453,
      98.71119689941406,
      47.05046463012695,
      68.05223083496094
    ],
    [
      12.199666976928711,
      46.385986328125,
      28.174463272094727,
      49.25238800048828,
      16.08063316345215,
      28.355188369750977,
      9.958695411682129,
      14.614338874816895,
      16.390029907226562,
      19.436344146728516,
      31.753761291503906,
      31.897214889526367,
      61.9205436706543,
      53.43653106689453,
      95.64518737792969,
      58.96156692504883,
      115.85393524169922,
      37.52048110961914
    ],
    [
      19.21717643737793,
      98.45170593261719,
      50.77191162109375,
      107.70807647705078,
      20.976505279541016,
      57.55889129638672,
      19.034536361694336,
      33.62080383300781,
      22.789087295532227,
      35.426658630371094,
      28.173219680786133,
      65.19514465332031,
      40.416316986083984,
      98.71119689941406,
      58.96156692504883,
      137.6057891845703,
      50.229496002197266,
      96.37023162841797
    ],
    [
      13.156728744506836,
      47.52615737915039,
      26.131742477416992,
      41.91452407836914,
      20.129213333129883,
      27.537460327148438,
      15.97647762298584,
      15.070795059204102,
      20.057973861694336,
      21.304340362548828,
      36.66967010498047,
      27.993005752563477,
      72.93801879882812,
      47.05046463012695,
      115.85393524169922,
      50.229496002197266,
      187.8291778564453,
      28.58154296875
    ],
    [
      12.153841972351074,
      68.29745483398438,
      33.307655334472656,
      75.2362289428711,
      13.32868480682373,
      40.8250846862793,
      12.375290870666504,
      25.638351440429688,
      15.112055778503418,
      27.072799682617188,
      18.168916702270508,
      45.949947357177734,
      24.98446273803711,
      68.05223083496094,
      37.52048110961914,
      96.37023162841797,
      28.58154296875,
      76.427490234375
    ]
  ],
  "damage": -7.141804218292236,
  "diff_bandwidth": 601.4846801757812,
  "dissonance": 7.7854140097196955,
  "drr": 5.239007949829102,
  "dynamics": 2.6667211055755615,
  "format": 1245190,
  "frames": 1785856,
  "loudness": -12.295459747314453,
  "loudness_range": 5.568106651306152,
  "loudness_range_short": 8.536200523376465,
  "lowpass_true_peak_15khz": 0.3028384745121002,
  "mastering3_acoustic_entropies": [
    {
      "acoustic_entropy": 8.319381713867188,
      "acoustic_entropy_mono": 8.635749816894531,
      "band_eliminated_acoustic_entropies": [
        {
          "acoustic_entropy": 8.242511749267578,
          "acoustic_entropy_side": 8.319311141967773,
          "hz": 129.47220167065723
        },
        {
          "acoustic_entropy": 7.8787431716918945,
          "acoustic_entropy_side": 8.342050552368164,
          "hz": 202.92927478742237
        },
        {
          "acoustic_entropy": 7.990597248077393,
          "acoustic_entropy_side": 8.38341999053955,
          "hz": 282.89161906338205
        },
        {
          "acoustic_entropy": 8.531301498413086,
          "acoustic_entropy_side": 8.362066268920898,
          "hz": 369.9353335868758
        },
        {
          "acoustic_entropy": 8.480838775634766,
          "acoustic_entropy_side": 8.34887981414795,
          "hz": 464.6875360973435
        },
        {
          "acoustic_entropy": 8.223492622375488,
          "acoustic_entropy_side": 8.330414772033691,
          "hz": 567.8308811364784
        },
        {
          "acoustic_entropy": 8.891358375549316,
          "acoustic_entropy_side": 8.333358764648438,
          "hz": 680.1084783214808
        },
        {
          "acoustic_entropy": 9.0509672164917,
          "acoustic_entropy_side": 8.334922790527344,
          "hz": 802.3292461747484
        },
        {
          "acoustic_entropy": 8.863008499145508,
          "acoustic_entropy_side": 8.332131385803223,
          "hz": 935.3737400823702
        },
        {
          "acoustic_entropy": 8.009927749633789,
          "acoustic_entropy_side": 8.375555038452148,
          "hz": 1080.2004963696966
        },
        {
          "acoustic_entropy": 9.124499320983887,
          "acoustic_entropy_side": 8.353052139282227,
          "hz": 1237.8529382007157
        },
        {
          "acoustic_entropy": 8.316956520080566,
          "acoustic_entropy_side": 8.3599853515625,
          "hz": 1409.4668930556702
        },
        {
          "acoustic_entropy": 9.012690544128418,
          "acoustic_entropy_side": 8.33299446105957,
          "hz": 1596.2787759475705
        },
        {
          "acoustic_entropy": 8.563516616821289,
          "acoustic_entropy_side": 8.326534271240234,
          "hz": 1799.6344973346393
        },
        {
          "acoustic_entropy": 8.7626371383667,
          "acoustic_entropy_side": 8.364864349365234,
          "hz": 2020.9991599069049
        },
        {
          "acoustic_entropy": 8.759064674377441,
          "acoustic_entropy_side": 8.322184562683105,
          "hz": 2261.9676141086993
        },
        {
          "acoustic_entropy": 8.419317245483398,
          "acoustic_entropy_side": 8.36350154876709,
          "hz": 2524.2759484456974
        },
        {
          "acoustic_entropy": 8.267745018005371,
          "acoustic_entropy_side": 8.3388671875,
          "hz": 2809.813997359896
        },
        {
          "acoustic_entropy": 8.319402694702148,
          "acoustic_entropy_side": 8.326834678649902,
          "hz": 3120.6389567871424
        },
        {
          "acoustic_entropy": 8.35323715209961,
          "acoustic_entropy_side": 8.320120811462402,
          "hz": 3458.990205492291
        },
        {
          "acoustic_entropy": 8.324649810791016,
          "acoustic_entropy_side": 8.3189058303833,
          "hz": 3827.305438964164
        },
        {
          "acoustic_entropy": 8.25711727142334,
          "acoustic_entropy_side": 8.319214820861816,
          "hz": 4228.238232109126
        },
        {
          "acoustic_entropy": 8.24125862121582,
          "acoustic_entropy_side": 8.318921089172363,
          "hz": 4664.6771572759235
        },
        {
          "acoustic_entropy": 8.253220558166504,
          "acoustic_entropy_side": 8.318428993225098,
          "hz": 5139.766595350093
        },
        {
          "acoustic_entropy": 8.222084999084473,
          "acoustic_entropy_side": 8.319014549255371,
          "hz": 5656.929389854203
        },
        {
          "acoustic_entropy": 8.22072982788086,
          "acoustic_entropy_side": 8.319849967956543,
          "hz": 6219.891507268283
        },
        {
          "acoustic_entropy": 8.247673988342285,
          "acoustic_entropy_side": 8.320466995239258,
          "hz": 6832.70888123896
        },
        {
          "acoustic_entropy": 8.218668937683105,
          "acoustic_entropy_side": 8.32051944732666,
          "hz": 7499.796634079867
        },
        {
          "acoustic_entropy": 8.245948791503906,
          "acoustic_entropy_side": 8.320687294006348,
          "hz": 8225.96088609342
        },
        {
          "acoustic_entropy": 8.247870445251465,
          "acoustic_entropy_side": 8.32064437866211,
          "hz": 9016.43338188839
        },
        {
          "acoustic_entropy": 8.252422332763672,
          "acoustic_entropy_side": 8.320820808410645,
          "hz": 9876.909183162974
        },
        {
          "acoustic_entropy": 8.251468658447266,
          "acoustic_entropy_side": 8.320603370666504,
          "hz": 10813.587699516042
        },
        {
          "acoustic_entropy": 8.254426956176758,
          "acoustic_entropy_side": 8.319793701171875,
          "hz": 11833.21735289826
        },
        {
          "acoustic_entropy": 8.268477439880371,
          "acoustic_entropy_side": 8.320076942443848,
          "hz": 12943.144197493959
        },
        {
          "acoustic_entropy": 8.288371086120605,
          "acoustic_entropy_side": 8.31988525390625,
          "hz": 14151.364845322005
        },
        {
          "acoustic_entropy": 8.213225364685059,
          "acoustic_entropy_side": 8.31960678100586,
          "hz": 15466.58407886509
        },
        {
          "acoustic_entropy": 8.076537132263184,
          "acoustic_entropy_side": 8.319445610046387,
          "hz": 16898.27756580493
        },
        {
          "acoustic_entropy": 8.201655387878418,
          "acoustic_entropy_side": 8.319396018981934,
          "hz": 18456.760127700032
        },
        {
          "acoustic_entropy": 8.23582935333252,
          "acoustic_entropy_side": 8.319385528564453,
          "hz": 20153.260054456492
        },
        {
          "acoustic_entropy": 8.280012130737305,
          "acoustic_entropy_side": 8.319381713867188,
          "hz": 22000.00000000001
        }
      ],
      "diff_acoustic_entropy": 8.44406795501709,
      "sn": 6
    },
    {
      "acoustic_entropy": 11.585869789123535,
      "acoustic_entropy_mono": 11.987281799316406,
      "band_eliminated_acoustic_entropies": [
        {
          "acoustic_entropy": 11.618996620178223,
          "acoustic_entropy_side": 11.589850425720215,
          "hz": 129.47220167065723
        },
        {
          "acoustic_entropy": 11.509088516235352,
          "acoustic_entropy_side": 11.538877487182617,
          "hz": 202.92927478742237
        },
        {
          "acoustic_entropy": 12.168017387390137,
          "acoustic_entropy_side": 11.47655963897705,
          "hz": 282.89161906338205
        },
        {
          "acoustic_entropy": 11.516983985900879,
          "acoustic_entropy_side": 11.581443786621094,
          "hz": 369.9353335868758
        },
        {
          "acoustic_entropy": 12.032843589782715,
          "acoustic_entropy_side": 11.553520202636719,
          "hz": 464.6875360973435
        },
        {
          "acoustic_entropy": 12.026904106140137,
          "acoustic_entropy_side": 11.550686836242676,
          "hz": 567.8308811364784
        },
        {
          "acoustic_entropy": 11.605088233947754,
          "acoustic_entropy_side": 11.573881149291992,
          "hz": 680.1084783214808
        },
        {
          "acoustic_entropy": 12.352644920349121,
          "acoustic_entropy_side": 11.574625968933105,
          "hz": 802.3292461747484
        },
        {
          "acoustic_entropy": 12.52058219909668,
          "acoustic_entropy_side": 11.60555362701416,
          "hz": 935.3737400823702
        },
        {
          "acoustic_entropy": 11.257267951965332,
          "acoustic_entropy_side": 11.573050498962402,
          "hz": 1080.2004963696966
        },
        {
          "acoustic_entropy": 11.780786514282227,
          "acoustic_entropy_side": 11.582473754882812,
          "hz": 1237.8529382007157
        },
        {
          "acoustic_entropy": 11.580548286437988,
          "acoustic_entropy_side": 11.520465850830078,
          "hz": 1409.4668930556702
        },
        {
          "acoustic_entropy": 11.872956275939941,
          "acoustic_entropy_side": 11.515299797058105,
          "hz": 1596.2787759475705
        },
        {
          "acoustic_entropy": 11.520759582519531,
          "acoustic_entropy_side": 11.578463554382324,
          "hz": 1799.6344973346393
        },
        {
          "acoustic_entropy": 11.91696548461914,
          "acoustic_entropy_side": 11.533834457397461,
          "hz": 2020.9991599069049
        },
        {
          "acoustic_entropy": 11.684329986572266,
          "acoustic_entropy_side": 11.570029258728027,
          "hz": 2261.9676141086993
        },
        {
          "acoustic_entropy": 11.771062850952148,
          "acoustic_entropy_side": 11.528146743774414,
          "hz": 2524.2759484456974
        },
        {
          "acoustic_entropy": 11.498940467834473,
          "acoustic_entropy_side": 11.536264419555664,
          "hz": 2809.813997359896
        },
        {
          "acoustic_entropy": 11.492188453674316,
          "acoustic_entropy_side": 11.577995300292969,
          "hz": 3120.6389567871424
        },
        {
          "acoustic_entropy": 11.30667495727539,
          "acoustic_entropy_side": 11.566658973693848,
          "hz": 3458.990205492291
        },
        {
          "acoustic_entropy": 11.559714317321777,
          "acoustic_entropy_side": 11.584184646606445,
          "hz": 3827.305438964164
        },
        {
          "acoustic_entropy": 11.595799446105957,
          "acoustic_entropy_side": 11.57890510559082,
          "hz": 4228.238232109126
        },
        {
          "acoustic_entropy": 11.558904647827148,
          "acoustic_entropy_side": 11.56532096862793,
          "hz": 4664.6771572759235
        },
        {
          "acoustic_entropy": 11.576925277709961,
          "acoustic_entropy_side": 11.57468032836914,
          "hz": 5139.766595350093
        },
        {
          "acoustic_entropy": 11.542236328125,
          "acoustic_entropy_side": 11.572144508361816,
          "hz": 5656.929389854203
        },
        {
          "acoustic_entropy": 11.495288848876953,
          "acoustic_entropy_side": 11.57436466217041,
          "hz": 6219.891507268283
        },
        {
          "acoustic_entropy": 11.484271049499512,
          "acoustic_entropy_side": 11.57770824432373,
          "hz": 6832.70888123896
        },
        {
          "acoustic_entropy": 11.442214965820312,
          "acoustic_entropy_side": 11.582633972167969,
          "hz": 7499.796634079867
        },
        {
          "acoustic_entropy": 11.48208999633789,
          "acoustic_entropy_side": 11.5829496383667,
          "hz": 8225.96088609342
        },
        {
          "acoustic_entropy": 11.510058403015137,
          "acoustic_entropy_side": 11.580388069152832,
          "hz": 9016.43338188839
        },
        {
          "acoustic_entropy": 11.523542404174805,
          "acoustic_entropy_side": 11.583324432373047,
          "hz": 9876.909183162974
        },
        {
          "acoustic_entropy": 11.52149772644043,
          "acoustic_entropy_side": 11.579621315002441,
          "hz": 10813.587699516042
        },
        {
          "acoustic_entropy": 11.515674591064453,
          "acoustic_entropy_side": 11.576594352722168,
          "hz": 11833.21735289826
        },
        {
          "acoustic_entropy": 11.514920234680176,
          "acoustic_entropy_side": 11.581988334655762,
          "hz": 12943.144197493959
        },
        {
          "acoustic_entropy": 11.507694244384766,
          "acoustic_entropy_side": 11.584338188171387,
          "hz": 14151.364845322005
        },
        {
          "acoustic_entropy": 11.454021453857422,
          "acoustic_entropy_side": 11.584756851196289,
          "hz": 15466.58407886509
        },
        {
          "acoustic_entropy": 11.328983306884766,
          "acoustic_entropy_side": 11.585427284240723,
          "hz": 16898.27756580493
        },
        {
          "acoustic_entropy": 11.402663230895996,
          "acoustic_entropy_side": 11.585775375366211,
          "hz": 18456.760127700032
        },
        {
          "acoustic_entropy": 11.431533813476562,
          "acoustic_entropy_side": 11.585872650146484,
          "hz": 20153.260054456492
        },
        {
          "acoustic_entropy": 11.537866592407227,
          "acoustic_entropy_side": 11.585867881774902,
          "hz": 22000.00000000001
        }
      ],
      "diff_acoustic_entropy": 11.476625442504883,
      "sn": 12
    },
    {
      "acoustic_entropy": 18.043560028076172,
      "acoustic_entropy_mono": 15.654590606689453,
      "band_eliminated_acoustic_entropies": [
        {
          "acoustic_entropy": 17.950428009033203,
          "acoustic_entropy_side": 18.21782875061035,
          "hz": 129.47220167065723
        },
        {
          "acoustic_entropy": 17.661752700805664,
          "acoustic_entropy_side": 18.293716430664062,
          "hz": 202.92927478742237
        },
        {
          "acoustic_entropy": 18.234004974365234,
          "acoustic_entropy_side": 17.768009185791016,
          "hz": 282.89161906338205
        },
        {
          "acoustic_entropy": 17.386606216430664,
          "acoustic_entropy_side": 17.9339542388916,
          "hz": 369.9353335868758
        },
        {
          "acoustic_entropy": 18.72487449645996,
          "acoustic_entropy_side": 18.325355529785156,
          "hz": 464.6875360973435
        },
        {
          "acoustic_entropy": 18.106538772583008,
          "acoustic_entropy_side": 18.2569522857666,
          "hz": 567.8308811364784
        },
        {
          "acoustic_entropy": 17.465696334838867,
          "acoustic_entropy_side": 18.09067153930664,
          "hz": 680.1084783214808
        },
        {
          "acoustic_entropy": 19.04349708557129,
          "acoustic_entropy_side": 18.0991268157959,
          "hz": 802.3292461747484
        },
        {
          "acoustic_entropy": 18.76595687866211,
          "acoustic_entropy_side": 17.84303092956543,
          "hz": 935.3737400823702
        },
        {
          "acoustic_entropy": 17.811458587646484,
          "acoustic_entropy_side": 18.184253692626953,
          "hz": 1080.2004963696966
        },
        {
          "acoustic_entropy": 18.8162784576416,
          "acoustic_entropy_side": 17.757230758666992,
          "hz": 1237.8529382007157
        },
        {
          "acoustic_entropy": 18.123329162597656,
          "acoustic_entropy_side": 17.703996658325195,
          "hz": 1409.4668930556702
        },
        {
          "acoustic_entropy": 18.00374412536621,
          "acoustic_entropy_side": 18.1872615814209,
          "hz": 1596.2787759475705
        },
        {
          "acoustic_entropy": 18.00764274597168,
          "acoustic_entropy_side": 17.857547760009766,
          "hz": 1799.6344973346393
        },
        {
          "acoustic_entropy": 18.30765724182129,
          "acoustic_entropy_side": 17.947452545166016,
          "hz": 2020.9991599069049
        },
        {
          "acoustic_entropy": 18.396238327026367,
          "acoustic_entropy_side": 18.05343246459961,
          "hz": 2261.9676141086993
        },
        {
          "acoustic_entropy": 18.365741729736328,
          "acoustic_entropy_side": 17.942075729370117,
          "hz": 2524.2759484456974
        },
        {
          "acoustic_entropy": 18.195079803466797,
          "acoustic_entropy_side": 18.06390380859375,
          "hz": 2809.813997359896
        },
        {
          "acoustic_entropy": 18.08571434020996,
          "acoustic_entropy_side": 18.10254669189453,
