{
  "acoustic_entropy": 212.08462524414062,
  "bands": [
    {
      "high_freq": 148.1999969482422,
      "loudness": -39.3541259765625,
      "loudness_range": 8.790782928466797,
      "mid_mean": -37.28334426879883,
      "mid_to_side_loudness": -5.357215404510498,
      "mid_to_side_loudness_range": 10.916810035705566,
      "side_mean": -42.31195068359375
    },
    {
      "high_freq": 392.3793640136719,
      "loudness": -26.479703903198242,
      "loudness_range": 4.479742050170898,
      "low_freq": 148.1999969482422,
      "mid_mean": -26.34100341796875,
      "mid_to_side_loudness": 0.7074293494224548,
      "mid_to_side_loudness_range": 6.635638236999512,
      "side_mean": -25.531770706176758
    },
    {
      "high_freq": 794.6976318359375,
      "loudness": -33.08009719848633,
      "loudness_range": 12.117013931274414,
      "low_freq": 392.3793640136719,
      "mid_mean": -32.672550201416016,
      "mid_to_side_loudness": 0.2093292772769928,
      "mid_to_side_loudness_range": 6.6961588859558105,
      "side_mean": -32.17181396484375
    },
    {
      "high_freq": 1457.5709228515625,
      "loudness": -31.425016403198242,
      "loudness_range": 15.92525863647461,
      "low_freq": 794.6976318359375,
      "mid_mean": -30.956174850463867,
      "mid_to_side_loudness": -0.46798473596572876,
      "mid_to_side_loudness_range": 4.475327491760254,
      "side_mean": -30.785160064697266
    },
    {
      "high_freq": 2549.74365234375,
      "loudness": -30.254457473754883,
      "loudness_range": 9.836915969848633,
      "low_freq": 1457.5709228515625,
      "mid_mean": -29.7100887298584,
      "mid_to_side_loudness": -0.3100719153881073,
      "mid_to_side_loudness_range": 2.8171956539154053,
      "side_mean": -29.7135009765625
    },
    {
      "high_freq": 4349.24462890625,
      "loudness": -33.0770149230957,
      "loudness_range": 12.838863372802734,
      "low_freq": 2549.74365234375,
      "mid_mean": -32.38245391845703,
      "mid_to_side_loudness": -0.376798540353775,
      "mid_to_side_loudness_range": 2.658463954925537,
      "side_mean": -32.620887756347656
    },
    {
      "high_freq": 7314.1640625,
      "loudness": -36.20989227294922,
      "loudness_range": 11.297386169433594,
      "low_freq": 4349.24462890625,
      "mid_mean": -35.59761047363281,
      "mid_to_side_loudness": -0.258423388004303,
      "mid_to_side_loudness_range": 2.10728120803833,
      "side_mean": -35.667999267578125
    },
    {
      "high_freq": 12199.2666015625,
      "loudness": -38.649749755859375,
      "loudness_range": 10.129940032958984,
      "low_freq": 7314.1640625,
      "mid_mean": -37.854915618896484,
      "mid_to_side_loudness": -0.3798986077308655,
      "mid_to_side_loudness_range": 1.5818698406219482,
      "side_mean": -38.09254455566406
    },
    {
      "loudness": -56.13112258911133,
      "loudness_range": 19.473529815673828,
      "low_freq": 12199.2666015625,
      "mid_mean": -55.290287017822266,
      "mid_to_side_loudness": 0.3228771686553955,
      "mid_to_side_loudness_range": 1.024587631225586,
      "side_mean": -54.97443771362305
    }
  ],
  "bands_short": [
    {
      "high_freq": 148.1999969482422,
      "loudness": -42.57975387573242,
      "loudness_range": 13.326255798339844,
      "mid_mean": -41.139652252197266,
      "mid_to_side_loudness": -4.5981059074401855,
      "mid_to_side_loudness_range": 19.388137817382812,
      "side_mean": -45.46803283691406
    },
    {
      "high_freq": 392.3793640136719,
      "loudness": -27.306581497192383,
      "loudness_range": 7.977214813232422,
      "low_freq": 148.1999969482422,
      "mid_mean": -27.05535888671875,
      "mid_to_side_loudness": 0.11868174374103546,
      "mid_to_side_loudness_range": 10.420733451843262,
      "side_mean": -26.876596450805664
    },
    {
      "high_freq": 794.6976318359375,
      "loudness": -32.12604904174805,
      "loudness_range": 12.411678314208984,
      "low_freq": 392.3793640136719,
      "mid_mean": -32.48993682861328,
      "mid_to_side_loudness": 0.9816423058509827,
      "mid_to_side_loudness_range": 10.087014198303223,
      "side_mean": -31.091535568237305
    },
    {
      "high_freq": 1457.5709228515625,
      "loudness": -32.82792663574219,
      "loudness_range": 18.225006103515625,
      "low_freq": 794.6976318359375,
      "mid_mean": -32.31045150756836,
      "mid_to_side_loudness": -0.3915318548679352,
      "mid_to_side_loudness_range": 6.8151397705078125,
      "side_mean": -32.307708740234375
    },
    {
      "high_freq": 2549.74365234375,
      "loudness": -32.69319534301758,
      "loudness_range": 17.98705291748047,
      "low_freq": 1457.5709228515625,
      "mid_mean": -32.111366271972656,
      "mid_to_side_loudness": -0.33785781264305115,
      "mid_to_side_loudness_range": 5.450436592102051,
      "side_mean": -32.197208404541016
    },
    {
      "high_freq": 4349.24462890625,
      "loudness": -35.374176025390625,
      "loudness_range": 18.621885299682617,
      "low_freq": 2549.74365234375,
      "mid_mean": -34.79243469238281,
      "mid_to_side_loudness": -0.2656266987323761,
      "mid_to_side_loudness_range": 4.682957649230957,
      "side_mean": -34.928958892822266
    },
    {
      "high_freq": 7314.1640625,
      "loudness": -38.37825012207031,
      "loudness_range": 18.405517578125,
      "low_freq": 4349.24462890625,
      "mid_mean": -37.748592376708984,
      "mid_to_side_loudness": -0.28705015778541565,
      "mid_to_side_loudness_range": 3.519744873046875,
      "side_mean": -37.83012008666992
    },
    {
      "high_freq": 12199.2666015625,
      "loudness": -41.2017936706543,
      "loudness_range": 19.020021438598633,
      "low_freq": 7314.1640625,
      "mid_mean": -40.46072769165039,
      "mid_to_side_loudness": -0.36655882000923157,
      "mid_to_side_loudness_range": 2.8363606929779053,
      "side_mean": -40.741878509521484
    },
    {
      "loudness": -57.96775436401367,
      "loudness_range": 22.90789794921875,
      "low_freq": 12199.2666015625,
      "mid_mean": -56.90602111816406,
      "mid_to_side_loudness": 0.2821841835975647,
      "mid_to_side_loudness_range": 1.92084538936615,
      "side_mean": -56.65085220336914
    }
  ],
  "bandwidth": 803.0695190429688,
  "channels": 2,
  "covariance": [
    [
      22.884347915649414,
      11.96239948272705,
      5.14676570892334,
      6.706221103668213,
      7.690610885620117,
      6.2845282554626465,
      10.689773559570312,
      6.651001453399658,
      9.612382888793945,
      7.354116439819336,
      5.942273139953613,
      8.044915199279785,
      8.224132537841797,
      10.379080772399902,
      7.272095680236816,
      9.1375732421875,
      6.789024829864502,
      8.206361770629883
    ],
    [
      11.96239948272705,
      23.476306915283203,
      4.53703498840332,
      8.801451683044434,
      10.037449836730957,
      7.115132808685303,
      13.018531799316406,
      11.983040809631348,
      10.139100074768066,
      10.904086112976074,
      9.872329711914062,
      10.099991798400879,
      9.050989151000977,
      9.09630298614502,
      7.636340141296387,
      7.891674041748047,
      10.1687650680542,
      10.418548583984375
    ],
    [
      5.14676570892334,
      4.53703498840332,
      8.505823135375977,
      5.160909175872803,
      5.17979621887207,
      5.465137958526611,
      6.105841159820557,
      5.676369667053223,
      5.745330333709717,
      5.905854225158691,
      6.659252643585205,
      5.690220355987549,
      3.777831554412842,
      2.6851143836975098,
      4.5507493019104,
      3.059394598007202,
      1.2943010330200195,
      1.235031247138977
    ],
    [
      6.706221103668213,
      8.801451683044434,
      5.160909175872803,
      10.380537986755371,
      5.796092987060547,
      5.1156229972839355,
      8.637467384338379,
      7.681181907653809,
      8.708277702331543,
      8.865447044372559,
      7.9604268074035645,
      6.408267498016357,
      5.248260498046875,
      5.102481365203857,
      5.191488265991211,
      5.23525857925415,
      2.1578640937805176,
      2.1432254314422607
    ],
    [
      7.690610885620117,
      10.037449836730957,
      5.17979621887207,
      5.796092987060547,
      22.777685165405273,
      16.85665512084961,
      18.76991081237793,
      17.688701629638672,
      14.816459655761719,
      14.087233543395996,
      15.541515350341797,
      15.235808372497559,
      7.754796028137207,
      7.868505954742432,
      6.363560199737549,
      6.346505165100098,
      7.552346229553223,
      8.268840789794922
    ],
    [
      6.2845282554626465,
      7.115132808685303,
      5.465137958526611,
      5.1156229972839355,
      16.85665512084961,
      18.168472290039062,
      14.990488052368164,
      15.117240905761719,
      12.303014755249023,
      12.70533275604248,
      13.062971115112305,
      12.719271659851074,
      7.603653907775879,
      7.178414344787598,
      5.76530647277832,
      5.740170955657959,
      7.48665189743042,
      7.67530632019043
    ],
    [
      10.689773559570312,
      13.018531799316406,
      6.105841159820557,
      8.637467384338379,
      18.76991081237793,
      14.990488052368164,
      30.916929244995117,
      27.415508270263672,
      19.997379302978516,
      19.572858810424805,
      20.738628387451172,
      20.567968368530273,
      12.184294700622559,
      11.737671852111816,
      9.065269470214844,
      8.981736183166504,
      10.267629623413086,
      11.324586868286133
    ],
    [
      6.651001453399658,
      11.983040809631348,
      5.676369667053223,
      7.681181907653809,
      17.688701629638672,
      15.117240905761719,
      27.415508270263672,
      29.511920928955078,
      18.15681266784668,
      19.425771713256836,
      20.808101654052734,
      20.320636749267578,
      10.595479965209961,
      9.767757415771484,
      6.568722248077393,
      6.716645240783691,
      10.32680606842041,
      10.660723686218262
    ],
    [
      9.612382888793945,
      10.139100074768066,
      5.745330333709717,
      8.708277702331543,
      14.816459655761719,
      12.303014755249023,
      19.997379302978516,
      18.15681266784668,
      21.05016326904297,
      19.122724533081055,
      17.72626495361328,
      17.130096435546875,
      11.434405326843262,
      12.8211669921875,
      9.53123950958252,
      10.155653953552246,
      9.43259048461914,
      10.33086109161377
    ],
    [
      7.354116439819336,
      10.904086112976074,
      5.905854225158691,
      8.865447044372559,
      14.087233543395996,
      12.70533275604248,
      19.572858810424805,
      19.425771713256836,
      19.122724533081055,
      20.408058166503906,
      18.32861328125,
      17.133466720581055,
      10.81220531463623,
      11.292354583740234,
      9.00269603729248,
      9.15906810760498,
      10.153314590454102,
      10.485356330871582
    ],
    [
      5.942273139953613,
      9.872329711914062,
      6.659252643585205,
      7.9604268074035645,
      15.541515350341797,
      13.062971115112305,
      20.738628387451172,
      20.808101654052734,
      17.72626495361328,
      18.32861328125,
      22.544397354125977,
      18.97360610961914,
      10.22321891784668,
      8.745759010314941,
      7.899555683135986,
      6.906569004058838,
      10.2976713180542,
      10.727227210998535
    ],
    [
      8.044915199279785,
      10.099991798400879,
      5.690220355987549,
      6.408267498016357,
      15.235808372497559,
      12.719271659851074,
      20.567968368530273,
      20.320636749267578,
      17.130096435546875,
      17.133466720581055,
      18.97360610961914,
      23.304431915283203,
      9.60793399810791,
      10.737950325012207,
      5.610351085662842,
      6.810395240783691,
      9.080801010131836,
      10.012690544128418
    ],
    [
      8.224132537841797,
      9.050989151000977,
      3.777831554412842,
      5.248260498046875,
      7.754796028137207,
      7.603653907775879,
      12.184294700622559,
      10.595479965209961,
      11.434405326843262,
      10.81220531463623,
      10.22321891784668,
      9.60793399810791,
      21.517574310302734,
      19.937387466430664,
      16.385168075561523,
      16.411052703857422,
      25.606353759765625,
      26.4709415435791
    ],
    [
      10.379080772399902,
      9.09630298614502,
      2.6851143836975098,
      5.102481365203857,
      7.868505954742432,
      7.178414344787598,
      11.737671852111816,
      9.767757415771484,
      12.8211669921875,
      11.292354583740234,
      8.745759010314941,
      10.737950325012207,
      19.937387466430664,
      23.577861785888672,
      15.925153732299805,
      17.8345947265625,
      24.75599479675293,
      26.0004940032959
    ],
    [
      7.272095680236816,
      7.636340141296387,
      4.5507493019104,
      5.191488265991211,
      6.363560199737549,
      5.76530647277832,
      9.065269470214844,
      6.568722248077393,
      9.53123950958252,
      9.00269603729248,
      7.899555683135986,
      5.610351085662842,
      16.385168075561523,
      15.925153732299805,
      16.65670394897461,
      15.26074504852295,
      19.37492561340332,
      19.80255889892578
    ],
    [
      9.1375732421875,
      7.891674041748047,
      3.059394598007202,
      5.23525857925415,
      6.346505165100098,
      5.740170955657959,
      8.981736183166504,
      6.716645240783691,
      10.155653953552246,
      9.15906810760498,
      6.906569004058838,
      6.810395240783691,
      16.411052703857422,
      17.8345947265625,
      15.26074504852295,
      16.915283203125,
      18.9670467376709,
      19.86792755126953
    ],
    [
      6.789024829864502,
      10.1687650680542,
      1.2943010330200195,
      2.1578640937805176,
      7.552346229553223,
      7.48665189743042,
      10.267629623413086,
      10.32680606842041,
      9.43259048461914,
      10.153314590454102,
      10.2976713180542,
      9.080801010131836,
      25.606353759765625,
      24.75599479675293,
      19.37492561340332,
      18.9670467376709,
      48.648475646972656,
      49.56816101074219
    ],
    [
      8.206361770629883,
      10.418548583984375,
      1.235031247138977,
      2.1432254314422607,
      8.268840789794922,
      7.67530632019043,
      11.324586868286133,
      10.660723686218262,
      10.33086109161377,
      10.485356330871582,
      10.727227210998535,
      10.012690544128418,
      26.4709415435791,
      26.0004940032959,
      19.80255889892578,
      19.86792755126953,
      49.56816101074219,
      50.8635139465332
    ]
  ],
  "covariance_short": [
    [
      35.478668212890625,
      15.659185409545898,
      5.241507053375244,
      7.585954666137695,
      8.972188949584961,
      6.409497261047363,
      8.812411308288574,
      7.041508674621582,
      7.252233982086182,
      5.965245723724365,
      6.9196014404296875,
      7.133977890014648,
      7.077333927154541,
      6.998768329620361,
      6.249576091766357,
      7.124424934387207,
      6.190515995025635,
      7.081333160400391
    ],
    [
      15.659185409545898,
      44.673667907714844,
      6.119574069976807,
      10.182419776916504,
      11.890467643737793,
      9.353553771972656,
      14.858342170715332,
      13.885912895202637,
      10.174296379089355,
      10.409917831420898,
      12.965041160583496,
      12.080926895141602,
      11.081991195678711,
      10.289745330810547,
      8.842124938964844,
      9.50357437133789,
      11.253213882446289,
      11.798859596252441
    ],
    [
      5.241507053375244,
      6.119574069976807,
      13.945723533630371,
      8.476360321044922,
      6.837039470672607,
      6.735060691833496,
      8.572209358215332,
      8.123992919921875,
      8.149456024169922,
      8.49432373046875,
      10.973414421081543,
      9.468790054321289,
      7.786609172821045,
      6.749920845031738,
      8.095686912536621,
      7.578484535217285,
      3.8928098678588867,
      3.8159263134002686
    ],
    [
      7.585954666137695,
      10.182419776916504,
      8.476360321044922,
      17.06686782836914,
      8.076458930969238,
      8.331350326538086,
      11.369696617126465,
      10.660216331481934,
      10.15504264831543,
      10.712228775024414,
      12.119681358337402,
      11.82909870147705,
      9.886505126953125,
      9.780210494995117,
      9.46550178527832,
      9.6796236038208,
      5.031346321105957,
      5.048902988433838
    ],
    [
      8.972188949584961,
      11.890467643737793,
      6.837039470672607,
      8.076458930969238,
      27.471046447753906,
      17.75210952758789,
      19.720457077026367,
      18.393842697143555,
      16.94388771057129,
      16.287397384643555,
      19.390405654907227,
      18.8223819732666,
      10.367881774902344,
      10.361929893493652,
      8.814614295959473,
      9.24241828918457,
      6.912672996520996,
      7.513454437255859
    ],
    [
      6.409497261047363,
      9.353553771972656,
      6.735060691833496,
      8.331350326538086,
      17.75210952758789,
      22.757614135742188,
      17.966747283935547,
      17.87085723876953,
      15.212684631347656,
      15.802933692932129,
      19.01874351501465,
      18.610187530517578,
      11.497260093688965,
      11.326375961303711,
      9.425814628601074,
      9.65662670135498,
      8.635247230529785,
      8.854575157165527
    ],
    [
      8.812411308288574,
      14.858342170715332,
      8.572209358215332,
      11.369696617126465,
      19.720457077026367,
      17.966747283935547,
      44.183555603027344,
      40.57254409790039,
      29.75710105895996,
      29.7927188873291,
      33.102333068847656,
      32.83728790283203,
      20.61325454711914,
      20.58885383605957,
      17.245380401611328,
      18.1690673828125,
      14.033127784729004,
      14.837932586669922
    ],
    [
      7.041508674621582,
      13.885912895202637,
      8.123992919921875,
      10.660216331481934,
      18.393842697143555,
      17.87085723876953,
      40.57254409790039,
      44.86860656738281,
      29.694143295288086,
      30.76593017578125,
      34.047607421875,
      33.517887115478516,
      20.48916244506836,
      20.24561309814453,
      17.057533264160156,
      17.35457992553711,
      14.939599990844727,
      15.355340957641602
    ],
    [
      7.252233982086182,
      10.174296379089355,
      8.149456024169922,
      10.15504264831543,
      16.94388771057129,
      15.212684631347656,
      29.75710105895996,
      29.694143295288086,
      41.214534759521484,
      38.06831741333008,
      35.24039077758789,
      35.77371597290039,
      23.93280792236328,
      25.00944709777832,
      22.9986572265625,
      24.021087646484375,
      16.2601318359375,
      17.211069107055664
    ],
    [
      5.965245723724365,
      10.409917831420898,
      8.49432373046875,
      10.712228775024414,
      16.287397384643555,
      15.802933692932129,
      29.7927188873291,
      30.76593017578125,
      38.06831741333008,
      41.93132781982422,
      35.701515197753906,
      35.88398742675781,
      24.52369499206543,
      25.09591293334961,
      23.269224166870117,
      23.655715942382812,
      17.364416122436523,
      17.947912216186523
    ],
    [
      6.9196014404296875,
      12.965041160583496,
      10.973414421081543,
      12.119681358337402,
      19.390405654907227,
      19.01874351501465,
      33.102333068847656,
      34.047607421875,
      35.24039077758789,
      35.701515197753906,
      45.01317596435547,
      41.507259368896484,
      24.489526748657227,
      23.550569534301758,
      21.1976375579834,
      21.150007247924805,
      17.817325592041016,
      18.53211212158203
    ],
    [
      7.133977890014648,
      12.080926895141602,
      9.468790054321289,
      11.82909870147705,
      18.8223819732666,
      18.610187530517578,
      32.83728790283203,
      33.517887115478516,
      35.77371597290039,
      35.88398742675781,
      41.507259368896484,
      44.852603912353516,
      23.337133407592773,
      24.449321746826172,
      20.26749610900879,
      21.475337982177734,
      17.23887062072754,
      18.146766662597656
    ],
    [
      7.077333927154541,
      11.081991195678711,
      7.786609172821045,
      9.886505126953125,
      10.367881774902344,
      11.497260093688965,
      20.61325454711914,
      20.48916244506836,
      23.93280792236328,
      24.52369499206543,
      24.489526748657227,
      23.337133407592773,
      43.22377014160156,
      41.34004211425781,
      40.49650192260742,
      40.98228454589844,
      38.550079345703125,
      39.748619079589844
    ],
    [
      6.998768329620361,
      10.289745330810547,
      6.749920845031738,
      9.780210494995117,
      10.361929893493652,
      11.326375961303711,
      20.58885383605957,
      20.24561309814453,
      25.00944709777832,
      25.09591293334961,
      23.550569534301758,
      24.449321746826172,
      41.34004211425781,
      44.23552322387695,
      39.587806701660156,
      41.33662796020508,
      37.94572448730469,
      39.39879608154297
    ],
    [
      6.249576091766357,
      8.842124938964844,
      8.095686912536621,
      9.46550178527832,
      8.814614295959473,
      9.425814628601074,
      17.245380401611328,
      17.057533264160156,
      22.9986572265625,
      23.269224166870117,
      21.1976375579834,
      20.26749610900879,
      40.49650192260742,
      39.587806701660156,
      46.876853942871094,
      45.752132415771484,
      37.162628173828125,
      38.120662689208984
    ],
    [
      7.124424934387207,
      9.50357437133789,
      7.578484535217285,
      9.6796236038208,
      9.24241828918457,
      9.65662670135498,
      18.1690673828125,
      17.35457992553711,
      24.021087646484375,
      23.655715942382812,
      21.150007247924805,
      21.475337982177734,
      40.98228454589844,
      41.33662796020508,
      45.752132415771484,
      47.96068572998047,
      37.1743049621582,
      38.50843811035156
    ],
    [
      6.190515995025635,
      11.253213882446289,
      3.8928098678588867,
      5.031346321105957,
      6.912672996520996,
      8.635247230529785,
      14.033127784729004,
      14.939599990844727,
      16.2601318359375,
      17.364416122436523,
      17.817325592041016,
      17.23887062072754,
      38.550079345703125,
      37.94572448730469,
      37.162628173828125,
      37.1743049621582,
      54.677188873291016,
      55.83835220336914
    ],
    [
      7.081333160400391,
      11.798859596252441,
      3.8159263134002686,
      5.048902988433838,
      7.513454437255859,
      8.854575157165527,
      14.837932586669922,
      15.355340957641602,
      17.211069107055664,
      17.947912216186523,
      18.53211212158203,
      18.146766662597656,
      39.748619079589844,
      39.39879608154297,
      38.120662689208984,
      38.50843811035156,
      55.83835220336914,
      57.5637321472168
    ]
  ],
  "damage": -14.744450569152832,
  "diff_bandwidth": 838.7703247070312,
  "dissonance": 10.780196920864418,
  "drr": 0.976300060749054,
  "dynamics": 2.5772056579589844,
  "format": 1245190,
  "frames": 2702272,
  "loudness": -18.804494857788086,
  "loudness_range": 6.057943344116211,
  "loudness_range_short": 9.58745002746582,
  "lowpass_true_peak_15khz": -3.8400189876556396,
  "mastering3_acoustic_entropies": [
    {
      "acoustic_entropy": 5.314181804656982,
      "acoustic_entropy_mono": 5.17264461517334,
      "band_eliminated_acoustic_entropies": [
        {
          "acoustic_entropy": 5.303487777709961,
          "acoustic_entropy_side": 5.310906887054443,
          "hz": 129.47220167065723
        },
        {
          "acoustic_entropy": 5.483227252960205,
          "acoustic_entropy_side": 5.436167240142822,
          "hz": 202.92927478742237
        },
        {
          "acoustic_entropy": 5.341670989990234,
          "acoustic_entropy_side": 5.309191703796387,
          "hz": 282.89161906338205
        },
        {
          "acoustic_entropy": 5.335238456726074,
          "acoustic_entropy_side": 5.471065998077393,
          "hz": 369.9353335868758
        },
        {
          "acoustic_entropy": 5.4674458503723145,
          "acoustic_entropy_side": 5.456287860870361,
          "hz": 464.6875360973435
        },
        {
          "acoustic_entropy": 5.4498186111450195,
          "acoustic_entropy_side": 5.395643711090088,
          "hz": 567.8308811364784
        },
        {
          "acoustic_entropy": 5.505218505859375,
          "acoustic_entropy_side": 5.657477378845215,
          "hz": 680.1084783214808
        },
        {
          "acoustic_entropy": 5.464173793792725,
          "acoustic_entropy_side": 5.730258464813232,
          "hz": 802.3292461747484
        },
        {
          "acoustic_entropy": 5.625311374664307,
          "acoustic_entropy_side": 5.890625476837158,
          "hz": 935.3737400823702
        },
        {
          "acoustic_entropy": 5.141879558563232,
          "acoustic_entropy_side": 5.103994846343994,
          "hz": 1080.2004963696966
        },
        {
          "acoustic_entropy": 5.439636707305908,
          "acoustic_entropy_side": 5.589578628540039,
          "hz": 1237.8529382007157
        },
        {
          "acoustic_entropy": 5.553548336029053,
          "acoustic_entropy_side": 5.418514251708984,
          "hz": 1409.4668930556702
        },
        {
          "acoustic_entropy": 5.66556453704834,
          "acoustic_entropy_side": 5.685467720031738,
          "hz": 1596.2787759475705
        },
        {
          "acoustic_entropy": 5.443670272827148,
          "acoustic_entropy_side": 5.5708184242248535,
          "hz": 1799.6344973346393
        },
        {
          "acoustic_entropy": 5.171840667724609,
          "acoustic_entropy_side": 5.238074779510498,
          "hz": 2020.9991599069049
        },
        {
          "acoustic_entropy": 5.349490642547607,
          "acoustic_entropy_side": 5.2645039558410645,
          "hz": 2261.9676141086993
        },
        {
          "acoustic_entropy": 5.130751132965088,
          "acoustic_entropy_side": 5.124995708465576,
          "hz": 2524.2759484456974
        },
        {
          "acoustic_entropy": 5.490756988525391,
          "acoustic_entropy_side": 5.587398529052734,
          "hz": 2809.813997359896
        },
        {
          "acoustic_entropy": 5.319263458251953,
          "acoustic_entropy_side": 4.965204238891602,
          "hz": 3120.6389567871424
        },
        {
          "acoustic_entropy": 4.9599223136901855,
          "acoustic_entropy_side": 4.952266216278076,
          "hz": 3458.990205492291
        },
        {
          "acoustic_entropy": 5.210597991943359,
          "acoustic_entropy_side": 5.275887489318848,
          "hz": 3827.305438964164
        },
        {
          "acoustic_entropy": 5.223699569702148,
          "acoustic_entropy_side": 5.258049964904785,
          "hz": 4228.238232109126
        },
        {
          "acoustic_entropy": 5.394840717315674,
          "acoustic_entropy_side": 5.349886417388916,
          "hz": 4664.6771572759235
        },
        {
          "acoustic_entropy": 5.507688045501709,
          "acoustic_entropy_side": 5.405880928039551,
          "hz": 5139.766595350093
        },
        {
          "acoustic_entropy": 5.613209247589111,
          "acoustic_entropy_side": 5.337281703948975,
          "hz": 5656.929389854203
        },
        {
          "acoustic_entropy": 5.311066627502441,
          "acoustic_entropy_side": 5.289064884185791,
          "hz": 6219.891507268283
        },
        {
          "acoustic_entropy": 5.128193378448486,
          "acoustic_entropy_side": 5.183440208435059,
          "hz": 6832.70888123896
        },
        {
          "acoustic_entropy": 5.318131923675537,
          "acoustic_entropy_side": 5.008030891418457,
          "hz": 7499.796634079867
        },
        {
          "acoustic_entropy": 5.331765174865723,
          "acoustic_entropy_side": 5.328541278839111,
          "hz": 8225.96088609342
        },
        {
          "acoustic_entropy": 5.15641450881958,
          "acoustic_entropy_side": 5.087566375732422,
          "hz": 9016.43338188839
        },
        {
          "acoustic_entropy": 4.990267276763916,
          "acoustic_entropy_side": 5.106775283813477,
          "hz": 9876.909183162974
        },
        {
          "acoustic_entropy": 5.285078525543213,
          "acoustic_entropy_side": 4.968067169189453,
          "hz": 10813.587699516042
        },
        {
          "acoustic_entropy": 5.264394283294678,
          "acoustic_entropy_side": 5.2992963790893555,
          "hz": 11833.21735289826
        },
        {
          "acoustic_entropy": 5.3171610832214355,
          "acoustic_entropy_side": 5.315588474273682,
          "hz": 12943.144197493959
        },
        {
          "acoustic_entropy": 5.287038326263428,
          "acoustic_entropy_side": 5.29860258102417,
          "hz": 14151.364845322005
        },
        {
          "acoustic_entropy": 5.3014302253723145,
          "acoustic_entropy_side": 5.307209491729736,
          "hz": 15466.58407886509
        },
        {
          "acoustic_entropy": 5.314560890197754,
          "acoustic_entropy_side": 5.3143696784973145,
          "hz": 16898.27756580493
        },
        {
          "acoustic_entropy": 5.314195156097412,
          "acoustic_entropy_side": 5.314189910888672,
          "hz": 18456.760127700032
        },
        {
          "acoustic_entropy": 5.31418514251709,
          "acoustic_entropy_side": 5.314184188842773,
          "hz": 20153.260054456492
        },
        {
          "acoustic_entropy": 5.314182281494141,
          "acoustic_entropy_side": 5.314182281494141,
          "hz": 22000.00000000001
        }
      ],
      "diff_acoustic_entropy": 3.8709816932678223,
      "sn": 6
    },
    {
      "acoustic_entropy": 8.465023040771484,
      "acoustic_entropy_mono": 8.20887279510498,
      "band_eliminated_acoustic_entropies": [
        {
          "acoustic_entropy": 8.464110374450684,
          "acoustic_entropy_side": 8.461194038391113,
          "hz": 129.47220167065723
        },
        {
          "acoustic_entropy": 8.329643249511719,
          "acoustic_entropy_side": 8.313519477844238,
          "hz": 202.92927478742237
        },
        {
          "acoustic_entropy": 8.604036331176758,
          "acoustic_entropy_side": 8.38613224029541,
          "hz": 282.89161906338205
        },
        {
          "acoustic_entropy": 8.958212852478027,
          "acoustic_entropy_side": 8.577141761779785,
          "hz": 369.9353335868758
        },
        {
          "acoustic_entropy": 9.038308143615723,
          "acoustic_entropy_side": 8.972612380981445,
          "hz": 464.6875360973435
        },
        {
          "acoustic_entropy": 8.68343448638916,
          "acoustic_entropy_side": 8.534316062927246,
          "hz": 567.8308811364784
        },
        {
          "acoustic_entropy": 8.13126277923584,
          "acoustic_entropy_side": 8.42209243774414,
          "hz": 680.1084783214808
        },
        {
          "acoustic_entropy": 8.231759071350098,
          "acoustic_entropy_side": 8.558218955993652,
          "hz": 802.3292461747484
        },
        {
          "acoustic_entropy": 7.9832072257995605,
          "acoustic_entropy_side": 8.508584976196289,
          "hz": 935.3737400823702
        },
        {
          "acoustic_entropy": 8.178926467895508,
          "acoustic_entropy_side": 8.679450035095215,
          "hz": 1080.2004963696966
        },
        {
          "acoustic_entropy": 8.200708389282227,
          "acoustic_entropy_side": 8.231385231018066,
          "hz": 1237.8529382007157
        },
        {
          "acoustic_entropy": 8.404919624328613,
          "acoustic_entropy_side": 8.386351585388184,
          "hz": 1409.4668930556702
        },
        {
          "acoustic_entropy": 8.33469009399414,
          "acoustic_entropy_side": 8.454445838928223,
          "hz": 1596.2787759475705
        },
        {
          "acoustic_entropy": 8.545801162719727,
          "acoustic_entropy_side": 8.500347137451172,
          "hz": 1799.6344973346393
        },
        {
          "acoustic_entropy": 8.691567420959473,
          "acoustic_entropy_side": 8.634896278381348,
          "hz": 2020.9991599069049
        },
        {
          "acoustic_entropy": 8.098169326782227,
          "acoustic_entropy_side": 8.298065185546875,
          "hz": 2261.9676141086993
        },
        {
          "acoustic_entropy": 8.019384384155273,
          "acoustic_entropy_side": 8.062067031860352,
          "hz": 2524.2759484456974
        },
        {
          "acoustic_entropy": 8.230293273925781,
          "acoustic_entropy_side": 8.220206260681152,
          "hz": 2809.813997359896
        },
        {
          "acoustic_entropy": 8.406244277954102,
          "acoustic_entropy_side": 8.422523498535156,
          "hz": 3120.6389567871424
        },
        {
          "acoustic_entropy": 8.272022247314453,
          "acoustic_entropy_side": 8.367345809936523,
          "hz": 3458.990205492291
        },
        {
          "acoustic_entropy": 8.437797546386719,
          "acoustic_entropy_side": 8.458083152770996,
          "hz": 3827.305438964164
        },
        {
          "acoustic_entropy": 8.96937370300293,
          "acoustic_entropy_side": 8.656214714050293,
          "hz": 4228.238232109126
        },
        {
          "acoustic_entropy": 8.56155776977539,
          "acoustic_entropy_side": 8.522505760192871,
          "hz": 4664.6771572759235
        },
        {
          "acoustic_entropy": 8.424560546875,
          "acoustic_entropy_side": 8.482305526733398,
          "hz": 5139.766595350093
        },
        {
          "acoustic_entropy": 8.638710021972656,
          "acoustic_entropy_side": 8.493378639221191,
          "hz": 5656.929389854203
        },
        {
          "acoustic_entropy": 8.501810073852539,
          "acoustic_entropy_side": 8.506933212280273,
          "hz": 6219.891507268283
        },
        {
          "acoustic_entropy": 8.450708389282227,
          "acoustic_entropy_side": 8.425345420837402,
          "hz": 6832.70888123896
        },
        {
          "acoustic_entropy": 8.505816459655762,
          "acoustic_entropy_side": 8.456716537475586,
          "hz": 7499.796634079867
        },
        {
          "acoustic_entropy": 8.479212760925293,
          "acoustic_entropy_side": 8.467477798461914,
          "hz": 8225.96088609342
        },
        {
          "acoustic_entropy": 8.48233413696289,
          "acoustic_entropy_side": 8.48283576965332,
          "hz": 9016.43338188839
        },
        {
          "acoustic_entropy": 8.561810493469238,
          "acoustic_entropy_side": 8.50886344909668,
          "hz": 9876.909183162974
        },
        {
          "acoustic_entropy": 8.723747253417969,
          "acoustic_entropy_side": 8.584598541259766,
          "hz": 10813.587699516042
        },
        {
          "acoustic_entropy": 8.546052932739258,
          "acoustic_entropy_side": 8.51347827911377,
          "hz": 11833.21735289826
        },
        {
          "acoustic_entropy": 8.476359367370605,
          "acoustic_entropy_side": 8.472972869873047,
          "hz": 12943.144197493959
        },
        {
          "acoustic_entropy": 8.505627632141113,
          "acoustic_entropy_side": 8.494763374328613,
          "hz": 14151.364845322005
        },
        {
          "acoustic_entropy": 8.497084617614746,
          "acoustic_entropy_side": 8.485782623291016,
          "hz": 15466.58407886509
        },
        {
          "acoustic_entropy": 8.4700345993042,
          "acoustic_entropy_side": 8.467879295349121,
          "hz": 16898.27756580493
        },
        {
          "acoustic_entropy": 8.465129852294922,
          "acoustic_entropy_side": 8.465076446533203,
          "hz": 18456.760127700032
        },
        {
          "acoustic_entropy": 8.465045928955078,
          "acoustic_entropy_side": 8.465035438537598,
          "hz": 20153.260054456492
        },
        {
          "acoustic_entropy": 8.465023040771484,
          "acoustic_entropy_side": 8.465022087097168,
          "hz": 22000.00000000001
        }
      ],
      "diff_acoustic_entropy": 7.05891752243042,
      "sn": 12
    },
    {
      "acoustic_entropy": 12.546893119812012,
      "acoustic_entropy_mono": 10.934517860412598,
      "band_eliminated_acoustic_entropies": [
        {
          "acoustic_entropy": 12.501815795898438,
          "acoustic_entropy_side": 12.520475387573242,
          "hz": 129.47220167065723
        },
        {
          "acoustic_entropy": 12.548397064208984,
          "acoustic_entropy_side": 12.693697929382324,
          "hz": 202.92927478742237
        },
        {
          "acoustic_entropy": 12.860345840454102,
          "acoustic_entropy_side": 12.888764381408691,
          "hz": 282.89161906338205
        },
        {
          "acoustic_entropy": 11.715902328491211,
          "acoustic_entropy_side": 12.481633186340332,
          "hz": 369.9353335868758
        },
        {
          "acoustic_entropy": 12.613312721252441,
          "acoustic_entropy_side": 12.868839263916016,
          "hz": 464.6875360973435
        },
        {
          "acoustic_entropy": 12.591458320617676,
          "acoustic_entropy_side": 12.512869834899902,
          "hz": 567.8308811364784
        },
        {
          "acoustic_entropy": 12.837770462036133,
          "acoustic_entropy_side": 12.451953887939453,
          "hz": 680.1084783214808
        },
        {
          "acoustic_entropy": 12.571478843688965,
          "acoustic_entropy_side": 12.367169380187988,
          "hz": 802.3292461747484
        },
        {
          "acoustic_entropy": 12.017520904541016,
          "acoustic_entropy_side": 12.556136131286621,
          "hz": 935.3737400823702
        },
        {
          "acoustic_entropy": 12.028892517089844,
          "acoustic_entropy_side": 12.408674240112305,
          "hz": 1080.2004963696966
        },
        {
          "acoustic_entropy": 12.878438949584961,
          "acoustic_entropy_side": 12.801085472106934,
          "hz": 1237.8529382007157
        },
        {
          "acoustic_entropy": 12.350276947021484,
          "acoustic_entropy_side": 12.524334907531738,
          "hz": 1409.4668930556702
        },
        {
          "acoustic_entropy": 12.590598106384277,
          "acoustic_entropy_side": 12.622099876403809,
          "hz": 1596.2787759475705
        },
        {
          "acoustic_entropy": 12.602184295654297,
          "acoustic_entropy_side": 12.700682640075684,
          "hz": 1799.6344973346393
        },
        {
          "acoustic_entropy": 12.601813316345215,
          "acoustic_entropy_side": 12.381254196166992,
          "hz": 2020.9991599069049
        },
        {
          "acoustic_entropy": 12.496142387390137,
          "acoustic_entropy_side": 12.460164070129395,
          "hz": 2261.9676141086993
        },
        {
          "acoustic_entropy": 12.408985137939453,
          "acoustic_entropy_side": 12.444040298461914,
          "hz": 2524.2759484456974
        },
        {
          "acoustic_entropy": 12.342768669128418,
          "acoustic_entropy_side": 12.459787368774414,
          "hz": 2809.813997359896
        },
        {
          "acoustic_entropy": 12.828106880187988,
          "acoustic_entropy_side": 12.57132625579834,
          "hz": 3120.6389567871424
        },
        {
          "acoustic_entropy": 12.671639442443848,
