{
  "acoustic_entropy": 127.45967864990234,
  "bands": [
    {
      "high_freq": 148.1999969482422,
      "loudness": -38.361785888671875,
      "loudness_range": 18.538671493530273,
      "mid_mean": -35.50552749633789,
      "mid_to_side_loudness": -13.022699356079102,
      "mid_to_side_loudness_range": 14.508716583251953,
      "side_mean": -55.4278564453125
    },
    {
      "high_freq": 392.3793640136719,
      "loudness": -33.37736511230469,
      "loudness_range": 6.48967170715332,
      "low_freq": 148.1999969482422,
      "mid_mean": -32.187530517578125,
      "mid_to_side_loudness": -2.9716620445251465,
      "mid_to_side_loudness_range": 8.198877334594727,
      "side_mean": -35.51982116699219
    },
    {
      "high_freq": 794.6976318359375,
      "loudness": -29.0777530670166,
      "loudness_range": 6.930858612060547,
      "low_freq": 392.3793640136719,
      "mid_mean": -27.31277084350586,
      "mid_to_side_loudness": -4.522647857666016,
      "mid_to_side_loudness_range": 6.562882900238037,
      "side_mean": -32.35087585449219
    },
    {
      "high_freq": 1457.5709228515625,
      "loudness": -28.555757522583008,
      "loudness_range": 9.172883987426758,
      "low_freq": 794.6976318359375,
      "mid_mean": -26.661714553833008,
      "mid_to_side_loudness": -5.1930952072143555,
      "mid_to_side_loudness_range": 9.188179969787598,
      "side_mean": -32.62630081176758
    },
    {
      "high_freq": 2549.74365234375,
      "loudness": -30.50735855102539,
      "loudness_range": 7.16412353515625,
      "low_freq": 1457.5709228515625,
      "mid_mean": -28.126571655273438,
      "mid_to_side_loudness": -7.5427751541137695,
      "mid_to_side_loudness_range": 10.731629371643066,
      "side_mean": -36.784000396728516
    },
    {
      "high_freq": 4349.24462890625,
      "loudness": -35.90345001220703,
      "loudness_range": 13.623735427856445,
      "low_freq": 2549.74365234375,
      "mid_mean": -33.75164031982422,
      "mid_to_side_loudness": -4.962057113647461,
      "mid_to_side_loudness_range": 9.772245407104492,
      "side_mean": -39.803550720214844
    },
    {
      "high_freq": 7314.1640625,
      "loudness": -47.36777877807617,
      "loudness_range": 13.34994125366211,
      "low_freq": 4349.24462890625,
      "mid_mean": -53.25959396362305,
      "mid_to_side_loudness": -5.696719646453857,
      "mid_to_side_loudness_range": 7.684484958648682,
      "side_mean": -57.3668327331543
    },
    {
      "high_freq": 12199.2666015625,
      "loudness": -59.52581024169922,
      "loudness_range": 20.729698181152344,
      "low_freq": 7314.1640625,
      "mid_mean": -61.352943420410156,
      "mid_to_side_loudness": -3.16827654838562,
      "mid_to_side_loudness_range": 3.909628391265869,
      "side_mean": -63.335628509521484
    },
    {
      "loudness": -71.5552749633789,
      "loudness_range": 21.352127075195312,
      "low_freq": 12199.2666015625,
      "mid_mean": -67.45000457763672,
      "mid_to_side_loudness": -1.8223392963409424,
      "mid_to_side_loudness_range": 3.2705790996551514,
      "side_mean": -68.091796875
    }
  ],
  "bands_short": [
    {
      "high_freq": 148.1999969482422,
      "loudness": -40.39039611816406,
      "loudness_range": 20.154041290283203,
      "mid_mean": -38.98101806640625,
      "mid_to_side_loudness": -15.79582691192627,
      "mid_to_side_loudness_range": 21.396923065185547,
      "side_mean": -59.30786895751953
    },
    {
      "high_freq": 392.3793640136719,
      "loudness": -33.62503433227539,
      "loudness_range": 8.298833847045898,
      "low_freq": 148.1999969482422,
      "mid_mean": -32.873329162597656,
      "mid_to_side_loudness": -2.8966753482818604,
      "mid_to_side_loudness_range": 10.772117614746094,
      "side_mean": -35.79719543457031
    },
    {
      "high_freq": 794.6976318359375,
      "loudness": -29.190818786621094,
      "loudness_range": 8.13331413269043,
      "low_freq": 392.3793640136719,
      "mid_mean": -27.87656021118164,
      "mid_to_side_loudness": -4.6405463218688965,
      "mid_to_side_loudness_range": 8.58862590789795,
      "side_mean": -32.90895462036133
    },
    {
      "high_freq": 1457.5709228515625,
      "loudness": -28.724586486816406,
      "loudness_range": 10.737709045410156,
      "low_freq": 794.6976318359375,
      "mid_mean": -27.502439498901367,
      "mid_to_side_loudness": -5.058749198913574,
      "mid_to_side_loudness_range": 11.216830253601074,
      "side_mean": -33.050838470458984
    },
    {
      "high_freq": 2549.74365234375,
      "loudness": -30.87664222717285,
      "loudness_range": 10.817367553710938,
      "low_freq": 1457.5709228515625,
      "mid_mean": -28.8170108795166,
      "mid_to_side_loudness": -7.564542293548584,
      "mid_to_side_loudness_range": 11.550039291381836,
      "side_mean": -37.33249282836914
    },
    {
      "high_freq": 4349.24462890625,
      "loudness": -36.449676513671875,
      "loudness_range": 14.832382202148438,
      "low_freq": 2549.74365234375,
      "mid_mean": -34.44940185546875,
      "mid_to_side_loudness": -4.871704578399658,
      "mid_to_side_loudness_range": 11.216217041015625,
      "side_mean": -50.01881408691406
    },
    {
      "high_freq": 7314.1640625,
      "loudness": -48.60392761230469,
      "loudness_range": 17.235626220703125,
      "low_freq": 4349.24462890625,
      "mid_mean": -54.28688049316406,
      "mid_to_side_loudness": -5.4487080574035645,
      "mid_to_side_loudness_range": 8.74681282043457,
      "side_mean": -58.12348937988281
    },
    {
      "high_freq": 12199.2666015625,
      "loudness": -61.39795684814453,
      "loudness_range": 22.265377044677734,
      "low_freq": 7314.1640625,
      "mid_mean": -62.53901672363281,
      "mid_to_side_loudness": -2.8264920711517334,
      "mid_to_side_loudness_range": 5.523966312408447,
      "side_mean": -64.17650604248047
    },
    {
      "loudness": -74.29088592529297,
      "loudness_range": 22.91202163696289,
      "low_freq": 12199.2666015625,
      "mid_mean": -68.37359619140625,
      "mid_to_side_loudness": -1.5214923620224,
      "mid_to_side_loudness_range": 4.400091171264648,
      "side_mean": -68.76406860351562
    }
  ],
  "bandwidth": 873.7232666015625,
  "channels": 2,
  "covariance": [
    [
      57.47954177856445,
      35.281864166259766,
      25.587703704833984,
      23.873577117919922,
      24.6463565826416,
      22.704957962036133,
      23.734146118164062,
      27.24616050720215,
      21.632190704345703,
      37.535789489746094,
      25.253015518188477,
      33.312740325927734,
      39.05122756958008,
      34.69178771972656,
      33.138824462890625,
      26.20897674560547,
      9.194807052612305,
      6.244637489318848
    ],
    [
      35.281864166259766,
      123.10185241699219,
      19.409061431884766,
      26.937585830688477,
      22.112178802490234,
      23.748231887817383,
      18.00862693786621,
      33.3734245300293,
      18.398744583129883,
      31.132122039794922,
      23.655296325683594,
      24.944580078125,
      131.69149780273438,
      101.82037353515625,
      72.80252075195312,
      56.06044006347656,
      19.658628463745117,
      14.281105041503906
    ],
    [
      25.587703704833984,
      19.409061431884766,
      26.310834884643555,
      24.17698860168457,
      26.41111946105957,
      23.455387115478516,
      25.881731033325195,
      22.574298858642578,
      20.114986419677734,
      25.84231948852539,
      13.773893356323242,
      28.99475860595703,
      26.739334106445312,
      21.902145385742188,
      17.26029396057129,
      13.427604675292969,
      5.12488317489624,
      3.6396584510803223
    ],
    [
      23.873577117919922,
      26.937585830688477,
      24.17698860168457,
      38.186798095703125,
      28.983064651489258,
      35.3060188293457,
      26.61241912841797,
      32.555564880371094,
      24.81295394897461,
      35.093727111816406,
      17.647478103637695,
      31.340017318725586,
      34.53338623046875,
      28.064769744873047,
      22.82966423034668,
      17.541915893554688,
      7.09281063079834,
      5.259965896606445
    ],
    [
      24.6463565826416,
      22.112178802490234,
      26.41111946105957,
      28.983064651489258,
      31.524757385253906,
      27.496322631835938,
      28.907014846801758,
      25.724761962890625,
      24.813817977905273,
      27.235538482666016,
      17.20067024230957,
      33.15717697143555,
      29.819984436035156,
      24.34195327758789,
      19.0634765625,
      14.784597396850586,
      5.7260236740112305,
      4.090625762939453
    ],
    [
      22.704957962036133,
      23.748231887817383,
      23.455387115478516,
      35.3060188293457,
      27.496322631835938,
      37.19487380981445,
      28.099225997924805,
      32.127784729003906,
      22.548070907592773,
      34.61714172363281,
      13.923551559448242,
      29.363088607788086,
      32.76592254638672,
      26.80140495300293,
      19.402097702026367,
      15.163759231567383,
      5.44297456741333,
      3.8922581672668457
    ],
    [
      23.734146118164062,
      18.00862693786621,
      25.881731033325195,
      26.61241912841797,
      28.907014846801758,
      28.099225997924805,
      36.13119888305664,
      28.85021209716797,
      21.9711971282959,
      26.237455368041992,
      10.976583480834961,
      28.561220169067383,
      26.743759155273438,
      20.18673324584961,
      14.359306335449219,
      10.96061897277832,
      4.167764186859131,
      2.824681282043457
    ],
    [
      27.24616050720215,
      33.3734245300293,
      22.574298858642578,
      32.555564880371094,
      25.724761962890625,
      32.127784729003906,
      28.85021209716797,
      43.851654052734375,
      22.26158332824707,
      35.47598648071289,
      18.150081634521484,
      26.90323257446289,
      40.75334548950195,
      32.694435119628906,
      25.68539810180664,
      19.718143463134766,
      8.462759971618652,
      6.180624485015869
    ],
    [
      21.632190704345703,
      18.398744583129883,
      20.114986419677734,
      24.81295394897461,
      24.813817977905273,
      22.548070907592773,
      21.9711971282959,
      22.26158332824707,
      31.251354217529297,
      24.60463523864746,
      24.533935546875,
      30.93915367126465,
      29.785974502563477,
      25.413532257080078,
      21.676876068115234,
      17.121156692504883,
      6.890869140625,
      4.896059036254883
    ],
    [
      37.535789489746094,
      31.132122039794922,
      25.84231948852539,
      35.093727111816406,
      27.235538482666016,
      34.61714172363281,
      26.237455368041992,
      35.47598648071289,
      24.60463523864746,
      43.316104888916016,
      23.13379669189453,
      33.62101745605469,
      42.41679000854492,
      36.47080612182617,
      32.21738052368164,
      25.461275100708008,
      11.65153694152832,
      8.466631889343262
    ],
    [
      25.253015518188477,
      23.655296325683594,
      13.773893356323242,
      17.647478103637695,
      17.20067024230957,
      13.923551559448242,
      10.976583480834961,
      18.150081634521484,
      24.533935546875,
      23.13379669189453,
      40.19131851196289,
      28.96053123474121,
      34.26951217651367,
      32.53279495239258,
      31.866952896118164,
      25.355030059814453,
      10.56826400756836,
      7.397902965545654
    ],
    [
      33.312740325927734,
      24.944580078125,
      28.99475860595703,
      31.340017318725586,
      33.15717697143555,
      29.363088607788086,
      28.561220169067383,
      26.90323257446289,
      30.93915367126465,
      33.62101745605469,
      28.96053123474121,
      43.30379867553711,
      39.877662658691406,
      35.51694107055664,
      31.882183074951172,
      25.84878158569336,
      11.491434097290039,
      8.384966850280762
    ],
    [
      39.05122756958008,
      131.69149780273438,
      26.739334106445312,
      34.53338623046875,
      29.819984436035156,
      32.76592254638672,
      26.743759155273438,
      40.75334548950195,
      29.785974502563477,
      42.41679000854492,
      34.26951217651367,
      39.877662658691406,
      159.69505310058594,
      124.20354461669922,
      92.81346893310547,
      71.98558807373047,
      29.57263946533203,
      21.855642318725586
    ],
    [
      34.69178771972656,
      101.82037353515625,
      21.902145385742188,
      28.064769744873047,
      24.34195327758789,
      26.80140495300293,
      20.18673324584961,
      32.694435119628906,
      25.413532257080078,
      36.47080612182617,
      32.53279495239258,
      35.51694107055664,
      124.20354461669922,
      98.8104476928711,
      75.57604217529297,
      59.14990234375,
      25.11159896850586,
      18.57575225830078
    ],
    [
      33.138824462890625,
      72.80252075195312,
      17.26029396057129,
      22.82966423034668,
      19.0634765625,
      19.402097702026367,
      14.359306335449219,
      25.68539810180664,
      21.676876068115234,
      32.21738052368164,
      31.866952896118164,
      31.882183074951172,
      92.81346893310547,
      75.57604217529297,
      66.16241455078125,
      51.657264709472656,
      26.361467361450195,
      19.780019760131836
    ],
    [
      26.20897674560547,
      56.06044006347656,
      13.427604675292969,
      17.541915893554688,
      14.784597396850586,
      15.163759231567383,
      10.96061897277832,
      19.718143463134766,
      17.121156692504883,
      25.461275100708008,
      25.355030059814453,
      25.84878158569336,
      71.98558807373047,
      59.14990234375,
      51.657264709472656,
      40.902191162109375,
      21.127662658691406,
      15.974517822265625
    ],
    [
      9.194807052612305,
      19.658628463745117,
      5.12488317489624,
      7.09281063079834,
      5.7260236740112305,
      5.44297456741333,
      4.167764186859131,
      8.462759971618652,
      6.890869140625,
      11.65153694152832,
      10.56826400756836,
      11.491434097290039,
      29.57263946533203,
      25.11159896850586,
      26.361467361450195,
      21.127662658691406,
      16.1428165435791,
      12.640593528747559
    ],
    [
      6.244637489318848,
      14.281105041503906,
      3.6396584510803223,
      5.259965896606445,
      4.090625762939453,
      3.8922581672668457,
      2.824681282043457,
      6.180624485015869,
      4.896059036254883,
      8.466631889343262,
      7.397902965545654,
      8.384966850280762,
      21.855642318725586,
      18.57575225830078,
      19.780019760131836,
      15.974517822265625,
      12.640593528747559,
      10.051942825317383
    ]
  ],
  "covariance_short": [
    [
      101.58381652832031,
      52.08513259887695,
      31.958110809326172,
      30.49049186706543,
      31.443584442138672,
      36.37628936767578,
      40.551876068115234,
      43.10798263549805,
      27.92965316772461,
      46.328956604003906,
      20.248985290527344,
      61.872093200683594,
      57.378562927246094,
      48.46611785888672,
      38.533287048339844,
      31.278682708740234,
      10.18344497680664,
      7.662200450897217
    ],
    [
      52.08513259887695,
      90.3274154663086,
      25.986181259155273,
      23.13914680480957,
      20.357725143432617,
      19.950624465942383,
      16.774173736572266,
      31.486255645751953,
      19.237674713134766,
      32.4882926940918,
      25.409231185913086,
      118.45980072021484,
      100.08785247802734,
      80.60308074951172,
      56.17501449584961,
      44.74697494506836,
      12.924690246582031,
      9.719573020935059
    ],
    [
      31.958110809326172,
      25.986181259155273,
      33.89541244506836,
      26.943126678466797,
      27.231958389282227,
      22.366531372070312,
      24.891782760620117,
      26.285181045532227,
      26.302949905395508,
      30.962196350097656,
      17.129785537719727,
      31.5949649810791,
      31.61224365234375,
      27.440366744995117,
      21.796039581298828,
      17.67692756652832,
      5.384708881378174,
      3.986919641494751
    ],
    [
      30.49049186706543,
      23.13914680480957,
      26.943126678466797,
      39.979251861572266,
      36.026023864746094,
      33.40148162841797,
      34.093666076660156,
      32.864776611328125,
      32.652427673339844,
      34.575286865234375,
      19.42734146118164,
      39.749061584472656,
      35.9367790222168,
      29.59110450744629,
      22.7752685546875,
      17.472681045532227,
      4.848440647125244,
      3.6040902137756348
    ],
    [
      31.443584442138672,
      20.357725143432617,
      27.231958389282227,
      36.026023864746094,
      47.268218994140625,
      39.186676025390625,
      40.99174880981445,
      35.61809158325195,
      36.176246643066406,
      36.676910400390625,
      21.777729034423828,
      46.831321716308594,
      40.64960479736328,
      33.034019470214844,
      23.87548828125,
      18.590469360351562,
      5.2615437507629395,
      3.7764694690704346
    ],
    [
      36.37628936767578,
      19.950624465942383,
      22.366531372070312,
      33.40148162841797,
      39.186676025390625,
      46.028663635253906,
      42.78262710571289,
      38.54457473754883,
      32.02430725097656,
      39.540462493896484,
      18.53362464904785,
      47.26655578613281,
      40.72247314453125,
      33.5443000793457,
      23.247251510620117,
      18.060583114624023,
      5.16411018371582,
      3.817836284637451
    ],
    [
      40.551876068115234,
      16.774173736572266,
      24.891782760620117,
      34.093666076660156,
      40.99174880981445,
      42.78262710571289,
      57.338417053222656,
      45.314945220947266,
      32.81243133544922,
      40.94597244262695,
      16.00454330444336,
      46.64651870727539,
      43.0381965637207,
      32.65192794799805,
      22.173662185668945,
      16.78057098388672,
      4.487759590148926,
      3.1665265560150146
    ],
    [
      43.10798263549805,
      31.486255645751953,
      26.285181045532227,
      32.864776611328125,
      35.61809158325195,
      38.54457473754883,
      45.314945220947266,
      56.90882110595703,
      32.18266296386719,
      42.72209548950195,
      22.62910270690918,
      52.40446090698242,
      50.02775192260742,
      39.86008834838867,
      27.243167877197266,
      20.893224716186523,
      5.696714878082275,
      4.092103004455566
    ],
    [
      27.92965316772461,
      19.237674713134766,
      26.302949905395508,
      32.652427673339844,
      36.176246643066406,
      32.02430725097656,
      32.81243133544922,
      32.18266296386719,
      46.1938362121582,
      34.625362396240234,
      31.36370277404785,
      43.41691589355469,
      42.93072509765625,
      35.578277587890625,
      27.901201248168945,
      21.781845092773438,
      6.009295463562012,
      4.271940231323242
    ],
    [
      46.328956604003906,
      32.4882926940918,
      30.962196350097656,
      34.575286865234375,
      36.676910400390625,
      39.540462493896484,
      40.94597244262695,
      42.72209548950195,
      34.625362396240234,
      51.49443054199219,
      26.62092399597168,
      49.27360916137695,
      49.402400970458984,
      42.20573425292969,
      32.61461639404297,
      26.25275230407715,
      8.266253471374512,
      6.016030788421631
    ],
    [
      20.248985290527344,
      25.409231185913086,
      17.129785537719727,
      19.42734146118164,
      21.777729034423828,
      18.53362464904785,
      16.00454330444336,
      22.62910270690918,
      31.36370277404785,
      26.62092399597168,
      48.87885665893555,
      35.51325607299805,
      43.022151947021484,
      39.35740661621094,
      35.96292495727539,
      28.593170166015625,
      8.98705768585205,
      6.2666120529174805
    ],
    [
      61.872093200683594,
      118.45980072021484,
      31.5949649810791,
      39.749061584472656,
      46.831321716308594,
      47.26655578613281,
      46.64651870727539,
      52.40446090698242,
      43.41691589355469,
      49.27360916137695,
      35.51325607299805,
      225.92564392089844,
      182.70565795898438,
      142.55938720703125,
      95.71073913574219,
      75.53263854980469,
      21.799009323120117,
      16.403406143188477
    ],
    [
      57.378562927246094,
      100.08785247802734,
      31.61224365234375,
      35.9367790222168,
      40.64960479736328,
      40.72247314453125,
      43.0381965637207,
      50.02775192260742,
      42.93072509765625,
      49.402400970458984,
      43.022151947021484,
      182.70565795898438,
      157.82308959960938,
      123.00933074951172,
      87.46856689453125,
      68.4813232421875,
      21.826993942260742,
      16.346647262573242
    ],
    [
      48.46611785888672,
      80.60308074951172,
      27.440366744995117,
      29.59110450744629,
      33.034019470214844,
      33.5443000793457,
      32.65192794799805,
      39.86008834838867,
      35.578277587890625,
      42.20573425292969,
      39.35740661621094,
      142.55938720703125,
      123.00933074951172,
      99.45340728759766,
      71.69686889648438,
      57.058197021484375,
      18.82724380493164,
      14.167730331420898
    ],
    [
      38.533287048339844,
      56.17501449584961,
      21.796039581298828,
      22.7752685546875,
      23.87548828125,
      23.247251510620117,
      22.173662185668945,
      27.243167877197266,
      27.901201248168945,
      32.61461639404297,
      35.96292495727539,
      95.71073913574219,
      87.46856689453125,
      71.69686889648438,
      61.461402893066406,
      48.29627990722656,
      19.93158531188965,
      15.186495780944824
    ],
    [
      31.278682708740234,
      44.74697494506836,
      17.67692756652832,
      17.472681045532227,
      18.590469360351562,
      18.060583114624023,
      16.78057098388672,
      20.893224716186523,
      21.781845092773438,
      26.25275230407715,
      28.593170166015625,
      75.53263854980469,
      68.4813232421875,
      57.058197021484375,
      48.29627990722656,
      39.090171813964844,
      16.288414001464844,
      12.549964904785156
    ],
    [
      10.18344497680664,
      12.924690246582031,
      5.384708881378174,
      4.848440647125244,
      5.2615437507629395,
      5.16411018371582,
      4.487759590148926,
      5.696714878082275,
      6.009295463562012,
      8.266253471374512,
      8.98705768585205,
      21.799009323120117,
      21.826993942260742,
      18.82724380493164,
      19.93158531188965,
      16.288414001464844,
      11.751401901245117,
      9.505424499511719
    ],
    [
      7.662200450897217,
      9.719573020935059,
      3.986919641494751,
      3.6040902137756348,
      3.7764694690704346,
      3.817836284637451,
      3.1665265560150146,
      4.092103004455566,
      4.271940231323242,
      6.016030788421631,
      6.2666120529174805,
      16.403406143188477,
      16.346647262573242,
      14.167730331420898,
      15.186495780944824,
      12.549964904785156,
      9.505424499511719,
      7.938520431518555
    ]
  ],
  "damage": -14.321605682373047,
  "diff_bandwidth": 921.4882202148438,
  "dissonance": 4.7998938540137726,
  "drr": 1.6138560771942139,
  "dynamics": 2.9728894233703613,
  "format": 1245190,
  "frames": 655360,
  "loudness": -19.8218936920166,
  "loudness_range": 6.121776580810547,
  "loudness_range_short": 8.075004577636719,
  "lowpass_true_peak_15khz": -6.051938533782959,
  "mastering3_acoustic_entropies": [
    {
      "acoustic_entropy": 6.4482340812683105,
      "acoustic_entropy_mono": 6.761143207550049,
      "band_eliminated_acoustic_entropies": [
        {
          "acoustic_entropy": 6.4820404052734375,
          "acoustic_entropy_side": 6.448232650756836,
          "hz": 129.47220167065723
        },
        {
          "acoustic_entropy": 6.351454734802246,
          "acoustic_entropy_side": 6.449658393859863,
          "hz": 202.92927478742237
        },
        {
          "acoustic_entropy": 6.468988418579102,
          "acoustic_entropy_side": 6.4463067054748535,
          "hz": 282.89161906338205
        },
        {
          "acoustic_entropy": 6.557422637939453,
          "acoustic_entropy_side": 6.4298415184021,
          "hz": 369.9353335868758
        },
        {
          "acoustic_entropy": 6.5771565437316895,
          "acoustic_entropy_side": 6.474442958831787,
          "hz": 464.6875360973435
        },
        {
          "acoustic_entropy": 6.558107852935791,
          "acoustic_entropy_side": 6.482541561126709,
          "hz": 567.8308811364784
        },
        {
          "acoustic_entropy": 6.110201358795166,
          "acoustic_entropy_side": 6.439744472503662,
          "hz": 680.1084783214808
        },
        {
          "acoustic_entropy": 6.720752716064453,
          "acoustic_entropy_side": 6.582949638366699,
          "hz": 802.3292461747484
        },
        {
          "acoustic_entropy": 6.547479629516602,
          "acoustic_entropy_side": 6.458263397216797,
          "hz": 935.3737400823702
        },
        {
          "acoustic_entropy": 6.453526020050049,
          "acoustic_entropy_side": 6.428768634796143,
          "hz": 1080.2004963696966
        },
        {
          "acoustic_entropy": 6.3363728523254395,
          "acoustic_entropy_side": 6.561792850494385,
          "hz": 1237.8529382007157
        },
        {
          "acoustic_entropy": 5.9477763175964355,
          "acoustic_entropy_side": 6.521337509155273,
          "hz": 1409.4668930556702
        },
        {
          "acoustic_entropy": 6.3563032150268555,
          "acoustic_entropy_side": 6.551501750946045,
          "hz": 1596.2787759475705
        },
        {
          "acoustic_entropy": 6.3171586990356445,
          "acoustic_entropy_side": 6.43019962310791,
          "hz": 1799.6344973346393
        },
        {
          "acoustic_entropy": 6.430695056915283,
          "acoustic_entropy_side": 6.398814678192139,
          "hz": 2020.9991599069049
        },
        {
          "acoustic_entropy": 6.490531921386719,
          "acoustic_entropy_side": 6.433941841125488,
          "hz": 2261.9676141086993
        },
        {
          "acoustic_entropy": 6.555473804473877,
          "acoustic_entropy_side": 6.443012237548828,
          "hz": 2524.2759484456974
        },
        {
          "acoustic_entropy": 6.3495354652404785,
          "acoustic_entropy_side": 6.458181381225586,
          "hz": 2809.813997359896
        },
        {
          "acoustic_entropy": 6.127834320068359,
          "acoustic_entropy_side": 6.450071334838867,
          "hz": 3120.6389567871424
        },
        {
          "acoustic_entropy": 6.5743913650512695,
          "acoustic_entropy_side": 6.515797138214111,
          "hz": 3458.990205492291
        },
        {
          "acoustic_entropy": 6.3805975914001465,
          "acoustic_entropy_side": 6.455488681793213,
          "hz": 3827.305438964164
        },
        {
          "acoustic_entropy": 6.47168493270874,
          "acoustic_entropy_side": 6.456577301025391,
          "hz": 4228.238232109126
        },
        {
          "acoustic_entropy": 6.415508270263672,
          "acoustic_entropy_side": 6.470653533935547,
          "hz": 4664.6771572759235
        },
        {
          "acoustic_entropy": 6.426854133605957,
          "acoustic_entropy_side": 6.447877883911133,
          "hz": 5139.766595350093
        },
        {
          "acoustic_entropy": 6.441819190979004,
          "acoustic_entropy_side": 6.447221755981445,
          "hz": 5656.929389854203
        },
        {
          "acoustic_entropy": 6.437665939331055,
          "acoustic_entropy_side": 6.4480366706848145,
          "hz": 6219.891507268283
        },
        {
          "acoustic_entropy": 6.445138931274414,
          "acoustic_entropy_side": 6.448230743408203,
          "hz": 6832.70888123896
        },
        {
          "acoustic_entropy": 6.4491963386535645,
          "acoustic_entropy_side": 6.448363780975342,
          "hz": 7499.796634079867
        },
        {
          "acoustic_entropy": 6.451244354248047,
          "acoustic_entropy_side": 6.448565483093262,
          "hz": 8225.96088609342
        },
        {
          "acoustic_entropy": 6.449508190155029,
          "acoustic_entropy_side": 6.448319435119629,
          "hz": 9016.43338188839
        },
        {
          "acoustic_entropy": 6.44894552230835,
          "acoustic_entropy_side": 6.448266506195068,
          "hz": 9876.909183162974
        },
        {
          "acoustic_entropy": 6.448469638824463,
          "acoustic_entropy_side": 6.448258876800537,
          "hz": 10813.587699516042
        },
        {
          "acoustic_entropy": 6.448523998260498,
          "acoustic_entropy_side": 6.448256492614746,
          "hz": 11833.21735289826
        },
        {
          "acoustic_entropy": 6.448375701904297,
          "acoustic_entropy_side": 6.448241710662842,
          "hz": 12943.144197493959
        },
        {
          "acoustic_entropy": 6.448264122009277,
          "acoustic_entropy_side": 6.448238372802734,
          "hz": 14151.364845322005
        },
        {
          "acoustic_entropy": 6.448241233825684,
          "acoustic_entropy_side": 6.448235511779785,
          "hz": 15466.58407886509
        },
        {
          "acoustic_entropy": 6.448233604431152,
          "acoustic_entropy_side": 6.448234558105469,
          "hz": 16898.27756580493
        },
        {
          "acoustic_entropy": 6.448232650756836,
          "acoustic_entropy_side": 6.448232650756836,
          "hz": 18456.760127700032
        },
        {
          "acoustic_entropy": 6.448233127593994,
          "acoustic_entropy_side": 6.448233127593994,
          "hz": 20153.260054456492
        },
        {
          "acoustic_entropy": 6.448233127593994,
          "acoustic_entropy_side": 6.4482340812683105,
          "hz": 22000.00000000001
        }
      ],
      "diff_acoustic_entropy": 3.686898946762085,
      "sn": 6
    },
    {
      "acoustic_entropy": 8.508124351501465,
      "acoustic_entropy_mono": 8.25048542022705,
      "band_eliminated_acoustic_entropies": [
        {
          "acoustic_entropy": 8.493264198303223,
          "acoustic_entropy_side": 8.508270263671875,
          "hz": 129.47220167065723
        },
        {
          "acoustic_entropy": 7.801295280456543,
          "acoustic_entropy_side": 8.529531478881836,
          "hz": 202.92927478742237
        },
        {
          "acoustic_entropy": 8.63790512084961,
          "acoustic_entropy_side": 8.497827529907227,
          "hz": 282.89161906338205
        },
        {
          "acoustic_entropy": 8.509124755859375,
          "acoustic_entropy_side": 8.477209091186523,
          "hz": 369.9353335868758
        },
        {
          "acoustic_entropy": 8.669988632202148,
          "acoustic_entropy_side": 8.520692825317383,
          "hz": 464.6875360973435
        },
        {
          "acoustic_entropy": 8.633373260498047,
          "acoustic_entropy_side": 8.537493705749512,
          "hz": 567.8308811364784
        },
        {
          "acoustic_entropy": 8.255155563354492,
          "acoustic_entropy_side": 8.40738296508789,
          "hz": 680.1084783214808
        },
        {
          "acoustic_entropy": 8.690006256103516,
          "acoustic_entropy_side": 8.626490592956543,
          "hz": 802.3292461747484
        },
        {
          "acoustic_entropy": 8.62539291381836,
          "acoustic_entropy_side": 8.520909309387207,
          "hz": 935.3737400823702
        },
        {
          "acoustic_entropy": 8.358597755432129,
          "acoustic_entropy_side": 8.609260559082031,
          "hz": 1080.2004963696966
        },
        {
          "acoustic_entropy": 8.529679298400879,
          "acoustic_entropy_side": 8.615731239318848,
          "hz": 1237.8529382007157
        },
        {
          "acoustic_entropy": 8.00472354888916,
          "acoustic_entropy_side": 8.52143383026123,
          "hz": 1409.4668930556702
        },
        {
          "acoustic_entropy": 8.629810333251953,
          "acoustic_entropy_side": 8.437848091125488,
          "hz": 1596.2787759475705
        },
        {
          "acoustic_entropy": 8.11798095703125,
          "acoustic_entropy_side": 8.397061347961426,
          "hz": 1799.6344973346393
        },
        {
          "acoustic_entropy": 8.68149471282959,
          "acoustic_entropy_side": 8.601930618286133,
          "hz": 2020.9991599069049
        },
        {
          "acoustic_entropy": 8.500862121582031,
          "acoustic_entropy_side": 8.53321361541748,
          "hz": 2261.9676141086993
        },
        {
          "acoustic_entropy": 8.545230865478516,
          "acoustic_entropy_side": 8.50815486907959,
          "hz": 2524.2759484456974
        },
        {
          "acoustic_entropy": 8.4769868850708,
          "acoustic_entropy_side": 8.489688873291016,
          "hz": 2809.813997359896
        },
        {
          "acoustic_entropy": 8.485136032104492,
          "acoustic_entropy_side": 8.474737167358398,
          "hz": 3120.6389567871424
        },
        {
          "acoustic_entropy": 8.493176460266113,
          "acoustic_entropy_side": 8.511932373046875,
          "hz": 3458.990205492291
        },
        {
          "acoustic_entropy": 8.362500190734863,
          "acoustic_entropy_side": 8.477377891540527,
          "hz": 3827.305438964164
        },
        {
          "acoustic_entropy": 8.486732482910156,
          "acoustic_entropy_side": 8.495237350463867,
          "hz": 4228.238232109126
        },
        {
          "acoustic_entropy": 8.373825073242188,
          "acoustic_entropy_side": 8.478190422058105,
          "hz": 4664.6771572759235
        },
        {
          "acoustic_entropy": 8.368247032165527,
          "acoustic_entropy_side": 8.497258186340332,
          "hz": 5139.766595350093
        },
        {
          "acoustic_entropy": 8.45395278930664,
          "acoustic_entropy_side": 8.500616073608398,
          "hz": 5656.929389854203
        },
        {
          "acoustic_entropy": 8.453313827514648,
          "acoustic_entropy_side": 8.494309425354004,
          "hz": 6219.891507268283
        },
        {
          "acoustic_entropy": 8.491962432861328,
          "acoustic_entropy_side": 8.503451347351074,
          "hz": 6832.70888123896
        },
        {
          "acoustic_entropy": 8.467150688171387,
          "acoustic_entropy_side": 8.499299049377441,
          "hz": 7499.796634079867
        },
        {
          "acoustic_entropy": 8.482461929321289,
          "acoustic_entropy_side": 8.505030632019043,
          "hz": 8225.96088609342
        },
        {
          "acoustic_entropy": 8.497953414916992,
          "acoustic_entropy_side": 8.507312774658203,
          "hz": 9016.43338188839
        },
        {
          "acoustic_entropy": 8.507182121276855,
          "acoustic_entropy_side": 8.507970809936523,
          "hz": 9876.909183162974
        },
        {
          "acoustic_entropy": 8.508543014526367,
          "acoustic_entropy_side": 8.508161544799805,
          "hz": 10813.587699516042
        },
        {
          "acoustic_entropy": 8.50803279876709,
          "acoustic_entropy_side": 8.5081787109375,
          "hz": 11833.21735289826
        },
        {
          "acoustic_entropy": 8.508157730102539,
          "acoustic_entropy_side": 8.508172988891602,
          "hz": 12943.144197493959
        },
        {
          "acoustic_entropy": 8.508255958557129,
          "acoustic_entropy_side": 8.508148193359375,
          "hz": 14151.364845322005
        },
        {
          "acoustic_entropy": 8.508204460144043,
          "acoustic_entropy_side": 8.508149147033691,
          "hz": 15466.58407886509
        },
        {
          "acoustic_entropy": 8.50813102722168,
          "acoustic_entropy_side": 8.508124351501465,
          "hz": 16898.27756580493
        },
        {
          "acoustic_entropy": 8.508132934570312,
          "acoustic_entropy_side": 8.508127212524414,
          "hz": 18456.760127700032
        },
        {
          "acoustic_entropy": 8.50812816619873,
          "acoustic_entropy_side": 8.508125305175781,
          "hz": 20153.260054456492
        },
        {
          "acoustic_entropy": 8.508125305175781,
          "acoustic_entropy_side": 8.508127212524414,
          "hz": 22000.00000000001
        }
      ],
      "diff_acoustic_entropy": 5.829283714294434,
      "sn": 12
    },
    {
      "acoustic_entropy": 12.082196235656738,
      "acoustic_entropy_mono": 10.472269058227539,
      "band_eliminated_acoustic_entropies": [
        {
          "acoustic_entropy": 11.840401649475098,
          "acoustic_entropy_side": 12.001296997070312,
          "hz": 129.47220167065723
        },
        {
          "acoustic_entropy": 11.58202838897705,
          "acoustic_entropy_side": 11.769262313842773,
          "hz": 202.92927478742237
        },
        {
          "acoustic_entropy": 12.308510780334473,
          "acoustic_entropy_side": 12.255480766296387,
          "hz": 282.89161906338205
        },
        {
          "acoustic_entropy": 11.788268089294434,
          "acoustic_entropy_side": 11.633491516113281,
          "hz": 369.9353335868758
        },
        {
          "acoustic_entropy": 12.387828826904297,
          "acoustic_entropy_side": 12.363068580627441,
          "hz": 464.6875360973435
        },
        {
          "acoustic_entropy": 12.409786224365234,
          "acoustic_entropy_side": 12.265655517578125,
          "hz": 567.8308811364784
        },
        {
          "acoustic_entropy": 11.826685905456543,
          "acoustic_entropy_side": 11.916131019592285,
          "hz": 680.1084783214808
        },
        {
          "acoustic_entropy": 11.964715957641602,
          "acoustic_entropy_side": 12.033673286437988,
          "hz": 802.3292461747484
        },
        {
          "acoustic_entropy": 12.24899673461914,
          "acoustic_entropy_side": 12.097103118896484,
          "hz": 935.3737400823702
        },
        {
          "acoustic_entropy": 11.918283462524414,
          "acoustic_entropy_side": 12.08336067199707,
          "hz": 1080.2004963696966
        },
        {
          "acoustic_entropy": 11.647407531738281,
          "acoustic_entropy_side": 11.8660306930542,
          "hz": 1237.8529382007157
        },
        {
          "acoustic_entropy": 11.841972351074219,
          "acoustic_entropy_side": 12.26809310913086,
          "hz": 1409.4668930556702
        },
        {
          "acoustic_entropy": 12.25246524810791,
          "acoustic_entropy_side": 12.053345680236816,
          "hz": 1596.2787759475705
        },
        {
          "acoustic_entropy": 11.80248737335205,
          "acoustic_entropy_side": 11.989343643188477,
          "hz": 1799.6344973346393
        },
        {
          "acoustic_entropy": 12.275899887084961,
          "acoustic_entropy_side": 12.221789360046387,
          "hz": 2020.9991599069049
        },
        {
          "acoustic_entropy": 11.994759559631348,
          "acoustic_entropy_side": 12.044960021972656,
          "hz": 2261.9676141086993
        },
        {
          "acoustic_entropy": 12.118090629577637,
          "acoustic_entropy_side": 12.313136100769043,
          "hz": 2524.2759484456974
        },
        {
          "acoustic_entropy": 12.106817245483398,
          "acoustic_entropy_side": 12.014365196228027,
          "hz": 2809.813997359896
        },
        {
          "acoustic_entropy": 12.010435104370117,
          "acoustic_entropy_side": 11.930914878845215,
          "hz": 3120.6389567871424
        },
        {
