{
  "acoustic_entropy": 163.7757110595703,
  "bands": [
    {
      "high_freq": 148.1999969482422,
      "loudness": -44.70539855957031,
      "loudness_range": 20.583614349365234,
      "mid_mean": -42.29702377319336,
      "mid_to_side_loudness": -5.934598922729492,
      "mid_to_side_loudness_range": 12.727931022644043,
      "side_mean": -48.261112213134766
    },
    {
      "high_freq": 392.3793640136719,
      "loudness": -36.02153396606445,
      "loudness_range": 15.588508605957031,
      "low_freq": 148.1999969482422,
      "mid_mean": -33.794334411621094,
      "mid_to_side_loudness": -5.7467451095581055,
      "mid_to_side_loudness_range": 14.5328950881958,
      "side_mean": -39.5640754699707
    },
    {
      "high_freq": 794.6976318359375,
      "loudness": -35.99129104614258,
      "loudness_range": 21.785329818725586,
      "low_freq": 392.3793640136719,
      "mid_mean": -34.08403015136719,
      "mid_to_side_loudness": -4.225465297698975,
      "mid_to_side_loudness_range": 11.787744522094727,
      "side_mean": -37.56693649291992
    },
    {
      "high_freq": 1457.5709228515625,
      "loudness": -42.805850982666016,
      "loudness_range": 26.564197540283203,
      "low_freq": 794.6976318359375,
      "mid_mean": -40.9744758605957,
      "mid_to_side_loudness": -4.223969459533691,
      "mid_to_side_loudness_range": 10.67817211151123,
      "side_mean": -44.354087829589844
    },
    {
      "high_freq": 2549.74365234375,
      "loudness": -42.29474639892578,
      "loudness_range": 27.536386489868164,
      "low_freq": 1457.5709228515625,
      "mid_mean": -41.54646682739258,
      "mid_to_side_loudness": -3.1568872928619385,
      "mid_to_side_loudness_range": 11.006609916687012,
      "side_mean": -43.584228515625
    },
    {
      "high_freq": 4349.24462890625,
      "loudness": -53.482826232910156,
      "loudness_range": 27.898338317871094,
      "low_freq": 2549.74365234375,
      "mid_mean": -53.193603515625,
      "mid_to_side_loudness": -2.3125720024108887,
      "mid_to_side_loudness_range": 7.8062357902526855,
      "side_mean": -55.06829071044922
    },
    {
      "high_freq": 7314.1640625,
      "loudness": -62.84920120239258,
      "loudness_range": 22.20270538330078,
      "low_freq": 4349.24462890625,
      "mid_mean": -60.45978927612305,
      "mid_to_side_loudness": -1.052266240119934,
      "mid_to_side_loudness_range": 4.968803405761719,
      "side_mean": -61.23530197143555
    },
    {
      "high_freq": 12199.2666015625,
      "loudness": -68.72461700439453,
      "loudness_range": 13.883968353271484,
      "low_freq": 7314.1640625,
      "mid_mean": -65.3809585571289,
      "mid_to_side_loudness": -0.3509717881679535,
      "mid_to_side_loudness_range": 1.0170918703079224,
      "side_mean": -65.58478546142578
    },
    {
      "loudness": -68.4254379272461,
      "loudness_range": 9.19989013671875,
      "low_freq": 12199.2666015625,
      "mid_mean": -65.49398803710938,
      "mid_to_side_loudness": -0.04046446830034256,
      "mid_to_side_loudness_range": 0.4762270450592041,
      "side_mean": -65.52562713623047
    }
  ],
  "bands_short": [
    {
      "high_freq": 148.1999969482422,
      "loudness": -46.38858413696289,
      "loudness_range": 22.290874481201172,
      "mid_mean": -43.98749542236328,
      "mid_to_side_loudness": -6.2805562019348145,
      "mid_to_side_loudness_range": 14.689708709716797,
      "side_mean": -50.28733444213867
    },
    {
      "high_freq": 392.3793640136719,
      "loudness": -36.85275650024414,
      "loudness_range": 16.220611572265625,
      "low_freq": 148.1999969482422,
      "mid_mean": -34.80130386352539,
      "mid_to_side_loudness": -5.479979515075684,
      "mid_to_side_loudness_range": 16.44118881225586,
      "side_mean": -40.36387252807617
    },
    {
      "high_freq": 794.6976318359375,
      "loudness": -35.72237014770508,
      "loudness_range": 21.219560623168945,
      "low_freq": 392.3793640136719,
      "mid_mean": -33.924713134765625,
      "mid_to_side_loudness": -4.246128559112549,
      "mid_to_side_loudness_range": 13.768360137939453,
      "side_mean": -37.475433349609375
    },
    {
      "high_freq": 1457.5709228515625,
      "loudness": -42.86018371582031,
      "loudness_range": 26.51910400390625,
      "low_freq": 794.6976318359375,
      "mid_mean": -41.17736053466797,
      "mid_to_side_loudness": -4.304893493652344,
      "mid_to_side_loudness_range": 13.269594192504883,
      "side_mean": -44.772586822509766
    },
    {
      "high_freq": 2549.74365234375,
      "loudness": -42.38078308105469,
      "loudness_range": 27.27749252319336,
      "low_freq": 1457.5709228515625,
      "mid_mean": -42.03009033203125,
      "mid_to_side_loudness": -2.8159539699554443,
      "mid_to_side_loudness_range": 12.599801063537598,
      "side_mean": -44.448238372802734
    },
    {
      "high_freq": 4349.24462890625,
      "loudness": -52.85525131225586,
      "loudness_range": 28.728328704833984,
      "low_freq": 2549.74365234375,
      "mid_mean": -53.36017608642578,
      "mid_to_side_loudness": -2.107424020767212,
      "mid_to_side_loudness_range": 9.145866394042969,
      "side_mean": -55.1031494140625
    },
    {
      "high_freq": 7314.1640625,
      "loudness": -63.379859924316406,
      "loudness_range": 22.221805572509766,
      "low_freq": 4349.24462890625,
      "mid_mean": -60.923099517822266,
      "mid_to_side_loudness": -0.901689887046814,
      "mid_to_side_loudness_range": 5.573217391967773,
      "side_mean": -61.61248016357422
    },
    {
      "high_freq": 12199.2666015625,
      "loudness": -69.23674011230469,
      "loudness_range": 13.59518051147461,
      "low_freq": 7314.1640625,
      "mid_mean": -65.71684265136719,
      "mid_to_side_loudness": -0.3308476507663727,
      "mid_to_side_loudness_range": 1.919551134109497,
      "side_mean": -65.90983581542969
    },
    {
      "loudness": -68.96228790283203,
      "loudness_range": 8.502880096435547,
      "low_freq": 12199.2666015625,
      "mid_mean": -65.84800720214844,
      "mid_to_side_loudness": -0.02623262256383896,
      "mid_to_side_loudness_range": 1.297239065170288,
      "side_mean": -65.87095642089844
    }
  ],
  "bandwidth": 608.7887573242188,
  "channels": 2,
  "covariance": [
    [
      53.135345458984375,
      46.66249084472656,
      15.736184120178223,
      26.3347110748291,
      19.815065383911133,
      23.67331886291504,
      31.196422576904297,
      35.017459869384766,
      29.605619430541992,
      34.47971725463867,
      33.59367370605469,
      33.2277717590332,
      14.477861404418945,
      14.512025833129883,
      5.983650207519531,
      6.05847692489624,
      2.1657769680023193,
      2.127711772918701
    ],
    [
      46.66249084472656,
      60.83675765991211,
      17.03876304626465,
      34.7344856262207,
      27.84906578063965,
      30.075294494628906,
      42.858070373535156,
      45.64061737060547,
      38.43083190917969,
      42.82448959350586,
      45.25914764404297,
      46.00305938720703,
      21.199941635131836,
      21.68297576904297,
      9.085882186889648,
      9.18893051147461,
      4.245772361755371,
      4.16960334777832
    ],
    [
      15.736184120178223,
      17.03876304626465,
      27.09908103942871,
      27.594234466552734,
      21.166688919067383,
      22.220605850219727,
      21.014869689941406,
      18.822200775146484,
      13.243764877319336,
      15.002230644226074,
      18.24223518371582,
      19.94643783569336,
      16.613618850708008,
      17.10672950744629,
      6.007335186004639,
      5.740821838378906,
      3.886737823486328,
      3.8032989501953125
    ],
    [
      26.3347110748291,
      34.7344856262207,
      27.594234466552734,
      55.6356201171875,
      34.27119827270508,
      39.81786346435547,
      49.95088195800781,
      51.90256881713867,
      45.745967864990234,
      47.166629791259766,
      50.546531677246094,
      54.4449577331543,
      28.23773193359375,
      28.51823616027832,
      8.854576110839844,
      8.28032112121582,
      4.39476203918457,
      4.277022838592529
    ],
    [
      19.815065383911133,
      27.84906578063965,
      21.166688919067383,
      34.27119827270508,
      50.42150115966797,
      45.37446212768555,
      37.410343170166016,
      38.218196868896484,
      27.228090286254883,
      28.26104164123535,
      32.694210052490234,
      35.22945022583008,
      23.517797470092773,
      22.419214248657227,
      5.830167770385742,
      5.2004570960998535,
      3.9155781269073486,
      3.728637456893921
    ],
    [
      23.67331886291504,
      30.075294494628906,
      22.220605850219727,
      39.81786346435547,
      45.37446212768555,
      62.56765365600586,
      45.84442901611328,
      52.441001892089844,
      40.06556701660156,
      44.22878646850586,
      38.97244644165039,
      45.931278228759766,
      26.938711166381836,
      29.35498046875,
      7.93135404586792,
      7.470973491668701,
      4.991797924041748,
      4.797524929046631
    ],
    [
      31.196422576904297,
      42.858070373535156,
      21.014869689941406,
      49.95088195800781,
      37.410343170166016,
      45.84442901611328,
      77.61784362792969,
      79.64698028564453,
      64.5874252319336,
      70.39262390136719,
      68.55471801757812,
      72.00485229492188,
      31.126876831054688,
      32.56501770019531,
      8.567217826843262,
      7.824612617492676,
      3.8101425170898438,
      3.6970722675323486
    ],
    [
      35.017459869384766,
      45.64061737060547,
      18.822200775146484,
      51.90256881713867,
      38.218196868896484,
      52.441001892089844,
      79.64698028564453,
      102.63943481445312,
      76.46736907958984,
      88.4942398071289,
      73.81832885742188,
      80.78659057617188,
      33.72569274902344,
      37.27972412109375,
      9.991310119628906,
      9.564303398132324,
      4.839138984680176,
      4.719316482543945
    ],
    [
      29.605619430541992,
      38.43083190917969,
      13.243764877319336,
      45.745967864990234,
      27.228090286254883,
      40.06556701660156,
      64.5874252319336,
      76.46736907958984,
      90.13072204589844,
      85.99308013916016,
      74.77583312988281,
      76.80204772949219,
      31.343509674072266,
      31.862056732177734,
      9.363738059997559,
      9.142742156982422,
      2.9657979011535645,
      2.918626070022583
    ],
    [
      34.47971725463867,
      42.82448959350586,
      15.002230644226074,
      47.166629791259766,
      28.26104164123535,
      44.22878646850586,
      70.39262390136719,
      88.4942398071289,
      85.99308013916016,
      110.93684387207031,
      76.26410675048828,
      82.6912612915039,
      31.786205291748047,
      36.364688873291016,
      10.68986701965332,
      10.623279571533203,
      3.5943946838378906,
      3.55197811126709
    ],
    [
      33.59367370605469,
      45.25914764404297,
      18.24223518371582,
      50.546531677246094,
      32.694210052490234,
      38.97244644165039,
      68.55471801757812,
      73.81832885742188,
      74.77583312988281,
      76.26410675048828,
      90.20343780517578,
      90.08049011230469,
      37.896575927734375,
      38.308250427246094,
      13.307689666748047,
      12.731423377990723,
      5.232685089111328,
      5.108836650848389
    ],
    [
      33.2277717590332,
      46.00305938720703,
      19.94643783569336,
      54.4449577331543,
      35.22945022583008,
      45.931278228759766,
      72.00485229492188,
      80.78659057617188,
      76.80204772949219,
      82.6912612915039,
      90.08049011230469,
      98.27364349365234,
      41.51276779174805,
      44.721961975097656,
      15.606977462768555,
      15.242392539978027,
      6.462001800537109,
      6.335147380828857
    ],
    [
      14.477861404418945,
      21.199941635131836,
      16.613618850708008,
      28.23773193359375,
      23.517797470092773,
      26.938711166381836,
      31.126876831054688,
      33.72569274902344,
      31.343509674072266,
      31.786205291748047,
      37.896575927734375,
      41.51276779174805,
      33.203155517578125,
      32.46596908569336,
      14.531331062316895,
      14.060247421264648,
      8.893476486206055,
      8.695770263671875
    ],
    [
      14.512025833129883,
      21.68297576904297,
      17.10672950744629,
      28.51823616027832,
      22.419214248657227,
      29.35498046875,
      32.56501770019531,
      37.27972412109375,
      31.862056732177734,
      36.364688873291016,
      38.308250427246094,
      44.721961975097656,
      32.46596908569336,
      35.559959411621094,
      15.41159439086914,
      15.218904495239258,
      9.448500633239746,
      9.268314361572266
    ],
    [
      5.983650207519531,
      9.085882186889648,
      6.007335186004639,
      8.854576110839844,
      5.830167770385742,
      7.93135404586792,
      8.567217826843262,
      9.991310119628906,
      9.363738059997559,
      10.68986701965332,
      13.307689666748047,
      15.606977462768555,
      14.531331062316895,
      15.41159439086914,
      11.78492259979248,
      11.79987907409668,
      6.292140007019043,
      6.172353267669678
    ],
    [
      6.05847692489624,
      9.18893051147461,
      5.740821838378906,
      8.28032112121582,
      5.2004570960998535,
      7.470973491668701,
      7.824612617492676,
      9.564303398132324,
      9.142742156982422,
      10.623279571533203,
      12.731423377990723,
      15.242392539978027,
      14.060247421264648,
      15.218904495239258,
      11.79987907409668,
      11.965002059936523,
      6.26636266708374,
      6.157725811004639
    ],
    [
      2.1657769680023193,
      4.245772361755371,
      3.886737823486328,
      4.39476203918457,
      3.9155781269073486,
      4.991797924041748,
      3.8101425170898438,
      4.839138984680176,
      2.9657979011535645,
      3.5943946838378906,
      5.232685089111328,
      6.462001800537109,
      8.893476486206055,
      9.448500633239746,
      6.292140007019043,
      6.26636266708374,
      5.063401222229004,
      4.951927661895752
    ],
    [
      2.127711772918701,
      4.16960334777832,
      3.8032989501953125,
      4.277022838592529,
      3.728637456893921,
      4.797524929046631,
      3.6970722675323486,
      4.719316482543945,
      2.918626070022583,
      3.55197811126709,
      5.108836650848389,
      6.335147380828857,
      8.695770263671875,
      9.268314361572266,
      6.172353267669678,
      6.157725811004639,
      4.951927661895752,
      4.85494327545166
    ]
  ],
  "covariance_short": [
    [
      64.1026611328125,
      54.35738754272461,
      19.150732040405273,
      31.35943031311035,
      22.712114334106445,
      27.101581573486328,
      36.14190673828125,
      40.15458297729492,
      33.00265121459961,
      40.46445083618164,
      39.29513931274414,
      37.95405960083008,
      16.052953720092773,
      15.973410606384277,
      4.761394500732422,
      4.736478328704834,
      1.4796648025512695,
      1.417110562324524
    ],
    [
      54.35738754272461,
      70.72382354736328,
      18.843421936035156,
      37.87202072143555,
      28.46232795715332,
      31.69879150390625,
      44.051631927490234,
      47.89413833618164,
      38.98381423950195,
      46.95602035522461,
      47.379215240478516,
      46.864627838134766,
      20.702409744262695,
      21.135164260864258,
      6.1358113288879395,
      6.086487293243408,
      2.758981227874756,
      2.7132861614227295
    ],
    [
      19.150732040405273,
      18.843421936035156,
      31.83513641357422,
      28.187145233154297,
      24.187475204467773,
      23.572376251220703,
      22.6900577545166,
      20.841543197631836,
      15.24872875213623,
      17.371747970581055,
      19.49484634399414,
      19.847034454345703,
      17.5251407623291,
      16.978736877441406,
      6.107285499572754,
      5.743978500366211,
      3.5043346881866455,
      3.4070935249328613
    ],
    [
      31.35943031311035,
      37.87202072143555,
      28.187145233154297,
      59.8261833190918,
      35.76462936401367,
      40.538658142089844,
      49.70014953613281,
      53.72715377807617,
      44.83082962036133,
      50.42811584472656,
      52.9532470703125,
      55.23332595825195,
      28.556373596191406,
      28.100324630737305,
      8.781608581542969,
      8.148886680603027,
      3.7881267070770264,
      3.6802408695220947
    ],
    [
      22.712114334106445,
      28.46232795715332,
      24.187475204467773,
      35.76462936401367,
      52.21881103515625,
      43.342506408691406,
      36.99832534790039,
      37.79874038696289,
      30.54949951171875,
      31.318347930908203,
      34.385597229003906,
      34.484867095947266,
      23.94057846069336,
      21.941308975219727,
      5.320512294769287,
      4.67839241027832,
      3.0056040287017822,
      2.8580482006073
    ],
    [
      27.101581573486328,
      31.69879150390625,
      23.572376251220703,
      40.538658142089844,
      43.342506408691406,
      62.99779510498047,
      43.93333053588867,
      50.28133773803711,
      40.81696319580078,
      47.46889877319336,
      40.502132415771484,
      44.53828811645508,
      26.530742645263672,
      27.79791259765625,
      6.807265281677246,
      6.337347507476807,
      3.3929784297943115,
      3.2510855197906494
    ],
    [
      36.14190673828125,
      44.051631927490234,
      22.6900577545166,
      49.70014953613281,
      36.99832534790039,
      43.93333053588867,
      78.77596282958984,
      78.89344024658203,
      62.422447204589844,
      72.52632141113281,
      70.66764831542969,
      71.4672622680664,
      30.99618911743164,
      31.3944091796875,
      8.109112739562988,
      7.315840721130371,
      3.228435754776001,
      3.1342270374298096
    ],
    [
      40.15458297729492,
      47.89413833618164,
      20.841543197631836,
      53.72715377807617,
      37.79874038696289,
      50.28133773803711,
      78.89344024658203,
      105.47746276855469,
      73.80885314941406,
      87.79246520996094,
      77.93377685546875,
      81.9027099609375,
      34.297569274902344,
      36.44137191772461,
      9.476311683654785,
      8.999312400817871,
      4.031305313110352,
      3.938133955001831
    ],
    [
      33.00265121459961,
      38.98381423950195,
      15.24872875213623,
      44.83082962036133,
      30.54949951171875,
      40.81696319580078,
      62.422447204589844,
      73.80885314941406,
      95.20179748535156,
      89.2315902709961,
      79.5939712524414,
      79.25041961669922,
      32.70452117919922,
      32.41412353515625,
      9.665323257446289,
      9.310050010681152,
      3.048456907272339,
      3.018488645553589
    ],
    [
      40.46445083618164,
      46.95602035522461,
      17.371747970581055,
      50.42811584472656,
      31.318347930908203,
      47.46889877319336,
      72.52632141113281,
      87.79246520996094,
      89.2315902709961,
      118.22867584228516,
      84.19629669189453,
      87.27935028076172,
      34.525909423828125,
      37.672019958496094,
      11.0695161819458,
      10.860271453857422,
      3.601548194885254,
      3.5338339805603027
    ],
    [
      39.29513931274414,
      47.379215240478516,
      19.49484634399414,
      52.9532470703125,
      34.385597229003906,
      40.502132415771484,
      70.66764831542969,
      77.93377685546875,
      79.5939712524414,
      84.19629669189453,
      102.52509307861328,
      98.73412322998047,
      39.763179779052734,
      39.62879943847656,
      13.357381820678711,
      12.660327911376953,
      5.198802947998047,
      5.0583038330078125
    ],
    [
      37.95405960083008,
      46.864627838134766,
      19.847034454345703,
      55.23332595825195,
      34.484867095947266,
      44.53828811645508,
      71.4672622680664,
      81.9027099609375,
      79.25041961669922,
      87.27935028076172,
      98.73412322998047,
      105.76869201660156,
      41.847110748291016,
      44.34650421142578,
      14.894396781921387,
      14.484769821166992,
      5.8086323738098145,
      5.695540904998779
    ],
    [
      16.052953720092773,
      20.702409744262695,
      17.5251407623291,
      28.556373596191406,
      23.94057846069336,
      26.530742645263672,
      30.99618911743164,
      34.297569274902344,
      32.70452117919922,
      34.525909423828125,
      39.763179779052734,
      41.847110748291016,
      34.907657623291016,
      32.839969635009766,
      14.275138854980469,
      13.561538696289062,
      8.269527435302734,
      8.066659927368164
    ],
    [
      15.973410606384277,
      21.135164260864258,
      16.978736877441406,
      28.100324630737305,
      21.941308975219727,
      27.79791259765625,
      31.3944091796875,
      36.44137191772461,
      32.41412353515625,
      37.672019958496094,
      39.62879943847656,
      44.34650421142578,
      32.839969635009766,
      35.5554313659668,
      14.799042701721191,
      14.480086326599121,
      8.632601737976074,
      8.466241836547852
    ],
    [
      4.761394500732422,
      6.1358113288879395,
      6.107285499572754,
      8.781608581542969,
      5.320512294769287,
      6.807265281677246,
      8.109112739562988,
      9.476311683654785,
      9.665323257446289,
      11.0695161819458,
      13.357381820678711,
      14.894396781921387,
      14.275138854980469,
      14.799042701721191,
      11.871559143066406,
      11.696557998657227,
      6.2530293464660645,
      6.143093585968018
    ],
    [
      4.736478328704834,
      6.086487293243408,
      5.743978500366211,
      8.148886680603027,
      4.67839241027832,
      6.337347507476807,
      7.315840721130371,
      8.999312400817871,
      9.310050010681152,
      10.860271453857422,
      12.660327911376953,
      14.484769821166992,
      13.561538696289062,
      14.480086326599121,
      11.696557998657227,
      11.839018821716309,
      6.201341152191162,
      6.114380836486816
    ],
    [
      1.4796648025512695,
      2.758981227874756,
      3.5043346881866455,
      3.7881267070770264,
      3.0056040287017822,
      3.3929784297943115,
      3.228435754776001,
      4.031305313110352,
      3.048456907272339,
      3.601548194885254,
      5.198802947998047,
      5.8086323738098145,
      8.269527435302734,
      8.632601737976074,
      6.2530293464660645,
      6.201341152191162,
      5.34030294418335,
      5.2060112953186035
    ],
    [
      1.417110562324524,
      2.7132861614227295,
      3.4070935249328613,
      3.6802408695220947,
      2.8580482006073,
      3.2510855197906494,
      3.1342270374298096,
      3.938133955001831,
      3.018488645553589,
      3.5338339805603027,
      5.0583038330078125,
      5.695540904998779,
      8.066659927368164,
      8.466241836547852,
      6.143093585968018,
      6.114380836486816,
      5.2060112953186035,
      5.14853048324585
    ]
  ],
  "damage": -16.81597328186035,
  "diff_bandwidth": 621.368896484375,
  "dissonance": 4.362705043640613,
  "drr": -2.0557994842529297,
  "dynamics": 4.799506664276123,
  "format": 1245190,
  "frames": 4170688,
  "loudness": -26.648164749145508,
  "loudness_range": 15.323081970214844,
  "loudness_range_short": 17.027273178100586,
  "lowpass_true_peak_15khz": -7.39678430557251,
  "mastering3_acoustic_entropies": [
    {
      "acoustic_entropy": 7.415096759796143,
      "acoustic_entropy_mono": 7.538516044616699,
      "band_eliminated_acoustic_entropies": [
        {
          "acoustic_entropy": 7.417863845825195,
          "acoustic_entropy_side": 7.415959358215332,
          "hz": 129.47220167065723
        },
        {
          "acoustic_entropy": 7.425854206085205,
          "acoustic_entropy_side": 7.426926612854004,
          "hz": 202.92927478742237
        },
        {
          "acoustic_entropy": 7.263339519500732,
          "acoustic_entropy_side": 7.551830768585205,
          "hz": 282.89161906338205
        },
        {
          "acoustic_entropy": 7.825225353240967,
          "acoustic_entropy_side": 7.541855335235596,
          "hz": 369.9353335868758
        },
        {
          "acoustic_entropy": 7.7400803565979,
          "acoustic_entropy_side": 7.130695819854736,
          "hz": 464.6875360973435
        },
        {
          "acoustic_entropy": 7.102470397949219,
          "acoustic_entropy_side": 7.150337219238281,
          "hz": 567.8308811364784
        },
        {
          "acoustic_entropy": 7.631481170654297,
          "acoustic_entropy_side": 7.713720798492432,
          "hz": 680.1084783214808
        },
        {
          "acoustic_entropy": 6.512781143188477,
          "acoustic_entropy_side": 7.388590335845947,
          "hz": 802.3292461747484
        },
        {
          "acoustic_entropy": 7.907993793487549,
          "acoustic_entropy_side": 7.541051387786865,
          "hz": 935.3737400823702
        },
        {
          "acoustic_entropy": 6.847053527832031,
          "acoustic_entropy_side": 7.502209186553955,
          "hz": 1080.2004963696966
        },
        {
          "acoustic_entropy": 7.064201354980469,
          "acoustic_entropy_side": 7.253437042236328,
          "hz": 1237.8529382007157
        },
        {
          "acoustic_entropy": 7.785214900970459,
          "acoustic_entropy_side": 7.363553047180176,
          "hz": 1409.4668930556702
        },
        {
          "acoustic_entropy": 7.2470831871032715,
          "acoustic_entropy_side": 7.265950679779053,
          "hz": 1596.2787759475705
        },
        {
          "acoustic_entropy": 6.702176570892334,
          "acoustic_entropy_side": 6.574997901916504,
          "hz": 1799.6344973346393
        },
        {
          "acoustic_entropy": 7.25130033493042,
          "acoustic_entropy_side": 7.320568561553955,
          "hz": 2020.9991599069049
        },
        {
          "acoustic_entropy": 7.323963165283203,
          "acoustic_entropy_side": 7.395315647125244,
          "hz": 2261.9676141086993
        },
        {
          "acoustic_entropy": 6.798436641693115,
          "acoustic_entropy_side": 7.194459438323975,
          "hz": 2524.2759484456974
        },
        {
          "acoustic_entropy": 6.956142902374268,
          "acoustic_entropy_side": 7.227416515350342,
          "hz": 2809.813997359896
        },
        {
          "acoustic_entropy": 7.3778886795043945,
          "acoustic_entropy_side": 7.401348114013672,
          "hz": 3120.6389567871424
        },
        {
          "acoustic_entropy": 7.348949432373047,
          "acoustic_entropy_side": 7.408280372619629,
          "hz": 3458.990205492291
        },
        {
          "acoustic_entropy": 7.347692966461182,
          "acoustic_entropy_side": 7.398205757141113,
          "hz": 3827.305438964164
        },
        {
          "acoustic_entropy": 7.398278713226318,
          "acoustic_entropy_side": 7.407601833343506,
          "hz": 4228.238232109126
        },
        {
          "acoustic_entropy": 7.413444995880127,
          "acoustic_entropy_side": 7.414323806762695,
          "hz": 4664.6771572759235
        },
        {
          "acoustic_entropy": 7.415191173553467,
          "acoustic_entropy_side": 7.415539264678955,
          "hz": 5139.766595350093
        },
        {
          "acoustic_entropy": 7.414979457855225,
          "acoustic_entropy_side": 7.415002822875977,
          "hz": 5656.929389854203
        },
        {
          "acoustic_entropy": 7.415067195892334,
          "acoustic_entropy_side": 7.415053367614746,
          "hz": 6219.891507268283
        },
        {
          "acoustic_entropy": 7.415023326873779,
          "acoustic_entropy_side": 7.415049076080322,
          "hz": 6832.70888123896
        },
        {
          "acoustic_entropy": 7.414759635925293,
          "acoustic_entropy_side": 7.414935111999512,
          "hz": 7499.796634079867
        },
        {
          "acoustic_entropy": 7.415025234222412,
          "acoustic_entropy_side": 7.415063381195068,
          "hz": 8225.96088609342
        },
        {
          "acoustic_entropy": 7.41505765914917,
          "acoustic_entropy_side": 7.415077209472656,
          "hz": 9016.43338188839
        },
        {
          "acoustic_entropy": 7.414931774139404,
          "acoustic_entropy_side": 7.4150071144104,
          "hz": 9876.909183162974
        },
        {
          "acoustic_entropy": 7.414884567260742,
          "acoustic_entropy_side": 7.414977073669434,
          "hz": 10813.587699516042
        },
        {
          "acoustic_entropy": 7.4149017333984375,
          "acoustic_entropy_side": 7.4149956703186035,
          "hz": 11833.21735289826
        },
        {
          "acoustic_entropy": 7.414677619934082,
          "acoustic_entropy_side": 7.414866924285889,
          "hz": 12943.144197493959
        },
        {
          "acoustic_entropy": 7.414937973022461,
          "acoustic_entropy_side": 7.414996147155762,
          "hz": 14151.364845322005
        },
        {
          "acoustic_entropy": 7.415084362030029,
          "acoustic_entropy_side": 7.415090084075928,
          "hz": 15466.58407886509
        },
        {
          "acoustic_entropy": 7.415092468261719,
          "acoustic_entropy_side": 7.415095329284668,
          "hz": 16898.27756580493
        },
        {
          "acoustic_entropy": 7.415095806121826,
          "acoustic_entropy_side": 7.415095329284668,
          "hz": 18456.760127700032
        },
        {
          "acoustic_entropy": 7.415096282958984,
          "acoustic_entropy_side": 7.415096282958984,
          "hz": 20153.260054456492
        },
        {
          "acoustic_entropy": 7.415096282958984,
          "acoustic_entropy_side": 7.415096759796143,
          "hz": 22000.00000000001
        }
      ],
      "diff_acoustic_entropy": 3.558856964111328,
      "sn": 6
    },
    {
      "acoustic_entropy": 11.603828430175781,
      "acoustic_entropy_mono": 11.210386276245117,
      "band_eliminated_acoustic_entropies": [
        {
          "acoustic_entropy": 11.666926383972168,
          "acoustic_entropy_side": 11.621770858764648,
          "hz": 129.47220167065723
        },
        {
          "acoustic_entropy": 11.673216819763184,
          "acoustic_entropy_side": 11.59819221496582,
          "hz": 202.92927478742237
        },
        {
          "acoustic_entropy": 11.332036018371582,
          "acoustic_entropy_side": 11.64001750946045,
          "hz": 282.89161906338205
        },
        {
          "acoustic_entropy": 11.748970031738281,
          "acoustic_entropy_side": 11.810734748840332,
          "hz": 369.9353335868758
        },
        {
          "acoustic_entropy": 12.18787956237793,
          "acoustic_entropy_side": 11.383157730102539,
          "hz": 464.6875360973435
        },
        {
          "acoustic_entropy": 12.206381797790527,
          "acoustic_entropy_side": 11.960647583007812,
          "hz": 567.8308811364784
        },
        {
          "acoustic_entropy": 12.050477981567383,
          "acoustic_entropy_side": 11.50780200958252,
          "hz": 680.1084783214808
        },
        {
          "acoustic_entropy": 11.097893714904785,
          "acoustic_entropy_side": 11.65015983581543,
          "hz": 802.3292461747484
        },
        {
          "acoustic_entropy": 11.867182731628418,
          "acoustic_entropy_side": 11.312546730041504,
          "hz": 935.3737400823702
        },
        {
          "acoustic_entropy": 11.470379829406738,
          "acoustic_entropy_side": 11.411247253417969,
          "hz": 1080.2004963696966
        },
        {
          "acoustic_entropy": 10.5502347946167,
          "acoustic_entropy_side": 11.082347869873047,
          "hz": 1237.8529382007157
        },
        {
          "acoustic_entropy": 11.953243255615234,
          "acoustic_entropy_side": 12.054217338562012,
          "hz": 1409.4668930556702
        },
        {
          "acoustic_entropy": 12.44161605834961,
          "acoustic_entropy_side": 12.031018257141113,
          "hz": 1596.2787759475705
        },
        {
          "acoustic_entropy": 11.141233444213867,
          "acoustic_entropy_side": 11.129284858703613,
          "hz": 1799.6344973346393
        },
        {
          "acoustic_entropy": 11.989920616149902,
          "acoustic_entropy_side": 11.739667892456055,
          "hz": 2020.9991599069049
        },
        {
          "acoustic_entropy": 11.315184593200684,
          "acoustic_entropy_side": 11.6715726852417,
          "hz": 2261.9676141086993
        },
        {
          "acoustic_entropy": 11.306760787963867,
          "acoustic_entropy_side": 11.732983589172363,
          "hz": 2524.2759484456974
        },
        {
          "acoustic_entropy": 11.40699577331543,
          "acoustic_entropy_side": 11.888172149658203,
          "hz": 2809.813997359896
        },
        {
          "acoustic_entropy": 11.742511749267578,
          "acoustic_entropy_side": 11.740241050720215,
          "hz": 3120.6389567871424
        },
        {
          "acoustic_entropy": 11.578750610351562,
          "acoustic_entropy_side": 11.603700637817383,
          "hz": 3458.990205492291
        },
        {
          "acoustic_entropy": 11.877361297607422,
          "acoustic_entropy_side": 11.748476028442383,
          "hz": 3827.305438964164
        },
        {
          "acoustic_entropy": 11.586478233337402,
          "acoustic_entropy_side": 11.608171463012695,
          "hz": 4228.238232109126
        },
        {
          "acoustic_entropy": 11.693144798278809,
          "acoustic_entropy_side": 11.669681549072266,
          "hz": 4664.6771572759235
        },
        {
          "acoustic_entropy": 11.622048377990723,
          "acoustic_entropy_side": 11.623090744018555,
          "hz": 5139.766595350093
        },
        {
          "acoustic_entropy": 11.61666202545166,
          "acoustic_entropy_side": 11.612013816833496,
          "hz": 5656.929389854203
        },
        {
          "acoustic_entropy": 11.607977867126465,
          "acoustic_entropy_side": 11.606569290161133,
          "hz": 6219.891507268283
        },
        {
          "acoustic_entropy": 11.601984977722168,
          "acoustic_entropy_side": 11.603626251220703,
          "hz": 6832.70888123896
        },
        {
          "acoustic_entropy": 11.596116065979004,
          "acoustic_entropy_side": 11.600914001464844,
          "hz": 7499.796634079867
        },
        {
          "acoustic_entropy": 11.598021507263184,
          "acoustic_entropy_side": 11.600886344909668,
          "hz": 8225.96088609342
        },
        {
          "acoustic_entropy": 11.600951194763184,
          "acoustic_entropy_side": 11.602231979370117,
          "hz": 9016.43338188839
        },
        {
          "acoustic_entropy": 11.6016263961792,
          "acoustic_entropy_side": 11.602680206298828,
          "hz": 9876.909183162974
        },
        {
          "acoustic_entropy": 11.602364540100098,
          "acoustic_entropy_side": 11.603131294250488,
          "hz": 10813.587699516042
        },
        {
          "acoustic_entropy": 11.60229206085205,
          "acoustic_entropy_side": 11.602991104125977,
          "hz": 11833.21735289826
        },
        {
          "acoustic_entropy": 11.60007381439209,
          "acoustic_entropy_side": 11.60167407989502,
          "hz": 12943.144197493959
        },
        {
          "acoustic_entropy": 11.602517127990723,
          "acoustic_entropy_side": 11.603124618530273,
          "hz": 14151.364845322005
        },
        {
          "acoustic_entropy": 11.603677749633789,
          "acoustic_entropy_side": 11.60375690460205,
          "hz": 15466.58407886509
        },
        {
          "acoustic_entropy": 11.603795051574707,
          "acoustic_entropy_side": 11.603812217712402,
          "hz": 16898.27756580493
        },
        {
          "acoustic_entropy": 11.60382080078125,
          "acoustic_entropy_side": 11.603826522827148,
          "hz": 18456.760127700032
        },
        {
          "acoustic_entropy": 11.603826522827148,
          "acoustic_entropy_side": 11.603827476501465,
          "hz": 20153.260054456492
        },
        {
          "acoustic_entropy": 11.603827476501465,
          "acoustic_entropy_side": 11.603828430175781,
          "hz": 22000.00000000001
        }
      ],
      "diff_acoustic_entropy": 5.564317226409912,
      "sn": 12
    },
    {
      "acoustic_entropy": 18.739591598510742,
      "acoustic_entropy_mono": 16.180404663085938,
      "band_eliminated_acoustic_entropies": [
        {
          "acoustic_entropy": 18.301860809326172,
          "acoustic_entropy_side": 18.93806266784668,
          "hz": 129.47220167065723
        },
        {
          "acoustic_entropy": 19.68669891357422,
          "acoustic_entropy_side": 19.48262596130371,
          "hz": 202.92927478742237
        },
        {
          "acoustic_entropy": 18.23035430908203,
          "acoustic_entropy_side": 18.185142517089844,
          "hz": 282.89161906338205
        },
        {
          "acoustic_entropy": 19.0419864654541,
          "acoustic_entropy_side": 19.315404891967773,
          "hz": 369.9353335868758
        },
        {
          "acoustic_entropy": 18.251951217651367,
          "acoustic_entropy_side": 18.83403778076172,
          "hz": 464.6875360973435
        },
        {
          "acoustic_entropy": 19.71027374267578,
          "acoustic_entropy_side": 18.295631408691406,
          "hz": 567.8308811364784
        },
        {
          "acoustic_entropy": 19.367887496948242,
          "acoustic_entropy_side": 18.69708251953125,
          "hz": 680.1084783214808
        },
        {
          "acoustic_entropy": 18.77764320373535,
          "acoustic_entropy_side": 18.579381942749023,
          "hz": 802.3292461747484
        },
        {
          "acoustic_entropy": 19.105138778686523,
          "acoustic_entropy_side": 18.206912994384766,
          "hz": 935.3737400823702
        },
        {
          "acoustic_entropy": 19.598064422607422,
          "acoustic_entropy_side": 18.5760555267334,
          "hz": 1080.2004963696966
        },
        {
          "acoustic_entropy": 16.645341873168945,
          "acoustic_entropy_side": 18.61006736755371,
          "hz": 1237.8529382007157
        },
        {
          "acoustic_entropy": 18.938003540039062,
          "acoustic_entropy_side": 18.448036193847656,
          "hz": 1409.4668930556702
        },
        {
          "acoustic_entropy": 19.01128387451172,
          "acoustic_entropy_side": 18.684675216674805,
          "hz": 1596.2787759475705
        },
        {
          "acoustic_entropy": 19.248910903930664,
          "acoustic_entropy_side": 19.26513671875,
          "hz": 1799.6344973346393
        },
        {
          "acoustic_entropy": 18.28072738647461,
          "acoustic_entropy_side": 18.86989974975586,
          "hz": 2020.9991599069049
        },
        {
          "acoustic_entropy": 18.88262367248535,
          "acoustic_entropy_side": 19.031309127807617,
          "hz": 2261.9676141086993
        },
        {
          "acoustic_entropy": 18.74982452392578,
          "acoustic_entropy_side": 19.62126922607422,
          "hz": 2524.2759484456974
        },
        {
          "acoustic_entropy": 18.52429962158203,
          "acoustic_entropy_side": 19.319313049316406,
          "hz": 2809.813997359896
        },
        {
          "acoustic_entropy": 18.751075744628906,
          "acoustic_entropy_side": 18.886892318725586,
          "hz": 3120.6389567871424
        },
        {
          "acoustic_entropy": 18.11859130859375,
