{
  "acoustic_entropy": 135.99513244628906,
  "bands": [
    {
      "high_freq": 148.1999969482422,
      "loudness": -64.84639739990234,
      "loudness_range": 5.10992431640625,
      "mid_mean": -63.45643997192383,
      "mid_to_side_loudness": 0.7683078050613403,
      "mid_to_side_loudness_range": 4.743048667907715,
      "side_mean": -62.8600959777832
    },
    {
      "high_freq": 392.3793640136719,
      "loudness": -61.717063903808594,
      "loudness_range": 27.89803695678711,
      "low_freq": 148.1999969482422,
      "mid_mean": -60.79634475708008,
      "mid_to_side_loudness": -3.5010080337524414,
      "mid_to_side_loudness_range": 10.622396469116211,
      "side_mean": -63.45491409301758
    },
    {
      "high_freq": 794.6976318359375,
      "loudness": -52.24984359741211,
      "loudness_range": 22.105960845947266,
      "low_freq": 392.3793640136719,
      "mid_mean": -55.7216682434082,
      "mid_to_side_loudness": -3.0198166370391846,
      "mid_to_side_loudness_range": 9.997625350952148,
      "side_mean": -57.904571533203125
    },
    {
      "high_freq": 1457.5709228515625,
      "loudness": -48.87972640991211,
      "loudness_range": 25.84396743774414,
      "low_freq": 794.6976318359375,
      "mid_mean": -50.331642150878906,
      "mid_to_side_loudness": -3.439201831817627,
      "mid_to_side_loudness_range": 9.721921920776367,
      "side_mean": -53.38930892944336
    },
    {
      "high_freq": 2549.74365234375,
      "loudness": -57.12932586669922,
      "loudness_range": 21.169967651367188,
      "low_freq": 1457.5709228515625,
      "mid_mean": -57.285179138183594,
      "mid_to_side_loudness": -2.346519947052002,
      "mid_to_side_loudness_range": 7.834625720977783,
      "side_mean": -59.23630142211914
    },
    {
      "high_freq": 4349.24462890625,
      "loudness": -67.95429229736328,
      "loudness_range": 22.381370544433594,
      "low_freq": 2549.74365234375,
      "mid_mean": -65.092041015625,
      "mid_to_side_loudness": -1.83217191696167,
      "mid_to_side_loudness_range": 6.860851287841797,
      "side_mean": -65.98799896240234
    },
    {
      "high_freq": 7314.1640625,
      "loudness": -79.84134674072266,
      "loudness_range": 16.05628204345703,
      "low_freq": 4349.24462890625,
      "mid_mean": -69.35485076904297,
      "mid_to_side_loudness": -1.8115026950836182,
      "mid_to_side_loudness_range": 3.729448080062866,
      "side_mean": -69.58818054199219
    },
    {
      "high_freq": 12199.2666015625,
      "loudness": 0,
      "loudness_range": 0,
      "low_freq": 7314.1640625,
      "mid_mean": -69.8699951171875,
      "mid_to_side_loudness": -0.4235871434211731,
      "mid_to_side_loudness_range": 1.4636791944503784,
      "side_mean": -69.88777160644531
    },
    {
      "loudness": 0,
      "loudness_range": 0,
      "low_freq": 12199.2666015625,
      "mid_mean": -68.89954376220703,
      "mid_to_side_loudness": 0.02880546636879444,
      "mid_to_side_loudness_range": 0.6377223134040833,
      "side_mean": -68.89366149902344
    }
  ],
  "bands_short": [
    {
      "high_freq": 148.1999969482422,
      "loudness": -65.44136810302734,
      "loudness_range": 7.696052551269531,
      "mid_mean": -63.93134307861328,
      "mid_to_side_loudness": 0.5055719614028931,
      "mid_to_side_loudness_range": 12.612103462219238,
      "side_mean": -63.543949127197266
    },
    {
      "high_freq": 392.3793640136719,
      "loudness": -65.17035675048828,
      "loudness_range": 26.522510528564453,
      "low_freq": 148.1999969482422,
      "mid_mean": -61.327125549316406,
      "mid_to_side_loudness": -3.12739634513855,
      "mid_to_side_loudness_range": 13.227282524108887,
      "side_mean": -63.978633880615234
    },
    {
      "high_freq": 794.6976318359375,
      "loudness": -53.532737731933594,
      "loudness_range": 23.53546905517578,
      "low_freq": 392.3793640136719,
      "mid_mean": -57.21644973754883,
      "mid_to_side_loudness": -2.6403112411499023,
      "mid_to_side_loudness_range": 12.664320945739746,
      "side_mean": -59.026023864746094
    },
    {
      "high_freq": 1457.5709228515625,
      "loudness": -48.697994232177734,
      "loudness_range": 25.672565460205078,
      "low_freq": 794.6976318359375,
      "mid_mean": -50.425384521484375,
      "mid_to_side_loudness": -3.2788453102111816,
      "mid_to_side_loudness_range": 14.257646560668945,
      "side_mean": -53.39276123046875
    },
    {
      "high_freq": 2549.74365234375,
      "loudness": -57.558319091796875,
      "loudness_range": 21.82912826538086,
      "low_freq": 1457.5709228515625,
      "mid_mean": -57.92372512817383,
      "mid_to_side_loudness": -2.260087013244629,
      "mid_to_side_loudness_range": 12.019598960876465,
      "side_mean": -59.76033020019531
    },
    {
      "high_freq": 4349.24462890625,
      "loudness": -68.35844421386719,
      "loudness_range": 22.85809326171875,
      "low_freq": 2549.74365234375,
      "mid_mean": -65.38672637939453,
      "mid_to_side_loudness": -1.7860928773880005,
      "mid_to_side_loudness_range": 10.560687065124512,
      "side_mean": -66.21246337890625
    },
    {
      "high_freq": 7314.1640625,
      "loudness": -79.77374267578125,
      "loudness_range": 16.21477508544922,
      "low_freq": 4349.24462890625,
      "mid_mean": -69.38630676269531,
      "mid_to_side_loudness": -1.6808865070343018,
      "mid_to_side_loudness_range": 5.801997661590576,
      "side_mean": -69.59728240966797
    },
    {
      "high_freq": 12199.2666015625,
      "loudness": -85.03947448730469,
      "loudness_range": 12.15277099609375,
      "low_freq": 7314.1640625,
      "mid_mean": -69.87263488769531,
      "mid_to_side_loudness": -0.40000689029693604,
      "mid_to_side_loudness_range": 2.2786545753479004,
      "side_mean": -69.88971710205078
    },
    {
      "loudness": 0,
      "loudness_range": 0,
      "low_freq": 12199.2666015625,
      "mid_mean": -68.91380310058594,
      "mid_to_side_loudness": 0.028576001524925232,
      "mid_to_side_loudness_range": 1.9635974168777466,
      "side_mean": -68.90750885009766
    }
  ],
  "bandwidth": 914.4656372070312,
  "channels": 2,
  "covariance": [
    [
      2.2650229930877686,
      1.2893964052200317,
      4.09926700592041,
      2.8635783195495605,
      0.35456639528274536,
      0.4479285478591919,
      3.0132131576538086,
      2.3553338050842285,
      1.2302675247192383,
      1.4705084562301636,
      0.9943225979804993,
      1.044501781463623,
      0.3280041813850403,
      0.24587570130825043,
      0.05136830732226372,
      0.038721371442079544,
      0.0188493262976408,
      0.021337948739528656
    ],
    [
      1.2893964052200317,
      2.1110448837280273,
      3.3733747005462646,
      2.327880620956421,
      1.7605522871017456,
      2.0767900943756104,
      3.818732261657715,
      2.9970815181732178,
      2.7860238552093506,
      2.4512860774993896,
      1.068375587463379,
      0.9024076461791992,
      0.16788312792778015,
      0.14080379903316498,
      0.038495972752571106,
      0.030539100989699364,
      0.01807749830186367,
      0.023943621665239334
    ],
    [
      4.09926700592041,
      3.3733747005462646,
      80.71549224853516,
      57.550209045410156,
      41.76232147216797,
      40.71989822387695,
      -4.959614276885986,
      -7.8876729011535645,
      6.794180393218994,
      6.496702194213867,
      -3.322624444961548,
      -0.9977933764457703,
      -1.175247073173523,
      -0.5871618986129761,
      -0.27465876936912537,
      -0.26616066694259644,
      0.03658648952841759,
      0.010839039459824562
    ],
    [
      2.8635783195495605,
      2.327880620956421,
      57.550209045410156,
      47.59326934814453,
      33.66251754760742,
      31.76740837097168,
      1.4386156797409058,
      -0.1527920812368393,
      8.233002662658691,
      8.125821113586426,
      0.1732630431652069,
      1.7570213079452515,
      -0.46631649136543274,
      -0.1581438183784485,
      -0.13570807874202728,
      -0.1453949511051178,
      0.022365117445588112,
      0.011216606013476849
    ],
    [
      0.35456639528274536,
      1.7605522871017456,
      41.76232147216797,
      33.66251754760742,
      113.3154296875,
      93.5423583984375,
      28.337230682373047,
      18.096145629882812,
      50.53508758544922,
      45.11188888549805,
      6.956972122192383,
      5.83006477355957,
      -0.36945855617523193,
      -0.12602142989635468,
      -0.35030680894851685,
      -0.32281243801116943,
      0.00607621343806386,
      0.017075255513191223
    ],
    [
      0.4479285478591919,
      2.0767900943756104,
      40.71989822387695,
      31.76740837097168,
      93.5423583984375,
      86.00089263916016,
      19.74358558654785,
      11.254715919494629,
      43.01200866699219,
      38.384117126464844,
      5.059052467346191,
      4.103605270385742,
      -0.3871091306209564,
      -0.1639837920665741,
      -0.29910942912101746,
      -0.276251882314682,
      -0.0016967849805951118,
      0.00785668846219778
    ],
    [
      3.0132131576538086,
      3.818732261657715,
      -4.959614276885986,
      1.4386156797409058,
      28.337230682373047,
      19.74358558654785,
      128.34864807128906,
      111.7143783569336,
      69.1882553100586,
      61.38431930541992,
      42.35657501220703,
      36.11493682861328,
      6.886063098907471,
      4.507888317108154,
      1.194381833076477,
      0.9984477758407593,
      0.06078670173883438,
      0.0965358167886734
    ],
    [
      2.3553338050842285,
      2.9970815181732178,
      -7.8876729011535645,
      -0.1527920812368393,
      18.096145629882812,
      11.254715919494629,
      111.7143783569336,
      106.75464630126953,
      59.524417877197266,
      53.54547882080078,
      40.13685607910156,
      34.45528030395508,
      6.559166431427002,
      4.240988254547119,
      1.1695460081100464,
      0.9808043837547302,
      0.05781342834234238,
      0.0928884744644165
    ],
    [
      1.2302675247192383,
      2.7860238552093506,
      6.794180393218994,
      8.233002662658691,
      50.53508758544922,
      43.01200866699219,
      69.1882553100586,
      59.524417877197266,
      65.21247100830078,
      55.82157516479492,
      26.783889770507812,
      22.264495849609375,
      4.119526386260986,
      2.7428712844848633,
      0.4814896583557129,
      0.39806294441223145,
      0.030563166365027428,
      0.04478178173303604
    ],
    [
      1.4705084562301636,
      2.4512860774993896,
      6.496702194213867,
      8.125821113586426,
      45.11188888549805,
      38.384117126464844,
      61.38431930541992,
      53.54547882080078,
      55.82157516479492,
      53.434635162353516,
      25.6234188079834,
      21.59589958190918,
      4.152790546417236,
      2.7139625549316406,
      0.47879475355148315,
      0.3949632942676544,
      0.029902007430791855,
      0.03931107744574547
    ],
    [
      0.9943225979804993,
      1.068375587463379,
      -3.322624444961548,
      0.1732630431652069,
      6.956972122192383,
      5.059052467346191,
      42.35657501220703,
      40.13685607910156,
      26.783889770507812,
      25.6234188079834,
      24.704992294311523,
      20.624454498291016,
      3.962496519088745,
      2.524096965789795,
      0.6807745695114136,
      0.5579409599304199,
      0.023250021040439606,
      0.04151555150747299
    ],
    [
      1.044501781463623,
      0.9024076461791992,
      -0.9977933764457703,
      1.7570213079452515,
      5.83006477355957,
      4.103605270385742,
      36.11493682861328,
      34.45528030395508,
      22.264495849609375,
      21.59589958190918,
      20.624454498291016,
      19.851551055908203,
      3.636631965637207,
      2.301086664199829,
      0.6124746799468994,
      0.496383935213089,
      0.019009210169315338,
      0.03275348246097565
    ],
    [
      0.3280041813850403,
      0.16788312792778015,
      -1.175247073173523,
      -0.46631649136543274,
      -0.36945855617523193,
      -0.3871091306209564,
      6.886063098907471,
      6.559166431427002,
      4.119526386260986,
      4.152790546417236,
      3.962496519088745,
      3.636631965637207,
      1.0773983001708984,
      0.6511285901069641,
      0.18354405462741852,
      0.152008056640625,
      0.005884447135031223,
      0.008994081988930702
    ],
    [
      0.24587570130825043,
      0.14080379903316498,
      -0.5871618986129761,
      -0.1581438183784485,
      -0.12602142989635468,
      -0.1639837920665741,
      4.507888317108154,
      4.240988254547119,
      2.7428712844848633,
      2.7139625549316406,
      2.524096965789795,
      2.301086664199829,
      0.6511285901069641,
      0.4604308307170868,
      0.1137019544839859,
      0.09422163665294647,
      0.002874713158234954,
      0.006129769142717123
    ],
    [
      0.05136830732226372,
      0.038495972752571106,
      -0.27465876936912537,
      -0.13570807874202728,
      -0.35030680894851685,
      -0.29910942912101746,
      1.194381833076477,
      1.1695460081100464,
      0.4814896583557129,
      0.47879475355148315,
      0.6807745695114136,
      0.6124746799468994,
      0.18354405462741852,
      0.1137019544839859,
      0.052007026970386505,
      0.04147449880838394,
      0.001116837840527296,
      0.002898236270993948
    ],
    [
      0.038721371442079544,
      0.030539100989699364,
      -0.26616066694259644,
      -0.1453949511051178,
      -0.32281243801116943,
      -0.276251882314682,
      0.9984477758407593,
      0.9808043837547302,
      0.39806294441223145,
      0.3949632942676544,
      0.5579409599304199,
      0.496383935213089,
      0.152008056640625,
      0.09422163665294647,
      0.04147449880838394,
      0.03579564765095711,
      0.0009443439776077867,
      0.0022664652206003666
    ],
    [
      0.0188493262976408,
      0.01807749830186367,
      0.03658648952841759,
      0.022365117445588112,
      0.00607621343806386,
      -0.0016967849805951118,
      0.06078670173883438,
      0.05781342834234238,
      0.030563166365027428,
      0.029902007430791855,
      0.023250021040439606,
      0.019009210169315338,
      0.005884447135031223,
      0.002874713158234954,
      0.001116837840527296,
      0.0009443439776077867,
      0.003419627668336034,
      0.0022603690158575773
    ],
    [
      0.021337948739528656,
      0.023943621665239334,
      0.010839039459824562,
      0.011216606013476849,
      0.017075255513191223,
      0.00785668846219778,
      0.0965358167886734,
      0.0928884744644165,
      0.04478178173303604,
      0.03931107744574547,
      0.04151555150747299,
      0.03275348246097565,
      0.008994081988930702,
      0.006129769142717123,
      0.002898236270993948,
      0.0022664652206003666,
      0.0022603690158575773,
      0.003500196151435375
    ]
  ],
  "covariance_short": [
    [
      5.613282203674316,
      1.2132469415664673,
      3.931826114654541,
      2.839803457260132,
      0.587102472782135,
      0.40284422039985657,
      2.0947914123535156,
      1.494754672050476,
      0.8176711201667786,
      1.109745740890503,
      0.7825433611869812,
      0.958692193031311,
      0.29802942276000977,
      0.24179352819919586,
      0.0433591827750206,
      0.031155215576291084,
      0.005958885885775089,
      0.011287152767181396
    ],
    [
      1.2132469415664673,
      6.29908561706543,
      2.9878668785095215,
      1.9319326877593994,
      2.1167848110198975,
      2.1677584648132324,
      3.0637149810791016,
      2.1375255584716797,
      2.143003463745117,
      1.9597662687301636,
      0.773917555809021,
      0.7844616174697876,
      0.12429284304380417,
      0.13141688704490662,
      0.028494147583842278,
      0.023076176643371582,
      0.00778274005278945,
      0.013827198185026646
    ],
    [
      3.931826114654541,
      2.9878668785095215,
      71.49906158447266,
      44.370975494384766,
      43.49989700317383,
      41.57063674926758,
      -5.438594341278076,
      -6.6265130043029785,
      5.834805488586426,
      5.617948055267334,
      -1.5242822170257568,
      0.8129311800003052,
      -0.8456996083259583,
      -0.4293728768825531,
      -0.22375427186489105,
      -0.21916590631008148,
      0.016182590276002884,
      -0.00816086120903492
    ],
    [
      2.839803457260132,
      1.9319326877593994,
      44.370975494384766,
      33.26990509033203,
      31.611757278442383,
      30.107730865478516,
      -0.03351721912622452,
      -0.8062120079994202,
      6.0925517082214355,
      6.175552845001221,
      0.8701761960983276,
      2.5707218647003174,
      -0.23360948264598846,
      -0.06850535422563553,
      -0.10123752802610397,
      -0.11143027245998383,
      0.008529790677130222,
      0.0004401155165396631
    ],
    [
      0.587102472782135,
      2.1167848110198975,
      43.49989700317383,
      31.611757278442383,
      106.33160400390625,
      88.66986083984375,
      22.57383918762207,
      14.017823219299316,
      39.852264404296875,
      36.22092056274414,
      5.033677577972412,
      5.601751804351807,
      -0.41624510288238525,
      -0.30946430563926697,
      -0.2852272093296051,
      -0.27295443415641785,
      -0.01831081323325634,
      -0.013665066100656986
    ],
    [
      0.40284422039985657,
      2.1677584648132324,
      41.57063674926758,
      30.107730865478516,
      88.66986083984375,
      87.07304382324219,
      16.257158279418945,
      10.392585754394531,
      34.891544342041016,
      31.62578010559082,
      3.897123336791992,
      4.62771463394165,
      -0.4410100281238556,
      -0.3208123445510864,
      -0.2524190843105316,
      -0.24032890796661377,
      -0.028529811650514603,
      -0.02015610784292221
    ],
    [
      2.0947914123535156,
      3.0637149810791016,
      -5.438594341278076,
      -0.03351721912622452,
      22.57383918762207,
      16.257158279418945,
      130.4078826904297,
      106.06890869140625,
      70.31853485107422,
      60.920021057128906,
      39.64643096923828,
      33.46133804321289,
      6.577956676483154,
      4.428282737731934,
      1.1401803493499756,
      0.950207531452179,
      0.03417874872684479,
      0.054858289659023285
    ],
    [
      1.494754672050476,
      2.1375255584716797,
      -6.6265130043029785,
      -0.8062120079994202,
      14.017823219299316,
      10.392585754394531,
      106.06890869140625,
      105.48578643798828,
      59.812618255615234,
      52.611167907714844,
      36.74597930908203,
      31.373756408691406,
      6.10080099105835,
      4.059911251068115,
      1.0969228744506836,
      0.9209424257278442,
      0.0391094796359539,
      0.05519096180796623
    ],
    [
      0.8176711201667786,
      2.143003463745117,
      5.834805488586426,
      6.0925517082214355,
      39.852264404296875,
      34.891544342041016,
      70.31853485107422,
      59.812618255615234,
      67.08601379394531,
      53.487823486328125,
      25.197263717651367,
      21.01419448852539,
      3.9557578563690186,
      2.7085416316986084,
      0.49604979157447815,
      0.40729838609695435,
      0.011043073609471321,
      0.016765877604484558
    ],
    [
      1.109745740890503,
      1.9597662687301636,
      5.617948055267334,
      6.175552845001221,
      36.22092056274414,
      31.62578010559082,
      60.920021057128906,
      52.611167907714844,
      53.487823486328125,
      54.4029426574707,
      24.143022537231445,
      20.422643661499023,
      3.9688618183135986,
      2.6634604930877686,
      0.48178842663764954,
      0.4004538655281067,
      0.013171955943107605,
      0.021523749455809593
    ],
    [
      0.7825433611869812,
      0.773917555809021,
      -1.5242822170257568,
      0.8701761960983276,
      5.033677577972412,
      3.897123336791992,
      39.64643096923828,
      36.74597930908203,
      25.197263717651367,
      24.143022537231445,
      24.83859634399414,
      19.315208435058594,
      3.769366979598999,
      2.4570906162261963,
      0.6665328741073608,
      0.549591064453125,
      0.01922577992081642,
      0.03254605829715729
    ],
    [
      0.958692193031311,
      0.7844616174697876,
      0.8129311800003052,
      2.5707218647003174,
      5.601751804351807,
      4.62771463394165,
      33.46133804321289,
      31.373756408691406,
      21.01419448852539,
      20.422643661499023,
      19.315208435058594,
      20.244646072387695,
      3.409550666809082,
      2.229220151901245,
      0.5860557556152344,
      0.47484222054481506,
      0.01735719107091427,
      0.01979055255651474
    ],
    [
      0.29802942276000977,
      0.12429284304380417,
      -0.8456996083259583,
      -0.23360948264598846,
      -0.41624510288238525,
      -0.4410100281238556,
      6.577956676483154,
      6.10080099105835,
      3.9557578563690186,
      3.9688618183135986,
      3.769366979598999,
      3.409550666809082,
      1.2342609167099,
      0.7088747620582581,
      0.2082250565290451,
      0.17248426377773285,
      0.006207730621099472,
      0.00819476693868637
    ],
    [
      0.24179352819919586,
      0.13141688704490662,
      -0.4293728768825531,
      -0.06850535422563553,
      -0.30946430563926697,
      -0.3208123445510864,
      4.428282737731934,
      4.059911251068115,
      2.7085416316986084,
      2.6634604930877686,
      2.4570906162261963,
      2.229220151901245,
      0.7088747620582581,
      0.5594179630279541,
      0.13547338545322418,
      0.11176355183124542,
      0.00417306087911129,
      0.006711895577609539
    ],
    [
      0.0433591827750206,
      0.028494147583842278,
      -0.22375427186489105,
      -0.10123752802610397,
      -0.2852272093296051,
      -0.2524190843105316,
      1.1401803493499756,
      1.0969228744506836,
      0.49604979157447815,
      0.48178842663764954,
      0.6665328741073608,
      0.5860557556152344,
      0.2082250565290451,
      0.13547338545322418,
      0.0728488638997078,
      0.05579812452197075,
      0.0019267062889412045,
      0.003357980167493224
    ],
    [
      0.031155215576291084,
      0.023076176643371582,
      -0.21916590631008148,
      -0.11143027245998383,
      -0.27295443415641785,
      -0.24032890796661377,
      0.950207531452179,
      0.9209424257278442,
      0.40729838609695435,
      0.4004538655281067,
      0.549591064453125,
      0.47484222054481506,
      0.17248426377773285,
      0.11176355183124542,
      0.05579812452197075,
      0.04981182515621185,
      0.0014474977506324649,
      0.002656257012858987
    ],
    [
      0.005958885885775089,
      0.00778274005278945,
      0.016182590276002884,
      0.008529790677130222,
      -0.01831081323325634,
      -0.028529811650514603,
      0.03417874872684479,
      0.0391094796359539,
      0.011043073609471321,
      0.013171955943107605,
      0.01922577992081642,
      0.01735719107091427,
      0.006207730621099472,
      0.00417306087911129,
      0.0019267062889412045,
      0.0014474977506324649,
      0.011448699049651623,
      0.0005388841382227838
    ],
    [
      0.011287152767181396,
      0.013827198185026646,
      -0.00816086120903492,
      0.0004401155165396631,
      -0.013665066100656986,
      -0.02015610784292221,
      0.054858289659023285,
      0.05519096180796623,
      0.016765877604484558,
      0.021523749455809593,
      0.03254605829715729,
      0.01979055255651474,
      0.00819476693868637,
      0.006711895577609539,
      0.003357980167493224,
      0.002656257012858987,
      0.0005388841382227838,
      0.011630551889538765
    ]
  ],
  "damage": -30.506746292114258,
  "diff_bandwidth": 937.9586791992188,
  "dissonance": 2.7820765803286363,
  "drr": 9.334564208984375,
  "dynamics": 5.42612886428833,
  "format": 1245190,
  "frames": 5203904,
  "loudness": -40.86551284790039,
  "loudness_range": 25.507591247558594,
  "loudness_range_short": 26.897960662841797,
  "lowpass_true_peak_15khz": -23.69218635559082,
  "mastering3_acoustic_entropies": [
    {
      "acoustic_entropy": 8.575010299682617,
      "acoustic_entropy_mono": 8.04272747039795,
      "band_eliminated_acoustic_entropies": [
        {
          "acoustic_entropy": 8.574479103088379,
          "acoustic_entropy_side": 8.574979782104492,
          "hz": 129.47220167065723
        },
        {
          "acoustic_entropy": 8.57217025756836,
          "acoustic_entropy_side": 8.574816703796387,
          "hz": 202.92927478742237
        },
        {
          "acoustic_entropy": 8.560359954833984,
          "acoustic_entropy_side": 8.572251319885254,
          "hz": 282.89161906338205
        },
        {
          "acoustic_entropy": 8.576377868652344,
          "acoustic_entropy_side": 8.643367767333984,
          "hz": 369.9353335868758
        },
        {
          "acoustic_entropy": 8.551678657531738,
          "acoustic_entropy_side": 8.30901050567627,
          "hz": 464.6875360973435
        },
        {
          "acoustic_entropy": 8.849370002746582,
          "acoustic_entropy_side": 8.648457527160645,
          "hz": 567.8308811364784
        },
        {
          "acoustic_entropy": 8.674206733703613,
          "acoustic_entropy_side": 8.490971565246582,
          "hz": 680.1084783214808
        },
        {
          "acoustic_entropy": 9.72662353515625,
          "acoustic_entropy_side": 8.873501777648926,
          "hz": 802.3292461747484
        },
        {
          "acoustic_entropy": 8.603259086608887,
          "acoustic_entropy_side": 9.67444896697998,
          "hz": 935.3737400823702
        },
        {
          "acoustic_entropy": 9.771421432495117,
          "acoustic_entropy_side": 8.197473526000977,
          "hz": 1080.2004963696966
        },
        {
          "acoustic_entropy": 9.604406356811523,
          "acoustic_entropy_side": 8.754714012145996,
          "hz": 1237.8529382007157
        },
        {
          "acoustic_entropy": 9.593896865844727,
          "acoustic_entropy_side": 9.575194358825684,
          "hz": 1409.4668930556702
        },
        {
          "acoustic_entropy": 9.368365287780762,
          "acoustic_entropy_side": 8.678852081298828,
          "hz": 1596.2787759475705
        },
        {
          "acoustic_entropy": 9.462447166442871,
          "acoustic_entropy_side": 9.108800888061523,
          "hz": 1799.6344973346393
        },
        {
          "acoustic_entropy": 8.141243934631348,
          "acoustic_entropy_side": 8.732062339782715,
          "hz": 2020.9991599069049
        },
        {
          "acoustic_entropy": 8.633950233459473,
          "acoustic_entropy_side": 8.465276718139648,
          "hz": 2261.9676141086993
        },
        {
          "acoustic_entropy": 8.73410701751709,
          "acoustic_entropy_side": 8.656922340393066,
          "hz": 2524.2759484456974
        },
        {
          "acoustic_entropy": 8.615583419799805,
          "acoustic_entropy_side": 8.620711326599121,
          "hz": 2809.813997359896
        },
        {
          "acoustic_entropy": 8.51852798461914,
          "acoustic_entropy_side": 8.541478157043457,
          "hz": 3120.6389567871424
        },
        {
          "acoustic_entropy": 8.579497337341309,
          "acoustic_entropy_side": 8.569448471069336,
          "hz": 3458.990205492291
        },
        {
          "acoustic_entropy": 8.568347930908203,
          "acoustic_entropy_side": 8.571305274963379,
          "hz": 3827.305438964164
        },
        {
          "acoustic_entropy": 8.57646369934082,
          "acoustic_entropy_side": 8.575096130371094,
          "hz": 4228.238232109126
        },
        {
          "acoustic_entropy": 8.573307037353516,
          "acoustic_entropy_side": 8.574324607849121,
          "hz": 4664.6771572759235
        },
        {
          "acoustic_entropy": 8.574995040893555,
          "acoustic_entropy_side": 8.575017929077148,
          "hz": 5139.766595350093
        },
        {
          "acoustic_entropy": 8.574951171875,
          "acoustic_entropy_side": 8.574996948242188,
          "hz": 5656.929389854203
        },
        {
          "acoustic_entropy": 8.574905395507812,
          "acoustic_entropy_side": 8.574992179870605,
          "hz": 6219.891507268283
        },
        {
          "acoustic_entropy": 8.574946403503418,
          "acoustic_entropy_side": 8.57500171661377,
          "hz": 6832.70888123896
        },
        {
          "acoustic_entropy": 8.574999809265137,
          "acoustic_entropy_side": 8.575011253356934,
          "hz": 7499.796634079867
        },
        {
          "acoustic_entropy": 8.575008392333984,
          "acoustic_entropy_side": 8.5750093460083,
          "hz": 8225.96088609342
        },
        {
          "acoustic_entropy": 8.575008392333984,
          "acoustic_entropy_side": 8.5750093460083,
          "hz": 9016.43338188839
        },
        {
          "acoustic_entropy": 8.575008392333984,
          "acoustic_entropy_side": 8.575010299682617,
          "hz": 9876.909183162974
        },
        {
          "acoustic_entropy": 8.5750093460083,
          "acoustic_entropy_side": 8.575010299682617,
          "hz": 10813.587699516042
        },
        {
          "acoustic_entropy": 8.575007438659668,
          "acoustic_entropy_side": 8.575007438659668,
          "hz": 11833.21735289826
        },
        {
          "acoustic_entropy": 8.5750093460083,
          "acoustic_entropy_side": 8.575010299682617,
          "hz": 12943.144197493959
        },
        {
          "acoustic_entropy": 8.575010299682617,
          "acoustic_entropy_side": 8.575010299682617,
          "hz": 14151.364845322005
        },
        {
          "acoustic_entropy": 8.575010299682617,
          "acoustic_entropy_side": 8.575010299682617,
          "hz": 15466.58407886509
        },
        {
          "acoustic_entropy": 8.575010299682617,
          "acoustic_entropy_side": 8.575010299682617,
          "hz": 16898.27756580493
        },
        {
          "acoustic_entropy": 8.575010299682617,
          "acoustic_entropy_side": 8.575010299682617,
          "hz": 18456.760127700032
        },
        {
          "acoustic_entropy": 8.575010299682617,
          "acoustic_entropy_side": 8.575010299682617,
          "hz": 20153.260054456492
        },
        {
          "acoustic_entropy": 8.575010299682617,
          "acoustic_entropy_side": 8.575010299682617,
          "hz": 22000.00000000001
        }
      ],
      "diff_acoustic_entropy": 3.698845386505127,
      "sn": 6
    },
    {
      "acoustic_entropy": 13.43746566772461,
      "acoustic_entropy_mono": 13.702140808105469,
      "band_eliminated_acoustic_entropies": [
        {
          "acoustic_entropy": 13.430631637573242,
          "acoustic_entropy_side": 13.437140464782715,
          "hz": 129.47220167065723
        },
        {
          "acoustic_entropy": 13.4073486328125,
          "acoustic_entropy_side": 13.434123992919922,
          "hz": 202.92927478742237
        },
        {
          "acoustic_entropy": 13.321134567260742,
          "acoustic_entropy_side": 13.388847351074219,
          "hz": 282.89161906338205
        },
        {
          "acoustic_entropy": 12.656547546386719,
          "acoustic_entropy_side": 13.437115669250488,
          "hz": 369.9353335868758
        },
        {
          "acoustic_entropy": 13.42226505279541,
          "acoustic_entropy_side": 12.682053565979004,
          "hz": 464.6875360973435
        },
        {
          "acoustic_entropy": 12.442130088806152,
          "acoustic_entropy_side": 12.821388244628906,
          "hz": 567.8308811364784
        },
        {
          "acoustic_entropy": 12.492515563964844,
          "acoustic_entropy_side": 13.146879196166992,
          "hz": 680.1084783214808
        },
        {
          "acoustic_entropy": 13.59172534942627,
          "acoustic_entropy_side": 13.321691513061523,
          "hz": 802.3292461747484
        },
        {
          "acoustic_entropy": 12.961732864379883,
          "acoustic_entropy_side": 12.974644660949707,
          "hz": 935.3737400823702
        },
        {
          "acoustic_entropy": 13.758194923400879,
          "acoustic_entropy_side": 13.42284870147705,
          "hz": 1080.2004963696966
        },
        {
          "acoustic_entropy": 14.03034496307373,
          "acoustic_entropy_side": 13.328340530395508,
          "hz": 1237.8529382007157
        },
        {
          "acoustic_entropy": 13.5894775390625,
          "acoustic_entropy_side": 13.006278991699219,
          "hz": 1409.4668930556702
        },
        {
          "acoustic_entropy": 12.36074161529541,
          "acoustic_entropy_side": 13.304557800292969,
          "hz": 1596.2787759475705
        },
        {
          "acoustic_entropy": 13.79981517791748,
          "acoustic_entropy_side": 13.338930130004883,
          "hz": 1799.6344973346393
        },
        {
          "acoustic_entropy": 13.010807037353516,
          "acoustic_entropy_side": 13.817501068115234,
          "hz": 2020.9991599069049
        },
        {
          "acoustic_entropy": 12.188913345336914,
          "acoustic_entropy_side": 13.255066871643066,
          "hz": 2261.9676141086993
        },
        {
          "acoustic_entropy": 13.348030090332031,
          "acoustic_entropy_side": 13.049833297729492,
          "hz": 2524.2759484456974
        },
        {
          "acoustic_entropy": 13.427461624145508,
          "acoustic_entropy_side": 13.331778526306152,
          "hz": 2809.813997359896
        },
        {
          "acoustic_entropy": 13.321794509887695,
          "acoustic_entropy_side": 13.359642028808594,
          "hz": 3120.6389567871424
        },
        {
          "acoustic_entropy": 13.187682151794434,
          "acoustic_entropy_side": 13.39607048034668,
          "hz": 3458.990205492291
        },
        {
          "acoustic_entropy": 13.376497268676758,
          "acoustic_entropy_side": 13.418222427368164,
          "hz": 3827.305438964164
        },
        {
          "acoustic_entropy": 13.381502151489258,
          "acoustic_entropy_side": 13.419370651245117,
          "hz": 4228.238232109126
        },
        {
          "acoustic_entropy": 13.431631088256836,
          "acoustic_entropy_side": 13.43299388885498,
          "hz": 4664.6771572759235
        },
        {
          "acoustic_entropy": 13.429351806640625,
          "acoustic_entropy_side": 13.434446334838867,
          "hz": 5139.766595350093
        },
        {
          "acoustic_entropy": 13.436164855957031,
          "acoustic_entropy_side": 13.436945915222168,
          "hz": 5656.929389854203
        },
        {
          "acoustic_entropy": 13.436899185180664,
          "acoustic_entropy_side": 13.437145233154297,
          "hz": 6219.891507268283
        },
        {
          "acoustic_entropy": 13.437108039855957,
          "acoustic_entropy_side": 13.437217712402344,
          "hz": 6832.70888123896
        },
        {
          "acoustic_entropy": 13.43729305267334,
          "acoustic_entropy_side": 13.437383651733398,
          "hz": 7499.796634079867
        },
        {
          "acoustic_entropy": 13.437368392944336,
          "acoustic_entropy_side": 13.437432289123535,
          "hz": 8225.96088609342
        },
        {
          "acoustic_entropy": 13.43745231628418,
          "acoustic_entropy_side": 13.437458038330078,
          "hz": 9016.43338188839
        },
        {
          "acoustic_entropy": 13.43746280670166,
          "acoustic_entropy_side": 13.437463760375977,
          "hz": 9876.909183162974
        },
        {
          "acoustic_entropy": 13.437477111816406,
          "acoustic_entropy_side": 13.437474250793457,
          "hz": 10813.587699516042
        },
        {
          "acoustic_entropy": 13.437517166137695,
          "acoustic_entropy_side": 13.437499046325684,
          "hz": 11833.21735289826
        },
        {
          "acoustic_entropy": 13.437474250793457,
          "acoustic_entropy_side": 13.437469482421875,
          "hz": 12943.144197493959
        },
        {
          "acoustic_entropy": 13.43746566772461,
          "acoustic_entropy_side": 13.437464714050293,
          "hz": 14151.364845322005
        },
        {
          "acoustic_entropy": 13.437464714050293,
          "acoustic_entropy_side": 13.43746566772461,
          "hz": 15466.58407886509
        },
        {
          "acoustic_entropy": 13.437464714050293,
          "acoustic_entropy_side": 13.43746566772461,
          "hz": 16898.27756580493
        },
        {
          "acoustic_entropy": 13.437464714050293,
          "acoustic_entropy_side": 13.437464714050293,
          "hz": 18456.760127700032
        },
        {
          "acoustic_entropy": 13.437463760375977,
          "acoustic_entropy_side": 13.43746566772461,
          "hz": 20153.260054456492
        },
        {
          "acoustic_entropy": 13.437469482421875,
          "acoustic_entropy_side": 13.437471389770508,
          "hz": 22000.00000000001
        }
      ],
      "diff_acoustic_entropy": 6.196094512939453,
      "sn": 12
    },
    {
      "acoustic_entropy": 20.915281295776367,
      "acoustic_entropy_mono": 20.333080291748047,
      "band_eliminated_acoustic_entropies": [
        {
          "acoustic_entropy": 20.921953201293945,
          "acoustic_entropy_side": 21.006179809570312,
          "hz": 129.47220167065723
        },
        {
          "acoustic_entropy": 20.86052703857422,
          "acoustic_entropy_side": 20.907785415649414,
          "hz": 202.92927478742237
        },
        {
          "acoustic_entropy": 21.274227142333984,
          "acoustic_entropy_side": 20.812135696411133,
          "hz": 282.89161906338205
        },
        {
          "acoustic_entropy": 20.958843231201172,
          "acoustic_entropy_side": 21.12366485595703,
          "hz": 369.9353335868758
        },
        {
          "acoustic_entropy": 20.70301055908203,
          "acoustic_entropy_side": 20.76933479309082,
          "hz": 464.6875360973435
        },
        {
          "acoustic_entropy": 20.149517059326172,
          "acoustic_entropy_side": 20.981735229492188,
          "hz": 567.8308811364784
        },
        {
          "acoustic_entropy": 20.42351722717285,
          "acoustic_entropy_side": 21.215354919433594,
          "hz": 680.1084783214808
        },
        {
          "acoustic_entropy": 21.35771942138672,
          "acoustic_entropy_side": 21.079689025878906,
          "hz": 802.3292461747484
        },
        {
          "acoustic_entropy": 21.284257888793945,
          "acoustic_entropy_side": 21.89580726623535,
          "hz": 935.3737400823702
        },
        {
          "acoustic_entropy": 20.155088424682617,
          "acoustic_entropy_side": 20.401901245117188,
          "hz": 1080.2004963696966
        },
        {
          "acoustic_entropy": 20.926918029785156,
          "acoustic_entropy_side": 20.969585418701172,
          "hz": 1237.8529382007157
        },
        {
          "acoustic_entropy": 21.293344497680664,
          "acoustic_entropy_side": 21.47357177734375,
          "hz": 1409.4668930556702
        },
        {
          "acoustic_entropy": 20.469327926635742,
          "acoustic_entropy_side": 22.044126510620117,
          "hz": 1596.2787759475705
        },
        {
          "acoustic_entropy": 21.16551971435547,
          "acoustic_entropy_side": 21.363462448120117,
          "hz": 1799.6344973346393
        },
        {
          "acoustic_entropy": 20.54512596130371,
          "acoustic_entropy_side": 21.92066764831543,
          "hz": 2020.9991599069049
        },
        {
          "acoustic_entropy": 19.767189025878906,
          "acoustic_entropy_side": 21.12089729309082,
