{
  "acoustic_entropy": 150.3115692138672,
  "bands": [
    {
      "high_freq": 148.1999969482422,
      "loudness": -26.784671783447266,
      "loudness_range": 13.966073989868164,
      "mid_mean": -23.11322784423828,
      "mid_to_side_loudness": -77.08586120605469,
      "mid_to_side_loudness_range": 16.903648376464844,
      "side_mean": -69.9983139038086
    },
    {
      "high_freq": 392.3793640136719,
      "loudness": -23.04712677001953,
      "loudness_range": 12.702777862548828,
      "low_freq": 148.1999969482422,
      "mid_mean": -19.345752716064453,
      "mid_to_side_loudness": -76.71674346923828,
      "mid_to_side_loudness_range": 15.209434509277344,
      "side_mean": -69.9941635131836
    },
    {
      "high_freq": 794.6976318359375,
      "loudness": -26.257568359375,
      "loudness_range": 16.411556243896484,
      "low_freq": 392.3793640136719,
      "mid_mean": -22.560997009277344,
      "mid_to_side_loudness": -71.50202941894531,
      "mid_to_side_loudness_range": 17.263572692871094,
      "side_mean": -69.9977035522461
    },
    {
      "high_freq": 1457.5709228515625,
      "loudness": -31.39385986328125,
      "loudness_range": 18.79749298095703,
      "low_freq": 794.6976318359375,
      "mid_mean": -27.70145034790039,
      "mid_to_side_loudness": -54.718589782714844,
      "mid_to_side_loudness_range": 71.33580017089844,
      "side_mean": -69.99981689453125
    },
    {
      "high_freq": 2549.74365234375,
      "loudness": -33.601253509521484,
      "loudness_range": 26.157175064086914,
      "low_freq": 1457.5709228515625,
      "mid_mean": -29.927640914916992,
      "mid_to_side_loudness": -60.41780471801758,
      "mid_to_side_loudness_range": 68.9124526977539,
      "side_mean": -69.9996109008789
    },
    {
      "high_freq": 4349.24462890625,
      "loudness": -38.44144821166992,
      "loudness_range": 27.694114685058594,
      "low_freq": 2549.74365234375,
      "mid_mean": -34.852088928222656,
      "mid_to_side_loudness": -56.158138275146484,
      "mid_to_side_loudness_range": 34.460201263427734,
      "side_mean": -69.99169158935547
    },
    {
      "high_freq": 7314.1640625,
      "loudness": -44.009254455566406,
      "loudness_range": 26.324207305908203,
      "low_freq": 4349.24462890625,
      "mid_mean": -40.4085693359375,
      "mid_to_side_loudness": -50.92903518676758,
      "mid_to_side_loudness_range": 32.417579650878906,
      "side_mean": -69.991455078125
    },
    {
      "high_freq": 12199.2666015625,
      "loudness": -46.687198638916016,
      "loudness_range": 27.14331817626953,
      "low_freq": 7314.1640625,
      "mid_mean": -44.546363830566406,
      "mid_to_side_loudness": -45.697723388671875,
      "mid_to_side_loudness_range": 29.967456817626953,
      "side_mean": -69.9947738647461
    },
    {
      "loudness": -55.38982391357422,
      "loudness_range": 28.112548828125,
      "low_freq": 12199.2666015625,
      "mid_mean": -51.604103088378906,
      "mid_to_side_loudness": -28.629249572753906,
      "mid_to_side_loudness_range": 29.367816925048828,
      "side_mean": -69.6806640625
    }
  ],
  "bands_short": [
    {
      "high_freq": 148.1999969482422,
      "loudness": -36.17378616333008,
      "loudness_range": 25.179492950439453,
      "mid_mean": -32.501060485839844,
      "mid_to_side_loudness": -71.48151397705078,
      "mid_to_side_loudness_range": 22.22301483154297,
      "side_mean": -69.99931335449219
    },
    {
      "high_freq": 392.3793640136719,
      "loudness": -22.946033477783203,
      "loudness_range": 15.48058795928955,
      "low_freq": 148.1999969482422,
      "mid_mean": -19.25654411315918,
      "mid_to_side_loudness": -71.85395812988281,
      "mid_to_side_loudness_range": 17.068115234375,
      "side_mean": -69.9937744140625
    },
    {
      "high_freq": 794.6976318359375,
      "loudness": -26.670001983642578,
      "loudness_range": 19.569028854370117,
      "low_freq": 392.3793640136719,
      "mid_mean": -23.002429962158203,
      "mid_to_side_loudness": -70.27983856201172,
      "mid_to_side_loudness_range": 17.88100814819336,
      "side_mean": -69.99739837646484
    },
    {
      "high_freq": 1457.5709228515625,
      "loudness": -32.44037628173828,
      "loudness_range": 21.702342987060547,
      "low_freq": 794.6976318359375,
      "mid_mean": -28.78188705444336,
      "mid_to_side_loudness": -37.85087203979492,
      "mid_to_side_loudness_range": 76.42608642578125,
      "side_mean": -69.99980926513672
    },
    {
      "high_freq": 2549.74365234375,
      "loudness": -35.352237701416016,
      "loudness_range": 28.625146865844727,
      "low_freq": 1457.5709228515625,
      "mid_mean": -31.72981071472168,
      "mid_to_side_loudness": -53.70702362060547,
      "mid_to_side_loudness_range": 63.023555755615234,
      "side_mean": -69.9996566772461
    },
    {
      "high_freq": 4349.24462890625,
      "loudness": -39.9732551574707,
      "loudness_range": 31.533626556396484,
      "low_freq": 2549.74365234375,
      "mid_mean": -36.45146179199219,
      "mid_to_side_loudness": -46.942352294921875,
      "mid_to_side_loudness_range": 39.10873794555664,
      "side_mean": -69.99537658691406
    },
    {
      "high_freq": 7314.1640625,
      "loudness": -45.70082473754883,
      "loudness_range": 28.930675506591797,
      "low_freq": 4349.24462890625,
      "mid_mean": -42.77426528930664,
      "mid_to_side_loudness": -43.45366668701172,
      "mid_to_side_loudness_range": 33.667579650878906,
      "side_mean": -69.99527740478516
    },
    {
      "high_freq": 12199.2666015625,
      "loudness": -47.87410354614258,
      "loudness_range": 27.807090759277344,
      "low_freq": 7314.1640625,
      "mid_mean": -48.12150573730469,
      "mid_to_side_loudness": -37.572975158691406,
      "mid_to_side_loudness_range": 35.62059020996094,
      "side_mean": -69.99665069580078
    },
    {
      "loudness": -57.505409240722656,
      "loudness_range": 27.759613037109375,
      "low_freq": 12199.2666015625,
      "mid_mean": -53.5892448425293,
      "mid_to_side_loudness": -25.661714553833008,
      "mid_to_side_loudness_range": 28.166439056396484,
      "side_mean": -69.68943786621094
    }
  ],
  "bandwidth": 550.0919189453125,
  "channels": 2,
  "covariance": [
    [
      30.22008514404297,
      0.006185097154229879,
      0.9791259765625,
      -0.0319182313978672,
      1.265385389328003,
      -0.008553585968911648,
      1.7566514015197754,
      -0.0005056569934822619,
      2.8918371200561523,
      -0.00017255583952646703,
      10.029621124267578,
      -0.0045713745057582855,
      16.602529525756836,
      0.006129122339189053,
      21.02907371520996,
      0.005509187467396259,
      20.039703369140625,
      -0.3260984420776367
    ],
    [
      0.006185097154229879,
      0.00011331790301483124,
      -0.004027410876005888,
      1.2610767043952364e-05,
      -0.005742198787629604,
      -5.136714662512532e-07,
      -0.006184349302202463,
      -1.9818745045085961e-07,
      -0.007549751549959183,
      -2.7667474000736547e-07,
      -0.003894596127793193,
      -1.2285327102290466e-05,
      4.4815795263275504e-05,
      -1.2466817679523956e-05,
      -0.0017545856535434723,
      -7.834157258912455e-06,
      0.0009482833556830883,
      2.9979413739056326e-05
    ],
    [
      0.9791259765625,
      -0.004027410876005888,
      20.92717933654785,
      0.027065075933933258,
      11.428021430969238,
      -0.000188581325346604,
      12.669008255004883,
      -0.00019052221614401788,
      14.940399169921875,
      0.0005035040667280555,
      11.036955833435059,
      -0.0038036294281482697,
      4.562551021575928,
      -0.008024279959499836,
      5.67722225189209,
      -0.010227220132946968,
      7.023825168609619,
      -0.13593843579292297
    ],
    [
      -0.0319182313978672,
      1.2610767043952364e-05,
      0.027065075933933258,
      0.000986302737146616,
      0.011871329508721828,
      4.126601561438292e-05,
      0.005850758869200945,
      1.6051728835009271e-06,
      0.012311477214097977,
      1.9218080069549615e-06,
      -0.004189436789602041,
      -2.7489139029057696e-05,
      -0.019482089206576347,
      -3.7648456782335415e-05,
      -0.045306432992219925,
      -2.2253421775531024e-05,
      -0.0259983092546463,
      0.0005309191183187068
    ],
    [
      1.265385389328003,
      -0.005742198787629604,
      11.428021430969238,
      0.011871329508721828,
      31.52085304260254,
      0.016662519425153732,
      28.581951141357422,
      0.0005359540227800608,
      34.5534553527832,
      0.0011173965176567435,
      29.772092819213867,
      -0.013769453391432762,
      13.30560302734375,
      -0.020425686612725258,
      10.81959342956543,
      -0.00925945583730936,
      12.015313148498535,
      -0.2520909905433655
    ],
    [
      -0.008553585968911648,
      -5.136714662512532e-07,
      -0.000188581325346604,
      4.126601561438292e-05,
      0.016662519425153732,
      0.00028711798950098455,
      0.008571955375373363,
      3.4666829833440715e-06,
      0.01273461151868105,
      2.4555286017857725e-06,
      0.008041171357035637,
      -1.6346721167792566e-05,
      -0.004974657669663429,
      -1.7791058780858293e-05,
      -0.013723401352763176,
      -1.0799410119943786e-05,
      -0.008199671283364296,
      0.00017594783275853842
    ],
    [
      1.7566514015197754,
      -0.006184349302202463,
      12.669008255004883,
      0.005850758869200945,
      28.581951141357422,
      0.008571955375373363,
      42.76980209350586,
      0.0011669311206787825,
      50.88364791870117,
      0.00218101404607296,
      46.56390380859375,
      -0.018674679100513458,
      22.456531524658203,
      -0.027491794899106026,
      20.543292999267578,
      -0.019205735996365547,
      17.718517303466797,
      -0.38155412673950195
    ],
    [
      -0.0005056569934822619,
      -1.9818745045085961e-07,
      -0.00019052221614401788,
      1.6051728835009271e-06,
      0.0005359540227800608,
      3.4666829833440715e-06,
      0.0011669311206787825,
      9.699503607407678e-06,
      0.0011417450150474906,
      2.1006831957492977e-05,
      0.0007499399944208562,
      7.593636382807745e-06,
      -8.251373219536617e-05,
      1.5956992456267471e-06,
      -0.0014952665660530329,
      1.7445117919123732e-06,
      -0.0011471250327304006,
      2.2983684175414965e-05
    ],
    [
      2.8918371200561523,
      -0.007549751549959183,
      14.940399169921875,
      0.012311477214097977,
      34.5534553527832,
      0.01273461151868105,
      50.88364791870117,
      0.0011417450150474906,
      72.60762786865234,
      0.0026109484024345875,
      64.30022430419922,
      -0.02635839954018593,
      34.8084831237793,
      -0.03390587121248245,
      31.076879501342773,
      -0.026373086497187614,
      27.177471160888672,
      -0.5709243416786194
    ],
    [
      -0.00017255583952646703,
      -2.7667474000736547e-07,
      0.0005035040667280555,
      1.9218080069549615e-06,
      0.0011173965176567435,
      2.4555286017857725e-06,
      0.00218101404607296,
      2.1006831957492977e-05,
      0.0026109484024345875,
      9.104923083214089e-05,
      0.0023314484860748053,
      4.481322321225889e-05,
      0.0004916659090667963,
      1.502408031228697e-05,
      -0.0007123344694264233,
      9.325965038442519e-06,
      -0.0011766640236601233,
      2.2227481167647056e-05
    ],
    [
      10.029621124267578,
      -0.003894596127793193,
      11.036955833435059,
      -0.004189436789602041,
      29.772092819213867,
      0.008041171357035637,
      46.56390380859375,
      0.0007499399944208562,
      64.30022430419922,
      0.0023314484860748053,
      84.65423583984375,
      -0.03034728579223156,
      57.3468132019043,
      -0.026915589347481728,
      58.43216323852539,
      -0.004629130475223064,
      48.55934143066406,
      -0.960784375667572
    ],
    [
      -0.0045713745057582855,
      -1.2285327102290466e-05,
      -0.0038036294281482697,
      -2.7489139029057696e-05,
      -0.013769453391432762,
      -1.6346721167792566e-05,
      -0.018674679100513458,
      7.593636382807745e-06,
      -0.02635839954018593,
      4.481322321225889e-05,
      -0.03034728579223156,
      0.012195686809718609,
      -0.015818456187844276,
      0.01065070927143097,
      -0.01811799965798855,
      0.004255563952028751,
      -0.020652102306485176,
      0.001841049175709486
    ],
    [
      16.602529525756836,
      4.4815795263275504e-05,
      4.562551021575928,
      -0.019482089206576347,
      13.30560302734375,
      -0.004974657669663429,
      22.456531524658203,
      -8.251373219536617e-05,
      34.8084831237793,
      0.0004916659090667963,
      57.3468132019043,
      -0.015818456187844276,
      69.28296661376953,
      -0.0030427752062678337,
      74.98670959472656,
      0.008592771366238594,
      63.06829833984375,
      -1.122981071472168
    ],
    [
      0.006129122339189053,
      -1.2466817679523956e-05,
      -0.008024279959499836,
      -3.7648456782335415e-05,
      -0.020425686612725258,
      -1.7791058780858293e-05,
      -0.027491794899106026,
      1.5956992456267471e-06,
      -0.03390587121248245,
      1.502408031228697e-05,
      -0.026915589347481728,
      0.01065070927143097,
      -0.0030427752062678337,
      0.0144715066999197,
      0.011332831345498562,
      0.0050474172458052635,
      -0.006121028680354357,
      0.001482972176745534
    ],
    [
      21.02907371520996,
      -0.0017545856535434723,
      5.67722225189209,
      -0.045306432992219925,
      10.81959342956543,
      -0.013723401352763176,
      20.543292999267578,
      -0.0014952665660530329,
      31.076879501342773,
      -0.0007123344694264233,
      58.43216323852539,
      -0.01811799965798855,
      74.98670959472656,
      0.011332831345498562,
      101.3409652709961,
      0.018955597653985023,
      80.12339782714844,
      -1.440627098083496
    ],
    [
      0.005509187467396259,
      -7.834157258912455e-06,
      -0.010227220132946968,
      -2.2253421775531024e-05,
      -0.00925945583730936,
      -1.0799410119943786e-05,
      -0.019205735996365547,
      1.7445117919123732e-06,
      -0.026373086497187614,
      9.325965038442519e-06,
      -0.004629130475223064,
      0.004255563952028751,
      0.008592771366238594,
      0.0050474172458052635,
      0.018955597653985023,
      0.006166432518512011,
      0.01564054563641548,
      0.002450448926538229
    ],
    [
      20.039703369140625,
      0.0009482833556830883,
      7.023825168609619,
      -0.0259983092546463,
      12.015313148498535,
      -0.008199671283364296,
      17.718517303466797,
      -0.0011471250327304006,
      27.177471160888672,
      -0.0011766640236601233,
      48.55934143066406,
      -0.020652102306485176,
      63.06829833984375,
      -0.006121028680354357,
      80.12339782714844,
      0.01564054563641548,
      77.71661376953125,
      -1.2356418371200562
    ],
    [
      -0.3260984420776367,
      2.9979413739056326e-05,
      -0.13593843579292297,
      0.0005309191183187068,
      -0.2520909905433655,
      0.00017594783275853842,
      -0.38155412673950195,
      2.2983684175414965e-05,
      -0.5709243416786194,
      2.2227481167647056e-05,
      -0.960784375667572,
      0.001841049175709486,
      -1.122981071472168,
      0.001482972176745534,
      -1.440627098083496,
      0.002450448926538229,
      -1.2356418371200562,
      0.029008660465478897
    ]
  ],
  "covariance_short": [
    [
      72.66841888427734,
      0.007661499083042145,
      16.220108032226562,
      -0.025522783398628235,
      4.88303804397583,
      -0.012577363289892673,
      5.310471057891846,
      -0.0005282154306769371,
      5.32216215133667,
      0.0012509943917393684,
      8.265507698059082,
      -0.0032282869797199965,
      14.778362274169922,
      -0.0018828071188181639,
      23.050151824951172,
      -0.0018218993209302425,
      16.30799674987793,
      -0.24170494079589844
    ],
    [
      0.007661499083042145,
      8.105894812615588e-05,
      0.001273085712455213,
      0.00011348101543262601,
      -0.0024182945489883423,
      4.029716365039349e-06,
      -0.0025972872972488403,
      -7.384286959677411e-08,
      -0.002502323128283024,
      -2.2669506449801702e-07,
      -0.002384570427238941,
      -2.4391615625063423e-06,
      -0.00014680229651276022,
      -2.7043770387535915e-06,
      0.0005081309354864061,
      -1.6617412939012866e-06,
      0.0010038207983598113,
      2.4338651201105677e-06
    ],
    [
      16.220108032226562,
      0.001273085712455213,
      31.56939125061035,
      0.03456205874681473,
      16.443832397460938,
      -0.006192372180521488,
      15.111893653869629,
      -0.0006975713185966015,
      16.317827224731445,
      2.2218247977434658e-05,
      13.814156532287598,
      -0.008972366340458393,
      13.230974197387695,
      -0.012903283350169659,
      19.38048553466797,
      -0.008648945949971676,
      13.647855758666992,
      -0.22443783283233643
    ],
    [
      -0.025522783398628235,
      0.00011348101543262601,
      0.03456205874681473,
      0.0027423356659710407,
      0.011724559590220451,
      0.00021838085376657546,
      0.005251958966255188,
      1.8160585568693932e-07,
      0.013141866773366928,
      -8.00121256361308e-07,
      0.0036363634280860424,
      -1.6575972040300258e-05,
      -0.010171843692660332,
      -1.1281907063676044e-05,
      -0.030999619513750076,
      -1.3072416550130583e-05,
      -0.014995877631008625,
      0.0005011472967453301
    ],
    [
      4.88303804397583,
      -0.0024182945489883423,
      16.443832397460938,
      0.011724559590220451,
      47.53705596923828,
      0.02378816157579422,
      39.01918029785156,
      7.611505134264007e-05,
      46.43841552734375,
      0.0013546159025281668,
      40.15966033935547,
      -0.0075313858687877655,
      20.306570053100586,
      -0.013241659849882126,
      22.82139015197754,
      -0.0017102519050240517,
      15.781563758850098,
      -0.29745787382125854
    ],
    [
      -0.012577363289892673,
      4.029716365039349e-06,
      -0.006192372180521488,
      0.00021838085376657546,
      0.02378816157579422,
      0.0009558792226016521,
      0.01418861374258995,
      5.689877525583142e-06,
      0.018900753930211067,
      3.1988333830668125e-06,
      0.020548013970255852,
      -4.931323474011151e-06,
      -0.0006334899226203561,
      -3.0576959488826105e-06,
      -0.00821655336767435,
      -4.753196662932169e-06,
      -0.0037354696542024612,
      9.5425195468124e-05
    ],
    [
      5.310471057891846,
      -0.0025972872972488403,
      15.111893653869629,
      0.005251958966255188,
      39.01918029785156,
      0.01418861374258995,
      55.82425308227539,
      0.0015492711681872606,
      61.93968963623047,
      0.002215749118477106,
      54.7121696472168,
      -0.008232365362346172,
      32.06684494018555,
      -0.01797071285545826,
      32.22673797607422,
      -0.007239306345582008,
      21.475765228271484,
      -0.420710027217865
    ],
    [
      -0.0005282154306769371,
      -7.384286959677411e-08,
      -0.0006975713185966015,
      1.8160585568693932e-07,
      7.611505134264007e-05,
      5.689877525583142e-06,
      0.0015492711681872606,
      5.190004958421923e-05,
      0.0014050580793991685,
      0.00010931022552540526,
      0.0008013745537027717,
      5.2705076086567715e-05,
      0.0004011947603430599,
      1.960916051757522e-05,
      -0.0008182396995835006,
      1.6872867490747012e-05,
      -0.0009154835715889931,
      1.3424291864794213e-05
    ],
    [
      5.32216215133667,
      -0.002502323128283024,
      16.317827224731445,
      0.013141866773366928,
      46.43841552734375,
      0.018900753930211067,
      61.93968963623047,
      0.0014050580793991685,
      88.62490844726562,
      0.002477186033502221,
      74.74664306640625,
      -0.011537951417267323,
      46.640769958496094,
      -0.02124028280377388,
      45.09211349487305,
      -0.011446960270404816,
      31.424318313598633,
      -0.6160566210746765
    ],
    [
      0.0012509943917393684,
      -2.2669506449801702e-07,
      2.2218247977434658e-05,
      -8.00121256361308e-07,
      0.0013546159025281668,
      3.1988333830668125e-06,
      0.002215749118477106,
      0.00010931022552540526,
      0.002477186033502221,
      0.00043548899702727795,
      0.002158415038138628,
      0.0002348996786167845,
      0.00216030259616673,
      8.717207674635574e-05,
      0.0014803381636738777,
      6.534587009809911e-05,
      -0.00017932394985109568,
      -6.8178592300682794e-06
    ],
    [
      8.265507698059082,
      -0.002384570427238941,
      13.814156532287598,
      0.0036363634280860424,
      40.15966033935547,
      0.020548013970255852,
      54.7121696472168,
      0.0008013745537027717,
      74.74664306640625,
      0.002158415038138628,
      101.16571807861328,
      -0.007959260605275631,
      73.74618530273438,
      -0.01255723461508751,
      74.70742797851562,
      -0.0006662328378297389,
      54.321754455566406,
      -1.0304399728775024
    ],
    [
      -0.0032282869797199965,
      -2.4391615625063423e-06,
      -0.008972366340458393,
      -1.6575972040300258e-05,
      -0.0075313858687877655,
      -4.931323474011151e-06,
      -0.008232365362346172,
      5.2705076086567715e-05,
      -0.011537951417267323,
      0.0002348996786167845,
      -0.007959260605275631,
      0.02232374995946884,
      0.013652722351253033,
      0.019963547587394714,
      0.016751529648900032,
      0.01182678621262312,
      -0.0008577003609389067,
      0.004576454404741526
    ],
    [
      14.778362274169922,
      -0.00014680229651276022,
      13.230974197387695,
      -0.010171843692660332,
      20.306570053100586,
      -0.0006334899226203561,
      32.06684494018555,
      0.0004011947603430599,
      46.640769958496094,
      0.00216030259616673,
      73.74618530273438,
      0.013652722351253033,
      101.07145690917969,
      0.017974460497498512,
      103.33795166015625,
      0.016318930312991142,
      76.65673828125,
      -1.379553198814392
    ],
    [
      -0.0018828071188181639,
      -2.7043770387535915e-06,
      -0.012903283350169659,
      -1.1281907063676044e-05,
      -0.013241659849882126,
      -3.0576959488826105e-06,
      -0.01797071285545826,
      1.960916051757522e-05,
      -0.02124028280377388,
      8.717207674635574e-05,
      -0.01255723461508751,
      0.019963547587394714,
      0.017974460497498512,
      0.02466261200606823,
      0.028101572766900063,
      0.013256060890853405,
      0.004497291520237923,
      0.004131685476750135
    ],
    [
      23.050151824951172,
      0.0005081309354864061,
      19.38048553466797,
      -0.030999619513750076,
      22.82139015197754,
      -0.00821655336767435,
      32.22673797607422,
      -0.0008182396995835006,
      45.09211349487305,
      0.0014803381636738777,
      74.70742797851562,
      0.016751529648900032,
      103.33795166015625,
      0.028101572766900063,
      138.7127227783203,
      0.026283660903573036,
      98.70541381835938,
      -1.8145021200180054
    ],
    [
      -0.0018218993209302425,
      -1.6617412939012866e-06,
      -0.008648945949971676,
      -1.3072416550130583e-05,
      -0.0017102519050240517,
      -4.753196662932169e-06,
      -0.007239306345582008,
      1.6872867490747012e-05,
      -0.011446960270404816,
      6.534587009809911e-05,
      -0.0006662328378297389,
      0.01182678621262312,
      0.016318930312991142,
      0.013256060890853405,
      0.026283660903573036,
      0.012850375846028328,
      0.014205093495547771,
      0.006011150311678648
    ],
    [
      16.30799674987793,
      0.0010038207983598113,
      13.647855758666992,
      -0.014995877631008625,
      15.781563758850098,
      -0.0037354696542024612,
      21.475765228271484,
      -0.0009154835715889931,
      31.424318313598633,
      -0.00017932394985109568,
      54.321754455566406,
      -0.0008577003609389067,
      76.65673828125,
      0.004497291520237923,
      98.70541381835938,
      0.014205093495547771,
      80.83285522460938,
      -1.3506864309310913
    ],
    [
      -0.24170494079589844,
      2.4338651201105677e-06,
      -0.22443783283233643,
      0.0005011472967453301,
      -0.29745787382125854,
      9.5425195468124e-05,
      -0.420710027217865,
      1.3424291864794213e-05,
      -0.6160566210746765,
      -6.8178592300682794e-06,
      -1.0304399728775024,
      0.004576454404741526,
      -1.379553198814392,
      0.004131685476750135,
      -1.8145021200180054,
      0.006011150311678648,
      -1.3506864309310913,
      0.04209178686141968
    ]
  ],
  "damage": -7.706110954284668,
  "diff_bandwidth": 566.239501953125,
  "dissonance": 6.258804694475172,
  "drr": 12.149575233459473,
  "dynamics": 3.7358689308166504,
  "format": 1245190,
  "frames": 18714560,
  "loudness": -14.718774795532227,
  "loudness_range": 9.464079856872559,
  "loudness_range_short": 14.087943077087402,
  "lowpass_true_peak_15khz": 0.09548122435808182,
  "mastering3_acoustic_entropies": [
    {
      "acoustic_entropy": 9.097491264343262,
      "acoustic_entropy_mono": 9.097491264343262,
      "band_eliminated_acoustic_entropies": [
        {
          "acoustic_entropy": 9.08544921875,
          "acoustic_entropy_side": 9.097491264343262,
          "hz": 129.47220167065723
        },
        {
          "acoustic_entropy": 9.249590873718262,
          "acoustic_entropy_side": 9.097491264343262,
          "hz": 202.92927478742237
        },
        {
          "acoustic_entropy": 9.221115112304688,
          "acoustic_entropy_side": 9.097491264343262,
          "hz": 282.89161906338205
        },
        {
          "acoustic_entropy": 8.765637397766113,
          "acoustic_entropy_side": 9.097491264343262,
          "hz": 369.9353335868758
        },
        {
          "acoustic_entropy": 8.558646202087402,
          "acoustic_entropy_side": 9.097491264343262,
          "hz": 464.6875360973435
        },
        {
          "acoustic_entropy": 8.011553764343262,
          "acoustic_entropy_side": 9.097491264343262,
          "hz": 567.8308811364784
        },
        {
          "acoustic_entropy": 8.813814163208008,
          "acoustic_entropy_side": 9.097491264343262,
          "hz": 680.1084783214808
        },
        {
          "acoustic_entropy": 9.048746109008789,
          "acoustic_entropy_side": 9.097491264343262,
          "hz": 802.3292461747484
        },
        {
          "acoustic_entropy": 8.550551414489746,
          "acoustic_entropy_side": 9.097491264343262,
          "hz": 935.3737400823702
        },
        {
          "acoustic_entropy": 9.133505821228027,
          "acoustic_entropy_side": 9.097491264343262,
          "hz": 1080.2004963696966
        },
        {
          "acoustic_entropy": 8.584524154663086,
          "acoustic_entropy_side": 9.097491264343262,
          "hz": 1237.8529382007157
        },
        {
          "acoustic_entropy": 8.479490280151367,
          "acoustic_entropy_side": 9.097491264343262,
          "hz": 1409.4668930556702
        },
        {
          "acoustic_entropy": 9.534534454345703,
          "acoustic_entropy_side": 9.097491264343262,
          "hz": 1596.2787759475705
        },
        {
          "acoustic_entropy": 8.990296363830566,
          "acoustic_entropy_side": 9.097491264343262,
          "hz": 1799.6344973346393
        },
        {
          "acoustic_entropy": 9.11526870727539,
          "acoustic_entropy_side": 9.097491264343262,
          "hz": 2020.9991599069049
        },
        {
          "acoustic_entropy": 8.80626106262207,
          "acoustic_entropy_side": 9.097491264343262,
          "hz": 2261.9676141086993
        },
        {
          "acoustic_entropy": 9.050990104675293,
          "acoustic_entropy_side": 9.097491264343262,
          "hz": 2524.2759484456974
        },
        {
          "acoustic_entropy": 9.01535701751709,
          "acoustic_entropy_side": 9.097491264343262,
          "hz": 2809.813997359896
        },
        {
          "acoustic_entropy": 8.75816822052002,
          "acoustic_entropy_side": 9.097491264343262,
          "hz": 3120.6389567871424
        },
        {
          "acoustic_entropy": 8.994593620300293,
          "acoustic_entropy_side": 9.097491264343262,
          "hz": 3458.990205492291
        },
        {
          "acoustic_entropy": 9.063190460205078,
          "acoustic_entropy_side": 9.097491264343262,
          "hz": 3827.305438964164
        },
        {
          "acoustic_entropy": 9.027915000915527,
          "acoustic_entropy_side": 9.097491264343262,
          "hz": 4228.238232109126
        },
        {
          "acoustic_entropy": 9.031983375549316,
          "acoustic_entropy_side": 9.097491264343262,
          "hz": 4664.6771572759235
        },
        {
          "acoustic_entropy": 8.977639198303223,
          "acoustic_entropy_side": 9.097491264343262,
          "hz": 5139.766595350093
        },
        {
          "acoustic_entropy": 8.88691234588623,
          "acoustic_entropy_side": 9.097491264343262,
          "hz": 5656.929389854203
        },
        {
          "acoustic_entropy": 9.003235816955566,
          "acoustic_entropy_side": 9.097491264343262,
          "hz": 6219.891507268283
        },
        {
          "acoustic_entropy": 8.987122535705566,
          "acoustic_entropy_side": 9.097491264343262,
          "hz": 6832.70888123896
        },
        {
          "acoustic_entropy": 8.954873085021973,
          "acoustic_entropy_side": 9.097491264343262,
          "hz": 7499.796634079867
        },
        {
          "acoustic_entropy": 8.867700576782227,
          "acoustic_entropy_side": 9.097491264343262,
          "hz": 8225.96088609342
        },
        {
          "acoustic_entropy": 8.810812950134277,
          "acoustic_entropy_side": 9.097491264343262,
          "hz": 9016.43338188839
        },
        {
          "acoustic_entropy": 8.906487464904785,
          "acoustic_entropy_side": 9.097491264343262,
          "hz": 9876.909183162974
        },
        {
          "acoustic_entropy": 8.987261772155762,
          "acoustic_entropy_side": 9.097491264343262,
          "hz": 10813.587699516042
        },
        {
          "acoustic_entropy": 9.014294624328613,
          "acoustic_entropy_side": 9.097491264343262,
          "hz": 11833.21735289826
        },
        {
          "acoustic_entropy": 9.039412498474121,
          "acoustic_entropy_side": 9.097491264343262,
          "hz": 12943.144197493959
        },
        {
          "acoustic_entropy": 9.054119110107422,
          "acoustic_entropy_side": 9.097491264343262,
          "hz": 14151.364845322005
        },
        {
          "acoustic_entropy": 9.042909622192383,
          "acoustic_entropy_side": 9.097491264343262,
          "hz": 15466.58407886509
        },
        {
          "acoustic_entropy": 9.024125099182129,
          "acoustic_entropy_side": 9.097491264343262,
          "hz": 16898.27756580493
        },
        {
          "acoustic_entropy": 9.006340980529785,
          "acoustic_entropy_side": 9.097491264343262,
          "hz": 18456.760127700032
        },
        {
          "acoustic_entropy": 9.045169830322266,
          "acoustic_entropy_side": 9.097491264343262,
          "hz": 20153.260054456492
        },
        {
          "acoustic_entropy": 9.095144271850586,
          "acoustic_entropy_side": 9.097491264343262,
          "hz": 22000.00000000001
        }
      ],
      "diff_acoustic_entropy": 6.3696370124816895,
      "sn": 6
    },
    {
      "acoustic_entropy": 12.886600494384766,
      "acoustic_entropy_mono": 12.886600494384766,
      "band_eliminated_acoustic_entropies": [
        {
          "acoustic_entropy": 12.682435989379883,
          "acoustic_entropy_side": 12.886600494384766,
          "hz": 129.47220167065723
        },
        {
          "acoustic_entropy": 12.528827667236328,
          "acoustic_entropy_side": 12.886600494384766,
          "hz": 202.92927478742237
        },
        {
          "acoustic_entropy": 12.347420692443848,
          "acoustic_entropy_side": 12.886600494384766,
          "hz": 282.89161906338205
        },
        {
          "acoustic_entropy": 12.7527437210083,
          "acoustic_entropy_side": 12.886600494384766,
          "hz": 369.9353335868758
        },
        {
          "acoustic_entropy": 12.263181686401367,
          "acoustic_entropy_side": 12.886600494384766,
          "hz": 464.6875360973435
        },
        {
          "acoustic_entropy": 12.136343955993652,
          "acoustic_entropy_side": 12.886600494384766,
          "hz": 567.8308811364784
        },
        {
          "acoustic_entropy": 12.233088493347168,
          "acoustic_entropy_side": 12.886600494384766,
          "hz": 680.1084783214808
        },
        {
          "acoustic_entropy": 13.192780494689941,
          "acoustic_entropy_side": 12.886600494384766,
          "hz": 802.3292461747484
        },
        {
          "acoustic_entropy": 12.913311958312988,
          "acoustic_entropy_side": 12.886600494384766,
          "hz": 935.3737400823702
        },
        {
          "acoustic_entropy": 13.418301582336426,
          "acoustic_entropy_side": 12.886600494384766,
          "hz": 1080.2004963696966
        },
        {
          "acoustic_entropy": 12.75709056854248,
          "acoustic_entropy_side": 12.886600494384766,
          "hz": 1237.8529382007157
        },
        {
          "acoustic_entropy": 13.203690528869629,
          "acoustic_entropy_side": 12.886600494384766,
          "hz": 1409.4668930556702
        },
        {
          "acoustic_entropy": 12.736056327819824,
          "acoustic_entropy_side": 12.886600494384766,
          "hz": 1596.2787759475705
        },
        {
          "acoustic_entropy": 13.623987197875977,
          "acoustic_entropy_side": 12.886600494384766,
          "hz": 1799.6344973346393
        },
        {
          "acoustic_entropy": 13.16934585571289,
          "acoustic_entropy_side": 12.886600494384766,
          "hz": 2020.9991599069049
        },
        {
          "acoustic_entropy": 12.954858779907227,
          "acoustic_entropy_side": 12.886600494384766,
          "hz": 2261.9676141086993
        },
        {
          "acoustic_entropy": 12.485991477966309,
          "acoustic_entropy_side": 12.886600494384766,
          "hz": 2524.2759484456974
        },
        {
          "acoustic_entropy": 12.62402629852295,
          "acoustic_entropy_side": 12.886600494384766,
          "hz": 2809.813997359896
        },
        {
          "acoustic_entropy": 13.579914093017578,
          "acoustic_entropy_side": 12.886600494384766,
          "hz": 3120.6389567871424
        },
        {
          "acoustic_entropy": 12.785722732543945,
          "acoustic_entropy_side": 12.886600494384766,
          "hz": 3458.990205492291
        },
        {
          "acoustic_entropy": 13.174201965332031,
          "acoustic_entropy_side": 12.886600494384766,
          "hz": 3827.305438964164
        },
        {
          "acoustic_entropy": 12.932990074157715,
          "acoustic_entropy_side": 12.886600494384766,
          "hz": 4228.238232109126
        },
        {
          "acoustic_entropy": 12.711209297180176,
          "acoustic_entropy_side": 12.886600494384766,
          "hz": 4664.6771572759235
        },
        {
          "acoustic_entropy": 12.853376388549805,
          "acoustic_entropy_side": 12.886600494384766,
          "hz": 5139.766595350093
        },
        {
          "acoustic_entropy": 12.955001831054688,
          "acoustic_entropy_side": 12.886600494384766,
          "hz": 5656.929389854203
        },
        {
          "acoustic_entropy": 12.83249568939209,
          "acoustic_entropy_side": 12.886600494384766,
          "hz": 6219.891507268283
        },
        {
          "acoustic_entropy": 12.871268272399902,
          "acoustic_entropy_side": 12.886600494384766,
          "hz": 6832.70888123896
        },
        {
          "acoustic_entropy": 12.884526252746582,
          "acoustic_entropy_side": 12.886600494384766,
          "hz": 7499.796634079867
        },
        {
          "acoustic_entropy": 12.828694343566895,
          "acoustic_entropy_side": 12.886600494384766,
          "hz": 8225.96088609342
        },
        {
          "acoustic_entropy": 12.679183006286621,
          "acoustic_entropy_side": 12.886600494384766,
          "hz": 9016.43338188839
        },
        {
          "acoustic_entropy": 12.760661125183105,
          "acoustic_entropy_side": 12.886600494384766,
          "hz": 9876.909183162974
        },
        {
          "acoustic_entropy": 12.79655933380127,
          "acoustic_entropy_side": 12.886600494384766,
          "hz": 10813.587699516042
        },
        {
          "acoustic_entropy": 12.804741859436035,
          "acoustic_entropy_side": 12.886600494384766,
          "hz": 11833.21735289826
        },
        {
          "acoustic_entropy": 12.85012149810791,
          "acoustic_entropy_side": 12.886600494384766,
          "hz": 12943.144197493959
        },
        {
          "acoustic_entropy": 12.839850425720215,
          "acoustic_entropy_side": 12.886600494384766,
          "hz": 14151.364845322005
        },
        {
          "acoustic_entropy": 12.814759254455566,
          "acoustic_entropy_side": 12.886600494384766,
          "hz": 15466.58407886509
        },
        {
          "acoustic_entropy": 12.793618202209473,
          "acoustic_entropy_side": 12.886600494384766,
          "hz": 16898.27756580493
        },
        {
          "acoustic_entropy": 12.770461082458496,
          "acoustic_entropy_side": 12.886600494384766,
          "hz": 18456.760127700032
        },
        {
          "acoustic_entropy": 12.81459903717041,
          "acoustic_entropy_side": 12.886600494384766,
          "hz": 20153.260054456492
        },
        {
          "acoustic_entropy": 12.88533878326416,
          "acoustic_entropy_side": 12.886600494384766,
          "hz": 22000.00000000001
        }
      ],
      "diff_acoustic_entropy": 10.071640014648438,
      "sn": 12
    },
    {
      "acoustic_entropy": 16.981983184814453,
      "acoustic_entropy_mono": 16.981985092163086,
      "band_eliminated_acoustic_entropies": [
        {
          "acoustic_entropy": 16.62090492248535,
          "acoustic_entropy_side": 16.981983184814453,
          "hz": 129.47220167065723
        },
        {
          "acoustic_entropy": 17.55257797241211,
          "acoustic_entropy_side": 16.981983184814453,
          "hz": 202.92927478742237
        },
        {
          "acoustic_entropy": 16.855623245239258,
          "acoustic_entropy_side": 16.981983184814453,
          "hz": 282.89161906338205
        },
        {
          "acoustic_entropy": 16.84470558166504,
          "acoustic_entropy_side": 16.981983184814453,
          "hz": 369.9353335868758
        },
        {
          "acoustic_entropy": 16.59214973449707,
          "acoustic_entropy_side": 16.981983184814453,
          "hz": 464.6875360973435
        },
        {
          "acoustic_entropy": 16.14542579650879,
          "acoustic_entropy_side": 16.981983184814453,
          "hz": 567.8308811364784
        },
        {
          "acoustic_entropy": 16.214887619018555,
          "acoustic_entropy_side": 16.981983184814453,
          "hz": 680.1084783214808
        },
        {
          "acoustic_entropy": 16.88272476196289,
          "acoustic_entropy_side": 16.981983184814453,
          "hz": 802.3292461747484
        },
        {
