{
  "acoustic_entropy": 71.70655822753906,
  "bands": [
    {
      "high_freq": 148.1999969482422,
      "loudness": -46.87350845336914,
      "loudness_range": 26.310935974121094,
      "mid_mean": -43.38164138793945,
      "mid_to_side_loudness": -18.6097469329834,
      "mid_to_side_loudness_range": 26.87416648864746,
      "side_mean": -62.547279357910156
    },
    {
      "high_freq": 392.3793640136719,
      "loudness": -40.30358123779297,
      "loudness_range": 21.598085403442383,
      "low_freq": 148.1999969482422,
      "mid_mean": -36.70863342285156,
      "mid_to_side_loudness": -18.655956268310547,
      "mid_to_side_loudness_range": 25.393070220947266,
      "side_mean": -57.5651741027832
    },
    {
      "high_freq": 794.6976318359375,
      "loudness": -45.80518341064453,
      "loudness_range": 30.78734588623047,
      "low_freq": 392.3793640136719,
      "mid_mean": -42.26657485961914,
      "mid_to_side_loudness": -15.575177192687988,
      "mid_to_side_loudness_range": 24.1680850982666,
      "side_mean": -59.04931640625
    },
    {
      "high_freq": 1457.5709228515625,
      "loudness": -53.23856735229492,
      "loudness_range": 19.513816833496094,
      "low_freq": 794.6976318359375,
      "mid_mean": -51.66059494018555,
      "mid_to_side_loudness": -15.974082946777344,
      "mid_to_side_loudness_range": 21.74938201904297,
      "side_mean": -64.9223861694336
    },
    {
      "high_freq": 2549.74365234375,
      "loudness": -55.990631103515625,
      "loudness_range": 15.652809143066406,
      "low_freq": 1457.5709228515625,
      "mid_mean": -54.01894760131836,
      "mid_to_side_loudness": -15.910457611083984,
      "mid_to_side_loudness_range": 21.07213592529297,
      "side_mean": -66.65618133544922
    },
    {
      "high_freq": 4349.24462890625,
      "loudness": -59.83259582519531,
      "loudness_range": 8.836921691894531,
      "low_freq": 2549.74365234375,
      "mid_mean": -57.341896057128906,
      "mid_to_side_loudness": -18.808338165283203,
      "mid_to_side_loudness_range": 23.786916732788086,
      "side_mean": -69.16635131835938
    },
    {
      "high_freq": 7314.1640625,
      "loudness": -63.880615234375,
      "loudness_range": 4.700035095214844,
      "low_freq": 4349.24462890625,
      "mid_mean": -60.72048568725586,
      "mid_to_side_loudness": -29.967784881591797,
      "mid_to_side_loudness_range": 39.34189987182617,
      "side_mean": -69.9684066772461
    },
    {
      "high_freq": 12199.2666015625,
      "loudness": -61.08344650268555,
      "loudness_range": 2.2358055114746094,
      "low_freq": 7314.1640625,
      "mid_mean": -58.40532684326172,
      "mid_to_side_loudness": -11.403268814086914,
      "mid_to_side_loudness_range": 28.037376403808594,
      "side_mean": -69.98799896240234
    },
    {
      "loudness": -61.85927963256836,
      "loudness_range": 0.46608734130859375,
      "low_freq": 12199.2666015625,
      "mid_mean": -59.02672576904297,
      "mid_to_side_loudness": -42.52193069458008,
      "mid_to_side_loudness_range": 54.431785583496094,
      "side_mean": -69.99364471435547
    }
  ],
  "bands_short": [
    {
      "high_freq": 148.1999969482422,
      "loudness": -50.24210739135742,
      "loudness_range": 26.299163818359375,
      "mid_mean": -46.88594055175781,
      "mid_to_side_loudness": -17.512161254882812,
      "mid_to_side_loudness_range": 28.12506103515625,
      "side_mean": -63.6821174621582
    },
    {
      "high_freq": 392.3793640136719,
      "loudness": -40.74278259277344,
      "loudness_range": 23.4089298248291,
      "low_freq": 148.1999969482422,
      "mid_mean": -37.188072204589844,
      "mid_to_side_loudness": -18.30413055419922,
      "mid_to_side_loudness_range": 25.863542556762695,
      "side_mean": -57.629844665527344
    },
    {
      "high_freq": 794.6976318359375,
      "loudness": -47.06886672973633,
      "loudness_range": 29.71109962463379,
      "low_freq": 392.3793640136719,
      "mid_mean": -43.65332794189453,
      "mid_to_side_loudness": -14.585567474365234,
      "mid_to_side_loudness_range": 22.30073356628418,
      "side_mean": -59.55569076538086
    },
    {
      "high_freq": 1457.5709228515625,
      "loudness": -52.41975784301758,
      "loudness_range": 21.74643325805664,
      "low_freq": 794.6976318359375,
      "mid_mean": -50.96197509765625,
      "mid_to_side_loudness": -15.149988174438477,
      "mid_to_side_loudness_range": 22.519628524780273,
      "side_mean": -64.0666732788086
    },
    {
      "high_freq": 2549.74365234375,
      "loudness": -56.66043472290039,
      "loudness_range": 16.043113708496094,
      "low_freq": 1457.5709228515625,
      "mid_mean": -54.697120666503906,
      "mid_to_side_loudness": -15.240650177001953,
      "mid_to_side_loudness_range": 21.535974502563477,
      "side_mean": -66.76470947265625
    },
    {
      "high_freq": 4349.24462890625,
      "loudness": -60.06577682495117,
      "loudness_range": 9.478679656982422,
      "low_freq": 2549.74365234375,
      "mid_mean": -57.59534454345703,
      "mid_to_side_loudness": -18.279626846313477,
      "mid_to_side_loudness_range": 23.632410049438477,
      "side_mean": -69.14346313476562
    },
    {
      "high_freq": 7314.1640625,
      "loudness": -63.91181564331055,
      "loudness_range": 5.039947509765625,
      "low_freq": 4349.24462890625,
      "mid_mean": -60.78037643432617,
      "mid_to_side_loudness": -27.21579933166504,
      "mid_to_side_loudness_range": 39.10422897338867,
      "side_mean": -69.96546173095703
    },
    {
      "high_freq": 12199.2666015625,
      "loudness": -61.070316314697266,
      "loudness_range": 2.6188087463378906,
      "low_freq": 7314.1640625,
      "mid_mean": -58.437374114990234,
      "mid_to_side_loudness": -10.626405715942383,
      "mid_to_side_loudness_range": 28.793537139892578,
      "side_mean": -69.98793029785156
    },
    {
      "loudness": -61.75735855102539,
      "loudness_range": 1.1698150634765625,
      "low_freq": 12199.2666015625,
      "mid_mean": -59.01730728149414,
      "mid_to_side_loudness": -28.50107765197754,
      "mid_to_side_loudness_range": 48.521087646484375,
      "side_mean": -69.99353790283203
    }
  ],
  "bandwidth": 352.77197265625,
  "channels": 2,
  "covariance": [
    [
      72.86793518066406,
      24.823646545410156,
      28.31397819519043,
      8.636191368103027,
      28.240554809570312,
      16.020090103149414,
      26.164968490600586,
      5.250258922576904,
      22.02224349975586,
      4.613415241241455,
      13.241619110107422,
      0.706760585308075,
      4.902604103088379,
      -0.012856896966695786,
      2.3620214462280273,
      -0.013945640064775944,
      1.7103362083435059,
      -0.016050023958086967
    ],
    [
      24.823646545410156,
      46.66172790527344,
      15.357464790344238,
      19.43291664123535,
      9.525547981262207,
      16.203655242919922,
      24.23422622680664,
      9.158019065856934,
      18.74580192565918,
      6.1845927238464355,
      11.900594711303711,
      1.3413373231887817,
      7.274100303649902,
      0.061645179986953735,
      9.401649475097656,
      0.021477462723851204,
      9.347661972045898,
      -0.017548182979226112
    ],
    [
      28.31397819519043,
      15.357464790344238,
      55.63936233520508,
      33.59142303466797,
      61.03329849243164,
      42.650733947753906,
      42.090911865234375,
      19.616724014282227,
      28.757354736328125,
      13.44621467590332,
      13.501330375671387,
      2.34040904045105,
      5.520718574523926,
      0.0785662904381752,
      2.531829357147217,
      0.03387118875980377,
      1.4950567483901978,
      -0.0020025584381073713
    ],
    [
      8.636191368103027,
      19.43291664123535,
      33.59142303466797,
      43.72783660888672,
      37.16112518310547,
      45.49900436401367,
      47.39192581176758,
      21.474462509155273,
      35.646820068359375,
      14.144876480102539,
      22.257007598876953,
      2.8489603996276855,
      14.730880737304688,
      0.11288470029830933,
      16.958816528320312,
      0.026189981028437614,
      15.780373573303223,
      -0.03109356388449669
    ],
    [
      28.240554809570312,
      9.525547981262207,
      61.03329849243164,
      37.16112518310547,
      98.93403625488281,
      64.20182800292969,
      58.78325271606445,
      28.008834838867188,
      41.900962829589844,
      19.63731575012207,
      18.275959014892578,
      3.4538381099700928,
      7.098305702209473,
      0.062091972678899765,
      3.064401149749756,
      -0.0012650322169065475,
      1.3934847116470337,
      -0.011231973767280579
    ],
    [
      16.020090103149414,
      16.203655242919922,
      42.650733947753906,
      45.49900436401367,
      64.20182800292969,
      69.88418579101562,
      58.64643859863281,
      30.812122344970703,
      45.403404235839844,
      21.310100555419922,
      25.059354782104492,
      3.859807252883911,
      15.069961547851562,
      0.09406542032957077,
      15.809228897094727,
      -0.0069443280808627605,
      14.093188285827637,
      -0.03819696977734566
    ],
    [
      26.164968490600586,
      24.23422622680664,
      42.090911865234375,
      47.39192581176758,
      58.78325271606445,
      58.64643859863281,
      77.93650817871094,
      27.432294845581055,
      60.7731819152832,
      18.702943801879883,
      38.923583984375,
      3.797464609146118,
      24.404008865356445,
      0.08529405295848846,
      26.493144989013672,
      -0.006008682306855917,
      23.960172653198242,
      -0.06152975931763649
    ],
    [
      5.250258922576904,
      9.158019065856934,
      19.616724014282227,
      21.474462509155273,
      28.008834838867188,
      30.812122344970703,
      27.432294845581055,
      16.0562744140625,
      20.19252586364746,
      10.079216003417969,
      11.453139305114746,
      1.934899926185608,
      6.922016620635986,
      0.05622376874089241,
      7.369525909423828,
      0.0025421069003641605,
      6.575646877288818,
      -0.017785029485821724
    ],
    [
      22.02224349975586,
      18.74580192565918,
      28.757354736328125,
      35.646820068359375,
      41.900962829589844,
      45.403404235839844,
      60.7731819152832,
      20.19252586364746,
      51.847164154052734,
      15.036147117614746,
      33.94253921508789,
      3.13736629486084,
      21.457883834838867,
      0.06013624742627144,
      23.148193359375,
      -0.012610780075192451,
      20.84611701965332,
      -0.05373295024037361
    ],
    [
      4.613415241241455,
      6.1845927238464355,
      13.44621467590332,
      14.144876480102539,
      19.63731575012207,
      21.310100555419922,
      18.702943801879883,
      10.079216003417969,
      15.036147117614746,
      7.965950012207031,
      7.978178024291992,
      1.482637643814087,
      4.870365619659424,
      0.03059658221900463,
      4.987329006195068,
      -0.005014088004827499,
      4.371688365936279,
      -0.01305114384740591
    ],
    [
      13.241619110107422,
      11.900594711303711,
      13.501330375671387,
      22.257007598876953,
      18.275959014892578,
      25.059354782104492,
      38.923583984375,
      11.453139305114746,
      33.94253921508789,
      7.978178024291992,
      25.6182804107666,
      1.9770511388778687,
      16.87502670288086,
      0.061149708926677704,
      18.46794319152832,
      0.0056223259307444096,
      16.554126739501953,
      -0.03927643224596977
    ],
    [
      0.706760585308075,
      1.3413373231887817,
      2.34040904045105,
      2.8489603996276855,
      3.4538381099700928,
      3.859807252883911,
      3.797464609146118,
      1.934899926185608,
      3.13736629486084,
      1.482637643814087,
      1.9770511388778687,
      0.3878002166748047,
      1.2643659114837646,
      0.012376117520034313,
      1.292678713798523,
      0.0015216399915516376,
      1.1003185510635376,
      -0.002569613978266716
    ],
    [
      4.902604103088379,
      7.274100303649902,
      5.520718574523926,
      14.730880737304688,
      7.098305702209473,
      15.069961547851562,
      24.404008865356445,
      6.922016620635986,
      21.457883834838867,
      4.870365619659424,
      16.87502670288086,
      1.2643659114837646,
      12.039087295532227,
      0.0493009053170681,
      13.580156326293945,
      0.009104170836508274,
      12.205801963806152,
      -0.02838417887687683
    ],
    [
      -0.012856896966695786,
      0.061645179986953735,
      0.0785662904381752,
      0.11288470029830933,
      0.062091972678899765,
      0.09406542032957077,
      0.08529405295848846,
      0.05622376874089241,
      0.06013624742627144,
      0.03059658221900463,
      0.061149708926677704,
      0.012376117520034313,
      0.0493009053170681,
      0.0032206892501562834,
      0.05205473303794861,
      0.002018357627093792,
      0.039626192301511765,
      0.00028281009872443974
    ],
    [
      2.3620214462280273,
      9.401649475097656,
      2.531829357147217,
      16.958816528320312,
      3.064401149749756,
      15.809228897094727,
      26.493144989013672,
      7.369525909423828,
      23.148193359375,
      4.987329006195068,
      18.46794319152832,
      1.292678713798523,
      13.580156326293945,
      0.05205473303794861,
      16.300989151000977,
      0.005616266746073961,
      15.063011169433594,
      -0.035685062408447266
    ],
    [
      -0.013945640064775944,
      0.021477462723851204,
      0.03387118875980377,
      0.026189981028437614,
      -0.0012650322169065475,
      -0.0069443280808627605,
      -0.006008682306855917,
      0.0025421069003641605,
      -0.012610780075192451,
      -0.005014088004827499,
      0.0056223259307444096,
      0.0015216399915516376,
      0.009104170836508274,
      0.002018357627093792,
      0.005616266746073961,
      0.001641583745367825,
      -0.0011326598469167948,
      0.0003197676851414144
    ],
    [
      1.7103362083435059,
      9.347661972045898,
      1.4950567483901978,
      15.780373573303223,
      1.3934847116470337,
      14.093188285827637,
      23.960172653198242,
      6.575646877288818,
      20.84611701965332,
      4.371688365936279,
      16.554126739501953,
      1.1003185510635376,
      12.205801963806152,
      0.039626192301511765,
      15.063011169433594,
      -0.0011326598469167948,
      14.221223831176758,
      -0.03476514667272568
    ],
    [
      -0.016050023958086967,
      -0.017548182979226112,
      -0.0020025584381073713,
      -0.03109356388449669,
      -0.011231973767280579,
      -0.03819696977734566,
      -0.06152975931763649,
      -0.017785029485821724,
      -0.05373295024037361,
      -0.01305114384740591,
      -0.03927643224596977,
      -0.002569613978266716,
      -0.02838417887687683,
      0.00028281009872443974,
      -0.035685062408447266,
      0.0003197676851414144,
      -0.03476514667272568,
      0.00032088859006762505
    ]
  ],
  "covariance_short": [
    [
      68.7187728881836,
      15.787007331848145,
      34.1026611328125,
      9.51045036315918,
      27.36309814453125,
      10.136012077331543,
      22.35808563232422,
      3.665309190750122,
      20.54863739013672,
      2.6584646701812744,
      13.792815208435059,
      0.6336041688919067,
      5.745367050170898,
      -0.001628810539841652,
      3.166140556335449,
      -0.005262124352157116,
      2.0877060890197754,
      -0.021326269954442978
    ],
    [
      15.787007331848145,
      44.228458404541016,
      13.001766204833984,
      24.695362091064453,
      10.741954803466797,
      15.062304496765137,
      20.25661277770996,
      8.813355445861816,
      14.256993293762207,
      5.634799957275391,
      9.050952911376953,
      1.4698518514633179,
      5.87299108505249,
      0.0584438256919384,
      7.908756732940674,
      0.019090184941887856,
      7.966207981109619,
      -0.015285138972103596
    ],
    [
      34.1026611328125,
      13.001766204833984,
      61.14537048339844,
      28.592191696166992,
      60.00846481323242,
      38.814002990722656,
      43.89260482788086,
      19.014738082885742,
      28.24933433532715,
      11.72717571258545,
      14.23060131072998,
      2.2773706912994385,
      6.012365341186523,
      0.07568883150815964,
      2.55865740776062,
      0.03221507370471954,
      1.3168164491653442,
      0.002945126499980688
    ],
    [
      9.51045036315918,
      24.695362091064453,
      28.592191696166992,
      44.433441162109375,
      33.033695220947266,
      41.6514892578125,
      48.64646530151367,
      23.009307861328125,
      32.40354537963867,
      13.09164810180664,
      21.027448654174805,
      2.9583113193511963,
      14.21434497833252,
      0.1149132177233696,
      16.847904205322266,
      0.02112765423953533,
      15.793442726135254,
      -0.03246961161494255
    ],
    [
      27.36309814453125,
      10.741954803466797,
      60.00846481323242,
      33.033695220947266,
      104.453125,
      61.77638626098633,
      57.56721878051758,
      26.149534225463867,
      41.173641204833984,
      18.137380599975586,
      19.557369232177734,
      3.641521692276001,
      8.128647804260254,
      0.12820883095264435,
      3.5229897499084473,
      0.04218091443181038,
      1.3651738166809082,
      -0.0021205132361501455
    ],
    [
      10.136012077331543,
      15.062304496765137,
      38.814002990722656,
      41.6514892578125,
      61.77638626098633,
      71.74195861816406,
      59.49198913574219,
      32.309566497802734,
      41.26862335205078,
      20.76543617248535,
      22.789203643798828,
      4.096430778503418,
      14.350178718566895,
      0.1321346014738083,
      15.495274543762207,
      0.015016688965260983,
      13.785651206970215,
      -0.034691646695137024
    ],
    [
      22.35808563232422,
      20.25661277770996,
      43.89260482788086,
      48.64646530151367,
      57.56721878051758,
      59.49198913574219,
      91.71920776367188,
      34.112449645996094,
      62.47365951538086,
      18.871828079223633,
      39.258609771728516,
      3.886522054672241,
      25.081674575805664,
      0.07368891686201096,
      27.526691436767578,
      -0.02096686325967312,
      25.077573776245117,
      -0.06839583069086075
    ],
    [
      3.665309190750122,
      8.813355445861816,
      19.014738082885742,
      23.009307861328125,
      26.149534225463867,
      32.309566497802734,
      34.112449645996094,
      21.91049575805664,
      20.82992935180664,
      10.734864234924316,
      11.104950904846191,
      2.0739505290985107,
      7.181405544281006,
      0.05301407724618912,
      8.111688613891602,
      -0.005986771546304226,
      7.434581756591797,
      -0.020599685609340668
    ],
    [
      20.54863739013672,
      14.256993293762207,
      28.24933433532715,
      32.40354537963867,
      41.173641204833984,
      41.26862335205078,
      62.47365951538086,
      20.82992935180664,
      51.21727752685547,
      13.367405891418457,
      33.71497344970703,
      3.031602144241333,
      21.27915382385254,
      0.06363240629434586,
      22.66440773010254,
      -0.01085368636995554,
      20.28293228149414,
      -0.053150419145822525
    ],
    [
      2.6584646701812744,
      5.634799957275391,
      11.72717571258545,
      13.09164810180664,
      18.137380599975586,
      20.76543617248535,
      18.871828079223633,
      10.734864234924316,
      13.367405891418457,
      8.517315864562988,
      6.949655055999756,
      1.613723874092102,
      4.477319717407227,
      0.03786205127835274,
      4.824431896209717,
      -0.0028577791526913643,
      4.246249198913574,
      -0.012694267556071281
    ],
    [
      13.792815208435059,
      9.050952911376953,
      14.23060131072998,
      21.027448654174805,
      19.557369232177734,
      22.789203643798828,
      39.258609771728516,
      11.104950904846191,
      33.71497344970703,
      6.949655055999756,
      26.753629684448242,
      1.8595879077911377,
      17.16813850402832,
      0.06565504521131516,
      18.484214782714844,
      0.006927233189344406,
      16.520910263061523,
      -0.0398794449865818
    ],
    [
      0.6336041688919067,
      1.4698518514633179,
      2.2773706912994385,
      2.9583113193511963,
      3.641521692276001,
      4.096430778503418,
      3.886522054672241,
      2.0739505290985107,
      3.031602144241333,
      1.613723874092102,
      1.8595879077911377,
      0.5027077794075012,
      1.2124732732772827,
      0.014316164888441563,
      1.3157795667648315,
      0.001434947014786303,
      1.133270263671875,
      -0.0026887718122452497
    ],
    [
      5.745367050170898,
      5.87299108505249,
      6.012365341186523,
      14.21434497833252,
      8.128647804260254,
      14.350178718566895,
      25.081674575805664,
      7.181405544281006,
      21.27915382385254,
      4.477319717407227,
      17.16813850402832,
      1.2124732732772827,
      12.478899002075195,
      0.05191021412611008,
      13.75932502746582,
      0.008959769271314144,
      12.326449394226074,
      -0.029453178867697716
    ],
    [
      -0.001628810539841652,
      0.0584438256919384,
      0.07568883150815964,
      0.1149132177233696,
      0.12820883095264435,
      0.1321346014738083,
      0.07368891686201096,
      0.05301407724618912,
      0.06363240629434586,
      0.03786205127835274,
      0.06565504521131516,
      0.014316164888441563,
      0.05191021412611008,
      0.003862367244437337,
      0.0561545304954052,
      0.0021059319842606783,
      0.0434873066842556,
      0.00028875103453174233
    ],
    [
      3.166140556335449,
      7.908756732940674,
      2.55865740776062,
      16.847904205322266,
      3.5229897499084473,
      15.495274543762207,
      27.526691436767578,
      8.111688613891602,
      22.66440773010254,
      4.824431896209717,
      18.484214782714844,
      1.3157795667648315,
      13.75932502746582,
      0.0561545304954052,
      16.623327255249023,
      0.004887080751359463,
      15.259549140930176,
      -0.037413548678159714
    ],
    [
      -0.005262124352157116,
      0.019090184941887856,
      0.03221507370471954,
      0.02112765423953533,
      0.04218091443181038,
      0.015016688965260983,
      -0.02096686325967312,
      -0.005986771546304226,
      -0.01085368636995554,
      -0.0028577791526913643,
      0.006927233189344406,
      0.001434947014786303,
      0.008959769271314144,
      0.0021059319842606783,
      0.004887080751359463,
      0.0017244364134967327,
      -0.0017741165356710553,
      0.00033829864696599543
    ],
    [
      2.0877060890197754,
      7.966207981109619,
      1.3168164491653442,
      15.793442726135254,
      1.3651738166809082,
      13.785651206970215,
      25.077573776245117,
      7.434581756591797,
      20.28293228149414,
      4.246249198913574,
      16.520910263061523,
      1.133270263671875,
      12.326449394226074,
      0.0434873066842556,
      15.259549140930176,
      -0.0017741165356710553,
      14.5286226272583,
      -0.03644547611474991
    ],
    [
      -0.021326269954442978,
      -0.015285138972103596,
      0.002945126499980688,
      -0.03246961161494255,
      -0.0021205132361501455,
      -0.034691646695137024,
      -0.06839583069086075,
      -0.020599685609340668,
      -0.053150419145822525,
      -0.012694267556071281,
      -0.0398794449865818,
      -0.0026887718122452497,
      -0.029453178867697716,
      0.00028875103453174233,
      -0.037413548678159714,
      0.00033829864696599543,
      -0.03644547611474991,
      0.0003797468962147832
    ]
  ],
  "damage": -20.32285499572754,
  "diff_bandwidth": 345.5152282714844,
  "dissonance": 4.77653971723389,
  "drr": 7.172641277313232,
  "dynamics": 5.82283878326416,
  "format": 1245190,
  "frames": 2207680,
  "loudness": -30.266590118408203,
  "loudness_range": 23.61715316772461,
  "loudness_range_short": 24.154855728149414,
  "lowpass_true_peak_15khz": -9.028475761413574,
  "mastering3_acoustic_entropies": [
    {
      "acoustic_entropy": 6.414779186248779,
      "acoustic_entropy_mono": 6.503343105316162,
      "band_eliminated_acoustic_entropies": [
        {
          "acoustic_entropy": 6.159310340881348,
          "acoustic_entropy_side": 6.414719104766846,
          "hz": 129.47220167065723
        },
        {
          "acoustic_entropy": 6.300045013427734,
          "acoustic_entropy_side": 6.4163737297058105,
          "hz": 202.92927478742237
        },
        {
          "acoustic_entropy": 6.487156391143799,
          "acoustic_entropy_side": 6.409878253936768,
          "hz": 282.89161906338205
        },
        {
          "acoustic_entropy": 6.628656387329102,
          "acoustic_entropy_side": 6.423239707946777,
          "hz": 369.9353335868758
        },
        {
          "acoustic_entropy": 6.720982074737549,
          "acoustic_entropy_side": 6.471342086791992,
          "hz": 464.6875360973435
        },
        {
          "acoustic_entropy": 6.836244583129883,
          "acoustic_entropy_side": 6.487545490264893,
          "hz": 567.8308811364784
        },
        {
          "acoustic_entropy": 6.34465217590332,
          "acoustic_entropy_side": 6.484735488891602,
          "hz": 680.1084783214808
        },
        {
          "acoustic_entropy": 6.65762996673584,
          "acoustic_entropy_side": 6.422327041625977,
          "hz": 802.3292461747484
        },
        {
          "acoustic_entropy": 6.849836826324463,
          "acoustic_entropy_side": 6.413570404052734,
          "hz": 935.3737400823702
        },
        {
          "acoustic_entropy": 6.350329399108887,
          "acoustic_entropy_side": 6.415111064910889,
          "hz": 1080.2004963696966
        },
        {
          "acoustic_entropy": 6.457623481750488,
          "acoustic_entropy_side": 6.415112018585205,
          "hz": 1237.8529382007157
        },
        {
          "acoustic_entropy": 6.353235721588135,
          "acoustic_entropy_side": 6.4159111976623535,
          "hz": 1409.4668930556702
        },
        {
          "acoustic_entropy": 6.5367112159729,
          "acoustic_entropy_side": 6.414660930633545,
          "hz": 1596.2787759475705
        },
        {
          "acoustic_entropy": 6.395689487457275,
          "acoustic_entropy_side": 6.414760589599609,
          "hz": 1799.6344973346393
        },
        {
          "acoustic_entropy": 6.362844467163086,
          "acoustic_entropy_side": 6.414831161499023,
          "hz": 2020.9991599069049
        },
        {
          "acoustic_entropy": 6.367552280426025,
          "acoustic_entropy_side": 6.414797306060791,
          "hz": 2261.9676141086993
        },
        {
          "acoustic_entropy": 6.393364906311035,
          "acoustic_entropy_side": 6.414761066436768,
          "hz": 2524.2759484456974
        },
        {
          "acoustic_entropy": 6.390972137451172,
          "acoustic_entropy_side": 6.414780616760254,
          "hz": 2809.813997359896
        },
        {
          "acoustic_entropy": 6.398170471191406,
          "acoustic_entropy_side": 6.414780139923096,
          "hz": 3120.6389567871424
        },
        {
          "acoustic_entropy": 6.4098801612854,
          "acoustic_entropy_side": 6.414779186248779,
          "hz": 3458.990205492291
        },
        {
          "acoustic_entropy": 6.415588855743408,
          "acoustic_entropy_side": 6.414778709411621,
          "hz": 3827.305438964164
        },
        {
          "acoustic_entropy": 6.414994716644287,
          "acoustic_entropy_side": 6.414779186248779,
          "hz": 4228.238232109126
        },
        {
          "acoustic_entropy": 6.414741039276123,
          "acoustic_entropy_side": 6.414779186248779,
          "hz": 4664.6771572759235
        },
        {
          "acoustic_entropy": 6.414775371551514,
          "acoustic_entropy_side": 6.414779186248779,
          "hz": 5139.766595350093
        },
        {
          "acoustic_entropy": 6.414753437042236,
          "acoustic_entropy_side": 6.414779186248779,
          "hz": 5656.929389854203
        },
        {
          "acoustic_entropy": 6.414684295654297,
          "acoustic_entropy_side": 6.414779186248779,
          "hz": 6219.891507268283
        },
        {
          "acoustic_entropy": 6.414658546447754,
          "acoustic_entropy_side": 6.414779186248779,
          "hz": 6832.70888123896
        },
        {
          "acoustic_entropy": 6.41452169418335,
          "acoustic_entropy_side": 6.414779186248779,
          "hz": 7499.796634079867
        },
        {
          "acoustic_entropy": 6.414505958557129,
          "acoustic_entropy_side": 6.414779186248779,
          "hz": 8225.96088609342
        },
        {
          "acoustic_entropy": 6.414397239685059,
          "acoustic_entropy_side": 6.414779186248779,
          "hz": 9016.43338188839
        },
        {
          "acoustic_entropy": 6.414236068725586,
          "acoustic_entropy_side": 6.414779186248779,
          "hz": 9876.909183162974
        },
        {
          "acoustic_entropy": 6.4141411781311035,
          "acoustic_entropy_side": 6.414779186248779,
          "hz": 10813.587699516042
        },
        {
          "acoustic_entropy": 6.414187431335449,
          "acoustic_entropy_side": 6.414779186248779,
          "hz": 11833.21735289826
        },
        {
          "acoustic_entropy": 6.414216995239258,
          "acoustic_entropy_side": 6.414779186248779,
          "hz": 12943.144197493959
        },
        {
          "acoustic_entropy": 6.414257049560547,
          "acoustic_entropy_side": 6.414779186248779,
          "hz": 14151.364845322005
        },
        {
          "acoustic_entropy": 6.414219379425049,
          "acoustic_entropy_side": 6.414779186248779,
          "hz": 15466.58407886509
        },
        {
          "acoustic_entropy": 6.4141669273376465,
          "acoustic_entropy_side": 6.414779186248779,
          "hz": 16898.27756580493
        },
        {
          "acoustic_entropy": 6.414507865905762,
          "acoustic_entropy_side": 6.414779186248779,
          "hz": 18456.760127700032
        },
        {
          "acoustic_entropy": 6.414730548858643,
          "acoustic_entropy_side": 6.414779186248779,
          "hz": 20153.260054456492
        },
        {
          "acoustic_entropy": 6.414775371551514,
          "acoustic_entropy_side": 6.414779186248779,
          "hz": 22000.00000000001
        }
      ],
      "diff_acoustic_entropy": 5.1181416511535645,
      "sn": 6
    },
    {
      "acoustic_entropy": 9.262868881225586,
      "acoustic_entropy_mono": 8.513126373291016,
      "band_eliminated_acoustic_entropies": [
        {
          "acoustic_entropy": 9.126739501953125,
          "acoustic_entropy_side": 9.261673927307129,
          "hz": 129.47220167065723
        },
        {
          "acoustic_entropy": 8.760161399841309,
          "acoustic_entropy_side": 9.221107482910156,
          "hz": 202.92927478742237
        },
        {
          "acoustic_entropy": 9.471460342407227,
          "acoustic_entropy_side": 9.286334991455078,
          "hz": 282.89161906338205
        },
        {
          "acoustic_entropy": 8.70723819732666,
          "acoustic_entropy_side": 9.238897323608398,
          "hz": 369.9353335868758
        },
        {
          "acoustic_entropy": 9.116290092468262,
          "acoustic_entropy_side": 9.078030586242676,
          "hz": 464.6875360973435
        },
        {
          "acoustic_entropy": 9.266467094421387,
          "acoustic_entropy_side": 9.099562644958496,
          "hz": 567.8308811364784
        },
        {
          "acoustic_entropy": 8.000421524047852,
          "acoustic_entropy_side": 8.729080200195312,
          "hz": 680.1084783214808
        },
        {
          "acoustic_entropy": 8.803091049194336,
          "acoustic_entropy_side": 9.029670715332031,
          "hz": 802.3292461747484
        },
        {
          "acoustic_entropy": 9.244128227233887,
          "acoustic_entropy_side": 9.234746932983398,
          "hz": 935.3737400823702
        },
        {
          "acoustic_entropy": 9.259872436523438,
          "acoustic_entropy_side": 9.251126289367676,
          "hz": 1080.2004963696966
        },
        {
          "acoustic_entropy": 9.239365577697754,
          "acoustic_entropy_side": 9.25222110748291,
          "hz": 1237.8529382007157
        },
        {
          "acoustic_entropy": 9.617477416992188,
          "acoustic_entropy_side": 9.242765426635742,
          "hz": 1409.4668930556702
        },
        {
          "acoustic_entropy": 9.263763427734375,
          "acoustic_entropy_side": 9.263246536254883,
          "hz": 1596.2787759475705
        },
        {
          "acoustic_entropy": 9.12590503692627,
          "acoustic_entropy_side": 9.259498596191406,
          "hz": 1799.6344973346393
        },
        {
          "acoustic_entropy": 9.264660835266113,
          "acoustic_entropy_side": 9.261058807373047,
          "hz": 2020.9991599069049
        },
        {
          "acoustic_entropy": 9.523958206176758,
          "acoustic_entropy_side": 9.262191772460938,
          "hz": 2261.9676141086993
        },
        {
          "acoustic_entropy": 9.192486763000488,
          "acoustic_entropy_side": 9.262845993041992,
          "hz": 2524.2759484456974
        },
        {
          "acoustic_entropy": 9.347625732421875,
          "acoustic_entropy_side": 9.262825012207031,
          "hz": 2809.813997359896
        },
        {
          "acoustic_entropy": 9.366127967834473,
          "acoustic_entropy_side": 9.262832641601562,
          "hz": 3120.6389567871424
        },
        {
          "acoustic_entropy": 9.29030704498291,
          "acoustic_entropy_side": 9.262859344482422,
          "hz": 3458.990205492291
        },
        {
          "acoustic_entropy": 9.257620811462402,
          "acoustic_entropy_side": 9.262870788574219,
          "hz": 3827.305438964164
        },
        {
          "acoustic_entropy": 9.265469551086426,
          "acoustic_entropy_side": 9.262870788574219,
          "hz": 4228.238232109126
        },
        {
          "acoustic_entropy": 9.263652801513672,
          "acoustic_entropy_side": 9.262869834899902,
          "hz": 4664.6771572759235
        },
        {
          "acoustic_entropy": 9.263981819152832,
          "acoustic_entropy_side": 9.262868881225586,
          "hz": 5139.766595350093
        },
        {
          "acoustic_entropy": 9.263291358947754,
          "acoustic_entropy_side": 9.262868881225586,
          "hz": 5656.929389854203
        },
        {
          "acoustic_entropy": 9.265560150146484,
          "acoustic_entropy_side": 9.262868881225586,
          "hz": 6219.891507268283
        },
        {
          "acoustic_entropy": 9.265108108520508,
          "acoustic_entropy_side": 9.262868881225586,
          "hz": 6832.70888123896
        },
        {
          "acoustic_entropy": 9.26575756072998,
          "acoustic_entropy_side": 9.262868881225586,
          "hz": 7499.796634079867
        },
        {
          "acoustic_entropy": 9.264106750488281,
          "acoustic_entropy_side": 9.262868881225586,
          "hz": 8225.96088609342
        },
        {
          "acoustic_entropy": 9.263792991638184,
          "acoustic_entropy_side": 9.262868881225586,
          "hz": 9016.43338188839
        },
        {
          "acoustic_entropy": 9.265572547912598,
          "acoustic_entropy_side": 9.262868881225586,
          "hz": 9876.909183162974
        },
        {
          "acoustic_entropy": 9.26562786102295,
          "acoustic_entropy_side": 9.262868881225586,
          "hz": 10813.587699516042
        },
        {
          "acoustic_entropy": 9.26529312133789,
          "acoustic_entropy_side": 9.262868881225586,
          "hz": 11833.21735289826
        },
        {
          "acoustic_entropy": 9.268094062805176,
          "acoustic_entropy_side": 9.262868881225586,
          "hz": 12943.144197493959
        },
        {
          "acoustic_entropy": 9.268463134765625,
          "acoustic_entropy_side": 9.262868881225586,
          "hz": 14151.364845322005
        },
        {
          "acoustic_entropy": 9.268695831298828,
          "acoustic_entropy_side": 9.262868881225586,
          "hz": 15466.58407886509
        },
        {
          "acoustic_entropy": 9.270161628723145,
          "acoustic_entropy_side": 9.262868881225586,
          "hz": 16898.27756580493
        },
        {
          "acoustic_entropy": 9.264860153198242,
          "acoustic_entropy_side": 9.262868881225586,
          "hz": 18456.760127700032
        },
        {
          "acoustic_entropy": 9.263237953186035,
          "acoustic_entropy_side": 9.262868881225586,
          "hz": 20153.260054456492
        },
        {
          "acoustic_entropy": 9.262911796569824,
          "acoustic_entropy_side": 9.262868881225586,
          "hz": 22000.00000000001
        }
      ],
      "diff_acoustic_entropy": 6.286227226257324,
      "sn": 12
    },
    {
      "acoustic_entropy": 15.415579795837402,
      "acoustic_entropy_mono": 12.98592472076416,
      "band_eliminated_acoustic_entropies": [
        {
          "acoustic_entropy": 15.768020629882812,
          "acoustic_entropy_side": 15.81548023223877,
          "hz": 129.47220167065723
        },
        {
          "acoustic_entropy": 13.570610046386719,
          "acoustic_entropy_side": 15.017725944519043,
          "hz": 202.92927478742237
        },
        {
          "acoustic_entropy": 14.974180221557617,
          "acoustic_entropy_side": 15.710013389587402,
          "hz": 282.89161906338205
        },
        {
          "acoustic_entropy": 14.65938663482666,
          "acoustic_entropy_side": 15.423759460449219,
          "hz": 369.9353335868758
        },
        {
          "acoustic_entropy": 15.155069351196289,
          "acoustic_entropy_side": 15.353516578674316,
          "hz": 464.6875360973435
        },
        {
          "acoustic_entropy": 15.014033317565918,
          "acoustic_entropy_side": 15.356621742248535,
          "hz": 567.8308811364784
        },
        {
          "acoustic_entropy": 13.372828483581543,
          "acoustic_entropy_side": 13.604696273803711,
          "hz": 680.1084783214808
        },
        {
          "acoustic_entropy": 15.259014129638672,
          "acoustic_entropy_side": 15.81969928741455,
          "hz": 802.3292461747484
        },
        {
          "acoustic_entropy": 14.240278244018555,
          "acoustic_entropy_side": 15.276674270629883,
          "hz": 935.3737400823702
        },
        {
          "acoustic_entropy": 15.307211875915527,
          "acoustic_entropy_side": 15.387913703918457,
          "hz": 1080.2004963696966
        },
        {
          "acoustic_entropy": 15.765472412109375,
          "acoustic_entropy_side": 15.45905876159668,
          "hz": 1237.8529382007157
        },
        {
          "acoustic_entropy": 15.445954322814941,
          "acoustic_entropy_side": 15.429303169250488,
          "hz": 1409.4668930556702
        },
        {
          "acoustic_entropy": 15.554533004760742,
          "acoustic_entropy_side": 15.267650604248047,
          "hz": 1596.2787759475705
        },
        {
          "acoustic_entropy": 15.54117488861084,
          "acoustic_entropy_side": 15.452581405639648,
          "hz": 1799.6344973346393
        },
        {
          "acoustic_entropy": 15.387545585632324,
          "acoustic_entropy_side": 15.420117378234863,
          "hz": 2020.9991599069049
        },
        {
          "acoustic_entropy": 15.388474464416504,
          "acoustic_entropy_side": 15.41108512878418,
