{
  "acoustic_entropy": 164.28965759277344,
  "bands": [
    {
      "high_freq": 148.1999969482422,
      "loudness": -24.205286026000977,
      "loudness_range": 6.259435653686523,
      "mid_mean": -20.948434829711914,
      "mid_to_side_loudness": -11.543123245239258,
      "mid_to_side_loudness_range": 9.923101425170898,
      "side_mean": -32.30149459838867
    },
    {
      "high_freq": 392.3793640136719,
      "loudness": -21.696653366088867,
      "loudness_range": 4.5095672607421875,
      "low_freq": 148.1999969482422,
      "mid_mean": -18.2965145111084,
      "mid_to_side_loudness": -13.703448295593262,
      "mid_to_side_loudness_range": 6.919615745544434,
      "side_mean": -31.910245895385742
    },
    {
      "high_freq": 794.6976318359375,
      "loudness": -25.13058090209961,
      "loudness_range": 6.465217590332031,
      "low_freq": 392.3793640136719,
      "mid_mean": -22.01350975036621,
      "mid_to_side_loudness": -9.260869026184082,
      "mid_to_side_loudness_range": 5.5359272956848145,
      "side_mean": -31.19142723083496
    },
    {
      "high_freq": 1457.5709228515625,
      "loudness": -26.273414611816406,
      "loudness_range": 6.824729919433594,
      "low_freq": 794.6976318359375,
      "mid_mean": -23.085514068603516,
      "mid_to_side_loudness": -9.67963981628418,
      "mid_to_side_loudness_range": 6.588162899017334,
      "side_mean": -32.90950012207031
    },
    {
      "high_freq": 2549.74365234375,
      "loudness": -26.63278579711914,
      "loudness_range": 10.689477920532227,
      "low_freq": 1457.5709228515625,
      "mid_mean": -23.550840377807617,
      "mid_to_side_loudness": -9.938942909240723,
      "mid_to_side_loudness_range": 10.540498733520508,
      "side_mean": -33.794586181640625
    },
    {
      "high_freq": 4349.24462890625,
      "loudness": -31.988004684448242,
      "loudness_range": 12.761184692382812,
      "low_freq": 2549.74365234375,
      "mid_mean": -29.072690963745117,
      "mid_to_side_loudness": -8.614278793334961,
      "mid_to_side_loudness_range": 10.10268783569336,
      "side_mean": -37.91123962402344
    },
    {
      "high_freq": 7314.1640625,
      "loudness": -40.73590087890625,
      "loudness_range": 18.72028160095215,
      "low_freq": 4349.24462890625,
      "mid_mean": -38.058876037597656,
      "mid_to_side_loudness": -8.439661979675293,
      "mid_to_side_loudness_range": 17.509166717529297,
      "side_mean": -47.45037078857422
    },
    {
      "high_freq": 12199.2666015625,
      "loudness": -55.530181884765625,
      "loudness_range": 22.638614654541016,
      "low_freq": 7314.1640625,
      "mid_mean": -53.687950134277344,
      "mid_to_side_loudness": -8.432817459106445,
      "mid_to_side_loudness_range": 19.722692489624023,
      "side_mean": -61.16564178466797
    },
    {
      "loudness": -72.56983184814453,
      "loudness_range": 12.105659484863281,
      "low_freq": 12199.2666015625,
      "mid_mean": -66.91729736328125,
      "mid_to_side_loudness": -4.988157272338867,
      "mid_to_side_loudness_range": 9.642990112304688,
      "side_mean": -68.77900695800781
    }
  ],
  "bands_short": [
    {
      "high_freq": 148.1999969482422,
      "loudness": -29.08409881591797,
      "loudness_range": 13.629487991333008,
      "mid_mean": -26.274229049682617,
      "mid_to_side_loudness": -11.583367347717285,
      "mid_to_side_loudness_range": 21.80501937866211,
      "side_mean": -37.3925666809082
    },
    {
      "high_freq": 392.3793640136719,
      "loudness": -21.22792625427246,
      "loudness_range": 9.627182006835938,
      "low_freq": 148.1999969482422,
      "mid_mean": -17.77610969543457,
      "mid_to_side_loudness": -14.41470718383789,
      "mid_to_side_loudness_range": 11.679924964904785,
      "side_mean": -32.075042724609375
    },
    {
      "high_freq": 794.6976318359375,
      "loudness": -25.44212532043457,
      "loudness_range": 9.504209518432617,
      "low_freq": 392.3793640136719,
      "mid_mean": -22.30147361755371,
      "mid_to_side_loudness": -9.843643188476562,
      "mid_to_side_loudness_range": 8.167490005493164,
      "side_mean": -32.0589599609375
    },
    {
      "high_freq": 1457.5709228515625,
      "loudness": -26.388442993164062,
      "loudness_range": 9.308263778686523,
      "low_freq": 794.6976318359375,
      "mid_mean": -23.233484268188477,
      "mid_to_side_loudness": -9.922243118286133,
      "mid_to_side_loudness_range": 8.305091857910156,
      "side_mean": -33.28190612792969
    },
    {
      "high_freq": 2549.74365234375,
      "loudness": -26.981298446655273,
      "loudness_range": 12.753519058227539,
      "low_freq": 1457.5709228515625,
      "mid_mean": -23.839914321899414,
      "mid_to_side_loudness": -10.219534873962402,
      "mid_to_side_loudness_range": 11.37613582611084,
      "side_mean": -34.368709564208984
    },
    {
      "high_freq": 4349.24462890625,
      "loudness": -32.25156021118164,
      "loudness_range": 14.478202819824219,
      "low_freq": 2549.74365234375,
      "mid_mean": -29.295066833496094,
      "mid_to_side_loudness": -9.091456413269043,
      "mid_to_side_loudness_range": 12.120126724243164,
      "side_mean": -38.665287017822266
    },
    {
      "high_freq": 7314.1640625,
      "loudness": -41.81540298461914,
      "loudness_range": 21.882783889770508,
      "low_freq": 4349.24462890625,
      "mid_mean": -39.13603210449219,
      "mid_to_side_loudness": -8.550558090209961,
      "mid_to_side_loudness_range": 17.21997833251953,
      "side_mean": -50.44755172729492
    },
    {
      "high_freq": 12199.2666015625,
      "loudness": -58.285552978515625,
      "loudness_range": 29.996257781982422,
      "low_freq": 7314.1640625,
      "mid_mean": -56.02464294433594,
      "mid_to_side_loudness": -8.148853302001953,
      "mid_to_side_loudness_range": 19.180898666381836,
      "side_mean": -63.443695068359375
    },
    {
      "loudness": -72.92203521728516,
      "loudness_range": 12.496746063232422,
      "low_freq": 12199.2666015625,
      "mid_mean": -67.0463638305664,
      "mid_to_side_loudness": -4.912613391876221,
      "mid_to_side_loudness_range": 9.862993240356445,
      "side_mean": -68.86531829833984
    }
  ],
  "bandwidth": 540.5267944335938,
  "channels": 2,
  "covariance": [
    [
      15.559486389160156,
      11.967281341552734,
      10.34493350982666,
      9.252145767211914,
      9.852337837219238,
      8.084548950195312,
      9.025031089782715,
      8.402678489685059,
      9.83561897277832,
      9.91632080078125,
      10.595701217651367,
      10.115660667419434,
      8.577251434326172,
      11.074089050292969,
      13.078458786010742,
      8.30920124053955,
      2.759427785873413,
      1.2915623188018799
    ],
    [
      11.967281341552734,
      24.131935119628906,
      6.4482741355896,
      9.211832046508789,
      7.390580177307129,
      9.995676040649414,
      7.408106803894043,
      9.668585777282715,
      8.415396690368652,
      10.622149467468262,
      8.226951599121094,
      11.006913185119629,
      5.564859867095947,
      10.874336242675781,
      7.950699806213379,
      6.968367576599121,
      1.92844557762146,
      0.9499673843383789
    ],
    [
      10.34493350982666,
      6.4482741355896,
      12.717597961425781,
      10.528076171875,
      10.22796630859375,
      8.811447143554688,
      8.496167182922363,
      8.536053657531738,
      8.983662605285645,
      9.199756622314453,
      10.035204887390137,
      8.914525985717773,
      7.1474480628967285,
      8.656855583190918,
      10.17042350769043,
      4.6445488929748535,
      2.184230089187622,
      0.7636608481407166
    ],
    [
      9.252145767211914,
      9.211832046508789,
      10.528076171875,
      16.138919830322266,
      10.026172637939453,
      11.453900337219238,
      7.971390247344971,
      9.525622367858887,
      7.506867408752441,
      9.863689422607422,
      8.088120460510254,
      10.418608665466309,
      5.8972249031066895,
      10.387102127075195,
      6.787231922149658,
      5.591797828674316,
      1.1118985414505005,
      0.6731045246124268
    ],
    [
      9.852337837219238,
      7.390580177307129,
      10.22796630859375,
      10.026172637939453,
      13.950992584228516,
      11.315749168395996,
      10.030778884887695,
      11.652680397033691,
      10.482624053955078,
      12.624848365783691,
      11.825211524963379,
      11.682345390319824,
      10.228829383850098,
      11.416508674621582,
      11.993096351623535,
      5.996045112609863,
      2.770754337310791,
      0.9146603345870972
    ],
    [
      8.084548950195312,
      9.995676040649414,
      8.811447143554688,
      11.453900337219238,
      11.315749168395996,
      17.064151763916016,
      8.025352478027344,
      13.53921890258789,
      6.547791481018066,
      13.877032279968262,
      7.691858768463135,
      15.285758972167969,
      4.25322961807251,
      14.433279991149902,
      4.90009069442749,
      6.59689474105835,
      1.3912228345870972,
      0.8813912868499756
    ],
    [
      9.025031089782715,
      7.408106803894043,
      8.496167182922363,
      7.971390247344971,
      10.030778884887695,
      8.025352478027344,
      13.187192916870117,
      10.49287223815918,
      15.450716972351074,
      10.958965301513672,
      13.933998107910156,
      9.114856719970703,
      13.61177921295166,
      9.120782852172852,
      17.305686950683594,
      7.474591255187988,
      4.301130294799805,
      1.3009287118911743
    ],
    [
      8.402678489685059,
      9.668585777282715,
      8.536053657531738,
      9.525622367858887,
      11.652680397033691,
      13.53921890258789,
      10.49287223815918,
      18.10422134399414,
      10.090133666992188,
      18.030166625976562,
      10.139298439025879,
      15.4656982421875,
      7.596156120300293,
      15.394546508789062,
      9.795735359191895,
      9.741939544677734,
      3.068679094314575,
      1.6056641340255737
    ],
    [
      9.83561897277832,
      8.415396690368652,
      8.983662605285645,
      7.506867408752441,
      10.482624053955078,
      6.547791481018066,
      15.450716972351074,
      10.090133666992188,
      23.898839950561523,
      11.50405216217041,
      22.865137100219727,
      9.539251327514648,
      25.109487533569336,
      8.428362846374512,
      29.10845184326172,
      7.077609539031982,
      8.105354309082031,
      1.1596676111221313
    ],
    [
      9.91632080078125,
      10.622149467468262,
      9.199756622314453,
      9.863689422607422,
      12.624848365783691,
      13.877032279968262,
      10.958965301513672,
      18.030166625976562,
      11.50405216217041,
      20.536283493041992,
      11.736604690551758,
      17.515031814575195,
      10.417071342468262,
      18.231727600097656,
      12.880163192749023,
      11.650346755981445,
      3.6327786445617676,
      1.7217977046966553
    ],
    [
      10.595701217651367,
      8.226951599121094,
      10.035204887390137,
      8.088120460510254,
      11.825211524963379,
      7.691858768463135,
      13.933998107910156,
      10.139298439025879,
      22.865137100219727,
      11.736604690551758,
      26.966066360473633,
      13.15811824798584,
      29.433687210083008,
      11.432979583740234,
      32.812469482421875,
      7.491032600402832,
      10.171223640441895,
      1.105485200881958
    ],
    [
      10.115660667419434,
      11.006913185119629,
      8.914525985717773,
      10.418608665466309,
      11.682345390319824,
      15.285758972167969,
      9.114856719970703,
      15.4656982421875,
      9.539251327514648,
      17.515031814575195,
      13.15811824798584,
      21.99000358581543,
      12.636848449707031,
      23.877681732177734,
      15.745794296264648,
      15.978842735290527,
      5.039083480834961,
      2.189107894897461
    ],
    [
      8.577251434326172,
      5.564859867095947,
      7.1474480628967285,
      5.8972249031066895,
      10.228829383850098,
      4.25322961807251,
      13.61177921295166,
      7.596156120300293,
      25.109487533569336,
      10.417071342468262,
      29.433687210083008,
      12.636848449707031,
      45.59618377685547,
      18.74032211303711,
      50.35272216796875,
      19.792795181274414,
      14.47819995880127,
      2.713407516479492
    ],
    [
      11.074089050292969,
      10.874336242675781,
      8.656855583190918,
      10.387102127075195,
      11.416508674621582,
      14.433279991149902,
      9.120782852172852,
      15.394546508789062,
      8.428362846374512,
      18.231727600097656,
      11.432979583740234,
      23.877681732177734,
      18.74032211303711,
      45.62120819091797,
      31.70014762878418,
      40.66532516479492,
      8.039098739624023,
      5.64780855178833
    ],
    [
      13.078458786010742,
      7.950699806213379,
      10.17042350769043,
      6.787231922149658,
      11.993096351623535,
      4.90009069442749,
      17.305686950683594,
      9.795735359191895,
      29.10845184326172,
      12.880163192749023,
      32.812469482421875,
      15.745794296264648,
      50.35272216796875,
      31.70014762878418,
      77.84056091308594,
      41.587730407714844,
      20.693716049194336,
      5.90333890914917
    ],
    [
      8.30920124053955,
      6.968367576599121,
      4.6445488929748535,
      5.591797828674316,
      5.996045112609863,
      6.59689474105835,
      7.474591255187988,
      9.741939544677734,
      7.077609539031982,
      11.650346755981445,
      7.491032600402832,
      15.978842735290527,
      19.792795181274414,
      40.66532516479492,
      41.587730407714844,
      51.29141616821289,
      10.254899978637695,
      7.661134243011475
    ],
    [
      2.759427785873413,
      1.92844557762146,
      2.184230089187622,
      1.1118985414505005,
      2.770754337310791,
      1.3912228345870972,
      4.301130294799805,
      3.068679094314575,
      8.105354309082031,
      3.6327786445617676,
      10.171223640441895,
      5.039083480834961,
      14.47819995880127,
      8.039098739624023,
      20.693716049194336,
      10.254899978637695,
      7.7142558097839355,
      1.7114083766937256
    ],
    [
      1.2915623188018799,
      0.9499673843383789,
      0.7636608481407166,
      0.6731045246124268,
      0.9146603345870972,
      0.8813912868499756,
      1.3009287118911743,
      1.6056641340255737,
      1.1596676111221313,
      1.7217977046966553,
      1.105485200881958,
      2.189107894897461,
      2.713407516479492,
      5.64780855178833,
      5.90333890914917,
      7.661134243011475,
      1.7114083766937256,
      1.466872215270996
    ]
  ],
  "covariance_short": [
    [
      29.33466339111328,
      23.429201126098633,
      16.302900314331055,
      11.146124839782715,
      10.00743579864502,
      9.24120044708252,
      9.432750701904297,
      8.832398414611816,
      9.362312316894531,
      9.273113250732422,
      9.456048965454102,
      8.791638374328613,
      6.079927444458008,
      7.461267471313477,
      6.425609588623047,
      1.5193231105804443,
      1.7968312501907349,
      0.7134924530982971
    ],
    [
      23.429201126098633,
      83.8988265991211,
      6.7800211906433105,
      12.276650428771973,
      4.7841105461120605,
      9.35597038269043,
      4.978384971618652,
      7.701883792877197,
      5.725097179412842,
      9.317349433898926,
      3.0099074840545654,
      6.6543121337890625,
      0.11923649162054062,
      5.672665119171143,
      -2.440119743347168,
      -2.0088160037994385,
      -0.1324624866247177,
      -0.18235263228416443
    ],
    [
      16.302900314331055,
      6.7800211906433105,
      20.12929916381836,
      13.40992546081543,
      11.570895195007324,
      9.58716106414795,
      10.412846565246582,
      8.957406044006348,
      10.128596305847168,
      9.770678520202637,
      10.14542293548584,
      9.399290084838867,
      7.662548065185547,
      9.02392864227295,
      9.857657432556152,
      4.2141218185424805,
      2.1221513748168945,
      0.892310380935669
    ],
    [
      11.146124839782715,
      12.276650428771973,
      13.40992546081543,
      24.602022171020508,
      11.610136985778809,
      13.16253662109375,
      9.557703971862793,
      10.471208572387695,
      9.265921592712402,
      11.397704124450684,
      9.552783012390137,
      11.708165168762207,
      7.997833251953125,
      12.752281188964844,
      8.941084861755371,
      6.192104339599609,
      1.2922154664993286,
      0.5988973379135132
    ],
    [
      10.00743579864502,
      4.7841105461120605,
      11.570895195007324,
      11.610136985778809,
      18.780141830444336,
      15.67796516418457,
      11.683656692504883,
      12.867218017578125,
      11.040910720825195,
      12.772138595581055,
      12.488465309143066,
      12.431866645812988,
      11.189509391784668,
      12.673003196716309,
      11.42802619934082,
      4.413105010986328,
      2.3061678409576416,
      0.7331166863441467
    ],
    [
      9.24120044708252,
      9.35597038269043,
      9.58716106414795,
      13.16253662109375,
      15.67796516418457,
      25.64237403869629,
      9.566569328308105,
      15.639290809631348,
      7.782468318939209,
      15.178051948547363,
      8.989916801452637,
      17.363037109375,
      5.3031134605407715,
      18.20831871032715,
      3.373002529144287,
      4.5433030128479,
      0.9508775472640991,
      0.671043872833252
    ],
    [
      9.432750701904297,
      4.978384971618652,
      10.412846565246582,
      9.557703971862793,
      11.683656692504883,
      9.566569328308105,
      16.97859001159668,
      13.34419059753418,
      16.90699005126953,
      12.744457244873047,
      15.911667823791504,
      10.809198379516602,
      15.103622436523438,
      9.755228996276855,
      19.179052352905273,
      6.834705352783203,
      4.627691745758057,
      1.2162295579910278
    ],
    [
      8.832398414611816,
      7.701883792877197,
      8.957406044006348,
      10.471208572387695,
      12.867218017578125,
      15.639290809631348,
      13.34419059753418,
      23.91043472290039,
      11.641545295715332,
      20.90390968322754,
      11.49767017364502,
      18.80377960205078,
      8.70238208770752,
      20.727249145507812,
      10.715996742248535,
      10.793487548828125,
      3.210674285888672,
      1.6507482528686523
    ],
    [
      9.362312316894531,
      5.725097179412842,
      10.128596305847168,
      9.265921592712402,
      11.040910720825195,
      7.782468318939209,
      16.90699005126953,
      11.641545295715332,
      26.979244232177734,
      13.859890937805176,
      24.90904426574707,
      10.876078605651855,
      27.528919219970703,
      7.593517780303955,
      33.255149841308594,
      6.762841701507568,
      8.33115005493164,
      1.0486626625061035
    ],
    [
      9.273113250732422,
      9.317349433898926,
      9.770678520202637,
      11.397704124450684,
      12.772138595581055,
      15.178051948547363,
      12.744457244873047,
      20.90390968322754,
      13.859890937805176,
      26.002946853637695,
      13.3233060836792,
      22.03928565979004,
      11.575637817382812,
      24.849544525146484,
      14.105451583862305,
      13.366324424743652,
      3.747124195098877,
      1.8302215337753296
    ],
    [
      9.456048965454102,
      3.0099074840545654,
      10.14542293548584,
      9.552783012390137,
      12.488465309143066,
      8.989916801452637,
      15.911667823791504,
      11.49767017364502,
      24.90904426574707,
      13.3233060836792,
      32.54115676879883,
      17.097339630126953,
      36.975982666015625,
      15.613179206848145,
      42.801517486572266,
      11.476845741271973,
      10.8794584274292,
      1.1959501504898071
    ],
    [
      8.791638374328613,
      6.6543121337890625,
      9.399290084838867,
      11.708165168762207,
      12.431866645812988,
      17.363037109375,
      10.809198379516602,
      18.80377960205078,
      10.876078605651855,
      22.03928565979004,
      17.097339630126953,
      33.73235321044922,
      17.776777267456055,
      38.64121627807617,
      21.073881149291992,
      22.825223922729492,
      5.404347896575928,
      2.753919839859009
    ],
    [
      6.079927444458008,
      0.11923649162054062,
      7.662548065185547,
      7.997833251953125,
      11.189509391784668,
      5.3031134605407715,
      15.103622436523438,
      8.70238208770752,
      27.528919219970703,
      11.575637817382812,
      36.975982666015625,
      17.776777267456055,
      63.24269485473633,
      26.936180114746094,
      70.61096954345703,
      27.22141456604004,
      17.09686279296875,
      3.3487470149993896
    ],
    [
      7.461267471313477,
      5.672665119171143,
      9.02392864227295,
      12.752281188964844,
      12.673003196716309,
      18.20831871032715,
      9.755228996276855,
      20.727249145507812,
      7.593517780303955,
      24.849544525146484,
      15.613179206848145,
      38.64121627807617,
      26.936180114746094,
      82.29632568359375,
      47.185543060302734,
      51.66115951538086,
      11.180330276489258,
      7.189591884613037
    ],
    [
      6.425609588623047,
      -2.440119743347168,
      9.857657432556152,
      8.941084861755371,
      11.42802619934082,
      3.373002529144287,
      19.179052352905273,
      10.715996742248535,
      33.255149841308594,
      14.105451583862305,
      42.801517486572266,
      21.073881149291992,
      70.61096954345703,
      47.185543060302734,
      98.7356948852539,
      44.57024002075195,
      24.337284088134766,
      6.315779685974121
    ],
    [
      1.5193231105804443,
      -2.0088160037994385,
      4.2141218185424805,
      6.192104339599609,
      4.413105010986328,
      4.5433030128479,
      6.834705352783203,
      10.793487548828125,
      6.762841701507568,
      13.366324424743652,
      11.476845741271973,
      22.825223922729492,
      27.22141456604004,
      51.66115951538086,
      44.57024002075195,
      50.17797088623047,
      11.388434410095215,
      7.8834428787231445
    ],
    [
      1.7968312501907349,
      -0.1324624866247177,
      2.1221513748168945,
      1.2922154664993286,
      2.3061678409576416,
      0.9508775472640991,
      4.627691745758057,
      3.210674285888672,
      8.33115005493164,
      3.747124195098877,
      10.8794584274292,
      5.404347896575928,
      17.09686279296875,
      11.180330276489258,
      24.337284088134766,
      11.388434410095215,
      8.580925941467285,
      2.006434202194214
    ],
    [
      0.7134924530982971,
      -0.18235263228416443,
      0.892310380935669,
      0.5988973379135132,
      0.7331166863441467,
      0.671043872833252,
      1.2162295579910278,
      1.6507482528686523,
      1.0486626625061035,
      1.8302215337753296,
      1.1959501504898071,
      2.753919839859009,
      3.3487470149993896,
      7.189591884613037,
      6.315779685974121,
      7.8834428787231445,
      2.006434202194214,
      1.8129464387893677
    ]
  ],
  "damage": -8.760519027709961,
  "diff_bandwidth": 516.9420166015625,
  "dissonance": 7.946232156941461,
  "drr": -0.6874861121177673,
  "dynamics": 2.1814303398132324,
  "format": 1245190,
  "frames": 6471680,
  "loudness": -13.436628341674805,
  "loudness_range": 4.693483352661133,
  "loudness_range_short": 6.540236473083496,
  "lowpass_true_peak_15khz": -0.005604566540569067,
  "mastering3_acoustic_entropies": [
    {
      "acoustic_entropy": 4.273117542266846,
      "acoustic_entropy_mono": 4.246549606323242,
      "band_eliminated_acoustic_entropies": [
        {
          "acoustic_entropy": 4.2660369873046875,
          "acoustic_entropy_side": 4.272849082946777,
          "hz": 129.47220167065723
        },
        {
          "acoustic_entropy": 4.2379279136657715,
          "acoustic_entropy_side": 4.270853519439697,
          "hz": 202.92927478742237
        },
        {
          "acoustic_entropy": 4.359451770782471,
          "acoustic_entropy_side": 4.286042213439941,
          "hz": 282.89161906338205
        },
        {
          "acoustic_entropy": 4.123106479644775,
          "acoustic_entropy_side": 4.277507781982422,
          "hz": 369.9353335868758
        },
        {
          "acoustic_entropy": 4.268129825592041,
          "acoustic_entropy_side": 4.275821208953857,
          "hz": 464.6875360973435
        },
        {
          "acoustic_entropy": 4.266056537628174,
          "acoustic_entropy_side": 4.304104804992676,
          "hz": 567.8308811364784
        },
        {
          "acoustic_entropy": 4.3610520362854,
          "acoustic_entropy_side": 4.3752760887146,
          "hz": 680.1084783214808
        },
        {
          "acoustic_entropy": 4.234922885894775,
          "acoustic_entropy_side": 4.363767623901367,
          "hz": 802.3292461747484
        },
        {
          "acoustic_entropy": 4.438347816467285,
          "acoustic_entropy_side": 4.3415632247924805,
          "hz": 935.3737400823702
        },
        {
          "acoustic_entropy": 3.9075515270233154,
          "acoustic_entropy_side": 4.173473358154297,
          "hz": 1080.2004963696966
        },
        {
          "acoustic_entropy": 4.300060749053955,
          "acoustic_entropy_side": 4.226853370666504,
          "hz": 1237.8529382007157
        },
        {
          "acoustic_entropy": 4.283579349517822,
          "acoustic_entropy_side": 4.03855037689209,
          "hz": 1409.4668930556702
        },
        {
          "acoustic_entropy": 3.9279520511627197,
          "acoustic_entropy_side": 4.175096035003662,
          "hz": 1596.2787759475705
        },
        {
          "acoustic_entropy": 4.227799892425537,
          "acoustic_entropy_side": 4.296875953674316,
          "hz": 1799.6344973346393
        },
        {
          "acoustic_entropy": 3.7368290424346924,
          "acoustic_entropy_side": 4.279200077056885,
          "hz": 2020.9991599069049
        },
        {
          "acoustic_entropy": 4.24321985244751,
          "acoustic_entropy_side": 4.067723274230957,
          "hz": 2261.9676141086993
        },
        {
          "acoustic_entropy": 3.9085686206817627,
          "acoustic_entropy_side": 3.9519147872924805,
          "hz": 2524.2759484456974
        },
        {
          "acoustic_entropy": 4.21431303024292,
          "acoustic_entropy_side": 4.275802135467529,
          "hz": 2809.813997359896
        },
        {
          "acoustic_entropy": 4.295314311981201,
          "acoustic_entropy_side": 4.2684855461120605,
          "hz": 3120.6389567871424
        },
        {
          "acoustic_entropy": 4.050587177276611,
          "acoustic_entropy_side": 4.293877124786377,
          "hz": 3458.990205492291
        },
        {
          "acoustic_entropy": 4.201655864715576,
          "acoustic_entropy_side": 4.277211666107178,
          "hz": 3827.305438964164
        },
        {
          "acoustic_entropy": 4.069638252258301,
          "acoustic_entropy_side": 4.295481204986572,
          "hz": 4228.238232109126
        },
        {
          "acoustic_entropy": 4.270658493041992,
          "acoustic_entropy_side": 4.296882629394531,
          "hz": 4664.6771572759235
        },
        {
          "acoustic_entropy": 4.273083209991455,
          "acoustic_entropy_side": 4.2856221199035645,
          "hz": 5139.766595350093
        },
        {
          "acoustic_entropy": 4.264950752258301,
          "acoustic_entropy_side": 4.2874436378479,
          "hz": 5656.929389854203
        },
        {
          "acoustic_entropy": 4.348072052001953,
          "acoustic_entropy_side": 4.285653591156006,
          "hz": 6219.891507268283
        },
        {
          "acoustic_entropy": 4.3283162117004395,
          "acoustic_entropy_side": 4.276881217956543,
          "hz": 6832.70888123896
        },
        {
          "acoustic_entropy": 4.285691738128662,
          "acoustic_entropy_side": 4.2747578620910645,
          "hz": 7499.796634079867
        },
        {
          "acoustic_entropy": 4.286726951599121,
          "acoustic_entropy_side": 4.27470588684082,
          "hz": 8225.96088609342
        },
        {
          "acoustic_entropy": 4.281157493591309,
          "acoustic_entropy_side": 4.2738447189331055,
          "hz": 9016.43338188839
        },
        {
          "acoustic_entropy": 4.278293132781982,
          "acoustic_entropy_side": 4.2735490798950195,
          "hz": 9876.909183162974
        },
        {
          "acoustic_entropy": 4.274989128112793,
          "acoustic_entropy_side": 4.273292064666748,
          "hz": 10813.587699516042
        },
        {
          "acoustic_entropy": 4.273462772369385,
          "acoustic_entropy_side": 4.273155689239502,
          "hz": 11833.21735289826
        },
        {
          "acoustic_entropy": 4.27316951751709,
          "acoustic_entropy_side": 4.273122310638428,
          "hz": 12943.144197493959
        },
        {
          "acoustic_entropy": 4.273123264312744,
          "acoustic_entropy_side": 4.273117542266846,
          "hz": 14151.364845322005
        },
        {
          "acoustic_entropy": 4.273118019104004,
          "acoustic_entropy_side": 4.273117542266846,
          "hz": 15466.58407886509
        },
        {
          "acoustic_entropy": 4.273117542266846,
          "acoustic_entropy_side": 4.273117542266846,
          "hz": 16898.27756580493
        },
        {
          "acoustic_entropy": 4.273117542266846,
          "acoustic_entropy_side": 4.273117542266846,
          "hz": 18456.760127700032
        },
        {
          "acoustic_entropy": 4.273117542266846,
          "acoustic_entropy_side": 4.273117542266846,
          "hz": 20153.260054456492
        },
        {
          "acoustic_entropy": 4.273117542266846,
          "acoustic_entropy_side": 4.273117542266846,
          "hz": 22000.00000000001
        }
      ],
      "diff_acoustic_entropy": 2.250206470489502,
      "sn": 6
    },
    {
      "acoustic_entropy": 7.328683376312256,
      "acoustic_entropy_mono": 6.278482913970947,
      "band_eliminated_acoustic_entropies": [
        {
          "acoustic_entropy": 7.228585720062256,
          "acoustic_entropy_side": 7.366955757141113,
          "hz": 129.47220167065723
        },
        {
          "acoustic_entropy": 6.884859085083008,
          "acoustic_entropy_side": 7.0443925857543945,
          "hz": 202.92927478742237
        },
        {
          "acoustic_entropy": 7.3196797370910645,
          "acoustic_entropy_side": 7.506796836853027,
          "hz": 282.89161906338205
        },
        {
          "acoustic_entropy": 7.090538024902344,
          "acoustic_entropy_side": 7.188653945922852,
          "hz": 369.9353335868758
        },
        {
          "acoustic_entropy": 7.215665817260742,
          "acoustic_entropy_side": 7.216644763946533,
          "hz": 464.6875360973435
        },
        {
          "acoustic_entropy": 7.565476894378662,
          "acoustic_entropy_side": 7.445852756500244,
          "hz": 567.8308811364784
        },
        {
          "acoustic_entropy": 6.876021385192871,
          "acoustic_entropy_side": 7.292500972747803,
          "hz": 680.1084783214808
        },
        {
          "acoustic_entropy": 7.192126750946045,
          "acoustic_entropy_side": 7.126650333404541,
          "hz": 802.3292461747484
        },
        {
          "acoustic_entropy": 7.16845703125,
          "acoustic_entropy_side": 7.347692012786865,
          "hz": 935.3737400823702
        },
        {
          "acoustic_entropy": 7.124251842498779,
          "acoustic_entropy_side": 7.21754789352417,
          "hz": 1080.2004963696966
        },
        {
          "acoustic_entropy": 7.196423053741455,
          "acoustic_entropy_side": 7.2183308601379395,
          "hz": 1237.8529382007157
        },
        {
          "acoustic_entropy": 7.2321906089782715,
          "acoustic_entropy_side": 7.259286403656006,
          "hz": 1409.4668930556702
        },
        {
          "acoustic_entropy": 7.044806480407715,
          "acoustic_entropy_side": 7.122570037841797,
          "hz": 1596.2787759475705
        },
        {
          "acoustic_entropy": 7.212305545806885,
          "acoustic_entropy_side": 7.521607398986816,
          "hz": 1799.6344973346393
        },
        {
          "acoustic_entropy": 7.3028483390808105,
          "acoustic_entropy_side": 7.273386001586914,
          "hz": 2020.9991599069049
        },
        {
          "acoustic_entropy": 7.126597881317139,
          "acoustic_entropy_side": 7.265804767608643,
          "hz": 2261.9676141086993
        },
        {
          "acoustic_entropy": 7.3047661781311035,
          "acoustic_entropy_side": 7.399467468261719,
          "hz": 2524.2759484456974
        },
        {
          "acoustic_entropy": 7.239260196685791,
          "acoustic_entropy_side": 7.434070110321045,
          "hz": 2809.813997359896
        },
        {
          "acoustic_entropy": 7.114649295806885,
          "acoustic_entropy_side": 7.192300319671631,
          "hz": 3120.6389567871424
        },
        {
          "acoustic_entropy": 7.241769790649414,
          "acoustic_entropy_side": 7.415622711181641,
          "hz": 3458.990205492291
        },
        {
          "acoustic_entropy": 7.440856456756592,
          "acoustic_entropy_side": 7.34696626663208,
          "hz": 3827.305438964164
        },
        {
          "acoustic_entropy": 7.528656482696533,
          "acoustic_entropy_side": 7.384822368621826,
          "hz": 4228.238232109126
        },
        {
          "acoustic_entropy": 7.231949806213379,
          "acoustic_entropy_side": 7.43332576751709,
          "hz": 4664.6771572759235
        },
        {
          "acoustic_entropy": 7.4760212898254395,
          "acoustic_entropy_side": 7.458250522613525,
          "hz": 5139.766595350093
        },
        {
          "acoustic_entropy": 7.491189956665039,
          "acoustic_entropy_side": 7.533829689025879,
          "hz": 5656.929389854203
        },
        {
          "acoustic_entropy": 7.584441661834717,
          "acoustic_entropy_side": 7.520296096801758,
          "hz": 6219.891507268283
        },
        {
          "acoustic_entropy": 7.479363918304443,
          "acoustic_entropy_side": 7.432487487792969,
          "hz": 6832.70888123896
        },
        {
          "acoustic_entropy": 7.404371738433838,
          "acoustic_entropy_side": 7.387026786804199,
          "hz": 7499.796634079867
        },
        {
          "acoustic_entropy": 7.393628120422363,
          "acoustic_entropy_side": 7.364567279815674,
          "hz": 8225.96088609342
        },
        {
          "acoustic_entropy": 7.423850059509277,
          "acoustic_entropy_side": 7.366882801055908,
          "hz": 9016.43338188839
        },
        {
          "acoustic_entropy": 7.406639099121094,
          "acoustic_entropy_side": 7.356568336486816,
          "hz": 9876.909183162974
        },
        {
          "acoustic_entropy": 7.370547771453857,
          "acoustic_entropy_side": 7.34150505065918,
          "hz": 10813.587699516042
        },
        {
          "acoustic_entropy": 7.339514255523682,
          "acoustic_entropy_side": 7.331667900085449,
          "hz": 11833.21735289826
        },
        {
          "acoustic_entropy": 7.330276012420654,
          "acoustic_entropy_side": 7.329020977020264,
          "hz": 12943.144197493959
        },
        {
          "acoustic_entropy": 7.328819274902344,
          "acoustic_entropy_side": 7.3286943435668945,
          "hz": 14151.364845322005
        },
        {
          "acoustic_entropy": 7.328696250915527,
          "acoustic_entropy_side": 7.328683853149414,
          "hz": 15466.58407886509
        },
        {
          "acoustic_entropy": 7.3286848068237305,
          "acoustic_entropy_side": 7.328683376312256,
          "hz": 16898.27756580493
        },
        {
          "acoustic_entropy": 7.328683853149414,
          "acoustic_entropy_side": 7.328683376312256,
          "hz": 18456.760127700032
        },
        {
          "acoustic_entropy": 7.328683853149414,
          "acoustic_entropy_side": 7.328683376312256,
          "hz": 20153.260054456492
        },
        {
          "acoustic_entropy": 7.328682899475098,
          "acoustic_entropy_side": 7.328683376312256,
          "hz": 22000.00000000001
        }
      ],
      "diff_acoustic_entropy": 3.9430460929870605,
      "sn": 12
    },
    {
      "acoustic_entropy": 13.932732582092285,
      "acoustic_entropy_mono": 8.529892921447754,
      "band_eliminated_acoustic_entropies": [
        {
          "acoustic_entropy": 13.862360000610352,
          "acoustic_entropy_side": 13.683379173278809,
          "hz": 129.47220167065723
        },
        {
          "acoustic_entropy": 13.313694953918457,
          "acoustic_entropy_side": 13.310215950012207,
          "hz": 202.92927478742237
        },
        {
          "acoustic_entropy": 14.0928316116333,
          "acoustic_entropy_side": 14.03725528717041,
          "hz": 282.89161906338205
        },
        {
          "acoustic_entropy": 13.252460479736328,
          "acoustic_entropy_side": 13.914798736572266,
          "hz": 369.9353335868758
        },
        {
          "acoustic_entropy": 13.78411865234375,
          "acoustic_entropy_side": 13.766687393188477,
          "hz": 464.6875360973435
        },
        {
          "acoustic_entropy": 13.059696197509766,
          "acoustic_entropy_side": 13.37166976928711,
          "hz": 567.8308811364784
        },
        {
          "acoustic_entropy": 13.985989570617676,
          "acoustic_entropy_side": 14.262120246887207,
          "hz": 680.1084783214808
        },
        {
          "acoustic_entropy": 13.680213928222656,
          "acoustic_entropy_side": 13.584917068481445,
          "hz": 802.3292461747484
        },
        {
          "acoustic_entropy": 13.559983253479004,
          "acoustic_entropy_side": 13.836959838867188,
          "hz": 935.3737400823702
        },
        {
          "acoustic_entropy": 13.514208793640137,
          "acoustic_entropy_side": 13.710084915161133,
          "hz": 1080.2004963696966
        },
        {
          "acoustic_entropy": 13.465045928955078,
          "acoustic_entropy_side": 13.99866771697998,
          "hz": 1237.8529382007157
        },
        {
          "acoustic_entropy": 14.412393569946289,
          "acoustic_entropy_side": 14.121798515319824,
          "hz": 1409.4668930556702
        },
        {
          "acoustic_entropy": 13.60849666595459,
          "acoustic_entropy_side": 13.757699966430664,
          "hz": 1596.2787759475705
        },
        {
          "acoustic_entropy": 14.431622505187988,
          "acoustic_entropy_side": 14.068345069885254,
          "hz": 1799.6344973346393
        },
        {
          "acoustic_entropy": 14.209033012390137,
          "acoustic_entropy_side": 13.64582347869873,
          "hz": 2020.9991599069049
        },
        {
          "acoustic_entropy": 13.650749206542969,
          "acoustic_entropy_side": 14.165483474731445,
          "hz": 2261.9676141086993
        },
        {
          "acoustic_entropy": 13.945277214050293,
          "acoustic_entropy_side": 13.672382354736328,
          "hz": 2524.2759484456974
        },
        {
          "acoustic_entropy": 14.254837989807129,
          "acoustic_entropy_side": 14.175623893737793,
          "hz": 2809.813997359896
        },
        {
          "acoustic_entropy": 13.693349838256836,
          "acoustic_entropy_side": 13.438468933105469,
          "hz": 3120.6389567871424
        },
