{
  "acoustic_entropy": 224.54815673828125,
  "bands": [
    {
      "high_freq": 148.1999969482422,
      "loudness": -28.94512367248535,
      "loudness_range": 12.699773788452148,
      "mid_mean": -25.59052085876465,
      "mid_to_side_loudness": -13.24088191986084,
      "mid_to_side_loudness_range": 17.06342887878418,
      "side_mean": -39.847103118896484
    },
    {
      "high_freq": 392.3793640136719,
      "loudness": -24.257883071899414,
      "loudness_range": 9.95599365234375,
      "low_freq": 148.1999969482422,
      "mid_mean": -21.36208152770996,
      "mid_to_side_loudness": -7.812150955200195,
      "mid_to_side_loudness_range": 9.742715835571289,
      "side_mean": -29.277294158935547
    },
    {
      "high_freq": 794.6976318359375,
      "loudness": -26.126522064208984,
      "loudness_range": 12.430706024169922,
      "low_freq": 392.3793640136719,
      "mid_mean": -23.298803329467773,
      "mid_to_side_loudness": -7.396096229553223,
      "mid_to_side_loudness_range": 9.798102378845215,
      "side_mean": -30.84529685974121
    },
    {
      "high_freq": 1457.5709228515625,
      "loudness": -25.046680450439453,
      "loudness_range": 18.31041717529297,
      "low_freq": 794.6976318359375,
      "mid_mean": -22.145179748535156,
      "mid_to_side_loudness": -8.225578308105469,
      "mid_to_side_loudness_range": 11.745365142822266,
      "side_mean": -30.549768447875977
    },
    {
      "high_freq": 2549.74365234375,
      "loudness": -26.114545822143555,
      "loudness_range": 18.05967903137207,
      "low_freq": 1457.5709228515625,
      "mid_mean": -23.284605026245117,
      "mid_to_side_loudness": -7.648741722106934,
      "mid_to_side_loudness_range": 11.725386619567871,
      "side_mean": -31.15794563293457
    },
    {
      "high_freq": 4349.24462890625,
      "loudness": -29.642044067382812,
      "loudness_range": 14.532953262329102,
      "low_freq": 2549.74365234375,
      "mid_mean": -26.79637336730957,
      "mid_to_side_loudness": -7.1981072425842285,
      "mid_to_side_loudness_range": 8.982111930847168,
      "side_mean": -34.122737884521484
    },
    {
      "high_freq": 7314.1640625,
      "loudness": -33.05978775024414,
      "loudness_range": 15.251733779907227,
      "low_freq": 4349.24462890625,
      "mid_mean": -30.19627571105957,
      "mid_to_side_loudness": -7.8589959144592285,
      "mid_to_side_loudness_range": 10.104789733886719,
      "side_mean": -38.32189178466797
    },
    {
      "high_freq": 12199.2666015625,
      "loudness": -35.695491790771484,
      "loudness_range": 15.86058235168457,
      "low_freq": 7314.1640625,
      "mid_mean": -32.67538070678711,
      "mid_to_side_loudness": -8.880497932434082,
      "mid_to_side_loudness_range": 11.906569480895996,
      "side_mean": -41.91643142700195
    },
    {
      "loudness": -45.84775924682617,
      "loudness_range": 15.047271728515625,
      "low_freq": 12199.2666015625,
      "mid_mean": -43.11433029174805,
      "mid_to_side_loudness": -7.56968879699707,
      "mid_to_side_loudness_range": 12.5732421875,
      "side_mean": -51.53351974487305
    }
  ],
  "bands_short": [
    {
      "high_freq": 148.1999969482422,
      "loudness": -33.624385833740234,
      "loudness_range": 18.60667610168457,
      "mid_mean": -30.468341827392578,
      "mid_to_side_loudness": -12.919045448303223,
      "mid_to_side_loudness_range": 21.34673309326172,
      "side_mean": -45.05870819091797
    },
    {
      "high_freq": 392.3793640136719,
      "loudness": -24.110313415527344,
      "loudness_range": 11.473516464233398,
      "low_freq": 148.1999969482422,
      "mid_mean": -21.225109100341797,
      "mid_to_side_loudness": -8.449280738830566,
      "mid_to_side_loudness_range": 12.28906536102295,
      "side_mean": -29.743982315063477
    },
    {
      "high_freq": 794.6976318359375,
      "loudness": -26.415714263916016,
      "loudness_range": 13.024751663208008,
      "low_freq": 392.3793640136719,
      "mid_mean": -23.772294998168945,
      "mid_to_side_loudness": -6.916783332824707,
      "mid_to_side_loudness_range": 12.486859321594238,
      "side_mean": -30.84088134765625
    },
    {
      "high_freq": 1457.5709228515625,
      "loudness": -25.44789695739746,
      "loudness_range": 19.370166778564453,
      "low_freq": 794.6976318359375,
      "mid_mean": -22.677776336669922,
      "mid_to_side_loudness": -7.936830520629883,
      "mid_to_side_loudness_range": 14.368609428405762,
      "side_mean": -30.815454483032227
    },
    {
      "high_freq": 2549.74365234375,
      "loudness": -26.64589500427246,
      "loudness_range": 19.105947494506836,
      "low_freq": 1457.5709228515625,
      "mid_mean": -23.921045303344727,
      "mid_to_side_loudness": -7.3635172843933105,
      "mid_to_side_loudness_range": 13.45953369140625,
      "side_mean": -31.5634822845459
    },
    {
      "high_freq": 4349.24462890625,
      "loudness": -29.940210342407227,
      "loudness_range": 15.511627197265625,
      "low_freq": 2549.74365234375,
      "mid_mean": -27.195810317993164,
      "mid_to_side_loudness": -7.02382230758667,
      "mid_to_side_loudness_range": 10.509075164794922,
      "side_mean": -34.38848114013672
    },
    {
      "high_freq": 7314.1640625,
      "loudness": -33.71913528442383,
      "loudness_range": 17.284475326538086,
      "low_freq": 4349.24462890625,
      "mid_mean": -30.95699691772461,
      "mid_to_side_loudness": -7.5320963859558105,
      "mid_to_side_loudness_range": 11.479427337646484,
      "side_mean": -38.644561767578125
    },
    {
      "high_freq": 12199.2666015625,
      "loudness": -36.56608963012695,
      "loudness_range": 18.92066192626953,
      "low_freq": 7314.1640625,
      "mid_mean": -33.64189910888672,
      "mid_to_side_loudness": -8.533587455749512,
      "mid_to_side_loudness_range": 12.82852840423584,
      "side_mean": -42.60795593261719
    },
    {
      "loudness": -47.4843864440918,
      "loudness_range": 19.090713500976562,
      "low_freq": 12199.2666015625,
      "mid_mean": -44.80131530761719,
      "mid_to_side_loudness": -7.8263750076293945,
      "mid_to_side_loudness_range": 14.40904426574707,
      "side_mean": -53.46879196166992
    }
  ],
  "bandwidth": 835.974365234375,
  "channels": 2,
  "covariance": [
    [
      32.93100357055664,
      19.38875389099121,
      5.642766952514648,
      5.752537727355957,
      4.964789867401123,
      5.274534702301025,
      6.755703926086426,
      5.0874457359313965,
      10.21766185760498,
      8.384079933166504,
      8.589435577392578,
      8.738462448120117,
      8.25802230834961,
      7.629812717437744,
      7.39201021194458,
      7.321173191070557,
      8.54354476928711,
      14.605642318725586
    ],
    [
      19.38875389099121,
      54.69208908081055,
      5.3099493980407715,
      9.671085357666016,
      2.6221911907196045,
      4.477779388427734,
      10.36234188079834,
      9.826482772827148,
      13.04270076751709,
      11.304811477661133,
      12.430662155151367,
      11.565287590026855,
      10.701669692993164,
      10.566201210021973,
      9.353120803833008,
      9.207317352294922,
      6.688812255859375,
      11.793004989624023
    ],
    [
      5.642766952514648,
      5.3099493980407715,
      17.01806640625,
      8.961434364318848,
      5.669902801513672,
      3.320629119873047,
      1.0978907346725464,
      1.0107967853546143,
      3.805774211883545,
      4.10863733291626,
      7.080873489379883,
      5.784522533416748,
      7.331900119781494,
      5.2671637535095215,
      7.441841125488281,
      5.495832443237305,
      5.536359786987305,
      5.620359897613525
    ],
    [
      5.752537727355957,
      9.671085357666016,
      8.961434364318848,
      12.393467903137207,
      3.097724199295044,
      4.0196075439453125,
      1.4280154705047607,
      2.714541435241699,
      3.6563804149627686,
      4.341658115386963,
      4.955906391143799,
      4.68021297454834,
      3.8990721702575684,
      4.480686187744141,
      3.6672370433807373,
      4.948342323303223,
      2.540830373764038,
      5.080200672149658
    ],
    [
      4.964789867401123,
      2.6221911907196045,
      5.669902801513672,
      3.097724199295044,
      20.644968032836914,
      10.049600601196289,
      10.042948722839355,
      6.67990255355835,
      12.71668815612793,
      8.230147361755371,
      14.055761337280273,
      9.393681526184082,
      12.209051132202148,
      8.46271800994873,
      12.555618286132812,
      8.008953094482422,
      8.137102127075195,
      5.473405361175537
    ],
    [
      5.274534702301025,
      4.477779388427734,
      3.320629119873047,
      4.0196075439453125,
      10.049600601196289,
      11.972426414489746,
      5.787322998046875,
      6.940196514129639,
      8.010457992553711,
      8.52171802520752,
      9.03095531463623,
      8.6455717086792,
      7.066950798034668,
      8.184638023376465,
      5.386680603027344,
      6.161214351654053,
      3.7337687015533447,
      6.935081481933594
    ],
    [
      6.755703926086426,
      10.36234188079834,
      1.0978907346725464,
      1.4280154705047607,
      10.042948722839355,
      5.787322998046875,
      45.080631256103516,
      25.03059959411621,
      27.030332565307617,
      14.594200134277344,
      19.50848960876465,
      11.176358222961426,
      21.38262939453125,
      12.061012268066406,
      21.89995574951172,
      12.578856468200684,
      16.302066802978516,
      10.274802207946777
    ],
    [
      5.0874457359313965,
      9.826482772827148,
      1.0107967853546143,
      2.714541435241699,
      6.67990255355835,
      6.940196514129639,
      25.03059959411621,
      22.687698364257812,
      17.155197143554688,
      13.298727989196777,
      14.744894981384277,
      11.382845878601074,
      14.925457000732422,
      12.63890552520752,
      13.027107238769531,
      11.112112998962402,
      8.985857009887695,
      9.685406684875488
    ],
    [
      10.21766185760498,
      13.04270076751709,
      3.805774211883545,
      3.6563804149627686,
      12.71668815612793,
      8.010457992553711,
      27.030332565307617,
      17.155197143554688,
      43.94527053833008,
      24.413951873779297,
      28.643157958984375,
      18.78217315673828,
      26.910554885864258,
      16.983505249023438,
      24.587955474853516,
      14.37558364868164,
      16.705530166625977,
      10.049033164978027
    ],
    [
      8.384079933166504,
      11.304811477661133,
      4.10863733291626,
      4.341658115386963,
      8.230147361755371,
      8.52171802520752,
      14.594200134277344,
      13.298727989196777,
      24.413951873779297,
      20.612701416015625,
      18.84144401550293,
      16.82431411743164,
      16.954980850219727,
      15.334425926208496,
      13.757513999938965,
      12.149027824401855,
      9.65631103515625,
      10.380860328674316
    ],
    [
      8.589435577392578,
      12.430662155151367,
      7.080873489379883,
      4.955906391143799,
      14.055761337280273,
      9.03095531463623,
      19.50848960876465,
      14.744894981384277,
      28.643157958984375,
      18.84144401550293,
      31.423812866210938,
      21.455116271972656,
      25.168075561523438,
      19.109704971313477,
      22.70981216430664,
      16.33700942993164,
      14.88221263885498,
      12.43416976928711
    ],
    [
      8.738462448120117,
      11.565287590026855,
      5.784522533416748,
      4.68021297454834,
      9.393681526184082,
      8.6455717086792,
      11.176358222961426,
      11.382845878601074,
      18.78217315673828,
      16.82431411743164,
      21.455116271972656,
      21.00939178466797,
      18.321393966674805,
      18.441545486450195,
      14.963008880615234,
      14.88916301727295,
      10.03016185760498,
      12.342864036560059
    ],
    [
      8.25802230834961,
      10.701669692993164,
      7.331900119781494,
      3.8990721702575684,
      12.209051132202148,
      7.066950798034668,
      21.38262939453125,
      14.925457000732422,
      26.910554885864258,
      16.954980850219727,
      25.168075561523438,
      18.321393966674805,
      35.9488410949707,
      23.698293685913086,
      30.945022583007812,
      22.31004524230957,
      20.478395462036133,
      13.970532417297363
    ],
    [
      7.629812717437744,
      10.566201210021973,
      5.2671637535095215,
      4.480686187744141,
      8.46271800994873,
      8.184638023376465,
      12.061012268066406,
      12.63890552520752,
      16.983505249023438,
      15.334425926208496,
      19.109704971313477,
      18.441545486450195,
      23.698293685913086,
      26.79743766784668,
      19.19251251220703,
      22.116024017333984,
      13.244617462158203,
      16.724409103393555
    ],
    [
      7.39201021194458,
      9.353120803833008,
      7.441841125488281,
      3.6672370433807373,
      12.555618286132812,
      5.386680603027344,
      21.89995574951172,
      13.027107238769531,
      24.587955474853516,
      13.757513999938965,
      22.70981216430664,
      14.963008880615234,
      30.945022583007812,
      19.19251251220703,
      37.97565460205078,
      23.964696884155273,
      24.47956657409668,
      13.137147903442383
    ],
    [
      7.321173191070557,
      9.207317352294922,
      5.495832443237305,
      4.948342323303223,
      8.008953094482422,
      6.161214351654053,
      12.578856468200684,
      11.112112998962402,
      14.37558364868164,
      12.149027824401855,
      16.33700942993164,
      14.88916301727295,
      22.31004524230957,
      22.116024017333984,
      23.964696884155273,
      27.846691131591797,
      17.9851131439209,
      19.335609436035156
    ],
    [
      8.54354476928711,
      6.688812255859375,
      5.536359786987305,
      2.540830373764038,
      8.137102127075195,
      3.7337687015533447,
      16.302066802978516,
      8.985857009887695,
      16.705530166625977,
      9.65631103515625,
      14.88221263885498,
      10.03016185760498,
      20.478395462036133,
      13.244617462158203,
      24.47956657409668,
      17.9851131439209,
      30.424606323242188,
      25.36650848388672
    ],
    [
      14.605642318725586,
      11.793004989624023,
      5.620359897613525,
      5.080200672149658,
      5.473405361175537,
      6.935081481933594,
      10.274802207946777,
      9.685406684875488,
      10.049033164978027,
      10.380860328674316,
      12.43416976928711,
      12.342864036560059,
      13.970532417297363,
      16.724409103393555,
      13.137147903442383,
      19.335609436035156,
      25.36650848388672,
      52.021827697753906
    ]
  ],
  "covariance_short": [
    [
      51.85072708129883,
      33.643333435058594,
      12.525611877441406,
      9.645809173583984,
      4.822149753570557,
      5.674292087554932,
      5.679224491119385,
      5.80645227432251,
      8.800178527832031,
      8.108511924743652,
      8.638689041137695,
      8.920339584350586,
      8.036919593811035,
      8.157529830932617,
      6.763198375701904,
      8.045720100402832,
      8.494144439697266,
      16.286386489868164
    ],
    [
      33.643333435058594,
      88.01883697509766,
      11.813797950744629,
      16.060405731201172,
      4.818762302398682,
      5.868366241455078,
      12.408020973205566,
      12.677628517150879,
      15.142528533935547,
      13.767477035522461,
      15.989718437194824,
      14.565789222717285,
      13.549162864685059,
      12.432822227478027,
      10.331872940063477,
      10.904903411865234,
      7.264228343963623,
      16.400039672851562
    ],
    [
      12.525611877441406,
      11.813797950744629,
      22.323760986328125,
      10.010772705078125,
      6.583733558654785,
      4.45492696762085,
      2.8298399448394775,
      2.832096815109253,
      6.564298629760742,
      6.132303714752197,
      9.655795097351074,
      8.238354682922363,
      10.19515323638916,
      7.267872333526611,
      9.387653350830078,
      7.5166826248168945,
      6.337997913360596,
      6.033532619476318
    ],
    [
      9.645809173583984,
      16.060405731201172,
      10.010772705078125,
      16.81020736694336,
      3.6896774768829346,
      4.691854476928711,
      2.3716228008270264,
      4.024122714996338,
      4.721645832061768,
      5.5867414474487305,
      6.140027046203613,
      6.268136024475098,
      5.287044525146484,
      5.440450191497803,
      4.670751571655273,
      6.2954487800598145,
      2.9803762435913086,
      5.805606365203857
    ],
    [
      4.822149753570557,
      4.818762302398682,
      6.583733558654785,
      3.6896774768829346,
      25.104463577270508,
      9.773970603942871,
      10.670963287353516,
      6.9163079261779785,
      13.26196575164795,
      8.374486923217773,
      15.32507610321045,
      10.038134574890137,
      14.141931533813477,
      8.961871147155762,
      14.487418174743652,
      9.637716293334961,
      10.477307319641113,
      7.3818135261535645
    ],
    [
      5.674292087554932,
      5.868366241455078,
      4.45492696762085,
      4.691854476928711,
      9.773970603942871,
      14.01429557800293,
      5.413351535797119,
      6.775544166564941,
      7.630488872528076,
      8.35715389251709,
      9.154327392578125,
      9.143881797790527,
      7.743407249450684,
      8.281103134155273,
      5.768360137939453,
      7.30250358581543,
      4.772185325622559,
      8.07278823852539
    ],
    [
      5.679224491119385,
      12.408020973205566,
      2.8298399448394775,
      2.3716228008270264,
      10.670963287353516,
      5.413351535797119,
      51.240177154541016,
      25.78789520263672,
      29.635746002197266,
      15.749650955200195,
      21.775314331054688,
      12.11104965209961,
      25.088533401489258,
      13.402596473693848,
      26.159242630004883,
      15.04928207397461,
      20.60075569152832,
      10.505163192749023
    ],
    [
      5.80645227432251,
      12.677628517150879,
      2.832096815109253,
      4.024122714996338,
      6.9163079261779785,
      6.775544166564941,
      25.78789520263672,
      26.355792999267578,
      18.09687042236328,
      14.685851097106934,
      15.871706008911133,
      12.796732902526855,
      16.858293533325195,
      13.290635108947754,
      15.05383586883545,
      12.887771606445312,
      11.342778205871582,
      10.168448448181152
    ],
    [
      8.800178527832031,
      15.142528533935547,
      6.564298629760742,
      4.721645832061768,
      13.26196575164795,
      7.630488872528076,
      29.635746002197266,
      18.09687042236328,
      48.56754684448242,
      25.28415870666504,
      30.468177795410156,
      19.436790466308594,
      29.969654083251953,
      17.86446189880371,
      27.76445198059082,
      16.263118743896484,
      19.270591735839844,
      9.320404052734375
    ],
    [
      8.108511924743652,
      13.767477035522461,
      6.132303714752197,
      5.5867414474487305,
      8.374486923217773,
      8.35715389251709,
      15.749650955200195,
      14.685851097106934,
      25.28415870666504,
      24.090560913085938,
      20.161151885986328,
      18.34157943725586,
      18.925037384033203,
      16.283845901489258,
      15.566690444946289,
      14.026289939880371,
      11.125358581542969,
      10.697746276855469
    ],
    [
      8.638689041137695,
      15.989718437194824,
      9.655795097351074,
      6.140027046203613,
      15.32507610321045,
      9.154327392578125,
      21.775314331054688,
      15.871706008911133,
      30.468177795410156,
      20.161151885986328,
      36.31340026855469,
      23.38812255859375,
      29.400211334228516,
      20.68609619140625,
      26.561464309692383,
      19.078166961669922,
      18.53115463256836,
      13.287397384643555
    ],
    [
      8.920339584350586,
      14.565789222717285,
      8.238354682922363,
      6.268136024475098,
      10.038134574890137,
      9.143881797790527,
      12.11104965209961,
      12.796732902526855,
      19.436790466308594,
      18.34157943725586,
      23.38812255859375,
      24.566383361816406,
      20.637615203857422,
      19.568359375,
      17.128604888916016,
      17.315773010253906,
      12.160720825195312,
      13.629273414611816
    ],
    [
      8.036919593811035,
      13.549162864685059,
      10.19515323638916,
      5.287044525146484,
      14.141931533813477,
      7.743407249450684,
      25.088533401489258,
      16.858293533325195,
      29.969654083251953,
      18.925037384033203,
      29.400211334228516,
      20.637615203857422,
      43.4377326965332,
      27.068710327148438,
      37.718788146972656,
      26.543621063232422,
      27.517459869384766,
      17.40736961364746
    ],
    [
      8.157529830932617,
      12.432822227478027,
      7.267872333526611,
      5.440450191497803,
      8.961871147155762,
      8.281103134155273,
      13.402596473693848,
      13.290635108947754,
      17.86446189880371,
      16.283845901489258,
      20.68609619140625,
      19.568359375,
      27.068710327148438,
      29.354751586914062,
      22.873186111450195,
      25.18551254272461,
      17.165508270263672,
      19.138017654418945
    ],
    [
      6.763198375701904,
      10.331872940063477,
      9.387653350830078,
      4.670751571655273,
      14.487418174743652,
      5.768360137939453,
      26.159242630004883,
      15.05383586883545,
      27.76445198059082,
      15.566690444946289,
      26.561464309692383,
      17.128604888916016,
      37.718788146972656,
      22.873186111450195,
      48.80803298950195,
      30.076919555664062,
      33.838134765625,
      17.7120304107666
    ],
    [
      8.045720100402832,
      10.904903411865234,
      7.5166826248168945,
      6.2954487800598145,
      9.637716293334961,
      7.30250358581543,
      15.04928207397461,
      12.887771606445312,
      16.263118743896484,
      14.026289939880371,
      19.078166961669922,
      17.315773010253906,
      26.543621063232422,
      25.18551254272461,
      30.076919555664062,
      34.409664154052734,
      24.392623901367188,
      26.002668380737305
    ],
    [
      8.494144439697266,
      7.264228343963623,
      6.337997913360596,
      2.9803762435913086,
      10.477307319641113,
      4.772185325622559,
      20.60075569152832,
      11.342778205871582,
      19.270591735839844,
      11.125358581542969,
      18.53115463256836,
      12.160720825195312,
      27.517459869384766,
      17.165508270263672,
      33.838134765625,
      24.392623901367188,
      45.783958435058594,
      35.86087417602539
    ],
    [
      16.286386489868164,
      16.400039672851562,
      6.033532619476318,
      5.805606365203857,
      7.3818135261535645,
      8.07278823852539,
      10.505163192749023,
      10.168448448181152,
      9.320404052734375,
      10.697746276855469,
      13.287397384643555,
      13.629273414611816,
      17.40736961364746,
      19.138017654418945,
      17.7120304107666,
      26.002668380737305,
      35.86087417602539,
      63.809139251708984
    ]
  ],
  "damage": -7.041703224182129,
  "diff_bandwidth": 866.0527954101562,
  "dissonance": 8.480333296936632,
  "drr": 13.721797943115234,
  "dynamics": 3.544379472732544,
  "format": 1245190,
  "frames": 12241856,
  "loudness": -13.488401412963867,
  "loudness_range": 9.944636344909668,
  "loudness_range_short": 11.015493392944336,
  "lowpass_true_peak_15khz": 0.6925486326217651,
  "mastering3_acoustic_entropies": [
    {
      "acoustic_entropy": 8.659570693969727,
      "acoustic_entropy_mono": 8.832615852355957,
      "band_eliminated_acoustic_entropies": [
        {
          "acoustic_entropy": 8.637568473815918,
          "acoustic_entropy_side": 8.659597396850586,
          "hz": 129.47220167065723
        },
        {
          "acoustic_entropy": 8.656147956848145,
          "acoustic_entropy_side": 8.659504890441895,
          "hz": 202.92927478742237
        },
        {
          "acoustic_entropy": 8.991058349609375,
          "acoustic_entropy_side": 8.666482925415039,
          "hz": 282.89161906338205
        },
        {
          "acoustic_entropy": 9.347870826721191,
          "acoustic_entropy_side": 8.662520408630371,
          "hz": 369.9353335868758
        },
        {
          "acoustic_entropy": 9.011773109436035,
          "acoustic_entropy_side": 8.634502410888672,
          "hz": 464.6875360973435
        },
        {
          "acoustic_entropy": 8.440596580505371,
          "acoustic_entropy_side": 8.666657447814941,
          "hz": 567.8308811364784
        },
        {
          "acoustic_entropy": 8.680113792419434,
          "acoustic_entropy_side": 8.695669174194336,
          "hz": 680.1084783214808
        },
        {
          "acoustic_entropy": 9.097180366516113,
          "acoustic_entropy_side": 8.767969131469727,
          "hz": 802.3292461747484
        },
        {
          "acoustic_entropy": 8.539161682128906,
          "acoustic_entropy_side": 8.65809440612793,
          "hz": 935.3737400823702
        },
        {
          "acoustic_entropy": 8.767439842224121,
          "acoustic_entropy_side": 8.674543380737305,
          "hz": 1080.2004963696966
        },
        {
          "acoustic_entropy": 9.067473411560059,
          "acoustic_entropy_side": 8.689658164978027,
          "hz": 1237.8529382007157
        },
        {
          "acoustic_entropy": 8.816332817077637,
          "acoustic_entropy_side": 8.54146957397461,
          "hz": 1409.4668930556702
        },
        {
          "acoustic_entropy": 8.7659273147583,
          "acoustic_entropy_side": 8.624850273132324,
          "hz": 1596.2787759475705
        },
        {
          "acoustic_entropy": 8.663972854614258,
          "acoustic_entropy_side": 8.675825119018555,
          "hz": 1799.6344973346393
        },
        {
          "acoustic_entropy": 9.177290916442871,
          "acoustic_entropy_side": 8.606691360473633,
          "hz": 2020.9991599069049
        },
        {
          "acoustic_entropy": 8.698938369750977,
          "acoustic_entropy_side": 8.667435646057129,
          "hz": 2261.9676141086993
        },
        {
          "acoustic_entropy": 8.636835098266602,
          "acoustic_entropy_side": 8.651273727416992,
          "hz": 2524.2759484456974
        },
        {
          "acoustic_entropy": 7.676673412322998,
          "acoustic_entropy_side": 8.607126235961914,
          "hz": 2809.813997359896
        },
        {
          "acoustic_entropy": 8.400886535644531,
          "acoustic_entropy_side": 8.629899978637695,
          "hz": 3120.6389567871424
        },
        {
          "acoustic_entropy": 8.642998695373535,
          "acoustic_entropy_side": 8.6494722366333,
          "hz": 3458.990205492291
        },
        {
          "acoustic_entropy": 8.627066612243652,
          "acoustic_entropy_side": 8.657637596130371,
          "hz": 3827.305438964164
        },
        {
          "acoustic_entropy": 8.649547576904297,
          "acoustic_entropy_side": 8.650404930114746,
          "hz": 4228.238232109126
        },
        {
          "acoustic_entropy": 8.542455673217773,
          "acoustic_entropy_side": 8.642414093017578,
          "hz": 4664.6771572759235
        },
        {
          "acoustic_entropy": 8.638111114501953,
          "acoustic_entropy_side": 8.645834922790527,
          "hz": 5139.766595350093
        },
        {
          "acoustic_entropy": 8.624192237854004,
          "acoustic_entropy_side": 8.649415969848633,
          "hz": 5656.929389854203
        },
        {
          "acoustic_entropy": 8.49836540222168,
          "acoustic_entropy_side": 8.64810848236084,
          "hz": 6219.891507268283
        },
        {
          "acoustic_entropy": 8.483840942382812,
          "acoustic_entropy_side": 8.65009880065918,
          "hz": 6832.70888123896
        },
        {
          "acoustic_entropy": 8.488444328308105,
          "acoustic_entropy_side": 8.656661987304688,
          "hz": 7499.796634079867
        },
        {
          "acoustic_entropy": 8.515130043029785,
          "acoustic_entropy_side": 8.662877082824707,
          "hz": 8225.96088609342
        },
        {
          "acoustic_entropy": 8.50601577758789,
          "acoustic_entropy_side": 8.658982276916504,
          "hz": 9016.43338188839
        },
        {
          "acoustic_entropy": 8.544755935668945,
          "acoustic_entropy_side": 8.65268611907959,
          "hz": 9876.909183162974
        },
        {
          "acoustic_entropy": 8.591537475585938,
          "acoustic_entropy_side": 8.654106140136719,
          "hz": 10813.587699516042
        },
        {
          "acoustic_entropy": 8.646223068237305,
          "acoustic_entropy_side": 8.65572738647461,
          "hz": 11833.21735289826
        },
        {
          "acoustic_entropy": 8.664189338684082,
          "acoustic_entropy_side": 8.657862663269043,
          "hz": 12943.144197493959
        },
        {
          "acoustic_entropy": 8.66552734375,
          "acoustic_entropy_side": 8.65896224975586,
          "hz": 14151.364845322005
        },
        {
          "acoustic_entropy": 8.660989761352539,
          "acoustic_entropy_side": 8.6592435836792,
          "hz": 15466.58407886509
        },
        {
          "acoustic_entropy": 8.66257095336914,
          "acoustic_entropy_side": 8.65962028503418,
          "hz": 16898.27756580493
        },
        {
          "acoustic_entropy": 8.661370277404785,
          "acoustic_entropy_side": 8.65958309173584,
          "hz": 18456.760127700032
        },
        {
          "acoustic_entropy": 8.660094261169434,
          "acoustic_entropy_side": 8.659533500671387,
          "hz": 20153.260054456492
        },
        {
          "acoustic_entropy": 8.659982681274414,
          "acoustic_entropy_side": 8.659485816955566,
          "hz": 22000.00000000001
        }
      ],
      "diff_acoustic_entropy": 5.111568927764893,
      "sn": 6
    },
    {
      "acoustic_entropy": 11.927852630615234,
      "acoustic_entropy_mono": 12.441085815429688,
      "band_eliminated_acoustic_entropies": [
        {
          "acoustic_entropy": 11.953471183776855,
          "acoustic_entropy_side": 11.925506591796875,
          "hz": 129.47220167065723
        },
        {
          "acoustic_entropy": 11.682926177978516,
          "acoustic_entropy_side": 11.917505264282227,
          "hz": 202.92927478742237
        },
        {
          "acoustic_entropy": 12.292388916015625,
          "acoustic_entropy_side": 11.709001541137695,
          "hz": 282.89161906338205
        },
        {
          "acoustic_entropy": 13.564334869384766,
          "acoustic_entropy_side": 12.02362060546875,
          "hz": 369.9353335868758
        },
        {
          "acoustic_entropy": 12.842789649963379,
          "acoustic_entropy_side": 12.010316848754883,
          "hz": 464.6875360973435
        },
        {
          "acoustic_entropy": 11.483894348144531,
          "acoustic_entropy_side": 11.76828670501709,
          "hz": 567.8308811364784
        },
        {
          "acoustic_entropy": 11.85942268371582,
          "acoustic_entropy_side": 11.792298316955566,
          "hz": 680.1084783214808
        },
        {
          "acoustic_entropy": 13.17409610748291,
          "acoustic_entropy_side": 12.458080291748047,
          "hz": 802.3292461747484
        },
        {
          "acoustic_entropy": 12.298776626586914,
          "acoustic_entropy_side": 12.129958152770996,
          "hz": 935.3737400823702
        },
        {
          "acoustic_entropy": 13.066349983215332,
          "acoustic_entropy_side": 12.03419303894043,
          "hz": 1080.2004963696966
        },
        {
          "acoustic_entropy": 11.71263313293457,
          "acoustic_entropy_side": 12.081853866577148,
          "hz": 1237.8529382007157
        },
        {
          "acoustic_entropy": 12.99043083190918,
          "acoustic_entropy_side": 12.115567207336426,
          "hz": 1409.4668930556702
        },
        {
          "acoustic_entropy": 12.5807523727417,
          "acoustic_entropy_side": 12.040703773498535,
          "hz": 1596.2787759475705
        },
        {
          "acoustic_entropy": 11.991748809814453,
          "acoustic_entropy_side": 11.86671257019043,
          "hz": 1799.6344973346393
        },
        {
          "acoustic_entropy": 12.711176872253418,
          "acoustic_entropy_side": 12.105245590209961,
          "hz": 2020.9991599069049
        },
        {
          "acoustic_entropy": 12.29517936706543,
          "acoustic_entropy_side": 12.089818954467773,
          "hz": 2261.9676141086993
        },
        {
          "acoustic_entropy": 11.941466331481934,
          "acoustic_entropy_side": 11.987868309020996,
          "hz": 2524.2759484456974
        },
        {
          "acoustic_entropy": 11.577492713928223,
          "acoustic_entropy_side": 11.950583457946777,
          "hz": 2809.813997359896
        },
        {
          "acoustic_entropy": 12.063182830810547,
          "acoustic_entropy_side": 11.980916023254395,
          "hz": 3120.6389567871424
        },
        {
          "acoustic_entropy": 11.868132591247559,
          "acoustic_entropy_side": 11.954108238220215,
          "hz": 3458.990205492291
        },
        {
          "acoustic_entropy": 12.078954696655273,
          "acoustic_entropy_side": 11.9409818649292,
          "hz": 3827.305438964164
        },
        {
          "acoustic_entropy": 12.016242027282715,
          "acoustic_entropy_side": 11.890267372131348,
          "hz": 4228.238232109126
        },
        {
          "acoustic_entropy": 11.432622909545898,
          "acoustic_entropy_side": 11.866889953613281,
          "hz": 4664.6771572759235
        },
        {
          "acoustic_entropy": 11.409774780273438,
          "acoustic_entropy_side": 11.841974258422852,
          "hz": 5139.766595350093
        },
        {
          "acoustic_entropy": 12.006806373596191,
          "acoustic_entropy_side": 11.906469345092773,
          "hz": 5656.929389854203
        },
        {
          "acoustic_entropy": 11.914801597595215,
          "acoustic_entropy_side": 11.947793960571289,
          "hz": 6219.891507268283
        },
        {
          "acoustic_entropy": 11.747519493103027,
          "acoustic_entropy_side": 11.96192455291748,
          "hz": 6832.70888123896
        },
        {
          "acoustic_entropy": 11.971941947937012,
          "acoustic_entropy_side": 11.986128807067871,
          "hz": 7499.796634079867
        },
        {
          "acoustic_entropy": 11.974472999572754,
          "acoustic_entropy_side": 11.986116409301758,
          "hz": 8225.96088609342
        },
        {
          "acoustic_entropy": 11.842021942138672,
          "acoustic_entropy_side": 11.976752281188965,
          "hz": 9016.43338188839
        },
        {
          "acoustic_entropy": 11.8563871383667,
          "acoustic_entropy_side": 11.94571304321289,
          "hz": 9876.909183162974
        },
        {
          "acoustic_entropy": 11.712092399597168,
          "acoustic_entropy_side": 11.898971557617188,
          "hz": 10813.587699516042
        },
        {
          "acoustic_entropy": 11.479227066040039,
          "acoustic_entropy_side": 11.932043075561523,
          "hz": 11833.21735289826
        },
        {
          "acoustic_entropy": 11.50643539428711,
          "acoustic_entropy_side": 11.854338645935059,
          "hz": 12943.144197493959
        },
        {
          "acoustic_entropy": 11.694978713989258,
          "acoustic_entropy_side": 11.871806144714355,
          "hz": 14151.364845322005
        },
        {
          "acoustic_entropy": 11.79698657989502,
          "acoustic_entropy_side": 11.905062675476074,
          "hz": 15466.58407886509
        },
        {
          "acoustic_entropy": 11.79666519165039,
          "acoustic_entropy_side": 11.913443565368652,
          "hz": 16898.27756580493
        },
        {
          "acoustic_entropy": 11.761300086975098,
          "acoustic_entropy_side": 11.886987686157227,
          "hz": 18456.760127700032
        },
        {
          "acoustic_entropy": 11.767277717590332,
          "acoustic_entropy_side": 11.869690895080566,
          "hz": 20153.260054456492
        },
        {
          "acoustic_entropy": 11.817622184753418,
          "acoustic_entropy_side": 11.898128509521484,
          "hz": 22000.00000000001
        }
      ],
      "diff_acoustic_entropy": 7.732780933380127,
      "sn": 12
    },
    {
      "acoustic_entropy": 18.53616714477539,
      "acoustic_entropy_mono": 18.368398666381836,
      "band_eliminated_acoustic_entropies": [
        {
          "acoustic_entropy": 18.78129005432129,
          "acoustic_entropy_side": 18.73091697692871,
          "hz": 129.47220167065723
        },
        {
          "acoustic_entropy": 19.340185165405273,
          "acoustic_entropy_side": 18.458744049072266,
          "hz": 202.92927478742237
        },
        {
          "acoustic_entropy": 18.221385955810547,
          "acoustic_entropy_side": 17.970653533935547,
          "hz": 282.89161906338205
        },
        {
          "acoustic_entropy": 18.311708450317383,
          "acoustic_entropy_side": 18.577655792236328,
          "hz": 369.9353335868758
        },
        {
          "acoustic_entropy": 18.47756004333496,
          "acoustic_entropy_side": 18.7387752532959,
          "hz": 464.6875360973435
        },
        {
          "acoustic_entropy": 18.393295288085938,
          "acoustic_entropy_side": 18.96422576904297,
          "hz": 567.8308811364784
        },
        {
          "acoustic_entropy": 19.319978713989258,
          "acoustic_entropy_side": 18.457744598388672,
          "hz": 680.1084783214808
        },
        {
          "acoustic_entropy": 17.13186264038086,
          "acoustic_entropy_side": 18.058237075805664,
          "hz": 802.3292461747484
        },
        {
          "acoustic_entropy": 18.926376342773438,
          "acoustic_entropy_side": 19.330650329589844,
          "hz": 935.3737400823702
        },
        {
          "acoustic_entropy": 17.6531982421875,
          "acoustic_entropy_side": 18.13526153564453,
          "hz": 1080.2004963696966
        },
        {
          "acoustic_entropy": 18.475194931030273,
          "acoustic_entropy_side": 18.258100509643555,
          "hz": 1237.8529382007157
        },
        {
          "acoustic_entropy": 17.75754737854004,
          "acoustic_entropy_side": 17.57065773010254,
          "hz": 1409.4668930556702
        },
        {
          "acoustic_entropy": 19.120519638061523,
          "acoustic_entropy_side": 18.89379119873047,
          "hz": 1596.2787759475705
        },
        {
          "acoustic_entropy": 17.9567813873291,
          "acoustic_entropy_side": 18.522672653198242,
          "hz": 1799.6344973346393
        },
        {
          "acoustic_entropy": 18.89183807373047,
          "acoustic_entropy_side": 18.142457962036133,
          "hz": 2020.9991599069049
        },
        {
          "acoustic_entropy": 17.972902297973633,
          "acoustic_entropy_side": 18.645673751831055,
          "hz": 2261.9676141086993
        },
        {
          "acoustic_entropy": 18.171955108642578,
          "acoustic_entropy_side": 18.499359130859375,
          "hz": 2524.2759484456974
        },
        {
          "acoustic_entropy": 18.22185707092285,
          "acoustic_entropy_side": 18.358936309814453,
          "hz": 2809.813997359896
        },
        {
          "acoustic_entropy": 18.615825653076172,
          "acoustic_entropy_side": 18.67039680480957,
          "hz": 3120.6389567871424
        },
