{
  "acoustic_entropy": 121.5610580444336,
  "bands": [
    {
      "high_freq": 148.1999969482422,
      "loudness": -29.100719451904297,
      "loudness_range": 11.814088821411133,
      "mid_mean": -25.405515670776367,
      "mid_to_side_loudness": -55.09496307373047,
      "mid_to_side_loudness_range": 66.38235473632812,
      "side_mean": -69.9999008178711
    },
    {
      "high_freq": 392.3793640136719,
      "loudness": -27.416362762451172,
      "loudness_range": 8.535079956054688,
      "low_freq": 148.1999969482422,
      "mid_mean": -23.714923858642578,
      "mid_to_side_loudness": -45.382476806640625,
      "mid_to_side_loudness_range": 38.53614807128906,
      "side_mean": -69.99998474121094
    },
    {
      "high_freq": 794.6976318359375,
      "loudness": -28.126901626586914,
      "loudness_range": 13.886781692504883,
      "low_freq": 392.3793640136719,
      "mid_mean": -24.425336837768555,
      "mid_to_side_loudness": -33.58464050292969,
      "mid_to_side_loudness_range": 41.89017868041992,
      "side_mean": -69.9999771118164
    },
    {
      "high_freq": 1457.5709228515625,
      "loudness": -34.091285705566406,
      "loudness_range": 17.39904022216797,
      "low_freq": 794.6976318359375,
      "mid_mean": -30.388935089111328,
      "mid_to_side_loudness": -67.43206024169922,
      "mid_to_side_loudness_range": 44.914947509765625,
      "side_mean": -69.99978637695312
    },
    {
      "high_freq": 2549.74365234375,
      "loudness": -39.21595001220703,
      "loudness_range": 14.235700607299805,
      "low_freq": 1457.5709228515625,
      "mid_mean": -35.51828384399414,
      "mid_to_side_loudness": -65.58477020263672,
      "mid_to_side_loudness_range": 24.918468475341797,
      "side_mean": -69.99913024902344
    },
    {
      "high_freq": 4349.24462890625,
      "loudness": -45.90718078613281,
      "loudness_range": 11.060062408447266,
      "low_freq": 2549.74365234375,
      "mid_mean": -42.202392578125,
      "mid_to_side_loudness": -55.4297981262207,
      "mid_to_side_loudness_range": 27.809551239013672,
      "side_mean": -69.98882293701172
    },
    {
      "high_freq": 7314.1640625,
      "loudness": -47.69058609008789,
      "loudness_range": 11.395519256591797,
      "low_freq": 4349.24462890625,
      "mid_mean": -43.98173904418945,
      "mid_to_side_loudness": -51.3228759765625,
      "mid_to_side_loudness_range": 31.961885452270508,
      "side_mean": -69.98505401611328
    },
    {
      "high_freq": 12199.2666015625,
      "loudness": -51.66151428222656,
      "loudness_range": 12.0286865234375,
      "low_freq": 7314.1640625,
      "mid_mean": -47.92689895629883,
      "mid_to_side_loudness": -41.219051361083984,
      "mid_to_side_loudness_range": 21.933652877807617,
      "side_mean": -69.9686279296875
    },
    {
      "loudness": -60.479591369628906,
      "loudness_range": 9.746334075927734,
      "low_freq": 12199.2666015625,
      "mid_mean": -56.56641387939453,
      "mid_to_side_loudness": -36.340354919433594,
      "mid_to_side_loudness_range": 21.68927574157715,
      "side_mean": -69.98040008544922
    }
  ],
  "bands_short": [
    {
      "high_freq": 148.1999969482422,
      "loudness": -32.85511779785156,
      "loudness_range": 19.866052627563477,
      "mid_mean": -29.15458106994629,
      "mid_to_side_loudness": -68.02190399169922,
      "mid_to_side_loudness_range": 29.810447692871094,
      "side_mean": -69.9999008178711
    },
    {
      "high_freq": 392.3793640136719,
      "loudness": -28.49447250366211,
      "loudness_range": 13.538742065429688,
      "low_freq": 148.1999969482422,
      "mid_mean": -24.796113967895508,
      "mid_to_side_loudness": -42.69881820678711,
      "mid_to_side_loudness_range": 35.49517059326172,
      "side_mean": -69.99998474121094
    },
    {
      "high_freq": 794.6976318359375,
      "loudness": -29.387685775756836,
      "loudness_range": 18.922664642333984,
      "low_freq": 392.3793640136719,
      "mid_mean": -25.694150924682617,
      "mid_to_side_loudness": -39.5720329284668,
      "mid_to_side_loudness_range": 41.014892578125,
      "side_mean": -69.9999771118164
    },
    {
      "high_freq": 1457.5709228515625,
      "loudness": -35.802303314208984,
      "loudness_range": 21.526123046875,
      "low_freq": 794.6976318359375,
      "mid_mean": -32.10616683959961,
      "mid_to_side_loudness": -52.744049072265625,
      "mid_to_side_loudness_range": 44.46537780761719,
      "side_mean": -69.99979400634766
    },
    {
      "high_freq": 2549.74365234375,
      "loudness": -41.32315444946289,
      "loudness_range": 18.60242462158203,
      "low_freq": 1457.5709228515625,
      "mid_mean": -37.6153678894043,
      "mid_to_side_loudness": -53.3643798828125,
      "mid_to_side_loudness_range": 27.337108612060547,
      "side_mean": -69.99917602539062
    },
    {
      "high_freq": 4349.24462890625,
      "loudness": -47.3126220703125,
      "loudness_range": 14.865325927734375,
      "low_freq": 2549.74365234375,
      "mid_mean": -43.60633850097656,
      "mid_to_side_loudness": -48.060585021972656,
      "mid_to_side_loudness_range": 28.908893585205078,
      "side_mean": -69.99198913574219
    },
    {
      "high_freq": 7314.1640625,
      "loudness": -49.901023864746094,
      "loudness_range": 16.66085433959961,
      "low_freq": 4349.24462890625,
      "mid_mean": -46.242313385009766,
      "mid_to_side_loudness": -44.2408561706543,
      "mid_to_side_loudness_range": 34.601558685302734,
      "side_mean": -69.9886245727539
    },
    {
      "high_freq": 12199.2666015625,
      "loudness": -54.97748565673828,
      "loudness_range": 19.958820343017578,
      "low_freq": 7314.1640625,
      "mid_mean": -51.22922897338867,
      "mid_to_side_loudness": -35.8920783996582,
      "mid_to_side_loudness_range": 24.314010620117188,
      "side_mean": -69.97122955322266
    },
    {
      "loudness": -62.524810791015625,
      "loudness_range": 13.6466064453125,
      "low_freq": 12199.2666015625,
      "mid_mean": -58.4484748840332,
      "mid_to_side_loudness": -31.179988861083984,
      "mid_to_side_loudness_range": 17.300533294677734,
      "side_mean": -69.98041534423828
    }
  ],
  "bandwidth": 468.4212951660156,
  "channels": 2,
  "covariance": [
    [
      17.335851669311523,
      0.00023060402600094676,
      2.8749406337738037,
      -4.9059639422921464e-05,
      -0.04558650776743889,
      -0.00012257833441253752,
      -2.4533140659332275,
      -0.0007433443679474294,
      -1.8013782501220703,
      -0.0014924330171197653,
      1.2556201219558716,
      0.005140225403010845,
      1.985730528831482,
      -0.01597735285758972,
      2.7072479724884033,
      -0.01083076000213623,
      1.3081765174865723,
      -0.0021152112167328596
    ],
    [
      0.00023060402600094676,
      3.1015932222544507e-07,
      -4.901034844806418e-05,
      1.3979883917158986e-09,
      9.437867993256077e-05,
      2.2232879981487486e-09,
      3.6232751881470904e-05,
      -7.510925215115094e-09,
      -2.569439857325051e-05,
      -3.3063468407590335e-08,
      -4.8062705900520086e-05,
      -9.535517051517672e-07,
      -2.4223059881478548e-05,
      -1.194155402117758e-06,
      -4.674806859839009e-06,
      -1.8745088254945586e-06,
      -1.330809755017981e-05,
      -8.60634827404283e-07
    ],
    [
      2.8749406337738037,
      -4.901034844806418e-05,
      8.904139518737793,
      2.399242112005595e-05,
      5.107547283172607,
      -1.8048363926936872e-05,
      0.8288336992263794,
      -0.00029829260893166065,
      4.256612300872803,
      -0.001466377405449748,
      4.2160797119140625,
      -0.004759158473461866,
      3.091864824295044,
      -0.011678909882903099,
      2.6285152435302734,
      -0.017490429803729057,
      1.570669174194336,
      -0.012873023748397827
    ],
    [
      -4.9059639422921464e-05,
      1.3979883917158986e-09,
      2.399242112005595e-05,
      3.575195961502686e-08,
      -8.803912351140752e-06,
      2.541461086025265e-08,
      -3.417041079956107e-05,
      4.3287268880476404e-08,
      -6.63610189803876e-05,
      1.2546762206966378e-07,
      2.5721421479829587e-05,
      1.8316684702313069e-07,
      1.5577137673972175e-05,
      4.1450351773164584e-07,
      -9.331248293165118e-05,
      9.744487670104718e-07,
      -3.5234530514571816e-05,
      3.3213959227396117e-07
    ],
    [
      -0.04558650776743889,
      9.437867993256077e-05,
      5.107547283172607,
      -8.803912351140752e-06,
      23.98139190673828,
      -1.8729293515207246e-05,
      -0.08100096136331558,
      -0.0007149963057599962,
      9.449645042419434,
      -0.0013843905180692673,
      2.5573694705963135,
      -0.01811625063419342,
      1.1004042625427246,
      -0.0039952341467142105,
      1.1245099306106567,
      -0.017669813707470894,
      0.7083206176757812,
      -0.0179989542812109
    ],
    [
      -0.00012257833441253752,
      2.2232879981487486e-09,
      -1.8048363926936872e-05,
      2.541461086025265e-08,
      -1.8729293515207246e-05,
      5.020543270006783e-08,
      -4.916747275274247e-05,
      8.92137492769507e-08,
      -0.00010752797970781103,
      2.232911668897941e-07,
      -7.042320248729084e-06,
      3.5534367270884104e-07,
      -3.240934165660292e-05,
      8.046459356592095e-07,
      -0.00020929270249325782,
      1.5912862636469072e-06,
      -8.13134029158391e-05,
      7.303491429411224e-07
    ],
    [
      -2.4533140659332275,
      3.6232751881470904e-05,
      0.8288336992263794,
      -3.417041079956107e-05,
      -0.08100096136331558,
      -4.916747275274247e-05,
      34.574790954589844,
      -0.00016848818631842732,
      12.0643310546875,
      -0.0027824726421386003,
      3.762932062149048,
      -0.03215761482715607,
      1.4834344387054443,
      -0.021312464028596878,
      1.8816747665405273,
      -0.059065308421850204,
      1.6433411836624146,
      -0.03698640316724777
    ],
    [
      -0.0007433443679474294,
      -7.510925215115094e-09,
      -0.00029829260893166065,
      4.3287268880476404e-08,
      -0.0007149963057599962,
      8.92137492769507e-08,
      -0.00016848818631842732,
      2.487699930497911e-06,
      -0.0007017485913820565,
      6.250228125281865e-06,
      -0.0002477584348525852,
      4.226070814183913e-06,
      -0.00030459396657533944,
      1.5439060007338412e-05,
      -0.0007505598478019238,
      2.1453599401866086e-05,
      -0.00043042495963163674,
      7.819397069397382e-06
    ],
    [
      -1.8013782501220703,
      -2.569439857325051e-05,
      4.256612300872803,
      -6.63610189803876e-05,
      9.449645042419434,
      -0.00010752797970781103,
      12.0643310546875,
      -0.0007017485913820565,
      22.381765365600586,
      -0.0025988873094320297,
      6.616697311401367,
      -0.028830600902438164,
      3.616069793701172,
      -0.021404720842838287,
      3.5408520698547363,
      -0.043658334761857986,
      2.539196729660034,
      -0.02930234931409359
    ],
    [
      -0.0014924330171197653,
      -3.3063468407590335e-08,
      -0.001466377405449748,
      1.2546762206966378e-07,
      -0.0013843905180692673,
      2.232911668897941e-07,
      -0.0027824726421386003,
      6.250228125281865e-06,
      -0.0025988873094320297,
      3.198510967195034e-05,
      -0.0012020933208987117,
      2.111144749505911e-05,
      -0.0012513274559751153,
      0.0001067235425580293,
      -0.002372663700953126,
      0.00013495434541255236,
      -0.0013422195333987474,
      3.688127617351711e-05
    ],
    [
      1.2556201219558716,
      -4.8062705900520086e-05,
      4.2160797119140625,
      2.5721421479829587e-05,
      2.5573694705963135,
      -7.042320248729084e-06,
      3.762932062149048,
      -0.0002477584348525852,
      6.616697311401367,
      -0.0012020933208987117,
      13.604598045349121,
      -0.007607646286487579,
      13.370807647705078,
      -0.0049251168966293335,
      12.878849029541016,
      -0.021435435861349106,
      8.139839172363281,
      -0.01656511425971985
    ],
    [
      0.005140225403010845,
      -9.535517051517672e-07,
      -0.004759158473461866,
      1.8316684702313069e-07,
      -0.01811625063419342,
      3.5534367270884104e-07,
      -0.03215761482715607,
      4.226070814183913e-06,
      -0.028830600902438164,
      2.111144749505911e-05,
      -0.007607646286487579,
      0.009484530426561832,
      -0.010448242537677288,
      0.0063667576760053635,
      -0.012034747749567032,
      0.005230878479778767,
      -0.007864993996918201,
      0.0013444690266624093
    ],
    [
      1.985730528831482,
      -2.4223059881478548e-05,
      3.091864824295044,
      1.5577137673972175e-05,
      1.1004042625427246,
      -3.240934165660292e-05,
      1.4834344387054443,
      -0.00030459396657533944,
      3.616069793701172,
      -0.0012513274559751153,
      13.370807647705078,
      -0.010448242537677288,
      17.49617576599121,
      -0.003278612159192562,
      17.74827003479004,
      -0.02166523039340973,
      11.33713436126709,
      -0.01484413631260395
    ],
    [
      -0.01597735285758972,
      -1.194155402117758e-06,
      -0.011678909882903099,
      4.1450351773164584e-07,
      -0.0039952341467142105,
      8.046459356592095e-07,
      -0.021312464028596878,
      1.5439060007338412e-05,
      -0.021404720842838287,
      0.0001067235425580293,
      -0.0049251168966293335,
      0.0063667576760053635,
      -0.003278612159192562,
      0.009895521216094494,
      -0.005007222294807434,
      0.006932319141924381,
      -0.0014640515437349677,
      0.0010010553523898125
    ],
    [
      2.7072479724884033,
      -4.674806859839009e-06,
      2.6285152435302734,
      -9.331248293165118e-05,
      1.1245099306106567,
      -0.00020929270249325782,
      1.8816747665405273,
      -0.0007505598478019238,
      3.5408520698547363,
      -0.002372663700953126,
      12.878849029541016,
      -0.012034747749567032,
      17.74827003479004,
      -0.005007222294807434,
      21.311199188232422,
      -0.02589874342083931,
      13.796762466430664,
      -0.015837496146559715
    ],
    [
      -0.01083076000213623,
      -1.8745088254945586e-06,
      -0.017490429803729057,
      9.744487670104718e-07,
      -0.017669813707470894,
      1.5912862636469072e-06,
      -0.059065308421850204,
      2.1453599401866086e-05,
      -0.043658334761857986,
      0.00013495434541255236,
      -0.021435435861349106,
      0.005230878479778767,
      -0.02166523039340973,
      0.006932319141924381,
      -0.02589874342083931,
      0.006527781020849943,
      -0.014433007687330246,
      0.0016407340299338102
    ],
    [
      1.3081765174865723,
      -1.330809755017981e-05,
      1.570669174194336,
      -3.5234530514571816e-05,
      0.7083206176757812,
      -8.13134029158391e-05,
      1.6433411836624146,
      -0.00043042495963163674,
      2.539196729660034,
      -0.0013422195333987474,
      8.139839172363281,
      -0.007864993996918201,
      11.33713436126709,
      -0.0014640515437349677,
      13.796762466430664,
      -0.014433007687330246,
      10.988165855407715,
      -0.007032840512692928
    ],
    [
      -0.0021152112167328596,
      -8.60634827404283e-07,
      -0.012873023748397827,
      3.3213959227396117e-07,
      -0.0179989542812109,
      7.303491429411224e-07,
      -0.03698640316724777,
      7.819397069397382e-06,
      -0.02930234931409359,
      3.688127617351711e-05,
      -0.01656511425971985,
      0.0013444690266624093,
      -0.01484413631260395,
      0.0010010553523898125,
      -0.015837496146559715,
      0.0016407340299338102,
      -0.007032840512692928,
      0.0011581337312236428
    ]
  ],
  "covariance_short": [
    [
      44.538047790527344,
      0.0006466193008236587,
      13.723526000976562,
      -6.360522820614278e-05,
      2.956433057785034,
      -0.0001702415756881237,
      2.2864620685577393,
      -0.0008210198138840497,
      2.236575126647949,
      -0.002152921399101615,
      6.976792335510254,
      0.004328454378992319,
      8.137194633483887,
      -0.005437060724943876,
      8.24045467376709,
      -0.014345137402415276,
      5.700150966644287,
      -0.002913776785135269
    ],
    [
      0.0006466193008236587,
      1.6809336784717743e-06,
      5.80927990085911e-05,
      4.985960533332445e-09,
      0.00010474277223693207,
      1.2707135343958953e-09,
      4.036316749989055e-05,
      -1.0683810280909256e-08,
      2.801440132316202e-05,
      -4.6061522596119175e-08,
      1.467566289647948e-05,
      -6.617419217036513e-07,
      4.4635562517214566e-05,
      -9.126592317443283e-07,
      6.798341928515583e-05,
      -1.6610042621323373e-06,
      3.4240940294694155e-05,
      -8.22555705326522e-07
    ],
    [
      13.723526000976562,
      5.80927990085911e-05,
      22.993988037109375,
      4.244969750288874e-05,
      11.709765434265137,
      -0.00010355857375543565,
      8.743616104125977,
      -0.0007886188104748726,
      11.288382530212402,
      -0.002838510787114501,
      10.11453628540039,
      0.005063085351139307,
      9.019512176513672,
      -0.0006927601643837988,
      9.157430648803711,
      -0.021397432312369347,
      6.791801452636719,
      -0.018179431557655334
    ],
    [
      -6.360522820614278e-05,
      4.985960533332445e-09,
      4.244969750288874e-05,
      2.1649469772455632e-07,
      1.25640258374915e-06,
      4.9903288612540564e-08,
      -1.5440406059497036e-05,
      4.3211176858903855e-08,
      -3.813588773482479e-05,
      1.0508201597758671e-07,
      4.292481753509492e-05,
      2.7481220854497224e-07,
      4.939871723763645e-05,
      6.653423838542949e-07,
      -1.614222492207773e-05,
      9.802537306313752e-07,
      2.3467246137443e-05,
      4.3861186327376345e-07
    ],
    [
      2.956433057785034,
      0.00010474277223693207,
      11.709765434265137,
      1.25640258374915e-06,
      43.386775970458984,
      -3.01435575238429e-05,
      11.77431583404541,
      -0.0012909328797832131,
      21.608434677124023,
      -0.004149264190346003,
      7.06132173538208,
      -0.00430290587246418,
      3.838966131210327,
      -0.0040613203309476376,
      3.968606948852539,
      -0.03224816173315048,
      2.8363571166992188,
      -0.029830152168869972
    ],
    [
      -0.0001702415756881237,
      1.2707135343958953e-09,
      -0.00010355857375543565,
      4.9903288612540564e-08,
      -3.01435575238429e-05,
      1.5432314626195875e-07,
      -5.391345257521607e-05,
      1.1523709986249742e-07,
      -0.00011507626186357811,
      2.8808705110350274e-07,
      -4.7897676267893985e-05,
      4.907214474769717e-07,
      -5.318001421983354e-05,
      8.649942628835561e-07,
      -0.00016049931582529098,
      1.7381095176460803e-06,
      -4.738644202006981e-05,
      9.528369560030114e-07
    ],
    [
      2.2864620685577393,
      4.036316749989055e-05,
      8.743616104125977,
      -1.5440406059497036e-05,
      11.77431583404541,
      -5.391345257521607e-05,
      51.59796142578125,
      -0.0007945041288621724,
      24.18919563293457,
      -0.006618464831262827,
      12.781515121459961,
      -0.015791941434144974,
      5.621798515319824,
      -0.02365325391292572,
      5.370323657989502,
      -0.07376964390277863,
      4.106023788452148,
      -0.05072341859340668
    ],
    [
      -0.0008210198138840497,
      -1.0683810280909256e-08,
      -0.0007886188104748726,
      4.3211176858903855e-08,
      -0.0012909328797832131,
      1.1523709986249742e-07,
      -0.0007945041288621724,
      1.4937701052986085e-05,
      -0.0010996791534125805,
      3.6468183679971844e-05,
      -0.0004188763559795916,
      2.6884357794187963e-05,
      -0.0004010506090708077,
      6.921942258486524e-05,
      -0.0005312628345564008,
      8.448082371614873e-05,
      -0.0003194350574631244,
      1.7784854208002798e-05
    ],
    [
      2.236575126647949,
      2.801440132316202e-05,
      11.288382530212402,
      -3.813588773482479e-05,
      21.608434677124023,
      -0.00011507626186357811,
      24.18919563293457,
      -0.0010996791534125805,
      39.583290100097656,
      -0.006092376075685024,
      16.445873260498047,
      -0.011141729541122913,
      9.467148780822754,
      -0.015087343752384186,
      9.290165901184082,
      -0.05972181260585785,
      6.545406818389893,
      -0.04446248337626457
    ],
    [
      -0.002152921399101615,
      -4.6061522596119175e-08,
      -0.002838510787114501,
      1.0508201597758671e-07,
      -0.004149264190346003,
      2.8808705110350274e-07,
      -0.006618464831262827,
      3.6468183679971844e-05,
      -0.006092376075685024,
      0.00017773301806300879,
      -0.0033390342723578215,
      0.0001287846389459446,
      -0.0025553121231496334,
      0.00046536052832379937,
      -0.0023992029018700123,
      0.0005502394633367658,
      -0.0012102671898901463,
      9.272206079913303e-05
    ],
    [
      6.976792335510254,
      1.467566289647948e-05,
      10.11453628540039,
      4.292481753509492e-05,
      7.06132173538208,
      -4.7897676267893985e-05,
      12.781515121459961,
      -0.0004188763559795916,
      16.445873260498047,
      -0.0033390342723578215,
      26.145084381103516,
      0.005872678477317095,
      24.20771026611328,
      0.005619192495942116,
      23.977352142333984,
      -0.03268782049417496,
      14.735697746276855,
      -0.026346532627940178
    ],
    [
      0.004328454378992319,
      -6.617419217036513e-07,
      0.005063085351139307,
      2.7481220854497224e-07,
      -0.00430290587246418,
      4.907214474769717e-07,
      -0.015791941434144974,
      2.6884357794187963e-05,
      -0.011141729541122913,
      0.0001287846389459446,
      0.005872678477317095,
      0.02139904350042343,
      0.012119194492697716,
      0.019201600924134254,
      0.024183744564652443,
      0.01619511842727661,
      0.019467424601316452,
      0.004874158650636673
    ],
    [
      8.137194633483887,
      4.4635562517214566e-05,
      9.019512176513672,
      4.939871723763645e-05,
      3.838966131210327,
      -5.318001421983354e-05,
      5.621798515319824,
      -0.0004010506090708077,
      9.467148780822754,
      -0.0025553121231496334,
      24.20771026611328,
      0.012119194492697716,
      32.836734771728516,
      0.014562826603651047,
      33.79374313354492,
      -0.024184806272387505,
      19.656776428222656,
      -0.020702864974737167
    ],
    [
      -0.005437060724943876,
      -9.126592317443283e-07,
      -0.0006927601643837988,
      6.653423838542949e-07,
      -0.0040613203309476376,
      8.649942628835561e-07,
      -0.02365325391292572,
      6.921942258486524e-05,
      -0.015087343752384186,
      0.00046536052832379937,
      0.005619192495942116,
      0.019201600924134254,
      0.014562826603651047,
      0.027164276689291,
      0.031790055334568024,
      0.021687619388103485,
      0.027313388884067535,
      0.004655755124986172
    ],
    [
      8.24045467376709,
      6.798341928515583e-05,
      9.157430648803711,
      -1.614222492207773e-05,
      3.968606948852539,
      -0.00016049931582529098,
      5.370323657989502,
      -0.0005312628345564008,
      9.290165901184082,
      -0.0023992029018700123,
      23.977352142333984,
      0.024183744564652443,
      33.79374313354492,
      0.031790055334568024,
      41.20160675048828,
      -0.009766136296093464,
      24.501771926879883,
      -0.016243308782577515
    ],
    [
      -0.014345137402415276,
      -1.6610042621323373e-06,
      -0.021397432312369347,
      9.802537306313752e-07,
      -0.03224816173315048,
      1.7381095176460803e-06,
      -0.07376964390277863,
      8.448082371614873e-05,
      -0.05972181260585785,
      0.0005502394633367658,
      -0.03268782049417496,
      0.01619511842727661,
      -0.024184806272387505,
      0.021687619388103485,
      -0.009766136296093464,
      0.020546505227684975,
      -0.0014308085665106773,
      0.005056085996329784
    ],
    [
      5.700150966644287,
      3.4240940294694155e-05,
      6.791801452636719,
      2.3467246137443e-05,
      2.8363571166992188,
      -4.738644202006981e-05,
      4.106023788452148,
      -0.0003194350574631244,
      6.545406818389893,
      -0.0012102671898901463,
      14.735697746276855,
      0.019467424601316452,
      19.656776428222656,
      0.027313388884067535,
      24.501771926879883,
      -0.0014308085665106773,
      17.646286010742188,
      -0.006856958381831646
    ],
    [
      -0.002913776785135269,
      -8.22555705326522e-07,
      -0.018179431557655334,
      4.3861186327376345e-07,
      -0.029830152168869972,
      9.528369560030114e-07,
      -0.05072341859340668,
      1.7784854208002798e-05,
      -0.04446248337626457,
      9.272206079913303e-05,
      -0.026346532627940178,
      0.004874158650636673,
      -0.020702864974737167,
      0.004655755124986172,
      -0.016243308782577515,
      0.005056085996329784,
      -0.006856958381831646,
      0.0028586494736373425
    ]
  ],
  "damage": -12.167435646057129,
  "diff_bandwidth": 497.9295959472656,
  "dissonance": 6.4469371987308435,
  "drr": 13.593912124633789,
  "dynamics": 2.5591769218444824,
  "format": 1245190,
  "frames": 14052288,
  "loudness": -18.404403686523438,
  "loudness_range": 5.852666854858398,
  "loudness_range_short": 10.736787796020508,
  "lowpass_true_peak_15khz": -2.2698817253112793,
  "mastering3_acoustic_entropies": [
    {
      "acoustic_entropy": 7.734337329864502,
      "acoustic_entropy_mono": 7.734337329864502,
      "band_eliminated_acoustic_entropies": [
        {
          "acoustic_entropy": 7.77488899230957,
          "acoustic_entropy_side": 7.734337329864502,
          "hz": 129.47220167065723
        },
        {
          "acoustic_entropy": 7.697761058807373,
          "acoustic_entropy_side": 7.734337329864502,
          "hz": 202.92927478742237
        },
        {
          "acoustic_entropy": 8.366106986999512,
          "acoustic_entropy_side": 7.734337329864502,
          "hz": 282.89161906338205
        },
        {
          "acoustic_entropy": 7.833566188812256,
          "acoustic_entropy_side": 7.734337329864502,
          "hz": 369.9353335868758
        },
        {
          "acoustic_entropy": 8.07840633392334,
          "acoustic_entropy_side": 7.734337329864502,
          "hz": 464.6875360973435
        },
        {
          "acoustic_entropy": 8.327531814575195,
          "acoustic_entropy_side": 7.734337329864502,
          "hz": 567.8308811364784
        },
        {
          "acoustic_entropy": 8.118022918701172,
          "acoustic_entropy_side": 7.734337329864502,
          "hz": 680.1084783214808
        },
        {
          "acoustic_entropy": 7.918948650360107,
          "acoustic_entropy_side": 7.734337329864502,
          "hz": 802.3292461747484
        },
        {
          "acoustic_entropy": 8.358642578125,
          "acoustic_entropy_side": 7.734337329864502,
          "hz": 935.3737400823702
        },
        {
          "acoustic_entropy": 7.599567413330078,
          "acoustic_entropy_side": 7.734337329864502,
          "hz": 1080.2004963696966
        },
        {
          "acoustic_entropy": 8.055136680603027,
          "acoustic_entropy_side": 7.734337329864502,
          "hz": 1237.8529382007157
        },
        {
          "acoustic_entropy": 7.505334377288818,
          "acoustic_entropy_side": 7.734337329864502,
          "hz": 1409.4668930556702
        },
        {
          "acoustic_entropy": 8.576865196228027,
          "acoustic_entropy_side": 7.734337329864502,
          "hz": 1596.2787759475705
        },
        {
          "acoustic_entropy": 7.701250076293945,
          "acoustic_entropy_side": 7.734337329864502,
          "hz": 1799.6344973346393
        },
        {
          "acoustic_entropy": 7.634674549102783,
          "acoustic_entropy_side": 7.734337329864502,
          "hz": 2020.9991599069049
        },
        {
          "acoustic_entropy": 7.754432201385498,
          "acoustic_entropy_side": 7.734337329864502,
          "hz": 2261.9676141086993
        },
        {
          "acoustic_entropy": 7.680175304412842,
          "acoustic_entropy_side": 7.734337329864502,
          "hz": 2524.2759484456974
        },
        {
          "acoustic_entropy": 7.671061038970947,
          "acoustic_entropy_side": 7.734337329864502,
          "hz": 2809.813997359896
        },
        {
          "acoustic_entropy": 7.642632484436035,
          "acoustic_entropy_side": 7.734337329864502,
          "hz": 3120.6389567871424
        },
        {
          "acoustic_entropy": 7.633078575134277,
          "acoustic_entropy_side": 7.734337329864502,
          "hz": 3458.990205492291
        },
        {
          "acoustic_entropy": 7.619531154632568,
          "acoustic_entropy_side": 7.734337329864502,
          "hz": 3827.305438964164
        },
        {
          "acoustic_entropy": 7.591740608215332,
          "acoustic_entropy_side": 7.734337329864502,
          "hz": 4228.238232109126
        },
        {
          "acoustic_entropy": 7.569725513458252,
          "acoustic_entropy_side": 7.734337329864502,
          "hz": 4664.6771572759235
        },
        {
          "acoustic_entropy": 7.555305480957031,
          "acoustic_entropy_side": 7.734337329864502,
          "hz": 5139.766595350093
        },
        {
          "acoustic_entropy": 7.628097057342529,
          "acoustic_entropy_side": 7.734337329864502,
          "hz": 5656.929389854203
        },
        {
          "acoustic_entropy": 7.686985969543457,
          "acoustic_entropy_side": 7.734337329864502,
          "hz": 6219.891507268283
        },
        {
          "acoustic_entropy": 7.681163787841797,
          "acoustic_entropy_side": 7.734337329864502,
          "hz": 6832.70888123896
        },
        {
          "acoustic_entropy": 7.6545820236206055,
          "acoustic_entropy_side": 7.734337329864502,
          "hz": 7499.796634079867
        },
        {
          "acoustic_entropy": 7.660024642944336,
          "acoustic_entropy_side": 7.734337329864502,
          "hz": 8225.96088609342
        },
        {
          "acoustic_entropy": 7.693290710449219,
          "acoustic_entropy_side": 7.734337329864502,
          "hz": 9016.43338188839
        },
        {
          "acoustic_entropy": 7.713069438934326,
          "acoustic_entropy_side": 7.734337329864502,
          "hz": 9876.909183162974
        },
        {
          "acoustic_entropy": 7.726140022277832,
          "acoustic_entropy_side": 7.734337329864502,
          "hz": 10813.587699516042
        },
        {
          "acoustic_entropy": 7.732056140899658,
          "acoustic_entropy_side": 7.734337329864502,
          "hz": 11833.21735289826
        },
        {
          "acoustic_entropy": 7.733564376831055,
          "acoustic_entropy_side": 7.734337329864502,
          "hz": 12943.144197493959
        },
        {
          "acoustic_entropy": 7.7338948249816895,
          "acoustic_entropy_side": 7.734337329864502,
          "hz": 14151.364845322005
        },
        {
          "acoustic_entropy": 7.734057903289795,
          "acoustic_entropy_side": 7.734337329864502,
          "hz": 15466.58407886509
        },
        {
          "acoustic_entropy": 7.734091281890869,
          "acoustic_entropy_side": 7.734337329864502,
          "hz": 16898.27756580493
        },
        {
          "acoustic_entropy": 7.734145164489746,
          "acoustic_entropy_side": 7.734337329864502,
          "hz": 18456.760127700032
        },
        {
          "acoustic_entropy": 7.734289646148682,
          "acoustic_entropy_side": 7.734337329864502,
          "hz": 20153.260054456492
        },
        {
          "acoustic_entropy": 7.734326362609863,
          "acoustic_entropy_side": 7.734337329864502,
          "hz": 22000.00000000001
        }
      ],
      "diff_acoustic_entropy": 9.804204940795898,
      "sn": 6
    },
    {
      "acoustic_entropy": 11.50163745880127,
      "acoustic_entropy_mono": 11.50163745880127,
      "band_eliminated_acoustic_entropies": [
        {
          "acoustic_entropy": 11.440751075744629,
          "acoustic_entropy_side": 11.50163745880127,
          "hz": 129.47220167065723
        },
        {
          "acoustic_entropy": 11.593523025512695,
          "acoustic_entropy_side": 11.50163745880127,
          "hz": 202.92927478742237
        },
        {
          "acoustic_entropy": 11.68636417388916,
          "acoustic_entropy_side": 11.50163745880127,
          "hz": 282.89161906338205
        },
        {
          "acoustic_entropy": 12.052277565002441,
          "acoustic_entropy_side": 11.50163745880127,
          "hz": 369.9353335868758
        },
        {
          "acoustic_entropy": 11.347081184387207,
          "acoustic_entropy_side": 11.50163745880127,
          "hz": 464.6875360973435
        },
        {
          "acoustic_entropy": 11.568763732910156,
          "acoustic_entropy_side": 11.50163745880127,
          "hz": 567.8308811364784
        },
        {
          "acoustic_entropy": 11.957184791564941,
          "acoustic_entropy_side": 11.50163745880127,
          "hz": 680.1084783214808
        },
        {
          "acoustic_entropy": 11.351337432861328,
          "acoustic_entropy_side": 11.50163745880127,
          "hz": 802.3292461747484
        },
        {
          "acoustic_entropy": 11.552595138549805,
          "acoustic_entropy_side": 11.50163745880127,
          "hz": 935.3737400823702
        },
        {
          "acoustic_entropy": 10.457723617553711,
          "acoustic_entropy_side": 11.50163745880127,
          "hz": 1080.2004963696966
        },
        {
          "acoustic_entropy": 11.042896270751953,
          "acoustic_entropy_side": 11.50163745880127,
          "hz": 1237.8529382007157
        },
        {
          "acoustic_entropy": 11.587531089782715,
          "acoustic_entropy_side": 11.50163745880127,
          "hz": 1409.4668930556702
        },
        {
          "acoustic_entropy": 10.943207740783691,
          "acoustic_entropy_side": 11.50163745880127,
          "hz": 1596.2787759475705
        },
        {
          "acoustic_entropy": 11.018207550048828,
          "acoustic_entropy_side": 11.50163745880127,
          "hz": 1799.6344973346393
        },
        {
          "acoustic_entropy": 11.155385971069336,
          "acoustic_entropy_side": 11.50163745880127,
          "hz": 2020.9991599069049
        },
        {
          "acoustic_entropy": 11.465798377990723,
          "acoustic_entropy_side": 11.50163745880127,
          "hz": 2261.9676141086993
        },
        {
          "acoustic_entropy": 11.517240524291992,
          "acoustic_entropy_side": 11.50163745880127,
          "hz": 2524.2759484456974
        },
        {
          "acoustic_entropy": 11.57232666015625,
          "acoustic_entropy_side": 11.50163745880127,
          "hz": 2809.813997359896
        },
        {
          "acoustic_entropy": 11.530797004699707,
          "acoustic_entropy_side": 11.50163745880127,
          "hz": 3120.6389567871424
        },
        {
          "acoustic_entropy": 11.49960994720459,
          "acoustic_entropy_side": 11.50163745880127,
          "hz": 3458.990205492291
        },
        {
          "acoustic_entropy": 11.473445892333984,
          "acoustic_entropy_side": 11.50163745880127,
          "hz": 3827.305438964164
        },
        {
          "acoustic_entropy": 11.481544494628906,
          "acoustic_entropy_side": 11.50163745880127,
          "hz": 4228.238232109126
        },
        {
          "acoustic_entropy": 11.499689102172852,
          "acoustic_entropy_side": 11.50163745880127,
          "hz": 4664.6771572759235
        },
        {
          "acoustic_entropy": 11.509902954101562,
          "acoustic_entropy_side": 11.50163745880127,
          "hz": 5139.766595350093
        },
        {
          "acoustic_entropy": 11.488130569458008,
          "acoustic_entropy_side": 11.50163745880127,
          "hz": 5656.929389854203
        },
        {
          "acoustic_entropy": 11.487740516662598,
          "acoustic_entropy_side": 11.50163745880127,
          "hz": 6219.891507268283
        },
        {
          "acoustic_entropy": 11.482450485229492,
          "acoustic_entropy_side": 11.50163745880127,
          "hz": 6832.70888123896
        },
        {
          "acoustic_entropy": 11.486552238464355,
          "acoustic_entropy_side": 11.50163745880127,
          "hz": 7499.796634079867
        },
        {
          "acoustic_entropy": 11.478732109069824,
          "acoustic_entropy_side": 11.50163745880127,
          "hz": 8225.96088609342
        },
        {
          "acoustic_entropy": 11.479361534118652,
          "acoustic_entropy_side": 11.50163745880127,
          "hz": 9016.43338188839
        },
        {
          "acoustic_entropy": 11.478446006774902,
          "acoustic_entropy_side": 11.50163745880127,
          "hz": 9876.909183162974
        },
        {
          "acoustic_entropy": 11.490760803222656,
          "acoustic_entropy_side": 11.50163745880127,
          "hz": 10813.587699516042
        },
        {
          "acoustic_entropy": 11.498452186584473,
          "acoustic_entropy_side": 11.50163745880127,
          "hz": 11833.21735289826
        },
        {
          "acoustic_entropy": 11.500495910644531,
          "acoustic_entropy_side": 11.50163745880127,
          "hz": 12943.144197493959
        },
        {
          "acoustic_entropy": 11.501009941101074,
          "acoustic_entropy_side": 11.50163745880127,
          "hz": 14151.364845322005
        },
        {
          "acoustic_entropy": 11.501214027404785,
          "acoustic_entropy_side": 11.50163745880127,
          "hz": 15466.58407886509
        },
        {
          "acoustic_entropy": 11.501362800598145,
          "acoustic_entropy_side": 11.50163745880127,
          "hz": 16898.27756580493
        },
        {
          "acoustic_entropy": 11.50143814086914,
          "acoustic_entropy_side": 11.50163745880127,
          "hz": 18456.760127700032
        },
        {
          "acoustic_entropy": 11.501571655273438,
          "acoustic_entropy_side": 11.50163745880127,
          "hz": 20153.260054456492
        },
        {
          "acoustic_entropy": 11.501628875732422,
          "acoustic_entropy_side": 11.50163745880127,
          "hz": 22000.00000000001
        }
      ],
      "diff_acoustic_entropy": 13.609102249145508,
      "sn": 12
    },
    {
      "acoustic_entropy": 13.57463550567627,
      "acoustic_entropy_mono": 13.57463550567627,
      "band_eliminated_acoustic_entropies": [
        {
          "acoustic_entropy": 14.018046379089355,
          "acoustic_entropy_side": 13.57463550567627,
          "hz": 129.47220167065723
        },
        {
          "acoustic_entropy": 14.20681381225586,
          "acoustic_entropy_side": 13.57463550567627,
          "hz": 202.92927478742237
        },
        {
          "acoustic_entropy": 13.527308464050293,
          "acoustic_entropy_side": 13.57463550567627,
          "hz": 282.89161906338205
        },
        {
          "acoustic_entropy": 14.292804718017578,
          "acoustic_entropy_side": 13.57463550567627,
          "hz": 369.9353335868758
        },
        {
          "acoustic_entropy": 13.933722496032715,
          "acoustic_entropy_side": 13.57463550567627,
          "hz": 464.6875360973435
        },
        {
          "acoustic_entropy": 14.431093215942383,
          "acoustic_entropy_side": 13.57463550567627,
          "hz": 567.8308811364784
        },
        {
          "acoustic_entropy": 14.326616287231445,
          "acoustic_entropy_side": 13.57463550567627,
          "hz": 680.1084783214808
        },
