{
  "acoustic_entropy": 240.29702758789062,
  "bands": [
    {
      "high_freq": 148.1999969482422,
      "loudness": -30.979583740234375,
      "loudness_range": 12.07046890258789,
      "mid_mean": -27.90433692932129,
      "mid_to_side_loudness": -11.980822563171387,
      "mid_to_side_loudness_range": 24.20248794555664,
      "side_mean": -42.80002212524414
    },
    {
      "high_freq": 392.3793640136719,
      "loudness": -24.72052764892578,
      "loudness_range": 12.783493041992188,
      "low_freq": 148.1999969482422,
      "mid_mean": -22.3908748626709,
      "mid_to_side_loudness": -5.377294063568115,
      "mid_to_side_loudness_range": 14.174416542053223,
      "side_mean": -28.130048751831055
    },
    {
      "high_freq": 794.6976318359375,
      "loudness": -24.755001068115234,
      "loudness_range": 15.896907806396484,
      "low_freq": 392.3793640136719,
      "mid_mean": -21.912395477294922,
      "mid_to_side_loudness": -7.33499813079834,
      "mid_to_side_loudness_range": 10.596246719360352,
      "side_mean": -29.46912956237793
    },
    {
      "high_freq": 1457.5709228515625,
      "loudness": -24.155536651611328,
      "loudness_range": 18.12442398071289,
      "low_freq": 794.6976318359375,
      "mid_mean": -21.36949348449707,
      "mid_to_side_loudness": -7.335838317871094,
      "mid_to_side_loudness_range": 11.545886993408203,
      "side_mean": -29.043716430664062
    },
    {
      "high_freq": 2549.74365234375,
      "loudness": -27.152578353881836,
      "loudness_range": 14.237800598144531,
      "low_freq": 1457.5709228515625,
      "mid_mean": -24.66816520690918,
      "mid_to_side_loudness": -5.719753742218018,
      "mid_to_side_loudness_range": 8.95900821685791,
      "side_mean": -30.579505920410156
    },
    {
      "high_freq": 4349.24462890625,
      "loudness": -27.353124618530273,
      "loudness_range": 14.240177154541016,
      "low_freq": 2549.74365234375,
      "mid_mean": -24.503353118896484,
      "mid_to_side_loudness": -7.371744632720947,
      "mid_to_side_loudness_range": 9.945025444030762,
      "side_mean": -32.086997985839844
    },
    {
      "high_freq": 7314.1640625,
      "loudness": -35.61305618286133,
      "loudness_range": 14.794601440429688,
      "low_freq": 4349.24462890625,
      "mid_mean": -32.823280334472656,
      "mid_to_side_loudness": -6.995543003082275,
      "mid_to_side_loudness_range": 8.155237197875977,
      "side_mean": -40.01122283935547
    },
    {
      "high_freq": 12199.2666015625,
      "loudness": -40.76936340332031,
      "loudness_range": 19.241329193115234,
      "low_freq": 7314.1640625,
      "mid_mean": -37.6544303894043,
      "mid_to_side_loudness": -9.421256065368652,
      "mid_to_side_loudness_range": 10.956650733947754,
      "side_mean": -47.25710678100586
    },
    {
      "loudness": -55.944252014160156,
      "loudness_range": 23.231979370117188,
      "low_freq": 12199.2666015625,
      "mid_mean": -53.05364227294922,
      "mid_to_side_loudness": -9.061664581298828,
      "mid_to_side_loudness_range": 9.881258964538574,
      "side_mean": -61.05083465576172
    }
  ],
  "bands_short": [
    {
      "high_freq": 148.1999969482422,
      "loudness": -35.331573486328125,
      "loudness_range": 21.26085090637207,
      "mid_mean": -32.41930389404297,
      "mid_to_side_loudness": -11.771430015563965,
      "mid_to_side_loudness_range": 27.64110565185547,
      "side_mean": -47.80730438232422
    },
    {
      "high_freq": 392.3793640136719,
      "loudness": -25.040538787841797,
      "loudness_range": 13.460351943969727,
      "low_freq": 148.1999969482422,
      "mid_mean": -22.950454711914062,
      "mid_to_side_loudness": -5.325014114379883,
      "mid_to_side_loudness_range": 17.002973556518555,
      "side_mean": -28.66405487060547
    },
    {
      "high_freq": 794.6976318359375,
      "loudness": -25.307525634765625,
      "loudness_range": 17.42708969116211,
      "low_freq": 392.3793640136719,
      "mid_mean": -22.653682708740234,
      "mid_to_side_loudness": -7.2101569175720215,
      "mid_to_side_loudness_range": 14.310710906982422,
      "side_mean": -30.11951446533203
    },
    {
      "high_freq": 1457.5709228515625,
      "loudness": -24.464344024658203,
      "loudness_range": 19.323436737060547,
      "low_freq": 794.6976318359375,
      "mid_mean": -21.87224578857422,
      "mid_to_side_loudness": -6.962364196777344,
      "mid_to_side_loudness_range": 14.783370971679688,
      "side_mean": -29.16981315612793
    },
    {
      "high_freq": 2549.74365234375,
      "loudness": -27.804035186767578,
      "loudness_range": 16.298744201660156,
      "low_freq": 1457.5709228515625,
      "mid_mean": -25.417465209960938,
      "mid_to_side_loudness": -5.6063337326049805,
      "mid_to_side_loudness_range": 11.374034881591797,
      "side_mean": -31.222244262695312
    },
    {
      "high_freq": 4349.24462890625,
      "loudness": -27.913408279418945,
      "loudness_range": 15.75823974609375,
      "low_freq": 2549.74365234375,
      "mid_mean": -25.160633087158203,
      "mid_to_side_loudness": -7.15449857711792,
      "mid_to_side_loudness_range": 11.848533630371094,
      "side_mean": -32.58610534667969
    },
    {
      "high_freq": 7314.1640625,
      "loudness": -36.196903228759766,
      "loudness_range": 16.598047256469727,
      "low_freq": 4349.24462890625,
      "mid_mean": -33.47500991821289,
      "mid_to_side_loudness": -6.789381980895996,
      "mid_to_side_loudness_range": 10.205642700195312,
      "side_mean": -40.543785095214844
    },
    {
      "high_freq": 12199.2666015625,
      "loudness": -41.85394287109375,
      "loudness_range": 18.95126724243164,
      "low_freq": 7314.1640625,
      "mid_mean": -38.89313507080078,
      "mid_to_side_loudness": -8.798956871032715,
      "mid_to_side_loudness_range": 12.31322193145752,
      "side_mean": -47.962894439697266
    },
    {
      "loudness": -57.47883224487305,
      "loudness_range": 20.532657623291016,
      "low_freq": 12199.2666015625,
      "mid_mean": -54.52927780151367,
      "mid_to_side_loudness": -8.394122123718262,
      "mid_to_side_loudness_range": 10.9926176071167,
      "side_mean": -61.699806213378906
    }
  ],
  "bandwidth": 823.140625,
  "channels": 2,
  "covariance": [
    [
      23.257400512695312,
      8.691854476928711,
      10.007634162902832,
      3.3948376178741455,
      7.9381327629089355,
      6.365010738372803,
      0.4603734314441681,
      0.8477498888969421,
      6.813462734222412,
      7.832962989807129,
      7.341553688049316,
      7.736987113952637,
      8.287042617797852,
      9.311070442199707,
      11.642714500427246,
      10.395333290100098,
      10.45035171508789,
      6.579825401306152
    ],
    [
      8.691854476928711,
      69.81327819824219,
      9.160466194152832,
      17.681447982788086,
      4.548545837402344,
      7.351363182067871,
      8.728962898254395,
      8.892683029174805,
      8.898818969726562,
      13.460806846618652,
      10.31891918182373,
      15.632061958312988,
      9.60598087310791,
      14.015791893005371,
      -0.422099232673645,
      3.4715371131896973,
      -0.13480326533317566,
      3.290726900100708
    ],
    [
      10.007634162902832,
      9.160466194152832,
      26.11201286315918,
      15.209012985229492,
      10.021567344665527,
      9.164475440979004,
      -0.2721899449825287,
      2.5369701385498047,
      9.772454261779785,
      10.250816345214844,
      11.332195281982422,
      11.19653034210205,
      10.8203125,
      13.039066314697266,
      16.30579948425293,
      14.891266822814941,
      16.38796615600586,
      11.192889213562012
    ],
    [
      3.3948376178741455,
      17.681447982788086,
      15.209012985229492,
      28.634096145629883,
      8.713547706604004,
      11.390604972839355,
      4.318244934082031,
      7.746737957000732,
      8.445276260375977,
      12.046608924865723,
      9.995100021362305,
      13.656455039978027,
      7.78866720199585,
      12.236069679260254,
      6.477272033691406,
      8.897956848144531,
      7.819908142089844,
      7.6295647621154785
    ],
    [
      7.9381327629089355,
      4.548545837402344,
      10.021567344665527,
      8.713547706604004,
      36.305755615234375,
      24.75602912902832,
      9.16547966003418,
      10.167741775512695,
      9.86501693725586,
      10.895191192626953,
      14.876126289367676,
      13.2321195602417,
      14.28343677520752,
      17.144943237304688,
      19.437946319580078,
      17.155447006225586,
      15.714844703674316,
      10.60105037689209
    ],
    [
      6.365010738372803,
      7.351363182067871,
      9.164475440979004,
      11.390604972839355,
      24.75602912902832,
      27.633281707763672,
      8.15745735168457,
      13.456709861755371,
      7.403173446655273,
      11.147199630737305,
      10.82917594909668,
      14.157817840576172,
      9.634119987487793,
      15.071727752685547,
      11.892916679382324,
      14.362545013427734,
      10.543603897094727,
      8.684690475463867
    ],
    [
      0.4603734314441681,
      8.728962898254395,
      -0.2721899449825287,
      4.318244934082031,
      9.16547966003418,
      8.15745735168457,
      47.63346862792969,
      30.495807647705078,
      11.000137329101562,
      9.78564453125,
      5.1559157371521,
      7.255428791046143,
      6.542868614196777,
      9.285855293273926,
      2.053168773651123,
      0.6647038459777832,
      1.3300299644470215,
      0.21045242249965668
    ],
    [
      0.8477498888969421,
      8.892683029174805,
      2.5369701385498047,
      7.746737957000732,
      10.167741775512695,
      13.456709861755371,
      30.495807647705078,
      32.213233947753906,
      8.664307594299316,
      11.437088012695312,
      6.025777816772461,
      11.357662200927734,
      7.067738056182861,
      12.111808776855469,
      3.591285467147827,
      5.69230318069458,
      3.8038229942321777,
      3.728912115097046
    ],
    [
      6.813462734222412,
      8.898818969726562,
      9.772454261779785,
      8.445276260375977,
      9.86501693725586,
      7.403173446655273,
      11.000137329101562,
      8.664307594299316,
      34.13164138793945,
      26.911474227905273,
      18.297847747802734,
      17.187196731567383,
      18.03573989868164,
      20.795835494995117,
      17.870346069335938,
      14.627184867858887,
      18.609338760375977,
      12.45205307006836
    ],
    [
      7.832962989807129,
      13.460806846618652,
      10.250816345214844,
      12.046608924865723,
      10.895191192626953,
      11.147199630737305,
      9.78564453125,
      11.437088012695312,
      26.911474227905273,
      32.969749450683594,
      17.302019119262695,
      21.496185302734375,
      17.375991821289062,
      23.899030685424805,
      15.212995529174805,
      15.639673233032227,
      16.09551239013672,
      12.014527320861816
    ],
    [
      7.341553688049316,
      10.31891918182373,
      11.332195281982422,
      9.995100021362305,
      14.876126289367676,
      10.82917594909668,
      5.1559157371521,
      6.025777816772461,
      18.297847747802734,
      17.302019119262695,
      25.616615295410156,
      21.096786499023438,
      20.694374084472656,
      22.205398559570312,
      21.488971710205078,
      19.291322708129883,
      18.649993896484375,
      13.867719650268555
    ],
    [
      7.736987113952637,
      15.632061958312988,
      11.19653034210205,
      13.656455039978027,
      13.2321195602417,
      14.157817840576172,
      7.255428791046143,
      11.357662200927734,
      17.187196731567383,
      21.496185302734375,
      21.096786499023438,
      28.869897842407227,
      18.14675521850586,
      26.411691665649414,
      15.831390380859375,
      19.90450668334961,
      15.542556762695312,
      14.193805694580078
    ],
    [
      8.287042617797852,
      9.60598087310791,
      10.8203125,
      7.78866720199585,
      14.28343677520752,
      9.634119987487793,
      6.542868614196777,
      7.067738056182861,
      18.03573989868164,
      17.375991821289062,
      20.694374084472656,
      18.14675521850586,
      28.497098922729492,
      26.450681686401367,
      26.954647064208984,
      22.395156860351562,
      24.959945678710938,
      17.284217834472656
    ],
    [
      9.311070442199707,
      14.015791893005371,
      13.039066314697266,
      12.236069679260254,
      17.144943237304688,
      15.071727752685547,
      9.285855293273926,
      12.111808776855469,
      20.795835494995117,
      23.899030685424805,
      22.205398559570312,
      26.411691665649414,
      26.450681686401367,
      34.34023666381836,
      24.168718338012695,
      24.868221282958984,
      22.420656204223633,
      17.963464736938477
    ],
    [
      11.642714500427246,
      -0.422099232673645,
      16.30579948425293,
      6.477272033691406,
      19.437946319580078,
      11.892916679382324,
      2.053168773651123,
      3.591285467147827,
      17.870346069335938,
      15.212995529174805,
      21.488971710205078,
      15.831390380859375,
      26.954647064208984,
      24.168718338012695,
      45.89752960205078,
      33.82282257080078,
      41.33253479003906,
      26.616592407226562
    ],
    [
      10.395333290100098,
      3.4715371131896973,
      14.891266822814941,
      8.897956848144531,
      17.155447006225586,
      14.362545013427734,
      0.6647038459777832,
      5.69230318069458,
      14.627184867858887,
      15.639673233032227,
      19.291322708129883,
      19.90450668334961,
      22.395156860351562,
      24.868221282958984,
      33.82282257080078,
      33.847503662109375,
      31.08099365234375,
      25.560636520385742
    ],
    [
      10.45035171508789,
      -0.13480326533317566,
      16.38796615600586,
      7.819908142089844,
      15.714844703674316,
      10.543603897094727,
      1.3300299644470215,
      3.8038229942321777,
      18.609338760375977,
      16.09551239013672,
      18.649993896484375,
      15.542556762695312,
      24.959945678710938,
      22.420656204223633,
      41.33253479003906,
      31.08099365234375,
      55.2987060546875,
      36.25931167602539
    ],
    [
      6.579825401306152,
      3.290726900100708,
      11.192889213562012,
      7.6295647621154785,
      10.60105037689209,
      8.684690475463867,
      0.21045242249965668,
      3.728912115097046,
      12.45205307006836,
      12.014527320861816,
      13.867719650268555,
      14.193805694580078,
      17.284217834472656,
      17.963464736938477,
      26.616592407226562,
      25.560636520385742,
      36.25931167602539,
      30.859901428222656
    ]
  ],
  "covariance_short": [
    [
      66.92643737792969,
      18.176298141479492,
      16.874292373657227,
      6.049095630645752,
      10.600199699401855,
      8.577371597290039,
      6.257101535797119,
      5.2344536781311035,
      11.673531532287598,
      13.812289237976074,
      10.916888236999512,
      13.1217622756958,
      12.33155632019043,
      15.593993186950684,
      12.74350357055664,
      14.440780639648438,
      9.77772331237793,
      8.112815856933594
    ],
    [
      18.176298141479492,
      77.11021423339844,
      12.85673999786377,
      24.987979888916016,
      2.8896901607513428,
      4.478850841522217,
      12.210226058959961,
      11.890193939208984,
      14.400694847106934,
      18.15825080871582,
      13.677336692810059,
      18.150638580322266,
      13.805776596069336,
      17.710336685180664,
      3.182832717895508,
      5.260218620300293,
      2.5528528690338135,
      4.946303367614746
    ],
    [
      16.874292373657227,
      12.85673999786377,
      31.594701766967773,
      15.401591300964355,
      12.128607749938965,
      10.69717788696289,
      2.0448265075683594,
      3.944898843765259,
      9.881928443908691,
      11.227725982666016,
      11.540888786315918,
      12.082657814025879,
      10.790480613708496,
      13.651901245117188,
      14.90466022491455,
      14.614185333251953,
      13.684779167175293,
      9.618841171264648
    ],
    [
      6.049095630645752,
      24.987979888916016,
      15.401591300964355,
      35.555599212646484,
      9.611321449279785,
      13.148018836975098,
      5.962726593017578,
      8.95411491394043,
      8.909638404846191,
      12.620434761047363,
      10.717212677001953,
      14.971356391906738,
      8.049467086791992,
      12.544323921203613,
      5.889573574066162,
      8.628118515014648,
      6.7627177238464355,
      6.965679168701172
    ],
    [
      10.600199699401855,
      2.8896901607513428,
      12.128607749938965,
      9.611321449279785,
      42.642616271972656,
      25.23008918762207,
      8.290225982666016,
      9.541126251220703,
      12.07469654083252,
      11.773331642150879,
      19.12449073791504,
      15.347134590148926,
      16.510019302368164,
      18.565204620361328,
      22.535781860351562,
      20.47479248046875,
      17.126781463623047,
      11.720916748046875
    ],
    [
      8.577371597290039,
      4.478850841522217,
      10.69717788696289,
      13.148018836975098,
      25.23008918762207,
      33.33344650268555,
      7.42006778717041,
      12.003905296325684,
      8.624617576599121,
      12.19553279876709,
      13.078067779541016,
      16.10334587097168,
      10.951614379882812,
      16.3586483001709,
      13.973603248596191,
      16.9642391204834,
      12.720069885253906,
      10.303826332092285
    ],
    [
      6.257101535797119,
      12.210226058959961,
      2.0448265075683594,
      5.962726593017578,
      8.290225982666016,
      7.42006778717041,
      56.40132522583008,
      32.583648681640625,
      15.862771034240723,
      12.876612663269043,
      10.117579460144043,
      9.947524070739746,
      10.275379180908203,
      10.971619606018066,
      7.117043972015381,
      3.1267693042755127,
      4.857386589050293,
      1.695819616317749
    ],
    [
      5.2344536781311035,
      11.890193939208984,
      3.944898843765259,
      8.95411491394043,
      9.541126251220703,
      12.003905296325684,
      32.583648681640625,
      37.367618560791016,
      12.030803680419922,
      14.424506187438965,
      8.481610298156738,
      13.108681678771973,
      9.040342330932617,
      14.019184112548828,
      6.286197662353516,
      7.537535667419434,
      6.460662364959717,
      5.022668361663818
    ],
    [
      11.673531532287598,
      14.400694847106934,
      9.881928443908691,
      8.909638404846191,
      12.07469654083252,
      8.624617576599121,
      15.862771034240723,
      12.030803680419922,
      40.49262237548828,
      28.83535385131836,
      22.074594497680664,
      19.805082321166992,
      21.16878318786621,
      22.853607177734375,
      19.590545654296875,
      16.536394119262695,
      17.772417068481445,
      12.329463005065918
    ],
    [
      13.812289237976074,
      18.15825080871582,
      11.227725982666016,
      12.620434761047363,
      11.773331642150879,
      12.19553279876709,
      12.876612663269043,
      14.424506187438965,
      28.83535385131836,
      36.98084259033203,
      18.657909393310547,
      23.45634651184082,
      18.823400497436523,
      25.735658645629883,
      15.06096076965332,
      16.779531478881836,
      15.002930641174316,
      11.83870792388916
    ],
    [
      10.916888236999512,
      13.677336692810059,
      11.540888786315918,
      10.717212677001953,
      19.12449073791504,
      13.078067779541016,
      10.117579460144043,
      8.481610298156738,
      22.074594497680664,
      18.657909393310547,
      32.893516540527344,
      23.906715393066406,
      25.07283592224121,
      24.343017578125,
      25.453845977783203,
      21.793840408325195,
      19.708972930908203,
      14.217231750488281
    ],
    [
      13.1217622756958,
      18.150638580322266,
      12.082657814025879,
      14.971356391906738,
      15.347134590148926,
      16.10334587097168,
      9.947524070739746,
      13.108681678771973,
      19.805082321166992,
      23.45634651184082,
      23.906715393066406,
      32.81755065917969,
      20.995710372924805,
      28.972841262817383,
      17.916810989379883,
      22.208049774169922,
      16.359586715698242,
      14.702736854553223
    ],
    [
      12.33155632019043,
      13.805776596069336,
      10.790480613708496,
      8.049467086791992,
      16.510019302368164,
      10.951614379882812,
      10.275379180908203,
      9.040342330932617,
      21.16878318786621,
      18.823400497436523,
      25.07283592224121,
      20.995710372924805,
      36.71737289428711,
      30.63517951965332,
      31.527992248535156,
      26.266870498657227,
      26.66362953186035,
      18.794321060180664
    ],
    [
      15.593993186950684,
      17.710336685180664,
      13.651901245117188,
      12.544323921203613,
      18.565204620361328,
      16.3586483001709,
      10.971619606018066,
      14.019184112548828,
      22.853607177734375,
      25.735658645629883,
      24.343017578125,
      28.972841262817383,
      30.63517951965332,
      40.11958312988281,
      26.24108123779297,
      28.534530639648438,
      23.217023849487305,
      19.285152435302734
    ],
    [
      12.74350357055664,
      3.182832717895508,
      14.90466022491455,
      5.889573574066162,
      22.535781860351562,
      13.973603248596191,
      7.117043972015381,
      6.286197662353516,
      19.590545654296875,
      15.06096076965332,
      25.453845977783203,
      17.916810989379883,
      31.527992248535156,
      26.24108123779297,
      53.14978790283203,
      37.36296844482422,
      41.985286712646484,
      26.975025177001953
    ],
    [
      14.440780639648438,
      5.260218620300293,
      14.614185333251953,
      8.628118515014648,
      20.47479248046875,
      16.9642391204834,
      3.1267693042755127,
      7.537535667419434,
      16.536394119262695,
      16.779531478881836,
      21.793840408325195,
      22.208049774169922,
      26.266870498657227,
      28.534530639648438,
      37.36296844482422,
      39.77018356323242,
      32.03746795654297,
      27.5523624420166
    ],
    [
      9.77772331237793,
      2.5528528690338135,
      13.684779167175293,
      6.7627177238464355,
      17.126781463623047,
      12.720069885253906,
      4.857386589050293,
      6.460662364959717,
      17.772417068481445,
      15.002930641174316,
      19.708972930908203,
      16.359586715698242,
      26.66362953186035,
      23.217023849487305,
      41.985286712646484,
      32.03746795654297,
      51.78250503540039,
      33.650794982910156
    ],
    [
      8.112815856933594,
      4.946303367614746,
      9.618841171264648,
      6.965679168701172,
      11.720916748046875,
      10.303826332092285,
      1.695819616317749,
      5.022668361663818,
      12.329463005065918,
      11.83870792388916,
      14.217231750488281,
      14.702736854553223,
      18.794321060180664,
      19.285152435302734,
      26.975025177001953,
      27.5523624420166,
      33.650794982910156,
      30.69996452331543
    ]
  ],
  "damage": -7.372586250305176,
  "diff_bandwidth": 880.9528198242188,
  "dissonance": 7.1867453274413995,
  "drr": 2.93465518951416,
  "dynamics": 3.2116334438323975,
  "format": 1245190,
  "frames": 11657216,
  "loudness": -13.21895980834961,
  "loudness_range": 8.46297550201416,
  "loudness_range_short": 10.371337890625,
  "lowpass_true_peak_15khz": -0.019390543922781944,
  "mastering3_acoustic_entropies": [
    {
      "acoustic_entropy": 8.899028778076172,
      "acoustic_entropy_mono": 8.432842254638672,
      "band_eliminated_acoustic_entropies": [
        {
          "acoustic_entropy": 8.889627456665039,
          "acoustic_entropy_side": 8.898786544799805,
          "hz": 129.47220167065723
        },
        {
          "acoustic_entropy": 8.666028022766113,
          "acoustic_entropy_side": 8.859292030334473,
          "hz": 202.92927478742237
        },
        {
          "acoustic_entropy": 8.565716743469238,
          "acoustic_entropy_side": 8.758853912353516,
          "hz": 282.89161906338205
        },
        {
          "acoustic_entropy": 9.321538925170898,
          "acoustic_entropy_side": 8.811002731323242,
          "hz": 369.9353335868758
        },
        {
          "acoustic_entropy": 9.07437515258789,
          "acoustic_entropy_side": 8.696552276611328,
          "hz": 464.6875360973435
        },
        {
          "acoustic_entropy": 9.457154273986816,
          "acoustic_entropy_side": 8.885697364807129,
          "hz": 567.8308811364784
        },
        {
          "acoustic_entropy": 8.432676315307617,
          "acoustic_entropy_side": 8.936824798583984,
          "hz": 680.1084783214808
        },
        {
          "acoustic_entropy": 8.458045959472656,
          "acoustic_entropy_side": 8.7997465133667,
          "hz": 802.3292461747484
        },
        {
          "acoustic_entropy": 8.55034065246582,
          "acoustic_entropy_side": 8.853351593017578,
          "hz": 935.3737400823702
        },
        {
          "acoustic_entropy": 9.373392105102539,
          "acoustic_entropy_side": 9.528586387634277,
          "hz": 1080.2004963696966
        },
        {
          "acoustic_entropy": 8.186212539672852,
          "acoustic_entropy_side": 8.33266544342041,
          "hz": 1237.8529382007157
        },
        {
          "acoustic_entropy": 8.263932228088379,
          "acoustic_entropy_side": 9.22110366821289,
          "hz": 1409.4668930556702
        },
        {
          "acoustic_entropy": 7.917834758758545,
          "acoustic_entropy_side": 8.860963821411133,
          "hz": 1596.2787759475705
        },
        {
          "acoustic_entropy": 8.666539192199707,
          "acoustic_entropy_side": 8.917000770568848,
          "hz": 1799.6344973346393
        },
        {
          "acoustic_entropy": 8.328889846801758,
          "acoustic_entropy_side": 8.770934104919434,
          "hz": 2020.9991599069049
        },
        {
          "acoustic_entropy": 8.459587097167969,
          "acoustic_entropy_side": 8.8245849609375,
          "hz": 2261.9676141086993
        },
        {
          "acoustic_entropy": 8.69869327545166,
          "acoustic_entropy_side": 8.682320594787598,
          "hz": 2524.2759484456974
        },
        {
          "acoustic_entropy": 9.058329582214355,
          "acoustic_entropy_side": 8.673065185546875,
          "hz": 2809.813997359896
        },
        {
          "acoustic_entropy": 8.2819242477417,
          "acoustic_entropy_side": 8.481897354125977,
          "hz": 3120.6389567871424
        },
        {
          "acoustic_entropy": 9.034452438354492,
          "acoustic_entropy_side": 9.026164054870605,
          "hz": 3458.990205492291
        },
        {
          "acoustic_entropy": 8.766775131225586,
          "acoustic_entropy_side": 8.924920082092285,
          "hz": 3827.305438964164
        },
        {
          "acoustic_entropy": 8.661453247070312,
          "acoustic_entropy_side": 8.884976387023926,
          "hz": 4228.238232109126
        },
        {
          "acoustic_entropy": 8.616223335266113,
          "acoustic_entropy_side": 8.749876976013184,
          "hz": 4664.6771572759235
        },
        {
          "acoustic_entropy": 8.876802444458008,
          "acoustic_entropy_side": 8.910300254821777,
          "hz": 5139.766595350093
        },
        {
          "acoustic_entropy": 8.850104331970215,
          "acoustic_entropy_side": 8.906710624694824,
          "hz": 5656.929389854203
        },
        {
          "acoustic_entropy": 8.775080680847168,
          "acoustic_entropy_side": 8.899699211120605,
          "hz": 6219.891507268283
        },
        {
          "acoustic_entropy": 8.576265335083008,
          "acoustic_entropy_side": 8.895325660705566,
          "hz": 6832.70888123896
        },
        {
          "acoustic_entropy": 8.648821830749512,
          "acoustic_entropy_side": 8.895151138305664,
          "hz": 7499.796634079867
        },
        {
          "acoustic_entropy": 8.749244689941406,
          "acoustic_entropy_side": 8.89477252960205,
          "hz": 8225.96088609342
        },
        {
          "acoustic_entropy": 9.145313262939453,
          "acoustic_entropy_side": 8.892333984375,
          "hz": 9016.43338188839
        },
        {
          "acoustic_entropy": 9.097338676452637,
          "acoustic_entropy_side": 8.890106201171875,
          "hz": 9876.909183162974
        },
        {
          "acoustic_entropy": 9.060895919799805,
          "acoustic_entropy_side": 8.88988208770752,
          "hz": 10813.587699516042
        },
        {
          "acoustic_entropy": 9.0170259475708,
          "acoustic_entropy_side": 8.886443138122559,
          "hz": 11833.21735289826
        },
        {
          "acoustic_entropy": 8.981915473937988,
          "acoustic_entropy_side": 8.88919734954834,
          "hz": 12943.144197493959
        },
        {
          "acoustic_entropy": 8.592630386352539,
          "acoustic_entropy_side": 8.896537780761719,
          "hz": 14151.364845322005
        },
        {
          "acoustic_entropy": 8.79643440246582,
          "acoustic_entropy_side": 8.898591041564941,
          "hz": 15466.58407886509
        },
        {
          "acoustic_entropy": 8.885211944580078,
          "acoustic_entropy_side": 8.898977279663086,
          "hz": 16898.27756580493
        },
        {
          "acoustic_entropy": 8.89705753326416,
          "acoustic_entropy_side": 8.899022102355957,
          "hz": 18456.760127700032
        },
        {
          "acoustic_entropy": 8.898862838745117,
          "acoustic_entropy_side": 8.899027824401855,
          "hz": 20153.260054456492
        },
        {
          "acoustic_entropy": 8.899027824401855,
          "acoustic_entropy_side": 8.899028778076172,
          "hz": 22000.00000000001
        }
      ],
      "diff_acoustic_entropy": 4.07986307144165,
      "sn": 6
    },
    {
      "acoustic_entropy": 13.663818359375,
      "acoustic_entropy_mono": 13.985604286193848,
      "band_eliminated_acoustic_entropies": [
        {
          "acoustic_entropy": 13.684856414794922,
          "acoustic_entropy_side": 13.66606616973877,
          "hz": 129.47220167065723
        },
        {
          "acoustic_entropy": 13.678825378417969,
          "acoustic_entropy_side": 13.903276443481445,
          "hz": 202.92927478742237
        },
        {
          "acoustic_entropy": 13.746752738952637,
          "acoustic_entropy_side": 14.294599533081055,
          "hz": 282.89161906338205
        },
        {
          "acoustic_entropy": 15.321866035461426,
          "acoustic_entropy_side": 14.210683822631836,
          "hz": 369.9353335868758
        },
        {
          "acoustic_entropy": 15.536872863769531,
          "acoustic_entropy_side": 13.950907707214355,
          "hz": 464.6875360973435
        },
        {
          "acoustic_entropy": 15.287640571594238,
          "acoustic_entropy_side": 14.763544082641602,
          "hz": 567.8308811364784
        },
        {
          "acoustic_entropy": 14.086786270141602,
          "acoustic_entropy_side": 14.090792655944824,
          "hz": 680.1084783214808
        },
        {
          "acoustic_entropy": 14.779435157775879,
          "acoustic_entropy_side": 14.539949417114258,
          "hz": 802.3292461747484
        },
        {
          "acoustic_entropy": 14.429631233215332,
          "acoustic_entropy_side": 14.24052619934082,
          "hz": 935.3737400823702
        },
        {
          "acoustic_entropy": 14.63493824005127,
          "acoustic_entropy_side": 14.744627952575684,
          "hz": 1080.2004963696966
        },
        {
          "acoustic_entropy": 13.782812118530273,
          "acoustic_entropy_side": 13.873856544494629,
          "hz": 1237.8529382007157
        },
        {
          "acoustic_entropy": 13.610962867736816,
          "acoustic_entropy_side": 14.136433601379395,
          "hz": 1409.4668930556702
        },
        {
          "acoustic_entropy": 13.676551818847656,
          "acoustic_entropy_side": 14.324129104614258,
          "hz": 1596.2787759475705
        },
        {
          "acoustic_entropy": 14.008973121643066,
          "acoustic_entropy_side": 14.29439926147461,
          "hz": 1799.6344973346393
        },
        {
          "acoustic_entropy": 14.04952621459961,
          "acoustic_entropy_side": 13.827977180480957,
          "hz": 2020.9991599069049
        },
        {
          "acoustic_entropy": 14.021665573120117,
          "acoustic_entropy_side": 13.716965675354004,
          "hz": 2261.9676141086993
        },
        {
          "acoustic_entropy": 13.744709014892578,
          "acoustic_entropy_side": 13.823603630065918,
          "hz": 2524.2759484456974
        },
        {
          "acoustic_entropy": 14.399514198303223,
          "acoustic_entropy_side": 13.895770072937012,
          "hz": 2809.813997359896
        },
        {
          "acoustic_entropy": 15.032679557800293,
          "acoustic_entropy_side": 13.779155731201172,
          "hz": 3120.6389567871424
        },
        {
          "acoustic_entropy": 14.635220527648926,
          "acoustic_entropy_side": 14.415724754333496,
          "hz": 3458.990205492291
        },
        {
          "acoustic_entropy": 14.851273536682129,
          "acoustic_entropy_side": 14.006684303283691,
          "hz": 3827.305438964164
        },
        {
          "acoustic_entropy": 14.203300476074219,
          "acoustic_entropy_side": 13.925318717956543,
          "hz": 4228.238232109126
        },
        {
          "acoustic_entropy": 15.232144355773926,
          "acoustic_entropy_side": 13.741890907287598,
          "hz": 4664.6771572759235
        },
        {
          "acoustic_entropy": 13.805567741394043,
          "acoustic_entropy_side": 13.784119606018066,
          "hz": 5139.766595350093
        },
        {
          "acoustic_entropy": 13.835565567016602,
          "acoustic_entropy_side": 13.734161376953125,
          "hz": 5656.929389854203
        },
        {
          "acoustic_entropy": 13.61524772644043,
          "acoustic_entropy_side": 13.693644523620605,
          "hz": 6219.891507268283
        },
        {
          "acoustic_entropy": 13.782163619995117,
          "acoustic_entropy_side": 13.701151847839355,
          "hz": 6832.70888123896
        },
        {
          "acoustic_entropy": 13.655797958374023,
          "acoustic_entropy_side": 13.682380676269531,
          "hz": 7499.796634079867
        },
        {
          "acoustic_entropy": 13.60630989074707,
          "acoustic_entropy_side": 13.667597770690918,
          "hz": 8225.96088609342
        },
        {
          "acoustic_entropy": 13.720768928527832,
          "acoustic_entropy_side": 13.660280227661133,
          "hz": 9016.43338188839
        },
        {
          "acoustic_entropy": 13.691940307617188,
          "acoustic_entropy_side": 13.669344902038574,
          "hz": 9876.909183162974
        },
        {
          "acoustic_entropy": 13.503915786743164,
          "acoustic_entropy_side": 13.667015075683594,
          "hz": 10813.587699516042
        },
        {
          "acoustic_entropy": 13.487748146057129,
          "acoustic_entropy_side": 13.671149253845215,
          "hz": 11833.21735289826
        },
        {
          "acoustic_entropy": 13.683972358703613,
          "acoustic_entropy_side": 13.668891906738281,
          "hz": 12943.144197493959
        },
        {
          "acoustic_entropy": 13.659743309020996,
          "acoustic_entropy_side": 13.66474437713623,
          "hz": 14151.364845322005
        },
        {
          "acoustic_entropy": 13.674908638000488,
          "acoustic_entropy_side": 13.663873672485352,
          "hz": 15466.58407886509
        },
        {
          "acoustic_entropy": 13.670166015625,
          "acoustic_entropy_side": 13.663870811462402,
          "hz": 16898.27756580493
        },
        {
          "acoustic_entropy": 13.665547370910645,
          "acoustic_entropy_side": 13.663836479187012,
          "hz": 18456.760127700032
        },
        {
          "acoustic_entropy": 13.664060592651367,
          "acoustic_entropy_side": 13.663824081420898,
          "hz": 20153.260054456492
        },
        {
          "acoustic_entropy": 13.663823127746582,
          "acoustic_entropy_side": 13.663818359375,
          "hz": 22000.00000000001
        }
      ],
      "diff_acoustic_entropy": 7.070984840393066,
      "sn": 12
    },
    {
      "acoustic_entropy": 21.707929611206055,
      "acoustic_entropy_mono": 20.603364944458008,
      "band_eliminated_acoustic_entropies": [
        {
          "acoustic_entropy": 21.768672943115234,
          "acoustic_entropy_side": 21.658811569213867,
          "hz": 129.47220167065723
        },
        {
          "acoustic_entropy": 20.86055564880371,
          "acoustic_entropy_side": 21.536540985107422,
          "hz": 202.92927478742237
        },
        {
          "acoustic_entropy": 21.922861099243164,
          "acoustic_entropy_side": 22.49593162536621,
          "hz": 282.89161906338205
        },
        {
          "acoustic_entropy": 22.250917434692383,
          "acoustic_entropy_side": 22.31227684020996,
          "hz": 369.9353335868758
        },
        {
          "acoustic_entropy": 21.926109313964844,
          "acoustic_entropy_side": 21.611339569091797,
          "hz": 464.6875360973435
        },
        {
          "acoustic_entropy": 21.03643798828125,
          "acoustic_entropy_side": 21.40052604675293,
          "hz": 567.8308811364784
        },
        {
          "acoustic_entropy": 21.3356990814209,
          "acoustic_entropy_side": 21.431886672973633,
          "hz": 680.1084783214808
        },
        {
          "acoustic_entropy": 22.366565704345703,
          "acoustic_entropy_side": 21.4425106048584,
          "hz": 802.3292461747484
        },
        {
          "acoustic_entropy": 21.922672271728516,
          "acoustic_entropy_side": 21.963024139404297,
          "hz": 935.3737400823702
        },
        {
          "acoustic_entropy": 20.929309844970703,
          "acoustic_entropy_side": 21.38176918029785,
          "hz": 1080.2004963696966
        },
        {
          "acoustic_entropy": 20.49123191833496,
          "acoustic_entropy_side": 21.87620735168457,
          "hz": 1237.8529382007157
        },
        {
          "acoustic_entropy": 21.193880081176758,
          "acoustic_entropy_side": 22.0089054107666,
          "hz": 1409.4668930556702
        },
        {
          "acoustic_entropy": 20.379776000976562,
          "acoustic_entropy_side": 21.69930648803711,
          "hz": 1596.2787759475705
        },
        {
          "acoustic_entropy": 21.91884422302246,
          "acoustic_entropy_side": 21.564727783203125,
          "hz": 1799.6344973346393
        },
        {
          "acoustic_entropy": 21.54578399658203,
          "acoustic_entropy_side": 21.58222198486328,
          "hz": 2020.9991599069049
        },
        {
          "acoustic_entropy": 20.63448715209961,
          "acoustic_entropy_side": 21.052759170532227,
          "hz": 2261.9676141086993
        },
        {
          "acoustic_entropy": 21.959030151367188,
          "acoustic_entropy_side": 21.906909942626953,
          "hz": 2524.2759484456974
        },
        {
          "acoustic_entropy": 21.71790885925293,
          "acoustic_entropy_side": 21.845365524291992,
          "hz": 2809.813997359896
        },
        {
          "acoustic_entropy": 20.90829849243164,
