{
  "acoustic_entropy": 212.70611572265625,
  "bands": [
    {
      "high_freq": 148.1999969482422,
      "loudness": -20.703540802001953,
      "loudness_range": 13.116713523864746,
      "mid_mean": -17.882436752319336,
      "mid_to_side_loudness": -18.821327209472656,
      "mid_to_side_loudness_range": 24.91590690612793,
      "side_mean": -36.901729583740234
    },
    {
      "high_freq": 392.3793640136719,
      "loudness": -19.748615264892578,
      "loudness_range": 12.882020950317383,
      "low_freq": 148.1999969482422,
      "mid_mean": -16.951602935791016,
      "mid_to_side_loudness": -10.578194618225098,
      "mid_to_side_loudness_range": 17.329275131225586,
      "side_mean": -26.43551254272461
    },
    {
      "high_freq": 794.6976318359375,
      "loudness": -23.310853958129883,
      "loudness_range": 16.26438331604004,
      "low_freq": 392.3793640136719,
      "mid_mean": -20.372072219848633,
      "mid_to_side_loudness": -10.963921546936035,
      "mid_to_side_loudness_range": 19.40177345275879,
      "side_mean": -30.23550796508789
    },
    {
      "high_freq": 1457.5709228515625,
      "loudness": -22.52044677734375,
      "loudness_range": 14.567426681518555,
      "low_freq": 794.6976318359375,
      "mid_mean": -20.000225067138672,
      "mid_to_side_loudness": -7.59923791885376,
      "mid_to_side_loudness_range": 15.049947738647461,
      "side_mean": -26.99176025390625
    },
    {
      "high_freq": 2549.74365234375,
      "loudness": -24.785598754882812,
      "loudness_range": 20.420902252197266,
      "low_freq": 1457.5709228515625,
      "mid_mean": -22.415746688842773,
      "mid_to_side_loudness": -7.162630558013916,
      "mid_to_side_loudness_range": 17.703264236450195,
      "side_mean": -28.19110679626465
    },
    {
      "high_freq": 4349.24462890625,
      "loudness": -26.186635971069336,
      "loudness_range": 13.486795425415039,
      "low_freq": 2549.74365234375,
      "mid_mean": -23.440168380737305,
      "mid_to_side_loudness": -8.620692253112793,
      "mid_to_side_loudness_range": 16.537118911743164,
      "side_mean": -31.226974487304688
    },
    {
      "high_freq": 7314.1640625,
      "loudness": -27.075159072875977,
      "loudness_range": 13.672834396362305,
      "low_freq": 4349.24462890625,
      "mid_mean": -24.097604751586914,
      "mid_to_side_loudness": -12.24970531463623,
      "mid_to_side_loudness_range": 20.965560913085938,
      "side_mean": -36.08756637573242
    },
    {
      "high_freq": 12199.2666015625,
      "loudness": -32.119903564453125,
      "loudness_range": 16.180452346801758,
      "low_freq": 7314.1640625,
      "mid_mean": -29.258115768432617,
      "mid_to_side_loudness": -12.299735069274902,
      "mid_to_side_loudness_range": 22.654361724853516,
      "side_mean": -42.5477180480957
    },
    {
      "loudness": -39.714149475097656,
      "loudness_range": 22.545228958129883,
      "low_freq": 12199.2666015625,
      "mid_mean": -36.76170349121094,
      "mid_to_side_loudness": -12.663698196411133,
      "mid_to_side_loudness_range": 24.690675735473633,
      "side_mean": -54.65364456176758
    }
  ],
  "bands_short": [
    {
      "high_freq": 148.1999969482422,
      "loudness": -24.450925827026367,
      "loudness_range": 20.674402236938477,
      "mid_mean": -21.682268142700195,
      "mid_to_side_loudness": -19.69283676147461,
      "mid_to_side_loudness_range": 28.337295532226562,
      "side_mean": -43.42137145996094
    },
    {
      "high_freq": 392.3793640136719,
      "loudness": -18.665170669555664,
      "loudness_range": 13.975301742553711,
      "low_freq": 148.1999969482422,
      "mid_mean": -15.758492469787598,
      "mid_to_side_loudness": -11.512103080749512,
      "mid_to_side_loudness_range": 19.063322067260742,
      "side_mean": -26.358322143554688
    },
    {
      "high_freq": 794.6976318359375,
      "loudness": -24.17993927001953,
      "loudness_range": 18.620447158813477,
      "low_freq": 392.3793640136719,
      "mid_mean": -21.38799285888672,
      "mid_to_side_loudness": -9.919150352478027,
      "mid_to_side_loudness_range": 20.658857345581055,
      "side_mean": -30.302688598632812
    },
    {
      "high_freq": 1457.5709228515625,
      "loudness": -23.154621124267578,
      "loudness_range": 16.60932159423828,
      "low_freq": 794.6976318359375,
      "mid_mean": -20.7501220703125,
      "mid_to_side_loudness": -7.312956809997559,
      "mid_to_side_loudness_range": 17.243247985839844,
      "side_mean": -27.56102180480957
    },
    {
      "high_freq": 2549.74365234375,
      "loudness": -25.245025634765625,
      "loudness_range": 21.02773094177246,
      "low_freq": 1457.5709228515625,
      "mid_mean": -22.991714477539062,
      "mid_to_side_loudness": -6.9348039627075195,
      "mid_to_side_loudness_range": 19.641706466674805,
      "side_mean": -28.667659759521484
    },
    {
      "high_freq": 4349.24462890625,
      "loudness": -26.569515228271484,
      "loudness_range": 15.373727798461914,
      "low_freq": 2549.74365234375,
      "mid_mean": -24.021404266357422,
      "mid_to_side_loudness": -8.405936241149902,
      "mid_to_side_loudness_range": 18.764307022094727,
      "side_mean": -31.473575592041016
    },
    {
      "high_freq": 7314.1640625,
      "loudness": -27.619890213012695,
      "loudness_range": 16.198171615600586,
      "low_freq": 4349.24462890625,
      "mid_mean": -24.920621871948242,
      "mid_to_side_loudness": -11.445504188537598,
      "mid_to_side_loudness_range": 20.593002319335938,
      "side_mean": -36.492950439453125
    },
    {
      "high_freq": 12199.2666015625,
      "loudness": -33.591224670410156,
      "loudness_range": 18.787609100341797,
      "low_freq": 7314.1640625,
      "mid_mean": -30.796934127807617,
      "mid_to_side_loudness": -10.6248779296875,
      "mid_to_side_loudness_range": 20.916818618774414,
      "side_mean": -43.6983642578125
    },
    {
      "loudness": -42.247161865234375,
      "loudness_range": 26.832975387573242,
      "low_freq": 12199.2666015625,
      "mid_mean": -39.601837158203125,
      "mid_to_side_loudness": -10.444791793823242,
      "mid_to_side_loudness_range": 22.9520263671875,
      "side_mean": -57.069190979003906
    }
  ],
  "bandwidth": 626.8314208984375,
  "channels": 2,
  "covariance": [
    [
      55.36799621582031,
      25.750892639160156,
      21.29393196105957,
      28.149171829223633,
      15.710859298706055,
      19.22264862060547,
      11.336732864379883,
      16.564687728881836,
      12.576980590820312,
      27.417709350585938,
      17.567441940307617,
      25.6293888092041,
      19.73753547668457,
      32.12599563598633,
      17.40471839904785,
      35.198524475097656,
      23.02450180053711,
      35.22136688232422
    ],
    [
      25.750892639160156,
      99.88600158691406,
      16.378433227539062,
      53.790557861328125,
      20.71508026123047,
      30.644630432128906,
      26.40485382080078,
      31.25469398498535,
      32.53122329711914,
      50.658447265625,
      28.166479110717773,
      45.40742111206055,
      28.51790428161621,
      62.951114654541016,
      30.84683609008789,
      72.69437408447266,
      45.91069793701172,
      93.80855560302734
    ],
    [
      21.29393196105957,
      16.378433227539062,
      30.999357223510742,
      22.80463218688965,
      16.622968673706055,
      14.874734878540039,
      8.51501178741455,
      10.422547340393066,
      15.799966812133789,
      20.05809783935547,
      15.265583038330078,
      19.219324111938477,
      16.47377586364746,
      24.348154067993164,
      13.763751983642578,
      28.207378387451172,
      15.566359519958496,
      35.58212661743164
    ],
    [
      28.149171829223633,
      53.790557861328125,
      22.80463218688965,
      65.91383361816406,
      18.462881088256836,
      33.29763412475586,
      20.83489227294922,
      31.69985580444336,
      25.616409301757812,
      48.82014083862305,
      25.115188598632812,
      46.707489013671875,
      25.790857315063477,
      60.56432342529297,
      24.911659240722656,
      66.7993392944336,
      38.78858184814453,
      83.57449340820312
    ],
    [
      15.710859298706055,
      20.71508026123047,
      16.622968673706055,
      18.462881088256836,
      42.00931930541992,
      16.285676956176758,
      13.477537155151367,
      3.9410295486450195,
      26.959068298339844,
      17.512584686279297,
      17.863039016723633,
      17.9038028717041,
      16.123706817626953,
      19.830528259277344,
      12.471686363220215,
      20.99390411376953,
      11.339603424072266,
      39.847816467285156
    ],
    [
      19.22264862060547,
      30.644630432128906,
      14.874734878540039,
      33.29763412475586,
      16.285676956176758,
      38.87398910522461,
      15.523292541503906,
      22.3232479095459,
      16.12734031677246,
      34.693363189697266,
      15.197595596313477,
      32.382930755615234,
      14.14097785949707,
      38.333858489990234,
      13.934130668640137,
      44.784278869628906,
      18.655481338500977,
      53.07362747192383
    ],
    [
      11.336732864379883,
      26.40485382080078,
      8.51501178741455,
      20.83489227294922,
      13.477537155151367,
      15.523292541503906,
      31.44498062133789,
      17.213905334472656,
      20.323623657226562,
      22.682109832763672,
      13.258596420288086,
      19.128599166870117,
      9.256253242492676,
      24.869977951049805,
      7.2686448097229,
      28.226579666137695,
      13.3013277053833,
      40.45192337036133
    ],
    [
      16.564687728881836,
      31.25469398498535,
      10.422547340393066,
      31.69985580444336,
      3.9410295486450195,
      22.3232479095459,
      17.213905334472656,
      38.11319351196289,
      11.095940589904785,
      35.36806106567383,
      10.793365478515625,
      30.302005767822266,
      11.342240333557129,
      39.216373443603516,
      13.084864616394043,
      44.88511657714844,
      23.170217514038086,
      52.11997985839844
    ],
    [
      12.576980590820312,
      32.53122329711914,
      15.799966812133789,
      25.616409301757812,
      26.959068298339844,
      16.12734031677246,
      20.323623657226562,
      11.095940589904785,
      46.96757888793945,
      30.935033798217773,
      25.11106300354004,
      27.6099910736084,
      22.142955780029297,
      31.05120277404785,
      17.3768310546875,
      33.074951171875,
      20.541959762573242,
      61.96060562133789
    ],
    [
      27.417709350585938,
      50.658447265625,
      20.05809783935547,
      48.82014083862305,
      17.512584686279297,
      34.693363189697266,
      22.682109832763672,
      35.36806106567383,
      30.935033798217773,
      64.45025634765625,
      27.765079498291016,
      54.28047561645508,
      26.028902053833008,
      61.59751510620117,
      27.577823638916016,
      66.68586730957031,
      41.92900085449219,
      85.2606430053711
    ],
    [
      17.567441940307617,
      28.166479110717773,
      15.265583038330078,
      25.115188598632812,
      17.863039016723633,
      15.197595596313477,
      13.258596420288086,
      10.793365478515625,
      25.11106300354004,
      27.765079498291016,
      29.406532287597656,
      26.854429244995117,
      23.28337287902832,
      31.232927322387695,
      19.321361541748047,
      31.90618896484375,
      21.762420654296875,
      44.16138458251953
    ],
    [
      25.6293888092041,
      45.40742111206055,
      19.219324111938477,
      46.707489013671875,
      17.9038028717041,
      32.382930755615234,
      19.128599166870117,
      30.302005767822266,
      27.6099910736084,
      54.28047561645508,
      26.854429244995117,
      57.631004333496094,
      23.493972778320312,
      59.6348991394043,
      23.543893814086914,
      61.224212646484375,
      35.16511917114258,
      80.928466796875
    ],
    [
      19.73753547668457,
      28.51790428161621,
      16.47377586364746,
      25.790857315063477,
      16.123706817626953,
      14.14097785949707,
      9.256253242492676,
      11.342240333557129,
      22.142955780029297,
      26.028902053833008,
      23.28337287902832,
      23.493972778320312,
      35.33500289916992,
      34.53520202636719,
      27.894638061523438,
      41.98088455200195,
      29.53118896484375,
      46.437477111816406
    ],
    [
      32.12599563598633,
      62.951114654541016,
      24.348154067993164,
      60.56432342529297,
      19.830528259277344,
      38.333858489990234,
      24.869977951049805,
      39.216373443603516,
      31.05120277404785,
      61.59751510620117,
      31.232927322387695,
      59.6348991394043,
      34.53520202636719,
      90.68954467773438,
      33.98752212524414,
      92.95111083984375,
      50.74829864501953,
      112.14478302001953
    ],
    [
      17.40471839904785,
      30.84683609008789,
      13.763751983642578,
      24.911659240722656,
      12.471686363220215,
      13.934130668640137,
      7.2686448097229,
      13.084864616394043,
      17.3768310546875,
      27.577823638916016,
      19.321361541748047,
      23.543893814086914,
      27.894638061523438,
      33.98752212524414,
      41.053829193115234,
      42.8341178894043,
      42.846168518066406,
      48.5172119140625
    ],
    [
      35.198524475097656,
      72.69437408447266,
      28.207378387451172,
      66.7993392944336,
      20.99390411376953,
      44.784278869628906,
      28.226579666137695,
      44.88511657714844,
      33.074951171875,
      66.68586730957031,
      31.90618896484375,
      61.224212646484375,
      41.98088455200195,
      92.95111083984375,
      42.8341178894043,
      125.79972076416016,
      61.65404510498047,
      137.2227020263672
    ],
    [
      23.02450180053711,
      45.91069793701172,
      15.566359519958496,
      38.78858184814453,
      11.339603424072266,
      18.655481338500977,
      13.3013277053833,
      23.170217514038086,
      20.541959762573242,
      41.92900085449219,
      21.762420654296875,
      35.16511917114258,
      29.53118896484375,
      50.74829864501953,
      42.846168518066406,
      61.65404510498047,
      71.79615783691406,
      76.5477523803711
    ],
    [
      35.22136688232422,
      93.80855560302734,
      35.58212661743164,
      83.57449340820312,
      39.847816467285156,
      53.07362747192383,
      40.45192337036133,
      52.11997985839844,
      61.96060562133789,
      85.2606430053711,
      44.16138458251953,
      80.928466796875,
      46.437477111816406,
      112.14478302001953,
      48.5172119140625,
      137.2227020263672,
      76.5477523803711,
      186.7381591796875
    ]
  ],
  "covariance_short": [
    [
      71.19448852539062,
      28.18307876586914,
      20.243877410888672,
      24.179393768310547,
      15.159421920776367,
      17.43243408203125,
      8.126192092895508,
      12.997243881225586,
      13.197911262512207,
      23.95479393005371,
      15.664488792419434,
      23.401763916015625,
      18.884809494018555,
      27.636619567871094,
      16.592975616455078,
      31.29564094543457,
      22.019790649414062,
      28.4209041595459
    ],
    [
      28.18307876586914,
      100.62703704833984,
      18.427762985229492,
      52.94788360595703,
      20.681676864624023,
      28.962141036987305,
      24.06554412841797,
      27.614912033081055,
      31.70755386352539,
      50.494014739990234,
      28.780691146850586,
      45.04871368408203,
      28.68918228149414,
      55.178733825683594,
      28.292827606201172,
      61.162841796875,
      41.48367691040039,
      76.21897888183594
    ],
    [
      20.243877410888672,
      18.427762985229492,
      32.3920783996582,
      22.73700523376465,
      17.29376792907715,
      17.49140739440918,
      8.962677001953125,
      12.688088417053223,
      14.275113105773926,
      21.758460998535156,
      16.149187088012695,
      20.209991455078125,
      18.364654541015625,
      25.539907455444336,
      14.653730392456055,
      31.716657638549805,
      16.4626407623291,
      29.799110412597656
    ],
    [
      24.179393768310547,
      52.94788360595703,
      22.73700523376465,
      68.68431854248047,
      21.101518630981445,
      34.77735900878906,
      23.80992889404297,
      33.06317901611328,
      27.447185516357422,
      49.67258071899414,
      26.022506713867188,
      46.0262451171875,
      27.163249969482422,
      59.13764190673828,
      25.489551544189453,
      65.71167755126953,
      37.21039962768555,
      76.82347869873047
    ],
    [
      15.159421920776367,
      20.681676864624023,
      17.29376792907715,
      21.101518630981445,
      51.49094772338867,
      19.829343795776367,
      16.99195098876953,
      7.241095066070557,
      27.76375961303711,
      20.2017765045166,
      21.097789764404297,
      20.25221061706543,
      20.25113868713379,
      24.30290985107422,
      14.032516479492188,
      29.63560676574707,
      14.154204368591309,
      38.00681686401367
    ],
    [
      17.43243408203125,
      28.962141036987305,
      17.49140739440918,
      34.77735900878906,
      19.829343795776367,
      43.14427185058594,
      16.65961265563965,
      24.07923698425293,
      17.358022689819336,
      35.3433952331543,
      16.558788299560547,
      32.461578369140625,
      17.392017364501953,
      39.314842224121094,
      16.053049087524414,
      45.12895965576172,
      20.893592834472656,
      49.387813568115234
    ],
    [
      8.126192092895508,
      24.06554412841797,
      8.962677001953125,
      23.80992889404297,
      16.99195098876953,
      16.65961265563965,
      40.861637115478516,
      21.079296112060547,
      23.412065505981445,
      25.910125732421875,
      16.06772232055664,
      21.047359466552734,
      13.833112716674805,
      27.776927947998047,
      9.036152839660645,
      32.471458435058594,
      15.517290115356445,
      40.3120231628418
    ],
    [
      12.997243881225586,
      27.614912033081055,
      12.688088417053223,
      33.06317901611328,
      7.241095066070557,
      24.07923698425293,
      21.079296112060547,
      43.265899658203125,
      14.606926918029785,
      38.34498977661133,
      13.588926315307617,
      32.0744514465332,
      14.703351974487305,
      39.386688232421875,
      15.491512298583984,
      44.00160598754883,
      24.162107467651367,
      51.90866470336914
    ],
    [
      13.197911262512207,
      31.70755386352539,
      14.275113105773926,
      27.447185516357422,
      27.76375961303711,
      17.358022689819336,
      23.412065505981445,
      14.606926918029785,
      53.1622200012207,
      34.50111770629883,
      29.858396530151367,
      30.7912540435791,
      26.485898971557617,
      34.87971115112305,
      18.522836685180664,
      40.21577453613281,
      23.029001235961914,
      57.51446533203125
    ],
    [
      23.95479393005371,
      50.494014739990234,
      21.758460998535156,
      49.67258071899414,
      20.2017765045166,
      35.3433952331543,
      25.910125732421875,
      38.34498977661133,
      34.50111770629883,
      70.69062805175781,
      30.31366729736328,
      56.20413589477539,
      29.900182723999023,
      62.380226135253906,
      29.235870361328125,
      67.79568481445312,
      41.99758529663086,
      80.73320007324219
    ],
    [
      15.664488792419434,
      28.780691146850586,
      16.149187088012695,
      26.022506713867188,
      21.097789764404297,
      16.558788299560547,
      16.06772232055664,
      13.588926315307617,
      29.858396530151367,
      30.31366729736328,
      36.677127838134766,
      30.13058090209961,
      29.77074432373047,
      35.47386932373047,
      23.500762939453125,
      39.171993255615234,
      27.06490135192871,
      43.41183853149414
    ],
    [
      23.401763916015625,
      45.04871368408203,
      20.209991455078125,
      46.0262451171875,
      20.25221061706543,
      32.461578369140625,
      21.047359466552734,
      32.0744514465332,
      30.7912540435791,
      56.20413589477539,
      30.13058090209961,
      61.48081588745117,
      27.615598678588867,
      59.80926513671875,
      26.270536422729492,
      63.01190185546875,
      37.34795379638672,
      76.5151596069336
    ],
    [
      18.884809494018555,
      28.68918228149414,
      18.364654541015625,
      27.163249969482422,
      20.25113868713379,
      17.392017364501953,
      13.833112716674805,
      14.703351974487305,
      26.485898971557617,
      29.900182723999023,
      29.77074432373047,
      27.615598678588867,
      47.231056213378906,
      39.3786506652832,
      37.30922317504883,
      48.68040084838867,
      39.46407699584961,
      46.518184661865234
    ],
    [
      27.636619567871094,
      55.178733825683594,
      25.539907455444336,
      59.13764190673828,
      24.30290985107422,
      39.314842224121094,
      27.776927947998047,
      39.386688232421875,
      34.87971115112305,
      62.380226135253906,
      35.47386932373047,
      59.80926513671875,
      39.3786506652832,
      94.29086303710938,
      37.764373779296875,
      95.13765716552734,
      53.2098503112793,
      108.32534790039062
    ],
    [
      16.592975616455078,
      28.292827606201172,
      14.653730392456055,
      25.489551544189453,
      14.032516479492188,
      16.053049087524414,
      9.036152839660645,
      15.491512298583984,
      18.522836685180664,
      29.235870361328125,
      23.500762939453125,
      26.270536422729492,
      37.30922317504883,
      37.764373779296875,
      52.35432052612305,
      47.51062774658203,
      55.04227828979492,
      47.582740783691406
    ],
    [
      31.29564094543457,
      61.162841796875,
      31.716657638549805,
      65.71167755126953,
      29.63560676574707,
      45.12895965576172,
      32.471458435058594,
      44.00160598754883,
      40.21577453613281,
      67.79568481445312,
      39.171993255615234,
      63.01190185546875,
      48.68040084838867,
      95.13765716552734,
      47.51062774658203,
      137.7635955810547,
      63.45878982543945,
      138.88787841796875
    ],
    [
      22.019790649414062,
      41.48367691040039,
      16.4626407623291,
      37.21039962768555,
      14.154204368591309,
      20.893592834472656,
      15.517290115356445,
      24.162107467651367,
      23.029001235961914,
      41.99758529663086,
      27.06490135192871,
      37.34795379638672,
      39.46407699584961,
      53.2098503112793,
      55.04227828979492,
      63.45878982543945,
      88.60977172851562,
      72.50588989257812
    ],
    [
      28.4209041595459,
      76.21897888183594,
      29.799110412597656,
      76.82347869873047,
      38.00681686401367,
      49.387813568115234,
      40.3120231628418,
      51.90866470336914,
      57.51446533203125,
      80.73320007324219,
      43.41183853149414,
      76.5151596069336,
      46.518184661865234,
      108.32534790039062,
      47.582740783691406,
      138.88787841796875,
      72.50588989257812,
      180.10601806640625
    ]
  ],
  "damage": -5.3595290184021,
  "diff_bandwidth": 665.6882934570312,
  "dissonance": 8.63147208521126,
  "drr": 15.067723274230957,
  "dynamics": 3.7385783195495605,
  "format": 1245190,
  "frames": 12456896,
  "loudness": -10.101916313171387,
  "loudness_range": 12.720240592956543,
  "loudness_range_short": 13.736248016357422,
  "lowpass_true_peak_15khz": 1.6783866882324219,
  "mastering3_acoustic_entropies": [
    {
      "acoustic_entropy": 7.528095245361328,
      "acoustic_entropy_mono": 7.995347499847412,
      "band_eliminated_acoustic_entropies": [
        {
          "acoustic_entropy": 7.43641996383667,
          "acoustic_entropy_side": 7.5281267166137695,
          "hz": 129.47220167065723
        },
        {
          "acoustic_entropy": 7.618600845336914,
          "acoustic_entropy_side": 7.471190929412842,
          "hz": 202.92927478742237
        },
        {
          "acoustic_entropy": 7.882205486297607,
          "acoustic_entropy_side": 7.724959850311279,
          "hz": 282.89161906338205
        },
        {
          "acoustic_entropy": 7.917565822601318,
          "acoustic_entropy_side": 7.539366722106934,
          "hz": 369.9353335868758
        },
        {
          "acoustic_entropy": 7.125246524810791,
          "acoustic_entropy_side": 7.453651428222656,
          "hz": 464.6875360973435
        },
        {
          "acoustic_entropy": 7.331582069396973,
          "acoustic_entropy_side": 7.480462551116943,
          "hz": 567.8308811364784
        },
        {
          "acoustic_entropy": 7.555078029632568,
          "acoustic_entropy_side": 7.596794605255127,
          "hz": 680.1084783214808
        },
        {
          "acoustic_entropy": 7.589524745941162,
          "acoustic_entropy_side": 7.431402206420898,
          "hz": 802.3292461747484
        },
        {
          "acoustic_entropy": 8.464558601379395,
          "acoustic_entropy_side": 8.1148681640625,
          "hz": 935.3737400823702
        },
        {
          "acoustic_entropy": 6.790713787078857,
          "acoustic_entropy_side": 8.13828182220459,
          "hz": 1080.2004963696966
        },
        {
          "acoustic_entropy": 8.05315113067627,
          "acoustic_entropy_side": 7.779369831085205,
          "hz": 1237.8529382007157
        },
        {
          "acoustic_entropy": 7.782947540283203,
          "acoustic_entropy_side": 7.591098308563232,
          "hz": 1409.4668930556702
        },
        {
          "acoustic_entropy": 7.9548139572143555,
          "acoustic_entropy_side": 7.493687629699707,
          "hz": 1596.2787759475705
        },
        {
          "acoustic_entropy": 7.786634922027588,
          "acoustic_entropy_side": 7.533243179321289,
          "hz": 1799.6344973346393
        },
        {
          "acoustic_entropy": 7.325767517089844,
          "acoustic_entropy_side": 7.442443370819092,
          "hz": 2020.9991599069049
        },
        {
          "acoustic_entropy": 7.798731327056885,
          "acoustic_entropy_side": 7.545205593109131,
          "hz": 2261.9676141086993
        },
        {
          "acoustic_entropy": 8.080486297607422,
          "acoustic_entropy_side": 7.6273512840271,
          "hz": 2524.2759484456974
        },
        {
          "acoustic_entropy": 8.26750373840332,
          "acoustic_entropy_side": 7.512970447540283,
          "hz": 2809.813997359896
        },
        {
          "acoustic_entropy": 7.7356390953063965,
          "acoustic_entropy_side": 7.46714448928833,
          "hz": 3120.6389567871424
        },
        {
          "acoustic_entropy": 7.445018291473389,
          "acoustic_entropy_side": 7.484735012054443,
          "hz": 3458.990205492291
        },
        {
          "acoustic_entropy": 7.503040313720703,
          "acoustic_entropy_side": 7.446451663970947,
          "hz": 3827.305438964164
        },
        {
          "acoustic_entropy": 7.638413906097412,
          "acoustic_entropy_side": 7.5112833976745605,
          "hz": 4228.238232109126
        },
        {
          "acoustic_entropy": 7.8385419845581055,
          "acoustic_entropy_side": 7.50978422164917,
          "hz": 4664.6771572759235
        },
        {
          "acoustic_entropy": 7.87448263168335,
          "acoustic_entropy_side": 7.521644115447998,
          "hz": 5139.766595350093
        },
        {
          "acoustic_entropy": 7.472506523132324,
          "acoustic_entropy_side": 7.51174259185791,
          "hz": 5656.929389854203
        },
        {
          "acoustic_entropy": 7.429469108581543,
          "acoustic_entropy_side": 7.475847244262695,
          "hz": 6219.891507268283
        },
        {
          "acoustic_entropy": 7.3866868019104,
          "acoustic_entropy_side": 7.453548908233643,
          "hz": 6832.70888123896
        },
        {
          "acoustic_entropy": 7.301567077636719,
          "acoustic_entropy_side": 7.45956563949585,
          "hz": 7499.796634079867
        },
        {
          "acoustic_entropy": 7.381430625915527,
          "acoustic_entropy_side": 7.513805389404297,
          "hz": 8225.96088609342
        },
        {
          "acoustic_entropy": 7.5278000831604,
          "acoustic_entropy_side": 7.51700496673584,
          "hz": 9016.43338188839
        },
        {
          "acoustic_entropy": 7.686628341674805,
          "acoustic_entropy_side": 7.517594337463379,
          "hz": 9876.909183162974
        },
        {
          "acoustic_entropy": 7.787017822265625,
          "acoustic_entropy_side": 7.526643753051758,
          "hz": 10813.587699516042
        },
        {
          "acoustic_entropy": 7.867937088012695,
          "acoustic_entropy_side": 7.507508754730225,
          "hz": 11833.21735289826
        },
        {
          "acoustic_entropy": 7.791792392730713,
          "acoustic_entropy_side": 7.513532638549805,
          "hz": 12943.144197493959
        },
        {
          "acoustic_entropy": 7.675412654876709,
          "acoustic_entropy_side": 7.5281853675842285,
          "hz": 14151.364845322005
        },
        {
          "acoustic_entropy": 7.6106343269348145,
          "acoustic_entropy_side": 7.5353474617004395,
          "hz": 15466.58407886509
        },
        {
          "acoustic_entropy": 7.577353000640869,
          "acoustic_entropy_side": 7.534864902496338,
          "hz": 16898.27756580493
        },
        {
          "acoustic_entropy": 7.591030120849609,
          "acoustic_entropy_side": 7.532212257385254,
          "hz": 18456.760127700032
        },
        {
          "acoustic_entropy": 7.602578163146973,
          "acoustic_entropy_side": 7.530778884887695,
          "hz": 20153.260054456492
        },
        {
          "acoustic_entropy": 7.5926899909973145,
          "acoustic_entropy_side": 7.529596328735352,
          "hz": 22000.00000000001
        }
      ],
      "diff_acoustic_entropy": 5.005887031555176,
      "sn": 6
    },
    {
      "acoustic_entropy": 13.196806907653809,
      "acoustic_entropy_mono": 12.350288391113281,
      "band_eliminated_acoustic_entropies": [
        {
          "acoustic_entropy": 13.084643363952637,
          "acoustic_entropy_side": 13.19567584991455,
          "hz": 129.47220167065723
        },
        {
          "acoustic_entropy": 12.474771499633789,
          "acoustic_entropy_side": 13.156525611877441,
          "hz": 202.92927478742237
        },
        {
          "acoustic_entropy": 13.01529598236084,
          "acoustic_entropy_side": 13.205623626708984,
          "hz": 282.89161906338205
        },
        {
          "acoustic_entropy": 12.855433464050293,
          "acoustic_entropy_side": 13.125944137573242,
          "hz": 369.9353335868758
        },
        {
          "acoustic_entropy": 13.447178840637207,
          "acoustic_entropy_side": 13.101160049438477,
          "hz": 464.6875360973435
        },
        {
          "acoustic_entropy": 12.7220458984375,
          "acoustic_entropy_side": 13.076926231384277,
          "hz": 567.8308811364784
        },
        {
          "acoustic_entropy": 12.745390892028809,
          "acoustic_entropy_side": 13.111234664916992,
          "hz": 680.1084783214808
        },
        {
          "acoustic_entropy": 12.104469299316406,
          "acoustic_entropy_side": 13.108368873596191,
          "hz": 802.3292461747484
        },
        {
          "acoustic_entropy": 13.247186660766602,
          "acoustic_entropy_side": 13.264283180236816,
          "hz": 935.3737400823702
        },
        {
          "acoustic_entropy": 12.191251754760742,
          "acoustic_entropy_side": 13.348856925964355,
          "hz": 1080.2004963696966
        },
        {
          "acoustic_entropy": 13.043951034545898,
          "acoustic_entropy_side": 12.350780487060547,
          "hz": 1237.8529382007157
        },
        {
          "acoustic_entropy": 12.829000473022461,
          "acoustic_entropy_side": 13.21017837524414,
          "hz": 1409.4668930556702
        },
        {
          "acoustic_entropy": 13.131587028503418,
          "acoustic_entropy_side": 13.341081619262695,
          "hz": 1596.2787759475705
        },
        {
          "acoustic_entropy": 13.072738647460938,
          "acoustic_entropy_side": 13.212196350097656,
          "hz": 1799.6344973346393
        },
        {
          "acoustic_entropy": 12.691583633422852,
          "acoustic_entropy_side": 13.260838508605957,
          "hz": 2020.9991599069049
        },
        {
          "acoustic_entropy": 13.366780281066895,
          "acoustic_entropy_side": 13.300643920898438,
          "hz": 2261.9676141086993
        },
        {
          "acoustic_entropy": 12.601067543029785,
          "acoustic_entropy_side": 13.233166694641113,
          "hz": 2524.2759484456974
        },
        {
          "acoustic_entropy": 13.116132736206055,
          "acoustic_entropy_side": 13.142948150634766,
          "hz": 2809.813997359896
        },
        {
          "acoustic_entropy": 13.345528602600098,
          "acoustic_entropy_side": 13.222346305847168,
          "hz": 3120.6389567871424
        },
        {
          "acoustic_entropy": 13.434677124023438,
          "acoustic_entropy_side": 13.231827735900879,
          "hz": 3458.990205492291
        },
        {
          "acoustic_entropy": 13.522924423217773,
          "acoustic_entropy_side": 13.287092208862305,
          "hz": 3827.305438964164
        },
        {
          "acoustic_entropy": 13.029595375061035,
          "acoustic_entropy_side": 13.209200859069824,
          "hz": 4228.238232109126
        },
        {
          "acoustic_entropy": 13.353139877319336,
          "acoustic_entropy_side": 13.1722412109375,
          "hz": 4664.6771572759235
        },
        {
          "acoustic_entropy": 13.500139236450195,
          "acoustic_entropy_side": 13.231256484985352,
          "hz": 5139.766595350093
        },
        {
          "acoustic_entropy": 13.199932098388672,
          "acoustic_entropy_side": 13.254690170288086,
          "hz": 5656.929389854203
        },
        {
          "acoustic_entropy": 13.136417388916016,
          "acoustic_entropy_side": 13.251729011535645,
          "hz": 6219.891507268283
        },
        {
          "acoustic_entropy": 13.166400909423828,
          "acoustic_entropy_side": 13.230520248413086,
          "hz": 6832.70888123896
        },
        {
          "acoustic_entropy": 13.341708183288574,
          "acoustic_entropy_side": 13.283929824829102,
          "hz": 7499.796634079867
        },
        {
          "acoustic_entropy": 13.405999183654785,
          "acoustic_entropy_side": 13.306262016296387,
          "hz": 8225.96088609342
        },
        {
          "acoustic_entropy": 13.45932674407959,
          "acoustic_entropy_side": 13.297038078308105,
          "hz": 9016.43338188839
        },
        {
          "acoustic_entropy": 13.472454071044922,
          "acoustic_entropy_side": 13.304439544677734,
          "hz": 9876.909183162974
        },
        {
          "acoustic_entropy": 13.486080169677734,
          "acoustic_entropy_side": 13.340124130249023,
          "hz": 10813.587699516042
        },
        {
          "acoustic_entropy": 13.54903507232666,
          "acoustic_entropy_side": 13.342891693115234,
          "hz": 11833.21735289826
        },
        {
          "acoustic_entropy": 13.455121040344238,
          "acoustic_entropy_side": 13.330427169799805,
          "hz": 12943.144197493959
        },
        {
          "acoustic_entropy": 13.417166709899902,
          "acoustic_entropy_side": 13.30176830291748,
          "hz": 14151.364845322005
        },
        {
          "acoustic_entropy": 13.382877349853516,
          "acoustic_entropy_side": 13.256040573120117,
          "hz": 15466.58407886509
        },
        {
          "acoustic_entropy": 13.329092979431152,
          "acoustic_entropy_side": 13.23453426361084,
          "hz": 16898.27756580493
        },
        {
          "acoustic_entropy": 13.2366361618042,
          "acoustic_entropy_side": 13.220290184020996,
          "hz": 18456.760127700032
        },
        {
          "acoustic_entropy": 13.217026710510254,
          "acoustic_entropy_side": 13.206572532653809,
          "hz": 20153.260054456492
        },
        {
          "acoustic_entropy": 13.221325874328613,
          "acoustic_entropy_side": 13.195698738098145,
          "hz": 22000.00000000001
        }
      ],
      "diff_acoustic_entropy": 8.843513488769531,
      "sn": 12
    },
    {
      "acoustic_entropy": 20.25870132446289,
      "acoustic_entropy_mono": 16.584413528442383,
      "band_eliminated_acoustic_entropies": [
        {
          "acoustic_entropy": 19.9916934967041,
          "acoustic_entropy_side": 20.15186309814453,
          "hz": 129.47220167065723
        },
        {
          "acoustic_entropy": 20.260793685913086,
          "acoustic_entropy_side": 20.04144287109375,
          "hz": 202.92927478742237
        },
        {
          "acoustic_entropy": 20.050262451171875,
          "acoustic_entropy_side": 19.67438507080078,
          "hz": 282.89161906338205
        },
        {
          "acoustic_entropy": 19.76312255859375,
          "acoustic_entropy_side": 19.551599502563477,
          "hz": 369.9353335868758
        },
        {
          "acoustic_entropy": 20.242706298828125,
          "acoustic_entropy_side": 20.026233673095703,
          "hz": 464.6875360973435
        },
        {
          "acoustic_entropy": 19.754432678222656,
          "acoustic_entropy_side": 19.679651260375977,
          "hz": 567.8308811364784
        },
        {
          "acoustic_entropy": 20.44519805908203,
          "acoustic_entropy_side": 19.89097023010254,
          "hz": 680.1084783214808
        },
        {
          "acoustic_entropy": 21.206768035888672,
          "acoustic_entropy_side": 20.589094161987305,
          "hz": 802.3292461747484
        },
        {
          "acoustic_entropy": 20.31667137145996,
          "acoustic_entropy_side": 20.917221069335938,
          "hz": 935.3737400823702
        },
        {
          "acoustic_entropy": 19.998859405517578,
          "acoustic_entropy_side": 20.065500259399414,
          "hz": 1080.2004963696966
        },
        {
          "acoustic_entropy": 19.668563842773438,
          "acoustic_entropy_side": 19.931232452392578,
          "hz": 1237.8529382007157
        },
        {
          "acoustic_entropy": 20.39654541015625,
          "acoustic_entropy_side": 20.38945770263672,
          "hz": 1409.4668930556702
        },
        {
          "acoustic_entropy": 20.32526397705078,
          "acoustic_entropy_side": 20.617189407348633,
          "hz": 1596.2787759475705
        },
        {
          "acoustic_entropy": 20.604324340820312,
          "acoustic_entropy_side": 20.295696258544922,
          "hz": 1799.6344973346393
        },
        {
          "acoustic_entropy": 20.315155029296875,
          "acoustic_entropy_side": 20.52304458618164,
          "hz": 2020.9991599069049
        },
        {
          "acoustic_entropy": 20.561491012573242,
          "acoustic_entropy_side": 20.509992599487305,
          "hz": 2261.9676141086993
        },
        {
          "acoustic_entropy": 20.172252655029297,
          "acoustic_entropy_side": 20.064929962158203,
          "hz": 2524.2759484456974
        },
        {
          "acoustic_entropy": 20.347030639648438,
          "acoustic_entropy_side": 20.314285278320312,
          "hz": 2809.813997359896
        },
        {
          "acoustic_entropy": 20.245494842529297,
