{
  "acoustic_entropy": 168.6365966796875,
  "bands": [
    {
      "high_freq": 148.1999969482422,
      "loudness": -20.347976684570312,
      "loudness_range": 6.032297134399414,
      "mid_mean": -17.57595443725586,
      "mid_to_side_loudness": -7.138325214385986,
      "mid_to_side_loudness_range": 9.420478820800781,
      "side_mean": -24.788270950317383
    },
    {
      "high_freq": 392.3793640136719,
      "loudness": -22.987520217895508,
      "loudness_range": 7.517782211303711,
      "low_freq": 148.1999969482422,
      "mid_mean": -20.32680320739746,
      "mid_to_side_loudness": -5.982676029205322,
      "mid_to_side_loudness_range": 7.200428485870361,
      "side_mean": -26.5097599029541
    },
    {
      "high_freq": 794.6976318359375,
      "loudness": -31.048908233642578,
      "loudness_range": 9.93427848815918,
      "low_freq": 392.3793640136719,
      "mid_mean": -28.61968994140625,
      "mid_to_side_loudness": -4.973783493041992,
      "mid_to_side_loudness_range": 7.238308906555176,
      "side_mean": -33.81680679321289
    },
    {
      "high_freq": 1457.5709228515625,
      "loudness": -31.760610580444336,
      "loudness_range": 11.37060546875,
      "low_freq": 794.6976318359375,
      "mid_mean": -29.394325256347656,
      "mid_to_side_loudness": -4.7097649574279785,
      "mid_to_side_loudness_range": 6.902917861938477,
      "side_mean": -34.27629089355469
    },
    {
      "high_freq": 2549.74365234375,
      "loudness": -26.193321228027344,
      "loudness_range": 14.325071334838867,
      "low_freq": 1457.5709228515625,
      "mid_mean": -23.94293975830078,
      "mid_to_side_loudness": -4.288753032684326,
      "mid_to_side_loudness_range": 6.916375160217285,
      "side_mean": -28.414554595947266
    },
    {
      "high_freq": 4349.24462890625,
      "loudness": -24.447317123413086,
      "loudness_range": 15.560914993286133,
      "low_freq": 2549.74365234375,
      "mid_mean": -22.02629280090332,
      "mid_to_side_loudness": -5.101048946380615,
      "mid_to_side_loudness_range": 7.5019121170043945,
      "side_mean": -27.319080352783203
    },
    {
      "high_freq": 7314.1640625,
      "loudness": -29.766096115112305,
      "loudness_range": 16.284019470214844,
      "low_freq": 4349.24462890625,
      "mid_mean": -26.881404876708984,
      "mid_to_side_loudness": -7.658652305603027,
      "mid_to_side_loudness_range": 9.585426330566406,
      "side_mean": -34.76529312133789
    },
    {
      "high_freq": 12199.2666015625,
      "loudness": -34.817955017089844,
      "loudness_range": 21.978796005249023,
      "low_freq": 7314.1640625,
      "mid_mean": -31.87764549255371,
      "mid_to_side_loudness": -8.834197044372559,
      "mid_to_side_loudness_range": 14.34951400756836,
      "side_mean": -41.59013366699219
    },
    {
      "loudness": -43.955230712890625,
      "loudness_range": 23.992340087890625,
      "low_freq": 12199.2666015625,
      "mid_mean": -41.22241973876953,
      "mid_to_side_loudness": -10.149348258972168,
      "mid_to_side_loudness_range": 14.312769889831543,
      "side_mean": -52.41451644897461
    }
  ],
  "bands_short": [
    {
      "high_freq": 148.1999969482422,
      "loudness": -22.892915725708008,
      "loudness_range": 11.830459594726562,
      "mid_mean": -20.55977439880371,
      "mid_to_side_loudness": -6.813643455505371,
      "mid_to_side_loudness_range": 16.888408660888672,
      "side_mean": -27.436290740966797
    },
    {
      "high_freq": 392.3793640136719,
      "loudness": -21.618061065673828,
      "loudness_range": 8.66533088684082,
      "low_freq": 148.1999969482422,
      "mid_mean": -19.056516647338867,
      "mid_to_side_loudness": -6.189818382263184,
      "mid_to_side_loudness_range": 11.204137802124023,
      "side_mean": -25.486846923828125
    },
    {
      "high_freq": 794.6976318359375,
      "loudness": -31.30704116821289,
      "loudness_range": 11.72842788696289,
      "low_freq": 392.3793640136719,
      "mid_mean": -29.025991439819336,
      "mid_to_side_loudness": -4.909595966339111,
      "mid_to_side_loudness_range": 10.169530868530273,
      "side_mean": -34.1143684387207
    },
    {
      "high_freq": 1457.5709228515625,
      "loudness": -32.42361831665039,
      "loudness_range": 13.490535736083984,
      "low_freq": 794.6976318359375,
      "mid_mean": -30.30620765686035,
      "mid_to_side_loudness": -4.297582149505615,
      "mid_to_side_loudness_range": 9.853616714477539,
      "side_mean": -34.773990631103516
    },
    {
      "high_freq": 2549.74365234375,
      "loudness": -26.840801239013672,
      "loudness_range": 15.902030944824219,
      "low_freq": 1457.5709228515625,
      "mid_mean": -24.72269058227539,
      "mid_to_side_loudness": -4.092612266540527,
      "mid_to_side_loudness_range": 8.627518653869629,
      "side_mean": -28.97796630859375
    },
    {
      "high_freq": 4349.24462890625,
      "loudness": -25.03944206237793,
      "loudness_range": 16.599836349487305,
      "low_freq": 2549.74365234375,
      "mid_mean": -22.86739730834961,
      "mid_to_side_loudness": -4.543371677398682,
      "mid_to_side_loudness_range": 8.942419052124023,
      "side_mean": -27.64836883544922
    },
    {
      "high_freq": 7314.1640625,
      "loudness": -30.801570892333984,
      "loudness_range": 19.7236385345459,
      "low_freq": 4349.24462890625,
      "mid_mean": -28.245433807373047,
      "mid_to_side_loudness": -6.505939483642578,
      "mid_to_side_loudness_range": 11.26422119140625,
      "side_mean": -35.23213195800781
    },
    {
      "high_freq": 12199.2666015625,
      "loudness": -36.22224426269531,
      "loudness_range": 26.98198127746582,
      "low_freq": 7314.1640625,
      "mid_mean": -33.70085906982422,
      "mid_to_side_loudness": -7.535183429718018,
      "mid_to_side_loudness_range": 15.334049224853516,
      "side_mean": -42.7479133605957
    },
    {
      "loudness": -44.710201263427734,
      "loudness_range": 26.216346740722656,
      "low_freq": 12199.2666015625,
      "mid_mean": -42.75714874267578,
      "mid_to_side_loudness": -9.034544944763184,
      "mid_to_side_loudness_range": 15.490033149719238,
      "side_mean": -53.86339569091797
    }
  ],
  "bandwidth": 505.81640625,
  "channels": 2,
  "covariance": [
    [
      8.96987247467041,
      4.297082901000977,
      -0.2704005241394043,
      0.4301454722881317,
      -0.5136913061141968,
      1.3303205966949463,
      1.6059997081756592,
      2.1888363361358643,
      -3.6502902507781982,
      -3.0239291191101074,
      -3.6972343921661377,
      -3.9721498489379883,
      -3.1940417289733887,
      -3.1917176246643066,
      -4.9427618980407715,
      -2.46989107131958,
      -6.794948101043701,
      0.052479054778814316
    ],
    [
      4.297082901000977,
      10.321105003356934,
      3.3941898345947266,
      6.789404392242432,
      -1.3351420164108276,
      2.672452211380005,
      0.7747687101364136,
      3.997676134109497,
      -1.5388447046279907,
      2.38899302482605,
      -2.038439989089966,
      2.0756607055664062,
      -1.3394064903259277,
      2.158602237701416,
      -1.8753305673599243,
      2.0202624797821045,
      -2.549661874771118,
      4.8501667976379395
    ],
    [
      -0.2704005241394043,
      3.3941898345947266,
      11.286214828491211,
      9.90377426147461,
      6.048012733459473,
      5.33340311050415,
      4.92520809173584,
      4.0609025955200195,
      10.521220207214355,
      10.751448631286621,
      10.819754600524902,
      12.611445426940918,
      11.76224136352539,
      12.083717346191406,
      14.777256965637207,
      14.476750373840332,
      17.089752197265625,
      16.134050369262695
    ],
    [
      0.4301454722881317,
      6.789404392242432,
      9.90377426147461,
      14.633999824523926,
      2.7154064178466797,
      4.86241340637207,
      5.1849365234375,
      6.131280422210693,
      8.939794540405273,
      11.727758407592773,
      8.44174861907959,
      12.263426780700684,
      8.583970069885254,
      10.996954917907715,
      11.504096984863281,
      12.722264289855957,
      13.690412521362305,
      14.65025806427002
    ],
    [
      -0.5136913061141968,
      -1.3351420164108276,
      6.048012733459473,
      2.7154064178466797,
      16.200206756591797,
      8.846670150756836,
      7.808547496795654,
      3.181239366531372,
      10.614624977111816,
      7.239295959472656,
      13.759726524353027,
      10.309783935546875,
      16.77266502380371,
      13.063220977783203,
      22.07673454284668,
      20.598087310791016,
      23.852235794067383,
      19.963041305541992
    ],
    [
      1.3303205966949463,
      2.672452211380005,
      5.33340311050415,
      4.86241340637207,
      8.846670150756836,
      8.995782852172852,
      7.178124904632568,
      6.6542744636535645,
      7.55001163482666,
      7.400732040405273,
      9.262847900390625,
      9.25755786895752,
      10.627866744995117,
      10.53236198425293,
      13.828425407409668,
      15.613248825073242,
      14.546932220458984,
      16.00946807861328
    ],
    [
      1.6059997081756592,
      0.7747687101364136,
      4.92520809173584,
      5.1849365234375,
      7.808547496795654,
      7.178124904632568,
      17.157434463500977,
      12.48658561706543,
      10.968584060668945,
      9.162664413452148,
      11.726130485534668,
      9.873720169067383,
      12.226883888244629,
      11.358320236206055,
      14.849225044250488,
      16.853328704833984,
      14.455659866333008,
      15.512091636657715
    ],
    [
      2.1888363361358643,
      3.997676134109497,
      4.0609025955200195,
      6.131280422210693,
      3.181239366531372,
      6.6542744636535645,
      12.48658561706543,
      14.388035774230957,
      6.902231693267822,
      8.326541900634766,
      6.431889057159424,
      8.518556594848633,
      6.772309303283691,
      9.231131553649902,
      8.238739013671875,
      13.076396942138672,
      7.124236583709717,
      11.91756820678711
    ],
    [
      -3.6502902507781982,
      -1.5388447046279907,
      10.521220207214355,
      8.939794540405273,
      10.614624977111816,
      7.55001163482666,
      10.968584060668945,
      6.902231693267822,
      26.524232864379883,
      21.887622833251953,
      23.78891372680664,
      22.402027130126953,
      22.694660186767578,
      22.504798889160156,
      25.882200241088867,
      25.492700576782227,
      28.785442352294922,
      24.51199722290039
    ],
    [
      -3.0239291191101074,
      2.38899302482605,
      10.751448631286621,
      11.727758407592773,
      7.239295959472656,
      7.400732040405273,
      9.162664413452148,
      8.326541900634766,
      21.887622833251953,
      23.477920532226562,
      19.11114501953125,
      22.474348068237305,
      18.20847511291504,
      21.528907775878906,
      20.982900619506836,
      22.553850173950195,
      23.49993896484375,
      22.686161041259766
    ],
    [
      -3.6972343921661377,
      -2.038439989089966,
      10.819754600524902,
      8.44174861907959,
      13.759726524353027,
      9.262847900390625,
      11.726130485534668,
      6.431889057159424,
      23.78891372680664,
      19.11114501953125,
      29.083873748779297,
      24.809268951416016,
      27.650127410888672,
      25.35791778564453,
      31.44122314453125,
      30.113082885742188,
      33.09379577636719,
      27.323457717895508
    ],
    [
      -3.9721498489379883,
      2.0756607055664062,
      12.611445426940918,
      12.263426780700684,
      10.309783935546875,
      9.25755786895752,
      9.873720169067383,
      8.518556594848633,
      22.402027130126953,
      22.474348068237305,
      24.809268951416016,
      28.32353401184082,
      22.983413696289062,
      26.749448776245117,
      26.347787857055664,
      29.204484939575195,
      28.784149169921875,
      27.662654876708984
    ],
    [
      -3.1940417289733887,
      -1.3394064903259277,
      11.76224136352539,
      8.583970069885254,
      16.77266502380371,
      10.627866744995117,
      12.226883888244629,
      6.772309303283691,
      22.694660186767578,
      18.20847511291504,
      27.650127410888672,
      22.983413696289062,
      36.88789367675781,
      28.917604446411133,
      46.09791564941406,
      41.005741119384766,
      49.06642150878906,
      36.485408782958984
    ],
    [
      -3.1917176246643066,
      2.158602237701416,
      12.083717346191406,
      10.996954917907715,
      13.063220977783203,
      10.53236198425293,
      11.358320236206055,
      9.231131553649902,
      22.504798889160156,
      21.528907775878906,
      25.35791778564453,
      26.749448776245117,
      28.917604446411133,
      32.59107208251953,
      34.27134704589844,
      40.66288375854492,
      35.81183624267578,
      35.753177642822266
    ],
    [
      -4.9427618980407715,
      -1.8753305673599243,
      14.777256965637207,
      11.504096984863281,
      22.07673454284668,
      13.828425407409668,
      14.849225044250488,
      8.238739013671875,
      25.882200241088867,
      20.982900619506836,
      31.44122314453125,
      26.347787857055664,
      46.09791564941406,
      34.27134704589844,
      69.45398712158203,
      54.716182708740234,
      76.49042510986328,
      50.163185119628906
    ],
    [
      -2.46989107131958,
      2.0202624797821045,
      14.476750373840332,
      12.722264289855957,
      20.598087310791016,
      15.613248825073242,
      16.853328704833984,
      13.076396942138672,
      25.492700576782227,
      22.553850173950195,
      30.113082885742188,
      29.204484939575195,
      41.005741119384766,
      40.66288375854492,
      54.716182708740234,
      65.9885482788086,
      58.32973861694336,
      56.4174919128418
    ],
    [
      -6.794948101043701,
      -2.549661874771118,
      17.089752197265625,
      13.690412521362305,
      23.852235794067383,
      14.546932220458984,
      14.455659866333008,
      7.124236583709717,
      28.785442352294922,
      23.49993896484375,
      33.09379577636719,
      28.784149169921875,
      49.06642150878906,
      35.81183624267578,
      76.49042510986328,
      58.32973861694336,
      92.36231994628906,
      56.952728271484375
    ],
    [
      0.052479054778814316,
      4.8501667976379395,
      16.134050369262695,
      14.65025806427002,
      19.963041305541992,
      16.00946807861328,
      15.512091636657715,
      11.91756820678711,
      24.51199722290039,
      22.686161041259766,
      27.323457717895508,
      27.662654876708984,
      36.485408782958984,
      35.753177642822266,
      50.163185119628906,
      56.4174919128418,
      56.952728271484375,
      64.05829620361328
    ]
  ],
  "covariance_short": [
    [
      26.21088981628418,
      5.660992622375488,
      0.29887738823890686,
      0.1819855123758316,
      -0.23432797193527222,
      0.31236758828163147,
      1.6848413944244385,
      2.461148977279663,
      -7.203359127044678,
      -6.733622074127197,
      -7.749035835266113,
      -7.962238788604736,
      -4.750106334686279,
      -6.06390905380249,
      -4.016112804412842,
      -2.3298254013061523,
      -5.977149963378906,
      0.18027745187282562
    ],
    [
      5.660992622375488,
      19.94375991821289,
      2.5596208572387695,
      6.733192443847656,
      -1.4312704801559448,
      1.6675708293914795,
      -0.2685597836971283,
      3.159808397293091,
      -3.7895686626434326,
      -0.08891966938972473,
      -4.772672176361084,
      -0.7681084871292114,
      -3.4694759845733643,
      -0.5116757750511169,
      -4.386218547821045,
      -0.142213374376297,
      -6.141144752502441,
      2.1453425884246826
    ],
    [
      0.29887738823890686,
      2.5596208572387695,
      13.799590110778809,
      9.25494384765625,
      5.736364841461182,
      4.778101444244385,
      5.364101886749268,
      4.208915710449219,
      9.385926246643066,
      8.603143692016602,
      10.876960754394531,
      10.349745750427246,
      12.50185489654541,
      10.007295608520508,
      12.832362174987793,
      12.186991691589355,
      12.301362037658691,
      13.263585090637207
    ],
    [
      0.1819855123758316,
      6.733192443847656,
      9.25494384765625,
      19.50247573852539,
      3.4729678630828857,
      5.4737629890441895,
      5.738070011138916,
      6.954246997833252,
      9.313650131225586,
      11.306968688964844,
      9.671271324157715,
      11.672516822814941,
      10.99532413482666,
      10.634528160095215,
      10.317423820495605,
      12.09711742401123,
      9.227836608886719,
      13.632979393005371
    ],
    [
      -0.23432797193527222,
      -1.4312704801559448,
      5.736364841461182,
      3.4729678630828857,
      22.207002639770508,
      11.170485496520996,
      12.39865779876709,
      6.1128249168396,
      13.682219505310059,
      9.780416488647461,
      18.183635711669922,
      12.81377124786377,
      20.964258193969727,
      15.51766586303711,
      26.238134384155273,
      22.95663833618164,
      26.492300033569336,
      22.18238639831543
    ],
    [
      0.31236758828163147,
      1.6675708293914795,
      4.778101444244385,
      5.4737629890441895,
      11.170485496520996,
      12.838236808776855,
      9.987839698791504,
      8.698967933654785,
      9.981724739074707,
      9.279379844665527,
      12.683667182922363,
      11.272699356079102,
      13.766114234924316,
      12.522246360778809,
      16.081092834472656,
      18.18956756591797,
      15.443779945373535,
      17.552085876464844
    ],
    [
      1.6848413944244385,
      -0.2685597836971283,
      5.364101886749268,
      5.738070011138916,
      12.39865779876709,
      9.987839698791504,
      25.487674713134766,
      15.608141899108887,
      16.512224197387695,
      12.481802940368652,
      19.39995574951172,
      13.904668807983398,
      20.03932762145996,
      15.044322967529297,
      21.94386100769043,
      22.212305068969727,
      19.080543518066406,
      20.043546676635742
    ],
    [
      2.461148977279663,
      3.159808397293091,
      4.208915710449219,
      6.954246997833252,
      6.1128249168396,
      8.698967933654785,
      15.608141899108887,
      18.963773727416992,
      10.553008079528809,
      10.834635734558105,
      11.16388988494873,
      11.49405288696289,
      11.491254806518555,
      12.206871032714844,
      11.554154396057129,
      17.852306365966797,
      8.262532234191895,
      15.975232124328613
    ],
    [
      -7.203359127044678,
      -3.7895686626434326,
      9.385926246643066,
      9.313650131225586,
      13.682219505310059,
      9.981724739074707,
      16.512224197387695,
      10.553008079528809,
      37.40968704223633,
      28.601234436035156,
      34.60639190673828,
      28.450050354003906,
      32.23997497558594,
      28.031288146972656,
      29.909536361694336,
      29.927780151367188,
      28.362701416015625,
      28.167448043823242
    ],
    [
      -6.733622074127197,
      -0.08891966938972473,
      8.603143692016602,
      11.306968688964844,
      9.780416488647461,
      9.279379844665527,
      12.481802940368652,
      10.834635734558105,
      28.601234436035156,
      29.488204956054688,
      27.11344337463379,
      26.823091506958008,
      24.84809684753418,
      25.496917724609375,
      22.214115142822266,
      25.15050506591797,
      20.326107025146484,
      24.371707916259766
    ],
    [
      -7.749035835266113,
      -4.772672176361084,
      10.876960754394531,
      9.671271324157715,
      18.183635711669922,
      12.683667182922363,
      19.39995574951172,
      11.16388988494873,
      34.60639190673828,
      27.11344337463379,
      45.92652130126953,
      34.19431686401367,
      42.197452545166016,
      34.435401916503906,
      42.02797317504883,
      39.56959533691406,
      39.12873458862305,
      35.15565490722656
    ],
    [
      -7.962238788604736,
      -0.7681084871292114,
      10.349745750427246,
      11.672516822814941,
      12.81377124786377,
      11.272699356079102,
      13.904668807983398,
      11.49405288696289,
      28.450050354003906,
      26.823091506958008,
      34.19431686401367,
      34.088287353515625,
      30.90566635131836,
      31.456945419311523,
      28.509435653686523,
      32.9757080078125,
      26.047040939331055,
      30.185949325561523
    ],
    [
      -4.750106334686279,
      -3.4694759845733643,
      12.50185489654541,
      10.99532413482666,
      20.964258193969727,
      13.766114234924316,
      20.03932762145996,
      11.491254806518555,
      32.23997497558594,
      24.84809684753418,
      42.197452545166016,
      30.90566635131836,
      60.04865646362305,
      38.62529754638672,
      67.84259796142578,
      54.799339294433594,
      66.22581481933594,
      48.13074493408203
    ],
    [
      -6.06390905380249,
      -0.5116757750511169,
      10.007295608520508,
      10.634528160095215,
      15.51766586303711,
      12.522246360778809,
      15.044322967529297,
      12.206871032714844,
      28.031288146972656,
      25.496917724609375,
      34.435401916503906,
      31.456945419311523,
      38.62529754638672,
      38.343666076660156,
      41.078792572021484,
      46.703433990478516,
      38.39458084106445,
      40.26079177856445
    ],
    [
      -4.016112804412842,
      -4.386218547821045,
      12.832362174987793,
      10.317423820495605,
      26.238134384155273,
      16.081092834472656,
      21.94386100769043,
      11.554154396057129,
      29.909536361694336,
      22.214115142822266,
      42.02797317504883,
      28.509435653686523,
      67.84259796142578,
      41.078792572021484,
      104.04979705810547,
      68.7384033203125,
      102.78977966308594,
      62.298587799072266
    ],
    [
      -2.3298254013061523,
      -0.142213374376297,
      12.186991691589355,
      12.09711742401123,
      22.95663833618164,
      18.18956756591797,
      22.212305068969727,
      17.852306365966797,
      29.927780151367188,
      25.15050506591797,
      39.56959533691406,
      32.9757080078125,
      54.799339294433594,
      46.703433990478516,
      68.7384033203125,
      79.40141296386719,
      66.76271057128906,
      66.06444549560547
    ],
    [
      -5.977149963378906,
      -6.141144752502441,
      12.301362037658691,
      9.227836608886719,
      26.492300033569336,
      15.443779945373535,
      19.080543518066406,
      8.262532234191895,
      28.362701416015625,
      20.326107025146484,
      39.12873458862305,
      26.047040939331055,
      66.22581481933594,
      38.39458084106445,
      102.78977966308594,
      66.76271057128906,
      119.50716400146484,
      64.6201171875
    ],
    [
      0.18027745187282562,
      2.1453425884246826,
      13.263585090637207,
      13.632979393005371,
      22.18238639831543,
      17.552085876464844,
      20.043546676635742,
      15.975232124328613,
      28.167448043823242,
      24.371707916259766,
      35.15565490722656,
      30.185949325561523,
      48.13074493408203,
      40.26079177856445,
      62.298587799072266,
      66.06444549560547,
      64.6201171875,
      74.53010559082031
    ]
  ],
  "damage": -7.01005220413208,
  "diff_bandwidth": 523.7037963867188,
  "dissonance": 10.1282295753248,
  "drr": -2.556933879852295,
  "dynamics": 1.8331165313720703,
  "format": 1245190,
  "frames": 6088640,
  "loudness": -12.249214172363281,
  "loudness_range": 4.68791389465332,
  "loudness_range_short": 6.255205154418945,
  "lowpass_true_peak_15khz": -0.26251310110092163,
  "mastering3_acoustic_entropies": [
    {
      "acoustic_entropy": 4.863104343414307,
      "acoustic_entropy_mono": 5.0915985107421875,
      "band_eliminated_acoustic_entropies": [
        {
          "acoustic_entropy": 4.783055305480957,
          "acoustic_entropy_side": 4.8415207862854,
          "hz": 129.47220167065723
        },
        {
          "acoustic_entropy": 5.270376205444336,
          "acoustic_entropy_side": 4.76611328125,
          "hz": 202.92927478742237
        },
        {
          "acoustic_entropy": 4.891602993011475,
          "acoustic_entropy_side": 4.67426872253418,
          "hz": 282.89161906338205
        },
        {
          "acoustic_entropy": 4.824624061584473,
          "acoustic_entropy_side": 4.789720058441162,
          "hz": 369.9353335868758
        },
        {
          "acoustic_entropy": 5.094456195831299,
          "acoustic_entropy_side": 4.8745951652526855,
          "hz": 464.6875360973435
        },
        {
          "acoustic_entropy": 5.033464431762695,
          "acoustic_entropy_side": 4.89825963973999,
          "hz": 567.8308811364784
        },
        {
          "acoustic_entropy": 4.9070963859558105,
          "acoustic_entropy_side": 4.873763561248779,
          "hz": 680.1084783214808
        },
        {
          "acoustic_entropy": 4.952010154724121,
          "acoustic_entropy_side": 4.884868144989014,
          "hz": 802.3292461747484
        },
        {
          "acoustic_entropy": 4.99996280670166,
          "acoustic_entropy_side": 4.92391300201416,
          "hz": 935.3737400823702
        },
        {
          "acoustic_entropy": 5.176372528076172,
          "acoustic_entropy_side": 4.971151828765869,
          "hz": 1080.2004963696966
        },
        {
          "acoustic_entropy": 5.1447882652282715,
          "acoustic_entropy_side": 4.971004009246826,
          "hz": 1237.8529382007157
        },
        {
          "acoustic_entropy": 4.967963695526123,
          "acoustic_entropy_side": 5.04266357421875,
          "hz": 1409.4668930556702
        },
        {
          "acoustic_entropy": 5.37747859954834,
          "acoustic_entropy_side": 4.933246612548828,
          "hz": 1596.2787759475705
        },
        {
          "acoustic_entropy": 5.028588771820068,
          "acoustic_entropy_side": 4.8495192527771,
          "hz": 1799.6344973346393
        },
        {
          "acoustic_entropy": 5.245972156524658,
          "acoustic_entropy_side": 5.04318380355835,
          "hz": 2020.9991599069049
        },
        {
          "acoustic_entropy": 5.0626654624938965,
          "acoustic_entropy_side": 4.897366046905518,
          "hz": 2261.9676141086993
        },
        {
          "acoustic_entropy": 5.036732196807861,
          "acoustic_entropy_side": 4.910207271575928,
          "hz": 2524.2759484456974
        },
        {
          "acoustic_entropy": 4.88608455657959,
          "acoustic_entropy_side": 4.896612644195557,
          "hz": 2809.813997359896
        },
        {
          "acoustic_entropy": 5.142086505889893,
          "acoustic_entropy_side": 4.77260684967041,
          "hz": 3120.6389567871424
        },
        {
          "acoustic_entropy": 5.122227191925049,
          "acoustic_entropy_side": 4.747869968414307,
          "hz": 3458.990205492291
        },
        {
          "acoustic_entropy": 4.839189529418945,
          "acoustic_entropy_side": 4.824278354644775,
          "hz": 3827.305438964164
        },
        {
          "acoustic_entropy": 4.796892166137695,
          "acoustic_entropy_side": 4.839723587036133,
          "hz": 4228.238232109126
        },
        {
          "acoustic_entropy": 4.94530725479126,
          "acoustic_entropy_side": 4.825562953948975,
          "hz": 4664.6771572759235
        },
        {
          "acoustic_entropy": 4.974194526672363,
          "acoustic_entropy_side": 4.853871822357178,
          "hz": 5139.766595350093
        },
        {
          "acoustic_entropy": 4.858196258544922,
          "acoustic_entropy_side": 4.860487461090088,
          "hz": 5656.929389854203
        },
        {
          "acoustic_entropy": 4.86651611328125,
          "acoustic_entropy_side": 4.881830215454102,
          "hz": 6219.891507268283
        },
        {
          "acoustic_entropy": 4.86130952835083,
          "acoustic_entropy_side": 4.877145290374756,
          "hz": 6832.70888123896
        },
        {
          "acoustic_entropy": 4.877007484436035,
          "acoustic_entropy_side": 4.89456033706665,
          "hz": 7499.796634079867
        },
        {
          "acoustic_entropy": 4.890020370483398,
          "acoustic_entropy_side": 4.893518924713135,
          "hz": 8225.96088609342
        },
        {
          "acoustic_entropy": 4.886480808258057,
          "acoustic_entropy_side": 4.881402492523193,
          "hz": 9016.43338188839
        },
        {
          "acoustic_entropy": 4.894216060638428,
          "acoustic_entropy_side": 4.87112283706665,
          "hz": 9876.909183162974
        },
        {
          "acoustic_entropy": 4.886274814605713,
          "acoustic_entropy_side": 4.873626232147217,
          "hz": 10813.587699516042
        },
        {
          "acoustic_entropy": 4.910017490386963,
          "acoustic_entropy_side": 4.866137504577637,
          "hz": 11833.21735289826
        },
        {
          "acoustic_entropy": 4.933581829071045,
          "acoustic_entropy_side": 4.863481521606445,
          "hz": 12943.144197493959
        },
        {
          "acoustic_entropy": 4.956985950469971,
          "acoustic_entropy_side": 4.863163471221924,
          "hz": 14151.364845322005
        },
        {
          "acoustic_entropy": 4.914359092712402,
          "acoustic_entropy_side": 4.863194942474365,
          "hz": 15466.58407886509
        },
        {
          "acoustic_entropy": 4.875421524047852,
          "acoustic_entropy_side": 4.8631591796875,
          "hz": 16898.27756580493
        },
        {
          "acoustic_entropy": 4.868016719818115,
          "acoustic_entropy_side": 4.86313533782959,
          "hz": 18456.760127700032
        },
        {
          "acoustic_entropy": 4.865856647491455,
          "acoustic_entropy_side": 4.8631086349487305,
          "hz": 20153.260054456492
        },
        {
          "acoustic_entropy": 4.864323139190674,
          "acoustic_entropy_side": 4.863103866577148,
          "hz": 22000.00000000001
        }
      ],
      "diff_acoustic_entropy": 2.6089282035827637,
      "sn": 6
    },
    {
      "acoustic_entropy": 8.437878608703613,
      "acoustic_entropy_mono": 8.141304969787598,
      "band_eliminated_acoustic_entropies": [
        {
          "acoustic_entropy": 7.878854274749756,
          "acoustic_entropy_side": 8.526069641113281,
          "hz": 129.47220167065723
        },
        {
          "acoustic_entropy": 8.495576858520508,
          "acoustic_entropy_side": 8.261598587036133,
          "hz": 202.92927478742237
        },
        {
          "acoustic_entropy": 8.40049934387207,
          "acoustic_entropy_side": 8.556122779846191,
          "hz": 282.89161906338205
        },
        {
          "acoustic_entropy": 8.72284984588623,
          "acoustic_entropy_side": 8.516650199890137,
          "hz": 369.9353335868758
        },
        {
          "acoustic_entropy": 8.714423179626465,
          "acoustic_entropy_side": 8.417472839355469,
          "hz": 464.6875360973435
        },
        {
          "acoustic_entropy": 8.254232406616211,
          "acoustic_entropy_side": 8.350137710571289,
          "hz": 567.8308811364784
        },
        {
          "acoustic_entropy": 8.35858154296875,
          "acoustic_entropy_side": 8.396319389343262,
          "hz": 680.1084783214808
        },
        {
          "acoustic_entropy": 8.247546195983887,
          "acoustic_entropy_side": 8.391310691833496,
          "hz": 802.3292461747484
        },
        {
          "acoustic_entropy": 8.215818405151367,
          "acoustic_entropy_side": 8.380120277404785,
          "hz": 935.3737400823702
        },
        {
          "acoustic_entropy": 8.035990715026855,
          "acoustic_entropy_side": 8.368212699890137,
          "hz": 1080.2004963696966
        },
        {
          "acoustic_entropy": 7.928153038024902,
          "acoustic_entropy_side": 8.262195587158203,
          "hz": 1237.8529382007157
        },
        {
          "acoustic_entropy": 8.177535057067871,
          "acoustic_entropy_side": 8.210433006286621,
          "hz": 1409.4668930556702
        },
        {
          "acoustic_entropy": 8.376078605651855,
          "acoustic_entropy_side": 8.542950630187988,
          "hz": 1596.2787759475705
        },
        {
          "acoustic_entropy": 8.378870010375977,
          "acoustic_entropy_side": 8.570794105529785,
          "hz": 1799.6344973346393
        },
        {
          "acoustic_entropy": 8.401220321655273,
          "acoustic_entropy_side": 8.388456344604492,
          "hz": 2020.9991599069049
        },
        {
          "acoustic_entropy": 8.373674392700195,
          "acoustic_entropy_side": 8.399022102355957,
          "hz": 2261.9676141086993
        },
        {
          "acoustic_entropy": 8.400954246520996,
          "acoustic_entropy_side": 8.403739929199219,
          "hz": 2524.2759484456974
        },
        {
          "acoustic_entropy": 8.387368202209473,
          "acoustic_entropy_side": 8.452536582946777,
          "hz": 2809.813997359896
        },
        {
          "acoustic_entropy": 8.516759872436523,
          "acoustic_entropy_side": 8.507486343383789,
          "hz": 3120.6389567871424
        },
        {
          "acoustic_entropy": 8.473607063293457,
          "acoustic_entropy_side": 8.501876831054688,
          "hz": 3458.990205492291
        },
        {
          "acoustic_entropy": 8.353371620178223,
          "acoustic_entropy_side": 8.360590934753418,
          "hz": 3827.305438964164
        },
        {
          "acoustic_entropy": 8.257219314575195,
          "acoustic_entropy_side": 8.361968994140625,
          "hz": 4228.238232109126
        },
        {
          "acoustic_entropy": 8.155692100524902,
          "acoustic_entropy_side": 8.360103607177734,
          "hz": 4664.6771572759235
        },
        {
          "acoustic_entropy": 8.344738006591797,
          "acoustic_entropy_side": 8.347283363342285,
          "hz": 5139.766595350093
        },
        {
          "acoustic_entropy": 8.324564933776855,
          "acoustic_entropy_side": 8.346007347106934,
          "hz": 5656.929389854203
        },
        {
          "acoustic_entropy": 8.324901580810547,
          "acoustic_entropy_side": 8.32791519165039,
          "hz": 6219.891507268283
        },
        {
          "acoustic_entropy": 8.300126075744629,
          "acoustic_entropy_side": 8.331315994262695,
          "hz": 6832.70888123896
        },
        {
          "acoustic_entropy": 8.295639991760254,
          "acoustic_entropy_side": 8.312122344970703,
          "hz": 7499.796634079867
        },
        {
          "acoustic_entropy": 8.318354606628418,
          "acoustic_entropy_side": 8.326552391052246,
          "hz": 8225.96088609342
        },
        {
          "acoustic_entropy": 8.339937210083008,
          "acoustic_entropy_side": 8.361727714538574,
          "hz": 9016.43338188839
        },
        {
          "acoustic_entropy": 8.347084999084473,
          "acoustic_entropy_side": 8.38919448852539,
          "hz": 9876.909183162974
        },
        {
          "acoustic_entropy": 8.360125541687012,
          "acoustic_entropy_side": 8.39962387084961,
          "hz": 10813.587699516042
        },
        {
          "acoustic_entropy": 8.326190948486328,
          "acoustic_entropy_side": 8.406108856201172,
          "hz": 11833.21735289826
        },
        {
          "acoustic_entropy": 8.308391571044922,
          "acoustic_entropy_side": 8.415244102478027,
          "hz": 12943.144197493959
        },
        {
          "acoustic_entropy": 8.302797317504883,
          "acoustic_entropy_side": 8.42727279663086,
          "hz": 14151.364845322005
        },
        {
          "acoustic_entropy": 8.349635124206543,
          "acoustic_entropy_side": 8.434130668640137,
          "hz": 15466.58407886509
        },
        {
          "acoustic_entropy": 8.42619800567627,
          "acoustic_entropy_side": 8.437047004699707,
          "hz": 16898.27756580493
        },
        {
          "acoustic_entropy": 8.427449226379395,
          "acoustic_entropy_side": 8.43749713897705,
          "hz": 18456.760127700032
        },
        {
          "acoustic_entropy": 8.4256591796875,
          "acoustic_entropy_side": 8.437768936157227,
          "hz": 20153.260054456492
        },
        {
          "acoustic_entropy": 8.43050479888916,
          "acoustic_entropy_side": 8.437860488891602,
          "hz": 22000.00000000001
        }
      ],
      "diff_acoustic_entropy": 4.434081554412842,
      "sn": 12
    },
    {
      "acoustic_entropy": 13.752867698669434,
      "acoustic_entropy_mono": 11.45316219329834,
      "band_eliminated_acoustic_entropies": [
        {
          "acoustic_entropy": 12.71179485321045,
          "acoustic_entropy_side": 13.923981666564941,
          "hz": 129.47220167065723
        },
        {
          "acoustic_entropy": 14.331903457641602,
          "acoustic_entropy_side": 13.54103946685791,
          "hz": 202.92927478742237
        },
        {
          "acoustic_entropy": 13.614359855651855,
          "acoustic_entropy_side": 13.853568077087402,
          "hz": 282.89161906338205
        },
        {
          "acoustic_entropy": 14.01553726196289,
          "acoustic_entropy_side": 13.991565704345703,
          "hz": 369.9353335868758
        },
        {
          "acoustic_entropy": 13.925189971923828,
          "acoustic_entropy_side": 13.710206985473633,
          "hz": 464.6875360973435
        },
        {
          "acoustic_entropy": 13.641639709472656,
          "acoustic_entropy_side": 13.661840438842773,
          "hz": 567.8308811364784
        },
        {
          "acoustic_entropy": 13.65304946899414,
          "acoustic_entropy_side": 13.753037452697754,
          "hz": 680.1084783214808
        },
        {
          "acoustic_entropy": 14.070123672485352,
          "acoustic_entropy_side": 13.907330513000488,
          "hz": 802.3292461747484
        },
        {
          "acoustic_entropy": 13.687735557556152,
          "acoustic_entropy_side": 13.709779739379883,
          "hz": 935.3737400823702
        },
        {
          "acoustic_entropy": 13.675795555114746,
          "acoustic_entropy_side": 13.807446479797363,
          "hz": 1080.2004963696966
        },
        {
          "acoustic_entropy": 14.063262939453125,
          "acoustic_entropy_side": 13.864845275878906,
          "hz": 1237.8529382007157
        },
        {
          "acoustic_entropy": 14.209494590759277,
          "acoustic_entropy_side": 13.978426933288574,
          "hz": 1409.4668930556702
        },
        {
          "acoustic_entropy": 13.1753568649292,
          "acoustic_entropy_side": 13.655515670776367,
          "hz": 1596.2787759475705
        },
        {
          "acoustic_entropy": 13.81859016418457,
          "acoustic_entropy_side": 14.109312057495117,
          "hz": 1799.6344973346393
        },
        {
          "acoustic_entropy": 13.630800247192383,
          "acoustic_entropy_side": 13.628836631774902,
          "hz": 2020.9991599069049
        },
        {
          "acoustic_entropy": 13.831976890563965,
          "acoustic_entropy_side": 13.841614723205566,
          "hz": 2261.9676141086993
        },
        {
          "acoustic_entropy": 13.7362060546875,
          "acoustic_entropy_side": 13.753765106201172,
          "hz": 2524.2759484456974
        },
        {
          "acoustic_entropy": 13.53297233581543,
          "acoustic_entropy_side": 13.698214530944824,
          "hz": 2809.813997359896
        },
        {
          "acoustic_entropy": 13.585615158081055,
