{
  "acoustic_entropy": 190.67665100097656,
  "bands": [
    {
      "high_freq": 148.1999969482422,
      "loudness": -47.69326400756836,
      "loudness_range": 19.504955291748047,
      "mid_mean": -45.877052307128906,
      "mid_to_side_loudness": -4.0358662605285645,
      "mid_to_side_loudness_range": 12.720237731933594,
      "side_mean": -51.58802032470703
    },
    {
      "high_freq": 392.3793640136719,
      "loudness": -32.086647033691406,
      "loudness_range": 17.435224533081055,
      "low_freq": 148.1999969482422,
      "mid_mean": -30.398374557495117,
      "mid_to_side_loudness": -2.800597667694092,
      "mid_to_side_loudness_range": 6.775732517242432,
      "side_mean": -33.19567108154297
    },
    {
      "high_freq": 794.6976318359375,
      "loudness": -31.42014503479004,
      "loudness_range": 15.940916061401367,
      "low_freq": 392.3793640136719,
      "mid_mean": -29.84670639038086,
      "mid_to_side_loudness": -2.468094825744629,
      "mid_to_side_loudness_range": 6.3847808837890625,
      "side_mean": -32.32807922363281
    },
    {
      "high_freq": 1457.5709228515625,
      "loudness": -35.98478317260742,
      "loudness_range": 17.50763702392578,
      "low_freq": 794.6976318359375,
      "mid_mean": -34.15778732299805,
      "mid_to_side_loudness": -3.3641085624694824,
      "mid_to_side_loudness_range": 7.500741958618164,
      "side_mean": -37.50092315673828
    },
    {
      "high_freq": 2549.74365234375,
      "loudness": -38.52671813964844,
      "loudness_range": 21.406896591186523,
      "low_freq": 1457.5709228515625,
      "mid_mean": -36.84154510498047,
      "mid_to_side_loudness": -2.947347640991211,
      "mid_to_side_loudness_range": 4.816824913024902,
      "side_mean": -39.81674575805664
    },
    {
      "high_freq": 4349.24462890625,
      "loudness": -42.891448974609375,
      "loudness_range": 19.174030303955078,
      "low_freq": 2549.74365234375,
      "mid_mean": -41.33732986450195,
      "mid_to_side_loudness": -2.753976821899414,
      "mid_to_side_loudness_range": 5.508145809173584,
      "side_mean": -44.090389251708984
    },
    {
      "high_freq": 7314.1640625,
      "loudness": -54.270267486572266,
      "loudness_range": 23.859237670898438,
      "low_freq": 4349.24462890625,
      "mid_mean": -54.28993225097656,
      "mid_to_side_loudness": -1.5118200778961182,
      "mid_to_side_loudness_range": 3.531862735748291,
      "side_mean": -55.50297546386719
    },
    {
      "high_freq": 12199.2666015625,
      "loudness": -63.051387786865234,
      "loudness_range": 16.90106964111328,
      "low_freq": 7314.1640625,
      "mid_mean": -61.27275466918945,
      "mid_to_side_loudness": -2.256883382797241,
      "mid_to_side_loudness_range": 3.0270724296569824,
      "side_mean": -62.83417510986328
    },
    {
      "loudness": -64.95550537109375,
      "loudness_range": 4.422142028808594,
      "low_freq": 12199.2666015625,
      "mid_mean": -62.5556526184082,
      "mid_to_side_loudness": -4.26439905166626,
      "mid_to_side_loudness_range": 4.898154258728027,
      "side_mean": -65.50364685058594
    }
  ],
  "bands_short": [
    {
      "high_freq": 148.1999969482422,
      "loudness": -52.36705017089844,
      "loudness_range": 22.004886627197266,
      "mid_mean": -52.60596466064453,
      "mid_to_side_loudness": -3.1965458393096924,
      "mid_to_side_loudness_range": 17.13019371032715,
      "side_mean": -55.473289489746094
    },
    {
      "high_freq": 392.3793640136719,
      "loudness": -32.40780258178711,
      "loudness_range": 17.67222785949707,
      "low_freq": 148.1999969482422,
      "mid_mean": -30.799957275390625,
      "mid_to_side_loudness": -2.9656128883361816,
      "mid_to_side_loudness_range": 9.55285358428955,
      "side_mean": -33.76930236816406
    },
    {
      "high_freq": 794.6976318359375,
      "loudness": -31.528364181518555,
      "loudness_range": 16.06404685974121,
      "low_freq": 392.3793640136719,
      "mid_mean": -30.11829948425293,
      "mid_to_side_loudness": -2.432891845703125,
      "mid_to_side_loudness_range": 9.710382461547852,
      "side_mean": -32.57929229736328
    },
    {
      "high_freq": 1457.5709228515625,
      "loudness": -35.80246353149414,
      "loudness_range": 17.637691497802734,
      "low_freq": 794.6976318359375,
      "mid_mean": -34.15957260131836,
      "mid_to_side_loudness": -3.2932116985321045,
      "mid_to_side_loudness_range": 10.00837516784668,
      "side_mean": -37.45637512207031
    },
    {
      "high_freq": 2549.74365234375,
      "loudness": -38.85420608520508,
      "loudness_range": 21.498218536376953,
      "low_freq": 1457.5709228515625,
      "mid_mean": -37.32048797607422,
      "mid_to_side_loudness": -2.9530537128448486,
      "mid_to_side_loudness_range": 8.4752779006958,
      "side_mean": -40.30226516723633
    },
    {
      "high_freq": 4349.24462890625,
      "loudness": -42.82987594604492,
      "loudness_range": 20.22533416748047,
      "low_freq": 2549.74365234375,
      "mid_mean": -41.36616134643555,
      "mid_to_side_loudness": -2.7309727668762207,
      "mid_to_side_loudness_range": 7.5980424880981445,
      "side_mean": -44.108402252197266
    },
    {
      "high_freq": 7314.1640625,
      "loudness": -54.41889953613281,
      "loudness_range": 24.203449249267578,
      "low_freq": 4349.24462890625,
      "mid_mean": -54.46328353881836,
      "mid_to_side_loudness": -1.4628608226776123,
      "mid_to_side_loudness_range": 5.277115821838379,
      "side_mean": -55.642127990722656
    },
    {
      "high_freq": 12199.2666015625,
      "loudness": -63.184391021728516,
      "loudness_range": 17.202980041503906,
      "low_freq": 7314.1640625,
      "mid_mean": -61.38499450683594,
      "mid_to_side_loudness": -2.2284188270568848,
      "mid_to_side_loudness_range": 3.7609376907348633,
      "side_mean": -62.91476821899414
    },
    {
      "loudness": -64.9705810546875,
      "loudness_range": 4.493160247802734,
      "low_freq": 12199.2666015625,
      "mid_mean": -62.58806228637695,
      "mid_to_side_loudness": -4.233707904815674,
      "mid_to_side_loudness_range": 4.918560028076172,
      "side_mean": -65.51506805419922
    }
  ],
  "bandwidth": 591.143310546875,
  "channels": 2,
  "covariance": [
    [
      51.95256805419922,
      37.13751220703125,
      28.498760223388672,
      28.319515228271484,
      14.449014663696289,
      17.139015197753906,
      -2.1454544067382812,
      -1.2397202253341675,
      1.295090913772583,
      1.1344423294067383,
      12.325060844421387,
      16.38705825805664,
      27.849287033081055,
      27.609235763549805,
      20.954484939575195,
      20.327377319335938,
      7.294665813446045,
      4.0706915855407715
    ],
    [
      37.13751220703125,
      69.93953704833984,
      22.7722110748291,
      23.71773338317871,
      14.209229469299316,
      15.256540298461914,
      3.2604873180389404,
      3.364434242248535,
      5.933091640472412,
      6.598746299743652,
      15.602139472961426,
      19.67047119140625,
      53.74276351928711,
      52.064170837402344,
      34.42184066772461,
      31.53522300720215,
      17.82817268371582,
      11.398587226867676
    ],
    [
      28.498760223388672,
      22.7722110748291,
      36.00423812866211,
      31.897502899169922,
      19.148956298828125,
      21.59537124633789,
      6.386242866516113,
      5.196551322937012,
      4.439152240753174,
      4.74643087387085,
      15.407702445983887,
      15.944515228271484,
      24.998077392578125,
      23.63886833190918,
      17.414669036865234,
      15.319685935974121,
      6.370532989501953,
      3.4925320148468018
    ],
    [
      28.319515228271484,
      23.71773338317871,
      31.897502899169922,
      34.111671447753906,
      20.617237091064453,
      22.88704490661621,
      7.034887313842773,
      5.675105094909668,
      5.429080486297607,
      5.58458137512207,
      17.116783142089844,
      18.59369659423828,
      27.494157791137695,
      26.386249542236328,
      19.33922004699707,
      17.63596534729004,
      6.436105728149414,
      3.734431266784668
    ],
    [
      14.449014663696289,
      14.209229469299316,
      19.148956298828125,
      20.617237091064453,
      30.583168029785156,
      28.454219818115234,
      24.51175880432129,
      22.28238296508789,
      22.189361572265625,
      21.72679328918457,
      28.978166580200195,
      29.379676818847656,
      31.60556411743164,
      30.5064754486084,
      18.763671875,
      17.59453582763672,
      3.610668182373047,
      3.429450750350952
    ],
    [
      17.139015197753906,
      15.256540298461914,
      21.59537124633789,
      22.88704490661621,
      28.454219818115234,
      32.054420471191406,
      22.71019172668457,
      20.483272552490234,
      19.979360580444336,
      20.063385009765625,
      28.137836456298828,
      28.96568489074707,
      32.446815490722656,
      31.19054412841797,
      19.44824981689453,
      18.11945915222168,
      4.415255546569824,
      3.4908299446105957
    ],
    [
      -2.1454544067382812,
      3.2604873180389404,
      6.386242866516113,
      7.034887313842773,
      24.51175880432129,
      22.71019172668457,
      41.54151916503906,
      36.50932312011719,
      35.51555252075195,
      34.70087432861328,
      33.07356262207031,
      33.57529067993164,
      28.096649169921875,
      28.02271270751953,
      13.35050106048584,
      12.948613166809082,
      -0.5822535157203674,
      1.9247400760650635
    ],
    [
      -1.2397202253341675,
      3.364434242248535,
      5.196551322937012,
      5.675105094909668,
      22.28238296508789,
      20.483272552490234,
      36.50932312011719,
      39.489017486572266,
      37.31374740600586,
      38.049560546875,
      32.3001823425293,
      33.725830078125,
      26.30161476135254,
      27.15498924255371,
      11.761102676391602,
      11.950807571411133,
      -1.1467491388320923,
      2.0065834522247314
    ],
    [
      1.295090913772583,
      5.933091640472412,
      4.439152240753174,
      5.429080486297607,
      22.189361572265625,
      19.979360580444336,
      35.51555252075195,
      37.31374740600586,
      50.47822189331055,
      50.456268310546875,
      39.8521614074707,
      43.273887634277344,
      31.691801071166992,
      32.6535530090332,
      13.328845024108887,
      13.859762191772461,
      -1.0184681415557861,
      2.585186719894409
    ],
    [
      1.1344423294067383,
      6.598746299743652,
      4.74643087387085,
      5.58458137512207,
      21.72679328918457,
      20.063385009765625,
      34.70087432861328,
      38.049560546875,
      50.456268310546875,
      55.50581741333008,
      40.112552642822266,
      44.092063903808594,
      32.55077362060547,
      33.76719284057617,
      13.564266204833984,
      14.420145988464355,
      -1.1685688495635986,
      2.723879098892212
    ],
    [
      12.325060844421387,
      15.602139472961426,
      15.407702445983887,
      17.116783142089844,
      28.978166580200195,
      28.137836456298828,
      33.07356262207031,
      32.3001823425293,
      39.8521614074707,
      40.112552642822266,
      52.253658294677734,
      51.15348815917969,
      47.104042053222656,
      46.88526153564453,
      25.97030258178711,
      25.691905975341797,
      2.4096813201904297,
      4.175422191619873
    ],
    [
      16.38705825805664,
      19.67047119140625,
      15.944515228271484,
      18.59369659423828,
      29.379676818847656,
      28.96568489074707,
      33.57529067993164,
      33.725830078125,
      43.273887634277344,
      44.092063903808594,
      51.15348815917969,
      56.368690490722656,
      50.75571823120117,
      51.79430389404297,
      27.606996536254883,
      28.16811180114746,
      2.373940944671631,
      4.247025489807129
    ],
    [
      27.849287033081055,
      53.74276351928711,
      24.998077392578125,
      27.494157791137695,
      31.60556411743164,
      32.446815490722656,
      28.096649169921875,
      26.30161476135254,
      31.691801071166992,
      32.55077362060547,
      47.104042053222656,
      50.75571823120117,
      79.40166473388672,
      77.284912109375,
      45.89718246459961,
      43.176937103271484,
      16.389833450317383,
      12.004514694213867
    ],
    [
      27.609235763549805,
      52.064170837402344,
      23.63886833190918,
      26.386249542236328,
      30.5064754486084,
      31.19054412841797,
      28.02271270751953,
      27.15498924255371,
      32.6535530090332,
      33.76719284057617,
      46.88526153564453,
      51.79430389404297,
      77.284912109375,
      76.99047088623047,
      44.49596405029297,
      42.650230407714844,
      14.950639724731445,
      11.386363983154297
    ],
    [
      20.954484939575195,
      34.42184066772461,
      17.414669036865234,
      19.33922004699707,
      18.763671875,
      19.44824981689453,
      13.35050106048584,
      11.761102676391602,
      13.328845024108887,
      13.564266204833984,
      25.97030258178711,
      27.606996536254883,
      45.89718246459961,
      44.49596405029297,
      30.80657196044922,
      28.721853256225586,
      10.45978832244873,
      7.698408603668213
    ],
    [
      20.327377319335938,
      31.53522300720215,
      15.319685935974121,
      17.63596534729004,
      17.59453582763672,
      18.11945915222168,
      12.948613166809082,
      11.950807571411133,
      13.859762191772461,
      14.420145988464355,
      25.691905975341797,
      28.16811180114746,
      43.176937103271484,
      42.650230407714844,
      28.721853256225586,
      28.00891876220703,
      8.788409233093262,
      6.9967169761657715
    ],
    [
      7.294665813446045,
      17.82817268371582,
      6.370532989501953,
      6.436105728149414,
      3.610668182373047,
      4.415255546569824,
      -0.5822535157203674,
      -1.1467491388320923,
      -1.0184681415557861,
      -1.1685688495635986,
      2.4096813201904297,
      2.373940944671631,
      16.389833450317383,
      14.950639724731445,
      10.45978832244873,
      8.788409233093262,
      7.3626179695129395,
      4.218385696411133
    ],
    [
      4.0706915855407715,
      11.398587226867676,
      3.4925320148468018,
      3.734431266784668,
      3.429450750350952,
      3.4908299446105957,
      1.9247400760650635,
      2.0065834522247314,
      2.585186719894409,
      2.723879098892212,
      4.175422191619873,
      4.247025489807129,
      12.004514694213867,
      11.386363983154297,
      7.698408603668213,
      6.9967169761657715,
      4.218385696411133,
      3.2538278102874756
    ]
  ],
  "covariance_short": [
    [
      86.74165344238281,
      55.08612823486328,
      28.944000244140625,
      27.512868881225586,
      11.186456680297852,
      17.118459701538086,
      -9.100189208984375,
      -7.987890720367432,
      -6.36553955078125,
      -6.132580280303955,
      4.372425079345703,
      6.730355739593506,
      43.043975830078125,
      39.44830322265625,
      28.635286331176758,
      24.41667366027832,
      19.48276710510254,
      10.468563079833984
    ],
    [
      55.08612823486328,
      53.863189697265625,
      20.503381729125977,
      22.03911781311035,
      11.25029468536377,
      14.655789375305176,
      -0.5016669034957886,
      -0.5299542546272278,
      0.26362648606300354,
      1.2181861400604248,
      9.41136360168457,
      12.24197769165039,
      41.17525863647461,
      39.14188003540039,
      27.047536849975586,
      24.057525634765625,
      15.118310928344727,
      9.141340255737305
    ],
    [
      28.944000244140625,
      20.503381729125977,
      38.306968688964844,
      31.58686065673828,
      19.9352970123291,
      22.769222259521484,
      6.261835098266602,
      5.098726749420166,
      4.471149921417236,
      4.704621315002441,
      15.51989459991455,
      15.962613105773926,
      25.345441818237305,
      23.680253982543945,
      17.54018783569336,
      15.405619621276855,
      6.364035129547119,
      3.5138120651245117
    ],
    [
      27.512868881225586,
      22.03911781311035,
      31.58686065673828,
      36.40092468261719,
      20.731481552124023,
      23.45827293395996,
      7.103630065917969,
      5.784338474273682,
      5.314974784851074,
      5.203004837036133,
      17.015926361083984,
      18.186092376708984,
      27.59803581237793,
      26.212854385375977,
      19.475465774536133,
      17.586669921875,
      6.382559299468994,
      3.754988670349121
    ],
    [
      11.186456680297852,
      11.25029468536377,
      19.9352970123291,
      20.731481552124023,
      32.72895431518555,
      28.049774169921875,
      23.605249404907227,
      21.629920959472656,
      21.668230056762695,
      20.947256088256836,
      28.5308837890625,
      28.906909942626953,
      31.121143341064453,
      30.008760452270508,
      18.42914581298828,
      17.264244079589844,
      3.6334915161132812,
      3.375563621520996
    ],
    [
      17.118459701538086,
      14.655789375305176,
      22.769222259521484,
      23.45827293395996,
      28.049774169921875,
      35.6638298034668,
      21.410572052001953,
      19.650012969970703,
      18.95745277404785,
      19.015872955322266,
      27.641202926635742,
      28.780654907226562,
      32.7484245300293,
      31.553190231323242,
      19.80082130432129,
      18.417980194091797,
      4.6404218673706055,
      3.583599090576172
    ],
    [
      -9.100189208984375,
      -0.5016669034957886,
      6.261835098266602,
      7.103630065917969,
      23.605249404907227,
      21.410572052001953,
      43.68212127685547,
      35.550262451171875,
      34.78475570678711,
      33.59226989746094,
      33.0560188293457,
      33.75041961669922,
      27.306049346923828,
      27.487031936645508,
      12.874213218688965,
      12.638591766357422,
      -0.5678650140762329,
      1.8142383098602295
    ],
    [
      -7.987890720367432,
      -0.5299542546272278,
      5.098726749420166,
      5.784338474273682,
      21.629920959472656,
      19.650012969970703,
      35.550262451171875,
      41.309268951416016,
      36.83091354370117,
      37.202667236328125,
      32.740631103515625,
      33.93758773803711,
      25.826244354248047,
      26.738914489746094,
      11.59745979309082,
      11.792319297790527,
      -1.0218493938446045,
      1.9235972166061401
    ],
    [
      -6.36553955078125,
      0.26362648606300354,
      4.471149921417236,
      5.314974784851074,
      21.668230056762695,
      18.95745277404785,
      34.78475570678711,
      36.83091354370117,
      53.06345748901367,
      50.04776382446289,
      40.87199783325195,
      43.719783782958984,
      31.622629165649414,
      32.65494918823242,
      13.432952880859375,
      13.922934532165527,
      -0.8225023150444031,
      2.61970591545105
    ],
    [
      -6.132580280303955,
      1.2181861400604248,
      4.704621315002441,
      5.203004837036133,
      20.947256088256836,
      19.015872955322266,
      33.59226989746094,
      37.202667236328125,
      50.04776382446289,
      57.66542053222656,
      40.86032485961914,
      44.82395935058594,
      32.36900329589844,
      33.61277389526367,
      13.562944412231445,
      14.329960823059082,
      -0.9731316566467285,
      2.7023701667785645
    ],
    [
      4.372425079345703,
      9.41136360168457,
      15.51989459991455,
      17.015926361083984,
      28.5308837890625,
      27.641202926635742,
      33.0560188293457,
      32.740631103515625,
      40.87199783325195,
      40.86032485961914,
      55.33980178833008,
      52.4832878112793,
      47.37092971801758,
      47.50360107421875,
      26.118051528930664,
      25.864513397216797,
      2.327641487121582,
      4.078919887542725
    ],
    [
      6.730355739593506,
      12.24197769165039,
      15.962613105773926,
      18.186092376708984,
      28.906909942626953,
      28.780654907226562,
      33.75041961669922,
      33.93758773803711,
      43.719783782958984,
      44.82395935058594,
      52.4832878112793,
      59.891578674316406,
      51.66493225097656,
      52.85445022583008,
      27.821496963500977,
      28.34073829650879,
      2.365157127380371,
      4.242193222045898
    ],
    [
      43.043975830078125,
      41.17525863647461,
      25.345441818237305,
      27.59803581237793,
      31.121143341064453,
      32.7484245300293,
      27.306049346923828,
      25.826244354248047,
      31.622629165649414,
      32.36900329589844,
      47.37092971801758,
      51.66493225097656,
      80.85331726074219,
      77.90428924560547,
      45.94253158569336,
      43.174137115478516,
      16.300519943237305,
      11.903289794921875
    ],
    [
      39.44830322265625,
      39.14188003540039,
      23.680253982543945,
      26.212854385375977,
      30.008760452270508,
      31.553190231323242,
      27.487031936645508,
      26.738914489746094,
      32.65494918823242,
      33.61277389526367,
      47.50360107421875,
      52.85445022583008,
      77.90428924560547,
      78.30554962158203,
      44.3938102722168,
      42.54851150512695,
      14.847883224487305,
      11.271218299865723
    ],
    [
      28.635286331176758,
      27.047536849975586,
      17.54018783569336,
      19.475465774536133,
      18.42914581298828,
      19.80082130432129,
      12.874213218688965,
      11.59745979309082,
      13.432952880859375,
      13.562944412231445,
      26.118051528930664,
      27.821496963500977,
      45.94253158569336,
      44.3938102722168,
      31.14888572692871,
      28.790451049804688,
      10.409055709838867,
      7.642502307891846
    ],
    [
      24.41667366027832,
      24.057525634765625,
      15.405619621276855,
      17.586669921875,
      17.264244079589844,
      18.417980194091797,
      12.638591766357422,
      11.792319297790527,
      13.922934532165527,
      14.329960823059082,
      25.864513397216797,
      28.34073829650879,
      43.174137115478516,
      42.54851150512695,
      28.790451049804688,
      28.19257354736328,
      8.724567413330078,
      6.923151969909668
    ],
    [
      19.48276710510254,
      15.118310928344727,
      6.364035129547119,
      6.382559299468994,
      3.6334915161132812,
      4.6404218673706055,
      -0.5678650140762329,
      -1.0218493938446045,
      -0.8225023150444031,
      -0.9731316566467285,
      2.327641487121582,
      2.365157127380371,
      16.300519943237305,
      14.847883224487305,
      10.409055709838867,
      8.724567413330078,
      7.432330131530762,
      4.216017723083496
    ],
    [
      10.468563079833984,
      9.141340255737305,
      3.5138120651245117,
      3.754988670349121,
      3.375563621520996,
      3.583599090576172,
      1.8142383098602295,
      1.9235972166061401,
      2.61970591545105,
      2.7023701667785645,
      4.078919887542725,
      4.242193222045898,
      11.903289794921875,
      11.271218299865723,
      7.642502307891846,
      6.923151969909668,
      4.216017723083496,
      3.2586510181427
    ]
  ],
  "damage": -15.468254089355469,
  "diff_bandwidth": 625.6152954101562,
  "dissonance": 5.1759053358838,
  "drr": -3.0917575359344482,
  "dynamics": 4.4171977043151855,
  "format": 1245190,
  "frames": 4869056,
  "loudness": -22.837081909179688,
  "loudness_range": 13.397643089294434,
  "loudness_range_short": 14.12375259399414,
  "lowpass_true_peak_15khz": 0.09092167764902115,
  "mastering3_acoustic_entropies": [
    {
      "acoustic_entropy": 6.07681941986084,
      "acoustic_entropy_mono": 6.213376522064209,
      "band_eliminated_acoustic_entropies": [
        {
          "acoustic_entropy": 6.07732629776001,
          "acoustic_entropy_side": 6.0771260261535645,
          "hz": 129.47220167065723
        },
        {
          "acoustic_entropy": 6.136450290679932,
          "acoustic_entropy_side": 6.090177059173584,
          "hz": 202.92927478742237
        },
        {
          "acoustic_entropy": 6.168025016784668,
          "acoustic_entropy_side": 6.1695637702941895,
          "hz": 282.89161906338205
        },
        {
          "acoustic_entropy": 6.4255757331848145,
          "acoustic_entropy_side": 6.002505302429199,
          "hz": 369.9353335868758
        },
        {
          "acoustic_entropy": 6.207355499267578,
          "acoustic_entropy_side": 6.200899600982666,
          "hz": 464.6875360973435
        },
        {
          "acoustic_entropy": 6.192769527435303,
          "acoustic_entropy_side": 6.096790790557861,
          "hz": 567.8308811364784
        },
        {
          "acoustic_entropy": 6.198730945587158,
          "acoustic_entropy_side": 6.4246506690979,
          "hz": 680.1084783214808
        },
        {
          "acoustic_entropy": 6.9071574211120605,
          "acoustic_entropy_side": 6.578492641448975,
          "hz": 802.3292461747484
        },
        {
          "acoustic_entropy": 6.428974628448486,
          "acoustic_entropy_side": 6.119234561920166,
          "hz": 935.3737400823702
        },
        {
          "acoustic_entropy": 5.954366207122803,
          "acoustic_entropy_side": 6.01724910736084,
          "hz": 1080.2004963696966
        },
        {
          "acoustic_entropy": 6.572441577911377,
          "acoustic_entropy_side": 6.206003665924072,
          "hz": 1237.8529382007157
        },
        {
          "acoustic_entropy": 6.152130603790283,
          "acoustic_entropy_side": 5.957225322723389,
          "hz": 1409.4668930556702
        },
        {
          "acoustic_entropy": 6.29713773727417,
          "acoustic_entropy_side": 6.1653008460998535,
          "hz": 1596.2787759475705
        },
        {
          "acoustic_entropy": 5.748272895812988,
          "acoustic_entropy_side": 6.471704959869385,
          "hz": 1799.6344973346393
        },
        {
          "acoustic_entropy": 6.205491065979004,
          "acoustic_entropy_side": 6.1479973793029785,
          "hz": 2020.9991599069049
        },
        {
          "acoustic_entropy": 6.175634860992432,
          "acoustic_entropy_side": 6.108588218688965,
          "hz": 2261.9676141086993
        },
        {
          "acoustic_entropy": 6.06242561340332,
          "acoustic_entropy_side": 6.039312839508057,
          "hz": 2524.2759484456974
        },
        {
          "acoustic_entropy": 6.090566635131836,
          "acoustic_entropy_side": 6.05103063583374,
          "hz": 2809.813997359896
        },
        {
          "acoustic_entropy": 5.997214317321777,
          "acoustic_entropy_side": 5.997437000274658,
          "hz": 3120.6389567871424
        },
        {
          "acoustic_entropy": 6.174014568328857,
          "acoustic_entropy_side": 6.061308860778809,
          "hz": 3458.990205492291
        },
        {
          "acoustic_entropy": 6.003811359405518,
          "acoustic_entropy_side": 6.003851890563965,
          "hz": 3827.305438964164
        },
        {
          "acoustic_entropy": 6.365963459014893,
          "acoustic_entropy_side": 6.061429977416992,
          "hz": 4228.238232109126
        },
        {
          "acoustic_entropy": 6.0037760734558105,
          "acoustic_entropy_side": 6.021890163421631,
          "hz": 4664.6771572759235
        },
        {
          "acoustic_entropy": 6.051628112792969,
          "acoustic_entropy_side": 6.045715808868408,
          "hz": 5139.766595350093
        },
        {
          "acoustic_entropy": 6.045554161071777,
          "acoustic_entropy_side": 6.064802646636963,
          "hz": 5656.929389854203
        },
        {
          "acoustic_entropy": 6.0659871101379395,
          "acoustic_entropy_side": 6.073524475097656,
          "hz": 6219.891507268283
        },
        {
          "acoustic_entropy": 6.070695400238037,
          "acoustic_entropy_side": 6.074615001678467,
          "hz": 6832.70888123896
        },
        {
          "acoustic_entropy": 6.073235511779785,
          "acoustic_entropy_side": 6.075344085693359,
          "hz": 7499.796634079867
        },
        {
          "acoustic_entropy": 6.074789524078369,
          "acoustic_entropy_side": 6.076104164123535,
          "hz": 8225.96088609342
        },
        {
          "acoustic_entropy": 6.076139450073242,
          "acoustic_entropy_side": 6.076587200164795,
          "hz": 9016.43338188839
        },
        {
          "acoustic_entropy": 6.076611518859863,
          "acoustic_entropy_side": 6.076747894287109,
          "hz": 9876.909183162974
        },
        {
          "acoustic_entropy": 6.076748371124268,
          "acoustic_entropy_side": 6.076797008514404,
          "hz": 10813.587699516042
        },
        {
          "acoustic_entropy": 6.076798439025879,
          "acoustic_entropy_side": 6.07681131362915,
          "hz": 11833.21735289826
        },
        {
          "acoustic_entropy": 6.076808929443359,
          "acoustic_entropy_side": 6.076813697814941,
          "hz": 12943.144197493959
        },
        {
          "acoustic_entropy": 6.076822280883789,
          "acoustic_entropy_side": 6.076820373535156,
          "hz": 14151.364845322005
        },
        {
          "acoustic_entropy": 6.076821804046631,
          "acoustic_entropy_side": 6.076821327209473,
          "hz": 15466.58407886509
        },
        {
          "acoustic_entropy": 6.076818943023682,
          "acoustic_entropy_side": 6.076818943023682,
          "hz": 16898.27756580493
        },
        {
          "acoustic_entropy": 6.076819896697998,
          "acoustic_entropy_side": 6.07681941986084,
          "hz": 18456.760127700032
        },
        {
          "acoustic_entropy": 6.076817512512207,
          "acoustic_entropy_side": 6.07681941986084,
          "hz": 20153.260054456492
        },
        {
          "acoustic_entropy": 6.076817035675049,
          "acoustic_entropy_side": 6.07681941986084,
          "hz": 22000.00000000001
        }
      ],
      "diff_acoustic_entropy": 0.8364576101303101,
      "sn": 6
    },
    {
      "acoustic_entropy": 10.206571578979492,
      "acoustic_entropy_mono": 9.384673118591309,
      "band_eliminated_acoustic_entropies": [
        {
          "acoustic_entropy": 10.204875946044922,
          "acoustic_entropy_side": 10.20873737335205,
          "hz": 129.47220167065723
        },
        {
          "acoustic_entropy": 10.103053092956543,
          "acoustic_entropy_side": 10.18113899230957,
          "hz": 202.92927478742237
        },
        {
          "acoustic_entropy": 10.228801727294922,
          "acoustic_entropy_side": 10.302133560180664,
          "hz": 282.89161906338205
        },
        {
          "acoustic_entropy": 9.817873001098633,
          "acoustic_entropy_side": 10.145508766174316,
          "hz": 369.9353335868758
        },
        {
          "acoustic_entropy": 10.25161075592041,
          "acoustic_entropy_side": 10.104521751403809,
          "hz": 464.6875360973435
        },
        {
          "acoustic_entropy": 9.466263771057129,
          "acoustic_entropy_side": 9.91538143157959,
          "hz": 567.8308811364784
        },
        {
          "acoustic_entropy": 9.711676597595215,
          "acoustic_entropy_side": 10.292701721191406,
          "hz": 680.1084783214808
        },
        {
          "acoustic_entropy": 10.116750717163086,
          "acoustic_entropy_side": 9.886041641235352,
          "hz": 802.3292461747484
        },
        {
          "acoustic_entropy": 9.405258178710938,
          "acoustic_entropy_side": 9.82602310180664,
          "hz": 935.3737400823702
        },
        {
          "acoustic_entropy": 8.985422134399414,
          "acoustic_entropy_side": 10.289491653442383,
          "hz": 1080.2004963696966
        },
        {
          "acoustic_entropy": 10.281628608703613,
          "acoustic_entropy_side": 10.087336540222168,
          "hz": 1237.8529382007157
        },
        {
          "acoustic_entropy": 9.9393892288208,
          "acoustic_entropy_side": 10.049452781677246,
          "hz": 1409.4668930556702
        },
        {
          "acoustic_entropy": 10.167862892150879,
          "acoustic_entropy_side": 10.233600616455078,
          "hz": 1596.2787759475705
        },
        {
          "acoustic_entropy": 9.709467887878418,
          "acoustic_entropy_side": 10.534688949584961,
          "hz": 1799.6344973346393
        },
        {
          "acoustic_entropy": 9.499166488647461,
          "acoustic_entropy_side": 10.24855899810791,
          "hz": 2020.9991599069049
        },
        {
          "acoustic_entropy": 10.091166496276855,
          "acoustic_entropy_side": 10.166975021362305,
          "hz": 2261.9676141086993
        },
        {
          "acoustic_entropy": 10.170721054077148,
          "acoustic_entropy_side": 9.972848892211914,
          "hz": 2524.2759484456974
        },
        {
          "acoustic_entropy": 9.878034591674805,
          "acoustic_entropy_side": 10.114355087280273,
          "hz": 2809.813997359896
        },
        {
          "acoustic_entropy": 9.726633071899414,
          "acoustic_entropy_side": 9.921528816223145,
          "hz": 3120.6389567871424
        },
        {
          "acoustic_entropy": 10.0746431350708,
          "acoustic_entropy_side": 10.254752159118652,
          "hz": 3458.990205492291
        },
        {
          "acoustic_entropy": 10.09619140625,
          "acoustic_entropy_side": 10.152017593383789,
          "hz": 3827.305438964164
        },
        {
          "acoustic_entropy": 10.082707405090332,
          "acoustic_entropy_side": 10.170428276062012,
          "hz": 4228.238232109126
        },
        {
          "acoustic_entropy": 10.066475868225098,
          "acoustic_entropy_side": 10.181663513183594,
          "hz": 4664.6771572759235
        },
        {
          "acoustic_entropy": 10.090714454650879,
          "acoustic_entropy_side": 10.162705421447754,
          "hz": 5139.766595350093
        },
        {
          "acoustic_entropy": 10.17618465423584,
          "acoustic_entropy_side": 10.193970680236816,
          "hz": 5656.929389854203
        },
        {
          "acoustic_entropy": 10.168437957763672,
          "acoustic_entropy_side": 10.188108444213867,
          "hz": 6219.891507268283
        },
        {
          "acoustic_entropy": 10.186087608337402,
          "acoustic_entropy_side": 10.195232391357422,
          "hz": 6832.70888123896
        },
        {
          "acoustic_entropy": 10.185768127441406,
          "acoustic_entropy_side": 10.194391250610352,
          "hz": 7499.796634079867
        },
        {
          "acoustic_entropy": 10.198719024658203,
          "acoustic_entropy_side": 10.202259063720703,
          "hz": 8225.96088609342
        },
        {
          "acoustic_entropy": 10.204635620117188,
          "acoustic_entropy_side": 10.205222129821777,
          "hz": 9016.43338188839
        },
        {
          "acoustic_entropy": 10.205792427062988,
          "acoustic_entropy_side": 10.205989837646484,
          "hz": 9876.909183162974
        },
        {
          "acoustic_entropy": 10.206467628479004,
          "acoustic_entropy_side": 10.206344604492188,
          "hz": 10813.587699516042
        },
        {
          "acoustic_entropy": 10.206635475158691,
          "acoustic_entropy_side": 10.206486701965332,
          "hz": 11833.21735289826
        },
        {
          "acoustic_entropy": 10.20667552947998,
          "acoustic_entropy_side": 10.206563949584961,
          "hz": 12943.144197493959
        },
        {
          "acoustic_entropy": 10.2066068649292,
          "acoustic_entropy_side": 10.206565856933594,
          "hz": 14151.364845322005
        },
        {
          "acoustic_entropy": 10.206597328186035,
          "acoustic_entropy_side": 10.206581115722656,
          "hz": 15466.58407886509
        },
        {
          "acoustic_entropy": 10.206575393676758,
          "acoustic_entropy_side": 10.20658016204834,
          "hz": 16898.27756580493
        },
        {
          "acoustic_entropy": 10.206574440002441,
          "acoustic_entropy_side": 10.206574440002441,
          "hz": 18456.760127700032
        },
        {
          "acoustic_entropy": 10.206582069396973,
          "acoustic_entropy_side": 10.206572532653809,
          "hz": 20153.260054456492
        },
        {
          "acoustic_entropy": 10.206579208374023,
          "acoustic_entropy_side": 10.206571578979492,
          "hz": 22000.00000000001
        }
      ],
      "diff_acoustic_entropy": 2.1788439750671387,
      "sn": 12
    },
    {
      "acoustic_entropy": 14.194222450256348,
      "acoustic_entropy_mono": 13.683002471923828,
      "band_eliminated_acoustic_entropies": [
        {
          "acoustic_entropy": 14.321759223937988,
          "acoustic_entropy_side": 14.21535587310791,
          "hz": 129.47220167065723
        },
        {
          "acoustic_entropy": 14.609108924865723,
          "acoustic_entropy_side": 14.178777694702148,
          "hz": 202.92927478742237
        },
        {
          "acoustic_entropy": 14.155294418334961,
          "acoustic_entropy_side": 14.02420711517334,
          "hz": 282.89161906338205
        },
        {
          "acoustic_entropy": 14.431983947753906,
          "acoustic_entropy_side": 14.133854866027832,
          "hz": 369.9353335868758
        },
        {
          "acoustic_entropy": 16.178314208984375,
          "acoustic_entropy_side": 14.851844787597656,
          "hz": 464.6875360973435
        },
        {
          "acoustic_entropy": 14.36844253540039,
          "acoustic_entropy_side": 14.531464576721191,
          "hz": 567.8308811364784
        },
        {
          "acoustic_entropy": 14.974586486816406,
          "acoustic_entropy_side": 14.527685165405273,
          "hz": 680.1084783214808
        },
        {
          "acoustic_entropy": 14.997654914855957,
          "acoustic_entropy_side": 14.188913345336914,
          "hz": 802.3292461747484
        },
        {
          "acoustic_entropy": 13.318427085876465,
          "acoustic_entropy_side": 14.365036010742188,
          "hz": 935.3737400823702
        },
        {
          "acoustic_entropy": 15.569563865661621,
          "acoustic_entropy_side": 15.636207580566406,
          "hz": 1080.2004963696966
        },
        {
          "acoustic_entropy": 14.764328956604004,
          "acoustic_entropy_side": 14.417924880981445,
          "hz": 1237.8529382007157
        },
        {
          "acoustic_entropy": 15.1175537109375,
          "acoustic_entropy_side": 14.51987361907959,
          "hz": 1409.4668930556702
        },
        {
          "acoustic_entropy": 14.132881164550781,
          "acoustic_entropy_side": 14.258949279785156,
          "hz": 1596.2787759475705
        },
        {
          "acoustic_entropy": 14.080424308776855,
          "acoustic_entropy_side": 14.216092109680176,
          "hz": 1799.6344973346393
        },
        {
          "acoustic_entropy": 14.324289321899414,
          "acoustic_entropy_side": 13.278042793273926,
          "hz": 2020.9991599069049
        },
        {
          "acoustic_entropy": 14.354459762573242,
          "acoustic_entropy_side": 13.941595077514648,
          "hz": 2261.9676141086993
        },
        {
          "acoustic_entropy": 14.69252872467041,
          "acoustic_entropy_side": 14.432744979858398,
          "hz": 2524.2759484456974
        },
        {
          "acoustic_entropy": 14.02048110961914,
          "acoustic_entropy_side": 14.267324447631836,
          "hz": 2809.813997359896
        },
        {
          "acoustic_entropy": 14.599023818969727,
          "acoustic_entropy_side": 14.358681678771973,
