{
  "acoustic_entropy": 155.9572296142578,
  "bands": [
    {
      "high_freq": 148.1999969482422,
      "loudness": -29.613433837890625,
      "loudness_range": 11.248159408569336,
      "mid_mean": -26.820362091064453,
      "mid_to_side_loudness": -6.649256706237793,
      "mid_to_side_loudness_range": 5.5970458984375,
      "side_mean": -33.47008514404297
    },
    {
      "high_freq": 392.3793640136719,
      "loudness": -30.647581100463867,
      "loudness_range": 15.781278610229492,
      "low_freq": 148.1999969482422,
      "mid_mean": -28.89855194091797,
      "mid_to_side_loudness": -2.6841821670532227,
      "mid_to_side_loudness_range": 4.560009479522705,
      "side_mean": -31.54757308959961
    },
    {
      "high_freq": 794.6976318359375,
      "loudness": -32.53786087036133,
      "loudness_range": 22.559968948364258,
      "low_freq": 392.3793640136719,
      "mid_mean": -31.19974708557129,
      "mid_to_side_loudness": -1.6036465167999268,
      "mid_to_side_loudness_range": 3.5035629272460938,
      "side_mean": -32.80884552001953
    },
    {
      "high_freq": 1457.5709228515625,
      "loudness": -40.42452621459961,
      "loudness_range": 23.251327514648438,
      "low_freq": 794.6976318359375,
      "mid_mean": -39.39475631713867,
      "mid_to_side_loudness": -0.8627526164054871,
      "mid_to_side_loudness_range": 2.157808303833008,
      "side_mean": -40.301937103271484
    },
    {
      "high_freq": 2549.74365234375,
      "loudness": -44.669620513916016,
      "loudness_range": 25.15044403076172,
      "low_freq": 1457.5709228515625,
      "mid_mean": -43.839473724365234,
      "mid_to_side_loudness": -0.732044517993927,
      "mid_to_side_loudness_range": 1.361749529838562,
      "side_mean": -44.590415954589844
    },
    {
      "high_freq": 4349.24462890625,
      "loudness": -48.1418571472168,
      "loudness_range": 24.779987335205078,
      "low_freq": 2549.74365234375,
      "mid_mean": -47.03437042236328,
      "mid_to_side_loudness": -0.691639244556427,
      "mid_to_side_loudness_range": 0.9870085716247559,
      "side_mean": -47.707340240478516
    },
    {
      "high_freq": 7314.1640625,
      "loudness": -53.076416015625,
      "loudness_range": 19.686790466308594,
      "low_freq": 4349.24462890625,
      "mid_mean": -51.91225814819336,
      "mid_to_side_loudness": -0.6538214683532715,
      "mid_to_side_loudness_range": 0.6375762224197388,
      "side_mean": -52.53978729248047
    },
    {
      "high_freq": 12199.2666015625,
      "loudness": -52.780052185058594,
      "loudness_range": 18.37984848022461,
      "low_freq": 7314.1640625,
      "mid_mean": -51.67312240600586,
      "mid_to_side_loudness": -0.6105647087097168,
      "mid_to_side_loudness_range": 0.45636582374572754,
      "side_mean": -52.26441955566406
    },
    {
      "loudness": -56.53700637817383,
      "loudness_range": 16.670852661132812,
      "low_freq": 12199.2666015625,
      "mid_mean": -55.35533905029297,
      "mid_to_side_loudness": -0.4639083743095398,
      "mid_to_side_loudness_range": 0.5112854242324829,
      "side_mean": -55.79410171508789
    }
  ],
  "bands_short": [
    {
      "high_freq": 148.1999969482422,
      "loudness": -33.6857795715332,
      "loudness_range": 19.336084365844727,
      "mid_mean": -31.013370513916016,
      "mid_to_side_loudness": -6.882944107055664,
      "mid_to_side_loudness_range": 10.579197883605957,
      "side_mean": -37.880157470703125
    },
    {
      "high_freq": 392.3793640136719,
      "loudness": -30.3099365234375,
      "loudness_range": 17.293275833129883,
      "low_freq": 148.1999969482422,
      "mid_mean": -28.17072105407715,
      "mid_to_side_loudness": -4.115443706512451,
      "mid_to_side_loudness_range": 7.346022129058838,
      "side_mean": -32.28892135620117
    },
    {
      "high_freq": 794.6976318359375,
      "loudness": -34.3814811706543,
      "loudness_range": 27.307218551635742,
      "low_freq": 392.3793640136719,
      "mid_mean": -33.15495300292969,
      "mid_to_side_loudness": -1.4575756788253784,
      "mid_to_side_loudness_range": 6.005133628845215,
      "side_mean": -34.64985275268555
    },
    {
      "high_freq": 1457.5709228515625,
      "loudness": -42.560977935791016,
      "loudness_range": 28.291080474853516,
      "low_freq": 794.6976318359375,
      "mid_mean": -41.718894958496094,
      "mid_to_side_loudness": -0.8734338283538818,
      "mid_to_side_loudness_range": 4.348031044006348,
      "side_mean": -42.68122863769531
    },
    {
      "high_freq": 2549.74365234375,
      "loudness": -47.78741455078125,
      "loudness_range": 29.55547332763672,
      "low_freq": 1457.5709228515625,
      "mid_mean": -47.044734954833984,
      "mid_to_side_loudness": -0.7208429574966431,
      "mid_to_side_loudness_range": 3.0536887645721436,
      "side_mean": -47.76942825317383
    },
    {
      "high_freq": 4349.24462890625,
      "loudness": -50.870758056640625,
      "loudness_range": 27.665904998779297,
      "low_freq": 2549.74365234375,
      "mid_mean": -49.68076705932617,
      "mid_to_side_loudness": -0.6907501816749573,
      "mid_to_side_loudness_range": 2.396576404571533,
      "side_mean": -50.36894989013672
    },
    {
      "high_freq": 7314.1640625,
      "loudness": -55.909671783447266,
      "loudness_range": 23.000648498535156,
      "low_freq": 4349.24462890625,
      "mid_mean": -54.632442474365234,
      "mid_to_side_loudness": -0.6188982725143433,
      "mid_to_side_loudness_range": 1.8155699968338013,
      "side_mean": -55.20940399169922
    },
    {
      "high_freq": 12199.2666015625,
      "loudness": -56.05915451049805,
      "loudness_range": 21.033729553222656,
      "low_freq": 7314.1640625,
      "mid_mean": -54.83481979370117,
      "mid_to_side_loudness": -0.5794191360473633,
      "mid_to_side_loudness_range": 1.3263195753097534,
      "side_mean": -55.381568908691406
    },
    {
      "loudness": -59.658077239990234,
      "loudness_range": 18.177200317382812,
      "low_freq": 12199.2666015625,
      "mid_mean": -58.2839241027832,
      "mid_to_side_loudness": -0.38232147693634033,
      "mid_to_side_loudness_range": 1.3633391857147217,
      "side_mean": -58.630393981933594
    }
  ],
  "bandwidth": 408.37200927734375,
  "channels": 2,
  "covariance": [
    [
      18.99843978881836,
      17.6544246673584,
      4.40691614151001,
      4.5233378410339355,
      4.772094249725342,
      4.673268795013428,
      5.5728559494018555,
      5.832703113555908,
      8.107071876525879,
      8.29554557800293,
      8.460532188415527,
      8.397162437438965,
      7.414470672607422,
      7.349327564239502,
      7.265254974365234,
      7.2209858894348145,
      6.645762920379639,
      6.509831428527832
    ],
    [
      17.6544246673584,
      20.528297424316406,
      4.316494941711426,
      5.044526100158691,
      5.613779067993164,
      5.497391700744629,
      6.745858192443848,
      6.997048377990723,
      9.473094940185547,
      9.674413681030273,
      9.672167778015137,
      9.65300178527832,
      8.607771873474121,
      8.539583206176758,
      8.416818618774414,
      8.363079071044922,
      7.6907782554626465,
      7.530629634857178
    ],
    [
      4.40691614151001,
      4.316494941711426,
      32.693756103515625,
      31.676116943359375,
      22.92827796936035,
      22.200891494750977,
      20.64932632446289,
      20.907337188720703,
      28.136859893798828,
      28.1700382232666,
      22.983415603637695,
      22.95319366455078,
      13.405009269714355,
      13.270099639892578,
      10.617134094238281,
      10.467753410339355,
      8.285994529724121,
      8.07795524597168
    ],
    [
      4.5233378410339355,
      5.044526100158691,
      31.676116943359375,
      33.89207077026367,
      25.101123809814453,
      24.388715744018555,
      22.767866134643555,
      22.94224739074707,
      30.242319107055664,
      30.268144607543945,
      24.670494079589844,
      24.662893295288086,
      13.648133277893066,
      13.520259857177734,
      10.498173713684082,
      10.340576171875,
      8.103768348693848,
      7.895332336425781
    ],
    [
      4.772094249725342,
      5.613779067993164,
      22.92827796936035,
      25.101123809814453,
      61.26982498168945,
      59.612709045410156,
      50.57867431640625,
      50.941307067871094,
      52.436279296875,
      52.54963302612305,
      43.706722259521484,
      43.362327575683594,
      20.405616760253906,
      20.252424240112305,
      15.121261596679688,
      14.929520606994629,
      11.716288566589355,
      11.421163558959961
    ],
    [
      4.673268795013428,
      5.497391700744629,
      22.200891494750977,
      24.388715744018555,
      59.612709045410156,
      61.65087127685547,
      50.9668083190918,
      51.51679229736328,
      52.35261535644531,
      52.36399841308594,
      43.702388763427734,
      43.32072830200195,
      20.627811431884766,
      20.48662757873535,
      15.468147277832031,
      15.273541450500488,
      12.09550666809082,
      11.795075416564941
    ],
    [
      5.5728559494018555,
      6.745858192443848,
      20.64932632446289,
      22.767866134643555,
      50.57867431640625,
      50.9668083190918,
      65.2718734741211,
      64.83338165283203,
      58.8888053894043,
      59.000797271728516,
      51.12885665893555,
      50.90245056152344,
      23.602724075317383,
      23.516807556152344,
      16.99744987487793,
      16.836606979370117,
      13.739484786987305,
      13.442378997802734
    ],
    [
      5.832703113555908,
      6.997048377990723,
      20.907337188720703,
      22.94224739074707,
      50.941307067871094,
      51.51679229736328,
      64.83338165283203,
      66.12239837646484,
      59.30824661254883,
      59.44306182861328,
      51.60737991333008,
      51.349002838134766,
      23.728282928466797,
      23.64183807373047,
      17.189414978027344,
      17.02107048034668,
      13.838311195373535,
      13.535229682922363
    ],
    [
      8.107071876525879,
      9.473094940185547,
      28.136859893798828,
      30.242319107055664,
      52.436279296875,
      52.35261535644531,
      58.8888053894043,
      59.30824661254883,
      75.63583374023438,
      75.37966918945312,
      63.42766571044922,
      63.216190338134766,
      34.035003662109375,
      33.78755187988281,
      25.339130401611328,
      25.054367065429688,
      20.214651107788086,
      19.788742065429688
    ],
    [
      8.29554557800293,
      9.674413681030273,
      28.1700382232666,
      30.268144607543945,
      52.54963302612305,
      52.36399841308594,
      59.000797271728516,
      59.44306182861328,
      75.37966918945312,
      76.00740814208984,
      63.80912399291992,
      63.612178802490234,
      34.22510528564453,
      33.96952438354492,
      25.52102279663086,
      25.22947120666504,
      20.303224563598633,
      19.872915267944336
    ],
    [
      8.460532188415527,
      9.672167778015137,
      22.983415603637695,
      24.670494079589844,
      43.706722259521484,
      43.702388763427734,
      51.12885665893555,
      51.60737991333008,
      63.42766571044922,
      63.80912399291992,
      66.1002426147461,
      65.7220687866211,
      41.394248962402344,
      41.04759216308594,
      32.17097473144531,
      31.823575973510742,
      25.86947250366211,
      25.34966468811035
    ],
    [
      8.397162437438965,
      9.65300178527832,
      22.95319366455078,
      24.662893295288086,
      43.362327575683594,
      43.32072830200195,
      50.90245056152344,
      51.349002838134766,
      63.216190338134766,
      63.612178802490234,
      65.7220687866211,
      65.47122192382812,
      41.1431884765625,
      40.79935073852539,
      31.9891414642334,
      31.644804000854492,
      25.738758087158203,
      25.221908569335938
    ],
    [
      7.414470672607422,
      8.607771873474121,
      13.405009269714355,
      13.648133277893066,
      20.405616760253906,
      20.627811431884766,
      23.602724075317383,
      23.728282928466797,
      34.035003662109375,
      34.22510528564453,
      41.394248962402344,
      41.1431884765625,
      43.796573638916016,
      43.28816223144531,
      38.45770263671875,
      38.122249603271484,
      32.39778518676758,
      31.807361602783203
    ],
    [
      7.349327564239502,
      8.539583206176758,
      13.270099639892578,
      13.520259857177734,
      20.252424240112305,
      20.48662757873535,
      23.516807556152344,
      23.64183807373047,
      33.78755187988281,
      33.96952438354492,
      41.04759216308594,
      40.79935073852539,
      43.28816223144531,
      42.8276481628418,
      38.03437805175781,
      37.703704833984375,
      32.050899505615234,
      31.468868255615234
    ],
    [
      7.265254974365234,
      8.416818618774414,
      10.617134094238281,
      10.498173713684082,
      15.121261596679688,
      15.468147277832031,
      16.99744987487793,
      17.189414978027344,
      25.339130401611328,
      25.52102279663086,
      32.17097473144531,
      31.9891414642334,
      38.45770263671875,
      38.03437805175781,
      37.900367736816406,
      37.57453155517578,
      32.88677215576172,
      32.2828483581543
    ],
    [
      7.2209858894348145,
      8.363079071044922,
      10.467753410339355,
      10.340576171875,
      14.929520606994629,
      15.273541450500488,
      16.836606979370117,
      17.02107048034668,
      25.054367065429688,
      25.22947120666504,
      31.823575973510742,
      31.644804000854492,
      38.122249603271484,
      37.703704833984375,
      37.57453155517578,
      37.27681350708008,
      32.655418395996094,
      32.059242248535156
    ],
    [
      6.645762920379639,
      7.6907782554626465,
      8.285994529724121,
      8.103768348693848,
      11.716288566589355,
      12.09550666809082,
      13.739484786987305,
      13.838311195373535,
      20.214651107788086,
      20.303224563598633,
      25.86947250366211,
      25.738758087158203,
      32.39778518676758,
      32.050899505615234,
      32.88677215576172,
      32.655418395996094,
      29.71894645690918,
      29.1788387298584
    ],
    [
      6.509831428527832,
      7.530629634857178,
      8.07795524597168,
      7.895332336425781,
      11.421163558959961,
      11.795075416564941,
      13.442378997802734,
      13.535229682922363,
      19.788742065429688,
      19.872915267944336,
      25.34966468811035,
      25.221908569335938,
      31.807361602783203,
      31.468868255615234,
      32.2828483581543,
      32.059242248535156,
      29.1788387298584,
      28.669275283813477
    ]
  ],
  "covariance_short": [
    [
      46.604793548583984,
      41.065799713134766,
      14.506006240844727,
      12.188369750976562,
      9.749893188476562,
      9.503582954406738,
      10.41876220703125,
      10.663436889648438,
      13.659001350402832,
      13.650861740112305,
      13.014937400817871,
      12.84895133972168,
      11.624858856201172,
      11.570487022399902,
      11.979599952697754,
      11.847075462341309,
      9.724345207214355,
      9.49686050415039
    ],
    [
      41.065799713134766,
      53.15589904785156,
      13.752352714538574,
      13.852049827575684,
      12.220844268798828,
      12.004961967468262,
      13.443694114685059,
      13.728713035583496,
      17.111282348632812,
      17.105464935302734,
      16.54388999938965,
      16.434978485107422,
      14.705131530761719,
      14.640571594238281,
      15.009113311767578,
      14.85177230834961,
      12.313898086547852,
      12.030410766601562
    ],
    [
      14.506006240844727,
      13.752352714538574,
      38.19450759887695,
      35.78853225708008,
      28.814224243164062,
      28.344087600708008,
      27.276973724365234,
      27.546537399291992,
      32.572078704833984,
      32.43589401245117,
      24.665651321411133,
      24.465988159179688,
      15.284268379211426,
      15.188843727111816,
      12.646661758422852,
      12.479254722595215,
      9.554486274719238,
      9.32103157043457
    ],
    [
      12.188369750976562,
      13.852049827575684,
      35.78853225708008,
      40.87989807128906,
      34.0179557800293,
      33.84208679199219,
      32.115474700927734,
      32.291343688964844,
      37.33450698852539,
      37.103450775146484,
      27.772903442382812,
      27.63949203491211,
      16.422758102416992,
      16.326372146606445,
      12.957586288452148,
      12.79194164276123,
      9.66525936126709,
      9.43249225616455
    ],
    [
      9.749893188476562,
      12.220844268798828,
      28.814224243164062,
      34.0179557800293,
      88.31879425048828,
      83.90250396728516,
      76.40721130371094,
      76.7668228149414,
      74.28069305419922,
      74.17912292480469,
      59.33852767944336,
      58.65825653076172,
      27.659881591796875,
      27.379638671875,
      17.433822631835938,
      17.268465042114258,
      12.229719161987305,
      11.948697090148926
    ],
    [
      9.503582954406738,
      12.004961967468262,
      28.344087600708008,
      33.84208679199219,
      83.90250396728516,
      87.98597717285156,
      76.06730651855469,
      76.69279479980469,
      74.50321960449219,
      74.35028076171875,
      59.50954055786133,
      58.82783126831055,
      27.73885154724121,
      27.493389129638672,
      17.84218978881836,
      17.674673080444336,
      12.600663185119629,
      12.31154727935791
    ],
    [
      10.41876220703125,
      13.443694114685059,
      27.276973724365234,
      32.115474700927734,
      76.40721130371094,
      76.06730651855469,
      95.00114440917969,
      92.69621276855469,
      81.90773010253906,
      81.83897399902344,
      67.73902130126953,
      67.11103820800781,
      32.427215576171875,
      32.142486572265625,
      20.697446823120117,
      20.527790069580078,
      15.167577743530273,
      14.849394798278809
    ],
    [
      10.663436889648438,
      13.728713035583496,
      27.546537399291992,
      32.291343688964844,
      76.7668228149414,
      76.69279479980469,
      92.69621276855469,
      96.36029815673828,
      82.75302124023438,
      82.63693237304688,
      68.50692749023438,
      67.82373046875,
      32.695343017578125,
      32.41263961791992,
      20.947721481323242,
      20.76551055908203,
      15.268244743347168,
      14.954411506652832
    ],
    [
      13.659001350402832,
      17.111282348632812,
      32.572078704833984,
      37.33450698852539,
      74.28069305419922,
      74.50321960449219,
      81.90773010253906,
      82.75302124023438,
      99.7299575805664,
      98.84159851074219,
      81.3823471069336,
      80.77737426757812,
      45.20890426635742,
      44.70426559448242,
      30.992612838745117,
      30.606409072875977,
      22.293569564819336,
      21.79389762878418
    ],
    [
      13.650861740112305,
      17.105464935302734,
      32.43589401245117,
      37.103450775146484,
      74.17912292480469,
      74.35028076171875,
      81.83897399902344,
      82.63693237304688,
      98.84159851074219,
      99.6547622680664,
      81.56033325195312,
      80.96971130371094,
      45.23126220703125,
      44.71327209472656,
      31.003767013549805,
      30.61600112915039,
      22.208803176879883,
      21.711210250854492
    ],
    [
      13.014937400817871,
      16.54388999938965,
      24.665651321411133,
      27.772903442382812,
      59.33852767944336,
      59.50954055786133,
      67.73902130126953,
      68.50692749023438,
      81.3823471069336,
      81.56033325195312,
      81.12923431396484,
      80.13665771484375,
      50.12495803833008,
      49.51484680175781,
      36.181640625,
      35.7760124206543,
      27.150768280029297,
      26.580814361572266
    ],
    [
      12.84895133972168,
      16.434978485107422,
      24.465988159179688,
      27.63949203491211,
      58.65825653076172,
      58.82783126831055,
      67.11103820800781,
      67.82373046875,
      80.77737426757812,
      80.96971130371094,
      80.13665771484375,
      80.23257446289062,
      50.069610595703125,
      49.456504821777344,
      36.2461051940918,
      35.83247375488281,
      27.202796936035156,
      26.628599166870117
    ],
    [
      11.624858856201172,
      14.705131530761719,
      15.284268379211426,
      16.422758102416992,
      27.659881591796875,
      27.73885154724121,
      32.427215576171875,
      32.695343017578125,
      45.20890426635742,
      45.23126220703125,
      50.12495803833008,
      50.069610595703125,
      48.93199157714844,
      48.17475128173828,
      40.96585464477539,
      40.56415939331055,
      33.14517593383789,
      32.47641372680664
    ],
    [
      11.570487022399902,
      14.640571594238281,
      15.188843727111816,
      16.326372146606445,
      27.379638671875,
      27.493389129638672,
      32.142486572265625,
      32.41263961791992,
      44.70426559448242,
      44.71327209472656,
      49.51484680175781,
      49.456504821777344,
      48.17475128173828,
      47.7742805480957,
      40.570980072021484,
      40.17274475097656,
      32.83150863647461,
      32.17166519165039
    ],
    [
      11.979599952697754,
      15.009113311767578,
      12.646661758422852,
      12.957586288452148,
      17.433822631835938,
      17.84218978881836,
      20.697446823120117,
      20.947721481323242,
      30.992612838745117,
      31.003767013549805,
      36.181640625,
      36.2461051940918,
      40.96585464477539,
      40.570980072021484,
      41.857879638671875,
      41.31389236450195,
      35.38439178466797,
      34.640419006347656
    ],
    [
      11.847075462341309,
      14.85177230834961,
      12.479254722595215,
      12.79194164276123,
      17.268465042114258,
      17.674673080444336,
      20.527790069580078,
      20.76551055908203,
      30.606409072875977,
      30.61600112915039,
      35.7760124206543,
      35.83247375488281,
      40.56415939331055,
      40.17274475097656,
      41.31389236450195,
      40.953651428222656,
      35.07663345336914,
      34.34677505493164
    ],
    [
      9.724345207214355,
      12.313898086547852,
      9.554486274719238,
      9.66525936126709,
      12.229719161987305,
      12.600663185119629,
      15.167577743530273,
      15.268244743347168,
      22.293569564819336,
      22.208803176879883,
      27.150768280029297,
      27.202796936035156,
      33.14517593383789,
      32.83150863647461,
      35.38439178466797,
      35.07663345336914,
      32.421714782714844,
      31.70305824279785
    ],
    [
      9.49686050415039,
      12.030410766601562,
      9.32103157043457,
      9.43249225616455,
      11.948697090148926,
      12.31154727935791,
      14.849394798278809,
      14.954411506652832,
      21.79389762878418,
      21.711210250854492,
      26.580814361572266,
      26.628599166870117,
      32.47641372680664,
      32.17166519165039,
      34.640419006347656,
      34.34677505493164,
      31.70305824279785,
      31.1601505279541
    ]
  ],
  "damage": -13.285455703735352,
  "diff_bandwidth": 422.229248046875,
  "dissonance": 5.160020828045228,
  "drr": 2.6658220291137695,
  "dynamics": 3.858985185623169,
  "format": 1245190,
  "frames": 29762496,
  "loudness": -20.529983520507812,
  "loudness_range": 9.175262451171875,
  "loudness_range_short": 15.474334716796875,
  "lowpass_true_peak_15khz": -0.871730625629425,
  "mastering3_acoustic_entropies": [
    {
      "acoustic_entropy": 7.251704692840576,
      "acoustic_entropy_mono": 6.864659309387207,
      "band_eliminated_acoustic_entropies": [
        {
          "acoustic_entropy": 7.308853626251221,
          "acoustic_entropy_side": 7.269017696380615,
          "hz": 129.47220167065723
        },
        {
          "acoustic_entropy": 6.265351295471191,
          "acoustic_entropy_side": 7.411840915679932,
          "hz": 202.92927478742237
        },
        {
          "acoustic_entropy": 7.3179707527160645,
          "acoustic_entropy_side": 7.68632698059082,
          "hz": 282.89161906338205
        },
        {
          "acoustic_entropy": 7.2898268699646,
          "acoustic_entropy_side": 6.981644630432129,
          "hz": 369.9353335868758
        },
        {
          "acoustic_entropy": 7.03978157043457,
          "acoustic_entropy_side": 7.084102153778076,
          "hz": 464.6875360973435
        },
        {
          "acoustic_entropy": 6.884929180145264,
          "acoustic_entropy_side": 7.088436126708984,
          "hz": 567.8308811364784
        },
        {
          "acoustic_entropy": 6.781115531921387,
          "acoustic_entropy_side": 6.956003665924072,
          "hz": 680.1084783214808
        },
        {
          "acoustic_entropy": 7.016404151916504,
          "acoustic_entropy_side": 7.719939708709717,
          "hz": 802.3292461747484
        },
        {
          "acoustic_entropy": 6.793575763702393,
          "acoustic_entropy_side": 7.004145622253418,
          "hz": 935.3737400823702
        },
        {
          "acoustic_entropy": 7.18272590637207,
          "acoustic_entropy_side": 7.191999912261963,
          "hz": 1080.2004963696966
        },
        {
          "acoustic_entropy": 6.985193252563477,
          "acoustic_entropy_side": 7.257685661315918,
          "hz": 1237.8529382007157
        },
        {
          "acoustic_entropy": 7.172891616821289,
          "acoustic_entropy_side": 7.2950520515441895,
          "hz": 1409.4668930556702
        },
        {
          "acoustic_entropy": 6.9196858406066895,
          "acoustic_entropy_side": 7.107803821563721,
          "hz": 1596.2787759475705
        },
        {
          "acoustic_entropy": 6.907210826873779,
          "acoustic_entropy_side": 7.117123603820801,
          "hz": 1799.6344973346393
        },
        {
          "acoustic_entropy": 6.939554214477539,
          "acoustic_entropy_side": 7.124395370483398,
          "hz": 2020.9991599069049
        },
        {
          "acoustic_entropy": 7.1197357177734375,
          "acoustic_entropy_side": 7.179676055908203,
          "hz": 2261.9676141086993
        },
        {
          "acoustic_entropy": 7.111746788024902,
          "acoustic_entropy_side": 7.227223873138428,
          "hz": 2524.2759484456974
        },
        {
          "acoustic_entropy": 6.942457675933838,
          "acoustic_entropy_side": 7.142678260803223,
          "hz": 2809.813997359896
        },
        {
          "acoustic_entropy": 6.788414478302002,
          "acoustic_entropy_side": 7.055691719055176,
          "hz": 3120.6389567871424
        },
        {
          "acoustic_entropy": 7.065128326416016,
          "acoustic_entropy_side": 7.169719219207764,
          "hz": 3458.990205492291
        },
        {
          "acoustic_entropy": 7.192249298095703,
          "acoustic_entropy_side": 7.227700233459473,
          "hz": 3827.305438964164
        },
        {
          "acoustic_entropy": 7.201566219329834,
          "acoustic_entropy_side": 7.228382110595703,
          "hz": 4228.238232109126
        },
        {
          "acoustic_entropy": 7.220491886138916,
          "acoustic_entropy_side": 7.237441539764404,
          "hz": 4664.6771572759235
        },
        {
          "acoustic_entropy": 7.228419303894043,
          "acoustic_entropy_side": 7.240663528442383,
          "hz": 5139.766595350093
        },
        {
          "acoustic_entropy": 7.2305216789245605,
          "acoustic_entropy_side": 7.241591453552246,
          "hz": 5656.929389854203
        },
        {
          "acoustic_entropy": 7.239109039306641,
          "acoustic_entropy_side": 7.245882987976074,
          "hz": 6219.891507268283
        },
        {
          "acoustic_entropy": 7.243031024932861,
          "acoustic_entropy_side": 7.247774124145508,
          "hz": 6832.70888123896
        },
        {
          "acoustic_entropy": 7.241029262542725,
          "acoustic_entropy_side": 7.246964931488037,
          "hz": 7499.796634079867
        },
        {
          "acoustic_entropy": 7.245303153991699,
          "acoustic_entropy_side": 7.248746871948242,
          "hz": 8225.96088609342
        },
        {
          "acoustic_entropy": 7.242798805236816,
          "acoustic_entropy_side": 7.247551918029785,
          "hz": 9016.43338188839
        },
        {
          "acoustic_entropy": 7.244353294372559,
          "acoustic_entropy_side": 7.247874736785889,
          "hz": 9876.909183162974
        },
        {
          "acoustic_entropy": 7.248040199279785,
          "acoustic_entropy_side": 7.24834680557251,
          "hz": 10813.587699516042
        },
        {
          "acoustic_entropy": 7.279599189758301,
          "acoustic_entropy_side": 7.248867034912109,
          "hz": 11833.21735289826
        },
        {
          "acoustic_entropy": 7.267033100128174,
          "acoustic_entropy_side": 7.24919319152832,
          "hz": 12943.144197493959
        },
        {
          "acoustic_entropy": 7.246613502502441,
          "acoustic_entropy_side": 7.2482452392578125,
          "hz": 14151.364845322005
        },
        {
          "acoustic_entropy": 7.247735977172852,
          "acoustic_entropy_side": 7.249726295471191,
          "hz": 15466.58407886509
        },
        {
          "acoustic_entropy": 7.2494683265686035,
          "acoustic_entropy_side": 7.250680923461914,
          "hz": 16898.27756580493
        },
        {
          "acoustic_entropy": 7.250282287597656,
          "acoustic_entropy_side": 7.25105619430542,
          "hz": 18456.760127700032
        },
        {
          "acoustic_entropy": 7.250948429107666,
          "acoustic_entropy_side": 7.251354694366455,
          "hz": 20153.260054456492
        },
        {
          "acoustic_entropy": 7.251674652099609,
          "acoustic_entropy_side": 7.25169038772583,
          "hz": 22000.00000000001
        }
      ],
      "diff_acoustic_entropy": 8.093931198120117,
      "sn": 6
    },
    {
      "acoustic_entropy": 11.39077377319336,
      "acoustic_entropy_mono": 11.278449058532715,
      "band_eliminated_acoustic_entropies": [
        {
          "acoustic_entropy": 11.302460670471191,
          "acoustic_entropy_side": 11.447386741638184,
          "hz": 129.47220167065723
        },
        {
          "acoustic_entropy": 11.589768409729004,
          "acoustic_entropy_side": 11.306875228881836,
          "hz": 202.92927478742237
        },
        {
          "acoustic_entropy": 10.970662117004395,
          "acoustic_entropy_side": 11.57258415222168,
          "hz": 282.89161906338205
        },
        {
          "acoustic_entropy": 12.083884239196777,
          "acoustic_entropy_side": 11.436027526855469,
          "hz": 369.9353335868758
        },
        {
          "acoustic_entropy": 11.375809669494629,
          "acoustic_entropy_side": 11.387404441833496,
          "hz": 464.6875360973435
        },
        {
          "acoustic_entropy": 10.686497688293457,
          "acoustic_entropy_side": 10.924132347106934,
          "hz": 567.8308811364784
        },
        {
          "acoustic_entropy": 11.450348854064941,
          "acoustic_entropy_side": 11.578557014465332,
          "hz": 680.1084783214808
        },
        {
          "acoustic_entropy": 11.471388816833496,
          "acoustic_entropy_side": 11.271065711975098,
          "hz": 802.3292461747484
        },
        {
          "acoustic_entropy": 11.126076698303223,
          "acoustic_entropy_side": 11.19391918182373,
          "hz": 935.3737400823702
        },
        {
          "acoustic_entropy": 11.630794525146484,
          "acoustic_entropy_side": 11.623947143554688,
          "hz": 1080.2004963696966
        },
        {
          "acoustic_entropy": 11.3012113571167,
          "acoustic_entropy_side": 12.182364463806152,
          "hz": 1237.8529382007157
        },
        {
          "acoustic_entropy": 11.235665321350098,
          "acoustic_entropy_side": 11.473380088806152,
          "hz": 1409.4668930556702
        },
        {
          "acoustic_entropy": 11.22592830657959,
          "acoustic_entropy_side": 11.491351127624512,
          "hz": 1596.2787759475705
        },
        {
          "acoustic_entropy": 11.207808494567871,
          "acoustic_entropy_side": 11.419937133789062,
          "hz": 1799.6344973346393
        },
        {
          "acoustic_entropy": 11.13241958618164,
          "acoustic_entropy_side": 11.370072364807129,
          "hz": 2020.9991599069049
        },
        {
          "acoustic_entropy": 11.224454879760742,
          "acoustic_entropy_side": 11.385799407958984,
          "hz": 2261.9676141086993
        },
        {
          "acoustic_entropy": 11.182815551757812,
          "acoustic_entropy_side": 11.343655586242676,
          "hz": 2524.2759484456974
        },
        {
          "acoustic_entropy": 11.457086563110352,
          "acoustic_entropy_side": 11.450549125671387,
          "hz": 2809.813997359896
        },
        {
          "acoustic_entropy": 11.242914199829102,
          "acoustic_entropy_side": 11.27829360961914,
          "hz": 3120.6389567871424
        },
        {
          "acoustic_entropy": 11.34723949432373,
          "acoustic_entropy_side": 11.379387855529785,
          "hz": 3458.990205492291
        },
        {
          "acoustic_entropy": 11.506898880004883,
          "acoustic_entropy_side": 11.465274810791016,
          "hz": 3827.305438964164
        },
        {
          "acoustic_entropy": 11.470454216003418,
          "acoustic_entropy_side": 11.428082466125488,
          "hz": 4228.238232109126
        },
        {
          "acoustic_entropy": 11.483451843261719,
          "acoustic_entropy_side": 11.439675331115723,
          "hz": 4664.6771572759235
        },
        {
          "acoustic_entropy": 11.524327278137207,
          "acoustic_entropy_side": 11.45220947265625,
          "hz": 5139.766595350093
        },
        {
          "acoustic_entropy": 11.497574806213379,
          "acoustic_entropy_side": 11.440224647521973,
          "hz": 5656.929389854203
        },
        {
          "acoustic_entropy": 11.470660209655762,
          "acoustic_entropy_side": 11.426064491271973,
          "hz": 6219.891507268283
        },
        {
          "acoustic_entropy": 11.444093704223633,
          "acoustic_entropy_side": 11.412771224975586,
          "hz": 6832.70888123896
        },
        {
          "acoustic_entropy": 11.442794799804688,
          "acoustic_entropy_side": 11.412181854248047,
          "hz": 7499.796634079867
        },
        {
          "acoustic_entropy": 11.452513694763184,
          "acoustic_entropy_side": 11.41724967956543,
          "hz": 8225.96088609342
        },
        {
          "acoustic_entropy": 11.468771934509277,
          "acoustic_entropy_side": 11.425694465637207,
          "hz": 9016.43338188839
        },
        {
          "acoustic_entropy": 11.486089706420898,
          "acoustic_entropy_side": 11.435348510742188,
          "hz": 9876.909183162974
        },
        {
          "acoustic_entropy": 11.519294738769531,
          "acoustic_entropy_side": 11.452905654907227,
          "hz": 10813.587699516042
        },
        {
          "acoustic_entropy": 11.553407669067383,
          "acoustic_entropy_side": 11.478690147399902,
          "hz": 11833.21735289826
        },
        {
          "acoustic_entropy": 11.55709457397461,
          "acoustic_entropy_side": 11.481583595275879,
          "hz": 12943.144197493959
        },
        {
          "acoustic_entropy": 11.51089859008789,
          "acoustic_entropy_side": 11.44852352142334,
          "hz": 14151.364845322005
        },
        {
          "acoustic_entropy": 11.458194732666016,
          "acoustic_entropy_side": 11.42070198059082,
          "hz": 15466.58407886509
        },
        {
          "acoustic_entropy": 11.422758102416992,
          "acoustic_entropy_side": 11.403170585632324,
          "hz": 16898.27756580493
        },
        {
          "acoustic_entropy": 11.403546333312988,
          "acoustic_entropy_side": 11.3959321975708,
          "hz": 18456.760127700032
        },
        {
          "acoustic_entropy": 11.395636558532715,
          "acoustic_entropy_side": 11.39337158203125,
          "hz": 20153.260054456492
        },
        {
          "acoustic_entropy": 11.391068458557129,
          "acoustic_entropy_side": 11.390914916992188,
          "hz": 22000.00000000001
        }
      ],
      "diff_acoustic_entropy": 12.270105361938477,
      "sn": 12
    },
    {
      "acoustic_entropy": 17.48988914489746,
      "acoustic_entropy_mono": 16.861591339111328,
      "band_eliminated_acoustic_entropies": [
        {
          "acoustic_entropy": 17.198040008544922,
          "acoustic_entropy_side": 17.309465408325195,
          "hz": 129.47220167065723
        },
        {
          "acoustic_entropy": 17.167646408081055,
          "acoustic_entropy_side": 16.51832389831543,
          "hz": 202.92927478742237
        },
        {
          "acoustic_entropy": 17.7979736328125,
          "acoustic_entropy_side": 18.221023559570312,
          "hz": 282.89161906338205
        },
        {
          "acoustic_entropy": 18.1720027923584,
          "acoustic_entropy_side": 17.678346633911133,
          "hz": 369.9353335868758
        },
        {
          "acoustic_entropy": 18.370410919189453,
          "acoustic_entropy_side": 18.123273849487305,
          "hz": 464.6875360973435
        },
        {
          "acoustic_entropy": 17.11663818359375,
          "acoustic_entropy_side": 16.86224365234375,
          "hz": 567.8308811364784
        },
        {
          "acoustic_entropy": 15.828621864318848,
          "acoustic_entropy_side": 17.081787109375,
          "hz": 680.1084783214808
        },
        {
          "acoustic_entropy": 16.55927848815918,
          "acoustic_entropy_side": 17.23617172241211,
          "hz": 802.3292461747484
        },
        {
          "acoustic_entropy": 16.953630447387695,
          "acoustic_entropy_side": 17.112031936645508,
          "hz": 935.3737400823702
        },
        {
          "acoustic_entropy": 17.26417350769043,
          "acoustic_entropy_side": 17.99474334716797,
          "hz": 1080.2004963696966
        },
        {
          "acoustic_entropy": 17.68484878540039,
          "acoustic_entropy_side": 18.568992614746094,
          "hz": 1237.8529382007157
        },
        {
          "acoustic_entropy": 17.05402374267578,
          "acoustic_entropy_side": 17.806320190429688,
          "hz": 1409.4668930556702
        },
        {
          "acoustic_entropy": 16.986778259277344,
          "acoustic_entropy_side": 17.364946365356445,
          "hz": 1596.2787759475705
        },
        {
          "acoustic_entropy": 17.361188888549805,
          "acoustic_entropy_side": 17.52819061279297,
          "hz": 1799.6344973346393
        },
        {
          "acoustic_entropy": 16.725364685058594,
          "acoustic_entropy_side": 17.226747512817383,
          "hz": 2020.9991599069049
        },
        {
          "acoustic_entropy": 17.709339141845703,
          "acoustic_entropy_side": 18.19700813293457,
          "hz": 2261.9676141086993
        },
        {
          "acoustic_entropy": 17.49254608154297,
          "acoustic_entropy_side": 17.625335693359375,
          "hz": 2524.2759484456974
        },
        {
          "acoustic_entropy": 17.5250244140625,
          "acoustic_entropy_side": 17.468929290771484,
          "hz": 2809.813997359896
        },
        {
          "acoustic_entropy": 17.403284072875977,
          "acoustic_entropy_side": 17.58682632446289,
          "hz": 3120.6389567871424
        },
