{
  "acoustic_entropy": 162.56324768066406,
  "bands": [
    {
      "high_freq": 148.1999969482422,
      "loudness": -18.335153579711914,
      "loudness_range": 14.564867973327637,
      "mid_mean": -14.698698997497559,
      "mid_to_side_loudness": -26.459131240844727,
      "mid_to_side_loudness_range": 22.947933197021484,
      "side_mean": -41.82191467285156
    },
    {
      "high_freq": 392.3793640136719,
      "loudness": -18.420265197753906,
      "loudness_range": 9.756301879882812,
      "low_freq": 148.1999969482422,
      "mid_mean": -15.291343688964844,
      "mid_to_side_loudness": -11.707416534423828,
      "mid_to_side_loudness_range": 21.074831008911133,
      "side_mean": -27.3365478515625
    },
    {
      "high_freq": 794.6976318359375,
      "loudness": -24.051551818847656,
      "loudness_range": 8.264007568359375,
      "low_freq": 392.3793640136719,
      "mid_mean": -21.33375358581543,
      "mid_to_side_loudness": -8.695289611816406,
      "mid_to_side_loudness_range": 16.8914737701416,
      "side_mean": -30.174823760986328
    },
    {
      "high_freq": 1457.5709228515625,
      "loudness": -28.84669303894043,
      "loudness_range": 10.046674728393555,
      "low_freq": 794.6976318359375,
      "mid_mean": -26.619455337524414,
      "mid_to_side_loudness": -5.862560272216797,
      "mid_to_side_loudness_range": 13.899383544921875,
      "side_mean": -32.55677795410156
    },
    {
      "high_freq": 2549.74365234375,
      "loudness": -26.732641220092773,
      "loudness_range": 11.301477432250977,
      "low_freq": 1457.5709228515625,
      "mid_mean": -24.460338592529297,
      "mid_to_side_loudness": -5.7634758949279785,
      "mid_to_side_loudness_range": 13.205202102661133,
      "side_mean": -30.373729705810547
    },
    {
      "high_freq": 4349.24462890625,
      "loudness": -25.879255294799805,
      "loudness_range": 13.380805969238281,
      "low_freq": 2549.74365234375,
      "mid_mean": -23.397354125976562,
      "mid_to_side_loudness": -6.082420825958252,
      "mid_to_side_loudness_range": 12.074299812316895,
      "side_mean": -29.65880012512207
    },
    {
      "high_freq": 7314.1640625,
      "loudness": -23.947477340698242,
      "loudness_range": 12.466806411743164,
      "low_freq": 4349.24462890625,
      "mid_mean": -21.18452262878418,
      "mid_to_side_loudness": -6.638638973236084,
      "mid_to_side_loudness_range": 9.71696662902832,
      "side_mean": -28.152231216430664
    },
    {
      "high_freq": 12199.2666015625,
      "loudness": -22.143030166625977,
      "loudness_range": 12.022211074829102,
      "low_freq": 7314.1640625,
      "mid_mean": -19.422853469848633,
      "mid_to_side_loudness": -6.0414814949035645,
      "mid_to_side_loudness_range": 9.366252899169922,
      "side_mean": -26.23387908935547
    },
    {
      "loudness": -30.36422348022461,
      "loudness_range": 12.437061309814453,
      "low_freq": 12199.2666015625,
      "mid_mean": -28.27477264404297,
      "mid_to_side_loudness": -3.766655206680298,
      "mid_to_side_loudness_range": 6.685546398162842,
      "side_mean": -32.41355895996094
    }
  ],
  "bands_short": [
    {
      "high_freq": 148.1999969482422,
      "loudness": -23.46673011779785,
      "loudness_range": 24.01424789428711,
      "mid_mean": -19.86834716796875,
      "mid_to_side_loudness": -27.401269912719727,
      "mid_to_side_loudness_range": 28.174345016479492,
      "side_mean": -48.293067932128906
    },
    {
      "high_freq": 392.3793640136719,
      "loudness": -19.87274169921875,
      "loudness_range": 17.425922393798828,
      "low_freq": 148.1999969482422,
      "mid_mean": -17.033729553222656,
      "mid_to_side_loudness": -11.666434288024902,
      "mid_to_side_loudness_range": 26.312143325805664,
      "side_mean": -28.602659225463867
    },
    {
      "high_freq": 794.6976318359375,
      "loudness": -25.75346565246582,
      "loudness_range": 16.847373962402344,
      "low_freq": 392.3793640136719,
      "mid_mean": -23.342578887939453,
      "mid_to_side_loudness": -8.015153884887695,
      "mid_to_side_loudness_range": 20.422849655151367,
      "side_mean": -31.502534866333008
    },
    {
      "high_freq": 1457.5709228515625,
      "loudness": -30.95669937133789,
      "loudness_range": 18.652856826782227,
      "low_freq": 794.6976318359375,
      "mid_mean": -28.8170223236084,
      "mid_to_side_loudness": -5.96535587310791,
      "mid_to_side_loudness_range": 17.195276260375977,
      "side_mean": -35.074771881103516
    },
    {
      "high_freq": 2549.74365234375,
      "loudness": -29.03567123413086,
      "loudness_range": 19.908288955688477,
      "low_freq": 1457.5709228515625,
      "mid_mean": -26.76640510559082,
      "mid_to_side_loudness": -5.927879333496094,
      "mid_to_side_loudness_range": 16.019657135009766,
      "side_mean": -33.11492919921875
    },
    {
      "high_freq": 4349.24462890625,
      "loudness": -28.1842098236084,
      "loudness_range": 24.105852127075195,
      "low_freq": 2549.74365234375,
      "mid_mean": -25.748138427734375,
      "mid_to_side_loudness": -6.1252312660217285,
      "mid_to_side_loudness_range": 14.988150596618652,
      "side_mean": -32.575504302978516
    },
    {
      "high_freq": 7314.1640625,
      "loudness": -26.070348739624023,
      "loudness_range": 22.565805435180664,
      "low_freq": 4349.24462890625,
      "mid_mean": -23.286802291870117,
      "mid_to_side_loudness": -6.745198726654053,
      "mid_to_side_loudness_range": 14.148853302001953,
      "side_mean": -31.433744430541992
    },
    {
      "high_freq": 12199.2666015625,
      "loudness": -24.29026222229004,
      "loudness_range": 21.974773406982422,
      "low_freq": 7314.1640625,
      "mid_mean": -21.638580322265625,
      "mid_to_side_loudness": -6.199411869049072,
      "mid_to_side_loudness_range": 14.272631645202637,
      "side_mean": -29.330211639404297
    },
    {
      "loudness": -32.353248596191406,
      "loudness_range": 21.988422393798828,
      "low_freq": 12199.2666015625,
      "mid_mean": -30.65389060974121,
      "mid_to_side_loudness": -3.733886957168579,
      "mid_to_side_loudness_range": 10.813563346862793,
      "side_mean": -34.98415756225586
    }
  ],
  "bandwidth": 533.1455688476562,
  "channels": 2,
  "covariance": [
    [
      32.716468811035156,
      5.859166145324707,
      3.990924596786499,
      -5.2435503005981445,
      2.7326457500457764,
      -2.4076738357543945,
      4.787130355834961,
      -0.33406147360801697,
      5.655110836029053,
      0.5977632999420166,
      7.6567840576171875,
      4.760782718658447,
      10.678600311279297,
      9.088850021362305,
      8.56367015838623,
      12.556439399719238,
      7.598780155181885,
      13.002357482910156
    ],
    [
      5.859166145324707,
      33.31222915649414,
      10.568920135498047,
      34.662906646728516,
      5.6529951095581055,
      27.384294509887695,
      9.469377517700195,
      23.584150314331055,
      9.786303520202637,
      22.153499603271484,
      11.937150955200195,
      18.951574325561523,
      5.179393291473389,
      4.810586929321289,
      3.7125935554504395,
      0.3519284725189209,
      4.646276950836182,
      3.731315851211548
    ],
    [
      3.990924596786499,
      10.568920135498047,
      12.059391021728516,
      16.906904220581055,
      4.644897937774658,
      13.500336647033691,
      7.024783134460449,
      12.651633262634277,
      7.4217963218688965,
      12.958524703979492,
      7.188133239746094,
      12.125909805297852,
      1.9173848628997803,
      2.594475746154785,
      -1.0690492391586304,
      -1.3197981119155884,
      1.0585557222366333,
      2.5394299030303955
    ],
    [
      -5.2435503005981445,
      34.662906646728516,
      16.906904220581055,
      70.00382232666016,
      5.558070659637451,
      52.48390579223633,
      12.279075622558594,
      47.815975189208984,
      14.517022132873535,
      45.92089080810547,
      21.141170501708984,
      40.1569709777832,
      10.674243927001953,
      12.788719177246094,
      5.781919956207275,
      2.2069919109344482,
      9.850537300109863,
      9.064619064331055
    ],
    [
      2.7326457500457764,
      5.6529951095581055,
      4.644897937774658,
      5.558070659637451,
      10.070120811462402,
      9.535152435302734,
      9.228829383850098,
      8.940653800964355,
      9.199162483215332,
      9.045761108398438,
      7.374616622924805,
      7.2613959312438965,
      4.457792282104492,
      4.660319805145264,
      3.776475429534912,
      4.501359939575195,
      3.41357684135437,
      4.554259777069092
    ],
    [
      -2.4076738357543945,
      27.384294509887695,
      13.500336647033691,
      52.48390579223633,
      9.535152435302734,
      49.074302673339844,
      13.880654335021973,
      44.60591125488281,
      15.136030197143555,
      41.64227294921875,
      19.613405227661133,
      36.898006439208984,
      11.838869094848633,
      15.151938438415527,
      7.320399761199951,
      7.034569263458252,
      10.076934814453125,
      12.338871002197266
    ],
    [
      4.787130355834961,
      9.469377517700195,
      7.024783134460449,
      12.279075622558594,
      9.228829383850098,
      13.880654335021973,
      12.224175453186035,
      14.253335952758789,
      12.432308197021484,
      14.53662109375,
      11.615178108215332,
      12.196277618408203,
      7.686635971069336,
      7.183515548706055,
      6.205838203430176,
      6.366019248962402,
      5.863836765289307,
      7.811340808868408
    ],
    [
      -0.33406147360801697,
      23.584150314331055,
      12.651633262634277,
      47.815975189208984,
      8.940653800964355,
      44.60591125488281,
      14.253335952758789,
      46.552879333496094,
      15.660318374633789,
      43.15032958984375,
      20.235088348388672,
      38.897403717041016,
      13.693656921386719,
      18.110546112060547,
      8.486973762512207,
      10.052433967590332,
      12.160174369812012,
      15.861030578613281
    ],
    [
      5.655110836029053,
      9.786303520202637,
      7.4217963218688965,
      14.517022132873535,
      9.199162483215332,
      15.136030197143555,
      12.432308197021484,
      15.660318374633789,
      16.210851669311523,
      17.574357986450195,
      15.327614784240723,
      14.780217170715332,
      11.319329261779785,
      9.695302963256836,
      9.306340217590332,
      9.12217903137207,
      8.777274131774902,
      10.68460750579834
    ],
    [
      0.5977632999420166,
      22.153499603271484,
      12.958524703979492,
      45.92089080810547,
      9.045761108398438,
      41.64227294921875,
      14.53662109375,
      43.15032958984375,
      17.574357986450195,
      44.7672119140625,
      21.46099853515625,
      39.360355377197266,
      14.519465446472168,
      19.031452178955078,
      9.396821022033691,
      11.012534141540527,
      13.452068328857422,
      17.45146942138672
    ],
    [
      7.6567840576171875,
      11.937150955200195,
      7.188133239746094,
      21.141170501708984,
      7.374616622924805,
      19.613405227661133,
      11.615178108215332,
      20.235088348388672,
      15.327614784240723,
      21.46099853515625,
      23.96600341796875,
      24.324026107788086,
      20.271413803100586,
      16.712003707885742,
      16.198883056640625,
      14.731010437011719,
      15.685571670532227,
      17.39696502685547
    ],
    [
      4.760782718658447,
      18.951574325561523,
      12.125909805297852,
      40.1569709777832,
      7.2613959312438965,
      36.898006439208984,
      12.196277618408203,
      38.897403717041016,
      14.780217170715332,
      39.360355377197266,
      24.324026107788086,
      45.618919372558594,
      19.035762786865234,
      24.597431182861328,
      12.036233901977539,
      15.817473411560059,
      17.15224266052246,
      23.277254104614258
    ],
    [
      10.678600311279297,
      5.179393291473389,
      1.9173848628997803,
      10.674243927001953,
      4.457792282104492,
      11.838869094848633,
      7.686635971069336,
      13.693656921386719,
      11.319329261779785,
      14.519465446472168,
      20.271413803100586,
      19.035762786865234,
      27.598377227783203,
      21.368261337280273,
      21.79094886779785,
      23.785417556762695,
      20.30952262878418,
      23.334177017211914
    ],
    [
      9.088850021362305,
      4.810586929321289,
      2.594475746154785,
      12.788719177246094,
      4.660319805145264,
      15.151938438415527,
      7.183515548706055,
      18.110546112060547,
      9.695302963256836,
      19.031452178955078,
      16.712003707885742,
      24.597431182861328,
      21.368261337280273,
      25.68656349182129,
      17.11878776550293,
      25.133502960205078,
      18.695653915405273,
      25.71917152404785
    ],
    [
      8.56367015838623,
      3.7125935554504395,
      -1.0690492391586304,
      5.781919956207275,
      3.776475429534912,
      7.320399761199951,
      6.205838203430176,
      8.486973762512207,
      9.306340217590332,
      9.396821022033691,
      16.198883056640625,
      12.036233901977539,
      21.79094886779785,
      17.11878776550293,
      27.83106803894043,
      22.891063690185547,
      22.716238021850586,
      22.743837356567383
    ],
    [
      12.556439399719238,
      0.3519284725189209,
      -1.3197981119155884,
      2.2069919109344482,
      4.501359939575195,
      7.034569263458252,
      6.366019248962402,
      10.052433967590332,
      9.12217903137207,
      11.012534141540527,
      14.731010437011719,
      15.817473411560059,
      23.785417556762695,
      25.133502960205078,
      22.891063690185547,
      33.74700164794922,
      22.323740005493164,
      30.661048889160156
    ],
    [
      7.598780155181885,
      4.646276950836182,
      1.0585557222366333,
      9.850537300109863,
      3.41357684135437,
      10.076934814453125,
      5.863836765289307,
      12.160174369812012,
      8.777274131774902,
      13.452068328857422,
      15.685571670532227,
      17.15224266052246,
      20.30952262878418,
      18.695653915405273,
      22.716238021850586,
      22.323740005493164,
      25.663650512695312,
      25.803966522216797
    ],
    [
      13.002357482910156,
      3.731315851211548,
      2.5394299030303955,
      9.064619064331055,
      4.554259777069092,
      12.338871002197266,
      7.811340808868408,
      15.861030578613281,
      10.68460750579834,
      17.45146942138672,
      17.39696502685547,
      23.277254104614258,
      23.334177017211914,
      25.71917152404785,
      22.743837356567383,
      30.661048889160156,
      25.803966522216797,
      38.602943420410156
    ]
  ],
  "covariance_short": [
    [
      69.87394714355469,
      20.987285614013672,
      1.30147385597229,
      -9.083174705505371,
      -2.6963884830474854,
      -4.421937942504883,
      0.5325790047645569,
      -2.7570888996124268,
      -1.2937122583389282,
      -2.3657891750335693,
      -2.0758328437805176,
      -2.6986050605773926,
      -2.5704355239868164,
      -2.7843337059020996,
      -5.507389068603516,
      -7.563024520874023,
      -15.45309066772461,
      -10.883554458618164
    ],
    [
      20.987285614013672,
      60.29515075683594,
      15.031329154968262,
      40.07233428955078,
      7.569880485534668,
      31.379121780395508,
      12.260022163391113,
      26.993515014648438,
      13.579168319702148,
      21.885366439819336,
      13.963671684265137,
      16.61732292175293,
      10.951255798339844,
      4.973138809204102,
      8.821645736694336,
      2.6860337257385254,
      3.437159299850464,
      1.5056827068328857
    ],
    [
      1.30147385597229,
      15.031329154968262,
      37.8819580078125,
      25.606904983520508,
      20.059812545776367,
      26.590229034423828,
      19.774364471435547,
      27.86005973815918,
      18.91242027282715,
      25.93459701538086,
      19.613704681396484,
      26.6917667388916,
      14.528691291809082,
      18.56810188293457,
      9.109522819519043,
      13.458683013916016,
      12.590330123901367,
      15.578971862792969
    ],
    [
      -9.083174705505371,
      40.07233428955078,
      25.606904983520508,
      91.27172088623047,
      15.04220199584961,
      63.5769157409668,
      21.3088436126709,
      57.27717208862305,
      25.361507415771484,
      50.95109176635742,
      33.2203254699707,
      48.90427017211914,
      29.125778198242188,
      28.836992263793945,
      23.19938087463379,
      24.822402954101562,
      27.983104705810547,
      26.703495025634766
    ],
    [
      -2.6963884830474854,
      7.569880485534668,
      20.059812545776367,
      15.04220199584961,
      36.324790954589844,
      27.411399841308594,
      30.904123306274414,
      30.530168533325195,
      28.011844635009766,
      29.565332412719727,
      25.245168685913086,
      28.664907455444336,
      17.887815475463867,
      24.61696434020996,
      16.341527938842773,
      21.542400360107422,
      17.972000122070312,
      19.843517303466797
    ],
    [
      -4.421937942504883,
      31.379121780395508,
      26.590229034423828,
      63.5769157409668,
      27.411399841308594,
      70.26640319824219,
      32.255733489990234,
      64.43242645263672,
      32.84420394897461,
      58.239349365234375,
      37.08872985839844,
      55.667579650878906,
      29.54267692565918,
      36.44736862182617,
      24.132463455200195,
      29.62986946105957,
      28.900684356689453,
      31.162750244140625
    ],
    [
      0.5325790047645569,
      12.260022163391113,
      19.774364471435547,
      21.3088436126709,
      30.904123306274414,
      32.255733489990234,
      43.123233795166016,
      41.51185607910156,
      38.22768783569336,
      42.184913635253906,
      35.0179557800293,
      39.41093063354492,
      24.49030303955078,
      31.084638595581055,
      21.6007022857666,
      24.436246871948242,
      21.820066452026367,
      23.096155166625977
    ],
    [
      -2.7570888996124268,
      26.993515014648438,
      27.86005973815918,
      57.27717208862305,
      30.530168533325195,
      64.43242645263672,
      41.51185607910156,
      80.5429458618164,
      42.862796783447266,
      74.93859100341797,
      46.567535400390625,
      71.97574615478516,
      34.13239288330078,
      49.30009460449219,
      25.84554100036621,
      36.9001579284668,
      33.491943359375,
      40.05965042114258
    ],
    [
      -1.2937122583389282,
      13.579168319702148,
      18.91242027282715,
      25.361507415771484,
      28.011844635009766,
      32.84420394897461,
      38.22768783569336,
      42.862796783447266,
      50.409637451171875,
      48.65253829956055,
      46.009281158447266,
      46.975894927978516,
      32.858158111572266,
      38.524085998535156,
      28.58289337158203,
      31.402374267578125,
      28.940900802612305,
      30.959745407104492
    ],
    [
      -2.3657891750335693,
      21.885366439819336,
      25.93459701538086,
      50.95109176635742,
      29.565332412719727,
      58.239349365234375,
      42.184913635253906,
      74.93859100341797,
      48.65253829956055,
      84.6492919921875,
      52.034751892089844,
      79.55133819580078,
      37.457000732421875,
      55.58150100708008,
      27.849910736083984,
      40.07026672363281,
      37.07711410522461,
      44.27043914794922
    ],
    [
      -2.0758328437805176,
      13.963671684265137,
      19.613704681396484,
      33.2203254699707,
      25.245168685913086,
      37.08872985839844,
      35.0179557800293,
      46.567535400390625,
      46.009281158447266,
      52.034751892089844,
      67.29095458984375,
      60.753604888916016,
      52.055477142333984,
      54.91753005981445,
      43.6810188293457,
      45.958953857421875,
      45.49180221557617,
      48.69734573364258
    ],
    [
      -2.6986050605773926,
      16.61732292175293,
      26.6917667388916,
      48.90427017211914,
      28.664907455444336,
      55.667579650878906,
      39.41093063354492,
      71.97574615478516,
      46.975894927978516,
      79.55133819580078,
      60.753604888916016,
      94.66664123535156,
      49.338111877441406,
      72.30863189697266,
      37.423606872558594,
      55.71675109863281,
      49.90503692626953,
      62.18863296508789
    ],
    [
      -2.5704355239868164,
      10.951255798339844,
      14.528691291809082,
      29.125778198242188,
      17.887815475463867,
      29.54267692565918,
      24.49030303955078,
      34.13239288330078,
      32.858158111572266,
      37.457000732421875,
      52.055477142333984,
      49.338111877441406,
      64.92620849609375,
      54.18395233154297,
      52.31775665283203,
      53.43874740600586,
      54.25059127807617,
      56.21731185913086
    ],
    [
      -2.7843337059020996,
      4.973138809204102,
      18.56810188293457,
      28.836992263793945,
      24.61696434020996,
      36.44736862182617,
      31.084638595581055,
      49.30009460449219,
      38.524085998535156,
      55.58150100708008,
      54.91753005981445,
      72.30863189697266,
      54.18395233154297,
      80.4054946899414,
      44.951656341552734,
      67.19268798828125,
      55.58079147338867,
      68.41092681884766
    ],
    [
      -5.507389068603516,
      8.821645736694336,
      9.109522819519043,
      23.19938087463379,
      16.341527938842773,
      24.132463455200195,
      21.6007022857666,
      25.84554100036621,
      28.58289337158203,
      27.849910736083984,
      43.6810188293457,
      37.423606872558594,
      52.31775665283203,
      44.951656341552734,
      61.50589370727539,
      51.548519134521484,
      54.21497344970703,
      52.56546401977539
    ],
    [
      -7.563024520874023,
      2.6860337257385254,
      13.458683013916016,
      24.822402954101562,
      21.542400360107422,
      29.62986946105957,
      24.436246871948242,
      36.9001579284668,
      31.402374267578125,
      40.07026672363281,
      45.958953857421875,
      55.71675109863281,
      53.43874740600586,
      67.19268798828125,
      51.548519134521484,
      76.38887023925781,
      60.53018569946289,
      73.8552474975586
    ],
    [
      -15.45309066772461,
      3.437159299850464,
      12.590330123901367,
      27.983104705810547,
      17.972000122070312,
      28.900684356689453,
      21.820066452026367,
      33.491943359375,
      28.940900802612305,
      37.07711410522461,
      45.49180221557617,
      49.90503692626953,
      54.25059127807617,
      55.58079147338867,
      54.21497344970703,
      60.53018569946289,
      68.18244934082031,
      67.24252319335938
    ],
    [
      -10.883554458618164,
      1.5056827068328857,
      15.578971862792969,
      26.703495025634766,
      19.843517303466797,
      31.162750244140625,
      23.096155166625977,
      40.05965042114258,
      30.959745407104492,
      44.27043914794922,
      48.69734573364258,
      62.18863296508789,
      56.21731185913086,
      68.41092681884766,
      52.56546401977539,
      73.8552474975586,
      67.24252319335938,
      91.01089477539062
    ]
  ],
  "damage": -2.9699647426605225,
  "diff_bandwidth": 440.6947326660156,
  "dissonance": 11.004574606796037,
  "drr": 16.846818923950195,
  "dynamics": 2.9523606300354004,
  "format": 1245190,
  "frames": 8992704,
  "loudness": -8.651017189025879,
  "loudness_range": 5.783312797546387,
  "loudness_range_short": 11.722101211547852,
  "lowpass_true_peak_15khz": 0.8109598159790039,
  "mastering3_acoustic_entropies": [
    {
      "acoustic_entropy": 7.033655643463135,
      "acoustic_entropy_mono": 6.547040939331055,
      "band_eliminated_acoustic_entropies": [
        {
          "acoustic_entropy": 6.30665922164917,
          "acoustic_entropy_side": 7.033687114715576,
          "hz": 129.47220167065723
        },
        {
          "acoustic_entropy": 6.928930282592773,
          "acoustic_entropy_side": 7.046292304992676,
          "hz": 202.92927478742237
        },
        {
          "acoustic_entropy": 7.132054328918457,
          "acoustic_entropy_side": 7.027121067047119,
          "hz": 282.89161906338205
        },
        {
          "acoustic_entropy": 7.037716865539551,
          "acoustic_entropy_side": 7.054376125335693,
          "hz": 369.9353335868758
        },
        {
          "acoustic_entropy": 6.8526740074157715,
          "acoustic_entropy_side": 7.1119489669799805,
          "hz": 464.6875360973435
        },
        {
          "acoustic_entropy": 7.122185707092285,
          "acoustic_entropy_side": 7.091768741607666,
          "hz": 567.8308811364784
        },
        {
          "acoustic_entropy": 6.9217705726623535,
          "acoustic_entropy_side": 7.027623653411865,
          "hz": 680.1084783214808
        },
        {
          "acoustic_entropy": 6.791275978088379,
          "acoustic_entropy_side": 6.988697528839111,
          "hz": 802.3292461747484
        },
        {
          "acoustic_entropy": 6.866180896759033,
          "acoustic_entropy_side": 7.033531665802002,
          "hz": 935.3737400823702
        },
        {
          "acoustic_entropy": 6.93833589553833,
          "acoustic_entropy_side": 7.0235724449157715,
          "hz": 1080.2004963696966
        },
        {
          "acoustic_entropy": 7.002081871032715,
          "acoustic_entropy_side": 7.023499488830566,
          "hz": 1237.8529382007157
        },
        {
          "acoustic_entropy": 7.007774829864502,
          "acoustic_entropy_side": 7.024458885192871,
          "hz": 1409.4668930556702
        },
        {
          "acoustic_entropy": 7.035952568054199,
          "acoustic_entropy_side": 7.022025108337402,
          "hz": 1596.2787759475705
        },
        {
          "acoustic_entropy": 6.963717460632324,
          "acoustic_entropy_side": 7.019392013549805,
          "hz": 1799.6344973346393
        },
        {
          "acoustic_entropy": 6.93766975402832,
          "acoustic_entropy_side": 7.009888172149658,
          "hz": 2020.9991599069049
        },
        {
          "acoustic_entropy": 6.974908828735352,
          "acoustic_entropy_side": 6.997306823730469,
          "hz": 2261.9676141086993
        },
        {
          "acoustic_entropy": 7.027787208557129,
          "acoustic_entropy_side": 6.990708351135254,
          "hz": 2524.2759484456974
        },
        {
          "acoustic_entropy": 6.989284515380859,
          "acoustic_entropy_side": 6.997134208679199,
          "hz": 2809.813997359896
        },
        {
          "acoustic_entropy": 6.953673362731934,
          "acoustic_entropy_side": 6.994694709777832,
          "hz": 3120.6389567871424
        },
        {
          "acoustic_entropy": 7.012129306793213,
          "acoustic_entropy_side": 7.0100884437561035,
          "hz": 3458.990205492291
        },
        {
          "acoustic_entropy": 7.0722246170043945,
          "acoustic_entropy_side": 7.037367820739746,
          "hz": 3827.305438964164
        },
        {
          "acoustic_entropy": 7.1658453941345215,
          "acoustic_entropy_side": 7.083690166473389,
          "hz": 4228.238232109126
        },
        {
          "acoustic_entropy": 7.185241222381592,
          "acoustic_entropy_side": 7.1171464920043945,
          "hz": 4664.6771572759235
        },
        {
          "acoustic_entropy": 7.035550117492676,
          "acoustic_entropy_side": 7.105039596557617,
          "hz": 5139.766595350093
        },
        {
          "acoustic_entropy": 6.953571796417236,
          "acoustic_entropy_side": 7.108638763427734,
          "hz": 5656.929389854203
        },
        {
          "acoustic_entropy": 6.816591262817383,
          "acoustic_entropy_side": 7.091678619384766,
          "hz": 6219.891507268283
        },
        {
          "acoustic_entropy": 6.911262035369873,
          "acoustic_entropy_side": 7.028448104858398,
          "hz": 6832.70888123896
        },
        {
          "acoustic_entropy": 6.937455654144287,
          "acoustic_entropy_side": 6.947963714599609,
          "hz": 7499.796634079867
        },
        {
          "acoustic_entropy": 7.1162638664245605,
          "acoustic_entropy_side": 6.850128650665283,
          "hz": 8225.96088609342
        },
        {
          "acoustic_entropy": 6.863279342651367,
          "acoustic_entropy_side": 6.760479927062988,
          "hz": 9016.43338188839
        },
        {
          "acoustic_entropy": 6.94497013092041,
          "acoustic_entropy_side": 6.960042953491211,
          "hz": 9876.909183162974
        },
        {
          "acoustic_entropy": 6.989797592163086,
          "acoustic_entropy_side": 6.983776569366455,
          "hz": 10813.587699516042
        },
        {
          "acoustic_entropy": 6.8820366859436035,
          "acoustic_entropy_side": 6.959074974060059,
          "hz": 11833.21735289826
        },
        {
          "acoustic_entropy": 6.840380668640137,
          "acoustic_entropy_side": 6.934053421020508,
          "hz": 12943.144197493959
        },
        {
          "acoustic_entropy": 6.808837413787842,
          "acoustic_entropy_side": 7.011902809143066,
          "hz": 14151.364845322005
        },
        {
          "acoustic_entropy": 6.846333980560303,
          "acoustic_entropy_side": 7.0473408699035645,
          "hz": 15466.58407886509
        },
        {
          "acoustic_entropy": 6.9308857917785645,
          "acoustic_entropy_side": 7.053157329559326,
          "hz": 16898.27756580493
        },
        {
          "acoustic_entropy": 7.006771087646484,
          "acoustic_entropy_side": 7.052810192108154,
          "hz": 18456.760127700032
        },
        {
          "acoustic_entropy": 7.068441390991211,
          "acoustic_entropy_side": 7.05577278137207,
          "hz": 20153.260054456492
        },
        {
          "acoustic_entropy": 7.057560920715332,
          "acoustic_entropy_side": 7.042785167694092,
          "hz": 22000.00000000001
        }
      ],
      "diff_acoustic_entropy": 7.713128566741943,
      "sn": 6
    },
    {
      "acoustic_entropy": 10.3516263961792,
      "acoustic_entropy_mono": 9.218745231628418,
      "band_eliminated_acoustic_entropies": [
        {
          "acoustic_entropy": 8.981639862060547,
          "acoustic_entropy_side": 10.35177993774414,
          "hz": 129.47220167065723
        },
        {
          "acoustic_entropy": 10.950113296508789,
          "acoustic_entropy_side": 10.360440254211426,
          "hz": 202.92927478742237
        },
        {
          "acoustic_entropy": 9.867989540100098,
          "acoustic_entropy_side": 10.095787048339844,
          "hz": 282.89161906338205
        },
        {
          "acoustic_entropy": 10.289901733398438,
          "acoustic_entropy_side": 10.016700744628906,
          "hz": 369.9353335868758
        },
        {
          "acoustic_entropy": 10.34349536895752,
          "acoustic_entropy_side": 10.400582313537598,
          "hz": 464.6875360973435
        },
        {
          "acoustic_entropy": 9.946343421936035,
          "acoustic_entropy_side": 10.405840873718262,
          "hz": 567.8308811364784
        },
        {
          "acoustic_entropy": 9.717781066894531,
          "acoustic_entropy_side": 10.212068557739258,
          "hz": 680.1084783214808
        },
        {
          "acoustic_entropy": 9.994537353515625,
          "acoustic_entropy_side": 10.163043022155762,
          "hz": 802.3292461747484
        },
        {
          "acoustic_entropy": 10.053897857666016,
          "acoustic_entropy_side": 10.325337409973145,
          "hz": 935.3737400823702
        },
        {
          "acoustic_entropy": 10.406756401062012,
          "acoustic_entropy_side": 10.29513168334961,
          "hz": 1080.2004963696966
        },
        {
          "acoustic_entropy": 10.090142250061035,
          "acoustic_entropy_side": 10.225696563720703,
          "hz": 1237.8529382007157
        },
        {
          "acoustic_entropy": 10.008115768432617,
          "acoustic_entropy_side": 10.118722915649414,
          "hz": 1409.4668930556702
        },
        {
          "acoustic_entropy": 10.31328010559082,
          "acoustic_entropy_side": 10.259663581848145,
          "hz": 1596.2787759475705
        },
        {
          "acoustic_entropy": 10.194908142089844,
          "acoustic_entropy_side": 10.320413589477539,
          "hz": 1799.6344973346393
        },
        {
          "acoustic_entropy": 10.219429969787598,
          "acoustic_entropy_side": 10.297720909118652,
          "hz": 2020.9991599069049
        },
        {
          "acoustic_entropy": 10.209488868713379,
          "acoustic_entropy_side": 10.27297592163086,
          "hz": 2261.9676141086993
        },
        {
          "acoustic_entropy": 10.202218055725098,
          "acoustic_entropy_side": 10.26937484741211,
          "hz": 2524.2759484456974
        },
        {
          "acoustic_entropy": 10.25393009185791,
          "acoustic_entropy_side": 10.349589347839355,
          "hz": 2809.813997359896
        },
        {
          "acoustic_entropy": 10.214163780212402,
          "acoustic_entropy_side": 10.358292579650879,
          "hz": 3120.6389567871424
        },
        {
          "acoustic_entropy": 10.0252685546875,
          "acoustic_entropy_side": 10.397696495056152,
          "hz": 3458.990205492291
        },
        {
          "acoustic_entropy": 10.163029670715332,
          "acoustic_entropy_side": 10.445277214050293,
          "hz": 3827.305438964164
        },
        {
          "acoustic_entropy": 9.937655448913574,
          "acoustic_entropy_side": 10.401062965393066,
          "hz": 4228.238232109126
        },
        {
          "acoustic_entropy": 10.265918731689453,
          "acoustic_entropy_side": 10.361490249633789,
          "hz": 4664.6771572759235
        },
        {
          "acoustic_entropy": 10.075499534606934,
          "acoustic_entropy_side": 10.38416862487793,
          "hz": 5139.766595350093
        },
        {
          "acoustic_entropy": 10.446887969970703,
          "acoustic_entropy_side": 10.343647956848145,
          "hz": 5656.929389854203
        },
        {
          "acoustic_entropy": 10.429839134216309,
          "acoustic_entropy_side": 10.25749397277832,
          "hz": 6219.891507268283
        },
        {
          "acoustic_entropy": 9.990580558776855,
          "acoustic_entropy_side": 10.15390682220459,
          "hz": 6832.70888123896
        },
        {
          "acoustic_entropy": 10.159524917602539,
          "acoustic_entropy_side": 10.013310432434082,
          "hz": 7499.796634079867
        },
        {
          "acoustic_entropy": 10.064840316772461,
          "acoustic_entropy_side": 10.075139045715332,
          "hz": 8225.96088609342
        },
        {
          "acoustic_entropy": 10.214396476745605,
          "acoustic_entropy_side": 9.971711158752441,
          "hz": 9016.43338188839
        },
        {
          "acoustic_entropy": 9.862639427185059,
          "acoustic_entropy_side": 10.008971214294434,
          "hz": 9876.909183162974
        },
        {
          "acoustic_entropy": 9.774986267089844,
          "acoustic_entropy_side": 10.06748104095459,
          "hz": 10813.587699516042
        },
        {
          "acoustic_entropy": 9.899188041687012,
          "acoustic_entropy_side": 10.095212936401367,
          "hz": 11833.21735289826
        },
        {
          "acoustic_entropy": 9.968239784240723,
          "acoustic_entropy_side": 10.096637725830078,
          "hz": 12943.144197493959
        },
        {
          "acoustic_entropy": 9.991613388061523,
          "acoustic_entropy_side": 10.068745613098145,
          "hz": 14151.364845322005
        },
        {
          "acoustic_entropy": 10.18714714050293,
          "acoustic_entropy_side": 10.106467247009277,
          "hz": 15466.58407886509
        },
        {
          "acoustic_entropy": 10.299936294555664,
          "acoustic_entropy_side": 10.108023643493652,
          "hz": 16898.27756580493
        },
        {
          "acoustic_entropy": 10.15694808959961,
          "acoustic_entropy_side": 10.184941291809082,
          "hz": 18456.760127700032
        },
        {
          "acoustic_entropy": 10.134199142456055,
          "acoustic_entropy_side": 10.214622497558594,
          "hz": 20153.260054456492
        },
        {
          "acoustic_entropy": 10.29071044921875,
          "acoustic_entropy_side": 10.285785675048828,
          "hz": 22000.00000000001
        }
      ],
      "diff_acoustic_entropy": 11.088809967041016,
      "sn": 12
    },
    {
      "acoustic_entropy": 14.806395530700684,
      "acoustic_entropy_mono": 11.372657775878906,
      "band_eliminated_acoustic_entropies": [
        {
          "acoustic_entropy": 13.43968391418457,
          "acoustic_entropy_side": 14.811142921447754,
          "hz": 129.47220167065723
        },
        {
          "acoustic_entropy": 14.958667755126953,
          "acoustic_entropy_side": 14.86735725402832,
          "hz": 202.92927478742237
        },
        {
          "acoustic_entropy": 14.784722328186035,
          "acoustic_entropy_side": 15.129602432250977,
          "hz": 282.89161906338205
        },
        {
          "acoustic_entropy": 14.83642864227295,
          "acoustic_entropy_side": 14.75326156616211,
          "hz": 369.9353335868758
        },
        {
          "acoustic_entropy": 15.083475112915039,
          "acoustic_entropy_side": 14.836713790893555,
          "hz": 464.6875360973435
        },
        {
          "acoustic_entropy": 14.825242042541504,
          "acoustic_entropy_side": 14.887252807617188,
          "hz": 567.8308811364784
        },
        {
          "acoustic_entropy": 14.804079055786133,
          "acoustic_entropy_side": 14.822616577148438,
          "hz": 680.1084783214808
        },
        {
          "acoustic_entropy": 14.730189323425293,
          "acoustic_entropy_side": 14.815556526184082,
          "hz": 802.3292461747484
        },
        {
          "acoustic_entropy": 14.62878704071045,
          "acoustic_entropy_side": 14.756875038146973,
          "hz": 935.3737400823702
        },
        {
          "acoustic_entropy": 14.793129920959473,
          "acoustic_entropy_side": 14.867679595947266,
          "hz": 1080.2004963696966
        },
        {
          "acoustic_entropy": 15.007436752319336,
          "acoustic_entropy_side": 14.96082878112793,
          "hz": 1237.8529382007157
        },
        {
          "acoustic_entropy": 14.663351058959961,
          "acoustic_entropy_side": 14.59326171875,
          "hz": 1409.4668930556702
        },
        {
          "acoustic_entropy": 14.879953384399414,
          "acoustic_entropy_side": 14.86043930053711,
          "hz": 1596.2787759475705
        },
        {
          "acoustic_entropy": 14.903562545776367,
          "acoustic_entropy_side": 14.866436958312988,
          "hz": 1799.6344973346393
        },
        {
          "acoustic_entropy": 14.92642593383789,
          "acoustic_entropy_side": 14.888404846191406,
          "hz": 2020.9991599069049
        },
        {
          "acoustic_entropy": 14.85487174987793,
          "acoustic_entropy_side": 14.837996482849121,
          "hz": 2261.9676141086993
        },
        {
          "acoustic_entropy": 14.813623428344727,
          "acoustic_entropy_side": 14.858965873718262,
          "hz": 2524.2759484456974
        },
        {
          "acoustic_entropy": 14.860250473022461,
          "acoustic_entropy_side": 14.872573852539062,
          "hz": 2809.813997359896
        },
        {
