{
  "acoustic_entropy": 142.36212158203125,
  "bands": [
    {
      "high_freq": 148.1999969482422,
      "loudness": -26.216726303100586,
      "loudness_range": 16.2030029296875,
      "mid_mean": -22.609739303588867,
      "mid_to_side_loudness": -25.420989990234375,
      "mid_to_side_loudness_range": 24.43512725830078,
      "side_mean": -48.55632781982422
    },
    {
      "high_freq": 392.3793640136719,
      "loudness": -29.74308204650879,
      "loudness_range": 23.516674041748047,
      "low_freq": 148.1999969482422,
      "mid_mean": -26.431921005249023,
      "mid_to_side_loudness": -12.745054244995117,
      "mid_to_side_loudness_range": 10.869293212890625,
      "side_mean": -38.254764556884766
    },
    {
      "high_freq": 794.6976318359375,
      "loudness": -33.49930953979492,
      "loudness_range": 24.609094619750977,
      "low_freq": 392.3793640136719,
      "mid_mean": -30.50701141357422,
      "mid_to_side_loudness": -8.735319137573242,
      "mid_to_side_loudness_range": 6.666712284088135,
      "side_mean": -38.78693389892578
    },
    {
      "high_freq": 1457.5709228515625,
      "loudness": -38.22811508178711,
      "loudness_range": 27.698335647583008,
      "low_freq": 794.6976318359375,
      "mid_mean": -35.61543273925781,
      "mid_to_side_loudness": -6.9892354011535645,
      "mid_to_side_loudness_range": 7.922309398651123,
      "side_mean": -42.22969436645508
    },
    {
      "high_freq": 2549.74365234375,
      "loudness": -39.70743179321289,
      "loudness_range": 24.32783317565918,
      "low_freq": 1457.5709228515625,
      "mid_mean": -36.75093078613281,
      "mid_to_side_loudness": -7.90561056137085,
      "mid_to_side_loudness_range": 4.564560890197754,
      "side_mean": -44.47901153564453
    },
    {
      "high_freq": 4349.24462890625,
      "loudness": -41.2495002746582,
      "loudness_range": 19.206390380859375,
      "low_freq": 2549.74365234375,
      "mid_mean": -38.26755142211914,
      "mid_to_side_loudness": -7.782995223999023,
      "mid_to_side_loudness_range": 4.496827125549316,
      "side_mean": -46.06293487548828
    },
    {
      "high_freq": 7314.1640625,
      "loudness": -42.673126220703125,
      "loudness_range": 18.27001953125,
      "low_freq": 4349.24462890625,
      "mid_mean": -39.73027420043945,
      "mid_to_side_loudness": -7.5218095779418945,
      "mid_to_side_loudness_range": 4.430922508239746,
      "side_mean": -47.371551513671875
    },
    {
      "high_freq": 12199.2666015625,
      "loudness": -45.96238327026367,
      "loudness_range": 20.62490463256836,
      "low_freq": 7314.1640625,
      "mid_mean": -43.31112289428711,
      "mid_to_side_loudness": -6.064138412475586,
      "mid_to_side_loudness_range": 4.16649055480957,
      "side_mean": -50.3042106628418
    },
    {
      "loudness": -51.39381408691406,
      "loudness_range": 17.66632843017578,
      "low_freq": 12199.2666015625,
      "mid_mean": -48.94919204711914,
      "mid_to_side_loudness": -6.234330177307129,
      "mid_to_side_loudness_range": 11.18041706085205,
      "side_mean": -54.85810089111328
    }
  ],
  "bands_short": [
    {
      "high_freq": 148.1999969482422,
      "loudness": -30.13918685913086,
      "loudness_range": 24.7935733795166,
      "mid_mean": -26.636703491210938,
      "mid_to_side_loudness": -25.777748107910156,
      "mid_to_side_loudness_range": 27.60141372680664,
      "side_mean": -53.260581970214844
    },
    {
      "high_freq": 392.3793640136719,
      "loudness": -27.93454360961914,
      "loudness_range": 21.797765731811523,
      "low_freq": 148.1999969482422,
      "mid_mean": -24.53351402282715,
      "mid_to_side_loudness": -15.315632820129395,
      "mid_to_side_loudness_range": 18.287757873535156,
      "side_mean": -39.3599853515625
    },
    {
      "high_freq": 794.6976318359375,
      "loudness": -34.022010803222656,
      "loudness_range": 25.395305633544922,
      "low_freq": 392.3793640136719,
      "mid_mean": -31.00157928466797,
      "mid_to_side_loudness": -9.198819160461426,
      "mid_to_side_loudness_range": 8.625404357910156,
      "side_mean": -39.7480354309082
    },
    {
      "high_freq": 1457.5709228515625,
      "loudness": -38.667564392089844,
      "loudness_range": 29.058578491210938,
      "low_freq": 794.6976318359375,
      "mid_mean": -36.021732330322266,
      "mid_to_side_loudness": -7.124333381652832,
      "mid_to_side_loudness_range": 8.513011932373047,
      "side_mean": -42.87071990966797
    },
    {
      "high_freq": 2549.74365234375,
      "loudness": -40.48002243041992,
      "loudness_range": 25.216880798339844,
      "low_freq": 1457.5709228515625,
      "mid_mean": -37.581172943115234,
      "mid_to_side_loudness": -7.75518274307251,
      "mid_to_side_loudness_range": 6.074678421020508,
      "side_mean": -45.24130630493164
    },
    {
      "high_freq": 4349.24462890625,
      "loudness": -41.681541442871094,
      "loudness_range": 20.03011703491211,
      "low_freq": 2549.74365234375,
      "mid_mean": -38.7409782409668,
      "mid_to_side_loudness": -7.728617191314697,
      "mid_to_side_loudness_range": 5.751443862915039,
      "side_mean": -46.53014373779297
    },
    {
      "high_freq": 7314.1640625,
      "loudness": -43.376197814941406,
      "loudness_range": 19.335540771484375,
      "low_freq": 4349.24462890625,
      "mid_mean": -40.468544006347656,
      "mid_to_side_loudness": -7.613920211791992,
      "mid_to_side_loudness_range": 5.604936122894287,
      "side_mean": -48.2112922668457
    },
    {
      "high_freq": 12199.2666015625,
      "loudness": -47.36433410644531,
      "loudness_range": 23.41826629638672,
      "low_freq": 7314.1640625,
      "mid_mean": -44.7315559387207,
      "mid_to_side_loudness": -6.259840488433838,
      "mid_to_side_loudness_range": 5.137826919555664,
      "side_mean": -51.7636833190918
    },
    {
      "loudness": -53.143341064453125,
      "loudness_range": 19.250106811523438,
      "low_freq": 12199.2666015625,
      "mid_mean": -50.996883392333984,
      "mid_to_side_loudness": -8.577447891235352,
      "mid_to_side_loudness_range": 16.211681365966797,
      "side_mean": -57.74113464355469
    }
  ],
  "bandwidth": 379.6761474609375,
  "channels": 2,
  "covariance": [
    [
      36.36546325683594,
      37.61652755737305,
      16.205976486206055,
      21.124483108520508,
      15.270162582397461,
      17.2218017578125,
      17.66317367553711,
      21.487112045288086,
      12.84963321685791,
      14.384750366210938,
      7.821135520935059,
      10.212926864624023,
      7.190384387969971,
      9.12197208404541,
      7.138411521911621,
      10.394500732421875,
      4.387786865234375,
      8.80833911895752
    ],
    [
      37.61652755737305,
      111.56047058105469,
      53.543190002441406,
      73.08563232421875,
      48.35678482055664,
      56.979942321777344,
      61.94291687011719,
      73.62334442138672,
      47.27478790283203,
      52.93991470336914,
      27.115598678588867,
      35.03413391113281,
      21.950702667236328,
      29.80526351928711,
      20.517093658447266,
      30.836841583251953,
      10.714482307434082,
      21.30388069152832
    ],
    [
      16.205976486206055,
      53.543190002441406,
      66.00151062011719,
      74.02892303466797,
      46.192317962646484,
      50.60373306274414,
      48.951168060302734,
      53.068450927734375,
      35.75767517089844,
      38.52998733520508,
      19.52580451965332,
      25.46144676208496,
      14.419234275817871,
      19.935874938964844,
      13.085247039794922,
      21.997699737548828,
      10.513031005859375,
      16.489524841308594
    ],
    [
      21.124483108520508,
      73.08563232421875,
      74.02892303466797,
      104.06716918945312,
      57.09724044799805,
      65.6495590209961,
      63.71054458618164,
      71.96958923339844,
      46.86933135986328,
      51.05175018310547,
      25.308650970458984,
      32.68132781982422,
      18.122468948364258,
      24.43842887878418,
      16.347827911376953,
      23.558835983276367,
      8.603650093078613,
      17.55307388305664
    ],
    [
      15.270162582397461,
      48.35678482055664,
      46.192317962646484,
      57.09724044799805,
      74.8614501953125,
      79.01885986328125,
      66.45685577392578,
      72.9061050415039,
      53.965660095214844,
      55.96268081665039,
      31.954347610473633,
      37.112979888916016,
      20.214942932128906,
      24.723588943481445,
      16.097030639648438,
      23.348674774169922,
      10.084668159484863,
      14.410834312438965
    ],
    [
      17.2218017578125,
      56.979942321777344,
      50.60373306274414,
      65.6495590209961,
      79.01885986328125,
      92.85758972167969,
      72.74298858642578,
      84.01007080078125,
      61.59867858886719,
      64.98621368408203,
      35.23507308959961,
      42.0737190246582,
      22.266008377075195,
      27.882888793945312,
      17.765769958496094,
      23.343542098999023,
      8.273615837097168,
      13.497113227844238
    ],
    [
      17.66317367553711,
      61.94291687011719,
      48.951168060302734,
      63.71054458618164,
      66.45685577392578,
      72.74298858642578,
      87.14598083496094,
      92.6116714477539,
      65.25848388671875,
      67.59967803955078,
      40.140228271484375,
      46.46738052368164,
      27.112844467163086,
      34.31889724731445,
      22.939802169799805,
      32.68834686279297,
      14.318022727966309,
      21.85157585144043
    ],
    [
      21.487112045288086,
      73.62334442138672,
      53.068450927734375,
      71.96958923339844,
      72.9061050415039,
      84.01007080078125,
      92.6116714477539,
      108.58600616455078,
      72.74921417236328,
      75.93573760986328,
      42.582088470458984,
      50.45738220214844,
      29.70835304260254,
      36.987667083740234,
      25.47826385498047,
      32.567588806152344,
      12.901881217956543,
      21.445375442504883
    ],
    [
      12.84963321685791,
      47.27478790283203,
      35.75767517089844,
      46.86933135986328,
      53.965660095214844,
      61.59867858886719,
      65.25848388671875,
      72.74921417236328,
      68.66609191894531,
      71.19452667236328,
      45.98941421508789,
      51.37403869628906,
      32.29393768310547,
      38.39411544799805,
      28.675168991088867,
      34.04118347167969,
      16.740921020507812,
      23.879623413085938
    ],
    [
      14.384750366210938,
      52.93991470336914,
      38.52998733520508,
      51.05175018310547,
      55.96268081665039,
      64.98621368408203,
      67.59967803955078,
      75.93573760986328,
      71.19452667236328,
      77.72724151611328,
      48.50983810424805,
      55.02679443359375,
      35.34245300292969,
      42.590946197509766,
      31.5087947845459,
      38.070796966552734,
      17.75290298461914,
      26.286155700683594
    ],
    [
      7.821135520935059,
      27.115598678588867,
      19.52580451965332,
      25.308650970458984,
      31.954347610473633,
      35.23507308959961,
      40.140228271484375,
      42.582088470458984,
      45.98941421508789,
      48.50983810424805,
      43.24360656738281,
      45.136077880859375,
      33.81037521362305,
      37.52447509765625,
      32.022003173828125,
      35.17875671386719,
      20.203371047973633,
      26.62991714477539
    ],
    [
      10.212926864624023,
      35.03413391113281,
      25.46144676208496,
      32.68132781982422,
      37.112979888916016,
      42.0737190246582,
      46.46738052368164,
      50.45738220214844,
      51.37403869628906,
      55.02679443359375,
      45.136077880859375,
      50.8454475402832,
      35.30760955810547,
      41.841312408447266,
      33.48162078857422,
      38.88351058959961,
      20.913785934448242,
      28.667020797729492
    ],
    [
      7.190384387969971,
      21.950702667236328,
      14.419234275817871,
      18.122468948364258,
      20.214942932128906,
      22.266008377075195,
      27.112844467163086,
      29.70835304260254,
      32.29393768310547,
      35.34245300292969,
      33.81037521362305,
      35.30760955810547,
      37.66210174560547,
      40.34614181518555,
      39.7157096862793,
      41.51158905029297,
      27.00687026977539,
      35.5782356262207
    ],
    [
      9.12197208404541,
      29.80526351928711,
      19.935874938964844,
      24.43842887878418,
      24.723588943481445,
      27.882888793945312,
      34.31889724731445,
      36.987667083740234,
      38.39411544799805,
      42.590946197509766,
      37.52447509765625,
      41.841312408447266,
      40.34614181518555,
      48.42859649658203,
      43.737998962402344,
      49.9235954284668,
      30.380661010742188,
      42.36866760253906
    ],
    [
      7.138411521911621,
      20.517093658447266,
      13.085247039794922,
      16.347827911376953,
      16.097030639648438,
      17.765769958496094,
      22.939802169799805,
      25.47826385498047,
      28.675168991088867,
      31.5087947845459,
      32.022003173828125,
      33.48162078857422,
      39.7157096862793,
      43.737998962402344,
      48.266090393066406,
      50.082088470458984,
      34.946022033691406,
      48.08110046386719
    ],
    [
      10.394500732421875,
      30.836841583251953,
      21.997699737548828,
      23.558835983276367,
      23.348674774169922,
      23.343542098999023,
      32.68834686279297,
      32.567588806152344,
      34.04118347167969,
      38.070796966552734,
      35.17875671386719,
      38.88351058959961,
      41.51158905029297,
      49.9235954284668,
      50.082088470458984,
      72.20858764648438,
      41.626285552978516,
      65.01781463623047
    ],
    [
      4.387786865234375,
      10.714482307434082,
      10.513031005859375,
      8.603650093078613,
      10.084668159484863,
      8.273615837097168,
      14.318022727966309,
      12.901881217956543,
      16.740921020507812,
      17.75290298461914,
      20.203371047973633,
      20.913785934448242,
      27.00687026977539,
      30.380661010742188,
      34.946022033691406,
      41.626285552978516,
      37.37928771972656,
      46.105804443359375
    ],
    [
      8.80833911895752,
      21.30388069152832,
      16.489524841308594,
      17.55307388305664,
      14.410834312438965,
      13.497113227844238,
      21.85157585144043,
      21.445375442504883,
      23.879623413085938,
      26.286155700683594,
      26.62991714477539,
      28.667020797729492,
      35.5782356262207,
      42.36866760253906,
      48.08110046386719,
      65.01781463623047,
      46.105804443359375,
      69.64659881591797
    ]
  ],
  "covariance_short": [
    [
      72.30538940429688,
      54.3822021484375,
      29.501903533935547,
      29.32427978515625,
      19.840803146362305,
      22.8269100189209,
      22.335655212402344,
      26.289398193359375,
      17.086206436157227,
      18.858444213867188,
      10.832789421081543,
      13.202406883239746,
      10.73908519744873,
      13.394183158874512,
      10.979965209960938,
      15.619105339050293,
      3.309896945953369,
      9.641032218933105
    ],
    [
      54.3822021484375,
      126.68602752685547,
      55.6009407043457,
      81.98641204833984,
      50.22917938232422,
      60.58534240722656,
      61.40944290161133,
      73.0752944946289,
      47.12611770629883,
      52.80606460571289,
      26.033430099487305,
      34.26332473754883,
      20.808908462524414,
      29.63347053527832,
      19.01336669921875,
      38.20668029785156,
      13.869818687438965,
      19.94761085510254
    ],
    [
      29.501903533935547,
      55.6009407043457,
      57.377044677734375,
      67.19889068603516,
      40.14255905151367,
      45.87356948852539,
      40.20122146606445,
      45.06217575073242,
      30.000244140625,
      32.72354507446289,
      17.42902183532715,
      22.30171775817871,
      14.036847114562988,
      18.437681198120117,
      12.887435913085938,
      18.14793586730957,
      4.960681915283203,
      10.659391403198242
    ],
    [
      29.32427978515625,
      81.98641204833984,
      67.19889068603516,
      121.36332702636719,
      63.96173858642578,
      73.20294189453125,
      67.46902465820312,
      75.3685073852539,
      48.37461853027344,
      52.5980110168457,
      25.46397590637207,
      34.0308952331543,
      18.082040786743164,
      26.016542434692383,
      16.16475486755371,
      25.986555099487305,
      4.519314765930176,
      14.857721328735352
    ],
    [
      19.840803146362305,
      50.22917938232422,
      40.14255905151367,
      63.96173858642578,
      80.79691314697266,
      82.8280258178711,
      70.18795776367188,
      75.25993347167969,
      54.76541519165039,
      56.476234436035156,
      32.234195709228516,
      37.78203582763672,
      19.576204299926758,
      24.232755661010742,
      14.516645431518555,
      21.82758903503418,
      5.953861236572266,
      9.20459270477295
    ],
    [
      22.8269100189209,
      60.58534240722656,
      45.87356948852539,
      73.20294189453125,
      82.8280258178711,
      98.30117797851562,
      77.17831420898438,
      86.6373291015625,
      62.389225006103516,
      65.4399642944336,
      36.31320571899414,
      43.28587341308594,
      22.25568199157715,
      28.051773071289062,
      16.474414825439453,
      22.314428329467773,
      3.9273312091827393,
      8.746684074401855
    ],
    [
      22.335655212402344,
      61.40944290161133,
      40.20122146606445,
      67.46902465820312,
      70.18795776367188,
      77.17831420898438,
      94.26750183105469,
      98.01069641113281,
      68.08313751220703,
      70.89086151123047,
      40.348209381103516,
      46.85914611816406,
      25.79388427734375,
      32.63813400268555,
      20.852394104003906,
      29.224193572998047,
      7.764095783233643,
      14.223334312438965
    ],
    [
      26.289398193359375,
      73.0752944946289,
      45.06217575073242,
      75.3685073852539,
      75.25993347167969,
      86.6373291015625,
      98.01069641113281,
      113.08345794677734,
      74.49581909179688,
      78.77532196044922,
      42.90522384643555,
      51.1309928894043,
      28.17864227294922,
      36.14326477050781,
      23.080263137817383,
      30.69306182861328,
      6.232158184051514,
      14.476240158081055
    ],
    [
      17.086206436157227,
      47.12611770629883,
      30.000244140625,
      48.37461853027344,
      54.76541519165039,
      62.389225006103516,
      68.08313751220703,
      74.49581909179688,
      71.06431579589844,
      71.809814453125,
      47.4012565612793,
      52.59803009033203,
      33.22837448120117,
      39.247314453125,
      29.33612823486328,
      34.94917678833008,
      14.152551651000977,
      21.840787887573242
    ],
    [
      18.858444213867188,
      52.80606460571289,
      32.72354507446289,
      52.5980110168457,
      56.476234436035156,
      65.4399642944336,
      70.89086151123047,
      78.77532196044922,
      71.809814453125,
      78.81936645507812,
      49.60625457763672,
      56.135746002197266,
      36.05352020263672,
      43.42549133300781,
      32.214752197265625,
      38.88229751586914,
      14.662951469421387,
      24.121152877807617
    ],
    [
      10.832789421081543,
      26.033430099487305,
      17.42902183532715,
      25.46397590637207,
      32.234195709228516,
      36.31320571899414,
      40.348209381103516,
      42.90522384643555,
      47.4012565612793,
      49.60625457763672,
      46.1334114074707,
      47.19157028198242,
      36.035438537597656,
      39.76618194580078,
      34.5552864074707,
      37.651119232177734,
      19.459009170532227,
      26.877912521362305
    ],
    [
      13.202406883239746,
      34.26332473754883,
      22.30171775817871,
      34.0308952331543,
      37.78203582763672,
      43.28587341308594,
      46.85914611816406,
      51.1309928894043,
      52.59803009033203,
      56.135746002197266,
      47.19157028198242,
      53.75734329223633,
      37.63815689086914,
      44.34977340698242,
      35.93818283081055,
      41.426475524902344,
      19.535823822021484,
      28.099058151245117
    ],
    [
      10.73908519744873,
      20.808908462524414,
      14.036847114562988,
      18.082040786743164,
      19.576204299926758,
      22.25568199157715,
      25.79388427734375,
      28.17864227294922,
      33.22837448120117,
      36.05352020263672,
      36.035438537597656,
      37.63815689086914,
      43.912559509277344,
      46.10088348388672,
      47.95907211303711,
      49.45161819458008,
      29.800556182861328,
      42.13658905029297
    ],
    [
      13.394183158874512,
      29.63347053527832,
      18.437681198120117,
      26.016542434692383,
      24.232755661010742,
      28.051773071289062,
      32.63813400268555,
      36.14326477050781,
      39.247314453125,
      43.42549133300781,
      39.76618194580078,
      44.34977340698242,
      46.10088348388672,
      55.083370208740234,
      52.644866943359375,
      58.618839263916016,
      33.59404373168945,
      49.15131378173828
    ],
    [
      10.979965209960938,
      19.01336669921875,
      12.887435913085938,
      16.16475486755371,
      14.516645431518555,
      16.474414825439453,
      20.852394104003906,
      23.080263137817383,
      29.33612823486328,
      32.214752197265625,
      34.5552864074707,
      35.93818283081055,
      47.95907211303711,
      52.644866943359375,
      62.93498229980469,
      64.07846069335938,
      41.87320327758789,
      62.15635681152344
    ],
    [
      15.619105339050293,
      38.20668029785156,
      18.14793586730957,
      25.986555099487305,
      21.82758903503418,
      22.314428329467773,
      29.224193572998047,
      30.69306182861328,
      34.94917678833008,
      38.88229751586914,
      37.651119232177734,
      41.426475524902344,
      49.45161819458008,
      58.618839263916016,
      64.07846069335938,
      82.60091400146484,
      55.494239807128906,
      74.28782653808594
    ],
    [
      3.309896945953369,
      13.869818687438965,
      4.960681915283203,
      4.519314765930176,
      5.953861236572266,
      3.9273312091827393,
      7.764095783233643,
      6.232158184051514,
      14.152551651000977,
      14.662951469421387,
      19.459009170532227,
      19.535823822021484,
      29.800556182861328,
      33.59404373168945,
      41.87320327758789,
      55.494239807128906,
      52.77742385864258,
      60.55902862548828
    ],
    [
      9.641032218933105,
      19.94761085510254,
      10.659391403198242,
      14.857721328735352,
      9.20459270477295,
      8.746684074401855,
      14.223334312438965,
      14.476240158081055,
      21.840787887573242,
      24.121152877807617,
      26.877912521362305,
      28.099058151245117,
      42.13658905029297,
      49.15131378173828,
      62.15635681152344,
      74.28782653808594,
      60.55902862548828,
      84.54920196533203
    ]
  ],
  "damage": -8.802549362182617,
  "diff_bandwidth": 408.8874816894531,
  "dissonance": 5.529699755777974,
  "drr": 3.191023826599121,
  "dynamics": 4.953482627868652,
  "format": 1245190,
  "frames": 9836480,
  "loudness": -17.96095085144043,
  "loudness_range": 14.738595008850098,
  "loudness_range_short": 18.015052795410156,
  "lowpass_true_peak_15khz": 0.16089972853660583,
  "mastering3_acoustic_entropies": [
    {
      "acoustic_entropy": 7.784485816955566,
      "acoustic_entropy_mono": 7.739022731781006,
      "band_eliminated_acoustic_entropies": [
        {
          "acoustic_entropy": 7.589727401733398,
          "acoustic_entropy_side": 7.790176868438721,
          "hz": 129.47220167065723
        },
        {
          "acoustic_entropy": 7.172709941864014,
          "acoustic_entropy_side": 7.934412002563477,
          "hz": 202.92927478742237
        },
        {
          "acoustic_entropy": 7.871928691864014,
          "acoustic_entropy_side": 7.820405006408691,
          "hz": 282.89161906338205
        },
        {
          "acoustic_entropy": 7.852478981018066,
          "acoustic_entropy_side": 7.76875114440918,
          "hz": 369.9353335868758
        },
        {
          "acoustic_entropy": 6.906490802764893,
          "acoustic_entropy_side": 7.712488174438477,
          "hz": 464.6875360973435
        },
        {
          "acoustic_entropy": 7.435484409332275,
          "acoustic_entropy_side": 7.958093166351318,
          "hz": 567.8308811364784
        },
        {
          "acoustic_entropy": 7.432012557983398,
          "acoustic_entropy_side": 7.990644454956055,
          "hz": 680.1084783214808
        },
        {
          "acoustic_entropy": 8.044509887695312,
          "acoustic_entropy_side": 7.762274265289307,
          "hz": 802.3292461747484
        },
        {
          "acoustic_entropy": 7.571489334106445,
          "acoustic_entropy_side": 7.611272811889648,
          "hz": 935.3737400823702
        },
        {
          "acoustic_entropy": 7.089536666870117,
          "acoustic_entropy_side": 7.471116542816162,
          "hz": 1080.2004963696966
        },
        {
          "acoustic_entropy": 7.257139682769775,
          "acoustic_entropy_side": 7.721601963043213,
          "hz": 1237.8529382007157
        },
        {
          "acoustic_entropy": 7.670785903930664,
          "acoustic_entropy_side": 7.668043613433838,
          "hz": 1409.4668930556702
        },
        {
          "acoustic_entropy": 7.550422668457031,
          "acoustic_entropy_side": 7.582028865814209,
          "hz": 1596.2787759475705
        },
        {
          "acoustic_entropy": 7.620350360870361,
          "acoustic_entropy_side": 7.737702369689941,
          "hz": 1799.6344973346393
        },
        {
          "acoustic_entropy": 7.789089202880859,
          "acoustic_entropy_side": 7.790687084197998,
          "hz": 2020.9991599069049
        },
        {
          "acoustic_entropy": 8.226357460021973,
          "acoustic_entropy_side": 7.809298992156982,
          "hz": 2261.9676141086993
        },
        {
          "acoustic_entropy": 7.753283977508545,
          "acoustic_entropy_side": 7.768043041229248,
          "hz": 2524.2759484456974
        },
        {
          "acoustic_entropy": 7.790078639984131,
          "acoustic_entropy_side": 7.791603088378906,
          "hz": 2809.813997359896
        },
        {
          "acoustic_entropy": 7.705349922180176,
          "acoustic_entropy_side": 7.7726311683654785,
          "hz": 3120.6389567871424
        },
        {
          "acoustic_entropy": 7.771265506744385,
          "acoustic_entropy_side": 7.782337665557861,
          "hz": 3458.990205492291
        },
        {
          "acoustic_entropy": 7.70036506652832,
          "acoustic_entropy_side": 7.779930591583252,
          "hz": 3827.305438964164
        },
        {
          "acoustic_entropy": 7.762580871582031,
          "acoustic_entropy_side": 7.798452377319336,
          "hz": 4228.238232109126
        },
        {
          "acoustic_entropy": 7.730541229248047,
          "acoustic_entropy_side": 7.797557830810547,
          "hz": 4664.6771572759235
        },
        {
          "acoustic_entropy": 7.668379783630371,
          "acoustic_entropy_side": 7.768463611602783,
          "hz": 5139.766595350093
        },
        {
          "acoustic_entropy": 7.6995849609375,
          "acoustic_entropy_side": 7.7820820808410645,
          "hz": 5656.929389854203
        },
        {
          "acoustic_entropy": 7.68657922744751,
          "acoustic_entropy_side": 7.77340841293335,
          "hz": 6219.891507268283
        },
        {
          "acoustic_entropy": 7.646138668060303,
          "acoustic_entropy_side": 7.762735366821289,
          "hz": 6832.70888123896
        },
        {
          "acoustic_entropy": 7.685756206512451,
          "acoustic_entropy_side": 7.7724080085754395,
          "hz": 7499.796634079867
        },
        {
          "acoustic_entropy": 7.675527572631836,
          "acoustic_entropy_side": 7.770227909088135,
          "hz": 8225.96088609342
        },
        {
          "acoustic_entropy": 7.696692943572998,
          "acoustic_entropy_side": 7.772160530090332,
          "hz": 9016.43338188839
        },
        {
          "acoustic_entropy": 7.676778793334961,
          "acoustic_entropy_side": 7.764857769012451,
          "hz": 9876.909183162974
        },
        {
          "acoustic_entropy": 7.686910629272461,
          "acoustic_entropy_side": 7.766791343688965,
          "hz": 10813.587699516042
        },
        {
          "acoustic_entropy": 7.694138050079346,
          "acoustic_entropy_side": 7.766744613647461,
          "hz": 11833.21735289826
        },
        {
          "acoustic_entropy": 7.711247444152832,
          "acoustic_entropy_side": 7.769934177398682,
          "hz": 12943.144197493959
        },
        {
          "acoustic_entropy": 7.723642826080322,
          "acoustic_entropy_side": 7.771167755126953,
          "hz": 14151.364845322005
        },
        {
          "acoustic_entropy": 7.741724014282227,
          "acoustic_entropy_side": 7.772690773010254,
          "hz": 15466.58407886509
        },
        {
          "acoustic_entropy": 7.7671661376953125,
          "acoustic_entropy_side": 7.778645038604736,
          "hz": 16898.27756580493
        },
        {
          "acoustic_entropy": 7.7794389724731445,
          "acoustic_entropy_side": 7.782538414001465,
          "hz": 18456.760127700032
        },
        {
          "acoustic_entropy": 7.783737659454346,
          "acoustic_entropy_side": 7.784127712249756,
          "hz": 20153.260054456492
        },
        {
          "acoustic_entropy": 7.784478664398193,
          "acoustic_entropy_side": 7.7844719886779785,
          "hz": 22000.00000000001
        }
      ],
      "diff_acoustic_entropy": 5.638290882110596,
      "sn": 6
    },
    {
      "acoustic_entropy": 12.256020545959473,
      "acoustic_entropy_mono": 11.729349136352539,
      "band_eliminated_acoustic_entropies": [
        {
          "acoustic_entropy": 11.725658416748047,
          "acoustic_entropy_side": 12.267454147338867,
          "hz": 129.47220167065723
        },
        {
          "acoustic_entropy": 12.708755493164062,
          "acoustic_entropy_side": 12.480573654174805,
          "hz": 202.92927478742237
        },
        {
          "acoustic_entropy": 12.171717643737793,
          "acoustic_entropy_side": 11.97747802734375,
          "hz": 282.89161906338205
        },
        {
          "acoustic_entropy": 12.211982727050781,
          "acoustic_entropy_side": 12.021173477172852,
          "hz": 369.9353335868758
        },
        {
          "acoustic_entropy": 11.528660774230957,
          "acoustic_entropy_side": 12.123144149780273,
          "hz": 464.6875360973435
        },
        {
          "acoustic_entropy": 12.222797393798828,
          "acoustic_entropy_side": 11.986865043640137,
          "hz": 567.8308811364784
        },
        {
          "acoustic_entropy": 11.6005277633667,
          "acoustic_entropy_side": 11.928659439086914,
          "hz": 680.1084783214808
        },
        {
          "acoustic_entropy": 11.798200607299805,
          "acoustic_entropy_side": 11.78585147857666,
          "hz": 802.3292461747484
        },
        {
          "acoustic_entropy": 11.242383003234863,
          "acoustic_entropy_side": 11.424239158630371,
          "hz": 935.3737400823702
        },
        {
          "acoustic_entropy": 11.620488166809082,
          "acoustic_entropy_side": 11.635258674621582,
          "hz": 1080.2004963696966
        },
        {
          "acoustic_entropy": 11.527642250061035,
          "acoustic_entropy_side": 12.198701858520508,
          "hz": 1237.8529382007157
        },
        {
          "acoustic_entropy": 11.966872215270996,
          "acoustic_entropy_side": 12.238313674926758,
          "hz": 1409.4668930556702
        },
        {
          "acoustic_entropy": 11.978235244750977,
          "acoustic_entropy_side": 12.171327590942383,
          "hz": 1596.2787759475705
        },
        {
          "acoustic_entropy": 12.258259773254395,
          "acoustic_entropy_side": 12.289928436279297,
          "hz": 1799.6344973346393
        },
        {
          "acoustic_entropy": 12.391209602355957,
          "acoustic_entropy_side": 12.299811363220215,
          "hz": 2020.9991599069049
        },
        {
          "acoustic_entropy": 11.823456764221191,
          "acoustic_entropy_side": 12.120556831359863,
          "hz": 2261.9676141086993
        },
        {
          "acoustic_entropy": 12.126605987548828,
          "acoustic_entropy_side": 12.236207008361816,
          "hz": 2524.2759484456974
        },
        {
          "acoustic_entropy": 11.926987648010254,
          "acoustic_entropy_side": 12.15355396270752,
          "hz": 2809.813997359896
        },
        {
          "acoustic_entropy": 12.06360149383545,
          "acoustic_entropy_side": 12.206501960754395,
          "hz": 3120.6389567871424
        },
        {
          "acoustic_entropy": 12.312500953674316,
          "acoustic_entropy_side": 12.161947250366211,
          "hz": 3458.990205492291
        },
        {
          "acoustic_entropy": 12.182880401611328,
          "acoustic_entropy_side": 12.188790321350098,
          "hz": 3827.305438964164
        },
        {
          "acoustic_entropy": 12.159260749816895,
          "acoustic_entropy_side": 12.198969841003418,
          "hz": 4228.238232109126
        },
        {
          "acoustic_entropy": 12.165369987487793,
          "acoustic_entropy_side": 12.218120574951172,
          "hz": 4664.6771572759235
        },
        {
          "acoustic_entropy": 12.161153793334961,
          "acoustic_entropy_side": 12.213153839111328,
          "hz": 5139.766595350093
        },
        {
          "acoustic_entropy": 12.228979110717773,
          "acoustic_entropy_side": 12.248090744018555,
          "hz": 5656.929389854203
        },
        {
          "acoustic_entropy": 12.24150562286377,
          "acoustic_entropy_side": 12.236900329589844,
          "hz": 6219.891507268283
        },
        {
          "acoustic_entropy": 12.286803245544434,
          "acoustic_entropy_side": 12.259659767150879,
          "hz": 6832.70888123896
        },
        {
          "acoustic_entropy": 12.23475456237793,
          "acoustic_entropy_side": 12.248744010925293,
          "hz": 7499.796634079867
        },
        {
          "acoustic_entropy": 12.264982223510742,
          "acoustic_entropy_side": 12.250717163085938,
          "hz": 8225.96088609342
        },
        {
          "acoustic_entropy": 12.269462585449219,
          "acoustic_entropy_side": 12.258255004882812,
          "hz": 9016.43338188839
        },
        {
          "acoustic_entropy": 12.21083927154541,
          "acoustic_entropy_side": 12.241175651550293,
          "hz": 9876.909183162974
        },
        {
          "acoustic_entropy": 12.194594383239746,
          "acoustic_entropy_side": 12.246541976928711,
          "hz": 10813.587699516042
        },
        {
          "acoustic_entropy": 12.17009449005127,
          "acoustic_entropy_side": 12.242859840393066,
          "hz": 11833.21735289826
        },
        {
          "acoustic_entropy": 12.145644187927246,
          "acoustic_entropy_side": 12.245780944824219,
          "hz": 12943.144197493959
        },
        {
          "acoustic_entropy": 12.131237983703613,
          "acoustic_entropy_side": 12.243950843811035,
          "hz": 14151.364845322005
        },
        {
          "acoustic_entropy": 12.140087127685547,
          "acoustic_entropy_side": 12.240588188171387,
          "hz": 15466.58407886509
        },
        {
          "acoustic_entropy": 12.21654987335205,
          "acoustic_entropy_side": 12.250410079956055,
          "hz": 16898.27756580493
        },
        {
          "acoustic_entropy": 12.254864692687988,
          "acoustic_entropy_side": 12.256499290466309,
          "hz": 18456.760127700032
        },
        {
          "acoustic_entropy": 12.259550094604492,
          "acoustic_entropy_side": 12.257194519042969,
          "hz": 20153.260054456492
        },
        {
          "acoustic_entropy": 12.256744384765625,
          "acoustic_entropy_side": 12.256186485290527,
          "hz": 22000.00000000001
        }
      ],
      "diff_acoustic_entropy": 8.020280838012695,
      "sn": 12
    },
    {
      "acoustic_entropy": 17.393291473388672,
      "acoustic_entropy_mono": 16.185983657836914,
      "band_eliminated_acoustic_entropies": [
        {
          "acoustic_entropy": 17.668840408325195,
          "acoustic_entropy_side": 17.42040252685547,
          "hz": 129.47220167065723
        },
        {
          "acoustic_entropy": 19.194046020507812,
          "acoustic_entropy_side": 18.045082092285156,
          "hz": 202.92927478742237
        },
        {
          "acoustic_entropy": 17.543407440185547,
          "acoustic_entropy_side": 17.4012451171875,
          "hz": 282.89161906338205
        },
        {
          "acoustic_entropy": 18.159643173217773,
          "acoustic_entropy_side": 18.188074111938477,
          "hz": 369.9353335868758
        },
        {
          "acoustic_entropy": 17.282482147216797,
          "acoustic_entropy_side": 17.703439712524414,
          "hz": 464.6875360973435
        },
        {
          "acoustic_entropy": 16.992563247680664,
          "acoustic_entropy_side": 16.8089656829834,
          "hz": 567.8308811364784
        },
        {
          "acoustic_entropy": 17.963926315307617,
          "acoustic_entropy_side": 17.765403747558594,
          "hz": 680.1084783214808
        },
        {
          "acoustic_entropy": 17.795854568481445,
          "acoustic_entropy_side": 17.7137393951416,
          "hz": 802.3292461747484
        },
        {
          "acoustic_entropy": 18.462482452392578,
          "acoustic_entropy_side": 17.38370704650879,
          "hz": 935.3737400823702
        },
        {
          "acoustic_entropy": 17.505512237548828,
          "acoustic_entropy_side": 16.878847122192383,
          "hz": 1080.2004963696966
        },
        {
          "acoustic_entropy": 18.000152587890625,
          "acoustic_entropy_side": 17.56527328491211,
          "hz": 1237.8529382007157
        },
        {
          "acoustic_entropy": 17.497989654541016,
          "acoustic_entropy_side": 17.58564567565918,
          "hz": 1409.4668930556702
        },
        {
          "acoustic_entropy": 17.628250122070312,
          "acoustic_entropy_side": 17.307071685791016,
          "hz": 1596.2787759475705
        },
        {
          "acoustic_entropy": 17.562530517578125,
          "acoustic_entropy_side": 17.125131607055664,
          "hz": 1799.6344973346393
        },
        {
          "acoustic_entropy": 17.898786544799805,
          "acoustic_entropy_side": 17.578636169433594,
          "hz": 2020.9991599069049
        },
        {
          "acoustic_entropy": 17.453577041625977,
          "acoustic_entropy_side": 17.22532844543457,
          "hz": 2261.9676141086993
        },
        {
          "acoustic_entropy": 17.945219039916992,
          "acoustic_entropy_side": 17.642202377319336,
          "hz": 2524.2759484456974
        },
        {
          "acoustic_entropy": 17.647871017456055,
          "acoustic_entropy_side": 17.69237518310547,
          "hz": 2809.813997359896
        },
        {
          "acoustic_entropy": 17.783946990966797,
          "acoustic_entropy_side": 17.502748489379883,
          "hz": 3120.6389567871424
        },
        {
