{
  "acoustic_entropy": 225.4138641357422,
  "bands": [
    {
      "high_freq": 148.1999969482422,
      "loudness": -25.416751861572266,
      "loudness_range": 11.33477783203125,
      "mid_mean": -21.777318954467773,
      "mid_to_side_loudness": -25.721561431884766,
      "mid_to_side_loudness_range": 26.566221237182617,
      "side_mean": -47.82612609863281
    },
    {
      "high_freq": 392.3793640136719,
      "loudness": -24.532222747802734,
      "loudness_range": 7.620698928833008,
      "low_freq": 148.1999969482422,
      "mid_mean": -21.405183792114258,
      "mid_to_side_loudness": -9.089466094970703,
      "mid_to_side_loudness_range": 8.26352310180664,
      "side_mean": -30.60528564453125
    },
    {
      "high_freq": 794.6976318359375,
      "loudness": -23.115665435791016,
      "loudness_range": 8.770814895629883,
      "low_freq": 392.3793640136719,
      "mid_mean": -20.681215286254883,
      "mid_to_side_loudness": -4.971055030822754,
      "mid_to_side_loudness_range": 6.124793529510498,
      "side_mean": -25.737335205078125
    },
    {
      "high_freq": 1457.5709228515625,
      "loudness": -23.164615631103516,
      "loudness_range": 9.947322845458984,
      "low_freq": 794.6976318359375,
      "mid_mean": -20.31256675720215,
      "mid_to_side_loudness": -6.906080722808838,
      "mid_to_side_loudness_range": 5.438136100769043,
      "side_mean": -27.303573608398438
    },
    {
      "high_freq": 2549.74365234375,
      "loudness": -24.32491683959961,
      "loudness_range": 10.33127212524414,
      "low_freq": 1457.5709228515625,
      "mid_mean": -21.641183853149414,
      "mid_to_side_loudness": -6.075967311859131,
      "mid_to_side_loudness_range": 5.632067680358887,
      "side_mean": -27.776155471801758
    },
    {
      "high_freq": 4349.24462890625,
      "loudness": -26.93968391418457,
      "loudness_range": 14.501808166503906,
      "low_freq": 2549.74365234375,
      "mid_mean": -24.13108253479004,
      "mid_to_side_loudness": -6.830327033996582,
      "mid_to_side_loudness_range": 7.41139030456543,
      "side_mean": -31.058368682861328
    },
    {
      "high_freq": 7314.1640625,
      "loudness": -33.158424377441406,
      "loudness_range": 12.40574836730957,
      "low_freq": 4349.24462890625,
      "mid_mean": -30.22073745727539,
      "mid_to_side_loudness": -7.679722785949707,
      "mid_to_side_loudness_range": 7.317946434020996,
      "side_mean": -38.01262664794922
    },
    {
      "high_freq": 12199.2666015625,
      "loudness": -38.518001556396484,
      "loudness_range": 12.353506088256836,
      "low_freq": 7314.1640625,
      "mid_mean": -35.308834075927734,
      "mid_to_side_loudness": -10.332122802734375,
      "mid_to_side_loudness_range": 11.412986755371094,
      "side_mean": -45.724342346191406
    },
    {
      "loudness": -50.083927154541016,
      "loudness_range": 19.08916473388672,
      "low_freq": 12199.2666015625,
      "mid_mean": -46.7584228515625,
      "mid_to_side_loudness": -11.677277565002441,
      "mid_to_side_loudness_range": 12.996997833251953,
      "side_mean": -57.95631408691406
    }
  ],
  "bands_short": [
    {
      "high_freq": 148.1999969482422,
      "loudness": -34.39756393432617,
      "loudness_range": 32.76997375488281,
      "mid_mean": -31.06949806213379,
      "mid_to_side_loudness": -19.507152557373047,
      "mid_to_side_loudness_range": 33.11909484863281,
      "side_mean": -53.267669677734375
    },
    {
      "high_freq": 392.3793640136719,
      "loudness": -25.403717041015625,
      "loudness_range": 14.288738250732422,
      "low_freq": 148.1999969482422,
      "mid_mean": -22.495166778564453,
      "mid_to_side_loudness": -8.93161392211914,
      "mid_to_side_loudness_range": 14.90629768371582,
      "side_mean": -31.595787048339844
    },
    {
      "high_freq": 794.6976318359375,
      "loudness": -23.988975524902344,
      "loudness_range": 11.924371719360352,
      "low_freq": 392.3793640136719,
      "mid_mean": -21.80793571472168,
      "mid_to_side_loudness": -4.64936637878418,
      "mid_to_side_loudness_range": 10.105358123779297,
      "side_mean": -26.519474029541016
    },
    {
      "high_freq": 1457.5709228515625,
      "loudness": -23.780181884765625,
      "loudness_range": 13.261486053466797,
      "low_freq": 794.6976318359375,
      "mid_mean": -21.161996841430664,
      "mid_to_side_loudness": -6.380825042724609,
      "mid_to_side_loudness_range": 10.366267204284668,
      "side_mean": -27.64144515991211
    },
    {
      "high_freq": 2549.74365234375,
      "loudness": -25.239974975585938,
      "loudness_range": 13.501800537109375,
      "low_freq": 1457.5709228515625,
      "mid_mean": -22.833871841430664,
      "mid_to_side_loudness": -5.507535934448242,
      "mid_to_side_loudness_range": 10.495216369628906,
      "side_mean": -28.427644729614258
    },
    {
      "high_freq": 4349.24462890625,
      "loudness": -27.986597061157227,
      "loudness_range": 17.355249404907227,
      "low_freq": 2549.74365234375,
      "mid_mean": -25.477876663208008,
      "mid_to_side_loudness": -5.973878860473633,
      "mid_to_side_loudness_range": 10.712085723876953,
      "side_mean": -31.58353614807129
    },
    {
      "high_freq": 7314.1640625,
      "loudness": -34.76640319824219,
      "loudness_range": 17.861581802368164,
      "low_freq": 4349.24462890625,
      "mid_mean": -32.1935920715332,
      "mid_to_side_loudness": -6.314446449279785,
      "mid_to_side_loudness_range": 10.96351146697998,
      "side_mean": -38.66002655029297
    },
    {
      "high_freq": 12199.2666015625,
      "loudness": -41.7301139831543,
      "loudness_range": 21.651962280273438,
      "low_freq": 7314.1640625,
      "mid_mean": -38.997398376464844,
      "mid_to_side_loudness": -7.62169075012207,
      "mid_to_side_loudness_range": 14.05955696105957,
      "side_mean": -46.80210876464844
    },
    {
      "loudness": -53.36993408203125,
      "loudness_range": 27.97970962524414,
      "low_freq": 12199.2666015625,
      "mid_mean": -50.795562744140625,
      "mid_to_side_loudness": -9.148296356201172,
      "mid_to_side_loudness_range": 14.197345733642578,
      "side_mean": -59.22521209716797
    }
  ],
  "bandwidth": 752.191162109375,
  "channels": 2,
  "covariance": [
    [
      19.28302574157715,
      5.015090465545654,
      4.306637287139893,
      0.5292667746543884,
      0.9789527058601379,
      1.1991466283798218,
      0.6615621447563171,
      0.7540024518966675,
      1.2880514860153198,
      0.49509337544441223,
      1.9260131120681763,
      0.3242069482803345,
      1.660629391670227,
      0.1890518218278885,
      0.2376565933227539,
      2.602264404296875,
      0.6134886741638184,
      3.0004613399505615
    ],
    [
      5.015090465545654,
      63.458553314208984,
      7.594449520111084,
      15.322771072387695,
      2.805972099304199,
      4.745542049407959,
      2.973682403564453,
      3.727477788925171,
      7.209057331085205,
      7.727349281311035,
      13.228500366210938,
      13.660552978515625,
      5.214334011077881,
      7.145390033721924,
      3.9799623489379883,
      9.003655433654785,
      5.7237229347229,
      12.22308349609375
    ],
    [
      4.306637287139893,
      7.594449520111084,
      8.747206687927246,
      6.198244571685791,
      3.097105026245117,
      2.8100688457489014,
      2.8541343212127686,
      2.5569562911987305,
      4.7324934005737305,
      3.155057907104492,
      7.669950008392334,
      5.370899200439453,
      5.092468738555908,
      2.6457481384277344,
      4.330498218536377,
      3.2558329105377197,
      7.049523830413818,
      5.368966102600098
    ],
    [
      0.5292667746543884,
      15.322771072387695,
      6.198244571685791,
      12.762648582458496,
      3.6292996406555176,
      4.4829559326171875,
      2.785634756088257,
      2.977769136428833,
      5.9195146560668945,
      5.345790386199951,
      9.94023323059082,
      8.618675231933594,
      4.969620704650879,
      3.8129992485046387,
      4.144249439239502,
      3.8774373531341553,
      6.699972629547119,
      6.037776947021484
    ],
    [
      0.9789527058601379,
      2.805972099304199,
      3.097105026245117,
      3.6292996406555176,
      10.870506286621094,
      8.02400016784668,
      7.77273416519165,
      7.137595176696777,
      8.084624290466309,
      6.77506160736084,
      8.641595840454102,
      8.341157913208008,
      8.379504203796387,
      8.480588912963867,
      6.84065580368042,
      8.828128814697266,
      11.595291137695312,
      12.302404403686523
    ],
    [
      1.1991466283798218,
      4.745542049407959,
      2.8100688457489014,
      4.4829559326171875,
      8.02400016784668,
      9.4471435546875,
      6.424851417541504,
      6.580622673034668,
      7.350708484649658,
      6.890099048614502,
      7.563879489898682,
      7.670255184173584,
      7.694227695465088,
      8.19326400756836,
      6.123289585113525,
      8.381940841674805,
      10.470877647399902,
      11.49122142791748
    ],
    [
      0.6615621447563171,
      2.973682403564453,
      2.8541343212127686,
      2.785634756088257,
      7.77273416519165,
      6.424851417541504,
      15.14235782623291,
      11.613290786743164,
      10.917491912841797,
      9.091669082641602,
      10.495182037353516,
      9.508502960205078,
      8.913887023925781,
      9.204670906066895,
      6.2056355476379395,
      8.17361831665039,
      10.508088111877441,
      11.880345344543457
    ],
    [
      0.7540024518966675,
      3.727477788925171,
      2.5569562911987305,
      2.977769136428833,
      7.137595176696777,
      6.580622673034668,
      11.613290786743164,
      11.880257606506348,
      9.22361946105957,
      8.92024040222168,
      8.368417739868164,
      9.079567909240723,
      8.829316139221191,
      9.908234596252441,
      6.354083061218262,
      9.270402908325195,
      10.845444679260254,
      12.94180679321289
    ],
    [
      1.2880514860153198,
      7.209057331085205,
      4.7324934005737305,
      5.9195146560668945,
      8.084624290466309,
      7.350708484649658,
      10.917491912841797,
      9.22361946105957,
      15.50387191772461,
      12.358623504638672,
      15.871918678283691,
      12.978954315185547,
      11.743302345275879,
      11.068100929260254,
      8.390518188476562,
      10.354557991027832,
      14.000667572021484,
      14.792052268981934
    ],
    [
      0.49509337544441223,
      7.727349281311035,
      3.155057907104492,
      5.345790386199951,
      6.77506160736084,
      6.890099048614502,
      9.091669082641602,
      8.92024040222168,
      12.358623504638672,
      13.140110969543457,
      11.31271743774414,
      11.578394889831543,
      10.17021656036377,
      11.398907661437988,
      7.454607009887695,
      10.213095664978027,
      12.260132789611816,
      14.005105018615723
    ],
    [
      1.9260131120681763,
      13.228500366210938,
      7.669950008392334,
      9.94023323059082,
      8.641595840454102,
      7.563879489898682,
      10.495182037353516,
      8.368417739868164,
      15.871918678283691,
      11.31271743774414,
      27.933427810668945,
      21.474761962890625,
      15.465895652770996,
      13.038840293884277,
      11.371996879577637,
      14.065600395202637,
      18.907957077026367,
      19.900697708129883
    ],
    [
      0.3242069482803345,
      13.660552978515625,
      5.370899200439453,
      8.618675231933594,
      8.341157913208008,
      7.670255184173584,
      9.508502960205078,
      9.079567909240723,
      12.978954315185547,
      11.578394889831543,
      21.474761962890625,
      21.032766342163086,
      13.814764022827148,
      14.982033729553223,
      10.683893203735352,
      15.99710750579834,
      17.86146354675293,
      21.36007308959961
    ],
    [
      1.660629391670227,
      5.214334011077881,
      5.092468738555908,
      4.969620704650879,
      8.379504203796387,
      7.694227695465088,
      8.913887023925781,
      8.829316139221191,
      11.743302345275879,
      10.17021656036377,
      15.465895652770996,
      13.814764022827148,
      18.981910705566406,
      17.93570899963379,
      15.44304370880127,
      19.765073776245117,
      24.72438621520996,
      26.699552536010742
    ],
    [
      0.1890518218278885,
      7.145390033721924,
      2.6457481384277344,
      3.8129992485046387,
      8.480588912963867,
      8.19326400756836,
      9.204670906066895,
      9.908234596252441,
      11.068100929260254,
      11.398907661437988,
      13.038840293884277,
      14.982033729553223,
      17.93570899963379,
      23.20842742919922,
      15.191828727722168,
      25.054697036743164,
      24.04294204711914,
      31.412918090820312
    ],
    [
      0.2376565933227539,
      3.9799623489379883,
      4.330498218536377,
      4.144249439239502,
      6.84065580368042,
      6.123289585113525,
      6.2056355476379395,
      6.354083061218262,
      8.390518188476562,
      7.454607009887695,
      11.371996879577637,
      10.683893203735352,
      15.44304370880127,
      15.191828727722168,
      16.808834075927734,
      19.200693130493164,
      24.253904342651367,
      24.502098083496094
    ],
    [
      2.602264404296875,
      9.003655433654785,
      3.2558329105377197,
      3.8774373531341553,
      8.828128814697266,
      8.381940841674805,
      8.17361831665039,
      9.270402908325195,
      10.354557991027832,
      10.213095664978027,
      14.065600395202637,
      15.99710750579834,
      19.765073776245117,
      25.054697036743164,
      19.200693130493164,
      34.356231689453125,
      30.16437339782715,
      42.02285385131836
    ],
    [
      0.6134886741638184,
      5.7237229347229,
      7.049523830413818,
      6.699972629547119,
      11.595291137695312,
      10.470877647399902,
      10.508088111877441,
      10.845444679260254,
      14.000667572021484,
      12.260132789611816,
      18.907957077026367,
      17.86146354675293,
      24.72438621520996,
      24.04294204711914,
      24.253904342651367,
      30.16437339782715,
      40.21323013305664,
      42.021705627441406
    ],
    [
      3.0004613399505615,
      12.22308349609375,
      5.368966102600098,
      6.037776947021484,
      12.302404403686523,
      11.49122142791748,
      11.880345344543457,
      12.94180679321289,
      14.792052268981934,
      14.005105018615723,
      19.900697708129883,
      21.36007308959961,
      26.699552536010742,
      31.412918090820312,
      24.502098083496094,
      42.02285385131836,
      42.021705627441406,
      57.86648178100586
    ]
  ],
  "covariance_short": [
    [
      116.73710632324219,
      19.422042846679688,
      34.56728744506836,
      2.032510280609131,
      4.496764183044434,
      1.630792260169983,
      1.4838961362838745,
      1.5693886280059814,
      4.400216579437256,
      0.49988240003585815,
      10.67902660369873,
      2.925642490386963,
      16.11992835998535,
      2.9875471591949463,
      17.758676528930664,
      10.590517044067383,
      22.064085006713867,
      17.30769157409668
    ],
    [
      19.422042846679688,
      84.5882568359375,
      11.411064147949219,
      18.890548706054688,
      3.375584840774536,
      5.310635089874268,
      2.605909824371338,
      3.685978412628174,
      7.276636600494385,
      7.979024410247803,
      14.179489135742188,
      14.887860298156738,
      7.425928115844727,
      9.28699779510498,
      7.248832702636719,
      11.123025894165039,
      15.609724044799805,
      16.859760284423828
    ],
    [
      34.56728744506836,
      11.411064147949219,
      27.172168731689453,
      10.109585762023926,
      7.9216108322143555,
      5.011896133422852,
      6.669229984283447,
      4.36648416519165,
      9.252959251403809,
      5.3544158935546875,
      14.224327087402344,
      7.816604137420654,
      13.93507194519043,
      5.498037815093994,
      15.61294174194336,
      7.170327186584473,
      17.936233520507812,
      8.447574615478516
    ],
    [
      2.032510280609131,
      18.890548706054688,
      10.109585762023926,
      21.71401023864746,
      6.82753849029541,
      7.3003716468811035,
      5.964540481567383,
      5.270058631896973,
      8.70071792602539,
      7.683384895324707,
      13.080367088317871,
      11.01089859008789,
      8.845101356506348,
      6.667896747589111,
      10.1829833984375,
      6.41193151473999,
      13.262971878051758,
      7.344327449798584
    ],
    [
      4.496764183044434,
      3.375584840774536,
      7.9216108322143555,
      6.82753849029541,
      22.051105499267578,
      13.144404411315918,
      14.380894660949707,
      10.995691299438477,
      14.5492582321167,
      10.369524955749512,
      15.313260078430176,
      11.297601699829102,
      16.770153045654297,
      12.673863410949707,
      18.268362045288086,
      12.144744873046875,
      22.96932601928711,
      15.01035213470459
    ],
    [
      1.630792260169983,
      5.310635089874268,
      5.011896133422852,
      7.3003716468811035,
      13.144404411315918,
      16.186830520629883,
      10.110273361206055,
      9.194687843322754,
      10.962386131286621,
      9.602065086364746,
      11.030839920043945,
      9.789261817932129,
      12.607651710510254,
      11.262833595275879,
      13.736555099487305,
      10.981355667114258,
      17.865299224853516,
      13.373553276062012
    ],
    [
      1.4838961362838745,
      2.605909824371338,
      6.669229984283447,
      5.964540481567383,
      14.380894660949707,
      10.110273361206055,
      27.670961380004883,
      16.507471084594727,
      20.05000877380371,
      13.021341323852539,
      20.27545738220215,
      14.065155029296875,
      16.712631225585938,
      12.551384925842285,
      15.227463722229004,
      11.261763572692871,
      20.252914428710938,
      14.667460441589355
    ],
    [
      1.5693886280059814,
      3.685978412628174,
      4.36648416519165,
      5.270058631896973,
      10.995691299438477,
      9.194687843322754,
      16.507471084594727,
      17.650136947631836,
      13.85230827331543,
      11.579401016235352,
      13.42798900604248,
      12.043249130249023,
      13.830437660217285,
      12.507929801940918,
      13.387870788574219,
      11.926584243774414,
      18.048959732055664,
      15.014369010925293
    ],
    [
      4.400216579437256,
      7.276636600494385,
      9.252959251403809,
      8.70071792602539,
      14.5492582321167,
      10.962386131286621,
      20.05000877380371,
      13.85230827331543,
      28.133869171142578,
      17.422595977783203,
      26.12125587463379,
      17.550430297851562,
      21.29353904724121,
      15.359330177307129,
      19.203540802001953,
      14.041687965393066,
      25.293859481811523,
      17.7553653717041
    ],
    [
      0.49988240003585815,
      7.979024410247803,
      5.3544158935546875,
      7.683384895324707,
      10.369524955749512,
      9.602065086364746,
      13.021341323852539,
      11.579401016235352,
      17.422595977783203,
      19.071407318115234,
      16.136871337890625,
      14.886984825134277,
      15.983819961547852,
      14.878376007080078,
      15.533211708068848,
      13.631649017333984,
      20.569534301757812,
      16.404579162597656
    ],
    [
      10.67902660369873,
      14.179489135742188,
      14.224327087402344,
      13.080367088317871,
      15.313260078430176,
      11.030839920043945,
      20.27545738220215,
      13.42798900604248,
      26.12125587463379,
      16.136871337890625,
      42.90924835205078,
      27.873367309570312,
      29.612327575683594,
      19.073278427124023,
      27.19137954711914,
      20.064035415649414,
      35.451175689697266,
      25.191118240356445
    ],
    [
      2.925642490386963,
      14.887860298156738,
      7.816604137420654,
      11.01089859008789,
      11.297601699829102,
      9.789261817932129,
      14.065155029296875,
      12.043249130249023,
      17.550430297851562,
      14.886984825134277,
      27.873367309570312,
      26.69085121154785,
      21.680788040161133,
      19.202470779418945,
      21.564895629882812,
      20.297327041625977,
      28.730703353881836,
      24.50126075744629
    ],
    [
      16.11992835998535,
      7.425928115844727,
      13.93507194519043,
      8.845101356506348,
      16.770153045654297,
      12.607651710510254,
      16.712631225585938,
      13.830437660217285,
      21.29353904724121,
      15.983819961547852,
      29.612327575683594,
      21.680788040161133,
      43.849308013916016,
      29.739246368408203,
      47.00663757324219,
      32.496849060058594,
      54.78007125854492,
      37.96039962768555
    ],
    [
      2.9875471591949463,
      9.28699779510498,
      5.498037815093994,
      6.667896747589111,
      12.673863410949707,
      11.262833595275879,
      12.551384925842285,
      12.507929801940918,
      15.359330177307129,
      14.878376007080078,
      19.073278427124023,
      19.202470779418945,
      29.739246368408203,
      31.397552490234375,
      32.78904724121094,
      32.531402587890625,
      40.09102249145508,
      36.77953338623047
    ],
    [
      17.758676528930664,
      7.248832702636719,
      15.61294174194336,
      10.1829833984375,
      18.268362045288086,
      13.736555099487305,
      15.227463722229004,
      13.387870788574219,
      19.203540802001953,
      15.533211708068848,
      27.19137954711914,
      21.564895629882812,
      47.00663757324219,
      32.78904724121094,
      66.06014251708984,
      42.070213317871094,
      71.67403411865234,
      45.99052047729492
    ],
    [
      10.590517044067383,
      11.123025894165039,
      7.170327186584473,
      6.41193151473999,
      12.144744873046875,
      10.981355667114258,
      11.261763572692871,
      11.926584243774414,
      14.041687965393066,
      13.631649017333984,
      20.064035415649414,
      20.297327041625977,
      32.496849060058594,
      32.531402587890625,
      42.070213317871094,
      45.771427154541016,
      50.333740234375,
      50.158172607421875
    ],
    [
      22.064085006713867,
      15.609724044799805,
      17.936233520507812,
      13.262971878051758,
      22.96932601928711,
      17.865299224853516,
      20.252914428710938,
      18.048959732055664,
      25.293859481811523,
      20.569534301757812,
      35.451175689697266,
      28.730703353881836,
      54.78007125854492,
      40.09102249145508,
      71.67403411865234,
      50.333740234375,
      92.92974853515625,
      63.491268157958984
    ],
    [
      17.30769157409668,
      16.859760284423828,
      8.447574615478516,
      7.344327449798584,
      15.01035213470459,
      13.373553276062012,
      14.667460441589355,
      15.014369010925293,
      17.7553653717041,
      16.404579162597656,
      25.191118240356445,
      24.50126075744629,
      37.96039962768555,
      36.77953338623047,
      45.99052047729492,
      50.158172607421875,
      63.491268157958984,
      64.81022644042969
    ]
  ],
  "damage": -9.39512825012207,
  "diff_bandwidth": 718.7515869140625,
  "dissonance": 8.452585920892536,
  "drr": -18.101566314697266,
  "dynamics": 2.5371172428131104,
  "format": 1245190,
  "frames": 11770816,
  "loudness": -12.626275062561035,
  "loudness_range": 6.216917991638184,
  "loudness_range_short": 9.8919095993042,
  "lowpass_true_peak_15khz": 0.2509569227695465,
  "mastering3_acoustic_entropies": [
    {
      "acoustic_entropy": 6.825438022613525,
      "acoustic_entropy_mono": 7.390909194946289,
      "band_eliminated_acoustic_entropies": [
        {
          "acoustic_entropy": 6.802520751953125,
          "acoustic_entropy_side": 6.82545804977417,
          "hz": 129.47220167065723
        },
        {
          "acoustic_entropy": 6.624687671661377,
          "acoustic_entropy_side": 6.826579570770264,
          "hz": 202.92927478742237
        },
        {
          "acoustic_entropy": 7.009800434112549,
          "acoustic_entropy_side": 6.831569194793701,
          "hz": 282.89161906338205
        },
        {
          "acoustic_entropy": 7.025974750518799,
          "acoustic_entropy_side": 6.842247486114502,
          "hz": 369.9353335868758
        },
        {
          "acoustic_entropy": 7.241185665130615,
          "acoustic_entropy_side": 6.81673526763916,
          "hz": 464.6875360973435
        },
        {
          "acoustic_entropy": 6.9842424392700195,
          "acoustic_entropy_side": 6.920670032501221,
          "hz": 567.8308811364784
        },
        {
          "acoustic_entropy": 7.165945529937744,
          "acoustic_entropy_side": 7.0890021324157715,
          "hz": 680.1084783214808
        },
        {
          "acoustic_entropy": 7.161431312561035,
          "acoustic_entropy_side": 7.0213847160339355,
          "hz": 802.3292461747484
        },
        {
          "acoustic_entropy": 7.154637336730957,
          "acoustic_entropy_side": 6.952553749084473,
          "hz": 935.3737400823702
        },
        {
          "acoustic_entropy": 6.437501907348633,
          "acoustic_entropy_side": 6.915500640869141,
          "hz": 1080.2004963696966
        },
        {
          "acoustic_entropy": 7.017210006713867,
          "acoustic_entropy_side": 6.712093830108643,
          "hz": 1237.8529382007157
        },
        {
          "acoustic_entropy": 6.153444766998291,
          "acoustic_entropy_side": 6.739973545074463,
          "hz": 1409.4668930556702
        },
        {
          "acoustic_entropy": 6.975712776184082,
          "acoustic_entropy_side": 6.709358215332031,
          "hz": 1596.2787759475705
        },
        {
          "acoustic_entropy": 6.779147624969482,
          "acoustic_entropy_side": 6.925787925720215,
          "hz": 1799.6344973346393
        },
        {
          "acoustic_entropy": 7.321997165679932,
          "acoustic_entropy_side": 6.94924259185791,
          "hz": 2020.9991599069049
        },
        {
          "acoustic_entropy": 7.009492874145508,
          "acoustic_entropy_side": 7.0830397605896,
          "hz": 2261.9676141086993
        },
        {
          "acoustic_entropy": 6.737360000610352,
          "acoustic_entropy_side": 6.976130485534668,
          "hz": 2524.2759484456974
        },
        {
          "acoustic_entropy": 6.694835662841797,
          "acoustic_entropy_side": 6.741456508636475,
          "hz": 2809.813997359896
        },
        {
          "acoustic_entropy": 6.769869804382324,
          "acoustic_entropy_side": 6.785765647888184,
          "hz": 3120.6389567871424
        },
        {
          "acoustic_entropy": 7.066104888916016,
          "acoustic_entropy_side": 6.932433605194092,
          "hz": 3458.990205492291
        },
        {
          "acoustic_entropy": 6.86090612411499,
          "acoustic_entropy_side": 6.840775012969971,
          "hz": 3827.305438964164
        },
        {
          "acoustic_entropy": 6.888199329376221,
          "acoustic_entropy_side": 6.86435604095459,
          "hz": 4228.238232109126
        },
        {
          "acoustic_entropy": 6.830655574798584,
          "acoustic_entropy_side": 6.861896991729736,
          "hz": 4664.6771572759235
        },
        {
          "acoustic_entropy": 6.895198822021484,
          "acoustic_entropy_side": 6.833704471588135,
          "hz": 5139.766595350093
        },
        {
          "acoustic_entropy": 7.016659736633301,
          "acoustic_entropy_side": 6.846287727355957,
          "hz": 5656.929389854203
        },
        {
          "acoustic_entropy": 6.990756988525391,
          "acoustic_entropy_side": 6.836099624633789,
          "hz": 6219.891507268283
        },
        {
          "acoustic_entropy": 6.979722499847412,
          "acoustic_entropy_side": 6.840831756591797,
          "hz": 6832.70888123896
        },
        {
          "acoustic_entropy": 6.949637413024902,
          "acoustic_entropy_side": 6.842635154724121,
          "hz": 7499.796634079867
        },
        {
          "acoustic_entropy": 6.906458377838135,
          "acoustic_entropy_side": 6.833906173706055,
          "hz": 8225.96088609342
        },
        {
          "acoustic_entropy": 6.867023468017578,
          "acoustic_entropy_side": 6.831192970275879,
          "hz": 9016.43338188839
        },
        {
          "acoustic_entropy": 6.869784832000732,
          "acoustic_entropy_side": 6.831782341003418,
          "hz": 9876.909183162974
        },
        {
          "acoustic_entropy": 6.860090732574463,
          "acoustic_entropy_side": 6.828006267547607,
          "hz": 10813.587699516042
        },
        {
          "acoustic_entropy": 6.850773811340332,
          "acoustic_entropy_side": 6.8264946937561035,
          "hz": 11833.21735289826
        },
        {
          "acoustic_entropy": 6.842555046081543,
          "acoustic_entropy_side": 6.825953006744385,
          "hz": 12943.144197493959
        },
        {
          "acoustic_entropy": 6.832055568695068,
          "acoustic_entropy_side": 6.825746536254883,
          "hz": 14151.364845322005
        },
        {
          "acoustic_entropy": 6.8245625495910645,
          "acoustic_entropy_side": 6.825533866882324,
          "hz": 15466.58407886509
        },
        {
          "acoustic_entropy": 6.826837539672852,
          "acoustic_entropy_side": 6.825457572937012,
          "hz": 16898.27756580493
        },
        {
          "acoustic_entropy": 6.8259053230285645,
          "acoustic_entropy_side": 6.825438499450684,
          "hz": 18456.760127700032
        },
        {
          "acoustic_entropy": 6.825473308563232,
          "acoustic_entropy_side": 6.825438022613525,
          "hz": 20153.260054456492
        },
        {
          "acoustic_entropy": 6.825444221496582,
          "acoustic_entropy_side": 6.825438976287842,
          "hz": 22000.00000000001
        }
      ],
      "diff_acoustic_entropy": 5.955896377563477,
      "sn": 6
    },
    {
      "acoustic_entropy": 10.896541595458984,
      "acoustic_entropy_mono": 12.231493949890137,
      "band_eliminated_acoustic_entropies": [
        {
          "acoustic_entropy": 10.298663139343262,
          "acoustic_entropy_side": 10.897019386291504,
          "hz": 129.47220167065723
        },
        {
          "acoustic_entropy": 9.279855728149414,
          "acoustic_entropy_side": 10.923722267150879,
          "hz": 202.92927478742237
        },
        {
          "acoustic_entropy": 11.120590209960938,
          "acoustic_entropy_side": 10.969894409179688,
          "hz": 282.89161906338205
        },
        {
          "acoustic_entropy": 10.933302879333496,
          "acoustic_entropy_side": 10.85252857208252,
          "hz": 369.9353335868758
        },
        {
          "acoustic_entropy": 10.772250175476074,
          "acoustic_entropy_side": 10.837011337280273,
          "hz": 464.6875360973435
        },
        {
          "acoustic_entropy": 10.479801177978516,
          "acoustic_entropy_side": 10.950819969177246,
          "hz": 567.8308811364784
        },
        {
          "acoustic_entropy": 10.304524421691895,
          "acoustic_entropy_side": 10.874923706054688,
          "hz": 680.1084783214808
        },
        {
          "acoustic_entropy": 10.955925941467285,
          "acoustic_entropy_side": 10.775125503540039,
          "hz": 802.3292461747484
        },
        {
          "acoustic_entropy": 10.856432914733887,
          "acoustic_entropy_side": 10.849003791809082,
          "hz": 935.3737400823702
        },
        {
          "acoustic_entropy": 10.27743148803711,
          "acoustic_entropy_side": 11.11223316192627,
          "hz": 1080.2004963696966
        },
        {
          "acoustic_entropy": 10.999731063842773,
          "acoustic_entropy_side": 10.928483963012695,
          "hz": 1237.8529382007157
        },
        {
          "acoustic_entropy": 9.952585220336914,
          "acoustic_entropy_side": 10.64599323272705,
          "hz": 1409.4668930556702
        },
        {
          "acoustic_entropy": 10.262022018432617,
          "acoustic_entropy_side": 10.759886741638184,
          "hz": 1596.2787759475705
        },
        {
          "acoustic_entropy": 10.546454429626465,
          "acoustic_entropy_side": 10.809744834899902,
          "hz": 1799.6344973346393
        },
        {
          "acoustic_entropy": 11.354065895080566,
          "acoustic_entropy_side": 11.043670654296875,
          "hz": 2020.9991599069049
        },
        {
          "acoustic_entropy": 11.190031051635742,
          "acoustic_entropy_side": 11.311877250671387,
          "hz": 2261.9676141086993
        },
        {
          "acoustic_entropy": 11.764114379882812,
          "acoustic_entropy_side": 11.194046020507812,
          "hz": 2524.2759484456974
        },
        {
          "acoustic_entropy": 11.064852714538574,
          "acoustic_entropy_side": 11.104464530944824,
          "hz": 2809.813997359896
        },
        {
          "acoustic_entropy": 10.919312477111816,
          "acoustic_entropy_side": 10.5462064743042,
          "hz": 3120.6389567871424
        },
        {
          "acoustic_entropy": 10.63680648803711,
          "acoustic_entropy_side": 10.748313903808594,
          "hz": 3458.990205492291
        },
        {
          "acoustic_entropy": 10.944581031799316,
          "acoustic_entropy_side": 10.933978080749512,
          "hz": 3827.305438964164
        },
        {
          "acoustic_entropy": 10.916221618652344,
          "acoustic_entropy_side": 10.949419021606445,
          "hz": 4228.238232109126
        },
        {
          "acoustic_entropy": 10.686315536499023,
          "acoustic_entropy_side": 10.875856399536133,
          "hz": 4664.6771572759235
        },
        {
          "acoustic_entropy": 10.844286918640137,
          "acoustic_entropy_side": 10.94780158996582,
          "hz": 5139.766595350093
        },
        {
          "acoustic_entropy": 10.997071266174316,
          "acoustic_entropy_side": 10.917744636535645,
          "hz": 5656.929389854203
        },
        {
          "acoustic_entropy": 10.918647766113281,
          "acoustic_entropy_side": 10.931046485900879,
          "hz": 6219.891507268283
        },
        {
          "acoustic_entropy": 10.953924179077148,
          "acoustic_entropy_side": 10.976724624633789,
          "hz": 6832.70888123896
        },
        {
          "acoustic_entropy": 10.728167533874512,
          "acoustic_entropy_side": 10.728559494018555,
          "hz": 7499.796634079867
        },
        {
          "acoustic_entropy": 10.927111625671387,
          "acoustic_entropy_side": 10.911667823791504,
          "hz": 8225.96088609342
        },
        {
          "acoustic_entropy": 10.978815078735352,
          "acoustic_entropy_side": 10.926311492919922,
          "hz": 9016.43338188839
        },
        {
          "acoustic_entropy": 10.969500541687012,
          "acoustic_entropy_side": 10.940855979919434,
          "hz": 9876.909183162974
        },
        {
          "acoustic_entropy": 10.966105461120605,
          "acoustic_entropy_side": 10.927412986755371,
          "hz": 10813.587699516042
        },
        {
          "acoustic_entropy": 10.9573392868042,
          "acoustic_entropy_side": 10.911584854125977,
          "hz": 11833.21735289826
        },
        {
          "acoustic_entropy": 10.967479705810547,
          "acoustic_entropy_side": 10.901145935058594,
          "hz": 12943.144197493959
        },
        {
          "acoustic_entropy": 10.935829162597656,
          "acoustic_entropy_side": 10.900968551635742,
          "hz": 14151.364845322005
        },
        {
          "acoustic_entropy": 10.923548698425293,
          "acoustic_entropy_side": 10.899471282958984,
          "hz": 15466.58407886509
        },
        {
          "acoustic_entropy": 10.902000427246094,
          "acoustic_entropy_side": 10.897146224975586,
          "hz": 16898.27756580493
        },
        {
          "acoustic_entropy": 10.895370483398438,
          "acoustic_entropy_side": 10.896683692932129,
          "hz": 18456.760127700032
        },
        {
          "acoustic_entropy": 10.897103309631348,
          "acoustic_entropy_side": 10.896551132202148,
          "hz": 20153.260054456492
        },
        {
          "acoustic_entropy": 10.896743774414062,
          "acoustic_entropy_side": 10.896541595458984,
          "hz": 22000.00000000001
        }
      ],
      "diff_acoustic_entropy": 8.496064186096191,
      "sn": 12
    },
    {
      "acoustic_entropy": 16.44443130493164,
      "acoustic_entropy_mono": 15.44251823425293,
      "band_eliminated_acoustic_entropies": [
        {
          "acoustic_entropy": 16.149513244628906,
          "acoustic_entropy_side": 16.41956901550293,
          "hz": 129.47220167065723
        },
        {
          "acoustic_entropy": 16.050832748413086,
          "acoustic_entropy_side": 16.54424285888672,
          "hz": 202.92927478742237
        },
        {
          "acoustic_entropy": 17.059837341308594,
          "acoustic_entropy_side": 16.964197158813477,
          "hz": 282.89161906338205
        },
        {
          "acoustic_entropy": 16.23206901550293,
          "acoustic_entropy_side": 15.901687622070312,
          "hz": 369.9353335868758
        },
        {
          "acoustic_entropy": 16.765695571899414,
          "acoustic_entropy_side": 16.35334587097168,
          "hz": 464.6875360973435
        },
        {
          "acoustic_entropy": 15.7160005569458,
          "acoustic_entropy_side": 15.884881973266602,
          "hz": 567.8308811364784
        },
        {
          "acoustic_entropy": 15.877450942993164,
          "acoustic_entropy_side": 15.59919548034668,
          "hz": 680.1084783214808
        },
        {
          "acoustic_entropy": 16.298019409179688,
          "acoustic_entropy_side": 16.520320892333984,
          "hz": 802.3292461747484
        },
        {
          "acoustic_entropy": 16.14762306213379,
          "acoustic_entropy_side": 16.42914390563965,
          "hz": 935.3737400823702
        },
        {
          "acoustic_entropy": 15.707990646362305,
          "acoustic_entropy_side": 16.51579475402832,
          "hz": 1080.2004963696966
        },
        {
          "acoustic_entropy": 16.256982803344727,
          "acoustic_entropy_side": 16.03532600402832,
          "hz": 1237.8529382007157
        },
        {
          "acoustic_entropy": 15.507458686828613,
          "acoustic_entropy_side": 16.49492073059082,
          "hz": 1409.4668930556702
        },
        {
          "acoustic_entropy": 16.23402976989746,
          "acoustic_entropy_side": 17.201353073120117,
          "hz": 1596.2787759475705
        },
        {
          "acoustic_entropy": 16.1685848236084,
          "acoustic_entropy_side": 15.722519874572754,
          "hz": 1799.6344973346393
        },
        {
          "acoustic_entropy": 16.27704429626465,
          "acoustic_entropy_side": 15.94837474822998,
          "hz": 2020.9991599069049
        },
        {
          "acoustic_entropy": 16.2181453704834,
          "acoustic_entropy_side": 16.852781295776367,
          "hz": 2261.9676141086993
        },
        {
          "acoustic_entropy": 16.637619018554688,
          "acoustic_entropy_side": 16.58361053466797,
          "hz": 2524.2759484456974
        },
        {
          "acoustic_entropy": 15.660269737243652,
          "acoustic_entropy_side": 15.84370231628418,
          "hz": 2809.813997359896
        },
        {
          "acoustic_entropy": 16.410194396972656,
