{
  "acoustic_entropy": 151.5092010498047,
  "bands": [
    {
      "high_freq": 148.1999969482422,
      "loudness": -18.06245994567871,
      "loudness_range": 15.22224235534668,
      "mid_mean": -14.651012420654297,
      "mid_to_side_loudness": -17.29871940612793,
      "mid_to_side_loudness_range": 21.847007751464844,
      "side_mean": -32.39730453491211
    },
    {
      "high_freq": 392.3793640136719,
      "loudness": -20.578943252563477,
      "loudness_range": 8.666633605957031,
      "low_freq": 148.1999969482422,
      "mid_mean": -17.733030319213867,
      "mid_to_side_loudness": -9.610726356506348,
      "mid_to_side_loudness_range": 17.167890548706055,
      "side_mean": -27.511259078979492
    },
    {
      "high_freq": 794.6976318359375,
      "loudness": -26.85161781311035,
      "loudness_range": 11.031776428222656,
      "low_freq": 392.3793640136719,
      "mid_mean": -24.26742935180664,
      "mid_to_side_loudness": -7.366228103637695,
      "mid_to_side_loudness_range": 15.008716583251953,
      "side_mean": -31.76845932006836
    },
    {
      "high_freq": 1457.5709228515625,
      "loudness": -25.646127700805664,
      "loudness_range": 10.084695816040039,
      "low_freq": 794.6976318359375,
      "mid_mean": -23.11968231201172,
      "mid_to_side_loudness": -7.480794429779053,
      "mid_to_side_loudness_range": 18.54379653930664,
      "side_mean": -30.74128532409668
    },
    {
      "high_freq": 2549.74365234375,
      "loudness": -23.306838989257812,
      "loudness_range": 10.27836799621582,
      "low_freq": 1457.5709228515625,
      "mid_mean": -21.34606170654297,
      "mid_to_side_loudness": -5.127857685089111,
      "mid_to_side_loudness_range": 16.615036010742188,
      "side_mean": -25.726430892944336
    },
    {
      "high_freq": 4349.24462890625,
      "loudness": -22.223892211914062,
      "loudness_range": 12.070232391357422,
      "low_freq": 2549.74365234375,
      "mid_mean": -20.261428833007812,
      "mid_to_side_loudness": -5.356703758239746,
      "mid_to_side_loudness_range": 17.645498275756836,
      "side_mean": -25.062618255615234
    },
    {
      "high_freq": 7314.1640625,
      "loudness": -22.72881507873535,
      "loudness_range": 13.232427597045898,
      "low_freq": 4349.24462890625,
      "mid_mean": -20.70733642578125,
      "mid_to_side_loudness": -6.511911869049072,
      "mid_to_side_loudness_range": 22.4534854888916,
      "side_mean": -28.071582794189453
    },
    {
      "high_freq": 12199.2666015625,
      "loudness": -22.719879150390625,
      "loudness_range": 12.524627685546875,
      "low_freq": 7314.1640625,
      "mid_mean": -20.829132080078125,
      "mid_to_side_loudness": -5.910926342010498,
      "mid_to_side_loudness_range": 21.489233016967773,
      "side_mean": -28.644489288330078
    },
    {
      "loudness": -32.24278259277344,
      "loudness_range": 14.370267868041992,
      "low_freq": 12199.2666015625,
      "mid_mean": -30.491037368774414,
      "mid_to_side_loudness": -5.223376274108887,
      "mid_to_side_loudness_range": 23.09518814086914,
      "side_mean": -36.64946365356445
    }
  ],
  "bands_short": [
    {
      "high_freq": 148.1999969482422,
      "loudness": -20.394189834594727,
      "loudness_range": 20.349498748779297,
      "mid_mean": -17.10729217529297,
      "mid_to_side_loudness": -16.77275848388672,
      "mid_to_side_loudness_range": 22.11188316345215,
      "side_mean": -35.225364685058594
    },
    {
      "high_freq": 392.3793640136719,
      "loudness": -20.65245819091797,
      "loudness_range": 12.309677124023438,
      "low_freq": 148.1999969482422,
      "mid_mean": -17.798797607421875,
      "mid_to_side_loudness": -9.549338340759277,
      "mid_to_side_loudness_range": 17.287137985229492,
      "side_mean": -27.682451248168945
    },
    {
      "high_freq": 794.6976318359375,
      "loudness": -27.890087127685547,
      "loudness_range": 13.636480331420898,
      "low_freq": 392.3793640136719,
      "mid_mean": -25.759395599365234,
      "mid_to_side_loudness": -6.3592400550842285,
      "mid_to_side_loudness_range": 19.056055068969727,
      "side_mean": -32.23749923706055
    },
    {
      "high_freq": 1457.5709228515625,
      "loudness": -26.589828491210938,
      "loudness_range": 13.29469108581543,
      "low_freq": 794.6976318359375,
      "mid_mean": -24.234254837036133,
      "mid_to_side_loudness": -6.884527206420898,
      "mid_to_side_loudness_range": 18.744747161865234,
      "side_mean": -31.234159469604492
    },
    {
      "high_freq": 2549.74365234375,
      "loudness": -24.362577438354492,
      "loudness_range": 14.23483657836914,
      "low_freq": 1457.5709228515625,
      "mid_mean": -22.56817054748535,
      "mid_to_side_loudness": -5.029430866241455,
      "mid_to_side_loudness_range": 17.601261138916016,
      "side_mean": -27.00214195251465
    },
    {
      "high_freq": 4349.24462890625,
      "loudness": -23.37587547302246,
      "loudness_range": 14.947561264038086,
      "low_freq": 2549.74365234375,
      "mid_mean": -21.465030670166016,
      "mid_to_side_loudness": -5.0546441078186035,
      "mid_to_side_loudness_range": 16.866416931152344,
      "side_mean": -26.484373092651367
    },
    {
      "high_freq": 7314.1640625,
      "loudness": -24.06279182434082,
      "loudness_range": 16.209545135498047,
      "low_freq": 4349.24462890625,
      "mid_mean": -22.07029914855957,
      "mid_to_side_loudness": -5.790314197540283,
      "mid_to_side_loudness_range": 20.497089385986328,
      "side_mean": -28.981473922729492
    },
    {
      "high_freq": 12199.2666015625,
      "loudness": -24.15727996826172,
      "loudness_range": 15.90871810913086,
      "low_freq": 7314.1640625,
      "mid_mean": -22.313383102416992,
      "mid_to_side_loudness": -4.865847587585449,
      "mid_to_side_loudness_range": 20.062625885009766,
      "side_mean": -28.859886169433594
    },
    {
      "loudness": -33.61387634277344,
      "loudness_range": 17.210229873657227,
      "low_freq": 12199.2666015625,
      "mid_mean": -32.13869094848633,
      "mid_to_side_loudness": -3.964116334915161,
      "mid_to_side_loudness_range": 20.6934814453125,
      "side_mean": -37.013038635253906
    }
  ],
  "bandwidth": 607.846923828125,
  "channels": 2,
  "covariance": [
    [
      38.29855728149414,
      3.3386149406433105,
      14.959821701049805,
      -5.097412586212158,
      6.396610260009766,
      -2.937008857727051,
      1.9313007593154907,
      -10.814116477966309,
      1.7836003303527832,
      -15.436469078063965,
      1.4682679176330566,
      -15.742766380310059,
      5.045722961425781,
      -19.19855308532715,
      7.658755302429199,
      -20.88774871826172,
      -0.30996212363243103,
      -26.315542221069336
    ],
    [
      3.3386149406433105,
      25.73883056640625,
      1.6280287504196167,
      17.48025894165039,
      3.431748151779175,
      14.312485694885254,
      6.215835094451904,
      18.109296798706055,
      5.810508728027344,
      11.73898983001709,
      5.723113536834717,
      10.3930025100708,
      4.011670112609863,
      19.823848724365234,
      4.580777168273926,
      20.617324829101562,
      6.349705696105957,
      20.320762634277344
    ],
    [
      14.959821701049805,
      1.6280287504196167,
      13.345192909240723,
      1.440017580986023,
      0.5069544315338135,
      -4.312589645385742,
      2.129955768585205,
      -4.954312801361084,
      2.428255081176758,
      -5.847383975982666,
      2.2642464637756348,
      -6.028624057769775,
      4.689236164093018,
      -8.110677719116211,
      5.518773555755615,
      -9.676069259643555,
      2.015190362930298,
      -11.207259178161621
    ],
    [
      -5.097412586212158,
      17.48025894165039,
      1.440017580986023,
      27.76803207397461,
      3.5807440280914307,
      20.68199348449707,
      7.093031883239746,
      27.166650772094727,
      9.284279823303223,
      21.148591995239258,
      9.850119590759277,
      22.424341201782227,
      8.196144104003906,
      33.33451461791992,
      7.409033298492432,
      32.27943801879883,
      9.887731552124023,
      32.90277862548828
    ],
    [
      6.396610260009766,
      3.431748151779175,
      0.5069544315338135,
      3.5807440280914307,
      15.334798812866211,
      13.668842315673828,
      3.3577940464019775,
      5.885782718658447,
      3.400444984436035,
      1.665597915649414,
      4.077288627624512,
      3.346428871154785,
      5.80733060836792,
      7.051764965057373,
      3.822256088256836,
      5.697941303253174,
      2.8855202198028564,
      4.427895545959473
    ],
    [
      -2.937008857727051,
      14.312485694885254,
      -4.312589645385742,
      20.68199348449707,
      13.668842315673828,
      41.065162658691406,
      9.173439979553223,
      33.06521224975586,
      8.700815200805664,
      19.7989444732666,
      10.547643661499023,
      22.955829620361328,
      8.171277046203613,
      34.80168151855469,
      6.182132720947266,
      32.34819412231445,
      7.187331199645996,
      30.600481033325195
    ],
    [
      1.9313007593154907,
      6.215835094451904,
      2.129955768585205,
      7.093031883239746,
      3.3577940464019775,
      9.173439979553223,
      14.328551292419434,
      13.27437973022461,
      10.245295524597168,
      11.930293083190918,
      9.839938163757324,
      11.220787048339844,
      9.615074157714844,
      14.168334007263184,
      7.473296165466309,
      9.722193717956543,
      9.785213470458984,
      11.114828109741211
    ],
    [
      -10.814116477966309,
      18.109296798706055,
      -4.954312801361084,
      27.166650772094727,
      5.885782718658447,
      33.06521224975586,
      13.27437973022461,
      51.9565315246582,
      14.79257869720459,
      37.9569091796875,
      14.869220733642578,
      38.881736755371094,
      9.568161964416504,
      51.4076042175293,
      8.616461753845215,
      47.259918212890625,
      12.57846450805664,
      47.32761001586914
    ],
    [
      1.7836003303527832,
      5.810508728027344,
      2.428255081176758,
      9.284279823303223,
      3.400444984436035,
      8.700815200805664,
      10.245295524597168,
      14.79257869720459,
      16.494970321655273,
      15.251864433288574,
      15.606815338134766,
      14.979969024658203,
      15.311580657958984,
      14.097128868103027,
      14.648215293884277,
      8.641281127929688,
      14.347318649291992,
      9.739958763122559
    ],
    [
      -15.436469078063965,
      11.73898983001709,
      -5.847383975982666,
      21.148591995239258,
      1.665597915649414,
      19.7989444732666,
      11.930293083190918,
      37.9569091796875,
      15.251864433288574,
      50.18951416015625,
      16.508909225463867,
      47.242252349853516,
      11.731276512145996,
      51.7891845703125,
      10.470043182373047,
      47.792240142822266,
      17.431251525878906,
      50.357635498046875
    ],
    [
      1.4682679176330566,
      5.723113536834717,
      2.2642464637756348,
      9.850119590759277,
      4.077288627624512,
      10.547643661499023,
      9.839938163757324,
      14.869220733642578,
      15.606815338134766,
      16.508909225463867,
      21.571548461914062,
      18.766286849975586,
      22.20633316040039,
      17.111528396606445,
      21.197425842285156,
      11.819564819335938,
      20.224136352539062,
      13.745429992675781
    ],
    [
      -15.742766380310059,
      10.3930025100708,
      -6.028624057769775,
      22.424341201782227,
      3.346428871154785,
      22.955829620361328,
      11.220787048339844,
      38.881736755371094,
      14.979969024658203,
      47.242252349853516,
      18.766286849975586,
      61.54315185546875,
      14.48752212524414,
      58.603981018066406,
      12.066447257995605,
      54.53591537475586,
      17.79648780822754,
      56.40418243408203
    ],
    [
      5.045722961425781,
      4.011670112609863,
      4.689236164093018,
      8.196144104003906,
      5.80733060836792,
      8.171277046203613,
      9.615074157714844,
      9.568161964416504,
      15.311580657958984,
      11.731276512145996,
      22.20633316040039,
      14.48752212524414,
      31.791996002197266,
      15.115538597106934,
      28.917692184448242,
      9.452221870422363,
      26.562240600585938,
      11.813885688781738
    ],
    [
      -19.19855308532715,
      19.823848724365234,
      -8.110677719116211,
      33.33451461791992,
      7.051764965057373,
      34.80168151855469,
      14.168334007263184,
      51.4076042175293,
      14.097128868103027,
      51.7891845703125,
      17.111528396606445,
      58.603981018066406,
      15.115538597106934,
      89.4135513305664,
      12.745811462402344,
      83.17900085449219,
      21.227588653564453,
      85.39794921875
    ],
    [
      7.658755302429199,
      4.580777168273926,
      5.518773555755615,
      7.409033298492432,
      3.822256088256836,
      6.182132720947266,
      7.473296165466309,
      8.616461753845215,
      14.648215293884277,
      10.470043182373047,
      21.197425842285156,
      12.066447257995605,
      28.917692184448242,
      12.745811462402344,
      33.943603515625,
      8.4625825881958,
      29.449621200561523,
      10.30055046081543
    ],
    [
      -20.88774871826172,
      20.617324829101562,
      -9.676069259643555,
      32.27943801879883,
      5.697941303253174,
      32.34819412231445,
      9.722193717956543,
      47.259918212890625,
      8.641281127929688,
      47.792240142822266,
      11.819564819335938,
      54.53591537475586,
      9.452221870422363,
      83.17900085449219,
      8.4625825881958,
      94.48738861083984,
      17.646108627319336,
      91.57731628417969
    ],
    [
      -0.30996212363243103,
      6.349705696105957,
      2.015190362930298,
      9.887731552124023,
      2.8855202198028564,
      7.187331199645996,
      9.785213470458984,
      12.57846450805664,
      14.347318649291992,
      17.431251525878906,
      20.224136352539062,
      17.79648780822754,
      26.562240600585938,
      21.227588653564453,
      29.449621200561523,
      17.646108627319336,
      32.42416763305664,
      21.91953468322754
    ],
    [
      -26.315542221069336,
      20.320762634277344,
      -11.207259178161621,
      32.90277862548828,
      4.427895545959473,
      30.600481033325195,
      11.114828109741211,
      47.32761001586914,
      9.739958763122559,
      50.357635498046875,
      13.745429992675781,
      56.40418243408203,
      11.813885688781738,
      85.39794921875,
      10.30055046081543,
      91.57731628417969,
      21.91953468322754,
      104.10105895996094
    ]
  ],
  "covariance_short": [
    [
      54.21966552734375,
      6.259337902069092,
      14.841014862060547,
      -4.311244010925293,
      0.7193284630775452,
      1.0006701946258545,
      -2.699265956878662,
      -8.276812553405762,
      -1.3853251934051514,
      -16.396760940551758,
      -0.6271742582321167,
      -17.022567749023438,
      0.8477849960327148,
      -18.88277244567871,
      1.9119237661361694,
      -19.86289405822754,
      -4.161105155944824,
      -23.91518211364746
    ],
    [
      6.259337902069092,
      41.54545974731445,
      7.728138446807861,
      20.068166732788086,
      5.412067413330078,
      13.786038398742676,
      8.488921165466309,
      17.185522079467773,
      6.7755255699157715,
      10.77125358581543,
      5.844743728637695,
      8.636909484863281,
      5.036685943603516,
      17.174352645874023,
      5.076987266540527,
      17.77315330505371,
      6.390786647796631,
      19.57805061340332
    ],
    [
      14.841014862060547,
      7.728138446807861,
      24.960498809814453,
      7.564208030700684,
      6.767006874084473,
      0.7321218848228455,
      7.648775100708008,
      0.15784302353858948,
      7.527318000793457,
      -2.407622814178467,
      7.266202449798584,
      -2.721491813659668,
      9.008353233337402,
      -2.6623241901397705,
      9.214261054992676,
      -4.511203289031982,
      6.670076370239258,
      -5.689078330993652
    ],
    [
      -4.311244010925293,
      20.068166732788086,
      7.564208030700684,
      34.04841232299805,
      6.909430503845215,
      19.920700073242188,
      9.769116401672363,
      26.35661506652832,
      12.532464981079102,
      22.535722732543945,
      12.234424591064453,
      22.481040954589844,
      11.13005256652832,
      30.76497459411621,
      10.304581642150879,
      29.04753875732422,
      13.456084251403809,
      32.14995574951172
    ],
    [
      0.7193284630775452,
      5.412067413330078,
      6.767006874084473,
      6.909430503845215,
      29.161470413208008,
      13.26189136505127,
      10.733616828918457,
      11.009150505065918,
      10.675568580627441,
      7.37637186050415,
      10.217741012573242,
      7.204955577850342,
      11.914392471313477,
      11.140023231506348,
      8.619199752807617,
      7.881336212158203,
      8.289985656738281,
      8.731697082519531
    ],
    [
      1.0006701946258545,
      13.786038398742676,
      0.7321218848228455,
      19.920700073242188,
      13.26189136505127,
      42.77225112915039,
      11.495588302612305,
      31.81693458557129,
      12.146452903747559,
      25.744441986083984,
      14.553862571716309,
      27.989097595214844,
      11.141507148742676,
      35.04009246826172,
      9.205001831054688,
      32.008689880371094,
      11.820845603942871,
      32.63982009887695
    ],
    [
      -2.699265956878662,
      8.488921165466309,
      7.648775100708008,
      9.769116401672363,
      10.733616828918457,
      11.495588302612305,
      25.570804595947266,
      17.04790496826172,
      19.395816802978516,
      19.299808502197266,
      17.838285446166992,
      17.900033950805664,
      16.816852569580078,
      19.462343215942383,
      15.02934455871582,
      13.327608108520508,
      18.419921875,
      16.26093292236328
    ],
    [
      -8.276812553405762,
      17.185522079467773,
      0.15784302353858948,
      26.35661506652832,
      11.009150505065918,
      31.81693458557129,
      17.04790496826172,
      51.85226058959961,
      18.953065872192383,
      43.81744384765625,
      18.16994285583496,
      43.66160202026367,
      11.487977981567383,
      48.81049346923828,
      10.770044326782227,
      42.429134368896484,
      16.401052474975586,
      45.18382263183594
    ],
    [
      -1.3853251934051514,
      6.7755255699157715,
      7.527318000793457,
      12.532464981079102,
      10.675568580627441,
      12.146452903747559,
      19.395816802978516,
      18.953065872192383,
      28.507150650024414,
      22.93620491027832,
      25.954055786132812,
      22.552745819091797,
      22.827316284179688,
      23.852670669555664,
      22.15680694580078,
      17.54684066772461,
      24.56694984436035,
      20.034439086914062
    ],
    [
      -16.396760940551758,
      10.77125358581543,
      -2.407622814178467,
      22.535722732543945,
      7.37637186050415,
      25.744441986083984,
      19.299808502197266,
      43.81744384765625,
      22.93620491027832,
      63.428863525390625,
      24.303863525390625,
      60.66505813598633,
      18.468109130859375,
      59.29399108886719,
      17.427902221679688,
      51.16268539428711,
      26.007951736450195,
      54.837730407714844
    ],
    [
      -0.6271742582321167,
      5.844743728637695,
      7.266202449798584,
      12.234424591064453,
      10.217741012573242,
      14.553862571716309,
      17.838285446166992,
      18.16994285583496,
      25.954055786132812,
      24.303863525390625,
      33.791099548339844,
      28.020044326782227,
      30.816085815429688,
      29.230884552001953,
      29.520877838134766,
      22.96573829650879,
      31.500411987304688,
      26.175512313842773
    ],
    [
      -17.022567749023438,
      8.636909484863281,
      -2.721491813659668,
      22.481040954589844,
      7.204955577850342,
      27.989097595214844,
      17.900033950805664,
      43.66160202026367,
      22.552745819091797,
      60.66505813598633,
      28.020044326782227,
      74.74523162841797,
      21.88103675842285,
      66.89899444580078,
      19.84073829650879,
      58.044677734375,
      29.11338996887207,
      61.708587646484375
    ],
    [
      0.8477849960327148,
      5.036685943603516,
      9.008353233337402,
      11.13005256652832,
      11.914392471313477,
      11.141507148742676,
      16.816852569580078,
      11.487977981567383,
      22.827316284179688,
      18.468109130859375,
      30.816085815429688,
      21.88103675842285,
      42.699974060058594,
      26.866540908813477,
      38.52640914916992,
      20.908184051513672,
      37.75149154663086,
      24.056800842285156
    ],
    [
      -18.88277244567871,
      17.174352645874023,
      -2.6623241901397705,
      30.76497459411621,
      11.140023231506348,
      35.04009246826172,
      19.462343215942383,
      48.81049346923828,
      23.852670669555664,
      59.29399108886719,
      29.230884552001953,
      66.89899444580078,
      26.866540908813477,
      91.9332046508789,
      25.64130401611328,
      79.63762664794922,
      36.03055953979492,
      84.65897369384766
    ],
    [
      1.9119237661361694,
      5.076987266540527,
      9.214261054992676,
      10.304581642150879,
      8.619199752807617,
      9.205001831054688,
      15.02934455871582,
      10.770044326782227,
      22.15680694580078,
      17.427902221679688,
      29.520877838134766,
      19.84073829650879,
      38.52640914916992,
      25.64130401611328,
      44.73008346557617,
      21.76140594482422,
      40.90160369873047,
      24.16163444519043
    ],
    [
      -19.86289405822754,
      17.77315330505371,
      -4.511203289031982,
      29.04753875732422,
      7.881336212158203,
      32.008689880371094,
      13.327608108520508,
      42.429134368896484,
      17.54684066772461,
      51.16268539428711,
      22.96573829650879,
      58.044677734375,
      20.908184051513672,
      79.63762664794922,
      21.76140594482422,
      90.57453155517578,
      31.11098861694336,
      88.3338851928711
    ],
    [
      -4.161105155944824,
      6.390786647796631,
      6.670076370239258,
      13.456084251403809,
      8.289985656738281,
      11.820845603942871,
      18.419921875,
      16.401052474975586,
      24.56694984436035,
      26.007951736450195,
      31.500411987304688,
      29.11338996887207,
      37.75149154663086,
      36.03055953979492,
      40.90160369873047,
      31.11098861694336,
      47.75532150268555,
      36.38062286376953
    ],
    [
      -23.91518211364746,
      19.57805061340332,
      -5.689078330993652,
      32.14995574951172,
      8.731697082519531,
      32.63982009887695,
      16.26093292236328,
      45.18382263183594,
      20.034439086914062,
      54.837730407714844,
      26.175512313842773,
      61.708587646484375,
      24.056800842285156,
      84.65897369384766,
      24.16163444519043,
      88.3338851928711,
      36.38062286376953,
      105.57711029052734
    ]
  ],
  "damage": -2.2086760997772217,
  "diff_bandwidth": 565.0223999023438,
  "dissonance": 10.420708008428754,
  "drr": 8.794269561767578,
  "dynamics": 2.6195175647735596,
  "format": 1245190,
  "frames": 8816576,
  "loudness": -8.671504020690918,
  "loudness_range": 6.127705097198486,
  "loudness_range_short": 9.212648391723633,
  "lowpass_true_peak_15khz": 2.2526464462280273,
  "mastering3_acoustic_entropies": [
    {
      "acoustic_entropy": 6.972554683685303,
      "acoustic_entropy_mono": 7.1573805809021,
      "band_eliminated_acoustic_entropies": [
        {
          "acoustic_entropy": 6.808670520782471,
          "acoustic_entropy_side": 6.972672939300537,
          "hz": 129.47220167065723
        },
        {
          "acoustic_entropy": 6.372767925262451,
          "acoustic_entropy_side": 6.976816654205322,
          "hz": 202.92927478742237
        },
        {
          "acoustic_entropy": 6.964687347412109,
          "acoustic_entropy_side": 6.974605560302734,
          "hz": 282.89161906338205
        },
        {
          "acoustic_entropy": 6.89409875869751,
          "acoustic_entropy_side": 7.211275577545166,
          "hz": 369.9353335868758
        },
        {
          "acoustic_entropy": 6.181198596954346,
          "acoustic_entropy_side": 6.702017307281494,
          "hz": 464.6875360973435
        },
        {
          "acoustic_entropy": 6.391223430633545,
          "acoustic_entropy_side": 7.040299415588379,
          "hz": 567.8308811364784
        },
        {
          "acoustic_entropy": 6.780641078948975,
          "acoustic_entropy_side": 6.946995258331299,
          "hz": 680.1084783214808
        },
        {
          "acoustic_entropy": 6.9986982345581055,
          "acoustic_entropy_side": 6.959463119506836,
          "hz": 802.3292461747484
        },
        {
          "acoustic_entropy": 7.010537624359131,
          "acoustic_entropy_side": 6.990781784057617,
          "hz": 935.3737400823702
        },
        {
          "acoustic_entropy": 7.3989362716674805,
          "acoustic_entropy_side": 6.923202991485596,
          "hz": 1080.2004963696966
        },
        {
          "acoustic_entropy": 7.026260852813721,
          "acoustic_entropy_side": 6.96791410446167,
          "hz": 1237.8529382007157
        },
        {
          "acoustic_entropy": 6.577669143676758,
          "acoustic_entropy_side": 6.9933953285217285,
          "hz": 1409.4668930556702
        },
        {
          "acoustic_entropy": 6.637600421905518,
          "acoustic_entropy_side": 6.703742980957031,
          "hz": 1596.2787759475705
        },
        {
          "acoustic_entropy": 7.09327507019043,
          "acoustic_entropy_side": 7.067483425140381,
          "hz": 1799.6344973346393
        },
        {
          "acoustic_entropy": 6.398553371429443,
          "acoustic_entropy_side": 6.501591205596924,
          "hz": 2020.9991599069049
        },
        {
          "acoustic_entropy": 7.191650867462158,
          "acoustic_entropy_side": 7.167881011962891,
          "hz": 2261.9676141086993
        },
        {
          "acoustic_entropy": 6.478966236114502,
          "acoustic_entropy_side": 6.611117362976074,
          "hz": 2524.2759484456974
        },
        {
          "acoustic_entropy": 6.438278675079346,
          "acoustic_entropy_side": 6.2726731300354,
          "hz": 2809.813997359896
        },
        {
          "acoustic_entropy": 7.215251445770264,
          "acoustic_entropy_side": 7.103560447692871,
          "hz": 3120.6389567871424
        },
        {
          "acoustic_entropy": 7.278289794921875,
          "acoustic_entropy_side": 7.1581711769104,
          "hz": 3458.990205492291
        },
        {
          "acoustic_entropy": 6.797467231750488,
          "acoustic_entropy_side": 6.676048278808594,
          "hz": 3827.305438964164
        },
        {
          "acoustic_entropy": 7.229873180389404,
          "acoustic_entropy_side": 6.995572090148926,
          "hz": 4228.238232109126
        },
        {
          "acoustic_entropy": 6.64471960067749,
          "acoustic_entropy_side": 6.954029083251953,
          "hz": 4664.6771572759235
        },
        {
          "acoustic_entropy": 7.197803497314453,
          "acoustic_entropy_side": 6.976898670196533,
          "hz": 5139.766595350093
        },
        {
          "acoustic_entropy": 6.976451396942139,
          "acoustic_entropy_side": 6.988279342651367,
          "hz": 5656.929389854203
        },
        {
          "acoustic_entropy": 6.750731468200684,
          "acoustic_entropy_side": 6.763373851776123,
          "hz": 6219.891507268283
        },
        {
          "acoustic_entropy": 6.794445037841797,
          "acoustic_entropy_side": 6.743089199066162,
          "hz": 6832.70888123896
        },
        {
          "acoustic_entropy": 7.008131504058838,
          "acoustic_entropy_side": 6.947935581207275,
          "hz": 7499.796634079867
        },
        {
          "acoustic_entropy": 6.712098121643066,
          "acoustic_entropy_side": 6.6930108070373535,
          "hz": 8225.96088609342
        },
        {
          "acoustic_entropy": 6.699357032775879,
          "acoustic_entropy_side": 6.516075611114502,
          "hz": 9016.43338188839
        },
        {
          "acoustic_entropy": 7.159755229949951,
          "acoustic_entropy_side": 7.150341033935547,
          "hz": 9876.909183162974
        },
        {
          "acoustic_entropy": 6.473731517791748,
          "acoustic_entropy_side": 6.478216171264648,
          "hz": 10813.587699516042
        },
        {
          "acoustic_entropy": 6.523214340209961,
          "acoustic_entropy_side": 6.487853527069092,
          "hz": 11833.21735289826
        },
        {
          "acoustic_entropy": 7.070771217346191,
          "acoustic_entropy_side": 6.974477767944336,
          "hz": 12943.144197493959
        },
        {
          "acoustic_entropy": 6.938269138336182,
          "acoustic_entropy_side": 6.917418479919434,
          "hz": 14151.364845322005
        },
        {
          "acoustic_entropy": 7.008383750915527,
          "acoustic_entropy_side": 6.978114604949951,
          "hz": 15466.58407886509
        },
        {
          "acoustic_entropy": 6.917574882507324,
          "acoustic_entropy_side": 6.912077903747559,
          "hz": 16898.27756580493
        },
        {
          "acoustic_entropy": 6.961956977844238,
          "acoustic_entropy_side": 6.967459201812744,
          "hz": 18456.760127700032
        },
        {
          "acoustic_entropy": 6.929327487945557,
          "acoustic_entropy_side": 6.930616855621338,
          "hz": 20153.260054456492
        },
        {
          "acoustic_entropy": 6.9656219482421875,
          "acoustic_entropy_side": 6.967100143432617,
          "hz": 22000.00000000001
        }
      ],
      "diff_acoustic_entropy": 4.387402534484863,
      "sn": 6
    },
    {
      "acoustic_entropy": 12.354105949401855,
      "acoustic_entropy_mono": 10.543628692626953,
      "band_eliminated_acoustic_entropies": [
        {
          "acoustic_entropy": 11.572093963623047,
          "acoustic_entropy_side": 12.356769561767578,
          "hz": 129.47220167065723
        },
        {
          "acoustic_entropy": 11.470368385314941,
          "acoustic_entropy_side": 12.317509651184082,
          "hz": 202.92927478742237
        },
        {
          "acoustic_entropy": 12.226212501525879,
          "acoustic_entropy_side": 12.336766242980957,
          "hz": 282.89161906338205
        },
        {
          "acoustic_entropy": 11.727808952331543,
          "acoustic_entropy_side": 12.048718452453613,
          "hz": 369.9353335868758
        },
        {
          "acoustic_entropy": 11.73760986328125,
          "acoustic_entropy_side": 11.781516075134277,
          "hz": 464.6875360973435
        },
        {
          "acoustic_entropy": 11.192687034606934,
          "acoustic_entropy_side": 12.088797569274902,
          "hz": 567.8308811364784
        },
        {
          "acoustic_entropy": 12.196568489074707,
          "acoustic_entropy_side": 12.242037773132324,
          "hz": 680.1084783214808
        },
        {
          "acoustic_entropy": 12.409547805786133,
          "acoustic_entropy_side": 12.365835189819336,
          "hz": 802.3292461747484
        },
        {
          "acoustic_entropy": 12.439033508300781,
          "acoustic_entropy_side": 12.355186462402344,
          "hz": 935.3737400823702
        },
        {
          "acoustic_entropy": 11.920859336853027,
          "acoustic_entropy_side": 12.352184295654297,
          "hz": 1080.2004963696966
        },
        {
          "acoustic_entropy": 12.178424835205078,
          "acoustic_entropy_side": 12.461036682128906,
          "hz": 1237.8529382007157
        },
        {
          "acoustic_entropy": 11.034974098205566,
          "acoustic_entropy_side": 12.327691078186035,
          "hz": 1409.4668930556702
        },
        {
          "acoustic_entropy": 12.17133617401123,
          "acoustic_entropy_side": 12.398240089416504,
          "hz": 1596.2787759475705
        },
        {
          "acoustic_entropy": 11.9493408203125,
          "acoustic_entropy_side": 11.968734741210938,
          "hz": 1799.6344973346393
        },
        {
          "acoustic_entropy": 12.24671459197998,
          "acoustic_entropy_side": 12.130109786987305,
          "hz": 2020.9991599069049
        },
        {
          "acoustic_entropy": 12.378150939941406,
          "acoustic_entropy_side": 12.174323081970215,
          "hz": 2261.9676141086993
        },
        {
          "acoustic_entropy": 11.91561222076416,
          "acoustic_entropy_side": 12.294447898864746,
          "hz": 2524.2759484456974
        },
        {
          "acoustic_entropy": 12.39271354675293,
          "acoustic_entropy_side": 12.165299415588379,
          "hz": 2809.813997359896
        },
        {
          "acoustic_entropy": 11.988776206970215,
          "acoustic_entropy_side": 11.95303726196289,
          "hz": 3120.6389567871424
        },
        {
          "acoustic_entropy": 12.240484237670898,
          "acoustic_entropy_side": 12.175047874450684,
          "hz": 3458.990205492291
        },
        {
          "acoustic_entropy": 12.300573348999023,
          "acoustic_entropy_side": 12.224054336547852,
          "hz": 3827.305438964164
        },
        {
          "acoustic_entropy": 12.346977233886719,
          "acoustic_entropy_side": 12.313212394714355,
          "hz": 4228.238232109126
        },
        {
          "acoustic_entropy": 11.967785835266113,
          "acoustic_entropy_side": 12.356348991394043,
          "hz": 4664.6771572759235
        },
        {
          "acoustic_entropy": 12.376086235046387,
          "acoustic_entropy_side": 12.402610778808594,
          "hz": 5139.766595350093
        },
        {
          "acoustic_entropy": 12.430333137512207,
          "acoustic_entropy_side": 12.373453140258789,
          "hz": 5656.929389854203
        },
        {
          "acoustic_entropy": 12.068985939025879,
          "acoustic_entropy_side": 12.025394439697266,
          "hz": 6219.891507268283
        },
        {
          "acoustic_entropy": 12.253104209899902,
          "acoustic_entropy_side": 12.291107177734375,
          "hz": 6832.70888123896
        },
        {
          "acoustic_entropy": 12.374428749084473,
          "acoustic_entropy_side": 12.362454414367676,
          "hz": 7499.796634079867
        },
        {
          "acoustic_entropy": 12.145957946777344,
          "acoustic_entropy_side": 12.254590034484863,
          "hz": 8225.96088609342
        },
        {
          "acoustic_entropy": 12.122044563293457,
          "acoustic_entropy_side": 12.085796356201172,
          "hz": 9016.43338188839
        },
        {
          "acoustic_entropy": 12.247629165649414,
          "acoustic_entropy_side": 12.336779594421387,
          "hz": 9876.909183162974
        },
        {
          "acoustic_entropy": 12.173301696777344,
          "acoustic_entropy_side": 12.334196090698242,
          "hz": 10813.587699516042
        },
        {
          "acoustic_entropy": 12.332938194274902,
          "acoustic_entropy_side": 12.381022453308105,
          "hz": 11833.21735289826
        },
        {
          "acoustic_entropy": 12.404325485229492,
          "acoustic_entropy_side": 12.387092590332031,
          "hz": 12943.144197493959
        },
        {
          "acoustic_entropy": 12.41098690032959,
          "acoustic_entropy_side": 12.388158798217773,
          "hz": 14151.364845322005
        },
        {
          "acoustic_entropy": 12.369864463806152,
          "acoustic_entropy_side": 12.383431434631348,
          "hz": 15466.58407886509
        },
        {
          "acoustic_entropy": 11.879926681518555,
          "acoustic_entropy_side": 12.131159782409668,
          "hz": 16898.27756580493
        },
        {
          "acoustic_entropy": 11.858980178833008,
          "acoustic_entropy_side": 12.154793739318848,
          "hz": 18456.760127700032
        },
        {
          "acoustic_entropy": 12.01025676727295,
          "acoustic_entropy_side": 12.196072578430176,
          "hz": 20153.260054456492
        },
        {
          "acoustic_entropy": 12.277501106262207,
          "acoustic_entropy_side": 12.313238143920898,
          "hz": 22000.00000000001
        }
      ],
      "diff_acoustic_entropy": 6.819136619567871,
      "sn": 12
    },
    {
      "acoustic_entropy": 17.77377700805664,
      "acoustic_entropy_mono": 13.239319801330566,
      "band_eliminated_acoustic_entropies": [
        {
          "acoustic_entropy": 18.117225646972656,
          "acoustic_entropy_side": 17.8129940032959,
          "hz": 129.47220167065723
        },
        {
          "acoustic_entropy": 18.864986419677734,
          "acoustic_entropy_side": 18.15174674987793,
          "hz": 202.92927478742237
        },
        {
          "acoustic_entropy": 17.295982360839844,
          "acoustic_entropy_side": 17.346696853637695,
          "hz": 282.89161906338205
        },
        {
          "acoustic_entropy": 18.016748428344727,
          "acoustic_entropy_side": 17.927379608154297,
          "hz": 369.9353335868758
        },
        {
          "acoustic_entropy": 17.89327621459961,
          "acoustic_entropy_side": 18.070707321166992,
          "hz": 464.6875360973435
        },
        {
          "acoustic_entropy": 16.505077362060547,
          "acoustic_entropy_side": 17.845338821411133,
          "hz": 567.8308811364784
        },
        {
          "acoustic_entropy": 17.514062881469727,
          "acoustic_entropy_side": 17.463165283203125,
          "hz": 680.1084783214808
        },
        {
          "acoustic_entropy": 17.989276885986328,
          "acoustic_entropy_side": 17.1021671295166,
          "hz": 802.3292461747484
        },
        {
          "acoustic_entropy": 17.47869300842285,
          "acoustic_entropy_side": 17.278858184814453,
          "hz": 935.3737400823702
        },
        {
          "acoustic_entropy": 17.954809188842773,
          "acoustic_entropy_side": 18.054914474487305,
          "hz": 1080.2004963696966
        },
        {
          "acoustic_entropy": 17.238527297973633,
          "acoustic_entropy_side": 17.64632225036621,
          "hz": 1237.8529382007157
        },
        {
          "acoustic_entropy": 17.24555778503418,
          "acoustic_entropy_side": 17.65497398376465,
          "hz": 1409.4668930556702
        },
        {
          "acoustic_entropy": 17.447402954101562,
          "acoustic_entropy_side": 17.553558349609375,
          "hz": 1596.2787759475705
        },
        {
          "acoustic_entropy": 16.9766788482666,
          "acoustic_entropy_side": 17.459949493408203,
          "hz": 1799.6344973346393
        },
        {
          "acoustic_entropy": 17.577314376831055,
          "acoustic_entropy_side": 17.450851440429688,
          "hz": 2020.9991599069049
        },
        {
          "acoustic_entropy": 18.310157775878906,
          "acoustic_entropy_side": 18.034482955932617,
          "hz": 2261.9676141086993
        },
        {
          "acoustic_entropy": 17.27841567993164,
          "acoustic_entropy_side": 17.61542510986328,
          "hz": 2524.2759484456974
        },
        {
          "acoustic_entropy": 17.723325729370117,
          "acoustic_entropy_side": 17.515199661254883,
          "hz": 2809.813997359896
        },
        {
          "acoustic_entropy": 18.045385360717773,
