{
  "acoustic_entropy": 191.05519104003906,
  "bands": [
    {
      "high_freq": 148.1999969482422,
      "loudness": -50.21611785888672,
      "loudness_range": 33.74015426635742,
      "mid_mean": -48.1346435546875,
      "mid_to_side_loudness": -4.488478183746338,
      "mid_to_side_loudness_range": 12.159506797790527,
      "side_mean": -52.59083557128906
    },
    {
      "high_freq": 392.3793640136719,
      "loudness": -33.30546569824219,
      "loudness_range": 19.678987503051758,
      "low_freq": 148.1999969482422,
      "mid_mean": -31.087810516357422,
      "mid_to_side_loudness": -5.047669887542725,
      "mid_to_side_loudness_range": 12.642715454101562,
      "side_mean": -36.52048110961914
    },
    {
      "high_freq": 794.6976318359375,
      "loudness": -32.50208282470703,
      "loudness_range": 18.555456161499023,
      "low_freq": 392.3793640136719,
      "mid_mean": -30.000869750976562,
      "mid_to_side_loudness": -5.939493179321289,
      "mid_to_side_loudness_range": 9.87952995300293,
      "side_mean": -36.12221908569336
    },
    {
      "high_freq": 1457.5709228515625,
      "loudness": -32.881832122802734,
      "loudness_range": 22.529985427856445,
      "low_freq": 794.6976318359375,
      "mid_mean": -30.194053649902344,
      "mid_to_side_loudness": -6.932193756103516,
      "mid_to_side_loudness_range": 12.363518714904785,
      "side_mean": -37.91665267944336
    },
    {
      "high_freq": 2549.74365234375,
      "loudness": -37.123573303222656,
      "loudness_range": 26.68292236328125,
      "low_freq": 1457.5709228515625,
      "mid_mean": -34.69276428222656,
      "mid_to_side_loudness": -5.773293495178223,
      "mid_to_side_loudness_range": 10.199809074401855,
      "side_mean": -40.839202880859375
    },
    {
      "high_freq": 4349.24462890625,
      "loudness": -43.129432678222656,
      "loudness_range": 25.78508949279785,
      "low_freq": 2549.74365234375,
      "mid_mean": -40.9187126159668,
      "mid_to_side_loudness": -5.468302249908447,
      "mid_to_side_loudness_range": 9.43183708190918,
      "side_mean": -46.686397552490234
    },
    {
      "high_freq": 7314.1640625,
      "loudness": -54.3164176940918,
      "loudness_range": 26.102298736572266,
      "low_freq": 4349.24462890625,
      "mid_mean": -52.30135726928711,
      "mid_to_side_loudness": -5.565417289733887,
      "mid_to_side_loudness_range": 9.496352195739746,
      "side_mean": -57.28791809082031
    },
    {
      "high_freq": 12199.2666015625,
      "loudness": -62.37246322631836,
      "loudness_range": 22.51950454711914,
      "low_freq": 7314.1640625,
      "mid_mean": -59.12124252319336,
      "mid_to_side_loudness": -5.9831318855285645,
      "mid_to_side_loudness_range": 8.939735412597656,
      "side_mean": -63.72694396972656
    },
    {
      "loudness": -67.85391235351562,
      "loudness_range": 19.074687957763672,
      "low_freq": 12199.2666015625,
      "mid_mean": -63.434139251708984,
      "mid_to_side_loudness": -5.567840099334717,
      "mid_to_side_loudness_range": 7.687436103820801,
      "side_mean": -66.81986236572266
    }
  ],
  "bands_short": [
    {
      "high_freq": 148.1999969482422,
      "loudness": -52.30569076538086,
      "loudness_range": 33.62054443359375,
      "mid_mean": -51.24543762207031,
      "mid_to_side_loudness": -4.658385753631592,
      "mid_to_side_loudness_range": 16.272140502929688,
      "side_mean": -55.221275329589844
    },
    {
      "high_freq": 392.3793640136719,
      "loudness": -34.19894790649414,
      "loudness_range": 20.609642028808594,
      "low_freq": 148.1999969482422,
      "mid_mean": -32.36869812011719,
      "mid_to_side_loudness": -4.55227518081665,
      "mid_to_side_loudness_range": 14.46833610534668,
      "side_mean": -37.27397918701172
    },
    {
      "high_freq": 794.6976318359375,
      "loudness": -32.68050003051758,
      "loudness_range": 18.731964111328125,
      "low_freq": 392.3793640136719,
      "mid_mean": -30.459957122802734,
      "mid_to_side_loudness": -5.7113447189331055,
      "mid_to_side_loudness_range": 12.844738960266113,
      "side_mean": -36.273193359375
    },
    {
      "high_freq": 1457.5709228515625,
      "loudness": -33.34575271606445,
      "loudness_range": 23.894065856933594,
      "low_freq": 794.6976318359375,
      "mid_mean": -30.90380859375,
      "mid_to_side_loudness": -6.520730972290039,
      "mid_to_side_loudness_range": 14.559406280517578,
      "side_mean": -38.02388000488281
    },
    {
      "high_freq": 2549.74365234375,
      "loudness": -37.690582275390625,
      "loudness_range": 26.33621597290039,
      "low_freq": 1457.5709228515625,
      "mid_mean": -35.44123458862305,
      "mid_to_side_loudness": -5.310306072235107,
      "mid_to_side_loudness_range": 11.558328628540039,
      "side_mean": -41.07388687133789
    },
    {
      "high_freq": 4349.24462890625,
      "loudness": -43.81708526611328,
      "loudness_range": 25.55538558959961,
      "low_freq": 2549.74365234375,
      "mid_mean": -41.75639724731445,
      "mid_to_side_loudness": -4.909326553344727,
      "mid_to_side_loudness_range": 10.16234302520752,
      "side_mean": -46.95746612548828
    },
    {
      "high_freq": 7314.1640625,
      "loudness": -55.270057678222656,
      "loudness_range": 26.00670623779297,
      "low_freq": 4349.24462890625,
      "mid_mean": -53.35873794555664,
      "mid_to_side_loudness": -4.780826091766357,
      "mid_to_side_loudness_range": 9.53999137878418,
      "side_mean": -57.574398040771484
    },
    {
      "high_freq": 12199.2666015625,
      "loudness": -63.60866928100586,
      "loudness_range": 20.893985748291016,
      "low_freq": 7314.1640625,
      "mid_mean": -60.33030319213867,
      "mid_to_side_loudness": -5.19373893737793,
      "mid_to_side_loudness_range": 8.264710426330566,
      "side_mean": -64.13065338134766
    },
    {
      "loudness": -68.91475677490234,
      "loudness_range": 16.05948257446289,
      "low_freq": 12199.2666015625,
      "mid_mean": -64.41168975830078,
      "mid_to_side_loudness": -5.133067607879639,
      "mid_to_side_loudness_range": 7.349524021148682,
      "side_mean": -67.28595733642578
    }
  ],
  "bandwidth": 833.8880615234375,
  "channels": 2,
  "covariance": [
    [
      143.35955810546875,
      121.98880767822266,
      22.418365478515625,
      24.708267211914062,
      -0.7923036217689514,
      1.3745108842849731,
      21.92486572265625,
      17.25776481628418,
      25.378835678100586,
      17.456039428710938,
      39.347984313964844,
      30.480541229248047,
      34.52330780029297,
      21.298664093017578,
      25.91370964050293,
      13.48961353302002,
      21.170743942260742,
      12.890085220336914
    ],
    [
      121.98880767822266,
      123.9937744140625,
      21.254066467285156,
      26.440895080566406,
      1.6662452220916748,
      7.057356357574463,
      23.724868774414062,
      23.0745849609375,
      24.996562957763672,
      20.927841186523438,
      39.70037078857422,
      34.486793518066406,
      41.521053314208984,
      28.996681213378906,
      28.34656524658203,
      16.355878829956055,
      19.651575088500977,
      12.273995399475098
    ],
    [
      22.418365478515625,
      21.254066467285156,
      50.47269821166992,
      33.44985580444336,
      29.71413803100586,
      22.918502807617188,
      23.454824447631836,
      19.438535690307617,
      29.729835510253906,
      21.648881912231445,
      24.56385040283203,
      17.89285659790039,
      27.53919219970703,
      14.000738143920898,
      23.675722122192383,
      10.851774215698242,
      15.436136245727539,
      5.587581634521484
    ],
    [
      24.708267211914062,
      26.440895080566406,
      33.44985580444336,
      36.32240676879883,
      21.516986846923828,
      21.264286041259766,
      22.583234786987305,
      22.413476943969727,
      23.857006072998047,
      21.87053108215332,
      22.50996208190918,
      21.228471755981445,
      24.093032836914062,
      15.783513069152832,
      16.866060256958008,
      8.907416343688965,
      8.548853874206543,
      3.6022510528564453
    ],
    [
      -0.7923036217689514,
      1.6662452220916748,
      29.71413803100586,
      21.516986846923828,
      48.4908332824707,
      34.889373779296875,
      35.244327545166016,
      32.0832633972168,
      35.82902526855469,
      29.791601181030273,
      31.855859756469727,
      24.83896827697754,
      26.755645751953125,
      18.029701232910156,
      21.116228103637695,
      11.782119750976562,
      13.51763916015625,
      5.989319801330566
    ],
    [
      1.3745108842849731,
      7.057356357574463,
      22.918502807617188,
      21.264286041259766,
      34.889373779296875,
      38.60764694213867,
      30.589359283447266,
      32.50347137451172,
      31.746845245361328,
      31.940399169921875,
      30.284521102905273,
      29.773080825805664,
      25.471038818359375,
      20.578754425048828,
      15.52330207824707,
      9.996371269226074,
      5.833749771118164,
      2.4973368644714355
    ],
    [
      21.92486572265625,
      23.724868774414062,
      23.454824447631836,
      22.583234786987305,
      35.244327545166016,
      30.589359283447266,
      72.73148345947266,
      52.891868591308594,
      43.71516418457031,
      37.48148727416992,
      49.454200744628906,
      38.7036018371582,
      35.750858306884766,
      26.090551376342773,
      23.75994873046875,
      13.852155685424805,
      15.441995620727539,
      9.341626167297363
    ],
    [
      17.25776481628418,
      23.0745849609375,
      19.438535690307617,
      22.413476943969727,
      32.0832633972168,
      32.50347137451172,
      52.891868591308594,
      58.24470901489258,
      44.22831726074219,
      45.92083740234375,
      48.73500442504883,
      46.55214309692383,
      35.822425842285156,
      31.004383087158203,
      18.94928550720215,
      13.389158248901367,
      8.09272575378418,
      5.318258762359619
    ],
    [
      25.378835678100586,
      24.996562957763672,
      29.729835510253906,
      23.857006072998047,
      35.82902526855469,
      31.746845245361328,
      43.71516418457031,
      44.22831726074219,
      78.37309265136719,
      63.673309326171875,
      61.232177734375,
      50.43413162231445,
      54.77580642700195,
      40.28986740112305,
      33.22323226928711,
      19.45054054260254,
      19.68239974975586,
      10.236568450927734
    ],
    [
      17.456039428710938,
      20.927841186523438,
      21.648881912231445,
      21.87053108215332,
      29.791601181030273,
      31.940399169921875,
      37.48148727416992,
      45.92083740234375,
      63.673309326171875,
      66.8716812133789,
      54.56964874267578,
      53.95920181274414,
      48.112030029296875,
      40.535945892333984,
      24.212236404418945,
      16.591381072998047,
      10.380032539367676,
      5.841139316558838
    ],
    [
      39.347984313964844,
      39.70037078857422,
      24.56385040283203,
      22.50996208190918,
      31.855859756469727,
      30.284521102905273,
      49.454200744628906,
      48.73500442504883,
      61.232177734375,
      54.56964874267578,
      80.40823364257812,
      64.974609375,
      64.81820678710938,
      49.36245346069336,
      45.58576202392578,
      31.479764938354492,
      30.204402923583984,
      19.332679748535156
    ],
    [
      30.480541229248047,
      34.486793518066406,
      17.89285659790039,
      21.228471755981445,
      24.83896827697754,
      29.773080825805664,
      38.7036018371582,
      46.55214309692383,
      50.43413162231445,
      53.95920181274414,
      64.974609375,
      66.89823150634766,
      54.91033935546875,
      47.9417839050293,
      33.3868293762207,
      26.5114688873291,
      18.24087142944336,
      12.832332611083984
    ],
    [
      34.52330780029297,
      41.521053314208984,
      27.53919219970703,
      24.093032836914062,
      26.755645751953125,
      25.471038818359375,
      35.750858306884766,
      35.822425842285156,
      54.77580642700195,
      48.112030029296875,
      64.81820678710938,
      54.91033935546875,
      81.49950408935547,
      59.750450134277344,
      60.05815505981445,
      41.10126876831055,
      42.00027084350586,
      26.662839889526367
    ],
    [
      21.298664093017578,
      28.996681213378906,
      14.000738143920898,
      15.783513069152832,
      18.029701232910156,
      20.578754425048828,
      26.090551376342773,
      31.004383087158203,
      40.28986740112305,
      40.535945892333984,
      49.36245346069336,
      47.9417839050293,
      59.750450134277344,
      50.6539306640625,
      41.38390350341797,
      32.560184478759766,
      26.527116775512695,
      18.456785202026367
    ],
    [
      25.91370964050293,
      28.34656524658203,
      23.675722122192383,
      16.866060256958008,
      21.116228103637695,
      15.52330207824707,
      23.75994873046875,
      18.94928550720215,
      33.22323226928711,
      24.212236404418945,
      45.58576202392578,
      33.3868293762207,
      60.05815505981445,
      41.38390350341797,
      55.689090728759766,
      37.67670440673828,
      42.86668014526367,
      27.115821838378906
    ],
    [
      13.48961353302002,
      16.355878829956055,
      10.851774215698242,
      8.907416343688965,
      11.782119750976562,
      9.996371269226074,
      13.852155685424805,
      13.389158248901367,
      19.45054054260254,
      16.591381072998047,
      31.479764938354492,
      26.5114688873291,
      41.10126876831055,
      32.560184478759766,
      37.67670440673828,
      29.62336540222168,
      28.200437545776367,
      19.699365615844727
    ],
    [
      21.170743942260742,
      19.651575088500977,
      15.436136245727539,
      8.548853874206543,
      13.51763916015625,
      5.833749771118164,
      15.441995620727539,
      8.09272575378418,
      19.68239974975586,
      10.380032539367676,
      30.204402923583984,
      18.24087142944336,
      42.00027084350586,
      26.527116775512695,
      42.86668014526367,
      28.200437545776367,
      41.30116271972656,
      26.565988540649414
    ],
    [
      12.890085220336914,
      12.273995399475098,
      5.587581634521484,
      3.6022510528564453,
      5.989319801330566,
      2.4973368644714355,
      9.341626167297363,
      5.318258762359619,
      10.236568450927734,
      5.841139316558838,
      19.332679748535156,
      12.832332611083984,
      26.662839889526367,
      18.456785202026367,
      27.115821838378906,
      19.699365615844727,
      26.565988540649414,
      19.009017944335938
    ]
  ],
  "covariance_short": [
    [
      141.94097900390625,
      110.65319061279297,
      24.745174407958984,
      23.656360626220703,
      1.3570618629455566,
      1.9329476356506348,
      13.484725952148438,
      8.23278522491455,
      16.47158432006836,
      10.917346954345703,
      26.764036178588867,
      22.19278335571289,
      30.093618392944336,
      21.161588668823242,
      19.162569046020508,
      11.254929542541504,
      14.25547981262207,
      8.5673189163208
    ],
    [
      110.65319061279297,
      108.27543640136719,
      23.205169677734375,
      25.863340377807617,
      4.939825057983398,
      8.462480545043945,
      16.074220657348633,
      14.577751159667969,
      17.386892318725586,
      14.838890075683594,
      27.64548110961914,
      25.99076271057129,
      29.07335090637207,
      22.09971046447754,
      17.579208374023438,
      10.955301284790039,
      10.696449279785156,
      6.7656450271606445
    ],
    [
      24.745174407958984,
      23.205169677734375,
      61.281898498535156,
      36.67780685424805,
      30.984012603759766,
      23.412216186523438,
      24.942174911499023,
      21.491943359375,
      31.88023567199707,
      24.826393127441406,
      26.85305404663086,
      22.272348403930664,
      26.888084411621094,
      16.288471221923828,
      19.757110595703125,
      10.446507453918457,
      12.345718383789062,
      4.961877346038818
    ],
    [
      23.656360626220703,
      25.863340377807617,
      36.67780685424805,
      44.09259033203125,
      21.123991012573242,
      20.623550415039062,
      23.21797752380371,
      23.36947250366211,
      25.572237014770508,
      23.871625900268555,
      24.459440231323242,
      23.548891067504883,
      22.825481414794922,
      16.525524139404297,
      14.25804328918457,
      8.345193862915039,
      6.784468173980713,
      3.1475701332092285
    ],
    [
      1.3570618629455566,
      4.939825057983398,
      30.984012603759766,
      21.123991012573242,
      51.28858184814453,
      34.30120849609375,
      36.11795425415039,
      29.608285903930664,
      34.14997863769531,
      27.54984474182129,
      29.2271671295166,
      23.893152236938477,
      26.921987533569336,
      18.959136962890625,
      20.236419677734375,
      12.28836727142334,
      12.69544506072998,
      6.029566287994385
    ],
    [
      1.9329476356506348,
      8.462480545043945,
      23.412216186523438,
      20.623550415039062,
      34.30120849609375,
      40.930335998535156,
      30.337610244750977,
      30.64629554748535,
      29.803722381591797,
      29.71639633178711,
      29.244503021240234,
      28.97354507446289,
      25.779388427734375,
      20.987865447998047,
      15.907748222351074,
      10.835440635681152,
      6.8946123123168945,
      3.5577542781829834
    ],
    [
      13.484725952148438,
      16.074220657348633,
      24.942174911499023,
      23.21797752380371,
      36.11795425415039,
      30.337610244750977,
      79.7071762084961,
      52.561832427978516,
      45.7931022644043,
      38.87965774536133,
      49.68106460571289,
      38.88717269897461,
      37.01799774169922,
      26.868101119995117,
      23.003128051757812,
      13.80684757232666,
      13.637736320495605,
      8.366092681884766
    ],
    [
      8.23278522491455,
      14.577751159667969,
      21.491943359375,
      23.36947250366211,
      29.608285903930664,
      30.64629554748535,
      52.561832427978516,
      58.3688850402832,
      42.3281135559082,
      44.03456497192383,
      45.38288116455078,
      44.37795639038086,
      34.951148986816406,
      30.022323608398438,
      18.340660095214844,
      13.11396598815918,
      7.65994119644165,
      5.113290309906006
    ],
    [
      16.47158432006836,
      17.386892318725586,
      31.88023567199707,
      25.572237014770508,
      34.14997863769531,
      29.803722381591797,
      45.7931022644043,
      42.3281135559082,
      79.60399627685547,
      63.501243591308594,
      59.80548095703125,
      50.4167366027832,
      53.934898376464844,
      40.64719009399414,
      30.653167724609375,
      19.33277130126953,
      17.600818634033203,
      9.71125602722168
    ],
    [
      10.917346954345703,
      14.838890075683594,
      24.826393127441406,
      23.871625900268555,
      27.54984474182129,
      29.71639633178711,
      38.87965774536133,
      44.03456497192383,
      63.501243591308594,
      68.7640380859375,
      54.42424774169922,
      53.651588439941406,
      47.80672073364258,
      40.82958984375,
      23.310638427734375,
      16.97541046142578,
      10.175971984863281,
      6.2292704582214355
    ],
    [
      26.764036178588867,
      27.64548110961914,
      26.85305404663086,
      24.459440231323242,
      29.2271671295166,
      29.244503021240234,
      49.68106460571289,
      45.38288116455078,
      59.80548095703125,
      54.42424774169922,
      78.76049041748047,
      63.691410064697266,
      61.93008041381836,
      48.31136703491211,
      39.088233947753906,
      28.509363174438477,
      22.511396408081055,
      15.039544105529785
    ],
    [
      22.19278335571289,
      25.99076271057129,
      22.272348403930664,
      23.548891067504883,
      23.893152236938477,
      28.97354507446289,
      38.88717269897461,
      44.37795639038086,
      50.4167366027832,
      53.651588439941406,
      63.691410064697266,
      68.48347473144531,
      53.97336959838867,
      47.933589935302734,
      30.20309829711914,
      25.282245635986328,
      14.047734260559082,
      10.481057167053223
    ],
    [
      30.093618392944336,
      29.07335090637207,
      26.888084411621094,
      22.825481414794922,
      26.921987533569336,
      25.779388427734375,
      37.01799774169922,
      34.951148986816406,
      53.934898376464844,
      47.80672073364258,
      61.93008041381836,
      53.97336959838867,
      76.84368133544922,
      57.6922721862793,
      50.45406723022461,
      36.826438903808594,
      29.530527114868164,
      19.550085067749023
    ],
    [
      21.161588668823242,
      22.09971046447754,
      16.288471221923828,
      16.525524139404297,
      18.959136962890625,
      20.987865447998047,
      26.868101119995117,
      30.022323608398438,
      40.64719009399414,
      40.82958984375,
      48.31136703491211,
      47.933589935302734,
      57.6922721862793,
      51.20416259765625,
      36.44792556762695,
      30.75995635986328,
      18.916154861450195,
      14.135704040527344
    ],
    [
      19.162569046020508,
      17.579208374023438,
      19.757110595703125,
      14.25804328918457,
      20.236419677734375,
      15.907748222351074,
      23.003128051757812,
      18.340660095214844,
      30.653167724609375,
      23.310638427734375,
      39.088233947753906,
      30.20309829711914,
      50.45406723022461,
      36.44792556762695,
      43.448543548583984,
      30.884883880615234,
      27.914386749267578,
      18.097511291503906
    ],
    [
      11.254929542541504,
      10.955301284790039,
      10.446507453918457,
      8.345193862915039,
      12.28836727142334,
      10.835440635681152,
      13.80684757232666,
      13.11396598815918,
      19.33277130126953,
      16.97541046142578,
      28.509363174438477,
      25.282245635986328,
      36.826438903808594,
      30.75995635986328,
      30.884883880615234,
      26.550161361694336,
      18.3981990814209,
      13.804917335510254
    ],
    [
      14.25547981262207,
      10.696449279785156,
      12.345718383789062,
      6.784468173980713,
      12.69544506072998,
      6.8946123123168945,
      13.637736320495605,
      7.65994119644165,
      17.600818634033203,
      10.175971984863281,
      22.511396408081055,
      14.047734260559082,
      29.530527114868164,
      18.916154861450195,
      27.914386749267578,
      18.3981990814209,
      24.88970375061035,
      15.364482879638672
    ],
    [
      8.5673189163208,
      6.7656450271606445,
      4.961877346038818,
      3.1475701332092285,
      6.029566287994385,
      3.5577542781829834,
      8.366092681884766,
      5.113290309906006,
      9.71125602722168,
      6.2292704582214355,
      15.039544105529785,
      10.481057167053223,
      19.550085067749023,
      14.135704040527344,
      18.097511291503906,
      13.804917335510254,
      15.364482879638672,
      11.345410346984863
    ]
  ],
  "damage": -13.520519256591797,
  "diff_bandwidth": 886.156005859375,
  "dissonance": 4.8768097458149935,
  "drr": -2.105175733566284,
  "dynamics": 5.075042247772217,
  "format": 1245190,
  "frames": 7804928,
  "loudness": -21.20537757873535,
  "loudness_range": 16.9266357421875,
  "loudness_range_short": 18.110807418823242,
  "lowpass_true_peak_15khz": -0.5709770321846008,
  "mastering3_acoustic_entropies": [
    {
      "acoustic_entropy": 10.197681427001953,
      "acoustic_entropy_mono": 10.274051666259766,
      "band_eliminated_acoustic_entropies": [
        {
          "acoustic_entropy": 10.19770622253418,
          "acoustic_entropy_side": 10.197612762451172,
          "hz": 129.47220167065723
        },
        {
          "acoustic_entropy": 10.12486457824707,
          "acoustic_entropy_side": 10.190900802612305,
          "hz": 202.92927478742237
        },
        {
          "acoustic_entropy": 9.103144645690918,
          "acoustic_entropy_side": 10.159451484680176,
          "hz": 282.89161906338205
        },
        {
          "acoustic_entropy": 10.378158569335938,
          "acoustic_entropy_side": 10.21888542175293,
          "hz": 369.9353335868758
        },
        {
          "acoustic_entropy": 10.587434768676758,
          "acoustic_entropy_side": 10.236950874328613,
          "hz": 464.6875360973435
        },
        {
          "acoustic_entropy": 10.037367820739746,
          "acoustic_entropy_side": 10.299033164978027,
          "hz": 567.8308811364784
        },
        {
          "acoustic_entropy": 9.675026893615723,
          "acoustic_entropy_side": 9.944774627685547,
          "hz": 680.1084783214808
        },
        {
          "acoustic_entropy": 9.67723560333252,
          "acoustic_entropy_side": 10.020957946777344,
          "hz": 802.3292461747484
        },
        {
          "acoustic_entropy": 10.113377571105957,
          "acoustic_entropy_side": 10.205467224121094,
          "hz": 935.3737400823702
        },
        {
          "acoustic_entropy": 9.609256744384766,
          "acoustic_entropy_side": 10.079110145568848,
          "hz": 1080.2004963696966
        },
        {
          "acoustic_entropy": 9.602534294128418,
          "acoustic_entropy_side": 9.752174377441406,
          "hz": 1237.8529382007157
        },
        {
          "acoustic_entropy": 9.493608474731445,
          "acoustic_entropy_side": 10.08581256866455,
          "hz": 1409.4668930556702
        },
        {
          "acoustic_entropy": 9.955028533935547,
          "acoustic_entropy_side": 10.40255355834961,
          "hz": 1596.2787759475705
        },
        {
          "acoustic_entropy": 9.316330909729004,
          "acoustic_entropy_side": 10.35310173034668,
          "hz": 1799.6344973346393
        },
        {
          "acoustic_entropy": 9.313933372497559,
          "acoustic_entropy_side": 10.217109680175781,
          "hz": 2020.9991599069049
        },
        {
          "acoustic_entropy": 10.011024475097656,
          "acoustic_entropy_side": 10.217398643493652,
          "hz": 2261.9676141086993
        },
        {
          "acoustic_entropy": 9.41696548461914,
          "acoustic_entropy_side": 10.19749641418457,
          "hz": 2524.2759484456974
        },
        {
          "acoustic_entropy": 10.006086349487305,
          "acoustic_entropy_side": 10.188026428222656,
          "hz": 2809.813997359896
        },
        {
          "acoustic_entropy": 9.817736625671387,
          "acoustic_entropy_side": 10.17531967163086,
          "hz": 3120.6389567871424
        },
        {
          "acoustic_entropy": 9.855513572692871,
          "acoustic_entropy_side": 10.027298927307129,
          "hz": 3458.990205492291
        },
        {
          "acoustic_entropy": 10.19775676727295,
          "acoustic_entropy_side": 10.202330589294434,
          "hz": 3827.305438964164
        },
        {
          "acoustic_entropy": 10.27853775024414,
          "acoustic_entropy_side": 10.202118873596191,
          "hz": 4228.238232109126
        },
        {
          "acoustic_entropy": 10.099340438842773,
          "acoustic_entropy_side": 10.193798065185547,
          "hz": 4664.6771572759235
        },
        {
          "acoustic_entropy": 10.06691837310791,
          "acoustic_entropy_side": 10.193665504455566,
          "hz": 5139.766595350093
        },
        {
          "acoustic_entropy": 9.989334106445312,
          "acoustic_entropy_side": 10.192831039428711,
          "hz": 5656.929389854203
        },
        {
          "acoustic_entropy": 10.131841659545898,
          "acoustic_entropy_side": 10.195655822753906,
          "hz": 6219.891507268283
        },
        {
          "acoustic_entropy": 10.140697479248047,
          "acoustic_entropy_side": 10.196593284606934,
          "hz": 6832.70888123896
        },
        {
          "acoustic_entropy": 10.173460960388184,
          "acoustic_entropy_side": 10.197421073913574,
          "hz": 7499.796634079867
        },
        {
          "acoustic_entropy": 10.177055358886719,
          "acoustic_entropy_side": 10.197375297546387,
          "hz": 8225.96088609342
        },
        {
          "acoustic_entropy": 10.15479564666748,
          "acoustic_entropy_side": 10.196996688842773,
          "hz": 9016.43338188839
        },
        {
          "acoustic_entropy": 10.151579856872559,
          "acoustic_entropy_side": 10.19694995880127,
          "hz": 9876.909183162974
        },
        {
          "acoustic_entropy": 10.130219459533691,
          "acoustic_entropy_side": 10.195975303649902,
          "hz": 10813.587699516042
        },
        {
          "acoustic_entropy": 10.130327224731445,
          "acoustic_entropy_side": 10.195761680603027,
          "hz": 11833.21735289826
        },
        {
          "acoustic_entropy": 10.080286026000977,
          "acoustic_entropy_side": 10.193248748779297,
          "hz": 12943.144197493959
        },
        {
          "acoustic_entropy": 10.106894493103027,
          "acoustic_entropy_side": 10.193960189819336,
          "hz": 14151.364845322005
        },
        {
          "acoustic_entropy": 10.025083541870117,
          "acoustic_entropy_side": 10.188933372497559,
          "hz": 15466.58407886509
        },
        {
          "acoustic_entropy": 10.109492301940918,
          "acoustic_entropy_side": 10.192999839782715,
          "hz": 16898.27756580493
        },
        {
          "acoustic_entropy": 10.181875228881836,
          "acoustic_entropy_side": 10.1969575881958,
          "hz": 18456.760127700032
        },
        {
          "acoustic_entropy": 10.193792343139648,
          "acoustic_entropy_side": 10.197454452514648,
          "hz": 20153.260054456492
        },
        {
          "acoustic_entropy": 10.19732666015625,
          "acoustic_entropy_side": 10.197668075561523,
          "hz": 22000.00000000001
        }
      ],
      "diff_acoustic_entropy": 5.667910575866699,
      "sn": 6
    },
    {
      "acoustic_entropy": 14.147622108459473,
      "acoustic_entropy_mono": 14.027117729187012,
      "band_eliminated_acoustic_entropies": [
        {
          "acoustic_entropy": 14.13809585571289,
          "acoustic_entropy_side": 14.144855499267578,
          "hz": 129.47220167065723
        },
        {
          "acoustic_entropy": 14.512178421020508,
          "acoustic_entropy_side": 14.237180709838867,
          "hz": 202.92927478742237
        },
        {
          "acoustic_entropy": 13.435786247253418,
          "acoustic_entropy_side": 14.396794319152832,
          "hz": 282.89161906338205
        },
        {
          "acoustic_entropy": 13.577557563781738,
          "acoustic_entropy_side": 14.133772850036621,
          "hz": 369.9353335868758
        },
        {
          "acoustic_entropy": 14.095769882202148,
          "acoustic_entropy_side": 13.708091735839844,
          "hz": 464.6875360973435
        },
        {
          "acoustic_entropy": 13.974205017089844,
          "acoustic_entropy_side": 14.170555114746094,
          "hz": 567.8308811364784
        },
        {
          "acoustic_entropy": 13.828657150268555,
          "acoustic_entropy_side": 14.08781909942627,
          "hz": 680.1084783214808
        },
        {
          "acoustic_entropy": 13.804847717285156,
          "acoustic_entropy_side": 13.83922290802002,
          "hz": 802.3292461747484
        },
        {
          "acoustic_entropy": 14.332807540893555,
          "acoustic_entropy_side": 14.269492149353027,
          "hz": 935.3737400823702
        },
        {
          "acoustic_entropy": 13.7900972366333,
          "acoustic_entropy_side": 14.205294609069824,
          "hz": 1080.2004963696966
        },
        {
          "acoustic_entropy": 14.605405807495117,
          "acoustic_entropy_side": 13.8825044631958,
          "hz": 1237.8529382007157
        },
        {
          "acoustic_entropy": 13.036779403686523,
          "acoustic_entropy_side": 13.730878829956055,
          "hz": 1409.4668930556702
        },
        {
          "acoustic_entropy": 15.002031326293945,
          "acoustic_entropy_side": 14.176280975341797,
          "hz": 1596.2787759475705
        },
        {
          "acoustic_entropy": 13.780186653137207,
          "acoustic_entropy_side": 14.100004196166992,
          "hz": 1799.6344973346393
        },
        {
          "acoustic_entropy": 14.379680633544922,
          "acoustic_entropy_side": 14.128894805908203,
          "hz": 2020.9991599069049
        },
        {
          "acoustic_entropy": 13.725118637084961,
          "acoustic_entropy_side": 13.787363052368164,
          "hz": 2261.9676141086993
        },
        {
          "acoustic_entropy": 14.075881004333496,
          "acoustic_entropy_side": 13.873733520507812,
          "hz": 2524.2759484456974
        },
        {
          "acoustic_entropy": 13.760106086730957,
          "acoustic_entropy_side": 14.093053817749023,
          "hz": 2809.813997359896
        },
        {
          "acoustic_entropy": 13.676017761230469,
          "acoustic_entropy_side": 14.136089324951172,
          "hz": 3120.6389567871424
        },
        {
          "acoustic_entropy": 14.557018280029297,
          "acoustic_entropy_side": 14.027222633361816,
          "hz": 3458.990205492291
        },
        {
          "acoustic_entropy": 14.351569175720215,
          "acoustic_entropy_side": 14.283431053161621,
          "hz": 3827.305438964164
        },
        {
          "acoustic_entropy": 13.991424560546875,
          "acoustic_entropy_side": 14.207040786743164,
          "hz": 4228.238232109126
        },
        {
          "acoustic_entropy": 14.180691719055176,
          "acoustic_entropy_side": 14.170951843261719,
          "hz": 4664.6771572759235
        },
        {
          "acoustic_entropy": 14.071352005004883,
          "acoustic_entropy_side": 14.150790214538574,
          "hz": 5139.766595350093
        },
        {
          "acoustic_entropy": 14.071608543395996,
          "acoustic_entropy_side": 14.154630661010742,
          "hz": 5656.929389854203
        },
        {
          "acoustic_entropy": 14.124727249145508,
          "acoustic_entropy_side": 14.155820846557617,
          "hz": 6219.891507268283
        },
        {
          "acoustic_entropy": 14.090596199035645,
          "acoustic_entropy_side": 14.151101112365723,
          "hz": 6832.70888123896
        },
        {
          "acoustic_entropy": 14.115626335144043,
          "acoustic_entropy_side": 14.148825645446777,
          "hz": 7499.796634079867
        },
        {
          "acoustic_entropy": 14.115755081176758,
          "acoustic_entropy_side": 14.147462844848633,
          "hz": 8225.96088609342
        },
        {
          "acoustic_entropy": 14.07394790649414,
          "acoustic_entropy_side": 14.146321296691895,
          "hz": 9016.43338188839
        },
        {
          "acoustic_entropy": 14.075837135314941,
          "acoustic_entropy_side": 14.146778106689453,
          "hz": 9876.909183162974
        },
        {
          "acoustic_entropy": 14.053455352783203,
          "acoustic_entropy_side": 14.145538330078125,
          "hz": 10813.587699516042
        },
        {
          "acoustic_entropy": 14.047904968261719,
          "acoustic_entropy_side": 14.142919540405273,
          "hz": 11833.21735289826
        },
        {
          "acoustic_entropy": 13.96753215789795,
          "acoustic_entropy_side": 14.133848190307617,
          "hz": 12943.144197493959
        },
        {
          "acoustic_entropy": 13.999238967895508,
          "acoustic_entropy_side": 14.136191368103027,
          "hz": 14151.364845322005
        },
        {
          "acoustic_entropy": 13.949472427368164,
          "acoustic_entropy_side": 14.125102996826172,
          "hz": 15466.58407886509
        },
        {
          "acoustic_entropy": 13.995169639587402,
          "acoustic_entropy_side": 14.132981300354004,
          "hz": 16898.27756580493
        },
        {
          "acoustic_entropy": 14.116660118103027,
          "acoustic_entropy_side": 14.144775390625,
          "hz": 18456.760127700032
        },
        {
          "acoustic_entropy": 14.139512062072754,
          "acoustic_entropy_side": 14.14694595336914,
          "hz": 20153.260054456492
        },
        {
          "acoustic_entropy": 14.146343231201172,
          "acoustic_entropy_side": 14.147581100463867,
          "hz": 22000.00000000001
        }
      ],
      "diff_acoustic_entropy": 7.203298568725586,
      "sn": 12
    },
    {
      "acoustic_entropy": 20.813709259033203,
      "acoustic_entropy_mono": 18.60089683532715,
      "band_eliminated_acoustic_entropies": [
        {
          "acoustic_entropy": 20.778078079223633,
          "acoustic_entropy_side": 20.79918098449707,
          "hz": 129.47220167065723
        },
        {
          "acoustic_entropy": 20.4508056640625,
          "acoustic_entropy_side": 20.55658721923828,
          "hz": 202.92927478742237
        },
        {
          "acoustic_entropy": 19.495098114013672,
          "acoustic_entropy_side": 21.092931747436523,
          "hz": 282.89161906338205
        },
        {
          "acoustic_entropy": 21.10535430908203,
          "acoustic_entropy_side": 20.259029388427734,
          "hz": 369.9353335868758
        },
        {
          "acoustic_entropy": 20.457698822021484,
          "acoustic_entropy_side": 20.991785049438477,
          "hz": 464.6875360973435
        },
        {
          "acoustic_entropy": 20.627708435058594,
          "acoustic_entropy_side": 21.22142791748047,
          "hz": 567.8308811364784
        },
        {
          "acoustic_entropy": 20.823810577392578,
          "acoustic_entropy_side": 20.54549217224121,
          "hz": 680.1084783214808
        },
        {
          "acoustic_entropy": 20.91581153869629,
          "acoustic_entropy_side": 20.953365325927734,
          "hz": 802.3292461747484
        },
        {
          "acoustic_entropy": 21.033130645751953,
          "acoustic_entropy_side": 20.914979934692383,
          "hz": 935.3737400823702
        },
        {
          "acoustic_entropy": 20.648778915405273,
          "acoustic_entropy_side": 20.822538375854492,
          "hz": 1080.2004963696966
        },
        {
          "acoustic_entropy": 21.652572631835938,
          "acoustic_entropy_side": 21.23333168029785,
          "hz": 1237.8529382007157
        },
        {
          "acoustic_entropy": 20.78830337524414,
          "acoustic_entropy_side": 21.26120376586914,
          "hz": 1409.4668930556702
        },
        {
          "acoustic_entropy": 21.26728057861328,
          "acoustic_entropy_side": 20.63129425048828,
          "hz": 1596.2787759475705
        },
        {
          "acoustic_entropy": 20.326904296875,
          "acoustic_entropy_side": 20.66940689086914,
          "hz": 1799.6344973346393
        },
        {
          "acoustic_entropy": 19.98439598083496,
          "acoustic_entropy_side": 21.13072395324707,
          "hz": 2020.9991599069049
        },
        {
          "acoustic_entropy": 20.505863189697266,
          "acoustic_entropy_side": 20.313961029052734,
          "hz": 2261.9676141086993
        },
        {
          "acoustic_entropy": 20.981487274169922,
          "acoustic_entropy_side": 20.583715438842773,
          "hz": 2524.2759484456974
        },
        {
          "acoustic_entropy": 21.115894317626953,
          "acoustic_entropy_side": 21.125324249267578,
          "hz": 2809.813997359896
        },
        {
          "acoustic_entropy": 20.486984252929688,
