{
  "acoustic_entropy": 31.1851806640625,
  "bands": [
    {
      "high_freq": 148.1999969482422,
      "loudness": -15.543573379516602,
      "loudness_range": 5.450085639953613,
      "mid_mean": -50.75886154174805,
      "mid_to_side_loudness": -30.389251708984375,
      "mid_to_side_loudness_range": 53.73967742919922,
      "side_mean": -69.99998474121094
    },
    {
      "high_freq": 392.3793640136719,
      "loudness": -19.13063621520996,
      "loudness_range": 7.512115478515625,
      "low_freq": 148.1999969482422,
      "mid_mean": -51.91889953613281,
      "mid_to_side_loudness": -15.935651779174805,
      "mid_to_side_loudness_range": 47.287906646728516,
      "side_mean": -69.99929809570312
    },
    {
      "high_freq": 794.6976318359375,
      "loudness": -41.3547248840332,
      "loudness_range": 17.356224060058594,
      "low_freq": 392.3793640136719,
      "mid_mean": -39.92802429199219,
      "mid_to_side_loudness": -31.740373611450195,
      "mid_to_side_loudness_range": 50.976165771484375,
      "side_mean": -69.99989318847656
    },
    {
      "high_freq": 1457.5709228515625,
      "loudness": -49.42312240600586,
      "loudness_range": 13.738372802734375,
      "low_freq": 794.6976318359375,
      "mid_mean": -55.37704849243164,
      "mid_to_side_loudness": -37.05279541015625,
      "mid_to_side_loudness_range": 60.586788177490234,
      "side_mean": -69.9996337890625
    },
    {
      "high_freq": 2549.74365234375,
      "loudness": -46.247737884521484,
      "loudness_range": 24.59572982788086,
      "low_freq": 1457.5709228515625,
      "mid_mean": -51.739479064941406,
      "mid_to_side_loudness": -40.63515090942383,
      "mid_to_side_loudness_range": 53.56012725830078,
      "side_mean": -69.99933624267578
    },
    {
      "high_freq": 4349.24462890625,
      "loudness": -48.881107330322266,
      "loudness_range": 23.45205307006836,
      "low_freq": 2549.74365234375,
      "mid_mean": -54.68562698364258,
      "mid_to_side_loudness": -34.68101119995117,
      "mid_to_side_loudness_range": 60.016685485839844,
      "side_mean": -69.99887084960938
    },
    {
      "high_freq": 7314.1640625,
      "loudness": -47.3348274230957,
      "loudness_range": 26.40930938720703,
      "low_freq": 4349.24462890625,
      "mid_mean": -54.1617317199707,
      "mid_to_side_loudness": -30.364469528198242,
      "mid_to_side_loudness_range": 57.22694778442383,
      "side_mean": -69.99815368652344
    },
    {
      "high_freq": 12199.2666015625,
      "loudness": -40.89760971069336,
      "loudness_range": 14.709423065185547,
      "low_freq": 7314.1640625,
      "mid_mean": -55.147403717041016,
      "mid_to_side_loudness": -20.37117576599121,
      "mid_to_side_loudness_range": 48.28681564331055,
      "side_mean": -69.99236297607422
    },
    {
      "loudness": -45.336307525634766,
      "loudness_range": 13.633918762207031,
      "low_freq": 12199.2666015625,
      "mid_mean": -57.769832611083984,
      "mid_to_side_loudness": -10.79772663116455,
      "mid_to_side_loudness_range": 41.50604248046875,
      "side_mean": -69.9734115600586
    }
  ],
  "bands_short": [
    {
      "high_freq": 148.1999969482422,
      "loudness": -17.852102279663086,
      "loudness_range": 6.620136260986328,
      "mid_mean": -52.10093307495117,
      "mid_to_side_loudness": -24.03195571899414,
      "mid_to_side_loudness_range": 44.039791107177734,
      "side_mean": -69.99999237060547
    },
    {
      "high_freq": 392.3793640136719,
      "loudness": -16.658235549926758,
      "loudness_range": 8.519407272338867,
      "low_freq": 148.1999969482422,
      "mid_mean": -51.719112396240234,
      "mid_to_side_loudness": -15.587183952331543,
      "mid_to_side_loudness_range": 37.457664489746094,
      "side_mean": -69.99932098388672
    },
    {
      "high_freq": 794.6976318359375,
      "loudness": -42.421905517578125,
      "loudness_range": 18.943857192993164,
      "low_freq": 392.3793640136719,
      "mid_mean": -55.0614013671875,
      "mid_to_side_loudness": -24.195266723632812,
      "mid_to_side_loudness_range": 47.78899383544922,
      "side_mean": -69.99989318847656
    },
    {
      "high_freq": 1457.5709228515625,
      "loudness": -52.91030502319336,
      "loudness_range": 32.16117858886719,
      "low_freq": 794.6976318359375,
      "mid_mean": -60.5604248046875,
      "mid_to_side_loudness": -33.24559020996094,
      "mid_to_side_loudness_range": 57.00014877319336,
      "side_mean": -69.9996337890625
    },
    {
      "high_freq": 2549.74365234375,
      "loudness": -49.61554718017578,
      "loudness_range": 35.81852340698242,
      "low_freq": 1457.5709228515625,
      "mid_mean": -60.110774993896484,
      "mid_to_side_loudness": -32.21560287475586,
      "mid_to_side_loudness_range": 52.07597732543945,
      "side_mean": -69.99934387207031
    },
    {
      "high_freq": 4349.24462890625,
      "loudness": -54.95463562011719,
      "loudness_range": 38.84765625,
      "low_freq": 2549.74365234375,
      "mid_mean": -63.60816955566406,
      "mid_to_side_loudness": -25.103031158447266,
      "mid_to_side_loudness_range": 44.5429801940918,
      "side_mean": -69.99887084960938
    },
    {
      "high_freq": 7314.1640625,
      "loudness": -56.07760238647461,
      "loudness_range": 42.161773681640625,
      "low_freq": 4349.24462890625,
      "mid_mean": -63.668701171875,
      "mid_to_side_loudness": -24.71285057067871,
      "mid_to_side_loudness_range": 43.691219329833984,
      "side_mean": -69.99813842773438
    },
    {
      "high_freq": 12199.2666015625,
      "loudness": -51.35226058959961,
      "loudness_range": 42.44792938232422,
      "low_freq": 7314.1640625,
      "mid_mean": -65.42758178710938,
      "mid_to_side_loudness": -15.531968116760254,
      "mid_to_side_loudness_range": 30.354324340820312,
      "side_mean": -69.99246978759766
    },
    {
      "loudness": -52.96358108520508,
      "loudness_range": 37.67207717895508,
      "low_freq": 12199.2666015625,
      "mid_mean": -66.87147521972656,
      "mid_to_side_loudness": -5.35181999206543,
      "mid_to_side_loudness_range": 26.536365509033203,
      "side_mean": -69.97330474853516
    }
  ],
  "bandwidth": 188.4133758544922,
  "channels": 2,
  "covariance": [
    [
      721.8150634765625,
      0.00021828604803886265,
      674.902099609375,
      0.02646726742386818,
      126.40177154541016,
      0.0009210575954057276,
      193.2449493408203,
      0.007757816929370165,
      128.93780517578125,
      0.007034148555248976,
      143.67967224121094,
      0.01337624154984951,
      129.4565887451172,
      0.020227134227752686,
      72.96319580078125,
      0.1351204663515091,
      54.59410858154297,
      0.42958343029022217
    ],
    [
      0.00021828604803886265,
      8.843962895355162e-09,
      0.0001792763505363837,
      7.463801239282475e-07,
      -3.5896373447030783e-06,
      1.8588414363307493e-08,
      8.670693932799622e-05,
      4.250974683372988e-08,
      0.00011408708814997226,
      4.111881324320166e-08,
      9.086660429602489e-05,
      3.2567331942345845e-08,
      0.00010413170093670487,
      2.900974749309171e-08,
      0.00012585394142661244,
      5.644255551828792e-08,
      0.00010751744412118569,
      1.9634178727301332e-07
    ],
    [
      674.902099609375,
      0.0001792763505363837,
      636.28466796875,
      0.02221738174557686,
      119.61614227294922,
      0.0008091881172731519,
      181.7725830078125,
      0.006759216543287039,
      122.00865173339844,
      0.006198839750140905,
      136.1104278564453,
      0.012127733789384365,
      123.09349060058594,
      0.018546445295214653,
      69.53480529785156,
      0.12666749954223633,
      52.12656021118164,
      0.40373384952545166
    ],
    [
      0.02646726742386818,
      7.463801239282475e-07,
      0.02221738174557686,
      6.855648825876415e-05,
      0.005497975740581751,
      1.489446617597423e-06,
      0.009006147272884846,
      3.996597115474287e-06,
      0.007445101626217365,
      3.05725188809447e-06,
      0.008115733973681927,
      2.250596025987761e-06,
      0.00893146451562643,
      1.8845950080503826e-06,
      0.01008458249270916,
      4.344469289208064e-06,
      0.00867365300655365,
      1.515967414889019e-05
    ],
    [
      126.40177154541016,
      -3.5896373447030783e-06,
      119.61614227294922,
      0.005497975740581751,
      96.97557830810547,
      -0.00012822769349440932,
      91.40252685546875,
      0.0007517561316490173,
      75.53996276855469,
      -0.0004400609468575567,
      93.17813873291016,
      0.0004334941040724516,
      97.5062255859375,
      0.0005789106362499297,
      96.65502166748047,
      0.01111389696598053,
      85.31658172607422,
      0.031281523406505585
    ],
    [
      0.0009210575954057276,
      1.8588414363307493e-08,
      0.0008091881172731519,
      1.489446617597423e-06,
      -0.00012822769349440932,
      5.062726415872021e-08,
      0.0004943818785250187,
      1.1005584354961684e-07,
      0.0007188027375377715,
      1.516836931614307e-07,
      0.0005102934665046632,
      1.3965329515031044e-07,
      0.0005272436537779868,
      1.520059953463715e-07,
      0.0005116672837175429,
      4.0906803633333766e-07,
      0.00041831773705780506,
      1.4337672382680466e-06
    ],
    [
      193.2449493408203,
      8.670693932799622e-05,
      181.7725830078125,
      0.009006147272884846,
      91.40252685546875,
      0.0004943818785250187,
      158.6454315185547,
      0.002951596165075898,
      169.25416564941406,
      0.0034163338132202625,
      165.52906799316406,
      0.006499091163277626,
      173.33091735839844,
      0.010201375000178814,
      169.991943359375,
      0.046101439744234085,
      145.44058227539062,
      0.1575145274400711
    ],
    [
      0.007757816929370165,
      4.250974683372988e-08,
      0.006759216543287039,
      3.996597115474287e-06,
      0.0007517561316490173,
      1.1005584354961684e-07,
      0.002951596165075898,
      1.749249122440233e-06,
      0.0018225102685391903,
      7.897121463429357e-07,
      0.0019733887165784836,
      1.1891797839780338e-06,
      0.0013171579921618104,
      1.3935722336100298e-06,
      0.00025441564503125846,
      2.149109604943078e-06,
      8.953163342084736e-05,
      7.235225893964525e-06
    ],
    [
      128.93780517578125,
      0.00011408708814997226,
      122.00865173339844,
      0.007445101626217365,
      75.53996276855469,
      0.0007188027375377715,
      169.25416564941406,
      0.0018225102685391903,
      222.143310546875,
      0.004476218484342098,
      197.17356872558594,
      0.007534321863204241,
      212.87371826171875,
      0.012198079377412796,
      224.51963806152344,
      0.04494456574320793,
      192.376708984375,
      0.1672644019126892
    ],
    [
      0.007034148555248976,
      4.111881324320166e-08,
      0.006198839750140905,
      3.05725188809447e-06,
      -0.0004400609468575567,
      1.516836931614307e-07,
      0.0034163338132202625,
      7.897121463429357e-07,
      0.004476218484342098,
      1.4076358638703823e-06,
      0.003246874315664172,
      1.276300508834538e-06,
      0.0031969796400517225,
      1.1551217085070675e-06,
      0.0024955079425126314,
      2.8154531719337683e-06,
      0.0019196182256564498,
      9.136625521932729e-06
    ],
    [
      143.67967224121094,
      9.086660429602489e-05,
      136.1104278564453,
      0.008115733973681927,
      93.17813873291016,
      0.0005102934665046632,
      165.52906799316406,
      0.0019733887165784836,
      197.17356872558594,
      0.003246874315664172,
      188.94281005859375,
      0.005954223219305277,
      202.10569763183594,
      0.009498896077275276,
      210.2483367919922,
      0.0371151864528656,
      181.26271057128906,
      0.1317932903766632
    ],
    [
      0.01337624154984951,
      3.2567331942345845e-08,
      0.012127733789384365,
      2.250596025987761e-06,
      0.0004334941040724516,
      1.3965329515031044e-07,
      0.006499091163277626,
      1.1891797839780338e-06,
      0.007534321863204241,
      1.276300508834538e-06,
      0.005954223219305277,
      1.629558596505376e-06,
      0.005630991421639919,
      1.8220564470539102e-06,
      0.004203838296234608,
      5.1174893087591045e-06,
      0.0032500673551112413,
      1.684039489191491e-05
    ],
    [
      129.4565887451172,
      0.00010413170093670487,
      123.09349060058594,
      0.00893146451562643,
      97.5062255859375,
      0.0005272436537779868,
      173.33091735839844,
      0.0013171579921618104,
      212.87371826171875,
      0.0031969796400517225,
      202.10569763183594,
      0.005630991421639919,
      220.60403442382812,
      0.008943367749452591,
      235.1342315673828,
      0.03327690064907074,
      203.3388214111328,
      0.11919967830181122
    ],
    [
      0.020227134227752686,
      2.900974749309171e-08,
      0.018546445295214653,
      1.8845950080503826e-06,
      0.0005789106362499297,
      1.520059953463715e-07,
      0.010201375000178814,
      1.3935722336100298e-06,
      0.012198079377412796,
      1.1551217085070675e-06,
      0.009498896077275276,
      1.8220564470539102e-06,
      0.008943367749452591,
      2.592519876998267e-06,
      0.006774961482733488,
      8.254311069322284e-06,
      0.005234346725046635,
      2.835807936207857e-05
    ],
    [
      72.96319580078125,
      0.00012585394142661244,
      69.53480529785156,
      0.01008458249270916,
      96.65502166748047,
      0.0005116672837175429,
      169.991943359375,
      0.00025441564503125846,
      224.51963806152344,
      0.0024955079425126314,
      210.2483367919922,
      0.004203838296234608,
      235.1342315673828,
      0.006774961482733488,
      267.8763732910156,
      0.018901847302913666,
      234.4758758544922,
      0.06770676374435425
    ],
    [
      0.1351204663515091,
      5.644255551828792e-08,
      0.12666749954223633,
      4.344469289208064e-06,
      0.01111389696598053,
      4.0906803633333766e-07,
      0.046101439744234085,
      2.149109604943078e-06,
      0.04494456574320793,
      2.8154531719337683e-06,
      0.0371151864528656,
      5.1174893087591045e-06,
      0.03327690064907074,
      8.254311069322284e-06,
      0.018901847302913666,
      4.7559933591401204e-05,
      0.012606848031282425,
      0.00014667119830846786
    ],
    [
      54.59410858154297,
      0.00010751744412118569,
      52.12656021118164,
      0.00867365300655365,
      85.31658172607422,
      0.00041831773705780506,
      145.44058227539062,
      8.953163342084736e-05,
      192.376708984375,
      0.0019196182256564498,
      181.26271057128906,
      0.0032500673551112413,
      203.3388214111328,
      0.005234346725046635,
      234.4758758544922,
      0.012606848031282425,
      206.67483520507812,
      0.04437616094946861
    ],
    [
      0.42958343029022217,
      1.9634178727301332e-07,
      0.40373384952545166,
      1.515967414889019e-05,
      0.031281523406505585,
      1.4337672382680466e-06,
      0.1575145274400711,
      7.235225893964525e-06,
      0.1672644019126892,
      9.136625521932729e-06,
      0.1317932903766632,
      1.684039489191491e-05,
      0.11919967830181122,
      2.835807936207857e-05,
      0.06770676374435425,
      0.00014667119830846786,
      0.04437616094946861,
      0.0005399137153290212
    ]
  ],
  "covariance_short": [
    [
      671.439697265625,
      6.71546149533242e-05,
      683.2660522460938,
      0.023491542786359787,
      327.2142028808594,
      0.0008928989409469068,
      216.82623291015625,
      0.007100590504705906,
      99.61259460449219,
      0.006209262181073427,
      89.54981994628906,
      0.012650852091610432,
      84.64889526367188,
      0.018847055733203888,
      32.56096649169922,
      0.12492910772562027,
      17.82648468017578,
      0.40436846017837524
    ],
    [
      6.71546149533242e-05,
      1.1825165735501741e-08,
      7.811780233168975e-05,
      1.5885149196037673e-06,
      4.4445125240599737e-05,
      5.115532175636872e-08,
      -1.4379702406586148e-06,
      7.457068562644054e-08,
      -3.0075294489506632e-05,
      9.029209735444965e-08,
      -4.234696825733408e-05,
      6.105787520027661e-08,
      -3.524552084854804e-05,
      4.063993586100878e-08,
      -3.1682648113928735e-05,
      3.464534259478569e-08,
      -2.309146111656446e-05,
      7.626364606494462e-08
    ],
    [
      683.2660522460938,
      7.811780233168975e-05,
      698.2549438476562,
      0.02546159364283085,
      335.2410583496094,
      0.0009586559026502073,
      223.1630859375,
      0.007586503401398659,
      103.28533935546875,
      0.0065773106180131435,
      92.23755645751953,
      0.013196345418691635,
      87.36685180664062,
      0.019433094188570976,
      34.91338348388672,
      0.12592531740665436,
      19.643552780151367,
      0.4112675189971924
    ],
    [
      0.023491542786359787,
      1.5885149196037673e-06,
      0.02546159364283085,
      0.00026888918364420533,
      0.0130452336743474,
      7.599633590871235e-06,
      0.005445641931146383,
      1.2635437997232657e-05,
      -0.00351650919765234,
      1.1456392712716479e-05,
      -0.0033670831471681595,
      7.100110906321788e-06,
      -0.002326313406229019,
      3.3597748370084446e-06,
      -0.0027731740847229958,
      1.082632593352173e-06,
      -0.0020395026076585054,
      4.702582828031154e-06
    ],
    [
      327.2142028808594,
      4.4445125240599737e-05,
      335.2410583496094,
      0.0130452336743474,
      260.32110595703125,
      0.0007379109738394618,
      182.27325439453125,
      0.004543437622487545,
      166.32618713378906,
      0.004921418614685535,
      125.9244613647461,
      0.009872245602309704,
      124.80583953857422,
      0.015674015507102013,
      94.14530181884766,
      0.07691460102796555,
      68.43476867675781,
      0.26217982172966003
    ],
    [
      0.0008928989409469068,
      5.115532175636872e-08,
      0.0009586559026502073,
      7.599633590871235e-06,
      0.0007379109738394618,
      2.928374840394099e-07,
      0.00032490186276845634,
      4.139180873607984e-07,
      0.00024043254961725324,
      6.099572829043609e-07,
      3.207872578059323e-05,
      4.6365090611288906e-07,
      6.408290209947154e-05,
      3.4744050481094746e-07,
      2.8677524824161083e-05,
      4.904705974695389e-07,
      2.1171761545701884e-05,
      1.3681554946742835e-06
    ],
    [
      216.82623291015625,
      -1.4379702406586148e-06,
      223.1630859375,
      0.005445641931146383,
      182.27325439453125,
      0.00032490186276845634,
      149.6839599609375,
      0.003121541813015938,
      130.16812133789062,
      0.002521664835512638,
      111.83816528320312,
      0.00588205736130476,
      111.41016387939453,
      0.009174739010632038,
      91.02188110351562,
      0.038350850343704224,
      71.33230590820312,
      0.132294699549675
    ],
    [
      0.007100590504705906,
      7.457068562644054e-08,
      0.007586503401398659,
      1.2635437997232657e-05,
      0.004543437622487545,
      4.139180873607984e-07,
      0.003121541813015938,
      7.47877538742614e-06,
      0.0008789781713858247,
      2.6246773359162034e-06,
      0.00044614251237362623,
      4.731727585749468e-06,
      0.0004629725299309939,
      5.015136139263632e-06,
      -9.361025149701163e-05,
      3.3079993499995908e-06,
      -0.00014348552213050425,
      5.3541875786322635e-06
    ],
    [
      99.61259460449219,
      -3.0075294489506632e-05,
      103.28533935546875,
      -0.00351650919765234,
      166.32618713378906,
      0.00024043254961725324,
      130.16812133789062,
      0.0008789781713858247,
      190.25314331054688,
      0.00287562794983387,
      136.5771484375,
      0.005589018575847149,
      136.0474090576172,
      0.009571230970323086,
      120.05794525146484,
      0.024717481806874275,
      89.51211547851562,
      0.11686240136623383
    ],
    [
      0.006209262181073427,
      9.029209735444965e-08,
      0.0065773106180131435,
      1.1456392712716479e-05,
      0.004921418614685535,
      6.099572829043609e-07,
      0.002521664835512638,
      2.6246773359162034e-06,
      0.00287562794983387,
      5.351889285520883e-06,
      0.0006840784335508943,
      4.425416591402609e-06,
      0.0007698878180235624,
      3.00977990264073e-06,
      0.00035882569500245154,
      4.446799266588641e-06,
      0.00011542937863850966,
      9.282406608690508e-06
    ],
    [
      89.54981994628906,
      -4.234696825733408e-05,
      92.23755645751953,
      -0.0033670831471681595,
      125.9244613647461,
      3.207872578059323e-05,
      111.83816528320312,
      0.00044614251237362623,
      136.5771484375,
      0.0006840784335508943,
      120.68152618408203,
      0.0026728359516710043,
      119.70771789550781,
      0.005001456011086702,
      104.3425521850586,
      0.00895616877824068,
      81.88446044921875,
      0.04636712744832039
    ],
    [
      0.012650852091610432,
      6.105787520027661e-08,
      0.013196345418691635,
      7.100110906321788e-06,
      0.009872245602309704,
      4.6365090611288906e-07,
      0.00588205736130476,
      4.731727585749468e-06,
      0.005589018575847149,
      4.425416591402609e-06,
      0.0026728359516710043,
      5.8086629906028975e-06,
      0.0026920170057564974,
      4.880801952822367e-06,
      0.0016508136177435517,
      7.630363143107388e-06,
      0.0010146129643544555,
      1.7961398043553345e-05
    ],
    [
      84.64889526367188,
      -3.524552084854804e-05,
      87.36685180664062,
      -0.002326313406229019,
      124.80583953857422,
      6.408290209947154e-05,
      111.41016387939453,
      0.0004629725299309939,
      136.0474090576172,
      0.0007698878180235624,
      119.70771789550781,
      0.0026920170057564974,
      121.79781341552734,
      0.004876433871686459,
      109.12596893310547,
      0.008253904059529305,
      86.41031646728516,
      0.04519231617450714
    ],
    [
      0.018847055733203888,
      4.063993586100878e-08,
      0.019433094188570976,
      3.3597748370084446e-06,
      0.015674015507102013,
      3.4744050481094746e-07,
      0.009174739010632038,
      5.015136139263632e-06,
      0.009571230970323086,
      3.00977990264073e-06,
      0.005001456011086702,
      4.880801952822367e-06,
      0.004876433871686459,
      6.60621526549221e-06,
      0.0030365565326064825,
      1.1813081982836593e-05,
      0.0018952660029754043,
      3.471957097644918e-05
    ],
    [
      32.56096649169922,
      -3.1682648113928735e-05,
      34.91338348388672,
      -0.0027731740847229958,
      94.14530181884766,
      2.8677524824161083e-05,
      91.02188110351562,
      -9.361025149701163e-05,
      120.05794525146484,
      0.00035882569500245154,
      104.3425521850586,
      0.0016508136177435517,
      109.12596893310547,
      0.0030365565326064825,
      109.54596710205078,
      -0.0037091930862516165,
      89.86698913574219,
      0.002947020810097456
    ],
    [
      0.12492910772562027,
      3.464534259478569e-08,
      0.12592531740665436,
      1.082632593352173e-06,
      0.07691460102796555,
      4.904705974695389e-07,
      0.038350850343704224,
      3.3079993499995908e-06,
      0.024717481806874275,
      4.446799266588641e-06,
      0.00895616877824068,
      7.630363143107388e-06,
      0.008253904059529305,
      1.1813081982836593e-05,
      -0.0037091930862516165,
      8.818591595627367e-05,
      -0.005310167092829943,
      0.00024025709717534482
    ],
    [
      17.82648468017578,
      -2.309146111656446e-05,
      19.643552780151367,
      -0.0020395026076585054,
      68.43476867675781,
      2.1171761545701884e-05,
      71.33230590820312,
      -0.00014348552213050425,
      89.51211547851562,
      0.00011542937863850966,
      81.88446044921875,
      0.0010146129643544555,
      86.41031646728516,
      0.0018952660029754043,
      89.86698913574219,
      -0.005310167092829943,
      76.44136810302734,
      -0.007497628219425678
    ],
    [
      0.40436846017837524,
      7.626364606494462e-08,
      0.4112675189971924,
      4.702582828031154e-06,
      0.26217982172966003,
      1.3681554946742835e-06,
      0.132294699549675,
      5.3541875786322635e-06,
      0.11686240136623383,
      9.282406608690508e-06,
      0.04636712744832039,
      1.7961398043553345e-05,
      0.04519231617450714,
      3.471957097644918e-05,
      0.002947020810097456,
      0.00024025709717534482,
      -0.007497628219425678,
      0.0011276745935902
    ]
  ],
  "damage": -6.047351837158203,
  "diff_bandwidth": 205.15426635742188,
  "dissonance": 3.767604032713321,
  "drr": 5.60313081741333,
  "dynamics": 10.098403930664062,
  "format": 1245190,
  "frames": 1777664,
  "loudness": -19.05459976196289,
  "loudness_range": 20.79086685180664,
  "loudness_range_short": 27.918325424194336,
  "lowpass_true_peak_15khz": 0.07874535024166107,
  "mastering3_acoustic_entropies": [
    {
      "acoustic_entropy": 6.076306343078613,
      "acoustic_entropy_mono": 6.076306343078613,
      "band_eliminated_acoustic_entropies": [
        {
          "acoustic_entropy": 5.985186576843262,
          "acoustic_entropy_side": 6.076306343078613,
          "hz": 129.47220167065723
        },
        {
          "acoustic_entropy": 5.705735683441162,
          "acoustic_entropy_side": 6.076306343078613,
          "hz": 202.92927478742237
        },
        {
          "acoustic_entropy": 6.040191173553467,
          "acoustic_entropy_side": 6.076306343078613,
          "hz": 282.89161906338205
        },
        {
          "acoustic_entropy": 6.13970947265625,
          "acoustic_entropy_side": 6.076306343078613,
          "hz": 369.9353335868758
        },
        {
          "acoustic_entropy": 5.595298767089844,
          "acoustic_entropy_side": 6.076306343078613,
          "hz": 464.6875360973435
        },
        {
          "acoustic_entropy": 6.096879005432129,
          "acoustic_entropy_side": 6.076306343078613,
          "hz": 567.8308811364784
        },
        {
          "acoustic_entropy": 6.075638771057129,
          "acoustic_entropy_side": 6.076306343078613,
          "hz": 680.1084783214808
        },
        {
          "acoustic_entropy": 6.11918306350708,
          "acoustic_entropy_side": 6.076306343078613,
          "hz": 802.3292461747484
        },
        {
          "acoustic_entropy": 6.068874359130859,
          "acoustic_entropy_side": 6.076306343078613,
          "hz": 935.3737400823702
        },
        {
          "acoustic_entropy": 6.076540946960449,
          "acoustic_entropy_side": 6.076306343078613,
          "hz": 1080.2004963696966
        },
        {
          "acoustic_entropy": 6.076624393463135,
          "acoustic_entropy_side": 6.076306343078613,
          "hz": 1237.8529382007157
        },
        {
          "acoustic_entropy": 6.076361656188965,
          "acoustic_entropy_side": 6.076306343078613,
          "hz": 1409.4668930556702
        },
        {
          "acoustic_entropy": 6.076365947723389,
          "acoustic_entropy_side": 6.076306343078613,
          "hz": 1596.2787759475705
        },
        {
          "acoustic_entropy": 6.077935218811035,
          "acoustic_entropy_side": 6.076306343078613,
          "hz": 1799.6344973346393
        },
        {
          "acoustic_entropy": 6.029987335205078,
          "acoustic_entropy_side": 6.076306343078613,
          "hz": 2020.9991599069049
        },
        {
          "acoustic_entropy": 6.0472731590271,
          "acoustic_entropy_side": 6.076306343078613,
          "hz": 2261.9676141086993
        },
        {
          "acoustic_entropy": 6.076766014099121,
          "acoustic_entropy_side": 6.076306343078613,
          "hz": 2524.2759484456974
        },
        {
          "acoustic_entropy": 6.0763115882873535,
          "acoustic_entropy_side": 6.076306343078613,
          "hz": 2809.813997359896
        },
        {
          "acoustic_entropy": 6.0761494636535645,
          "acoustic_entropy_side": 6.076306343078613,
          "hz": 3120.6389567871424
        },
        {
          "acoustic_entropy": 6.079875469207764,
          "acoustic_entropy_side": 6.076306343078613,
          "hz": 3458.990205492291
        },
        {
          "acoustic_entropy": 6.076670169830322,
          "acoustic_entropy_side": 6.076306343078613,
          "hz": 3827.305438964164
        },
        {
          "acoustic_entropy": 6.0752081871032715,
          "acoustic_entropy_side": 6.076306343078613,
          "hz": 4228.238232109126
        },
        {
          "acoustic_entropy": 6.075972080230713,
          "acoustic_entropy_side": 6.076306343078613,
          "hz": 4664.6771572759235
        },
        {
          "acoustic_entropy": 6.077605247497559,
          "acoustic_entropy_side": 6.076306343078613,
          "hz": 5139.766595350093
        },
        {
          "acoustic_entropy": 6.077455520629883,
          "acoustic_entropy_side": 6.076306343078613,
          "hz": 5656.929389854203
        },
        {
          "acoustic_entropy": 6.077343463897705,
          "acoustic_entropy_side": 6.076306343078613,
          "hz": 6219.891507268283
        },
        {
          "acoustic_entropy": 6.074023246765137,
          "acoustic_entropy_side": 6.076306343078613,
          "hz": 6832.70888123896
        },
        {
          "acoustic_entropy": 6.070437431335449,
          "acoustic_entropy_side": 6.076306343078613,
          "hz": 7499.796634079867
        },
        {
          "acoustic_entropy": 6.072937488555908,
          "acoustic_entropy_side": 6.076306343078613,
          "hz": 8225.96088609342
        },
        {
          "acoustic_entropy": 6.041362285614014,
          "acoustic_entropy_side": 6.076306343078613,
          "hz": 9016.43338188839
        },
        {
          "acoustic_entropy": 5.89804220199585,
          "acoustic_entropy_side": 6.076306343078613,
          "hz": 9876.909183162974
        },
        {
          "acoustic_entropy": 6.066892147064209,
          "acoustic_entropy_side": 6.076306343078613,
          "hz": 10813.587699516042
        },
        {
          "acoustic_entropy": 6.066615581512451,
          "acoustic_entropy_side": 6.076306343078613,
          "hz": 11833.21735289826
        },
        {
          "acoustic_entropy": 6.069452285766602,
          "acoustic_entropy_side": 6.076306343078613,
          "hz": 12943.144197493959
        },
        {
          "acoustic_entropy": 6.064773082733154,
          "acoustic_entropy_side": 6.076306343078613,
          "hz": 14151.364845322005
        },
        {
          "acoustic_entropy": 6.069985389709473,
          "acoustic_entropy_side": 6.076306343078613,
          "hz": 15466.58407886509
        },
        {
          "acoustic_entropy": 6.075860977172852,
          "acoustic_entropy_side": 6.076306343078613,
          "hz": 16898.27756580493
        },
        {
          "acoustic_entropy": 6.076310634613037,
          "acoustic_entropy_side": 6.076306343078613,
          "hz": 18456.760127700032
        },
        {
          "acoustic_entropy": 6.076306343078613,
          "acoustic_entropy_side": 6.076306343078613,
          "hz": 20153.260054456492
        },
        {
          "acoustic_entropy": 6.076306343078613,
          "acoustic_entropy_side": 6.076306343078613,
          "hz": 22000.00000000001
        }
      ],
      "diff_acoustic_entropy": 3.875852108001709,
      "sn": 6
    },
    {
      "acoustic_entropy": 7.420050621032715,
      "acoustic_entropy_mono": 7.420050621032715,
      "band_eliminated_acoustic_entropies": [
        {
          "acoustic_entropy": 7.55003023147583,
          "acoustic_entropy_side": 7.420050621032715,
          "hz": 129.47220167065723
        },
        {
          "acoustic_entropy": 7.239042282104492,
          "acoustic_entropy_side": 7.420050621032715,
          "hz": 202.92927478742237
        },
        {
          "acoustic_entropy": 7.8113884925842285,
          "acoustic_entropy_side": 7.420050621032715,
          "hz": 282.89161906338205
        },
        {
          "acoustic_entropy": 7.725199222564697,
          "acoustic_entropy_side": 7.420050621032715,
          "hz": 369.9353335868758
        },
        {
          "acoustic_entropy": 6.433548450469971,
          "acoustic_entropy_side": 7.420050621032715,
          "hz": 464.6875360973435
        },
        {
          "acoustic_entropy": 7.4116129875183105,
          "acoustic_entropy_side": 7.420050621032715,
          "hz": 567.8308811364784
        },
        {
          "acoustic_entropy": 7.436419486999512,
          "acoustic_entropy_side": 7.420050621032715,
          "hz": 680.1084783214808
        },
        {
          "acoustic_entropy": 7.654297351837158,
          "acoustic_entropy_side": 7.420050621032715,
          "hz": 802.3292461747484
        },
        {
          "acoustic_entropy": 7.665350914001465,
          "acoustic_entropy_side": 7.420050621032715,
          "hz": 935.3737400823702
        },
        {
          "acoustic_entropy": 7.434269905090332,
          "acoustic_entropy_side": 7.420050621032715,
          "hz": 1080.2004963696966
        },
        {
          "acoustic_entropy": 7.423765182495117,
          "acoustic_entropy_side": 7.420050621032715,
          "hz": 1237.8529382007157
        },
        {
          "acoustic_entropy": 7.4204487800598145,
          "acoustic_entropy_side": 7.420050621032715,
          "hz": 1409.4668930556702
        },
        {
          "acoustic_entropy": 7.421421051025391,
          "acoustic_entropy_side": 7.420050621032715,
          "hz": 1596.2787759475705
        },
        {
          "acoustic_entropy": 7.434879302978516,
          "acoustic_entropy_side": 7.420050621032715,
          "hz": 1799.6344973346393
        },
        {
          "acoustic_entropy": 7.2646307945251465,
          "acoustic_entropy_side": 7.420050621032715,
          "hz": 2020.9991599069049
        },
        {
          "acoustic_entropy": 7.467520713806152,
          "acoustic_entropy_side": 7.420050621032715,
          "hz": 2261.9676141086993
        },
        {
          "acoustic_entropy": 7.423959732055664,
          "acoustic_entropy_side": 7.420050621032715,
          "hz": 2524.2759484456974
        },
        {
          "acoustic_entropy": 7.420165061950684,
          "acoustic_entropy_side": 7.420050621032715,
          "hz": 2809.813997359896
        },
        {
          "acoustic_entropy": 7.4267988204956055,
          "acoustic_entropy_side": 7.420050621032715,
          "hz": 3120.6389567871424
        },
        {
          "acoustic_entropy": 7.503434181213379,
          "acoustic_entropy_side": 7.420050621032715,
          "hz": 3458.990205492291
        },
        {
          "acoustic_entropy": 7.455939292907715,
          "acoustic_entropy_side": 7.420050621032715,
          "hz": 3827.305438964164
        },
        {
          "acoustic_entropy": 7.431343078613281,
          "acoustic_entropy_side": 7.420050621032715,
          "hz": 4228.238232109126
        },
        {
          "acoustic_entropy": 7.427199363708496,
          "acoustic_entropy_side": 7.420050621032715,
          "hz": 4664.6771572759235
        },
        {
          "acoustic_entropy": 7.458689212799072,
          "acoustic_entropy_side": 7.420050621032715,
          "hz": 5139.766595350093
        },
        {
          "acoustic_entropy": 7.478899002075195,
          "acoustic_entropy_side": 7.420050621032715,
          "hz": 5656.929389854203
        },
        {
          "acoustic_entropy": 7.465518474578857,
          "acoustic_entropy_side": 7.420050621032715,
          "hz": 6219.891507268283
        },
        {
          "acoustic_entropy": 7.4702630043029785,
          "acoustic_entropy_side": 7.420050621032715,
          "hz": 6832.70888123896
        },
        {
          "acoustic_entropy": 7.514449596405029,
          "acoustic_entropy_side": 7.420050621032715,
          "hz": 7499.796634079867
        },
        {
          "acoustic_entropy": 7.4675493240356445,
          "acoustic_entropy_side": 7.420050621032715,
          "hz": 8225.96088609342
        },
        {
          "acoustic_entropy": 7.526272296905518,
          "acoustic_entropy_side": 7.420050621032715,
          "hz": 9016.43338188839
        },
        {
          "acoustic_entropy": 7.437834739685059,
          "acoustic_entropy_side": 7.420050621032715,
          "hz": 9876.909183162974
        },
        {
          "acoustic_entropy": 7.462027072906494,
          "acoustic_entropy_side": 7.420050621032715,
          "hz": 10813.587699516042
        },
        {
          "acoustic_entropy": 7.483678817749023,
          "acoustic_entropy_side": 7.420050621032715,
          "hz": 11833.21735289826
        },
        {
          "acoustic_entropy": 7.477628707885742,
          "acoustic_entropy_side": 7.420050621032715,
          "hz": 12943.144197493959
        },
        {
          "acoustic_entropy": 7.526116847991943,
          "acoustic_entropy_side": 7.420050621032715,
          "hz": 14151.364845322005
        },
        {
          "acoustic_entropy": 7.464045524597168,
          "acoustic_entropy_side": 7.420050621032715,
          "hz": 15466.58407886509
        },
        {
          "acoustic_entropy": 7.4219441413879395,
          "acoustic_entropy_side": 7.420050621032715,
          "hz": 16898.27756580493
        },
        {
          "acoustic_entropy": 7.420074939727783,
          "acoustic_entropy_side": 7.420050621032715,
          "hz": 18456.760127700032
        },
        {
          "acoustic_entropy": 7.420050621032715,
          "acoustic_entropy_side": 7.420050621032715,
          "hz": 20153.260054456492
        },
        {
          "acoustic_entropy": 7.420050621032715,
          "acoustic_entropy_side": 7.420050621032715,
          "hz": 22000.00000000001
        }
      ],
      "diff_acoustic_entropy": 5.57380485534668,
      "sn": 12
    },
    {
      "acoustic_entropy": 10.66048812866211,
      "acoustic_entropy_mono": 10.66048812866211,
      "band_eliminated_acoustic_entropies": [
        {
          "acoustic_entropy": 10.641029357910156,
          "acoustic_entropy_side": 10.66048812866211,
          "hz": 129.47220167065723
        },
        {
          "acoustic_entropy": 10.442709922790527,
          "acoustic_entropy_side": 10.66048812866211,
          "hz": 202.92927478742237
        },
        {
          "acoustic_entropy": 10.825934410095215,
          "acoustic_entropy_side": 10.66048812866211,
          "hz": 282.89161906338205
        },
        {
          "acoustic_entropy": 10.778422355651855,
          "acoustic_entropy_side": 10.66048812866211,
          "hz": 369.9353335868758
        },
        {
          "acoustic_entropy": 10.312410354614258,
          "acoustic_entropy_side": 10.66048812866211,
          "hz": 464.6875360973435
        },
        {
          "acoustic_entropy": 10.562198638916016,
          "acoustic_entropy_side": 10.66048812866211,
          "hz": 567.8308811364784
        },
        {
          "acoustic_entropy": 10.469498634338379,
          "acoustic_entropy_side": 10.66048812866211,
          "hz": 680.1084783214808
        },
        {
          "acoustic_entropy": 10.59484577178955,
          "acoustic_entropy_side": 10.66048812866211,
          "hz": 802.3292461747484
        },
        {
          "acoustic_entropy": 10.468168258666992,
          "acoustic_entropy_side": 10.66048812866211,
          "hz": 935.3737400823702
        },
        {
          "acoustic_entropy": 10.62654972076416,
