{
  "acoustic_entropy": 113.08261108398438,
  "bands": [
    {
      "high_freq": 148.1999969482422,
      "loudness": -52.72012710571289,
      "loudness_range": 26.346092224121094,
      "mid_mean": -53.691162109375,
      "mid_to_side_loudness": -10.888728141784668,
      "mid_to_side_loudness_range": 18.05713653564453,
      "side_mean": -61.277748107910156
    },
    {
      "high_freq": 392.3793640136719,
      "loudness": -38.61764907836914,
      "loudness_range": 28.37589454650879,
      "low_freq": 148.1999969482422,
      "mid_mean": -36.074588775634766,
      "mid_to_side_loudness": -8.476066589355469,
      "mid_to_side_loudness_range": 13.366352081298828,
      "side_mean": -45.07929229736328
    },
    {
      "high_freq": 794.6976318359375,
      "loudness": -37.12107467651367,
      "loudness_range": 29.355060577392578,
      "low_freq": 392.3793640136719,
      "mid_mean": -34.22285079956055,
      "mid_to_side_loudness": -10.493607521057129,
      "mid_to_side_loudness_range": 10.492839813232422,
      "side_mean": -50.174766540527344
    },
    {
      "high_freq": 1457.5709228515625,
      "loudness": -43.33080291748047,
      "loudness_range": 28.379199981689453,
      "low_freq": 794.6976318359375,
      "mid_mean": -40.20551681518555,
      "mid_to_side_loudness": -10.999507904052734,
      "mid_to_side_loudness_range": 10.586221694946289,
      "side_mean": -55.1627197265625
    },
    {
      "high_freq": 2549.74365234375,
      "loudness": -45.82810974121094,
      "loudness_range": 33.36138916015625,
      "low_freq": 1457.5709228515625,
      "mid_mean": -42.83835983276367,
      "mid_to_side_loudness": -11.595453262329102,
      "mid_to_side_loudness_range": 8.428239822387695,
      "side_mean": -57.4133415222168
    },
    {
      "high_freq": 4349.24462890625,
      "loudness": -53.837547302246094,
      "loudness_range": 29.03109359741211,
      "low_freq": 2549.74365234375,
      "mid_mean": -54.55682373046875,
      "mid_to_side_loudness": -10.822940826416016,
      "mid_to_side_loudness_range": 6.200733661651611,
      "side_mean": -62.19139862060547
    },
    {
      "high_freq": 7314.1640625,
      "loudness": -66.33282470703125,
      "loudness_range": 24.854488372802734,
      "low_freq": 4349.24462890625,
      "mid_mean": -63.10507583618164,
      "mid_to_side_loudness": -8.047810554504395,
      "mid_to_side_loudness_range": 7.161612033843994,
      "side_mean": -67.29889678955078
    },
    {
      "high_freq": 12199.2666015625,
      "loudness": -73.82432556152344,
      "loudness_range": 11.77337646484375,
      "low_freq": 7314.1640625,
      "mid_mean": -67.8753433227539,
      "mid_to_side_loudness": -3.011929988861084,
      "mid_to_side_loudness_range": 3.858672618865967,
      "side_mean": -68.86283874511719
    },
    {
      "loudness": 0,
      "loudness_range": 0,
      "low_freq": 12199.2666015625,
      "mid_mean": -68.93125915527344,
      "mid_to_side_loudness": -0.15035419166088104,
      "mid_to_side_loudness_range": 0.5951278209686279,
      "side_mean": -68.96800231933594
    }
  ],
  "bands_short": [
    {
      "high_freq": 148.1999969482422,
      "loudness": -55.655303955078125,
      "loudness_range": 26.842910766601562,
      "mid_mean": -56.075748443603516,
      "mid_to_side_loudness": -9.980009078979492,
      "mid_to_side_loudness_range": 21.264272689819336,
      "side_mean": -62.53384780883789
    },
    {
      "high_freq": 392.3793640136719,
      "loudness": -39.970069885253906,
      "loudness_range": 29.108177185058594,
      "low_freq": 148.1999969482422,
      "mid_mean": -37.5157356262207,
      "mid_to_side_loudness": -8.317834854125977,
      "mid_to_side_loudness_range": 16.2534122467041,
      "side_mean": -50.84132766723633
    },
    {
      "high_freq": 794.6976318359375,
      "loudness": -36.735801696777344,
      "loudness_range": 29.07478904724121,
      "low_freq": 392.3793640136719,
      "mid_mean": -34.302040100097656,
      "mid_to_side_loudness": -10.284266471862793,
      "mid_to_side_loudness_range": 13.298726081848145,
      "side_mean": -50.03066635131836
    },
    {
      "high_freq": 1457.5709228515625,
      "loudness": -43.51338195800781,
      "loudness_range": 27.913909912109375,
      "low_freq": 794.6976318359375,
      "mid_mean": -40.60454177856445,
      "mid_to_side_loudness": -10.92634105682373,
      "mid_to_side_loudness_range": 13.147527694702148,
      "side_mean": -55.407474517822266
    },
    {
      "high_freq": 2549.74365234375,
      "loudness": -46.14799118041992,
      "loudness_range": 33.551151275634766,
      "low_freq": 1457.5709228515625,
      "mid_mean": -43.3165283203125,
      "mid_to_side_loudness": -11.49453067779541,
      "mid_to_side_loudness_range": 10.834108352661133,
      "side_mean": -57.646907806396484
    },
    {
      "high_freq": 4349.24462890625,
      "loudness": -53.88664627075195,
      "loudness_range": 29.14049530029297,
      "low_freq": 2549.74365234375,
      "mid_mean": -54.64788055419922,
      "mid_to_side_loudness": -10.747523307800293,
      "mid_to_side_loudness_range": 7.556832313537598,
      "side_mean": -62.202476501464844
    },
    {
      "high_freq": 7314.1640625,
      "loudness": -66.48770141601562,
      "loudness_range": 24.923477172851562,
      "low_freq": 4349.24462890625,
      "mid_mean": -63.16496658325195,
      "mid_to_side_loudness": -7.951738357543945,
      "mid_to_side_loudness_range": 7.384826183319092,
      "side_mean": -67.27403259277344
    },
    {
      "high_freq": 12199.2666015625,
      "loudness": -73.96839141845703,
      "loudness_range": 11.797142028808594,
      "low_freq": 7314.1640625,
      "mid_mean": -67.92081451416016,
      "mid_to_side_loudness": -2.9461755752563477,
      "mid_to_side_loudness_range": 4.374080181121826,
      "side_mean": -68.8752212524414
    },
    {
      "loudness": -75.39570617675781,
      "loudness_range": 2.0053329467773438,
      "low_freq": 12199.2666015625,
      "mid_mean": -68.92546081542969,
      "mid_to_side_loudness": -0.15116164088249207,
      "mid_to_side_loudness_range": 1.4278786182403564,
      "side_mean": -68.96287536621094
    }
  ],
  "bandwidth": 689.9122924804688,
  "channels": 2,
  "covariance": [
    [
      136.83595275878906,
      90.95415496826172,
      61.65894317626953,
      59.996456146240234,
      35.14539337158203,
      111.86441040039062,
      46.91178894042969,
      94.31149291992188,
      53.09603500366211,
      90.94989013671875,
      92.2690200805664,
      53.2880859375,
      47.022396087646484,
      19.81452178955078,
      13.485754013061523,
      6.759171962738037,
      4.884847640991211,
      4.574435234069824
    ],
    [
      90.95415496826172,
      83.70537567138672,
      44.16545867919922,
      44.852237701416016,
      17.960887908935547,
      61.173152923583984,
      30.374723434448242,
      53.56279373168945,
      34.33687973022461,
      54.84033966064453,
      47.230281829833984,
      27.2783260345459,
      22.91284942626953,
      9.431018829345703,
      6.376821041107178,
      3.2911226749420166,
      2.547328472137451,
      2.411576271057129
    ],
    [
      61.65894317626953,
      44.16545867919922,
      99.66230773925781,
      79.22795867919922,
      66.91069793701172,
      65.78094482421875,
      77.34298706054688,
      67.34803771972656,
      88.66107940673828,
      77.4460220336914,
      68.64889526367188,
      52.76719284057617,
      46.16871643066406,
      22.88898468017578,
      12.990989685058594,
      5.7593913078308105,
      1.2992175817489624,
      1.0000758171081543
    ],
    [
      59.996456146240234,
      44.852237701416016,
      79.22795867919922,
      86.86017608642578,
      53.28204345703125,
      62.13234329223633,
      61.09376907348633,
      63.499908447265625,
      71.52275085449219,
      71.879638671875,
      62.651268005371094,
      47.85089111328125,
      40.14788055419922,
      20.44278335571289,
      11.86530876159668,
      5.429640769958496,
      1.5381906032562256,
      1.23563551902771
    ],
    [
      35.14539337158203,
      17.960887908935547,
      66.91069793701172,
      53.28204345703125,
      93.9012451171875,
      83.74668884277344,
      79.27052307128906,
      64.66995239257812,
      87.87550354003906,
      72.72380065917969,
      75.08892059326172,
      56.51570129394531,
      50.68260192871094,
      25.32115364074707,
      15.145339012145996,
      6.667627811431885,
      1.4311156272888184,
      1.092633843421936
    ],
    [
      111.86441040039062,
      61.173152923583984,
      65.78094482421875,
      62.13234329223633,
      83.74668884277344,
      169.76983642578125,
      75.15885925292969,
      129.36888122558594,
      85.5853500366211,
      122.46173858642578,
      137.69683837890625,
      83.72362518310547,
      73.50464630126953,
      32.64488220214844,
      21.754276275634766,
      10.507908821105957,
      6.2465362548828125,
      5.8292460441589355
    ],
    [
      46.91178894042969,
      30.374723434448242,
      77.34298706054688,
      61.09376907348633,
      79.27052307128906,
      75.15885925292969,
      85.3205795288086,
      70.65054321289062,
      93.98540496826172,
      79.95979309082031,
      75.00910949707031,
      57.58845138549805,
      50.71833038330078,
      25.680246353149414,
      15.100809097290039,
      6.760087490081787,
      1.5103281736373901,
      1.1356672048568726
    ],
    [
      94.31149291992188,
      53.56279373168945,
      67.34803771972656,
      63.499908447265625,
      64.66995239257812,
      129.36888122558594,
      70.65054321289062,
      110.78499603271484,
      80.98741149902344,
      105.47975158691406,
      112.46894836425781,
      71.06880950927734,
      61.82307434082031,
      28.285247802734375,
      18.439289093017578,
      8.925158500671387,
      5.018631458282471,
      4.615155220031738
    ],
    [
      53.09603500366211,
      34.33687973022461,
      88.66107940673828,
      71.52275085449219,
      87.87550354003906,
      85.5853500366211,
      93.98540496826172,
      80.98741149902344,
      115.8553237915039,
      98.56941223144531,
      89.92655181884766,
      69.63924407958984,
      61.412845611572266,
      32.01289749145508,
      19.048734664916992,
      8.707908630371094,
      2.0190489292144775,
      1.5114442110061646
    ],
    [
      90.94989013671875,
      54.84033966064453,
      77.4460220336914,
      71.879638671875,
      72.72380065917969,
      122.46173858642578,
      79.95979309082031,
      105.47975158691406,
      98.56941223144531,
      112.06642150878906,
      111.7848129272461,
      74.43994903564453,
      65.05288696289062,
      31.607547760009766,
      20.314966201782227,
      9.828926086425781,
      4.784901142120361,
      4.298462867736816
    ],
    [
      92.2690200805664,
      47.230281829833984,
      68.64889526367188,
      62.651268005371094,
      75.08892059326172,
      137.69683837890625,
      75.00910949707031,
      112.46894836425781,
      89.92655181884766,
      111.7848129272461,
      129.38153076171875,
      83.45652770996094,
      72.41558837890625,
      34.05018615722656,
      21.904441833496094,
      10.513007164001465,
      5.317584037780762,
      4.876192092895508
    ],
    [
      53.2880859375,
      27.2783260345459,
      52.76719284057617,
      47.85089111328125,
      56.51570129394531,
      83.72362518310547,
      57.58845138549805,
      71.06880950927734,
      69.63924407958984,
      74.43994903564453,
      83.45652770996094,
      58.12382125854492,
      49.86774444580078,
      24.94493865966797,
      15.646696090698242,
      7.454494953155518,
      3.1107144355773926,
      2.7803728580474854
    ],
    [
      47.022396087646484,
      22.91284942626953,
      46.16871643066406,
      40.14788055419922,
      50.68260192871094,
      73.50464630126953,
      50.71833038330078,
      61.82307434082031,
      61.412845611572266,
      65.05288696289062,
      72.41558837890625,
      49.86774444580078,
      44.69253921508789,
      22.303808212280273,
      14.053444862365723,
      6.679337024688721,
      2.7769806385040283,
      2.4676432609558105
    ],
    [
      19.81452178955078,
      9.431018829345703,
      22.88898468017578,
      20.44278335571289,
      25.32115364074707,
      32.64488220214844,
      25.680246353149414,
      28.285247802734375,
      32.01289749145508,
      31.607547760009766,
      34.05018615722656,
      24.94493865966797,
      22.303808212280273,
      12.190946578979492,
      7.620696067810059,
      3.709843635559082,
      1.3288553953170776,
      1.1453187465667725
    ],
    [
      13.485754013061523,
      6.376821041107178,
      12.990989685058594,
      11.86530876159668,
      15.145339012145996,
      21.754276275634766,
      15.100809097290039,
      18.439289093017578,
      19.048734664916992,
      20.314966201782227,
      21.904441833496094,
      15.646696090698242,
      14.053444862365723,
      7.620696067810059,
      5.015225887298584,
      2.4545037746429443,
      0.954599916934967,
      0.8281779289245605
    ],
    [
      6.759171962738037,
      3.2911226749420166,
      5.7593913078308105,
      5.429640769958496,
      6.667627811431885,
      10.507908821105957,
      6.760087490081787,
      8.925158500671387,
      8.707908630371094,
      9.828926086425781,
      10.513007164001465,
      7.454494953155518,
      6.679337024688721,
      3.709843635559082,
      2.4545037746429443,
      1.2366420030593872,
      0.5018550753593445,
      0.43756431341171265
    ],
    [
      4.884847640991211,
      2.547328472137451,
      1.2992175817489624,
      1.5381906032562256,
      1.4311156272888184,
      6.2465362548828125,
      1.5103281736373901,
      5.018631458282471,
      2.0190489292144775,
      4.784901142120361,
      5.317584037780762,
      3.1107144355773926,
      2.7769806385040283,
      1.3288553953170776,
      0.954599916934967,
      0.5018550753593445,
      0.338085800409317,
      0.31167465448379517
    ],
    [
      4.574435234069824,
      2.411576271057129,
      1.0000758171081543,
      1.23563551902771,
      1.092633843421936,
      5.8292460441589355,
      1.1356672048568726,
      4.615155220031738,
      1.5114442110061646,
      4.298462867736816,
      4.876192092895508,
      2.7803728580474854,
      2.4676432609558105,
      1.1453187465667725,
      0.8281779289245605,
      0.43756431341171265,
      0.31167465448379517,
      0.29151830077171326
    ]
  ],
  "covariance_short": [
    [
      112.94573211669922,
      72.48601531982422,
      57.97653579711914,
      106.68864440917969,
      32.71250915527344,
      96.7002182006836,
      40.96247100830078,
      78.92194366455078,
      48.35566711425781,
      77.73934936523438,
      78.926513671875,
      45.823421478271484,
      39.1994514465332,
      16.982440948486328,
      11.206512451171875,
      5.744939804077148,
      4.155759811401367,
      3.882855176925659
    ],
    [
      72.48601531982422,
      75.34749603271484,
      41.750789642333984,
      67.54753112792969,
      14.820088386535645,
      51.94091033935547,
      25.030588150024414,
      43.677284240722656,
      30.50994300842285,
      46.398948669433594,
      39.286434173583984,
      22.868253707885742,
      17.739713668823242,
      7.509823322296143,
      4.881739616394043,
      2.657822370529175,
      2.126121997833252,
      2.0304629802703857
    ],
    [
      57.97653579711914,
      41.750789642333984,
      105.42378234863281,
      80.05474853515625,
      65.40030670166016,
      61.6929931640625,
      73.97894287109375,
      64.65640258789062,
      85.10140228271484,
      73.1177749633789,
      63.61360168457031,
      47.978721618652344,
      41.619232177734375,
      20.457014083862305,
      10.991704940795898,
      4.920341968536377,
      1.2571160793304443,
      0.9566277265548706
    ],
    [
      106.68864440917969,
      67.54753112792969,
      80.05474853515625,
      160.94039916992188,
      52.37761688232422,
      138.17587280273438,
      58.54657745361328,
      115.21770477294922,
      68.77469635009766,
      111.33470916748047,
      116.88294219970703,
      71.27315521240234,
      59.990936279296875,
      27.048152923583984,
      17.442283630371094,
      8.79299259185791,
      5.982238292694092,
      5.571595191955566
    ],
    [
      32.71250915527344,
      14.820088386535645,
      65.40030670166016,
      52.37761688232422,
      102.65885162353516,
      84.86856842041016,
      82.44625091552734,
      67.85819244384766,
      91.42657470703125,
      75.1546630859375,
      78.53588104248047,
      59.13514709472656,
      52.449188232421875,
      26.410587310791016,
      14.88110637664795,
      6.601227283477783,
      1.430047631263733,
      1.0893789529800415
    ],
    [
      96.7002182006836,
      51.94091033935547,
      61.6929931640625,
      138.17587280273438,
      84.86856842041016,
      172.94354248046875,
      74.52101135253906,
      128.7015380859375,
      85.05381774902344,
      120.64322662353516,
      136.79884338378906,
      83.45722961425781,
      72.64775085449219,
      32.821163177490234,
      20.7994384765625,
      10.188515663146973,
      6.1900858879089355,
      5.777764797210693
    ],
    [
      40.96247100830078,
      25.030588150024414,
      73.97894287109375,
      58.54657745361328,
      82.44625091552734,
      74.52101135253906,
      89.96524810791016,
      71.4902572631836,
      94.66304016113281,
      79.47748565673828,
      76.98998260498047,
      58.835575103759766,
      51.08903503417969,
      26.07274055480957,
      14.518074035644531,
      6.579972267150879,
      1.4978055953979492,
      1.1322311162948608
    ],
    [
      78.92194366455078,
      43.677284240722656,
      64.65640258789062,
      115.21770477294922,
      67.85819244384766,
      128.7015380859375,
      71.4902572631836,
      111.74445343017578,
      81.8877944946289,
      103.42367553710938,
      112.40100860595703,
      71.77420043945312,
      61.58774948120117,
      28.6030330657959,
      17.821077346801758,
      8.695388793945312,
      4.892326831817627,
      4.4907755851745605
    ],
    [
      48.35566711425781,
      30.50994300842285,
      85.10140228271484,
      68.77469635009766,
      91.42657470703125,
      85.05381774902344,
      94.66304016113281,
      81.8877944946289,
      119.39889526367188,
      98.0943374633789,
      92.65213012695312,
      71.49014282226562,
      61.75574493408203,
      32.3074836730957,
      18.384723663330078,
      8.50168228149414,
      2.0348129272460938,
      1.51674222946167
    ],
    [
      77.73934936523438,
      46.398948669433594,
      73.1177749633789,
      111.33470916748047,
      75.1546630859375,
      120.64322662353516,
      79.47748565673828,
      103.42367553710938,
      98.0943374633789,
      110.74717712402344,
      111.2420883178711,
      74.7884521484375,
      63.98237609863281,
      31.43739891052246,
      19.29507827758789,
      9.439090728759766,
      4.664877414703369,
      4.178817272186279
    ],
    [
      78.926513671875,
      39.286434173583984,
      63.61360168457031,
      116.88294219970703,
      78.53588104248047,
      136.79884338378906,
      76.98998260498047,
      112.40100860595703,
      92.65213012695312,
      111.2420883178711,
      131.41094970703125,
      84.82537078857422,
      73.18143463134766,
      34.97021484375,
      21.744434356689453,
      10.541398048400879,
      5.332316875457764,
      4.863168239593506
    ],
    [
      45.823421478271484,
      22.868253707885742,
      47.978721618652344,
      71.27315521240234,
      59.13514709472656,
      83.45722961425781,
      58.835575103759766,
      71.77420043945312,
      71.49014282226562,
      74.7884521484375,
      84.82537078857422,
      60.078285217285156,
      50.5701789855957,
      25.670717239379883,
      15.51475715637207,
      7.482784271240234,
      3.1551132202148438,
      2.8053581714630127
    ],
    [
      39.1994514465332,
      17.739713668823242,
      41.619232177734375,
      59.990936279296875,
      52.449188232421875,
      72.64775085449219,
      51.08903503417969,
      61.58774948120117,
      61.75574493408203,
      63.98237609863281,
      73.18143463134766,
      50.5701789855957,
      46.1667594909668,
      23.323383331298828,
      13.996970176696777,
      6.681363582611084,
      2.7595937252044678,
      2.4429869651794434
    ],
    [
      16.982440948486328,
      7.509823322296143,
      20.457014083862305,
      27.048152923583984,
      26.410587310791016,
      32.821163177490234,
      26.07274055480957,
      28.6030330657959,
      32.3074836730957,
      31.43739891052246,
      34.97021484375,
      25.670717239379883,
      23.323383331298828,
      12.984130859375,
      7.616903305053711,
      3.7426276206970215,
      1.3363770246505737,
      1.1518563032150269
    ],
    [
      11.206512451171875,
      4.881739616394043,
      10.991704940795898,
      17.442283630371094,
      14.88110637664795,
      20.7994384765625,
      14.518074035644531,
      17.821077346801758,
      18.384723663330078,
      19.29507827758789,
      21.744434356689453,
      15.51475715637207,
      13.996970176696777,
      7.616903305053711,
      5.13285493850708,
      2.525620222091675,
      0.9428158402442932,
      0.8105164170265198
    ],
    [
      5.744939804077148,
      2.657822370529175,
      4.920341968536377,
      8.79299259185791,
      6.601227283477783,
      10.188515663146973,
      6.579972267150879,
      8.695388793945312,
      8.50168228149414,
      9.439090728759766,
      10.541398048400879,
      7.482784271240234,
      6.681363582611084,
      3.7426276206970215,
      2.525620222091675,
      1.3032292127609253,
      0.500228226184845,
      0.43476930260658264
    ],
    [
      4.155759811401367,
      2.126121997833252,
      1.2571160793304443,
      5.982238292694092,
      1.430047631263733,
      6.1900858879089355,
      1.4978055953979492,
      4.892326831817627,
      2.0348129272460938,
      4.664877414703369,
      5.332316875457764,
      3.1551132202148438,
      2.7595937252044678,
      1.3363770246505737,
      0.9428158402442932,
      0.500228226184845,
      0.34551161527633667,
      0.31221505999565125
    ],
    [
      3.882855176925659,
      2.0304629802703857,
      0.9566277265548706,
      5.571595191955566,
      1.0893789529800415,
      5.777764797210693,
      1.1322311162948608,
      4.4907755851745605,
      1.51674222946167,
      4.178817272186279,
      4.863168239593506,
      2.8053581714630127,
      2.4429869651794434,
      1.1518563032150269,
      0.8105164170265198,
      0.43476930260658264,
      0.31221505999565125,
      0.29627150297164917
    ]
  ],
  "damage": -17.26263999938965,
  "diff_bandwidth": 722.839599609375,
  "dissonance": 3.8350219632287494,
  "drr": 6.242012977600098,
  "dynamics": 7.194928169250488,
  "format": 1245190,
  "frames": 2409408,
  "loudness": -27.14784812927246,
  "loudness_range": 26.61054229736328,
  "loudness_range_short": 27.302677154541016,
  "lowpass_true_peak_15khz": -3.811652660369873,
  "mastering3_acoustic_entropies": [
    {
      "acoustic_entropy": 5.340799331665039,
      "acoustic_entropy_mono": 5.72521448135376,
      "band_eliminated_acoustic_entropies": [
        {
          "acoustic_entropy": 5.340959072113037,
          "acoustic_entropy_side": 5.3410115242004395,
          "hz": 129.47220167065723
        },
        {
          "acoustic_entropy": 5.4584221839904785,
          "acoustic_entropy_side": 5.361649513244629,
          "hz": 202.92927478742237
        },
        {
          "acoustic_entropy": 5.275889873504639,
          "acoustic_entropy_side": 5.425558567047119,
          "hz": 282.89161906338205
        },
        {
          "acoustic_entropy": 5.675835609436035,
          "acoustic_entropy_side": 5.541616916656494,
          "hz": 369.9353335868758
        },
        {
          "acoustic_entropy": 6.141996383666992,
          "acoustic_entropy_side": 5.392735481262207,
          "hz": 464.6875360973435
        },
        {
          "acoustic_entropy": 5.715011119842529,
          "acoustic_entropy_side": 5.355250835418701,
          "hz": 567.8308811364784
        },
        {
          "acoustic_entropy": 5.845998287200928,
          "acoustic_entropy_side": 5.529686450958252,
          "hz": 680.1084783214808
        },
        {
          "acoustic_entropy": 5.161535739898682,
          "acoustic_entropy_side": 5.54752254486084,
          "hz": 802.3292461747484
        },
        {
          "acoustic_entropy": 6.047243595123291,
          "acoustic_entropy_side": 5.3453688621521,
          "hz": 935.3737400823702
        },
        {
          "acoustic_entropy": 5.359550476074219,
          "acoustic_entropy_side": 5.370175838470459,
          "hz": 1080.2004963696966
        },
        {
          "acoustic_entropy": 5.352939605712891,
          "acoustic_entropy_side": 5.345426559448242,
          "hz": 1237.8529382007157
        },
        {
          "acoustic_entropy": 5.712966442108154,
          "acoustic_entropy_side": 5.37147331237793,
          "hz": 1409.4668930556702
        },
        {
          "acoustic_entropy": 5.324220657348633,
          "acoustic_entropy_side": 5.347156524658203,
          "hz": 1596.2787759475705
        },
        {
          "acoustic_entropy": 5.501110553741455,
          "acoustic_entropy_side": 5.275396347045898,
          "hz": 1799.6344973346393
        },
        {
          "acoustic_entropy": 5.378283500671387,
          "acoustic_entropy_side": 5.308638095855713,
          "hz": 2020.9991599069049
        },
        {
          "acoustic_entropy": 5.426351070404053,
          "acoustic_entropy_side": 5.327225685119629,
          "hz": 2261.9676141086993
        },
        {
          "acoustic_entropy": 5.344964504241943,
          "acoustic_entropy_side": 5.3368353843688965,
          "hz": 2524.2759484456974
        },
        {
          "acoustic_entropy": 5.419837951660156,
          "acoustic_entropy_side": 5.338779926300049,
          "hz": 2809.813997359896
        },
        {
          "acoustic_entropy": 5.298362731933594,
          "acoustic_entropy_side": 5.3375020027160645,
          "hz": 3120.6389567871424
        },
        {
          "acoustic_entropy": 5.299298286437988,
          "acoustic_entropy_side": 5.339005947113037,
          "hz": 3458.990205492291
        },
        {
          "acoustic_entropy": 5.297923564910889,
          "acoustic_entropy_side": 5.339906692504883,
          "hz": 3827.305438964164
        },
        {
          "acoustic_entropy": 5.2985944747924805,
          "acoustic_entropy_side": 5.3402509689331055,
          "hz": 4228.238232109126
        },
        {
          "acoustic_entropy": 5.328079700469971,
          "acoustic_entropy_side": 5.341522216796875,
          "hz": 4664.6771572759235
        },
        {
          "acoustic_entropy": 5.333690643310547,
          "acoustic_entropy_side": 5.340717315673828,
          "hz": 5139.766595350093
        },
        {
          "acoustic_entropy": 5.339078903198242,
          "acoustic_entropy_side": 5.3407769203186035,
          "hz": 5656.929389854203
        },
        {
          "acoustic_entropy": 5.340084075927734,
          "acoustic_entropy_side": 5.3407883644104,
          "hz": 6219.891507268283
        },
        {
          "acoustic_entropy": 5.340590476989746,
          "acoustic_entropy_side": 5.34079647064209,
          "hz": 6832.70888123896
        },
        {
          "acoustic_entropy": 5.340747356414795,
          "acoustic_entropy_side": 5.340798377990723,
          "hz": 7499.796634079867
        },
        {
          "acoustic_entropy": 5.340793609619141,
          "acoustic_entropy_side": 5.340799808502197,
          "hz": 8225.96088609342
        },
        {
          "acoustic_entropy": 5.340794086456299,
          "acoustic_entropy_side": 5.340799808502197,
          "hz": 9016.43338188839
        },
        {
          "acoustic_entropy": 5.340797424316406,
          "acoustic_entropy_side": 5.340799808502197,
          "hz": 9876.909183162974
        },
        {
          "acoustic_entropy": 5.340799331665039,
          "acoustic_entropy_side": 5.340799808502197,
          "hz": 10813.587699516042
        },
        {
          "acoustic_entropy": 5.340799808502197,
          "acoustic_entropy_side": 5.340799331665039,
          "hz": 11833.21735289826
        },
        {
          "acoustic_entropy": 5.340799808502197,
          "acoustic_entropy_side": 5.340799331665039,
          "hz": 12943.144197493959
        },
        {
          "acoustic_entropy": 5.340799331665039,
          "acoustic_entropy_side": 5.340799331665039,
          "hz": 14151.364845322005
        },
        {
          "acoustic_entropy": 5.340799331665039,
          "acoustic_entropy_side": 5.340799331665039,
          "hz": 15466.58407886509
        },
        {
          "acoustic_entropy": 5.340799331665039,
          "acoustic_entropy_side": 5.340799331665039,
          "hz": 16898.27756580493
        },
        {
          "acoustic_entropy": 5.340799331665039,
          "acoustic_entropy_side": 5.340799331665039,
          "hz": 18456.760127700032
        },
        {
          "acoustic_entropy": 5.340799331665039,
          "acoustic_entropy_side": 5.340799331665039,
          "hz": 20153.260054456492
        },
        {
          "acoustic_entropy": 5.340799331665039,
          "acoustic_entropy_side": 5.340799331665039,
          "hz": 22000.00000000001
        }
      ],
      "diff_acoustic_entropy": 1.581061601638794,
      "sn": 6
    },
    {
      "acoustic_entropy": 8.02896499633789,
      "acoustic_entropy_mono": 8.322893142700195,
      "band_eliminated_acoustic_entropies": [
        {
          "acoustic_entropy": 8.070280075073242,
          "acoustic_entropy_side": 8.040945053100586,
          "hz": 129.47220167065723
        },
        {
          "acoustic_entropy": 8.216468811035156,
          "acoustic_entropy_side": 8.044387817382812,
          "hz": 202.92927478742237
        },
        {
          "acoustic_entropy": 8.553150177001953,
          "acoustic_entropy_side": 8.150609016418457,
          "hz": 282.89161906338205
        },
        {
          "acoustic_entropy": 7.875034332275391,
          "acoustic_entropy_side": 8.202335357666016,
          "hz": 369.9353335868758
        },
        {
          "acoustic_entropy": 8.707411766052246,
          "acoustic_entropy_side": 8.017627716064453,
          "hz": 464.6875360973435
        },
        {
          "acoustic_entropy": 8.50780963897705,
          "acoustic_entropy_side": 7.978567123413086,
          "hz": 567.8308811364784
        },
        {
          "acoustic_entropy": 8.12912654876709,
          "acoustic_entropy_side": 8.081832885742188,
          "hz": 680.1084783214808
        },
        {
          "acoustic_entropy": 7.702695369720459,
          "acoustic_entropy_side": 7.993625164031982,
          "hz": 802.3292461747484
        },
        {
          "acoustic_entropy": 7.780468463897705,
          "acoustic_entropy_side": 7.822652339935303,
          "hz": 935.3737400823702
        },
        {
          "acoustic_entropy": 8.443451881408691,
          "acoustic_entropy_side": 8.095962524414062,
          "hz": 1080.2004963696966
        },
        {
          "acoustic_entropy": 8.049729347229004,
          "acoustic_entropy_side": 8.04378890991211,
          "hz": 1237.8529382007157
        },
        {
          "acoustic_entropy": 7.998682498931885,
          "acoustic_entropy_side": 7.885416030883789,
          "hz": 1409.4668930556702
        },
        {
          "acoustic_entropy": 7.927864074707031,
          "acoustic_entropy_side": 7.999142646789551,
          "hz": 1596.2787759475705
        },
        {
          "acoustic_entropy": 7.6879730224609375,
          "acoustic_entropy_side": 7.640695095062256,
          "hz": 1799.6344973346393
        },
        {
          "acoustic_entropy": 7.689055442810059,
          "acoustic_entropy_side": 7.917036056518555,
          "hz": 2020.9991599069049
        },
        {
          "acoustic_entropy": 7.736466407775879,
          "acoustic_entropy_side": 8.0201997756958,
          "hz": 2261.9676141086993
        },
        {
          "acoustic_entropy": 7.99819278717041,
          "acoustic_entropy_side": 8.014789581298828,
          "hz": 2524.2759484456974
        },
        {
          "acoustic_entropy": 7.88859748840332,
          "acoustic_entropy_side": 8.008968353271484,
          "hz": 2809.813997359896
        },
        {
          "acoustic_entropy": 7.945038795471191,
          "acoustic_entropy_side": 8.044050216674805,
          "hz": 3120.6389567871424
        },
        {
          "acoustic_entropy": 8.219408988952637,
          "acoustic_entropy_side": 8.035242080688477,
          "hz": 3458.990205492291
        },
        {
          "acoustic_entropy": 7.990037441253662,
          "acoustic_entropy_side": 8.031798362731934,
          "hz": 3827.305438964164
        },
        {
          "acoustic_entropy": 8.084687232971191,
          "acoustic_entropy_side": 8.033263206481934,
          "hz": 4228.238232109126
        },
        {
          "acoustic_entropy": 8.016173362731934,
          "acoustic_entropy_side": 8.027791023254395,
          "hz": 4664.6771572759235
        },
        {
          "acoustic_entropy": 8.045158386230469,
          "acoustic_entropy_side": 8.029272079467773,
          "hz": 5139.766595350093
        },
        {
          "acoustic_entropy": 8.034345626831055,
          "acoustic_entropy_side": 8.029060363769531,
          "hz": 5656.929389854203
        },
        {
          "acoustic_entropy": 8.032730102539062,
          "acoustic_entropy_side": 8.029030799865723,
          "hz": 6219.891507268283
        },
        {
          "acoustic_entropy": 8.030523300170898,
          "acoustic_entropy_side": 8.028993606567383,
          "hz": 6832.70888123896
        },
        {
          "acoustic_entropy": 8.029223442077637,
          "acoustic_entropy_side": 8.028970718383789,
          "hz": 7499.796634079867
        },
        {
          "acoustic_entropy": 8.029083251953125,
          "acoustic_entropy_side": 8.028968811035156,
          "hz": 8225.96088609342
        },
        {
          "acoustic_entropy": 8.029026985168457,
          "acoustic_entropy_side": 8.028968811035156,
          "hz": 9016.43338188839
        },
        {
          "acoustic_entropy": 8.028980255126953,
          "acoustic_entropy_side": 8.028965950012207,
          "hz": 9876.909183162974
        },
        {
          "acoustic_entropy": 8.028971672058105,
          "acoustic_entropy_side": 8.02896499633789,
          "hz": 10813.587699516042
        },
        {
          "acoustic_entropy": 8.028968811035156,
          "acoustic_entropy_side": 8.02896499633789,
          "hz": 11833.21735289826
        },
        {
          "acoustic_entropy": 8.02896499633789,
          "acoustic_entropy_side": 8.02896499633789,
          "hz": 12943.144197493959
        },
        {
          "acoustic_entropy": 8.02896499633789,
          "acoustic_entropy_side": 8.02896499633789,
          "hz": 14151.364845322005
        },
        {
          "acoustic_entropy": 8.028964042663574,
          "acoustic_entropy_side": 8.028964042663574,
          "hz": 15466.58407886509
        },
        {
          "acoustic_entropy": 8.028964042663574,
          "acoustic_entropy_side": 8.028964042663574,
          "hz": 16898.27756580493
        },
        {
          "acoustic_entropy": 8.028964042663574,
          "acoustic_entropy_side": 8.028964042663574,
          "hz": 18456.760127700032
        },
        {
          "acoustic_entropy": 8.028964042663574,
          "acoustic_entropy_side": 8.028964042663574,
          "hz": 20153.260054456492
        },
        {
          "acoustic_entropy": 8.028964042663574,
          "acoustic_entropy_side": 8.028964042663574,
          "hz": 22000.00000000001
        }
      ],
      "diff_acoustic_entropy": 3.1332852840423584,
      "sn": 12
    },
    {
      "acoustic_entropy": 14.505362510681152,
      "acoustic_entropy_mono": 12.201725959777832,
      "band_eliminated_acoustic_entropies": [
        {
          "acoustic_entropy": 14.2810697555542,
          "acoustic_entropy_side": 14.261557579040527,
          "hz": 129.47220167065723
        },
        {
          "acoustic_entropy": 14.404343605041504,
          "acoustic_entropy_side": 14.357468605041504,
          "hz": 202.92927478742237
        },
        {
          "acoustic_entropy": 14.932234764099121,
          "acoustic_entropy_side": 14.278275489807129,
          "hz": 282.89161906338205
        },
        {
          "acoustic_entropy": 13.11709213256836,
          "acoustic_entropy_side": 14.477521896362305,
          "hz": 369.9353335868758
        },
        {
          "acoustic_entropy": 14.312156677246094,
          "acoustic_entropy_side": 14.156057357788086,
          "hz": 464.6875360973435
        },
        {
          "acoustic_entropy": 13.885293960571289,
          "acoustic_entropy_side": 14.651018142700195,
          "hz": 567.8308811364784
        },
        {
          "acoustic_entropy": 13.81259822845459,
          "acoustic_entropy_side": 14.275023460388184,
          "hz": 680.1084783214808
        },
        {
          "acoustic_entropy": 13.43874454498291,
          "acoustic_entropy_side": 13.901473045349121,
          "hz": 802.3292461747484
        },
        {
          "acoustic_entropy": 14.180726051330566,
          "acoustic_entropy_side": 15.018730163574219,
          "hz": 935.3737400823702
        },
        {
          "acoustic_entropy": 13.65506649017334,
          "acoustic_entropy_side": 13.793251037597656,
          "hz": 1080.2004963696966
        },
        {
          "acoustic_entropy": 14.370315551757812,
          "acoustic_entropy_side": 14.311227798461914,
          "hz": 1237.8529382007157
        },
        {
          "acoustic_entropy": 14.23049259185791,
          "acoustic_entropy_side": 14.41055965423584,
          "hz": 1409.4668930556702
        },
        {
          "acoustic_entropy": 14.430522918701172,
          "acoustic_entropy_side": 14.505300521850586,
          "hz": 1596.2787759475705
        },
        {
          "acoustic_entropy": 13.764993667602539,
          "acoustic_entropy_side": 14.39975643157959,
          "hz": 1799.6344973346393
        },
        {
          "acoustic_entropy": 14.66488265991211,
          "acoustic_entropy_side": 14.657560348510742,
          "hz": 2020.9991599069049
        },
        {
          "acoustic_entropy": 14.273016929626465,
          "acoustic_entropy_side": 14.601432800292969,
          "hz": 2261.9676141086993
        },
        {
          "acoustic_entropy": 14.584875106811523,
          "acoustic_entropy_side": 14.491875648498535,
          "hz": 2524.2759484456974
        },
        {
          "acoustic_entropy": 14.311929702758789,
          "acoustic_entropy_side": 14.255640983581543,
          "hz": 2809.813997359896
        },
        {
          "acoustic_entropy": 14.60134220123291,
          "acoustic_entropy_side": 14.412715911865234,
          "hz": 3120.6389567871424
        },
        {
          "acoustic_entropy": 14.282032012939453,
          "acoustic_entropy_side": 14.573577880859375,
          "hz": 3458.990205492291
