{
  "acoustic_entropy": 154.9833526611328,
  "bands": [
    {
      "high_freq": 148.1999969482422,
      "loudness": -47.29998016357422,
      "loudness_range": 21.6778564453125,
      "mid_mean": -44.27803039550781,
      "mid_to_side_loudness": -8.507110595703125,
      "mid_to_side_loudness_range": 9.95332145690918,
      "side_mean": -53.12432098388672
    },
    {
      "high_freq": 392.3793640136719,
      "loudness": -37.1574821472168,
      "loudness_range": 16.25676918029785,
      "low_freq": 148.1999969482422,
      "mid_mean": -34.878597259521484,
      "mid_to_side_loudness": -4.61893367767334,
      "mid_to_side_loudness_range": 7.5967631340026855,
      "side_mean": -39.55281066894531
    },
    {
      "high_freq": 794.6976318359375,
      "loudness": -34.64404296875,
      "loudness_range": 17.785226821899414,
      "low_freq": 392.3793640136719,
      "mid_mean": -32.26875305175781,
      "mid_to_side_loudness": -4.806554794311523,
      "mid_to_side_loudness_range": 6.284933090209961,
      "side_mean": -37.19105911254883
    },
    {
      "high_freq": 1457.5709228515625,
      "loudness": -38.423030853271484,
      "loudness_range": 22.204792022705078,
      "low_freq": 794.6976318359375,
      "mid_mean": -38.429195404052734,
      "mid_to_side_loudness": 0.5417799949645996,
      "mid_to_side_loudness_range": 7.028683662414551,
      "side_mean": -37.537513732910156
    },
    {
      "high_freq": 2549.74365234375,
      "loudness": -42.21808624267578,
      "loudness_range": 23.144798278808594,
      "low_freq": 1457.5709228515625,
      "mid_mean": -42.77281188964844,
      "mid_to_side_loudness": 1.3846805095672607,
      "mid_to_side_loudness_range": 7.049795150756836,
      "side_mean": -41.20219039916992
    },
    {
      "high_freq": 4349.24462890625,
      "loudness": -49.81262969970703,
      "loudness_range": 24.123767852783203,
      "low_freq": 2549.74365234375,
      "mid_mean": -51.21443176269531,
      "mid_to_side_loudness": -0.19242379069328308,
      "mid_to_side_loudness_range": 5.339526176452637,
      "side_mean": -51.32920837402344
    },
    {
      "high_freq": 7314.1640625,
      "loudness": -61.81150436401367,
      "loudness_range": 25.237682342529297,
      "low_freq": 4349.24462890625,
      "mid_mean": -61.49317932128906,
      "mid_to_side_loudness": -0.6760770678520203,
      "mid_to_side_loudness_range": 4.129291534423828,
      "side_mean": -61.998104095458984
    },
    {
      "high_freq": 12199.2666015625,
      "loudness": -72.34254455566406,
      "loudness_range": 21.69371795654297,
      "low_freq": 7314.1640625,
      "mid_mean": -68.01512145996094,
      "mid_to_side_loudness": -0.007223697379231453,
      "mid_to_side_loudness_range": 2.8722622394561768,
      "side_mean": -67.95285034179688
    },
    {
      "loudness": 0,
      "loudness_range": 0,
      "low_freq": 12199.2666015625,
      "mid_mean": -69.8740234375,
      "mid_to_side_loudness": -0.8572461009025574,
      "mid_to_side_loudness_range": 0.9365243315696716,
      "side_mean": -69.89205169677734
    }
  ],
  "bands_short": [
    {
      "high_freq": 148.1999969482422,
      "loudness": -52.46526336669922,
      "loudness_range": 25.503738403320312,
      "mid_mean": -49.44358825683594,
      "mid_to_side_loudness": -11.4119291305542,
      "mid_to_side_loudness_range": 18.60284423828125,
      "side_mean": -60.07575607299805
    },
    {
      "high_freq": 392.3793640136719,
      "loudness": -37.92607116699219,
      "loudness_range": 18.699216842651367,
      "low_freq": 148.1999969482422,
      "mid_mean": -35.90936279296875,
      "mid_to_side_loudness": -4.264781475067139,
      "mid_to_side_loudness_range": 10.972193717956543,
      "side_mean": -40.22062301635742
    },
    {
      "high_freq": 794.6976318359375,
      "loudness": -35.96659851074219,
      "loudness_range": 18.600032806396484,
      "low_freq": 392.3793640136719,
      "mid_mean": -33.842105865478516,
      "mid_to_side_loudness": -4.358005523681641,
      "mid_to_side_loudness_range": 10.336498260498047,
      "side_mean": -38.44192886352539
    },
    {
      "high_freq": 1457.5709228515625,
      "loudness": -38.49262619018555,
      "loudness_range": 25.328815460205078,
      "low_freq": 794.6976318359375,
      "mid_mean": -38.24193572998047,
      "mid_to_side_loudness": -0.0648307353258133,
      "mid_to_side_loudness_range": 9.818968772888184,
      "side_mean": -38.20573806762695
    },
    {
      "high_freq": 2549.74365234375,
      "loudness": -43.55168914794922,
      "loudness_range": 25.518712997436523,
      "low_freq": 1457.5709228515625,
      "mid_mean": -44.08416748046875,
      "mid_to_side_loudness": 0.9787098169326782,
      "mid_to_side_loudness_range": 9.428763389587402,
      "side_mean": -42.90913391113281
    },
    {
      "high_freq": 4349.24462890625,
      "loudness": -51.218746185302734,
      "loudness_range": 27.790679931640625,
      "low_freq": 2549.74365234375,
      "mid_mean": -52.753456115722656,
      "mid_to_side_loudness": -0.016773007810115814,
      "mid_to_side_loudness_range": 7.875222206115723,
      "side_mean": -52.730323791503906
    },
    {
      "high_freq": 7314.1640625,
      "loudness": -62.42849349975586,
      "loudness_range": 26.99917984008789,
      "low_freq": 4349.24462890625,
      "mid_mean": -62.518951416015625,
      "mid_to_side_loudness": -0.613392174243927,
      "mid_to_side_loudness_range": 6.442290306091309,
      "side_mean": -62.918067932128906
    },
    {
      "high_freq": 12199.2666015625,
      "loudness": -73.12592315673828,
      "loudness_range": 22.625720977783203,
      "low_freq": 7314.1640625,
      "mid_mean": -68.47687530517578,
      "mid_to_side_loudness": -0.2762930989265442,
      "mid_to_side_loudness_range": 4.587512016296387,
      "side_mean": -68.45683288574219
    },
    {
      "loudness": -83.42594909667969,
      "loudness_range": 13.900405883789062,
      "low_freq": 12199.2666015625,
      "mid_mean": -69.88142395019531,
      "mid_to_side_loudness": -0.9186403155326843,
      "mid_to_side_loudness_range": 1.4966541528701782,
      "side_mean": -69.89860534667969
    }
  ],
  "bandwidth": 738.4193725585938,
  "channels": 2,
  "covariance": [
    [
      57.899017333984375,
      51.73180389404297,
      35.157283782958984,
      36.58453369140625,
      35.10850143432617,
      37.355220794677734,
      39.65211486816406,
      43.746952056884766,
      41.44314193725586,
      44.6351432800293,
      57.16802215576172,
      56.97118377685547,
      44.27925109863281,
      42.75740432739258,
      14.64647102355957,
      14.903252601623535,
      0.531188428401947,
      0.4879981279373169
    ],
    [
      51.73180389404297,
      62.69936752319336,
      35.276798248291016,
      36.68003845214844,
      34.20744323730469,
      36.85859298706055,
      40.22988510131836,
      43.70072937011719,
      39.888328552246094,
      42.753047943115234,
      61.862186431884766,
      61.95314025878906,
      45.36724090576172,
      43.86095428466797,
      14.675057411193848,
      14.859395027160645,
      0.5455192923545837,
      0.4977228045463562
    ],
    [
      35.157283782958984,
      35.276798248291016,
      36.29262161254883,
      31.526451110839844,
      29.21504020690918,
      31.136455535888672,
      35.41647720336914,
      37.948890686035156,
      37.75885009765625,
      39.75080490112305,
      50.10332107543945,
      50.933719635009766,
      39.08611297607422,
      37.47238540649414,
      12.417205810546875,
      12.662897109985352,
      0.4378593862056732,
      0.4017491042613983
    ],
    [
      36.58453369140625,
      36.68003845214844,
      31.526451110839844,
      34.67021560668945,
      28.31032371520996,
      30.892547607421875,
      33.191749572753906,
      35.78841018676758,
      35.563446044921875,
      37.4404182434082,
      48.10197067260742,
      48.53902053833008,
      36.974937438964844,
      35.63527297973633,
      12.005393981933594,
      12.185892105102539,
      0.4168938994407654,
      0.38346827030181885
    ],
    [
      35.10850143432617,
      34.20744323730469,
      29.21504020690918,
      28.31032371520996,
      42.94322204589844,
      39.431480407714844,
      37.865779876708984,
      39.10851287841797,
      38.932655334472656,
      40.91667556762695,
      55.85783386230469,
      55.93868637084961,
      40.84842300415039,
      39.59832000732422,
      13.332109451293945,
      13.560185432434082,
      0.48917701840400696,
      0.44712167978286743
    ],
    [
      37.355220794677734,
      36.85859298706055,
      31.136455535888672,
      30.892547607421875,
      39.431480407714844,
      42.47249221801758,
      36.97592544555664,
      38.89405059814453,
      38.66018295288086,
      40.64747619628906,
      56.5439453125,
      56.03144454956055,
      41.131263732910156,
      39.85140609741211,
      13.532047271728516,
      13.73275375366211,
      0.4775996208190918,
      0.43873122334480286
    ],
    [
      39.65211486816406,
      40.22988510131836,
      35.41647720336914,
      33.191749572753906,
      37.865779876708984,
      36.97592544555664,
      63.05753707885742,
      63.92673110961914,
      51.779720306396484,
      52.994834899902344,
      66.76116180419922,
      67.04248809814453,
      49.355987548828125,
      47.22784423828125,
      15.355728149414062,
      15.814493179321289,
      0.5894585251808167,
      0.5383553504943848
    ],
    [
      43.746952056884766,
      43.70072937011719,
      37.948890686035156,
      35.78841018676758,
      39.10851287841797,
      38.89405059814453,
      63.92673110961914,
      74.9847412109375,
      58.2572135925293,
      59.47842788696289,
      72.56670379638672,
      72.37279510498047,
      54.310821533203125,
      52.048377990722656,
      17.429162979125977,
      17.909122467041016,
      0.6641698479652405,
      0.6090483069419861
    ],
    [
      41.44314193725586,
      39.888328552246094,
      37.75885009765625,
      35.563446044921875,
      38.932655334472656,
      38.66018295288086,
      51.779720306396484,
      58.2572135925293,
      68.97370910644531,
      70.36727142333984,
      72.50420379638672,
      73.75848388671875,
      57.46168518066406,
      54.06275939941406,
      17.69857406616211,
      18.253101348876953,
      0.6466034054756165,
      0.5972398519515991
    ],
    [
      44.6351432800293,
      42.753047943115234,
      39.75080490112305,
      37.4404182434082,
      40.91667556762695,
      40.64747619628906,
      52.994834899902344,
      59.47842788696289,
      70.36727142333984,
      80.19926452636719,
      75.59410858154297,
      77.66231536865234,
      61.01374053955078,
      57.139949798583984,
      18.964033126831055,
      19.519248962402344,
      0.6990827918052673,
      0.6449601650238037
    ],
    [
      57.16802215576172,
      61.862186431884766,
      50.10332107543945,
      48.10197067260742,
      55.85783386230469,
      56.5439453125,
      66.76116180419922,
      72.56670379638672,
      72.50420379638672,
      75.59410858154297,
      107.83397674560547,
      107.16297912597656,
      74.81449127197266,
      71.04220581054688,
      22.716083526611328,
      23.349672317504883,
      0.8390215039253235,
      0.7675462961196899
    ],
    [
      56.97118377685547,
      61.95314025878906,
      50.933719635009766,
      48.53902053833008,
      55.93868637084961,
      56.03144454956055,
      67.04248809814453,
      72.37279510498047,
      73.75848388671875,
      77.66231536865234,
      107.16297912597656,
      109.49036407470703,
      75.54814147949219,
      71.70327758789062,
      22.79153823852539,
      23.41704559326172,
      0.8558754920959473,
      0.7811151146888733
    ],
    [
      44.27925109863281,
      45.36724090576172,
      39.08611297607422,
      36.974937438964844,
      40.84842300415039,
      41.131263732910156,
      49.355987548828125,
      54.310821533203125,
      57.46168518066406,
      61.01374053955078,
      74.81449127197266,
      75.54814147949219,
      61.587364196777344,
      58.26815414428711,
      19.568506240844727,
      20.163183212280273,
      0.7613909244537354,
      0.6982177495956421
    ],
    [
      42.75740432739258,
      43.86095428466797,
      37.47238540649414,
      35.63527297973633,
      39.59832000732422,
      39.85140609741211,
      47.22784423828125,
      52.048377990722656,
      54.06275939941406,
      57.139949798583984,
      71.04220581054688,
      71.70327758789062,
      58.26815414428711,
      55.92085266113281,
      18.902099609375,
      19.424348831176758,
      0.7346126437187195,
      0.6725437641143799
    ],
    [
      14.64647102355957,
      14.675057411193848,
      12.417205810546875,
      12.005393981933594,
      13.332109451293945,
      13.532047271728516,
      15.355728149414062,
      17.429162979125977,
      17.69857406616211,
      18.964033126831055,
      22.716083526611328,
      22.79153823852539,
      19.568506240844727,
      18.902099609375,
      8.085151672363281,
      8.218316078186035,
      0.35289373993873596,
      0.32449448108673096
    ],
    [
      14.903252601623535,
      14.859395027160645,
      12.662897109985352,
      12.185892105102539,
      13.560185432434082,
      13.73275375366211,
      15.814493179321289,
      17.909122467041016,
      18.253101348876953,
      19.519248962402344,
      23.349672317504883,
      23.41704559326172,
      20.163183212280273,
      19.424348831176758,
      8.218316078186035,
      8.50494384765625,
      0.3626916706562042,
      0.33395975828170776
    ],
    [
      0.531188428401947,
      0.5455192923545837,
      0.4378593862056732,
      0.4168938994407654,
      0.48917701840400696,
      0.4775996208190918,
      0.5894585251808167,
      0.6641698479652405,
      0.6466034054756165,
      0.6990827918052673,
      0.8390215039253235,
      0.8558754920959473,
      0.7613909244537354,
      0.7346126437187195,
      0.35289373993873596,
      0.3626916706562042,
      0.028895337134599686,
      0.026234714314341545
    ],
    [
      0.4879981279373169,
      0.4977228045463562,
      0.4017491042613983,
      0.38346827030181885,
      0.44712167978286743,
      0.43873122334480286,
      0.5383553504943848,
      0.6090483069419861,
      0.5972398519515991,
      0.6449601650238037,
      0.7675462961196899,
      0.7811151146888733,
      0.6982177495956421,
      0.6725437641143799,
      0.32449448108673096,
      0.33395975828170776,
      0.026234714314341545,
      0.024042755365371704
    ]
  ],
  "covariance_short": [
    [
      80.42350006103516,
      41.825801849365234,
      43.21788787841797,
      40.55021286010742,
      40.07240295410156,
      38.58222579956055,
      46.940128326416016,
      47.26907730102539,
      51.5075569152832,
      53.53765106201172,
      68.80049896240234,
      67.53125,
      48.726226806640625,
      46.99504089355469,
      13.83901596069336,
      14.006254196166992,
      0.5686159133911133,
      0.5267306566238403
    ],
    [
      41.825801849365234,
      41.24359130859375,
      28.78632926940918,
      29.06950569152832,
      26.7244930267334,
      26.878108978271484,
      32.557167053222656,
      33.19013214111328,
      35.30048751831055,
      36.1279296875,
      48.322391510009766,
      47.5722770690918,
      33.829402923583984,
      32.83115005493164,
      9.038875579833984,
      9.090597152709961,
      0.3509177565574646,
      0.32026126980781555
    ],
    [
      43.21788787841797,
      28.78632926940918,
      47.67450714111328,
      38.1433219909668,
      33.74467849731445,
      33.27911376953125,
      40.74363327026367,
      41.01124954223633,
      44.37111282348633,
      45.77928161621094,
      56.55582046508789,
      55.842350006103516,
      41.2557373046875,
      39.7461051940918,
      11.543872833251953,
      11.619865417480469,
      0.4483718276023865,
      0.41399168968200684
    ],
    [
      40.55021286010742,
      29.06950569152832,
      38.1433219909668,
      44.05727005004883,
      30.037551879882812,
      31.71105194091797,
      38.058677673339844,
      38.43511962890625,
      40.8719367980957,
      42.0663948059082,
      51.910160064697266,
      50.9217414855957,
      37.05803298950195,
      35.85346221923828,
      10.026979446411133,
      10.02455997467041,
      0.35053715109825134,
      0.32509860396385193
    ],
    [
      40.07240295410156,
      26.7244930267334,
      33.74467849731445,
      30.037551879882812,
      49.871456146240234,
      38.63467788696289,
      41.346614837646484,
      41.42444610595703,
      43.84276580810547,
      45.7026252746582,
      59.22684860229492,
      58.61077117919922,
      40.64263153076172,
      39.17576599121094,
      11.267112731933594,
      11.392117500305176,
      0.4232642650604248,
      0.39435574412345886
    ],
    [
      38.58222579956055,
      26.878108978271484,
      33.27911376953125,
      31.71105194091797,
      38.63467788696289,
      42.85960006713867,
      37.791175842285156,
      38.018550872802734,
      40.2358283996582,
      41.52406311035156,
      55.72148132324219,
      54.66927719116211,
      38.39992904663086,
      36.80181884765625,
      10.40760326385498,
      10.522787094116211,
      0.37990230321884155,
      0.35497918725013733
    ],
    [
      46.940128326416016,
      32.557167053222656,
      40.74363327026367,
      38.058677673339844,
      41.346614837646484,
      37.791175842285156,
      79.0232162475586,
      72.75486755371094,
      62.56067657470703,
      63.745086669921875,
      74.22496795654297,
      73.47843933105469,
      52.87364959716797,
      50.9665641784668,
      15.765379905700684,
      15.807170867919922,
      0.6783146262168884,
      0.6238437294960022
    ],
    [
      47.26907730102539,
      33.19013214111328,
      41.01124954223633,
      38.43511962890625,
      41.42444610595703,
      38.018550872802734,
      72.75486755371094,
      80.94627380371094,
      63.982025146484375,
      64.85391235351562,
      76.81420135498047,
      75.15189361572266,
      54.379337310791016,
      52.19748306274414,
      16.413829803466797,
      16.6492977142334,
      0.7429226040840149,
      0.6889065504074097
    ],
    [
      51.5075569152832,
      35.30048751831055,
      44.37111282348633,
      40.8719367980957,
      43.84276580810547,
      40.2358283996582,
      62.56067657470703,
      63.982025146484375,
      81.3806381225586,
      78.6590805053711,
      81.28399658203125,
      80.67579650878906,
      59.85913848876953,
      56.59782409667969,
      16.58282470703125,
      16.953035354614258,
      0.7114062309265137,
      0.664161205291748
    ],
    [
      53.53765106201172,
      36.1279296875,
      45.77928161621094,
      42.0663948059082,
      45.7026252746582,
      41.52406311035156,
      63.745086669921875,
      64.85391235351562,
      78.6590805053711,
      89.7591781616211,
      83.95508575439453,
      83.75952911376953,
      62.630889892578125,
      59.2774543762207,
      17.95010757446289,
      18.30674171447754,
      0.823087215423584,
      0.7623103260993958
    ],
    [
      68.80049896240234,
      48.322391510009766,
      56.55582046508789,
      51.910160064697266,
      59.22684860229492,
      55.72148132324219,
      74.22496795654297,
      76.81420135498047,
      81.28399658203125,
      83.95508575439453,
      114.00045013427734,
      109.77613067626953,
      74.96571350097656,
      71.31842041015625,
      20.817785263061523,
      21.23605728149414,
      0.9201217889785767,
      0.8489323854446411
    ],
    [
      67.53125,
      47.5722770690918,
      55.842350006103516,
      50.9217414855957,
      58.61077117919922,
      54.66927719116211,
      73.47843933105469,
      75.15189361572266,
      80.67579650878906,
      83.75952911376953,
      109.77613067626953,
      111.53079223632812,
      73.95284271240234,
      70.54478454589844,
      20.529390335083008,
      20.951875686645508,
      0.9531657099723816,
      0.876567542552948
    ],
    [
      48.726226806640625,
      33.829402923583984,
      41.2557373046875,
      37.05803298950195,
      40.64263153076172,
      38.39992904663086,
      52.87364959716797,
      54.379337310791016,
      59.85913848876953,
      62.630889892578125,
      74.96571350097656,
      73.95284271240234,
      59.995574951171875,
      56.289955139160156,
      18.014781951904297,
      18.438007354736328,
      0.8852264285087585,
      0.8179520964622498
    ],
    [
      46.99504089355469,
      32.83115005493164,
      39.7461051940918,
      35.85346221923828,
      39.17576599121094,
      36.80181884765625,
      50.9665641784668,
      52.19748306274414,
      56.59782409667969,
      59.2774543762207,
      71.31842041015625,
      70.54478454589844,
      56.289955139160156,
      54.626625061035156,
      17.317964553833008,
      17.64408302307129,
      0.8397798538208008,
      0.7765326499938965
    ],
    [
      13.83901596069336,
      9.038875579833984,
      11.543872833251953,
      10.026979446411133,
      11.267112731933594,
      10.40760326385498,
      15.765379905700684,
      16.413829803466797,
      16.58282470703125,
      17.95010757446289,
      20.817785263061523,
      20.529390335083008,
      18.014781951904297,
      17.317964553833008,
      8.248140335083008,
      8.27727222442627,
      0.5317292809486389,
      0.4919532835483551
    ],
    [
      14.006254196166992,
      9.090597152709961,
      11.619865417480469,
      10.02455997467041,
      11.392117500305176,
      10.522787094116211,
      15.807170867919922,
      16.6492977142334,
      16.953035354614258,
      18.30674171447754,
      21.23605728149414,
      20.951875686645508,
      18.438007354736328,
      17.64408302307129,
      8.27727222442627,
      8.673248291015625,
      0.5507904887199402,
      0.5105915069580078
    ],
    [
      0.5686159133911133,
      0.3509177565574646,
      0.4483718276023865,
      0.35053715109825134,
      0.4232642650604248,
      0.37990230321884155,
      0.6783146262168884,
      0.7429226040840149,
      0.7114062309265137,
      0.823087215423584,
      0.9201217889785767,
      0.9531657099723816,
      0.8852264285087585,
      0.8397798538208008,
      0.5317292809486389,
      0.5507904887199402,
      0.08895335346460342,
      0.0810246616601944
    ],
    [
      0.5267306566238403,
      0.32026126980781555,
      0.41399168968200684,
      0.32509860396385193,
      0.39435574412345886,
      0.35497918725013733,
      0.6238437294960022,
      0.6889065504074097,
      0.664161205291748,
      0.7623103260993958,
      0.8489323854446411,
      0.876567542552948,
      0.8179520964622498,
      0.7765326499938965,
      0.4919532835483551,
      0.5105915069580078,
      0.0810246616601944,
      0.0751095712184906
    ]
  ],
  "damage": -17.498655319213867,
  "diff_bandwidth": 764.11083984375,
  "dissonance": 6.7588700632982155,
  "drr": 9.670083045959473,
  "dynamics": 5.346938133239746,
  "format": 1245190,
  "frames": 10387020,
  "loudness": -26.48845672607422,
  "loudness_range": 15.497928619384766,
  "loudness_range_short": 18.40427589416504,
  "lowpass_true_peak_15khz": -4.979896068572998,
  "mastering3_acoustic_entropies": [
    {
      "acoustic_entropy": 6.128706932067871,
      "acoustic_entropy_mono": 4.855482578277588,
      "band_eliminated_acoustic_entropies": [
        {
          "acoustic_entropy": 6.127856254577637,
          "acoustic_entropy_side": 6.1287078857421875,
          "hz": 129.47220167065723
        },
        {
          "acoustic_entropy": 6.064713478088379,
          "acoustic_entropy_side": 6.124909400939941,
          "hz": 202.92927478742237
        },
        {
          "acoustic_entropy": 5.988142013549805,
          "acoustic_entropy_side": 6.04483699798584,
          "hz": 282.89161906338205
        },
        {
          "acoustic_entropy": 6.1857194900512695,
          "acoustic_entropy_side": 6.0802412033081055,
          "hz": 369.9353335868758
        },
        {
          "acoustic_entropy": 6.341930866241455,
          "acoustic_entropy_side": 6.158062934875488,
          "hz": 464.6875360973435
        },
        {
          "acoustic_entropy": 5.954342842102051,
          "acoustic_entropy_side": 6.111693859100342,
          "hz": 567.8308811364784
        },
        {
          "acoustic_entropy": 6.118645191192627,
          "acoustic_entropy_side": 6.107987880706787,
          "hz": 680.1084783214808
        },
        {
          "acoustic_entropy": 5.327637195587158,
          "acoustic_entropy_side": 6.0414042472839355,
          "hz": 802.3292461747484
        },
        {
          "acoustic_entropy": 5.542496681213379,
          "acoustic_entropy_side": 6.595810413360596,
          "hz": 935.3737400823702
        },
        {
          "acoustic_entropy": 6.12760591506958,
          "acoustic_entropy_side": 5.901211261749268,
          "hz": 1080.2004963696966
        },
        {
          "acoustic_entropy": 6.034791946411133,
          "acoustic_entropy_side": 5.926231384277344,
          "hz": 1237.8529382007157
        },
        {
          "acoustic_entropy": 6.299652099609375,
          "acoustic_entropy_side": 6.0553789138793945,
          "hz": 1409.4668930556702
        },
        {
          "acoustic_entropy": 5.623800754547119,
          "acoustic_entropy_side": 5.725433349609375,
          "hz": 1596.2787759475705
        },
        {
          "acoustic_entropy": 5.24453067779541,
          "acoustic_entropy_side": 5.29390811920166,
          "hz": 1799.6344973346393
        },
        {
          "acoustic_entropy": 5.834779262542725,
          "acoustic_entropy_side": 5.979416847229004,
          "hz": 2020.9991599069049
        },
        {
          "acoustic_entropy": 6.091114521026611,
          "acoustic_entropy_side": 6.077862739562988,
          "hz": 2261.9676141086993
        },
        {
          "acoustic_entropy": 6.204042434692383,
          "acoustic_entropy_side": 5.957217693328857,
          "hz": 2524.2759484456974
        },
        {
          "acoustic_entropy": 6.075366020202637,
          "acoustic_entropy_side": 5.947898864746094,
          "hz": 2809.813997359896
        },
        {
          "acoustic_entropy": 6.103028774261475,
          "acoustic_entropy_side": 6.082386493682861,
          "hz": 3120.6389567871424
        },
        {
          "acoustic_entropy": 6.0666093826293945,
          "acoustic_entropy_side": 6.108835220336914,
          "hz": 3458.990205492291
        },
        {
          "acoustic_entropy": 6.139059543609619,
          "acoustic_entropy_side": 6.133656024932861,
          "hz": 3827.305438964164
        },
        {
          "acoustic_entropy": 6.125157356262207,
          "acoustic_entropy_side": 6.126664161682129,
          "hz": 4228.238232109126
        },
        {
          "acoustic_entropy": 6.130312919616699,
          "acoustic_entropy_side": 6.130270481109619,
          "hz": 4664.6771572759235
        },
        {
          "acoustic_entropy": 6.130331993103027,
          "acoustic_entropy_side": 6.1289963722229,
          "hz": 5139.766595350093
        },
        {
          "acoustic_entropy": 6.12938117980957,
          "acoustic_entropy_side": 6.128645896911621,
          "hz": 5656.929389854203
        },
        {
          "acoustic_entropy": 6.128364086151123,
          "acoustic_entropy_side": 6.128493785858154,
          "hz": 6219.891507268283
        },
        {
          "acoustic_entropy": 6.12863826751709,
          "acoustic_entropy_side": 6.128666400909424,
          "hz": 6832.70888123896
        },
        {
          "acoustic_entropy": 6.128706455230713,
          "acoustic_entropy_side": 6.128705024719238,
          "hz": 7499.796634079867
        },
        {
          "acoustic_entropy": 6.128701686859131,
          "acoustic_entropy_side": 6.128706455230713,
          "hz": 8225.96088609342
        },
        {
          "acoustic_entropy": 6.128707408905029,
          "acoustic_entropy_side": 6.128708362579346,
          "hz": 9016.43338188839
        },
        {
          "acoustic_entropy": 6.1287078857421875,
          "acoustic_entropy_side": 6.128706932067871,
          "hz": 9876.909183162974
        },
        {
          "acoustic_entropy": 6.128707408905029,
          "acoustic_entropy_side": 6.128707408905029,
          "hz": 10813.587699516042
        },
        {
          "acoustic_entropy": 6.1287078857421875,
          "acoustic_entropy_side": 6.128706932067871,
          "hz": 11833.21735289826
        },
        {
          "acoustic_entropy": 6.128705978393555,
          "acoustic_entropy_side": 6.128705978393555,
          "hz": 12943.144197493959
        },
        {
          "acoustic_entropy": 6.128706455230713,
          "acoustic_entropy_side": 6.128706455230713,
          "hz": 14151.364845322005
        },
        {
          "acoustic_entropy": 6.128706932067871,
          "acoustic_entropy_side": 6.128706932067871,
          "hz": 15466.58407886509
        },
        {
          "acoustic_entropy": 6.128706932067871,
          "acoustic_entropy_side": 6.128706932067871,
          "hz": 16898.27756580493
        },
        {
          "acoustic_entropy": 6.128706932067871,
          "acoustic_entropy_side": 6.128706932067871,
          "hz": 18456.760127700032
        },
        {
          "acoustic_entropy": 6.128706932067871,
          "acoustic_entropy_side": 6.128706932067871,
          "hz": 20153.260054456492
        },
        {
          "acoustic_entropy": 6.128706932067871,
          "acoustic_entropy_side": 6.128706932067871,
          "hz": 22000.00000000001
        }
      ],
      "diff_acoustic_entropy": 5.427928447723389,
      "sn": 6
    },
    {
      "acoustic_entropy": 9.07847785949707,
      "acoustic_entropy_mono": 8.976336479187012,
      "band_eliminated_acoustic_entropies": [
        {
          "acoustic_entropy": 9.095043182373047,
          "acoustic_entropy_side": 9.078412055969238,
          "hz": 129.47220167065723
        },
        {
          "acoustic_entropy": 9.103231430053711,
          "acoustic_entropy_side": 9.11897087097168,
          "hz": 202.92927478742237
        },
        {
          "acoustic_entropy": 8.8079195022583,
          "acoustic_entropy_side": 8.965429306030273,
          "hz": 282.89161906338205
        },
        {
          "acoustic_entropy": 9.34071159362793,
          "acoustic_entropy_side": 9.19825267791748,
          "hz": 369.9353335868758
        },
        {
          "acoustic_entropy": 9.660310745239258,
          "acoustic_entropy_side": 9.321966171264648,
          "hz": 464.6875360973435
        },
        {
          "acoustic_entropy": 9.336915969848633,
          "acoustic_entropy_side": 9.20434856414795,
          "hz": 567.8308811364784
        },
        {
          "acoustic_entropy": 8.643528938293457,
          "acoustic_entropy_side": 9.379270553588867,
          "hz": 680.1084783214808
        },
        {
          "acoustic_entropy": 9.118865966796875,
          "acoustic_entropy_side": 9.503780364990234,
          "hz": 802.3292461747484
        },
        {
          "acoustic_entropy": 8.937776565551758,
          "acoustic_entropy_side": 10.171355247497559,
          "hz": 935.3737400823702
        },
        {
          "acoustic_entropy": 9.193004608154297,
          "acoustic_entropy_side": 8.64311695098877,
          "hz": 1080.2004963696966
        },
        {
          "acoustic_entropy": 9.03088092803955,
          "acoustic_entropy_side": 9.030964851379395,
          "hz": 1237.8529382007157
        },
        {
          "acoustic_entropy": 9.013331413269043,
          "acoustic_entropy_side": 8.803139686584473,
          "hz": 1409.4668930556702
        },
        {
          "acoustic_entropy": 8.875967025756836,
          "acoustic_entropy_side": 9.024520874023438,
          "hz": 1596.2787759475705
        },
        {
          "acoustic_entropy": 9.131012916564941,
          "acoustic_entropy_side": 9.160956382751465,
          "hz": 1799.6344973346393
        },
        {
          "acoustic_entropy": 8.455887794494629,
          "acoustic_entropy_side": 8.606353759765625,
          "hz": 2020.9991599069049
        },
        {
          "acoustic_entropy": 8.80909538269043,
          "acoustic_entropy_side": 8.94672966003418,
          "hz": 2261.9676141086993
        },
        {
          "acoustic_entropy": 9.096221923828125,
          "acoustic_entropy_side": 8.930968284606934,
          "hz": 2524.2759484456974
        },
        {
          "acoustic_entropy": 9.092391014099121,
          "acoustic_entropy_side": 8.959820747375488,
          "hz": 2809.813997359896
        },
        {
          "acoustic_entropy": 9.066023826599121,
          "acoustic_entropy_side": 9.081802368164062,
          "hz": 3120.6389567871424
        },
        {
          "acoustic_entropy": 9.239391326904297,
          "acoustic_entropy_side": 9.097386360168457,
          "hz": 3458.990205492291
        },
        {
          "acoustic_entropy": 8.927910804748535,
          "acoustic_entropy_side": 9.023884773254395,
          "hz": 3827.305438964164
        },
        {
          "acoustic_entropy": 8.921833038330078,
          "acoustic_entropy_side": 8.943182945251465,
          "hz": 4228.238232109126
        },
        {
          "acoustic_entropy": 8.964006423950195,
          "acoustic_entropy_side": 9.046299934387207,
          "hz": 4664.6771572759235
        },
        {
          "acoustic_entropy": 9.070758819580078,
          "acoustic_entropy_side": 9.079469680786133,
          "hz": 5139.766595350093
        },
        {
          "acoustic_entropy": 9.061110496520996,
          "acoustic_entropy_side": 9.073790550231934,
          "hz": 5656.929389854203
        },
        {
          "acoustic_entropy": 9.059626579284668,
          "acoustic_entropy_side": 9.071432113647461,
          "hz": 6219.891507268283
        },
        {
          "acoustic_entropy": 9.072434425354004,
          "acoustic_entropy_side": 9.075620651245117,
          "hz": 6832.70888123896
        },
        {
          "acoustic_entropy": 9.0775146484375,
          "acoustic_entropy_side": 9.07801342010498,
          "hz": 7499.796634079867
        },
        {
          "acoustic_entropy": 9.07827377319336,
          "acoustic_entropy_side": 9.078367233276367,
          "hz": 8225.96088609342
        },
        {
          "acoustic_entropy": 9.078447341918945,
          "acoustic_entropy_side": 9.078471183776855,
          "hz": 9016.43338188839
        },
        {
          "acoustic_entropy": 9.078461647033691,
          "acoustic_entropy_side": 9.078468322753906,
          "hz": 9876.909183162974
        },
        {
          "acoustic_entropy": 9.078473091125488,
          "acoustic_entropy_side": 9.078475952148438,
          "hz": 10813.587699516042
        },
        {
          "acoustic_entropy": 9.07848072052002,
          "acoustic_entropy_side": 9.07848072052002,
          "hz": 11833.21735289826
        },
        {
          "acoustic_entropy": 9.07848072052002,
          "acoustic_entropy_side": 9.078478813171387,
          "hz": 12943.144197493959
        },
        {
          "acoustic_entropy": 9.078479766845703,
          "acoustic_entropy_side": 9.078479766845703,
          "hz": 14151.364845322005
        },
        {
          "acoustic_entropy": 9.078478813171387,
          "acoustic_entropy_side": 9.078478813171387,
          "hz": 15466.58407886509
        },
        {
          "acoustic_entropy": 9.07847785949707,
          "acoustic_entropy_side": 9.07847785949707,
          "hz": 16898.27756580493
        },
        {
          "acoustic_entropy": 9.07847785949707,
          "acoustic_entropy_side": 9.07847785949707,
          "hz": 18456.760127700032
        },
        {
          "acoustic_entropy": 9.07847785949707,
          "acoustic_entropy_side": 9.07847785949707,
          "hz": 20153.260054456492
        },
        {
          "acoustic_entropy": 9.07847785949707,
          "acoustic_entropy_side": 9.07847785949707,
          "hz": 22000.00000000001
        }
      ],
      "diff_acoustic_entropy": 7.874182224273682,
      "sn": 12
    },
    {
      "acoustic_entropy": 14.068912506103516,
      "acoustic_entropy_mono": 13.78203296661377,
      "band_eliminated_acoustic_entropies": [
        {
          "acoustic_entropy": 14.043768882751465,
          "acoustic_entropy_side": 14.06068229675293,
          "hz": 129.47220167065723
        },
        {
          "acoustic_entropy": 14.727621078491211,
          "acoustic_entropy_side": 13.968710899353027,
          "hz": 202.92927478742237
        },
        {
          "acoustic_entropy": 13.918499946594238,
          "acoustic_entropy_side": 15.031023025512695,
          "hz": 282.89161906338205
        },
        {
          "acoustic_entropy": 14.688124656677246,
          "acoustic_entropy_side": 14.84680461883545,
          "hz": 369.9353335868758
        },
        {
          "acoustic_entropy": 14.35471248626709,
          "acoustic_entropy_side": 15.135387420654297,
          "hz": 464.6875360973435
        },
        {
          "acoustic_entropy": 14.659533500671387,
          "acoustic_entropy_side": 14.247148513793945,
          "hz": 567.8308811364784
        },
        {
          "acoustic_entropy": 13.433294296264648,
          "acoustic_entropy_side": 14.488631248474121,
          "hz": 680.1084783214808
        },
        {
          "acoustic_entropy": 15.685661315917969,
          "acoustic_entropy_side": 15.323190689086914,
          "hz": 802.3292461747484
        },
        {
          "acoustic_entropy": 14.825203895568848,
          "acoustic_entropy_side": 15.047403335571289,
          "hz": 935.3737400823702
        },
        {
          "acoustic_entropy": 14.859124183654785,
          "acoustic_entropy_side": 14.782243728637695,
          "hz": 1080.2004963696966
        },
        {
          "acoustic_entropy": 14.731993675231934,
          "acoustic_entropy_side": 15.325257301330566,
          "hz": 1237.8529382007157
        },
        {
          "acoustic_entropy": 14.69375228881836,
          "acoustic_entropy_side": 14.977922439575195,
          "hz": 1409.4668930556702
        },
        {
          "acoustic_entropy": 14.92737102508545,
          "acoustic_entropy_side": 14.609573364257812,
          "hz": 1596.2787759475705
        },
        {
          "acoustic_entropy": 15.020295143127441,
          "acoustic_entropy_side": 14.940587043762207,
          "hz": 1799.6344973346393
        },
        {
          "acoustic_entropy": 13.92233657836914,
          "acoustic_entropy_side": 14.268004417419434,
          "hz": 2020.9991599069049
        },
        {
          "acoustic_entropy": 13.766627311706543,
          "acoustic_entropy_side": 13.788127899169922,
          "hz": 2261.9676141086993
        },
        {
          "acoustic_entropy": 14.413209915161133,
          "acoustic_entropy_side": 14.690671920776367,
          "hz": 2524.2759484456974
        },
        {
          "acoustic_entropy": 14.293305397033691,
          "acoustic_entropy_side": 14.157646179199219,
          "hz": 2809.813997359896
        },
        {
          "acoustic_entropy": 13.971574783325195,
          "acoustic_entropy_side": 14.137960433959961,
          "hz": 3120.6389567871424
        },
        {
          "acoustic_entropy": 14.207905769348145,
