{
  "acoustic_entropy": 168.08958435058594,
  "bands": [
    {
      "high_freq": 148.1999969482422,
      "loudness": -33.787288665771484,
      "loudness_range": 16.05308723449707,
      "mid_mean": -33.443119049072266,
      "mid_to_side_loudness": 0.0006579803884960711,
      "mid_to_side_loudness_range": 8.515464782714844,
      "side_mean": -33.4180793762207
    },
    {
      "high_freq": 392.3793640136719,
      "loudness": -32.12955856323242,
      "loudness_range": 11.9632568359375,
      "low_freq": 148.1999969482422,
      "mid_mean": -31.269577026367188,
      "mid_to_side_loudness": -0.8447344899177551,
      "mid_to_side_loudness_range": 3.4256224632263184,
      "side_mean": -32.00565719604492
    },
    {
      "high_freq": 794.6976318359375,
      "loudness": -30.583906173706055,
      "loudness_range": 21.333532333374023,
      "low_freq": 392.3793640136719,
      "mid_mean": -29.183025360107422,
      "mid_to_side_loudness": -3.430391311645508,
      "mid_to_side_loudness_range": 16.044633865356445,
      "side_mean": -33.16226577758789
    },
    {
      "high_freq": 1457.5709228515625,
      "loudness": -34.581947326660156,
      "loudness_range": 22.58724021911621,
      "low_freq": 794.6976318359375,
      "mid_mean": -33.488739013671875,
      "mid_to_side_loudness": -1.8899551630020142,
      "mid_to_side_loudness_range": 9.269693374633789,
      "side_mean": -36.18104553222656
    },
    {
      "high_freq": 2549.74365234375,
      "loudness": -37.11732864379883,
      "loudness_range": 17.06296157836914,
      "low_freq": 1457.5709228515625,
      "mid_mean": -36.038475036621094,
      "mid_to_side_loudness": -1.2597514390945435,
      "mid_to_side_loudness_range": 4.425755977630615,
      "side_mean": -37.61589050292969
    },
    {
      "high_freq": 4349.24462890625,
      "loudness": -44.83673095703125,
      "loudness_range": 10.575603485107422,
      "low_freq": 2549.74365234375,
      "mid_mean": -44.29985427856445,
      "mid_to_side_loudness": -0.46524500846862793,
      "mid_to_side_loudness_range": 2.0709846019744873,
      "side_mean": -44.811431884765625
    },
    {
      "high_freq": 7314.1640625,
      "loudness": -43.64008331298828,
      "loudness_range": 9.175430297851562,
      "low_freq": 4349.24462890625,
      "mid_mean": -43.468048095703125,
      "mid_to_side_loudness": -0.05768049880862236,
      "mid_to_side_loudness_range": 1.125704050064087,
      "side_mean": -43.46102523803711
    },
    {
      "high_freq": 12199.2666015625,
      "loudness": -39.038002014160156,
      "loudness_range": 9.694686889648438,
      "low_freq": 7314.1640625,
      "mid_mean": -38.56538391113281,
      "mid_to_side_loudness": -0.074614018201828,
      "mid_to_side_loudness_range": 0.7544859647750854,
      "side_mean": -38.54568862915039
    },
    {
      "loudness": -41.99177169799805,
      "loudness_range": 14.26333236694336,
      "low_freq": 12199.2666015625,
      "mid_mean": -41.43396759033203,
      "mid_to_side_loudness": -0.06936299800872803,
      "mid_to_side_loudness_range": 0.769382119178772,
      "side_mean": -41.428504943847656
    }
  ],
  "bands_short": [
    {
      "high_freq": 148.1999969482422,
      "loudness": -36.38475036621094,
      "loudness_range": 22.21634292602539,
      "mid_mean": -36.31972885131836,
      "mid_to_side_loudness": 0.1431850790977478,
      "mid_to_side_loudness_range": 12.849143981933594,
      "side_mean": -36.253849029541016
    },
    {
      "high_freq": 392.3793640136719,
      "loudness": -34.12724304199219,
      "loudness_range": 19.536653518676758,
      "low_freq": 148.1999969482422,
      "mid_mean": -33.37946701049805,
      "mid_to_side_loudness": -0.7831115126609802,
      "mid_to_side_loudness_range": 6.8582563400268555,
      "side_mean": -34.0558967590332
    },
    {
      "high_freq": 794.6976318359375,
      "loudness": -32.050071716308594,
      "loudness_range": 23.739736557006836,
      "low_freq": 392.3793640136719,
      "mid_mean": -30.72004508972168,
      "mid_to_side_loudness": -2.8810315132141113,
      "mid_to_side_loudness_range": 13.360025405883789,
      "side_mean": -34.399749755859375
    },
    {
      "high_freq": 1457.5709228515625,
      "loudness": -36.473121643066406,
      "loudness_range": 28.162464141845703,
      "low_freq": 794.6976318359375,
      "mid_mean": -35.45588684082031,
      "mid_to_side_loudness": -1.972409725189209,
      "mid_to_side_loudness_range": 11.110989570617676,
      "side_mean": -38.59947204589844
    },
    {
      "high_freq": 2549.74365234375,
      "loudness": -39.880130767822266,
      "loudness_range": 24.534324645996094,
      "low_freq": 1457.5709228515625,
      "mid_mean": -38.80207061767578,
      "mid_to_side_loudness": -1.7041341066360474,
      "mid_to_side_loudness_range": 7.443564414978027,
      "side_mean": -41.10685729980469
    },
    {
      "high_freq": 4349.24462890625,
      "loudness": -47.574527740478516,
      "loudness_range": 21.43958282470703,
      "low_freq": 2549.74365234375,
      "mid_mean": -47.498538970947266,
      "mid_to_side_loudness": -0.6887043714523315,
      "mid_to_side_loudness_range": 3.899329423904419,
      "side_mean": -48.36079788208008
    },
    {
      "high_freq": 7314.1640625,
      "loudness": -49.14067459106445,
      "loudness_range": 24.828670501708984,
      "low_freq": 4349.24462890625,
      "mid_mean": -49.52389144897461,
      "mid_to_side_loudness": -0.16129080951213837,
      "mid_to_side_loudness_range": 2.2154555320739746,
      "side_mean": -50.03706741333008
    },
    {
      "high_freq": 12199.2666015625,
      "loudness": -47.39504623413086,
      "loudness_range": 28.50396728515625,
      "low_freq": 7314.1640625,
      "mid_mean": -46.77397155761719,
      "mid_to_side_loudness": -0.16645613312721252,
      "mid_to_side_loudness_range": 1.6355533599853516,
      "side_mean": -46.88962173461914
    },
    {
      "loudness": -48.192501068115234,
      "loudness_range": 24.811656951904297,
      "low_freq": 12199.2666015625,
      "mid_mean": -47.46961212158203,
      "mid_to_side_loudness": -0.15648040175437927,
      "mid_to_side_loudness_range": 1.4772496223449707,
      "side_mean": -47.58735656738281
    }
  ],
  "bandwidth": 661.4555053710938,
  "channels": 2,
  "covariance": [
    [
      42.377052307128906,
      34.055511474609375,
      16.46129608154297,
      15.818388938903809,
      14.057313919067383,
      15.180508613586426,
      5.977280616760254,
      11.279252052307129,
      10.484659194946289,
      11.957818031311035,
      16.081462860107422,
      16.813749313354492,
      15.074110984802246,
      15.106335639953613,
      11.60042667388916,
      11.318896293640137,
      16.811973571777344,
      16.966625213623047
    ],
    [
      34.055511474609375,
      37.55978775024414,
      17.895620346069336,
      16.35279655456543,
      15.662467956542969,
      14.881855964660645,
      8.54594612121582,
      12.536053657531738,
      12.131011962890625,
      13.559274673461914,
      18.27914810180664,
      18.473520278930664,
      17.53143882751465,
      16.70427703857422,
      13.334647178649902,
      13.126626014709473,
      18.723167419433594,
      18.881025314331055
    ],
    [
      16.46129608154297,
      17.895620346069336,
      26.511842727661133,
      22.58417320251465,
      11.1773099899292,
      11.087323188781738,
      8.589578628540039,
      10.513089179992676,
      10.609235763549805,
      11.140191078186035,
      14.798430442810059,
      15.498348236083984,
      12.754549026489258,
      13.097813606262207,
      10.307008743286133,
      10.02513599395752,
      13.337806701660156,
      13.393596649169922
    ],
    [
      15.818388938903809,
      16.35279655456543,
      22.58417320251465,
      24.435333251953125,
      9.572473526000977,
      10.330802917480469,
      8.925798416137695,
      10.630330085754395,
      10.002826690673828,
      10.496834754943848,
      14.173638343811035,
      14.381376266479492,
      11.994815826416016,
      12.247224807739258,
      9.799978256225586,
      9.5054349899292,
      12.104033470153809,
      12.145423889160156
    ],
    [
      14.057313919067383,
      15.662467956542969,
      11.1773099899292,
      9.572473526000977,
      61.91269302368164,
      48.36252975463867,
      26.378639221191406,
      33.6270637512207,
      28.616548538208008,
      29.25634765625,
      22.441665649414062,
      22.895639419555664,
      19.388992309570312,
      18.875375747680664,
      14.840703010559082,
      14.224485397338867,
      20.99056053161621,
      21.162254333496094
    ],
    [
      15.180508613586426,
      14.881855964660645,
      11.087323188781738,
      10.330802917480469,
      48.36252975463867,
      82.54920959472656,
      33.13713073730469,
      60.60637283325195,
      34.96567916870117,
      43.85274887084961,
      24.02115249633789,
      26.858997344970703,
      18.5821475982666,
      18.233928680419922,
      11.574904441833496,
      11.063007354736328,
      19.783199310302734,
      19.984439849853516
    ],
    [
      5.977280616760254,
      8.54594612121582,
      8.589578628540039,
      8.925798416137695,
      26.378639221191406,
      33.13713073730469,
      65.25691223144531,
      57.116973876953125,
      32.73461151123047,
      32.167938232421875,
      25.23944854736328,
      22.820215225219727,
      18.33067512512207,
      17.757869720458984,
      13.988576889038086,
      14.0209321975708,
      17.744436264038086,
      17.11257553100586
    ],
    [
      11.279252052307129,
      12.536053657531738,
      10.513089179992676,
      10.630330085754395,
      33.6270637512207,
      60.60637283325195,
      57.116973876953125,
      86.08910369873047,
      38.60725021362305,
      48.724456787109375,
      27.84283447265625,
      30.35793113708496,
      21.911720275878906,
      21.115556716918945,
      14.666421890258789,
      14.368226051330566,
      20.540233612060547,
      20.076486587524414
    ],
    [
      10.484659194946289,
      12.131011962890625,
      10.609235763549805,
      10.002826690673828,
      28.616548538208008,
      34.96567916870117,
      32.73461151123047,
      38.60725021362305,
      41.456783294677734,
      38.70863723754883,
      26.113744735717773,
      25.54107093811035,
      21.3001766204834,
      20.994495391845703,
      17.274410247802734,
      16.724321365356445,
      17.40283203125,
      17.456214904785156
    ],
    [
      11.957818031311035,
      13.559274673461914,
      11.140191078186035,
      10.496834754943848,
      29.25634765625,
      43.85274887084961,
      32.167938232421875,
      48.724456787109375,
      38.70863723754883,
      48.183982849121094,
      28.877857208251953,
      30.80112075805664,
      25.457704544067383,
      24.892459869384766,
      19.281362533569336,
      18.74579429626465,
      20.986740112304688,
      21.048686981201172
    ],
    [
      16.081462860107422,
      18.27914810180664,
      14.798430442810059,
      14.173638343811035,
      22.441665649414062,
      24.02115249633789,
      25.23944854736328,
      27.84283447265625,
      26.113744735717773,
      28.877857208251953,
      34.535953521728516,
      33.23112487792969,
      28.732885360717773,
      28.73335838317871,
      21.836488723754883,
      21.30583953857422,
      27.828365325927734,
      27.614412307739258
    ],
    [
      16.813749313354492,
      18.473520278930664,
      15.498348236083984,
      14.381376266479492,
      22.895639419555664,
      26.858997344970703,
      22.820215225219727,
      30.35793113708496,
      25.54107093811035,
      30.80112075805664,
      33.23112487792969,
      34.421871185302734,
      29.042917251586914,
      29.055009841918945,
      21.854454040527344,
      21.326204299926758,
      28.192792892456055,
      27.99614906311035
    ],
    [
      15.074110984802246,
      17.53143882751465,
      12.754549026489258,
      11.994815826416016,
      19.388992309570312,
      18.5821475982666,
      18.33067512512207,
      21.911720275878906,
      21.3001766204834,
      25.457704544067383,
      28.732885360717773,
      29.042917251586914,
      33.93910217285156,
      32.47527313232422,
      26.24950408935547,
      25.72877311706543,
      30.280467987060547,
      30.403196334838867
    ],
    [
      15.106335639953613,
      16.70427703857422,
      13.097813606262207,
      12.247224807739258,
      18.875375747680664,
      18.233928680419922,
      17.757869720458984,
      21.115556716918945,
      20.994495391845703,
      24.892459869384766,
      28.73335838317871,
      29.055009841918945,
      32.47527313232422,
      33.712642669677734,
      26.436365127563477,
      25.895549774169922,
      29.797378540039062,
      29.885393142700195
    ],
    [
      11.60042667388916,
      13.334647178649902,
      10.307008743286133,
      9.799978256225586,
      14.840703010559082,
      11.574904441833496,
      13.988576889038086,
      14.666421890258789,
      17.274410247802734,
      19.281362533569336,
      21.836488723754883,
      21.854454040527344,
      26.24950408935547,
      26.436365127563477,
      30.32352638244629,
      29.735729217529297,
      26.722312927246094,
      26.8399600982666
    ],
    [
      11.318896293640137,
      13.126626014709473,
      10.02513599395752,
      9.5054349899292,
      14.224485397338867,
      11.063007354736328,
      14.0209321975708,
      14.368226051330566,
      16.724321365356445,
      18.74579429626465,
      21.30583953857422,
      21.326204299926758,
      25.72877311706543,
      25.895549774169922,
      29.735729217529297,
      29.90066146850586,
      26.243610382080078,
      26.353897094726562
    ],
    [
      16.811973571777344,
      18.723167419433594,
      13.337806701660156,
      12.104033470153809,
      20.99056053161621,
      19.783199310302734,
      17.744436264038086,
      20.540233612060547,
      17.40283203125,
      20.986740112304688,
      27.828365325927734,
      28.192792892456055,
      30.280467987060547,
      29.797378540039062,
      26.722312927246094,
      26.243610382080078,
      39.85672378540039,
      39.209388732910156
    ],
    [
      16.966625213623047,
      18.881025314331055,
      13.393596649169922,
      12.145423889160156,
      21.162254333496094,
      19.984439849853516,
      17.11257553100586,
      20.076486587524414,
      17.456214904785156,
      21.048686981201172,
      27.614412307739258,
      27.99614906311035,
      30.403196334838867,
      29.885393142700195,
      26.8399600982666,
      26.353897094726562,
      39.209388732910156,
      39.47215270996094
    ]
  ],
  "covariance_short": [
    [
      71.93093872070312,
      55.93367385864258,
      25.438522338867188,
      23.187461853027344,
      12.533464431762695,
      13.317436218261719,
      7.68129301071167,
      12.336616516113281,
      10.197622299194336,
      11.189421653747559,
      16.41672706604004,
      18.81561279296875,
      17.508010864257812,
      17.708084106445312,
      18.183435440063477,
      18.305633544921875,
      14.703471183776855,
      14.943758964538574
    ],
    [
      55.93367385864258,
      63.69694137573242,
      26.191804885864258,
      25.061229705810547,
      12.446474075317383,
      12.651653289794922,
      8.27978229522705,
      12.494543075561523,
      10.81645393371582,
      11.209228515625,
      16.835140228271484,
      18.857450485229492,
      17.400243759155273,
      17.682363510131836,
      17.579805374145508,
      17.729164123535156,
      14.18917465209961,
      14.37247085571289
    ],
    [
      25.438522338867188,
      26.191804885864258,
      52.259620666503906,
      47.82521438598633,
      14.018293380737305,
      15.597757339477539,
      10.086286544799805,
      13.084273338317871,
      11.630743980407715,
      12.768720626831055,
      19.5600528717041,
      21.416288375854492,
      16.990367889404297,
      17.35084342956543,
      16.025907516479492,
      16.262535095214844,
      13.359640121459961,
      13.58983039855957
    ],
    [
      23.187461853027344,
      25.061229705810547,
      47.82521438598633,
      54.52062225341797,
      12.777836799621582,
      15.98373031616211,
      9.910675048828125,
      12.932696342468262,
      10.776134490966797,
      11.904461860656738,
      18.518964767456055,
      20.335817337036133,
      15.677934646606445,
      15.954752922058105,
      14.324507713317871,
      14.562235832214355,
      12.137299537658691,
      12.35474967956543
    ],
    [
      12.533464431762695,
      12.446474075317383,
      14.018293380737305,
      12.777836799621582,
      76.32906341552734,
      61.69770431518555,
      40.21128463745117,
      47.37486267089844,
      44.543636322021484,
      42.96165466308594,
      31.143177032470703,
      31.126413345336914,
      23.11863899230957,
      23.456613540649414,
      21.078826904296875,
      21.317466735839844,
      14.502663612365723,
      14.755508422851562
    ],
    [
      13.317436218261719,
      12.651653289794922,
      15.597757339477539,
      15.98373031616211,
      61.69770431518555,
      97.9706039428711,
      44.13983917236328,
      74.75006103515625,
      51.03655242919922,
      65.63290405273438,
      35.870155334472656,
      41.965919494628906,
      27.296497344970703,
      27.861679077148438,
      23.85289192199707,
      24.26775360107422,
      15.665887832641602,
      15.92493724822998
    ],
    [
      7.68129301071167,
      8.27978229522705,
      10.086286544799805,
      9.910675048828125,
      40.21128463745117,
      44.13983917236328,
      89.52330780029297,
      79.92279815673828,
      55.39186096191406,
      52.87569808959961,
      43.30474853515625,
      40.25762939453125,
      33.169857025146484,
      33.158451080322266,
      30.124237060546875,
      30.536251068115234,
      21.796409606933594,
      21.999624252319336
    ],
    [
      12.336616516113281,
      12.494543075561523,
      13.084273338317871,
      12.932696342468262,
      47.37486267089844,
      74.75006103515625,
      79.92279815673828,
      120.41352081298828,
      64.78374481201172,
      83.63578033447266,
      51.34153366088867,
      58.0368766784668,
      44.193946838378906,
      44.87129592895508,
      39.757904052734375,
      40.34087371826172,
      28.462234497070312,
      28.767854690551758
    ],
    [
      10.197622299194336,
      10.81645393371582,
      11.630743980407715,
      10.776134490966797,
      44.543636322021484,
      51.03655242919922,
      55.39186096191406,
      64.78374481201172,
      73.03527069091797,
      69.63272857666016,
      48.237613677978516,
      47.59551239013672,
      41.322669982910156,
      41.581329345703125,
      38.40483474731445,
      38.87296676635742,
      28.80550765991211,
      29.078615188598633
    ],
    [
      11.189421653747559,
      11.209228515625,
      12.768720626831055,
      11.904461860656738,
      42.96165466308594,
      65.63290405273438,
      52.87569808959961,
      83.63578033447266,
      69.63272857666016,
      90.81192779541016,
      53.71476364135742,
      60.63832473754883,
      51.253997802734375,
      52.23648452758789,
      48.30419921875,
      48.99046325683594,
      36.34791946411133,
      36.735198974609375
    ],
    [
      16.41672706604004,
      16.835140228271484,
      19.5600528717041,
      18.518964767456055,
      31.143177032470703,
      35.870155334472656,
      43.30474853515625,
      51.34153366088867,
      48.237613677978516,
      53.71476364135742,
      66.51297760009766,
      65.13359069824219,
      64.0356216430664,
      64.59244537353516,
      64.50416564941406,
      65.21078491210938,
      52.36037826538086,
      53.006961822509766
    ],
    [
      18.81561279296875,
      18.857450485229492,
      21.416288375854492,
      20.335817337036133,
      31.126413345336914,
      41.965919494628906,
      40.25762939453125,
      58.0368766784668,
      47.59551239013672,
      60.63832473754883,
      65.13359069824219,
      72.57540893554688,
      69.14370727539062,
      70.20439147949219,
      69.7454833984375,
      70.48672485351562,
      56.62022399902344,
      57.3565788269043
    ],
    [
      17.508010864257812,
      17.400243759155273,
      16.990367889404297,
      15.677934646606445,
      23.11863899230957,
      27.296497344970703,
      33.169857025146484,
      44.193946838378906,
      41.322669982910156,
      51.253997802734375,
      64.0356216430664,
      69.14370727539062,
      84.77592468261719,
      85.59586334228516,
      86.06341552734375,
      86.77212524414062,
      74.55054473876953,
      75.26628875732422
    ],
    [
      17.708084106445312,
      17.682363510131836,
      17.35084342956543,
      15.954752922058105,
      23.456613540649414,
      27.861679077148438,
      33.158451080322266,
      44.87129592895508,
      41.581329345703125,
      52.23648452758789,
      64.59244537353516,
      70.20439147949219,
      85.59586334228516,
      92.85993957519531,
      87.2363510131836,
      88.01341247558594,
      75.56436157226562,
      76.31485748291016
    ],
    [
      18.183435440063477,
      17.579805374145508,
      16.025907516479492,
      14.324507713317871,
      21.078826904296875,
      23.85289192199707,
      30.124237060546875,
      39.757904052734375,
      38.40483474731445,
      48.30419921875,
      64.50416564941406,
      69.7454833984375,
      86.06341552734375,
      87.2363510131836,
      98.28901672363281,
      99.02359771728516,
      83.99625396728516,
      85.04943084716797
    ],
    [
      18.305633544921875,
      17.729164123535156,
      16.262535095214844,
      14.562235832214355,
      21.317466735839844,
      24.26775360107422,
      30.536251068115234,
      40.34087371826172,
      38.87296676635742,
      48.99046325683594,
      65.21078491210938,
      70.48672485351562,
      86.77212524414062,
      88.01341247558594,
      99.02359771728516,
      100.32648468017578,
      84.7094497680664,
      85.78941345214844
    ],
    [
      14.703471183776855,
      14.18917465209961,
      13.359640121459961,
      12.137299537658691,
      14.502663612365723,
      15.665887832641602,
      21.796409606933594,
      28.462234497070312,
      28.80550765991211,
      36.34791946411133,
      52.36037826538086,
      56.62022399902344,
      74.55054473876953,
      75.56436157226562,
      83.99625396728516,
      84.7094497680664,
      76.43224334716797,
      77.0443344116211
    ],
    [
      14.943758964538574,
      14.37247085571289,
      13.58983039855957,
      12.35474967956543,
      14.755508422851562,
      15.92493724822998,
      21.999624252319336,
      28.767854690551758,
      29.078615188598633,
      36.735198974609375,
      53.006961822509766,
      57.3565788269043,
      75.26628875732422,
      76.31485748291016,
      85.04943084716797,
      85.78941345214844,
      77.0443344116211,
      78.13448333740234
    ]
  ],
  "damage": -12.099165916442871,
  "diff_bandwidth": 685.067626953125,
  "dissonance": 6.805625985970416,
  "drr": 13.302318572998047,
  "dynamics": 3.737053871154785,
  "format": 1245190,
  "frames": 6258624,
  "loudness": -19.835834503173828,
  "loudness_range": 9.790931701660156,
  "loudness_range_short": 14.747069358825684,
  "lowpass_true_peak_15khz": -2.2057065963745117,
  "mastering3_acoustic_entropies": [
    {
      "acoustic_entropy": 9.880297660827637,
      "acoustic_entropy_mono": 9.795916557312012,
      "band_eliminated_acoustic_entropies": [
        {
          "acoustic_entropy": 9.816486358642578,
          "acoustic_entropy_side": 9.867960929870605,
          "hz": 129.47220167065723
        },
        {
          "acoustic_entropy": 9.37917423248291,
          "acoustic_entropy_side": 9.639113426208496,
          "hz": 202.92927478742237
        },
        {
          "acoustic_entropy": 10.02207088470459,
          "acoustic_entropy_side": 9.760089874267578,
          "hz": 282.89161906338205
        },
        {
          "acoustic_entropy": 9.61702823638916,
          "acoustic_entropy_side": 9.515576362609863,
          "hz": 369.9353335868758
        },
        {
          "acoustic_entropy": 10.005061149597168,
          "acoustic_entropy_side": 9.586982727050781,
          "hz": 464.6875360973435
        },
        {
          "acoustic_entropy": 9.86064338684082,
          "acoustic_entropy_side": 9.53846263885498,
          "hz": 567.8308811364784
        },
        {
          "acoustic_entropy": 9.269410133361816,
          "acoustic_entropy_side": 9.793717384338379,
          "hz": 680.1084783214808
        },
        {
          "acoustic_entropy": 9.136240005493164,
          "acoustic_entropy_side": 9.916382789611816,
          "hz": 802.3292461747484
        },
        {
          "acoustic_entropy": 9.613537788391113,
          "acoustic_entropy_side": 10.015223503112793,
          "hz": 935.3737400823702
        },
        {
          "acoustic_entropy": 9.583796501159668,
          "acoustic_entropy_side": 9.874662399291992,
          "hz": 1080.2004963696966
        },
        {
          "acoustic_entropy": 8.77200984954834,
          "acoustic_entropy_side": 10.085678100585938,
          "hz": 1237.8529382007157
        },
        {
          "acoustic_entropy": 9.329882621765137,
          "acoustic_entropy_side": 9.678594589233398,
          "hz": 1409.4668930556702
        },
        {
          "acoustic_entropy": 9.585469245910645,
          "acoustic_entropy_side": 10.09898853302002,
          "hz": 1596.2787759475705
        },
        {
          "acoustic_entropy": 9.88616943359375,
          "acoustic_entropy_side": 9.951371192932129,
          "hz": 1799.6344973346393
        },
        {
          "acoustic_entropy": 9.818902015686035,
          "acoustic_entropy_side": 10.035832405090332,
          "hz": 2020.9991599069049
        },
        {
          "acoustic_entropy": 10.007267951965332,
          "acoustic_entropy_side": 10.159920692443848,
          "hz": 2261.9676141086993
        },
        {
          "acoustic_entropy": 9.810861587524414,
          "acoustic_entropy_side": 9.859393119812012,
          "hz": 2524.2759484456974
        },
        {
          "acoustic_entropy": 9.90848159790039,
          "acoustic_entropy_side": 9.864891052246094,
          "hz": 2809.813997359896
        },
        {
          "acoustic_entropy": 9.870573043823242,
          "acoustic_entropy_side": 9.87439250946045,
          "hz": 3120.6389567871424
        },
        {
          "acoustic_entropy": 9.876687049865723,
          "acoustic_entropy_side": 9.879459381103516,
          "hz": 3458.990205492291
        },
        {
          "acoustic_entropy": 9.858580589294434,
          "acoustic_entropy_side": 9.869471549987793,
          "hz": 3827.305438964164
        },
        {
          "acoustic_entropy": 9.877968788146973,
          "acoustic_entropy_side": 9.87967586517334,
          "hz": 4228.238232109126
        },
        {
          "acoustic_entropy": 9.886937141418457,
          "acoustic_entropy_side": 9.884984970092773,
          "hz": 4664.6771572759235
        },
        {
          "acoustic_entropy": 9.863014221191406,
          "acoustic_entropy_side": 9.884093284606934,
          "hz": 5139.766595350093
        },
        {
          "acoustic_entropy": 9.89517879486084,
          "acoustic_entropy_side": 9.89172649383545,
          "hz": 5656.929389854203
        },
        {
          "acoustic_entropy": 9.906465530395508,
          "acoustic_entropy_side": 9.894454956054688,
          "hz": 6219.891507268283
        },
        {
          "acoustic_entropy": 9.918060302734375,
          "acoustic_entropy_side": 9.900909423828125,
          "hz": 6832.70888123896
        },
        {
          "acoustic_entropy": 9.919244766235352,
          "acoustic_entropy_side": 9.901374816894531,
          "hz": 7499.796634079867
        },
        {
          "acoustic_entropy": 9.92855167388916,
          "acoustic_entropy_side": 9.907206535339355,
          "hz": 8225.96088609342
        },
        {
          "acoustic_entropy": 9.94060230255127,
          "acoustic_entropy_side": 9.92970085144043,
          "hz": 9016.43338188839
        },
        {
          "acoustic_entropy": 9.922582626342773,
          "acoustic_entropy_side": 9.946805000305176,
          "hz": 9876.909183162974
        },
        {
          "acoustic_entropy": 9.74077320098877,
          "acoustic_entropy_side": 9.943706512451172,
          "hz": 10813.587699516042
        },
        {
          "acoustic_entropy": 9.604097366333008,
          "acoustic_entropy_side": 9.909146308898926,
          "hz": 11833.21735289826
        },
        {
          "acoustic_entropy": 9.744833946228027,
          "acoustic_entropy_side": 9.95003604888916,
          "hz": 12943.144197493959
        },
        {
          "acoustic_entropy": 9.841512680053711,
          "acoustic_entropy_side": 9.963595390319824,
          "hz": 14151.364845322005
        },
        {
          "acoustic_entropy": 9.832649230957031,
          "acoustic_entropy_side": 9.96583080291748,
          "hz": 15466.58407886509
        },
        {
          "acoustic_entropy": 9.956412315368652,
          "acoustic_entropy_side": 9.950111389160156,
          "hz": 16898.27756580493
        },
        {
          "acoustic_entropy": 9.913110733032227,
          "acoustic_entropy_side": 9.949429512023926,
          "hz": 18456.760127700032
        },
        {
          "acoustic_entropy": 9.936666488647461,
          "acoustic_entropy_side": 9.917425155639648,
          "hz": 20153.260054456492
        },
        {
          "acoustic_entropy": 9.89288330078125,
          "acoustic_entropy_side": 9.886835098266602,
          "hz": 22000.00000000001
        }
      ],
      "diff_acoustic_entropy": 9.06852912902832,
      "sn": 6
    },
    {
      "acoustic_entropy": 15.062332153320312,
      "acoustic_entropy_mono": 13.670915603637695,
      "band_eliminated_acoustic_entropies": [
        {
          "acoustic_entropy": 15.119123458862305,
          "acoustic_entropy_side": 15.09379768371582,
          "hz": 129.47220167065723
        },
        {
          "acoustic_entropy": 15.460183143615723,
          "acoustic_entropy_side": 15.254947662353516,
          "hz": 202.92927478742237
        },
        {
          "acoustic_entropy": 15.424796104431152,
          "acoustic_entropy_side": 14.995271682739258,
          "hz": 282.89161906338205
        },
        {
          "acoustic_entropy": 14.648409843444824,
          "acoustic_entropy_side": 15.12126350402832,
          "hz": 369.9353335868758
        },
        {
          "acoustic_entropy": 15.377909660339355,
          "acoustic_entropy_side": 15.04242992401123,
          "hz": 464.6875360973435
        },
        {
          "acoustic_entropy": 15.957486152648926,
          "acoustic_entropy_side": 15.826135635375977,
          "hz": 567.8308811364784
        },
        {
          "acoustic_entropy": 15.346924781799316,
          "acoustic_entropy_side": 16.557737350463867,
          "hz": 680.1084783214808
        },
        {
          "acoustic_entropy": 14.597973823547363,
          "acoustic_entropy_side": 15.404073715209961,
          "hz": 802.3292461747484
        },
        {
          "acoustic_entropy": 15.321606636047363,
          "acoustic_entropy_side": 15.11974811553955,
          "hz": 935.3737400823702
        },
        {
          "acoustic_entropy": 15.383356094360352,
          "acoustic_entropy_side": 15.223374366760254,
          "hz": 1080.2004963696966
        },
        {
          "acoustic_entropy": 14.677644729614258,
          "acoustic_entropy_side": 15.33348274230957,
          "hz": 1237.8529382007157
        },
        {
          "acoustic_entropy": 14.968936920166016,
          "acoustic_entropy_side": 15.267389297485352,
          "hz": 1409.4668930556702
        },
        {
          "acoustic_entropy": 14.98941707611084,
          "acoustic_entropy_side": 15.633918762207031,
          "hz": 1596.2787759475705
        },
        {
          "acoustic_entropy": 15.455606460571289,
          "acoustic_entropy_side": 15.382079124450684,
          "hz": 1799.6344973346393
        },
        {
          "acoustic_entropy": 14.76504135131836,
          "acoustic_entropy_side": 15.326630592346191,
          "hz": 2020.9991599069049
        },
        {
          "acoustic_entropy": 15.346883773803711,
          "acoustic_entropy_side": 15.424552917480469,
          "hz": 2261.9676141086993
        },
        {
          "acoustic_entropy": 14.676374435424805,
          "acoustic_entropy_side": 14.766432762145996,
          "hz": 2524.2759484456974
        },
        {
          "acoustic_entropy": 14.95274543762207,
          "acoustic_entropy_side": 15.265652656555176,
          "hz": 2809.813997359896
        },
        {
          "acoustic_entropy": 15.0531587600708,
          "acoustic_entropy_side": 15.045605659484863,
          "hz": 3120.6389567871424
        },
        {
          "acoustic_entropy": 15.074771881103516,
          "acoustic_entropy_side": 15.069378852844238,
          "hz": 3458.990205492291
        },
        {
          "acoustic_entropy": 14.944323539733887,
          "acoustic_entropy_side": 15.011171340942383,
          "hz": 3827.305438964164
        },
        {
          "acoustic_entropy": 14.903641700744629,
          "acoustic_entropy_side": 15.014724731445312,
          "hz": 4228.238232109126
        },
        {
          "acoustic_entropy": 14.975384712219238,
          "acoustic_entropy_side": 15.036177635192871,
          "hz": 4664.6771572759235
        },
        {
          "acoustic_entropy": 15.311470985412598,
          "acoustic_entropy_side": 14.935291290283203,
          "hz": 5139.766595350093
        },
        {
          "acoustic_entropy": 14.833431243896484,
          "acoustic_entropy_side": 15.022750854492188,
          "hz": 5656.929389854203
        },
        {
          "acoustic_entropy": 14.982773780822754,
          "acoustic_entropy_side": 15.036646842956543,
          "hz": 6219.891507268283
        },
        {
          "acoustic_entropy": 15.034250259399414,
          "acoustic_entropy_side": 15.0513334274292,
          "hz": 6832.70888123896
        },
        {
          "acoustic_entropy": 15.042977333068848,
          "acoustic_entropy_side": 15.053740501403809,
          "hz": 7499.796634079867
        },
        {
          "acoustic_entropy": 15.04246711730957,
          "acoustic_entropy_side": 15.05204963684082,
          "hz": 8225.96088609342
        },
        {
          "acoustic_entropy": 15.04990005493164,
          "acoustic_entropy_side": 15.056892395019531,
          "hz": 9016.43338188839
        },
        {
          "acoustic_entropy": 15.037830352783203,
          "acoustic_entropy_side": 15.05009651184082,
          "hz": 9876.909183162974
        },
        {
          "acoustic_entropy": 15.002772331237793,
          "acoustic_entropy_side": 15.032958984375,
          "hz": 10813.587699516042
        },
        {
          "acoustic_entropy": 14.986677169799805,
          "acoustic_entropy_side": 15.008882522583008,
          "hz": 11833.21735289826
        },
        {
          "acoustic_entropy": 15.001562118530273,
          "acoustic_entropy_side": 15.03451919555664,
          "hz": 12943.144197493959
        },
        {
          "acoustic_entropy": 15.030924797058105,
          "acoustic_entropy_side": 15.046250343322754,
          "hz": 14151.364845322005
        },
        {
          "acoustic_entropy": 15.030659675598145,
          "acoustic_entropy_side": 15.047022819519043,
          "hz": 15466.58407886509
        },
        {
          "acoustic_entropy": 15.035646438598633,
          "acoustic_entropy_side": 15.04958724975586,
          "hz": 16898.27756580493
        },
        {
          "acoustic_entropy": 15.011514663696289,
          "acoustic_entropy_side": 15.038825035095215,
          "hz": 18456.760127700032
        },
        {
          "acoustic_entropy": 15.026256561279297,
          "acoustic_entropy_side": 15.044536590576172,
          "hz": 20153.260054456492
        },
        {
          "acoustic_entropy": 15.05286979675293,
          "acoustic_entropy_side": 15.057795524597168,
          "hz": 22000.00000000001
        }
      ],
      "diff_acoustic_entropy": 14.415135383605957,
      "sn": 12
    },
    {
      "acoustic_entropy": 24.152767181396484,
      "acoustic_entropy_mono": 20.87727928161621,
      "band_eliminated_acoustic_entropies": [
        {
          "acoustic_entropy": 22.873775482177734,
          "acoustic_entropy_side": 24.011619567871094,
          "hz": 129.47220167065723
        },
        {
          "acoustic_entropy": 24.310861587524414,
          "acoustic_entropy_side": 24.327518463134766,
          "hz": 202.92927478742237
        },
        {
          "acoustic_entropy": 22.808860778808594,
          "acoustic_entropy_side": 23.39822006225586,
          "hz": 282.89161906338205
        },
        {
          "acoustic_entropy": 23.52166748046875,
          "acoustic_entropy_side": 23.73612403869629,
          "hz": 369.9353335868758
        },
        {
          "acoustic_entropy": 23.77227210998535,
          "acoustic_entropy_side": 24.198877334594727,
          "hz": 464.6875360973435
        },
        {
          "acoustic_entropy": 23.24785804748535,
          "acoustic_entropy_side": 24.57514762878418,
          "hz": 567.8308811364784
        },
        {
          "acoustic_entropy": 23.042810440063477,
          "acoustic_entropy_side": 23.990293502807617,
          "hz": 680.1084783214808
        },
        {
          "acoustic_entropy": 21.6701602935791,
          "acoustic_entropy_side": 22.088146209716797,
          "hz": 802.3292461747484
        },
        {
          "acoustic_entropy": 22.867229461669922,
          "acoustic_entropy_side": 23.790998458862305,
          "hz": 935.3737400823702
        },
        {
          "acoustic_entropy": 23.076913833618164,
          "acoustic_entropy_side": 24.25833511352539,
          "hz": 1080.2004963696966
        },
        {
          "acoustic_entropy": 23.04507827758789,
          "acoustic_entropy_side": 23.788867950439453,
          "hz": 1237.8529382007157
        },
        {
          "acoustic_entropy": 22.79904556274414,
          "acoustic_entropy_side": 23.235626220703125,
          "hz": 1409.4668930556702
        },
        {
          "acoustic_entropy": 22.306713104248047,
          "acoustic_entropy_side": 24.098709106445312,
          "hz": 1596.2787759475705
        },
        {
          "acoustic_entropy": 23.187030792236328,
          "acoustic_entropy_side": 23.831388473510742,
          "hz": 1799.6344973346393
        },
        {
          "acoustic_entropy": 23.937108993530273,
          "acoustic_entropy_side": 24.038511276245117,
          "hz": 2020.9991599069049
        },
        {
          "acoustic_entropy": 23.768339157104492,
          "acoustic_entropy_side": 23.987781524658203,
          "hz": 2261.9676141086993
        },
        {
          "acoustic_entropy": 23.92478370666504,
          "acoustic_entropy_side": 23.69291877746582,
          "hz": 2524.2759484456974
        },
        {
          "acoustic_entropy": 23.890125274658203,
          "acoustic_entropy_side": 24.05455780029297,
          "hz": 2809.813997359896
        },
        {
          "acoustic_entropy": 24.077394485473633,
