{
  "acoustic_entropy": 170.26072692871094,
  "bands": [
    {
      "high_freq": 148.1999969482422,
      "loudness": -19.096193313598633,
      "loudness_range": 18.322040557861328,
      "mid_mean": -17.314712524414062,
      "mid_to_side_loudness": -4.801089286804199,
      "mid_to_side_loudness_range": 16.010055541992188,
      "side_mean": -22.004709243774414
    },
    {
      "high_freq": 392.3793640136719,
      "loudness": -20.482646942138672,
      "loudness_range": 9.662636756896973,
      "low_freq": 148.1999969482422,
      "mid_mean": -19.129131317138672,
      "mid_to_side_loudness": -2.1566643714904785,
      "mid_to_side_loudness_range": 8.886334419250488,
      "side_mean": -21.25057029724121
    },
    {
      "high_freq": 794.6976318359375,
      "loudness": -25.983564376831055,
      "loudness_range": 10.847633361816406,
      "low_freq": 392.3793640136719,
      "mid_mean": -24.78292465209961,
      "mid_to_side_loudness": -1.3816279172897339,
      "mid_to_side_loudness_range": 5.78160285949707,
      "side_mean": -26.138132095336914
    },
    {
      "high_freq": 1457.5709228515625,
      "loudness": -28.057458877563477,
      "loudness_range": 11.844228744506836,
      "low_freq": 794.6976318359375,
      "mid_mean": -26.484996795654297,
      "mid_to_side_loudness": -2.3303911685943604,
      "mid_to_side_loudness_range": 6.949334144592285,
      "side_mean": -28.88723373413086
    },
    {
      "high_freq": 2549.74365234375,
      "loudness": -26.921390533447266,
      "loudness_range": 11.900266647338867,
      "low_freq": 1457.5709228515625,
      "mid_mean": -25.33504295349121,
      "mid_to_side_loudness": -2.3850784301757812,
      "mid_to_side_loudness_range": 7.1040449142456055,
      "side_mean": -27.834136962890625
    },
    {
      "high_freq": 4349.24462890625,
      "loudness": -28.143718719482422,
      "loudness_range": 16.613401412963867,
      "low_freq": 2549.74365234375,
      "mid_mean": -26.260833740234375,
      "mid_to_side_loudness": -3.2647671699523926,
      "mid_to_side_loudness_range": 7.831636428833008,
      "side_mean": -29.72641372680664
    },
    {
      "high_freq": 7314.1640625,
      "loudness": -27.524145126342773,
      "loudness_range": 18.50135612487793,
      "low_freq": 4349.24462890625,
      "mid_mean": -25.124311447143555,
      "mid_to_side_loudness": -4.085859298706055,
      "mid_to_side_loudness_range": 8.050772666931152,
      "side_mean": -30.613555908203125
    },
    {
      "high_freq": 12199.2666015625,
      "loudness": -26.28391456604004,
      "loudness_range": 15.299039840698242,
      "low_freq": 7314.1640625,
      "mid_mean": -24.5140438079834,
      "mid_to_side_loudness": -3.221318244934082,
      "mid_to_side_loudness_range": 6.9000325202941895,
      "side_mean": -28.539710998535156
    },
    {
      "loudness": -33.053157806396484,
      "loudness_range": 10.510868072509766,
      "low_freq": 12199.2666015625,
      "mid_mean": -32.35309600830078,
      "mid_to_side_loudness": -1.5182396173477173,
      "mid_to_side_loudness_range": 5.03089714050293,
      "side_mean": -33.87363815307617
    }
  ],
  "bands_short": [
    {
      "high_freq": 148.1999969482422,
      "loudness": -22.716012954711914,
      "loudness_range": 25.345674514770508,
      "mid_mean": -21.692813873291016,
      "mid_to_side_loudness": -3.9983956813812256,
      "mid_to_side_loudness_range": 23.049861907958984,
      "side_mean": -26.077741622924805
    },
    {
      "high_freq": 392.3793640136719,
      "loudness": -20.155855178833008,
      "loudness_range": 15.186841011047363,
      "low_freq": 148.1999969482422,
      "mid_mean": -19.06942367553711,
      "mid_to_side_loudness": -2.327925205230713,
      "mid_to_side_loudness_range": 14.207952499389648,
      "side_mean": -21.33455467224121
    },
    {
      "high_freq": 794.6976318359375,
      "loudness": -26.327987670898438,
      "loudness_range": 15.272693634033203,
      "low_freq": 392.3793640136719,
      "mid_mean": -25.42320442199707,
      "mid_to_side_loudness": -1.1710448265075684,
      "mid_to_side_loudness_range": 10.036800384521484,
      "side_mean": -26.55792236328125
    },
    {
      "high_freq": 1457.5709228515625,
      "loudness": -28.996849060058594,
      "loudness_range": 16.688438415527344,
      "low_freq": 794.6976318359375,
      "mid_mean": -27.845003128051758,
      "mid_to_side_loudness": -1.6101280450820923,
      "mid_to_side_loudness_range": 8.983149528503418,
      "side_mean": -29.504560470581055
    },
    {
      "high_freq": 2549.74365234375,
      "loudness": -28.23866081237793,
      "loudness_range": 17.295948028564453,
      "low_freq": 1457.5709228515625,
      "mid_mean": -27.122756958007812,
      "mid_to_side_loudness": -1.4669568538665771,
      "mid_to_side_loudness_range": 8.27495002746582,
      "side_mean": -28.653268814086914
    },
    {
      "high_freq": 4349.24462890625,
      "loudness": -29.749223709106445,
      "loudness_range": 20.539020538330078,
      "low_freq": 2549.74365234375,
      "mid_mean": -28.269092559814453,
      "mid_to_side_loudness": -2.4016988277435303,
      "mid_to_side_loudness_range": 9.440309524536133,
      "side_mean": -30.803050994873047
    },
    {
      "high_freq": 7314.1640625,
      "loudness": -30.1110897064209,
      "loudness_range": 26.4854793548584,
      "low_freq": 4349.24462890625,
      "mid_mean": -28.227352142333984,
      "mid_to_side_loudness": -3.3659517765045166,
      "mid_to_side_loudness_range": 9.8430757522583,
      "side_mean": -32.37542724609375
    },
    {
      "high_freq": 12199.2666015625,
      "loudness": -29.39607048034668,
      "loudness_range": 24.922677993774414,
      "low_freq": 7314.1640625,
      "mid_mean": -28.32103729248047,
      "mid_to_side_loudness": -2.9254188537597656,
      "mid_to_side_loudness_range": 9.423238754272461,
      "side_mean": -31.881303787231445
    },
    {
      "loudness": -36.534263610839844,
      "loudness_range": 22.415327072143555,
      "low_freq": 12199.2666015625,
      "mid_mean": -37.05802917480469,
      "mid_to_side_loudness": -1.1458081007003784,
      "mid_to_side_loudness_range": 9.776040077209473,
      "side_mean": -37.867774963378906
    }
  ],
  "bandwidth": 405.3996887207031,
  "channels": 2,
  "covariance": [
    [
      54.53662872314453,
      40.33381271362305,
      12.29066276550293,
      13.547346115112305,
      3.902592182159424,
      5.320194721221924,
      13.86984634399414,
      7.785832405090332,
      19.327556610107422,
      10.057442665100098,
      28.403594970703125,
      18.87439727783203,
      32.9043083190918,
      33.198970794677734,
      25.42320442199707,
      21.967273712158203,
      23.3339900970459,
      18.21637725830078
    ],
    [
      40.33381271362305,
      61.578914642333984,
      12.51144790649414,
      16.45224380493164,
      6.2019944190979,
      7.846302032470703,
      14.731011390686035,
      10.668142318725586,
      19.505273818969727,
      12.70205020904541,
      30.36522674560547,
      23.315576553344727,
      31.133689880371094,
      37.11418914794922,
      23.416624069213867,
      21.701696395874023,
      19.959753036499023,
      17.395483016967773
    ],
    [
      12.29066276550293,
      12.51144790649414,
      19.53190040588379,
      18.12940788269043,
      13.302106857299805,
      14.740811347961426,
      15.220602035522461,
      15.881712913513184,
      16.037179946899414,
      15.714818000793457,
      15.172843933105469,
      16.519506454467773,
      6.733948707580566,
      10.327265739440918,
      4.635347843170166,
      4.788913249969482,
      6.341194152832031,
      6.26649284362793
    ],
    [
      13.547346115112305,
      16.45224380493164,
      18.12940788269043,
      28.225595474243164,
      15.038468360900879,
      18.371055603027344,
      17.446393966674805,
      19.704133987426758,
      18.08694839477539,
      19.245336532592773,
      19.451812744140625,
      21.705524444580078,
      7.789340019226074,
      15.284037590026855,
      4.5500383377075195,
      5.133326053619385,
      6.617661476135254,
      7.078858375549316
    ],
    [
      3.902592182159424,
      6.2019944190979,
      13.302106857299805,
      15.038468360900879,
      18.23664093017578,
      18.02924346923828,
      14.681498527526855,
      18.15915298461914,
      13.852592468261719,
      17.19355583190918,
      11.075265884399414,
      15.536311149597168,
      2.2287161350250244,
      6.59689998626709,
      0.5891739726066589,
      1.7534724473953247,
      2.618809461593628,
      3.764667510986328
    ],
    [
      5.320194721221924,
      7.846302032470703,
      14.740811347961426,
      18.371055603027344,
      18.02924346923828,
      22.23099708557129,
      16.70094108581543,
      21.36017608642578,
      15.855162620544434,
      20.28938102722168,
      13.32681655883789,
      18.68730354309082,
      2.610297918319702,
      8.51873779296875,
      0.38727477192878723,
      1.7961913347244263,
      2.9824752807617188,
      4.3358540534973145
    ],
    [
      13.86984634399414,
      14.731011390686035,
      15.220602035522461,
      17.446393966674805,
      14.681498527526855,
      16.70094108581543,
      21.839475631713867,
      20.992259979248047,
      21.605693817138672,
      21.047456741333008,
      22.059776306152344,
      23.170671463012695,
      12.954642295837402,
      18.736360549926758,
      8.640932083129883,
      8.743494033813477,
      7.967110633850098,
      8.34232234954834
    ],
    [
      7.785832405090332,
      10.668142318725586,
      15.881712913513184,
      19.704133987426758,
      18.15915298461914,
      21.36017608642578,
      20.992259979248047,
      26.90498161315918,
      20.8183536529541,
      25.473873138427734,
      19.2786808013916,
      25.01502799987793,
      6.3132710456848145,
      15.299837112426758,
      1.456002116203308,
      3.4023265838623047,
      3.452514886856079,
      5.3852081298828125
    ],
    [
      19.327556610107422,
      19.505273818969727,
      16.037179946899414,
      18.08694839477539,
      13.852592468261719,
      15.855162620544434,
      21.605693817138672,
      20.8183536529541,
      25.562664031982422,
      22.843997955322266,
      27.12731170654297,
      27.17778968811035,
      18.188556671142578,
      24.755109786987305,
      11.432984352111816,
      11.991766929626465,
      10.431830406188965,
      10.71655559539795
    ],
    [
      10.057442665100098,
      12.70205020904541,
      15.714818000793457,
      19.245336532592773,
      17.19355583190918,
      20.28938102722168,
      21.047456741333008,
      25.473873138427734,
      22.843997955322266,
      28.506980895996094,
      22.195663452148438,
      28.134511947631836,
      9.608541488647461,
      19.282154083251953,
      3.6517221927642822,
      5.499731063842773,
      5.304529190063477,
      6.266682147979736
    ],
    [
      28.403594970703125,
      30.36522674560547,
      15.172843933105469,
      19.451812744140625,
      11.075265884399414,
      13.32681655883789,
      22.059776306152344,
      19.2786808013916,
      27.12731170654297,
      22.195663452148438,
      40.49898910522461,
      34.716705322265625,
      30.916046142578125,
      40.9760627746582,
      20.692819595336914,
      20.957244873046875,
      17.340604782104492,
      16.583105087280273
    ],
    [
      18.87439727783203,
      23.315576553344727,
      16.519506454467773,
      21.705524444580078,
      15.536311149597168,
      18.68730354309082,
      23.170671463012695,
      25.01502799987793,
      27.17778968811035,
      28.134511947631836,
      34.716705322265625,
      38.51816177368164,
      21.51274299621582,
      34.802127838134766,
      12.355177879333496,
      14.315180778503418,
      11.164652824401855,
      11.934691429138184
    ],
    [
      32.9043083190918,
      31.133689880371094,
      6.733948707580566,
      7.789340019226074,
      2.2287161350250244,
      2.610297918319702,
      12.954642295837402,
      6.3132710456848145,
      18.188556671142578,
      9.608541488647461,
      30.916046142578125,
      21.51274299621582,
      57.84157180786133,
      46.352149963378906,
      39.39563751220703,
      38.77902603149414,
      31.47509002685547,
      27.203819274902344
    ],
    [
      33.198970794677734,
      37.11418914794922,
      10.327265739440918,
      15.284037590026855,
      6.59689998626709,
      8.51873779296875,
      18.736360549926758,
      15.299837112426758,
      24.755109786987305,
      19.282154083251953,
      40.9760627746582,
      34.802127838134766,
      46.352149963378906,
      62.81338882446289,
      28.530906677246094,
      31.213491439819336,
      22.517858505249023,
      21.753190994262695
    ],
    [
      25.42320442199707,
      23.416624069213867,
      4.635347843170166,
      4.5500383377075195,
      0.5891739726066589,
      0.38727477192878723,
      8.640932083129883,
      1.456002116203308,
      11.432984352111816,
      3.6517221927642822,
      20.692819595336914,
      12.355177879333496,
      39.39563751220703,
      28.530906677246094,
      56.399200439453125,
      43.271732330322266,
      44.13978576660156,
      33.921173095703125
    ],
    [
      21.967273712158203,
      21.701696395874023,
      4.788913249969482,
      5.133326053619385,
      1.7534724473953247,
      1.7961913347244263,
      8.743494033813477,
      3.4023265838623047,
      11.991766929626465,
      5.499731063842773,
      20.957244873046875,
      14.315180778503418,
      38.77902603149414,
      31.213491439819336,
      43.271732330322266,
      47.94832992553711,
      33.837005615234375,
      31.932832717895508
    ],
    [
      23.3339900970459,
      19.959753036499023,
      6.341194152832031,
      6.617661476135254,
      2.618809461593628,
      2.9824752807617188,
      7.967110633850098,
      3.452514886856079,
      10.431830406188965,
      5.304529190063477,
      17.340604782104492,
      11.164652824401855,
      31.47509002685547,
      22.517858505249023,
      44.13978576660156,
      33.837005615234375,
      44.4318733215332,
      33.65898132324219
    ],
    [
      18.21637725830078,
      17.395483016967773,
      6.26649284362793,
      7.078858375549316,
      3.764667510986328,
      4.3358540534973145,
      8.34232234954834,
      5.3852081298828125,
      10.71655559539795,
      6.266682147979736,
      16.583105087280273,
      11.934691429138184,
      27.203819274902344,
      21.753190994262695,
      33.921173095703125,
      31.932832717895508,
      33.65898132324219,
      33.78218460083008
    ]
  ],
  "covariance_short": [
    [
      91.53186798095703,
      52.07908630371094,
      17.907503128051758,
      18.316051483154297,
      -1.6983144283294678,
      1.5670876502990723,
      3.7470285892486572,
      1.1909620761871338,
      8.228318214416504,
      4.1520538330078125,
      18.41983985900879,
      11.902798652648926,
      27.624258041381836,
      24.391639709472656,
      20.691537857055664,
      18.44583511352539,
      18.375743865966797,
      15.236263275146484
    ],
    [
      52.07908630371094,
      96.55873107910156,
      22.393115997314453,
      26.32642936706543,
      5.49957799911499,
      5.899417400360107,
      9.684297561645508,
      7.202040672302246,
      13.226776123046875,
      8.71217155456543,
      25.81332015991211,
      18.546592712402344,
      39.2119140625,
      35.24760055541992,
      33.1407470703125,
      29.37755012512207,
      30.78287124633789,
      24.594295501708984
    ],
    [
      17.907503128051758,
      22.393115997314453,
      33.486968994140625,
      24.37822914123535,
      17.564496994018555,
      18.040122985839844,
      18.236040115356445,
      17.59129524230957,
      18.66080665588379,
      16.701251983642578,
      19.429288864135742,
      18.662748336791992,
      14.553858757019043,
      14.691298484802246,
      12.309859275817871,
      12.277665138244629,
      14.702743530273438,
      13.961387634277344
    ],
    [
      18.316051483154297,
      26.32642936706543,
      24.37822914123535,
      41.43973159790039,
      18.39151382446289,
      21.51394271850586,
      19.33540916442871,
      21.058265686035156,
      19.96680450439453,
      20.29906463623047,
      22.568418502807617,
      23.719690322875977,
      16.726375579833984,
      18.868488311767578,
      7.8852081298828125,
      9.110509872436523,
      9.776877403259277,
      10.659735679626465
    ],
    [
      -1.6983144283294678,
      5.49957799911499,
      17.564496994018555,
      18.39151382446289,
      33.34764099121094,
      27.571727752685547,
      26.152475357055664,
      27.205228805541992,
      23.204853057861328,
      23.545608520507812,
      19.732563018798828,
      22.67023277282715,
      8.984397888183594,
      12.822867393493652,
      6.888137340545654,
      9.89493179321289,
      10.800629615783691,
      13.307793617248535
    ],
    [
      1.5670876502990723,
      5.899417400360107,
      18.040122985839844,
      21.51394271850586,
      27.571727752685547,
      34.54594802856445,
      25.728321075439453,
      28.705915451049805,
      23.265546798706055,
      25.538516998291016,
      20.381071090698242,
      24.896577835083008,
      8.652381896972656,
      14.285974502563477,
      4.29494047164917,
      8.364726066589355,
      7.894118785858154,
      11.849523544311523
    ],
    [
      3.7470285892486572,
      9.684297561645508,
      18.236040115356445,
      19.33540916442871,
      26.152475357055664,
      25.728321075439453,
      39.232933044433594,
      32.95539474487305,
      35.77278518676758,
      30.94038200378418,
      35.65378189086914,
      34.185302734375,
      26.548744201660156,
      27.977109909057617,
      21.95197296142578,
      21.90778160095215,
      21.88092803955078,
      21.410419464111328
    ],
    [
      1.1909620761871338,
      7.202040672302246,
      17.59129524230957,
      21.058265686035156,
      27.205228805541992,
      28.705915451049805,
      32.95539474487305,
      38.58506774902344,
      31.835906982421875,
      33.08111572265625,
      30.00526237487793,
      34.16843032836914,
      17.785755157470703,
      24.2101993560791,
      10.225648880004883,
      14.419978141784668,
      12.024079322814941,
      15.865099906921387
    ],
    [
      8.228318214416504,
      13.226776123046875,
      18.66080665588379,
      19.96680450439453,
      23.204853057861328,
      23.265546798706055,
      35.77278518676758,
      31.835906982421875,
      42.62137222290039,
      34.28435516357422,
      43.03462219238281,
      39.99081039428711,
      34.543418884277344,
      35.98127365112305,
      27.599056243896484,
      27.149259567260742,
      26.020418167114258,
      24.542537689208984
    ],
    [
      4.1520538330078125,
      8.71217155456543,
      16.701251983642578,
      20.29906463623047,
      23.545608520507812,
      25.538516998291016,
      30.94038200378418,
      33.08111572265625,
      34.28435516357422,
      37.75648498535156,
      33.14413070678711,
      37.66416549682617,
      20.36737060546875,
      27.9901180267334,
      12.071972846984863,
      16.22547149658203,
      12.715648651123047,
      16.033985137939453
    ],
    [
      18.41983985900879,
      25.81332015991211,
      19.429288864135742,
      22.568418502807617,
      19.732563018798828,
      20.381071090698242,
      35.65378189086914,
      30.00526237487793,
      43.03462219238281,
      33.14413070678711,
      58.911861419677734,
      48.35089874267578,
      55.04547119140625,
      54.88994216918945,
      45.28123474121094,
      43.06769943237305,
      41.37141418457031,
      36.792972564697266
    ],
    [
      11.902798652648926,
      18.546592712402344,
      18.662748336791992,
      23.719690322875977,
      22.67023277282715,
      24.896577835083008,
      34.185302734375,
      34.16843032836914,
      39.99081039428711,
      37.66416549682617,
      48.35089874267578,
      51.28834915161133,
      38.84238815307617,
      46.678958892822266,
      27.58420181274414,
      31.516183853149414,
      26.470352172851562,
      27.998552322387695
    ],
    [
      27.624258041381836,
      39.2119140625,
      14.553858757019043,
      16.726375579833984,
      8.984397888183594,
      8.652381896972656,
      26.548744201660156,
      17.785755157470703,
      34.543418884277344,
      20.36737060546875,
      55.04547119140625,
      38.84238815307617,
      91.14778900146484,
      73.28054809570312,
      76.35167694091797,
      69.2873764038086,
      68.10187530517578,
      55.875484466552734
    ],
    [
      24.391639709472656,
      35.24760055541992,
      14.691298484802246,
      18.868488311767578,
      12.822867393493652,
      14.285974502563477,
      27.977109909057617,
      24.2101993560791,
      35.98127365112305,
      27.9901180267334,
      54.88994216918945,
      46.678958892822266,
      73.28054809570312,
      78.07491302490234,
      56.85310745239258,
      59.182151794433594,
      52.599082946777344,
      49.58488082885742
    ],
    [
      20.691537857055664,
      33.1407470703125,
      12.309859275817871,
      7.8852081298828125,
      6.888137340545654,
      4.29494047164917,
      21.95197296142578,
      10.225648880004883,
      27.599056243896484,
      12.071972846984863,
      45.28123474121094,
      27.58420181274414,
      76.35167694091797,
      56.85310745239258,
      100.22198486328125,
      82.31175994873047,
      88.11622619628906,
      70.14647674560547
    ],
    [
      18.44583511352539,
      29.37755012512207,
      12.277665138244629,
      9.110509872436523,
      9.89493179321289,
      8.364726066589355,
      21.90778160095215,
      14.419978141784668,
      27.149259567260742,
      16.22547149658203,
      43.06769943237305,
      31.516183853149414,
      69.2873764038086,
      59.182151794433594,
      82.31175994873047,
      86.43401336669922,
      77.51399993896484,
      72.55094909667969
    ],
    [
      18.375743865966797,
      30.78287124633789,
      14.702743530273438,
      9.776877403259277,
      10.800629615783691,
      7.894118785858154,
      21.88092803955078,
      12.024079322814941,
      26.020418167114258,
      12.715648651123047,
      41.37141418457031,
      26.470352172851562,
      68.10187530517578,
      52.599082946777344,
      88.11622619628906,
      77.51399993896484,
      97.32032012939453,
      80.58531188964844
    ],
    [
      15.236263275146484,
      24.594295501708984,
      13.961387634277344,
      10.659735679626465,
      13.307793617248535,
      11.849523544311523,
      21.410419464111328,
      15.865099906921387,
      24.542537689208984,
      16.033985137939453,
      36.792972564697266,
      27.998552322387695,
      55.875484466552734,
      49.58488082885742,
      70.14647674560547,
      72.55094909667969,
      80.58531188964844,
      85.13741302490234
    ]
  ],
  "damage": -3.481773614883423,
  "diff_bandwidth": 352.4478759765625,
  "dissonance": 9.264363895251394,
  "drr": 13.251123428344727,
  "dynamics": 3.266993522644043,
  "format": 1245190,
  "frames": 15896512,
  "loudness": -9.938072204589844,
  "loudness_range": 10.093862533569336,
  "loudness_range_short": 12.310413360595703,
  "lowpass_true_peak_15khz": 0.9477184414863586,
  "mastering3_acoustic_entropies": [
    {
      "acoustic_entropy": 7.323472499847412,
      "acoustic_entropy_mono": 6.24389123916626,
      "band_eliminated_acoustic_entropies": [
        {
          "acoustic_entropy": 6.898709297180176,
          "acoustic_entropy_side": 6.861649513244629,
          "hz": 129.47220167065723
        },
        {
          "acoustic_entropy": 6.450274467468262,
          "acoustic_entropy_side": 7.206087112426758,
          "hz": 202.92927478742237
        },
        {
          "acoustic_entropy": 7.019454002380371,
          "acoustic_entropy_side": 7.111165523529053,
          "hz": 282.89161906338205
        },
        {
          "acoustic_entropy": 6.709876537322998,
          "acoustic_entropy_side": 7.472224712371826,
          "hz": 369.9353335868758
        },
        {
          "acoustic_entropy": 6.7153215408325195,
          "acoustic_entropy_side": 7.192638397216797,
          "hz": 464.6875360973435
        },
        {
          "acoustic_entropy": 7.064696788787842,
          "acoustic_entropy_side": 7.400942325592041,
          "hz": 567.8308811364784
        },
        {
          "acoustic_entropy": 7.141857624053955,
          "acoustic_entropy_side": 7.16526985168457,
          "hz": 680.1084783214808
        },
        {
          "acoustic_entropy": 7.197227478027344,
          "acoustic_entropy_side": 7.240540504455566,
          "hz": 802.3292461747484
        },
        {
          "acoustic_entropy": 7.675050258636475,
          "acoustic_entropy_side": 7.432734966278076,
          "hz": 935.3737400823702
        },
        {
          "acoustic_entropy": 7.380992889404297,
          "acoustic_entropy_side": 7.25396728515625,
          "hz": 1080.2004963696966
        },
        {
          "acoustic_entropy": 7.381292343139648,
          "acoustic_entropy_side": 7.22125244140625,
          "hz": 1237.8529382007157
        },
        {
          "acoustic_entropy": 7.136811256408691,
          "acoustic_entropy_side": 7.180174350738525,
          "hz": 1409.4668930556702
        },
        {
          "acoustic_entropy": 7.251748085021973,
          "acoustic_entropy_side": 7.224509239196777,
          "hz": 1596.2787759475705
        },
        {
          "acoustic_entropy": 7.34333610534668,
          "acoustic_entropy_side": 7.291468143463135,
          "hz": 1799.6344973346393
        },
        {
          "acoustic_entropy": 7.332582950592041,
          "acoustic_entropy_side": 7.299124240875244,
          "hz": 2020.9991599069049
        },
        {
          "acoustic_entropy": 7.349221229553223,
          "acoustic_entropy_side": 7.32820987701416,
          "hz": 2261.9676141086993
        },
        {
          "acoustic_entropy": 7.349915504455566,
          "acoustic_entropy_side": 7.296980381011963,
          "hz": 2524.2759484456974
        },
        {
          "acoustic_entropy": 7.351981163024902,
          "acoustic_entropy_side": 7.319124698638916,
          "hz": 2809.813997359896
        },
        {
          "acoustic_entropy": 7.357405185699463,
          "acoustic_entropy_side": 7.33245325088501,
          "hz": 3120.6389567871424
        },
        {
          "acoustic_entropy": 7.276379585266113,
          "acoustic_entropy_side": 7.308186054229736,
          "hz": 3458.990205492291
        },
        {
          "acoustic_entropy": 7.243425369262695,
          "acoustic_entropy_side": 7.290704250335693,
          "hz": 3827.305438964164
        },
        {
          "acoustic_entropy": 7.276244163513184,
          "acoustic_entropy_side": 7.2889018058776855,
          "hz": 4228.238232109126
        },
        {
          "acoustic_entropy": 7.243188381195068,
          "acoustic_entropy_side": 7.257339954376221,
          "hz": 4664.6771572759235
        },
        {
          "acoustic_entropy": 7.273958206176758,
          "acoustic_entropy_side": 7.310052394866943,
          "hz": 5139.766595350093
        },
        {
          "acoustic_entropy": 7.265204429626465,
          "acoustic_entropy_side": 7.284688472747803,
          "hz": 5656.929389854203
        },
        {
          "acoustic_entropy": 7.365482330322266,
          "acoustic_entropy_side": 7.279133319854736,
          "hz": 6219.891507268283
        },
        {
          "acoustic_entropy": 7.298375606536865,
          "acoustic_entropy_side": 7.269386291503906,
          "hz": 6832.70888123896
        },
        {
          "acoustic_entropy": 7.310420036315918,
          "acoustic_entropy_side": 7.323223114013672,
          "hz": 7499.796634079867
        },
        {
          "acoustic_entropy": 7.256682395935059,
          "acoustic_entropy_side": 7.3208537101745605,
          "hz": 8225.96088609342
        },
        {
          "acoustic_entropy": 7.160750389099121,
          "acoustic_entropy_side": 7.330142021179199,
          "hz": 9016.43338188839
        },
        {
          "acoustic_entropy": 7.253657341003418,
          "acoustic_entropy_side": 7.329964637756348,
          "hz": 9876.909183162974
        },
        {
          "acoustic_entropy": 7.25705623626709,
          "acoustic_entropy_side": 7.334877967834473,
          "hz": 10813.587699516042
        },
        {
          "acoustic_entropy": 7.201934814453125,
          "acoustic_entropy_side": 7.322929382324219,
          "hz": 11833.21735289826
        },
        {
          "acoustic_entropy": 7.322564601898193,
          "acoustic_entropy_side": 7.357785224914551,
          "hz": 12943.144197493959
        },
        {
          "acoustic_entropy": 7.320339202880859,
          "acoustic_entropy_side": 7.355260848999023,
          "hz": 14151.364845322005
        },
        {
          "acoustic_entropy": 7.355804920196533,
          "acoustic_entropy_side": 7.355231285095215,
          "hz": 15466.58407886509
        },
        {
          "acoustic_entropy": 7.400189399719238,
          "acoustic_entropy_side": 7.380609512329102,
          "hz": 16898.27756580493
        },
        {
          "acoustic_entropy": 7.385167598724365,
          "acoustic_entropy_side": 7.3867340087890625,
          "hz": 18456.760127700032
        },
        {
          "acoustic_entropy": 7.355310916900635,
          "acoustic_entropy_side": 7.371891975402832,
          "hz": 20153.260054456492
        },
        {
          "acoustic_entropy": 7.402861595153809,
          "acoustic_entropy_side": 7.365292072296143,
          "hz": 22000.00000000001
        }
      ],
      "diff_acoustic_entropy": 8.324163436889648,
      "sn": 6
    },
    {
      "acoustic_entropy": 11.819729804992676,
      "acoustic_entropy_mono": 9.431975364685059,
      "band_eliminated_acoustic_entropies": [
        {
          "acoustic_entropy": 11.122763633728027,
          "acoustic_entropy_side": 11.295673370361328,
          "hz": 129.47220167065723
        },
        {
          "acoustic_entropy": 11.858122825622559,
          "acoustic_entropy_side": 11.413034439086914,
          "hz": 202.92927478742237
        },
        {
          "acoustic_entropy": 11.424954414367676,
          "acoustic_entropy_side": 11.4242525100708,
          "hz": 282.89161906338205
        },
        {
          "acoustic_entropy": 11.34914493560791,
          "acoustic_entropy_side": 11.638012886047363,
          "hz": 369.9353335868758
        },
        {
          "acoustic_entropy": 11.407238006591797,
          "acoustic_entropy_side": 11.971555709838867,
          "hz": 464.6875360973435
        },
        {
          "acoustic_entropy": 11.378820419311523,
          "acoustic_entropy_side": 11.883389472961426,
          "hz": 567.8308811364784
        },
        {
          "acoustic_entropy": 11.69858169555664,
          "acoustic_entropy_side": 11.761876106262207,
          "hz": 680.1084783214808
        },
        {
          "acoustic_entropy": 11.7185640335083,
          "acoustic_entropy_side": 11.892535209655762,
          "hz": 802.3292461747484
        },
        {
          "acoustic_entropy": 11.74458122253418,
          "acoustic_entropy_side": 11.675776481628418,
          "hz": 935.3737400823702
        },
        {
          "acoustic_entropy": 11.612852096557617,
          "acoustic_entropy_side": 11.855170249938965,
          "hz": 1080.2004963696966
        },
        {
          "acoustic_entropy": 11.982747077941895,
          "acoustic_entropy_side": 11.921660423278809,
          "hz": 1237.8529382007157
        },
        {
          "acoustic_entropy": 11.8641357421875,
          "acoustic_entropy_side": 11.808854103088379,
          "hz": 1409.4668930556702
        },
        {
          "acoustic_entropy": 11.79362964630127,
          "acoustic_entropy_side": 11.931889533996582,
          "hz": 1596.2787759475705
        },
        {
          "acoustic_entropy": 11.832901954650879,
          "acoustic_entropy_side": 11.83621597290039,
          "hz": 1799.6344973346393
        },
        {
          "acoustic_entropy": 11.854009628295898,
          "acoustic_entropy_side": 11.763313293457031,
          "hz": 2020.9991599069049
        },
        {
          "acoustic_entropy": 11.89826488494873,
          "acoustic_entropy_side": 11.817595481872559,
          "hz": 2261.9676141086993
        },
        {
          "acoustic_entropy": 11.8801851272583,
          "acoustic_entropy_side": 11.851851463317871,
          "hz": 2524.2759484456974
        },
        {
          "acoustic_entropy": 11.709443092346191,
          "acoustic_entropy_side": 11.797205924987793,
          "hz": 2809.813997359896
        },
        {
          "acoustic_entropy": 11.714433670043945,
          "acoustic_entropy_side": 11.757424354553223,
          "hz": 3120.6389567871424
        },
        {
          "acoustic_entropy": 11.483586311340332,
          "acoustic_entropy_side": 11.770411491394043,
          "hz": 3458.990205492291
        },
        {
          "acoustic_entropy": 11.6976957321167,
          "acoustic_entropy_side": 11.765932083129883,
          "hz": 3827.305438964164
        },
        {
          "acoustic_entropy": 11.794215202331543,
          "acoustic_entropy_side": 11.811535835266113,
          "hz": 4228.238232109126
        },
        {
          "acoustic_entropy": 11.77047348022461,
          "acoustic_entropy_side": 11.862787246704102,
          "hz": 4664.6771572759235
        },
        {
          "acoustic_entropy": 11.748642921447754,
          "acoustic_entropy_side": 11.768875122070312,
          "hz": 5139.766595350093
        },
        {
          "acoustic_entropy": 11.615333557128906,
          "acoustic_entropy_side": 11.703071594238281,
          "hz": 5656.929389854203
        },
        {
          "acoustic_entropy": 11.62243938446045,
          "acoustic_entropy_side": 11.702088356018066,
          "hz": 6219.891507268283
        },
        {
          "acoustic_entropy": 11.696818351745605,
          "acoustic_entropy_side": 11.704002380371094,
          "hz": 6832.70888123896
        },
        {
          "acoustic_entropy": 11.55020523071289,
          "acoustic_entropy_side": 11.648664474487305,
          "hz": 7499.796634079867
        },
        {
          "acoustic_entropy": 11.588791847229004,
          "acoustic_entropy_side": 11.651373863220215,
          "hz": 8225.96088609342
        },
        {
          "acoustic_entropy": 11.660076141357422,
          "acoustic_entropy_side": 11.78100872039795,
          "hz": 9016.43338188839
        },
        {
          "acoustic_entropy": 11.729169845581055,
          "acoustic_entropy_side": 11.762959480285645,
          "hz": 9876.909183162974
        },
        {
          "acoustic_entropy": 11.735066413879395,
          "acoustic_entropy_side": 11.78598403930664,
          "hz": 10813.587699516042
        },
        {
          "acoustic_entropy": 11.794743537902832,
          "acoustic_entropy_side": 11.874771118164062,
          "hz": 11833.21735289826
        },
        {
          "acoustic_entropy": 11.802733421325684,
          "acoustic_entropy_side": 11.814855575561523,
          "hz": 12943.144197493959
        },
        {
          "acoustic_entropy": 11.785966873168945,
          "acoustic_entropy_side": 11.91143798828125,
          "hz": 14151.364845322005
        },
        {
          "acoustic_entropy": 11.613723754882812,
          "acoustic_entropy_side": 11.928088188171387,
          "hz": 15466.58407886509
        },
        {
          "acoustic_entropy": 11.619891166687012,
          "acoustic_entropy_side": 11.844888687133789,
          "hz": 16898.27756580493
        },
        {
          "acoustic_entropy": 11.689115524291992,
          "acoustic_entropy_side": 11.850587844848633,
          "hz": 18456.760127700032
        },
        {
          "acoustic_entropy": 11.121023178100586,
          "acoustic_entropy_side": 11.835824012756348,
          "hz": 20153.260054456492
        },
        {
          "acoustic_entropy": 11.615034103393555,
          "acoustic_entropy_side": 11.827961921691895,
          "hz": 22000.00000000001
        }
      ],
      "diff_acoustic_entropy": 12.454803466796875,
      "sn": 12
    },
    {
      "acoustic_entropy": 16.143850326538086,
      "acoustic_entropy_mono": 12.25940227508545,
      "band_eliminated_acoustic_entropies": [
        {
          "acoustic_entropy": 15.471186637878418,
          "acoustic_entropy_side": 15.644150733947754,
          "hz": 129.47220167065723
        },
        {
          "acoustic_entropy": 18.252899169921875,
          "acoustic_entropy_side": 17.855060577392578,
          "hz": 202.92927478742237
        },
        {
          "acoustic_entropy": 15.34589672088623,
          "acoustic_entropy_side": 15.597969055175781,
          "hz": 282.89161906338205
        },
        {
          "acoustic_entropy": 15.68067741394043,
          "acoustic_entropy_side": 16.656734466552734,
          "hz": 369.9353335868758
        },
        {
          "acoustic_entropy": 15.668854713439941,
          "acoustic_entropy_side": 16.27389144897461,
          "hz": 464.6875360973435
        },
        {
          "acoustic_entropy": 16.567537307739258,
          "acoustic_entropy_side": 16.45220375061035,
          "hz": 567.8308811364784
        },
        {
          "acoustic_entropy": 15.819352149963379,
          "acoustic_entropy_side": 16.038679122924805,
          "hz": 680.1084783214808
        },
        {
          "acoustic_entropy": 16.021080017089844,
          "acoustic_entropy_side": 16.34151840209961,
          "hz": 802.3292461747484
        },
        {
          "acoustic_entropy": 16.258127212524414,
          "acoustic_entropy_side": 15.7321138381958,
          "hz": 935.3737400823702
        },
        {
          "acoustic_entropy": 16.327838897705078,
          "acoustic_entropy_side": 16.007265090942383,
          "hz": 1080.2004963696966
        },
        {
          "acoustic_entropy": 16.243314743041992,
          "acoustic_entropy_side": 16.20917320251465,
          "hz": 1237.8529382007157
        },
        {
          "acoustic_entropy": 15.945069313049316,
          "acoustic_entropy_side": 15.909158706665039,
          "hz": 1409.4668930556702
        },
        {
          "acoustic_entropy": 15.887638092041016,
          "acoustic_entropy_side": 15.977301597595215,
          "hz": 1596.2787759475705
        },
        {
          "acoustic_entropy": 15.72523307800293,
          "acoustic_entropy_side": 15.964531898498535,
          "hz": 1799.6344973346393
        },
        {
          "acoustic_entropy": 15.903185844421387,
          "acoustic_entropy_side": 15.959022521972656,
          "hz": 2020.9991599069049
        },
        {
          "acoustic_entropy": 16.237703323364258,
          "acoustic_entropy_side": 16.285818099975586,
          "hz": 2261.9676141086993
        },
        {
          "acoustic_entropy": 15.920096397399902,
          "acoustic_entropy_side": 15.990446090698242,
          "hz": 2524.2759484456974
        },
        {
          "acoustic_entropy": 16.104482650756836,
          "acoustic_entropy_side": 16.119497299194336,
          "hz": 2809.813997359896
        },
        {
          "acoustic_entropy": 16.403474807739258,
