{
  "acoustic_entropy": 97.43595123291016,
  "bands": [
    {
      "high_freq": 148.1999969482422,
      "loudness": -49.24664306640625,
      "loudness_range": 24.71570587158203,
      "mid_mean": -48.68205642700195,
      "mid_to_side_loudness": -3.2398502826690674,
      "mid_to_side_loudness_range": 17.913005828857422,
      "side_mean": -52.556884765625
    },
    {
      "high_freq": 392.3793640136719,
      "loudness": -23.046653747558594,
      "loudness_range": 13.296272277832031,
      "low_freq": 148.1999969482422,
      "mid_mean": -20.485776901245117,
      "mid_to_side_loudness": -7.258141994476318,
      "mid_to_side_loudness_range": 10.614153861999512,
      "side_mean": -28.23917579650879
    },
    {
      "high_freq": 794.6976318359375,
      "loudness": -33.13082504272461,
      "loudness_range": 16.486413955688477,
      "low_freq": 392.3793640136719,
      "mid_mean": -31.543684005737305,
      "mid_to_side_loudness": -3.218665599822998,
      "mid_to_side_loudness_range": 14.131595611572266,
      "side_mean": -34.9865837097168
    },
    {
      "high_freq": 1457.5709228515625,
      "loudness": -42.543365478515625,
      "loudness_range": 19.321195602416992,
      "low_freq": 794.6976318359375,
      "mid_mean": -40.87823486328125,
      "mid_to_side_loudness": -3.4561848640441895,
      "mid_to_side_loudness_range": 13.429296493530273,
      "side_mean": -44.73573684692383
    },
    {
      "high_freq": 2549.74365234375,
      "loudness": -50.566131591796875,
      "loudness_range": 24.586090087890625,
      "low_freq": 1457.5709228515625,
      "mid_mean": -50.45018005371094,
      "mid_to_side_loudness": -3.0777738094329834,
      "mid_to_side_loudness_range": 15.813237190246582,
      "side_mean": -53.359920501708984
    },
    {
      "high_freq": 4349.24462890625,
      "loudness": -55.25895309448242,
      "loudness_range": 34.50751495361328,
      "low_freq": 2549.74365234375,
      "mid_mean": -54.43895721435547,
      "mid_to_side_loudness": -3.0306272506713867,
      "mid_to_side_loudness_range": 16.397411346435547,
      "side_mean": -57.596466064453125
    },
    {
      "high_freq": 7314.1640625,
      "loudness": -61.521427154541016,
      "loudness_range": 28.78802490234375,
      "low_freq": 4349.24462890625,
      "mid_mean": -62.34635543823242,
      "mid_to_side_loudness": -2.984935760498047,
      "mid_to_side_loudness_range": 15.632423400878906,
      "side_mean": -65.31566619873047
    },
    {
      "high_freq": 12199.2666015625,
      "loudness": -68.5518569946289,
      "loudness_range": 26.747936248779297,
      "low_freq": 7314.1640625,
      "mid_mean": -66.37013244628906,
      "mid_to_side_loudness": -4.274165630340576,
      "mid_to_side_loudness_range": 14.653714179992676,
      "side_mean": -68.65491485595703
    },
    {
      "loudness": -75.41425323486328,
      "loudness_range": 10.738761901855469,
      "low_freq": 12199.2666015625,
      "mid_mean": -67.59207153320312,
      "mid_to_side_loudness": -14.422098159790039,
      "mid_to_side_loudness_range": 9.329784393310547,
      "side_mean": -69.82388305664062
    }
  ],
  "bands_short": [
    {
      "high_freq": 148.1999969482422,
      "loudness": -51.33284378051758,
      "loudness_range": 21.210262298583984,
      "mid_mean": -51.36490249633789,
      "mid_to_side_loudness": -4.5997748374938965,
      "mid_to_side_loudness_range": 19.1212158203125,
      "side_mean": -55.4854621887207
    },
    {
      "high_freq": 392.3793640136719,
      "loudness": -23.581907272338867,
      "loudness_range": 15.500642776489258,
      "low_freq": 148.1999969482422,
      "mid_mean": -20.96504020690918,
      "mid_to_side_loudness": -7.1645684242248535,
      "mid_to_side_loudness_range": 11.928614616394043,
      "side_mean": -28.584325790405273
    },
    {
      "high_freq": 794.6976318359375,
      "loudness": -33.19252014160156,
      "loudness_range": 16.956769943237305,
      "low_freq": 392.3793640136719,
      "mid_mean": -31.84860610961914,
      "mid_to_side_loudness": -3.138258695602417,
      "mid_to_side_loudness_range": 17.243764877319336,
      "side_mean": -35.302490234375
    },
    {
      "high_freq": 1457.5709228515625,
      "loudness": -43.11153793334961,
      "loudness_range": 20.956573486328125,
      "low_freq": 794.6976318359375,
      "mid_mean": -41.78594970703125,
      "mid_to_side_loudness": -2.945173740386963,
      "mid_to_side_loudness_range": 14.899490356445312,
      "side_mean": -45.00830078125
    },
    {
      "high_freq": 2549.74365234375,
      "loudness": -51.79515075683594,
      "loudness_range": 25.25450897216797,
      "low_freq": 1457.5709228515625,
      "mid_mean": -51.95669937133789,
      "mid_to_side_loudness": -1.929199457168579,
      "mid_to_side_loudness_range": 13.303560256958008,
      "side_mean": -54.04754638671875
    },
    {
      "high_freq": 4349.24462890625,
      "loudness": -57.129112243652344,
      "loudness_range": 33.92916488647461,
      "low_freq": 2549.74365234375,
      "mid_mean": -56.49338912963867,
      "mid_to_side_loudness": -1.097898244857788,
      "mid_to_side_loudness_range": 11.250249862670898,
      "side_mean": -58.395870208740234
    },
    {
      "high_freq": 7314.1640625,
      "loudness": -65.45760345458984,
      "loudness_range": 32.29258728027344,
      "low_freq": 4349.24462890625,
      "mid_mean": -64.2718276977539,
      "mid_to_side_loudness": -1.1696803569793701,
      "mid_to_side_loudness_range": 8.008649826049805,
      "side_mean": -65.90835571289062
    },
    {
      "high_freq": 12199.2666015625,
      "loudness": -71.809326171875,
      "loudness_range": 25.004669189453125,
      "low_freq": 7314.1640625,
      "mid_mean": -67.90223693847656,
      "mid_to_side_loudness": -2.441352367401123,
      "mid_to_side_loudness_range": 6.4274678230285645,
      "side_mean": -68.83143615722656
    },
    {
      "loudness": -76.28424835205078,
      "loudness_range": 3.9276504516601562,
      "low_freq": 12199.2666015625,
      "mid_mean": -68.10993194580078,
      "mid_to_side_loudness": -13.707923889160156,
      "mid_to_side_loudness_range": 9.824073791503906,
      "side_mean": -69.8294448852539
    }
  ],
  "bandwidth": 350.6972351074219,
  "channels": 2,
  "covariance": [
    [
      82.12356567382812,
      65.8734130859375,
      24.31548309326172,
      25.707441329956055,
      18.430410385131836,
      2.0474390983581543,
      26.885032653808594,
      13.19293212890625,
      39.47768783569336,
      16.313711166381836,
      41.40713882446289,
      18.00303840637207,
      27.27962875366211,
      6.766258716583252,
      16.8999080657959,
      2.2884178161621094,
      4.765316963195801,
      0.024250460788607597
    ],
    [
      65.8734130859375,
      94.39583587646484,
      13.61673641204834,
      14.665213584899902,
      3.2567501068115234,
      2.011997699737549,
      5.950364589691162,
      8.720820426940918,
      24.075416564941406,
      19.335704803466797,
      9.253827095031738,
      11.013195037841797,
      -2.0677101612091064,
      0.6567895412445068,
      -3.93953537940979,
      -0.5080056190490723,
      -0.788892388343811,
      -0.24979151785373688
    ],
    [
      24.31548309326172,
      13.61673641204834,
      44.608638763427734,
      36.22008514404297,
      15.26089096069336,
      2.6758999824523926,
      28.08254051208496,
      13.933162689208984,
      34.952144622802734,
      21.025421142578125,
      42.27242660522461,
      28.89727020263672,
      26.74373435974121,
      16.02333641052246,
      13.594350814819336,
      5.232849597930908,
      3.691063165664673,
      0.5939099788665771
    ],
    [
      25.707441329956055,
      14.665213584899902,
      36.22008514404297,
      42.82541275024414,
      15.175902366638184,
      3.4826931953430176,
      25.084692001342773,
      14.022173881530762,
      30.210325241088867,
      21.200763702392578,
      36.201168060302734,
      27.5008487701416,
      20.506221771240234,
      13.880165100097656,
      8.901982307434082,
      3.5664267539978027,
      1.9396990537643433,
      0.17010247707366943
    ],
    [
      18.430410385131836,
      3.2567501068115234,
      15.26089096069336,
      15.175902366638184,
      40.67770767211914,
      15.665704727172852,
      33.56494903564453,
      17.859294891357422,
      49.33240509033203,
      28.934165954589844,
      61.145606994628906,
      39.60638427734375,
      42.15538024902344,
      23.136232376098633,
      24.393510818481445,
      9.177176475524902,
      8.020742416381836,
      1.16658353805542
    ],
    [
      2.0474390983581543,
      2.011997699737549,
      2.6758999824523926,
      3.4826931953430176,
      15.665704727172852,
      16.365297317504883,
      7.588659763336182,
      9.107115745544434,
      14.41514778137207,
      13.358855247497559,
      16.72308349609375,
      16.262569427490234,
      9.734868049621582,
      8.8748140335083,
      4.705479145050049,
      3.5272951126098633,
      1.4593658447265625,
      0.48894280195236206
    ],
    [
      26.885032653808594,
      5.950364589691162,
      28.08254051208496,
      25.084692001342773,
      33.56494903564453,
      7.588659763336182,
      57.87276077270508,
      27.366809844970703,
      62.05727767944336,
      33.661109924316406,
      74.96871948242188,
      42.629520416259766,
      52.700439453125,
      25.171842575073242,
      30.144973754882812,
      9.32936954498291,
      9.391563415527344,
      1.1622939109802246
    ],
    [
      13.19293212890625,
      8.720820426940918,
      13.933162689208984,
      14.022173881530762,
      17.859294891357422,
      9.107115745544434,
      27.366809844970703,
      23.222997665405273,
      29.032360076904297,
      22.797143936157227,
      32.68769836425781,
      24.78813362121582,
      19.59931755065918,
      14.035934448242188,
      8.955331802368164,
      4.789097309112549,
      2.706676959991455,
      0.5915719866752625
    ],
    [
      39.47768783569336,
      24.075416564941406,
      34.952144622802734,
      30.210325241088867,
      49.33240509033203,
      14.41514778137207,
      62.05727767944336,
      29.032360076904297,
      107.39443969726562,
      64.19588470458984,
      120.2870101928711,
      73.57295989990234,
      82.16317749023438,
      41.34069061279297,
      48.17000198364258,
      15.923233985900879,
      16.12188720703125,
      1.9030461311340332
    ],
    [
      16.313711166381836,
      19.335704803466797,
      21.025421142578125,
      21.200763702392578,
      28.934165954589844,
      13.358855247497559,
      33.661109924316406,
      22.797143936157227,
      64.19588470458984,
      52.53014373779297,
      68.64142608642578,
      53.443511962890625,
      41.27224349975586,
      29.873489379882812,
      20.216814041137695,
      10.475075721740723,
      6.67152214050293,
      1.200294852256775
    ],
    [
      41.40713882446289,
      9.253827095031738,
      42.27242660522461,
      36.201168060302734,
      61.145606994628906,
      16.72308349609375,
      74.96871948242188,
      32.68769836425781,
      120.2870101928711,
      68.64142608642578,
      155.67991638183594,
      93.39330291748047,
      107.28861999511719,
      52.12174606323242,
      62.394840240478516,
      19.983644485473633,
      20.27232551574707,
      2.3683173656463623
    ],
    [
      18.00303840637207,
      11.013195037841797,
      28.89727020263672,
      27.5008487701416,
      39.60638427734375,
      16.262569427490234,
      42.629520416259766,
      24.78813362121582,
      73.57295989990234,
      53.443511962890625,
      93.39330291748047,
      75.72146606445312,
      56.755367279052734,
      40.241455078125,
      27.3523006439209,
      13.605377197265625,
      8.083606719970703,
      1.5385172367095947
    ],
    [
      27.27962875366211,
      -2.0677101612091064,
      26.74373435974121,
      20.506221771240234,
      42.15538024902344,
      9.734868049621582,
      52.700439453125,
      19.59931755065918,
      82.16317749023438,
      41.27224349975586,
      107.28861999511719,
      56.755367279052734,
      82.69776153564453,
      35.22248458862305,
      52.32678985595703,
      14.939170837402344,
      17.668668746948242,
      1.8632622957229614
    ],
    [
      6.766258716583252,
      0.6567895412445068,
      16.02333641052246,
      13.880165100097656,
      23.136232376098633,
      8.8748140335083,
      25.171842575073242,
      14.035934448242188,
      41.34069061279297,
      29.873489379882812,
      52.12174606323242,
      40.241455078125,
      35.22248458862305,
      26.799720764160156,
      17.96828842163086,
      10.631912231445312,
      5.116543769836426,
      1.3541789054870605
    ],
    [
      16.8999080657959,
      -3.93953537940979,
      13.594350814819336,
      8.901982307434082,
      24.393510818481445,
      4.705479145050049,
      30.144973754882812,
      8.955331802368164,
      48.17000198364258,
      20.216814041137695,
      62.394840240478516,
      27.3523006439209,
      52.32678985595703,
      17.96828842163086,
      37.686195373535156,
      9.043601036071777,
      13.76862907409668,
      1.2118570804595947
    ],
    [
      2.2884178161621094,
      -0.5080056190490723,
      5.232849597930908,
      3.5664267539978027,
      9.177176475524902,
      3.5272951126098633,
      9.32936954498291,
      4.789097309112549,
      15.923233985900879,
      10.475075721740723,
      19.983644485473633,
      13.605377197265625,
      14.939170837402344,
      10.631912231445312,
      9.043601036071777,
      5.671103000640869,
      2.7178354263305664,
      0.8145989179611206
    ],
    [
      4.765316963195801,
      -0.788892388343811,
      3.691063165664673,
      1.9396990537643433,
      8.020742416381836,
      1.4593658447265625,
      9.391563415527344,
      2.706676959991455,
      16.12188720703125,
      6.67152214050293,
      20.27232551574707,
      8.083606719970703,
      17.668668746948242,
      5.116543769836426,
      13.76862907409668,
      2.7178354263305664,
      6.303964614868164,
      0.4278148412704468
    ],
    [
      0.024250460788607597,
      -0.24979151785373688,
      0.5939099788665771,
      0.17010247707366943,
      1.16658353805542,
      0.48894280195236206,
      1.1622939109802246,
      0.5915719866752625,
      1.9030461311340332,
      1.200294852256775,
      2.3683173656463623,
      1.5385172367095947,
      1.8632622957229614,
      1.3541789054870605,
      1.2118570804595947,
      0.8145989179611206,
      0.4278148412704468,
      0.17196831107139587
    ]
  ],
  "covariance_short": [
    [
      80.84294891357422,
      55.45732116699219,
      34.820289611816406,
      31.308998107910156,
      22.106163024902344,
      5.305840969085693,
      27.403308868408203,
      15.786849975585938,
      55.197471618652344,
      35.52959060668945,
      54.511680603027344,
      33.74721908569336,
      30.016374588012695,
      14.190545082092285,
      13.01291275024414,
      4.814572811126709,
      4.508849143981934,
      0.6044644117355347
    ],
    [
      55.45732116699219,
      70.06770324707031,
      19.02696990966797,
      20.004636764526367,
      6.577190399169922,
      3.5118422508239746,
      9.21615982055664,
      8.948932647705078,
      25.0907039642334,
      19.72445297241211,
      14.540157318115234,
      13.363274574279785,
      3.0057082176208496,
      3.2336974143981934,
      -0.41772863268852234,
      0.4607393443584442,
      0.5393168330192566,
      -0.08581438660621643
    ],
    [
      34.820289611816406,
      19.02696990966797,
      48.73942947387695,
      37.19350051879883,
      19.634960174560547,
      3.8849635124206543,
      29.69777488708496,
      15.11562728881836,
      34.909873962402344,
      21.274991989135742,
      41.15310287475586,
      27.162132263183594,
      23.765243530273438,
      14.410785675048828,
      9.3539457321167,
      4.637628078460693,
      2.14105224609375,
      0.5523846745491028
    ],
    [
      31.308998107910156,
      20.004636764526367,
      37.19350051879883,
      45.94248962402344,
      17.98613929748535,
      4.423766136169434,
      26.604604721069336,
      14.545443534851074,
      28.883739471435547,
      20.314699172973633,
      32.86370849609375,
      23.993730545043945,
      16.541601181030273,
      10.808967590332031,
      4.9380035400390625,
      2.486666679382324,
      0.8380186557769775,
      0.0655246153473854
    ],
    [
      22.106163024902344,
      6.577190399169922,
      19.634960174560547,
      17.98613929748535,
      46.67116165161133,
      15.039836883544922,
      36.61675262451172,
      19.501462936401367,
      50.899967193603516,
      30.75011444091797,
      60.95795822143555,
      39.711544036865234,
      37.579017639160156,
      22.126708984375,
      16.173831939697266,
      8.012804985046387,
      3.7378649711608887,
      1.1048028469085693
    ],
    [
      5.305840969085693,
      3.5118422508239746,
      3.8849635124206543,
      4.423766136169434,
      15.039836883544922,
      19.679582595825195,
      8.125864028930664,
      8.209412574768066,
      14.091519355773926,
      13.743182182312012,
      15.965999603271484,
      16.434762954711914,
      8.03251838684082,
      9.081610679626465,
      3.0308303833007812,
      3.399402141571045,
      0.35728776454925537,
      0.47108355164527893
    ],
    [
      27.403308868408203,
      9.21615982055664,
      29.69777488708496,
      26.604604721069336,
      36.61675262451172,
      8.125864028930664,
      64.06599426269531,
      30.386987686157227,
      61.36377716064453,
      35.987030029296875,
      69.08102416992188,
      41.08103942871094,
      43.42123794555664,
      23.036436080932617,
      17.94707679748535,
      7.781646728515625,
      4.252992630004883,
      1.0911349058151245
    ],
    [
      15.786849975585938,
      8.948932647705078,
      15.11562728881836,
      14.545443534851074,
      19.501462936401367,
      8.209412574768066,
      30.386987686157227,
      27.492929458618164,
      29.234716415405273,
      23.403329849243164,
      32.16826248168945,
      24.96331024169922,
      18.19817543029785,
      13.694535255432129,
      6.79663610458374,
      4.494228363037109,
      1.2017120122909546,
      0.5665002465248108
    ],
    [
      55.197471618652344,
      25.0907039642334,
      34.909873962402344,
      28.883739471435547,
      50.899967193603516,
      14.091519355773926,
      61.36377716064453,
      29.234716415405273,
      102.33282470703125,
      62.39002227783203,
      105.86885070800781,
      67.53846740722656,
      65.3127212524414,
      36.72842025756836,
      28.65557861328125,
      13.409833908081055,
      7.741062641143799,
      1.7630447149276733
    ],
    [
      35.52959060668945,
      19.72445297241211,
      21.274991989135742,
      20.314699172973633,
      30.75011444091797,
      13.743182182312012,
      35.987030029296875,
      23.403329849243164,
      62.39002227783203,
      55.70037078857422,
      64.49549102783203,
      52.56268310546875,
      35.86778259277344,
      29.110410690307617,
      13.916449546813965,
      10.15648078918457,
      3.367969512939453,
      1.2133736610412598
    ],
    [
      54.511680603027344,
      14.540157318115234,
      41.15310287475586,
      32.86370849609375,
      60.95795822143555,
      15.965999603271484,
      69.08102416992188,
      32.16826248168945,
      105.86885070800781,
      64.49549102783203,
      134.23170471191406,
      83.84210205078125,
      82.45281219482422,
      45.5789680480957,
      36.01100158691406,
      16.336963653564453,
      9.256847381591797,
      2.129035711288452
    ],
    [
      33.74721908569336,
      13.363274574279785,
      27.162132263183594,
      23.993730545043945,
      39.711544036865234,
      16.434762954711914,
      41.08103942871094,
      24.96331024169922,
      67.53846740722656,
      52.56268310546875,
      83.84210205078125,
      75.9325942993164,
      46.397666931152344,
      38.77409744262695,
      16.753948211669922,
      13.172828674316406,
      3.1028966903686523,
      1.53864586353302
    ],
    [
      30.016374588012695,
      3.0057082176208496,
      23.765243530273438,
      16.541601181030273,
      37.579017639160156,
      8.03251838684082,
      43.42123794555664,
      18.19817543029785,
      65.3127212524414,
      35.86778259277344,
      82.45281219482422,
      46.397666931152344,
      61.12981414794922,
      28.909454345703125,
      30.35390853881836,
      11.46286392211914,
      8.339580535888672,
      1.562948226928711
    ],
    [
      14.190545082092285,
      3.2336974143981934,
      14.410785675048828,
      10.808967590332031,
      22.126708984375,
      9.081610679626465,
      23.036436080932617,
      13.694535255432129,
      36.72842025756836,
      29.110410690307617,
      45.5789680480957,
      38.77409744262695,
      28.909454345703125,
      27.48550033569336,
      11.56810188293457,
      10.63127326965332,
      1.706563949584961,
      1.3799916505813599
    ],
    [
      13.01291275024414,
      -0.41772863268852234,
      9.3539457321167,
      4.9380035400390625,
      16.173831939697266,
      3.0308303833007812,
      17.94707679748535,
      6.79663610458374,
      28.65557861328125,
      13.916449546813965,
      36.01100158691406,
      16.753948211669922,
      30.35390853881836,
      11.56810188293457,
      20.557884216308594,
      5.817528247833252,
      6.760894775390625,
      0.8822035193443298
    ],
    [
      4.814572811126709,
      0.4607393443584442,
      4.637628078460693,
      2.486666679382324,
      8.012804985046387,
      3.399402141571045,
      7.781646728515625,
      4.494228363037109,
      13.409833908081055,
      10.15648078918457,
      16.336963653564453,
      13.172828674316406,
      11.46286392211914,
      10.63127326965332,
      5.817528247833252,
      5.830839157104492,
      0.8366640210151672,
      0.8547099828720093
    ],
    [
      4.508849143981934,
      0.5393168330192566,
      2.14105224609375,
      0.8380186557769775,
      3.7378649711608887,
      0.35728776454925537,
      4.252992630004883,
      1.2017120122909546,
      7.741062641143799,
      3.367969512939453,
      9.256847381591797,
      3.1028966903686523,
      8.339580535888672,
      1.706563949584961,
      6.760894775390625,
      0.8366640210151672,
      3.5113332271575928,
      0.18038320541381836
    ],
    [
      0.6044644117355347,
      -0.08581438660621643,
      0.5523846745491028,
      0.0655246153473854,
      1.1048028469085693,
      0.47108355164527893,
      1.0911349058151245,
      0.5665002465248108,
      1.7630447149276733,
      1.2133736610412598,
      2.129035711288452,
      1.53864586353302,
      1.562948226928711,
      1.3799916505813599,
      0.8822035193443298,
      0.8547099828720093,
      0.18038320541381836,
      0.20700322091579437
    ]
  ],
  "damage": -8.79710578918457,
  "diff_bandwidth": 379.045166015625,
  "dissonance": 2.2938542461154188,
  "drr": 3.635187864303589,
  "dynamics": 4.411050796508789,
  "format": 1245190,
  "frames": 2244544,
  "loudness": -18.104557037353516,
  "loudness_range": 13.47576904296875,
  "loudness_range_short": 15.147336959838867,
  "lowpass_true_peak_15khz": -2.243605613708496,
  "mastering3_acoustic_entropies": [
    {
      "acoustic_entropy": 6.697404384613037,
      "acoustic_entropy_mono": 7.136612892150879,
      "band_eliminated_acoustic_entropies": [
        {
          "acoustic_entropy": 6.697015285491943,
          "acoustic_entropy_side": 6.697483539581299,
          "hz": 129.47220167065723
        },
        {
          "acoustic_entropy": 7.1038818359375,
          "acoustic_entropy_side": 6.746641635894775,
          "hz": 202.92927478742237
        },
        {
          "acoustic_entropy": 7.799691200256348,
          "acoustic_entropy_side": 6.850627899169922,
          "hz": 282.89161906338205
        },
        {
          "acoustic_entropy": 7.225677490234375,
          "acoustic_entropy_side": 7.681017875671387,
          "hz": 369.9353335868758
        },
        {
          "acoustic_entropy": 6.983677387237549,
          "acoustic_entropy_side": 6.752110481262207,
          "hz": 464.6875360973435
        },
        {
          "acoustic_entropy": 6.8262810707092285,
          "acoustic_entropy_side": 6.66262149810791,
          "hz": 567.8308811364784
        },
        {
          "acoustic_entropy": 6.691019535064697,
          "acoustic_entropy_side": 6.305126667022705,
          "hz": 680.1084783214808
        },
        {
          "acoustic_entropy": 6.74193000793457,
          "acoustic_entropy_side": 6.586089134216309,
          "hz": 802.3292461747484
        },
        {
          "acoustic_entropy": 6.941066265106201,
          "acoustic_entropy_side": 6.7268242835998535,
          "hz": 935.3737400823702
        },
        {
          "acoustic_entropy": 6.711265563964844,
          "acoustic_entropy_side": 6.774129390716553,
          "hz": 1080.2004963696966
        },
        {
          "acoustic_entropy": 6.52466344833374,
          "acoustic_entropy_side": 6.720312595367432,
          "hz": 1237.8529382007157
        },
        {
          "acoustic_entropy": 6.39238166809082,
          "acoustic_entropy_side": 6.740267276763916,
          "hz": 1409.4668930556702
        },
        {
          "acoustic_entropy": 6.540361404418945,
          "acoustic_entropy_side": 6.701021671295166,
          "hz": 1596.2787759475705
        },
        {
          "acoustic_entropy": 6.748843669891357,
          "acoustic_entropy_side": 6.702402114868164,
          "hz": 1799.6344973346393
        },
        {
          "acoustic_entropy": 6.818318843841553,
          "acoustic_entropy_side": 6.69393253326416,
          "hz": 2020.9991599069049
        },
        {
          "acoustic_entropy": 6.640832424163818,
          "acoustic_entropy_side": 6.69801664352417,
          "hz": 2261.9676141086993
        },
        {
          "acoustic_entropy": 6.791801929473877,
          "acoustic_entropy_side": 6.697593688964844,
          "hz": 2524.2759484456974
        },
        {
          "acoustic_entropy": 6.846982955932617,
          "acoustic_entropy_side": 6.7003397941589355,
          "hz": 2809.813997359896
        },
        {
          "acoustic_entropy": 6.877350330352783,
          "acoustic_entropy_side": 6.712279319763184,
          "hz": 3120.6389567871424
        },
        {
          "acoustic_entropy": 6.664944648742676,
          "acoustic_entropy_side": 6.697357177734375,
          "hz": 3458.990205492291
        },
        {
          "acoustic_entropy": 6.8101935386657715,
          "acoustic_entropy_side": 6.692389965057373,
          "hz": 3827.305438964164
        },
        {
          "acoustic_entropy": 6.802323341369629,
          "acoustic_entropy_side": 6.696029186248779,
          "hz": 4228.238232109126
        },
        {
          "acoustic_entropy": 6.7288031578063965,
          "acoustic_entropy_side": 6.697275638580322,
          "hz": 4664.6771572759235
        },
        {
          "acoustic_entropy": 6.730611801147461,
          "acoustic_entropy_side": 6.697162628173828,
          "hz": 5139.766595350093
        },
        {
          "acoustic_entropy": 6.715786457061768,
          "acoustic_entropy_side": 6.697347164154053,
          "hz": 5656.929389854203
        },
        {
          "acoustic_entropy": 6.704596042633057,
          "acoustic_entropy_side": 6.697396278381348,
          "hz": 6219.891507268283
        },
        {
          "acoustic_entropy": 6.709637641906738,
          "acoustic_entropy_side": 6.697383403778076,
          "hz": 6832.70888123896
        },
        {
          "acoustic_entropy": 6.711238384246826,
          "acoustic_entropy_side": 6.697377681732178,
          "hz": 7499.796634079867
        },
        {
          "acoustic_entropy": 6.700190544128418,
          "acoustic_entropy_side": 6.697403907775879,
          "hz": 8225.96088609342
        },
        {
          "acoustic_entropy": 6.701507091522217,
          "acoustic_entropy_side": 6.6974029541015625,
          "hz": 9016.43338188839
        },
        {
          "acoustic_entropy": 6.699339866638184,
          "acoustic_entropy_side": 6.697403907775879,
          "hz": 9876.909183162974
        },
        {
          "acoustic_entropy": 6.699182987213135,
          "acoustic_entropy_side": 6.697404384613037,
          "hz": 10813.587699516042
        },
        {
          "acoustic_entropy": 6.698112487792969,
          "acoustic_entropy_side": 6.697404384613037,
          "hz": 11833.21735289826
        },
        {
          "acoustic_entropy": 6.698094367980957,
          "acoustic_entropy_side": 6.697404384613037,
          "hz": 12943.144197493959
        },
        {
          "acoustic_entropy": 6.697558879852295,
          "acoustic_entropy_side": 6.697404384613037,
          "hz": 14151.364845322005
        },
        {
          "acoustic_entropy": 6.697415828704834,
          "acoustic_entropy_side": 6.697404384613037,
          "hz": 15466.58407886509
        },
        {
          "acoustic_entropy": 6.697409152984619,
          "acoustic_entropy_side": 6.697404384613037,
          "hz": 16898.27756580493
        },
        {
          "acoustic_entropy": 6.69740629196167,
          "acoustic_entropy_side": 6.697404384613037,
          "hz": 18456.760127700032
        },
        {
          "acoustic_entropy": 6.697404861450195,
          "acoustic_entropy_side": 6.697404384613037,
          "hz": 20153.260054456492
        },
        {
          "acoustic_entropy": 6.697404384613037,
          "acoustic_entropy_side": 6.697404384613037,
          "hz": 22000.00000000001
        }
      ],
      "diff_acoustic_entropy": 3.962714433670044,
      "sn": 6
    },
    {
      "acoustic_entropy": 10.761115074157715,
      "acoustic_entropy_mono": 10.675544738769531,
      "band_eliminated_acoustic_entropies": [
        {
          "acoustic_entropy": 10.762404441833496,
          "acoustic_entropy_side": 10.761240005493164,
          "hz": 129.47220167065723
        },
        {
          "acoustic_entropy": 10.60391616821289,
          "acoustic_entropy_side": 10.906782150268555,
          "hz": 202.92927478742237
        },
        {
          "acoustic_entropy": 11.740958213806152,
          "acoustic_entropy_side": 11.037508964538574,
          "hz": 282.89161906338205
        },
        {
          "acoustic_entropy": 11.47763729095459,
          "acoustic_entropy_side": 11.453118324279785,
          "hz": 369.9353335868758
        },
        {
          "acoustic_entropy": 11.514885902404785,
          "acoustic_entropy_side": 10.790416717529297,
          "hz": 464.6875360973435
        },
        {
          "acoustic_entropy": 10.629959106445312,
          "acoustic_entropy_side": 11.287501335144043,
          "hz": 567.8308811364784
        },
        {
          "acoustic_entropy": 10.68061351776123,
          "acoustic_entropy_side": 10.70772647857666,
          "hz": 680.1084783214808
        },
        {
          "acoustic_entropy": 11.01307201385498,
          "acoustic_entropy_side": 10.855955123901367,
          "hz": 802.3292461747484
        },
        {
          "acoustic_entropy": 10.90444278717041,
          "acoustic_entropy_side": 10.79885482788086,
          "hz": 935.3737400823702
        },
        {
          "acoustic_entropy": 10.742034912109375,
          "acoustic_entropy_side": 10.784441947937012,
          "hz": 1080.2004963696966
        },
        {
          "acoustic_entropy": 11.546773910522461,
          "acoustic_entropy_side": 10.8597993850708,
          "hz": 1237.8529382007157
        },
        {
          "acoustic_entropy": 10.956467628479004,
          "acoustic_entropy_side": 10.964516639709473,
          "hz": 1409.4668930556702
        },
        {
          "acoustic_entropy": 10.506775856018066,
          "acoustic_entropy_side": 10.777826309204102,
          "hz": 1596.2787759475705
        },
        {
          "acoustic_entropy": 10.857545852661133,
          "acoustic_entropy_side": 10.776148796081543,
          "hz": 1799.6344973346393
        },
        {
          "acoustic_entropy": 10.809252738952637,
          "acoustic_entropy_side": 10.726617813110352,
          "hz": 2020.9991599069049
        },
        {
          "acoustic_entropy": 10.796944618225098,
          "acoustic_entropy_side": 10.759243965148926,
          "hz": 2261.9676141086993
        },
        {
          "acoustic_entropy": 10.983413696289062,
          "acoustic_entropy_side": 10.768638610839844,
          "hz": 2524.2759484456974
        },
        {
          "acoustic_entropy": 11.00564193725586,
          "acoustic_entropy_side": 10.803727149963379,
          "hz": 2809.813997359896
        },
        {
          "acoustic_entropy": 10.804920196533203,
          "acoustic_entropy_side": 10.802064895629883,
          "hz": 3120.6389567871424
        },
        {
          "acoustic_entropy": 10.832940101623535,
          "acoustic_entropy_side": 10.762064933776855,
          "hz": 3458.990205492291
        },
        {
          "acoustic_entropy": 10.817855834960938,
          "acoustic_entropy_side": 10.766214370727539,
          "hz": 3827.305438964164
        },
        {
          "acoustic_entropy": 10.844305992126465,
          "acoustic_entropy_side": 10.764110565185547,
          "hz": 4228.238232109126
        },
        {
          "acoustic_entropy": 10.757604598999023,
          "acoustic_entropy_side": 10.76174545288086,
          "hz": 4664.6771572759235
        },
        {
          "acoustic_entropy": 10.788986206054688,
          "acoustic_entropy_side": 10.761981010437012,
          "hz": 5139.766595350093
        },
        {
          "acoustic_entropy": 10.788826942443848,
          "acoustic_entropy_side": 10.761165618896484,
          "hz": 5656.929389854203
        },
        {
          "acoustic_entropy": 10.770113945007324,
          "acoustic_entropy_side": 10.761181831359863,
          "hz": 6219.891507268283
        },
        {
          "acoustic_entropy": 10.771632194519043,
          "acoustic_entropy_side": 10.761214256286621,
          "hz": 6832.70888123896
        },
        {
          "acoustic_entropy": 10.770973205566406,
          "acoustic_entropy_side": 10.761098861694336,
          "hz": 7499.796634079867
        },
        {
          "acoustic_entropy": 10.767592430114746,
          "acoustic_entropy_side": 10.761122703552246,
          "hz": 8225.96088609342
        },
        {
          "acoustic_entropy": 10.77116584777832,
          "acoustic_entropy_side": 10.76111125946045,
          "hz": 9016.43338188839
        },
        {
          "acoustic_entropy": 10.76330280303955,
          "acoustic_entropy_side": 10.76111888885498,
          "hz": 9876.909183162974
        },
        {
          "acoustic_entropy": 10.76362133026123,
          "acoustic_entropy_side": 10.761120796203613,
          "hz": 10813.587699516042
        },
        {
          "acoustic_entropy": 10.76280403137207,
          "acoustic_entropy_side": 10.761115074157715,
          "hz": 11833.21735289826
        },
        {
          "acoustic_entropy": 10.762542724609375,
          "acoustic_entropy_side": 10.761114120483398,
          "hz": 12943.144197493959
        },
        {
          "acoustic_entropy": 10.761919021606445,
          "acoustic_entropy_side": 10.761114120483398,
          "hz": 14151.364845322005
        },
        {
          "acoustic_entropy": 10.761168479919434,
          "acoustic_entropy_side": 10.761115074157715,
          "hz": 15466.58407886509
        },
        {
          "acoustic_entropy": 10.761126518249512,
          "acoustic_entropy_side": 10.761115074157715,
          "hz": 16898.27756580493
        },
        {
          "acoustic_entropy": 10.761117935180664,
          "acoustic_entropy_side": 10.761115074157715,
          "hz": 18456.760127700032
        },
        {
          "acoustic_entropy": 10.761116027832031,
          "acoustic_entropy_side": 10.761115074157715,
          "hz": 20153.260054456492
        },
        {
          "acoustic_entropy": 10.761115074157715,
          "acoustic_entropy_side": 10.761115074157715,
          "hz": 22000.00000000001
        }
      ],
      "diff_acoustic_entropy": 5.848228454589844,
      "sn": 12
    },
    {
      "acoustic_entropy": 16.969865798950195,
      "acoustic_entropy_mono": 15.27745532989502,
      "band_eliminated_acoustic_entropies": [
        {
          "acoustic_entropy": 16.898300170898438,
          "acoustic_entropy_side": 16.910673141479492,
          "hz": 129.47220167065723
        },
        {
          "acoustic_entropy": 17.395305633544922,
          "acoustic_entropy_side": 17.6383113861084,
          "hz": 202.92927478742237
        },
        {
          "acoustic_entropy": 17.471200942993164,
          "acoustic_entropy_side": 16.608224868774414,
          "hz": 282.89161906338205
        },
        {
          "acoustic_entropy": 17.757463455200195,
          "acoustic_entropy_side": 17.69097328186035,
          "hz": 369.9353335868758
        },
        {
          "acoustic_entropy": 16.618392944335938,
          "acoustic_entropy_side": 16.617366790771484,
          "hz": 464.6875360973435
        },
        {
          "acoustic_entropy": 16.4166316986084,
          "acoustic_entropy_side": 16.26886749267578,
          "hz": 567.8308811364784
        },
        {
          "acoustic_entropy": 16.42858123779297,
          "acoustic_entropy_side": 16.98567771911621,
          "hz": 680.1084783214808
        },
        {
          "acoustic_entropy": 16.972021102905273,
          "acoustic_entropy_side": 17.53784942626953,
          "hz": 802.3292461747484
        },
        {
          "acoustic_entropy": 17.731937408447266,
          "acoustic_entropy_side": 17.13926887512207,
          "hz": 935.3737400823702
        },
        {
          "acoustic_entropy": 16.05853843688965,
          "acoustic_entropy_side": 17.057025909423828,
          "hz": 1080.2004963696966
        },
        {
          "acoustic_entropy": 16.822580337524414,
          "acoustic_entropy_side": 16.536823272705078,
          "hz": 1237.8529382007157
        },
        {
          "acoustic_entropy": 17.573060989379883,
          "acoustic_entropy_side": 16.386293411254883,
          "hz": 1409.4668930556702
        },
        {
          "acoustic_entropy": 16.90969467163086,
          "acoustic_entropy_side": 17.157079696655273,
          "hz": 1596.2787759475705
        },
        {
          "acoustic_entropy": 17.494956970214844,
          "acoustic_entropy_side": 16.858823776245117,
          "hz": 1799.6344973346393
        },
        {
          "acoustic_entropy": 16.907794952392578,
          "acoustic_entropy_side": 16.90193748474121,
          "hz": 2020.9991599069049
        },
        {
          "acoustic_entropy": 16.624242782592773,
          "acoustic_entropy_side": 16.624591827392578,
          "hz": 2261.9676141086993
        },
        {
          "acoustic_entropy": 17.69729995727539,
          "acoustic_entropy_side": 17.39183807373047,
          "hz": 2524.2759484456974
        },
        {
          "acoustic_entropy": 16.477014541625977,
          "acoustic_entropy_side": 16.546865463256836,
          "hz": 2809.813997359896
        },
        {
          "acoustic_entropy": 16.347013473510742,
