{
  "acoustic_entropy": 209.43345642089844,
  "bands": [
    {
      "high_freq": 148.1999969482422,
      "loudness": -23.16419792175293,
      "loudness_range": 16.922189712524414,
      "mid_mean": -19.651498794555664,
      "mid_to_side_loudness": -19.19011878967285,
      "mid_to_side_loudness_range": 17.009286880493164,
      "side_mean": -39.13702392578125
    },
    {
      "high_freq": 392.3793640136719,
      "loudness": -16.860692977905273,
      "loudness_range": 9.043497085571289,
      "low_freq": 148.1999969482422,
      "mid_mean": -13.765205383300781,
      "mid_to_side_loudness": -9.91072940826416,
      "mid_to_side_loudness_range": 11.771690368652344,
      "side_mean": -23.835155487060547
    },
    {
      "high_freq": 794.6976318359375,
      "loudness": -19.442049026489258,
      "loudness_range": 11.425594329833984,
      "low_freq": 392.3793640136719,
      "mid_mean": -16.76474952697754,
      "mid_to_side_loudness": -6.9410719871521,
      "mid_to_side_loudness_range": 12.235593795776367,
      "side_mean": -24.03670310974121
    },
    {
      "high_freq": 1457.5709228515625,
      "loudness": -24.63627815246582,
      "loudness_range": 17.488346099853516,
      "low_freq": 794.6976318359375,
      "mid_mean": -22.16773796081543,
      "mid_to_side_loudness": -6.322534084320068,
      "mid_to_side_loudness_range": 14.954994201660156,
      "side_mean": -28.856304168701172
    },
    {
      "high_freq": 2549.74365234375,
      "loudness": -26.4008731842041,
      "loudness_range": 18.23322296142578,
      "low_freq": 1457.5709228515625,
      "mid_mean": -23.937734603881836,
      "mid_to_side_loudness": -6.114160060882568,
      "mid_to_side_loudness_range": 12.436436653137207,
      "side_mean": -30.38732147216797
    },
    {
      "high_freq": 4349.24462890625,
      "loudness": -26.561180114746094,
      "loudness_range": 18.089929580688477,
      "low_freq": 2549.74365234375,
      "mid_mean": -23.718515396118164,
      "mid_to_side_loudness": -8.468775749206543,
      "mid_to_side_loudness_range": 13.330228805541992,
      "side_mean": -32.86903381347656
    },
    {
      "high_freq": 7314.1640625,
      "loudness": -32.12961196899414,
      "loudness_range": 19.462921142578125,
      "low_freq": 4349.24462890625,
      "mid_mean": -29.19107437133789,
      "mid_to_side_loudness": -9.219673156738281,
      "mid_to_side_loudness_range": 12.540950775146484,
      "side_mean": -38.783226013183594
    },
    {
      "high_freq": 12199.2666015625,
      "loudness": -35.76734161376953,
      "loudness_range": 19.43603515625,
      "low_freq": 7314.1640625,
      "mid_mean": -32.75033187866211,
      "mid_to_side_loudness": -10.48056411743164,
      "mid_to_side_loudness_range": 17.44739532470703,
      "side_mean": -43.29330062866211
    },
    {
      "loudness": -44.55426025390625,
      "loudness_range": 22.926738739013672,
      "low_freq": 12199.2666015625,
      "mid_mean": -42.23382568359375,
      "mid_to_side_loudness": -6.548742294311523,
      "mid_to_side_loudness_range": 11.963372230529785,
      "side_mean": -50.140342712402344
    }
  ],
  "bands_short": [
    {
      "high_freq": 148.1999969482422,
      "loudness": -25.67641258239746,
      "loudness_range": 19.126262664794922,
      "mid_mean": -22.195444107055664,
      "mid_to_side_loudness": -20.522415161132812,
      "mid_to_side_loudness_range": 20.30004119873047,
      "side_mean": -43.16810607910156
    },
    {
      "high_freq": 392.3793640136719,
      "loudness": -17.029247283935547,
      "loudness_range": 10.879076957702637,
      "low_freq": 148.1999969482422,
      "mid_mean": -13.97748851776123,
      "mid_to_side_loudness": -10.285545349121094,
      "mid_to_side_loudness_range": 14.115737915039062,
      "side_mean": -24.346290588378906
    },
    {
      "high_freq": 794.6976318359375,
      "loudness": -19.898038864135742,
      "loudness_range": 13.255233764648438,
      "low_freq": 392.3793640136719,
      "mid_mean": -17.345413208007812,
      "mid_to_side_loudness": -6.902198314666748,
      "mid_to_side_loudness_range": 14.116111755371094,
      "side_mean": -24.55059814453125
    },
    {
      "high_freq": 1457.5709228515625,
      "loudness": -24.29706573486328,
      "loudness_range": 18.102214813232422,
      "low_freq": 794.6976318359375,
      "mid_mean": -22.013933181762695,
      "mid_to_side_loudness": -6.127105236053467,
      "mid_to_side_loudness_range": 17.141162872314453,
      "side_mean": -28.556385040283203
    },
    {
      "high_freq": 2549.74365234375,
      "loudness": -27.035837173461914,
      "loudness_range": 19.753517150878906,
      "low_freq": 1457.5709228515625,
      "mid_mean": -24.700565338134766,
      "mid_to_side_loudness": -5.923779010772705,
      "mid_to_side_loudness_range": 14.059868812561035,
      "side_mean": -30.977615356445312
    },
    {
      "high_freq": 4349.24462890625,
      "loudness": -27.14150619506836,
      "loudness_range": 19.988250732421875,
      "low_freq": 2549.74365234375,
      "mid_mean": -24.44056510925293,
      "mid_to_side_loudness": -7.860702037811279,
      "mid_to_side_loudness_range": 14.831661224365234,
      "side_mean": -32.936920166015625
    },
    {
      "high_freq": 7314.1640625,
      "loudness": -32.9408073425293,
      "loudness_range": 21.310834884643555,
      "low_freq": 4349.24462890625,
      "mid_mean": -30.132165908813477,
      "mid_to_side_loudness": -8.64222526550293,
      "mid_to_side_loudness_range": 13.838702201843262,
      "side_mean": -39.31972122192383
    },
    {
      "high_freq": 12199.2666015625,
      "loudness": -37.100433349609375,
      "loudness_range": 20.64900016784668,
      "low_freq": 7314.1640625,
      "mid_mean": -34.17053985595703,
      "mid_to_side_loudness": -9.906718254089355,
      "mid_to_side_loudness_range": 18.461923599243164,
      "side_mean": -44.56192398071289
    },
    {
      "loudness": -47.58249282836914,
      "loudness_range": 26.90941619873047,
      "low_freq": 12199.2666015625,
      "mid_mean": -45.31623458862305,
      "mid_to_side_loudness": -6.595765113830566,
      "mid_to_side_loudness_range": 13.627581596374512,
      "side_mean": -52.86745071411133
    }
  ],
  "bandwidth": 564.4674682617188,
  "channels": 2,
  "covariance": [
    [
      39.1201057434082,
      28.571691513061523,
      10.346590995788574,
      17.14259910583496,
      12.893599510192871,
      13.811691284179688,
      20.113088607788086,
      16.004159927368164,
      18.91900634765625,
      18.31980323791504,
      18.23831558227539,
      22.330509185791016,
      20.696022033691406,
      23.267498016357422,
      16.63821792602539,
      25.109447479248047,
      21.71628189086914,
      38.45119857788086
    ],
    [
      28.571691513061523,
      51.757843017578125,
      8.561471939086914,
      19.06960678100586,
      12.55620002746582,
      15.12994384765625,
      21.807621002197266,
      16.002971649169922,
      16.868074417114258,
      18.03748321533203,
      18.583568572998047,
      22.171518325805664,
      21.50989532470703,
      26.644800186157227,
      15.945157051086426,
      30.987916946411133,
      20.453754425048828,
      38.729732513427734
    ],
    [
      10.346590995788574,
      8.561471939086914,
      16.79235076904297,
      16.027109146118164,
      11.800764083862305,
      10.963943481445312,
      13.226773262023926,
      12.050287246704102,
      15.986858367919922,
      13.95242977142334,
      16.153728485107422,
      15.591127395629883,
      16.417356491088867,
      14.54603099822998,
      14.94113540649414,
      15.425110816955566,
      14.640869140625,
      21.31328773498535
    ],
    [
      17.14259910583496,
      19.06960678100586,
      16.027109146118164,
      32.875091552734375,
      16.532495498657227,
      19.43623161315918,
      22.490381240844727,
      21.414033889770508,
      22.453889846801758,
      23.552865982055664,
      22.608901977539062,
      27.505319595336914,
      25.47519302368164,
      27.585712432861328,
      21.784217834472656,
      30.898374557495117,
      24.420272827148438,
      35.768245697021484
    ],
    [
      12.893599510192871,
      12.55620002746582,
      11.800764083862305,
      16.532495498657227,
      24.915668487548828,
      14.949625015258789,
      26.236278533935547,
      15.786480903625488,
      19.68747329711914,
      16.993976593017578,
      21.256282806396484,
      19.778133392333984,
      19.118751525878906,
      18.53363609313965,
      17.266939163208008,
      18.928359985351562,
      18.293561935424805,
      27.327234268188477
    ],
    [
      13.811691284179688,
      15.12994384765625,
      10.963943481445312,
      19.43623161315918,
      14.949625015258789,
      24.2864990234375,
      17.2578125,
      20.243675231933594,
      16.80257797241211,
      20.436138153076172,
      14.833426475524902,
      21.95374298095703,
      17.210342407226562,
      21.834197998046875,
      14.666545867919922,
      23.52897834777832,
      16.694377899169922,
      27.781864166259766
    ],
    [
      20.113088607788086,
      21.807621002197266,
      13.226773262023926,
      22.490381240844727,
      26.236278533935547,
      17.2578125,
      46.52623748779297,
      22.92322540283203,
      26.16487693786621,
      23.73317527770996,
      30.788976669311523,
      29.662155151367188,
      29.197479248046875,
      29.751441955566406,
      24.076770782470703,
      30.94240951538086,
      27.62993049621582,
      40.04269790649414
    ],
    [
      16.004159927368164,
      16.002971649169922,
      12.050287246704102,
      21.414033889770508,
      15.786480903625488,
      20.243675231933594,
      22.92322540283203,
      27.776031494140625,
      21.211383819580078,
      25.835365295410156,
      19.182649612426758,
      27.379833221435547,
      21.55122184753418,
      27.124820709228516,
      18.25924301147461,
      28.19806480407715,
      20.92799949645996,
      31.621904373168945
    ],
    [
      18.91900634765625,
      16.868074417114258,
      15.986858367919922,
      22.453889846801758,
      19.68747329711914,
      16.80257797241211,
      26.16487693786621,
      21.211383819580078,
      45.939605712890625,
      26.57062339782715,
      37.76008605957031,
      32.266448974609375,
      32.195621490478516,
      30.364927291870117,
      29.09178352355957,
      30.124248504638672,
      28.785743713378906,
      37.969024658203125
    ],
    [
      18.31980323791504,
      18.03748321533203,
      13.95242977142334,
      23.552865982055664,
      16.993976593017578,
      20.436138153076172,
      23.73317527770996,
      25.835365295410156,
      26.57062339782715,
      31.222530364990234,
      23.110326766967773,
      31.814533233642578,
      24.906938552856445,
      30.821468353271484,
      20.849550247192383,
      30.739822387695312,
      23.283889770507812,
      34.933292388916016
    ],
    [
      18.23831558227539,
      18.583568572998047,
      16.153728485107422,
      22.608901977539062,
      21.256282806396484,
      14.833426475524902,
      30.788976669311523,
      19.182649612426758,
      37.76008605957031,
      23.110326766967773,
      50.24945831298828,
      31.873132705688477,
      40.222259521484375,
      36.18247604370117,
      31.399084091186523,
      36.086944580078125,
      31.86310386657715,
      40.34971618652344
    ],
    [
      22.330509185791016,
      22.171518325805664,
      15.591127395629883,
      27.505319595336914,
      19.778133392333984,
      21.95374298095703,
      29.662155151367188,
      27.379833221435547,
      32.266448974609375,
      31.814533233642578,
      31.873132705688477,
      41.225276947021484,
      33.22977066040039,
      39.67682647705078,
      27.300825119018555,
      39.80701446533203,
      29.937288284301758,
      43.103145599365234
    ],
    [
      20.696022033691406,
      21.50989532470703,
      16.417356491088867,
      25.47519302368164,
      19.118751525878906,
      17.210342407226562,
      29.197479248046875,
      21.55122184753418,
      32.195621490478516,
      24.906938552856445,
      40.222259521484375,
      33.22977066040039,
      52.72789764404297,
      42.66317367553711,
      41.29658508300781,
      49.43901824951172,
      44.22573471069336,
      52.31781005859375
    ],
    [
      23.267498016357422,
      26.644800186157227,
      14.54603099822998,
      27.585712432861328,
      18.53363609313965,
      21.834197998046875,
      29.751441955566406,
      27.124820709228516,
      30.364927291870117,
      30.821468353271484,
      36.18247604370117,
      39.67682647705078,
      42.66317367553711,
      52.916412353515625,
      32.58235549926758,
      53.50499725341797,
      37.16093444824219,
      52.264259338378906
    ],
    [
      16.63821792602539,
      15.945157051086426,
      14.94113540649414,
      21.784217834472656,
      17.266939163208008,
      14.666545867919922,
      24.076770782470703,
      18.25924301147461,
      29.09178352355957,
      20.849550247192383,
      31.399084091186523,
      27.300825119018555,
      41.29658508300781,
      32.58235549926758,
      54.646175384521484,
      46.02522277832031,
      49.49006271362305,
      47.39061737060547
    ],
    [
      25.109447479248047,
      30.987916946411133,
      15.425110816955566,
      30.898374557495117,
      18.928359985351562,
      23.52897834777832,
      30.94240951538086,
      28.19806480407715,
      30.124248504638672,
      30.739822387695312,
      36.086944580078125,
      39.80701446533203,
      49.43901824951172,
      53.50499725341797,
      46.02522277832031,
      73.08446502685547,
      52.67047119140625,
      65.87806701660156
    ],
    [
      21.71628189086914,
      20.453754425048828,
      14.640869140625,
      24.420272827148438,
      18.293561935424805,
      16.694377899169922,
      27.62993049621582,
      20.92799949645996,
      28.785743713378906,
      23.283889770507812,
      31.86310386657715,
      29.937288284301758,
      44.22573471069336,
      37.16093444824219,
      49.49006271362305,
      52.67047119140625,
      66.9906997680664,
      67.25446319580078
    ],
    [
      38.45119857788086,
      38.729732513427734,
      21.31328773498535,
      35.768245697021484,
      27.327234268188477,
      27.781864166259766,
      40.04269790649414,
      31.621904373168945,
      37.969024658203125,
      34.933292388916016,
      40.34971618652344,
      43.103145599365234,
      52.31781005859375,
      52.264259338378906,
      47.39061737060547,
      65.87806701660156,
      67.25446319580078,
      102.90060424804688
    ]
  ],
  "covariance_short": [
    [
      47.90711975097656,
      31.80672264099121,
      12.672500610351562,
      14.689882278442383,
      11.658245086669922,
      12.835708618164062,
      16.472986221313477,
      14.255297660827637,
      18.021543502807617,
      17.17266082763672,
      17.211496353149414,
      20.170686721801758,
      17.96950912475586,
      20.95016098022461,
      15.230145454406738,
      23.613000869750977,
      21.73926544189453,
      34.119606018066406
    ],
    [
      31.80672264099121,
      66.04359436035156,
      13.134533882141113,
      22.402034759521484,
      15.593442916870117,
      18.711835861206055,
      23.7593936920166,
      18.76641082763672,
      21.103803634643555,
      22.21103286743164,
      21.401805877685547,
      27.28569793701172,
      24.0391845703125,
      30.619386672973633,
      20.090803146362305,
      35.86790084838867,
      28.73781967163086,
      44.84041213989258
    ],
    [
      12.672500610351562,
      13.134533882141113,
      21.58472442626953,
      15.965178489685059,
      14.034525871276855,
      13.028571128845215,
      12.66895866394043,
      11.552509307861328,
      16.944843292236328,
      14.794242858886719,
      17.502439498901367,
      16.064453125,
      16.816682815551758,
      16.08997917175293,
      14.740435600280762,
      17.44569969177246,
      16.64324951171875,
      22.109375
    ],
    [
      14.689882278442383,
      22.402034759521484,
      15.965178489685059,
      35.429935455322266,
      17.82174301147461,
      21.51976203918457,
      20.429622650146484,
      20.405546188354492,
      22.425512313842773,
      24.13384437561035,
      23.168596267700195,
      27.362937927246094,
      25.449552536010742,
      28.751768112182617,
      20.50346565246582,
      32.587467193603516,
      26.383604049682617,
      37.528419494628906
    ],
    [
      11.658245086669922,
      15.593442916870117,
      14.034525871276855,
      17.82174301147461,
      31.302692413330078,
      17.751005172729492,
      28.15641212463379,
      16.138338088989258,
      23.068891525268555,
      18.467575073242188,
      26.436288833618164,
      21.367908477783203,
      22.838459014892578,
      21.72431755065918,
      19.810131072998047,
      23.195602416992188,
      22.275197982788086,
      28.20421028137207
    ],
    [
      12.835708618164062,
      18.711835861206055,
      13.028571128845215,
      21.51976203918457,
      17.751005172729492,
      29.441471099853516,
      18.01920509338379,
      21.187381744384766,
      19.366905212402344,
      22.071353912353516,
      18.209718704223633,
      23.86591911315918,
      19.805185317993164,
      24.89192008972168,
      16.741409301757812,
      27.7470645904541,
      21.44832992553711,
      31.790904998779297
    ],
    [
      16.472986221313477,
      23.7593936920166,
      12.66895866394043,
      20.429622650146484,
      28.15641212463379,
      18.01920509338379,
      50.65665817260742,
      21.79002571105957,
      27.501455307006836,
      22.865083694458008,
      33.57597351074219,
      28.515844345092773,
      30.381616592407227,
      30.57107162475586,
      23.75320816040039,
      32.334625244140625,
      30.164106369018555,
      38.17797088623047
    ],
    [
      14.255297660827637,
      18.76641082763672,
      11.552509307861328,
      20.405546188354492,
      16.138338088989258,
      21.187381744384766,
      21.79002571105957,
      30.913585662841797,
      20.929784774780273,
      26.184972763061523,
      18.62944793701172,
      27.138139724731445,
      20.849029541015625,
      28.215572357177734,
      16.352859497070312,
      29.805580139160156,
      23.057689666748047,
      34.22572708129883
    ],
    [
      18.021543502807617,
      21.103803634643555,
      16.944843292236328,
      22.425512313842773,
      23.068891525268555,
      19.366905212402344,
      27.501455307006836,
      20.929784774780273,
      52.09907531738281,
      28.564035415649414,
      43.00395584106445,
      33.89360427856445,
      35.78919219970703,
      33.83635330200195,
      30.41004753112793,
      34.463443756103516,
      33.07560348510742,
      39.17490005493164
    ],
    [
      17.17266082763672,
      22.21103286743164,
      14.794242858886719,
      24.13384437561035,
      18.467575073242188,
      22.071353912353516,
      22.865083694458008,
      26.184972763061523,
      28.564035415649414,
      34.79416275024414,
      25.291301727294922,
      33.64817428588867,
      26.63401222229004,
      33.93000793457031,
      21.225452423095703,
      34.49514389038086,
      28.229291915893555,
      40.33867645263672
    ],
    [
      17.211496353149414,
      21.401805877685547,
      17.502439498901367,
      23.168596267700195,
      26.436288833618164,
      18.209718704223633,
      33.57597351074219,
      18.62944793701172,
      43.00395584106445,
      25.291301727294922,
      59.22693634033203,
      35.14664077758789,
      46.554359436035156,
      39.95085525512695,
      35.96036911010742,
      40.87400436401367,
      38.33233642578125,
      43.60661697387695
    ],
    [
      20.170686721801758,
      27.28569793701172,
      16.064453125,
      27.362937927246094,
      21.367908477783203,
      23.86591911315918,
      28.515844345092773,
      27.138139724731445,
      33.89360427856445,
      33.64817428588867,
      35.14664077758789,
      44.901912689208984,
      36.060455322265625,
      43.86982727050781,
      28.85808563232422,
      45.14663314819336,
      36.27522277832031,
      49.171913146972656
    ],
    [
      17.96950912475586,
      24.0391845703125,
      16.816682815551758,
      25.449552536010742,
      22.838459014892578,
      19.805185317993164,
      30.381616592407227,
      20.849029541015625,
      35.78919219970703,
      26.63401222229004,
      46.554359436035156,
      36.060455322265625,
      63.85862731933594,
      48.49583435058594,
      48.98821258544922,
      56.59344482421875,
      54.73698425292969,
      59.743228912353516
    ],
    [
      20.95016098022461,
      30.619386672973633,
      16.08997917175293,
      28.751768112182617,
      21.72431755065918,
      24.89192008972168,
      30.57107162475586,
      28.215572357177734,
      33.83635330200195,
      33.93000793457031,
      39.95085525512695,
      43.86982727050781,
      48.49583435058594,
      60.90587615966797,
      37.23466110229492,
      60.805782318115234,
      47.924354553222656,
      63.17625427246094
    ],
    [
      15.230145454406738,
      20.090803146362305,
      14.740435600280762,
      20.50346565246582,
      19.810131072998047,
      16.741409301757812,
      23.75320816040039,
      16.352859497070312,
      30.41004753112793,
      21.225452423095703,
      35.96036911010742,
      28.85808563232422,
      48.98821258544922,
      37.23466110229492,
      61.40677261352539,
      52.14506912231445,
      59.475467681884766,
      53.34276580810547
    ],
    [
      23.613000869750977,
      35.86790084838867,
      17.44569969177246,
      32.587467193603516,
      23.195602416992188,
      27.7470645904541,
      32.334625244140625,
      29.805580139160156,
      34.463443756103516,
      34.49514389038086,
      40.87400436401367,
      45.14663314819336,
      56.59344482421875,
      60.805782318115234,
      52.14506912231445,
      86.1524658203125,
      66.274169921875,
      81.19499206542969
    ],
    [
      21.73926544189453,
      28.73781967163086,
      16.64324951171875,
      26.383604049682617,
      22.275197982788086,
      21.44832992553711,
      30.164106369018555,
      23.057689666748047,
      33.07560348510742,
      28.229291915893555,
      38.33233642578125,
      36.27522277832031,
      54.73698425292969,
      47.924354553222656,
      59.475467681884766,
      66.274169921875,
      88.9487075805664,
      84.74410247802734
    ],
    [
      34.119606018066406,
      44.84041213989258,
      22.109375,
      37.528419494628906,
      28.20421028137207,
      31.790904998779297,
      38.17797088623047,
      34.22572708129883,
      39.17490005493164,
      40.33867645263672,
      43.60661697387695,
      49.171913146972656,
      59.743228912353516,
      63.17625427246094,
      53.34276580810547,
      81.19499206542969,
      84.74410247802734,
      114.54988098144531
    ]
  ],
  "damage": -3.7062487602233887,
  "diff_bandwidth": 593.8644409179688,
  "dissonance": 7.942653798994313,
  "drr": 11.068617820739746,
  "dynamics": 3.2071306705474854,
  "format": 1245190,
  "frames": 14037952,
  "loudness": -9.050019264221191,
  "loudness_range": 9.249863624572754,
  "loudness_range_short": 10.420080184936523,
  "lowpass_true_peak_15khz": 1.7122175693511963,
  "mastering3_acoustic_entropies": [
    {
      "acoustic_entropy": 7.16506814956665,
      "acoustic_entropy_mono": 6.878849029541016,
      "band_eliminated_acoustic_entropies": [
        {
          "acoustic_entropy": 7.192457675933838,
          "acoustic_entropy_side": 7.165050029754639,
          "hz": 129.47220167065723
        },
        {
          "acoustic_entropy": 7.707680702209473,
          "acoustic_entropy_side": 7.16485595703125,
          "hz": 202.92927478742237
        },
        {
          "acoustic_entropy": 7.793282508850098,
          "acoustic_entropy_side": 7.188834190368652,
          "hz": 282.89161906338205
        },
        {
          "acoustic_entropy": 7.082042694091797,
          "acoustic_entropy_side": 7.294763088226318,
          "hz": 369.9353335868758
        },
        {
          "acoustic_entropy": 7.530126571655273,
          "acoustic_entropy_side": 7.406115531921387,
          "hz": 464.6875360973435
        },
        {
          "acoustic_entropy": 7.550900459289551,
          "acoustic_entropy_side": 7.098438262939453,
          "hz": 567.8308811364784
        },
        {
          "acoustic_entropy": 7.2032036781311035,
          "acoustic_entropy_side": 7.13093900680542,
          "hz": 680.1084783214808
        },
        {
          "acoustic_entropy": 7.119256019592285,
          "acoustic_entropy_side": 7.28533935546875,
          "hz": 802.3292461747484
        },
        {
          "acoustic_entropy": 6.669114112854004,
          "acoustic_entropy_side": 6.989847183227539,
          "hz": 935.3737400823702
        },
        {
          "acoustic_entropy": 6.948600769042969,
          "acoustic_entropy_side": 7.060975074768066,
          "hz": 1080.2004963696966
        },
        {
          "acoustic_entropy": 7.070887088775635,
          "acoustic_entropy_side": 7.198149681091309,
          "hz": 1237.8529382007157
        },
        {
          "acoustic_entropy": 7.223142147064209,
          "acoustic_entropy_side": 7.170275688171387,
          "hz": 1409.4668930556702
        },
        {
          "acoustic_entropy": 6.7296648025512695,
          "acoustic_entropy_side": 7.177168846130371,
          "hz": 1596.2787759475705
        },
        {
          "acoustic_entropy": 6.834716320037842,
          "acoustic_entropy_side": 7.163703918457031,
          "hz": 1799.6344973346393
        },
        {
          "acoustic_entropy": 7.062122344970703,
          "acoustic_entropy_side": 7.151392459869385,
          "hz": 2020.9991599069049
        },
        {
          "acoustic_entropy": 7.128076076507568,
          "acoustic_entropy_side": 7.136601448059082,
          "hz": 2261.9676141086993
        },
        {
          "acoustic_entropy": 7.262768745422363,
          "acoustic_entropy_side": 7.159955024719238,
          "hz": 2524.2759484456974
        },
        {
          "acoustic_entropy": 7.294408798217773,
          "acoustic_entropy_side": 7.168849468231201,
          "hz": 2809.813997359896
        },
        {
          "acoustic_entropy": 7.158873081207275,
          "acoustic_entropy_side": 7.158039569854736,
          "hz": 3120.6389567871424
        },
        {
          "acoustic_entropy": 7.152231693267822,
          "acoustic_entropy_side": 7.147938251495361,
          "hz": 3458.990205492291
        },
        {
          "acoustic_entropy": 6.9791035652160645,
          "acoustic_entropy_side": 7.16182279586792,
          "hz": 3827.305438964164
        },
        {
          "acoustic_entropy": 7.089113235473633,
          "acoustic_entropy_side": 7.157454967498779,
          "hz": 4228.238232109126
        },
        {
          "acoustic_entropy": 7.127945423126221,
          "acoustic_entropy_side": 7.165259838104248,
          "hz": 4664.6771572759235
        },
        {
          "acoustic_entropy": 7.114380359649658,
          "acoustic_entropy_side": 7.164607524871826,
          "hz": 5139.766595350093
        },
        {
          "acoustic_entropy": 7.0029616355896,
          "acoustic_entropy_side": 7.1650567054748535,
          "hz": 5656.929389854203
        },
        {
          "acoustic_entropy": 6.955488204956055,
          "acoustic_entropy_side": 7.1649699211120605,
          "hz": 6219.891507268283
        },
        {
          "acoustic_entropy": 7.112596035003662,
          "acoustic_entropy_side": 7.16512393951416,
          "hz": 6832.70888123896
        },
        {
          "acoustic_entropy": 7.177346229553223,
          "acoustic_entropy_side": 7.168498516082764,
          "hz": 7499.796634079867
        },
        {
          "acoustic_entropy": 7.132191181182861,
          "acoustic_entropy_side": 7.172446250915527,
          "hz": 8225.96088609342
        },
        {
          "acoustic_entropy": 6.990912914276123,
          "acoustic_entropy_side": 7.174526691436768,
          "hz": 9016.43338188839
        },
        {
          "acoustic_entropy": 7.115331649780273,
          "acoustic_entropy_side": 7.175354480743408,
          "hz": 9876.909183162974
        },
        {
          "acoustic_entropy": 7.0893988609313965,
          "acoustic_entropy_side": 7.1731858253479,
          "hz": 10813.587699516042
        },
        {
          "acoustic_entropy": 6.988683700561523,
          "acoustic_entropy_side": 7.171469211578369,
          "hz": 11833.21735289826
        },
        {
          "acoustic_entropy": 7.072192192077637,
          "acoustic_entropy_side": 7.168915271759033,
          "hz": 12943.144197493959
        },
        {
          "acoustic_entropy": 7.157641410827637,
          "acoustic_entropy_side": 7.166845798492432,
          "hz": 14151.364845322005
        },
        {
          "acoustic_entropy": 7.168162822723389,
          "acoustic_entropy_side": 7.16550874710083,
          "hz": 15466.58407886509
        },
        {
          "acoustic_entropy": 7.167855739593506,
          "acoustic_entropy_side": 7.1652445793151855,
          "hz": 16898.27756580493
        },
        {
          "acoustic_entropy": 7.166992664337158,
          "acoustic_entropy_side": 7.165290832519531,
          "hz": 18456.760127700032
        },
        {
          "acoustic_entropy": 7.1658806800842285,
          "acoustic_entropy_side": 7.165189266204834,
          "hz": 20153.260054456492
        },
        {
          "acoustic_entropy": 7.165159702301025,
          "acoustic_entropy_side": 7.165083885192871,
          "hz": 22000.00000000001
        }
      ],
      "diff_acoustic_entropy": 4.94256067276001,
      "sn": 6
    },
    {
      "acoustic_entropy": 12.28317928314209,
      "acoustic_entropy_mono": 11.36950397491455,
      "band_eliminated_acoustic_entropies": [
        {
          "acoustic_entropy": 12.452845573425293,
          "acoustic_entropy_side": 12.282468795776367,
          "hz": 129.47220167065723
        },
        {
          "acoustic_entropy": 12.394155502319336,
          "acoustic_entropy_side": 12.274246215820312,
          "hz": 202.92927478742237
        },
        {
          "acoustic_entropy": 12.947291374206543,
          "acoustic_entropy_side": 12.289490699768066,
          "hz": 282.89161906338205
        },
        {
          "acoustic_entropy": 12.638264656066895,
          "acoustic_entropy_side": 12.58434772491455,
          "hz": 369.9353335868758
        },
        {
          "acoustic_entropy": 11.921186447143555,
          "acoustic_entropy_side": 12.912363052368164,
          "hz": 464.6875360973435
        },
        {
          "acoustic_entropy": 12.790532112121582,
          "acoustic_entropy_side": 12.210277557373047,
          "hz": 567.8308811364784
        },
        {
          "acoustic_entropy": 12.200407981872559,
          "acoustic_entropy_side": 12.172223091125488,
          "hz": 680.1084783214808
        },
        {
          "acoustic_entropy": 12.007150650024414,
          "acoustic_entropy_side": 12.346414566040039,
          "hz": 802.3292461747484
        },
        {
          "acoustic_entropy": 11.93365478515625,
          "acoustic_entropy_side": 12.154546737670898,
          "hz": 935.3737400823702
        },
        {
          "acoustic_entropy": 12.084321975708008,
          "acoustic_entropy_side": 12.410318374633789,
          "hz": 1080.2004963696966
        },
        {
          "acoustic_entropy": 12.946816444396973,
          "acoustic_entropy_side": 12.270306587219238,
          "hz": 1237.8529382007157
        },
        {
          "acoustic_entropy": 12.681107521057129,
          "acoustic_entropy_side": 12.413588523864746,
          "hz": 1409.4668930556702
        },
        {
          "acoustic_entropy": 12.33977222442627,
          "acoustic_entropy_side": 12.412333488464355,
          "hz": 1596.2787759475705
        },
        {
          "acoustic_entropy": 12.567122459411621,
          "acoustic_entropy_side": 12.243891716003418,
          "hz": 1799.6344973346393
        },
        {
          "acoustic_entropy": 12.264120101928711,
          "acoustic_entropy_side": 12.294320106506348,
          "hz": 2020.9991599069049
        },
        {
          "acoustic_entropy": 12.075848579406738,
          "acoustic_entropy_side": 12.28018856048584,
          "hz": 2261.9676141086993
        },
        {
          "acoustic_entropy": 12.623519897460938,
          "acoustic_entropy_side": 12.271611213684082,
          "hz": 2524.2759484456974
        },
        {
          "acoustic_entropy": 12.238734245300293,
          "acoustic_entropy_side": 12.256314277648926,
          "hz": 2809.813997359896
        },
        {
          "acoustic_entropy": 12.149141311645508,
          "acoustic_entropy_side": 12.342799186706543,
          "hz": 3120.6389567871424
        },
        {
          "acoustic_entropy": 12.653985023498535,
          "acoustic_entropy_side": 12.30472183227539,
          "hz": 3458.990205492291
        },
        {
          "acoustic_entropy": 12.537108421325684,
          "acoustic_entropy_side": 12.254460334777832,
          "hz": 3827.305438964164
        },
        {
          "acoustic_entropy": 12.141528129577637,
          "acoustic_entropy_side": 12.220060348510742,
          "hz": 4228.238232109126
        },
        {
          "acoustic_entropy": 12.307579040527344,
          "acoustic_entropy_side": 12.237841606140137,
          "hz": 4664.6771572759235
        },
        {
          "acoustic_entropy": 12.309846878051758,
          "acoustic_entropy_side": 12.248562812805176,
          "hz": 5139.766595350093
        },
        {
          "acoustic_entropy": 12.333144187927246,
          "acoustic_entropy_side": 12.278998374938965,
          "hz": 5656.929389854203
        },
        {
          "acoustic_entropy": 12.33743953704834,
          "acoustic_entropy_side": 12.302979469299316,
          "hz": 6219.891507268283
        },
        {
          "acoustic_entropy": 12.383824348449707,
          "acoustic_entropy_side": 12.265420913696289,
          "hz": 6832.70888123896
        },
        {
          "acoustic_entropy": 12.256315231323242,
          "acoustic_entropy_side": 12.28764820098877,
          "hz": 7499.796634079867
        },
        {
          "acoustic_entropy": 12.128323554992676,
          "acoustic_entropy_side": 12.321410179138184,
          "hz": 8225.96088609342
        },
        {
          "acoustic_entropy": 12.121088981628418,
          "acoustic_entropy_side": 12.329739570617676,
          "hz": 9016.43338188839
        },
        {
          "acoustic_entropy": 12.089936256408691,
          "acoustic_entropy_side": 12.355447769165039,
          "hz": 9876.909183162974
        },
        {
          "acoustic_entropy": 12.061653137207031,
          "acoustic_entropy_side": 12.387126922607422,
          "hz": 10813.587699516042
        },
        {
          "acoustic_entropy": 12.1848783493042,
          "acoustic_entropy_side": 12.360228538513184,
          "hz": 11833.21735289826
        },
        {
          "acoustic_entropy": 12.197668075561523,
          "acoustic_entropy_side": 12.292771339416504,
          "hz": 12943.144197493959
        },
        {
          "acoustic_entropy": 12.249935150146484,
          "acoustic_entropy_side": 12.269161224365234,
          "hz": 14151.364845322005
        },
        {
          "acoustic_entropy": 12.245628356933594,
          "acoustic_entropy_side": 12.276611328125,
          "hz": 15466.58407886509
        },
        {
          "acoustic_entropy": 12.238466262817383,
          "acoustic_entropy_side": 12.290060043334961,
          "hz": 16898.27756580493
        },
        {
          "acoustic_entropy": 12.264360427856445,
          "acoustic_entropy_side": 12.297706604003906,
          "hz": 18456.760127700032
        },
        {
          "acoustic_entropy": 12.285502433776855,
          "acoustic_entropy_side": 12.29548168182373,
          "hz": 20153.260054456492
        },
        {
          "acoustic_entropy": 12.290568351745605,
          "acoustic_entropy_side": 12.284440040588379,
          "hz": 22000.00000000001
        }
      ],
      "diff_acoustic_entropy": 7.597654342651367,
      "sn": 12
    },
    {
      "acoustic_entropy": 18.47467803955078,
      "acoustic_entropy_mono": 16.628549575805664,
      "band_eliminated_acoustic_entropies": [
        {
          "acoustic_entropy": 18.073623657226562,
          "acoustic_entropy_side": 18.492788314819336,
          "hz": 129.47220167065723
        },
        {
          "acoustic_entropy": 18.42978858947754,
          "acoustic_entropy_side": 18.032922744750977,
          "hz": 202.92927478742237
        },
        {
          "acoustic_entropy": 19.035308837890625,
          "acoustic_entropy_side": 18.620098114013672,
          "hz": 282.89161906338205
        },
        {
          "acoustic_entropy": 18.838821411132812,
          "acoustic_entropy_side": 18.157054901123047,
          "hz": 369.9353335868758
        },
        {
          "acoustic_entropy": 18.214950561523438,
          "acoustic_entropy_side": 18.478025436401367,
          "hz": 464.6875360973435
        },
        {
          "acoustic_entropy": 18.659791946411133,
          "acoustic_entropy_side": 19.641176223754883,
          "hz": 567.8308811364784
        },
        {
          "acoustic_entropy": 18.90190887451172,
          "acoustic_entropy_side": 18.38675308227539,
          "hz": 680.1084783214808
        },
        {
          "acoustic_entropy": 18.983692169189453,
          "acoustic_entropy_side": 18.918657302856445,
          "hz": 802.3292461747484
        },
        {
          "acoustic_entropy": 17.198028564453125,
          "acoustic_entropy_side": 19.00429344177246,
          "hz": 935.3737400823702
        },
        {
          "acoustic_entropy": 18.239450454711914,
          "acoustic_entropy_side": 18.647113800048828,
          "hz": 1080.2004963696966
        },
        {
          "acoustic_entropy": 17.905214309692383,
          "acoustic_entropy_side": 18.024778366088867,
          "hz": 1237.8529382007157
        },
        {
          "acoustic_entropy": 18.440296173095703,
          "acoustic_entropy_side": 18.68745994567871,
          "hz": 1409.4668930556702
        },
        {
          "acoustic_entropy": 18.81449317932129,
          "acoustic_entropy_side": 18.61094093322754,
          "hz": 1596.2787759475705
        },
        {
          "acoustic_entropy": 18.912025451660156,
          "acoustic_entropy_side": 19.044034957885742,
          "hz": 1799.6344973346393
        },
        {
          "acoustic_entropy": 18.405040740966797,
          "acoustic_entropy_side": 18.5819034576416,
          "hz": 2020.9991599069049
        },
        {
          "acoustic_entropy": 18.16586685180664,
          "acoustic_entropy_side": 17.94040870666504,
          "hz": 2261.9676141086993
        },
        {
          "acoustic_entropy": 18.76418685913086,
          "acoustic_entropy_side": 18.542142868041992,
          "hz": 2524.2759484456974
        },
        {
          "acoustic_entropy": 18.845300674438477,
          "acoustic_entropy_side": 18.76457977294922,
          "hz": 2809.813997359896
        },
        {
          "acoustic_entropy": 18.40278434753418,
