{
  "acoustic_entropy": 215.22946166992188,
  "bands": [
    {
      "high_freq": 148.1999969482422,
      "loudness": -19.281843185424805,
      "loudness_range": 6.4392242431640625,
      "mid_mean": -15.614066123962402,
      "mid_to_side_loudness": -22.251567840576172,
      "mid_to_side_loudness_range": 13.258795738220215,
      "side_mean": -38.32805252075195
    },
    {
      "high_freq": 392.3793640136719,
      "loudness": -21.52925682067871,
      "loudness_range": 7.123193740844727,
      "low_freq": 148.1999969482422,
      "mid_mean": -18.151630401611328,
      "mid_to_side_loudness": -12.300664901733398,
      "mid_to_side_loudness_range": 10.090421676635742,
      "side_mean": -30.524354934692383
    },
    {
      "high_freq": 794.6976318359375,
      "loudness": -25.40106773376465,
      "loudness_range": 9.054405212402344,
      "low_freq": 392.3793640136719,
      "mid_mean": -22.490129470825195,
      "mid_to_side_loudness": -8.181493759155273,
      "mid_to_side_loudness_range": 10.926981925964355,
      "side_mean": -30.740083694458008
    },
    {
      "high_freq": 1457.5709228515625,
      "loudness": -23.01510238647461,
      "loudness_range": 13.089898109436035,
      "low_freq": 794.6976318359375,
      "mid_mean": -20.072154998779297,
      "mid_to_side_loudness": -8.570859909057617,
      "mid_to_side_loudness_range": 12.093649864196777,
      "side_mean": -28.80698013305664
    },
    {
      "high_freq": 2549.74365234375,
      "loudness": -21.648401260375977,
      "loudness_range": 8.424888610839844,
      "low_freq": 1457.5709228515625,
      "mid_mean": -19.332326889038086,
      "mid_to_side_loudness": -4.96900749206543,
      "mid_to_side_loudness_range": 8.722307205200195,
      "side_mean": -24.378034591674805
    },
    {
      "high_freq": 4349.24462890625,
      "loudness": -20.853487014770508,
      "loudness_range": 7.614795684814453,
      "low_freq": 2549.74365234375,
      "mid_mean": -18.4279727935791,
      "mid_to_side_loudness": -5.102101802825928,
      "mid_to_side_loudness_range": 7.250116348266602,
      "side_mean": -23.651962280273438
    },
    {
      "high_freq": 7314.1640625,
      "loudness": -26.459089279174805,
      "loudness_range": 8.872428894042969,
      "low_freq": 4349.24462890625,
      "mid_mean": -23.373565673828125,
      "mid_to_side_loudness": -9.059677124023438,
      "mid_to_side_loudness_range": 9.777777671813965,
      "side_mean": -32.550479888916016
    },
    {
      "high_freq": 12199.2666015625,
      "loudness": -32.712989807128906,
      "loudness_range": 11.265707015991211,
      "low_freq": 7314.1640625,
      "mid_mean": -29.546667098999023,
      "mid_to_side_loudness": -9.241724014282227,
      "mid_to_side_loudness_range": 6.297054290771484,
      "side_mean": -38.888607025146484
    },
    {
      "loudness": -39.004676818847656,
      "loudness_range": 12.834381103515625,
      "low_freq": 12199.2666015625,
      "mid_mean": -36.33457565307617,
      "mid_to_side_loudness": -6.018804550170898,
      "mid_to_side_loudness_range": 4.138185501098633,
      "side_mean": -42.30834197998047
    }
  ],
  "bands_short": [
    {
      "high_freq": 148.1999969482422,
      "loudness": -22.67431640625,
      "loudness_range": 12.659249305725098,
      "mid_mean": -19.03701400756836,
      "mid_to_side_loudness": -23.898183822631836,
      "mid_to_side_loudness_range": 20.422992706298828,
      "side_mean": -43.791603088378906
    },
    {
      "high_freq": 392.3793640136719,
      "loudness": -19.921173095703125,
      "loudness_range": 7.954506874084473,
      "low_freq": 148.1999969482422,
      "mid_mean": -16.487104415893555,
      "mid_to_side_loudness": -14.391371726989746,
      "mid_to_side_loudness_range": 14.534324645996094,
      "side_mean": -31.005319595336914
    },
    {
      "high_freq": 794.6976318359375,
      "loudness": -26.03898048400879,
      "loudness_range": 12.393098831176758,
      "low_freq": 392.3793640136719,
      "mid_mean": -23.291568756103516,
      "mid_to_side_loudness": -7.9995036125183105,
      "mid_to_side_loudness_range": 13.80976676940918,
      "side_mean": -31.23095703125
    },
    {
      "high_freq": 1457.5709228515625,
      "loudness": -24.126550674438477,
      "loudness_range": 16.42473602294922,
      "low_freq": 794.6976318359375,
      "mid_mean": -21.379398345947266,
      "mid_to_side_loudness": -8.124197006225586,
      "mid_to_side_loudness_range": 14.414769172668457,
      "side_mean": -29.31636619567871
    },
    {
      "high_freq": 2549.74365234375,
      "loudness": -22.364164352416992,
      "loudness_range": 10.896001815795898,
      "low_freq": 1457.5709228515625,
      "mid_mean": -20.17129135131836,
      "mid_to_side_loudness": -5.103948593139648,
      "mid_to_side_loudness_range": 11.397122383117676,
      "side_mean": -24.922801971435547
    },
    {
      "high_freq": 4349.24462890625,
      "loudness": -21.291351318359375,
      "loudness_range": 10.163528442382812,
      "low_freq": 2549.74365234375,
      "mid_mean": -18.998371124267578,
      "mid_to_side_loudness": -5.1991729736328125,
      "mid_to_side_loudness_range": 9.586288452148438,
      "side_mean": -23.9172420501709
    },
    {
      "high_freq": 7314.1640625,
      "loudness": -27.310333251953125,
      "loudness_range": 12.370952606201172,
      "low_freq": 4349.24462890625,
      "mid_mean": -24.372278213500977,
      "mid_to_side_loudness": -8.579253196716309,
      "mid_to_side_loudness_range": 11.327288627624512,
      "side_mean": -32.887786865234375
    },
    {
      "high_freq": 12199.2666015625,
      "loudness": -34.906272888183594,
      "loudness_range": 18.30840492248535,
      "low_freq": 7314.1640625,
      "mid_mean": -31.805038452148438,
      "mid_to_side_loudness": -9.311269760131836,
      "mid_to_side_loudness_range": 9.951337814331055,
      "side_mean": -41.1034049987793
    },
    {
      "loudness": -42.50912094116211,
      "loudness_range": 22.563213348388672,
      "low_freq": 12199.2666015625,
      "mid_mean": -39.83465576171875,
      "mid_to_side_loudness": -6.80199670791626,
      "mid_to_side_loudness_range": 8.99549388885498,
      "side_mean": -46.36378860473633
    }
  ],
  "bandwidth": 696.6227416992188,
  "channels": 2,
  "covariance": [
    [
      6.699728488922119,
      4.401766777038574,
      0.559790313243866,
      0.8074021935462952,
      -0.913755476474762,
      0.9195663332939148,
      -1.075618863105774,
      0.890726625919342,
      -0.2573014497756958,
      1.225833535194397,
      0.04270891845226288,
      1.1032308340072632,
      -0.6260518431663513,
      0.8366590142250061,
      0.8386181592941284,
      1.3190914392471313,
      1.030045509338379,
      1.1636806726455688
    ],
    [
      4.401766777038574,
      17.22635841369629,
      1.2989305257797241,
      3.39235520362854,
      -0.5189033150672913,
      1.9251912832260132,
      -0.11842691153287888,
      2.2353830337524414,
      0.6780202984809875,
      2.725320339202881,
      1.4709315299987793,
      2.9684271812438965,
      -0.7234006524085999,
      1.8052749633789062,
      -0.7383224964141846,
      0.3978665769100189,
      -1.1096831560134888,
      -1.4148017168045044
    ],
    [
      0.559790313243866,
      1.2989305257797241,
      9.52331256866455,
      4.999872207641602,
      3.9886486530303955,
      3.023589611053467,
      0.10745411366224289,
      1.490623950958252,
      0.5364015102386475,
      0.9607158303260803,
      0.7024505734443665,
      1.3923885822296143,
      0.28029683232307434,
      1.04048752784729,
      1.507746934890747,
      1.7311344146728516,
      0.7871482968330383,
      0.20457805693149567
    ],
    [
      0.8074021935462952,
      3.39235520362854,
      4.999872207641602,
      12.304798126220703,
      2.6585938930511475,
      5.607548236846924,
      -0.9559119343757629,
      2.611830472946167,
      0.4529048502445221,
      2.6601295471191406,
      1.2667872905731201,
      3.2868685722351074,
      0.3565324544906616,
      2.2673447132110596,
      0.6390586495399475,
      1.543520450592041,
      1.326690435409546,
      1.0003966093063354
    ],
    [
      -0.913755476474762,
      -0.5189033150672913,
      3.9886486530303955,
      2.6585938930511475,
      13.588116645812988,
      7.462444305419922,
      6.926450252532959,
      4.4573750495910645,
      3.028202533721924,
      2.1074790954589844,
      3.8292737007141113,
      2.607004404067993,
      2.9771604537963867,
      1.6762807369232178,
      2.87370228767395,
      1.9362541437149048,
      1.1657906770706177,
      0.3671283423900604
    ],
    [
      0.9195663332939148,
      1.9251912832260132,
      3.023589611053467,
      5.607548236846924,
      7.462444305419922,
      16.924144744873047,
      4.458546161651611,
      11.619485855102539,
      4.700949192047119,
      10.733882904052734,
      6.049583435058594,
      11.236037254333496,
      2.792480230331421,
      8.323172569274902,
      3.028482437133789,
      5.646131992340088,
      3.3707237243652344,
      4.368074893951416
    ],
    [
      -1.075618863105774,
      -0.11842691153287888,
      0.10745411366224289,
      -0.9559119343757629,
      6.926450252532959,
      4.458546161651611,
      24.57375717163086,
      10.464707374572754,
      9.304130554199219,
      3.0955395698547363,
      5.148423194885254,
      2.3728346824645996,
      4.264207363128662,
      2.4985885620117188,
      0.2938980162143707,
      0.12293994426727295,
      -0.9867156744003296,
      -0.8422293066978455
    ],
    [
      0.890726625919342,
      2.2353830337524414,
      1.490623950958252,
      2.611830472946167,
      4.4573750495910645,
      11.619485855102539,
      10.464707374572754,
      15.006912231445312,
      6.866910457611084,
      10.939316749572754,
      6.179257869720459,
      10.314753532409668,
      3.4416775703430176,
      8.13414192199707,
      2.5612504482269287,
      4.9735236167907715,
      2.470332145690918,
      3.8083572387695312
    ],
    [
      -0.2573014497756958,
      0.6780202984809875,
      0.5364015102386475,
      0.4529048502445221,
      3.028202533721924,
      4.700949192047119,
      9.304130554199219,
      6.866910457611084,
      11.537135124206543,
      8.555054664611816,
      5.975129127502441,
      6.652017116546631,
      5.243832111358643,
      5.8763346672058105,
      1.7028151750564575,
      2.5623979568481445,
      0.8627883195877075,
      1.3090990781784058
    ],
    [
      1.225833535194397,
      2.725320339202881,
      0.9607158303260803,
      2.6601295471191406,
      2.1074790954589844,
      10.733882904052734,
      3.0955395698547363,
      10.939316749572754,
      8.555054664611816,
      17.381078720092773,
      6.975516319274902,
      14.496228218078613,
      3.169180393218994,
      10.450799942016602,
      2.6331787109375,
      5.828919410705566,
      3.003147602081299,
      4.752751350402832
    ],
    [
      0.04270891845226288,
      1.4709315299987793,
      0.7024505734443665,
      1.2667872905731201,
      3.8292737007141113,
      6.049583435058594,
      5.148423194885254,
      6.179257869720459,
      5.975129127502441,
      6.975516319274902,
      9.833821296691895,
      9.383544921875,
      5.711383819580078,
      7.341744899749756,
      2.6745097637176514,
      3.6286678314208984,
      1.729396939277649,
      2.059234857559204
    ],
    [
      1.1032308340072632,
      2.9684271812438965,
      1.3923885822296143,
      3.2868685722351074,
      2.607004404067993,
      11.236037254333496,
      2.3728346824645996,
      10.314753532409668,
      6.652017116546631,
      14.496228218078613,
      9.383544921875,
      18.39397430419922,
      3.237780809402466,
      11.669881820678711,
      2.4516870975494385,
      5.673144340515137,
      2.8246090412139893,
      4.23980712890625
    ],
    [
      -0.6260518431663513,
      -0.7234006524085999,
      0.28029683232307434,
      0.3565324544906616,
      2.9771604537963867,
      2.792480230331421,
      4.264207363128662,
      3.4416775703430176,
      5.243832111358643,
      3.169180393218994,
      5.711383819580078,
      3.237780809402466,
      11.960978507995605,
      6.395836353302002,
      9.096744537353516,
      8.060829162597656,
      6.740050315856934,
      6.193717002868652
    ],
    [
      0.8366590142250061,
      1.8052749633789062,
      1.04048752784729,
      2.2673447132110596,
      1.6762807369232178,
      8.323172569274902,
      2.4985885620117188,
      8.13414192199707,
      5.8763346672058105,
      10.450799942016602,
      7.341744899749756,
      11.669881820678711,
      6.395836353302002,
      12.238086700439453,
      4.6253132820129395,
      7.501808166503906,
      4.009535312652588,
      5.431436538696289
    ],
    [
      0.8386181592941284,
      -0.7383224964141846,
      1.507746934890747,
      0.6390586495399475,
      2.87370228767395,
      3.028482437133789,
      0.2938980162143707,
      2.5612504482269287,
      1.7028151750564575,
      2.6331787109375,
      2.6745097637176514,
      2.4516870975494385,
      9.096744537353516,
      4.6253132820129395,
      16.74103546142578,
      14.88349437713623,
      15.71613597869873,
      14.441266059875488
    ],
    [
      1.3190914392471313,
      0.3978665769100189,
      1.7311344146728516,
      1.543520450592041,
      1.9362541437149048,
      5.646131992340088,
      0.12293994426727295,
      4.9735236167907715,
      2.5623979568481445,
      5.828919410705566,
      3.6286678314208984,
      5.673144340515137,
      8.060829162597656,
      7.501808166503906,
      14.88349437713623,
      18.527788162231445,
      15.805347442626953,
      18.13991355895996
    ],
    [
      1.030045509338379,
      -1.1096831560134888,
      0.7871482968330383,
      1.326690435409546,
      1.1657906770706177,
      3.3707237243652344,
      -0.9867156744003296,
      2.470332145690918,
      0.8627883195877075,
      3.003147602081299,
      1.729396939277649,
      2.8246090412139893,
      6.740050315856934,
      4.009535312652588,
      15.71613597869873,
      15.805347442626953,
      20.57372283935547,
      19.909154891967773
    ],
    [
      1.1636806726455688,
      -1.4148017168045044,
      0.20457805693149567,
      1.0003966093063354,
      0.3671283423900604,
      4.368074893951416,
      -0.8422293066978455,
      3.8083572387695312,
      1.3090990781784058,
      4.752751350402832,
      2.059234857559204,
      4.23980712890625,
      6.193717002868652,
      5.431436538696289,
      14.441266059875488,
      18.13991355895996,
      19.909154891967773,
      24.824752807617188
    ]
  ],
  "covariance_short": [
    [
      23.338533401489258,
      12.423203468322754,
      3.696394443511963,
      1.7759697437286377,
      -1.2402888536453247,
      0.6502609848976135,
      -1.5626546144485474,
      -0.030195361003279686,
      -0.18737763166427612,
      -0.4377664029598236,
      -0.03994862735271454,
      0.7109172940254211,
      1.2587645053863525,
      1.3519511222839355,
      4.014268398284912,
      4.952493667602539,
      5.9663238525390625,
      6.859556198120117
    ],
    [
      12.423203468322754,
      41.7081184387207,
      4.809722423553467,
      6.58985710144043,
      -0.4272560477256775,
      3.302598714828491,
      1.9273951053619385,
      2.7794172763824463,
      2.8747658729553223,
      2.4228076934814453,
      1.9547721147537231,
      2.6287615299224854,
      1.5337779521942139,
      2.3984591960906982,
      3.3728344440460205,
      3.803990364074707,
      4.044432163238525,
      4.011343955993652
    ],
    [
      3.696394443511963,
      4.809722423553467,
      14.832721710205078,
      5.313356399536133,
      4.560797214508057,
      4.162181377410889,
      0.6353835463523865,
      2.9029698371887207,
      1.1601225137710571,
      2.6092326641082764,
      1.8600341081619263,
      2.6498117446899414,
      1.4286437034606934,
      2.0985236167907715,
      3.922614812850952,
      4.576794624328613,
      3.8945155143737793,
      4.095399856567383
    ],
    [
      1.7759697437286377,
      6.58985710144043,
      5.313356399536133,
      19.175249099731445,
      3.5362119674682617,
      7.16625452041626,
      -0.47332054376602173,
      2.8958961963653564,
      0.41057834029197693,
      2.717010736465454,
      1.728096842765808,
      3.1338882446289062,
      0.6542146801948547,
      2.5939764976501465,
      1.4465522766113281,
      2.804835319519043,
      1.877881407737732,
      2.1994693279266357
    ],
    [
      -1.2402888536453247,
      -0.4272560477256775,
      4.560797214508057,
      3.5362119674682617,
      23.925342559814453,
      10.997830390930176,
      10.91954231262207,
      5.391499042510986,
      5.318192481994629,
      2.241929292678833,
      6.523845195770264,
      2.5535531044006348,
      6.897331237792969,
      3.4283111095428467,
      7.59277868270874,
      5.640239715576172,
      5.625847339630127,
      5.122757434844971
    ],
    [
      0.6502609848976135,
      3.302598714828491,
      4.162181377410889,
      7.16625452041626,
      10.997830390930176,
      24.01595115661621,
      7.269782543182373,
      12.359350204467773,
      6.876918792724609,
      11.193894386291504,
      8.28406810760498,
      11.620851516723633,
      5.177211284637451,
      9.893769264221191,
      5.617315769195557,
      9.814513206481934,
      6.580672264099121,
      9.666977882385254
    ],
    [
      -1.5626546144485474,
      1.9273951053619385,
      0.6353835463523865,
      -0.47332054376602173,
      10.91954231262207,
      7.269782543182373,
      37.35725402832031,
      15.286219596862793,
      15.8270902633667,
      5.29976224899292,
      10.433342933654785,
      4.597168922424316,
      10.197063446044922,
      6.376594543457031,
      5.520972728729248,
      5.162318229675293,
      4.337063789367676,
      3.898580551147461
    ],
    [
      -0.030195361003279686,
      2.7794172763824463,
      2.9029698371887207,
      2.8958961963653564,
      5.391499042510986,
      12.359350204467773,
      15.286219596862793,
      21.851858139038086,
      9.71595287322998,
      12.805412292480469,
      8.309870719909668,
      11.829657554626465,
      5.7610883712768555,
      10.072126388549805,
      4.649327754974365,
      9.117842674255371,
      5.827149391174316,
      8.845766067504883
    ],
    [
      -0.18737763166427612,
      2.8747658729553223,
      1.1601225137710571,
      0.41057834029197693,
      5.318192481994629,
      6.876918792724609,
      15.8270902633667,
      9.71595287322998,
      21.276851654052734,
      12.473711967468262,
      11.63417911529541,
      9.374340057373047,
      10.615533828735352,
      10.150406837463379,
      5.8116455078125,
      7.640320301055908,
      5.409701347351074,
      6.199347019195557
    ],
    [
      -0.4377664029598236,
      2.4228076934814453,
      2.6092326641082764,
      2.717010736465454,
      2.241929292678833,
      11.193894386291504,
      5.29976224899292,
      12.805412292480469,
      12.473711967468262,
      24.923795700073242,
      9.92803955078125,
      18.292503356933594,
      5.029501914978027,
      12.704720497131348,
      3.797598361968994,
      9.808592796325684,
      4.952239513397217,
      9.386568069458008
    ],
    [
      -0.03994862735271454,
      1.9547721147537231,
      1.8600341081619263,
      1.728096842765808,
      6.523845195770264,
      8.28406810760498,
      10.433342933654785,
      8.309870719909668,
      11.63417911529541,
      9.92803955078125,
      19.1394100189209,
      14.315958023071289,
      11.630910873413086,
      12.59171199798584,
      7.100273609161377,
      9.526719093322754,
      6.715634346008301,
      7.492441654205322
    ],
    [
      0.7109172940254211,
      2.6287615299224854,
      2.6498117446899414,
      3.1338882446289062,
      2.5535531044006348,
      11.620851516723633,
      4.597168922424316,
      11.829657554626465,
      9.374340057373047,
      18.292503356933594,
      14.315958023071289,
      26.402698516845703,
      5.121668338775635,
      14.862947463989258,
      3.1579787731170654,
      10.143898010253906,
      4.710964679718018,
      9.790486335754395
    ],
    [
      1.2587645053863525,
      1.5337779521942139,
      1.4286437034606934,
      0.6542146801948547,
      6.897331237792969,
      5.177211284637451,
      10.197063446044922,
      5.7610883712768555,
      10.615533828735352,
      5.029501914978027,
      11.630910873413086,
      5.121668338775635,
      23.203418731689453,
      12.714272499084473,
      20.968189239501953,
      19.199983596801758,
      19.417160034179688,
      18.78999137878418
    ],
    [
      1.3519511222839355,
      2.3984591960906982,
      2.0985236167907715,
      2.5939764976501465,
      3.4283111095428467,
      9.893769264221191,
      6.376594543457031,
      10.072126388549805,
      10.150406837463379,
      12.704720497131348,
      12.59171199798584,
      14.862947463989258,
      12.714272499084473,
      19.687437057495117,
      10.006260871887207,
      16.185367584228516,
      10.652217864990234,
      14.957904815673828
    ],
    [
      4.014268398284912,
      3.3728344440460205,
      3.922614812850952,
      1.4465522766113281,
      7.59277868270874,
      5.617315769195557,
      5.520972728729248,
      4.649327754974365,
      5.8116455078125,
      3.797598361968994,
      7.100273609161377,
      3.1579787731170654,
      20.968189239501953,
      10.006260871887207,
      41.08547592163086,
      36.0955696105957,
      43.441650390625,
      43.527137756347656
    ],
    [
      4.952493667602539,
      3.803990364074707,
      4.576794624328613,
      2.804835319519043,
      5.640239715576172,
      9.814513206481934,
      5.162318229675293,
      9.117842674255371,
      7.640320301055908,
      9.808592796325684,
      9.526719093322754,
      10.143898010253906,
      19.199983596801758,
      16.185367584228516,
      36.0955696105957,
      43.29035186767578,
      43.05360794067383,
      51.370750427246094
    ],
    [
      5.9663238525390625,
      4.044432163238525,
      3.8945155143737793,
      1.877881407737732,
      5.625847339630127,
      6.580672264099121,
      4.337063789367676,
      5.827149391174316,
      5.409701347351074,
      4.952239513397217,
      6.715634346008301,
      4.710964679718018,
      19.417160034179688,
      10.652217864990234,
      43.441650390625,
      43.05360794067383,
      58.991573333740234,
      59.96812057495117
    ],
    [
      6.859556198120117,
      4.011343955993652,
      4.095399856567383,
      2.1994693279266357,
      5.122757434844971,
      9.666977882385254,
      3.898580551147461,
      8.845766067504883,
      6.199347019195557,
      9.386568069458008,
      7.492441654205322,
      9.790486335754395,
      18.78999137878418,
      14.957904815673828,
      43.527137756347656,
      51.370750427246094,
      59.96812057495117,
      77.14668273925781
    ]
  ],
  "damage": -5.315602779388428,
  "diff_bandwidth": 721.072998046875,
  "dissonance": 9.48070021831979,
  "drr": 3.0062131881713867,
  "dynamics": 1.6487723588943481,
  "format": 1245190,
  "frames": 13182976,
  "loudness": -9.624391555786133,
  "loudness_range": 3.315476417541504,
  "loudness_range_short": 5.191230773925781,
  "lowpass_true_peak_15khz": 0.9583746790885925,
  "mastering3_acoustic_entropies": [
    {
      "acoustic_entropy": 7.166537761688232,
      "acoustic_entropy_mono": 6.569673538208008,
      "band_eliminated_acoustic_entropies": [
        {
          "acoustic_entropy": 7.007683753967285,
          "acoustic_entropy_side": 7.166513442993164,
          "hz": 129.47220167065723
        },
        {
          "acoustic_entropy": 7.159884452819824,
          "acoustic_entropy_side": 7.1660027503967285,
          "hz": 202.92927478742237
        },
        {
          "acoustic_entropy": 7.149195671081543,
          "acoustic_entropy_side": 7.167072296142578,
          "hz": 282.89161906338205
        },
        {
          "acoustic_entropy": 7.100506782531738,
          "acoustic_entropy_side": 7.131001949310303,
          "hz": 369.9353335868758
        },
        {
          "acoustic_entropy": 7.153079032897949,
          "acoustic_entropy_side": 7.064423561096191,
          "hz": 464.6875360973435
        },
        {
          "acoustic_entropy": 7.225465774536133,
          "acoustic_entropy_side": 7.141571044921875,
          "hz": 567.8308811364784
        },
        {
          "acoustic_entropy": 6.8805036544799805,
          "acoustic_entropy_side": 7.16359806060791,
          "hz": 680.1084783214808
        },
        {
          "acoustic_entropy": 6.607689380645752,
          "acoustic_entropy_side": 7.09152364730835,
          "hz": 802.3292461747484
        },
        {
          "acoustic_entropy": 7.350646018981934,
          "acoustic_entropy_side": 7.200448513031006,
          "hz": 935.3737400823702
        },
        {
          "acoustic_entropy": 7.533574104309082,
          "acoustic_entropy_side": 7.191476345062256,
          "hz": 1080.2004963696966
        },
        {
          "acoustic_entropy": 7.007948875427246,
          "acoustic_entropy_side": 7.245231628417969,
          "hz": 1237.8529382007157
        },
        {
          "acoustic_entropy": 6.621683597564697,
          "acoustic_entropy_side": 7.110805511474609,
          "hz": 1409.4668930556702
        },
        {
          "acoustic_entropy": 6.77874231338501,
          "acoustic_entropy_side": 7.0957722663879395,
          "hz": 1596.2787759475705
        },
        {
          "acoustic_entropy": 7.131222248077393,
          "acoustic_entropy_side": 7.1986799240112305,
          "hz": 1799.6344973346393
        },
        {
          "acoustic_entropy": 7.103885650634766,
          "acoustic_entropy_side": 7.18544864654541,
          "hz": 2020.9991599069049
        },
        {
          "acoustic_entropy": 7.181689262390137,
          "acoustic_entropy_side": 7.140953540802002,
          "hz": 2261.9676141086993
        },
        {
          "acoustic_entropy": 6.920958518981934,
          "acoustic_entropy_side": 7.018340110778809,
          "hz": 2524.2759484456974
        },
        {
          "acoustic_entropy": 7.421325206756592,
          "acoustic_entropy_side": 7.071221351623535,
          "hz": 2809.813997359896
        },
        {
          "acoustic_entropy": 7.1914472579956055,
          "acoustic_entropy_side": 7.1684041023254395,
          "hz": 3120.6389567871424
        },
        {
          "acoustic_entropy": 6.828268527984619,
          "acoustic_entropy_side": 7.17936372756958,
          "hz": 3458.990205492291
        },
        {
          "acoustic_entropy": 7.103636741638184,
          "acoustic_entropy_side": 7.236536979675293,
          "hz": 3827.305438964164
        },
        {
          "acoustic_entropy": 7.31318473815918,
          "acoustic_entropy_side": 7.210886001586914,
          "hz": 4228.238232109126
        },
        {
          "acoustic_entropy": 7.219960689544678,
          "acoustic_entropy_side": 7.1971001625061035,
          "hz": 4664.6771572759235
        },
        {
          "acoustic_entropy": 7.122566223144531,
          "acoustic_entropy_side": 7.194241523742676,
          "hz": 5139.766595350093
        },
        {
          "acoustic_entropy": 7.329492568969727,
          "acoustic_entropy_side": 7.175236225128174,
          "hz": 5656.929389854203
        },
        {
          "acoustic_entropy": 7.292640209197998,
          "acoustic_entropy_side": 7.171980857849121,
          "hz": 6219.891507268283
        },
        {
          "acoustic_entropy": 7.134101390838623,
          "acoustic_entropy_side": 7.168930530548096,
          "hz": 6832.70888123896
        },
        {
          "acoustic_entropy": 7.1652984619140625,
          "acoustic_entropy_side": 7.167673110961914,
          "hz": 7499.796634079867
        },
        {
          "acoustic_entropy": 7.166116237640381,
          "acoustic_entropy_side": 7.1663408279418945,
          "hz": 8225.96088609342
        },
        {
          "acoustic_entropy": 7.184523582458496,
          "acoustic_entropy_side": 7.166597366333008,
          "hz": 9016.43338188839
        },
        {
          "acoustic_entropy": 7.1526198387146,
          "acoustic_entropy_side": 7.164842128753662,
          "hz": 9876.909183162974
        },
        {
          "acoustic_entropy": 7.124444961547852,
          "acoustic_entropy_side": 7.163609981536865,
          "hz": 10813.587699516042
        },
        {
          "acoustic_entropy": 7.1508355140686035,
          "acoustic_entropy_side": 7.164855480194092,
          "hz": 11833.21735289826
        },
        {
          "acoustic_entropy": 7.149224758148193,
          "acoustic_entropy_side": 7.166862964630127,
          "hz": 12943.144197493959
        },
        {
          "acoustic_entropy": 7.148753643035889,
          "acoustic_entropy_side": 7.166263103485107,
          "hz": 14151.364845322005
        },
        {
          "acoustic_entropy": 7.144653797149658,
          "acoustic_entropy_side": 7.165215015411377,
          "hz": 15466.58407886509
        },
        {
          "acoustic_entropy": 7.152809143066406,
          "acoustic_entropy_side": 7.165640830993652,
          "hz": 16898.27756580493
        },
        {
          "acoustic_entropy": 7.164469242095947,
          "acoustic_entropy_side": 7.166262626647949,
          "hz": 18456.760127700032
        },
        {
          "acoustic_entropy": 7.166580677032471,
          "acoustic_entropy_side": 7.166502952575684,
          "hz": 20153.260054456492
        },
        {
          "acoustic_entropy": 7.166575908660889,
          "acoustic_entropy_side": 7.166539669036865,
          "hz": 22000.00000000001
        }
      ],
      "diff_acoustic_entropy": 5.861374378204346,
      "sn": 6
    },
    {
      "acoustic_entropy": 10.272799491882324,
      "acoustic_entropy_mono": 9.830665588378906,
      "band_eliminated_acoustic_entropies": [
        {
          "acoustic_entropy": 9.847929000854492,
          "acoustic_entropy_side": 10.271934509277344,
          "hz": 129.47220167065723
        },
        {
          "acoustic_entropy": 10.289687156677246,
          "acoustic_entropy_side": 10.288084030151367,
          "hz": 202.92927478742237
        },
        {
          "acoustic_entropy": 10.015385627746582,
          "acoustic_entropy_side": 10.195146560668945,
          "hz": 282.89161906338205
        },
        {
          "acoustic_entropy": 10.235199928283691,
          "acoustic_entropy_side": 10.038604736328125,
          "hz": 369.9353335868758
        },
        {
          "acoustic_entropy": 10.456157684326172,
          "acoustic_entropy_side": 10.165783882141113,
          "hz": 464.6875360973435
        },
        {
          "acoustic_entropy": 10.154943466186523,
          "acoustic_entropy_side": 10.236495971679688,
          "hz": 567.8308811364784
        },
        {
          "acoustic_entropy": 10.243268013000488,
          "acoustic_entropy_side": 10.283034324645996,
          "hz": 680.1084783214808
        },
        {
          "acoustic_entropy": 10.715250015258789,
          "acoustic_entropy_side": 10.555435180664062,
          "hz": 802.3292461747484
        },
        {
          "acoustic_entropy": 11.586410522460938,
          "acoustic_entropy_side": 10.406447410583496,
          "hz": 935.3737400823702
        },
        {
          "acoustic_entropy": 11.138313293457031,
          "acoustic_entropy_side": 10.199972152709961,
          "hz": 1080.2004963696966
        },
        {
          "acoustic_entropy": 10.96587085723877,
          "acoustic_entropy_side": 10.19476318359375,
          "hz": 1237.8529382007157
        },
        {
          "acoustic_entropy": 10.594884872436523,
          "acoustic_entropy_side": 10.67038631439209,
          "hz": 1409.4668930556702
        },
        {
          "acoustic_entropy": 11.038435935974121,
          "acoustic_entropy_side": 10.307887077331543,
          "hz": 1596.2787759475705
        },
        {
          "acoustic_entropy": 10.235676765441895,
          "acoustic_entropy_side": 10.253081321716309,
          "hz": 1799.6344973346393
        },
        {
          "acoustic_entropy": 10.429121971130371,
          "acoustic_entropy_side": 10.105448722839355,
          "hz": 2020.9991599069049
        },
        {
          "acoustic_entropy": 10.257037162780762,
          "acoustic_entropy_side": 10.121598243713379,
          "hz": 2261.9676141086993
        },
        {
          "acoustic_entropy": 10.604547500610352,
          "acoustic_entropy_side": 10.023168563842773,
          "hz": 2524.2759484456974
        },
        {
          "acoustic_entropy": 10.75727653503418,
          "acoustic_entropy_side": 10.142394065856934,
          "hz": 2809.813997359896
        },
        {
          "acoustic_entropy": 10.684880256652832,
          "acoustic_entropy_side": 10.53120231628418,
          "hz": 3120.6389567871424
        },
        {
          "acoustic_entropy": 10.54299545288086,
          "acoustic_entropy_side": 10.18239688873291,
          "hz": 3458.990205492291
        },
        {
          "acoustic_entropy": 10.29192066192627,
          "acoustic_entropy_side": 10.336834907531738,
          "hz": 3827.305438964164
        },
        {
          "acoustic_entropy": 10.181029319763184,
          "acoustic_entropy_side": 10.13699722290039,
          "hz": 4228.238232109126
        },
        {
          "acoustic_entropy": 10.50283432006836,
          "acoustic_entropy_side": 10.206145286560059,
          "hz": 4664.6771572759235
        },
        {
          "acoustic_entropy": 10.333026885986328,
          "acoustic_entropy_side": 10.101112365722656,
          "hz": 5139.766595350093
        },
        {
          "acoustic_entropy": 10.390027046203613,
          "acoustic_entropy_side": 10.334159851074219,
          "hz": 5656.929389854203
        },
        {
          "acoustic_entropy": 10.242834091186523,
          "acoustic_entropy_side": 10.38449764251709,
          "hz": 6219.891507268283
        },
        {
          "acoustic_entropy": 10.5064115524292,
          "acoustic_entropy_side": 10.33436393737793,
          "hz": 6832.70888123896
        },
        {
          "acoustic_entropy": 10.558419227600098,
          "acoustic_entropy_side": 10.31466007232666,
          "hz": 7499.796634079867
        },
        {
          "acoustic_entropy": 10.181715965270996,
          "acoustic_entropy_side": 10.213191986083984,
          "hz": 8225.96088609342
        },
        {
          "acoustic_entropy": 10.320464134216309,
          "acoustic_entropy_side": 10.269598007202148,
          "hz": 9016.43338188839
        },
        {
          "acoustic_entropy": 10.310774803161621,
          "acoustic_entropy_side": 10.263456344604492,
          "hz": 9876.909183162974
        },
        {
          "acoustic_entropy": 10.35545539855957,
          "acoustic_entropy_side": 10.274304389953613,
          "hz": 10813.587699516042
        },
        {
          "acoustic_entropy": 10.43154239654541,
          "acoustic_entropy_side": 10.280427932739258,
          "hz": 11833.21735289826
        },
        {
          "acoustic_entropy": 10.215130805969238,
          "acoustic_entropy_side": 10.240159034729004,
          "hz": 12943.144197493959
        },
        {
          "acoustic_entropy": 10.466318130493164,
          "acoustic_entropy_side": 10.32177448272705,
          "hz": 14151.364845322005
        },
        {
          "acoustic_entropy": 10.449378967285156,
          "acoustic_entropy_side": 10.29858684539795,
          "hz": 15466.58407886509
        },
        {
          "acoustic_entropy": 10.414241790771484,
          "acoustic_entropy_side": 10.286688804626465,
          "hz": 16898.27756580493
        },
        {
          "acoustic_entropy": 10.357053756713867,
          "acoustic_entropy_side": 10.273429870605469,
          "hz": 18456.760127700032
        },
        {
          "acoustic_entropy": 10.291679382324219,
          "acoustic_entropy_side": 10.271794319152832,
          "hz": 20153.260054456492
        },
        {
          "acoustic_entropy": 10.272096633911133,
          "acoustic_entropy_side": 10.272727012634277,
          "hz": 22000.00000000001
        }
      ],
      "diff_acoustic_entropy": 10.980585098266602,
      "sn": 12
    },
    {
      "acoustic_entropy": 14.842220306396484,
      "acoustic_entropy_mono": 13.105194091796875,
      "band_eliminated_acoustic_entropies": [
        {
          "acoustic_entropy": 14.614119529724121,
          "acoustic_entropy_side": 14.894902229309082,
          "hz": 129.47220167065723
        },
        {
          "acoustic_entropy": 14.801692008972168,
          "acoustic_entropy_side": 14.579851150512695,
          "hz": 202.92927478742237
        },
        {
          "acoustic_entropy": 14.810588836669922,
          "acoustic_entropy_side": 14.805234909057617,
          "hz": 282.89161906338205
        },
        {
          "acoustic_entropy": 15.131744384765625,
          "acoustic_entropy_side": 14.518254280090332,
          "hz": 369.9353335868758
        },
        {
          "acoustic_entropy": 14.297292709350586,
          "acoustic_entropy_side": 14.548910140991211,
          "hz": 464.6875360973435
        },
        {
          "acoustic_entropy": 14.338069915771484,
          "acoustic_entropy_side": 14.181645393371582,
          "hz": 567.8308811364784
        },
        {
          "acoustic_entropy": 15.074143409729004,
          "acoustic_entropy_side": 14.926136016845703,
          "hz": 680.1084783214808
        },
        {
          "acoustic_entropy": 14.360979080200195,
          "acoustic_entropy_side": 14.483675003051758,
          "hz": 802.3292461747484
        },
        {
          "acoustic_entropy": 14.831365585327148,
          "acoustic_entropy_side": 14.303184509277344,
          "hz": 935.3737400823702
        },
        {
          "acoustic_entropy": 14.569218635559082,
          "acoustic_entropy_side": 14.989304542541504,
          "hz": 1080.2004963696966
        },
        {
          "acoustic_entropy": 14.240303993225098,
          "acoustic_entropy_side": 14.801517486572266,
          "hz": 1237.8529382007157
        },
        {
          "acoustic_entropy": 14.39568042755127,
          "acoustic_entropy_side": 15.018149375915527,
          "hz": 1409.4668930556702
        },
        {
          "acoustic_entropy": 14.122451782226562,
          "acoustic_entropy_side": 14.874934196472168,
          "hz": 1596.2787759475705
        },
        {
          "acoustic_entropy": 15.070601463317871,
          "acoustic_entropy_side": 14.593067169189453,
          "hz": 1799.6344973346393
        },
        {
          "acoustic_entropy": 14.520649909973145,
          "acoustic_entropy_side": 14.933908462524414,
          "hz": 2020.9991599069049
        },
        {
          "acoustic_entropy": 14.294645309448242,
          "acoustic_entropy_side": 14.61064624786377,
          "hz": 2261.9676141086993
        },
        {
          "acoustic_entropy": 14.477395057678223,
          "acoustic_entropy_side": 14.688501358032227,
          "hz": 2524.2759484456974
        },
        {
          "acoustic_entropy": 14.752510070800781,
          "acoustic_entropy_side": 14.812820434570312,
          "hz": 2809.813997359896
        },
        {
