{
  "acoustic_entropy": 231.1629180908203,
  "bands": [
    {
      "high_freq": 148.1999969482422,
      "loudness": -21.968788146972656,
      "loudness_range": 18.960296630859375,
      "mid_mean": -18.28087615966797,
      "mid_to_side_loudness": -30.71961212158203,
      "mid_to_side_loudness_range": 38.10529708862305,
      "side_mean": -52.86336898803711
    },
    {
      "high_freq": 392.3793640136719,
      "loudness": -22.813859939575195,
      "loudness_range": 10.739816665649414,
      "low_freq": 148.1999969482422,
      "mid_mean": -19.62058448791504,
      "mid_to_side_loudness": -15.086313247680664,
      "mid_to_side_loudness_range": 27.312644958496094,
      "side_mean": -35.33271026611328
    },
    {
      "high_freq": 794.6976318359375,
      "loudness": -23.632421493530273,
      "loudness_range": 14.329587936401367,
      "low_freq": 392.3793640136719,
      "mid_mean": -20.81318473815918,
      "mid_to_side_loudness": -10.08768081665039,
      "mid_to_side_loudness_range": 19.852821350097656,
      "side_mean": -30.92767333984375
    },
    {
      "high_freq": 1457.5709228515625,
      "loudness": -25.570491790771484,
      "loudness_range": 13.346248626708984,
      "low_freq": 794.6976318359375,
      "mid_mean": -22.796428680419922,
      "mid_to_side_loudness": -8.392563819885254,
      "mid_to_side_loudness_range": 14.768975257873535,
      "side_mean": -31.19816017150879
    },
    {
      "high_freq": 2549.74365234375,
      "loudness": -22.873416900634766,
      "loudness_range": 11.591384887695312,
      "low_freq": 1457.5709228515625,
      "mid_mean": -20.161746978759766,
      "mid_to_side_loudness": -7.360226154327393,
      "mid_to_side_loudness_range": 11.1868257522583,
      "side_mean": -27.275489807128906
    },
    {
      "high_freq": 4349.24462890625,
      "loudness": -21.470745086669922,
      "loudness_range": 9.70256233215332,
      "low_freq": 2549.74365234375,
      "mid_mean": -18.210214614868164,
      "mid_to_side_loudness": -11.684844017028809,
      "mid_to_side_loudness_range": 13.712398529052734,
      "side_mean": -29.966278076171875
    },
    {
      "high_freq": 7314.1640625,
      "loudness": -18.9896183013916,
      "loudness_range": 8.683307647705078,
      "low_freq": 4349.24462890625,
      "mid_mean": -15.511266708374023,
      "mid_to_side_loudness": -14.020092964172363,
      "mid_to_side_loudness_range": 11.89426040649414,
      "side_mean": -29.698808670043945
    },
    {
      "high_freq": 12199.2666015625,
      "loudness": -21.821008682250977,
      "loudness_range": 11.645511627197266,
      "low_freq": 7314.1640625,
      "mid_mean": -18.505355834960938,
      "mid_to_side_loudness": -11.506163597106934,
      "mid_to_side_loudness_range": 13.397027015686035,
      "side_mean": -30.272878646850586
    },
    {
      "loudness": -28.216678619384766,
      "loudness_range": 18.299280166625977,
      "low_freq": 12199.2666015625,
      "mid_mean": -25.101076126098633,
      "mid_to_side_loudness": -9.24782657623291,
      "mid_to_side_loudness_range": 8.358488082885742,
      "side_mean": -34.42543411254883
    }
  ],
  "bands_short": [
    {
      "high_freq": 148.1999969482422,
      "loudness": -26.44890594482422,
      "loudness_range": 34.5064811706543,
      "mid_mean": -22.74530029296875,
      "mid_to_side_loudness": -24.460092544555664,
      "mid_to_side_loudness_range": 39.51946258544922,
      "side_mean": -56.3834114074707
    },
    {
      "high_freq": 392.3793640136719,
      "loudness": -22.973953247070312,
      "loudness_range": 18.749481201171875,
      "low_freq": 148.1999969482422,
      "mid_mean": -19.977890014648438,
      "mid_to_side_loudness": -14.847061157226562,
      "mid_to_side_loudness_range": 31.075672149658203,
      "side_mean": -36.69857406616211
    },
    {
      "high_freq": 794.6976318359375,
      "loudness": -24.63335418701172,
      "loudness_range": 17.961061477661133,
      "low_freq": 392.3793640136719,
      "mid_mean": -22.080785751342773,
      "mid_to_side_loudness": -9.340094566345215,
      "mid_to_side_loudness_range": 23.264535903930664,
      "side_mean": -31.73223114013672
    },
    {
      "high_freq": 1457.5709228515625,
      "loudness": -26.484485626220703,
      "loudness_range": 18.878093719482422,
      "low_freq": 794.6976318359375,
      "mid_mean": -23.936933517456055,
      "mid_to_side_loudness": -8.295802116394043,
      "mid_to_side_loudness_range": 18.957082748413086,
      "side_mean": -32.44148635864258
    },
    {
      "high_freq": 2549.74365234375,
      "loudness": -24.139301300048828,
      "loudness_range": 16.375226974487305,
      "low_freq": 1457.5709228515625,
      "mid_mean": -21.59160804748535,
      "mid_to_side_loudness": -7.562438488006592,
      "mid_to_side_loudness_range": 15.780069351196289,
      "side_mean": -28.79658317565918
    },
    {
      "high_freq": 4349.24462890625,
      "loudness": -23.248525619506836,
      "loudness_range": 17.185474395751953,
      "low_freq": 2549.74365234375,
      "mid_mean": -20.27693748474121,
      "mid_to_side_loudness": -10.611956596374512,
      "mid_to_side_loudness_range": 17.846057891845703,
      "side_mean": -30.85886001586914
    },
    {
      "high_freq": 7314.1640625,
      "loudness": -21.642745971679688,
      "loudness_range": 19.65041732788086,
      "low_freq": 4349.24462890625,
      "mid_mean": -18.405315399169922,
      "mid_to_side_loudness": -12.556390762329102,
      "mid_to_side_loudness_range": 17.86843490600586,
      "side_mean": -31.143659591674805
    },
    {
      "high_freq": 12199.2666015625,
      "loudness": -24.108692169189453,
      "loudness_range": 18.701894760131836,
      "low_freq": 7314.1640625,
      "mid_mean": -20.998062133789062,
      "mid_to_side_loudness": -10.7537260055542,
      "mid_to_side_loudness_range": 16.512937545776367,
      "side_mean": -31.952795028686523
    },
    {
      "loudness": -33.05542755126953,
      "loudness_range": 27.62809181213379,
      "low_freq": 12199.2666015625,
      "mid_mean": -30.283597946166992,
      "mid_to_side_loudness": -8.271063804626465,
      "mid_to_side_loudness_range": 13.589969635009766,
      "side_mean": -38.34321975708008
    }
  ],
  "bandwidth": 1048.4464111328125,
  "channels": 2,
  "covariance": [
    [
      54.80259704589844,
      14.883707046508789,
      10.177029609680176,
      4.479587554931641,
      4.347278594970703,
      3.900799512863159,
      3.35862398147583,
      5.432551860809326,
      5.019970893859863,
      7.111998558044434,
      4.360469818115234,
      8.10442066192627,
      2.4609503746032715,
      7.582092761993408,
      2.0739684104919434,
      4.948000907897949,
      -5.934241771697998,
      -2.905092477798462
    ],
    [
      14.883707046508789,
      46.31361770629883,
      9.205428123474121,
      31.286470413208008,
      10.889244079589844,
      21.836091995239258,
      8.483899116516113,
      13.383729934692383,
      9.92287540435791,
      14.013509750366211,
      8.31445026397705,
      17.08640480041504,
      6.313814163208008,
      15.104740142822266,
      8.194084167480469,
      21.06964683532715,
      7.976137638092041,
      12.436385154724121
    ],
    [
      10.177029609680176,
      9.205428123474121,
      24.213579177856445,
      8.996330261230469,
      14.618880271911621,
      8.208897590637207,
      9.88489818572998,
      6.202776908874512,
      9.431144714355469,
      6.725968837738037,
      10.28561019897461,
      7.27439022064209,
      10.258708953857422,
      8.125151634216309,
      8.120553016662598,
      7.673422813415527,
      4.118704319000244,
      3.996628999710083
    ],
    [
      4.479587554931641,
      31.286470413208008,
      8.996330261230469,
      101.48799896240234,
      21.231586456298828,
      62.09233093261719,
      11.32581615447998,
      26.211740493774414,
      10.400103569030762,
      17.551101684570312,
      8.02077865600586,
      25.32933807373047,
      4.780196666717529,
      24.269166946411133,
      10.41661548614502,
      37.6144905090332,
      14.319942474365234,
      24.77262306213379
    ],
    [
      4.347278594970703,
      10.889244079589844,
      14.618880271911621,
      21.231586456298828,
      31.19392204284668,
      17.96371078491211,
      21.841773986816406,
      9.093371391296387,
      13.769305229187012,
      9.138432502746582,
      13.327667236328125,
      11.214212417602539,
      11.254834175109863,
      11.819903373718262,
      10.525548934936523,
      14.302984237670898,
      10.279215812683105,
      11.38017749786377
    ],
    [
      3.900799512863159,
      21.836091995239258,
      8.208897590637207,
      62.09233093261719,
      17.96371078491211,
      58.574851989746094,
      10.93488883972168,
      23.99721908569336,
      9.141335487365723,
      15.790228843688965,
      7.190772533416748,
      20.487966537475586,
      5.438465118408203,
      19.508655548095703,
      9.513822555541992,
      28.15291404724121,
      12.931500434875488,
      20.487855911254883
    ],
    [
      3.35862398147583,
      8.483899116516113,
      9.88489818572998,
      11.32581615447998,
      21.841773986816406,
      10.93488883972168,
      27.242895126342773,
      10.54266357421875,
      13.230570793151855,
      8.57508659362793,
      12.170053482055664,
      7.988638877868652,
      9.7794771194458,
      9.050783157348633,
      8.678174018859863,
      9.325933456420898,
      8.921156883239746,
      8.583160400390625
    ],
    [
      5.432551860809326,
      13.383729934692383,
      6.202776908874512,
      26.211740493774414,
      9.093371391296387,
      23.99721908569336,
      10.54266357421875,
      29.13649559020996,
      8.264278411865234,
      16.664806365966797,
      5.108251094818115,
      13.026644706726074,
      3.9156315326690674,
      11.170218467712402,
      5.756288051605225,
      13.840129852294922,
      8.540654182434082,
      10.648642539978027
    ],
    [
      5.019970893859863,
      9.92287540435791,
      9.431144714355469,
      10.400103569030762,
      13.769305229187012,
      9.141335487365723,
      13.230570793151855,
      8.264278411865234,
      21.349910736083984,
      12.043774604797363,
      13.408402442932129,
      9.375761985778809,
      9.186304092407227,
      8.973031044006348,
      7.448232173919678,
      8.856122016906738,
      7.754668235778809,
      7.458484649658203
    ],
    [
      7.111998558044434,
      14.013509750366211,
      6.725968837738037,
      17.551101684570312,
      9.138432502746582,
      15.790228843688965,
      8.57508659362793,
      16.664806365966797,
      12.043774604797363,
      23.45546531677246,
      6.648460865020752,
      15.672698020935059,
      5.038318634033203,
      11.76790714263916,
      6.792178153991699,
      13.275765419006348,
      10.192132949829102,
      11.864974975585938
    ],
    [
      4.360469818115234,
      8.31445026397705,
      10.28561019897461,
      8.02077865600586,
      13.327667236328125,
      7.190772533416748,
      12.170053482055664,
      5.108251094818115,
      13.408402442932129,
      6.648460865020752,
      17.28341293334961,
      8.112465858459473,
      12.149328231811523,
      9.151389122009277,
      8.334527015686035,
      8.70389461517334,
      6.190449237823486,
      5.711568832397461
    ],
    [
      8.10442066192627,
      17.08640480041504,
      7.27439022064209,
      25.32933807373047,
      11.214212417602539,
      20.487966537475586,
      7.988638877868652,
      13.026644706726074,
      9.375761985778809,
      15.672698020935059,
      8.112465858459473,
      22.138763427734375,
      5.85849666595459,
      16.73613166809082,
      7.752249717712402,
      20.069705963134766,
      11.134556770324707,
      15.69221019744873
    ],
    [
      2.4609503746032715,
      6.313814163208008,
      10.258708953857422,
      4.780196666717529,
      11.254834175109863,
      5.438465118408203,
      9.7794771194458,
      3.9156315326690674,
      9.186304092407227,
      5.038318634033203,
      12.149328231811523,
      5.85849666595459,
      15.635525703430176,
      8.648321151733398,
      11.180647850036621,
      8.425724029541016,
      7.255317687988281,
      5.9123854637146
    ],
    [
      7.582092761993408,
      15.104740142822266,
      8.125151634216309,
      24.269166946411133,
      11.819903373718262,
      19.508655548095703,
      9.050783157348633,
      11.170218467712402,
      8.973031044006348,
      11.76790714263916,
      9.151389122009277,
      16.73613166809082,
      8.648321151733398,
      19.590930938720703,
      10.342044830322266,
      22.195714950561523,
      11.505417823791504,
      16.501453399658203
    ],
    [
      2.0739684104919434,
      8.194084167480469,
      8.120553016662598,
      10.41661548614502,
      10.525548934936523,
      9.513822555541992,
      8.678174018859863,
      5.756288051605225,
      7.448232173919678,
      6.792178153991699,
      8.334527015686035,
      7.752249717712402,
      11.180647850036621,
      10.342044830322266,
      19.198551177978516,
      16.978851318359375,
      16.968782424926758,
      15.26174259185791
    ],
    [
      4.948000907897949,
      21.06964683532715,
      7.673422813415527,
      37.6144905090332,
      14.302984237670898,
      28.15291404724121,
      9.325933456420898,
      13.840129852294922,
      8.856122016906738,
      13.275765419006348,
      8.70389461517334,
      20.069705963134766,
      8.425724029541016,
      22.195714950561523,
      16.978851318359375,
      39.06634521484375,
      21.134244918823242,
      29.37971305847168
    ],
    [
      -5.934241771697998,
      7.976137638092041,
      4.118704319000244,
      14.319942474365234,
      10.279215812683105,
      12.931500434875488,
      8.921156883239746,
      8.540654182434082,
      7.754668235778809,
      10.192132949829102,
      6.190449237823486,
      11.134556770324707,
      7.255317687988281,
      11.505417823791504,
      16.968782424926758,
      21.134244918823242,
      39.103614807128906,
      35.05214309692383
    ],
    [
      -2.905092477798462,
      12.436385154724121,
      3.996628999710083,
      24.77262306213379,
      11.38017749786377,
      20.487855911254883,
      8.583160400390625,
      10.648642539978027,
      7.458484649658203,
      11.864974975585938,
      5.711568832397461,
      15.69221019744873,
      5.9123854637146,
      16.501453399658203,
      15.26174259185791,
      29.37971305847168,
      35.05214309692383,
      44.35740661621094
    ]
  ],
  "covariance_short": [
    [
      127.4024887084961,
      19.246034622192383,
      34.57261657714844,
      4.627091407775879,
      12.006170272827148,
      4.378532886505127,
      9.603532791137695,
      8.59619426727295,
      7.2296576499938965,
      8.845892906188965,
      10.757133483886719,
      9.056013107299805,
      13.552639961242676,
      12.477006912231445,
      10.209979057312012,
      6.609158039093018,
      9.882015228271484,
      8.886335372924805
    ],
    [
      19.246034622192383,
      67.2614517211914,
      16.038747787475586,
      26.136945724487305,
      13.126591682434082,
      19.137577056884766,
      14.705368041992188,
      19.106279373168945,
      16.232458114624023,
      20.45122528076172,
      16.452964782714844,
      21.287931442260742,
      14.723564147949219,
      21.786529541015625,
      14.303515434265137,
      25.22463607788086,
      19.494382858276367,
      22.450342178344727
    ],
    [
      34.57261657714844,
      16.038747787475586,
      53.488372802734375,
      8.332304954528809,
      21.751171112060547,
      7.679558753967285,
      13.37572956085205,
      6.723747730255127,
      12.093791007995605,
      6.394015312194824,
      18.179452896118164,
      8.790022850036621,
      19.577924728393555,
      11.46054744720459,
      15.576276779174805,
      12.338374137878418,
      18.876781463623047,
      16.650177001953125
    ],
    [
      4.627091407775879,
      26.136945724487305,
      8.332304954528809,
      124.6015396118164,
      24.98569107055664,
      71.2967300415039,
      15.611852645874023,
      32.59905242919922,
      11.927367210388184,
      20.85875129699707,
      13.485316276550293,
      26.099225997924805,
      11.53707504272461,
      27.867576599121094,
      15.674954414367676,
      38.08870315551758,
      22.12008285522461,
      32.41233444213867
    ],
    [
      12.006170272827148,
      13.126591682434082,
      21.751171112060547,
      24.98569107055664,
      48.59623718261719,
      22.053834915161133,
      32.3592643737793,
      13.186582565307617,
      19.223186492919922,
      12.448715209960938,
      22.439748764038086,
      14.95980453491211,
      20.136655807495117,
      16.506519317626953,
      19.10047721862793,
      18.851390838623047,
      21.65628433227539,
      21.281070709228516
    ],
    [
      4.378532886505127,
      19.137577056884766,
      7.679558753967285,
      71.2967300415039,
      22.053834915161133,
      82.21227264404297,
      14.87691593170166,
      33.74898147583008,
      10.790830612182617,
      20.518407821655273,
      10.590310096740723,
      22.436586380004883,
      9.238015174865723,
      22.22182273864746,
      12.878966331481934,
      29.738666534423828,
      17.121736526489258,
      24.07769203186035
    ],
    [
      9.603532791137695,
      14.705368041992188,
      13.37572956085205,
      15.611852645874023,
      32.3592643737793,
      14.87691593170166,
      50.421775817871094,
      21.288761138916016,
      24.0413875579834,
      16.803586959838867,
      22.698074340820312,
      13.161211967468262,
      18.77047348022461,
      14.782705307006836,
      17.52151107788086,
      14.204312324523926,
      19.715200424194336,
      15.457558631896973
    ],
    [
      8.59619426727295,
      19.106279373168945,
      6.723747730255127,
      32.59905242919922,
      13.186582565307617,
      33.74898147583008,
      21.288761138916016,
      57.969573974609375,
      16.29041290283203,
      34.951629638671875,
      10.277276992797852,
      22.161523818969727,
      7.256984233856201,
      19.03014373779297,
      9.769007682800293,
      20.50221061706543,
      12.615053176879883,
      15.637706756591797
    ],
    [
      7.2296576499938965,
      16.232458114624023,
      12.093791007995605,
      11.927367210388184,
      19.223186492919922,
      10.790830612182617,
      24.0413875579834,
      16.29041290283203,
      38.70420837402344,
      22.739898681640625,
      25.80624008178711,
      15.996721267700195,
      19.338726043701172,
      15.423733711242676,
      15.774608612060547,
      13.490952491760254,
      17.549617767333984,
      13.826043128967285
    ],
    [
      8.845892906188965,
      20.45122528076172,
      6.394015312194824,
      20.85875129699707,
      12.448715209960938,
      20.518407821655273,
      16.803586959838867,
      34.951629638671875,
      22.739898681640625,
      50.28525924682617,
      11.284811973571777,
      26.95870018005371,
      7.279016494750977,
      20.353544235229492,
      8.940585136413574,
      19.106548309326172,
      12.803399085998535,
      15.227499961853027
    ],
    [
      10.757133483886719,
      16.452964782714844,
      18.179452896118164,
      13.485316276550293,
      22.439748764038086,
      10.590310096740723,
      22.698074340820312,
      10.277276992797852,
      25.80624008178711,
      11.284811973571777,
      42.66744613647461,
      15.769454956054688,
      35.375404357910156,
      21.033674240112305,
      27.848886489868164,
      20.771381378173828,
      32.6348762512207,
      25.839805603027344
    ],
    [
      9.056013107299805,
      21.287931442260742,
      8.790022850036621,
      26.099225997924805,
      14.95980453491211,
      22.436586380004883,
      13.161211967468262,
      22.161523818969727,
      15.996721267700195,
      26.95870018005371,
      15.769454956054688,
      38.110862731933594,
      12.384459495544434,
      27.606895446777344,
      13.435850143432617,
      29.626766204833984,
      20.840988159179688,
      27.717811584472656
    ],
    [
      13.552639961242676,
      14.723564147949219,
      19.577924728393555,
      11.53707504272461,
      20.136655807495117,
      9.238015174865723,
      18.77047348022461,
      7.256984233856201,
      19.338726043701172,
      7.279016494750977,
      35.375404357910156,
      12.384459495544434,
      51.37496566772461,
      23.873340606689453,
      39.510196685791016,
      25.364713668823242,
      44.517391204833984,
      33.142452239990234
    ],
    [
      12.477006912231445,
      21.786529541015625,
      11.46054744720459,
      27.867576599121094,
      16.506519317626953,
      22.22182273864746,
      14.782705307006836,
      19.03014373779297,
      15.423733711242676,
      20.353544235229492,
      21.033674240112305,
      27.606895446777344,
      23.873340606689453,
      40.981536865234375,
      23.948116302490234,
      38.617794036865234,
      32.17918395996094,
      38.1516227722168
    ],
    [
      10.209979057312012,
      14.303515434265137,
      15.576276779174805,
      15.674954414367676,
      19.10047721862793,
      12.878966331481934,
      17.52151107788086,
      9.769007682800293,
      15.774608612060547,
      8.940585136413574,
      27.848886489868164,
      13.435850143432617,
      39.510196685791016,
      23.948116302490234,
      47.5647087097168,
      33.83436584472656,
      51.90104675292969,
      41.242183685302734
    ],
    [
      6.609158039093018,
      25.22463607788086,
      12.338374137878418,
      38.08870315551758,
      18.851390838623047,
      29.738666534423828,
      14.204312324523926,
      20.50221061706543,
      13.490952491760254,
      19.106548309326172,
      20.771381378173828,
      29.626766204833984,
      25.364713668823242,
      38.617794036865234,
      33.83436584472656,
      62.21428298950195,
      45.62717819213867,
      56.24104309082031
    ],
    [
      9.882015228271484,
      19.494382858276367,
      18.876781463623047,
      22.12008285522461,
      21.65628433227539,
      17.121736526489258,
      19.715200424194336,
      12.615053176879883,
      17.549617767333984,
      12.803399085998535,
      32.6348762512207,
      20.840988159179688,
      44.517391204833984,
      32.17918395996094,
      51.90104675292969,
      45.62717819213867,
      87.36414337158203,
      71.31075286865234
    ],
    [
      8.886335372924805,
      22.450342178344727,
      16.650177001953125,
      32.41233444213867,
      21.281070709228516,
      24.07769203186035,
      15.457558631896973,
      15.637706756591797,
      13.826043128967285,
      15.227499961853027,
      25.839805603027344,
      27.717811584472656,
      33.142452239990234,
      38.1516227722168,
      41.242183685302734,
      56.24104309082031,
      71.31075286865234,
      86.13980865478516
    ]
  ],
  "damage": -5.518587112426758,
  "diff_bandwidth": 1013.8938598632812,
  "dissonance": 12.999127710841854,
  "drr": 15.43440055847168,
  "dynamics": 3.0013070106506348,
  "format": 1245190,
  "frames": 14099392,
  "loudness": -8.204752922058105,
  "loudness_range": 5.848932266235352,
  "loudness_range_short": 12.644353866577148,
  "lowpass_true_peak_15khz": 2.180410146713257,
  "mastering3_acoustic_entropies": [
    {
      "acoustic_entropy": 9.58382797241211,
      "acoustic_entropy_mono": 9.890470504760742,
      "band_eliminated_acoustic_entropies": [
        {
          "acoustic_entropy": 9.467361450195312,
          "acoustic_entropy_side": 9.583828926086426,
          "hz": 129.47220167065723
        },
        {
          "acoustic_entropy": 8.63705062866211,
          "acoustic_entropy_side": 9.583883285522461,
          "hz": 202.92927478742237
        },
        {
          "acoustic_entropy": 9.788119316101074,
          "acoustic_entropy_side": 9.58389949798584,
          "hz": 282.89161906338205
        },
        {
          "acoustic_entropy": 9.721976280212402,
          "acoustic_entropy_side": 9.63459587097168,
          "hz": 369.9353335868758
        },
        {
          "acoustic_entropy": 10.0769681930542,
          "acoustic_entropy_side": 9.736218452453613,
          "hz": 464.6875360973435
        },
        {
          "acoustic_entropy": 10.143599510192871,
          "acoustic_entropy_side": 9.864542961120605,
          "hz": 567.8308811364784
        },
        {
          "acoustic_entropy": 9.606155395507812,
          "acoustic_entropy_side": 9.62177562713623,
          "hz": 680.1084783214808
        },
        {
          "acoustic_entropy": 10.155095100402832,
          "acoustic_entropy_side": 9.863725662231445,
          "hz": 802.3292461747484
        },
        {
          "acoustic_entropy": 9.431354522705078,
          "acoustic_entropy_side": 9.8280611038208,
          "hz": 935.3737400823702
        },
        {
          "acoustic_entropy": 9.786760330200195,
          "acoustic_entropy_side": 9.650790214538574,
          "hz": 1080.2004963696966
        },
        {
          "acoustic_entropy": 9.705020904541016,
          "acoustic_entropy_side": 9.682257652282715,
          "hz": 1237.8529382007157
        },
        {
          "acoustic_entropy": 9.729107856750488,
          "acoustic_entropy_side": 9.730785369873047,
          "hz": 1409.4668930556702
        },
        {
          "acoustic_entropy": 10.189668655395508,
          "acoustic_entropy_side": 9.825421333312988,
          "hz": 1596.2787759475705
        },
        {
          "acoustic_entropy": 10.031586647033691,
          "acoustic_entropy_side": 9.847578048706055,
          "hz": 1799.6344973346393
        },
        {
          "acoustic_entropy": 9.846197128295898,
          "acoustic_entropy_side": 9.948615074157715,
          "hz": 2020.9991599069049
        },
        {
          "acoustic_entropy": 10.02634334564209,
          "acoustic_entropy_side": 9.852645874023438,
          "hz": 2261.9676141086993
        },
        {
          "acoustic_entropy": 9.62601089477539,
          "acoustic_entropy_side": 9.725269317626953,
          "hz": 2524.2759484456974
        },
        {
          "acoustic_entropy": 9.770641326904297,
          "acoustic_entropy_side": 9.686149597167969,
          "hz": 2809.813997359896
        },
        {
          "acoustic_entropy": 9.850903511047363,
          "acoustic_entropy_side": 9.691636085510254,
          "hz": 3120.6389567871424
        },
        {
          "acoustic_entropy": 9.843688011169434,
          "acoustic_entropy_side": 9.689393043518066,
          "hz": 3458.990205492291
        },
        {
          "acoustic_entropy": 9.726816177368164,
          "acoustic_entropy_side": 9.61805534362793,
          "hz": 3827.305438964164
        },
        {
          "acoustic_entropy": 9.668357849121094,
          "acoustic_entropy_side": 9.57880687713623,
          "hz": 4228.238232109126
        },
        {
          "acoustic_entropy": 9.614255905151367,
          "acoustic_entropy_side": 9.619351387023926,
          "hz": 4664.6771572759235
        },
        {
          "acoustic_entropy": 9.622044563293457,
          "acoustic_entropy_side": 9.63697624206543,
          "hz": 5139.766595350093
        },
        {
          "acoustic_entropy": 9.63844108581543,
          "acoustic_entropy_side": 9.66458797454834,
          "hz": 5656.929389854203
        },
        {
          "acoustic_entropy": 9.689772605895996,
          "acoustic_entropy_side": 9.726094245910645,
          "hz": 6219.891507268283
        },
        {
          "acoustic_entropy": 9.659205436706543,
          "acoustic_entropy_side": 9.694748878479004,
          "hz": 6832.70888123896
        },
        {
          "acoustic_entropy": 9.503419876098633,
          "acoustic_entropy_side": 9.662846565246582,
          "hz": 7499.796634079867
        },
        {
          "acoustic_entropy": 9.579360961914062,
          "acoustic_entropy_side": 9.672271728515625,
          "hz": 8225.96088609342
        },
        {
          "acoustic_entropy": 9.752487182617188,
          "acoustic_entropy_side": 9.691300392150879,
          "hz": 9016.43338188839
        },
        {
          "acoustic_entropy": 9.600564956665039,
          "acoustic_entropy_side": 9.692524909973145,
          "hz": 9876.909183162974
        },
        {
          "acoustic_entropy": 9.559423446655273,
          "acoustic_entropy_side": 9.61199951171875,
          "hz": 10813.587699516042
        },
        {
          "acoustic_entropy": 9.818958282470703,
          "acoustic_entropy_side": 9.701056480407715,
          "hz": 11833.21735289826
        },
        {
          "acoustic_entropy": 9.793644905090332,
          "acoustic_entropy_side": 9.651101112365723,
          "hz": 12943.144197493959
        },
        {
          "acoustic_entropy": 9.681760787963867,
          "acoustic_entropy_side": 9.607301712036133,
          "hz": 14151.364845322005
        },
        {
          "acoustic_entropy": 9.579596519470215,
          "acoustic_entropy_side": 9.57844352722168,
          "hz": 15466.58407886509
        },
        {
          "acoustic_entropy": 9.501532554626465,
          "acoustic_entropy_side": 9.574828147888184,
          "hz": 16898.27756580493
        },
        {
          "acoustic_entropy": 9.556921005249023,
          "acoustic_entropy_side": 9.57507610321045,
          "hz": 18456.760127700032
        },
        {
          "acoustic_entropy": 9.61341381072998,
          "acoustic_entropy_side": 9.590681076049805,
          "hz": 20153.260054456492
        },
        {
          "acoustic_entropy": 9.602030754089355,
          "acoustic_entropy_side": 9.599865913391113,
          "hz": 22000.00000000001
        }
      ],
      "diff_acoustic_entropy": 9.772489547729492,
      "sn": 6
    },
    {
      "acoustic_entropy": 15.28584098815918,
      "acoustic_entropy_mono": 14.086851119995117,
      "band_eliminated_acoustic_entropies": [
        {
          "acoustic_entropy": 14.958084106445312,
          "acoustic_entropy_side": 15.285843849182129,
          "hz": 129.47220167065723
        },
        {
          "acoustic_entropy": 14.395050048828125,
          "acoustic_entropy_side": 15.285370826721191,
          "hz": 202.92927478742237
        },
        {
          "acoustic_entropy": 15.238348960876465,
          "acoustic_entropy_side": 15.168907165527344,
          "hz": 282.89161906338205
        },
        {
          "acoustic_entropy": 14.572922706604004,
          "acoustic_entropy_side": 15.109149932861328,
          "hz": 369.9353335868758
        },
        {
          "acoustic_entropy": 15.702573776245117,
          "acoustic_entropy_side": 15.034396171569824,
          "hz": 464.6875360973435
        },
        {
          "acoustic_entropy": 14.857081413269043,
          "acoustic_entropy_side": 14.567298889160156,
          "hz": 567.8308811364784
        },
        {
          "acoustic_entropy": 15.061885833740234,
          "acoustic_entropy_side": 15.430669784545898,
          "hz": 680.1084783214808
        },
        {
          "acoustic_entropy": 15.26205825805664,
          "acoustic_entropy_side": 15.201485633850098,
          "hz": 802.3292461747484
        },
        {
          "acoustic_entropy": 14.922510147094727,
          "acoustic_entropy_side": 14.879602432250977,
          "hz": 935.3737400823702
        },
        {
          "acoustic_entropy": 15.563563346862793,
          "acoustic_entropy_side": 15.382132530212402,
          "hz": 1080.2004963696966
        },
        {
          "acoustic_entropy": 14.99513053894043,
          "acoustic_entropy_side": 15.175127983093262,
          "hz": 1237.8529382007157
        },
        {
          "acoustic_entropy": 14.85863208770752,
          "acoustic_entropy_side": 15.415229797363281,
          "hz": 1409.4668930556702
        },
        {
          "acoustic_entropy": 14.986298561096191,
          "acoustic_entropy_side": 15.121273040771484,
          "hz": 1596.2787759475705
        },
        {
          "acoustic_entropy": 14.32823371887207,
          "acoustic_entropy_side": 15.215215682983398,
          "hz": 1799.6344973346393
        },
        {
          "acoustic_entropy": 14.954532623291016,
          "acoustic_entropy_side": 15.264461517333984,
          "hz": 2020.9991599069049
        },
        {
          "acoustic_entropy": 15.092647552490234,
          "acoustic_entropy_side": 14.992880821228027,
          "hz": 2261.9676141086993
        },
        {
          "acoustic_entropy": 15.05802059173584,
          "acoustic_entropy_side": 15.131765365600586,
          "hz": 2524.2759484456974
        },
        {
          "acoustic_entropy": 15.344499588012695,
          "acoustic_entropy_side": 15.3438138961792,
          "hz": 2809.813997359896
        },
        {
          "acoustic_entropy": 15.346166610717773,
          "acoustic_entropy_side": 15.150239944458008,
          "hz": 3120.6389567871424
        },
        {
          "acoustic_entropy": 15.520628929138184,
          "acoustic_entropy_side": 15.241222381591797,
          "hz": 3458.990205492291
        },
        {
          "acoustic_entropy": 15.102258682250977,
          "acoustic_entropy_side": 15.108777046203613,
          "hz": 3827.305438964164
        },
        {
          "acoustic_entropy": 15.270242691040039,
          "acoustic_entropy_side": 15.247126579284668,
          "hz": 4228.238232109126
        },
        {
          "acoustic_entropy": 15.524739265441895,
          "acoustic_entropy_side": 15.333219528198242,
          "hz": 4664.6771572759235
        },
        {
          "acoustic_entropy": 15.339998245239258,
          "acoustic_entropy_side": 15.41801929473877,
          "hz": 5139.766595350093
        },
        {
          "acoustic_entropy": 15.22468376159668,
          "acoustic_entropy_side": 15.324516296386719,
          "hz": 5656.929389854203
        },
        {
          "acoustic_entropy": 15.264988899230957,
          "acoustic_entropy_side": 15.398154258728027,
          "hz": 6219.891507268283
        },
        {
          "acoustic_entropy": 15.237432479858398,
          "acoustic_entropy_side": 15.281270027160645,
          "hz": 6832.70888123896
        },
        {
          "acoustic_entropy": 15.182522773742676,
          "acoustic_entropy_side": 15.245617866516113,
          "hz": 7499.796634079867
        },
        {
          "acoustic_entropy": 15.27327823638916,
          "acoustic_entropy_side": 15.300593376159668,
          "hz": 8225.96088609342
        },
        {
          "acoustic_entropy": 15.287960052490234,
          "acoustic_entropy_side": 15.285294532775879,
          "hz": 9016.43338188839
        },
        {
          "acoustic_entropy": 15.350006103515625,
          "acoustic_entropy_side": 15.43307876586914,
          "hz": 9876.909183162974
        },
        {
          "acoustic_entropy": 15.429159164428711,
          "acoustic_entropy_side": 15.683805465698242,
          "hz": 10813.587699516042
        },
        {
          "acoustic_entropy": 15.248808860778809,
          "acoustic_entropy_side": 15.497603416442871,
          "hz": 11833.21735289826
        },
        {
          "acoustic_entropy": 15.276687622070312,
          "acoustic_entropy_side": 15.370794296264648,
          "hz": 12943.144197493959
        },
        {
          "acoustic_entropy": 15.470992088317871,
          "acoustic_entropy_side": 15.319305419921875,
          "hz": 14151.364845322005
        },
        {
          "acoustic_entropy": 15.393776893615723,
          "acoustic_entropy_side": 15.263909339904785,
          "hz": 15466.58407886509
        },
        {
          "acoustic_entropy": 15.302989959716797,
          "acoustic_entropy_side": 15.227157592773438,
          "hz": 16898.27756580493
        },
        {
          "acoustic_entropy": 15.087774276733398,
          "acoustic_entropy_side": 15.20567798614502,
          "hz": 18456.760127700032
        },
        {
          "acoustic_entropy": 15.080723762512207,
          "acoustic_entropy_side": 15.268919944763184,
          "hz": 20153.260054456492
        },
        {
          "acoustic_entropy": 15.221444129943848,
          "acoustic_entropy_side": 15.3209228515625,
          "hz": 22000.00000000001
        }
      ],
      "diff_acoustic_entropy": 14.934189796447754,
      "sn": 12
    },
    {
      "acoustic_entropy": 23.41785430908203,
      "acoustic_entropy_mono": 17.467090606689453,
      "band_eliminated_acoustic_entropies": [
        {
          "acoustic_entropy": 23.174081802368164,
          "acoustic_entropy_side": 23.419776916503906,
          "hz": 129.47220167065723
        },
        {
          "acoustic_entropy": 23.606245040893555,
          "acoustic_entropy_side": 23.42330551147461,
          "hz": 202.92927478742237
        },
        {
          "acoustic_entropy": 23.10820198059082,
          "acoustic_entropy_side": 23.18566131591797,
          "hz": 282.89161906338205
        },
        {
          "acoustic_entropy": 23.160995483398438,
          "acoustic_entropy_side": 23.783479690551758,
          "hz": 369.9353335868758
        },
        {
          "acoustic_entropy": 23.40502166748047,
          "acoustic_entropy_side": 23.013395309448242,
          "hz": 464.6875360973435
        },
        {
          "acoustic_entropy": 23.078035354614258,
          "acoustic_entropy_side": 23.063081741333008,
          "hz": 567.8308811364784
        },
        {
          "acoustic_entropy": 23.59068489074707,
          "acoustic_entropy_side": 24.092330932617188,
          "hz": 680.1084783214808
        },
        {
          "acoustic_entropy": 23.754011154174805,
          "acoustic_entropy_side": 24.42609977722168,
          "hz": 802.3292461747484
        },
        {
          "acoustic_entropy": 23.368680953979492,
          "acoustic_entropy_side": 24.148807525634766,
          "hz": 935.3737400823702
        },
        {
          "acoustic_entropy": 23.7222957611084,
          "acoustic_entropy_side": 23.56800079345703,
          "hz": 1080.2004963696966
        },
        {
          "acoustic_entropy": 23.765369415283203,
          "acoustic_entropy_side": 23.894128799438477,
          "hz": 1237.8529382007157
        },
        {
          "acoustic_entropy": 24.086578369140625,
          "acoustic_entropy_side": 23.561609268188477,
          "hz": 1409.4668930556702
        },
        {
          "acoustic_entropy": 23.300457000732422,
          "acoustic_entropy_side": 23.328229904174805,
          "hz": 1596.2787759475705
        },
        {
          "acoustic_entropy": 23.529953002929688,
          "acoustic_entropy_side": 23.40331268310547,
          "hz": 1799.6344973346393
        },
        {
          "acoustic_entropy": 23.444143295288086,
          "acoustic_entropy_side": 23.34760856628418,
          "hz": 2020.9991599069049
        },
        {
          "acoustic_entropy": 23.36591148376465,
          "acoustic_entropy_side": 23.473432540893555,
          "hz": 2261.9676141086993
        },
        {
          "acoustic_entropy": 23.454938888549805,
          "acoustic_entropy_side": 23.308570861816406,
          "hz": 2524.2759484456974
        },
        {
          "acoustic_entropy": 23.572650909423828,
          "acoustic_entropy_side": 23.460115432739258,
          "hz": 2809.813997359896
        },
        {
          "acoustic_entropy": 23.56660270690918,
