{
  "acoustic_entropy": 212.16748046875,
  "bands": [
    {
      "high_freq": 148.1999969482422,
      "loudness": -23.367168426513672,
      "loudness_range": 11.994049072265625,
      "mid_mean": -20.441843032836914,
      "mid_to_side_loudness": -8.820598602294922,
      "mid_to_side_loudness_range": 17.59028434753418,
      "side_mean": -30.385526657104492
    },
    {
      "high_freq": 392.3793640136719,
      "loudness": -23.39548110961914,
      "loudness_range": 12.834331512451172,
      "low_freq": 148.1999969482422,
      "mid_mean": -21.17568016052246,
      "mid_to_side_loudness": -4.326792240142822,
      "mid_to_side_loudness_range": 8.943402290344238,
      "side_mean": -25.631013870239258
    },
    {
      "high_freq": 794.6976318359375,
      "loudness": -23.165302276611328,
      "loudness_range": 11.613323211669922,
      "low_freq": 392.3793640136719,
      "mid_mean": -20.73239517211914,
      "mid_to_side_loudness": -5.318952560424805,
      "mid_to_side_loudness_range": 8.027154922485352,
      "side_mean": -26.117450714111328
    },
    {
      "high_freq": 1457.5709228515625,
      "loudness": -24.94646453857422,
      "loudness_range": 10.657344818115234,
      "low_freq": 794.6976318359375,
      "mid_mean": -22.812101364135742,
      "mid_to_side_loudness": -4.2062482833862305,
      "mid_to_side_loudness_range": 6.7190165519714355,
      "side_mean": -27.141061782836914
    },
    {
      "high_freq": 2549.74365234375,
      "loudness": -24.861799240112305,
      "loudness_range": 9.781684875488281,
      "low_freq": 1457.5709228515625,
      "mid_mean": -23.047409057617188,
      "mid_to_side_loudness": -2.716660737991333,
      "mid_to_side_loudness_range": 4.9684929847717285,
      "side_mean": -25.99112892150879
    },
    {
      "high_freq": 4349.24462890625,
      "loudness": -25.29330062866211,
      "loudness_range": 10.045598983764648,
      "low_freq": 2549.74365234375,
      "mid_mean": -23.383508682250977,
      "mid_to_side_loudness": -3.092733144760132,
      "mid_to_side_loudness_range": 5.626823902130127,
      "side_mean": -26.667022705078125
    },
    {
      "high_freq": 7314.1640625,
      "loudness": -30.39423942565918,
      "loudness_range": 13.994279861450195,
      "low_freq": 4349.24462890625,
      "mid_mean": -28.19955825805664,
      "mid_to_side_loudness": -4.017020225524902,
      "mid_to_side_loudness_range": 7.319458484649658,
      "side_mean": -32.614498138427734
    },
    {
      "high_freq": 12199.2666015625,
      "loudness": -38.82504653930664,
      "loudness_range": 21.199125289916992,
      "low_freq": 7314.1640625,
      "mid_mean": -36.76359558105469,
      "mid_to_side_loudness": -4.162705421447754,
      "mid_to_side_loudness_range": 8.882224082946777,
      "side_mean": -40.892303466796875
    },
    {
      "loudness": -47.93605041503906,
      "loudness_range": 21.156108856201172,
      "low_freq": 12199.2666015625,
      "mid_mean": -45.90848159790039,
      "mid_to_side_loudness": -4.117400169372559,
      "mid_to_side_loudness_range": 9.7279052734375,
      "side_mean": -50.85407257080078
    }
  ],
  "bands_short": [
    {
      "high_freq": 148.1999969482422,
      "loudness": -26.004419326782227,
      "loudness_range": 14.724994659423828,
      "mid_mean": -23.272310256958008,
      "mid_to_side_loudness": -9.175353050231934,
      "mid_to_side_loudness_range": 21.696063995361328,
      "side_mean": -33.690887451171875
    },
    {
      "high_freq": 392.3793640136719,
      "loudness": -22.985788345336914,
      "loudness_range": 13.204692840576172,
      "low_freq": 148.1999969482422,
      "mid_mean": -20.623403549194336,
      "mid_to_side_loudness": -5.15863561630249,
      "mid_to_side_loudness_range": 12.182458877563477,
      "side_mean": -25.988731384277344
    },
    {
      "high_freq": 794.6976318359375,
      "loudness": -23.23165512084961,
      "loudness_range": 11.853561401367188,
      "low_freq": 392.3793640136719,
      "mid_mean": -20.955949783325195,
      "mid_to_side_loudness": -5.236051082611084,
      "mid_to_side_loudness_range": 11.271007537841797,
      "side_mean": -26.279735565185547
    },
    {
      "high_freq": 1457.5709228515625,
      "loudness": -24.79558563232422,
      "loudness_range": 11.70556640625,
      "low_freq": 794.6976318359375,
      "mid_mean": -22.725587844848633,
      "mid_to_side_loudness": -4.2633748054504395,
      "mid_to_side_loudness_range": 9.316239356994629,
      "side_mean": -27.103923797607422
    },
    {
      "high_freq": 2549.74365234375,
      "loudness": -25.141603469848633,
      "loudness_range": 11.068744659423828,
      "low_freq": 1457.5709228515625,
      "mid_mean": -23.421405792236328,
      "mid_to_side_loudness": -2.676476001739502,
      "mid_to_side_loudness_range": 6.843536853790283,
      "side_mean": -26.293062210083008
    },
    {
      "high_freq": 4349.24462890625,
      "loudness": -25.391660690307617,
      "loudness_range": 11.039884567260742,
      "low_freq": 2549.74365234375,
      "mid_mean": -23.50225067138672,
      "mid_to_side_loudness": -3.117361545562744,
      "mid_to_side_loudness_range": 6.890087127685547,
      "side_mean": -26.842037200927734
    },
    {
      "high_freq": 7314.1640625,
      "loudness": -30.813026428222656,
      "loudness_range": 16.26155662536621,
      "low_freq": 4349.24462890625,
      "mid_mean": -28.760190963745117,
      "mid_to_side_loudness": -3.7776401042938232,
      "mid_to_side_loudness_range": 7.875095844268799,
      "side_mean": -32.90045166015625
    },
    {
      "high_freq": 12199.2666015625,
      "loudness": -39.60390853881836,
      "loudness_range": 23.176143646240234,
      "low_freq": 7314.1640625,
      "mid_mean": -37.68465042114258,
      "mid_to_side_loudness": -3.843824625015259,
      "mid_to_side_loudness_range": 9.377653121948242,
      "side_mean": -41.565425872802734
    },
    {
      "loudness": -48.86346435546875,
      "loudness_range": 23.980262756347656,
      "low_freq": 12199.2666015625,
      "mid_mean": -47.01321029663086,
      "mid_to_side_loudness": -3.8800406455993652,
      "mid_to_side_loudness_range": 10.29185676574707,
      "side_mean": -51.601192474365234
    }
  ],
  "bandwidth": 611.7723999023438,
  "channels": 2,
  "covariance": [
    [
      23.36431312561035,
      14.84535026550293,
      13.019326210021973,
      10.781898498535156,
      3.9013311862945557,
      7.250993251800537,
      5.775574207305908,
      7.6405510902404785,
      5.7915472984313965,
      6.926513195037842,
      6.956061840057373,
      6.615616798400879,
      10.330718994140625,
      6.299769878387451,
      16.054920196533203,
      10.252616882324219,
      13.821727752685547,
      14.624612808227539
    ],
    [
      14.84535026550293,
      59.37730407714844,
      22.553302764892578,
      28.021364212036133,
      4.105358600616455,
      10.109501838684082,
      13.38530445098877,
      15.980441093444824,
      10.520525932312012,
      12.23906135559082,
      11.887239456176758,
      13.873467445373535,
      17.624332427978516,
      17.258440017700195,
      26.718740463256836,
      23.832935333251953,
      22.48797607421875,
      25.86898422241211
    ],
    [
      13.019326210021973,
      22.553302764892578,
      28.132780075073242,
      21.840187072753906,
      3.0909600257873535,
      8.159400939941406,
      9.348360061645508,
      12.890362739562988,
      9.77929401397705,
      11.340561866760254,
      9.807289123535156,
      12.135354042053223,
      14.245257377624512,
      12.611153602600098,
      24.252511978149414,
      19.149761199951172,
      21.705190658569336,
      23.79914093017578
    ],
    [
      10.781898498535156,
      28.021364212036133,
      21.840187072753906,
      27.41574478149414,
      4.065678119659424,
      9.155064582824707,
      11.40197467803955,
      15.115034103393555,
      10.520917892456055,
      12.970010757446289,
      10.59434986114502,
      13.622170448303223,
      14.566083908081055,
      14.544894218444824,
      25.512908935546875,
      21.121074676513672,
      22.823469161987305,
      25.677610397338867
    ],
    [
      3.9013311862945557,
      4.105358600616455,
      3.0909600257873535,
      4.065678119659424,
      22.82208824157715,
      17.377668380737305,
      15.688122749328613,
      14.77434253692627,
      13.527607917785645,
      13.14858341217041,
      14.545690536499023,
      13.49085521697998,
      11.2031831741333,
      13.977367401123047,
      14.156764030456543,
      14.302421569824219,
      15.468608856201172,
      16.626434326171875
    ],
    [
      7.250993251800537,
      10.109501838684082,
      8.159400939941406,
      9.155064582824707,
      17.377668380737305,
      19.631898880004883,
      14.910439491271973,
      17.087726593017578,
      14.437423706054688,
      16.02675437927246,
      14.857319831848145,
      16.080379486083984,
      13.472792625427246,
      16.62629508972168,
      18.786380767822266,
      18.27466583251953,
      19.15209197998047,
      21.664386749267578
    ],
    [
      5.775574207305908,
      13.38530445098877,
      9.348360061645508,
      11.40197467803955,
      15.688122749328613,
      14.910439491271973,
      20.473539352416992,
      18.268945693969727,
      15.164085388183594,
      15.547160148620605,
      16.456331253051758,
      16.131853103637695,
      15.537273406982422,
      18.47571563720703,
      22.115253448486328,
      20.995994567871094,
      22.4245662689209,
      24.686140060424805
    ],
    [
      7.6405510902404785,
      15.980441093444824,
      12.890362739562988,
      15.115034103393555,
      14.77434253692627,
      17.087726593017578,
      18.268945693969727,
      23.277210235595703,
      16.627336502075195,
      19.193256378173828,
      17.727581024169922,
      20.302906036376953,
      17.351707458496094,
      21.997901916503906,
      25.907926559448242,
      25.132198333740234,
      25.851469039916992,
      29.345800399780273
    ],
    [
      5.7915472984313965,
      10.520525932312012,
      9.77929401397705,
      10.520917892456055,
      13.527607917785645,
      14.437423706054688,
      15.164085388183594,
      16.627336502075195,
      16.775127410888672,
      16.317852020263672,
      16.845054626464844,
      16.825841903686523,
      15.88460922241211,
      19.299026489257812,
      23.258464813232422,
      22.115217208862305,
      24.1461124420166,
      24.3705997467041
    ],
    [
      6.926513195037842,
      12.23906135559082,
      11.340561866760254,
      12.970010757446289,
      13.14858341217041,
      16.02675437927246,
      15.547160148620605,
      19.193256378173828,
      16.317852020263672,
      21.399370193481445,
      16.244543075561523,
      20.48796272277832,
      15.06200122833252,
      20.520267486572266,
      22.560823440551758,
      23.33323860168457,
      23.7309513092041,
      29.60375213623047
    ],
    [
      6.956061840057373,
      11.887239456176758,
      9.807289123535156,
      10.59434986114502,
      14.545690536499023,
      14.857319831848145,
      16.456331253051758,
      17.727581024169922,
      16.845054626464844,
      16.244543075561523,
      19.40894889831543,
      18.615463256835938,
      18.009967803955078,
      21.257143020629883,
      25.92272186279297,
      24.16812515258789,
      25.71006202697754,
      25.46543312072754
    ],
    [
      6.615616798400879,
      13.873467445373535,
      12.135354042053223,
      13.622170448303223,
      13.49085521697998,
      16.080379486083984,
      16.131853103637695,
      20.302906036376953,
      16.825841903686523,
      20.48796272277832,
      18.615463256835938,
      23.305500030517578,
      18.145475387573242,
      23.67108726501465,
      26.428857803344727,
      26.781414031982422,
      26.515338897705078,
      31.353540420532227
    ],
    [
      10.330718994140625,
      17.624332427978516,
      14.245257377624512,
      14.566083908081055,
      11.2031831741333,
      13.472792625427246,
      15.537273406982422,
      17.351707458496094,
      15.88460922241211,
      15.06200122833252,
      18.009967803955078,
      18.145475387573242,
      31.272300720214844,
      26.8775577545166,
      38.74943542480469,
      31.440744400024414,
      34.27531051635742,
      30.551570892333984
    ],
    [
      6.299769878387451,
      17.258440017700195,
      12.611153602600098,
      14.544894218444824,
      13.977367401123047,
      16.62629508972168,
      18.47571563720703,
      21.997901916503906,
      19.299026489257812,
      20.520267486572266,
      21.257143020629883,
      23.67108726501465,
      26.8775577545166,
      32.60768127441406,
      35.35512161254883,
      35.2099609375,
      33.932430267333984,
      36.0749397277832
    ],
    [
      16.054920196533203,
      26.718740463256836,
      24.252511978149414,
      25.512908935546875,
      14.156764030456543,
      18.786380767822266,
      22.115253448486328,
      25.907926559448242,
      23.258464813232422,
      22.560823440551758,
      25.92272186279297,
      26.428857803344727,
      38.74943542480469,
      35.35512161254883,
      66.17383575439453,
      51.261600494384766,
      60.83837890625,
      52.489933013916016
    ],
    [
      10.252616882324219,
      23.832935333251953,
      19.149761199951172,
      21.121074676513672,
      14.302421569824219,
      18.27466583251953,
      20.995994567871094,
      25.132198333740234,
      22.115217208862305,
      23.33323860168457,
      24.16812515258789,
      26.781414031982422,
      31.440744400024414,
      35.2099609375,
      51.261600494384766,
      51.47591781616211,
      50.58525466918945,
      51.657806396484375
    ],
    [
      13.821727752685547,
      22.48797607421875,
      21.705190658569336,
      22.823469161987305,
      15.468608856201172,
      19.15209197998047,
      22.4245662689209,
      25.851469039916992,
      24.1461124420166,
      23.7309513092041,
      25.71006202697754,
      26.515338897705078,
      34.27531051635742,
      33.932430267333984,
      60.83837890625,
      50.58525466918945,
      63.0013542175293,
      56.20503616333008
    ],
    [
      14.624612808227539,
      25.86898422241211,
      23.79914093017578,
      25.677610397338867,
      16.626434326171875,
      21.664386749267578,
      24.686140060424805,
      29.345800399780273,
      24.3705997467041,
      29.60375213623047,
      25.46543312072754,
      31.353540420532227,
      30.551570892333984,
      36.0749397277832,
      52.489933013916016,
      51.657806396484375,
      56.20503616333008,
      75.99031066894531
    ]
  ],
  "covariance_short": [
    [
      33.78847885131836,
      13.331085205078125,
      16.2281436920166,
      12.062067985534668,
      2.4503843784332275,
      6.422404766082764,
      4.363745212554932,
      6.257743835449219,
      5.807123184204102,
      6.590095520019531,
      6.411920547485352,
      5.821241855621338,
      8.568376541137695,
      5.115175724029541,
      12.038090705871582,
      7.753105163574219,
      10.442564964294434,
      10.764941215515137
    ],
    [
      13.331085205078125,
      64.1993408203125,
      18.519670486450195,
      30.230037689208984,
      3.06843638420105,
      8.38802719116211,
      10.509403228759766,
      13.215205192565918,
      8.665637969970703,
      10.35444450378418,
      9.568482398986816,
      11.533234596252441,
      15.17087173461914,
      15.170979499816895,
      20.83772850036621,
      20.748958587646484,
      16.892545700073242,
      21.687896728515625
    ],
    [
      16.2281436920166,
      18.519670486450195,
      34.03401565551758,
      25.80229949951172,
      4.9434356689453125,
      11.010444641113281,
      11.080937385559082,
      15.176412582397461,
      11.871211051940918,
      13.475747108459473,
      10.969923973083496,
      13.587227821350098,
      16.691490173339844,
      14.777043342590332,
      26.81136131286621,
      21.122617721557617,
      23.684650421142578,
      25.145729064941406
    ],
    [
      12.062067985534668,
      30.230037689208984,
      25.80229949951172,
      37.29841995239258,
      4.561902046203613,
      11.171786308288574,
      13.421113014221191,
      17.689592361450195,
      12.494709968566895,
      14.272514343261719,
      12.051687240600586,
      14.82855224609375,
      18.746511459350586,
      17.633378982543945,
      29.29159927368164,
      25.2294921875,
      25.93226432800293,
      27.881206512451172
    ],
    [
      2.4503843784332275,
      3.06843638420105,
      4.9434356689453125,
      4.561902046203613,
      23.991931915283203,
      14.731536865234375,
      14.890204429626465,
      13.28284740447998,
      13.4647798538208,
      12.603967666625977,
      13.117351531982422,
      12.83892822265625,
      11.02351188659668,
      12.631281852722168,
      13.900310516357422,
      14.153419494628906,
      15.802915573120117,
      15.805547714233398
    ],
    [
      6.422404766082764,
      8.38802719116211,
      11.010444641113281,
      11.171786308288574,
      14.731536865234375,
      22.153676986694336,
      14.205924034118652,
      16.457565307617188,
      14.673075675964355,
      16.012170791625977,
      13.498863220214844,
      15.436678886413574,
      12.983497619628906,
      15.32577896118164,
      18.216278076171875,
      18.39441680908203,
      19.52242088317871,
      20.879236221313477
    ],
    [
      4.363745212554932,
      10.509403228759766,
      11.080937385559082,
      13.421113014221191,
      14.890204429626465,
      14.205924034118652,
      23.472196578979492,
      18.65679359436035,
      16.15557098388672,
      16.180065155029297,
      16.36689567565918,
      16.428316116333008,
      17.555654525756836,
      19.40805435180664,
      23.814165115356445,
      23.056581497192383,
      24.759960174560547,
      25.85274887084961
    ],
    [
      6.257743835449219,
      13.215205192565918,
      15.176412582397461,
      17.689592361450195,
      13.28284740447998,
      16.457565307617188,
      18.65679359436035,
      26.18191909790039,
      17.52920150756836,
      19.627290725708008,
      17.257654190063477,
      20.200061798095703,
      19.453857421875,
      22.794336318969727,
      27.444868087768555,
      27.272319793701172,
      28.09064292907715,
      30.401487350463867
    ],
    [
      5.807123184204102,
      8.665637969970703,
      11.871211051940918,
      12.494709968566895,
      13.4647798538208,
      14.673075675964355,
      16.15557098388672,
      17.52920150756836,
      20.482666015625,
      18.56658935546875,
      17.072458267211914,
      18.17344856262207,
      18.220640182495117,
      20.518659591674805,
      25.2525634765625,
      24.34169578552246,
      26.724817276000977,
      26.33316993713379
    ],
    [
      6.590095520019531,
      10.35444450378418,
      13.475747108459473,
      14.272514343261719,
      12.603967666625977,
      16.012170791625977,
      16.180065155029297,
      19.627290725708008,
      18.56658935546875,
      24.263713836669922,
      16.466983795166016,
      21.085800170898438,
      17.13117790222168,
      21.725967407226562,
      24.524032592773438,
      26.156755447387695,
      26.53078269958496,
      31.00728416442871
    ],
    [
      6.411920547485352,
      9.568482398986816,
      10.969923973083496,
      12.051687240600586,
      13.117351531982422,
      13.498863220214844,
      16.36689567565918,
      17.257654190063477,
      17.072458267211914,
      16.466983795166016,
      21.012508392333984,
      19.20281410217285,
      19.9561767578125,
      21.441020965576172,
      27.47905731201172,
      25.3862247467041,
      27.336645126342773,
      25.994443893432617
    ],
    [
      5.821241855621338,
      11.533234596252441,
      13.587227821350098,
      14.82855224609375,
      12.83892822265625,
      15.436678886413574,
      16.428316116333008,
      20.200061798095703,
      18.17344856262207,
      21.085800170898438,
      19.20281410217285,
      25.174030303955078,
      20.288394927978516,
      25.05510711669922,
      28.37892723083496,
      29.991418838500977,
      29.59311866760254,
      32.927345275878906
    ],
    [
      8.568376541137695,
      15.17087173461914,
      16.691490173339844,
      18.746511459350586,
      11.02351188659668,
      12.983497619628906,
      17.555654525756836,
      19.453857421875,
      18.220640182495117,
      17.13117790222168,
      19.9561767578125,
      20.288394927978516,
      37.665645599365234,
      31.671846389770508,
      43.013057708740234,
      35.696449279785156,
      38.55878829956055,
      33.95954895019531
    ],
    [
      5.115175724029541,
      15.170979499816895,
      14.777043342590332,
      17.633378982543945,
      12.631281852722168,
      15.32577896118164,
      19.40805435180664,
      22.794336318969727,
      20.518659591674805,
      21.725967407226562,
      21.441020965576172,
      25.05510711669922,
      31.671846389770508,
      36.96550750732422,
      39.17681884765625,
      39.67348861694336,
      38.37827682495117,
      39.313987731933594
    ],
    [
      12.038090705871582,
      20.83772850036621,
      26.81136131286621,
      29.29159927368164,
      13.900310516357422,
      18.216278076171875,
      23.814165115356445,
      27.444868087768555,
      25.2525634765625,
      24.524032592773438,
      27.47905731201172,
      28.37892723083496,
      43.013057708740234,
      39.17681884765625,
      71.89978790283203,
      57.07710647583008,
      66.35874938964844,
      56.84067916870117
    ],
    [
      7.753105163574219,
      20.748958587646484,
      21.122617721557617,
      25.2294921875,
      14.153419494628906,
      18.39441680908203,
      23.056581497192383,
      27.272319793701172,
      24.34169578552246,
      26.156755447387695,
      25.3862247467041,
      29.991418838500977,
      35.696449279785156,
      39.67348861694336,
      57.07710647583008,
      58.91756820678711,
      57.60384750366211,
      58.452308654785156
    ],
    [
      10.442564964294434,
      16.892545700073242,
      23.684650421142578,
      25.93226432800293,
      15.802915573120117,
      19.52242088317871,
      24.759960174560547,
      28.09064292907715,
      26.724817276000977,
      26.53078269958496,
      27.336645126342773,
      29.59311866760254,
      38.55878829956055,
      38.37827682495117,
      66.35874938964844,
      57.60384750366211,
      71.27183532714844,
      63.254234313964844
    ],
    [
      10.764941215515137,
      21.687896728515625,
      25.145729064941406,
      27.881206512451172,
      15.805547714233398,
      20.879236221313477,
      25.85274887084961,
      30.401487350463867,
      26.33316993713379,
      31.00728416442871,
      25.994443893432617,
      32.927345275878906,
      33.95954895019531,
      39.313987731933594,
      56.84067916870117,
      58.452308654785156,
      63.254234313964844,
      81.24105834960938
    ]
  ],
  "damage": -7.8509521484375,
  "diff_bandwidth": 624.0299682617188,
  "dissonance": 8.946681888296016,
  "drr": 2.083261728286743,
  "dynamics": 3.100954532623291,
  "format": 1245190,
  "frames": 5668864,
  "loudness": -12.264860153198242,
  "loudness_range": 8.359611511230469,
  "loudness_range_short": 9.230408668518066,
  "lowpass_true_peak_15khz": 0.40412452816963196,
  "mastering3_acoustic_entropies": [
    {
      "acoustic_entropy": 4.873078346252441,
      "acoustic_entropy_mono": 4.796372890472412,
      "band_eliminated_acoustic_entropies": [
        {
          "acoustic_entropy": 4.912412643432617,
          "acoustic_entropy_side": 4.871112823486328,
          "hz": 129.47220167065723
        },
        {
          "acoustic_entropy": 4.650363922119141,
          "acoustic_entropy_side": 4.864253997802734,
          "hz": 202.92927478742237
        },
        {
          "acoustic_entropy": 4.497918605804443,
          "acoustic_entropy_side": 4.861348628997803,
          "hz": 282.89161906338205
        },
        {
          "acoustic_entropy": 4.393311977386475,
          "acoustic_entropy_side": 4.808536052703857,
          "hz": 369.9353335868758
        },
        {
          "acoustic_entropy": 4.30755090713501,
          "acoustic_entropy_side": 4.58471155166626,
          "hz": 464.6875360973435
        },
        {
          "acoustic_entropy": 4.103397846221924,
          "acoustic_entropy_side": 4.9531707763671875,
          "hz": 567.8308811364784
        },
        {
          "acoustic_entropy": 4.8280534744262695,
          "acoustic_entropy_side": 4.889260292053223,
          "hz": 680.1084783214808
        },
        {
          "acoustic_entropy": 5.019694805145264,
          "acoustic_entropy_side": 4.853577136993408,
          "hz": 802.3292461747484
        },
        {
          "acoustic_entropy": 4.890841484069824,
          "acoustic_entropy_side": 4.89587926864624,
          "hz": 935.3737400823702
        },
        {
          "acoustic_entropy": 4.915074348449707,
          "acoustic_entropy_side": 4.944505214691162,
          "hz": 1080.2004963696966
        },
        {
          "acoustic_entropy": 4.969322681427002,
          "acoustic_entropy_side": 4.8433837890625,
          "hz": 1237.8529382007157
        },
        {
          "acoustic_entropy": 4.847291946411133,
          "acoustic_entropy_side": 4.814661502838135,
          "hz": 1409.4668930556702
        },
        {
          "acoustic_entropy": 4.892251968383789,
          "acoustic_entropy_side": 4.866796493530273,
          "hz": 1596.2787759475705
        },
        {
          "acoustic_entropy": 4.864567756652832,
          "acoustic_entropy_side": 4.893280029296875,
          "hz": 1799.6344973346393
        },
        {
          "acoustic_entropy": 4.973639965057373,
          "acoustic_entropy_side": 4.948493957519531,
          "hz": 2020.9991599069049
        },
        {
          "acoustic_entropy": 4.941137313842773,
          "acoustic_entropy_side": 4.915071487426758,
          "hz": 2261.9676141086993
        },
        {
          "acoustic_entropy": 4.96336555480957,
          "acoustic_entropy_side": 4.947292804718018,
          "hz": 2524.2759484456974
        },
        {
          "acoustic_entropy": 4.907543182373047,
          "acoustic_entropy_side": 4.892527103424072,
          "hz": 2809.813997359896
        },
        {
          "acoustic_entropy": 4.959168910980225,
          "acoustic_entropy_side": 4.963939666748047,
          "hz": 3120.6389567871424
        },
        {
          "acoustic_entropy": 4.969813346862793,
          "acoustic_entropy_side": 4.8983283042907715,
          "hz": 3458.990205492291
        },
        {
          "acoustic_entropy": 4.935704708099365,
          "acoustic_entropy_side": 4.967782497406006,
          "hz": 3827.305438964164
        },
        {
          "acoustic_entropy": 4.951718330383301,
          "acoustic_entropy_side": 5.011620998382568,
          "hz": 4228.238232109126
        },
        {
          "acoustic_entropy": 4.974748611450195,
          "acoustic_entropy_side": 4.934139728546143,
          "hz": 4664.6771572759235
        },
        {
          "acoustic_entropy": 4.862836837768555,
          "acoustic_entropy_side": 4.887784004211426,
          "hz": 5139.766595350093
        },
        {
          "acoustic_entropy": 4.833342552185059,
          "acoustic_entropy_side": 4.846494197845459,
          "hz": 5656.929389854203
        },
        {
          "acoustic_entropy": 4.82367467880249,
          "acoustic_entropy_side": 4.807409763336182,
          "hz": 6219.891507268283
        },
        {
          "acoustic_entropy": 4.830904483795166,
          "acoustic_entropy_side": 4.836635589599609,
          "hz": 6832.70888123896
        },
        {
          "acoustic_entropy": 4.824038028717041,
          "acoustic_entropy_side": 4.842309474945068,
          "hz": 7499.796634079867
        },
        {
          "acoustic_entropy": 4.823520660400391,
          "acoustic_entropy_side": 4.848591327667236,
          "hz": 8225.96088609342
        },
        {
          "acoustic_entropy": 4.858591079711914,
          "acoustic_entropy_side": 4.860297679901123,
          "hz": 9016.43338188839
        },
        {
          "acoustic_entropy": 4.854854106903076,
          "acoustic_entropy_side": 4.860581874847412,
          "hz": 9876.909183162974
        },
        {
          "acoustic_entropy": 4.878592491149902,
          "acoustic_entropy_side": 4.8629608154296875,
          "hz": 10813.587699516042
        },
        {
          "acoustic_entropy": 4.884026527404785,
          "acoustic_entropy_side": 4.869034767150879,
          "hz": 11833.21735289826
        },
        {
          "acoustic_entropy": 4.885480880737305,
          "acoustic_entropy_side": 4.871695041656494,
          "hz": 12943.144197493959
        },
        {
          "acoustic_entropy": 4.882508277893066,
          "acoustic_entropy_side": 4.8721394538879395,
          "hz": 14151.364845322005
        },
        {
          "acoustic_entropy": 4.875301837921143,
          "acoustic_entropy_side": 4.872746467590332,
          "hz": 15466.58407886509
        },
        {
          "acoustic_entropy": 4.874057769775391,
          "acoustic_entropy_side": 4.872972011566162,
          "hz": 16898.27756580493
        },
        {
          "acoustic_entropy": 4.873410224914551,
          "acoustic_entropy_side": 4.8730082511901855,
          "hz": 18456.760127700032
        },
        {
          "acoustic_entropy": 4.873086452484131,
          "acoustic_entropy_side": 4.87305212020874,
          "hz": 20153.260054456492
        },
        {
          "acoustic_entropy": 4.873073577880859,
          "acoustic_entropy_side": 4.873075008392334,
          "hz": 22000.00000000001
        }
      ],
      "diff_acoustic_entropy": 1.2469063997268677,
      "sn": 6
    },
    {
      "acoustic_entropy": 9.001214027404785,
      "acoustic_entropy_mono": 8.156367301940918,
      "band_eliminated_acoustic_entropies": [
        {
          "acoustic_entropy": 8.878498077392578,
          "acoustic_entropy_side": 8.91482162475586,
          "hz": 129.47220167065723
        },
        {
          "acoustic_entropy": 8.889017105102539,
          "acoustic_entropy_side": 8.745783805847168,
          "hz": 202.92927478742237
        },
        {
          "acoustic_entropy": 8.304522514343262,
          "acoustic_entropy_side": 8.782068252563477,
          "hz": 282.89161906338205
        },
        {
          "acoustic_entropy": 8.46740436553955,
          "acoustic_entropy_side": 9.040431022644043,
          "hz": 369.9353335868758
        },
        {
          "acoustic_entropy": 8.480627059936523,
          "acoustic_entropy_side": 8.6233491897583,
          "hz": 464.6875360973435
        },
        {
          "acoustic_entropy": 8.503569602966309,
          "acoustic_entropy_side": 9.05239486694336,
          "hz": 567.8308811364784
        },
        {
          "acoustic_entropy": 8.294238090515137,
          "acoustic_entropy_side": 8.683427810668945,
          "hz": 680.1084783214808
        },
        {
          "acoustic_entropy": 8.846454620361328,
          "acoustic_entropy_side": 8.91331672668457,
          "hz": 802.3292461747484
        },
        {
          "acoustic_entropy": 8.796764373779297,
          "acoustic_entropy_side": 9.004952430725098,
          "hz": 935.3737400823702
        },
        {
          "acoustic_entropy": 8.659725189208984,
          "acoustic_entropy_side": 8.65816593170166,
          "hz": 1080.2004963696966
        },
        {
          "acoustic_entropy": 8.563577651977539,
          "acoustic_entropy_side": 8.715304374694824,
          "hz": 1237.8529382007157
        },
        {
          "acoustic_entropy": 8.726142883300781,
          "acoustic_entropy_side": 8.662595748901367,
          "hz": 1409.4668930556702
        },
        {
          "acoustic_entropy": 8.817340850830078,
          "acoustic_entropy_side": 8.942704200744629,
          "hz": 1596.2787759475705
        },
        {
          "acoustic_entropy": 8.786977767944336,
          "acoustic_entropy_side": 8.978110313415527,
          "hz": 1799.6344973346393
        },
        {
          "acoustic_entropy": 9.183334350585938,
          "acoustic_entropy_side": 9.109872817993164,
          "hz": 2020.9991599069049
        },
        {
          "acoustic_entropy": 8.607486724853516,
          "acoustic_entropy_side": 8.850470542907715,
          "hz": 2261.9676141086993
        },
        {
          "acoustic_entropy": 8.609539031982422,
          "acoustic_entropy_side": 8.806923866271973,
          "hz": 2524.2759484456974
        },
        {
          "acoustic_entropy": 8.864914894104004,
          "acoustic_entropy_side": 8.744767189025879,
          "hz": 2809.813997359896
        },
        {
          "acoustic_entropy": 8.972701072692871,
          "acoustic_entropy_side": 8.861716270446777,
          "hz": 3120.6389567871424
        },
        {
          "acoustic_entropy": 9.164546966552734,
          "acoustic_entropy_side": 9.18173599243164,
          "hz": 3458.990205492291
        },
        {
          "acoustic_entropy": 8.96141529083252,
          "acoustic_entropy_side": 8.962092399597168,
          "hz": 3827.305438964164
        },
        {
          "acoustic_entropy": 9.016855239868164,
          "acoustic_entropy_side": 9.191642761230469,
          "hz": 4228.238232109126
        },
        {
          "acoustic_entropy": 8.913944244384766,
          "acoustic_entropy_side": 8.964585304260254,
          "hz": 4664.6771572759235
        },
        {
          "acoustic_entropy": 8.977880477905273,
          "acoustic_entropy_side": 8.985095024108887,
          "hz": 5139.766595350093
        },
        {
          "acoustic_entropy": 8.768144607543945,
          "acoustic_entropy_side": 8.79765510559082,
          "hz": 5656.929389854203
        },
        {
          "acoustic_entropy": 8.398195266723633,
          "acoustic_entropy_side": 8.500144004821777,
          "hz": 6219.891507268283
        },
        {
          "acoustic_entropy": 8.927311897277832,
          "acoustic_entropy_side": 8.956764221191406,
          "hz": 6832.70888123896
        },
        {
          "acoustic_entropy": 8.961447715759277,
          "acoustic_entropy_side": 8.967013359069824,
          "hz": 7499.796634079867
        },
        {
          "acoustic_entropy": 8.938484191894531,
          "acoustic_entropy_side": 8.947784423828125,
          "hz": 8225.96088609342
        },
        {
          "acoustic_entropy": 8.935343742370605,
          "acoustic_entropy_side": 8.96138858795166,
          "hz": 9016.43338188839
        },
        {
          "acoustic_entropy": 8.870460510253906,
          "acoustic_entropy_side": 8.943782806396484,
          "hz": 9876.909183162974
        },
        {
          "acoustic_entropy": 8.925993919372559,
          "acoustic_entropy_side": 8.943194389343262,
          "hz": 10813.587699516042
        },
        {
          "acoustic_entropy": 8.872528076171875,
          "acoustic_entropy_side": 8.95750617980957,
          "hz": 11833.21735289826
        },
        {
          "acoustic_entropy": 8.881918907165527,
          "acoustic_entropy_side": 8.967142105102539,
          "hz": 12943.144197493959
        },
        {
          "acoustic_entropy": 8.884394645690918,
          "acoustic_entropy_side": 8.9744234085083,
          "hz": 14151.364845322005
        },
        {
          "acoustic_entropy": 8.865706443786621,
          "acoustic_entropy_side": 8.987205505371094,
          "hz": 15466.58407886509
        },
        {
          "acoustic_entropy": 8.94441032409668,
          "acoustic_entropy_side": 8.995725631713867,
          "hz": 16898.27756580493
        },
        {
          "acoustic_entropy": 8.977179527282715,
          "acoustic_entropy_side": 8.998495101928711,
          "hz": 18456.760127700032
        },
        {
          "acoustic_entropy": 8.99472427368164,
          "acoustic_entropy_side": 8.99994945526123,
          "hz": 20153.260054456492
        },
        {
          "acoustic_entropy": 9.000606536865234,
          "acoustic_entropy_side": 9.001041412353516,
          "hz": 22000.00000000001
        }
      ],
      "diff_acoustic_entropy": 3.805335521697998,
      "sn": 12
    },
    {
      "acoustic_entropy": 14.541081428527832,
      "acoustic_entropy_mono": 13.030267715454102,
      "band_eliminated_acoustic_entropies": [
        {
          "acoustic_entropy": 13.810461044311523,
          "acoustic_entropy_side": 14.89990520477295,
          "hz": 129.47220167065723
        },
        {
          "acoustic_entropy": 14.739903450012207,
          "acoustic_entropy_side": 14.829014778137207,
          "hz": 202.92927478742237
        },
        {
          "acoustic_entropy": 14.646401405334473,
          "acoustic_entropy_side": 14.477508544921875,
          "hz": 282.89161906338205
        },
        {
          "acoustic_entropy": 15.418940544128418,
          "acoustic_entropy_side": 14.948779106140137,
          "hz": 369.9353335868758
        },
        {
          "acoustic_entropy": 14.64903736114502,
          "acoustic_entropy_side": 15.283146858215332,
          "hz": 464.6875360973435
        },
        {
          "acoustic_entropy": 15.589800834655762,
          "acoustic_entropy_side": 15.43491268157959,
          "hz": 567.8308811364784
        },
        {
          "acoustic_entropy": 14.582837104797363,
          "acoustic_entropy_side": 14.185504913330078,
          "hz": 680.1084783214808
        },
        {
          "acoustic_entropy": 15.199612617492676,
          "acoustic_entropy_side": 14.839564323425293,
          "hz": 802.3292461747484
        },
        {
          "acoustic_entropy": 14.420784950256348,
          "acoustic_entropy_side": 14.582621574401855,
          "hz": 935.3737400823702
        },
        {
          "acoustic_entropy": 14.298135757446289,
          "acoustic_entropy_side": 14.706781387329102,
          "hz": 1080.2004963696966
        },
        {
          "acoustic_entropy": 14.820572853088379,
          "acoustic_entropy_side": 14.406962394714355,
          "hz": 1237.8529382007157
        },
        {
          "acoustic_entropy": 15.228982925415039,
          "acoustic_entropy_side": 14.859943389892578,
          "hz": 1409.4668930556702
        },
        {
          "acoustic_entropy": 14.670767784118652,
          "acoustic_entropy_side": 14.587059020996094,
          "hz": 1596.2787759475705
        },
        {
          "acoustic_entropy": 15.260619163513184,
          "acoustic_entropy_side": 14.75829029083252,
          "hz": 1799.6344973346393
        },
        {
          "acoustic_entropy": 14.865925788879395,
          "acoustic_entropy_side": 14.99039363861084,
          "hz": 2020.9991599069049
        },
        {
          "acoustic_entropy": 14.548887252807617,
          "acoustic_entropy_side": 14.443524360656738,
          "hz": 2261.9676141086993
        },
        {
          "acoustic_entropy": 14.901169776916504,
          "acoustic_entropy_side": 14.981764793395996,
          "hz": 2524.2759484456974
        },
        {
          "acoustic_entropy": 14.8254976272583,
          "acoustic_entropy_side": 14.789421081542969,
          "hz": 2809.813997359896
        },
        {
          "acoustic_entropy": 14.525174140930176,
          "acoustic_entropy_side": 14.543336868286133,
