{
  "acoustic_entropy": 214.65370178222656,
  "bands": [
    {
      "high_freq": 148.1999969482422,
      "loudness": -20.315523147583008,
      "loudness_range": 19.43955421447754,
      "mid_mean": -16.562652587890625,
      "mid_to_side_loudness": -26.20135498046875,
      "mid_to_side_loudness_range": 40.16837692260742,
      "side_mean": -46.014244079589844
    },
    {
      "high_freq": 392.3793640136719,
      "loudness": -23.57755470275879,
      "loudness_range": 12.509819030761719,
      "low_freq": 148.1999969482422,
      "mid_mean": -20.657726287841797,
      "mid_to_side_loudness": -12.022168159484863,
      "mid_to_side_loudness_range": 24.61417007446289,
      "side_mean": -32.60499954223633
    },
    {
      "high_freq": 794.6976318359375,
      "loudness": -23.623510360717773,
      "loudness_range": 11.99055290222168,
      "low_freq": 392.3793640136719,
      "mid_mean": -21.018672943115234,
      "mid_to_side_loudness": -7.214087009429932,
      "mid_to_side_loudness_range": 13.01561164855957,
      "side_mean": -28.13825798034668
    },
    {
      "high_freq": 1457.5709228515625,
      "loudness": -23.333885192871094,
      "loudness_range": 12.006050109863281,
      "low_freq": 794.6976318359375,
      "mid_mean": -20.863534927368164,
      "mid_to_side_loudness": -7.089860916137695,
      "mid_to_side_loudness_range": 14.528270721435547,
      "side_mean": -27.922481536865234
    },
    {
      "high_freq": 2549.74365234375,
      "loudness": -23.020584106445312,
      "loudness_range": 11.977724075317383,
      "low_freq": 1457.5709228515625,
      "mid_mean": -20.252140045166016,
      "mid_to_side_loudness": -8.324504852294922,
      "mid_to_side_loudness_range": 14.037521362304688,
      "side_mean": -28.508544921875
    },
    {
      "high_freq": 4349.24462890625,
      "loudness": -24.534557342529297,
      "loudness_range": 10.854063034057617,
      "low_freq": 2549.74365234375,
      "mid_mean": -21.666976928710938,
      "mid_to_side_loudness": -8.769280433654785,
      "mid_to_side_loudness_range": 13.912864685058594,
      "side_mean": -30.334232330322266
    },
    {
      "high_freq": 7314.1640625,
      "loudness": -25.753917694091797,
      "loudness_range": 13.215818405151367,
      "low_freq": 4349.24462890625,
      "mid_mean": -22.810867309570312,
      "mid_to_side_loudness": -8.84725284576416,
      "mid_to_side_loudness_range": 13.266385078430176,
      "side_mean": -31.693002700805664
    },
    {
      "high_freq": 12199.2666015625,
      "loudness": -28.615991592407227,
      "loudness_range": 15.23099136352539,
      "low_freq": 7314.1640625,
      "mid_mean": -25.51349449157715,
      "mid_to_side_loudness": -9.854256629943848,
      "mid_to_side_loudness_range": 14.033306121826172,
      "side_mean": -35.534690856933594
    },
    {
      "loudness": -32.36978530883789,
      "loudness_range": 12.262577056884766,
      "low_freq": 12199.2666015625,
      "mid_mean": -29.268932342529297,
      "mid_to_side_loudness": -8.680256843566895,
      "mid_to_side_loudness_range": 12.278546333312988,
      "side_mean": -38.438350677490234
    }
  ],
  "bands_short": [
    {
      "high_freq": 148.1999969482422,
      "loudness": -23.314342498779297,
      "loudness_range": 29.44962501525879,
      "mid_mean": -19.906585693359375,
      "mid_to_side_loudness": -22.995832443237305,
      "mid_to_side_loudness_range": 42.56559371948242,
      "side_mean": -53.21751403808594
    },
    {
      "high_freq": 392.3793640136719,
      "loudness": -24.513517379760742,
      "loudness_range": 19.14361572265625,
      "low_freq": 148.1999969482422,
      "mid_mean": -21.70591926574707,
      "mid_to_side_loudness": -10.625611305236816,
      "mid_to_side_loudness_range": 26.54986000061035,
      "side_mean": -34.25143814086914
    },
    {
      "high_freq": 794.6976318359375,
      "loudness": -25.378156661987305,
      "loudness_range": 15.35671615600586,
      "low_freq": 392.3793640136719,
      "mid_mean": -23.151540756225586,
      "mid_to_side_loudness": -6.345228672027588,
      "mid_to_side_loudness_range": 18.67285919189453,
      "side_mean": -29.9094295501709
    },
    {
      "high_freq": 1457.5709228515625,
      "loudness": -24.50823211669922,
      "loudness_range": 17.72279167175293,
      "low_freq": 794.6976318359375,
      "mid_mean": -22.398073196411133,
      "mid_to_side_loudness": -5.893665790557861,
      "mid_to_side_loudness_range": 17.6986026763916,
      "side_mean": -28.55768394470215
    },
    {
      "high_freq": 2549.74365234375,
      "loudness": -24.94894790649414,
      "loudness_range": 18.73125457763672,
      "low_freq": 1457.5709228515625,
      "mid_mean": -22.55338478088379,
      "mid_to_side_loudness": -6.8080010414123535,
      "mid_to_side_loudness_range": 16.9599666595459,
      "side_mean": -29.75324249267578
    },
    {
      "high_freq": 4349.24462890625,
      "loudness": -26.58722686767578,
      "loudness_range": 18.297550201416016,
      "low_freq": 2549.74365234375,
      "mid_mean": -24.05229949951172,
      "mid_to_side_loudness": -7.08979606628418,
      "mid_to_side_loudness_range": 16.356182098388672,
      "side_mean": -31.564680099487305
    },
    {
      "high_freq": 7314.1640625,
      "loudness": -28.284345626831055,
      "loudness_range": 20.705461502075195,
      "low_freq": 4349.24462890625,
      "mid_mean": -25.62234115600586,
      "mid_to_side_loudness": -7.725915431976318,
      "mid_to_side_loudness_range": 16.651382446289062,
      "side_mean": -34.04441452026367
    },
    {
      "high_freq": 12199.2666015625,
      "loudness": -31.820663452148438,
      "loudness_range": 23.997249603271484,
      "low_freq": 7314.1640625,
      "mid_mean": -28.900224685668945,
      "mid_to_side_loudness": -8.943998336791992,
      "mid_to_side_loudness_range": 18.051061630249023,
      "side_mean": -39.16256332397461
    },
    {
      "loudness": -38.18019104003906,
      "loudness_range": 29.84067153930664,
      "low_freq": 12199.2666015625,
      "mid_mean": -35.25053787231445,
      "mid_to_side_loudness": -9.427467346191406,
      "mid_to_side_loudness_range": 20.724416732788086,
      "side_mean": -46.3192138671875
    }
  ],
  "bandwidth": 599.4161376953125,
  "channels": 2,
  "covariance": [
    [
      50.54958724975586,
      8.420679092407227,
      17.19573974609375,
      0.3548871576786041,
      10.538217544555664,
      5.074643611907959,
      -0.36480510234832764,
      -1.656850814819336,
      6.799994945526123,
      10.772706985473633,
      8.615676879882812,
      9.233463287353516,
      13.813427925109863,
      13.36744213104248,
      16.457256317138672,
      18.528091430664062,
      17.27776336669922,
      22.666168212890625
    ],
    [
      8.420679092407227,
      121.95030975341797,
      2.5665290355682373,
      38.74526596069336,
      -1.5901610851287842,
      12.789591789245605,
      -3.4705100059509277,
      12.939409255981445,
      -6.061893939971924,
      10.679593086242676,
      -0.2655428647994995,
      16.228544235229492,
      3.754173755645752,
      12.302762985229492,
      3.718215227127075,
      6.738433361053467,
      0.5877537727355957,
      -3.612971067428589
    ],
    [
      17.19573974609375,
      2.5665290355682373,
      26.461868286132812,
      3.9454948902130127,
      9.826679229736328,
      1.2032850980758667,
      6.0087571144104,
      -3.0433990955352783,
      12.638938903808594,
      5.564666271209717,
      12.437495231628418,
      3.4882795810699463,
      15.560359001159668,
      6.965256214141846,
      19.85740089416504,
      12.485383987426758,
      15.017189979553223,
      20.36208152770996
    ],
    [
      0.3548871576786041,
      38.74526596069336,
      3.9454948902130127,
      44.276947021484375,
      4.298762798309326,
      16.35853385925293,
      1.1066699028015137,
      11.221879005432129,
      1.4180556535720825,
      10.86361026763916,
      1.6709321737289429,
      11.768662452697754,
      1.3933660984039307,
      7.743099689483643,
      1.1106312274932861,
      4.073427677154541,
      0.24712273478507996,
      -4.2018537521362305
    ],
    [
      10.538217544555664,
      -1.5901610851287842,
      9.826679229736328,
      4.298762798309326,
      22.122421264648438,
      13.663358688354492,
      10.216320037841797,
      5.56984281539917,
      11.986888885498047,
      11.129096031188965,
      8.860702514648438,
      7.6141180992126465,
      9.485871315002441,
      7.3277907371521,
      10.00049877166748,
      8.471089363098145,
      7.596980571746826,
      7.383149147033691
    ],
    [
      5.074643611907959,
      12.789591789245605,
      1.2032850980758667,
      16.35853385925293,
      13.663358688354492,
      26.715181350708008,
      6.787356376647949,
      16.885046005249023,
      4.682947635650635,
      16.221952438354492,
      4.186801910400391,
      14.514870643615723,
      3.5103471279144287,
      10.604588508605957,
      3.8394384384155273,
      8.693845748901367,
      3.1776070594787598,
      0.5952418446540833
    ],
    [
      -0.36480510234832764,
      -3.4705100059509277,
      6.0087571144104,
      1.1066699028015137,
      10.216320037841797,
      6.787356376647949,
      21.8145694732666,
      10.525702476501465,
      12.405841827392578,
      7.066585540771484,
      9.795766830444336,
      5.213006019592285,
      7.95665979385376,
      4.632848262786865,
      9.191082954406738,
      6.006909370422363,
      6.565708637237549,
      7.6706156730651855
    ],
    [
      -1.656850814819336,
      12.939409255981445,
      -3.0433990955352783,
      11.221879005432129,
      5.56984281539917,
      16.885046005249023,
      10.525702476501465,
      29.683149337768555,
      2.5283775329589844,
      18.582881927490234,
      3.2972965240478516,
      18.852497100830078,
      0.02507004700601101,
      12.709610939025879,
      -0.2977217733860016,
      9.294000625610352,
      1.2404366731643677,
      -0.08768307417631149
    ],
    [
      6.799994945526123,
      -6.061893939971924,
      12.638938903808594,
      1.4180556535720825,
      11.986888885498047,
      4.682947635650635,
      12.405841827392578,
      2.5283775329589844,
      23.7672061920166,
      12.98428726196289,
      14.984694480895996,
      6.3889079093933105,
      12.866790771484375,
      5.7247233390808105,
      15.762182235717773,
      8.6696195602417,
      10.948674201965332,
      11.523429870605469
    ],
    [
      10.772706985473633,
      10.679593086242676,
      5.564666271209717,
      10.86361026763916,
      11.129096031188965,
      16.221952438354492,
      7.066585540771484,
      18.582881927490234,
      12.98428726196289,
      30.042661666870117,
      9.530790328979492,
      22.49825096130371,
      7.432352542877197,
      16.05965805053711,
      8.793807029724121,
      14.668305397033691,
      6.791191101074219,
      5.070564270019531
    ],
    [
      8.615676879882812,
      -0.2655428647994995,
      12.437495231628418,
      1.6709321737289429,
      8.860702514648438,
      4.186801910400391,
      9.795766830444336,
      3.2972965240478516,
      14.984694480895996,
      9.530790328979492,
      17.910024642944336,
      9.315427780151367,
      16.280216217041016,
      9.7427339553833,
      18.100412368774414,
      12.127610206604004,
      12.70020866394043,
      14.588508605957031
    ],
    [
      9.233463287353516,
      16.228544235229492,
      3.4882795810699463,
      11.768662452697754,
      7.6141180992126465,
      14.514870643615723,
      5.213006019592285,
      18.852497100830078,
      6.3889079093933105,
      22.49825096130371,
      9.315427780151367,
      25.60394287109375,
      7.605424404144287,
      19.839216232299805,
      8.005720138549805,
      17.008129119873047,
      6.288310527801514,
      5.2156453132629395
    ],
    [
      13.813427925109863,
      3.754173755645752,
      15.560359001159668,
      1.3933660984039307,
      9.485871315002441,
      3.5103471279144287,
      7.95665979385376,
      0.02507004700601101,
      12.866790771484375,
      7.432352542877197,
      16.280216217041016,
      7.605424404144287,
      23.90757942199707,
      13.214616775512695,
      26.34516716003418,
      16.71893310546875,
      18.474145889282227,
      18.607707977294922
    ],
    [
      13.36744213104248,
      12.302762985229492,
      6.965256214141846,
      7.743099689483643,
      7.3277907371521,
      10.604588508605957,
      4.632848262786865,
      12.709610939025879,
      5.7247233390808105,
      16.05965805053711,
      9.7427339553833,
      19.839216232299805,
      13.214616775512695,
      22.554412841796875,
      15.037252426147461,
      22.16403579711914,
      11.75386905670166,
      12.21994400024414
    ],
    [
      16.457256317138672,
      3.718215227127075,
      19.85740089416504,
      1.1106312274932861,
      10.00049877166748,
      3.8394384384155273,
      9.191082954406738,
      -0.2977217733860016,
      15.762182235717773,
      8.793807029724121,
      18.100412368774414,
      8.005720138549805,
      26.34516716003418,
      15.037252426147461,
      36.64950942993164,
      22.365873336791992,
      23.55335807800293,
      27.759841918945312
    ],
    [
      18.528091430664062,
      6.738433361053467,
      12.485383987426758,
      4.073427677154541,
      8.471089363098145,
      8.693845748901367,
      6.006909370422363,
      9.294000625610352,
      8.6696195602417,
      14.668305397033691,
      12.127610206604004,
      17.008129119873047,
      16.71893310546875,
      22.16403579711914,
      22.365873336791992,
      29.497352600097656,
      17.17353630065918,
      23.66101837158203
    ],
    [
      17.27776336669922,
      0.5877537727355957,
      15.017189979553223,
      0.24712273478507996,
      7.596980571746826,
      3.1776070594787598,
      6.565708637237549,
      1.2404366731643677,
      10.948674201965332,
      6.791191101074219,
      12.70020866394043,
      6.288310527801514,
      18.474145889282227,
      11.75386905670166,
      23.55335807800293,
      17.17353630065918,
      32.83251953125,
      22.167612075805664
    ],
    [
      22.666168212890625,
      -3.612971067428589,
      20.36208152770996,
      -4.2018537521362305,
      7.383149147033691,
      0.5952418446540833,
      7.6706156730651855,
      -0.08768307417631149,
      11.523429870605469,
      5.070564270019531,
      14.588508605957031,
      5.2156453132629395,
      18.607707977294922,
      12.21994400024414,
      27.759841918945312,
      23.66101837158203,
      22.167612075805664,
      47.64691162109375
    ]
  ],
  "covariance_short": [
    [
      99.72891998291016,
      13.38828182220459,
      37.11634063720703,
      6.170053005218506,
      16.517322540283203,
      8.26395034790039,
      -0.7717073559761047,
      1.1636627912521362,
      8.313493728637695,
      16.450830459594727,
      10.202032089233398,
      14.926018714904785,
      17.32039451599121,
      20.211257934570312,
      23.5657901763916,
      26.82355308532715,
      39.851051330566406,
      43.94937515258789
    ],
    [
      13.38828182220459,
      154.9794464111328,
      14.605189323425293,
      55.922672271728516,
      6.7413506507873535,
      23.22256851196289,
      4.788992881774902,
      21.136566162109375,
      2.016312599182129,
      18.294275283813477,
      8.325277328491211,
      26.111555099487305,
      11.025833129882812,
      25.53116798400879,
      7.639194965362549,
      19.702392578125,
      5.298480033874512,
      14.77615737915039
    ],
    [
      37.11634063720703,
      14.605189323425293,
      55.405948638916016,
      10.98778247833252,
      16.35430908203125,
      2.2625558376312256,
      6.06410026550293,
      0.25307220220565796,
      13.319009780883789,
      8.515090942382812,
      16.62200927734375,
      9.305474281311035,
      19.834470748901367,
      13.046399116516113,
      24.313173294067383,
      19.454635620117188,
      33.533267974853516,
      34.47254943847656
    ],
    [
      6.170053005218506,
      55.922672271728516,
      10.98778247833252,
      68.07449340820312,
      9.060744285583496,
      26.899133682250977,
      5.627687931060791,
      18.315431594848633,
      6.028701305389404,
      17.121639251708984,
      6.649486541748047,
      19.43357276916504,
      4.660292625427246,
      16.891887664794922,
      2.5185160636901855,
      13.58970832824707,
      -0.23792991042137146,
      6.991620063781738
    ],
    [
      16.517322540283203,
      6.7413506507873535,
      16.35430908203125,
      9.060744285583496,
      38.7798957824707,
      17.72957992553711,
      19.998062133789062,
      10.9419584274292,
      23.331567764282227,
      16.373029708862305,
      17.89015769958496,
      12.428540229797363,
      14.057577133178711,
      12.395827293395996,
      13.662073135375977,
      13.135986328125,
      17.25739860534668,
      20.921358108520508
    ],
    [
      8.26395034790039,
      23.22256851196289,
      2.2625558376312256,
      26.899133682250977,
      17.72957992553711,
      43.05549240112305,
      16.025423049926758,
      26.595741271972656,
      12.729926109313965,
      24.01433563232422,
      10.863322257995605,
      22.100236892700195,
      6.723080158233643,
      20.398258209228516,
      4.538610458374023,
      17.270992279052734,
      4.005278587341309,
      13.554634094238281
    ],
    [
      -0.7717073559761047,
      4.788992881774902,
      6.06410026550293,
      5.627687931060791,
      19.998062133789062,
      16.025423049926758,
      47.908668518066406,
      23.578475952148438,
      31.1127872467041,
      17.423276901245117,
      24.202922821044922,
      14.312860488891602,
      17.25676727294922,
      13.563522338867188,
      17.070497512817383,
      15.135353088378906,
      17.249462127685547,
      24.879730224609375
    ],
    [
      1.1636627912521362,
      21.136566162109375,
      0.25307220220565796,
      18.315431594848633,
      10.9419584274292,
      26.595741271972656,
      23.578475952148438,
      44.28178024291992,
      12.957464218139648,
      27.066143035888672,
      12.441628456115723,
      26.464326858520508,
      6.574703693389893,
      23.444629669189453,
      4.152214527130127,
      20.62383270263672,
      3.427805185317993,
      16.16541290283203
    ],
    [
      8.313493728637695,
      2.016312599182129,
      13.319009780883789,
      6.028701305389404,
      23.331567764282227,
      12.729926109313965,
      31.1127872467041,
      12.957464218139648,
      52.224971771240234,
      26.001813888549805,
      35.338069915771484,
      17.52383041381836,
      26.0152530670166,
      16.257814407348633,
      26.794675827026367,
      18.722074508666992,
      27.808273315429688,
      30.457748413085938
    ],
    [
      16.450830459594727,
      18.294275283813477,
      8.515090942382812,
      17.121639251708984,
      16.373029708862305,
      24.01433563232422,
      17.423276901245117,
      27.066143035888672,
      26.001813888549805,
      43.473609924316406,
      20.203832626342773,
      31.56466293334961,
      14.332131385803223,
      27.299463272094727,
      13.37693977355957,
      25.681764602661133,
      15.709936141967773,
      25.094114303588867
    ],
    [
      10.202032089233398,
      8.325277328491211,
      16.62200927734375,
      6.649486541748047,
      17.89015769958496,
      10.863322257995605,
      24.202922821044922,
      12.441628456115723,
      35.338069915771484,
      20.203832626342773,
      47.42774963378906,
      24.419084548950195,
      39.99844741821289,
      28.079792022705078,
      39.110469818115234,
      31.80694007873535,
      39.5003776550293,
      44.08479309082031
    ],
    [
      14.926018714904785,
      26.111555099487305,
      9.305474281311035,
      19.43357276916504,
      12.428540229797363,
      22.100236892700195,
      14.312860488891602,
      26.464326858520508,
      17.52383041381836,
      31.56466293334961,
      24.419084548950195,
      41.84950256347656,
      20.53777313232422,
      39.12821578979492,
      19.156536102294922,
      37.048885345458984,
      20.982866287231445,
      35.45917892456055
    ],
    [
      17.32039451599121,
      11.025833129882812,
      19.834470748901367,
      4.660292625427246,
      14.057577133178711,
      6.723080158233643,
      17.25676727294922,
      6.574703693389893,
      26.0152530670166,
      14.332131385803223,
      39.99844741821289,
      20.53777313232422,
      56.28700256347656,
      33.61167907714844,
      55.01103973388672,
      40.09451675415039,
      56.84494400024414,
      54.22706604003906
    ],
    [
      20.211257934570312,
      25.53116798400879,
      13.046399116516113,
      16.891887664794922,
      12.395827293395996,
      20.398258209228516,
      13.563522338867188,
      23.444629669189453,
      16.257814407348633,
      27.299463272094727,
      28.079792022705078,
      39.12821578979492,
      33.61167907714844,
      54.957618713378906,
      33.798728942871094,
      54.82062911987305,
      37.08650207519531,
      56.56950759887695
    ],
    [
      23.5657901763916,
      7.639194965362549,
      24.313173294067383,
      2.5185160636901855,
      13.662073135375977,
      4.538610458374023,
      17.070497512817383,
      4.152214527130127,
      26.794675827026367,
      13.37693977355957,
      39.110469818115234,
      19.156536102294922,
      55.01103973388672,
      33.798728942871094,
      72.5744857788086,
      46.22480773925781,
      75.46623992919922,
      65.94966125488281
    ],
    [
      26.82355308532715,
      19.702392578125,
      19.454635620117188,
      13.58970832824707,
      13.135986328125,
      17.270992279052734,
      15.135353088378906,
      20.62383270263672,
      18.722074508666992,
      25.681764602661133,
      31.80694007873535,
      37.048885345458984,
      40.09451675415039,
      54.82062911987305,
      46.22480773925781,
      74.59799194335938,
      51.952640533447266,
      79.65631866455078
    ],
    [
      39.851051330566406,
      5.298480033874512,
      33.533267974853516,
      -0.23792991042137146,
      17.25739860534668,
      4.005278587341309,
      17.249462127685547,
      3.427805185317993,
      27.808273315429688,
      15.709936141967773,
      39.5003776550293,
      20.982866287231445,
      56.84494400024414,
      37.08650207519531,
      75.46623992919922,
      51.952640533447266,
      103.04460144042969,
      85.67689514160156
    ],
    [
      43.94937515258789,
      14.77615737915039,
      34.47254943847656,
      6.991620063781738,
      20.921358108520508,
      13.554634094238281,
      24.879730224609375,
      16.16541290283203,
      30.457748413085938,
      25.094114303588867,
      44.08479309082031,
      35.45917892456055,
      54.22706604003906,
      56.56950759887695,
      65.94966125488281,
      79.65631866455078,
      85.67689514160156,
      135.7996826171875
    ]
  ],
  "damage": -5.167602062225342,
  "diff_bandwidth": 606.4376220703125,
  "dissonance": 10.209766763891343,
  "drr": 15.662018775939941,
  "dynamics": 2.9610016345977783,
  "format": 1245190,
  "frames": 10007488,
  "loudness": -9.943629264831543,
  "loudness_range": 7.142828941345215,
  "loudness_range_short": 11.707335472106934,
  "lowpass_true_peak_15khz": 0.7204101085662842,
  "mastering3_acoustic_entropies": [
    {
      "acoustic_entropy": 7.3745317459106445,
      "acoustic_entropy_mono": 6.560336112976074,
      "band_eliminated_acoustic_entropies": [
        {
          "acoustic_entropy": 7.175571918487549,
          "acoustic_entropy_side": 7.374629974365234,
          "hz": 129.47220167065723
        },
        {
          "acoustic_entropy": 7.153696537017822,
          "acoustic_entropy_side": 7.377154350280762,
          "hz": 202.92927478742237
        },
        {
          "acoustic_entropy": 7.417556285858154,
          "acoustic_entropy_side": 7.3723978996276855,
          "hz": 282.89161906338205
        },
        {
          "acoustic_entropy": 7.322350978851318,
          "acoustic_entropy_side": 7.33830451965332,
          "hz": 369.9353335868758
        },
        {
          "acoustic_entropy": 7.338630676269531,
          "acoustic_entropy_side": 7.40573263168335,
          "hz": 464.6875360973435
        },
        {
          "acoustic_entropy": 7.494833469390869,
          "acoustic_entropy_side": 7.383790969848633,
          "hz": 567.8308811364784
        },
        {
          "acoustic_entropy": 6.845600128173828,
          "acoustic_entropy_side": 7.367560863494873,
          "hz": 680.1084783214808
        },
        {
          "acoustic_entropy": 8.028127670288086,
          "acoustic_entropy_side": 7.350703239440918,
          "hz": 802.3292461747484
        },
        {
          "acoustic_entropy": 6.734580039978027,
          "acoustic_entropy_side": 7.34113883972168,
          "hz": 935.3737400823702
        },
        {
          "acoustic_entropy": 7.38606595993042,
          "acoustic_entropy_side": 7.111652374267578,
          "hz": 1080.2004963696966
        },
        {
          "acoustic_entropy": 7.52736759185791,
          "acoustic_entropy_side": 7.207672595977783,
          "hz": 1237.8529382007157
        },
        {
          "acoustic_entropy": 7.170091152191162,
          "acoustic_entropy_side": 7.132287979125977,
          "hz": 1409.4668930556702
        },
        {
          "acoustic_entropy": 7.228344917297363,
          "acoustic_entropy_side": 7.496336936950684,
          "hz": 1596.2787759475705
        },
        {
          "acoustic_entropy": 7.262430191040039,
          "acoustic_entropy_side": 7.491606712341309,
          "hz": 1799.6344973346393
        },
        {
          "acoustic_entropy": 7.254131317138672,
          "acoustic_entropy_side": 7.407797336578369,
          "hz": 2020.9991599069049
        },
        {
          "acoustic_entropy": 6.87045955657959,
          "acoustic_entropy_side": 7.227453231811523,
          "hz": 2261.9676141086993
        },
        {
          "acoustic_entropy": 7.354395389556885,
          "acoustic_entropy_side": 7.324027061462402,
          "hz": 2524.2759484456974
        },
        {
          "acoustic_entropy": 7.537275314331055,
          "acoustic_entropy_side": 7.370974063873291,
          "hz": 2809.813997359896
        },
        {
          "acoustic_entropy": 7.514323711395264,
          "acoustic_entropy_side": 7.401698589324951,
          "hz": 3120.6389567871424
        },
        {
          "acoustic_entropy": 7.425915241241455,
          "acoustic_entropy_side": 7.438790798187256,
          "hz": 3458.990205492291
        },
        {
          "acoustic_entropy": 7.4640421867370605,
          "acoustic_entropy_side": 7.429187297821045,
          "hz": 3827.305438964164
        },
        {
          "acoustic_entropy": 7.288686275482178,
          "acoustic_entropy_side": 7.3926310539245605,
          "hz": 4228.238232109126
        },
        {
          "acoustic_entropy": 7.445288181304932,
          "acoustic_entropy_side": 7.4353461265563965,
          "hz": 4664.6771572759235
        },
        {
          "acoustic_entropy": 7.4132161140441895,
          "acoustic_entropy_side": 7.407094478607178,
          "hz": 5139.766595350093
        },
        {
          "acoustic_entropy": 7.397543430328369,
          "acoustic_entropy_side": 7.392540454864502,
          "hz": 5656.929389854203
        },
        {
          "acoustic_entropy": 7.406335830688477,
          "acoustic_entropy_side": 7.395940780639648,
          "hz": 6219.891507268283
        },
        {
          "acoustic_entropy": 7.352420330047607,
          "acoustic_entropy_side": 7.363644123077393,
          "hz": 6832.70888123896
        },
        {
          "acoustic_entropy": 7.366345405578613,
          "acoustic_entropy_side": 7.373728275299072,
          "hz": 7499.796634079867
        },
        {
          "acoustic_entropy": 7.288472652435303,
          "acoustic_entropy_side": 7.382003307342529,
          "hz": 8225.96088609342
        },
        {
          "acoustic_entropy": 7.272549152374268,
          "acoustic_entropy_side": 7.374308109283447,
          "hz": 9016.43338188839
        },
        {
          "acoustic_entropy": 7.307213306427002,
          "acoustic_entropy_side": 7.384994983673096,
          "hz": 9876.909183162974
        },
        {
          "acoustic_entropy": 7.359293460845947,
          "acoustic_entropy_side": 7.393835544586182,
          "hz": 10813.587699516042
        },
        {
          "acoustic_entropy": 7.434954643249512,
          "acoustic_entropy_side": 7.4057297706604,
          "hz": 11833.21735289826
        },
        {
          "acoustic_entropy": 7.446113586425781,
          "acoustic_entropy_side": 7.398735523223877,
          "hz": 12943.144197493959
        },
        {
          "acoustic_entropy": 7.503433704376221,
          "acoustic_entropy_side": 7.407591819763184,
          "hz": 14151.364845322005
        },
        {
          "acoustic_entropy": 7.4737935066223145,
          "acoustic_entropy_side": 7.419858932495117,
          "hz": 15466.58407886509
        },
        {
          "acoustic_entropy": 7.471978664398193,
          "acoustic_entropy_side": 7.425151348114014,
          "hz": 16898.27756580493
        },
        {
          "acoustic_entropy": 7.482138156890869,
          "acoustic_entropy_side": 7.419328689575195,
          "hz": 18456.760127700032
        },
        {
          "acoustic_entropy": 7.461948394775391,
          "acoustic_entropy_side": 7.396337509155273,
          "hz": 20153.260054456492
        },
        {
          "acoustic_entropy": 7.42754602432251,
          "acoustic_entropy_side": 7.381647109985352,
          "hz": 22000.00000000001
        }
      ],
      "diff_acoustic_entropy": 8.91342830657959,
      "sn": 6
    },
    {
      "acoustic_entropy": 12.315484046936035,
      "acoustic_entropy_mono": 11.35106086730957,
      "band_eliminated_acoustic_entropies": [
        {
          "acoustic_entropy": 11.931417465209961,
          "acoustic_entropy_side": 12.317411422729492,
          "hz": 129.47220167065723
        },
        {
          "acoustic_entropy": 12.508758544921875,
          "acoustic_entropy_side": 12.339683532714844,
          "hz": 202.92927478742237
        },
        {
          "acoustic_entropy": 11.920463562011719,
          "acoustic_entropy_side": 12.237713813781738,
          "hz": 282.89161906338205
        },
        {
          "acoustic_entropy": 12.156434059143066,
          "acoustic_entropy_side": 12.222187042236328,
          "hz": 369.9353335868758
        },
        {
          "acoustic_entropy": 12.410724639892578,
          "acoustic_entropy_side": 12.368712425231934,
          "hz": 464.6875360973435
        },
        {
          "acoustic_entropy": 12.151385307312012,
          "acoustic_entropy_side": 12.138826370239258,
          "hz": 567.8308811364784
        },
        {
          "acoustic_entropy": 13.095181465148926,
          "acoustic_entropy_side": 12.197482109069824,
          "hz": 680.1084783214808
        },
        {
          "acoustic_entropy": 13.35897445678711,
          "acoustic_entropy_side": 12.599369049072266,
          "hz": 802.3292461747484
        },
        {
          "acoustic_entropy": 12.229963302612305,
          "acoustic_entropy_side": 12.735491752624512,
          "hz": 935.3737400823702
        },
        {
          "acoustic_entropy": 12.068648338317871,
          "acoustic_entropy_side": 12.884627342224121,
          "hz": 1080.2004963696966
        },
        {
          "acoustic_entropy": 11.66336441040039,
          "acoustic_entropy_side": 11.83029842376709,
          "hz": 1237.8529382007157
        },
        {
          "acoustic_entropy": 11.875300407409668,
          "acoustic_entropy_side": 11.692399024963379,
          "hz": 1409.4668930556702
        },
        {
          "acoustic_entropy": 12.02505874633789,
          "acoustic_entropy_side": 12.105585098266602,
          "hz": 1596.2787759475705
        },
        {
          "acoustic_entropy": 12.689955711364746,
          "acoustic_entropy_side": 12.592541694641113,
          "hz": 1799.6344973346393
        },
        {
          "acoustic_entropy": 12.582015037536621,
          "acoustic_entropy_side": 12.358667373657227,
          "hz": 2020.9991599069049
        },
        {
          "acoustic_entropy": 11.872760772705078,
          "acoustic_entropy_side": 12.019876480102539,
          "hz": 2261.9676141086993
        },
        {
          "acoustic_entropy": 12.199501991271973,
          "acoustic_entropy_side": 12.164361953735352,
          "hz": 2524.2759484456974
        },
        {
          "acoustic_entropy": 12.211587905883789,
          "acoustic_entropy_side": 12.20720100402832,
          "hz": 2809.813997359896
        },
        {
          "acoustic_entropy": 12.337554931640625,
          "acoustic_entropy_side": 12.261176109313965,
          "hz": 3120.6389567871424
        },
        {
          "acoustic_entropy": 12.208745956420898,
          "acoustic_entropy_side": 12.246589660644531,
          "hz": 3458.990205492291
        },
        {
          "acoustic_entropy": 12.328577041625977,
          "acoustic_entropy_side": 12.229033470153809,
          "hz": 3827.305438964164
        },
        {
          "acoustic_entropy": 12.017508506774902,
          "acoustic_entropy_side": 12.100939750671387,
          "hz": 4228.238232109126
        },
        {
          "acoustic_entropy": 12.36368465423584,
          "acoustic_entropy_side": 12.280817031860352,
          "hz": 4664.6771572759235
        },
        {
          "acoustic_entropy": 12.285820960998535,
          "acoustic_entropy_side": 12.212305068969727,
          "hz": 5139.766595350093
        },
        {
          "acoustic_entropy": 12.16462230682373,
          "acoustic_entropy_side": 12.192602157592773,
          "hz": 5656.929389854203
        },
        {
          "acoustic_entropy": 12.097638130187988,
          "acoustic_entropy_side": 12.156904220581055,
          "hz": 6219.891507268283
        },
        {
          "acoustic_entropy": 12.244036674499512,
          "acoustic_entropy_side": 12.276032447814941,
          "hz": 6832.70888123896
        },
        {
          "acoustic_entropy": 12.180530548095703,
          "acoustic_entropy_side": 12.215019226074219,
          "hz": 7499.796634079867
        },
        {
          "acoustic_entropy": 11.890730857849121,
          "acoustic_entropy_side": 12.213135719299316,
          "hz": 8225.96088609342
        },
        {
          "acoustic_entropy": 12.091591835021973,
          "acoustic_entropy_side": 12.226949691772461,
          "hz": 9016.43338188839
        },
        {
          "acoustic_entropy": 12.208224296569824,
          "acoustic_entropy_side": 12.296422958374023,
          "hz": 9876.909183162974
        },
        {
          "acoustic_entropy": 12.272324562072754,
          "acoustic_entropy_side": 12.307962417602539,
          "hz": 10813.587699516042
        },
        {
          "acoustic_entropy": 12.44327449798584,
          "acoustic_entropy_side": 12.444649696350098,
          "hz": 11833.21735289826
        },
        {
          "acoustic_entropy": 12.476339340209961,
          "acoustic_entropy_side": 12.39462661743164,
          "hz": 12943.144197493959
        },
        {
          "acoustic_entropy": 12.527826309204102,
          "acoustic_entropy_side": 12.42502498626709,
          "hz": 14151.364845322005
        },
        {
          "acoustic_entropy": 12.296981811523438,
          "acoustic_entropy_side": 12.323884963989258,
          "hz": 15466.58407886509
        },
        {
          "acoustic_entropy": 12.154666900634766,
          "acoustic_entropy_side": 12.294052124023438,
          "hz": 16898.27756580493
        },
        {
          "acoustic_entropy": 12.09399700164795,
          "acoustic_entropy_side": 12.273941040039062,
          "hz": 18456.760127700032
        },
        {
          "acoustic_entropy": 12.049946784973145,
          "acoustic_entropy_side": 12.265701293945312,
          "hz": 20153.260054456492
        },
        {
          "acoustic_entropy": 12.090055465698242,
          "acoustic_entropy_side": 12.29454517364502,
          "hz": 22000.00000000001
        }
      ],
      "diff_acoustic_entropy": 13.781265258789062,
      "sn": 12
    },
    {
      "acoustic_entropy": 20.084270477294922,
      "acoustic_entropy_mono": 15.071062088012695,
      "band_eliminated_acoustic_entropies": [
        {
          "acoustic_entropy": 20.562379837036133,
          "acoustic_entropy_side": 20.40169334411621,
          "hz": 129.47220167065723
        },
        {
          "acoustic_entropy": 20.84370994567871,
          "acoustic_entropy_side": 20.427961349487305,
          "hz": 202.92927478742237
        },
        {
          "acoustic_entropy": 21.112241744995117,
          "acoustic_entropy_side": 20.54831314086914,
          "hz": 282.89161906338205
        },
        {
          "acoustic_entropy": 20.095914840698242,
          "acoustic_entropy_side": 20.236968994140625,
          "hz": 369.9353335868758
        },
        {
          "acoustic_entropy": 20.9461727142334,
          "acoustic_entropy_side": 21.771947860717773,
          "hz": 464.6875360973435
        },
        {
          "acoustic_entropy": 20.161001205444336,
          "acoustic_entropy_side": 20.45873260498047,
          "hz": 567.8308811364784
        },
        {
          "acoustic_entropy": 20.411706924438477,
          "acoustic_entropy_side": 20.59099578857422,
          "hz": 680.1084783214808
        },
        {
          "acoustic_entropy": 20.77483558654785,
          "acoustic_entropy_side": 20.308086395263672,
          "hz": 802.3292461747484
        },
        {
          "acoustic_entropy": 20.494672775268555,
          "acoustic_entropy_side": 20.643735885620117,
          "hz": 935.3737400823702
        },
        {
          "acoustic_entropy": 20.013513565063477,
          "acoustic_entropy_side": 19.952680587768555,
          "hz": 1080.2004963696966
        },
        {
          "acoustic_entropy": 20.169708251953125,
          "acoustic_entropy_side": 20.313335418701172,
          "hz": 1237.8529382007157
        },
        {
          "acoustic_entropy": 19.742982864379883,
          "acoustic_entropy_side": 20.145061492919922,
          "hz": 1409.4668930556702
        },
        {
          "acoustic_entropy": 20.265323638916016,
          "acoustic_entropy_side": 20.163148880004883,
          "hz": 1596.2787759475705
        },
        {
          "acoustic_entropy": 20.310359954833984,
          "acoustic_entropy_side": 20.195819854736328,
          "hz": 1799.6344973346393
        },
        {
          "acoustic_entropy": 20.836870193481445,
          "acoustic_entropy_side": 20.47768783569336,
          "hz": 2020.9991599069049
        },
        {
          "acoustic_entropy": 20.269956588745117,
          "acoustic_entropy_side": 20.277616500854492,
          "hz": 2261.9676141086993
        },
        {
          "acoustic_entropy": 20.5375919342041,
          "acoustic_entropy_side": 20.30925178527832,
          "hz": 2524.2759484456974
        },
        {
          "acoustic_entropy": 19.966459274291992,
          "acoustic_entropy_side": 19.99060821533203,
          "hz": 2809.813997359896
        },
        {
