{
  "acoustic_entropy": 204.34681701660156,
  "bands": [
    {
      "high_freq": 148.1999969482422,
      "loudness": -17.502666473388672,
      "loudness_range": 7.319478988647461,
      "mid_mean": -14.190154075622559,
      "mid_to_side_loudness": -15.832555770874023,
      "mid_to_side_loudness_range": 23.373817443847656,
      "side_mean": -30.72873878479004
    },
    {
      "high_freq": 392.3793640136719,
      "loudness": -20.940080642700195,
      "loudness_range": 6.2534942626953125,
      "low_freq": 148.1999969482422,
      "mid_mean": -17.76939582824707,
      "mid_to_side_loudness": -10.131525993347168,
      "mid_to_side_loudness_range": 12.740303039550781,
      "side_mean": -28.367408752441406
    },
    {
      "high_freq": 794.6976318359375,
      "loudness": -23.04580307006836,
      "loudness_range": 6.38739013671875,
      "low_freq": 392.3793640136719,
      "mid_mean": -20.148252487182617,
      "mid_to_side_loudness": -7.6375226974487305,
      "mid_to_side_loudness_range": 10.836746215820312,
      "side_mean": -28.053722381591797
    },
    {
      "high_freq": 1457.5709228515625,
      "loudness": -20.207937240600586,
      "loudness_range": 10.231244087219238,
      "low_freq": 794.6976318359375,
      "mid_mean": -17.359041213989258,
      "mid_to_side_loudness": -7.288549900054932,
      "mid_to_side_loudness_range": 9.963822364807129,
      "side_mean": -24.964149475097656
    },
    {
      "high_freq": 2549.74365234375,
      "loudness": -20.006973266601562,
      "loudness_range": 10.401679992675781,
      "low_freq": 1457.5709228515625,
      "mid_mean": -17.14226722717285,
      "mid_to_side_loudness": -7.416797161102295,
      "mid_to_side_loudness_range": 10.334221839904785,
      "side_mean": -24.870607376098633
    },
    {
      "high_freq": 4349.24462890625,
      "loudness": -18.706945419311523,
      "loudness_range": 10.1114501953125,
      "low_freq": 2549.74365234375,
      "mid_mean": -15.806775093078613,
      "mid_to_side_loudness": -7.764456748962402,
      "mid_to_side_loudness_range": 11.99589729309082,
      "side_mean": -24.00037384033203
    },
    {
      "high_freq": 7314.1640625,
      "loudness": -20.86957359313965,
      "loudness_range": 9.348999977111816,
      "low_freq": 4349.24462890625,
      "mid_mean": -17.965024948120117,
      "mid_to_side_loudness": -7.745314121246338,
      "mid_to_side_loudness_range": 11.181868553161621,
      "side_mean": -26.041648864746094
    },
    {
      "high_freq": 12199.2666015625,
      "loudness": -24.525390625,
      "loudness_range": 12.8497314453125,
      "low_freq": 7314.1640625,
      "mid_mean": -21.618425369262695,
      "mid_to_side_loudness": -7.923896789550781,
      "mid_to_side_loudness_range": 12.375088691711426,
      "side_mean": -29.709022521972656
    },
    {
      "loudness": -30.435922622680664,
      "loudness_range": 9.480831146240234,
      "low_freq": 12199.2666015625,
      "mid_mean": -27.607316970825195,
      "mid_to_side_loudness": -8.020771026611328,
      "mid_to_side_loudness_range": 13.52491569519043,
      "side_mean": -35.7822380065918
    }
  ],
  "bands_short": [
    {
      "high_freq": 148.1999969482422,
      "loudness": -20.058128356933594,
      "loudness_range": 15.026345252990723,
      "mid_mean": -16.971837997436523,
      "mid_to_side_loudness": -15.58901309967041,
      "mid_to_side_loudness_range": 31.0068359375,
      "side_mean": -34.14059829711914
    },
    {
      "high_freq": 392.3793640136719,
      "loudness": -21.141334533691406,
      "loudness_range": 13.715093612670898,
      "low_freq": 148.1999969482422,
      "mid_mean": -18.211294174194336,
      "mid_to_side_loudness": -9.648348808288574,
      "mid_to_side_loudness_range": 18.04667854309082,
      "side_mean": -28.488737106323242
    },
    {
      "high_freq": 794.6976318359375,
      "loudness": -24.177961349487305,
      "loudness_range": 10.397109985351562,
      "low_freq": 392.3793640136719,
      "mid_mean": -21.468917846679688,
      "mid_to_side_loudness": -7.317882061004639,
      "mid_to_side_loudness_range": 13.602921485900879,
      "side_mean": -29.104909896850586
    },
    {
      "high_freq": 1457.5709228515625,
      "loudness": -20.877918243408203,
      "loudness_range": 13.705933570861816,
      "low_freq": 794.6976318359375,
      "mid_mean": -18.176700592041016,
      "mid_to_side_loudness": -7.023813724517822,
      "mid_to_side_loudness_range": 12.800436973571777,
      "side_mean": -25.61544418334961
    },
    {
      "high_freq": 2549.74365234375,
      "loudness": -20.894983291625977,
      "loudness_range": 13.846728324890137,
      "low_freq": 1457.5709228515625,
      "mid_mean": -18.16391944885254,
      "mid_to_side_loudness": -6.922995090484619,
      "mid_to_side_loudness_range": 12.19278335571289,
      "side_mean": -25.548612594604492
    },
    {
      "high_freq": 4349.24462890625,
      "loudness": -19.40703010559082,
      "loudness_range": 13.54471206665039,
      "low_freq": 2549.74365234375,
      "mid_mean": -16.632003784179688,
      "mid_to_side_loudness": -7.495235443115234,
      "mid_to_side_loudness_range": 13.098631858825684,
      "side_mean": -24.481616973876953
    },
    {
      "high_freq": 7314.1640625,
      "loudness": -21.29759407043457,
      "loudness_range": 12.065835952758789,
      "low_freq": 4349.24462890625,
      "mid_mean": -18.459449768066406,
      "mid_to_side_loudness": -7.743631839752197,
      "mid_to_side_loudness_range": 12.957870483398438,
      "side_mean": -26.511295318603516
    },
    {
      "high_freq": 12199.2666015625,
      "loudness": -25.423992156982422,
      "loudness_range": 15.835855484008789,
      "low_freq": 7314.1640625,
      "mid_mean": -22.599809646606445,
      "mid_to_side_loudness": -7.668849468231201,
      "mid_to_side_loudness_range": 13.299098014831543,
      "side_mean": -30.521732330322266
    },
    {
      "loudness": -31.474088668823242,
      "loudness_range": 13.319225311279297,
      "low_freq": 12199.2666015625,
      "mid_mean": -28.69443702697754,
      "mid_to_side_loudness": -7.52302885055542,
      "mid_to_side_loudness_range": 13.697742462158203,
      "side_mean": -36.50912857055664
    }
  ],
  "bandwidth": 784.91650390625,
  "channels": 2,
  "covariance": [
    [
      16.493301391601562,
      2.1399033069610596,
      1.9488540887832642,
      0.05105031654238701,
      -0.17456597089767456,
      1.1837677955627441,
      2.1723599433898926,
      3.370739221572876,
      0.5038145780563354,
      2.558229923248291,
      1.031724452972412,
      3.009427070617676,
      -0.09469573199748993,
      2.176530361175537,
      -1.4225592613220215,
      0.8795735836029053,
      1.682536244392395,
      4.954737186431885
    ],
    [
      2.1399033069610596,
      56.73828887939453,
      -2.244699001312256,
      12.486540794372559,
      -1.1291245222091675,
      4.219627857208252,
      -3.7904064655303955,
      3.424560546875,
      -3.9054224491119385,
      5.404297351837158,
      -4.056662082672119,
      5.1765923500061035,
      -4.717888832092285,
      -0.3898616135120392,
      -4.8618316650390625,
      -1.4218947887420654,
      -3.1993610858917236,
      -0.42766842246055603
    ],
    [
      1.9488540887832642,
      -2.244699001312256,
      7.452271461486816,
      1.33514404296875,
      1.4647358655929565,
      -1.3076722621917725,
      -2.2234268188476562,
      -2.8228795528411865,
      -2.506746292114258,
      -3.4194395542144775,
      -2.040436267852783,
      -4.326745510101318,
      -0.24806088209152222,
      -2.5981948375701904,
      1.8858542442321777,
      -0.7611036896705627,
      1.8187129497528076,
      -0.7693559527397156
    ],
    [
      0.05105031654238701,
      12.486540794372559,
      1.33514404296875,
      18.305744171142578,
      2.1430704593658447,
      9.110620498657227,
      -0.2021000236272812,
      5.08827543258667,
      1.2869020700454712,
      7.68241548538208,
      1.260192632675171,
      7.047630786895752,
      -0.2434343695640564,
      5.532002925872803,
      -2.4446027278900146,
      4.366198539733887,
      -0.9081357717514038,
      2.965276002883911
    ],
    [
      -0.17456597089767456,
      -1.1291245222091675,
      1.4647358655929565,
      2.1430704593658447,
      6.301967144012451,
      3.484022855758667,
      3.1040046215057373,
      1.3900196552276611,
      1.0904934406280518,
      -0.11741914600133896,
      0.4813862144947052,
      -0.7805323600769043,
      -1.28401780128479,
      -1.2767386436462402,
      -0.6630433201789856,
      -0.8241456151008606,
      0.7383074164390564,
      0.11156245321035385
    ],
    [
      1.1837677955627441,
      4.219627857208252,
      -1.3076722621917725,
      9.110620498657227,
      3.484022855758667,
      14.204514503479004,
      5.168818473815918,
      11.79130744934082,
      5.181598663330078,
      11.515296936035156,
      3.1531715393066406,
      10.989585876464844,
      0.8162147402763367,
      9.360347747802734,
      -2.3288159370422363,
      7.549378871917725,
      0.3152013421058655,
      8.681958198547363
    ],
    [
      2.1723599433898926,
      -3.7904064655303955,
      -2.2234268188476562,
      -0.2021000236272812,
      3.1040046215057373,
      5.168818473815918,
      15.930341720581055,
      11.384798049926758,
      11.108386039733887,
      8.875631332397461,
      4.575150489807129,
      5.277341365814209,
      1.3438000679016113,
      4.327261924743652,
      -2.4134294986724854,
      1.7681993246078491,
      0.6966489553451538,
      5.062557220458984
    ],
    [
      3.370739221572876,
      3.424560546875,
      -2.8228795528411865,
      5.08827543258667,
      1.3900196552276611,
      11.79130744934082,
      11.384798049926758,
      19.665552139282227,
      10.1304931640625,
      16.918903350830078,
      5.059905529022217,
      14.304308891296387,
      3.3098020553588867,
      13.009576797485352,
      -1.4014390707015991,
      9.346481323242188,
      1.931075930595398,
      12.221331596374512
    ],
    [
      0.5038145780563354,
      -3.9054224491119385,
      -2.506746292114258,
      1.2869020700454712,
      1.0904934406280518,
      5.181598663330078,
      11.108386039733887,
      10.1304931640625,
      15.605304718017578,
      12.746228218078613,
      6.845583438873291,
      9.037352561950684,
      5.370241641998291,
      8.800928115844727,
      0.7102653384208679,
      6.655386447906494,
      2.2919070720672607,
      7.429289817810059
    ],
    [
      2.558229923248291,
      5.404297351837158,
      -3.4194395542144775,
      7.68241548538208,
      -0.11741914600133896,
      11.515296936035156,
      8.875631332397461,
      16.918903350830078,
      12.746228218078613,
      23.195072174072266,
      7.328864097595215,
      19.65671730041504,
      6.161351203918457,
      18.88819694519043,
      0.9247723817825317,
      14.281465530395508,
      3.3217456340789795,
      17.104326248168945
    ],
    [
      1.031724452972412,
      -4.056662082672119,
      -2.040436267852783,
      1.260192632675171,
      0.4813862144947052,
      3.1531715393066406,
      4.575150489807129,
      5.059905529022217,
      6.845583438873291,
      7.328864097595215,
      15.415985107421875,
      12.110722541809082,
      9.287278175354004,
      10.422382354736328,
      5.716421127319336,
      7.934274196624756,
      4.857781887054443,
      7.604323387145996
    ],
    [
      3.009427070617676,
      5.1765923500061035,
      -4.326745510101318,
      7.047630786895752,
      -0.7805323600769043,
      10.989585876464844,
      5.277341365814209,
      14.304308891296387,
      9.037352561950684,
      19.65671730041504,
      12.110722541809082,
      27.483137130737305,
      9.051976203918457,
      23.633760452270508,
      4.429685115814209,
      18.3716983795166,
      5.432631015777588,
      20.278470993041992
    ],
    [
      -0.09469573199748993,
      -4.717888832092285,
      -0.24806088209152222,
      -0.2434343695640564,
      -1.28401780128479,
      0.8162147402763367,
      1.3438000679016113,
      3.3098020553588867,
      5.370241641998291,
      6.161351203918457,
      9.287278175354004,
      9.051976203918457,
      13.981975555419922,
      12.906682014465332,
      11.6316499710083,
      11.85495662689209,
      8.544380187988281,
      10.490995407104492
    ],
    [
      2.176530361175537,
      -0.3898616135120392,
      -2.5981948375701904,
      5.532002925872803,
      -1.2767386436462402,
      9.360347747802734,
      4.327261924743652,
      13.009576797485352,
      8.800928115844727,
      18.88819694519043,
      10.422382354736328,
      23.633760452270508,
      12.906682014465332,
      28.754762649536133,
      9.107749938964844,
      22.884939193725586,
      8.441911697387695,
      22.934673309326172
    ],
    [
      -1.4225592613220215,
      -4.8618316650390625,
      1.8858542442321777,
      -2.4446027278900146,
      -0.6630433201789856,
      -2.3288159370422363,
      -2.4134294986724854,
      -1.4014390707015991,
      0.7102653384208679,
      0.9247723817825317,
      5.716421127319336,
      4.429685115814209,
      11.6316499710083,
      9.107749938964844,
      20.97223472595215,
      14.06452465057373,
      15.870355606079102,
      11.537280082702637
    ],
    [
      0.8795735836029053,
      -1.4218947887420654,
      -0.7611036896705627,
      4.366198539733887,
      -0.8241456151008606,
      7.549378871917725,
      1.7681993246078491,
      9.346481323242188,
      6.655386447906494,
      14.281465530395508,
      7.934274196624756,
      18.3716983795166,
      11.85495662689209,
      22.884939193725586,
      14.06452465057373,
      27.431915283203125,
      12.348731994628906,
      24.97437858581543
    ],
    [
      1.682536244392395,
      -3.1993610858917236,
      1.8187129497528076,
      -0.9081357717514038,
      0.7383074164390564,
      0.3152013421058655,
      0.6966489553451538,
      1.931075930595398,
      2.2919070720672607,
      3.3217456340789795,
      4.857781887054443,
      5.432631015777588,
      8.544380187988281,
      8.441911697387695,
      15.870355606079102,
      12.348731994628906,
      17.134305953979492,
      13.615050315856934
    ],
    [
      4.954737186431885,
      -0.42766842246055603,
      -0.7693559527397156,
      2.965276002883911,
      0.11156245321035385,
      8.681958198547363,
      5.062557220458984,
      12.221331596374512,
      7.429289817810059,
      17.104326248168945,
      7.604323387145996,
      20.278470993041992,
      10.490995407104492,
      22.934673309326172,
      11.537280082702637,
      24.97437858581543,
      13.615050315856934,
      35.49717330932617
    ]
  ],
  "covariance_short": [
    [
      42.29127502441406,
      2.327638864517212,
      2.6206867694854736,
      1.143444538116455,
      -2.0394952297210693,
      1.5453941822052002,
      2.4729204177856445,
      4.977902412414551,
      0.22667162120342255,
      4.4346537590026855,
      1.6050935983657837,
      5.040868759155273,
      0.18825513124465942,
      2.962214708328247,
      -2.1164090633392334,
      1.6241731643676758,
      1.7011008262634277,
      5.274061679840088
    ],
    [
      2.327638864517212,
      82.50706481933594,
      4.261926174163818,
      26.857168197631836,
      1.022348403930664,
      7.699685096740723,
      -2.6518797874450684,
      5.040146350860596,
      -1.9169073104858398,
      6.798074245452881,
      -2.1551761627197266,
      7.340839862823486,
      -3.9625730514526367,
      0.3390849232673645,
      -3.270207643508911,
      -1.8252341747283936,
      -0.7392631769180298,
      0.4719262719154358
    ],
    [
      2.6206867694854736,
      4.261926174163818,
      28.266538619995117,
      7.358443260192871,
      6.480012893676758,
      3.2366857528686523,
      0.82835853099823,
      0.3552565276622772,
      1.4898061752319336,
      1.0449347496032715,
      2.0304341316223145,
      0.10594522207975388,
      2.5387845039367676,
      2.0884921550750732,
      3.762758731842041,
      4.055668354034424,
      4.550382614135742,
      4.827681064605713
    ],
    [
      1.143444538116455,
      26.857168197631836,
      7.358443260192871,
      32.21952438354492,
      5.968963146209717,
      14.56714916229248,
      2.6260669231414795,
      8.638649940490723,
      3.8315353393554688,
      11.58377742767334,
      2.6721129417419434,
      10.991515159606934,
      0.46011996269226074,
      8.138772964477539,
      -0.06250018626451492,
      6.915942192077637,
      2.2135279178619385,
      8.034379959106445
    ],
    [
      -2.0394952297210693,
      1.022348403930664,
      6.480012893676758,
      5.968963146209717,
      17.24072265625,
      9.01168155670166,
      6.572249412536621,
      3.9136011600494385,
      4.736880302429199,
      2.737928867340088,
      3.1141300201416016,
      1.9696290493011475,
      0.3373498320579529,
      1.819681167602539,
      0.47160086035728455,
      2.0444345474243164,
      2.4178428649902344,
      3.670888900756836
    ],
    [
      1.5453941822052002,
      7.699685096740723,
      3.2366857528686523,
      14.56714916229248,
      9.01168155670166,
      24.771549224853516,
      8.162370681762695,
      15.424838066101074,
      8.493870735168457,
      15.656039237976074,
      5.621616363525391,
      14.451231956481934,
      2.6977779865264893,
      12.235034942626953,
      0.417699933052063,
      10.317971229553223,
      3.276620626449585,
      11.542920112609863
    ],
    [
      2.4729204177856445,
      -2.6518797874450684,
      0.82835853099823,
      2.6260669231414795,
      6.572249412536621,
      8.162370681762695,
      26.56031608581543,
      16.752220153808594,
      17.195425033569336,
      12.807967185974121,
      9.101273536682129,
      8.736763954162598,
      4.231929302215576,
      7.092202663421631,
      -1.5219370126724243,
      3.825782299041748,
      2.0299835205078125,
      7.109145164489746
    ],
    [
      4.977902412414551,
      5.040146350860596,
      0.3552565276622772,
      8.638649940490723,
      3.9136011600494385,
      15.424838066101074,
      16.752220153808594,
      28.133188247680664,
      14.375829696655273,
      21.71889305114746,
      8.206640243530273,
      17.881319046020508,
      5.44126033782959,
      15.694957733154297,
      0.09078477323055267,
      11.226347923278809,
      4.018448829650879,
      13.741093635559082
    ],
    [
      0.22667162120342255,
      -1.9169073104858398,
      1.4898061752319336,
      3.8315353393554688,
      4.736880302429199,
      8.493870735168457,
      17.195425033569336,
      14.375829696655273,
      25.350727081298828,
      17.916215896606445,
      11.809762954711914,
      12.921382904052734,
      9.435466766357422,
      12.477344512939453,
      3.350940227508545,
      9.840051651000977,
      5.1014580726623535,
      11.203330039978027
    ],
    [
      4.4346537590026855,
      6.798074245452881,
      1.0449347496032715,
      11.58377742767334,
      2.737928867340088,
      15.656039237976074,
      12.807967185974121,
      21.71889305114746,
      17.916215896606445,
      30.65089225769043,
      10.972870826721191,
      23.39870262145996,
      9.137242317199707,
      22.09133529663086,
      3.8221042156219482,
      17.4470157623291,
      6.685513019561768,
      19.708816528320312
    ],
    [
      1.6050935983657837,
      -2.1551761627197266,
      2.0304341316223145,
      2.6721129417419434,
      3.1141300201416016,
      5.621616363525391,
      9.101273536682129,
      8.206640243530273,
      11.809762954711914,
      10.972870826721191,
      23.946672439575195,
      16.907814025878906,
      14.69377326965332,
      14.413456916809082,
      8.412375450134277,
      10.538792610168457,
      7.948732376098633,
      11.115748405456543
    ],
    [
      5.040868759155273,
      7.340839862823486,
      0.10594522207975388,
      10.991515159606934,
      1.9696290493011475,
      14.451231956481934,
      8.736763954162598,
      17.881319046020508,
      12.921382904052734,
      23.39870262145996,
      16.907814025878906,
      33.36573791503906,
      12.49351978302002,
      26.92161750793457,
      7.628310203552246,
      21.207447052001953,
      9.040740013122559,
      23.089380264282227
    ],
    [
      0.18825513124465942,
      -3.9625730514526367,
      2.5387845039367676,
      0.46011996269226074,
      0.3373498320579529,
      2.6977779865264893,
      4.231929302215576,
      5.44126033782959,
      9.435466766357422,
      9.137242317199707,
      14.69377326965332,
      12.49351978302002,
      21.220796585083008,
      16.77406883239746,
      16.828649520874023,
      15.198518753051758,
      14.052319526672363,
      14.048118591308594
    ],
    [
      2.962214708328247,
      0.3390849232673645,
      2.0884921550750732,
      8.138772964477539,
      1.819681167602539,
      12.235034942626953,
      7.092202663421631,
      15.694957733154297,
      12.477344512939453,
      22.09133529663086,
      14.413456916809082,
      26.92161750793457,
      16.77406883239746,
      35.79568099975586,
      13.34669017791748,
      28.4606990814209,
      12.733390808105469,
      27.26115608215332
    ],
    [
      -2.1164090633392334,
      -3.270207643508911,
      3.762758731842041,
      -0.06250018626451492,
      0.47160086035728455,
      0.417699933052063,
      -1.5219370126724243,
      0.09078477323055267,
      3.350940227508545,
      3.8221042156219482,
      8.412375450134277,
      7.628310203552246,
      16.828649520874023,
      13.34669017791748,
      28.05218505859375,
      19.40106201171875,
      23.43328857421875,
      18.27851676940918
    ],
    [
      1.6241731643676758,
      -1.8252341747283936,
      4.055668354034424,
      6.915942192077637,
      2.0444345474243164,
      10.317971229553223,
      3.825782299041748,
      11.226347923278809,
      9.840051651000977,
      17.4470157623291,
      10.538792610168457,
      21.207447052001953,
      15.198518753051758,
      28.4606990814209,
      19.40106201171875,
      38.94638442993164,
      18.140729904174805,
      33.62069320678711
    ],
    [
      1.7011008262634277,
      -0.7392631769180298,
      4.550382614135742,
      2.2135279178619385,
      2.4178428649902344,
      3.276620626449585,
      2.0299835205078125,
      4.018448829650879,
      5.1014580726623535,
      6.685513019561768,
      7.948732376098633,
      9.040740013122559,
      14.052319526672363,
      12.733390808105469,
      23.43328857421875,
      18.140729904174805,
      26.88434600830078,
      21.655851364135742
    ],
    [
      5.274061679840088,
      0.4719262719154358,
      4.827681064605713,
      8.034379959106445,
      3.670888900756836,
      11.542920112609863,
      7.109145164489746,
      13.741093635559082,
      11.203330039978027,
      19.708816528320312,
      11.115748405456543,
      23.089380264282227,
      14.048118591308594,
      27.26115608215332,
      18.27851676940918,
      33.62069320678711,
      21.655851364135742,
      49.41991424560547
    ]
  ],
  "damage": -3.8063294887542725,
  "diff_bandwidth": 804.1608276367188,
  "dissonance": 11.51415330590135,
  "drr": 16.271743774414062,
  "dynamics": 1.7109096050262451,
  "format": 1245190,
  "frames": 12151744,
  "loudness": -7.200042724609375,
  "loudness_range": 3.457641124725342,
  "loudness_range_short": 5.772024631500244,
  "lowpass_true_peak_15khz": 2.275885820388794,
  "mastering3_acoustic_entropies": [
    {
      "acoustic_entropy": 7.160346984863281,
      "acoustic_entropy_mono": 7.873770236968994,
      "band_eliminated_acoustic_entropies": [
        {
          "acoustic_entropy": 6.994276523590088,
          "acoustic_entropy_side": 7.160246849060059,
          "hz": 129.47220167065723
        },
        {
          "acoustic_entropy": 6.5428290367126465,
          "acoustic_entropy_side": 7.162044525146484,
          "hz": 202.92927478742237
        },
        {
          "acoustic_entropy": 6.66711950302124,
          "acoustic_entropy_side": 7.1594672203063965,
          "hz": 282.89161906338205
        },
        {
          "acoustic_entropy": 6.94697380065918,
          "acoustic_entropy_side": 7.151464462280273,
          "hz": 369.9353335868758
        },
        {
          "acoustic_entropy": 7.049317359924316,
          "acoustic_entropy_side": 7.140414237976074,
          "hz": 464.6875360973435
        },
        {
          "acoustic_entropy": 7.102253437042236,
          "acoustic_entropy_side": 7.152590751647949,
          "hz": 567.8308811364784
        },
        {
          "acoustic_entropy": 7.050065994262695,
          "acoustic_entropy_side": 7.152670383453369,
          "hz": 680.1084783214808
        },
        {
          "acoustic_entropy": 7.1301960945129395,
          "acoustic_entropy_side": 7.130361080169678,
          "hz": 802.3292461747484
        },
        {
          "acoustic_entropy": 6.998284339904785,
          "acoustic_entropy_side": 7.263851642608643,
          "hz": 935.3737400823702
        },
        {
          "acoustic_entropy": 7.141199588775635,
          "acoustic_entropy_side": 7.20739221572876,
          "hz": 1080.2004963696966
        },
        {
          "acoustic_entropy": 6.499142646789551,
          "acoustic_entropy_side": 7.043246269226074,
          "hz": 1237.8529382007157
        },
        {
          "acoustic_entropy": 7.063041687011719,
          "acoustic_entropy_side": 7.156831741333008,
          "hz": 1409.4668930556702
        },
        {
          "acoustic_entropy": 6.982845783233643,
          "acoustic_entropy_side": 7.222296714782715,
          "hz": 1596.2787759475705
        },
        {
          "acoustic_entropy": 6.91692590713501,
          "acoustic_entropy_side": 7.115383148193359,
          "hz": 1799.6344973346393
        },
        {
          "acoustic_entropy": 6.566036224365234,
          "acoustic_entropy_side": 7.109953880310059,
          "hz": 2020.9991599069049
        },
        {
          "acoustic_entropy": 7.202381134033203,
          "acoustic_entropy_side": 7.2724504470825195,
          "hz": 2261.9676141086993
        },
        {
          "acoustic_entropy": 6.829228401184082,
          "acoustic_entropy_side": 7.26072883605957,
          "hz": 2524.2759484456974
        },
        {
          "acoustic_entropy": 6.469715118408203,
          "acoustic_entropy_side": 7.096213340759277,
          "hz": 2809.813997359896
        },
        {
          "acoustic_entropy": 7.290379047393799,
          "acoustic_entropy_side": 7.227343559265137,
          "hz": 3120.6389567871424
        },
        {
          "acoustic_entropy": 6.855681896209717,
          "acoustic_entropy_side": 7.188066482543945,
          "hz": 3458.990205492291
        },
        {
          "acoustic_entropy": 7.012633323669434,
          "acoustic_entropy_side": 7.1890974044799805,
          "hz": 3827.305438964164
        },
        {
          "acoustic_entropy": 6.797712802886963,
          "acoustic_entropy_side": 7.06652307510376,
          "hz": 4228.238232109126
        },
        {
          "acoustic_entropy": 6.88411808013916,
          "acoustic_entropy_side": 7.0079240798950195,
          "hz": 4664.6771572759235
        },
        {
          "acoustic_entropy": 7.170971393585205,
          "acoustic_entropy_side": 7.144277572631836,
          "hz": 5139.766595350093
        },
        {
          "acoustic_entropy": 7.243572235107422,
          "acoustic_entropy_side": 7.143261909484863,
          "hz": 5656.929389854203
        },
        {
          "acoustic_entropy": 7.237947940826416,
          "acoustic_entropy_side": 7.1452860832214355,
          "hz": 6219.891507268283
        },
        {
          "acoustic_entropy": 7.172355651855469,
          "acoustic_entropy_side": 7.125448703765869,
          "hz": 6832.70888123896
        },
        {
          "acoustic_entropy": 7.040924549102783,
          "acoustic_entropy_side": 7.144368648529053,
          "hz": 7499.796634079867
        },
        {
          "acoustic_entropy": 7.153387069702148,
          "acoustic_entropy_side": 7.136370658874512,
          "hz": 8225.96088609342
        },
        {
          "acoustic_entropy": 7.179295063018799,
          "acoustic_entropy_side": 7.1347270011901855,
          "hz": 9016.43338188839
        },
        {
          "acoustic_entropy": 7.075732707977295,
          "acoustic_entropy_side": 7.15246057510376,
          "hz": 9876.909183162974
        },
        {
          "acoustic_entropy": 7.254485130310059,
          "acoustic_entropy_side": 7.153927803039551,
          "hz": 10813.587699516042
        },
        {
          "acoustic_entropy": 7.271713733673096,
          "acoustic_entropy_side": 7.162735939025879,
          "hz": 11833.21735289826
        },
        {
          "acoustic_entropy": 7.176197528839111,
          "acoustic_entropy_side": 7.154450416564941,
          "hz": 12943.144197493959
        },
        {
          "acoustic_entropy": 7.201904296875,
          "acoustic_entropy_side": 7.154369831085205,
          "hz": 14151.364845322005
        },
        {
          "acoustic_entropy": 7.223639965057373,
          "acoustic_entropy_side": 7.1582560539245605,
          "hz": 15466.58407886509
        },
        {
          "acoustic_entropy": 7.1991143226623535,
          "acoustic_entropy_side": 7.152136325836182,
          "hz": 16898.27756580493
        },
        {
          "acoustic_entropy": 7.186917781829834,
          "acoustic_entropy_side": 7.159946918487549,
          "hz": 18456.760127700032
        },
        {
          "acoustic_entropy": 7.180592060089111,
          "acoustic_entropy_side": 7.1599884033203125,
          "hz": 20153.260054456492
        },
        {
          "acoustic_entropy": 7.170384407043457,
          "acoustic_entropy_side": 7.161465644836426,
          "hz": 22000.00000000001
        }
      ],
      "diff_acoustic_entropy": 7.1310553550720215,
      "sn": 6
    },
    {
      "acoustic_entropy": 10.786477088928223,
      "acoustic_entropy_mono": 10.856961250305176,
      "band_eliminated_acoustic_entropies": [
        {
          "acoustic_entropy": 10.307890892028809,
          "acoustic_entropy_side": 10.464654922485352,
          "hz": 129.47220167065723
        },
        {
          "acoustic_entropy": 10.16480827331543,
          "acoustic_entropy_side": 10.49930477142334,
          "hz": 202.92927478742237
        },
        {
          "acoustic_entropy": 10.729146957397461,
          "acoustic_entropy_side": 10.959318161010742,
          "hz": 282.89161906338205
        },
        {
          "acoustic_entropy": 11.550581932067871,
          "acoustic_entropy_side": 11.139808654785156,
          "hz": 369.9353335868758
        },
        {
          "acoustic_entropy": 10.680450439453125,
          "acoustic_entropy_side": 11.08221435546875,
          "hz": 464.6875360973435
        },
        {
          "acoustic_entropy": 11.06003475189209,
          "acoustic_entropy_side": 10.98459243774414,
          "hz": 567.8308811364784
        },
        {
          "acoustic_entropy": 11.155783653259277,
          "acoustic_entropy_side": 11.017118453979492,
          "hz": 680.1084783214808
        },
        {
          "acoustic_entropy": 10.648857116699219,
          "acoustic_entropy_side": 10.674302101135254,
          "hz": 802.3292461747484
        },
        {
          "acoustic_entropy": 9.674808502197266,
          "acoustic_entropy_side": 10.459410667419434,
          "hz": 935.3737400823702
        },
        {
          "acoustic_entropy": 10.901344299316406,
          "acoustic_entropy_side": 11.158767700195312,
          "hz": 1080.2004963696966
        },
        {
          "acoustic_entropy": 10.24969482421875,
          "acoustic_entropy_side": 10.579815864562988,
          "hz": 1237.8529382007157
        },
        {
          "acoustic_entropy": 10.310761451721191,
          "acoustic_entropy_side": 10.46163558959961,
          "hz": 1409.4668930556702
        },
        {
          "acoustic_entropy": 10.460776329040527,
          "acoustic_entropy_side": 10.70736312866211,
          "hz": 1596.2787759475705
        },
        {
          "acoustic_entropy": 10.602059364318848,
          "acoustic_entropy_side": 10.668623924255371,
          "hz": 1799.6344973346393
        },
        {
          "acoustic_entropy": 10.766782760620117,
          "acoustic_entropy_side": 10.86695671081543,
          "hz": 2020.9991599069049
        },
        {
          "acoustic_entropy": 10.760315895080566,
          "acoustic_entropy_side": 10.652442932128906,
          "hz": 2261.9676141086993
        },
        {
          "acoustic_entropy": 10.889562606811523,
          "acoustic_entropy_side": 10.741013526916504,
          "hz": 2524.2759484456974
        },
        {
          "acoustic_entropy": 10.602925300598145,
          "acoustic_entropy_side": 10.403985023498535,
          "hz": 2809.813997359896
        },
        {
          "acoustic_entropy": 10.249853134155273,
          "acoustic_entropy_side": 10.34068775177002,
          "hz": 3120.6389567871424
        },
        {
          "acoustic_entropy": 10.86309814453125,
          "acoustic_entropy_side": 10.79052448272705,
          "hz": 3458.990205492291
        },
        {
          "acoustic_entropy": 10.272542953491211,
          "acoustic_entropy_side": 10.50340461730957,
          "hz": 3827.305438964164
        },
        {
          "acoustic_entropy": 10.431317329406738,
          "acoustic_entropy_side": 10.586702346801758,
          "hz": 4228.238232109126
        },
        {
          "acoustic_entropy": 10.424606323242188,
          "acoustic_entropy_side": 10.68805980682373,
          "hz": 4664.6771572759235
        },
        {
          "acoustic_entropy": 10.336748123168945,
          "acoustic_entropy_side": 10.544912338256836,
          "hz": 5139.766595350093
        },
        {
          "acoustic_entropy": 10.937159538269043,
          "acoustic_entropy_side": 10.69953441619873,
          "hz": 5656.929389854203
        },
        {
          "acoustic_entropy": 10.93105411529541,
          "acoustic_entropy_side": 10.795965194702148,
          "hz": 6219.891507268283
        },
        {
          "acoustic_entropy": 10.749448776245117,
          "acoustic_entropy_side": 10.612099647521973,
          "hz": 6832.70888123896
        },
        {
          "acoustic_entropy": 10.752968788146973,
          "acoustic_entropy_side": 10.630069732666016,
          "hz": 7499.796634079867
        },
        {
          "acoustic_entropy": 10.794968605041504,
          "acoustic_entropy_side": 10.678529739379883,
          "hz": 8225.96088609342
        },
        {
          "acoustic_entropy": 10.743837356567383,
          "acoustic_entropy_side": 10.710360527038574,
          "hz": 9016.43338188839
        },
        {
          "acoustic_entropy": 10.571920394897461,
          "acoustic_entropy_side": 10.752595901489258,
          "hz": 9876.909183162974
        },
        {
          "acoustic_entropy": 10.749449729919434,
          "acoustic_entropy_side": 10.807661056518555,
          "hz": 10813.587699516042
        },
        {
          "acoustic_entropy": 10.826398849487305,
          "acoustic_entropy_side": 10.833805084228516,
          "hz": 11833.21735289826
        },
        {
          "acoustic_entropy": 10.7200927734375,
          "acoustic_entropy_side": 10.813076972961426,
          "hz": 12943.144197493959
        },
        {
          "acoustic_entropy": 10.690192222595215,
          "acoustic_entropy_side": 10.777904510498047,
          "hz": 14151.364845322005
        },
        {
          "acoustic_entropy": 10.786409378051758,
          "acoustic_entropy_side": 10.767844200134277,
          "hz": 15466.58407886509
        },
        {
          "acoustic_entropy": 10.70556640625,
          "acoustic_entropy_side": 10.797691345214844,
          "hz": 16898.27756580493
        },
        {
          "acoustic_entropy": 10.684736251831055,
          "acoustic_entropy_side": 10.822382926940918,
          "hz": 18456.760127700032
        },
        {
          "acoustic_entropy": 10.698832511901855,
          "acoustic_entropy_side": 10.827810287475586,
          "hz": 20153.260054456492
        },
        {
          "acoustic_entropy": 10.772482872009277,
          "acoustic_entropy_side": 10.818718910217285,
          "hz": 22000.00000000001
        }
      ],
      "diff_acoustic_entropy": 11.319600105285645,
      "sn": 12
    },
    {
      "acoustic_entropy": 17.16128158569336,
      "acoustic_entropy_mono": 13.952816009521484,
      "band_eliminated_acoustic_entropies": [
        {
          "acoustic_entropy": 16.259851455688477,
          "acoustic_entropy_side": 15.434718132019043,
          "hz": 129.47220167065723
        },
        {
          "acoustic_entropy": 17.83676528930664,
          "acoustic_entropy_side": 17.479938507080078,
          "hz": 202.92927478742237
        },
        {
          "acoustic_entropy": 17.41031837463379,
          "acoustic_entropy_side": 17.046276092529297,
          "hz": 282.89161906338205
        },
        {
          "acoustic_entropy": 17.12810516357422,
          "acoustic_entropy_side": 16.95367431640625,
          "hz": 369.9353335868758
        },
        {
          "acoustic_entropy": 16.73607635498047,
          "acoustic_entropy_side": 16.8652400970459,
          "hz": 464.6875360973435
        },
        {
          "acoustic_entropy": 16.691471099853516,
          "acoustic_entropy_side": 16.703290939331055,
          "hz": 567.8308811364784
        },
        {
          "acoustic_entropy": 16.594404220581055,
          "acoustic_entropy_side": 16.707012176513672,
          "hz": 680.1084783214808
        },
        {
          "acoustic_entropy": 17.709186553955078,
          "acoustic_entropy_side": 16.919031143188477,
          "hz": 802.3292461747484
        },
        {
          "acoustic_entropy": 16.491201400756836,
          "acoustic_entropy_side": 16.85765838623047,
          "hz": 935.3737400823702
        },
        {
          "acoustic_entropy": 17.392885208129883,
          "acoustic_entropy_side": 17.229366302490234,
          "hz": 1080.2004963696966
        },
        {
          "acoustic_entropy": 16.97123146057129,
          "acoustic_entropy_side": 16.78567886352539,
          "hz": 1237.8529382007157
        },
        {
          "acoustic_entropy": 17.651756286621094,
          "acoustic_entropy_side": 17.62555694580078,
          "hz": 1409.4668930556702
        },
        {
          "acoustic_entropy": 16.82624053955078,
          "acoustic_entropy_side": 16.908924102783203,
          "hz": 1596.2787759475705
        },
        {
          "acoustic_entropy": 17.383670806884766,
          "acoustic_entropy_side": 17.692407608032227,
          "hz": 1799.6344973346393
        },
        {
          "acoustic_entropy": 17.573640823364258,
          "acoustic_entropy_side": 17.229957580566406,
          "hz": 2020.9991599069049
        },
        {
          "acoustic_entropy": 17.2646541595459,
          "acoustic_entropy_side": 17.2027530670166,
          "hz": 2261.9676141086993
        },
        {
          "acoustic_entropy": 17.131866455078125,
          "acoustic_entropy_side": 17.199996948242188,
          "hz": 2524.2759484456974
        },
        {
          "acoustic_entropy": 17.01234245300293,
