{
  "acoustic_entropy": 203.58921813964844,
  "bands": [
    {
      "high_freq": 148.1999969482422,
      "loudness": -46.652435302734375,
      "loudness_range": 36.491615295410156,
      "mid_mean": -44.54563522338867,
      "mid_to_side_loudness": -3.942107915878296,
      "mid_to_side_loudness_range": 7.598156929016113,
      "side_mean": -48.3778190612793
    },
    {
      "high_freq": 392.3793640136719,
      "loudness": -37.332420349121094,
      "loudness_range": 25.5047664642334,
      "low_freq": 148.1999969482422,
      "mid_mean": -36.02943801879883,
      "mid_to_side_loudness": -2.4403934478759766,
      "mid_to_side_loudness_range": 6.267291069030762,
      "side_mean": -38.65727233886719
    },
    {
      "high_freq": 794.6976318359375,
      "loudness": -37.039947509765625,
      "loudness_range": 22.18435287475586,
      "low_freq": 392.3793640136719,
      "mid_mean": -35.668758392333984,
      "mid_to_side_loudness": -2.13814115524292,
      "mid_to_side_loudness_range": 7.079433441162109,
      "side_mean": -37.650630950927734
    },
    {
      "high_freq": 1457.5709228515625,
      "loudness": -35.27349090576172,
      "loudness_range": 20.191625595092773,
      "low_freq": 794.6976318359375,
      "mid_mean": -33.224849700927734,
      "mid_to_side_loudness": -4.037937164306641,
      "mid_to_side_loudness_range": 6.006763935089111,
      "side_mean": -37.251502990722656
    },
    {
      "high_freq": 2549.74365234375,
      "loudness": -36.49801254272461,
      "loudness_range": 24.059289932250977,
      "low_freq": 1457.5709228515625,
      "mid_mean": -34.58863067626953,
      "mid_to_side_loudness": -3.32777738571167,
      "mid_to_side_loudness_range": 5.144585609436035,
      "side_mean": -37.93375778198242
    },
    {
      "high_freq": 4349.24462890625,
      "loudness": -38.678001403808594,
      "loudness_range": 22.851165771484375,
      "low_freq": 2549.74365234375,
      "mid_mean": -36.9498405456543,
      "mid_to_side_loudness": -3.2163422107696533,
      "mid_to_side_loudness_range": 4.173912048339844,
      "side_mean": -40.07274627685547
    },
    {
      "high_freq": 7314.1640625,
      "loudness": -44.84043884277344,
      "loudness_range": 26.948339462280273,
      "low_freq": 4349.24462890625,
      "mid_mean": -44.23091506958008,
      "mid_to_side_loudness": -3.080169677734375,
      "mid_to_side_loudness_range": 3.487250804901123,
      "side_mean": -49.534751892089844
    },
    {
      "high_freq": 12199.2666015625,
      "loudness": -52.37919616699219,
      "loudness_range": 31.831756591796875,
      "low_freq": 7314.1640625,
      "mid_mean": -52.39165115356445,
      "mid_to_side_loudness": -3.6240358352661133,
      "mid_to_side_loudness_range": 3.138760805130005,
      "side_mean": -55.461181640625
    },
    {
      "loudness": -60.95187759399414,
      "loudness_range": 24.633522033691406,
      "low_freq": 12199.2666015625,
      "mid_mean": -58.2109260559082,
      "mid_to_side_loudness": -3.2233457565307617,
      "mid_to_side_loudness_range": 4.103288650512695,
      "side_mean": -60.93043899536133
    }
  ],
  "bands_short": [
    {
      "high_freq": 148.1999969482422,
      "loudness": -51.27567672729492,
      "loudness_range": 42.65435028076172,
      "mid_mean": -49.007286071777344,
      "mid_to_side_loudness": -4.274632453918457,
      "mid_to_side_loudness_range": 11.955599784851074,
      "side_mean": -53.017032623291016
    },
    {
      "high_freq": 392.3793640136719,
      "loudness": -39.10129928588867,
      "loudness_range": 29.994068145751953,
      "low_freq": 148.1999969482422,
      "mid_mean": -38.732810974121094,
      "mid_to_side_loudness": -2.5778815746307373,
      "mid_to_side_loudness_range": 9.005489349365234,
      "side_mean": -41.461673736572266
    },
    {
      "high_freq": 794.6976318359375,
      "loudness": -37.52155303955078,
      "loudness_range": 23.40732765197754,
      "low_freq": 392.3793640136719,
      "mid_mean": -36.24040603637695,
      "mid_to_side_loudness": -2.0341434478759766,
      "mid_to_side_loudness_range": 10.624048233032227,
      "side_mean": -38.17402267456055
    },
    {
      "high_freq": 1457.5709228515625,
      "loudness": -35.579566955566406,
      "loudness_range": 20.58894157409668,
      "low_freq": 794.6976318359375,
      "mid_mean": -33.74971008300781,
      "mid_to_side_loudness": -3.7978556156158447,
      "mid_to_side_loudness_range": 9.665680885314941,
      "side_mean": -37.50802230834961
    },
    {
      "high_freq": 2549.74365234375,
      "loudness": -36.99357986450195,
      "loudness_range": 24.247159957885742,
      "low_freq": 1457.5709228515625,
      "mid_mean": -35.18907165527344,
      "mid_to_side_loudness": -3.1632893085479736,
      "mid_to_side_loudness_range": 8.126630783081055,
      "side_mean": -38.430938720703125
    },
    {
      "high_freq": 4349.24462890625,
      "loudness": -38.8964729309082,
      "loudness_range": 24.238550186157227,
      "low_freq": 2549.74365234375,
      "mid_mean": -37.486473083496094,
      "mid_to_side_loudness": -3.0296969413757324,
      "mid_to_side_loudness_range": 6.413449287414551,
      "side_mean": -40.23698425292969
    },
    {
      "high_freq": 7314.1640625,
      "loudness": -45.42997360229492,
      "loudness_range": 27.8001766204834,
      "low_freq": 4349.24462890625,
      "mid_mean": -46.629913330078125,
      "mid_to_side_loudness": -2.937133312225342,
      "mid_to_side_loudness_range": 4.957058906555176,
      "side_mean": -50.43568420410156
    },
    {
      "high_freq": 12199.2666015625,
      "loudness": -54.86989974975586,
      "loudness_range": 34.19586944580078,
      "low_freq": 7314.1640625,
      "mid_mean": -53.49831771850586,
      "mid_to_side_loudness": -3.4832324981689453,
      "mid_to_side_loudness_range": 4.328680992126465,
      "side_mean": -56.384986877441406
    },
    {
      "loudness": -61.86130905151367,
      "loudness_range": 24.09032440185547,
      "low_freq": 12199.2666015625,
      "mid_mean": -59.080162048339844,
      "mid_to_side_loudness": -3.0458285808563232,
      "mid_to_side_loudness_range": 4.590603351593018,
      "side_mean": -61.60264587402344
    }
  ],
  "bandwidth": 619.156494140625,
  "channels": 2,
  "covariance": [
    [
      168.5487060546875,
      153.4280242919922,
      92.7430191040039,
      94.09491729736328,
      65.23521423339844,
      71.85873413085938,
      44.48817443847656,
      52.307308197021484,
      50.44828414916992,
      55.05536651611328,
      49.62055969238281,
      54.07266616821289,
      71.93816375732422,
      99.52566528320312,
      95.92167663574219,
      90.26808166503906,
      66.249267578125,
      56.02531814575195
    ],
    [
      153.4280242919922,
      145.2535400390625,
      86.95631408691406,
      88.73242950439453,
      61.166378021240234,
      67.40082550048828,
      41.66425323486328,
      49.11940002441406,
      47.16379928588867,
      51.48720932006836,
      46.39187240600586,
      50.59410858154297,
      66.76319122314453,
      91.23888397216797,
      87.94279479980469,
      82.92435455322266,
      60.70628356933594,
      51.470149993896484
    ],
    [
      92.7430191040039,
      86.95631408691406,
      88.09291076660156,
      83.7857437133789,
      51.313270568847656,
      52.662567138671875,
      33.63405990600586,
      38.83102035522461,
      38.004417419433594,
      39.856468200683594,
      46.74380874633789,
      49.078285217285156,
      64.22054290771484,
      76.52301025390625,
      77.85194396972656,
      72.6344985961914,
      54.28168869018555,
      45.557987213134766
    ],
    [
      94.09491729736328,
      88.73242950439453,
      83.7857437133789,
      88.99372100830078,
      53.222686767578125,
      55.518951416015625,
      35.516483306884766,
      40.93316650390625,
      39.28525161743164,
      41.4810791015625,
      48.14152908325195,
      50.76725769042969,
      64.3517074584961,
      77.7890396118164,
      78.10256958007812,
      73.1652603149414,
      53.97785568237305,
      45.617977142333984
    ],
    [
      65.23521423339844,
      61.166378021240234,
      51.313270568847656,
      53.222686767578125,
      55.94078063964844,
      55.893985748291016,
      42.02547073364258,
      44.647560119628906,
      47.999732971191406,
      49.42266845703125,
      46.0460205078125,
      47.092674255371094,
      52.45719528198242,
      70.29190826416016,
      62.64163589477539,
      57.95682907104492,
      40.51128005981445,
      34.359458923339844
    ],
    [
      71.85873413085938,
      67.40082550048828,
      52.662567138671875,
      55.518951416015625,
      55.893985748291016,
      66.12648010253906,
      45.716644287109375,
      49.76580810546875,
      52.936344146728516,
      55.05687713623047,
      47.50174331665039,
      48.380149841308594,
      55.07313537597656,
      74.84403228759766,
      66.32424926757812,
      61.55893325805664,
      42.9539909362793,
      36.4286003112793
    ],
    [
      44.48817443847656,
      41.66425323486328,
      33.63405990600586,
      35.516483306884766,
      42.02547073364258,
      45.716644287109375,
      51.30223083496094,
      47.617919921875,
      49.792808532714844,
      50.58594512939453,
      43.88716506958008,
      42.9160041809082,
      45.30708312988281,
      61.168487548828125,
      52.13905334472656,
      47.9671516418457,
      33.00471878051758,
      28.170225143432617
    ],
    [
      52.307308197021484,
      49.11940002441406,
      38.83102035522461,
      40.93316650390625,
      44.647560119628906,
      49.76580810546875,
      47.617919921875,
      53.85343933105469,
      51.54048538208008,
      52.53669738769531,
      45.31777572631836,
      45.09088897705078,
      48.99222183227539,
      66.92031860351562,
      57.89226531982422,
      53.37629699707031,
      36.61551284790039,
      31.128442764282227
    ],
    [
      50.44828414916992,
      47.16379928588867,
      38.004417419433594,
      39.28525161743164,
      47.999732971191406,
      52.936344146728516,
      49.792808532714844,
      51.54048538208008,
      67.03134155273438,
      63.462547302246094,
      52.38240432739258,
      50.41332244873047,
      55.997737884521484,
      75.82752990722656,
      65.6880874633789,
      60.01236343383789,
      41.188594818115234,
      35.035091400146484
    ],
    [
      55.05536651611328,
      51.48720932006836,
      39.856468200683594,
      41.4810791015625,
      49.42266845703125,
      55.05687713623047,
      50.58594512939453,
      52.53669738769531,
      63.462547302246094,
      68.97858428955078,
      52.456634521484375,
      50.8792839050293,
      56.9945068359375,
      78.3222885131836,
      67.74400329589844,
      61.97761154174805,
      42.42184829711914,
      35.942649841308594
    ],
    [
      49.62055969238281,
      46.39187240600586,
      46.74380874633789,
      48.14152908325195,
      46.0460205078125,
      47.50174331665039,
      43.88716506958008,
      45.31777572631836,
      52.38240432739258,
      52.456634521484375,
      70.7989273071289,
      67.0507583618164,
      75.94218444824219,
      77.10089874267578,
      73.46965789794922,
      68.80268096923828,
      49.11847686767578,
      42.48270797729492
    ],
    [
      54.07266616821289,
      50.59410858154297,
      49.078285217285156,
      50.76725769042969,
      47.092674255371094,
      48.380149841308594,
      42.9160041809082,
      45.09088897705078,
      50.41332244873047,
      50.8792839050293,
      67.0507583618164,
      69.78153228759766,
      75.29244232177734,
      78.54298400878906,
      74.39414978027344,
      70.227783203125,
      50.0295524597168,
      43.4448127746582
    ],
    [
      71.93816375732422,
      66.76319122314453,
      64.22054290771484,
      64.3517074584961,
      52.45719528198242,
      55.07313537597656,
      45.30708312988281,
      48.99222183227539,
      55.997737884521484,
      56.9945068359375,
      75.94218444824219,
      75.29244232177734,
      100.74319458007812,
      98.75699615478516,
      99.24734497070312,
      93.61754608154297,
      68.38670349121094,
      58.47589111328125
    ],
    [
      99.52566528320312,
      91.23888397216797,
      76.52301025390625,
      77.7890396118164,
      70.29190826416016,
      74.84403228759766,
      61.168487548828125,
      66.92031860351562,
      75.82752990722656,
      78.3222885131836,
      77.10089874267578,
      78.54298400878906,
      98.75699615478516,
      134.5998077392578,
      123.83470916748047,
      114.64833068847656,
      80.0709457397461,
      67.43597412109375
    ],
    [
      95.92167663574219,
      87.94279479980469,
      77.85194396972656,
      78.10256958007812,
      62.64163589477539,
      66.32424926757812,
      52.13905334472656,
      57.89226531982422,
      65.6880874633789,
      67.74400329589844,
      73.46965789794922,
      74.39414978027344,
      99.24734497070312,
      123.83470916748047,
      126.23155212402344,
      116.57856750488281,
      84.77510833740234,
      70.77352142333984
    ],
    [
      90.26808166503906,
      82.92435455322266,
      72.6344985961914,
      73.1652603149414,
      57.95682907104492,
      61.55893325805664,
      47.9671516418457,
      53.37629699707031,
      60.01236343383789,
      61.97761154174805,
      68.80268096923828,
      70.227783203125,
      93.61754608154297,
      114.64833068847656,
      116.57856750488281,
      109.15091705322266,
      79.78680419921875,
      67.58793640136719
    ],
    [
      66.249267578125,
      60.70628356933594,
      54.28168869018555,
      53.97785568237305,
      40.51128005981445,
      42.9539909362793,
      33.00471878051758,
      36.61551284790039,
      41.188594818115234,
      42.42184829711914,
      49.11847686767578,
      50.0295524597168,
      68.38670349121094,
      80.0709457397461,
      84.77510833740234,
      79.78680419921875,
      63.16043472290039,
      53.94999313354492
    ],
    [
      56.02531814575195,
      51.470149993896484,
      45.557987213134766,
      45.617977142333984,
      34.359458923339844,
      36.4286003112793,
      28.170225143432617,
      31.128442764282227,
      35.035091400146484,
      35.942649841308594,
      42.48270797729492,
      43.4448127746582,
      58.47589111328125,
      67.43597412109375,
      70.77352142333984,
      67.58793640136719,
      53.94999313354492,
      47.740196228027344
    ]
  ],
  "covariance_short": [
    [
      202.02227783203125,
      181.52378845214844,
      124.22193908691406,
      124.01310729980469,
      69.90958404541016,
      76.93791198730469,
      47.303401947021484,
      54.605281829833984,
      51.96516799926758,
      57.12676239013672,
      53.529762268066406,
      55.201316833496094,
      92.83136749267578,
      102.76097869873047,
      96.52529907226562,
      90.33528900146484,
      63.277374267578125,
      53.04766082763672
    ],
    [
      181.52378845214844,
      178.21121215820312,
      113.14879608154297,
      114.2494888305664,
      64.38346862792969,
      71.3120346069336,
      43.52726364135742,
      50.67506408691406,
      47.81494903564453,
      52.582637786865234,
      48.83138656616211,
      50.77913284301758,
      83.9015121459961,
      95.08905792236328,
      88.83323669433594,
      83.14103698730469,
      58.25022506713867,
      48.84342956542969
    ],
    [
      124.22193908691406,
      113.14879608154297,
      128.6017608642578,
      121.18656921386719,
      67.47914123535156,
      72.88812255859375,
      50.16233825683594,
      55.83706283569336,
      58.45362091064453,
      61.67726135253906,
      56.55768585205078,
      54.280147552490234,
      93.35924530029297,
      102.98329162597656,
      95.90978240966797,
      87.74787139892578,
      61.31868362426758,
      50.16220474243164
    ],
    [
      124.01310729980469,
      114.2494888305664,
      121.18656921386719,
      128.4523162841797,
      68.81487274169922,
      75.4617919921875,
      52.57249450683594,
      58.34556198120117,
      61.003604888916016,
      64.43793487548828,
      58.343162536621094,
      56.280269622802734,
      95.02347564697266,
      105.22067260742188,
      96.75264739990234,
      88.9430923461914,
      61.39906311035156,
      50.558074951171875
    ],
    [
      69.90958404541016,
      64.38346862792969,
      67.47914123535156,
      68.81487274169922,
      62.71012878417969,
      58.3310432434082,
      44.8212776184082,
      45.97684097290039,
      49.628746032714844,
      51.07643127441406,
      50.98299789428711,
      48.91541290283203,
      68.78208923339844,
      72.48764038085938,
      64.2039566040039,
      58.55686569213867,
      39.71087646484375,
      33.224300384521484
    ],
    [
      76.93791198730469,
      71.3120346069336,
      72.88812255859375,
      75.4617919921875,
      58.3310432434082,
      71.30986022949219,
      47.29465866088867,
      49.833580017089844,
      53.03204345703125,
      55.10197830200195,
      52.21316146850586,
      50.98066711425781,
      71.54373168945312,
      77.19156646728516,
      67.45257568359375,
      61.93560028076172,
      41.54441452026367,
      34.8350944519043
    ],
    [
      47.303401947021484,
      43.52726364135742,
      50.16233825683594,
      52.57249450683594,
      44.8212776184082,
      47.29465866088867,
      56.741573333740234,
      47.37773513793945,
      50.8519401550293,
      50.9293212890625,
      49.089412689208984,
      46.198081970214844,
      59.5648307800293,
      63.33633804321289,
      53.21855545043945,
      48.36384201049805,
      32.30795669555664,
      27.277254104614258
    ],
    [
      54.605281829833984,
      50.67506408691406,
      55.83706283569336,
      58.34556198120117,
      45.97684097290039,
      49.833580017089844,
      47.37773513793945,
      57.3138542175293,
      51.187408447265625,
      52.41773223876953,
      49.44454574584961,
      47.307289123535156,
      63.13274002075195,
      67.69709014892578,
      57.029380798339844,
      52.23201370239258,
      34.47795867919922,
      29.075485229492188
    ],
    [
      51.96516799926758,
      47.81494903564453,
      58.45362091064453,
      61.003604888916016,
      49.628746032714844,
      53.03204345703125,
      50.8519401550293,
      51.187408447265625,
      70.64947509765625,
      62.99882507324219,
      59.40684509277344,
      54.87100601196289,
      72.76719665527344,
      76.77310943603516,
      65.54219818115234,
      59.43544006347656,
      39.758602142333984,
      33.583168029785156
    ],
    [
      57.12676239013672,
      52.582637786865234,
      61.67726135253906,
      64.43793487548828,
      51.07643127441406,
      55.10197830200195,
      50.9293212890625,
      52.41773223876953,
      62.99882507324219,
      71.35745239257812,
      58.40945053100586,
      54.7260856628418,
      74.01982116699219,
      79.1010513305664,
      66.8230972290039,
      60.91791534423828,
      40.19105529785156,
      33.91913986206055
    ],
    [
      53.529762268066406,
      48.83138656616211,
      56.55768585205078,
      58.343162536621094,
      50.98299789428711,
      52.21316146850586,
      49.089412689208984,
      49.44454574584961,
      59.40684509277344,
      58.40945053100586,
      82.40375518798828,
      72.06806945800781,
      87.8656997680664,
      85.59330749511719,
      79.92363739013672,
      73.69666290283203,
      50.68657302856445,
      43.13202667236328
    ],
    [
      55.201316833496094,
      50.77913284301758,
      54.280147552490234,
      56.280269622802734,
      48.91541290283203,
      50.98066711425781,
      46.198081970214844,
      47.307289123535156,
      54.87100601196289,
      54.7260856628418,
      72.06806945800781,
      75.40916442871094,
      83.89403533935547,
      82.84735870361328,
      76.8268051147461,
      71.87429809570312,
      49.117733001708984,
      42.22114944458008
    ],
    [
      92.83136749267578,
      83.9015121459961,
      93.35924530029297,
      95.02347564697266,
      68.78208923339844,
      71.54373168945312,
      59.5648307800293,
      63.13274002075195,
      72.76719665527344,
      74.01982116699219,
      87.8656997680664,
      83.89403533935547,
      135.35629272460938,
      129.17880249023438,
      120.95651245117188,
      111.57225036621094,
      76.16057586669922,
      63.679325103759766
    ],
    [
      102.76097869873047,
      95.08905792236328,
      102.98329162597656,
      105.22067260742188,
      72.48764038085938,
      77.19156646728516,
      63.33633804321289,
      67.69709014892578,
      76.77310943603516,
      79.1010513305664,
      85.59330749511719,
      82.84735870361328,
      129.17880249023438,
      141.37303161621094,
      127.01445007324219,
      116.93506622314453,
      78.69338989257812,
      65.82421875
    ],
    [
      96.52529907226562,
      88.83323669433594,
      95.90978240966797,
      96.75264739990234,
      64.2039566040039,
      67.45257568359375,
      53.21855545043945,
      57.029380798339844,
      65.54219818115234,
      66.8230972290039,
      79.92363739013672,
      76.8268051147461,
      120.95651245117188,
      127.01445007324219,
      127.51789093017578,
      116.60857391357422,
      83.0781478881836,
      68.77720642089844
    ],
    [
      90.33528900146484,
      83.14103698730469,
      87.74787139892578,
      88.9430923461914,
      58.55686569213867,
      61.93560028076172,
      48.36384201049805,
      52.23201370239258,
      59.43544006347656,
      60.91791534423828,
      73.69666290283203,
      71.87429809570312,
      111.57225036621094,
      116.93506622314453,
      116.60857391357422,
      108.86460876464844,
      76.96990203857422,
      64.88904571533203
    ],
    [
      63.277374267578125,
      58.25022506713867,
      61.31868362426758,
      61.39906311035156,
      39.71087646484375,
      41.54441452026367,
      32.30795669555664,
      34.47795867919922,
      39.758602142333984,
      40.19105529785156,
      50.68657302856445,
      49.117733001708984,
      76.16057586669922,
      78.69338989257812,
      83.0781478881836,
      76.96990203857422,
      61.02992630004883,
      51.258506774902344
    ],
    [
      53.04766082763672,
      48.84342956542969,
      50.16220474243164,
      50.558074951171875,
      33.224300384521484,
      34.8350944519043,
      27.277254104614258,
      29.075485229492188,
      33.583168029785156,
      33.91913986206055,
      43.13202667236328,
      42.22114944458008,
      63.679325103759766,
      65.82421875,
      68.77720642089844,
      64.88904571533203,
      51.258506774902344,
      45.02360153198242
    ]
  ],
  "damage": -17.974576950073242,
  "diff_bandwidth": 580.8943481445312,
  "dissonance": 8.265127609267186,
  "drr": -1.8731781244277954,
  "dynamics": 5.592230796813965,
  "format": 1245190,
  "frames": 17305600,
  "loudness": -23.36749839782715,
  "loudness_range": 23.137269973754883,
  "loudness_range_short": 24.00009536743164,
  "lowpass_true_peak_15khz": -1.418184757232666,
  "mastering3_acoustic_entropies": [
    {
      "acoustic_entropy": 4.599445343017578,
      "acoustic_entropy_mono": 5.279613018035889,
      "band_eliminated_acoustic_entropies": [
        {
          "acoustic_entropy": 4.645353317260742,
          "acoustic_entropy_side": 4.627004623413086,
          "hz": 129.47220167065723
        },
        {
          "acoustic_entropy": 4.822082042694092,
          "acoustic_entropy_side": 4.600556373596191,
          "hz": 202.92927478742237
        },
        {
          "acoustic_entropy": 4.435305595397949,
          "acoustic_entropy_side": 4.541755676269531,
          "hz": 282.89161906338205
        },
        {
          "acoustic_entropy": 4.917309284210205,
          "acoustic_entropy_side": 4.762216091156006,
          "hz": 369.9353335868758
        },
        {
          "acoustic_entropy": 4.814671993255615,
          "acoustic_entropy_side": 4.810952186584473,
          "hz": 464.6875360973435
        },
        {
          "acoustic_entropy": 4.7527689933776855,
          "acoustic_entropy_side": 4.945476531982422,
          "hz": 567.8308811364784
        },
        {
          "acoustic_entropy": 4.568009853363037,
          "acoustic_entropy_side": 4.6005964279174805,
          "hz": 680.1084783214808
        },
        {
          "acoustic_entropy": 4.925843238830566,
          "acoustic_entropy_side": 4.918156623840332,
          "hz": 802.3292461747484
        },
        {
          "acoustic_entropy": 4.328175067901611,
          "acoustic_entropy_side": 4.359373569488525,
          "hz": 935.3737400823702
        },
        {
          "acoustic_entropy": 4.922072887420654,
          "acoustic_entropy_side": 4.614363670349121,
          "hz": 1080.2004963696966
        },
        {
          "acoustic_entropy": 5.261527061462402,
          "acoustic_entropy_side": 4.842071533203125,
          "hz": 1237.8529382007157
        },
        {
          "acoustic_entropy": 4.736782550811768,
          "acoustic_entropy_side": 4.676021099090576,
          "hz": 1409.4668930556702
        },
        {
          "acoustic_entropy": 4.492125034332275,
          "acoustic_entropy_side": 5.041428565979004,
          "hz": 1596.2787759475705
        },
        {
          "acoustic_entropy": 5.016574859619141,
          "acoustic_entropy_side": 4.664036750793457,
          "hz": 1799.6344973346393
        },
        {
          "acoustic_entropy": 4.518245697021484,
          "acoustic_entropy_side": 4.619399547576904,
          "hz": 2020.9991599069049
        },
        {
          "acoustic_entropy": 4.554501056671143,
          "acoustic_entropy_side": 4.585421085357666,
          "hz": 2261.9676141086993
        },
        {
          "acoustic_entropy": 4.661980628967285,
          "acoustic_entropy_side": 4.585561275482178,
          "hz": 2524.2759484456974
        },
        {
          "acoustic_entropy": 4.509215831756592,
          "acoustic_entropy_side": 4.576937675476074,
          "hz": 2809.813997359896
        },
        {
          "acoustic_entropy": 4.5832319259643555,
          "acoustic_entropy_side": 4.637025356292725,
          "hz": 3120.6389567871424
        },
        {
          "acoustic_entropy": 4.737086296081543,
          "acoustic_entropy_side": 4.580888271331787,
          "hz": 3458.990205492291
        },
        {
          "acoustic_entropy": 4.715920925140381,
          "acoustic_entropy_side": 4.626623630523682,
          "hz": 3827.305438964164
        },
        {
          "acoustic_entropy": 4.623376369476318,
          "acoustic_entropy_side": 4.6147141456604,
          "hz": 4228.238232109126
        },
        {
          "acoustic_entropy": 4.60785436630249,
          "acoustic_entropy_side": 4.620877742767334,
          "hz": 4664.6771572759235
        },
        {
          "acoustic_entropy": 4.63037633895874,
          "acoustic_entropy_side": 4.612542629241943,
          "hz": 5139.766595350093
        },
        {
          "acoustic_entropy": 4.618152618408203,
          "acoustic_entropy_side": 4.602351188659668,
          "hz": 5656.929389854203
        },
        {
          "acoustic_entropy": 4.578412055969238,
          "acoustic_entropy_side": 4.5882134437561035,
          "hz": 6219.891507268283
        },
        {
          "acoustic_entropy": 4.453466415405273,
          "acoustic_entropy_side": 4.588859558105469,
          "hz": 6832.70888123896
        },
        {
          "acoustic_entropy": 4.591118335723877,
          "acoustic_entropy_side": 4.594792366027832,
          "hz": 7499.796634079867
        },
        {
          "acoustic_entropy": 4.598601818084717,
          "acoustic_entropy_side": 4.598262310028076,
          "hz": 8225.96088609342
        },
        {
          "acoustic_entropy": 4.610243320465088,
          "acoustic_entropy_side": 4.603752613067627,
          "hz": 9016.43338188839
        },
        {
          "acoustic_entropy": 4.638470649719238,
          "acoustic_entropy_side": 4.608415126800537,
          "hz": 9876.909183162974
        },
        {
          "acoustic_entropy": 4.638819694519043,
          "acoustic_entropy_side": 4.608879089355469,
          "hz": 10813.587699516042
        },
        {
          "acoustic_entropy": 4.652297019958496,
          "acoustic_entropy_side": 4.616020679473877,
          "hz": 11833.21735289826
        },
        {
          "acoustic_entropy": 4.650901794433594,
          "acoustic_entropy_side": 4.6226935386657715,
          "hz": 12943.144197493959
        },
        {
          "acoustic_entropy": 4.644095420837402,
          "acoustic_entropy_side": 4.6237664222717285,
          "hz": 14151.364845322005
        },
        {
          "acoustic_entropy": 4.646644592285156,
          "acoustic_entropy_side": 4.619207382202148,
          "hz": 15466.58407886509
        },
        {
          "acoustic_entropy": 4.647157192230225,
          "acoustic_entropy_side": 4.616621017456055,
          "hz": 16898.27756580493
        },
        {
          "acoustic_entropy": 4.642444133758545,
          "acoustic_entropy_side": 4.612524032592773,
          "hz": 18456.760127700032
        },
        {
          "acoustic_entropy": 4.615180492401123,
          "acoustic_entropy_side": 4.6018877029418945,
          "hz": 20153.260054456492
        },
        {
          "acoustic_entropy": 4.5996994972229,
          "acoustic_entropy_side": 4.599534511566162,
          "hz": 22000.00000000001
        }
      ],
      "diff_acoustic_entropy": 2.373143196105957,
      "sn": 6
    },
    {
      "acoustic_entropy": 8.876749992370605,
      "acoustic_entropy_mono": 8.814531326293945,
      "band_eliminated_acoustic_entropies": [
        {
          "acoustic_entropy": 8.662080764770508,
          "acoustic_entropy_side": 8.92495059967041,
          "hz": 129.47220167065723
        },
        {
          "acoustic_entropy": 8.845832824707031,
          "acoustic_entropy_side": 8.948570251464844,
          "hz": 202.92927478742237
        },
        {
          "acoustic_entropy": 8.904924392700195,
          "acoustic_entropy_side": 8.695178985595703,
          "hz": 282.89161906338205
        },
        {
          "acoustic_entropy": 8.969499588012695,
          "acoustic_entropy_side": 8.940337181091309,
          "hz": 369.9353335868758
        },
        {
          "acoustic_entropy": 9.333731651306152,
          "acoustic_entropy_side": 9.020896911621094,
          "hz": 464.6875360973435
        },
        {
          "acoustic_entropy": 8.994884490966797,
          "acoustic_entropy_side": 9.198945045471191,
          "hz": 567.8308811364784
        },
        {
          "acoustic_entropy": 8.822318077087402,
          "acoustic_entropy_side": 8.725419998168945,
          "hz": 680.1084783214808
        },
        {
          "acoustic_entropy": 9.594758987426758,
          "acoustic_entropy_side": 8.832730293273926,
          "hz": 802.3292461747484
        },
        {
          "acoustic_entropy": 8.716740608215332,
          "acoustic_entropy_side": 8.888819694519043,
          "hz": 935.3737400823702
        },
        {
          "acoustic_entropy": 8.870489120483398,
          "acoustic_entropy_side": 8.701970100402832,
          "hz": 1080.2004963696966
        },
        {
          "acoustic_entropy": 9.522558212280273,
          "acoustic_entropy_side": 8.808399200439453,
          "hz": 1237.8529382007157
        },
        {
          "acoustic_entropy": 9.0350341796875,
          "acoustic_entropy_side": 8.771413803100586,
          "hz": 1409.4668930556702
        },
        {
          "acoustic_entropy": 8.533578872680664,
          "acoustic_entropy_side": 8.625104904174805,
          "hz": 1596.2787759475705
        },
        {
          "acoustic_entropy": 9.355707168579102,
          "acoustic_entropy_side": 9.285893440246582,
          "hz": 1799.6344973346393
        },
        {
          "acoustic_entropy": 8.703255653381348,
          "acoustic_entropy_side": 9.078619003295898,
          "hz": 2020.9991599069049
        },
        {
          "acoustic_entropy": 8.968746185302734,
          "acoustic_entropy_side": 9.050594329833984,
          "hz": 2261.9676141086993
        },
        {
          "acoustic_entropy": 8.847455024719238,
          "acoustic_entropy_side": 8.945334434509277,
          "hz": 2524.2759484456974
        },
        {
          "acoustic_entropy": 9.436576843261719,
          "acoustic_entropy_side": 9.007716178894043,
          "hz": 2809.813997359896
        },
        {
          "acoustic_entropy": 8.749842643737793,
          "acoustic_entropy_side": 8.89108657836914,
          "hz": 3120.6389567871424
        },
        {
          "acoustic_entropy": 8.62418270111084,
          "acoustic_entropy_side": 8.79960823059082,
          "hz": 3458.990205492291
        },
        {
          "acoustic_entropy": 8.904929161071777,
          "acoustic_entropy_side": 8.921335220336914,
          "hz": 3827.305438964164
        },
        {
          "acoustic_entropy": 8.806330680847168,
          "acoustic_entropy_side": 8.858546257019043,
          "hz": 4228.238232109126
        },
        {
          "acoustic_entropy": 8.885756492614746,
          "acoustic_entropy_side": 8.883156776428223,
          "hz": 4664.6771572759235
        },
        {
          "acoustic_entropy": 8.93110466003418,
          "acoustic_entropy_side": 8.878555297851562,
          "hz": 5139.766595350093
        },
        {
          "acoustic_entropy": 8.905731201171875,
          "acoustic_entropy_side": 8.874841690063477,
          "hz": 5656.929389854203
        },
        {
          "acoustic_entropy": 8.881260871887207,
          "acoustic_entropy_side": 8.861337661743164,
          "hz": 6219.891507268283
        },
        {
          "acoustic_entropy": 8.832436561584473,
          "acoustic_entropy_side": 8.847392082214355,
          "hz": 6832.70888123896
        },
        {
          "acoustic_entropy": 8.852134704589844,
          "acoustic_entropy_side": 8.862311363220215,
          "hz": 7499.796634079867
        },
        {
          "acoustic_entropy": 8.861092567443848,
          "acoustic_entropy_side": 8.849344253540039,
          "hz": 8225.96088609342
        },
        {
          "acoustic_entropy": 8.853677749633789,
          "acoustic_entropy_side": 8.850035667419434,
          "hz": 9016.43338188839
        },
        {
          "acoustic_entropy": 8.843998908996582,
          "acoustic_entropy_side": 8.85434627532959,
          "hz": 9876.909183162974
        },
        {
          "acoustic_entropy": 8.839616775512695,
          "acoustic_entropy_side": 8.855709075927734,
          "hz": 10813.587699516042
        },
        {
          "acoustic_entropy": 8.830263137817383,
          "acoustic_entropy_side": 8.856083869934082,
          "hz": 11833.21735289826
        },
        {
          "acoustic_entropy": 8.839759826660156,
          "acoustic_entropy_side": 8.867724418640137,
          "hz": 12943.144197493959
        },
        {
          "acoustic_entropy": 8.846770286560059,
          "acoustic_entropy_side": 8.8733549118042,
          "hz": 14151.364845322005
        },
        {
          "acoustic_entropy": 8.848464012145996,
          "acoustic_entropy_side": 8.8799467086792,
          "hz": 15466.58407886509
        },
        {
          "acoustic_entropy": 8.841079711914062,
          "acoustic_entropy_side": 8.878854751586914,
          "hz": 16898.27756580493
        },
        {
          "acoustic_entropy": 8.850334167480469,
          "acoustic_entropy_side": 8.878575325012207,
          "hz": 18456.760127700032
        },
        {
          "acoustic_entropy": 8.87558650970459,
          "acoustic_entropy_side": 8.879084587097168,
          "hz": 20153.260054456492
        },
        {
          "acoustic_entropy": 8.877089500427246,
          "acoustic_entropy_side": 8.876904487609863,
          "hz": 22000.00000000001
        }
      ],
      "diff_acoustic_entropy": 4.585015773773193,
      "sn": 12
    },
    {
      "acoustic_entropy": 16.032764434814453,
      "acoustic_entropy_mono": 16.683595657348633,
      "band_eliminated_acoustic_entropies": [
        {
          "acoustic_entropy": 15.859686851501465,
          "acoustic_entropy_side": 16.828161239624023,
          "hz": 129.47220167065723
        },
        {
          "acoustic_entropy": 16.567676544189453,
          "acoustic_entropy_side": 16.30681037902832,
          "hz": 202.92927478742237
        },
        {
          "acoustic_entropy": 16.685888290405273,
          "acoustic_entropy_side": 16.725187301635742,
          "hz": 282.89161906338205
        },
        {
          "acoustic_entropy": 15.368233680725098,
          "acoustic_entropy_side": 15.64240837097168,
          "hz": 369.9353335868758
        },
        {
          "acoustic_entropy": 15.791753768920898,
          "acoustic_entropy_side": 15.851144790649414,
          "hz": 464.6875360973435
        },
        {
          "acoustic_entropy": 15.889252662658691,
          "acoustic_entropy_side": 15.935898780822754,
          "hz": 567.8308811364784
        },
        {
          "acoustic_entropy": 16.22720718383789,
          "acoustic_entropy_side": 16.112070083618164,
          "hz": 680.1084783214808
        },
        {
          "acoustic_entropy": 15.968344688415527,
          "acoustic_entropy_side": 16.0393009185791,
          "hz": 802.3292461747484
        },
        {
          "acoustic_entropy": 14.377330780029297,
          "acoustic_entropy_side": 16.479881286621094,
          "hz": 935.3737400823702
        },
        {
          "acoustic_entropy": 15.968291282653809,
          "acoustic_entropy_side": 16.253515243530273,
          "hz": 1080.2004963696966
        },
        {
          "acoustic_entropy": 15.702247619628906,
          "acoustic_entropy_side": 16.123821258544922,
          "hz": 1237.8529382007157
        },
        {
          "acoustic_entropy": 16.25664520263672,
          "acoustic_entropy_side": 16.708053588867188,
          "hz": 1409.4668930556702
        },
        {
          "acoustic_entropy": 14.907331466674805,
          "acoustic_entropy_side": 15.590875625610352,
          "hz": 1596.2787759475705
        },
        {
          "acoustic_entropy": 15.930694580078125,
          "acoustic_entropy_side": 15.709379196166992,
          "hz": 1799.6344973346393
        },
        {
          "acoustic_entropy": 16.159488677978516,
          "acoustic_entropy_side": 16.07369613647461,
          "hz": 2020.9991599069049
        },
        {
          "acoustic_entropy": 16.66598892211914,
          "acoustic_entropy_side": 16.459077835083008,
          "hz": 2261.9676141086993
        },
        {
          "acoustic_entropy": 15.73122501373291,
          "acoustic_entropy_side": 15.777400016784668,
          "hz": 2524.2759484456974
        },
        {
          "acoustic_entropy": 16.328947067260742,
          "acoustic_entropy_side": 16.29933738708496,
          "hz": 2809.813997359896
        },
        {
          "acoustic_entropy": 15.779214859008789,
          "acoustic_entropy_side": 16.388731002807617,
          "hz": 3120.6389567871424
        },
        {
          "acoustic_entropy": 16.429628372192383,
          "acoustic_entropy_side": 16.38177490234375,
          "hz": 3458.990205492291
        },
        {
          "acoustic_entropy": 16.09377670288086,
