{
  "acoustic_entropy": 213.13534545898438,
  "bands": [
    {
      "high_freq": 148.1999969482422,
      "loudness": -28.4865779876709,
      "loudness_range": 17.77543067932129,
      "mid_mean": -25.493593215942383,
      "mid_to_side_loudness": -12.02674674987793,
      "mid_to_side_loudness_range": 21.076107025146484,
      "side_mean": -37.57844161987305
    },
    {
      "high_freq": 392.3793640136719,
      "loudness": -21.2749080657959,
      "loudness_range": 7.6428680419921875,
      "low_freq": 148.1999969482422,
      "mid_mean": -19.08632469177246,
      "mid_to_side_loudness": -4.6509270668029785,
      "mid_to_side_loudness_range": 9.828497886657715,
      "side_mean": -23.896324157714844
    },
    {
      "high_freq": 794.6976318359375,
      "loudness": -25.691747665405273,
      "loudness_range": 17.022998809814453,
      "low_freq": 392.3793640136719,
      "mid_mean": -23.013999938964844,
      "mid_to_side_loudness": -8.108176231384277,
      "mid_to_side_loudness_range": 16.312089920043945,
      "side_mean": -31.37649917602539
    },
    {
      "high_freq": 1457.5709228515625,
      "loudness": -29.39634895324707,
      "loudness_range": 22.996503829956055,
      "low_freq": 794.6976318359375,
      "mid_mean": -26.93083953857422,
      "mid_to_side_loudness": -7.772624492645264,
      "mid_to_side_loudness_range": 19.8535099029541,
      "side_mean": -35.14328384399414
    },
    {
      "high_freq": 2549.74365234375,
      "loudness": -33.38435363769531,
      "loudness_range": 25.97180938720703,
      "low_freq": 1457.5709228515625,
      "mid_mean": -30.864347457885742,
      "mid_to_side_loudness": -7.989546775817871,
      "mid_to_side_loudness_range": 19.96471405029297,
      "side_mean": -39.254791259765625
    },
    {
      "high_freq": 4349.24462890625,
      "loudness": -35.04747009277344,
      "loudness_range": 19.113452911376953,
      "low_freq": 2549.74365234375,
      "mid_mean": -32.27069091796875,
      "mid_to_side_loudness": -8.705947875976562,
      "mid_to_side_loudness_range": 17.527742385864258,
      "side_mean": -41.43810272216797
    },
    {
      "high_freq": 7314.1640625,
      "loudness": -37.98472213745117,
      "loudness_range": 18.235538482666016,
      "low_freq": 4349.24462890625,
      "mid_mean": -34.92948913574219,
      "mid_to_side_loudness": -9.897900581359863,
      "mid_to_side_loudness_range": 15.457917213439941,
      "side_mean": -45.4373779296875
    },
    {
      "high_freq": 12199.2666015625,
      "loudness": -37.14727020263672,
      "loudness_range": 19.581689834594727,
      "low_freq": 7314.1640625,
      "mid_mean": -33.88459014892578,
      "mid_to_side_loudness": -12.569720268249512,
      "mid_to_side_loudness_range": 19.208620071411133,
      "side_mean": -47.38380813598633
    },
    {
      "loudness": -48.078250885009766,
      "loudness_range": 19.242626190185547,
      "low_freq": 12199.2666015625,
      "mid_mean": -45.198917388916016,
      "mid_to_side_loudness": -11.45512866973877,
      "mid_to_side_loudness_range": 18.869422912597656,
      "side_mean": -57.001617431640625
    }
  ],
  "bands_short": [
    {
      "high_freq": 148.1999969482422,
      "loudness": -32.02574920654297,
      "loudness_range": 23.742198944091797,
      "mid_mean": -28.923128128051758,
      "mid_to_side_loudness": -14.649009704589844,
      "mid_to_side_loudness_range": 26.009138107299805,
      "side_mean": -43.91532516479492
    },
    {
      "high_freq": 392.3793640136719,
      "loudness": -22.103822708129883,
      "loudness_range": 10.71551513671875,
      "low_freq": 148.1999969482422,
      "mid_mean": -20.2977237701416,
      "mid_to_side_loudness": -4.120631694793701,
      "mid_to_side_loudness_range": 13.44243049621582,
      "side_mean": -24.51666259765625
    },
    {
      "high_freq": 794.6976318359375,
      "loudness": -26.436847686767578,
      "loudness_range": 18.53432846069336,
      "low_freq": 392.3793640136719,
      "mid_mean": -24.01886558532715,
      "mid_to_side_loudness": -7.266094207763672,
      "mid_to_side_loudness_range": 17.839855194091797,
      "side_mean": -31.59282684326172
    },
    {
      "high_freq": 1457.5709228515625,
      "loudness": -30.086610794067383,
      "loudness_range": 26.55862045288086,
      "low_freq": 794.6976318359375,
      "mid_mean": -27.96124839782715,
      "mid_to_side_loudness": -6.7861552238464355,
      "mid_to_side_loudness_range": 20.88566017150879,
      "side_mean": -35.34446716308594
    },
    {
      "high_freq": 2549.74365234375,
      "loudness": -35.161312103271484,
      "loudness_range": 28.967891693115234,
      "low_freq": 1457.5709228515625,
      "mid_mean": -32.97074508666992,
      "mid_to_side_loudness": -6.6747260093688965,
      "mid_to_side_loudness_range": 19.76456642150879,
      "side_mean": -40.156429290771484
    },
    {
      "high_freq": 4349.24462890625,
      "loudness": -36.87045669555664,
      "loudness_range": 22.267086029052734,
      "low_freq": 2549.74365234375,
      "mid_mean": -34.39094543457031,
      "mid_to_side_loudness": -7.755973815917969,
      "mid_to_side_loudness_range": 18.940759658813477,
      "side_mean": -42.61187744140625
    },
    {
      "high_freq": 7314.1640625,
      "loudness": -41.23093795776367,
      "loudness_range": 25.139333724975586,
      "low_freq": 4349.24462890625,
      "mid_mean": -38.60761642456055,
      "mid_to_side_loudness": -8.170039176940918,
      "mid_to_side_loudness_range": 17.909765243530273,
      "side_mean": -47.36731719970703
    },
    {
      "high_freq": 12199.2666015625,
      "loudness": -39.75934982299805,
      "loudness_range": 23.291975021362305,
      "low_freq": 7314.1640625,
      "mid_mean": -36.71757888793945,
      "mid_to_side_loudness": -12.088844299316406,
      "mid_to_side_loudness_range": 22.568321228027344,
      "side_mean": -50.60097885131836
    },
    {
      "loudness": -51.17176818847656,
      "loudness_range": 24.468647003173828,
      "low_freq": 12199.2666015625,
      "mid_mean": -48.16987228393555,
      "mid_to_side_loudness": -12.426382064819336,
      "mid_to_side_loudness_range": 23.440622329711914,
      "side_mean": -60.268306732177734
    }
  ],
  "bandwidth": 591.9993286132812,
  "channels": 2,
  "covariance": [
    [
      50.01708984375,
      8.534491539001465,
      6.566199779510498,
      3.5723955631256104,
      6.887697219848633,
      5.7723612785339355,
      4.213719367980957,
      6.143250465393066,
      4.185771942138672,
      10.90549373626709,
      1.6400665044784546,
      5.218162536621094,
      -1.2503821849822998,
      3.4404408931732178,
      -1.3817665576934814,
      2.3898468017578125,
      2.5616400241851807,
      3.10565185546875
    ],
    [
      8.534491539001465,
      20.80426597595215,
      1.2989064455032349,
      3.5880069732666016,
      -4.424927234649658,
      -0.742797315120697,
      -6.752590656280518,
      -4.048273086547852,
      -10.776299476623535,
      -3.602245569229126,
      -8.260427474975586,
      -2.0209124088287354,
      -7.2328314781188965,
      -2.045647382736206,
      -6.406980037689209,
      -1.9460556507110596,
      -2.007357597351074,
      -0.8375400900840759
    ],
    [
      6.566199779510498,
      1.2989064455032349,
      16.019338607788086,
      7.094278812408447,
      15.066864967346191,
      6.195321083068848,
      12.646008491516113,
      6.3866448402404785,
      15.950394630432129,
      8.26723575592041,
      14.046360969543457,
      6.956462860107422,
      11.615169525146484,
      8.157083511352539,
      12.48890495300293,
      8.327479362487793,
      14.67736530303955,
      3.0549893379211426
    ],
    [
      3.5723955631256104,
      3.5880069732666016,
      7.094278812408447,
      11.422723770141602,
      5.085585594177246,
      4.351200580596924,
      3.0027573108673096,
      2.968088150024414,
      3.097111225128174,
      3.7711358070373535,
      2.868173122406006,
      4.130256175994873,
      3.019312858581543,
      4.718324661254883,
      1.8341145515441895,
      4.328795433044434,
      6.549212455749512,
      1.560866117477417
    ],
    [
      6.887697219848633,
      -4.424927234649658,
      15.066864967346191,
      5.085585594177246,
      46.118316650390625,
      16.46728515625,
      44.698177337646484,
      18.823482513427734,
      47.3753547668457,
      20.701087951660156,
      32.36088562011719,
      11.487739562988281,
      16.68894386291504,
      10.29648494720459,
      23.34215545654297,
      11.503106117248535,
      24.173030853271484,
      5.631502628326416
    ],
    [
      5.7723612785339355,
      -0.742797315120697,
      6.195321083068848,
      4.351200580596924,
      16.46728515625,
      19.25702667236328,
      15.054895401000977,
      16.797269821166992,
      15.665820121765137,
      16.291507720947266,
      9.080242156982422,
      9.902933120727539,
      4.599650859832764,
      7.722639083862305,
      4.550119400024414,
      6.5236496925354,
      8.651785850524902,
      4.527669429779053
    ],
    [
      4.213719367980957,
      -6.752590656280518,
      12.646008491516113,
      3.0027573108673096,
      44.698177337646484,
      15.054895401000977,
      69.73148345947266,
      23.174964904785156,
      63.145442962646484,
      23.747404098510742,
      40.38115310668945,
      12.943684577941895,
      16.665170669555664,
      10.369321823120117,
      25.98960304260254,
      10.804281234741211,
      25.85096549987793,
      5.140711784362793
    ],
    [
      6.143250465393066,
      -4.048273086547852,
      6.3866448402404785,
      2.968088150024414,
      18.823482513427734,
      16.797269821166992,
      23.174964904785156,
      32.12509536743164,
      21.196260452270508,
      24.76481056213379,
      14.509210586547852,
      17.77585220336914,
      10.492140769958496,
      14.01391315460205,
      8.941801071166992,
      12.092717170715332,
      11.668511390686035,
      8.698603630065918
    ],
    [
      4.185771942138672,
      -10.776299476623535,
      15.950394630432129,
      3.097111225128174,
      47.3753547668457,
      15.665820121765137,
      63.145442962646484,
      21.196260452270508,
      80.226806640625,
      29.9368839263916,
      52.10052490234375,
      15.502288818359375,
      26.86241340637207,
      13.73444938659668,
      35.228824615478516,
      14.971487045288086,
      34.52953338623047,
      7.468760013580322
    ],
    [
      10.90549373626709,
      -3.602245569229126,
      8.26723575592041,
      3.7711358070373535,
      20.701087951660156,
      16.291507720947266,
      23.747404098510742,
      24.76481056213379,
      29.9368839263916,
      32.97203826904297,
      18.06798553466797,
      18.807592391967773,
      11.864553451538086,
      15.134363174438477,
      11.736815452575684,
      12.657270431518555,
      14.395400047302246,
      9.0736722946167
    ],
    [
      1.6400665044784546,
      -8.260427474975586,
      14.046360969543457,
      2.868173122406006,
      32.36088562011719,
      9.080242156982422,
      40.38115310668945,
      14.509210586547852,
      52.10052490234375,
      18.06798553466797,
      46.37133026123047,
      14.85045337677002,
      32.2393798828125,
      16.01738929748535,
      34.93427276611328,
      16.79549789428711,
      33.15166091918945,
      8.487746238708496
    ],
    [
      5.218162536621094,
      -2.0209124088287354,
      6.956462860107422,
      4.130256175994873,
      11.487739562988281,
      9.902933120727539,
      12.943684577941895,
      17.77585220336914,
      15.502288818359375,
      18.807592391967773,
      14.85045337677002,
      22.998449325561523,
      14.454140663146973,
      21.17971420288086,
      10.166547775268555,
      18.157209396362305,
      13.888506889343262,
      11.676796913146973
    ],
    [
      -1.2503821849822998,
      -7.2328314781188965,
      11.615169525146484,
      3.019312858581543,
      16.68894386291504,
      4.599650859832764,
      16.665170669555664,
      10.492140769958496,
      26.86241340637207,
      11.864553451538086,
      32.2393798828125,
      14.454140663146973,
      48.23320388793945,
      22.37215805053711,
      41.58540725708008,
      22.12968635559082,
      36.87445831298828,
      12.101081848144531
    ],
    [
      3.4404408931732178,
      -2.045647382736206,
      8.157083511352539,
      4.718324661254883,
      10.29648494720459,
      7.722639083862305,
      10.369321823120117,
      14.01391315460205,
      13.73444938659668,
      15.134363174438477,
      16.01738929748535,
      21.17971420288086,
      22.37215805053711,
      28.260845184326172,
      15.794219017028809,
      25.394046783447266,
      20.206897735595703,
      15.216182708740234
    ],
    [
      -1.3817665576934814,
      -6.406980037689209,
      12.48890495300293,
      1.8341145515441895,
      23.34215545654297,
      4.550119400024414,
      25.98960304260254,
      8.941801071166992,
      35.228824615478516,
      11.736815452575684,
      34.93427276611328,
      10.166547775268555,
      41.58540725708008,
      15.794219017028809,
      50.22309494018555,
      19.375486373901367,
      42.853885650634766,
      10.944113731384277
    ],
    [
      2.3898468017578125,
      -1.9460556507110596,
      8.327479362487793,
      4.328795433044434,
      11.503106117248535,
      6.5236496925354,
      10.804281234741211,
      12.092717170715332,
      14.971487045288086,
      12.657270431518555,
      16.79549789428711,
      18.157209396362305,
      22.12968635559082,
      25.394046783447266,
      19.375486373901367,
      29.443161010742188,
      24.463354110717773,
      19.59856414794922
    ],
    [
      2.5616400241851807,
      -2.007357597351074,
      14.67736530303955,
      6.549212455749512,
      24.173030853271484,
      8.651785850524902,
      25.85096549987793,
      11.668511390686035,
      34.52953338623047,
      14.395400047302246,
      33.15166091918945,
      13.888506889343262,
      36.87445831298828,
      20.206897735595703,
      42.853885650634766,
      24.463354110717773,
      50.59037399291992,
      16.762920379638672
    ],
    [
      3.10565185546875,
      -0.8375400900840759,
      3.0549893379211426,
      1.560866117477417,
      5.631502628326416,
      4.527669429779053,
      5.140711784362793,
      8.698603630065918,
      7.468760013580322,
      9.0736722946167,
      8.487746238708496,
      11.676796913146973,
      12.101081848144531,
      15.216182708740234,
      10.944113731384277,
      19.59856414794922,
      16.762920379638672,
      26.523151397705078
    ]
  ],
  "covariance_short": [
    [
      78.80355072021484,
      17.131790161132812,
      12.924596786499023,
      5.442018508911133,
      9.975622177124023,
      6.610445499420166,
      6.839498043060303,
      6.371185779571533,
      9.334097862243652,
      10.747577667236328,
      6.662747383117676,
      5.823209285736084,
      3.274683952331543,
      5.753138065338135,
      2.850041389465332,
      4.414444923400879,
      6.019247531890869,
      0.41122639179229736
    ],
    [
      17.131790161132812,
      36.69639587402344,
      6.1277265548706055,
      7.260200023651123,
      1.3467141389846802,
      0.8123064041137695,
      -0.42898908257484436,
      0.7903025150299072,
      -3.1692631244659424,
      -0.49387064576148987,
      -0.9017229080200195,
      1.621949315071106,
      -0.4466897249221802,
      2.5877530574798584,
      -1.4275330305099487,
      1.3598952293395996,
      1.2156331539154053,
      0.05497211962938309
    ],
    [
      12.924596786499023,
      6.1277265548706055,
      23.47481918334961,
      8.573738098144531,
      15.13935375213623,
      6.549116134643555,
      9.862107276916504,
      5.679964542388916,
      13.419844627380371,
      8.072553634643555,
      12.991934776306152,
      7.31780481338501,
      12.17386245727539,
      8.154467582702637,
      12.648824691772461,
      8.808206558227539,
      13.616453170776367,
      2.1976258754730225
    ],
    [
      5.442018508911133,
      7.260200023651123,
      8.573738098144531,
      17.239643096923828,
      5.320005893707275,
      4.929314136505127,
      3.2907118797302246,
      3.9699621200561523,
      3.509502649307251,
      4.551321983337402,
      3.19368577003479,
      5.2864766120910645,
      3.6455206871032715,
      5.857762813568115,
      2.524322986602783,
      4.877841472625732,
      5.231315612792969,
      1.3843721151351929
    ],
    [
      9.975622177124023,
      1.3467141389846802,
      15.13935375213623,
      5.320005893707275,
      53.56452941894531,
      17.69096565246582,
      50.94687271118164,
      21.113758087158203,
      52.232093811035156,
      23.683509826660156,
      38.33845520019531,
      14.823371887207031,
      19.945436477661133,
      12.760732650756836,
      27.48704719543457,
      15.110361099243164,
      26.849895477294922,
      3.579601764678955
    ],
    [
      6.610445499420166,
      0.8123064041137695,
      6.549116134643555,
      4.929314136505127,
      17.69096565246582,
      23.71946144104004,
      17.0004825592041,
      18.740406036376953,
      18.115516662597656,
      19.023487091064453,
      11.875505447387695,
      12.593061447143555,
      7.7507195472717285,
      10.333444595336914,
      6.745993137359619,
      9.359829902648926,
      9.997480392456055,
      4.555562973022461
    ],
    [
      6.839498043060303,
      -0.42898908257484436,
      9.862107276916504,
      3.2907118797302246,
      50.94687271118164,
      17.0004825592041,
      87.235107421875,
      30.415687561035156,
      75.09352111816406,
      29.97443962097168,
      51.67740249633789,
      19.460773468017578,
      23.75938606262207,
      15.7479248046875,
      34.70869064331055,
      17.342771530151367,
      33.120967864990234,
      4.311312675476074
    ],
    [
      6.371185779571533,
      0.7903025150299072,
      5.679964542388916,
      3.9699621200561523,
      21.113758087158203,
      18.740406036376953,
      30.415687561035156,
      39.15253829956055,
      27.967226028442383,
      29.35261344909668,
      20.436540603637695,
      22.57465362548828,
      15.27797794342041,
      18.56363296508789,
      13.197587013244629,
      15.91285228729248,
      14.559603691101074,
      9.470345497131348
    ],
    [
      9.334097862243652,
      -3.1692631244659424,
      13.419844627380371,
      3.509502649307251,
      52.232093811035156,
      18.115516662597656,
      75.09352111816406,
      27.967226028442383,
      95.94276428222656,
      38.826053619384766,
      66.43960571289062,
      23.773170471191406,
      36.989070892333984,
      21.18413543701172,
      45.19672393798828,
      24.676958084106445,
      43.02567672729492,
      9.210474014282227
    ],
    [
      10.747577667236328,
      -0.49387064576148987,
      8.072553634643555,
      4.551321983337402,
      23.683509826660156,
      19.023487091064453,
      29.97443962097168,
      29.35261344909668,
      38.826053619384766,
      41.11282730102539,
      25.79593276977539,
      25.677963256835938,
      19.136045455932617,
      22.33849334716797,
      16.93132781982422,
      20.136384963989258,
      18.42852020263672,
      11.889057159423828
    ],
    [
      6.662747383117676,
      -0.9017229080200195,
      12.991934776306152,
      3.19368577003479,
      38.33845520019531,
      11.875505447387695,
      51.67740249633789,
      20.436540603637695,
      66.43960571289062,
      25.79593276977539,
      65.81684875488281,
      23.440507888793945,
      47.47845458984375,
      24.743572235107422,
      49.49862289428711,
      29.04125213623047,
      46.22945022583008,
      12.79403018951416
    ],
    [
      5.823209285736084,
      1.621949315071106,
      7.31780481338501,
      5.2864766120910645,
      14.823371887207031,
      12.593061447143555,
      19.460773468017578,
      22.57465362548828,
      23.773170471191406,
      25.677963256835938,
      23.440507888793945,
      33.837738037109375,
      22.648983001708984,
      32.63829040527344,
      14.607438087463379,
      29.33350944519043,
      16.854990005493164,
      16.16422462463379
    ],
    [
      3.274683952331543,
      -0.4466897249221802,
      12.17386245727539,
      3.6455206871032715,
      19.945436477661133,
      7.7507195472717285,
      23.75938606262207,
      15.27797794342041,
      36.989070892333984,
      19.136045455932617,
      47.47845458984375,
      22.648983001708984,
      69.06452178955078,
      33.19194412231445,
      57.15297317504883,
      38.12492752075195,
      52.10400390625,
      21.542695999145508
    ],
    [
      5.753138065338135,
      2.5877530574798584,
      8.154467582702637,
      5.857762813568115,
      12.760732650756836,
      10.333444595336914,
      15.7479248046875,
      18.56363296508789,
      21.18413543701172,
      22.33849334716797,
      24.743572235107422,
      32.63829040527344,
      33.19194412231445,
      47.21011734008789,
      21.2890682220459,
      44.35451126098633,
      24.390920639038086,
      24.164030075073242
    ],
    [
      2.850041389465332,
      -1.4275330305099487,
      12.648824691772461,
      2.524322986602783,
      27.48704719543457,
      6.745993137359619,
      34.70869064331055,
      13.197587013244629,
      45.19672393798828,
      16.93132781982422,
      49.49862289428711,
      14.607438087463379,
      57.15297317504883,
      21.2890682220459,
      74.75669860839844,
      31.12963104248047,
      61.86767578125,
      18.600330352783203
    ],
    [
      4.414444923400879,
      1.3598952293395996,
      8.808206558227539,
      4.877841472625732,
      15.110361099243164,
      9.359829902648926,
      17.342771530151367,
      15.91285228729248,
      24.676958084106445,
      20.136384963989258,
      29.04125213623047,
      29.33350944519043,
      38.12492752075195,
      44.35451126098633,
      31.12963104248047,
      63.96308898925781,
      38.154788970947266,
      38.97690963745117
    ],
    [
      6.019247531890869,
      1.2156331539154053,
      13.616453170776367,
      5.231315612792969,
      26.849895477294922,
      9.997480392456055,
      33.120967864990234,
      14.559603691101074,
      43.02567672729492,
      18.42852020263672,
      46.22945022583008,
      16.854990005493164,
      52.10400390625,
      24.390920639038086,
      61.86767578125,
      38.154788970947266,
      72.3313980102539,
      25.6742000579834
    ],
    [
      0.41122639179229736,
      0.05497211962938309,
      2.1976258754730225,
      1.3843721151351929,
      3.579601764678955,
      4.555562973022461,
      4.311312675476074,
      9.470345497131348,
      9.210474014282227,
      11.889057159423828,
      12.79403018951416,
      16.16422462463379,
      21.542695999145508,
      24.164030075073242,
      18.600330352783203,
      38.97690963745117,
      25.6742000579834,
      42.86338806152344
    ]
  ],
  "damage": -7.722095966339111,
  "diff_bandwidth": 648.473876953125,
  "dissonance": 7.741849973032677,
  "drr": 1.8942660093307495,
  "dynamics": 3.548793315887451,
  "format": 1245190,
  "frames": 7835648,
  "loudness": -13.45554256439209,
  "loudness_range": 9.786828994750977,
  "loudness_range_short": 12.569697380065918,
  "lowpass_true_peak_15khz": -0.3124481439590454,
  "mastering3_acoustic_entropies": [
    {
      "acoustic_entropy": 9.000630378723145,
      "acoustic_entropy_mono": 9.432637214660645,
      "band_eliminated_acoustic_entropies": [
        {
          "acoustic_entropy": 9.020328521728516,
          "acoustic_entropy_side": 9.000670433044434,
          "hz": 129.47220167065723
        },
        {
          "acoustic_entropy": 9.182180404663086,
          "acoustic_entropy_side": 9.263718605041504,
          "hz": 202.92927478742237
        },
        {
          "acoustic_entropy": 9.038966178894043,
          "acoustic_entropy_side": 9.388030052185059,
          "hz": 282.89161906338205
        },
        {
          "acoustic_entropy": 9.539726257324219,
          "acoustic_entropy_side": 9.193622589111328,
          "hz": 369.9353335868758
        },
        {
          "acoustic_entropy": 9.572212219238281,
          "acoustic_entropy_side": 9.118463516235352,
          "hz": 464.6875360973435
        },
        {
          "acoustic_entropy": 9.486340522766113,
          "acoustic_entropy_side": 9.342240333557129,
          "hz": 567.8308811364784
        },
        {
          "acoustic_entropy": 9.321859359741211,
          "acoustic_entropy_side": 8.947896003723145,
          "hz": 680.1084783214808
        },
        {
          "acoustic_entropy": 9.003840446472168,
          "acoustic_entropy_side": 9.344195365905762,
          "hz": 802.3292461747484
        },
        {
          "acoustic_entropy": 8.830517768859863,
          "acoustic_entropy_side": 9.049428939819336,
          "hz": 935.3737400823702
        },
        {
          "acoustic_entropy": 9.89025592803955,
          "acoustic_entropy_side": 9.109448432922363,
          "hz": 1080.2004963696966
        },
        {
          "acoustic_entropy": 9.258626937866211,
          "acoustic_entropy_side": 8.866983413696289,
          "hz": 1237.8529382007157
        },
        {
          "acoustic_entropy": 9.062164306640625,
          "acoustic_entropy_side": 9.11767292022705,
          "hz": 1409.4668930556702
        },
        {
          "acoustic_entropy": 9.130014419555664,
          "acoustic_entropy_side": 8.921113967895508,
          "hz": 1596.2787759475705
        },
        {
          "acoustic_entropy": 9.22430419921875,
          "acoustic_entropy_side": 8.954375267028809,
          "hz": 1799.6344973346393
        },
        {
          "acoustic_entropy": 9.553789138793945,
          "acoustic_entropy_side": 8.989218711853027,
          "hz": 2020.9991599069049
        },
        {
          "acoustic_entropy": 9.106929779052734,
          "acoustic_entropy_side": 8.944026947021484,
          "hz": 2261.9676141086993
        },
        {
          "acoustic_entropy": 8.541044235229492,
          "acoustic_entropy_side": 8.967874526977539,
          "hz": 2524.2759484456974
        },
        {
          "acoustic_entropy": 8.909740447998047,
          "acoustic_entropy_side": 8.978281021118164,
          "hz": 2809.813997359896
        },
        {
          "acoustic_entropy": 9.000237464904785,
          "acoustic_entropy_side": 8.971611976623535,
          "hz": 3120.6389567871424
        },
        {
          "acoustic_entropy": 9.100587844848633,
          "acoustic_entropy_side": 8.998580932617188,
          "hz": 3458.990205492291
        },
        {
          "acoustic_entropy": 9.364856719970703,
          "acoustic_entropy_side": 9.008036613464355,
          "hz": 3827.305438964164
        },
        {
          "acoustic_entropy": 9.583410263061523,
          "acoustic_entropy_side": 9.014781951904297,
          "hz": 4228.238232109126
        },
        {
          "acoustic_entropy": 9.246362686157227,
          "acoustic_entropy_side": 9.009405136108398,
          "hz": 4664.6771572759235
        },
        {
          "acoustic_entropy": 9.14010238647461,
          "acoustic_entropy_side": 9.000112533569336,
          "hz": 5139.766595350093
        },
        {
          "acoustic_entropy": 9.166123390197754,
          "acoustic_entropy_side": 9.004764556884766,
          "hz": 5656.929389854203
        },
        {
          "acoustic_entropy": 9.308181762695312,
          "acoustic_entropy_side": 8.997934341430664,
          "hz": 6219.891507268283
        },
        {
          "acoustic_entropy": 9.070963859558105,
          "acoustic_entropy_side": 8.99890422821045,
          "hz": 6832.70888123896
        },
        {
          "acoustic_entropy": 8.963534355163574,
          "acoustic_entropy_side": 8.999646186828613,
          "hz": 7499.796634079867
        },
        {
          "acoustic_entropy": 8.944501876831055,
          "acoustic_entropy_side": 8.991653442382812,
          "hz": 8225.96088609342
        },
        {
          "acoustic_entropy": 8.920037269592285,
          "acoustic_entropy_side": 8.992514610290527,
          "hz": 9016.43338188839
        },
        {
          "acoustic_entropy": 9.005903244018555,
          "acoustic_entropy_side": 8.996920585632324,
          "hz": 9876.909183162974
        },
        {
          "acoustic_entropy": 9.392830848693848,
          "acoustic_entropy_side": 8.998383522033691,
          "hz": 10813.587699516042
        },
        {
          "acoustic_entropy": 9.403318405151367,
          "acoustic_entropy_side": 8.997664451599121,
          "hz": 11833.21735289826
        },
        {
          "acoustic_entropy": 9.280174255371094,
          "acoustic_entropy_side": 9.000123977661133,
          "hz": 12943.144197493959
        },
        {
          "acoustic_entropy": 9.045182228088379,
          "acoustic_entropy_side": 9.000611305236816,
          "hz": 14151.364845322005
        },
        {
          "acoustic_entropy": 8.999388694763184,
          "acoustic_entropy_side": 9.000811576843262,
          "hz": 15466.58407886509
        },
        {
          "acoustic_entropy": 8.990883827209473,
          "acoustic_entropy_side": 9.000656127929688,
          "hz": 16898.27756580493
        },
        {
          "acoustic_entropy": 8.996737480163574,
          "acoustic_entropy_side": 9.00062084197998,
          "hz": 18456.760127700032
        },
        {
          "acoustic_entropy": 8.999995231628418,
          "acoustic_entropy_side": 9.000622749328613,
          "hz": 20153.260054456492
        },
        {
          "acoustic_entropy": 9.00062084197998,
          "acoustic_entropy_side": 9.000632286071777,
          "hz": 22000.00000000001
        }
      ],
      "diff_acoustic_entropy": 7.338457107543945,
      "sn": 6
    },
    {
      "acoustic_entropy": 13.74250316619873,
      "acoustic_entropy_mono": 12.78231430053711,
      "band_eliminated_acoustic_entropies": [
        {
          "acoustic_entropy": 13.38797664642334,
          "acoustic_entropy_side": 13.742352485656738,
          "hz": 129.47220167065723
        },
        {
          "acoustic_entropy": 13.642626762390137,
          "acoustic_entropy_side": 13.694259643554688,
          "hz": 202.92927478742237
        },
        {
          "acoustic_entropy": 13.649898529052734,
          "acoustic_entropy_side": 13.878357887268066,
          "hz": 282.89161906338205
        },
        {
          "acoustic_entropy": 13.32925796508789,
          "acoustic_entropy_side": 13.671768188476562,
          "hz": 369.9353335868758
        },
        {
          "acoustic_entropy": 14.442652702331543,
          "acoustic_entropy_side": 13.839972496032715,
          "hz": 464.6875360973435
        },
        {
          "acoustic_entropy": 13.668121337890625,
          "acoustic_entropy_side": 13.8911771774292,
          "hz": 567.8308811364784
        },
        {
          "acoustic_entropy": 14.03666877746582,
          "acoustic_entropy_side": 14.105081558227539,
          "hz": 680.1084783214808
        },
        {
          "acoustic_entropy": 13.966930389404297,
          "acoustic_entropy_side": 13.699117660522461,
          "hz": 802.3292461747484
        },
        {
          "acoustic_entropy": 13.09591293334961,
          "acoustic_entropy_side": 13.683853149414062,
          "hz": 935.3737400823702
        },
        {
          "acoustic_entropy": 14.271149635314941,
          "acoustic_entropy_side": 14.06888198852539,
          "hz": 1080.2004963696966
        },
        {
          "acoustic_entropy": 14.090611457824707,
          "acoustic_entropy_side": 14.19519329071045,
          "hz": 1237.8529382007157
        },
        {
          "acoustic_entropy": 14.125832557678223,
          "acoustic_entropy_side": 14.1033353805542,
          "hz": 1409.4668930556702
        },
        {
          "acoustic_entropy": 14.291190147399902,
          "acoustic_entropy_side": 14.375834465026855,
          "hz": 1596.2787759475705
        },
        {
          "acoustic_entropy": 14.62134838104248,
          "acoustic_entropy_side": 14.085290908813477,
          "hz": 1799.6344973346393
        },
        {
          "acoustic_entropy": 14.250307083129883,
          "acoustic_entropy_side": 14.221000671386719,
          "hz": 2020.9991599069049
        },
        {
          "acoustic_entropy": 13.800024032592773,
          "acoustic_entropy_side": 13.927908897399902,
          "hz": 2261.9676141086993
        },
        {
          "acoustic_entropy": 14.032196998596191,
          "acoustic_entropy_side": 13.815729141235352,
          "hz": 2524.2759484456974
        },
        {
          "acoustic_entropy": 14.241276741027832,
          "acoustic_entropy_side": 13.767779350280762,
          "hz": 2809.813997359896
        },
        {
          "acoustic_entropy": 13.9769287109375,
          "acoustic_entropy_side": 13.865203857421875,
          "hz": 3120.6389567871424
        },
        {
          "acoustic_entropy": 13.972151756286621,
          "acoustic_entropy_side": 13.765753746032715,
          "hz": 3458.990205492291
        },
        {
          "acoustic_entropy": 13.808899879455566,
          "acoustic_entropy_side": 13.755176544189453,
          "hz": 3827.305438964164
        },
        {
          "acoustic_entropy": 13.817336082458496,
          "acoustic_entropy_side": 13.783102035522461,
          "hz": 4228.238232109126
        },
        {
          "acoustic_entropy": 13.613046646118164,
          "acoustic_entropy_side": 13.760056495666504,
          "hz": 4664.6771572759235
        },
        {
          "acoustic_entropy": 13.704583168029785,
          "acoustic_entropy_side": 13.770946502685547,
          "hz": 5139.766595350093
        },
        {
          "acoustic_entropy": 13.632058143615723,
          "acoustic_entropy_side": 13.76729679107666,
          "hz": 5656.929389854203
        },
        {
          "acoustic_entropy": 13.6991548538208,
          "acoustic_entropy_side": 13.773321151733398,
          "hz": 6219.891507268283
        },
        {
          "acoustic_entropy": 13.783380508422852,
          "acoustic_entropy_side": 13.780208587646484,
          "hz": 6832.70888123896
        },
        {
          "acoustic_entropy": 13.733308792114258,
          "acoustic_entropy_side": 13.755610466003418,
          "hz": 7499.796634079867
        },
        {
          "acoustic_entropy": 13.59500503540039,
          "acoustic_entropy_side": 13.805867195129395,
          "hz": 8225.96088609342
        },
        {
          "acoustic_entropy": 13.75436782836914,
          "acoustic_entropy_side": 13.810149192810059,
          "hz": 9016.43338188839
        },
        {
          "acoustic_entropy": 13.74255657196045,
          "acoustic_entropy_side": 13.775932312011719,
          "hz": 9876.909183162974
        },
        {
          "acoustic_entropy": 13.808171272277832,
          "acoustic_entropy_side": 13.764703750610352,
          "hz": 10813.587699516042
        },
        {
          "acoustic_entropy": 13.71302604675293,
          "acoustic_entropy_side": 13.75696849822998,
          "hz": 11833.21735289826
        },
        {
          "acoustic_entropy": 13.753801345825195,
          "acoustic_entropy_side": 13.748950958251953,
          "hz": 12943.144197493959
        },
        {
          "acoustic_entropy": 13.669774055480957,
          "acoustic_entropy_side": 13.74875259399414,
          "hz": 14151.364845322005
        },
        {
          "acoustic_entropy": 13.817972183227539,
          "acoustic_entropy_side": 13.748552322387695,
          "hz": 15466.58407886509
        },
        {
          "acoustic_entropy": 13.811697959899902,
          "acoustic_entropy_side": 13.743842124938965,
          "hz": 16898.27756580493
        },
        {
          "acoustic_entropy": 13.814140319824219,
          "acoustic_entropy_side": 13.743330001831055,
          "hz": 18456.760127700032
        },
        {
          "acoustic_entropy": 13.75210189819336,
          "acoustic_entropy_side": 13.742944717407227,
          "hz": 20153.260054456492
        },
        {
          "acoustic_entropy": 13.743185997009277,
          "acoustic_entropy_side": 13.742520332336426,
          "hz": 22000.00000000001
        }
      ],
      "diff_acoustic_entropy": 10.542701721191406,
      "sn": 12
    },
    {
      "acoustic_entropy": 21.133014678955078,
      "acoustic_entropy_mono": 19.292211532592773,
      "band_eliminated_acoustic_entropies": [
        {
          "acoustic_entropy": 19.77198028564453,
          "acoustic_entropy_side": 21.156509399414062,
          "hz": 129.47220167065723
        },
        {
          "acoustic_entropy": 22.2428035736084,
          "acoustic_entropy_side": 21.250986099243164,
          "hz": 202.92927478742237
        },
        {
          "acoustic_entropy": 21.29904556274414,
          "acoustic_entropy_side": 21.365732192993164,
          "hz": 282.89161906338205
        },
        {
          "acoustic_entropy": 21.961315155029297,
          "acoustic_entropy_side": 21.269636154174805,
          "hz": 369.9353335868758
        },
        {
          "acoustic_entropy": 21.772489547729492,
          "acoustic_entropy_side": 21.128273010253906,
          "hz": 464.6875360973435
        },
        {
          "acoustic_entropy": 21.709962844848633,
          "acoustic_entropy_side": 21.814903259277344,
          "hz": 567.8308811364784
        },
        {
          "acoustic_entropy": 20.931974411010742,
          "acoustic_entropy_side": 20.575956344604492,
          "hz": 680.1084783214808
        },
        {
          "acoustic_entropy": 20.280925750732422,
          "acoustic_entropy_side": 19.956031799316406,
          "hz": 802.3292461747484
        },
        {
          "acoustic_entropy": 23.097190856933594,
          "acoustic_entropy_side": 20.76422882080078,
          "hz": 935.3737400823702
        },
        {
          "acoustic_entropy": 22.469715118408203,
          "acoustic_entropy_side": 20.714752197265625,
          "hz": 1080.2004963696966
        },
        {
          "acoustic_entropy": 22.262250900268555,
          "acoustic_entropy_side": 21.730514526367188,
          "hz": 1237.8529382007157
        },
        {
          "acoustic_entropy": 20.71179962158203,
          "acoustic_entropy_side": 20.563234329223633,
          "hz": 1409.4668930556702
        },
        {
          "acoustic_entropy": 20.98581886291504,
          "acoustic_entropy_side": 21.000301361083984,
          "hz": 1596.2787759475705
        },
        {
          "acoustic_entropy": 21.298173904418945,
          "acoustic_entropy_side": 21.375524520874023,
          "hz": 1799.6344973346393
        },
        {
          "acoustic_entropy": 21.292869567871094,
          "acoustic_entropy_side": 21.17462921142578,
          "hz": 2020.9991599069049
        },
        {
          "acoustic_entropy": 20.950550079345703,
          "acoustic_entropy_side": 20.93773078918457,
          "hz": 2261.9676141086993
        },
        {
          "acoustic_entropy": 20.889270782470703,
          "acoustic_entropy_side": 21.031015396118164,
          "hz": 2524.2759484456974
        },
        {
          "acoustic_entropy": 20.856788635253906,
          "acoustic_entropy_side": 21.073007583618164,
          "hz": 2809.813997359896
        },
        {
          "acoustic_entropy": 21.238527297973633,
