{
  "acoustic_entropy": 130.5808868408203,
  "bands": [
    {
      "high_freq": 148.1999969482422,
      "loudness": -18.07647132873535,
      "loudness_range": 24.559158325195312,
      "mid_mean": -14.521195411682129,
      "mid_to_side_loudness": -29.457374572753906,
      "mid_to_side_loudness_range": 31.514141082763672,
      "side_mean": -46.748504638671875
    },
    {
      "high_freq": 392.3793640136719,
      "loudness": -23.99222183227539,
      "loudness_range": 13.259820938110352,
      "low_freq": 148.1999969482422,
      "mid_mean": -20.54973030090332,
      "mid_to_side_loudness": -18.546594619750977,
      "mid_to_side_loudness_range": 25.784887313842773,
      "side_mean": -38.85062026977539
    },
    {
      "high_freq": 794.6976318359375,
      "loudness": -23.72401237487793,
      "loudness_range": 12.947013854980469,
      "low_freq": 392.3793640136719,
      "mid_mean": -20.37318229675293,
      "mid_to_side_loudness": -14.634160041809082,
      "mid_to_side_loudness_range": 19.05230712890625,
      "side_mean": -34.39447784423828
    },
    {
      "high_freq": 1457.5709228515625,
      "loudness": -23.84017562866211,
      "loudness_range": 15.49898910522461,
      "low_freq": 794.6976318359375,
      "mid_mean": -20.526281356811523,
      "mid_to_side_loudness": -13.81449031829834,
      "mid_to_side_loudness_range": 18.520109176635742,
      "side_mean": -34.198673248291016
    },
    {
      "high_freq": 2549.74365234375,
      "loudness": -23.59514045715332,
      "loudness_range": 9.10725212097168,
      "low_freq": 1457.5709228515625,
      "mid_mean": -20.29997444152832,
      "mid_to_side_loudness": -13.317164421081543,
      "mid_to_side_loudness_range": 18.182838439941406,
      "side_mean": -33.44506072998047
    },
    {
      "high_freq": 4349.24462890625,
      "loudness": -25.20026206970215,
      "loudness_range": 9.424495697021484,
      "low_freq": 2549.74365234375,
      "mid_mean": -21.967864990234375,
      "mid_to_side_loudness": -12.317498207092285,
      "mid_to_side_loudness_range": 17.958547592163086,
      "side_mean": -34.09842300415039
    },
    {
      "high_freq": 7314.1640625,
      "loudness": -27.184368133544922,
      "loudness_range": 12.78012466430664,
      "low_freq": 4349.24462890625,
      "mid_mean": -24.06134796142578,
      "mid_to_side_loudness": -10.58223819732666,
      "mid_to_side_loudness_range": 16.644054412841797,
      "side_mean": -34.30382537841797
    },
    {
      "high_freq": 12199.2666015625,
      "loudness": -27.767555236816406,
      "loudness_range": 12.71761703491211,
      "low_freq": 7314.1640625,
      "mid_mean": -24.913848876953125,
      "mid_to_side_loudness": -9.549938201904297,
      "mid_to_side_loudness_range": 21.10491371154785,
      "side_mean": -33.46180725097656
    },
    {
      "loudness": -31.590862274169922,
      "loudness_range": 12.881555557250977,
      "low_freq": 12199.2666015625,
      "mid_mean": -28.922039031982422,
      "mid_to_side_loudness": -8.220274925231934,
      "mid_to_side_loudness_range": 22.101266860961914,
      "side_mean": -35.16524124145508
    }
  ],
  "bands_short": [
    {
      "high_freq": 148.1999969482422,
      "loudness": -22.216571807861328,
      "loudness_range": 34.78787612915039,
      "mid_mean": -19.095006942749023,
      "mid_to_side_loudness": -26.206188201904297,
      "mid_to_side_loudness_range": 41.66127014160156,
      "side_mean": -51.38285446166992
    },
    {
      "high_freq": 392.3793640136719,
      "loudness": -26.90840721130371,
      "loudness_range": 23.620712280273438,
      "low_freq": 148.1999969482422,
      "mid_mean": -23.578550338745117,
      "mid_to_side_loudness": -16.365001678466797,
      "mid_to_side_loudness_range": 29.818309783935547,
      "side_mean": -40.95538330078125
    },
    {
      "high_freq": 794.6976318359375,
      "loudness": -26.66925048828125,
      "loudness_range": 20.66591453552246,
      "low_freq": 392.3793640136719,
      "mid_mean": -23.596099853515625,
      "mid_to_side_loudness": -12.932893753051758,
      "mid_to_side_loudness_range": 23.498310089111328,
      "side_mean": -36.04274368286133
    },
    {
      "high_freq": 1457.5709228515625,
      "loudness": -24.737228393554688,
      "loudness_range": 21.12485122680664,
      "low_freq": 794.6976318359375,
      "mid_mean": -21.649253845214844,
      "mid_to_side_loudness": -12.225072860717773,
      "mid_to_side_loudness_range": 22.356962203979492,
      "side_mean": -34.01609802246094
    },
    {
      "high_freq": 2549.74365234375,
      "loudness": -26.068492889404297,
      "loudness_range": 17.74489402770996,
      "low_freq": 1457.5709228515625,
      "mid_mean": -23.014339447021484,
      "mid_to_side_loudness": -11.505719184875488,
      "mid_to_side_loudness_range": 21.5748348236084,
      "side_mean": -34.92447280883789
    },
    {
      "high_freq": 4349.24462890625,
      "loudness": -27.511821746826172,
      "loudness_range": 18.007884979248047,
      "low_freq": 2549.74365234375,
      "mid_mean": -24.482261657714844,
      "mid_to_side_loudness": -10.643306732177734,
      "mid_to_side_loudness_range": 20.816255569458008,
      "side_mean": -35.90727233886719
    },
    {
      "high_freq": 7314.1640625,
      "loudness": -29.424388885498047,
      "loudness_range": 20.139249801635742,
      "low_freq": 4349.24462890625,
      "mid_mean": -26.436491012573242,
      "mid_to_side_loudness": -9.18829345703125,
      "mid_to_side_loudness_range": 18.437110900878906,
      "side_mean": -36.46052551269531
    },
    {
      "high_freq": 12199.2666015625,
      "loudness": -30.347179412841797,
      "loudness_range": 21.112560272216797,
      "low_freq": 7314.1640625,
      "mid_mean": -27.47700309753418,
      "mid_to_side_loudness": -8.61819839477539,
      "mid_to_side_loudness_range": 20.443735122680664,
      "side_mean": -37.44190216064453
    },
    {
      "loudness": -34.696922302246094,
      "loudness_range": 22.123950958251953,
      "low_freq": 12199.2666015625,
      "mid_mean": -31.966018676757812,
      "mid_to_side_loudness": -7.8175578117370605,
      "mid_to_side_loudness_range": 21.684215545654297,
      "side_mean": -41.90140914916992
    }
  ],
  "bandwidth": 334.8668212890625,
  "channels": 2,
  "covariance": [
    [
      81.91072082519531,
      26.078773498535156,
      5.387728691101074,
      -6.820268154144287,
      -12.774520874023438,
      -16.978809356689453,
      0.47779354453086853,
      -2.6430790424346924,
      3.266709804534912,
      -5.466336727142334,
      2.9600026607513428,
      1.1622614860534668,
      7.825962066650391,
      19.297189712524414,
      8.553163528442383,
      24.939922332763672,
      6.540828704833984,
      21.88681411743164
    ],
    [
      26.078773498535156,
      72.39375305175781,
      14.261299133300781,
      36.50172424316406,
      -3.848680019378662,
      13.882460594177246,
      5.246235370635986,
      21.281431198120117,
      6.121264934539795,
      22.65488624572754,
      9.446733474731445,
      30.579347610473633,
      16.741558074951172,
      40.26702880859375,
      17.409387588500977,
      43.63692092895508,
      15.207371711730957,
      29.104341506958008
    ],
    [
      5.387728691101074,
      14.261299133300781,
      25.721248626708984,
      14.995804786682129,
      6.6169867515563965,
      8.148728370666504,
      8.911844253540039,
      13.148992538452148,
      8.89255142211914,
      10.837573051452637,
      10.051984786987305,
      14.741379737854004,
      13.18616008758545,
      19.133438110351562,
      12.578056335449219,
      18.524789810180664,
      12.027348518371582,
      8.120762825012207
    ],
    [
      -6.820268154144287,
      36.50172424316406,
      14.995804786682129,
      83.234130859375,
      17.629026412963867,
      59.411258697509766,
      18.057619094848633,
      47.76874923706055,
      10.627799987792969,
      47.89136505126953,
      12.935347557067871,
      48.63545608520508,
      16.288585662841797,
      37.982215881347656,
      16.683622360229492,
      29.788991928100586,
      14.812297821044922,
      17.43804168701172
    ],
    [
      -12.774520874023438,
      -3.848680019378662,
      6.6169867515563965,
      17.629026412963867,
      24.63239097595215,
      25.33675193786621,
      17.57251739501953,
      16.92469024658203,
      10.802513122558594,
      15.301512718200684,
      8.876399040222168,
      10.953396797180176,
      6.179523944854736,
      2.5568535327911377,
      5.673494338989258,
      -3.935088634490967,
      5.480534076690674,
      -4.346635341644287
    ],
    [
      -16.978809356689453,
      13.882460594177246,
      8.148728370666504,
      59.411258697509766,
      25.33675193786621,
      73.18914031982422,
      19.49294090270996,
      49.668521881103516,
      10.491510391235352,
      44.60144805908203,
      10.367708206176758,
      36.83911895751953,
      10.760403633117676,
      21.3337345123291,
      10.190954208374023,
      12.092571258544922,
      8.524301528930664,
      1.486922025680542
    ],
    [
      0.47779354453086853,
      5.246235370635986,
      8.911844253540039,
      18.057619094848633,
      17.57251739501953,
      19.49294090270996,
      26.97718620300293,
      23.16353988647461,
      13.263104438781738,
      17.639328002929688,
      11.587656021118164,
      17.131994247436523,
      11.295082092285156,
      12.380724906921387,
      11.128437995910645,
      6.303671360015869,
      9.391115188598633,
      4.091901779174805
    ],
    [
      -2.6430790424346924,
      21.281431198120117,
      13.148992538452148,
      47.76874923706055,
      16.92469024658203,
      49.668521881103516,
      23.16353988647461,
      63.54859161376953,
      12.864273071289062,
      50.57881164550781,
      13.636754989624023,
      46.139339447021484,
      16.40712547302246,
      32.83303451538086,
      16.27739906311035,
      24.77130699157715,
      13.71607494354248,
      13.061519622802734
    ],
    [
      3.266709804534912,
      6.121264934539795,
      8.89255142211914,
      10.627799987792969,
      10.802513122558594,
      10.491510391235352,
      13.263104438781738,
      12.864273071289062,
      12.820999145507812,
      13.232717514038086,
      11.297344207763672,
      13.40330696105957,
      10.938679695129395,
      12.52665901184082,
      9.832367897033691,
      7.812354564666748,
      8.87131118774414,
      3.932983875274658
    ],
    [
      -5.466336727142334,
      22.65488624572754,
      10.837573051452637,
      47.89136505126953,
      15.301512718200684,
      44.60144805908203,
      17.639328002929688,
      50.57881164550781,
      13.232717514038086,
      56.415748596191406,
      14.832287788391113,
      51.63033676147461,
      17.67053985595703,
      38.018959045410156,
      16.400169372558594,
      26.098590850830078,
      14.139715194702148,
      15.726631164550781
    ],
    [
      2.9600026607513428,
      9.446733474731445,
      10.051984786987305,
      12.935347557067871,
      8.876399040222168,
      10.367708206176758,
      11.587656021118164,
      13.636754989624023,
      11.297344207763672,
      14.832287788391113,
      12.8031587600708,
      16.919052124023438,
      12.825468063354492,
      16.868968963623047,
      11.411534309387207,
      12.150487899780273,
      10.360360145568848,
      7.866513729095459
    ],
    [
      1.1622614860534668,
      30.579347610473633,
      14.741379737854004,
      48.63545608520508,
      10.953396797180176,
      36.83911895751953,
      17.131994247436523,
      46.139339447021484,
      13.40330696105957,
      51.63033676147461,
      16.919052124023438,
      59.5771484375,
      22.59259796142578,
      50.12767028808594,
      21.041414260864258,
      38.24304962158203,
      18.433507919311523,
      25.016008377075195
    ],
    [
      7.825962066650391,
      16.741558074951172,
      13.18616008758545,
      16.288585662841797,
      6.179523944854736,
      10.760403633117676,
      11.295082092285156,
      16.40712547302246,
      10.938679695129395,
      17.67053985595703,
      12.825468063354492,
      22.59259796142578,
      19.822254180908203,
      28.82339859008789,
      17.386089324951172,
      26.310531616210938,
      15.39571475982666,
      17.26902198791504
    ],
    [
      19.297189712524414,
      40.26702880859375,
      19.133438110351562,
      37.982215881347656,
      2.5568535327911377,
      21.3337345123291,
      12.380724906921387,
      32.83303451538086,
      12.52665901184082,
      38.018959045410156,
      16.868968963623047,
      50.12767028808594,
      28.82339859008789,
      68.69001770019531,
      27.35631561279297,
      62.07956314086914,
      24.209814071655273,
      41.452110290527344
    ],
    [
      8.553163528442383,
      17.409387588500977,
      12.578056335449219,
      16.683622360229492,
      5.673494338989258,
      10.190954208374023,
      11.128437995910645,
      16.27739906311035,
      9.832367897033691,
      16.400169372558594,
      11.411534309387207,
      21.041414260864258,
      17.386089324951172,
      27.35631561279297,
      17.679210662841797,
      26.594938278198242,
      15.934789657592773,
      18.100749969482422
    ],
    [
      24.939922332763672,
      43.63692092895508,
      18.524789810180664,
      29.788991928100586,
      -3.935088634490967,
      12.092571258544922,
      6.303671360015869,
      24.77130699157715,
      7.812354564666748,
      26.098590850830078,
      12.150487899780273,
      38.24304962158203,
      26.310531616210938,
      62.07956314086914,
      26.594938278198242,
      80.16389465332031,
      25.10748291015625,
      53.14645767211914
    ],
    [
      6.540828704833984,
      15.207371711730957,
      12.027348518371582,
      14.812297821044922,
      5.480534076690674,
      8.524301528930664,
      9.391115188598633,
      13.71607494354248,
      8.87131118774414,
      14.139715194702148,
      10.360360145568848,
      18.433507919311523,
      15.39571475982666,
      24.209814071655273,
      15.934789657592773,
      25.10748291015625,
      16.21941375732422,
      19.442882537841797
    ],
    [
      21.88681411743164,
      29.104341506958008,
      8.120762825012207,
      17.43804168701172,
      -4.346635341644287,
      1.486922025680542,
      4.091901779174805,
      13.061519622802734,
      3.932983875274658,
      15.726631164550781,
      7.866513729095459,
      25.016008377075195,
      17.26902198791504,
      41.452110290527344,
      18.100749969482422,
      53.14645767211914,
      19.442882537841797,
      66.51738739013672
    ]
  ],
  "covariance_short": [
    [
      174.11614990234375,
      55.51069641113281,
      9.47216796875,
      -9.776589393615723,
      -28.890899658203125,
      -18.587890625,
      -19.812782287597656,
      -14.691650390625,
      -13.841078758239746,
      -17.38019561767578,
      -15.049467086791992,
      -13.014747619628906,
      -6.470681190490723,
      7.856179237365723,
      -4.365318298339844,
      15.911925315856934,
      -8.930858612060547,
      14.575967788696289
    ],
    [
      55.51069641113281,
      111.86155700683594,
      20.323347091674805,
      44.58556365966797,
      0.9885667562484741,
      20.035205841064453,
      3.0667827129364014,
      17.025983810424805,
      7.1590776443481445,
      21.65018081665039,
      8.952751159667969,
      28.916074752807617,
      16.16623878479004,
      41.78456497192383,
      18.238527297973633,
      49.37718200683594,
      13.977104187011719,
      45.751312255859375
    ],
    [
      9.47216796875,
      20.323347091674805,
      59.42277908325195,
      23.192546844482422,
      22.065624237060547,
      14.67198371887207,
      17.491390228271484,
      14.42570686340332,
      22.448545455932617,
      16.686450958251953,
      23.425487518310547,
      19.94414710998535,
      29.292516708374023,
      28.5806884765625,
      31.28722381591797,
      37.25740432739258,
      30.474300384521484,
      42.82115936279297
    ],
    [
      -9.776589393615723,
      44.58556365966797,
      23.192546844482422,
      89.04362487792969,
      25.952905654907227,
      53.3619270324707,
      21.01839256286621,
      39.00906753540039,
      17.834184646606445,
      45.03142166137695,
      20.004558563232422,
      49.30464172363281,
      23.04975700378418,
      45.780006408691406,
      25.145828247070312,
      48.245750427246094,
      25.2929744720459,
      51.2420768737793
    ],
    [
      -28.890899658203125,
      0.9885667562484741,
      22.065624237060547,
      25.952905654907227,
      58.70477294921875,
      38.84251403808594,
      46.70720291137695,
      33.38636016845703,
      35.853206634521484,
      30.507680892944336,
      32.16036605834961,
      25.83384895324707,
      25.919767379760742,
      18.229047775268555,
      27.527965545654297,
      18.14492416381836,
      28.137290954589844,
      25.429542541503906
    ],
    [
      -18.587890625,
      20.035205841064453,
      14.67198371887207,
      53.3619270324707,
      38.84251403808594,
      87.73707580566406,
      31.529253005981445,
      56.98193359375,
      23.92669677734375,
      51.68111801147461,
      22.926525115966797,
      42.3966178894043,
      20.0646915435791,
      31.248674392700195,
      19.968137741088867,
      26.62593650817871,
      19.112863540649414,
      23.883609771728516
    ],
    [
      -19.812782287597656,
      3.0667827129364014,
      17.491390228271484,
      21.01839256286621,
      46.70720291137695,
      31.529253005981445,
      61.98624038696289,
      35.84474563598633,
      41.04515075683594,
      29.990116119384766,
      35.67433547973633,
      25.22412109375,
      28.500770568847656,
      19.77092933654785,
      29.562667846679688,
      19.2276554107666,
      29.12510871887207,
      26.800556182861328
    ],
    [
      -14.691650390625,
      17.025983810424805,
      14.42570686340332,
      39.00906753540039,
      33.38636016845703,
      56.98193359375,
      35.84474563598633,
      73.13385009765625,
      28.106229782104492,
      56.64048767089844,
      27.228347778320312,
      47.730010986328125,
      23.53146743774414,
      34.5779914855957,
      22.666202545166016,
      29.05223846435547,
      21.16769790649414,
      26.786365509033203
    ],
    [
      -13.841078758239746,
      7.1590776443481445,
      22.448545455932617,
      17.834184646606445,
      35.853206634521484,
      23.92669677734375,
      41.04515075683594,
      28.106229782104492,
      46.02980422973633,
      31.063505172729492,
      39.132511138916016,
      27.417882919311523,
      32.77037048339844,
      25.968332290649414,
      31.665447235107422,
      25.8172664642334,
      31.50263023376465,
      31.288223266601562
    ],
    [
      -17.38019561767578,
      21.65018081665039,
      16.686450958251953,
      45.03142166137695,
      30.507680892944336,
      51.68111801147461,
      29.990116119384766,
      56.64048767089844,
      31.063505172729492,
      78.33267974853516,
      32.179805755615234,
      65.20917510986328,
      30.902969360351562,
      51.88119125366211,
      28.2908992767334,
      43.9024772644043,
      27.025999069213867,
      42.676517486572266
    ],
    [
      -15.049467086791992,
      8.952751159667969,
      23.425487518310547,
      20.004558563232422,
      32.16036605834961,
      22.926525115966797,
      35.67433547973633,
      27.228347778320312,
      39.132511138916016,
      32.179805755615234,
      44.664649963378906,
      32.13793182373047,
      37.27867126464844,
      31.19894790649414,
      34.96369552612305,
      31.195093154907227,
      34.66436767578125,
      36.58202362060547
    ],
    [
      -13.014747619628906,
      28.916074752807617,
      19.94414710998535,
      49.30464172363281,
      25.83384895324707,
      42.3966178894043,
      25.22412109375,
      47.730010986328125,
      27.417882919311523,
      65.20917510986328,
      32.13793182373047,
      82.98754119873047,
      36.8679084777832,
      69.55230712890625,
      34.28141403198242,
      62.67484664916992,
      32.056480407714844,
      62.47144317626953
    ],
    [
      -6.470681190490723,
      16.16623878479004,
      29.292516708374023,
      23.04975700378418,
      25.919767379760742,
      20.0646915435791,
      28.500770568847656,
      23.53146743774414,
      32.77037048339844,
      30.902969360351562,
      37.27867126464844,
      36.8679084777832,
      50.351951599121094,
      45.253475189208984,
      47.26314163208008,
      51.54669189453125,
      44.03361511230469,
      58.501346588134766
    ],
    [
      7.856179237365723,
      41.78456497192383,
      28.5806884765625,
      45.780006408691406,
      18.229047775268555,
      31.248674392700195,
      19.77092933654785,
      34.5779914855957,
      25.968332290649414,
      51.88119125366211,
      31.19894790649414,
      69.55230712890625,
      45.253475189208984,
      92.19268035888672,
      46.27532196044922,
      93.77578735351562,
      43.536312103271484,
      95.3561019897461
    ],
    [
      -4.365318298339844,
      18.238527297973633,
      31.28722381591797,
      25.145828247070312,
      27.527965545654297,
      19.968137741088867,
      29.562667846679688,
      22.666202545166016,
      31.665447235107422,
      28.2908992767334,
      34.96369552612305,
      34.28141403198242,
      47.26314163208008,
      46.27532196044922,
      57.46328353881836,
      56.525875091552734,
      52.307987213134766,
      66.69139862060547
    ],
    [
      15.911925315856934,
      49.37718200683594,
      37.25740432739258,
      48.245750427246094,
      18.14492416381836,
      26.62593650817871,
      19.2276554107666,
      29.05223846435547,
      25.8172664642334,
      43.9024772644043,
      31.195093154907227,
      62.67484664916992,
      51.54669189453125,
      93.77578735351562,
      56.525875091552734,
      123.34880828857422,
      55.241695404052734,
      126.43994903564453
    ],
    [
      -8.930858612060547,
      13.977104187011719,
      30.474300384521484,
      25.2929744720459,
      28.137290954589844,
      19.112863540649414,
      29.12510871887207,
      21.16769790649414,
      31.50263023376465,
      27.025999069213867,
      34.66436767578125,
      32.056480407714844,
      44.03361511230469,
      43.536312103271484,
      52.307987213134766,
      55.241695404052734,
      61.957542419433594,
      68.95242309570312
    ],
    [
      14.575967788696289,
      45.751312255859375,
      42.82115936279297,
      51.2420768737793,
      25.429542541503906,
      23.883609771728516,
      26.800556182861328,
      26.786365509033203,
      31.288223266601562,
      42.676517486572266,
      36.58202362060547,
      62.47144317626953,
      58.501346588134766,
      95.3561019897461,
      66.69139862060547,
      126.43994903564453,
      68.95242309570312,
      160.8887481689453
    ]
  ],
  "damage": 0.5933017134666443,
  "diff_bandwidth": 327.63134765625,
  "dissonance": 7.98047167082605,
  "drr": 15.720352172851562,
  "dynamics": 3.44301700592041,
  "format": 1245190,
  "frames": 15951808,
  "loudness": -8.805798530578613,
  "loudness_range": 9.424800872802734,
  "loudness_range_short": 15.69411849975586,
  "lowpass_true_peak_15khz": 3.6313636302948,
  "mastering3_acoustic_entropies": [
    {
      "acoustic_entropy": 7.9595627784729,
      "acoustic_entropy_mono": 8.093213081359863,
      "band_eliminated_acoustic_entropies": [
        {
          "acoustic_entropy": 6.347665786743164,
          "acoustic_entropy_side": 7.959643363952637,
          "hz": 129.47220167065723
        },
        {
          "acoustic_entropy": 8.233402252197266,
          "acoustic_entropy_side": 7.959661483764648,
          "hz": 202.92927478742237
        },
        {
          "acoustic_entropy": 7.5943427085876465,
          "acoustic_entropy_side": 7.9608049392700195,
          "hz": 282.89161906338205
        },
        {
          "acoustic_entropy": 7.995469570159912,
          "acoustic_entropy_side": 7.970592021942139,
          "hz": 369.9353335868758
        },
        {
          "acoustic_entropy": 7.557708263397217,
          "acoustic_entropy_side": 8.057792663574219,
          "hz": 464.6875360973435
        },
        {
          "acoustic_entropy": 8.162651062011719,
          "acoustic_entropy_side": 8.178414344787598,
          "hz": 567.8308811364784
        },
        {
          "acoustic_entropy": 7.7532548904418945,
          "acoustic_entropy_side": 7.959159851074219,
          "hz": 680.1084783214808
        },
        {
          "acoustic_entropy": 9.05434513092041,
          "acoustic_entropy_side": 8.009734153747559,
          "hz": 802.3292461747484
        },
        {
          "acoustic_entropy": 7.868290901184082,
          "acoustic_entropy_side": 8.11658000946045,
          "hz": 935.3737400823702
        },
        {
          "acoustic_entropy": 7.719935894012451,
          "acoustic_entropy_side": 8.235486030578613,
          "hz": 1080.2004963696966
        },
        {
          "acoustic_entropy": 8.135075569152832,
          "acoustic_entropy_side": 8.062759399414062,
          "hz": 1237.8529382007157
        },
        {
          "acoustic_entropy": 8.068563461303711,
          "acoustic_entropy_side": 8.01819896697998,
          "hz": 1409.4668930556702
        },
        {
          "acoustic_entropy": 8.175034523010254,
          "acoustic_entropy_side": 8.094191551208496,
          "hz": 1596.2787759475705
        },
        {
          "acoustic_entropy": 7.998274326324463,
          "acoustic_entropy_side": 8.005838394165039,
          "hz": 1799.6344973346393
        },
        {
          "acoustic_entropy": 8.022285461425781,
          "acoustic_entropy_side": 7.983448028564453,
          "hz": 2020.9991599069049
        },
        {
          "acoustic_entropy": 7.928940773010254,
          "acoustic_entropy_side": 7.959261417388916,
          "hz": 2261.9676141086993
        },
        {
          "acoustic_entropy": 7.794154167175293,
          "acoustic_entropy_side": 7.96063756942749,
          "hz": 2524.2759484456974
        },
        {
          "acoustic_entropy": 7.841674327850342,
          "acoustic_entropy_side": 7.939568996429443,
          "hz": 2809.813997359896
        },
        {
          "acoustic_entropy": 7.916115760803223,
          "acoustic_entropy_side": 7.932182788848877,
          "hz": 3120.6389567871424
        },
        {
          "acoustic_entropy": 7.885797500610352,
          "acoustic_entropy_side": 7.917759418487549,
          "hz": 3458.990205492291
        },
        {
          "acoustic_entropy": 7.923682689666748,
          "acoustic_entropy_side": 7.924306392669678,
          "hz": 3827.305438964164
        },
        {
          "acoustic_entropy": 7.907658576965332,
          "acoustic_entropy_side": 7.931454658508301,
          "hz": 4228.238232109126
        },
        {
          "acoustic_entropy": 7.947632789611816,
          "acoustic_entropy_side": 7.9572672843933105,
          "hz": 4664.6771572759235
        },
        {
          "acoustic_entropy": 7.957713603973389,
          "acoustic_entropy_side": 7.997689247131348,
          "hz": 5139.766595350093
        },
        {
          "acoustic_entropy": 8.0357084274292,
          "acoustic_entropy_side": 8.076735496520996,
          "hz": 5656.929389854203
        },
        {
          "acoustic_entropy": 8.063122749328613,
          "acoustic_entropy_side": 8.072799682617188,
          "hz": 6219.891507268283
        },
        {
          "acoustic_entropy": 8.081525802612305,
          "acoustic_entropy_side": 8.026935577392578,
          "hz": 6832.70888123896
        },
        {
          "acoustic_entropy": 8.078115463256836,
          "acoustic_entropy_side": 8.009904861450195,
          "hz": 7499.796634079867
        },
        {
          "acoustic_entropy": 8.068880081176758,
          "acoustic_entropy_side": 8.030733108520508,
          "hz": 8225.96088609342
        },
        {
          "acoustic_entropy": 8.079733848571777,
          "acoustic_entropy_side": 8.062581062316895,
          "hz": 9016.43338188839
        },
        {
          "acoustic_entropy": 8.023467063903809,
          "acoustic_entropy_side": 8.023183822631836,
          "hz": 9876.909183162974
        },
        {
          "acoustic_entropy": 7.974426746368408,
          "acoustic_entropy_side": 7.948949813842773,
          "hz": 10813.587699516042
        },
        {
          "acoustic_entropy": 8.012961387634277,
          "acoustic_entropy_side": 7.9225592613220215,
          "hz": 11833.21735289826
        },
        {
          "acoustic_entropy": 8.064647674560547,
          "acoustic_entropy_side": 7.939772129058838,
          "hz": 12943.144197493959
        },
        {
          "acoustic_entropy": 8.065925598144531,
          "acoustic_entropy_side": 7.9432053565979,
          "hz": 14151.364845322005
        },
        {
          "acoustic_entropy": 7.9884467124938965,
          "acoustic_entropy_side": 7.9440741539001465,
          "hz": 15466.58407886509
        },
        {
          "acoustic_entropy": 7.951487064361572,
          "acoustic_entropy_side": 7.939555644989014,
          "hz": 16898.27756580493
        },
        {
          "acoustic_entropy": 7.93731689453125,
          "acoustic_entropy_side": 7.923975467681885,
          "hz": 18456.760127700032
        },
        {
          "acoustic_entropy": 7.9225592613220215,
          "acoustic_entropy_side": 7.919064998626709,
          "hz": 20153.260054456492
        },
        {
          "acoustic_entropy": 7.947340965270996,
          "acoustic_entropy_side": 7.948468208312988,
          "hz": 22000.00000000001
        }
      ],
      "diff_acoustic_entropy": 8.602630615234375,
      "sn": 6
    },
    {
      "acoustic_entropy": 12.78005599975586,
      "acoustic_entropy_mono": 10.632777214050293,
      "band_eliminated_acoustic_entropies": [
        {
          "acoustic_entropy": 10.573563575744629,
          "acoustic_entropy_side": 12.789095878601074,
          "hz": 129.47220167065723
        },
        {
          "acoustic_entropy": 13.263557434082031,
          "acoustic_entropy_side": 12.796628952026367,
          "hz": 202.92927478742237
        },
        {
          "acoustic_entropy": 12.609530448913574,
          "acoustic_entropy_side": 12.783750534057617,
          "hz": 282.89161906338205
        },
        {
          "acoustic_entropy": 12.886388778686523,
          "acoustic_entropy_side": 12.789811134338379,
          "hz": 369.9353335868758
        },
        {
          "acoustic_entropy": 13.111824989318848,
          "acoustic_entropy_side": 12.856861114501953,
          "hz": 464.6875360973435
        },
        {
          "acoustic_entropy": 13.608539581298828,
          "acoustic_entropy_side": 12.959372520446777,
          "hz": 567.8308811364784
        },
        {
          "acoustic_entropy": 12.326323509216309,
          "acoustic_entropy_side": 12.858766555786133,
          "hz": 680.1084783214808
        },
        {
          "acoustic_entropy": 13.996614456176758,
          "acoustic_entropy_side": 12.667647361755371,
          "hz": 802.3292461747484
        },
        {
          "acoustic_entropy": 13.287810325622559,
          "acoustic_entropy_side": 12.684076309204102,
          "hz": 935.3737400823702
        },
        {
          "acoustic_entropy": 12.2974853515625,
          "acoustic_entropy_side": 12.763915061950684,
          "hz": 1080.2004963696966
        },
        {
          "acoustic_entropy": 12.664207458496094,
          "acoustic_entropy_side": 12.777203559875488,
          "hz": 1237.8529382007157
        },
        {
          "acoustic_entropy": 13.028093338012695,
          "acoustic_entropy_side": 12.849396705627441,
          "hz": 1409.4668930556702
        },
        {
          "acoustic_entropy": 13.067245483398438,
          "acoustic_entropy_side": 12.957660675048828,
          "hz": 1596.2787759475705
        },
        {
          "acoustic_entropy": 12.664487838745117,
          "acoustic_entropy_side": 12.820372581481934,
          "hz": 1799.6344973346393
        },
        {
          "acoustic_entropy": 12.711625099182129,
          "acoustic_entropy_side": 12.828455924987793,
          "hz": 2020.9991599069049
        },
        {
          "acoustic_entropy": 12.542193412780762,
          "acoustic_entropy_side": 12.697969436645508,
          "hz": 2261.9676141086993
        },
        {
          "acoustic_entropy": 13.034577369689941,
          "acoustic_entropy_side": 12.684564590454102,
          "hz": 2524.2759484456974
        },
        {
          "acoustic_entropy": 12.763319969177246,
          "acoustic_entropy_side": 12.732499122619629,
          "hz": 2809.813997359896
        },
        {
          "acoustic_entropy": 12.775388717651367,
          "acoustic_entropy_side": 12.772178649902344,
          "hz": 3120.6389567871424
        },
        {
          "acoustic_entropy": 12.897278785705566,
          "acoustic_entropy_side": 12.760536193847656,
          "hz": 3458.990205492291
        },
        {
          "acoustic_entropy": 12.684182167053223,
          "acoustic_entropy_side": 12.727561950683594,
          "hz": 3827.305438964164
        },
        {
          "acoustic_entropy": 12.843704223632812,
          "acoustic_entropy_side": 12.775700569152832,
          "hz": 4228.238232109126
        },
        {
          "acoustic_entropy": 12.763337135314941,
          "acoustic_entropy_side": 12.809052467346191,
          "hz": 4664.6771572759235
        },
        {
          "acoustic_entropy": 12.694182395935059,
          "acoustic_entropy_side": 12.747108459472656,
          "hz": 5139.766595350093
        },
        {
          "acoustic_entropy": 12.642847061157227,
          "acoustic_entropy_side": 12.720561027526855,
          "hz": 5656.929389854203
        },
        {
          "acoustic_entropy": 12.77676010131836,
          "acoustic_entropy_side": 12.742852210998535,
          "hz": 6219.891507268283
        },
        {
          "acoustic_entropy": 12.773682594299316,
          "acoustic_entropy_side": 12.776776313781738,
          "hz": 6832.70888123896
        },
        {
          "acoustic_entropy": 12.707986831665039,
          "acoustic_entropy_side": 12.777261734008789,
          "hz": 7499.796634079867
        },
        {
          "acoustic_entropy": 12.72122573852539,
          "acoustic_entropy_side": 12.780348777770996,
          "hz": 8225.96088609342
        },
        {
          "acoustic_entropy": 12.706435203552246,
          "acoustic_entropy_side": 12.768274307250977,
          "hz": 9016.43338188839
        },
        {
          "acoustic_entropy": 12.719157218933105,
          "acoustic_entropy_side": 12.749865531921387,
          "hz": 9876.909183162974
        },
        {
          "acoustic_entropy": 12.67965316772461,
          "acoustic_entropy_side": 12.696739196777344,
          "hz": 10813.587699516042
        },
        {
          "acoustic_entropy": 12.635408401489258,
          "acoustic_entropy_side": 12.712327003479004,
          "hz": 11833.21735289826
        },
        {
          "acoustic_entropy": 12.678516387939453,
          "acoustic_entropy_side": 12.643060684204102,
          "hz": 12943.144197493959
        },
        {
          "acoustic_entropy": 12.709114074707031,
          "acoustic_entropy_side": 12.633193969726562,
          "hz": 14151.364845322005
        },
        {
          "acoustic_entropy": 12.691394805908203,
          "acoustic_entropy_side": 12.643577575683594,
          "hz": 15466.58407886509
        },
        {
          "acoustic_entropy": 12.678971290588379,
          "acoustic_entropy_side": 12.678834915161133,
          "hz": 16898.27756580493
        },
        {
          "acoustic_entropy": 12.711396217346191,
          "acoustic_entropy_side": 12.692259788513184,
          "hz": 18456.760127700032
        },
        {
          "acoustic_entropy": 12.79759407043457,
          "acoustic_entropy_side": 12.730489730834961,
          "hz": 20153.260054456492
        },
        {
          "acoustic_entropy": 12.727917671203613,
          "acoustic_entropy_side": 12.764371871948242,
          "hz": 22000.00000000001
        }
      ],
      "diff_acoustic_entropy": 11.377092361450195,
      "sn": 12
    },
    {
      "acoustic_entropy": 19.09137725830078,
      "acoustic_entropy_mono": 14.263556480407715,
      "band_eliminated_acoustic_entropies": [
        {
          "acoustic_entropy": 16.66109275817871,
          "acoustic_entropy_side": 18.954769134521484,
          "hz": 129.47220167065723
        },
        {
          "acoustic_entropy": 19.465795516967773,
          "acoustic_entropy_side": 19.185354232788086,
          "hz": 202.92927478742237
        },
        {
          "acoustic_entropy": 17.943584442138672,
          "acoustic_entropy_side": 19.312606811523438,
          "hz": 282.89161906338205
        },
        {
          "acoustic_entropy": 19.452077865600586,
          "acoustic_entropy_side": 19.445301055908203,
          "hz": 369.9353335868758
        },
        {
          "acoustic_entropy": 19.014497756958008,
          "acoustic_entropy_side": 18.963531494140625,
          "hz": 464.6875360973435
        },
        {
          "acoustic_entropy": 19.095226287841797,
          "acoustic_entropy_side": 18.835216522216797,
          "hz": 567.8308811364784
        },
        {
          "acoustic_entropy": 19.90481948852539,
          "acoustic_entropy_side": 19.43500518798828,
          "hz": 680.1084783214808
        },
        {
          "acoustic_entropy": 19.005327224731445,
          "acoustic_entropy_side": 19.036544799804688,
          "hz": 802.3292461747484
        },
        {
          "acoustic_entropy": 18.920021057128906,
          "acoustic_entropy_side": 19.240610122680664,
          "hz": 935.3737400823702
        },
        {
          "acoustic_entropy": 18.96660804748535,
          "acoustic_entropy_side": 19.03410530090332,
          "hz": 1080.2004963696966
        },
        {
          "acoustic_entropy": 18.97271728515625,
          "acoustic_entropy_side": 18.497432708740234,
          "hz": 1237.8529382007157
        },
        {
          "acoustic_entropy": 19.40947723388672,
          "acoustic_entropy_side": 18.90300750732422,
          "hz": 1409.4668930556702
        },
        {
          "acoustic_entropy": 19.743539810180664,
          "acoustic_entropy_side": 19.30475425720215,
          "hz": 1596.2787759475705
        },
        {
          "acoustic_entropy": 18.982240676879883,
          "acoustic_entropy_side": 18.71662139892578,
          "hz": 1799.6344973346393
        },
        {
          "acoustic_entropy": 18.895061492919922,
          "acoustic_entropy_side": 19.02101707458496,
          "hz": 2020.9991599069049
        },
        {
          "acoustic_entropy": 19.108585357666016,
          "acoustic_entropy_side": 19.164016723632812,
          "hz": 2261.9676141086993
        },
        {
          "acoustic_entropy": 18.891937255859375,
          "acoustic_entropy_side": 19.14149284362793,
          "hz": 2524.2759484456974
        },
        {
          "acoustic_entropy": 19.21533966064453,
          "acoustic_entropy_side": 19.168262481689453,
          "hz": 2809.813997359896
        },
        {
          "acoustic_entropy": 18.977643966674805,
