{
  "acoustic_entropy": 28.023847579956055,
  "bands": [
    {
      "high_freq": 148.1999969482422,
      "loudness": -16.336463928222656,
      "loudness_range": 6.213474273681641,
      "mid_mean": -51.345645904541016,
      "mid_to_side_loudness": -30.00332260131836,
      "mid_to_side_loudness_range": 45.63994216918945,
      "side_mean": -69.99999237060547
    },
    {
      "high_freq": 392.3793640136719,
      "loudness": -20.529584884643555,
      "loudness_range": 9.036208152770996,
      "low_freq": 148.1999969482422,
      "mid_mean": -52.63920211791992,
      "mid_to_side_loudness": -18.144001007080078,
      "mid_to_side_loudness_range": 45.03574752807617,
      "side_mean": -69.9999771118164
    },
    {
      "high_freq": 794.6976318359375,
      "loudness": -42.992889404296875,
      "loudness_range": 17.837772369384766,
      "low_freq": 392.3793640136719,
      "mid_mean": -52.292625427246094,
      "mid_to_side_loudness": -31.27053451538086,
      "mid_to_side_loudness_range": 54.7224235534668,
      "side_mean": -69.99992370605469
    },
    {
      "high_freq": 1457.5709228515625,
      "loudness": -52.248207092285156,
      "loudness_range": 22.123058319091797,
      "low_freq": 794.6976318359375,
      "mid_mean": -58.329627990722656,
      "mid_to_side_loudness": -35.6003532409668,
      "mid_to_side_loudness_range": 58.73390197753906,
      "side_mean": -69.99980163574219
    },
    {
      "high_freq": 2549.74365234375,
      "loudness": -49.538970947265625,
      "loudness_range": 29.379138946533203,
      "low_freq": 1457.5709228515625,
      "mid_mean": -56.059085845947266,
      "mid_to_side_loudness": -39.10520935058594,
      "mid_to_side_loudness_range": 52.76899719238281,
      "side_mean": -69.99951934814453
    },
    {
      "high_freq": 4349.24462890625,
      "loudness": -52.222164154052734,
      "loudness_range": 27.76055908203125,
      "low_freq": 2549.74365234375,
      "mid_mean": -58.460731506347656,
      "mid_to_side_loudness": -31.49462890625,
      "mid_to_side_loudness_range": 52.37046432495117,
      "side_mean": -69.9990463256836
    },
    {
      "high_freq": 7314.1640625,
      "loudness": -50.806373596191406,
      "loudness_range": 30.251129150390625,
      "low_freq": 4349.24462890625,
      "mid_mean": -58.37001419067383,
      "mid_to_side_loudness": -28.019718170166016,
      "mid_to_side_loudness_range": 46.820526123046875,
      "side_mean": -69.99828338623047
    },
    {
      "high_freq": 12199.2666015625,
      "loudness": -40.92490005493164,
      "loudness_range": 14.209625244140625,
      "low_freq": 7314.1640625,
      "mid_mean": -59.631351470947266,
      "mid_to_side_loudness": -15.500396728515625,
      "mid_to_side_loudness_range": 31.605777740478516,
      "side_mean": -69.99310302734375
    },
    {
      "loudness": -44.91958999633789,
      "loudness_range": 12.145553588867188,
      "low_freq": 12199.2666015625,
      "mid_mean": -61.4214973449707,
      "mid_to_side_loudness": -6.0058207511901855,
      "mid_to_side_loudness_range": 25.04857635498047,
      "side_mean": -69.97859954833984
    }
  ],
  "bands_short": [
    {
      "high_freq": 148.1999969482422,
      "loudness": -17.48922348022461,
      "loudness_range": 6.444552421569824,
      "mid_mean": -53.79744338989258,
      "mid_to_side_loudness": -27.74691390991211,
      "mid_to_side_loudness_range": 45.11668014526367,
      "side_mean": -69.99999237060547
    },
    {
      "high_freq": 392.3793640136719,
      "loudness": -17.260746002197266,
      "loudness_range": 8.154352188110352,
      "low_freq": 148.1999969482422,
      "mid_mean": -53.72721481323242,
      "mid_to_side_loudness": -18.050037384033203,
      "mid_to_side_loudness_range": 40.15609359741211,
      "side_mean": -69.9999771118164
    },
    {
      "high_freq": 794.6976318359375,
      "loudness": -44.07094955444336,
      "loudness_range": 21.064552307128906,
      "low_freq": 392.3793640136719,
      "mid_mean": -57.796016693115234,
      "mid_to_side_loudness": -26.13295555114746,
      "mid_to_side_loudness_range": 49.66368865966797,
      "side_mean": -69.99992370605469
    },
    {
      "high_freq": 1457.5709228515625,
      "loudness": -56.0367317199707,
      "loudness_range": 37.53622817993164,
      "low_freq": 794.6976318359375,
      "mid_mean": -62.98573684692383,
      "mid_to_side_loudness": -32.75120544433594,
      "mid_to_side_loudness_range": 54.63563919067383,
      "side_mean": -69.99980163574219
    },
    {
      "high_freq": 2549.74365234375,
      "loudness": -50.275081634521484,
      "loudness_range": 36.9466552734375,
      "low_freq": 1457.5709228515625,
      "mid_mean": -62.8288459777832,
      "mid_to_side_loudness": -29.91452980041504,
      "mid_to_side_loudness_range": 49.594913482666016,
      "side_mean": -69.9995346069336
    },
    {
      "high_freq": 4349.24462890625,
      "loudness": -55.2181510925293,
      "loudness_range": 38.97160720825195,
      "low_freq": 2549.74365234375,
      "mid_mean": -65.40818786621094,
      "mid_to_side_loudness": -23.682634353637695,
      "mid_to_side_loudness_range": 40.673545837402344,
      "side_mean": -69.9990463256836
    },
    {
      "high_freq": 7314.1640625,
      "loudness": -55.28961181640625,
      "loudness_range": 41.77592468261719,
      "low_freq": 4349.24462890625,
      "mid_mean": -65.5774154663086,
      "mid_to_side_loudness": -22.69757652282715,
      "mid_to_side_loudness_range": 40.216094970703125,
      "side_mean": -69.99828338623047
    },
    {
      "high_freq": 12199.2666015625,
      "loudness": -50.39519500732422,
      "loudness_range": 41.895263671875,
      "low_freq": 7314.1640625,
      "mid_mean": -66.82191467285156,
      "mid_to_side_loudness": -14.4429931640625,
      "mid_to_side_loudness_range": 27.22647476196289,
      "side_mean": -69.9931869506836
    },
    {
      "loudness": -52.592098236083984,
      "loudness_range": 37.40184020996094,
      "low_freq": 12199.2666015625,
      "mid_mean": -67.8027114868164,
      "mid_to_side_loudness": -4.167489528656006,
      "mid_to_side_loudness_range": 20.92379379272461,
      "side_mean": -69.97856903076172
    }
  ],
  "bandwidth": 183.86988830566406,
  "channels": 2,
  "covariance": [
    [
      701.83251953125,
      7.600818207720295e-05,
      652.5363159179688,
      0.0002963003935292363,
      256.32232666015625,
      0.0010380782186985016,
      163.47901916503906,
      0.0027726597618311644,
      92.70537567138672,
      0.008451753295958042,
      100.12603759765625,
      0.014324343763291836,
      76.64044952392578,
      0.02730242908000946,
      14.427852630615234,
      0.14224791526794434,
      8.938953399658203,
      0.3226446211338043
    ],
    [
      7.600818207720295e-05,
      2.636156848367932e-09,
      7.508691487601027e-05,
      1.4429790695658085e-09,
      -6.729131655447418e-06,
      2.6339364023186818e-09,
      -3.991937774117105e-05,
      2.7974569327682275e-09,
      -4.292629091651179e-05,
      7.036148552685972e-09,
      -5.014384805690497e-05,
      7.860095685430224e-09,
      -5.294931906973943e-05,
      1.612891509239489e-08,
      -5.6179364037234336e-05,
      3.218059063669898e-08,
      -4.855798033531755e-05,
      3.2090976986864916e-08
    ],
    [
      652.5363159179688,
      7.508691487601027e-05,
      610.0712280273438,
      0.00027636182494461536,
      238.9595184326172,
      0.0009609980043023825,
      152.4903106689453,
      0.0025942602660506964,
      86.24571990966797,
      0.007788040209561586,
      93.12908935546875,
      0.01322891004383564,
      71.23214721679688,
      0.025403287261724472,
      12.635769844055176,
      0.13226410746574402,
      7.6095685958862305,
      0.30233898758888245
    ],
    [
      0.0002963003935292363,
      1.4429790695658085e-09,
      0.00027636182494461536,
      3.6455125584922143e-09,
      0.00013979870709590614,
      5.1509814191774694e-09,
      1.8250508219352923e-05,
      5.256294510758153e-09,
      5.7716511946637183e-05,
      1.122868642511321e-08,
      1.228830933541758e-05,
      2.1870379285360286e-08,
      6.442446192522766e-06,
      4.2775969433250793e-08,
      -2.265146940771956e-05,
      1.1327052362730683e-07,
      -2.5379849830642343e-05,
      2.835271288859076e-07
    ],
    [
      256.32232666015625,
      -6.729131655447418e-06,
      238.9595184326172,
      0.00013979870709590614,
      251.8599395751953,
      0.0006140460609458387,
      183.36395263671875,
      0.001918045454658568,
      198.93173217773438,
      0.005006544757634401,
      181.67764282226562,
      0.009480543434619904,
      184.3809051513672,
      0.017550744116306305,
      169.7139892578125,
      0.07500169426202774,
      143.93789672851562,
      0.2234477400779724
    ],
    [
      0.0010380782186985016,
      2.6339364023186818e-09,
      0.0009609980043023825,
      5.1509814191774694e-09,
      0.0006140460609458387,
      1.3214249250381727e-08,
      0.00029153714422136545,
      1.3870393722470453e-08,
      0.00037343919393606484,
      3.473807907994342e-08,
      0.00025177779025398195,
      6.597719703904659e-08,
      0.00023247252102009952,
      1.10745226322706e-07,
      0.000140913572977297,
      3.80583088599451e-07,
      0.00010461655620019883,
      1.0177820968237938e-06
    ],
    [
      163.47901916503906,
      -3.991937774117105e-05,
      152.4903106689453,
      1.8250508219352923e-05,
      183.36395263671875,
      0.00029153714422136545,
      146.84347534179688,
      0.0011318089673295617,
      157.27081298828125,
      0.003014899091795087,
      148.7657928466797,
      0.005705042276531458,
      152.82516479492188,
      0.010374453850090504,
      146.46746826171875,
      0.043534234166145325,
      125.70242309570312,
      0.13696639239788055
    ],
    [
      0.0027726597618311644,
      2.7974569327682275e-09,
      0.0025942602660506964,
      5.256294510758153e-09,
      0.001918045454658568,
      1.3870393722470453e-08,
      0.0011318089673295617,
      3.8338072272381396e-08,
      0.0013257823884487152,
      1.0832033581209544e-07,
      0.0009723165421746671,
      1.772948223788262e-07,
      0.0009081033058464527,
      3.026016486273875e-07,
      0.0006357357488013804,
      1.066964614437893e-06,
      0.0004900107160210609,
      3.3359992812620476e-06
    ],
    [
      92.70537567138672,
      -4.292629091651179e-05,
      86.24571990966797,
      5.7716511946637183e-05,
      198.93173217773438,
      0.00037343919393606484,
      157.27081298828125,
      0.0013257823884487152,
      209.94573974609375,
      0.003107865806668997,
      183.4557647705078,
      0.006442881654947996,
      195.95553588867188,
      0.011304286308586597,
      203.5010528564453,
      0.03893391042947769,
      173.37234497070312,
      0.1605156809091568
    ],
    [
      0.008451753295958042,
      7.036148552685972e-09,
      0.007788040209561586,
      1.122868642511321e-08,
      0.005006544757634401,
      3.473807907994342e-08,
      0.003014899091795087,
      1.0832033581209544e-07,
      0.003107865806668997,
      5.316400688570866e-07,
      0.002242930233478546,
      7.120384566405846e-07,
      0.0019893490243703127,
      1.1283221965641133e-06,
      0.0011081724660471082,
      2.9124657885404304e-06,
      0.0007773846737109125,
      9.035955372382887e-06
    ],
    [
      100.12603759765625,
      -5.014384805690497e-05,
      93.12908935546875,
      1.228830933541758e-05,
      181.67764282226562,
      0.00025177779025398195,
      148.7657928466797,
      0.0009723165421746671,
      183.4557647705078,
      0.002242930233478546,
      170.91302490234375,
      0.00468703405931592,
      181.54049682617188,
      0.00843340065330267,
      186.44003295898438,
      0.029966436326503754,
      160.3217010498047,
      0.11069906502962112
    ],
    [
      0.014324343763291836,
      7.860095685430224e-09,
      0.01322891004383564,
      2.1870379285360286e-08,
      0.009480543434619904,
      6.597719703904659e-08,
      0.005705042276531458,
      1.772948223788262e-07,
      0.006442881654947996,
      7.120384566405846e-07,
      0.00468703405931592,
      1.095029006137338e-06,
      0.004281186033040285,
      1.7420560425307485e-06,
      0.002806323114782572,
      5.244232852419373e-06,
      0.0021034814417362213,
      1.6608966689091176e-05
    ],
    [
      76.64044952392578,
      -5.294931906973943e-05,
      71.23214721679688,
      6.442446192522766e-06,
      184.3809051513672,
      0.00023247252102009952,
      152.82516479492188,
      0.0009081033058464527,
      195.95553588867188,
      0.0019893490243703127,
      181.54049682617188,
      0.004281186033040285,
      196.1327667236328,
      0.007660788018256426,
      207.9276885986328,
      0.02384418621659279,
      179.12965393066406,
      0.09924030303955078
    ],
    [
      0.02730242908000946,
      1.612891509239489e-08,
      0.025403287261724472,
      4.2775969433250793e-08,
      0.017550744116306305,
      1.10745226322706e-07,
      0.010374453850090504,
      3.026016486273875e-07,
      0.011304286308586597,
      1.1283221965641133e-06,
      0.00843340065330267,
      1.7420560425307485e-06,
      0.007660788018256426,
      3.0023786621313775e-06,
      0.004816646687686443,
      9.756398867466487e-06,
      0.0036001005209982395,
      2.9781163902953267e-05
    ],
    [
      14.427852630615234,
      -5.6179364037234336e-05,
      12.635769844055176,
      -2.265146940771956e-05,
      169.7139892578125,
      0.000140913572977297,
      146.46746826171875,
      0.0006357357488013804,
      203.5010528564453,
      0.0011081724660471082,
      186.44003295898438,
      0.002806323114782572,
      207.9276885986328,
      0.004816646687686443,
      235.98764038085938,
      0.007993955165147781,
      204.1923828125,
      0.06641712784767151
    ],
    [
      0.14224791526794434,
      3.218059063669898e-08,
      0.13226410746574402,
      1.1327052362730683e-07,
      0.07500169426202774,
      3.80583088599451e-07,
      0.043534234166145325,
      1.066964614437893e-06,
      0.03893391042947769,
      2.9124657885404304e-06,
      0.029966436326503754,
      5.244232852419373e-06,
      0.02384418621659279,
      9.756398867466487e-06,
      0.007993955165147781,
      4.9657755880616605e-05,
      0.004301109351217747,
      0.0001409706164849922
    ],
    [
      8.938953399658203,
      -4.855798033531755e-05,
      7.6095685958862305,
      -2.5379849830642343e-05,
      143.93789672851562,
      0.00010461655620019883,
      125.70242309570312,
      0.0004900107160210609,
      173.37234497070312,
      0.0007773846737109125,
      160.3217010498047,
      0.0021034814417362213,
      179.12965393066406,
      0.0036001005209982395,
      204.1923828125,
      0.004301109351217747,
      177.36228942871094,
      0.047260187566280365
    ],
    [
      0.3226446211338043,
      3.2090976986864916e-08,
      0.30233898758888245,
      2.835271288859076e-07,
      0.2234477400779724,
      1.0177820968237938e-06,
      0.13696639239788055,
      3.3359992812620476e-06,
      0.1605156809091568,
      9.035955372382887e-06,
      0.11069906502962112,
      1.6608966689091176e-05,
      0.09924030303955078,
      2.9781163902953267e-05,
      0.06641712784767151,
      0.0001409706164849922,
      0.047260187566280365,
      0.0005240250611677766
    ]
  ],
  "covariance_short": [
    [
      635.4638061523438,
      -5.937045716564171e-05,
      636.8606567382812,
      -0.00015381125558633357,
      297.1723937988281,
      0.0004385177744552493,
      165.968994140625,
      0.002308355877175927,
      66.89279174804688,
      0.007214388344436884,
      59.90351486206055,
      0.012610968202352524,
      50.905216217041016,
      0.02328074909746647,
      13.102155685424805,
      0.13004648685455322,
      5.976319789886475,
      0.31334188580513
    ],
    [
      -5.937045716564171e-05,
      2.4865094427894974e-09,
      -5.934534055995755e-05,
      4.092986838344359e-09,
      -3.97271360270679e-05,
      4.453687196814826e-09,
      -2.4963092073448934e-05,
      3.845449736417095e-09,
      -1.9375813280930743e-05,
      6.7567054173878205e-09,
      -1.5994864952517673e-05,
      1.2716557584724342e-08,
      -1.537909520266112e-05,
      1.8989579686490288e-08,
      -1.107363095798064e-05,
      5.3213511819194537e-08,
      -7.843851562938653e-06,
      4.22907433517139e-08
    ],
    [
      636.8606567382812,
      -5.934534055995755e-05,
      642.2860717773438,
      -0.00015211482241284102,
      300.913818359375,
      0.0004415094153955579,
      167.86119079589844,
      0.00227643852122128,
      69.13147735595703,
      0.0069076744839549065,
      61.4453010559082,
      0.012323345057666302,
      53.08636474609375,
      0.02294132299721241,
      16.01209831237793,
      0.12964291870594025,
      8.343450546264648,
      0.31410855054855347
    ],
    [
      -0.00015381125558633357,
      4.092986838344359e-09,
      -0.00015211482241284102,
      2.0185192184385414e-08,
      -6.392515206243843e-05,
      1.8145797753277293e-08,
      -6.046119597158395e-05,
      1.4940647830030684e-08,
      -6.140855475678109e-06,
      2.439480084603929e-08,
      -3.885345358867198e-05,
      5.329404118015191e-08,
      -3.637708141468465e-05,
      1.0285714324709261e-07,
      -2.6001747755799443e-05,
      2.56356941008562e-07,
      -2.132557892764453e-05,
      4.1537262518431817e-07
    ],
    [
      297.1723937988281,
      -3.97271360270679e-05,
      300.913818359375,
      -6.392515206243843e-05,
      230.08441162109375,
      0.00035392201971262693,
      149.8487548828125,
      0.0017374162562191486,
      131.51893615722656,
      0.004651039373129606,
      98.12549591064453,
      0.008727887645363808,
      95.26136016845703,
      0.016369597986340523,
      72.16979217529297,
      0.07398422062397003,
      53.209346771240234,
      0.21512435376644135
    ],
    [
      0.0004385177744552493,
      4.453687196814826e-09,
      0.0004415094153955579,
      1.8145797753277293e-08,
      0.00035392201971262693,
      4.3594255316747876e-08,
      0.00017737566668074578,
      2.3382314751074773e-08,
      0.00022958852059673518,
      5.932751889758947e-08,
      0.00011893976625287905,
      1.2375616620374785e-07,
      0.00011221622116863728,
      1.7640209648561722e-07,
      7.496526086470112e-05,
      5.59895397600485e-07,
      4.92726503580343e-05,
      1.1785826927734888e-06
    ],
    [
      165.968994140625,
      -2.4963092073448934e-05,
      167.86119079589844,
      -6.046119597158395e-05,
      149.8487548828125,
      0.00017737566668074578,
      122.66487884521484,
      0.0009140022448264062,
      104.46100616455078,
      0.0025822194293141365,
      87.8533935546875,
      0.004902313929051161,
      85.6418228149414,
      0.00885483156889677,
      69.30585479736328,
      0.03524090722203255,
      54.816036224365234,
      0.09829284995794296
    ],
    [
      0.002308355877175927,
      3.845449736417095e-09,
      0.00227643852122128,
      1.4940647830030684e-08,
      0.0017374162562191486,
      2.3382314751074773e-08,
      0.0009140022448264062,
      8.406052387499585e-08,
      0.000991733162663877,
      2.388297843936016e-07,
      0.0005718402680940926,
      3.399923400593252e-07,
      0.0005426103598438203,
      5.339529138836951e-07,
      0.00035744128399528563,
      1.3016982620683848e-06,
      0.0002364400279475376,
      3.5490359096002067e-06
    ],
    [
      66.89279174804688,
      -1.9375813280930743e-05,
      69.13147735595703,
      -6.140855475678109e-06,
      131.51893615722656,
      0.00022958852059673518,
      104.46100616455078,
      0.000991733162663877,
      153.13697814941406,
      0.00233988999389112,
      108.95726013183594,
      0.004887006711214781,
      107.8116683959961,
      0.008538002148270607,
      92.47279357910156,
      0.023371925577521324,
      69.16452026367188,
      0.11666832119226456
    ],
    [
      0.007214388344436884,
      6.7567054173878205e-09,
      0.0069076744839549065,
      2.439480084603929e-08,
      0.004651039373129606,
      5.932751889758947e-08,
      0.0025822194293141365,
      2.388297843936016e-07,
      0.00233988999389112,
      1.7669345879767206e-06,
      0.0014790825080126524,
      2.0327709080447676e-06,
      0.0012245679972693324,
      2.907562020482146e-06,
      0.0006225443794392049,
      3.1322201721195597e-06,
      0.00038539335946552455,
      7.689744052186143e-06
    ],
    [
      59.90351486206055,
      -1.5994864952517673e-05,
      61.4453010559082,
      -3.885345358867198e-05,
      98.12549591064453,
      0.00011893976625287905,
      87.8533935546875,
      0.0005718402680940926,
      108.95726013183594,
      0.0014790825080126524,
      93.84915924072266,
      0.00288015347905457,
      92.37358856201172,
      0.004858238622546196,
      77.99568176269531,
      0.009295991621911526,
      61.60151290893555,
      0.03477669507265091
    ],
    [
      0.012610968202352524,
      1.2716557584724342e-08,
      0.012323345057666302,
      5.329404118015191e-08,
      0.008727887645363808,
      1.2375616620374785e-07,
      0.004902313929051161,
      3.399923400593252e-07,
      0.004887006711214781,
      2.0327709080447676e-06,
      0.00288015347905457,
      2.8947367809450952e-06,
      0.0024900122079998255,
      3.935630957130343e-06,
      0.0014408164424821734,
      6.076302724977722e-06,
      0.0009240410290658474,
      1.72553463926306e-05
    ],
    [
      50.905216217041016,
      -1.537909520266112e-05,
      53.08636474609375,
      -3.637708141468465e-05,
      95.26136016845703,
      0.00011221622116863728,
      85.6418228149414,
      0.0005426103598438203,
      107.8116683959961,
      0.0012245679972693324,
      92.37358856201172,
      0.0024900122079998255,
      92.82371520996094,
      0.0043519409373402596,
      81.54417419433594,
      0.007592290639877319,
      65.01361846923828,
      0.033072128891944885
    ],
    [
      0.02328074909746647,
      1.8989579686490288e-08,
      0.02294132299721241,
      1.0285714324709261e-07,
      0.016369597986340523,
      1.7640209648561722e-07,
      0.00885483156889677,
      5.339529138836951e-07,
      0.008538002148270607,
      2.907562020482146e-06,
      0.004858238622546196,
      3.935630957130343e-06,
      0.0043519409373402596,
      6.555560958076967e-06,
      0.0026691164821386337,
      1.173347936855862e-05,
      0.0017316426383331418,
      3.333154018037021e-05
    ],
    [
      13.102155685424805,
      -1.107363095798064e-05,
      16.01209831237793,
      -2.6001747755799443e-05,
      72.16979217529297,
      7.496526086470112e-05,
      69.30585479736328,
      0.00035744128399528563,
      92.47279357910156,
      0.0006225443794392049,
      77.99568176269531,
      0.0014408164424821734,
      81.54417419433594,
      0.0026691164821386337,
      81.23049926757812,
      -0.00039709097472950816,
      66.46260070800781,
      0.01609988696873188
    ],
    [
      0.13004648685455322,
      5.3213511819194537e-08,
      0.12964291870594025,
      2.56356941008562e-07,
      0.07398422062397003,
      5.59895397600485e-07,
      0.03524090722203255,
      1.3016982620683848e-06,
      0.023371925577521324,
      3.1322201721195597e-06,
      0.009295991621911526,
      6.076302724977722e-06,
      0.007592290639877319,
      1.173347936855862e-05,
      -0.00039709097472950816,
      8.49140778882429e-05,
      -0.0017824051901698112,
      0.00021947921777609736
    ],
    [
      5.976319789886475,
      -7.843851562938653e-06,
      8.343450546264648,
      -2.132557892764453e-05,
      53.209346771240234,
      4.92726503580343e-05,
      54.816036224365234,
      0.0002364400279475376,
      69.16452026367188,
      0.00038539335946552455,
      61.60151290893555,
      0.0009240410290658474,
      65.01361846923828,
      0.0017316426383331418,
      66.46260070800781,
      -0.0017824051901698112,
      55.949214935302734,
      0.005481461063027382
    ],
    [
      0.31334188580513,
      4.22907433517139e-08,
      0.31410855054855347,
      4.1537262518431817e-07,
      0.21512435376644135,
      1.1785826927734888e-06,
      0.09829284995794296,
      3.5490359096002067e-06,
      0.11666832119226456,
      7.689744052186143e-06,
      0.03477669507265091,
      1.72553463926306e-05,
      0.033072128891944885,
      3.333154018037021e-05,
      0.01609988696873188,
      0.00021947921777609736,
      0.005481461063027382,
      0.0009964952478185296
    ]
  ],
  "damage": -6.581728935241699,
  "diff_bandwidth": 195.64019775390625,
  "dissonance": 3.057833691980031,
  "drr": 3.018321990966797,
  "dynamics": 9.469528198242188,
  "format": 1245190,
  "frames": 1617920,
  "loudness": -18.215715408325195,
  "loudness_range": 19.929372787475586,
  "loudness_range_short": 27.219058990478516,
  "lowpass_true_peak_15khz": -0.008318036794662476,
  "mastering3_acoustic_entropies": [
    {
      "acoustic_entropy": 5.653708457946777,
      "acoustic_entropy_mono": 5.653708457946777,
      "band_eliminated_acoustic_entropies": [
        {
          "acoustic_entropy": 5.61614990234375,
          "acoustic_entropy_side": 5.653708457946777,
          "hz": 129.47220167065723
        },
        {
          "acoustic_entropy": 5.327149391174316,
          "acoustic_entropy_side": 5.653708457946777,
          "hz": 202.92927478742237
        },
        {
          "acoustic_entropy": 5.713135719299316,
          "acoustic_entropy_side": 5.653708457946777,
          "hz": 282.89161906338205
        },
        {
          "acoustic_entropy": 5.648942470550537,
          "acoustic_entropy_side": 5.653708457946777,
          "hz": 369.9353335868758
        },
        {
          "acoustic_entropy": 5.4029364585876465,
          "acoustic_entropy_side": 5.653708457946777,
          "hz": 464.6875360973435
        },
        {
          "acoustic_entropy": 5.620887756347656,
          "acoustic_entropy_side": 5.653708457946777,
          "hz": 567.8308811364784
        },
        {
          "acoustic_entropy": 5.681159496307373,
          "acoustic_entropy_side": 5.653708457946777,
          "hz": 680.1084783214808
        },
        {
          "acoustic_entropy": 5.6708760261535645,
          "acoustic_entropy_side": 5.653708457946777,
          "hz": 802.3292461747484
        },
        {
          "acoustic_entropy": 5.68312406539917,
          "acoustic_entropy_side": 5.653708457946777,
          "hz": 935.3737400823702
        },
        {
          "acoustic_entropy": 5.662939071655273,
          "acoustic_entropy_side": 5.653708457946777,
          "hz": 1080.2004963696966
        },
        {
          "acoustic_entropy": 5.657352447509766,
          "acoustic_entropy_side": 5.653708457946777,
          "hz": 1237.8529382007157
        },
        {
          "acoustic_entropy": 5.654023170471191,
          "acoustic_entropy_side": 5.653708457946777,
          "hz": 1409.4668930556702
        },
        {
          "acoustic_entropy": 5.653726577758789,
          "acoustic_entropy_side": 5.653708457946777,
          "hz": 1596.2787759475705
        },
        {
          "acoustic_entropy": 5.653976917266846,
          "acoustic_entropy_side": 5.653708457946777,
          "hz": 1799.6344973346393
        },
        {
          "acoustic_entropy": 5.619934558868408,
          "acoustic_entropy_side": 5.653708457946777,
          "hz": 2020.9991599069049
        },
        {
          "acoustic_entropy": 5.660207748413086,
          "acoustic_entropy_side": 5.653708457946777,
          "hz": 2261.9676141086993
        },
        {
          "acoustic_entropy": 5.653799057006836,
          "acoustic_entropy_side": 5.653708457946777,
          "hz": 2524.2759484456974
        },
        {
          "acoustic_entropy": 5.653735160827637,
          "acoustic_entropy_side": 5.653708457946777,
          "hz": 2809.813997359896
        },
        {
          "acoustic_entropy": 5.653480052947998,
          "acoustic_entropy_side": 5.653708457946777,
          "hz": 3120.6389567871424
        },
        {
          "acoustic_entropy": 5.654397487640381,
          "acoustic_entropy_side": 5.653708457946777,
          "hz": 3458.990205492291
        },
        {
          "acoustic_entropy": 5.653357028961182,
          "acoustic_entropy_side": 5.653708457946777,
          "hz": 3827.305438964164
        },
        {
          "acoustic_entropy": 5.652915000915527,
          "acoustic_entropy_side": 5.653708457946777,
          "hz": 4228.238232109126
        },
        {
          "acoustic_entropy": 5.653195381164551,
          "acoustic_entropy_side": 5.653708457946777,
          "hz": 4664.6771572759235
        },
        {
          "acoustic_entropy": 5.65346622467041,
          "acoustic_entropy_side": 5.653708457946777,
          "hz": 5139.766595350093
        },
        {
          "acoustic_entropy": 5.653351783752441,
          "acoustic_entropy_side": 5.653708457946777,
          "hz": 5656.929389854203
        },
        {
          "acoustic_entropy": 5.653339385986328,
          "acoustic_entropy_side": 5.653708457946777,
          "hz": 6219.891507268283
        },
        {
          "acoustic_entropy": 5.6525163650512695,
          "acoustic_entropy_side": 5.653708457946777,
          "hz": 6832.70888123896
        },
        {
          "acoustic_entropy": 5.651703834533691,
          "acoustic_entropy_side": 5.653708457946777,
          "hz": 7499.796634079867
        },
        {
          "acoustic_entropy": 5.6522216796875,
          "acoustic_entropy_side": 5.653708457946777,
          "hz": 8225.96088609342
        },
        {
          "acoustic_entropy": 5.627829551696777,
          "acoustic_entropy_side": 5.653708457946777,
          "hz": 9016.43338188839
        },
        {
          "acoustic_entropy": 5.512847423553467,
          "acoustic_entropy_side": 5.653708457946777,
          "hz": 9876.909183162974
        },
        {
          "acoustic_entropy": 5.646895885467529,
          "acoustic_entropy_side": 5.653708457946777,
          "hz": 10813.587699516042
        },
        {
          "acoustic_entropy": 5.651068687438965,
          "acoustic_entropy_side": 5.653708457946777,
          "hz": 11833.21735289826
        },
        {
          "acoustic_entropy": 5.651779651641846,
          "acoustic_entropy_side": 5.653708457946777,
          "hz": 12943.144197493959
        },
        {
          "acoustic_entropy": 5.650881767272949,
          "acoustic_entropy_side": 5.653708457946777,
          "hz": 14151.364845322005
        },
        {
          "acoustic_entropy": 5.651918888092041,
          "acoustic_entropy_side": 5.653708457946777,
          "hz": 15466.58407886509
        },
        {
          "acoustic_entropy": 5.653568744659424,
          "acoustic_entropy_side": 5.653708457946777,
          "hz": 16898.27756580493
        },
        {
          "acoustic_entropy": 5.6537065505981445,
          "acoustic_entropy_side": 5.653708457946777,
          "hz": 18456.760127700032
        },
        {
          "acoustic_entropy": 5.653708457946777,
          "acoustic_entropy_side": 5.653708457946777,
          "hz": 20153.260054456492
        },
        {
          "acoustic_entropy": 5.653708457946777,
          "acoustic_entropy_side": 5.653708457946777,
          "hz": 22000.00000000001
        }
      ],
      "diff_acoustic_entropy": 4.546210765838623,
      "sn": 6
    },
    {
      "acoustic_entropy": 6.887833118438721,
      "acoustic_entropy_mono": 6.887833118438721,
      "band_eliminated_acoustic_entropies": [
        {
          "acoustic_entropy": 6.704329013824463,
          "acoustic_entropy_side": 6.887833118438721,
          "hz": 129.47220167065723
        },
        {
          "acoustic_entropy": 6.294440746307373,
          "acoustic_entropy_side": 6.887833118438721,
          "hz": 202.92927478742237
        },
        {
          "acoustic_entropy": 7.18629789352417,
          "acoustic_entropy_side": 6.887833118438721,
          "hz": 282.89161906338205
        },
        {
          "acoustic_entropy": 6.950883388519287,
          "acoustic_entropy_side": 6.887833118438721,
          "hz": 369.9353335868758
        },
        {
          "acoustic_entropy": 6.852787494659424,
          "acoustic_entropy_side": 6.887833118438721,
          "hz": 464.6875360973435
        },
        {
          "acoustic_entropy": 6.927680492401123,
          "acoustic_entropy_side": 6.887833118438721,
          "hz": 567.8308811364784
        },
        {
          "acoustic_entropy": 7.059084892272949,
          "acoustic_entropy_side": 6.887833118438721,
          "hz": 680.1084783214808
        },
        {
          "acoustic_entropy": 7.254964828491211,
          "acoustic_entropy_side": 6.887833118438721,
          "hz": 802.3292461747484
        },
        {
          "acoustic_entropy": 7.12589168548584,
          "acoustic_entropy_side": 6.887833118438721,
          "hz": 935.3737400823702
        },
        {
          "acoustic_entropy": 6.946800708770752,
          "acoustic_entropy_side": 6.887833118438721,
          "hz": 1080.2004963696966
        },
        {
          "acoustic_entropy": 6.883617401123047,
          "acoustic_entropy_side": 6.887833118438721,
          "hz": 1237.8529382007157
        },
        {
          "acoustic_entropy": 6.887009143829346,
          "acoustic_entropy_side": 6.887833118438721,
          "hz": 1409.4668930556702
        },
        {
          "acoustic_entropy": 6.887670516967773,
          "acoustic_entropy_side": 6.887833118438721,
          "hz": 1596.2787759475705
        },
        {
          "acoustic_entropy": 6.894265174865723,
          "acoustic_entropy_side": 6.887833118438721,
          "hz": 1799.6344973346393
        },
        {
          "acoustic_entropy": 6.913288116455078,
          "acoustic_entropy_side": 6.887833118438721,
          "hz": 2020.9991599069049
        },
        {
          "acoustic_entropy": 6.908681869506836,
          "acoustic_entropy_side": 6.887833118438721,
          "hz": 2261.9676141086993
        },
        {
          "acoustic_entropy": 6.887612819671631,
          "acoustic_entropy_side": 6.887833118438721,
          "hz": 2524.2759484456974
        },
        {
          "acoustic_entropy": 6.8875555992126465,
          "acoustic_entropy_side": 6.887833118438721,
          "hz": 2809.813997359896
        },
        {
          "acoustic_entropy": 6.886085033416748,
          "acoustic_entropy_side": 6.887833118438721,
          "hz": 3120.6389567871424
        },
        {
          "acoustic_entropy": 6.906519889831543,
          "acoustic_entropy_side": 6.887833118438721,
          "hz": 3458.990205492291
        },
        {
          "acoustic_entropy": 6.893561840057373,
          "acoustic_entropy_side": 6.887833118438721,
          "hz": 3827.305438964164
        },
        {
          "acoustic_entropy": 6.885800838470459,
          "acoustic_entropy_side": 6.887833118438721,
          "hz": 4228.238232109126
        },
        {
          "acoustic_entropy": 6.885066986083984,
          "acoustic_entropy_side": 6.887833118438721,
          "hz": 4664.6771572759235
        },
        {
          "acoustic_entropy": 6.893664360046387,
          "acoustic_entropy_side": 6.887833118438721,
          "hz": 5139.766595350093
        },
        {
          "acoustic_entropy": 6.8998494148254395,
          "acoustic_entropy_side": 6.887833118438721,
          "hz": 5656.929389854203
        },
        {
          "acoustic_entropy": 6.8988261222839355,
          "acoustic_entropy_side": 6.887833118438721,
          "hz": 6219.891507268283
        },
        {
          "acoustic_entropy": 6.894779205322266,
          "acoustic_entropy_side": 6.887833118438721,
          "hz": 6832.70888123896
        },
        {
          "acoustic_entropy": 6.906308650970459,
          "acoustic_entropy_side": 6.887833118438721,
          "hz": 7499.796634079867
        },
        {
          "acoustic_entropy": 6.897869110107422,
          "acoustic_entropy_side": 6.887833118438721,
          "hz": 8225.96088609342
        },
        {
          "acoustic_entropy": 6.896736145019531,
          "acoustic_entropy_side": 6.887833118438721,
          "hz": 9016.43338188839
        },
        {
          "acoustic_entropy": 6.821340084075928,
          "acoustic_entropy_side": 6.887833118438721,
          "hz": 9876.909183162974
        },
        {
          "acoustic_entropy": 6.891317367553711,
          "acoustic_entropy_side": 6.887833118438721,
          "hz": 10813.587699516042
        },
        {
          "acoustic_entropy": 6.8942155838012695,
          "acoustic_entropy_side": 6.887833118438721,
          "hz": 11833.21735289826
        },
        {
          "acoustic_entropy": 6.895201683044434,
          "acoustic_entropy_side": 6.887833118438721,
          "hz": 12943.144197493959
        },
        {
          "acoustic_entropy": 6.905315399169922,
          "acoustic_entropy_side": 6.887833118438721,
          "hz": 14151.364845322005
        },
        {
          "acoustic_entropy": 6.887912273406982,
          "acoustic_entropy_side": 6.887833118438721,
          "hz": 15466.58407886509
        },
        {
          "acoustic_entropy": 6.886491775512695,
          "acoustic_entropy_side": 6.887833118438721,
          "hz": 16898.27756580493
        },
        {
          "acoustic_entropy": 6.887817859649658,
          "acoustic_entropy_side": 6.887833118438721,
          "hz": 18456.760127700032
        },
        {
          "acoustic_entropy": 6.887833118438721,
          "acoustic_entropy_side": 6.887833118438721,
          "hz": 20153.260054456492
        },
        {
          "acoustic_entropy": 6.887833118438721,
          "acoustic_entropy_side": 6.887833118438721,
          "hz": 22000.00000000001
        }
      ],
      "diff_acoustic_entropy": 6.529163837432861,
      "sn": 12
    },
    {
      "acoustic_entropy": 11.042468070983887,
      "acoustic_entropy_mono": 11.042468070983887,
      "band_eliminated_acoustic_entropies": [
        {
          "acoustic_entropy": 11.07600212097168,
          "acoustic_entropy_side": 11.042468070983887,
          "hz": 129.47220167065723
        },
        {
          "acoustic_entropy": 10.823777198791504,
          "acoustic_entropy_side": 11.042468070983887,
          "hz": 202.92927478742237
        },
        {
          "acoustic_entropy": 11.197416305541992,
          "acoustic_entropy_side": 11.042468070983887,
          "hz": 282.89161906338205
        },
        {
          "acoustic_entropy": 10.988027572631836,
          "acoustic_entropy_side": 11.042468070983887,
          "hz": 369.9353335868758
        },
        {
          "acoustic_entropy": 11.03781795501709,
          "acoustic_entropy_side": 11.042468070983887,
          "hz": 464.6875360973435
        },
        {
          "acoustic_entropy": 10.95047378540039,
          "acoustic_entropy_side": 11.042468070983887,
          "hz": 567.8308811364784
        },
        {
          "acoustic_entropy": 10.98848819732666,
          "acoustic_entropy_side": 11.042468070983887,
          "hz": 680.1084783214808
        },
        {
          "acoustic_entropy": 11.145118713378906,
          "acoustic_entropy_side": 11.042468070983887,
          "hz": 802.3292461747484
        },
        {
          "acoustic_entropy": 11.236669540405273,
          "acoustic_entropy_side": 11.042468070983887,
