{
  "acoustic_entropy": 110.1302261352539,
  "bands": [
    {
      "high_freq": 148.1999969482422,
      "loudness": -41.42871856689453,
      "loudness_range": 24.887340545654297,
      "mid_mean": -37.831787109375,
      "mid_to_side_loudness": -17.977214813232422,
      "mid_to_side_loudness_range": 14.23410701751709,
      "side_mean": -55.900882720947266
    },
    {
      "high_freq": 392.3793640136719,
      "loudness": -28.76350975036621,
      "loudness_range": 14.568059921264648,
      "low_freq": 148.1999969482422,
      "mid_mean": -25.14425277709961,
      "mid_to_side_loudness": -17.830175399780273,
      "mid_to_side_loudness_range": 7.992526054382324,
      "side_mean": -43.097320556640625
    },
    {
      "high_freq": 794.6976318359375,
      "loudness": -34.20427703857422,
      "loudness_range": 16.8762264251709,
      "low_freq": 392.3793640136719,
      "mid_mean": -30.638164520263672,
      "mid_to_side_loudness": -17.16292381286621,
      "mid_to_side_loudness_range": 10.202767372131348,
      "side_mean": -48.36283874511719
    },
    {
      "high_freq": 1457.5709228515625,
      "loudness": -37.13511276245117,
      "loudness_range": 14.597707748413086,
      "low_freq": 794.6976318359375,
      "mid_mean": -33.665252685546875,
      "mid_to_side_loudness": -14.297048568725586,
      "mid_to_side_loudness_range": 9.825126647949219,
      "side_mean": -48.73951721191406
    },
    {
      "high_freq": 2549.74365234375,
      "loudness": -48.361480712890625,
      "loudness_range": 17.781570434570312,
      "low_freq": 1457.5709228515625,
      "mid_mean": -45.06732940673828,
      "mid_to_side_loudness": -11.155426979064941,
      "mid_to_side_loudness_range": 8.233878135681152,
      "side_mean": -56.812156677246094
    },
    {
      "high_freq": 4349.24462890625,
      "loudness": -45.9950065612793,
      "loudness_range": 20.13565444946289,
      "low_freq": 2549.74365234375,
      "mid_mean": -42.93117141723633,
      "mid_to_side_loudness": -9.005758285522461,
      "mid_to_side_loudness_range": 7.444327354431152,
      "side_mean": -52.939151763916016
    },
    {
      "high_freq": 7314.1640625,
      "loudness": -56.704803466796875,
      "loudness_range": 25.519546508789062,
      "low_freq": 4349.24462890625,
      "mid_mean": -53.93397521972656,
      "mid_to_side_loudness": -4.615862846374512,
      "mid_to_side_loudness_range": 5.288389205932617,
      "side_mean": -58.20092010498047
    },
    {
      "high_freq": 12199.2666015625,
      "loudness": -62.60449981689453,
      "loudness_range": 17.703086853027344,
      "low_freq": 7314.1640625,
      "mid_mean": -60.500404357910156,
      "mid_to_side_loudness": -0.7133129835128784,
      "mid_to_side_loudness_range": 3.468630790710449,
      "side_mean": -61.14350509643555
    },
    {
      "loudness": -73.3783950805664,
      "loudness_range": 7.026542663574219,
      "low_freq": 12199.2666015625,
      "mid_mean": -68.29424285888672,
      "mid_to_side_loudness": 1.3808990716934204,
      "mid_to_side_loudness_range": 3.772007942199707,
      "side_mean": -67.70100402832031
    }
  ],
  "bands_short": [
    {
      "high_freq": 148.1999969482422,
      "loudness": -47.58159637451172,
      "loudness_range": 26.829023361206055,
      "mid_mean": -44.19314956665039,
      "mid_to_side_loudness": -16.11862564086914,
      "mid_to_side_loudness_range": 19.193674087524414,
      "side_mean": -59.45431137084961
    },
    {
      "high_freq": 392.3793640136719,
      "loudness": -29.527034759521484,
      "loudness_range": 17.64540672302246,
      "low_freq": 148.1999969482422,
      "mid_mean": -25.931324005126953,
      "mid_to_side_loudness": -17.594223022460938,
      "mid_to_side_loudness_range": 10.271994590759277,
      "side_mean": -43.7022590637207
    },
    {
      "high_freq": 794.6976318359375,
      "loudness": -34.09638595581055,
      "loudness_range": 17.995861053466797,
      "low_freq": 392.3793640136719,
      "mid_mean": -30.53730583190918,
      "mid_to_side_loudness": -16.940523147583008,
      "mid_to_side_loudness_range": 13.189946174621582,
      "side_mean": -47.97847366333008
    },
    {
      "high_freq": 1457.5709228515625,
      "loudness": -38.05323791503906,
      "loudness_range": 16.930644989013672,
      "low_freq": 794.6976318359375,
      "mid_mean": -34.59113311767578,
      "mid_to_side_loudness": -14.145712852478027,
      "mid_to_side_loudness_range": 11.2963228225708,
      "side_mean": -50.019859313964844
    },
    {
      "high_freq": 2549.74365234375,
      "loudness": -49.28396224975586,
      "loudness_range": 18.553539276123047,
      "low_freq": 1457.5709228515625,
      "mid_mean": -46.07194137573242,
      "mid_to_side_loudness": -11.074857711791992,
      "mid_to_side_loudness_range": 9.726913452148438,
      "side_mean": -57.49213409423828
    },
    {
      "high_freq": 4349.24462890625,
      "loudness": -47.19623565673828,
      "loudness_range": 23.596176147460938,
      "low_freq": 2549.74365234375,
      "mid_mean": -44.42051315307617,
      "mid_to_side_loudness": -8.794960021972656,
      "mid_to_side_loudness_range": 9.386796951293945,
      "side_mean": -53.89958572387695
    },
    {
      "high_freq": 7314.1640625,
      "loudness": -57.935909271240234,
      "loudness_range": 25.693668365478516,
      "low_freq": 4349.24462890625,
      "mid_mean": -55.13340759277344,
      "mid_to_side_loudness": -4.391103744506836,
      "mid_to_side_loudness_range": 6.742703914642334,
      "side_mean": -59.124359130859375
    },
    {
      "high_freq": 12199.2666015625,
      "loudness": -63.17512893676758,
      "loudness_range": 17.69387435913086,
      "low_freq": 7314.1640625,
      "mid_mean": -60.988407135009766,
      "mid_to_side_loudness": -0.704421877861023,
      "mid_to_side_loudness_range": 5.82054328918457,
      "side_mean": -61.61469268798828
    },
    {
      "loudness": -73.49799346923828,
      "loudness_range": 7.44244384765625,
      "low_freq": 12199.2666015625,
      "mid_mean": -68.30891418457031,
      "mid_to_side_loudness": 1.2526041269302368,
      "mid_to_side_loudness_range": 5.098935604095459,
      "side_mean": -67.77054595947266
    }
  ],
  "bandwidth": 457.4986877441406,
  "channels": 2,
  "covariance": [
    [
      68.59461212158203,
      46.50638961791992,
      26.12961196899414,
      16.79058074951172,
      -2.745354413986206,
      -1.2170305252075195,
      12.450754165649414,
      13.509343147277832,
      11.761919021606445,
      11.765570640563965,
      11.295291900634766,
      16.431962966918945,
      22.769132614135742,
      18.380435943603516,
      22.347423553466797,
      20.390172958374023,
      1.5558794736862183,
      3.2205333709716797
    ],
    [
      46.50638961791992,
      48.71424102783203,
      23.211017608642578,
      16.93787384033203,
      -4.557130813598633,
      -4.2288970947265625,
      11.377073287963867,
      12.45965576171875,
      8.347466468811035,
      11.105029106140137,
      14.652548789978027,
      21.83199691772461,
      29.00735092163086,
      22.31125259399414,
      26.756826400756836,
      23.89746856689453,
      2.4518330097198486,
      4.340845584869385
    ],
    [
      26.12961196899414,
      23.211017608642578,
      30.868574142456055,
      21.57187843322754,
      4.588217258453369,
      5.719515323638916,
      13.32581615447998,
      18.1099853515625,
      8.630575180053711,
      10.124695777893066,
      10.519161224365234,
      15.070374488830566,
      18.63420295715332,
      14.466024398803711,
      14.512502670288086,
      13.25886344909668,
      1.4158117771148682,
      2.600977659225464
    ],
    [
      16.79058074951172,
      16.93787384033203,
      21.57187843322754,
      21.34286880493164,
      5.296411037445068,
      8.585977554321289,
      8.202642440795898,
      13.726150512695312,
      7.369269847869873,
      9.175505638122559,
      8.161638259887695,
      11.964609146118164,
      15.217909812927246,
      11.397915840148926,
      12.449316024780273,
      10.822745323181152,
      1.5600022077560425,
      2.554755449295044
    ],
    [
      -2.745354413986206,
      -4.557130813598633,
      4.588217258453369,
      5.296411037445068,
      34.969810485839844,
      26.971389770507812,
      11.823718070983887,
      12.396148681640625,
      20.80107879638672,
      17.724849700927734,
      8.824902534484863,
      8.978537559509277,
      5.841365814208984,
      4.2096943855285645,
      -1.7961549758911133,
      -1.5708414316177368,
      0.33433225750923157,
      0.5906873941421509
    ],
    [
      -1.2170305252075195,
      -4.2288970947265625,
      5.719515323638916,
      8.585977554321289,
      26.971389770507812,
      34.51716232299805,
      7.271399974822998,
      14.123370170593262,
      15.734148025512695,
      17.35978889465332,
      3.9352176189422607,
      8.159601211547852,
      5.225556373596191,
      3.482182264328003,
      -1.537833333015442,
      -1.7789291143417358,
      0.4368860125541687,
      0.5907763242721558
    ],
    [
      12.450754165649414,
      11.377073287963867,
      13.32581615447998,
      8.202642440795898,
      11.823718070983887,
      7.271399974822998,
      30.44622230529785,
      24.390897750854492,
      17.346439361572266,
      13.544755935668945,
      22.069921493530273,
      20.393474578857422,
      17.956510543823242,
      14.480081558227539,
      10.936189651489258,
      10.320242881774902,
      1.2834053039550781,
      2.753230571746826
    ],
    [
      13.509343147277832,
      12.45965576171875,
      18.1099853515625,
      13.726150512695312,
      12.396148681640625,
      14.123370170593262,
      24.390897750854492,
      31.526046752929688,
      16.158761978149414,
      17.966955184936523,
      19.123579025268555,
      23.161537170410156,
      20.489919662475586,
      16.447126388549805,
      12.835594177246094,
      11.92420768737793,
      1.5458210706710815,
      3.147761106491089
    ],
    [
      11.761919021606445,
      8.347466468811035,
      8.630575180053711,
      7.369269847869873,
      20.80107879638672,
      15.734148025512695,
      17.346439361572266,
      16.158761978149414,
      40.870750427246094,
      33.11968994140625,
      26.00845718383789,
      23.135385513305664,
      28.454172134399414,
      22.784221649169922,
      13.253478050231934,
      12.584736824035645,
      1.610591173171997,
      3.542268753051758
    ],
    [
      11.765570640563965,
      11.105029106140137,
      10.124695777893066,
      9.175505638122559,
      17.724849700927734,
      17.35978889465332,
      13.544755935668945,
      17.966955184936523,
      33.11968994140625,
      35.40665817260742,
      19.047521591186523,
      25.8359317779541,
      28.798095703125,
      23.231029510498047,
      13.040327072143555,
      12.720295906066895,
      1.4947476387023926,
      3.3837366104125977
    ],
    [
      11.295291900634766,
      14.652548789978027,
      10.519161224365234,
      8.161638259887695,
      8.824902534484863,
      3.9352176189422607,
      22.069921493530273,
      19.123579025268555,
      26.00845718383789,
      19.047521591186523,
      53.7889289855957,
      43.75978088378906,
      41.94308853149414,
      33.1668586730957,
      22.75850486755371,
      21.015806198120117,
      2.3573977947235107,
      4.898849964141846
    ],
    [
      16.431962966918945,
      21.83199691772461,
      15.070374488830566,
      11.964609146118164,
      8.978537559509277,
      8.159601211547852,
      20.393474578857422,
      23.161537170410156,
      23.135385513305664,
      25.8359317779541,
      43.75978088378906,
      48.825904846191406,
      45.27647018432617,
      35.85154724121094,
      24.824609756469727,
      23.433244705200195,
      2.3941397666931152,
      5.1209869384765625
    ],
    [
      22.769132614135742,
      29.00735092163086,
      18.63420295715332,
      15.217909812927246,
      5.841365814208984,
      5.225556373596191,
      17.956510543823242,
      20.489919662475586,
      28.454172134399414,
      28.798095703125,
      41.94308853149414,
      45.27647018432617,
      64.36600494384766,
      50.968074798583984,
      36.50905990600586,
      33.92203140258789,
      3.6611177921295166,
      7.564008712768555
    ],
    [
      18.380435943603516,
      22.31125259399414,
      14.466024398803711,
      11.397915840148926,
      4.2096943855285645,
      3.482182264328003,
      14.480081558227539,
      16.447126388549805,
      22.784221649169922,
      23.231029510498047,
      33.1668586730957,
      35.85154724121094,
      50.968074798583984,
      41.56561279296875,
      28.787281036376953,
      27.470787048339844,
      2.768656015396118,
      6.117152214050293
    ],
    [
      22.347423553466797,
      26.756826400756836,
      14.512502670288086,
      12.449316024780273,
      -1.7961549758911133,
      -1.537833333015442,
      10.936189651489258,
      12.835594177246094,
      13.253478050231934,
      13.040327072143555,
      22.75850486755371,
      24.824609756469727,
      36.50905990600586,
      28.787281036376953,
      30.997634887695312,
      27.64832878112793,
      3.264317750930786,
      6.151433944702148
    ],
    [
      20.390172958374023,
      23.89746856689453,
      13.25886344909668,
      10.822745323181152,
      -1.5708414316177368,
      -1.7789291143417358,
      10.320242881774902,
      11.92420768737793,
      12.584736824035645,
      12.720295906066895,
      21.015806198120117,
      23.433244705200195,
      33.92203140258789,
      27.470787048339844,
      27.64832878112793,
      25.55278778076172,
      2.7252211570739746,
      5.5535712242126465
    ],
    [
      1.5558794736862183,
      2.4518330097198486,
      1.4158117771148682,
      1.5600022077560425,
      0.33433225750923157,
      0.4368860125541687,
      1.2834053039550781,
      1.5458210706710815,
      1.610591173171997,
      1.4947476387023926,
      2.3573977947235107,
      2.3941397666931152,
      3.6611177921295166,
      2.768656015396118,
      3.264317750930786,
      2.7252211570739746,
      0.589536190032959,
      0.8979329466819763
    ],
    [
      3.2205333709716797,
      4.340845584869385,
      2.600977659225464,
      2.554755449295044,
      0.5906873941421509,
      0.5907763242721558,
      2.753230571746826,
      3.147761106491089,
      3.542268753051758,
      3.3837366104125977,
      4.898849964141846,
      5.1209869384765625,
      7.564008712768555,
      6.117152214050293,
      6.151433944702148,
      5.5535712242126465,
      0.8979329466819763,
      1.7078227996826172
    ]
  ],
  "covariance_short": [
    [
      81.48153686523438,
      40.70358657836914,
      29.29900550842285,
      18.588918685913086,
      -0.0018965060589835048,
      -2.513845920562744,
      10.006324768066406,
      16.066991806030273,
      7.150021076202393,
      8.948269844055176,
      10.006481170654297,
      14.620529174804688,
      21.084169387817383,
      16.376420974731445,
      17.54961395263672,
      16.410175323486328,
      1.4409677982330322,
      2.8290140628814697
    ],
    [
      40.70358657836914,
      41.353904724121094,
      21.584699630737305,
      16.302019119262695,
      -2.4463396072387695,
      -5.403123378753662,
      9.08826732635498,
      14.14693546295166,
      5.673890590667725,
      6.572052001953125,
      14.132189750671387,
      16.051883697509766,
      24.53152847290039,
      18.229124069213867,
      20.604524612426758,
      18.43987464904785,
      2.048330068588257,
      3.5612332820892334
    ],
    [
      29.29900550842285,
      21.584699630737305,
      39.051116943359375,
      25.467100143432617,
      6.965818405151367,
      5.232397079467773,
      15.70153522491455,
      18.529016494750977,
      11.595185279846191,
      10.474138259887695,
      15.876982688903809,
      16.78685760498047,
      21.45431900024414,
      16.16320037841797,
      15.584663391113281,
      14.284051895141602,
      1.3989204168319702,
      2.5988893508911133
    ],
    [
      18.588918685913086,
      16.302019119262695,
      25.467100143432617,
      26.963157653808594,
      6.941474437713623,
      8.038919448852539,
      9.507139205932617,
      15.834973335266113,
      9.900425910949707,
      10.012848854064941,
      12.162881851196289,
      14.254243850708008,
      17.547603607177734,
      13.112208366394043,
      13.196117401123047,
      11.729957580566406,
      1.4863799810409546,
      2.5804073810577393
    ],
    [
      -0.0018965060589835048,
      -2.4463396072387695,
      6.965818405151367,
      6.941474437713623,
      44.57708740234375,
      29.40087890625,
      16.39897918701172,
      16.17131805419922,
      25.113359451293945,
      19.989904403686523,
      14.9671630859375,
      12.811596870422363,
      7.762601375579834,
      6.206157684326172,
      0.9006589651107788,
      0.9514899849891663,
      0.4719071388244629,
      0.8364243507385254
    ],
    [
      -2.513845920562744,
      -5.403123378753662,
      5.232397079467773,
      8.038919448852539,
      29.40087890625,
      36.74678421020508,
      9.128318786621094,
      15.696860313415527,
      16.377965927124023,
      16.698184967041016,
      3.832899808883667,
      7.840517997741699,
      1.4621392488479614,
      1.5044033527374268,
      -2.0318641662597656,
      -1.946907877922058,
      0.2719317674636841,
      0.3554600775241852
    ],
    [
      10.006324768066406,
      9.08826732635498,
      15.70153522491455,
      9.507139205932617,
      16.39897918701172,
      9.128318786621094,
      39.37197494506836,
      29.47039794921875,
      20.99203109741211,
      15.230856895446777,
      28.948148727416992,
      23.485050201416016,
      19.95758628845215,
      15.66071891784668,
      11.622164726257324,
      10.731035232543945,
      1.3074086904525757,
      2.5355377197265625
    ],
    [
      16.066991806030273,
      14.14693546295166,
      18.529016494750977,
      15.834973335266113,
      16.17131805419922,
      15.696860313415527,
      29.47039794921875,
      47.70498275756836,
      20.787063598632812,
      25.427518844604492,
      24.89582061767578,
      32.837059020996094,
      27.069604873657227,
      21.513948440551758,
      15.702342987060547,
      15.009145736694336,
      1.7646183967590332,
      3.531886577606201
    ],
    [
      7.150021076202393,
      5.673890590667725,
      11.595185279846191,
      9.900425910949707,
      25.113359451293945,
      16.377965927124023,
      20.99203109741211,
      20.787063598632812,
      47.53861618041992,
      35.934852600097656,
      36.09748077392578,
      30.122406005859375,
      31.987430572509766,
      25.379358291625977,
      15.844268798828125,
      14.685657501220703,
      1.8084640502929688,
      3.717395305633545
    ],
    [
      8.948269844055176,
      6.572052001953125,
      10.474138259887695,
      10.012848854064941,
      19.989904403686523,
      16.698184967041016,
      15.230856895446777,
      25.427518844604492,
      35.934852600097656,
      36.48514175415039,
      25.9492244720459,
      29.15884780883789,
      27.832347869873047,
      23.24359703063965,
      12.927776336669922,
      13.28074836730957,
      1.3456175327301025,
      3.28564453125
    ],
    [
      10.006481170654297,
      14.132189750671387,
      15.876982688903809,
      12.162881851196289,
      14.9671630859375,
      3.832899808883667,
      28.948148727416992,
      24.89582061767578,
      36.09748077392578,
      25.9492244720459,
      72.3390884399414,
      56.0125846862793,
      50.92678451538086,
      39.39193344116211,
      27.36844825744629,
      24.9365291595459,
      2.7894935607910156,
      5.596594333648682
    ],
    [
      14.620529174804688,
      16.051883697509766,
      16.78685760498047,
      14.254243850708008,
      12.811596870422363,
      7.840517997741699,
      23.485050201416016,
      32.837059020996094,
      30.122406005859375,
      29.15884780883789,
      56.0125846862793,
      56.22188186645508,
      47.412593841552734,
      38.09072494506836,
      25.306921005249023,
      24.8243350982666,
      2.341582775115967,
      5.341362476348877
    ],
    [
      21.084169387817383,
      24.53152847290039,
      21.45431900024414,
      17.547603607177734,
      7.762601375579834,
      1.4621392488479614,
      19.95758628845215,
      27.069604873657227,
      31.987430572509766,
      27.832347869873047,
      50.92678451538086,
      47.412593841552734,
      68.71009826660156,
      52.839969635009766,
      39.84565734863281,
      35.99961853027344,
      4.060036659240723,
      8.053633689880371
    ],
    [
      16.376420974731445,
      18.229124069213867,
      16.16320037841797,
      13.112208366394043,
      6.206157684326172,
      1.5044033527374268,
      15.66071891784668,
      21.513948440551758,
      25.379358291625977,
      23.24359703063965,
      39.39193344116211,
      38.09072494506836,
      52.839969635009766,
      43.514766693115234,
      29.966997146606445,
      29.275789260864258,
      2.8077986240386963,
      6.549633502960205
    ],
    [
      17.54961395263672,
      20.604524612426758,
      15.584663391113281,
      13.196117401123047,
      0.9006589651107788,
      -2.0318641662597656,
      11.622164726257324,
      15.702342987060547,
      15.844268798828125,
      12.927776336669922,
      27.36844825744629,
      25.306921005249023,
      39.84565734863281,
      29.966997146606445,
      33.00168228149414,
      28.508241653442383,
      3.5685856342315674,
      6.500762462615967
    ],
    [
      16.410175323486328,
      18.43987464904785,
      14.284051895141602,
      11.729957580566406,
      0.9514899849891663,
      -1.946907877922058,
      10.731035232543945,
      15.009145736694336,
      14.685657501220703,
      13.28074836730957,
      24.9365291595459,
      24.8243350982666,
      35.99961853027344,
      29.275789260864258,
      28.508241653442383,
      27.279207229614258,
      2.705629587173462,
      6.020368576049805
    ],
    [
      1.4409677982330322,
      2.048330068588257,
      1.3989204168319702,
      1.4863799810409546,
      0.4719071388244629,
      0.2719317674636841,
      1.3074086904525757,
      1.7646183967590332,
      1.8084640502929688,
      1.3456175327301025,
      2.7894935607910156,
      2.341582775115967,
      4.060036659240723,
      2.8077986240386963,
      3.5685856342315674,
      2.705629587173462,
      0.7904940843582153,
      1.031683325767517
    ],
    [
      2.8290140628814697,
      3.5612332820892334,
      2.5988893508911133,
      2.5804073810577393,
      0.8364243507385254,
      0.3554600775241852,
      2.5355377197265625,
      3.531886577606201,
      3.717395305633545,
      3.28564453125,
      5.596594333648682,
      5.341362476348877,
      8.053633689880371,
      6.549633502960205,
      6.500762462615967,
      6.020368576049805,
      1.031683325767517,
      2.081240653991699
    ]
  ],
  "damage": -12.045918464660645,
  "diff_bandwidth": 458.1174011230469,
  "dissonance": 3.662599374433801,
  "drr": 6.778745651245117,
  "dynamics": 3.904527187347412,
  "format": 1245190,
  "frames": 2924480,
  "loudness": -21.73358917236328,
  "loudness_range": 11.188165664672852,
  "loudness_range_short": 13.467264175415039,
  "lowpass_true_peak_15khz": -4.435418128967285,
  "mastering3_acoustic_entropies": [
    {
      "acoustic_entropy": 8.099611282348633,
      "acoustic_entropy_mono": 8.06691837310791,
      "band_eliminated_acoustic_entropies": [
        {
          "acoustic_entropy": 8.215347290039062,
          "acoustic_entropy_side": 8.099663734436035,
          "hz": 129.47220167065723
        },
        {
          "acoustic_entropy": 8.0689697265625,
          "acoustic_entropy_side": 8.10150146484375,
          "hz": 202.92927478742237
        },
        {
          "acoustic_entropy": 8.14954662322998,
          "acoustic_entropy_side": 8.099462509155273,
          "hz": 282.89161906338205
        },
        {
          "acoustic_entropy": 7.893126010894775,
          "acoustic_entropy_side": 8.09636402130127,
          "hz": 369.9353335868758
        },
        {
          "acoustic_entropy": 7.875000476837158,
          "acoustic_entropy_side": 8.093496322631836,
          "hz": 464.6875360973435
        },
        {
          "acoustic_entropy": 8.642753601074219,
          "acoustic_entropy_side": 8.106009483337402,
          "hz": 567.8308811364784
        },
        {
          "acoustic_entropy": 8.271801948547363,
          "acoustic_entropy_side": 8.039067268371582,
          "hz": 680.1084783214808
        },
        {
          "acoustic_entropy": 8.309460639953613,
          "acoustic_entropy_side": 8.134913444519043,
          "hz": 802.3292461747484
        },
        {
          "acoustic_entropy": 7.927312850952148,
          "acoustic_entropy_side": 8.10161018371582,
          "hz": 935.3737400823702
        },
        {
          "acoustic_entropy": 8.07941722869873,
          "acoustic_entropy_side": 8.104331016540527,
          "hz": 1080.2004963696966
        },
        {
          "acoustic_entropy": 8.176767349243164,
          "acoustic_entropy_side": 8.067682266235352,
          "hz": 1237.8529382007157
        },
        {
          "acoustic_entropy": 7.490123271942139,
          "acoustic_entropy_side": 8.088774681091309,
          "hz": 1409.4668930556702
        },
        {
          "acoustic_entropy": 7.40470027923584,
          "acoustic_entropy_side": 8.103351593017578,
          "hz": 1596.2787759475705
        },
        {
          "acoustic_entropy": 8.066756248474121,
          "acoustic_entropy_side": 8.099162101745605,
          "hz": 1799.6344973346393
        },
        {
          "acoustic_entropy": 8.070626258850098,
          "acoustic_entropy_side": 8.099565505981445,
          "hz": 2020.9991599069049
        },
        {
          "acoustic_entropy": 8.067919731140137,
          "acoustic_entropy_side": 8.099457740783691,
          "hz": 2261.9676141086993
        },
        {
          "acoustic_entropy": 8.139790534973145,
          "acoustic_entropy_side": 8.101154327392578,
          "hz": 2524.2759484456974
        },
        {
          "acoustic_entropy": 7.990702152252197,
          "acoustic_entropy_side": 8.08379077911377,
          "hz": 2809.813997359896
        },
        {
          "acoustic_entropy": 7.8155364990234375,
          "acoustic_entropy_side": 8.091992378234863,
          "hz": 3120.6389567871424
        },
        {
          "acoustic_entropy": 8.285904884338379,
          "acoustic_entropy_side": 8.105573654174805,
          "hz": 3458.990205492291
        },
        {
          "acoustic_entropy": 8.170167922973633,
          "acoustic_entropy_side": 8.115554809570312,
          "hz": 3827.305438964164
        },
        {
          "acoustic_entropy": 8.214534759521484,
          "acoustic_entropy_side": 8.106670379638672,
          "hz": 4228.238232109126
        },
        {
          "acoustic_entropy": 8.222639083862305,
          "acoustic_entropy_side": 8.10590934753418,
          "hz": 4664.6771572759235
        },
        {
          "acoustic_entropy": 8.185684204101562,
          "acoustic_entropy_side": 8.10399341583252,
          "hz": 5139.766595350093
        },
        {
          "acoustic_entropy": 8.140766143798828,
          "acoustic_entropy_side": 8.103965759277344,
          "hz": 5656.929389854203
        },
        {
          "acoustic_entropy": 8.128539085388184,
          "acoustic_entropy_side": 8.102835655212402,
          "hz": 6219.891507268283
        },
        {
          "acoustic_entropy": 8.123690605163574,
          "acoustic_entropy_side": 8.102890968322754,
          "hz": 6832.70888123896
        },
        {
          "acoustic_entropy": 8.108243942260742,
          "acoustic_entropy_side": 8.10086441040039,
          "hz": 7499.796634079867
        },
        {
          "acoustic_entropy": 8.103304862976074,
          "acoustic_entropy_side": 8.100275039672852,
          "hz": 8225.96088609342
        },
        {
          "acoustic_entropy": 8.103944778442383,
          "acoustic_entropy_side": 8.100905418395996,
          "hz": 9016.43338188839
        },
        {
          "acoustic_entropy": 8.101666450500488,
          "acoustic_entropy_side": 8.100358009338379,
          "hz": 9876.909183162974
        },
        {
          "acoustic_entropy": 8.100400924682617,
          "acoustic_entropy_side": 8.099966049194336,
          "hz": 10813.587699516042
        },
        {
          "acoustic_entropy": 8.099762916564941,
          "acoustic_entropy_side": 8.09970474243164,
          "hz": 11833.21735289826
        },
        {
          "acoustic_entropy": 8.099641799926758,
          "acoustic_entropy_side": 8.099632263183594,
          "hz": 12943.144197493959
        },
        {
          "acoustic_entropy": 8.099620819091797,
          "acoustic_entropy_side": 8.099618911743164,
          "hz": 14151.364845322005
        },
        {
          "acoustic_entropy": 8.099614143371582,
          "acoustic_entropy_side": 8.099614143371582,
          "hz": 15466.58407886509
        },
        {
          "acoustic_entropy": 8.099611282348633,
          "acoustic_entropy_side": 8.099611282348633,
          "hz": 16898.27756580493
        },
        {
          "acoustic_entropy": 8.099611282348633,
          "acoustic_entropy_side": 8.099611282348633,
          "hz": 18456.760127700032
        },
        {
          "acoustic_entropy": 8.099611282348633,
          "acoustic_entropy_side": 8.099611282348633,
          "hz": 20153.260054456492
        },
        {
          "acoustic_entropy": 8.099611282348633,
          "acoustic_entropy_side": 8.099611282348633,
          "hz": 22000.00000000001
        }
      ],
      "diff_acoustic_entropy": 6.603121280670166,
      "sn": 6
    },
    {
      "acoustic_entropy": 11.933439254760742,
      "acoustic_entropy_mono": 12.142374992370605,
      "band_eliminated_acoustic_entropies": [
        {
          "acoustic_entropy": 12.299747467041016,
          "acoustic_entropy_side": 11.933161735534668,
          "hz": 129.47220167065723
        },
        {
          "acoustic_entropy": 11.778637886047363,
          "acoustic_entropy_side": 11.924155235290527,
          "hz": 202.92927478742237
        },
        {
          "acoustic_entropy": 11.572412490844727,
          "acoustic_entropy_side": 11.842510223388672,
          "hz": 282.89161906338205
        },
        {
          "acoustic_entropy": 11.933426856994629,
          "acoustic_entropy_side": 11.77377700805664,
          "hz": 369.9353335868758
        },
        {
          "acoustic_entropy": 10.685982704162598,
          "acoustic_entropy_side": 11.956673622131348,
          "hz": 464.6875360973435
        },
        {
          "acoustic_entropy": 11.54903507232666,
          "acoustic_entropy_side": 11.9006929397583,
          "hz": 567.8308811364784
        },
        {
          "acoustic_entropy": 11.879570007324219,
          "acoustic_entropy_side": 11.792486190795898,
          "hz": 680.1084783214808
        },
        {
          "acoustic_entropy": 10.369782447814941,
          "acoustic_entropy_side": 11.944108963012695,
          "hz": 802.3292461747484
        },
        {
          "acoustic_entropy": 11.931741714477539,
          "acoustic_entropy_side": 11.897686958312988,
          "hz": 935.3737400823702
        },
        {
          "acoustic_entropy": 11.884197235107422,
          "acoustic_entropy_side": 11.927754402160645,
          "hz": 1080.2004963696966
        },
        {
          "acoustic_entropy": 11.283770561218262,
          "acoustic_entropy_side": 11.934682846069336,
          "hz": 1237.8529382007157
        },
        {
          "acoustic_entropy": 12.716632843017578,
          "acoustic_entropy_side": 12.050414085388184,
          "hz": 1409.4668930556702
        },
        {
          "acoustic_entropy": 12.411701202392578,
          "acoustic_entropy_side": 11.995627403259277,
          "hz": 1596.2787759475705
        },
        {
          "acoustic_entropy": 12.117454528808594,
          "acoustic_entropy_side": 11.978496551513672,
          "hz": 1799.6344973346393
        },
        {
          "acoustic_entropy": 11.904656410217285,
          "acoustic_entropy_side": 11.934532165527344,
          "hz": 2020.9991599069049
        },
        {
          "acoustic_entropy": 11.7927827835083,
          "acoustic_entropy_side": 11.939254760742188,
          "hz": 2261.9676141086993
        },
        {
          "acoustic_entropy": 11.597487449645996,
          "acoustic_entropy_side": 11.91169548034668,
          "hz": 2524.2759484456974
        },
        {
          "acoustic_entropy": 12.165071487426758,
          "acoustic_entropy_side": 11.963319778442383,
          "hz": 2809.813997359896
        },
        {
          "acoustic_entropy": 12.397783279418945,
          "acoustic_entropy_side": 11.978379249572754,
          "hz": 3120.6389567871424
        },
        {
          "acoustic_entropy": 11.837573051452637,
          "acoustic_entropy_side": 11.843883514404297,
          "hz": 3458.990205492291
        },
        {
          "acoustic_entropy": 11.650568962097168,
          "acoustic_entropy_side": 11.970952033996582,
          "hz": 3827.305438964164
        },
        {
          "acoustic_entropy": 11.913436889648438,
          "acoustic_entropy_side": 11.921822547912598,
          "hz": 4228.238232109126
        },
        {
          "acoustic_entropy": 12.020254135131836,
          "acoustic_entropy_side": 11.912152290344238,
          "hz": 4664.6771572759235
        },
        {
          "acoustic_entropy": 12.084053039550781,
          "acoustic_entropy_side": 11.885973930358887,
          "hz": 5139.766595350093
        },
        {
          "acoustic_entropy": 11.89836311340332,
          "acoustic_entropy_side": 11.863499641418457,
          "hz": 5656.929389854203
        },
        {
          "acoustic_entropy": 12.005977630615234,
          "acoustic_entropy_side": 11.91563606262207,
          "hz": 6219.891507268283
        },
        {
          "acoustic_entropy": 12.007474899291992,
          "acoustic_entropy_side": 11.919285774230957,
          "hz": 6832.70888123896
        },
        {
          "acoustic_entropy": 12.014028549194336,
          "acoustic_entropy_side": 11.954048156738281,
          "hz": 7499.796634079867
        },
        {
          "acoustic_entropy": 11.982876777648926,
          "acoustic_entropy_side": 11.939921379089355,
          "hz": 8225.96088609342
        },
        {
          "acoustic_entropy": 12.005274772644043,
          "acoustic_entropy_side": 11.948403358459473,
          "hz": 9016.43338188839
        },
        {
          "acoustic_entropy": 11.950610160827637,
          "acoustic_entropy_side": 11.938338279724121,
          "hz": 9876.909183162974
        },
        {
          "acoustic_entropy": 11.953883171081543,
          "acoustic_entropy_side": 11.940698623657227,
          "hz": 10813.587699516042
        },
        {
          "acoustic_entropy": 11.936277389526367,
          "acoustic_entropy_side": 11.934730529785156,
          "hz": 11833.21735289826
        },
        {
          "acoustic_entropy": 11.933688163757324,
          "acoustic_entropy_side": 11.933565139770508,
          "hz": 12943.144197493959
        },
        {
          "acoustic_entropy": 11.933499336242676,
          "acoustic_entropy_side": 11.933477401733398,
          "hz": 14151.364845322005
        },
        {
          "acoustic_entropy": 11.93344783782959,
          "acoustic_entropy_side": 11.933446884155273,
          "hz": 15466.58407886509
        },
        {
          "acoustic_entropy": 11.933439254760742,
          "acoustic_entropy_side": 11.933439254760742,
          "hz": 16898.27756580493
        },
        {
          "acoustic_entropy": 11.933439254760742,
          "acoustic_entropy_side": 11.933439254760742,
          "hz": 18456.760127700032
        },
        {
          "acoustic_entropy": 11.933439254760742,
          "acoustic_entropy_side": 11.933439254760742,
          "hz": 20153.260054456492
        },
        {
          "acoustic_entropy": 11.933439254760742,
          "acoustic_entropy_side": 11.933439254760742,
          "hz": 22000.00000000001
        }
      ],
      "diff_acoustic_entropy": 9.633923530578613,
      "sn": 12
    },
    {
      "acoustic_entropy": 17.14764976501465,
      "acoustic_entropy_mono": 16.29924964904785,
      "band_eliminated_acoustic_entropies": [
        {
          "acoustic_entropy": 17.359783172607422,
          "acoustic_entropy_side": 17.157442092895508,
          "hz": 129.47220167065723
        },
        {
          "acoustic_entropy": 16.94317626953125,
          "acoustic_entropy_side": 17.073322296142578,
          "hz": 202.92927478742237
        },
        {
          "acoustic_entropy": 17.625093460083008,
          "acoustic_entropy_side": 17.203937530517578,
          "hz": 282.89161906338205
        },
        {
          "acoustic_entropy": 17.575790405273438,
          "acoustic_entropy_side": 17.25315284729004,
          "hz": 369.9353335868758
        },
        {
          "acoustic_entropy": 16.752777099609375,
          "acoustic_entropy_side": 16.95148277282715,
          "hz": 464.6875360973435
        },
        {
          "acoustic_entropy": 17.0605411529541,
          "acoustic_entropy_side": 17.175512313842773,
          "hz": 567.8308811364784
        },
        {
          "acoustic_entropy": 17.626665115356445,
          "acoustic_entropy_side": 17.445453643798828,
          "hz": 680.1084783214808
        },
        {
          "acoustic_entropy": 18.150558471679688,
          "acoustic_entropy_side": 17.21579933166504,
          "hz": 802.3292461747484
        },
        {
          "acoustic_entropy": 18.231307983398438,
          "acoustic_entropy_side": 16.896162033081055,
          "hz": 935.3737400823702
        },
        {
          "acoustic_entropy": 16.98853302001953,
          "acoustic_entropy_side": 17.37131690979004,
          "hz": 1080.2004963696966
        },
        {
          "acoustic_entropy": 17.064712524414062,
          "acoustic_entropy_side": 17.20861053466797,
          "hz": 1237.8529382007157
        },
        {
          "acoustic_entropy": 16.969575881958008,
          "acoustic_entropy_side": 16.97515869140625,
          "hz": 1409.4668930556702
        },
        {
          "acoustic_entropy": 16.313512802124023,
          "acoustic_entropy_side": 16.585525512695312,
          "hz": 1596.2787759475705
        },
        {
          "acoustic_entropy": 17.649524688720703,
          "acoustic_entropy_side": 17.482282638549805,
          "hz": 1799.6344973346393
        },
        {
          "acoustic_entropy": 17.11074447631836,
          "acoustic_entropy_side": 17.194225311279297,
          "hz": 2020.9991599069049
        },
        {
          "acoustic_entropy": 17.480701446533203,
          "acoustic_entropy_side": 17.25657844543457,
          "hz": 2261.9676141086993
        },
        {
          "acoustic_entropy": 16.907489776611328,
          "acoustic_entropy_side": 16.985973358154297,
          "hz": 2524.2759484456974
        },
        {
          "acoustic_entropy": 16.37813377380371,
          "acoustic_entropy_side": 17.764890670776367,
          "hz": 2809.813997359896
        },
        {
