{
  "acoustic_entropy": 198.77545166015625,
  "bands": [
    {
      "high_freq": 148.1999969482422,
      "loudness": -19.423690795898438,
      "loudness_range": 7.090269088745117,
      "mid_mean": -16.047273635864258,
      "mid_to_side_loudness": -22.84173583984375,
      "mid_to_side_loudness_range": 22.027137756347656,
      "side_mean": -39.69819259643555
    },
    {
      "high_freq": 392.3793640136719,
      "loudness": -24.18223762512207,
      "loudness_range": 10.124401092529297,
      "low_freq": 148.1999969482422,
      "mid_mean": -21.37887954711914,
      "mid_to_side_loudness": -7.890327453613281,
      "mid_to_side_loudness_range": 10.808671951293945,
      "side_mean": -29.344499588012695
    },
    {
      "high_freq": 794.6976318359375,
      "loudness": -26.137420654296875,
      "loudness_range": 12.567428588867188,
      "low_freq": 392.3793640136719,
      "mid_mean": -24.53629493713379,
      "mid_to_side_loudness": -2.948652505874634,
      "mid_to_side_loudness_range": 10.615316390991211,
      "side_mean": -27.547821044921875
    },
    {
      "high_freq": 1457.5709228515625,
      "loudness": -30.47100830078125,
      "loudness_range": 12.859563827514648,
      "low_freq": 794.6976318359375,
      "mid_mean": -28.890459060668945,
      "mid_to_side_loudness": -2.570091724395752,
      "mid_to_side_loudness_range": 7.122039318084717,
      "side_mean": -31.456628799438477
    },
    {
      "high_freq": 2549.74365234375,
      "loudness": -31.305252075195312,
      "loudness_range": 9.831867218017578,
      "low_freq": 1457.5709228515625,
      "mid_mean": -29.743717193603516,
      "mid_to_side_loudness": -2.2406888008117676,
      "mid_to_side_loudness_range": 5.01507043838501,
      "side_mean": -31.96135139465332
    },
    {
      "high_freq": 4349.24462890625,
      "loudness": -32.89080047607422,
      "loudness_range": 8.885892868041992,
      "low_freq": 2549.74365234375,
      "mid_mean": -30.56232261657715,
      "mid_to_side_loudness": -4.783848762512207,
      "mid_to_side_loudness_range": 6.637609481811523,
      "side_mean": -35.395301818847656
    },
    {
      "high_freq": 7314.1640625,
      "loudness": -35.508914947509766,
      "loudness_range": 10.88431167602539,
      "low_freq": 4349.24462890625,
      "mid_mean": -32.74515914916992,
      "mid_to_side_loudness": -6.872663497924805,
      "mid_to_side_loudness_range": 8.306355476379395,
      "side_mean": -39.85735321044922
    },
    {
      "high_freq": 12199.2666015625,
      "loudness": -35.106712341308594,
      "loudness_range": 12.248046875,
      "low_freq": 7314.1640625,
      "mid_mean": -32.539459228515625,
      "mid_to_side_loudness": -8.285531997680664,
      "mid_to_side_loudness_range": 9.59769058227539,
      "side_mean": -41.16210174560547
    },
    {
      "loudness": -37.2982292175293,
      "loudness_range": 13.999984741210938,
      "low_freq": 12199.2666015625,
      "mid_mean": -36.05754089355469,
      "mid_to_side_loudness": -4.191804885864258,
      "mid_to_side_loudness_range": 11.94139289855957,
      "side_mean": -40.324031829833984
    }
  ],
  "bands_short": [
    {
      "high_freq": 148.1999969482422,
      "loudness": -20.75528907775879,
      "loudness_range": 12.142287254333496,
      "mid_mean": -17.31329345703125,
      "mid_to_side_loudness": -25.22793960571289,
      "mid_to_side_loudness_range": 28.527782440185547,
      "side_mean": -44.20188522338867
    },
    {
      "high_freq": 392.3793640136719,
      "loudness": -23.18267059326172,
      "loudness_range": 11.325813293457031,
      "low_freq": 148.1999969482422,
      "mid_mean": -20.247299194335938,
      "mid_to_side_loudness": -9.347696304321289,
      "mid_to_side_loudness_range": 14.071237564086914,
      "side_mean": -29.868886947631836
    },
    {
      "high_freq": 794.6976318359375,
      "loudness": -26.646865844726562,
      "loudness_range": 14.669221878051758,
      "low_freq": 392.3793640136719,
      "mid_mean": -25.10687828063965,
      "mid_to_side_loudness": -3.4041311740875244,
      "mid_to_side_loudness_range": 13.377145767211914,
      "side_mean": -28.590417861938477
    },
    {
      "high_freq": 1457.5709228515625,
      "loudness": -30.843307495117188,
      "loudness_range": 15.659095764160156,
      "low_freq": 794.6976318359375,
      "mid_mean": -29.564455032348633,
      "mid_to_side_loudness": -2.101005792617798,
      "mid_to_side_loudness_range": 10.006451606750488,
      "side_mean": -31.672517776489258
    },
    {
      "high_freq": 2549.74365234375,
      "loudness": -32.412906646728516,
      "loudness_range": 13.787973403930664,
      "low_freq": 1457.5709228515625,
      "mid_mean": -31.16222381591797,
      "mid_to_side_loudness": -1.8855174779891968,
      "mid_to_side_loudness_range": 8.342926025390625,
      "side_mean": -32.95573806762695
    },
    {
      "high_freq": 4349.24462890625,
      "loudness": -34.01995849609375,
      "loudness_range": 13.727190017700195,
      "low_freq": 2549.74365234375,
      "mid_mean": -31.900745391845703,
      "mid_to_side_loudness": -4.525359630584717,
      "mid_to_side_loudness_range": 10.224760055541992,
      "side_mean": -36.47987747192383
    },
    {
      "high_freq": 7314.1640625,
      "loudness": -37.3711051940918,
      "loudness_range": 17.020296096801758,
      "low_freq": 4349.24462890625,
      "mid_mean": -34.72223663330078,
      "mid_to_side_loudness": -6.899948596954346,
      "mid_to_side_loudness_range": 11.534770965576172,
      "side_mean": -41.86912155151367
    },
    {
      "high_freq": 12199.2666015625,
      "loudness": -37.45510482788086,
      "loudness_range": 20.17361068725586,
      "low_freq": 7314.1640625,
      "mid_mean": -34.70599365234375,
      "mid_to_side_loudness": -9.35448932647705,
      "mid_to_side_loudness_range": 16.715606689453125,
      "side_mean": -44.48037338256836
    },
    {
      "loudness": -44.05118942260742,
      "loudness_range": 29.141530990600586,
      "low_freq": 12199.2666015625,
      "mid_mean": -41.80803298950195,
      "mid_to_side_loudness": -7.241910457611084,
      "mid_to_side_loudness_range": 18.716331481933594,
      "side_mean": -50.63771438598633
    }
  ],
  "bandwidth": 314.5894775390625,
  "channels": 2,
  "covariance": [
    [
      27.5173282623291,
      7.9124650955200195,
      9.195590019226074,
      6.5920915603637695,
      12.578944206237793,
      9.612857818603516,
      7.24061393737793,
      6.037467956542969,
      5.270717620849609,
      5.74513053894043,
      7.590078830718994,
      5.577596187591553,
      10.55958366394043,
      8.497389793395996,
      12.627382278442383,
      11.031620979309082,
      12.50665283203125,
      14.130242347717285
    ],
    [
      7.9124650955200195,
      24.796899795532227,
      7.328866958618164,
      6.363081932067871,
      6.280209541320801,
      6.957512378692627,
      3.7988414764404297,
      2.7347769737243652,
      3.0946083068847656,
      3.478616714477539,
      3.1296889781951904,
      3.505241632461548,
      4.328077793121338,
      6.316023349761963,
      5.512662410736084,
      5.814761161804199,
      3.1352992057800293,
      5.289654731750488
    ],
    [
      9.195590019226074,
      7.328866958618164,
      20.089923858642578,
      11.56774616241455,
      14.528789520263672,
      11.977394104003906,
      11.326831817626953,
      10.63135051727295,
      9.684394836425781,
      11.27540397644043,
      7.99121618270874,
      8.611486434936523,
      8.028353691101074,
      10.228863716125488,
      10.443217277526855,
      12.35811996459961,
      10.787745475769043,
      10.702956199645996
    ],
    [
      6.5920915603637695,
      6.363081932067871,
      11.56774616241455,
      17.95750617980957,
      9.232184410095215,
      10.888903617858887,
      6.861276149749756,
      7.272529125213623,
      6.433804035186768,
      8.829127311706543,
      5.087608337402344,
      9.415409088134766,
      2.8360166549682617,
      6.809331893920898,
      0.9552244544029236,
      4.391620635986328,
      1.358731746673584,
      -0.42976516485214233
    ],
    [
      12.578944206237793,
      6.280209541320801,
      14.528789520263672,
      9.232184410095215,
      26.914772033691406,
      20.120819091796875,
      16.328855514526367,
      15.225203514099121,
      13.51976203918457,
      14.719649314880371,
      10.758561134338379,
      12.116347312927246,
      9.449579238891602,
      11.601920127868652,
      13.011380195617676,
      14.106598854064941,
      11.502579689025879,
      13.626802444458008
    ],
    [
      9.612857818603516,
      6.957512378692627,
      11.977394104003906,
      10.888903617858887,
      20.120819091796875,
      29.480253219604492,
      13.150927543640137,
      12.10799503326416,
      11.671319961547852,
      14.51937484741211,
      8.287428855895996,
      11.910200119018555,
      5.430572509765625,
      9.15422248840332,
      5.591231822967529,
      6.941320419311523,
      4.390453338623047,
      2.9094903469085693
    ],
    [
      7.24061393737793,
      3.7988414764404297,
      11.326831817626953,
      6.861276149749756,
      16.328855514526367,
      13.150927543640137,
      21.84625244140625,
      19.829593658447266,
      13.225364685058594,
      12.94675350189209,
      9.143468856811523,
      11.201982498168945,
      6.770209789276123,
      9.73447322845459,
      7.771913528442383,
      10.39488410949707,
      7.533298969268799,
      7.310281753540039
    ],
    [
      6.037467956542969,
      2.7347769737243652,
      10.63135051727295,
      7.272529125213623,
      15.225203514099121,
      12.10799503326416,
      19.829593658447266,
      24.972816467285156,
      13.47324275970459,
      13.666853904724121,
      8.468892097473145,
      10.95154857635498,
      3.9788732528686523,
      6.874841690063477,
      3.4739153385162354,
      5.780867099761963,
      3.203925848007202,
      3.5238571166992188
    ],
    [
      5.270717620849609,
      3.0946083068847656,
      9.684394836425781,
      6.433804035186768,
      13.51976203918457,
      11.671319961547852,
      13.225364685058594,
      13.47324275970459,
      16.131011962890625,
      14.512330055236816,
      9.623188018798828,
      11.444701194763184,
      5.96699333190918,
      9.199748992919922,
      5.541742324829102,
      7.54146146774292,
      4.722886562347412,
      4.841550350189209
    ],
    [
      5.74513053894043,
      3.478616714477539,
      11.27540397644043,
      8.829127311706543,
      14.719649314880371,
      14.51937484741211,
      12.94675350189209,
      13.666853904724121,
      14.512330055236816,
      16.66966438293457,
      9.143078804016113,
      11.917865753173828,
      5.446837425231934,
      9.420434951782227,
      4.751806735992432,
      7.227000713348389,
      4.3461432456970215,
      4.1900458335876465
    ],
    [
      7.590078830718994,
      3.1296889781951904,
      7.99121618270874,
      5.087608337402344,
      10.758561134338379,
      8.287428855895996,
      9.143468856811523,
      8.468892097473145,
      9.623188018798828,
      9.143078804016113,
      13.169866561889648,
      12.539302825927734,
      10.433696746826172,
      12.523390769958496,
      9.98233699798584,
      10.72116470336914,
      8.887248039245605,
      7.851925849914551
    ],
    [
      5.577596187591553,
      3.505241632461548,
      8.611486434936523,
      9.415409088134766,
      12.116347312927246,
      11.910200119018555,
      11.201982498168945,
      10.95154857635498,
      11.444701194763184,
      11.917865753173828,
      12.539302825927734,
      18.15744972229004,
      6.913762092590332,
      13.343299865722656,
      4.310206890106201,
      8.597174644470215,
      3.7969863414764404,
      -0.245017871260643
    ],
    [
      10.55958366394043,
      4.328077793121338,
      8.028353691101074,
      2.8360166549682617,
      9.449579238891602,
      5.430572509765625,
      6.770209789276123,
      3.9788732528686523,
      5.96699333190918,
      5.446837425231934,
      10.433696746826172,
      6.913762092590332,
      20.838130950927734,
      18.08525848388672,
      19.39981460571289,
      19.365060806274414,
      19.439485549926758,
      21.627416610717773
    ],
    [
      8.497389793395996,
      6.316023349761963,
      10.228863716125488,
      6.809331893920898,
      11.601920127868652,
      9.15422248840332,
      9.73447322845459,
      6.874841690063477,
      9.199748992919922,
      9.420434951782227,
      12.523390769958496,
      13.343299865722656,
      18.08525848388672,
      26.217618942260742,
      14.821303367614746,
      21.36733055114746,
      13.387957572937012,
      14.839635848999023
    ],
    [
      12.627382278442383,
      5.512662410736084,
      10.443217277526855,
      0.9552244544029236,
      13.011380195617676,
      5.591231822967529,
      7.771913528442383,
      3.4739153385162354,
      5.541742324829102,
      4.751806735992432,
      9.98233699798584,
      4.310206890106201,
      19.39981460571289,
      14.821303367614746,
      42.01951599121094,
      31.789344787597656,
      33.861019134521484,
      34.817684173583984
    ],
    [
      11.031620979309082,
      5.814761161804199,
      12.35811996459961,
      4.391620635986328,
      14.106598854064941,
      6.941320419311523,
      10.39488410949707,
      5.780867099761963,
      7.54146146774292,
      7.227000713348389,
      10.72116470336914,
      8.597174644470215,
      19.365060806274414,
      21.36733055114746,
      31.789344787597656,
      40.40431594848633,
      24.848430633544922,
      29.889921188354492
    ],
    [
      12.50665283203125,
      3.1352992057800293,
      10.787745475769043,
      1.358731746673584,
      11.502579689025879,
      4.390453338623047,
      7.533298969268799,
      3.203925848007202,
      4.722886562347412,
      4.3461432456970215,
      8.887248039245605,
      3.7969863414764404,
      19.439485549926758,
      13.387957572937012,
      33.861019134521484,
      24.848430633544922,
      44.987815856933594,
      40.153411865234375
    ],
    [
      14.130242347717285,
      5.289654731750488,
      10.702956199645996,
      -0.42976516485214233,
      13.626802444458008,
      2.9094903469085693,
      7.310281753540039,
      3.5238571166992188,
      4.841550350189209,
      4.1900458335876465,
      7.851925849914551,
      -0.245017871260643,
      21.627416610717773,
      14.839635848999023,
      34.817684173583984,
      29.889921188354492,
      40.153411865234375,
      59.65324401855469
    ]
  ],
  "covariance_short": [
    [
      39.20111083984375,
      8.629531860351562,
      14.891936302185059,
      8.257911682128906,
      12.465197563171387,
      9.901017189025879,
      9.952939987182617,
      9.66938304901123,
      7.134350776672363,
      7.790533065795898,
      7.17724609375,
      6.217350959777832,
      11.034574508666992,
      9.461335182189941,
      11.125035285949707,
      12.581195831298828,
      13.900703430175781,
      20.982107162475586
    ],
    [
      8.629531860351562,
      38.95684051513672,
      11.270322799682617,
      8.813105583190918,
      7.740550994873047,
      7.441429615020752,
      7.409177780151367,
      8.137079238891602,
      5.939446926116943,
      6.140111446380615,
      6.731265068054199,
      6.424191474914551,
      9.895774841308594,
      10.070146560668945,
      11.633601188659668,
      14.451539993286133,
      16.43656349182129,
      22.204072952270508
    ],
    [
      14.891936302185059,
      11.270322799682617,
      24.74745750427246,
      11.746108055114746,
      17.013874053955078,
      12.775463104248047,
      14.614011764526367,
      12.831768035888672,
      12.099863052368164,
      12.824507713317871,
      11.063077926635742,
      11.813570022583008,
      12.778457641601562,
      14.653054237365723,
      15.109369277954102,
      18.410831451416016,
      16.38009262084961,
      20.534679412841797
    ],
    [
      8.257911682128906,
      8.813105583190918,
      11.746108055114746,
      22.99831199645996,
      9.760828018188477,
      12.016044616699219,
      10.600750923156738,
      11.538484573364258,
      9.641024589538574,
      10.57286548614502,
      8.027173042297363,
      12.315473556518555,
      5.9710164070129395,
      10.819355964660645,
      3.03049898147583,
      10.398405075073242,
      4.799482345581055,
      10.292962074279785
    ],
    [
      12.465197563171387,
      7.740550994873047,
      17.013874053955078,
      9.760828018188477,
      34.13136672973633,
      22.927061080932617,
      22.23448944091797,
      20.58823013305664,
      17.83324432373047,
      18.80400848388672,
      13.152334213256836,
      16.315305709838867,
      12.511682510375977,
      16.45713233947754,
      16.256046295166016,
      19.60624885559082,
      16.149303436279297,
      24.320505142211914
    ],
    [
      9.901017189025879,
      7.441429615020752,
      12.775463104248047,
      12.016044616699219,
      22.927061080932617,
      36.36235809326172,
      18.162757873535156,
      17.723817825317383,
      15.456618309020996,
      17.71601676940918,
      10.738564491271973,
      16.151836395263672,
      8.148757934570312,
      13.964276313781738,
      8.212505340576172,
      12.723159790039062,
      6.280455112457275,
      14.21348762512207
    ],
    [
      9.952939987182617,
      7.409177780151367,
      14.614011764526367,
      10.600750923156738,
      22.23448944091797,
      18.162757873535156,
      34.888343811035156,
      27.746532440185547,
      22.496234893798828,
      21.62489891052246,
      15.55128002166748,
      20.093366622924805,
      12.920598983764648,
      18.340524673461914,
      12.177172660827637,
      20.074718475341797,
      14.968562126159668,
      24.0007381439209
    ],
    [
      9.66938304901123,
      8.137079238891602,
      12.831768035888672,
      11.538484573364258,
      20.58823013305664,
      17.723817825317383,
      27.746532440185547,
      35.43596267700195,
      20.845869064331055,
      20.5401554107666,
      12.85436725616455,
      17.983253479003906,
      8.34402084350586,
      13.580430030822754,
      6.834184169769287,
      13.229588508605957,
      8.48245620727539,
      17.957632064819336
    ],
    [
      7.134350776672363,
      5.939446926116943,
      12.099863052368164,
      9.641024589538574,
      17.83324432373047,
      15.456618309020996,
      22.496234893798828,
      20.845869064331055,
      29.05108070373535,
      22.939939498901367,
      17.344295501708984,
      21.27165412902832,
      13.819930076599121,
      20.505321502685547,
      10.927691459655762,
      21.04714584350586,
      14.214035987854004,
      24.539642333984375
    ],
    [
      7.790533065795898,
      6.140111446380615,
      12.824507713317871,
      10.57286548614502,
      18.80400848388672,
      17.71601676940918,
      21.62489891052246,
      20.5401554107666,
      22.939939498901367,
      26.33051872253418,
      14.798644065856934,
      19.53438949584961,
      11.341570854187012,
      17.8233642578125,
      9.050346374511719,
      17.429092407226562,
      11.279967308044434,
      19.820669174194336
    ],
    [
      7.17724609375,
      6.731265068054199,
      11.063077926635742,
      8.027173042297363,
      13.152334213256836,
      10.738564491271973,
      15.55128002166748,
      12.85436725616455,
      17.344295501708984,
      14.798644065856934,
      26.830965042114258,
      21.993162155151367,
      23.86747932434082,
      25.835233688354492,
      20.979055404663086,
      27.58059310913086,
      26.6668643951416,
      33.67237091064453
    ],
    [
      6.217350959777832,
      6.424191474914551,
      11.813570022583008,
      12.315473556518555,
      16.315305709838867,
      16.151836395263672,
      20.093366622924805,
      17.983253479003906,
      21.27165412902832,
      19.53438949584961,
      21.993162155151367,
      31.397064208984375,
      16.64568328857422,
      27.221107482910156,
      10.441280364990234,
      25.5020694732666,
      13.728324890136719,
      24.956846237182617
    ],
    [
      11.034574508666992,
      9.895774841308594,
      12.778457641601562,
      5.9710164070129395,
      12.511682510375977,
      8.148757934570312,
      12.920598983764648,
      8.34402084350586,
      13.819930076599121,
      11.341570854187012,
      23.86747932434082,
      16.64568328857422,
      40.109012603759766,
      34.842140197753906,
      35.168609619140625,
      39.34288024902344,
      42.550018310546875,
      51.428497314453125
    ],
    [
      9.461335182189941,
      10.070146560668945,
      14.653054237365723,
      10.819355964660645,
      16.45713233947754,
      13.964276313781738,
      18.340524673461914,
      13.580430030822754,
      20.505321502685547,
      17.8233642578125,
      25.835233688354492,
      27.221107482910156,
      34.842140197753906,
      50.845550537109375,
      26.689420700073242,
      48.49507522583008,
      33.21382141113281,
      51.605995178222656
    ],
    [
      11.125035285949707,
      11.633601188659668,
      15.109369277954102,
      3.03049898147583,
      16.256046295166016,
      8.212505340576172,
      12.177172660827637,
      6.834184169769287,
      10.927691459655762,
      9.050346374511719,
      20.979055404663086,
      10.441280364990234,
      35.168609619140625,
      26.689420700073242,
      61.72212600708008,
      50.94646453857422,
      63.14332962036133,
      66.8912124633789
    ],
    [
      12.581195831298828,
      14.451539993286133,
      18.410831451416016,
      10.398405075073242,
      19.60624885559082,
      12.723159790039062,
      20.074718475341797,
      13.229588508605957,
      21.04714584350586,
      17.429092407226562,
      27.58059310913086,
      25.5020694732666,
      39.34288024902344,
      48.49507522583008,
      50.94646453857422,
      80.66824340820312,
      58.596214294433594,
      86.67302703857422
    ],
    [
      13.900703430175781,
      16.43656349182129,
      16.38009262084961,
      4.799482345581055,
      16.149303436279297,
      6.280455112457275,
      14.968562126159668,
      8.48245620727539,
      14.214035987854004,
      11.279967308044434,
      26.6668643951416,
      13.728324890136719,
      42.550018310546875,
      33.21382141113281,
      63.14332962036133,
      58.596214294433594,
      91.13003540039062,
      94.19473266601562
    ],
    [
      20.982107162475586,
      22.204072952270508,
      20.534679412841797,
      10.292962074279785,
      24.320505142211914,
      14.21348762512207,
      24.0007381439209,
      17.957632064819336,
      24.539642333984375,
      19.820669174194336,
      33.67237091064453,
      24.956846237182617,
      51.428497314453125,
      51.605995178222656,
      66.8912124633789,
      86.67302703857422,
      94.19473266601562,
      150.3148193359375
    ]
  ],
  "damage": -5.5602126121521,
  "diff_bandwidth": 359.0619201660156,
  "dissonance": 5.998761798474128,
  "drr": 6.962630748748779,
  "dynamics": 2.7060444355010986,
  "format": 1245190,
  "frames": 5234688,
  "loudness": -13.027755737304688,
  "loudness_range": 7.060574531555176,
  "loudness_range_short": 9.970752716064453,
  "lowpass_true_peak_15khz": 0.27235427498817444,
  "mastering3_acoustic_entropies": [
    {
      "acoustic_entropy": 6.914536476135254,
      "acoustic_entropy_mono": 5.954998970031738,
      "band_eliminated_acoustic_entropies": [
        {
          "acoustic_entropy": 6.540958404541016,
          "acoustic_entropy_side": 6.914400100708008,
          "hz": 129.47220167065723
        },
        {
          "acoustic_entropy": 6.970913410186768,
          "acoustic_entropy_side": 6.920736789703369,
          "hz": 202.92927478742237
        },
        {
          "acoustic_entropy": 7.07374906539917,
          "acoustic_entropy_side": 7.019976615905762,
          "hz": 282.89161906338205
        },
        {
          "acoustic_entropy": 6.576092720031738,
          "acoustic_entropy_side": 7.033553123474121,
          "hz": 369.9353335868758
        },
        {
          "acoustic_entropy": 6.473588943481445,
          "acoustic_entropy_side": 6.936210632324219,
          "hz": 464.6875360973435
        },
        {
          "acoustic_entropy": 6.89379358291626,
          "acoustic_entropy_side": 6.604918479919434,
          "hz": 567.8308811364784
        },
        {
          "acoustic_entropy": 6.077040195465088,
          "acoustic_entropy_side": 6.657351493835449,
          "hz": 680.1084783214808
        },
        {
          "acoustic_entropy": 5.883159160614014,
          "acoustic_entropy_side": 6.403146743774414,
          "hz": 802.3292461747484
        },
        {
          "acoustic_entropy": 6.644637584686279,
          "acoustic_entropy_side": 6.796198844909668,
          "hz": 935.3737400823702
        },
        {
          "acoustic_entropy": 6.1747822761535645,
          "acoustic_entropy_side": 6.806593418121338,
          "hz": 1080.2004963696966
        },
        {
          "acoustic_entropy": 6.411540508270264,
          "acoustic_entropy_side": 6.046382427215576,
          "hz": 1237.8529382007157
        },
        {
          "acoustic_entropy": 6.598402976989746,
          "acoustic_entropy_side": 6.704891681671143,
          "hz": 1409.4668930556702
        },
        {
          "acoustic_entropy": 6.833004474639893,
          "acoustic_entropy_side": 6.896465301513672,
          "hz": 1596.2787759475705
        },
        {
          "acoustic_entropy": 6.682796478271484,
          "acoustic_entropy_side": 6.772849082946777,
          "hz": 1799.6344973346393
        },
        {
          "acoustic_entropy": 6.818917274475098,
          "acoustic_entropy_side": 6.893779277801514,
          "hz": 2020.9991599069049
        },
        {
          "acoustic_entropy": 6.8541765213012695,
          "acoustic_entropy_side": 6.775793075561523,
          "hz": 2261.9676141086993
        },
        {
          "acoustic_entropy": 7.346315860748291,
          "acoustic_entropy_side": 7.007842540740967,
          "hz": 2524.2759484456974
        },
        {
          "acoustic_entropy": 7.345532417297363,
          "acoustic_entropy_side": 7.014341354370117,
          "hz": 2809.813997359896
        },
        {
          "acoustic_entropy": 7.127986431121826,
          "acoustic_entropy_side": 7.040153980255127,
          "hz": 3120.6389567871424
        },
        {
          "acoustic_entropy": 7.088886737823486,
          "acoustic_entropy_side": 6.948580741882324,
          "hz": 3458.990205492291
        },
        {
          "acoustic_entropy": 6.926708698272705,
          "acoustic_entropy_side": 6.909280300140381,
          "hz": 3827.305438964164
        },
        {
          "acoustic_entropy": 6.825841426849365,
          "acoustic_entropy_side": 6.890422344207764,
          "hz": 4228.238232109126
        },
        {
          "acoustic_entropy": 7.032172203063965,
          "acoustic_entropy_side": 6.964575290679932,
          "hz": 4664.6771572759235
        },
        {
          "acoustic_entropy": 7.20049524307251,
          "acoustic_entropy_side": 6.962157249450684,
          "hz": 5139.766595350093
        },
        {
          "acoustic_entropy": 7.129941463470459,
          "acoustic_entropy_side": 6.958616733551025,
          "hz": 5656.929389854203
        },
        {
          "acoustic_entropy": 7.036448955535889,
          "acoustic_entropy_side": 6.9710612297058105,
          "hz": 6219.891507268283
        },
        {
          "acoustic_entropy": 6.995425701141357,
          "acoustic_entropy_side": 6.931134223937988,
          "hz": 6832.70888123896
        },
        {
          "acoustic_entropy": 6.942430019378662,
          "acoustic_entropy_side": 6.921924591064453,
          "hz": 7499.796634079867
        },
        {
          "acoustic_entropy": 6.991400718688965,
          "acoustic_entropy_side": 6.93116569519043,
          "hz": 8225.96088609342
        },
        {
          "acoustic_entropy": 6.9986162185668945,
          "acoustic_entropy_side": 6.932673454284668,
          "hz": 9016.43338188839
        },
        {
          "acoustic_entropy": 7.036255836486816,
          "acoustic_entropy_side": 6.955069065093994,
          "hz": 9876.909183162974
        },
        {
          "acoustic_entropy": 6.999429225921631,
          "acoustic_entropy_side": 6.966289520263672,
          "hz": 10813.587699516042
        },
        {
          "acoustic_entropy": 6.9326958656311035,
          "acoustic_entropy_side": 6.977253437042236,
          "hz": 11833.21735289826
        },
        {
          "acoustic_entropy": 6.83650541305542,
          "acoustic_entropy_side": 6.970304012298584,
          "hz": 12943.144197493959
        },
        {
          "acoustic_entropy": 6.932326793670654,
          "acoustic_entropy_side": 6.955949306488037,
          "hz": 14151.364845322005
        },
        {
          "acoustic_entropy": 6.93707275390625,
          "acoustic_entropy_side": 6.963375091552734,
          "hz": 15466.58407886509
        },
        {
          "acoustic_entropy": 6.789425373077393,
          "acoustic_entropy_side": 6.917383670806885,
          "hz": 16898.27756580493
        },
        {
          "acoustic_entropy": 6.695637226104736,
          "acoustic_entropy_side": 6.886976718902588,
          "hz": 18456.760127700032
        },
        {
          "acoustic_entropy": 6.676484107971191,
          "acoustic_entropy_side": 6.868670463562012,
          "hz": 20153.260054456492
        },
        {
          "acoustic_entropy": 6.926662921905518,
          "acoustic_entropy_side": 6.936345100402832,
          "hz": 22000.00000000001
        }
      ],
      "diff_acoustic_entropy": 5.743079662322998,
      "sn": 6
    },
    {
      "acoustic_entropy": 10.192344665527344,
      "acoustic_entropy_mono": 10.770942687988281,
      "band_eliminated_acoustic_entropies": [
        {
          "acoustic_entropy": 11.092818260192871,
          "acoustic_entropy_side": 10.195443153381348,
          "hz": 129.47220167065723
        },
        {
          "acoustic_entropy": 10.86449909210205,
          "acoustic_entropy_side": 10.35125732421875,
          "hz": 202.92927478742237
        },
        {
          "acoustic_entropy": 11.283939361572266,
          "acoustic_entropy_side": 10.775379180908203,
          "hz": 282.89161906338205
        },
        {
          "acoustic_entropy": 10.419934272766113,
          "acoustic_entropy_side": 10.472332954406738,
          "hz": 369.9353335868758
        },
        {
          "acoustic_entropy": 10.399500846862793,
          "acoustic_entropy_side": 10.278916358947754,
          "hz": 464.6875360973435
        },
        {
          "acoustic_entropy": 10.477985382080078,
          "acoustic_entropy_side": 10.470250129699707,
          "hz": 567.8308811364784
        },
        {
          "acoustic_entropy": 10.41783618927002,
          "acoustic_entropy_side": 11.112167358398438,
          "hz": 680.1084783214808
        },
        {
          "acoustic_entropy": 9.36101245880127,
          "acoustic_entropy_side": 9.915894508361816,
          "hz": 802.3292461747484
        },
        {
          "acoustic_entropy": 11.526589393615723,
          "acoustic_entropy_side": 11.294093132019043,
          "hz": 935.3737400823702
        },
        {
          "acoustic_entropy": 10.48210620880127,
          "acoustic_entropy_side": 9.919647216796875,
          "hz": 1080.2004963696966
        },
        {
          "acoustic_entropy": 11.284436225891113,
          "acoustic_entropy_side": 11.047223091125488,
          "hz": 1237.8529382007157
        },
        {
          "acoustic_entropy": 10.184526443481445,
          "acoustic_entropy_side": 9.870147705078125,
          "hz": 1409.4668930556702
        },
        {
          "acoustic_entropy": 10.482510566711426,
          "acoustic_entropy_side": 10.4258451461792,
          "hz": 1596.2787759475705
        },
        {
          "acoustic_entropy": 10.187810897827148,
          "acoustic_entropy_side": 9.895339012145996,
          "hz": 1799.6344973346393
        },
        {
          "acoustic_entropy": 10.643760681152344,
          "acoustic_entropy_side": 10.303756713867188,
          "hz": 2020.9991599069049
        },
        {
          "acoustic_entropy": 10.307945251464844,
          "acoustic_entropy_side": 10.096955299377441,
          "hz": 2261.9676141086993
        },
        {
          "acoustic_entropy": 10.326627731323242,
          "acoustic_entropy_side": 9.99416446685791,
          "hz": 2524.2759484456974
        },
        {
          "acoustic_entropy": 10.203012466430664,
          "acoustic_entropy_side": 10.1116304397583,
          "hz": 2809.813997359896
        },
        {
          "acoustic_entropy": 10.181317329406738,
          "acoustic_entropy_side": 10.229649543762207,
          "hz": 3120.6389567871424
        },
        {
          "acoustic_entropy": 10.35767936706543,
          "acoustic_entropy_side": 10.280905723571777,
          "hz": 3458.990205492291
        },
        {
          "acoustic_entropy": 10.105924606323242,
          "acoustic_entropy_side": 10.134264945983887,
          "hz": 3827.305438964164
        },
        {
          "acoustic_entropy": 10.748392105102539,
          "acoustic_entropy_side": 10.40848159790039,
          "hz": 4228.238232109126
        },
        {
          "acoustic_entropy": 10.671964645385742,
          "acoustic_entropy_side": 10.399554252624512,
          "hz": 4664.6771572759235
        },
        {
          "acoustic_entropy": 9.909451484680176,
          "acoustic_entropy_side": 10.149168014526367,
          "hz": 5139.766595350093
        },
        {
          "acoustic_entropy": 10.161233901977539,
          "acoustic_entropy_side": 10.144702911376953,
          "hz": 5656.929389854203
        },
        {
          "acoustic_entropy": 10.595085144042969,
          "acoustic_entropy_side": 10.504400253295898,
          "hz": 6219.891507268283
        },
        {
          "acoustic_entropy": 10.550017356872559,
          "acoustic_entropy_side": 10.382965087890625,
          "hz": 6832.70888123896
        },
        {
          "acoustic_entropy": 10.234125137329102,
          "acoustic_entropy_side": 10.288991928100586,
          "hz": 7499.796634079867
        },
        {
          "acoustic_entropy": 10.137604713439941,
          "acoustic_entropy_side": 10.097654342651367,
          "hz": 8225.96088609342
        },
        {
          "acoustic_entropy": 9.973135948181152,
          "acoustic_entropy_side": 10.101091384887695,
          "hz": 9016.43338188839
        },
        {
          "acoustic_entropy": 10.21197509765625,
          "acoustic_entropy_side": 10.095980644226074,
          "hz": 9876.909183162974
        },
        {
          "acoustic_entropy": 10.292641639709473,
          "acoustic_entropy_side": 10.19434928894043,
          "hz": 10813.587699516042
        },
        {
          "acoustic_entropy": 10.402987480163574,
          "acoustic_entropy_side": 10.086529731750488,
          "hz": 11833.21735289826
        },
        {
          "acoustic_entropy": 10.451065063476562,
          "acoustic_entropy_side": 10.055139541625977,
          "hz": 12943.144197493959
        },
        {
          "acoustic_entropy": 10.181593894958496,
          "acoustic_entropy_side": 10.200766563415527,
          "hz": 14151.364845322005
        },
        {
          "acoustic_entropy": 10.769265174865723,
          "acoustic_entropy_side": 10.36854362487793,
          "hz": 15466.58407886509
        },
        {
          "acoustic_entropy": 11.069369316101074,
          "acoustic_entropy_side": 10.859888076782227,
          "hz": 16898.27756580493
        },
        {
          "acoustic_entropy": 10.883012771606445,
          "acoustic_entropy_side": 10.726883888244629,
          "hz": 18456.760127700032
        },
        {
          "acoustic_entropy": 10.475061416625977,
          "acoustic_entropy_side": 10.583192825317383,
          "hz": 20153.260054456492
        },
        {
          "acoustic_entropy": 10.577045440673828,
          "acoustic_entropy_side": 10.30665397644043,
          "hz": 22000.00000000001
        }
      ],
      "diff_acoustic_entropy": 10.5120849609375,
      "sn": 12
    },
    {
      "acoustic_entropy": 18.193954467773438,
      "acoustic_entropy_mono": 16.808584213256836,
      "band_eliminated_acoustic_entropies": [
        {
          "acoustic_entropy": 17.079269409179688,
          "acoustic_entropy_side": 18.04692840576172,
          "hz": 129.47220167065723
        },
        {
          "acoustic_entropy": 18.619808197021484,
          "acoustic_entropy_side": 18.33153533935547,
          "hz": 202.92927478742237
        },
        {
          "acoustic_entropy": 18.561315536499023,
          "acoustic_entropy_side": 18.109195709228516,
          "hz": 282.89161906338205
        },
        {
          "acoustic_entropy": 18.016050338745117,
          "acoustic_entropy_side": 18.169485092163086,
          "hz": 369.9353335868758
        },
        {
          "acoustic_entropy": 18.001367568969727,
          "acoustic_entropy_side": 18.384628295898438,
          "hz": 464.6875360973435
        },
        {
          "acoustic_entropy": 18.389497756958008,
          "acoustic_entropy_side": 18.040016174316406,
          "hz": 567.8308811364784
        },
        {
          "acoustic_entropy": 19.975889205932617,
          "acoustic_entropy_side": 19.54301643371582,
          "hz": 680.1084783214808
        },
        {
          "acoustic_entropy": 18.070837020874023,
          "acoustic_entropy_side": 17.887840270996094,
          "hz": 802.3292461747484
        },
        {
          "acoustic_entropy": 18.93569564819336,
          "acoustic_entropy_side": 19.898529052734375,
          "hz": 935.3737400823702
        },
        {
          "acoustic_entropy": 19.46282958984375,
          "acoustic_entropy_side": 18.928977966308594,
          "hz": 1080.2004963696966
        },
        {
          "acoustic_entropy": 18.540510177612305,
          "acoustic_entropy_side": 18.764936447143555,
          "hz": 1237.8529382007157
        },
        {
          "acoustic_entropy": 18.08838653564453,
          "acoustic_entropy_side": 18.282264709472656,
          "hz": 1409.4668930556702
        },
        {
          "acoustic_entropy": 18.43660545349121,
          "acoustic_entropy_side": 18.5323543548584,
          "hz": 1596.2787759475705
        },
        {
          "acoustic_entropy": 18.779016494750977,
          "acoustic_entropy_side": 18.74512481689453,
          "hz": 1799.6344973346393
        },
        {
          "acoustic_entropy": 18.37312126159668,
          "acoustic_entropy_side": 17.61516761779785,
          "hz": 2020.9991599069049
        },
        {
          "acoustic_entropy": 18.414560317993164,
          "acoustic_entropy_side": 18.338153839111328,
          "hz": 2261.9676141086993
        },
        {
          "acoustic_entropy": 17.609363555908203,
          "acoustic_entropy_side": 17.774219512939453,
          "hz": 2524.2759484456974
        },
        {
          "acoustic_entropy": 18.546960830688477,
          "acoustic_entropy_side": 18.507354736328125,
          "hz": 2809.813997359896
        },
        {
          "acoustic_entropy": 17.86981773376465,
          "acoustic_entropy_side": 17.67384147644043,
