{
  "acoustic_entropy": 90.34223175048828,
  "bands": [
    {
      "high_freq": 148.1999969482422,
      "loudness": -42.05661392211914,
      "loudness_range": 17.367313385009766,
      "mid_mean": -38.764644622802734,
      "mid_to_side_loudness": -22.163684844970703,
      "mid_to_side_loudness_range": 28.756481170654297,
      "side_mean": -65.1024169921875
    },
    {
      "high_freq": 392.3793640136719,
      "loudness": -36.436378479003906,
      "loudness_range": 21.852523803710938,
      "low_freq": 148.1999969482422,
      "mid_mean": -33.6232795715332,
      "mid_to_side_loudness": -16.960786819458008,
      "mid_to_side_loudness_range": 25.22825050354004,
      "side_mean": -58.36331558227539
    },
    {
      "high_freq": 794.6976318359375,
      "loudness": -30.958946228027344,
      "loudness_range": 15.089340209960938,
      "low_freq": 392.3793640136719,
      "mid_mean": -28.203590393066406,
      "mid_to_side_loudness": -16.006187438964844,
      "mid_to_side_loudness_range": 28.892553329467773,
      "side_mean": -54.41767883300781
    },
    {
      "high_freq": 1457.5709228515625,
      "loudness": -30.5607852935791,
      "loudness_range": 21.884410858154297,
      "low_freq": 794.6976318359375,
      "mid_mean": -28.19957160949707,
      "mid_to_side_loudness": -20.002676010131836,
      "mid_to_side_loudness_range": 29.634693145751953,
      "side_mean": -57.003150939941406
    },
    {
      "high_freq": 2549.74365234375,
      "loudness": -36.33539962768555,
      "loudness_range": 21.644390106201172,
      "low_freq": 1457.5709228515625,
      "mid_mean": -34.264434814453125,
      "mid_to_side_loudness": -18.154878616333008,
      "mid_to_side_loudness_range": 26.451560974121094,
      "side_mean": -59.392799377441406
    },
    {
      "high_freq": 4349.24462890625,
      "loudness": -45.998443603515625,
      "loudness_range": 28.095870971679688,
      "low_freq": 2549.74365234375,
      "mid_mean": -50.133087158203125,
      "mid_to_side_loudness": -20.201736450195312,
      "mid_to_side_loudness_range": 30.634422302246094,
      "side_mean": -64.96896362304688
    },
    {
      "high_freq": 7314.1640625,
      "loudness": -62.637481689453125,
      "loudness_range": 34.732421875,
      "low_freq": 4349.24462890625,
      "mid_mean": -60.4048957824707,
      "mid_to_side_loudness": -23.375885009765625,
      "mid_to_side_loudness_range": 34.973472595214844,
      "side_mean": -69.20323944091797
    },
    {
      "high_freq": 12199.2666015625,
      "loudness": -67.77713012695312,
      "loudness_range": 30.074607849121094,
      "low_freq": 7314.1640625,
      "mid_mean": -63.447669982910156,
      "mid_to_side_loudness": -28.99871826171875,
      "mid_to_side_loudness_range": 44.86086654663086,
      "side_mean": -69.82987213134766
    },
    {
      "loudness": -71.58777618408203,
      "loudness_range": 13.0020751953125,
      "low_freq": 12199.2666015625,
      "mid_mean": -65.8105697631836,
      "mid_to_side_loudness": -24.043947219848633,
      "mid_to_side_loudness_range": 32.521846771240234,
      "side_mean": -69.97360229492188
    }
  ],
  "bands_short": [
    {
      "high_freq": 148.1999969482422,
      "loudness": -43.68051528930664,
      "loudness_range": 16.850814819335938,
      "mid_mean": -41.98634338378906,
      "mid_to_side_loudness": -22.79952621459961,
      "mid_to_side_loudness_range": 30.553133010864258,
      "side_mean": -66.17693328857422
    },
    {
      "high_freq": 392.3793640136719,
      "loudness": -36.3766975402832,
      "loudness_range": 22.24152183532715,
      "low_freq": 148.1999969482422,
      "mid_mean": -33.33382034301758,
      "mid_to_side_loudness": -17.027624130249023,
      "mid_to_side_loudness_range": 27.370447158813477,
      "side_mean": -58.51190185546875
    },
    {
      "high_freq": 794.6976318359375,
      "loudness": -31.117197036743164,
      "loudness_range": 15.471015930175781,
      "low_freq": 392.3793640136719,
      "mid_mean": -28.836997985839844,
      "mid_to_side_loudness": -15.998875617980957,
      "mid_to_side_loudness_range": 30.0406494140625,
      "side_mean": -54.626129150390625
    },
    {
      "high_freq": 1457.5709228515625,
      "loudness": -30.5775146484375,
      "loudness_range": 19.477453231811523,
      "low_freq": 794.6976318359375,
      "mid_mean": -28.207489013671875,
      "mid_to_side_loudness": -19.594097137451172,
      "mid_to_side_loudness_range": 30.758874893188477,
      "side_mean": -57.099639892578125
    },
    {
      "high_freq": 2549.74365234375,
      "loudness": -36.947853088378906,
      "loudness_range": 21.95940589904785,
      "low_freq": 1457.5709228515625,
      "mid_mean": -34.89250946044922,
      "mid_to_side_loudness": -17.626712799072266,
      "mid_to_side_loudness_range": 26.505760192871094,
      "side_mean": -59.640438079833984
    },
    {
      "high_freq": 4349.24462890625,
      "loudness": -46.44541931152344,
      "loudness_range": 29.78008460998535,
      "low_freq": 2549.74365234375,
      "mid_mean": -50.84623336791992,
      "mid_to_side_loudness": -18.637435913085938,
      "mid_to_side_loudness_range": 28.42103385925293,
      "side_mean": -64.86054992675781
    },
    {
      "high_freq": 7314.1640625,
      "loudness": -64.21737670898438,
      "loudness_range": 32.93256378173828,
      "low_freq": 4349.24462890625,
      "mid_mean": -61.402626037597656,
      "mid_to_side_loudness": -20.481563568115234,
      "mid_to_side_loudness_range": 30.74810218811035,
      "side_mean": -69.19574737548828
    },
    {
      "high_freq": 12199.2666015625,
      "loudness": -69.15467071533203,
      "loudness_range": 19.819217681884766,
      "low_freq": 7314.1640625,
      "mid_mean": -64.48213958740234,
      "mid_to_side_loudness": -21.804780960083008,
      "mid_to_side_loudness_range": 43.107460021972656,
      "side_mean": -69.83826446533203
    },
    {
      "loudness": -71.64622497558594,
      "loudness_range": 7.994110107421875,
      "low_freq": 12199.2666015625,
      "mid_mean": -65.98162841796875,
      "mid_to_side_loudness": -23.760299682617188,
      "mid_to_side_loudness_range": 36.85750961303711,
      "side_mean": -69.97328186035156
    }
  ],
  "bandwidth": 796.4352416992188,
  "channels": 2,
  "covariance": [
    [
      47.864356994628906,
      27.73535919189453,
      33.26254653930664,
      48.276214599609375,
      43.093994140625,
      37.516963958740234,
      44.29405975341797,
      17.169233322143555,
      52.651126861572266,
      32.132957458496094,
      58.811336517333984,
      29.25673484802246,
      48.20754623413086,
      5.79591703414917,
      24.597728729248047,
      1.2027201652526855,
      6.233248233795166,
      -0.03669913113117218
    ],
    [
      27.73535919189453,
      23.988697052001953,
      30.419422149658203,
      46.558834075927734,
      22.96940040588379,
      40.34263610839844,
      15.672494888305664,
      23.069839477539062,
      25.4689998626709,
      29.95387840270996,
      62.02415466308594,
      25.840553283691406,
      44.002906799316406,
      4.868060111999512,
      24.519716262817383,
      0.9900195598602295,
      8.815356254577637,
      -0.08288758993148804
    ],
    [
      33.26254653930664,
      30.419422149658203,
      85.31169128417969,
      71.99430084228516,
      35.64897537231445,
      31.007137298583984,
      -3.123154878616333,
      -18.089757919311523,
      16.82309341430664,
      5.869437217712402,
      67.568359375,
      22.629844665527344,
      65.56090545654297,
      4.138322353363037,
      29.73834991455078,
      0.6822932362556458,
      6.022775173187256,
      -0.07557273656129837
    ],
    [
      48.276214599609375,
      46.558834075927734,
      71.99430084228516,
      101.44973754882812,
      46.67439651489258,
      83.56201934814453,
      16.784713745117188,
      41.28044128417969,
      40.198486328125,
      55.23414611816406,
      132.97088623046875,
      48.160728454589844,
      95.35527801513672,
      9.555012702941895,
      54.62920379638672,
      2.1024396419525146,
      19.35350799560547,
      -0.1889399141073227
    ],
    [
      43.093994140625,
      22.96940040588379,
      35.64897537231445,
      46.67439651489258,
      56.56203079223633,
      42.07814407348633,
      48.90574645996094,
      14.4095458984375,
      60.710899353027344,
      35.775978088378906,
      68.8006820678711,
      34.92610168457031,
      52.85924530029297,
      8.92653751373291,
      32.18449783325195,
      2.252063035964966,
      8.285065650939941,
      -0.03290123492479324
    ],
    [
      37.516963958740234,
      40.34263610839844,
      31.007137298583984,
      83.56201934814453,
      42.07814407348633,
      107.32322692871094,
      54.50966262817383,
      82.2907943725586,
      61.262718200683594,
      85.62440490722656,
      134.95703125,
      51.707542419433594,
      73.75090026855469,
      10.140093803405762,
      45.86012649536133,
      2.137727975845337,
      22.041656494140625,
      -0.24027767777442932
    ],
    [
      44.29405975341797,
      15.672494888305664,
      -3.123154878616333,
      16.784713745117188,
      48.90574645996094,
      54.50966262817383,
      96.7548828125,
      59.873260498046875,
      84.7508544921875,
      62.19626235961914,
      51.167076110839844,
      30.7051944732666,
      16.120649337768555,
      5.825587749481201,
      10.54195785522461,
      1.1290258169174194,
      6.30036735534668,
      -0.05283709242939949
    ],
    [
      17.169233322143555,
      23.069839477539062,
      -18.089757919311523,
      41.28044128417969,
      14.4095458984375,
      82.2907943725586,
      59.873260498046875,
      89.41429138183594,
      47.83342742919922,
      75.16630554199219,
      87.67031860351562,
      32.63618469238281,
      32.04477310180664,
      5.414517879486084,
      24.3496150970459,
      1.0826659202575684,
      16.0435733795166,
      -0.2063779979944229
    ],
    [
      52.651126861572266,
      25.4689998626709,
      16.82309341430664,
      40.198486328125,
      60.710899353027344,
      61.262718200683594,
      84.7508544921875,
      47.83342742919922,
      92.21570587158203,
      65.2952880859375,
      71.57282257080078,
      42.745506286621094,
      44.62702941894531,
      9.464903831481934,
      29.195842742919922,
      2.3184454441070557,
      8.407431602478027,
      -0.04773422330617905
    ],
    [
      32.132957458496094,
      29.95387840270996,
      5.869437217712402,
      55.23414611816406,
      35.775978088378906,
      85.62440490722656,
      62.19626235961914,
      75.16630554199219,
      65.2952880859375,
      79.23429107666016,
      100.46229553222656,
      42.433815002441406,
      48.538230895996094,
      8.247986793518066,
      32.15046691894531,
      1.8299081325531006,
      16.78287696838379,
      -0.17989078164100647
    ],
    [
      58.811336517333984,
      62.02415466308594,
      67.568359375,
      132.97088623046875,
      68.8006820678711,
      134.95703125,
      51.167076110839844,
      87.67031860351562,
      71.57282257080078,
      100.46229553222656,
      212.9868927001953,
      79.66885375976562,
      134.5011749267578,
      17.51338005065918,
      84.96027374267578,
      4.108768463134766,
      33.405006408691406,
      -0.3108496069908142
    ],
    [
      29.25673484802246,
      25.840553283691406,
      22.629844665527344,
      48.160728454589844,
      34.92610168457031,
      51.707542419433594,
      30.7051944732666,
      32.63618469238281,
      42.745506286621094,
      42.433815002441406,
      79.66885375976562,
      45.42282485961914,
      55.21817398071289,
      10.848007202148438,
      36.191287994384766,
      2.5331637859344482,
      11.400490760803223,
      -0.08733756095170975
    ],
    [
      48.20754623413086,
      44.002906799316406,
      65.56090545654297,
      95.35527801513672,
      52.85924530029297,
      73.75090026855469,
      16.120649337768555,
      32.04477310180664,
      44.62702941894531,
      48.538230895996094,
      134.5011749267578,
      55.21817398071289,
      107.91215515136719,
      13.527373313903809,
      68.06013488769531,
      3.4824106693267822,
      20.62433624267578,
      -0.14919300377368927
    ],
    [
      5.79591703414917,
      4.868060111999512,
      4.138322353363037,
      9.555012702941895,
      8.92653751373291,
      10.140093803405762,
      5.825587749481201,
      5.414517879486084,
      9.464903831481934,
      8.247986793518066,
      17.51338005065918,
      10.848007202148438,
      13.527373313903809,
      3.400285005569458,
      9.671844482421875,
      0.8723495602607727,
      2.726494550704956,
      -0.01386769488453865
    ],
    [
      24.597728729248047,
      24.519716262817383,
      29.73834991455078,
      54.62920379638672,
      32.18449783325195,
      45.86012649536133,
      10.54195785522461,
      24.3496150970459,
      29.195842742919922,
      32.15046691894531,
      84.96027374267578,
      36.191287994384766,
      68.06013488769531,
      9.671844482421875,
      50.13631057739258,
      2.811357021331787,
      14.438273429870605,
      -0.09392906725406647
    ],
    [
      1.2027201652526855,
      0.9900195598602295,
      0.6822932362556458,
      2.1024396419525146,
      2.252063035964966,
      2.137727975845337,
      1.1290258169174194,
      1.0826659202575684,
      2.3184454441070557,
      1.8299081325531006,
      4.108768463134766,
      2.5331637859344482,
      3.4824106693267822,
      0.8723495602607727,
      2.811357021331787,
      0.2594544291496277,
      0.701615035533905,
      -0.0027243357617408037
    ],
    [
      6.233248233795166,
      8.815356254577637,
      6.022775173187256,
      19.35350799560547,
      8.285065650939941,
      22.041656494140625,
      6.30036735534668,
      16.0435733795166,
      8.407431602478027,
      16.78287696838379,
      33.405006408691406,
      11.400490760803223,
      20.62433624267578,
      2.726494550704956,
      14.438273429870605,
      0.701615035533905,
      6.564260005950928,
      -0.052715618163347244
    ],
    [
      -0.03669913113117218,
      -0.08288758993148804,
      -0.07557273656129837,
      -0.1889399141073227,
      -0.03290123492479324,
      -0.24027767777442932,
      -0.05283709242939949,
      -0.2063779979944229,
      -0.04773422330617905,
      -0.17989078164100647,
      -0.3108496069908142,
      -0.08733756095170975,
      -0.14919300377368927,
      -0.01386769488453865,
      -0.09392906725406647,
      -0.0027243357617408037,
      -0.052715618163347244,
      0.0015481722075492144
    ]
  ],
  "covariance_short": [
    [
      82.59029388427734,
      27.001365661621094,
      32.20269012451172,
      53.27773666381836,
      40.66184997558594,
      50.860443115234375,
      44.227787017822266,
      35.312320709228516,
      54.1277961730957,
      45.88197708129883,
      78.82209777832031,
      33.49983596801758,
      46.90100860595703,
      5.83204984664917,
      18.15537452697754,
      1.017611026763916,
      7.2987847328186035,
      -0.10858915746212006
    ],
    [
      27.001365661621094,
      17.658702850341797,
      21.49161148071289,
      34.965641021728516,
      16.599302291870117,
      31.00605010986328,
      10.275745391845703,
      18.792007446289062,
      19.647109985351562,
      23.148515701293945,
      47.34846878051758,
      20.11688232421875,
      30.439462661743164,
      3.6987762451171875,
      13.144111633300781,
      0.6622418165206909,
      6.02028751373291,
      -0.06527120620012283
    ],
    [
      32.20269012451172,
      21.49161148071289,
      79.11636352539062,
      64.2134780883789,
      35.94761276245117,
      24.325042724609375,
      2.2424285411834717,
      -21.442533493041992,
      17.901185989379883,
      1.136989951133728,
      56.2158203125,
      20.40651512145996,
      53.48725128173828,
      3.879391670227051,
      18.82486343383789,
      0.5225251317024231,
      4.009103775024414,
      0.0014050109311938286
    ],
    [
      53.27773666381836,
      34.965641021728516,
      64.2134780883789,
      100.6299057006836,
      45.2840461730957,
      82.73430633544922,
      10.348111152648926,
      41.530574798583984,
      35.309906005859375,
      53.485450744628906,
      125.57308959960938,
      48.25417709350586,
      81.61457824707031,
      9.633443832397461,
      38.550621032714844,
      1.974380373954773,
      16.700653076171875,
      -0.19270585477352142
    ],
    [
      40.66184997558594,
      16.599302291870117,
      35.94761276245117,
      45.2840461730957,
      68.2721176147461,
      42.87742614746094,
      47.080074310302734,
      17.64289665222168,
      64.18489837646484,
      37.42679214477539,
      72.3724365234375,
      34.432220458984375,
      47.60454559326172,
      8.892899513244629,
      23.62996482849121,
      2.0840585231781006,
      6.75278902053833,
      -0.01904452033340931
    ],
    [
      50.860443115234375,
      31.00605010986328,
      24.325042724609375,
      82.73430633544922,
      42.87742614746094,
      108.11507415771484,
      47.90778732299805,
      81.68119812011719,
      60.236305236816406,
      84.34500885009766,
      133.90892028808594,
      51.9620361328125,
      66.31204223632812,
      10.038016319274902,
      35.43540573120117,
      2.0009562969207764,
      19.876766204833984,
      -0.24362532794475555
    ],
    [
      44.227787017822266,
      10.275745391845703,
      2.2424285411834717,
      10.348111152648926,
      47.080074310302734,
      47.90778732299805,
      95.16317749023438,
      52.69110107421875,
      81.596435546875,
      57.17720031738281,
      55.33320617675781,
      27.161827087402344,
      15.967072486877441,
      4.879787921905518,
      8.71770191192627,
      0.7440844178199768,
      5.207120895385742,
      -0.00722230039536953
    ],
    [
      35.312320709228516,
      18.792007446289062,
      -21.442533493041992,
      41.530574798583984,
      17.64289665222168,
      81.68119812011719,
      52.69110107421875,
      88.6048355102539,
      49.842506408691406,
      73.4693832397461,
      92.46693420410156,
      33.24803161621094,
      33.29520797729492,
      5.3004889488220215,
      21.690576553344727,
      1.001069188117981,
      15.33939266204834,
      -0.20922109484672546
    ],
    [
      54.1277961730957,
      19.647109985351562,
      17.901185989379883,
      35.309906005859375,
      64.18489837646484,
      60.236305236816406,
      81.596435546875,
      49.842506408691406,
      103.02338409423828,
      67.80220794677734,
      80.9432373046875,
      42.931968688964844,
      44.346923828125,
      9.652355194091797,
      22.140527725219727,
      2.2870678901672363,
      6.957335472106934,
      -0.015280557796359062
    ],
    [
      45.88197708129883,
      23.148515701293945,
      1.136989951133728,
      53.485450744628906,
      37.42679214477539,
      84.34500885009766,
      57.17720031738281,
      73.4693832397461,
      67.80220794677734,
      79.96778106689453,
      101.18035125732422,
      42.697288513183594,
      43.57326889038086,
      8.172412872314453,
      24.290760040283203,
      1.7956489324569702,
      14.721818923950195,
      -0.17834685742855072
    ],
    [
      78.82209777832031,
      47.34846878051758,
      56.2158203125,
      125.57308959960938,
      72.3724365234375,
      133.90892028808594,
      55.33320617675781,
      92.46693420410156,
      80.9432373046875,
      101.18035125732422,
      209.2007293701172,
      78.1015396118164,
      120.71668243408203,
      17.3663387298584,
      63.9368782043457,
      3.6825859546661377,
      29.25469970703125,
      -0.3199930787086487
    ],
    [
      33.49983596801758,
      20.11688232421875,
      20.40651512145996,
      48.25417709350586,
      34.432220458984375,
      51.9620361328125,
      27.161827087402344,
      33.24803161621094,
      42.931968688964844,
      42.697288513183594,
      78.1015396118164,
      45.43375778198242,
      49.46686553955078,
      10.908499717712402,
      25.160667419433594,
      2.408114433288574,
      9.277832984924316,
      -0.09072662889957428
    ],
    [
      46.90100860595703,
      30.439462661743164,
      53.48725128173828,
      81.61457824707031,
      47.60454559326172,
      66.31204223632812,
      15.967072486877441,
      33.29520797729492,
      44.346923828125,
      43.57326889038086,
      120.71668243408203,
      49.46686553955078,
      92.74072265625,
      12.614534378051758,
      48.10762023925781,
      2.919987916946411,
      16.348209381103516,
      -0.13582317531108856
    ],
    [
      5.83204984664917,
      3.6987762451171875,
      3.879391670227051,
      9.633443832397461,
      8.892899513244629,
      10.038016319274902,
      4.879787921905518,
      5.3004889488220215,
      9.652355194091797,
      8.172412872314453,
      17.3663387298584,
      10.908499717712402,
      12.614534378051758,
      3.832441568374634,
      7.341305732727051,
      0.9051720499992371,
      2.1059350967407227,
      -0.013645288534462452
    ],
    [
      18.15537452697754,
      13.144111633300781,
      18.82486343383789,
      38.550621032714844,
      23.62996482849121,
      35.43540573120117,
      8.71770191192627,
      21.690576553344727,
      22.140527725219727,
      24.290760040283203,
      63.9368782043457,
      25.160667419433594,
      48.10762023925781,
      7.341305732727051,
      32.4328498840332,
      1.777669072151184,
      11.032586097717285,
      -0.07672826200723648
    ],
    [
      1.017611026763916,
      0.6622418165206909,
      0.5225251317024231,
      1.974380373954773,
      2.0840585231781006,
      2.0009562969207764,
      0.7440844178199768,
      1.001069188117981,
      2.2870678901672363,
      1.7956489324569702,
      3.6825859546661377,
      2.408114433288574,
      2.919987916946411,
      0.9051720499992371,
      1.777669072151184,
      0.31144243478775024,
      0.39572879672050476,
      -0.00230952980928123
    ],
    [
      7.2987847328186035,
      6.02028751373291,
      4.009103775024414,
      16.700653076171875,
      6.75278902053833,
      19.876766204833984,
      5.207120895385742,
      15.33939266204834,
      6.957335472106934,
      14.721818923950195,
      29.25469970703125,
      9.277832984924316,
      16.348209381103516,
      2.1059350967407227,
      11.032586097717285,
      0.39572879672050476,
      6.141476631164551,
      -0.05219549313187599
    ],
    [
      -0.10858915746212006,
      -0.06527120620012283,
      0.0014050109311938286,
      -0.19270585477352142,
      -0.01904452033340931,
      -0.24362532794475555,
      -0.00722230039536953,
      -0.20922109484672546,
      -0.015280557796359062,
      -0.17834685742855072,
      -0.3199930787086487,
      -0.09072662889957428,
      -0.13582317531108856,
      -0.013645288534462452,
      -0.07672826200723648,
      -0.00230952980928123,
      -0.05219549313187599,
      0.0020199427381157875
    ]
  ],
  "damage": -11.681256294250488,
  "diff_bandwidth": 798.2289428710938,
  "dissonance": 4.13588097600773,
  "drr": 1.6730072498321533,
  "dynamics": 4.557631969451904,
  "format": 1245190,
  "frames": 373696,
  "loudness": -20.8048095703125,
  "loudness_range": 14.315743446350098,
  "loudness_range_short": 14.385563850402832,
  "lowpass_true_peak_15khz": -4.092761993408203,
  "mastering3_acoustic_entropies": [
    {
      "acoustic_entropy": 7.411866188049316,
      "acoustic_entropy_mono": 7.406777381896973,
      "band_eliminated_acoustic_entropies": [
        {
          "acoustic_entropy": 7.411182880401611,
          "acoustic_entropy_side": 7.411866188049316,
          "hz": 129.47220167065723
        },
        {
          "acoustic_entropy": 7.426630973815918,
          "acoustic_entropy_side": 7.411864280700684,
          "hz": 202.92927478742237
        },
        {
          "acoustic_entropy": 7.654351711273193,
          "acoustic_entropy_side": 7.411938667297363,
          "hz": 282.89161906338205
        },
        {
          "acoustic_entropy": 7.560105800628662,
          "acoustic_entropy_side": 7.412117958068848,
          "hz": 369.9353335868758
        },
        {
          "acoustic_entropy": 7.40008020401001,
          "acoustic_entropy_side": 7.411861896514893,
          "hz": 464.6875360973435
        },
        {
          "acoustic_entropy": 7.237860679626465,
          "acoustic_entropy_side": 7.411334037780762,
          "hz": 567.8308811364784
        },
        {
          "acoustic_entropy": 7.795830726623535,
          "acoustic_entropy_side": 7.407729625701904,
          "hz": 680.1084783214808
        },
        {
          "acoustic_entropy": 7.554140567779541,
          "acoustic_entropy_side": 7.411380290985107,
          "hz": 802.3292461747484
        },
        {
          "acoustic_entropy": 6.774709224700928,
          "acoustic_entropy_side": 7.411813735961914,
          "hz": 935.3737400823702
        },
        {
          "acoustic_entropy": 7.6035966873168945,
          "acoustic_entropy_side": 7.411861419677734,
          "hz": 1080.2004963696966
        },
        {
          "acoustic_entropy": 7.621912956237793,
          "acoustic_entropy_side": 7.4117913246154785,
          "hz": 1237.8529382007157
        },
        {
          "acoustic_entropy": 6.713037490844727,
          "acoustic_entropy_side": 7.411279201507568,
          "hz": 1409.4668930556702
        },
        {
          "acoustic_entropy": 7.435833930969238,
          "acoustic_entropy_side": 7.411771774291992,
          "hz": 1596.2787759475705
        },
        {
          "acoustic_entropy": 7.581174850463867,
          "acoustic_entropy_side": 7.411572456359863,
          "hz": 1799.6344973346393
        },
        {
          "acoustic_entropy": 7.5493245124816895,
          "acoustic_entropy_side": 7.410221576690674,
          "hz": 2020.9991599069049
        },
        {
          "acoustic_entropy": 7.306087017059326,
          "acoustic_entropy_side": 7.411847114562988,
          "hz": 2261.9676141086993
        },
        {
          "acoustic_entropy": 7.417757511138916,
          "acoustic_entropy_side": 7.411859035491943,
          "hz": 2524.2759484456974
        },
        {
          "acoustic_entropy": 7.361417770385742,
          "acoustic_entropy_side": 7.411794662475586,
          "hz": 2809.813997359896
        },
        {
          "acoustic_entropy": 7.289155960083008,
          "acoustic_entropy_side": 7.411804676055908,
          "hz": 3120.6389567871424
        },
        {
          "acoustic_entropy": 7.139976501464844,
          "acoustic_entropy_side": 7.411862373352051,
          "hz": 3458.990205492291
        },
        {
          "acoustic_entropy": 7.354700565338135,
          "acoustic_entropy_side": 7.411867618560791,
          "hz": 3827.305438964164
        },
        {
          "acoustic_entropy": 7.326067924499512,
          "acoustic_entropy_side": 7.411863327026367,
          "hz": 4228.238232109126
        },
        {
          "acoustic_entropy": 7.311221599578857,
          "acoustic_entropy_side": 7.411867618560791,
          "hz": 4664.6771572759235
        },
        {
          "acoustic_entropy": 7.385807991027832,
          "acoustic_entropy_side": 7.411866188049316,
          "hz": 5139.766595350093
        },
        {
          "acoustic_entropy": 7.351963996887207,
          "acoustic_entropy_side": 7.411866188049316,
          "hz": 5656.929389854203
        },
        {
          "acoustic_entropy": 7.392068386077881,
          "acoustic_entropy_side": 7.411866188049316,
          "hz": 6219.891507268283
        },
        {
          "acoustic_entropy": 7.404189109802246,
          "acoustic_entropy_side": 7.411866188049316,
          "hz": 6832.70888123896
        },
        {
          "acoustic_entropy": 7.403383255004883,
          "acoustic_entropy_side": 7.411866188049316,
          "hz": 7499.796634079867
        },
        {
          "acoustic_entropy": 7.403189659118652,
          "acoustic_entropy_side": 7.411866188049316,
          "hz": 8225.96088609342
        },
        {
          "acoustic_entropy": 7.403834819793701,
          "acoustic_entropy_side": 7.411866188049316,
          "hz": 9016.43338188839
        },
        {
          "acoustic_entropy": 7.407883644104004,
          "acoustic_entropy_side": 7.411866188049316,
          "hz": 9876.909183162974
        },
        {
          "acoustic_entropy": 7.411595821380615,
          "acoustic_entropy_side": 7.411866188049316,
          "hz": 10813.587699516042
        },
        {
          "acoustic_entropy": 7.411737442016602,
          "acoustic_entropy_side": 7.411866188049316,
          "hz": 11833.21735289826
        },
        {
          "acoustic_entropy": 7.41174840927124,
          "acoustic_entropy_side": 7.411866188049316,
          "hz": 12943.144197493959
        },
        {
          "acoustic_entropy": 7.411859035491943,
          "acoustic_entropy_side": 7.411866188049316,
          "hz": 14151.364845322005
        },
        {
          "acoustic_entropy": 7.411865711212158,
          "acoustic_entropy_side": 7.411866188049316,
          "hz": 15466.58407886509
        },
        {
          "acoustic_entropy": 7.411866188049316,
          "acoustic_entropy_side": 7.411866188049316,
          "hz": 16898.27756580493
        },
        {
          "acoustic_entropy": 7.411866188049316,
          "acoustic_entropy_side": 7.411866188049316,
          "hz": 18456.760127700032
        },
        {
          "acoustic_entropy": 7.411866188049316,
          "acoustic_entropy_side": 7.411866188049316,
          "hz": 20153.260054456492
        },
        {
          "acoustic_entropy": 7.411866188049316,
          "acoustic_entropy_side": 7.411866188049316,
          "hz": 22000.00000000001
        }
      ],
      "diff_acoustic_entropy": 3.9867522716522217,
      "sn": 6
    },
    {
      "acoustic_entropy": 9.910775184631348,
      "acoustic_entropy_mono": 9.851946830749512,
      "band_eliminated_acoustic_entropies": [
        {
          "acoustic_entropy": 9.909382820129395,
          "acoustic_entropy_side": 9.910775184631348,
          "hz": 129.47220167065723
        },
        {
          "acoustic_entropy": 9.881209373474121,
          "acoustic_entropy_side": 9.910780906677246,
          "hz": 202.92927478742237
        },
        {
          "acoustic_entropy": 10.102455139160156,
          "acoustic_entropy_side": 9.910634994506836,
          "hz": 282.89161906338205
        },
        {
          "acoustic_entropy": 9.844234466552734,
          "acoustic_entropy_side": 9.908370971679688,
          "hz": 369.9353335868758
        },
        {
          "acoustic_entropy": 9.971827507019043,
          "acoustic_entropy_side": 9.909770965576172,
          "hz": 464.6875360973435
        },
        {
          "acoustic_entropy": 9.833263397216797,
          "acoustic_entropy_side": 9.935115814208984,
          "hz": 567.8308811364784
        },
        {
          "acoustic_entropy": 10.172171592712402,
          "acoustic_entropy_side": 9.86815071105957,
          "hz": 680.1084783214808
        },
        {
          "acoustic_entropy": 9.999943733215332,
          "acoustic_entropy_side": 9.904608726501465,
          "hz": 802.3292461747484
        },
        {
          "acoustic_entropy": 9.167783737182617,
          "acoustic_entropy_side": 9.9064359664917,
          "hz": 935.3737400823702
        },
        {
          "acoustic_entropy": 9.953614234924316,
          "acoustic_entropy_side": 9.90920639038086,
          "hz": 1080.2004963696966
        },
        {
          "acoustic_entropy": 10.012968063354492,
          "acoustic_entropy_side": 9.911188125610352,
          "hz": 1237.8529382007157
        },
        {
          "acoustic_entropy": 9.446104049682617,
          "acoustic_entropy_side": 9.906156539916992,
          "hz": 1409.4668930556702
        },
        {
          "acoustic_entropy": 9.953858375549316,
          "acoustic_entropy_side": 9.90902042388916,
          "hz": 1596.2787759475705
        },
        {
          "acoustic_entropy": 9.945906639099121,
          "acoustic_entropy_side": 9.905170440673828,
          "hz": 1799.6344973346393
        },
        {
          "acoustic_entropy": 9.654681205749512,
          "acoustic_entropy_side": 9.881815910339355,
          "hz": 2020.9991599069049
        },
        {
          "acoustic_entropy": 9.901937484741211,
          "acoustic_entropy_side": 9.912337303161621,
          "hz": 2261.9676141086993
        },
        {
          "acoustic_entropy": 9.578348159790039,
          "acoustic_entropy_side": 9.910805702209473,
          "hz": 2524.2759484456974
        },
        {
          "acoustic_entropy": 9.661352157592773,
          "acoustic_entropy_side": 9.912128448486328,
          "hz": 2809.813997359896
        },
        {
          "acoustic_entropy": 9.84579849243164,
          "acoustic_entropy_side": 9.911826133728027,
          "hz": 3120.6389567871424
        },
        {
          "acoustic_entropy": 9.725687980651855,
          "acoustic_entropy_side": 9.911794662475586,
          "hz": 3458.990205492291
        },
        {
          "acoustic_entropy": 9.893508911132812,
          "acoustic_entropy_side": 9.911165237426758,
          "hz": 3827.305438964164
        },
        {
          "acoustic_entropy": 9.73279094696045,
          "acoustic_entropy_side": 9.910720825195312,
          "hz": 4228.238232109126
        },
        {
          "acoustic_entropy": 9.753965377807617,
          "acoustic_entropy_side": 9.910776138305664,
          "hz": 4664.6771572759235
        },
        {
          "acoustic_entropy": 9.878016471862793,
          "acoustic_entropy_side": 9.910774230957031,
          "hz": 5139.766595350093
        },
        {
          "acoustic_entropy": 9.82151985168457,
          "acoustic_entropy_side": 9.910776138305664,
          "hz": 5656.929389854203
        },
        {
          "acoustic_entropy": 9.86262321472168,
          "acoustic_entropy_side": 9.910775184631348,
          "hz": 6219.891507268283
        },
        {
          "acoustic_entropy": 9.889165878295898,
          "acoustic_entropy_side": 9.910776138305664,
          "hz": 6832.70888123896
        },
        {
          "acoustic_entropy": 9.849742889404297,
          "acoustic_entropy_side": 9.910775184631348,
          "hz": 7499.796634079867
        },
        {
          "acoustic_entropy": 9.857085227966309,
          "acoustic_entropy_side": 9.910775184631348,
          "hz": 8225.96088609342
        },
        {
          "acoustic_entropy": 9.886266708374023,
          "acoustic_entropy_side": 9.910775184631348,
          "hz": 9016.43338188839
        },
        {
          "acoustic_entropy": 9.90165901184082,
          "acoustic_entropy_side": 9.910775184631348,
          "hz": 9876.909183162974
        },
        {
          "acoustic_entropy": 9.904192924499512,
          "acoustic_entropy_side": 9.910775184631348,
          "hz": 10813.587699516042
        },
        {
          "acoustic_entropy": 9.90343189239502,
          "acoustic_entropy_side": 9.910775184631348,
          "hz": 11833.21735289826
        },
        {
          "acoustic_entropy": 9.901399612426758,
          "acoustic_entropy_side": 9.910775184631348,
          "hz": 12943.144197493959
        },
        {
          "acoustic_entropy": 9.91021728515625,
          "acoustic_entropy_side": 9.910775184631348,
          "hz": 14151.364845322005
        },
        {
          "acoustic_entropy": 9.910697937011719,
          "acoustic_entropy_side": 9.910775184631348,
          "hz": 15466.58407886509
        },
        {
          "acoustic_entropy": 9.910761833190918,
          "acoustic_entropy_side": 9.910775184631348,
          "hz": 16898.27756580493
        },
        {
          "acoustic_entropy": 9.910775184631348,
          "acoustic_entropy_side": 9.910775184631348,
          "hz": 18456.760127700032
        },
        {
          "acoustic_entropy": 9.910776138305664,
          "acoustic_entropy_side": 9.910775184631348,
          "hz": 20153.260054456492
        },
        {
          "acoustic_entropy": 9.91077709197998,
          "acoustic_entropy_side": 9.910775184631348,
          "hz": 22000.00000000001
        }
      ],
      "diff_acoustic_entropy": 6.2785797119140625,
      "sn": 12
    },
    {
      "acoustic_entropy": 13.187082290649414,
      "acoustic_entropy_mono": 13.232123374938965,
      "band_eliminated_acoustic_entropies": [
        {
          "acoustic_entropy": 13.19955825805664,
          "acoustic_entropy_side": 13.187077522277832,
          "hz": 129.47220167065723
        },
        {
          "acoustic_entropy": 13.320355415344238,
          "acoustic_entropy_side": 13.185559272766113,
          "hz": 202.92927478742237
        },
        {
          "acoustic_entropy": 13.303654670715332,
          "acoustic_entropy_side": 13.13538932800293,
          "hz": 282.89161906338205
        },
        {
          "acoustic_entropy": 12.943364143371582,
          "acoustic_entropy_side": 13.061582565307617,
          "hz": 369.9353335868758
        },
        {
          "acoustic_entropy": 13.32459831237793,
          "acoustic_entropy_side": 13.212677001953125,
          "hz": 464.6875360973435
        },
        {
          "acoustic_entropy": 13.359940528869629,
          "acoustic_entropy_side": 13.144708633422852,
          "hz": 567.8308811364784
        },
        {
          "acoustic_entropy": 13.64179515838623,
          "acoustic_entropy_side": 13.315320014953613,
          "hz": 680.1084783214808
        },
        {
          "acoustic_entropy": 13.595534324645996,
          "acoustic_entropy_side": 13.177372932434082,
          "hz": 802.3292461747484
        },
        {
          "acoustic_entropy": 12.607114791870117,
          "acoustic_entropy_side": 13.008951187133789,
          "hz": 935.3737400823702
        },
        {
          "acoustic_entropy": 13.034738540649414,
          "acoustic_entropy_side": 13.16132926940918,
          "hz": 1080.2004963696966
        },
        {
          "acoustic_entropy": 13.443171501159668,
          "acoustic_entropy_side": 13.19083023071289,
          "hz": 1237.8529382007157
        },
        {
          "acoustic_entropy": 12.500903129577637,
          "acoustic_entropy_side": 13.207276344299316,
          "hz": 1409.4668930556702
        },
        {
          "acoustic_entropy": 13.18270206451416,
          "acoustic_entropy_side": 13.192843437194824,
          "hz": 1596.2787759475705
        },
        {
          "acoustic_entropy": 13.433409690856934,
          "acoustic_entropy_side": 13.22939395904541,
          "hz": 1799.6344973346393
        },
        {
          "acoustic_entropy": 13.237859725952148,
          "acoustic_entropy_side": 13.265464782714844,
          "hz": 2020.9991599069049
        },
        {
          "acoustic_entropy": 12.878864288330078,
          "acoustic_entropy_side": 13.13736343383789,
          "hz": 2261.9676141086993
        },
        {
          "acoustic_entropy": 13.333518981933594,
          "acoustic_entropy_side": 13.230130195617676,
          "hz": 2524.2759484456974
        },
        {
          "acoustic_entropy": 13.31483268737793,
          "acoustic_entropy_side": 13.186291694641113,
          "hz": 2809.813997359896
        },
        {
          "acoustic_entropy": 13.169160842895508,
