{
  "acoustic_entropy": 48.838768005371094,
  "bands": [
    {
      "high_freq": 148.1999969482422,
      "loudness": -17.77661895751953,
      "loudness_range": 13.490079879760742,
      "mid_mean": -51.38299560546875,
      "mid_to_side_loudness": -48.46829605102539,
      "mid_to_side_loudness_range": 48.957847595214844,
      "side_mean": -69.99996948242188
    },
    {
      "high_freq": 392.3793640136719,
      "loudness": -20.188756942749023,
      "loudness_range": 11.278318405151367,
      "low_freq": 148.1999969482422,
      "mid_mean": -52.34032440185547,
      "mid_to_side_loudness": -41.94327163696289,
      "mid_to_side_loudness_range": 39.73829650878906,
      "side_mean": -69.99993896484375
    },
    {
      "high_freq": 794.6976318359375,
      "loudness": -35.584964752197266,
      "loudness_range": 12.593915939331055,
      "low_freq": 392.3793640136719,
      "mid_mean": -32.03968811035156,
      "mid_to_side_loudness": -61.61137008666992,
      "mid_to_side_loudness_range": 73.2320785522461,
      "side_mean": -69.99991607666016
    },
    {
      "high_freq": 1457.5709228515625,
      "loudness": -44.12961959838867,
      "loudness_range": 10.397994995117188,
      "low_freq": 794.6976318359375,
      "mid_mean": -40.717079162597656,
      "mid_to_side_loudness": -64.00045776367188,
      "mid_to_side_loudness_range": 47.20298767089844,
      "side_mean": -69.9998779296875
    },
    {
      "high_freq": 2549.74365234375,
      "loudness": -36.744590759277344,
      "loudness_range": 7.215721130371094,
      "low_freq": 1457.5709228515625,
      "mid_mean": -33.33316421508789,
      "mid_to_side_loudness": -67.03365325927734,
      "mid_to_side_loudness_range": 49.75143814086914,
      "side_mean": -69.9997329711914
    },
    {
      "high_freq": 4349.24462890625,
      "loudness": -40.44072341918945,
      "loudness_range": 9.019207000732422,
      "low_freq": 2549.74365234375,
      "mid_mean": -37.17680740356445,
      "mid_to_side_loudness": -64.67251586914062,
      "mid_to_side_loudness_range": 45.83639907836914,
      "side_mean": -69.9994125366211
    },
    {
      "high_freq": 7314.1640625,
      "loudness": -38.22724151611328,
      "loudness_range": 8.608287811279297,
      "low_freq": 4349.24462890625,
      "mid_mean": -34.838897705078125,
      "mid_to_side_loudness": -63.8038444519043,
      "mid_to_side_loudness_range": 54.89485168457031,
      "side_mean": -69.99827575683594
    },
    {
      "high_freq": 12199.2666015625,
      "loudness": -36.496883392333984,
      "loudness_range": 8.637054443359375,
      "low_freq": 7314.1640625,
      "mid_mean": -33.12587356567383,
      "mid_to_side_loudness": -57.077980041503906,
      "mid_to_side_loudness_range": 55.48999786376953,
      "side_mean": -69.98280334472656
    },
    {
      "loudness": -41.40575408935547,
      "loudness_range": 8.481292724609375,
      "low_freq": 12199.2666015625,
      "mid_mean": -37.86778259277344,
      "mid_to_side_loudness": -44.06772994995117,
      "mid_to_side_loudness_range": 50.04977798461914,
      "side_mean": -69.89091491699219
    }
  ],
  "bands_short": [
    {
      "high_freq": 148.1999969482422,
      "loudness": -21.853017807006836,
      "loudness_range": 26.060523986816406,
      "mid_mean": -54.760948181152344,
      "mid_to_side_loudness": -23.793292999267578,
      "mid_to_side_loudness_range": 49.208892822265625,
      "side_mean": -69.9999771118164
    },
    {
      "high_freq": 392.3793640136719,
      "loudness": -18.06227684020996,
      "loudness_range": 10.850849151611328,
      "low_freq": 148.1999969482422,
      "mid_mean": -52.97831726074219,
      "mid_to_side_loudness": -14.01574993133545,
      "mid_to_side_loudness_range": 31.215007781982422,
      "side_mean": -69.99993896484375
    },
    {
      "high_freq": 794.6976318359375,
      "loudness": -39.23800277709961,
      "loudness_range": 26.268184661865234,
      "low_freq": 392.3793640136719,
      "mid_mean": -39.78160095214844,
      "mid_to_side_loudness": -45.77656173706055,
      "mid_to_side_loudness_range": 62.264896392822266,
      "side_mean": -69.99991607666016
    },
    {
      "high_freq": 1457.5709228515625,
      "loudness": -47.1654052734375,
      "loudness_range": 32.614471435546875,
      "low_freq": 794.6976318359375,
      "mid_mean": -55.221065521240234,
      "mid_to_side_loudness": -32.992244720458984,
      "mid_to_side_loudness_range": 48.34480667114258,
      "side_mean": -69.99987030029297
    },
    {
      "high_freq": 2549.74365234375,
      "loudness": -43.408966064453125,
      "loudness_range": 30.69544792175293,
      "low_freq": 1457.5709228515625,
      "mid_mean": -44.38871383666992,
      "mid_to_side_loudness": -30.49581527709961,
      "mid_to_side_loudness_range": 65.20974731445312,
      "side_mean": -69.99974060058594
    },
    {
      "high_freq": 4349.24462890625,
      "loudness": -50.266998291015625,
      "loudness_range": 39.24989700317383,
      "low_freq": 2549.74365234375,
      "mid_mean": -56.98568344116211,
      "mid_to_side_loudness": -27.194608688354492,
      "mid_to_side_loudness_range": 41.631141662597656,
      "side_mean": -69.9994125366211
    },
    {
      "high_freq": 7314.1640625,
      "loudness": -49.11448669433594,
      "loudness_range": 39.58953094482422,
      "low_freq": 4349.24462890625,
      "mid_mean": -57.352054595947266,
      "mid_to_side_loudness": -24.05568504333496,
      "mid_to_side_loudness_range": 38.58525848388672,
      "side_mean": -69.99827575683594
    },
    {
      "high_freq": 12199.2666015625,
      "loudness": -49.990623474121094,
      "loudness_range": 43.68874740600586,
      "low_freq": 7314.1640625,
      "mid_mean": -59.597747802734375,
      "mid_to_side_loudness": -16.06275177001953,
      "mid_to_side_loudness_range": 29.18814468383789,
      "side_mean": -69.9830093383789
    },
    {
      "loudness": -51.35884094238281,
      "loudness_range": 38.74618148803711,
      "low_freq": 12199.2666015625,
      "mid_mean": -62.47653579711914,
      "mid_to_side_loudness": -7.197319030761719,
      "mid_to_side_loudness_range": 21.168752670288086,
      "side_mean": -69.89105224609375
    }
  ],
  "bandwidth": 238.8493194580078,
  "channels": 2,
  "covariance": [
    [
      625.7742309570312,
      -0.00044465679093264043,
      596.8540649414062,
      -0.0009163698996417224,
      72.99576568603516,
      -0.0012824877630919218,
      50.2398567199707,
      -0.0018274226458743215,
      24.9378604888916,
      -0.0043235351331532,
      30.284133911132812,
      -0.009025229141116142,
      21.45564842224121,
      -0.018721096217632294,
      14.588515281677246,
      0.08893055468797684,
      10.126433372497559,
      0.670362651348114
    ],
    [
      -0.00044465679093264043,
      2.6944910747062067e-09,
      -0.00042899695108644664,
      2.5053932262153467e-09,
      -6.894583202665672e-05,
      5.8164544292083065e-09,
      -5.0630158511921763e-05,
      5.6781725987775644e-09,
      -5.09066267113667e-05,
      2.3131232040896066e-08,
      -3.984228169429116e-05,
      3.770562884142237e-08,
      -2.5985447791754268e-05,
      6.91226773597009e-08,
      -3.6356325381348142e-06,
      1.7536704888243548e-07,
      5.463722914100799e-07,
      6.004348165333795e-07
    ],
    [
      596.8540649414062,
      -0.00042899695108644664,
      577.2299194335938,
      -0.000886772817466408,
      71.70994567871094,
      -0.0012340181274339557,
      48.589385986328125,
      -0.0017663105390965939,
      23.59796142578125,
      -0.004152043256908655,
      29.65765380859375,
      -0.008692614734172821,
      20.723684310913086,
      -0.01813042350113392,
      13.17077922821045,
      0.08519059419631958,
      8.90485668182373,
      0.6392911672592163
    ],
    [
      -0.0009163698996417224,
      2.5053932262153467e-09,
      -0.000886772817466408,
      7.7807316145595e-09,
      -0.00018557804287411273,
      9.483536622667543e-09,
      -0.00014825916150584817,
      1.1672946165219855e-08,
      -6.085565109970048e-05,
      3.1713319970094744e-08,
      -0.00010978421778418124,
      6.23410230105037e-08,
      -9.399167174706236e-05,
      1.4113325619291572e-07,
      -3.531656329869293e-05,
      3.801403636316536e-07,
      -3.713768455781974e-05,
      1.8255256009069853e-06
    ],
    [
      72.99576568603516,
      -6.894583202665672e-05,
      71.70994567871094,
      -0.00018557804287411273,
      27.64263153076172,
      -0.0002423862461000681,
      17.979793548583984,
      -0.00046583189396187663,
      17.964384078979492,
      -0.0010095452889800072,
      19.964635848999023,
      -0.0018793003400787711,
      16.753938674926758,
      -0.004445767495781183,
      11.32896614074707,
      -0.005024888087064028,
      8.99411678314209,
      0.01085736695677042
    ],
    [
      -0.0012824877630919218,
      5.8164544292083065e-09,
      -0.0012340181274339557,
      9.483536622667543e-09,
      -0.0002423862461000681,
      2.67049973246003e-08,
      -0.00016113094170577824,
      2.2368064733768733e-08,
      -7.651019404875115e-05,
      9.038787140980276e-08,
      -0.00013520698121283203,
      1.502173461176426e-07,
      -8.193053508875892e-05,
      2.4922363195400976e-07,
      -1.2054880244249944e-05,
      6.1760420067003e-07,
      -2.7768779546022415e-05,
      2.4288094664370874e-06
    ],
    [
      50.2398567199707,
      -5.0630158511921763e-05,
      48.589385986328125,
      -0.00014825916150584817,
      17.979793548583984,
      -0.00016113094170577824,
      20.989463806152344,
      -0.0003273027250543237,
      13.641312599182129,
      -0.0003805331070907414,
      18.522905349731445,
      -0.0010640313848853111,
      19.369190216064453,
      -0.0034209887962788343,
      12.795145034790039,
      -0.00736552570015192,
      9.93293285369873,
      -0.004329932853579521
    ],
    [
      -0.0018274226458743215,
      5.6781725987775644e-09,
      -0.0017663105390965939,
      1.1672946165219855e-08,
      -0.00046583189396187663,
      2.2368064733768733e-08,
      -0.0003273027250543237,
      4.061200797877973e-08,
      -0.0002003996487474069,
      1.2477350708195445e-07,
      -0.0003566681989468634,
      1.7189985612731107e-07,
      -0.00022787296620663255,
      3.2766692470431735e-07,
      -9.519121522316709e-05,
      9.057432066583715e-07,
      -8.992054063128307e-05,
      3.8832340578665026e-06
    ],
    [
      24.9378604888916,
      -5.09066267113667e-05,
      23.59796142578125,
      -6.085565109970048e-05,
      17.964384078979492,
      -7.651019404875115e-05,
      13.641312599182129,
      -0.0002003996487474069,
      19.932327270507812,
      -0.00039591145468875766,
      16.274494171142578,
      -0.0006383489235304296,
      14.380087852478027,
      -0.0018519419245421886,
      10.871749877929688,
      -0.009079530835151672,
      9.399819374084473,
      -0.0078066266141831875
    ],
    [
      -0.0043235351331532,
      2.3131232040896066e-08,
      -0.004152043256908655,
      3.1713319970094744e-08,
      -0.0010095452889800072,
      9.038787140980276e-08,
      -0.0003805331070907414,
      1.2477350708195445e-07,
      -0.00039591145468875766,
      5.876913178326504e-07,
      -0.0008143342565745115,
      6.709871058774297e-07,
      -0.0001401500339852646,
      1.0061698958452325e-06,
      -3.9982074667932466e-05,
      2.3453701487596845e-06,
      -9.423943265574053e-05,
      7.98186465544859e-06
    ],
    [
      30.284133911132812,
      -3.984228169429116e-05,
      29.65765380859375,
      -0.00010978421778418124,
      19.964635848999023,
      -0.00013520698121283203,
      18.522905349731445,
      -0.0003566681989468634,
      16.274494171142578,
      -0.0008143342565745115,
      22.91148567199707,
      -0.0011812876909971237,
      19.92560577392578,
      -0.002901778556406498,
      13.819510459899902,
      -0.011138677597045898,
      11.002816200256348,
      -0.02316007763147354
    ],
    [
      -0.009025229141116142,
      3.770562884142237e-08,
      -0.008692614734172821,
      6.23410230105037e-08,
      -0.0018793003400787711,
      1.502173461176426e-07,
      -0.0010640313848853111,
      1.7189985612731107e-07,
      -0.0006383489235304296,
      6.709871058774297e-07,
      -0.0011812876909971237,
      1.0750992487373878e-06,
      -0.0005082478746771812,
      1.7482263956480892e-06,
      -0.0001779515150701627,
      4.560109573503723e-06,
      -0.00026989533216692507,
      1.8893613741965964e-05
    ],
    [
      21.45564842224121,
      -2.5985447791754268e-05,
      20.723684310913086,
      -9.399167174706236e-05,
      16.753938674926758,
      -8.193053508875892e-05,
      19.369190216064453,
      -0.00022787296620663255,
      14.380087852478027,
      -0.0001401500339852646,
      19.92560577392578,
      -0.0005082478746771812,
      21.214977264404297,
      -0.002201119903475046,
      14.540005683898926,
      -0.011395002715289593,
      11.30772590637207,
      -0.028057768940925598
    ],
    [
      -0.018721096217632294,
      6.91226773597009e-08,
      -0.01813042350113392,
      1.4113325619291572e-07,
      -0.004445767495781183,
      2.4922363195400976e-07,
      -0.0034209887962788343,
      3.2766692470431735e-07,
      -0.0018519419245421886,
      1.0061698958452325e-06,
      -0.002901778556406498,
      1.7482263956480892e-06,
      -0.002201119903475046,
      3.89093793273787e-06,
      -0.0008609626675024629,
      1.2173119102953933e-05,
      -0.0008214007248170674,
      5.531583883566782e-05
    ],
    [
      14.588515281677246,
      -3.6356325381348142e-06,
      13.17077922821045,
      -3.531656329869293e-05,
      11.32896614074707,
      -1.2054880244249944e-05,
      12.795145034790039,
      -9.519121522316709e-05,
      10.871749877929688,
      -3.9982074667932466e-05,
      13.819510459899902,
      -0.0001779515150701627,
      14.540005683898926,
      -0.0008609626675024629,
      19.768173217773438,
      -0.006646494381129742,
      15.748170852661133,
      -0.0050623416900634766
    ],
    [
      0.08893055468797684,
      1.7536704888243548e-07,
      0.08519059419631958,
      3.801403636316536e-07,
      -0.005024888087064028,
      6.1760420067003e-07,
      -0.00736552570015192,
      9.057432066583715e-07,
      -0.009079530835151672,
      2.3453701487596845e-06,
      -0.011138677597045898,
      4.560109573503723e-06,
      -0.011395002715289593,
      1.2173119102953933e-05,
      -0.006646494381129742,
      0.00010931012366199866,
      -0.005018551833927631,
      0.0005839436198584735
    ],
    [
      10.126433372497559,
      5.463722914100799e-07,
      8.90485668182373,
      -3.713768455781974e-05,
      8.99411678314209,
      -2.7768779546022415e-05,
      9.93293285369873,
      -8.992054063128307e-05,
      9.399819374084473,
      -9.423943265574053e-05,
      11.002816200256348,
      -0.00026989533216692507,
      11.30772590637207,
      -0.0008214007248170674,
      15.748170852661133,
      -0.005018551833927631,
      15.718771934509277,
      -0.005982830189168453
    ],
    [
      0.670362651348114,
      6.004348165333795e-07,
      0.6392911672592163,
      1.8255256009069853e-06,
      0.01085736695677042,
      2.4288094664370874e-06,
      -0.004329932853579521,
      3.8832340578665026e-06,
      -0.0078066266141831875,
      7.98186465544859e-06,
      -0.02316007763147354,
      1.8893613741965964e-05,
      -0.028057768940925598,
      5.531583883566782e-05,
      -0.0050623416900634766,
      0.0005839436198584735,
      -0.005982830189168453,
      0.003540423698723316
    ]
  ],
  "covariance_short": [
    [
      542.7974243164062,
      -0.00032551365438848734,
      559.0735473632812,
      -0.0008667760412208736,
      197.26463317871094,
      -0.001274965237826109,
      219.48011779785156,
      -0.0019512296421453357,
      81.99517822265625,
      -0.003971865866333246,
      139.27352905273438,
      -0.008730854839086533,
      126.3445053100586,
      -0.02055680938065052,
      75.66842651367188,
      0.053763069212436676,
      53.150569915771484,
      0.4691014289855957
    ],
    [
      -0.00032551365438848734,
      7.439719063029315e-09,
      -0.00035967776784673333,
      4.635260619778592e-09,
      -0.0003843427402898669,
      1.3865863124351563e-08,
      -0.00025015411665663123,
      1.637092772455162e-08,
      -0.00032328968518413603,
      5.9447103240017896e-08,
      -0.00020937308727297932,
      9.279842316800568e-08,
      -0.00019553262973204255,
      1.7005274344228383e-07,
      -0.00014715222641825676,
      4.635922152829153e-07,
      -9.791058982955292e-05,
      1.4515264865622157e-06
    ],
    [
      559.0735473632812,
      -0.00035967776784673333,
      628.5840454101562,
      -0.0009562442428432405,
      232.7548370361328,
      -0.0014176287222653627,
      238.12362670898438,
      -0.0021788575686514378,
      88.16425323486328,
      -0.0044356281869113445,
      146.16262817382812,
      -0.009684230200946331,
      126.2594223022461,
      -0.021633276715874672,
      74.04832458496094,
      0.06923643499612808,
      50.142330169677734,
      0.5361813306808472
    ],
    [
      -0.0008667760412208736,
      4.635260619778592e-09,
      -0.0009562442428432405,
      2.5934840053309927e-08,
      -0.0012580379843711853,
      2.6483526482934394e-08,
      -0.0005795746692456305,
      4.399719344405639e-08,
      -0.0007025586091913283,
      1.0397689464980431e-07,
      -0.00048455808428116143,
      1.9199364942323882e-07,
      -0.0004506782570388168,
      4.271455509297084e-07,
      -0.00034104331280104816,
      1.4219825743566616e-06,
      -0.00023791773128323257,
      5.894215973967221e-06
    ],
    [
      197.26463317871094,
      -0.0003843427402898669,
      232.7548370361328,
      -0.0012580379843711853,
      181.32362365722656,
      -0.0021675555035471916,
      169.7707061767578,
      -0.003470842493698001,
      125.35908508300781,
      -0.006707346998155117,
      136.95631408691406,
      -0.015504099428653717,
      132.1659393310547,
      -0.03687543794512749,
      115.15912628173828,
      -0.11514947563409805,
      92.98714447021484,
      -0.44253411889076233
    ],
    [
      -0.001274965237826109,
      1.3865863124351563e-08,
      -0.0014176287222653627,
      2.6483526482934394e-08,
      -0.0021675555035471916,
      1.1055559667738635e-07,
      -0.001032926607877016,
      1.005352743277399e-07,
      -0.0013984984252601862,
      2.944505865798419e-07,
      -0.0008912892662920058,
      5.514821737051534e-07,
      -0.0008520616684108973,
      8.883839086593071e-07,
      -0.0006870192009955645,
      2.242315304101794e-06,
      -0.0004948856658302248,
      7.030106189631624e-06
    ],
    [
      219.48011779785156,
      -0.00025015411665663123,
      238.12362670898438,
      -0.0005795746692456305,
      169.7707061767578,
      -0.001032926607877016,
      224.6681671142578,
      -0.001695434213615954,
      164.81121826171875,
      -0.0036404177080839872,
      197.87767028808594,
      -0.006951931864023209,
      197.2200927734375,
      -0.016006767749786377,
      176.1715850830078,
      -0.029810629785060883,
      143.9966583251953,
      0.06485754251480103
    ],
    [
      -0.0019512296421453357,
      1.637092772455162e-08,
      -0.0021788575686514378,
      4.399719344405639e-08,
      -0.003470842493698001,
      1.005352743277399e-07,
      -0.001695434213615954,
      1.986517617069694e-07,
      -0.0022191524039953947,
      5.376152216740593e-07,
      -0.0015053122770041227,
      7.684340630476072e-07,
      -0.0014577609254047275,
      1.3573900332630728e-06,
      -0.00121838238555938,
      3.595093403419014e-06,
      -0.0008994184317998588,
      1.1451809768914245e-05
    ],
    [
      81.99517822265625,
      -0.00032328968518413603,
      88.16425323486328,
      -0.0007025586091913283,
      125.35908508300781,
      -0.0013984984252601862,
      164.81121826171875,
      -0.0022191524039953947,
      194.09840393066406,
      -0.005567787680774927,
      180.20083618164062,
      -0.010037469677627087,
      183.9727325439453,
      -0.024862350896000862,
      174.64231872558594,
      -0.1498614400625229,
      139.00381469726562,
      -0.6057594418525696
    ],
    [
      -0.003971865866333246,
      5.9447103240017896e-08,
      -0.0044356281869113445,
      1.0397689464980431e-07,
      -0.006707346998155117,
      2.944505865798419e-07,
      -0.0036404177080839872,
      5.376152216740593e-07,
      -0.005567787680774927,
      2.3122152015275788e-06,
      -0.003215240081772208,
      2.381928197792149e-06,
      -0.003116085659712553,
      3.2833679597388254e-06,
      -0.002583414549008012,
      7.315150469366927e-06,
      -0.001867129234597087,
      1.7822983863879927e-05
    ],
    [
      139.27352905273438,
      -0.00020937308727297932,
      146.16262817382812,
      -0.00048455808428116143,
      136.95631408691406,
      -0.0008912892662920058,
      197.87767028808594,
      -0.0015053122770041227,
      180.20083618164062,
      -0.003215240081772208,
      213.6899871826172,
      -0.006068921647965908,
      215.70645141601562,
      -0.01536812074482441,
      194.60101318359375,
      -0.06736894696950912,
      158.9329833984375,
      -0.10734951496124268
    ],
    [
      -0.008730854839086533,
      9.279842316800568e-08,
      -0.009684230200946331,
      1.9199364942323882e-07,
      -0.015504099428653717,
      5.514821737051534e-07,
      -0.006951931864023209,
      7.684340630476072e-07,
      -0.010037469677627087,
      2.381928197792149e-06,
      -0.006068921647965908,
      4.186055321042659e-06,
      -0.005760181229561567,
      6.457216841226909e-06,
      -0.004550276789814234,
      1.6016601875890046e-05,
      -0.0031437394209206104,
      5.099802729091607e-05
    ],
    [
      126.3445053100586,
      -0.00019553262973204255,
      126.2594223022461,
      -0.0004506782570388168,
      132.1659393310547,
      -0.0008520616684108973,
      197.2200927734375,
      -0.0014577609254047275,
      183.9727325439453,
      -0.003116085659712553,
      215.70645141601562,
      -0.005760181229561567,
      222.17767333984375,
      -0.014624212868511677,
      205.3830108642578,
      -0.07221636921167374,
      169.4310760498047,
      -0.09852100908756256
    ],
    [
      -0.02055680938065052,
      1.7005274344228383e-07,
      -0.021633276715874672,
      4.271455509297084e-07,
      -0.03687543794512749,
      8.883839086593071e-07,
      -0.016006767749786377,
      1.3573900332630728e-06,
      -0.024862350896000862,
      3.2833679597388254e-06,
      -0.01536812074482441,
      6.457216841226909e-06,
      -0.014624212868511677,
      1.5065751540532801e-05,
      -0.01140441745519638,
      4.550069570541382e-05,
      -0.0077171847224235535,
      0.00016527155821677297
    ],
    [
      75.66842651367188,
      -0.00014715222641825676,
      74.04832458496094,
      -0.00034104331280104816,
      115.15912628173828,
      -0.0006870192009955645,
      176.1715850830078,
      -0.00121838238555938,
      174.64231872558594,
      -0.002583414549008012,
      194.60101318359375,
      -0.004550276789814234,
      205.3830108642578,
      -0.01140441745519638,
      210.1888427734375,
      -0.08414498716592789,
      179.0830535888672,
      -0.1431809961795807
    ],
    [
      0.053763069212436676,
      4.635922152829153e-07,
      0.06923643499612808,
      1.4219825743566616e-06,
      -0.11514947563409805,
      2.242315304101794e-06,
      -0.029810629785060883,
      3.595093403419014e-06,
      -0.1498614400625229,
      7.315150469366927e-06,
      -0.06736894696950912,
      1.6016601875890046e-05,
      -0.07221636921167374,
      4.550069570541382e-05,
      -0.08414498716592789,
      0.0003725520509760827,
      -0.06506416201591492,
      0.0017224593320861459
    ],
    [
      53.150569915771484,
      -9.791058982955292e-05,
      50.142330169677734,
      -0.00023791773128323257,
      92.98714447021484,
      -0.0004948856658302248,
      143.9966583251953,
      -0.0008994184317998588,
      139.00381469726562,
      -0.001867129234597087,
      158.9329833984375,
      -0.0031437394209206104,
      169.4310760498047,
      -0.0077171847224235535,
      179.0830535888672,
      -0.06506416201591492,
      157.47572326660156,
      -0.09358546882867813
    ],
    [
      0.4691014289855957,
      1.4515264865622157e-06,
      0.5361813306808472,
      5.894215973967221e-06,
      -0.44253411889076233,
      7.030106189631624e-06,
      0.06485754251480103,
      1.1451809768914245e-05,
      -0.6057594418525696,
      1.7822983863879927e-05,
      -0.10734951496124268,
      5.099802729091607e-05,
      -0.09852100908756256,
      0.00016527155821677297,
      -0.1431809961795807,
      0.0017224593320861459,
      -0.09358546882867813,
      0.01154471654444933
    ]
  ],
  "damage": -7.131426811218262,
  "diff_bandwidth": 252.34213256835938,
  "dissonance": 5.14623042478441,
  "drr": 5.5526323318481445,
  "dynamics": 8.484148979187012,
  "format": 1245190,
  "frames": 829440,
  "loudness": -20.794694900512695,
  "loudness_range": 18.310640335083008,
  "loudness_range_short": 34.39664840698242,
  "lowpass_true_peak_15khz": -0.013622036203742027,
  "mastering3_acoustic_entropies": [
    {
      "acoustic_entropy": 6.616460800170898,
      "acoustic_entropy_mono": 6.616460800170898,
      "band_eliminated_acoustic_entropies": [
        {
          "acoustic_entropy": 6.496102809906006,
          "acoustic_entropy_side": 6.616460800170898,
          "hz": 129.47220167065723
        },
        {
          "acoustic_entropy": 6.752731800079346,
          "acoustic_entropy_side": 6.616460800170898,
          "hz": 202.92927478742237
        },
        {
          "acoustic_entropy": 6.471986770629883,
          "acoustic_entropy_side": 6.616460800170898,
          "hz": 282.89161906338205
        },
        {
          "acoustic_entropy": 6.665273666381836,
          "acoustic_entropy_side": 6.616460800170898,
          "hz": 369.9353335868758
        },
        {
          "acoustic_entropy": 6.652618408203125,
          "acoustic_entropy_side": 6.616460800170898,
          "hz": 464.6875360973435
        },
        {
          "acoustic_entropy": 6.349039554595947,
          "acoustic_entropy_side": 6.616460800170898,
          "hz": 567.8308811364784
        },
        {
          "acoustic_entropy": 6.634894847869873,
          "acoustic_entropy_side": 6.616460800170898,
          "hz": 680.1084783214808
        },
        {
          "acoustic_entropy": 6.663295745849609,
          "acoustic_entropy_side": 6.616460800170898,
          "hz": 802.3292461747484
        },
        {
          "acoustic_entropy": 6.635501861572266,
          "acoustic_entropy_side": 6.616460800170898,
          "hz": 935.3737400823702
        },
        {
          "acoustic_entropy": 6.614990234375,
          "acoustic_entropy_side": 6.616460800170898,
          "hz": 1080.2004963696966
        },
        {
          "acoustic_entropy": 6.61852502822876,
          "acoustic_entropy_side": 6.616460800170898,
          "hz": 1237.8529382007157
        },
        {
          "acoustic_entropy": 6.617828369140625,
          "acoustic_entropy_side": 6.616460800170898,
          "hz": 1409.4668930556702
        },
        {
          "acoustic_entropy": 6.615975856781006,
          "acoustic_entropy_side": 6.616460800170898,
          "hz": 1596.2787759475705
        },
        {
          "acoustic_entropy": 6.614829063415527,
          "acoustic_entropy_side": 6.616460800170898,
          "hz": 1799.6344973346393
        },
        {
          "acoustic_entropy": 6.227529048919678,
          "acoustic_entropy_side": 6.616460800170898,
          "hz": 2020.9991599069049
        },
        {
          "acoustic_entropy": 6.631072521209717,
          "acoustic_entropy_side": 6.616460800170898,
          "hz": 2261.9676141086993
        },
        {
          "acoustic_entropy": 6.619771957397461,
          "acoustic_entropy_side": 6.616460800170898,
          "hz": 2524.2759484456974
        },
        {
          "acoustic_entropy": 6.6157121658325195,
          "acoustic_entropy_side": 6.616460800170898,
          "hz": 2809.813997359896
        },
        {
          "acoustic_entropy": 6.613876819610596,
          "acoustic_entropy_side": 6.616460800170898,
          "hz": 3120.6389567871424
        },
        {
          "acoustic_entropy": 6.608804225921631,
          "acoustic_entropy_side": 6.616460800170898,
          "hz": 3458.990205492291
        },
        {
          "acoustic_entropy": 6.61027717590332,
          "acoustic_entropy_side": 6.616460800170898,
          "hz": 3827.305438964164
        },
        {
          "acoustic_entropy": 6.610244274139404,
          "acoustic_entropy_side": 6.616460800170898,
          "hz": 4228.238232109126
        },
        {
          "acoustic_entropy": 6.615090847015381,
          "acoustic_entropy_side": 6.616460800170898,
          "hz": 4664.6771572759235
        },
        {
          "acoustic_entropy": 6.616146087646484,
          "acoustic_entropy_side": 6.616460800170898,
          "hz": 5139.766595350093
        },
        {
          "acoustic_entropy": 6.605289936065674,
          "acoustic_entropy_side": 6.616460800170898,
          "hz": 5656.929389854203
        },
        {
          "acoustic_entropy": 6.608874320983887,
          "acoustic_entropy_side": 6.616460800170898,
          "hz": 6219.891507268283
        },
        {
          "acoustic_entropy": 6.6023478507995605,
          "acoustic_entropy_side": 6.616460800170898,
          "hz": 6832.70888123896
        },
        {
          "acoustic_entropy": 6.577791213989258,
          "acoustic_entropy_side": 6.616460800170898,
          "hz": 7499.796634079867
        },
        {
          "acoustic_entropy": 6.603384494781494,
          "acoustic_entropy_side": 6.616460800170898,
          "hz": 8225.96088609342
        },
        {
          "acoustic_entropy": 6.5704827308654785,
          "acoustic_entropy_side": 6.616460800170898,
          "hz": 9016.43338188839
        },
        {
          "acoustic_entropy": 6.5534987449646,
          "acoustic_entropy_side": 6.616460800170898,
          "hz": 9876.909183162974
        },
        {
          "acoustic_entropy": 6.604264736175537,
          "acoustic_entropy_side": 6.616460800170898,
          "hz": 10813.587699516042
        },
        {
          "acoustic_entropy": 6.591242790222168,
          "acoustic_entropy_side": 6.616460800170898,
          "hz": 11833.21735289826
        },
        {
          "acoustic_entropy": 6.595186233520508,
          "acoustic_entropy_side": 6.616460800170898,
          "hz": 12943.144197493959
        },
        {
          "acoustic_entropy": 6.561163902282715,
          "acoustic_entropy_side": 6.616460800170898,
          "hz": 14151.364845322005
        },
        {
          "acoustic_entropy": 6.596721172332764,
          "acoustic_entropy_side": 6.616460800170898,
          "hz": 15466.58407886509
        },
        {
          "acoustic_entropy": 6.615724563598633,
          "acoustic_entropy_side": 6.616460800170898,
          "hz": 16898.27756580493
        },
        {
          "acoustic_entropy": 6.616453170776367,
          "acoustic_entropy_side": 6.616460800170898,
          "hz": 18456.760127700032
        },
        {
          "acoustic_entropy": 6.61646032333374,
          "acoustic_entropy_side": 6.616460800170898,
          "hz": 20153.260054456492
        },
        {
          "acoustic_entropy": 6.616460800170898,
          "acoustic_entropy_side": 6.616460800170898,
          "hz": 22000.00000000001
        }
      ],
      "diff_acoustic_entropy": 4.622708797454834,
      "sn": 6
    },
    {
      "acoustic_entropy": 8.437233924865723,
      "acoustic_entropy_mono": 8.437233924865723,
      "band_eliminated_acoustic_entropies": [
        {
          "acoustic_entropy": 8.268823623657227,
          "acoustic_entropy_side": 8.437233924865723,
          "hz": 129.47220167065723
        },
        {
          "acoustic_entropy": 8.92315673828125,
          "acoustic_entropy_side": 8.437233924865723,
          "hz": 202.92927478742237
        },
        {
          "acoustic_entropy": 8.508369445800781,
          "acoustic_entropy_side": 8.437233924865723,
          "hz": 282.89161906338205
        },
        {
          "acoustic_entropy": 8.61725902557373,
          "acoustic_entropy_side": 8.437233924865723,
          "hz": 369.9353335868758
        },
        {
          "acoustic_entropy": 8.532114028930664,
          "acoustic_entropy_side": 8.437233924865723,
          "hz": 464.6875360973435
        },
        {
          "acoustic_entropy": 7.941089630126953,
          "acoustic_entropy_side": 8.437233924865723,
          "hz": 567.8308811364784
        },
        {
          "acoustic_entropy": 8.502386093139648,
          "acoustic_entropy_side": 8.437233924865723,
          "hz": 680.1084783214808
        },
        {
          "acoustic_entropy": 8.489081382751465,
          "acoustic_entropy_side": 8.437233924865723,
          "hz": 802.3292461747484
        },
        {
          "acoustic_entropy": 8.465653419494629,
          "acoustic_entropy_side": 8.437233924865723,
          "hz": 935.3737400823702
        },
        {
          "acoustic_entropy": 8.312826156616211,
          "acoustic_entropy_side": 8.437233924865723,
          "hz": 1080.2004963696966
        },
        {
          "acoustic_entropy": 8.489879608154297,
          "acoustic_entropy_side": 8.437233924865723,
          "hz": 1237.8529382007157
        },
        {
          "acoustic_entropy": 8.446825981140137,
          "acoustic_entropy_side": 8.437233924865723,
          "hz": 1409.4668930556702
        },
        {
          "acoustic_entropy": 8.445987701416016,
          "acoustic_entropy_side": 8.437233924865723,
          "hz": 1596.2787759475705
        },
        {
          "acoustic_entropy": 8.427338600158691,
          "acoustic_entropy_side": 8.437233924865723,
          "hz": 1799.6344973346393
        },
        {
          "acoustic_entropy": 7.790544033050537,
          "acoustic_entropy_side": 8.437233924865723,
          "hz": 2020.9991599069049
        },
        {
          "acoustic_entropy": 8.39375114440918,
          "acoustic_entropy_side": 8.437233924865723,
          "hz": 2261.9676141086993
        },
        {
          "acoustic_entropy": 8.391348838806152,
          "acoustic_entropy_side": 8.437233924865723,
          "hz": 2524.2759484456974
        },
        {
          "acoustic_entropy": 8.427762031555176,
          "acoustic_entropy_side": 8.437233924865723,
          "hz": 2809.813997359896
        },
        {
          "acoustic_entropy": 8.42308521270752,
          "acoustic_entropy_side": 8.437233924865723,
          "hz": 3120.6389567871424
        },
        {
          "acoustic_entropy": 8.380544662475586,
          "acoustic_entropy_side": 8.437233924865723,
          "hz": 3458.990205492291
        },
        {
          "acoustic_entropy": 8.373610496520996,
          "acoustic_entropy_side": 8.437233924865723,
          "hz": 3827.305438964164
        },
        {
          "acoustic_entropy": 8.391742706298828,
          "acoustic_entropy_side": 8.437233924865723,
          "hz": 4228.238232109126
        },
        {
          "acoustic_entropy": 8.379866600036621,
          "acoustic_entropy_side": 8.437233924865723,
          "hz": 4664.6771572759235
        },
        {
          "acoustic_entropy": 8.379889488220215,
          "acoustic_entropy_side": 8.437233924865723,
          "hz": 5139.766595350093
        },
        {
          "acoustic_entropy": 8.381380081176758,
          "acoustic_entropy_side": 8.437233924865723,
          "hz": 5656.929389854203
        },
        {
          "acoustic_entropy": 8.409668922424316,
          "acoustic_entropy_side": 8.437233924865723,
          "hz": 6219.891507268283
        },
        {
          "acoustic_entropy": 8.395689010620117,
          "acoustic_entropy_side": 8.437233924865723,
          "hz": 6832.70888123896
        },
        {
          "acoustic_entropy": 8.374452590942383,
          "acoustic_entropy_side": 8.437233924865723,
          "hz": 7499.796634079867
        },
        {
          "acoustic_entropy": 8.403510093688965,
          "acoustic_entropy_side": 8.437233924865723,
          "hz": 8225.96088609342
        },
        {
          "acoustic_entropy": 8.374770164489746,
          "acoustic_entropy_side": 8.437233924865723,
          "hz": 9016.43338188839
        },
        {
          "acoustic_entropy": 8.33668327331543,
          "acoustic_entropy_side": 8.437233924865723,
          "hz": 9876.909183162974
        },
        {
          "acoustic_entropy": 8.400519371032715,
          "acoustic_entropy_side": 8.437233924865723,
          "hz": 10813.587699516042
        },
        {
          "acoustic_entropy": 8.379992485046387,
          "acoustic_entropy_side": 8.437233924865723,
          "hz": 11833.21735289826
        },
        {
          "acoustic_entropy": 8.390097618103027,
          "acoustic_entropy_side": 8.437233924865723,
          "hz": 12943.144197493959
        },
        {
          "acoustic_entropy": 8.377256393432617,
          "acoustic_entropy_side": 8.437233924865723,
          "hz": 14151.364845322005
        },
        {
          "acoustic_entropy": 8.387046813964844,
          "acoustic_entropy_side": 8.437233924865723,
          "hz": 15466.58407886509
        },
        {
          "acoustic_entropy": 8.434532165527344,
          "acoustic_entropy_side": 8.437233924865723,
          "hz": 16898.27756580493
        },
        {
          "acoustic_entropy": 8.437368392944336,
          "acoustic_entropy_side": 8.437233924865723,
          "hz": 18456.760127700032
        },
        {
          "acoustic_entropy": 8.437219619750977,
          "acoustic_entropy_side": 8.437233924865723,
          "hz": 20153.260054456492
        },
        {
          "acoustic_entropy": 8.437233924865723,
          "acoustic_entropy_side": 8.437233924865723,
          "hz": 22000.00000000001
        }
      ],
      "diff_acoustic_entropy": 6.969501972198486,
      "sn": 12
    },
    {
      "acoustic_entropy": 11.184530258178711,
      "acoustic_entropy_mono": 11.184527397155762,
      "band_eliminated_acoustic_entropies": [
        {
          "acoustic_entropy": 11.33908462524414,
          "acoustic_entropy_side": 11.184530258178711,
          "hz": 129.47220167065723
        },
        {
          "acoustic_entropy": 11.187911033630371,
          "acoustic_entropy_side": 11.184530258178711,
          "hz": 202.92927478742237
        },
        {
          "acoustic_entropy": 11.148844718933105,
          "acoustic_entropy_side": 11.184530258178711,
          "hz": 282.89161906338205
        },
        {
          "acoustic_entropy": 11.455912590026855,
          "acoustic_entropy_side": 11.184530258178711,
          "hz": 369.9353335868758
        },
        {
          "acoustic_entropy": 11.349089622497559,
          "acoustic_entropy_side": 11.184530258178711,
          "hz": 464.6875360973435
        },
        {
          "acoustic_entropy": 10.943073272705078,
          "acoustic_entropy_side": 11.184530258178711,
          "hz": 567.8308811364784
        },
        {
          "acoustic_entropy": 11.578505516052246,
          "acoustic_entropy_side": 11.184530258178711,
          "hz": 680.1084783214808
        },
        {
