{
  "acoustic_entropy": 30.96384620666504,
  "bands": [
    {
      "high_freq": 148.1999969482422,
      "loudness": -15.230538368225098,
      "loudness_range": 5.286995887756348,
      "mid_mean": -50.66801071166992,
      "mid_to_side_loudness": -28.577980041503906,
      "mid_to_side_loudness_range": 52.59868240356445,
      "side_mean": -69.99999237060547
    },
    {
      "high_freq": 392.3793640136719,
      "loudness": -19.396366119384766,
      "loudness_range": 7.559244155883789,
      "low_freq": 148.1999969482422,
      "mid_mean": -52.00131607055664,
      "mid_to_side_loudness": -19.010610580444336,
      "mid_to_side_loudness_range": 44.92330551147461,
      "side_mean": -69.99996948242188
    },
    {
      "high_freq": 794.6976318359375,
      "loudness": -43.154052734375,
      "loudness_range": 19.151294708251953,
      "low_freq": 392.3793640136719,
      "mid_mean": -52.48371505737305,
      "mid_to_side_loudness": -34.339054107666016,
      "mid_to_side_loudness_range": 56.79539108276367,
      "side_mean": -69.9986343383789
    },
    {
      "high_freq": 1457.5709228515625,
      "loudness": -51.45303726196289,
      "loudness_range": 21.456233978271484,
      "low_freq": 794.6976318359375,
      "mid_mean": -58.15362548828125,
      "mid_to_side_loudness": -35.891448974609375,
      "mid_to_side_loudness_range": 57.262638092041016,
      "side_mean": -69.99945831298828
    },
    {
      "high_freq": 2549.74365234375,
      "loudness": -46.71565628051758,
      "loudness_range": 25.09478759765625,
      "low_freq": 1457.5709228515625,
      "mid_mean": -55.37730026245117,
      "mid_to_side_loudness": -39.05261993408203,
      "mid_to_side_loudness_range": 52.56775665283203,
      "side_mean": -69.99877166748047
    },
    {
      "high_freq": 4349.24462890625,
      "loudness": -49.66161346435547,
      "loudness_range": 25.43408203125,
      "low_freq": 2549.74365234375,
      "mid_mean": -57.85435104370117,
      "mid_to_side_loudness": -31.568824768066406,
      "mid_to_side_loudness_range": 55.88360595703125,
      "side_mean": -69.9980697631836
    },
    {
      "high_freq": 7314.1640625,
      "loudness": -48.18391418457031,
      "loudness_range": 26.88329315185547,
      "low_freq": 4349.24462890625,
      "mid_mean": -57.68525314331055,
      "mid_to_side_loudness": -28.354835510253906,
      "mid_to_side_loudness_range": 50.49301528930664,
      "side_mean": -69.99776458740234
    },
    {
      "high_freq": 12199.2666015625,
      "loudness": -40.54434585571289,
      "loudness_range": 14.756355285644531,
      "low_freq": 7314.1640625,
      "mid_mean": -59.470542907714844,
      "mid_to_side_loudness": -17.068750381469727,
      "mid_to_side_loudness_range": 34.11280059814453,
      "side_mean": -69.99210357666016
    },
    {
      "loudness": -44.49551773071289,
      "loudness_range": 12.55584716796875,
      "low_freq": 12199.2666015625,
      "mid_mean": -61.40273666381836,
      "mid_to_side_loudness": -6.558468341827393,
      "mid_to_side_loudness_range": 22.14177131652832,
      "side_mean": -69.97662353515625
    }
  ],
  "bands_short": [
    {
      "high_freq": 148.1999969482422,
      "loudness": -16.552371978759766,
      "loudness_range": 6.202421188354492,
      "mid_mean": -51.74684524536133,
      "mid_to_side_loudness": -26.49724769592285,
      "mid_to_side_loudness_range": 45.62388229370117,
      "side_mean": -69.99999237060547
    },
    {
      "high_freq": 392.3793640136719,
      "loudness": -17.415983200073242,
      "loudness_range": 9.237936019897461,
      "low_freq": 148.1999969482422,
      "mid_mean": -51.9566535949707,
      "mid_to_side_loudness": -16.331302642822266,
      "mid_to_side_loudness_range": 36.82814025878906,
      "side_mean": -69.99996948242188
    },
    {
      "high_freq": 794.6976318359375,
      "loudness": -44.3674430847168,
      "loudness_range": 22.152446746826172,
      "low_freq": 392.3793640136719,
      "mid_mean": -57.05885696411133,
      "mid_to_side_loudness": -28.313640594482422,
      "mid_to_side_loudness_range": 49.58357620239258,
      "side_mean": -69.99877166748047
    },
    {
      "high_freq": 1457.5709228515625,
      "loudness": -56.974639892578125,
      "loudness_range": 38.19065856933594,
      "low_freq": 794.6976318359375,
      "mid_mean": -62.99531173706055,
      "mid_to_side_loudness": -36.30695343017578,
      "mid_to_side_loudness_range": 53.33652877807617,
      "side_mean": -69.99940490722656
    },
    {
      "high_freq": 2549.74365234375,
      "loudness": -49.86144256591797,
      "loudness_range": 36.460655212402344,
      "low_freq": 1457.5709228515625,
      "mid_mean": -62.33004379272461,
      "mid_to_side_loudness": -32.821319580078125,
      "mid_to_side_loudness_range": 49.26718521118164,
      "side_mean": -69.99879455566406
    },
    {
      "high_freq": 4349.24462890625,
      "loudness": -53.99100875854492,
      "loudness_range": 38.960365295410156,
      "low_freq": 2549.74365234375,
      "mid_mean": -65.13422393798828,
      "mid_to_side_loudness": -25.89255142211914,
      "mid_to_side_loudness_range": 43.031036376953125,
      "side_mean": -69.99810028076172
    },
    {
      "high_freq": 7314.1640625,
      "loudness": -53.70375061035156,
      "loudness_range": 41.25838851928711,
      "low_freq": 4349.24462890625,
      "mid_mean": -65.29226684570312,
      "mid_to_side_loudness": -24.7407169342041,
      "mid_to_side_loudness_range": 41.30901336669922,
      "side_mean": -69.99773406982422
    },
    {
      "high_freq": 12199.2666015625,
      "loudness": -51.06832504272461,
      "loudness_range": 42.705657958984375,
      "low_freq": 7314.1640625,
      "mid_mean": -66.726806640625,
      "mid_to_side_loudness": -14.97222900390625,
      "mid_to_side_loudness_range": 28.660823822021484,
      "side_mean": -69.99219512939453
    },
    {
      "loudness": -52.26807403564453,
      "loudness_range": 37.50261688232422,
      "low_freq": 12199.2666015625,
      "mid_mean": -67.78471374511719,
      "mid_to_side_loudness": -4.267124176025391,
      "mid_to_side_loudness_range": 20.141708374023438,
      "side_mean": -69.97653198242188
    }
  ],
  "bandwidth": 176.70947265625,
  "channels": 2,
  "covariance": [
    [
      733.1730346679688,
      -0.00015093422553036362,
      682.2137451171875,
      2.9496623028535396e-05,
      253.1521453857422,
      0.04980442672967911,
      171.6846923828125,
      0.016559593379497528,
      122.47607421875,
      0.032801996916532516,
      125.66415405273438,
      0.049481768161058426,
      105.06727600097656,
      0.04765774682164192,
      22.774696350097656,
      0.18270902335643768,
      11.120828628540039,
      0.38910186290740967
    ],
    [
      -0.00015093422553036362,
      2.0128085864712375e-09,
      -0.0001408736134180799,
      1.081176370654191e-09,
      -1.750807132339105e-05,
      -6.993898349350047e-09,
      -4.2890707845799625e-05,
      -8.963360609293147e-11,
      2.3412283553625457e-05,
      9.35796506951192e-09,
      -2.7024343580706045e-05,
      9.019865743198352e-09,
      -2.5817642381298356e-05,
      8.957322883418328e-09,
      -1.533913382445462e-05,
      1.2066479371242167e-08,
      -1.7545902665005997e-05,
      1.2264942483852792e-07
    ],
    [
      682.2137451171875,
      -0.0001408736134180799,
      638.2299194335938,
      7.089196878951043e-05,
      234.5013885498047,
      0.04666151851415634,
      158.8615264892578,
      0.01495268288999796,
      111.67488861083984,
      0.029671797528862953,
      115.26930236816406,
      0.04490157216787338,
      96.31205749511719,
      0.04353275150060654,
      20.02815818786621,
      0.17061318457126617,
      9.304200172424316,
      0.36232906579971313
    ],
    [
      2.9496623028535396e-05,
      1.081176370654191e-09,
      7.089196878951043e-05,
      1.2279649297397555e-08,
      0.0001880522322608158,
      2.440356183797121e-08,
      7.027294486761093e-05,
      7.800910140076667e-09,
      0.00025877589359879494,
      3.332806741696004e-08,
      0.00012161136692157015,
      5.4378496372464724e-08,
      0.00012175586743978783,
      7.44946575537142e-08,
      0.00013228674652054906,
      1.7016623132803943e-07,
      9.771484474185854e-05,
      5.386906991589058e-07
    ],
    [
      253.1521453857422,
      -1.750807132339105e-05,
      234.5013885498047,
      0.0001880522322608158,
      251.7391357421875,
      0.022782372310757637,
      186.57933044433594,
      0.006062560714781284,
      211.87940979003906,
      0.01472381129860878,
      192.23277282714844,
      0.021271832287311554,
      197.7825927734375,
      0.023452406749129295,
      178.95909118652344,
      0.08508821576833725,
      150.5659637451172,
      0.2482081651687622
    ],
    [
      0.04980442672967911,
      -6.993898349350047e-09,
      0.04666151851415634,
      2.440356183797121e-08,
      0.022782372310757637,
      0.00017218994616996497,
      0.027089975774288177,
      1.4937201740394812e-05,
      0.021762270480394363,
      6.276779458858073e-05,
      0.021382827311754227,
      5.8575580624165013e-05,
      0.013190840370953083,
      2.470200888637919e-05,
      -0.004848421551287174,
      1.778731166268699e-05,
      -0.005493898410350084,
      3.358248432050459e-05
    ],
    [
      171.6846923828125,
      -4.2890707845799625e-05,
      158.8615264892578,
      7.027294486761093e-05,
      186.57933044433594,
      0.027089975774288177,
      153.25576782226562,
      0.005139073356986046,
      167.24317932128906,
      0.013468334451317787,
      159.9306640625,
      0.017854025587439537,
      163.610595703125,
      0.016555266454815865,
      147.94265747070312,
      0.05020071566104889,
      125.66108703613281,
      0.14912661910057068
    ],
    [
      0.016559593379497528,
      -8.963360609293147e-11,
      0.01495268288999796,
      7.800910140076667e-09,
      0.006062560714781284,
      1.4937201740394812e-05,
      0.005139073356986046,
      4.619078481482575e-06,
      0.004414121154695749,
      8.34536422189558e-06,
      0.004371273331344128,
      1.2601950402313378e-05,
      0.0028203041292726994,
      7.962485142343212e-06,
      -0.0016159063670784235,
      5.627643076877575e-06,
      -0.0017018297221511602,
      1.0965895853587426e-05
    ],
    [
      122.47607421875,
      2.3412283553625457e-05,
      111.67488861083984,
      0.00025877589359879494,
      211.87940979003906,
      0.021762270480394363,
      167.24317932128906,
      0.004414121154695749,
      222.58258056640625,
      0.012293826788663864,
      195.83944702148438,
      0.016996022313833237,
      205.797119140625,
      0.01765482872724533,
      202.4186553955078,
      0.047181569039821625,
      171.6063690185547,
      0.19584104418754578
    ],
    [
      0.032801996916532516,
      9.35796506951192e-09,
      0.029671797528862953,
      3.332806741696004e-08,
      0.01472381129860878,
      6.276779458858073e-05,
      0.013468334451317787,
      8.34536422189558e-06,
      0.012293826788663864,
      2.6686842829803936e-05,
      0.010870632715523243,
      2.8811995434807613e-05,
      0.006928917486220598,
      1.4869026017549913e-05,
      -0.002954003633931279,
      1.2016824257443659e-05,
      -0.0033965702168643475,
      2.7135411073686555e-05
    ],
    [
      125.66415405273438,
      -2.7024343580706045e-05,
      115.26930236816406,
      0.00012161136692157015,
      192.23277282714844,
      0.021382827311754227,
      159.9306640625,
      0.004371273331344128,
      195.83944702148438,
      0.010870632715523243,
      185.42645263671875,
      0.015248571522533894,
      193.1488800048828,
      0.014832749962806702,
      185.50161743164062,
      0.037132665514945984,
      158.0574951171875,
      0.14167773723602295
    ],
    [
      0.049481768161058426,
      9.019865743198352e-09,
      0.04490157216787338,
      5.4378496372464724e-08,
      0.021271832287311554,
      5.8575580624165013e-05,
      0.017854025587439537,
      1.2601950402313378e-05,
      0.016996022313833237,
      2.8811995434807613e-05,
      0.015248571522533894,
      3.836821633740328e-05,
      0.0105979535728693,
      2.27489581448026e-05,
      -0.003162123030051589,
      1.820327088353224e-05,
      -0.003895626636222005,
      4.159199306741357e-05
    ],
    [
      105.06727600097656,
      -2.5817642381298356e-05,
      96.31205749511719,
      0.00012175586743978783,
      197.7825927734375,
      0.013190840370953083,
      163.610595703125,
      0.0028203041292726994,
      205.797119140625,
      0.006928917486220598,
      193.1488800048828,
      0.0105979535728693,
      206.15121459960938,
      0.011959969066083431,
      207.24647521972656,
      0.030946096405386925,
      177.70350646972656,
      0.13526397943496704
    ],
    [
      0.04765774682164192,
      8.957322883418328e-09,
      0.04353275150060654,
      7.44946575537142e-08,
      0.023452406749129295,
      2.470200888637919e-05,
      0.016555266454815865,
      7.962485142343212e-06,
      0.01765482872724533,
      1.4869026017549913e-05,
      0.014832749962806702,
      2.27489581448026e-05,
      0.011959969066083431,
      1.5630190318915993e-05,
      0.002152636181563139,
      1.825602703320328e-05,
      0.0007541754166595638,
      4.49463477707468e-05
    ],
    [
      22.774696350097656,
      -1.533913382445462e-05,
      20.02815818786621,
      0.00013228674652054906,
      178.95909118652344,
      -0.004848421551287174,
      147.94265747070312,
      -0.0016159063670784235,
      202.4186553955078,
      -0.002954003633931279,
      185.50161743164062,
      -0.003162123030051589,
      207.24647521972656,
      0.002152636181563139,
      237.24649047851562,
      0.0073289875872433186,
      206.73211669921875,
      0.08718924224376678
    ],
    [
      0.18270902335643768,
      1.2066479371242167e-08,
      0.17061318457126617,
      1.7016623132803943e-07,
      0.08508821576833725,
      1.778731166268699e-05,
      0.05020071566104889,
      5.627643076877575e-06,
      0.047181569039821625,
      1.2016824257443659e-05,
      0.037132665514945984,
      1.820327088353224e-05,
      0.030946096405386925,
      1.825602703320328e-05,
      0.0073289875872433186,
      7.29444800526835e-05,
      0.002325145062059164,
      0.00017467225552536547
    ],
    [
      11.120828628540039,
      -1.7545902665005997e-05,
      9.304200172424316,
      9.771484474185854e-05,
      150.5659637451172,
      -0.005493898410350084,
      125.66108703613281,
      -0.0017018297221511602,
      171.6063690185547,
      -0.0033965702168643475,
      158.0574951171875,
      -0.003895626636222005,
      177.70350646972656,
      0.0007541754166595638,
      206.73211669921875,
      0.002325145062059164,
      181.50755310058594,
      0.06182766705751419
    ],
    [
      0.38910186290740967,
      1.2264942483852792e-07,
      0.36232906579971313,
      5.386906991589058e-07,
      0.2482081651687622,
      3.358248432050459e-05,
      0.14912661910057068,
      1.0965895853587426e-05,
      0.19584104418754578,
      2.7135411073686555e-05,
      0.14167773723602295,
      4.159199306741357e-05,
      0.13526397943496704,
      4.49463477707468e-05,
      0.08718924224376678,
      0.00017467225552536547,
      0.06182766705751419,
      0.0006267711869440973
    ]
  ],
  "covariance_short": [
    [
      700.2534790039062,
      -0.00010479338379809633,
      689.3628540039062,
      -0.0002212789113400504,
      313.0251770019531,
      0.040543653070926666,
      159.73898315429688,
      0.01642622984945774,
      81.23809814453125,
      0.02968636527657509,
      68.67723083496094,
      0.04333321377635002,
      60.365760803222656,
      0.044388312846422195,
      16.613832473754883,
      0.1749596893787384,
      7.063177108764648,
      0.380042165517807
    ],
    [
      -0.00010479338379809633,
      4.573434519983266e-09,
      -0.00010356774146202952,
      1.683260753004845e-09,
      -5.491307092597708e-05,
      -3.2310603081953104e-09,
      -3.666996053652838e-05,
      1.4182941487916878e-09,
      -1.794596391846426e-05,
      1.1691349222076042e-08,
      -2.4945147742982954e-05,
      1.7777935568119574e-08,
      -2.378343924647197e-05,
      1.6347728504229053e-08,
      -1.5959178199409507e-05,
      2.149987565758238e-08,
      -1.0847999874386005e-05,
      8.916732952002349e-08
    ],
    [
      689.3628540039062,
      -0.00010356774146202952,
      683.1588745117188,
      -0.00021536272834055126,
      311.3199768066406,
      0.03620099276304245,
      157.54612731933594,
      0.015079112723469734,
      78.92867279052734,
      0.02684364654123783,
      66.81584930419922,
      0.03988218307495117,
      59.324581146240234,
      0.04173300787806511,
      17.716798782348633,
      0.17293594777584076,
      8.26699447631836,
      0.3755597770214081
    ],
    [
      -0.0002212789113400504,
      1.683260753004845e-09,
      -0.00021536272834055126,
      3.5284372756905213e-08,
      4.153502231929451e-05,
      6.818213904580261e-08,
      -2.368744753766805e-05,
      3.4038560414728636e-08,
      0.0001483703381381929,
      1.0780890136175003e-07,
      1.4733008129041991e-06,
      1.7163110044293717e-07,
      8.109946065815166e-06,
      1.8625540576522326e-07,
      2.2692440325045027e-05,
      3.512350019718724e-07,
      2.0119730834267102e-05,
      7.397314902846119e-07
    ],
    [
      313.0251770019531,
      -5.491307092597708e-05,
      311.3199768066406,
      4.153502231929451e-05,
      232.6598663330078,
      0.026160497218370438,
      144.51768493652344,
      0.008659827522933483,
      136.32388305664062,
      0.01693156361579895,
      100.99710083007812,
      0.0237201526761055,
      98.17866516113281,
      0.025677962228655815,
      72.87915802001953,
      0.09087494760751724,
      52.94163131713867,
      0.24088676273822784
    ],
    [
      0.040543653070926666,
      -3.2310603081953104e-09,
      0.03620099276304245,
      6.818213904580261e-08,
      0.026160497218370438,
      0.000755199056584388,
      0.03163131698966026,
      9.83022473519668e-05,
      0.020778389647603035,
      0.0002717030583880842,
      0.02090507559478283,
      0.00024294608738273382,
      0.016239101067185402,
      0.0001174300123238936,
      -0.000140731965075247,
      1.3693505025003105e-05,
      -0.0016568624414503574,
      1.4185622603690717e-05
    ],
    [
      159.73898315429688,
      -3.666996053652838e-05,
      157.54612731933594,
      -2.368744753766805e-05,
      144.51768493652344,
      0.03163131698966026,
      120.23246765136719,
      0.008220484480261803,
      110.38079833984375,
      0.016010889783501625,
      93.85897064208984,
      0.02126171626150608,
      90.71086120605469,
      0.017618607729673386,
      70.40131378173828,
      0.038540247827768326,
      54.91985321044922,
      0.1003546267747879
    ],
    [
      0.01642622984945774,
      1.4182941487916878e-09,
      0.015079112723469734,
      3.4038560414728636e-08,
      0.008659827522933483,
      9.83022473519668e-05,
      0.008220484480261803,
      2.792564919218421e-05,
      0.006267324090003967,
      4.8437290388392285e-05,
      0.0061547537334263325,
      6.240369839360937e-05,
      0.005276585929095745,
      3.9731232391204685e-05,
      -6.857053085695952e-05,
      5.494431661645649e-06,
      -0.0004872180288657546,
      1.0959673090837896e-05
    ],
    [
      81.23809814453125,
      -1.794596391846426e-05,
      78.92867279052734,
      0.0001483703381381929,
      136.32388305664062,
      0.020778389647603035,
      110.38079833984375,
      0.006267324090003967,
      161.50778198242188,
      0.012732179835438728,
      115.98261260986328,
      0.01821650005877018,
      113.6019058227539,
      0.016453418880701065,
      94.21416473388672,
      0.02457573637366295,
      69.57231140136719,
      0.13538847863674164
    ],
    [
      0.02968636527657509,
      1.1691349222076042e-08,
      0.02684364654123783,
      1.0780890136175003e-07,
      0.01693156361579895,
      0.0002717030583880842,
      0.016010889783501625,
      4.8437290388392285e-05,
      0.012732179835438728,
      0.00011655445268843323,
      0.011337037198245525,
      0.00012016907567158341,
      0.0093041667714715,
      6.671310256933793e-05,
      -0.00013200069952290505,
      1.1813417586381547e-05,
      -0.0010827404912561178,
      1.951290323631838e-05
    ],
    [
      68.67723083496094,
      -2.4945147742982954e-05,
      66.81584930419922,
      1.4733008129041991e-06,
      100.99710083007812,
      0.02090507559478283,
      93.85897064208984,
      0.0061547537334263325,
      115.98261260986328,
      0.011337037198245525,
      100.27568054199219,
      0.016135545447468758,
      98.04507446289062,
      0.012671604752540588,
      80.32697296142578,
      0.009939544834196568,
      62.215396881103516,
      0.05441023409366608
    ],
    [
      0.04333321377635002,
      1.7777935568119574e-08,
      0.03988218307495117,
      1.7163110044293717e-07,
      0.0237201526761055,
      0.00024294608738273382,
      0.02126171626150608,
      6.240369839360937e-05,
      0.01821650005877018,
      0.00012016907567158341,
      0.016135545447468758,
      0.00015585109940730035,
      0.014013879001140594,
      9.518075967207551e-05,
      0.0006744216661900282,
      1.7561471395310946e-05,
      -0.0007605882710777223,
      3.9428126910934225e-05
    ],
    [
      60.365760803222656,
      -2.378343924647197e-05,
      59.324581146240234,
      8.109946065815166e-06,
      98.17866516113281,
      0.016239101067185402,
      90.71086120605469,
      0.005276585929095745,
      113.6019058227539,
      0.0093041667714715,
      98.04507446289062,
      0.014013879001140594,
      98.44668579101562,
      0.011296555399894714,
      83.74774932861328,
      0.008323893882334232,
      65.69994354248047,
      0.0536181814968586
    ],
    [
      0.044388312846422195,
      1.6347728504229053e-08,
      0.04173300787806511,
      1.8625540576522326e-07,
      0.025677962228655815,
      0.0001174300123238936,
      0.017618607729673386,
      3.9731232391204685e-05,
      0.016453418880701065,
      6.671310256933793e-05,
      0.012671604752540588,
      9.518075967207551e-05,
      0.011296555399894714,
      6.842178845545277e-05,
      0.001979139633476734,
      1.9168657672707923e-05,
      0.0005155927501618862,
      4.798493682756089e-05
    ],
    [
      16.613832473754883,
      -1.5959178199409507e-05,
      17.716798782348633,
      2.2692440325045027e-05,
      72.87915802001953,
      -0.000140731965075247,
      70.40131378173828,
      -6.857053085695952e-05,
      94.21416473388672,
      -0.00013200069952290505,
      80.32697296142578,
      0.0006744216661900282,
      83.74774932861328,
      0.001979139633476734,
      82.5993881225586,
      -0.0014832073356956244,
      67.40972900390625,
      0.029108311980962753
    ],
    [
      0.1749596893787384,
      2.149987565758238e-08,
      0.17293594777584076,
      3.512350019718724e-07,
      0.09087494760751724,
      1.3693505025003105e-05,
      0.038540247827768326,
      5.494431661645649e-06,
      0.02457573637366295,
      1.1813417586381547e-05,
      0.009939544834196568,
      1.7561471395310946e-05,
      0.008323893882334232,
      1.9168657672707923e-05,
      -0.0014832073356956244,
      0.0001108094584196806,
      -0.002918875077739358,
      0.0002524734300095588
    ],
    [
      7.063177108764648,
      -1.0847999874386005e-05,
      8.26699447631836,
      2.0119730834267102e-05,
      52.94163131713867,
      -0.0016568624414503574,
      54.91985321044922,
      -0.0004872180288657546,
      69.57231140136719,
      -0.0010827404912561178,
      62.215396881103516,
      -0.0007605882710777223,
      65.69994354248047,
      0.0005155927501618862,
      67.40972900390625,
      -0.002918875077739358,
      56.99626159667969,
      0.014700173400342464
    ],
    [
      0.380042165517807,
      8.916732952002349e-08,
      0.3755597770214081,
      7.397314902846119e-07,
      0.24088676273822784,
      1.4185622603690717e-05,
      0.1003546267747879,
      1.0959673090837896e-05,
      0.13538847863674164,
      1.951290323631838e-05,
      0.05441023409366608,
      3.9428126910934225e-05,
      0.0536181814968586,
      4.798493682756089e-05,
      0.029108311980962753,
      0.0002524734300095588,
      0.014700173400342464,
      0.0011792811565101147
    ]
  ],
  "damage": -5.927674293518066,
  "diff_bandwidth": 192.9061737060547,
  "dissonance": 2.1028305367645124,
  "drr": 0.6468179821968079,
  "dynamics": 8.995207786560059,
  "format": 1245190,
  "frames": 1654784,
  "loudness": -17.47988510131836,
  "loudness_range": 19.85414695739746,
  "loudness_range_short": 22.619239807128906,
  "lowpass_true_peak_15khz": 0.0003116614534519613,
  "mastering3_acoustic_entropies": [
    {
      "acoustic_entropy": 5.775886058807373,
      "acoustic_entropy_mono": 5.775886058807373,
      "band_eliminated_acoustic_entropies": [
        {
          "acoustic_entropy": 5.666937351226807,
          "acoustic_entropy_side": 5.775886058807373,
          "hz": 129.47220167065723
        },
        {
          "acoustic_entropy": 5.48374080657959,
          "acoustic_entropy_side": 5.775886058807373,
          "hz": 202.92927478742237
        },
        {
          "acoustic_entropy": 5.925535202026367,
          "acoustic_entropy_side": 5.775886058807373,
          "hz": 282.89161906338205
        },
        {
          "acoustic_entropy": 5.834901809692383,
          "acoustic_entropy_side": 5.775886058807373,
          "hz": 369.9353335868758
        },
        {
          "acoustic_entropy": 5.726783275604248,
          "acoustic_entropy_side": 5.775886058807373,
          "hz": 464.6875360973435
        },
        {
          "acoustic_entropy": 5.745713710784912,
          "acoustic_entropy_side": 5.775886058807373,
          "hz": 567.8308811364784
        },
        {
          "acoustic_entropy": 5.777576446533203,
          "acoustic_entropy_side": 5.775886058807373,
          "hz": 680.1084783214808
        },
        {
          "acoustic_entropy": 5.789233207702637,
          "acoustic_entropy_side": 5.775886058807373,
          "hz": 802.3292461747484
        },
        {
          "acoustic_entropy": 5.780278205871582,
          "acoustic_entropy_side": 5.775886058807373,
          "hz": 935.3737400823702
        },
        {
          "acoustic_entropy": 5.761204719543457,
          "acoustic_entropy_side": 5.775886058807373,
          "hz": 1080.2004963696966
        },
        {
          "acoustic_entropy": 5.76666259765625,
          "acoustic_entropy_side": 5.775886058807373,
          "hz": 1237.8529382007157
        },
        {
          "acoustic_entropy": 5.774286270141602,
          "acoustic_entropy_side": 5.775886058807373,
          "hz": 1409.4668930556702
        },
        {
          "acoustic_entropy": 5.775584697723389,
          "acoustic_entropy_side": 5.775886058807373,
          "hz": 1596.2787759475705
        },
        {
          "acoustic_entropy": 5.777517318725586,
          "acoustic_entropy_side": 5.775886058807373,
          "hz": 1799.6344973346393
        },
        {
          "acoustic_entropy": 5.735123634338379,
          "acoustic_entropy_side": 5.775886058807373,
          "hz": 2020.9991599069049
        },
        {
          "acoustic_entropy": 5.7830681800842285,
          "acoustic_entropy_side": 5.775886058807373,
          "hz": 2261.9676141086993
        },
        {
          "acoustic_entropy": 5.773288726806641,
          "acoustic_entropy_side": 5.775886058807373,
          "hz": 2524.2759484456974
        },
        {
          "acoustic_entropy": 5.760296821594238,
          "acoustic_entropy_side": 5.775886058807373,
          "hz": 2809.813997359896
        },
        {
          "acoustic_entropy": 5.751458644866943,
          "acoustic_entropy_side": 5.775886058807373,
          "hz": 3120.6389567871424
        },
        {
          "acoustic_entropy": 5.7753825187683105,
          "acoustic_entropy_side": 5.775886058807373,
          "hz": 3458.990205492291
        },
        {
          "acoustic_entropy": 5.770268440246582,
          "acoustic_entropy_side": 5.775886058807373,
          "hz": 3827.305438964164
        },
        {
          "acoustic_entropy": 5.767729759216309,
          "acoustic_entropy_side": 5.775886058807373,
          "hz": 4228.238232109126
        },
        {
          "acoustic_entropy": 5.769979476928711,
          "acoustic_entropy_side": 5.775886058807373,
          "hz": 4664.6771572759235
        },
        {
          "acoustic_entropy": 5.772458076477051,
          "acoustic_entropy_side": 5.775886058807373,
          "hz": 5139.766595350093
        },
        {
          "acoustic_entropy": 5.770688056945801,
          "acoustic_entropy_side": 5.775886058807373,
          "hz": 5656.929389854203
        },
        {
          "acoustic_entropy": 5.76865816116333,
          "acoustic_entropy_side": 5.775886058807373,
          "hz": 6219.891507268283
        },
        {
          "acoustic_entropy": 5.77402400970459,
          "acoustic_entropy_side": 5.775886058807373,
          "hz": 6832.70888123896
        },
        {
          "acoustic_entropy": 5.77397346496582,
          "acoustic_entropy_side": 5.775886058807373,
          "hz": 7499.796634079867
        },
        {
          "acoustic_entropy": 5.77393913269043,
          "acoustic_entropy_side": 5.775886058807373,
          "hz": 8225.96088609342
        },
        {
          "acoustic_entropy": 5.750235557556152,
          "acoustic_entropy_side": 5.775886058807373,
          "hz": 9016.43338188839
        },
        {
          "acoustic_entropy": 5.639350414276123,
          "acoustic_entropy_side": 5.775886058807373,
          "hz": 9876.909183162974
        },
        {
          "acoustic_entropy": 5.7692060470581055,
          "acoustic_entropy_side": 5.775886058807373,
          "hz": 10813.587699516042
        },
        {
          "acoustic_entropy": 5.772752285003662,
          "acoustic_entropy_side": 5.775886058807373,
          "hz": 11833.21735289826
        },
        {
          "acoustic_entropy": 5.773833751678467,
          "acoustic_entropy_side": 5.775886058807373,
          "hz": 12943.144197493959
        },
        {
          "acoustic_entropy": 5.773154258728027,
          "acoustic_entropy_side": 5.775886058807373,
          "hz": 14151.364845322005
        },
        {
          "acoustic_entropy": 5.7736358642578125,
          "acoustic_entropy_side": 5.775886058807373,
          "hz": 15466.58407886509
        },
        {
          "acoustic_entropy": 5.775816440582275,
          "acoustic_entropy_side": 5.775886058807373,
          "hz": 16898.27756580493
        },
        {
          "acoustic_entropy": 5.775885581970215,
          "acoustic_entropy_side": 5.775886058807373,
          "hz": 18456.760127700032
        },
        {
          "acoustic_entropy": 5.775886058807373,
          "acoustic_entropy_side": 5.775886058807373,
          "hz": 20153.260054456492
        },
        {
          "acoustic_entropy": 5.775886058807373,
          "acoustic_entropy_side": 5.775886058807373,
          "hz": 22000.00000000001
        }
      ],
      "diff_acoustic_entropy": 3.813713550567627,
      "sn": 6
    },
    {
      "acoustic_entropy": 7.363906383514404,
      "acoustic_entropy_mono": 7.363906383514404,
      "band_eliminated_acoustic_entropies": [
        {
          "acoustic_entropy": 7.133932113647461,
          "acoustic_entropy_side": 7.363906383514404,
          "hz": 129.47220167065723
        },
        {
          "acoustic_entropy": 6.9881367683410645,
          "acoustic_entropy_side": 7.363906383514404,
          "hz": 202.92927478742237
        },
        {
          "acoustic_entropy": 7.6228508949279785,
          "acoustic_entropy_side": 7.363906383514404,
          "hz": 282.89161906338205
        },
        {
          "acoustic_entropy": 7.450622081756592,
          "acoustic_entropy_side": 7.363906383514404,
          "hz": 369.9353335868758
        },
        {
          "acoustic_entropy": 6.941801071166992,
          "acoustic_entropy_side": 7.363906383514404,
          "hz": 464.6875360973435
        },
        {
          "acoustic_entropy": 7.335338592529297,
          "acoustic_entropy_side": 7.363906383514404,
          "hz": 567.8308811364784
        },
        {
          "acoustic_entropy": 7.412689685821533,
          "acoustic_entropy_side": 7.363906383514404,
          "hz": 680.1084783214808
        },
        {
          "acoustic_entropy": 7.524669170379639,
          "acoustic_entropy_side": 7.363906383514404,
          "hz": 802.3292461747484
        },
        {
          "acoustic_entropy": 7.560484886169434,
          "acoustic_entropy_side": 7.363906383514404,
          "hz": 935.3737400823702
        },
        {
          "acoustic_entropy": 7.424118518829346,
          "acoustic_entropy_side": 7.363906383514404,
          "hz": 1080.2004963696966
        },
        {
          "acoustic_entropy": 7.420398712158203,
          "acoustic_entropy_side": 7.363906383514404,
          "hz": 1237.8529382007157
        },
        {
          "acoustic_entropy": 7.37781286239624,
          "acoustic_entropy_side": 7.363906383514404,
          "hz": 1409.4668930556702
        },
        {
          "acoustic_entropy": 7.371537685394287,
          "acoustic_entropy_side": 7.363906383514404,
          "hz": 1596.2787759475705
        },
        {
          "acoustic_entropy": 7.378900527954102,
          "acoustic_entropy_side": 7.363906383514404,
          "hz": 1799.6344973346393
        },
        {
          "acoustic_entropy": 7.13784646987915,
          "acoustic_entropy_side": 7.363906383514404,
          "hz": 2020.9991599069049
        },
        {
          "acoustic_entropy": 7.317162036895752,
          "acoustic_entropy_side": 7.363906383514404,
          "hz": 2261.9676141086993
        },
        {
          "acoustic_entropy": 7.39412784576416,
          "acoustic_entropy_side": 7.363906383514404,
          "hz": 2524.2759484456974
        },
        {
          "acoustic_entropy": 7.433982849121094,
          "acoustic_entropy_side": 7.363906383514404,
          "hz": 2809.813997359896
        },
        {
          "acoustic_entropy": 7.51016902923584,
          "acoustic_entropy_side": 7.363906383514404,
          "hz": 3120.6389567871424
        },
        {
          "acoustic_entropy": 7.3706512451171875,
          "acoustic_entropy_side": 7.363906383514404,
          "hz": 3458.990205492291
        },
        {
          "acoustic_entropy": 7.383299350738525,
          "acoustic_entropy_side": 7.363906383514404,
          "hz": 3827.305438964164
        },
        {
          "acoustic_entropy": 7.391162872314453,
          "acoustic_entropy_side": 7.363906383514404,
          "hz": 4228.238232109126
        },
        {
          "acoustic_entropy": 7.393579006195068,
          "acoustic_entropy_side": 7.363906383514404,
          "hz": 4664.6771572759235
        },
        {
          "acoustic_entropy": 7.389898300170898,
          "acoustic_entropy_side": 7.363906383514404,
          "hz": 5139.766595350093
        },
        {
          "acoustic_entropy": 7.38667106628418,
          "acoustic_entropy_side": 7.363906383514404,
          "hz": 5656.929389854203
        },
        {
          "acoustic_entropy": 7.39748477935791,
          "acoustic_entropy_side": 7.363906383514404,
          "hz": 6219.891507268283
        },
        {
          "acoustic_entropy": 7.359365940093994,
          "acoustic_entropy_side": 7.363906383514404,
          "hz": 6832.70888123896
        },
        {
          "acoustic_entropy": 7.3689866065979,
          "acoustic_entropy_side": 7.363906383514404,
          "hz": 7499.796634079867
        },
        {
          "acoustic_entropy": 7.366359233856201,
          "acoustic_entropy_side": 7.363906383514404,
          "hz": 8225.96088609342
        },
        {
          "acoustic_entropy": 7.374735355377197,
          "acoustic_entropy_side": 7.363906383514404,
          "hz": 9016.43338188839
        },
        {
          "acoustic_entropy": 7.306390285491943,
          "acoustic_entropy_side": 7.363906383514404,
          "hz": 9876.909183162974
        },
        {
          "acoustic_entropy": 7.362887859344482,
          "acoustic_entropy_side": 7.363906383514404,
          "hz": 10813.587699516042
        },
        {
          "acoustic_entropy": 7.361931324005127,
          "acoustic_entropy_side": 7.363906383514404,
          "hz": 11833.21735289826
        },
        {
          "acoustic_entropy": 7.36250638961792,
          "acoustic_entropy_side": 7.363906383514404,
          "hz": 12943.144197493959
        },
        {
          "acoustic_entropy": 7.375810146331787,
          "acoustic_entropy_side": 7.363906383514404,
          "hz": 14151.364845322005
        },
        {
          "acoustic_entropy": 7.355544567108154,
          "acoustic_entropy_side": 7.363906383514404,
          "hz": 15466.58407886509
        },
        {
          "acoustic_entropy": 7.361584663391113,
          "acoustic_entropy_side": 7.363906383514404,
          "hz": 16898.27756580493
        },
        {
          "acoustic_entropy": 7.3638715744018555,
          "acoustic_entropy_side": 7.363906383514404,
          "hz": 18456.760127700032
        },
        {
          "acoustic_entropy": 7.363906383514404,
          "acoustic_entropy_side": 7.363906383514404,
          "hz": 20153.260054456492
        },
        {
          "acoustic_entropy": 7.363906383514404,
          "acoustic_entropy_side": 7.363906383514404,
          "hz": 22000.00000000001
        }
      ],
      "diff_acoustic_entropy": 5.661099433898926,
      "sn": 12
    },
    {
      "acoustic_entropy": 11.246100425720215,
      "acoustic_entropy_mono": 11.246101379394531,
      "band_eliminated_acoustic_entropies": [
        {
          "acoustic_entropy": 11.36506462097168,
          "acoustic_entropy_side": 11.246100425720215,
          "hz": 129.47220167065723
        },
        {
          "acoustic_entropy": 11.285810470581055,
          "acoustic_entropy_side": 11.246100425720215,
          "hz": 202.92927478742237
        },
        {
          "acoustic_entropy": 11.04840087890625,
          "acoustic_entropy_side": 11.246100425720215,
          "hz": 282.89161906338205
        },
        {
          "acoustic_entropy": 10.853111267089844,
          "acoustic_entropy_side": 11.246100425720215,
          "hz": 369.9353335868758
        },
        {
          "acoustic_entropy": 11.344635963439941,
          "acoustic_entropy_side": 11.246100425720215,
          "hz": 464.6875360973435
        },
        {
          "acoustic_entropy": 11.20837116241455,
          "acoustic_entropy_side": 11.246100425720215,
          "hz": 567.8308811364784
        },
        {
          "acoustic_entropy": 10.911945343017578,
          "acoustic_entropy_side": 11.246100425720215,
          "hz": 680.1084783214808
        },
        {
          "acoustic_entropy": 11.008106231689453,
          "acoustic_entropy_side": 11.246100425720215,
          "hz": 802.3292461747484
        },
        {
          "acoustic_entropy": 10.754478454589844,
          "acoustic_entropy_side": 11.246100425720215,
          "hz": 935.3737400823702
        },
        {
          "acoustic_entropy": 11.178176879882812,
