{
  "acoustic_entropy": 230.68370056152344,
  "bands": [
    {
      "high_freq": 148.1999969482422,
      "loudness": -31.51919937133789,
      "loudness_range": 24.771821975708008,
      "mid_mean": -28.027286529541016,
      "mid_to_side_loudness": -16.43320655822754,
      "mid_to_side_loudness_range": 28.051767349243164,
      "side_mean": -48.22100830078125
    },
    {
      "high_freq": 392.3793640136719,
      "loudness": -28.08386993408203,
      "loudness_range": 14.928634643554688,
      "low_freq": 148.1999969482422,
      "mid_mean": -25.064075469970703,
      "mid_to_side_loudness": -9.406386375427246,
      "mid_to_side_loudness_range": 13.934976577758789,
      "side_mean": -34.33238983154297
    },
    {
      "high_freq": 794.6976318359375,
      "loudness": -29.42689323425293,
      "loudness_range": 16.511606216430664,
      "low_freq": 392.3793640136719,
      "mid_mean": -26.78047752380371,
      "mid_to_side_loudness": -7.302347660064697,
      "mid_to_side_loudness_range": 13.856789588928223,
      "side_mean": -33.591365814208984
    },
    {
      "high_freq": 1457.5709228515625,
      "loudness": -31.25661849975586,
      "loudness_range": 17.98832893371582,
      "low_freq": 794.6976318359375,
      "mid_mean": -28.80084228515625,
      "mid_to_side_loudness": -6.724045753479004,
      "mid_to_side_loudness_range": 13.611151695251465,
      "side_mean": -34.83935546875
    },
    {
      "high_freq": 2549.74365234375,
      "loudness": -31.99428939819336,
      "loudness_range": 18.09760093688965,
      "low_freq": 1457.5709228515625,
      "mid_mean": -29.696292877197266,
      "mid_to_side_loudness": -5.7947611808776855,
      "mid_to_side_loudness_range": 12.45527458190918,
      "side_mean": -34.92303466796875
    },
    {
      "high_freq": 4349.24462890625,
      "loudness": -32.79695510864258,
      "loudness_range": 21.594148635864258,
      "low_freq": 2549.74365234375,
      "mid_mean": -30.28804588317871,
      "mid_to_side_loudness": -6.28414249420166,
      "mid_to_side_loudness_range": 12.746912002563477,
      "side_mean": -36.57203674316406
    },
    {
      "high_freq": 7314.1640625,
      "loudness": -37.08654022216797,
      "loudness_range": 23.74241828918457,
      "low_freq": 4349.24462890625,
      "mid_mean": -34.65596008300781,
      "mid_to_side_loudness": -6.832883834838867,
      "mid_to_side_loudness_range": 13.963418960571289,
      "side_mean": -41.23454284667969
    },
    {
      "high_freq": 12199.2666015625,
      "loudness": -40.300010681152344,
      "loudness_range": 21.879383087158203,
      "low_freq": 7314.1640625,
      "mid_mean": -37.916839599609375,
      "mid_to_side_loudness": -8.045804023742676,
      "mid_to_side_loudness_range": 13.728437423706055,
      "side_mean": -49.368595123291016
    },
    {
      "loudness": -48.73652267456055,
      "loudness_range": 22.535499572753906,
      "low_freq": 12199.2666015625,
      "mid_mean": -50.681156158447266,
      "mid_to_side_loudness": -8.356757164001465,
      "mid_to_side_loudness_range": 16.210060119628906,
      "side_mean": -58.275367736816406
    }
  ],
  "bands_short": [
    {
      "high_freq": 148.1999969482422,
      "loudness": -39.55522918701172,
      "loudness_range": 36.1285514831543,
      "mid_mean": -36.932952880859375,
      "mid_to_side_loudness": -14.140397071838379,
      "mid_to_side_loudness_range": 33.02721405029297,
      "side_mean": -54.877681732177734
    },
    {
      "high_freq": 392.3793640136719,
      "loudness": -29.039268493652344,
      "loudness_range": 19.95086669921875,
      "low_freq": 148.1999969482422,
      "mid_mean": -26.135910034179688,
      "mid_to_side_loudness": -9.213546752929688,
      "mid_to_side_loudness_range": 18.45766258239746,
      "side_mean": -36.1230583190918
    },
    {
      "high_freq": 794.6976318359375,
      "loudness": -30.718936920166016,
      "loudness_range": 21.2502498626709,
      "low_freq": 392.3793640136719,
      "mid_mean": -28.302345275878906,
      "mid_to_side_loudness": -6.6812567710876465,
      "mid_to_side_loudness_range": 16.123065948486328,
      "side_mean": -35.13401412963867
    },
    {
      "high_freq": 1457.5709228515625,
      "loudness": -32.300533294677734,
      "loudness_range": 22.39690589904785,
      "low_freq": 794.6976318359375,
      "mid_mean": -30.017309188842773,
      "mid_to_side_loudness": -5.887027263641357,
      "mid_to_side_loudness_range": 15.125658988952637,
      "side_mean": -36.07672119140625
    },
    {
      "high_freq": 2549.74365234375,
      "loudness": -33.60026550292969,
      "loudness_range": 22.871862411499023,
      "low_freq": 1457.5709228515625,
      "mid_mean": -31.575597763061523,
      "mid_to_side_loudness": -5.069808006286621,
      "mid_to_side_loudness_range": 14.293743133544922,
      "side_mean": -36.67473602294922
    },
    {
      "high_freq": 4349.24462890625,
      "loudness": -34.865177154541016,
      "loudness_range": 26.409198760986328,
      "low_freq": 2549.74365234375,
      "mid_mean": -32.75619888305664,
      "mid_to_side_loudness": -5.499776363372803,
      "mid_to_side_loudness_range": 14.570062637329102,
      "side_mean": -38.42176818847656
    },
    {
      "high_freq": 7314.1640625,
      "loudness": -40.0344123840332,
      "loudness_range": 28.952842712402344,
      "low_freq": 4349.24462890625,
      "mid_mean": -38.03409194946289,
      "mid_to_side_loudness": -5.640918254852295,
      "mid_to_side_loudness_range": 13.823810577392578,
      "side_mean": -44.18612289428711
    },
    {
      "high_freq": 12199.2666015625,
      "loudness": -44.25759506225586,
      "loudness_range": 27.83022689819336,
      "low_freq": 7314.1640625,
      "mid_mean": -43.01020812988281,
      "mid_to_side_loudness": -6.506138324737549,
      "mid_to_side_loudness_range": 12.800762176513672,
      "side_mean": -52.832115173339844
    },
    {
      "loudness": -55.12519454956055,
      "loudness_range": 33.61638641357422,
      "low_freq": 12199.2666015625,
      "mid_mean": -55.5942268371582,
      "mid_to_side_loudness": -6.7064337730407715,
      "mid_to_side_loudness_range": 13.243889808654785,
      "side_mean": -61.81949234008789
    }
  ],
  "bandwidth": 679.6812133789062,
  "channels": 2,
  "covariance": [
    [
      74.21463012695312,
      34.92403030395508,
      19.413555145263672,
      11.847491264343262,
      6.696419715881348,
      6.079402446746826,
      12.519619941711426,
      13.518331527709961,
      21.164060592651367,
      22.588815689086914,
      29.896053314208984,
      32.448184967041016,
      30.56190299987793,
      34.89830017089844,
      17.573888778686523,
      46.602027893066406,
      34.25603485107422,
      32.270565032958984
    ],
    [
      34.92403030395508,
      82.62629699707031,
      22.06203842163086,
      23.522207260131836,
      16.087656021118164,
      13.648333549499512,
      22.67305564880371,
      24.99272918701172,
      27.702533721923828,
      31.77400016784668,
      25.31641387939453,
      34.56684875488281,
      17.136571884155273,
      22.79995346069336,
      0.4786723256111145,
      27.263240814208984,
      16.67325210571289,
      10.744511604309082
    ],
    [
      19.413555145263672,
      22.06203842163086,
      31.663835525512695,
      19.68647575378418,
      16.451889038085938,
      7.0684051513671875,
      14.903103828430176,
      10.605934143066406,
      18.524921417236328,
      17.711912155151367,
      19.89881134033203,
      19.44191551208496,
      15.997471809387207,
      15.749762535095215,
      11.864362716674805,
      20.2812442779541,
      19.43663215637207,
      8.577338218688965
    ],
    [
      11.847491264343262,
      23.522207260131836,
      19.68647575378418,
      35.18543243408203,
      17.758285522460938,
      16.51407241821289,
      15.990118026733398,
      16.02208137512207,
      14.661276817321777,
      19.985042572021484,
      13.50333023071289,
      17.562923431396484,
      8.377591133117676,
      11.907148361206055,
      7.144948959350586,
      11.876764297485352,
      5.848505973815918,
      5.107648849487305
    ],
    [
      6.696419715881348,
      16.087656021118164,
      16.451889038085938,
      17.758285522460938,
      36.74518966674805,
      22.88580894470215,
      26.64754867553711,
      17.253131866455078,
      17.561182022094727,
      15.504862785339355,
      9.928675651550293,
      10.402961730957031,
      1.3624438047409058,
      2.2200241088867188,
      0.9142090082168579,
      -1.8735201358795166,
      -0.580056369304657,
      -2.012310743331909
    ],
    [
      6.079402446746826,
      13.648333549499512,
      7.0684051513671875,
      16.51407241821289,
      22.88580894470215,
      36.86299514770508,
      18.98388671875,
      23.8105411529541,
      10.39804744720459,
      18.375478744506836,
      2.47320294380188,
      7.96299934387207,
      -2.9679715633392334,
      0.8539217114448547,
      -3.9244329929351807,
      -3.3584930896759033,
      -3.351259231567383,
      1.3807295560836792
    ],
    [
      12.519619941711426,
      22.67305564880371,
      14.903103828430176,
      15.990118026733398,
      26.64754867553711,
      18.98388671875,
      44.57632064819336,
      28.539871215820312,
      28.912527084350586,
      27.299224853515625,
      21.92730140686035,
      27.12627601623535,
      11.969137191772461,
      18.764835357666016,
      7.746562957763672,
      20.895153045654297,
      16.309213638305664,
      12.65384292602539
    ],
    [
      13.518331527709961,
      24.99272918701172,
      10.605934143066406,
      16.02208137512207,
      17.253131866455078,
      23.8105411529541,
      28.539871215820312,
      44.17133331298828,
      21.95402717590332,
      33.96717834472656,
      16.299406051635742,
      27.011537551879883,
      9.347399711608887,
      18.8956356048584,
      3.408524513244629,
      23.200376510620117,
      17.497421264648438,
      17.286672592163086
    ],
    [
      21.164060592651367,
      27.702533721923828,
      18.524921417236328,
      14.661276817321777,
      17.561182022094727,
      10.39804744720459,
      28.912527084350586,
      21.95402717590332,
      43.349647521972656,
      33.85588455200195,
      34.7905387878418,
      39.02626037597656,
      21.379934310913086,
      26.832719802856445,
      13.917281150817871,
      31.890674591064453,
      24.970500946044922,
      19.113231658935547
    ],
    [
      22.588815689086914,
      31.77400016784668,
      17.711912155151367,
      19.985042572021484,
      15.504862785339355,
      18.375478744506836,
      27.299224853515625,
      33.96717834472656,
      33.85588455200195,
      54.16056442260742,
      29.3001766204834,
      45.87382888793945,
      21.37261390686035,
      34.33149719238281,
      10.474808692932129,
      39.18784713745117,
      22.445419311523438,
      22.524309158325195
    ],
    [
      29.896053314208984,
      25.31641387939453,
      19.89881134033203,
      13.50333023071289,
      9.928675651550293,
      2.47320294380188,
      21.92730140686035,
      16.299406051635742,
      34.7905387878418,
      29.3001766204834,
      57.244205474853516,
      50.46326446533203,
      45.384803771972656,
      46.1085205078125,
      30.570287704467773,
      51.63039016723633,
      42.29637908935547,
      32.45569610595703
    ],
    [
      32.448184967041016,
      34.56684875488281,
      19.44191551208496,
      17.562923431396484,
      10.402961730957031,
      7.96299934387207,
      27.12627601623535,
      27.011537551879883,
      39.02626037597656,
      45.87382888793945,
      50.46326446533203,
      71.87278747558594,
      39.58686447143555,
      55.65852355957031,
      23.107004165649414,
      57.852088928222656,
      36.806427001953125,
      34.09217834472656
    ],
    [
      30.56190299987793,
      17.136571884155273,
      15.997471809387207,
      8.377591133117676,
      1.3624438047409058,
      -2.9679715633392334,
      11.969137191772461,
      9.347399711608887,
      21.379934310913086,
      21.37261390686035,
      45.384803771972656,
      39.58686447143555,
      70.27622985839844,
      55.61970520019531,
      47.59105682373047,
      69.43363952636719,
      61.556758880615234,
      44.374900817871094
    ],
    [
      34.89830017089844,
      22.79995346069336,
      15.749762535095215,
      11.907148361206055,
      2.2200241088867188,
      0.8539217114448547,
      18.764835357666016,
      18.8956356048584,
      26.832719802856445,
      34.33149719238281,
      46.1085205078125,
      55.65852355957031,
      55.61970520019531,
      77.21520233154297,
      36.7236213684082,
      74.3480224609375,
      56.03803253173828,
      47.67290115356445
    ],
    [
      17.573888778686523,
      0.4786723256111145,
      11.864362716674805,
      7.144948959350586,
      0.9142090082168579,
      -3.9244329929351807,
      7.746562957763672,
      3.408524513244629,
      13.917281150817871,
      10.474808692932129,
      30.570287704467773,
      23.107004165649414,
      47.59105682373047,
      36.7236213684082,
      68.68701171875,
      61.906063079833984,
      71.26000213623047,
      50.190895080566406
    ],
    [
      46.602027893066406,
      27.263240814208984,
      20.2812442779541,
      11.876764297485352,
      -1.8735201358795166,
      -3.3584930896759033,
      20.895153045654297,
      23.200376510620117,
      31.890674591064453,
      39.18784713745117,
      51.63039016723633,
      57.852088928222656,
      69.43363952636719,
      74.3480224609375,
      61.906063079833984,
      125.4001693725586,
      107.9550552368164,
      86.21516418457031
    ],
    [
      34.25603485107422,
      16.67325210571289,
      19.43663215637207,
      5.848505973815918,
      -0.580056369304657,
      -3.351259231567383,
      16.309213638305664,
      17.497421264648438,
      24.970500946044922,
      22.445419311523438,
      42.29637908935547,
      36.806427001953125,
      61.556758880615234,
      56.03803253173828,
      71.26000213623047,
      107.9550552368164,
      135.52438354492188,
      90.27462768554688
    ],
    [
      32.270565032958984,
      10.744511604309082,
      8.577338218688965,
      5.107648849487305,
      -2.012310743331909,
      1.3807295560836792,
      12.65384292602539,
      17.286672592163086,
      19.113231658935547,
      22.524309158325195,
      32.45569610595703,
      34.09217834472656,
      44.374900817871094,
      47.67290115356445,
      50.190895080566406,
      86.21516418457031,
      90.27462768554688,
      81.70999145507812
    ]
  ],
  "covariance_short": [
    [
      161.21371459960938,
      73.2991714477539,
      48.569087982177734,
      27.970096588134766,
      24.576255798339844,
      20.041841506958008,
      30.592010498046875,
      28.602880477905273,
      41.934329986572266,
      41.39512252807617,
      51.780128479003906,
      53.258995056152344,
      47.94688415527344,
      53.86525344848633,
      30.626771926879883,
      58.61810302734375,
      36.86014938354492,
      35.97175979614258
    ],
    [
      73.2991714477539,
      92.39871978759766,
      32.61014938354492,
      38.491920471191406,
      24.485919952392578,
      24.04665756225586,
      28.650747299194336,
      32.34323501586914,
      31.812711715698242,
      36.72001266479492,
      33.905887603759766,
      39.24751281738281,
      30.64052963256836,
      36.02107238769531,
      13.215288162231445,
      35.99087142944336,
      18.47128677368164,
      13.995341300964355
    ],
    [
      48.569087982177734,
      32.61014938354492,
      58.085811614990234,
      32.16236877441406,
      28.99361228942871,
      17.381595611572266,
      25.50202178955078,
      21.21192169189453,
      32.0025520324707,
      27.485506057739258,
      36.299468994140625,
      31.307165145874023,
      28.97162628173828,
      29.213708877563477,
      19.325990676879883,
      30.040393829345703,
      27.01610565185547,
      15.591290473937988
    ],
    [
      27.970096588134766,
      38.491920471191406,
      32.16236877441406,
      55.83399963378906,
      25.057579040527344,
      25.849380493164062,
      24.324432373046875,
      27.450422286987305,
      25.66814613342285,
      32.6454963684082,
      25.723726272583008,
      31.81998062133789,
      19.537113189697266,
      26.571374893188477,
      11.306513786315918,
      27.40728759765625,
      14.653854370117188,
      10.116713523864746
    ],
    [
      24.576255798339844,
      24.485919952392578,
      28.99361228942871,
      25.057579040527344,
      60.91263198852539,
      37.409976959228516,
      39.16946029663086,
      29.247617721557617,
      32.58753204345703,
      26.074304580688477,
      25.90692901611328,
      21.3399600982666,
      12.6038818359375,
      12.935770034790039,
      2.36118483543396,
      7.757863521575928,
      8.99124526977539,
      6.500631809234619
    ],
    [
      20.041841506958008,
      24.04665756225586,
      17.381595611572266,
      25.849380493164062,
      37.409976959228516,
      56.20801544189453,
      28.58690071105957,
      34.15549850463867,
      21.320781707763672,
      29.284822463989258,
      14.129862785339355,
      20.93484878540039,
      5.423774719238281,
      10.69349479675293,
      -3.9495348930358887,
      6.119614124298096,
      4.916182994842529,
      7.473201751708984
    ],
    [
      30.592010498046875,
      28.650747299194336,
      25.50202178955078,
      24.324432373046875,
      39.16946029663086,
      28.58690071105957,
      65.43307495117188,
      43.70064163208008,
      44.063785552978516,
      36.965694427490234,
      37.518310546875,
      35.0798225402832,
      25.78429412841797,
      29.093997955322266,
      15.442733764648438,
      25.66421890258789,
      20.702198028564453,
      17.079320907592773
    ],
    [
      28.602880477905273,
      32.34323501586914,
      21.21192169189453,
      27.450422286987305,
      29.247617721557617,
      34.15549850463867,
      43.70064163208008,
      64.54193878173828,
      34.89293670654297,
      46.752864837646484,
      29.596282958984375,
      38.99893569946289,
      20.97553825378418,
      30.316476821899414,
      9.779014587402344,
      27.490570068359375,
      20.40545082092285,
      18.758872985839844
    ],
    [
      41.934329986572266,
      31.812711715698242,
      32.0025520324707,
      25.66814613342285,
      32.58753204345703,
      21.320781707763672,
      44.063785552978516,
      34.89293670654297,
      67.25235748291016,
      50.318275451660156,
      56.0311279296875,
      50.190513610839844,
      40.40186309814453,
      41.8045539855957,
      27.005708694458008,
      39.788482666015625,
      31.49408721923828,
      23.764209747314453
    ],
    [
      41.39512252807617,
      36.72001266479492,
      27.485506057739258,
      32.6454963684082,
      26.074304580688477,
      29.284822463989258,
      36.965694427490234,
      46.752864837646484,
      50.318275451660156,
      72.70294189453125,
      45.559906005859375,
      60.47636032104492,
      34.3394889831543,
      48.39090347290039,
      18.6009578704834,
      42.3284912109375,
      23.77248191833496,
      22.520004272460938
    ],
    [
      51.780128479003906,
      33.905887603759766,
      36.299468994140625,
      25.723726272583008,
      25.90692901611328,
      14.129862785339355,
      37.518310546875,
      29.596282958984375,
      56.0311279296875,
      45.559906005859375,
      87.96764373779297,
      68.47421264648438,
      69.03739166259766,
      65.0396499633789,
      53.60113525390625,
      61.83549880981445,
      52.31720733642578,
      37.03276824951172
    ],
    [
      53.258995056152344,
      39.24751281738281,
      31.307165145874023,
      31.81998062133789,
      21.3399600982666,
      20.93484878540039,
      35.0798225402832,
      38.99893569946289,
      50.190513610839844,
      60.47636032104492,
      68.47421264648438,
      89.6762924194336,
      56.741546630859375,
      74.46826171875,
      38.048866271972656,
      63.810264587402344,
      38.368629455566406,
      33.59545135498047
    ],
    [
      47.94688415527344,
      30.64052963256836,
      28.97162628173828,
      19.537113189697266,
      12.6038818359375,
      5.423774719238281,
      25.78429412841797,
      20.97553825378418,
      40.40186309814453,
      34.3394889831543,
      69.03739166259766,
      56.741546630859375,
      99.20050811767578,
      78.43563842773438,
      85.00809478759766,
      80.63159942626953,
      76.72195434570312,
      50.516231536865234
    ],
    [
      53.86525344848633,
      36.02107238769531,
      29.213708877563477,
      26.571374893188477,
      12.935770034790039,
      10.69349479675293,
      29.093997955322266,
      30.316476821899414,
      41.8045539855957,
      48.39090347290039,
      65.0396499633789,
      74.46826171875,
      78.43563842773438,
      102.35936737060547,
      65.10283660888672,
      90.17902374267578,
      62.52639389038086,
      51.950035095214844
    ],
    [
      30.626771926879883,
      13.215288162231445,
      19.325990676879883,
      11.306513786315918,
      2.36118483543396,
      -3.9495348930358887,
      15.442733764648438,
      9.779014587402344,
      27.005708694458008,
      18.6009578704834,
      53.60113525390625,
      38.048866271972656,
      85.00809478759766,
      65.10283660888672,
      121.20500183105469,
      93.23119354248047,
      107.91327667236328,
      67.39909362792969
    ],
    [
      58.61810302734375,
      35.99087142944336,
      30.040393829345703,
      27.40728759765625,
      7.757863521575928,
      6.119614124298096,
      25.66421890258789,
      27.490570068359375,
      39.788482666015625,
      42.3284912109375,
      61.83549880981445,
      63.810264587402344,
      80.63159942626953,
      90.17902374267578,
      93.23119354248047,
      135.16729736328125,
      99.5807113647461,
      82.87871551513672
    ],
    [
      36.86014938354492,
      18.47128677368164,
      27.01610565185547,
      14.653854370117188,
      8.99124526977539,
      4.916182994842529,
      20.702198028564453,
      20.40545082092285,
      31.49408721923828,
      23.77248191833496,
      52.31720733642578,
      38.368629455566406,
      76.72195434570312,
      62.52639389038086,
      107.91327667236328,
      99.5807113647461,
      134.45675659179688,
      82.18425750732422
    ],
    [
      35.97175979614258,
      13.995341300964355,
      15.591290473937988,
      10.116713523864746,
      6.500631809234619,
      7.473201751708984,
      17.079320907592773,
      18.758872985839844,
      23.764209747314453,
      22.520004272460938,
      37.03276824951172,
      33.59545135498047,
      50.516231536865234,
      51.950035095214844,
      67.39909362792969,
      82.87871551513672,
      82.18425750732422,
      76.63333892822266
    ]
  ],
  "damage": -13.281929016113281,
  "diff_bandwidth": 665.0897827148438,
  "dissonance": 9.284230326497182,
  "drr": 13.11075496673584,
  "dynamics": 4.0608811378479,
  "format": 1245190,
  "frames": 22325184,
  "loudness": -17.30491828918457,
  "loudness_range": 11.245956420898438,
  "loudness_range_short": 16.47882080078125,
  "lowpass_true_peak_15khz": 0.16201671957969666,
  "mastering3_acoustic_entropies": [
    {
      "acoustic_entropy": 6.9807939529418945,
      "acoustic_entropy_mono": 6.94127893447876,
      "band_eliminated_acoustic_entropies": [
        {
          "acoustic_entropy": 6.882349014282227,
          "acoustic_entropy_side": 6.981967926025391,
          "hz": 129.47220167065723
        },
        {
          "acoustic_entropy": 6.651565074920654,
          "acoustic_entropy_side": 6.996994495391846,
          "hz": 202.92927478742237
        },
        {
          "acoustic_entropy": 7.258508682250977,
          "acoustic_entropy_side": 6.994993209838867,
          "hz": 282.89161906338205
        },
        {
          "acoustic_entropy": 7.054716110229492,
          "acoustic_entropy_side": 7.010170936584473,
          "hz": 369.9353335868758
        },
        {
          "acoustic_entropy": 7.301602363586426,
          "acoustic_entropy_side": 6.9367289543151855,
          "hz": 464.6875360973435
        },
        {
          "acoustic_entropy": 6.913888931274414,
          "acoustic_entropy_side": 6.868105888366699,
          "hz": 567.8308811364784
        },
        {
          "acoustic_entropy": 7.184176445007324,
          "acoustic_entropy_side": 6.869950294494629,
          "hz": 680.1084783214808
        },
        {
          "acoustic_entropy": 7.26560640335083,
          "acoustic_entropy_side": 6.934831142425537,
          "hz": 802.3292461747484
        },
        {
          "acoustic_entropy": 6.616761684417725,
          "acoustic_entropy_side": 7.024491786956787,
          "hz": 935.3737400823702
        },
        {
          "acoustic_entropy": 6.898255348205566,
          "acoustic_entropy_side": 7.063223838806152,
          "hz": 1080.2004963696966
        },
        {
          "acoustic_entropy": 6.859989643096924,
          "acoustic_entropy_side": 7.002260208129883,
          "hz": 1237.8529382007157
        },
        {
          "acoustic_entropy": 6.863270282745361,
          "acoustic_entropy_side": 7.032519340515137,
          "hz": 1409.4668930556702
        },
        {
          "acoustic_entropy": 6.936934947967529,
          "acoustic_entropy_side": 6.898815155029297,
          "hz": 1596.2787759475705
        },
        {
          "acoustic_entropy": 6.978065490722656,
          "acoustic_entropy_side": 7.010201930999756,
          "hz": 1799.6344973346393
        },
        {
          "acoustic_entropy": 7.029527187347412,
          "acoustic_entropy_side": 6.951381206512451,
          "hz": 2020.9991599069049
        },
        {
          "acoustic_entropy": 6.937144756317139,
          "acoustic_entropy_side": 6.945278167724609,
          "hz": 2261.9676141086993
        },
        {
          "acoustic_entropy": 6.91149377822876,
          "acoustic_entropy_side": 6.9575958251953125,
          "hz": 2524.2759484456974
        },
        {
          "acoustic_entropy": 6.875579833984375,
          "acoustic_entropy_side": 6.938242435455322,
          "hz": 2809.813997359896
        },
        {
          "acoustic_entropy": 6.804812908172607,
          "acoustic_entropy_side": 6.933724403381348,
          "hz": 3120.6389567871424
        },
        {
          "acoustic_entropy": 6.799821853637695,
          "acoustic_entropy_side": 6.911218166351318,
          "hz": 3458.990205492291
        },
        {
          "acoustic_entropy": 6.6188273429870605,
          "acoustic_entropy_side": 6.880679130554199,
          "hz": 3827.305438964164
        },
        {
          "acoustic_entropy": 6.800923824310303,
          "acoustic_entropy_side": 6.859334945678711,
          "hz": 4228.238232109126
        },
        {
          "acoustic_entropy": 6.864430904388428,
          "acoustic_entropy_side": 6.881964683532715,
          "hz": 4664.6771572759235
        },
        {
          "acoustic_entropy": 6.9050469398498535,
          "acoustic_entropy_side": 6.87857723236084,
          "hz": 5139.766595350093
        },
        {
          "acoustic_entropy": 6.907673358917236,
          "acoustic_entropy_side": 6.919010162353516,
          "hz": 5656.929389854203
        },
        {
          "acoustic_entropy": 6.905470848083496,
          "acoustic_entropy_side": 6.9208173751831055,
          "hz": 6219.891507268283
        },
        {
          "acoustic_entropy": 6.92578649520874,
          "acoustic_entropy_side": 6.929461479187012,
          "hz": 6832.70888123896
        },
        {
          "acoustic_entropy": 6.849658966064453,
          "acoustic_entropy_side": 6.946577072143555,
          "hz": 7499.796634079867
        },
        {
          "acoustic_entropy": 6.83587646484375,
          "acoustic_entropy_side": 6.959254741668701,
          "hz": 8225.96088609342
        },
        {
          "acoustic_entropy": 6.849421977996826,
          "acoustic_entropy_side": 6.965429782867432,
          "hz": 9016.43338188839
        },
        {
          "acoustic_entropy": 6.802212238311768,
          "acoustic_entropy_side": 6.967543125152588,
          "hz": 9876.909183162974
        },
        {
          "acoustic_entropy": 6.8188629150390625,
          "acoustic_entropy_side": 6.974022388458252,
          "hz": 10813.587699516042
        },
        {
          "acoustic_entropy": 6.801966667175293,
          "acoustic_entropy_side": 6.976223945617676,
          "hz": 11833.21735289826
        },
        {
          "acoustic_entropy": 6.860995292663574,
          "acoustic_entropy_side": 6.977756977081299,
          "hz": 12943.144197493959
        },
        {
          "acoustic_entropy": 6.914269924163818,
          "acoustic_entropy_side": 6.979168891906738,
          "hz": 14151.364845322005
        },
        {
          "acoustic_entropy": 6.966338157653809,
          "acoustic_entropy_side": 6.981008052825928,
          "hz": 15466.58407886509
        },
        {
          "acoustic_entropy": 6.9895501136779785,
          "acoustic_entropy_side": 6.981040000915527,
          "hz": 16898.27756580493
        },
        {
          "acoustic_entropy": 6.990176200866699,
          "acoustic_entropy_side": 6.980814456939697,
          "hz": 18456.760127700032
        },
        {
          "acoustic_entropy": 6.983344078063965,
          "acoustic_entropy_side": 6.9808030128479,
          "hz": 20153.260054456492
        },
        {
          "acoustic_entropy": 6.981050491333008,
          "acoustic_entropy_side": 6.980794429779053,
          "hz": 22000.00000000001
        }
      ],
      "diff_acoustic_entropy": 6.424224376678467,
      "sn": 6
    },
    {
      "acoustic_entropy": 11.499581336975098,
      "acoustic_entropy_mono": 11.271404266357422,
      "band_eliminated_acoustic_entropies": [
        {
          "acoustic_entropy": 11.806856155395508,
          "acoustic_entropy_side": 11.52090072631836,
          "hz": 129.47220167065723
        },
        {
          "acoustic_entropy": 11.499381065368652,
          "acoustic_entropy_side": 11.570703506469727,
          "hz": 202.92927478742237
        },
        {
          "acoustic_entropy": 12.789237976074219,
          "acoustic_entropy_side": 11.75295639038086,
          "hz": 282.89161906338205
        },
        {
          "acoustic_entropy": 11.726163864135742,
          "acoustic_entropy_side": 11.98584270477295,
          "hz": 369.9353335868758
        },
        {
          "acoustic_entropy": 11.859298706054688,
          "acoustic_entropy_side": 11.470632553100586,
          "hz": 464.6875360973435
        },
        {
          "acoustic_entropy": 12.179876327514648,
          "acoustic_entropy_side": 11.368524551391602,
          "hz": 567.8308811364784
        },
        {
          "acoustic_entropy": 12.668913841247559,
          "acoustic_entropy_side": 12.072602272033691,
          "hz": 680.1084783214808
        },
        {
          "acoustic_entropy": 12.1574068069458,
          "acoustic_entropy_side": 11.91672420501709,
          "hz": 802.3292461747484
        },
        {
          "acoustic_entropy": 12.229726791381836,
          "acoustic_entropy_side": 11.965362548828125,
          "hz": 935.3737400823702
        },
        {
          "acoustic_entropy": 11.920125961303711,
          "acoustic_entropy_side": 11.810521125793457,
          "hz": 1080.2004963696966
        },
        {
          "acoustic_entropy": 11.582490921020508,
          "acoustic_entropy_side": 11.456552505493164,
          "hz": 1237.8529382007157
        },
        {
          "acoustic_entropy": 11.871715545654297,
          "acoustic_entropy_side": 11.69275188446045,
          "hz": 1409.4668930556702
        },
        {
          "acoustic_entropy": 12.18552303314209,
          "acoustic_entropy_side": 11.607331275939941,
          "hz": 1596.2787759475705
        },
        {
          "acoustic_entropy": 11.803483009338379,
          "acoustic_entropy_side": 11.577997207641602,
          "hz": 1799.6344973346393
        },
        {
          "acoustic_entropy": 11.835051536560059,
          "acoustic_entropy_side": 11.635600090026855,
          "hz": 2020.9991599069049
        },
        {
          "acoustic_entropy": 11.398489952087402,
          "acoustic_entropy_side": 11.506388664245605,
          "hz": 2261.9676141086993
        },
        {
          "acoustic_entropy": 11.556403160095215,
          "acoustic_entropy_side": 11.431563377380371,
          "hz": 2524.2759484456974
        },
        {
          "acoustic_entropy": 11.528891563415527,
          "acoustic_entropy_side": 11.483156204223633,
          "hz": 2809.813997359896
        },
        {
          "acoustic_entropy": 11.646950721740723,
          "acoustic_entropy_side": 11.480027198791504,
          "hz": 3120.6389567871424
        },
        {
          "acoustic_entropy": 11.81840991973877,
          "acoustic_entropy_side": 11.532693862915039,
          "hz": 3458.990205492291
        },
        {
          "acoustic_entropy": 11.718143463134766,
          "acoustic_entropy_side": 11.587424278259277,
          "hz": 3827.305438964164
        },
        {
          "acoustic_entropy": 11.603861808776855,
          "acoustic_entropy_side": 11.528345108032227,
          "hz": 4228.238232109126
        },
        {
          "acoustic_entropy": 11.579483985900879,
          "acoustic_entropy_side": 11.580757141113281,
          "hz": 4664.6771572759235
        },
        {
          "acoustic_entropy": 11.688430786132812,
          "acoustic_entropy_side": 11.528512001037598,
          "hz": 5139.766595350093
        },
        {
          "acoustic_entropy": 11.751111030578613,
          "acoustic_entropy_side": 11.556171417236328,
          "hz": 5656.929389854203
        },
        {
          "acoustic_entropy": 11.614033699035645,
          "acoustic_entropy_side": 11.60399341583252,
          "hz": 6219.891507268283
        },
        {
          "acoustic_entropy": 11.63355827331543,
          "acoustic_entropy_side": 11.61496353149414,
          "hz": 6832.70888123896
        },
        {
          "acoustic_entropy": 11.725709915161133,
          "acoustic_entropy_side": 11.64242935180664,
          "hz": 7499.796634079867
        },
        {
          "acoustic_entropy": 11.578120231628418,
          "acoustic_entropy_side": 11.608234405517578,
          "hz": 8225.96088609342
        },
        {
          "acoustic_entropy": 11.664905548095703,
          "acoustic_entropy_side": 11.599482536315918,
          "hz": 9016.43338188839
        },
        {
          "acoustic_entropy": 11.757253646850586,
          "acoustic_entropy_side": 11.621033668518066,
          "hz": 9876.909183162974
        },
        {
          "acoustic_entropy": 11.723276138305664,
          "acoustic_entropy_side": 11.572525024414062,
          "hz": 10813.587699516042
        },
        {
          "acoustic_entropy": 11.576676368713379,
          "acoustic_entropy_side": 11.55409049987793,
          "hz": 11833.21735289826
        },
        {
          "acoustic_entropy": 11.576790809631348,
          "acoustic_entropy_side": 11.555320739746094,
          "hz": 12943.144197493959
        },
        {
          "acoustic_entropy": 11.626091003417969,
          "acoustic_entropy_side": 11.556017875671387,
          "hz": 14151.364845322005
        },
        {
          "acoustic_entropy": 11.781453132629395,
          "acoustic_entropy_side": 11.550135612487793,
          "hz": 15466.58407886509
        },
        {
          "acoustic_entropy": 11.687479972839355,
          "acoustic_entropy_side": 11.528373718261719,
          "hz": 16898.27756580493
        },
        {
          "acoustic_entropy": 11.694552421569824,
          "acoustic_entropy_side": 11.5055513381958,
          "hz": 18456.760127700032
        },
        {
          "acoustic_entropy": 11.637503623962402,
          "acoustic_entropy_side": 11.500152587890625,
          "hz": 20153.260054456492
        },
        {
          "acoustic_entropy": 11.535805702209473,
          "acoustic_entropy_side": 11.49962043762207,
          "hz": 22000.00000000001
        }
      ],
      "diff_acoustic_entropy": 11.803398132324219,
      "sn": 12
    },
    {
      "acoustic_entropy": 20.583480834960938,
      "acoustic_entropy_mono": 17.177194595336914,
      "band_eliminated_acoustic_entropies": [
        {
          "acoustic_entropy": 19.919309616088867,
          "acoustic_entropy_side": 20.56929588317871,
          "hz": 129.47220167065723
        },
        {
          "acoustic_entropy": 21.376399993896484,
          "acoustic_entropy_side": 20.73212242126465,
          "hz": 202.92927478742237
        },
        {
          "acoustic_entropy": 20.853654861450195,
          "acoustic_entropy_side": 20.669897079467773,
          "hz": 282.89161906338205
        },
        {
          "acoustic_entropy": 20.606487274169922,
          "acoustic_entropy_side": 20.95494270324707,
          "hz": 369.9353335868758
        },
        {
          "acoustic_entropy": 20.71497917175293,
          "acoustic_entropy_side": 20.7758731842041,
          "hz": 464.6875360973435
        },
        {
          "acoustic_entropy": 20.800804138183594,
          "acoustic_entropy_side": 20.769359588623047,
          "hz": 567.8308811364784
        },
        {
          "acoustic_entropy": 21.001827239990234,
          "acoustic_entropy_side": 21.03972625732422,
          "hz": 680.1084783214808
        },
        {
          "acoustic_entropy": 20.5568904876709,
          "acoustic_entropy_side": 20.326595306396484,
          "hz": 802.3292461747484
        },
        {
          "acoustic_entropy": 21.491119384765625,
          "acoustic_entropy_side": 21.03647232055664,
          "hz": 935.3737400823702
        },
        {
          "acoustic_entropy": 20.457887649536133,
          "acoustic_entropy_side": 20.328813552856445,
          "hz": 1080.2004963696966
        },
        {
          "acoustic_entropy": 19.833982467651367,
          "acoustic_entropy_side": 19.965803146362305,
          "hz": 1237.8529382007157
        },
        {
          "acoustic_entropy": 20.865779876708984,
          "acoustic_entropy_side": 20.620092391967773,
          "hz": 1409.4668930556702
        },
        {
          "acoustic_entropy": 20.968412399291992,
          "acoustic_entropy_side": 21.056434631347656,
          "hz": 1596.2787759475705
        },
        {
          "acoustic_entropy": 21.005226135253906,
          "acoustic_entropy_side": 20.145885467529297,
          "hz": 1799.6344973346393
        },
        {
          "acoustic_entropy": 20.698335647583008,
          "acoustic_entropy_side": 20.568580627441406,
          "hz": 2020.9991599069049
        },
        {
          "acoustic_entropy": 20.70049285888672,
          "acoustic_entropy_side": 20.66244888305664,
          "hz": 2261.9676141086993
        },
        {
          "acoustic_entropy": 20.53081512451172,
          "acoustic_entropy_side": 20.520912170410156,
          "hz": 2524.2759484456974
        },
        {
          "acoustic_entropy": 20.656307220458984,
          "acoustic_entropy_side": 20.701480865478516,
          "hz": 2809.813997359896
        },
        {
          "acoustic_entropy": 20.499923706054688,
          "acoustic_entropy_side": 20.720264434814453,
