{
  "acoustic_entropy": 186.0167694091797,
  "bands": [
    {
      "high_freq": 148.1999969482422,
      "loudness": -16.88711929321289,
      "loudness_range": 10.63330364227295,
      "mid_mean": -13.490641593933105,
      "mid_to_side_loudness": -20.19603729248047,
      "mid_to_side_loudness_range": 28.03774642944336,
      "side_mean": -35.52369689941406
    },
    {
      "high_freq": 392.3793640136719,
      "loudness": -15.58596134185791,
      "loudness_range": 8.941784858703613,
      "low_freq": 148.1999969482422,
      "mid_mean": -12.227046966552734,
      "mid_to_side_loudness": -13.813985824584961,
      "mid_to_side_loudness_range": 25.535757064819336,
      "side_mean": -27.600122451782227
    },
    {
      "high_freq": 794.6976318359375,
      "loudness": -20.491806030273438,
      "loudness_range": 13.79157829284668,
      "low_freq": 392.3793640136719,
      "mid_mean": -17.38912010192871,
      "mid_to_side_loudness": -12.221290588378906,
      "mid_to_side_loudness_range": 20.243249893188477,
      "side_mean": -30.259212493896484
    },
    {
      "high_freq": 1457.5709228515625,
      "loudness": -21.727188110351562,
      "loudness_range": 13.024776458740234,
      "low_freq": 794.6976318359375,
      "mid_mean": -18.955974578857422,
      "mid_to_side_loudness": -7.370716094970703,
      "mid_to_side_loudness_range": 14.327497482299805,
      "side_mean": -26.696796417236328
    },
    {
      "high_freq": 2549.74365234375,
      "loudness": -21.826955795288086,
      "loudness_range": 12.980629920959473,
      "low_freq": 1457.5709228515625,
      "mid_mean": -18.558549880981445,
      "mid_to_side_loudness": -11.730366706848145,
      "mid_to_side_loudness_range": 18.90654182434082,
      "side_mean": -31.33482551574707
    },
    {
      "high_freq": 4349.24462890625,
      "loudness": -23.25554847717285,
      "loudness_range": 13.192626953125,
      "low_freq": 2549.74365234375,
      "mid_mean": -19.96112632751465,
      "mid_to_side_loudness": -12.777603149414062,
      "mid_to_side_loudness_range": 22.15529441833496,
      "side_mean": -34.149139404296875
    },
    {
      "high_freq": 7314.1640625,
      "loudness": -26.66379737854004,
      "loudness_range": 12.200916290283203,
      "low_freq": 4349.24462890625,
      "mid_mean": -23.356170654296875,
      "mid_to_side_loudness": -13.339494705200195,
      "mid_to_side_loudness_range": 21.10759925842285,
      "side_mean": -38.048370361328125
    },
    {
      "high_freq": 12199.2666015625,
      "loudness": -35.47970962524414,
      "loudness_range": 24.855520248413086,
      "low_freq": 7314.1640625,
      "mid_mean": -32.33422088623047,
      "mid_to_side_loudness": -11.155900001525879,
      "mid_to_side_loudness_range": 18.790695190429688,
      "side_mean": -44.81455993652344
    },
    {
      "loudness": -47.98331832885742,
      "loudness_range": 27.985374450683594,
      "low_freq": 12199.2666015625,
      "mid_mean": -45.308555603027344,
      "mid_to_side_loudness": -7.850363731384277,
      "mid_to_side_loudness_range": 15.562443733215332,
      "side_mean": -55.505313873291016
    }
  ],
  "bands_short": [
    {
      "high_freq": 148.1999969482422,
      "loudness": -19.38692283630371,
      "loudness_range": 17.474960327148438,
      "mid_mean": -16.033531188964844,
      "mid_to_side_loudness": -21.726306915283203,
      "mid_to_side_loudness_range": 30.968645095825195,
      "side_mean": -39.46257781982422
    },
    {
      "high_freq": 392.3793640136719,
      "loudness": -15.437536239624023,
      "loudness_range": 10.647104263305664,
      "low_freq": 148.1999969482422,
      "mid_mean": -12.131312370300293,
      "mid_to_side_loudness": -14.61122989654541,
      "mid_to_side_loudness_range": 26.21293067932129,
      "side_mean": -28.06770133972168
    },
    {
      "high_freq": 794.6976318359375,
      "loudness": -21.21268081665039,
      "loudness_range": 17.50216293334961,
      "low_freq": 392.3793640136719,
      "mid_mean": -18.140880584716797,
      "mid_to_side_loudness": -12.053019523620605,
      "mid_to_side_loudness_range": 20.025466918945312,
      "side_mean": -31.154083251953125
    },
    {
      "high_freq": 1457.5709228515625,
      "loudness": -23.115793228149414,
      "loudness_range": 18.148361206054688,
      "low_freq": 794.6976318359375,
      "mid_mean": -20.405460357666016,
      "mid_to_side_loudness": -7.726443290710449,
      "mid_to_side_loudness_range": 16.12601661682129,
      "side_mean": -28.668031692504883
    },
    {
      "high_freq": 2549.74365234375,
      "loudness": -23.360876083374023,
      "loudness_range": 19.015850067138672,
      "low_freq": 1457.5709228515625,
      "mid_mean": -20.187885284423828,
      "mid_to_side_loudness": -11.225592613220215,
      "mid_to_side_loudness_range": 19.115360260009766,
      "side_mean": -32.6433219909668
    },
    {
      "high_freq": 4349.24462890625,
      "loudness": -24.44891929626465,
      "loudness_range": 18.781681060791016,
      "low_freq": 2549.74365234375,
      "mid_mean": -21.21226692199707,
      "mid_to_side_loudness": -12.519288063049316,
      "mid_to_side_loudness_range": 24.93194580078125,
      "side_mean": -35.59535217285156
    },
    {
      "high_freq": 7314.1640625,
      "loudness": -28.39126205444336,
      "loudness_range": 20.650388717651367,
      "low_freq": 4349.24462890625,
      "mid_mean": -25.1297550201416,
      "mid_to_side_loudness": -13.509308815002441,
      "mid_to_side_loudness_range": 23.667293548583984,
      "side_mean": -40.41393280029297
    },
    {
      "high_freq": 12199.2666015625,
      "loudness": -37.20616149902344,
      "loudness_range": 24.506362915039062,
      "low_freq": 7314.1640625,
      "mid_mean": -34.05743408203125,
      "mid_to_side_loudness": -11.334423065185547,
      "mid_to_side_loudness_range": 19.129650115966797,
      "side_mean": -47.19321060180664
    },
    {
      "loudness": -50.02964782714844,
      "loudness_range": 28.771839141845703,
      "low_freq": 12199.2666015625,
      "mid_mean": -47.333335876464844,
      "mid_to_side_loudness": -7.899150848388672,
      "mid_to_side_loudness_range": 15.782512664794922,
      "side_mean": -57.48430252075195
    }
  ],
  "bandwidth": 439.2720947265625,
  "channels": 2,
  "covariance": [
    [
      21.525632858276367,
      -9.487106323242188,
      -2.6254074573516846,
      -21.357892990112305,
      5.075714111328125,
      -8.905287742614746,
      3.460628032684326,
      -1.4411795139312744,
      -0.2561064660549164,
      -6.208789825439453,
      -1.9081929922103882,
      1.9755419492721558,
      5.546977996826172,
      7.075901031494141,
      21.104799270629883,
      11.39632511138916,
      23.969833374023438,
      13.723769187927246
    ],
    [
      -9.487106323242188,
      74.93401336669922,
      11.95365047454834,
      58.51424026489258,
      -1.4699746370315552,
      32.323280334472656,
      -11.24953556060791,
      -3.913257122039795,
      4.569390773773193,
      16.82360076904297,
      8.07574462890625,
      -6.706999778747559,
      -5.115486145019531,
      -14.195730209350586,
      -36.36666488647461,
      -14.34723949432373,
      -43.23052978515625,
      -9.789655685424805
    ],
    [
      -2.6254074573516846,
      11.95365047454834,
      12.1809663772583,
      18.059919357299805,
      4.025817394256592,
      8.045220375061035,
      -0.8035165667533875,
      1.3833327293395996,
      3.1179566383361816,
      6.623356342315674,
      4.188316822052002,
      1.339308261871338,
      1.0299094915390015,
      -1.7041494846343994,
      -4.352218151092529,
      -1.6389620304107666,
      -5.968475341796875,
      1.1968326568603516
    ],
    [
      -21.357892990112305,
      58.51424026489258,
      18.059919357299805,
      95.81133270263672,
      5.297654628753662,
      51.607994079589844,
      -5.892829418182373,
      6.250033378601074,
      10.956772804260254,
      40.866127014160156,
      14.694504737854004,
      17.03923225402832,
      -0.08354097604751587,
      3.0898334980010986,
      -31.864395141601562,
      3.366885185241699,
      -37.585872650146484,
      3.8211967945098877
    ],
    [
      5.075714111328125,
      -1.4699746370315552,
      4.025817394256592,
      5.297654628753662,
      33.8482551574707,
      12.034540176391602,
      11.570639610290527,
      -0.10034729540348053,
      17.076812744140625,
      9.093825340270996,
      11.780681610107422,
      10.87049674987793,
      14.260913848876953,
      11.132498741149902,
      25.182315826416016,
      17.28714370727539,
      28.306732177734375,
      25.036190032958984
    ],
    [
      -8.905287742614746,
      32.323280334472656,
      8.045220375061035,
      51.607994079589844,
      12.034540176391602,
      51.933143615722656,
      0.2423637956380844,
      2.3605401515960693,
      11.518763542175293,
      34.471435546875,
      12.373302459716797,
      22.379383087158203,
      4.055662631988525,
      13.355745315551758,
      -11.205850601196289,
      13.258556365966797,
      -12.16925048828125,
      16.179738998413086
    ],
    [
      3.460628032684326,
      -11.24953556060791,
      -0.8035165667533875,
      -5.892829418182373,
      11.570639610290527,
      0.2423637956380844,
      29.08452606201172,
      18.916610717773438,
      12.320425987243652,
      9.810477256774902,
      10.329913139343262,
      15.7862548828125,
      10.913742065429688,
      15.836304664611816,
      18.590007781982422,
      17.206464767456055,
      19.71661949157715,
      25.391082763671875
    ],
    [
      -1.4411795139312744,
      -3.913257122039795,
      1.3833327293395996,
      6.250033378601074,
      -0.10034729540348053,
      2.3605401515960693,
      18.916610717773438,
      39.521846771240234,
      6.775450229644775,
      19.753557205200195,
      6.831656455993652,
      21.840499877929688,
      3.825152635574341,
      16.95198631286621,
      -0.1312410831451416,
      12.226201057434082,
      -1.5584981441497803,
      17.412105560302734
    ],
    [
      -0.2561064660549164,
      4.569390773773193,
      3.1179566383361816,
      10.956772804260254,
      17.076812744140625,
      11.518763542175293,
      12.320425987243652,
      6.775450229644775,
      27.33814239501953,
      17.230506896972656,
      18.621978759765625,
      16.96127700805664,
      16.483610153198242,
      15.331488609313965,
      15.681243896484375,
      15.357605934143066,
      14.486947059631348,
      20.77780532836914
    ],
    [
      -6.208789825439453,
      16.82360076904297,
      6.623356342315674,
      40.866127014160156,
      9.093825340270996,
      34.471435546875,
      9.810477256774902,
      19.753557205200195,
      17.230506896972656,
      51.24942398071289,
      15.735893249511719,
      40.39818572998047,
      8.723536491394043,
      31.166048049926758,
      -0.7764675617218018,
      26.372501373291016,
      -0.8422242999076843,
      27.72806739807129
    ],
    [
      -1.9081929922103882,
      8.07574462890625,
      4.188316822052002,
      14.694504737854004,
      11.780681610107422,
      12.373302459716797,
      10.329913139343262,
      6.831656455993652,
      18.621978759765625,
      15.735893249511719,
      27.689281463623047,
      16.52875328063965,
      21.093242645263672,
      16.96277618408203,
      12.457839012145996,
      15.23090934753418,
      8.33640193939209,
      18.22857666015625
    ],
    [
      1.9755419492721558,
      -6.706999778747559,
      1.339308261871338,
      17.03923225402832,
      10.87049674987793,
      22.379383087158203,
      15.7862548828125,
      21.840499877929688,
      16.96127700805664,
      40.39818572998047,
      16.52875328063965,
      56.42749786376953,
      16.523683547973633,
      46.87603759765625,
      21.217388153076172,
      41.78937911987305,
      24.333005905151367,
      40.13370132446289
    ],
    [
      5.546977996826172,
      -5.115486145019531,
      1.0299094915390015,
      -0.08354097604751587,
      14.260913848876953,
      4.055662631988525,
      10.913742065429688,
      3.825152635574341,
      16.483610153198242,
      8.723536491394043,
      21.093242645263672,
      16.523683547973633,
      32.99178695678711,
      22.920486450195312,
      36.503482818603516,
      25.946346282958984,
      34.21772003173828,
      26.687068939208984
    ],
    [
      7.075901031494141,
      -14.195730209350586,
      -1.7041494846343994,
      3.0898334980010986,
      11.132498741149902,
      13.355745315551758,
      15.836304664611816,
      16.95198631286621,
      15.331488609313965,
      31.166048049926758,
      16.96277618408203,
      46.87603759765625,
      22.920486450195312,
      55.40131378173828,
      35.342506408691406,
      50.40863037109375,
      40.610469818115234,
      45.270050048828125
    ],
    [
      21.104799270629883,
      -36.36666488647461,
      -4.352218151092529,
      -31.864395141601562,
      25.182315826416016,
      -11.205850601196289,
      18.590007781982422,
      -0.1312410831451416,
      15.681243896484375,
      -0.7764675617218018,
      12.457839012145996,
      21.217388153076172,
      36.503482818603516,
      35.342506408691406,
      82.07918548583984,
      49.76728439331055,
      87.46409606933594,
      50.345375061035156
    ],
    [
      11.39632511138916,
      -14.34723949432373,
      -1.6389620304107666,
      3.366885185241699,
      17.28714370727539,
      13.258556365966797,
      17.206464767456055,
      12.226201057434082,
      15.357605934143066,
      26.372501373291016,
      15.23090934753418,
      41.78937911987305,
      25.946346282958984,
      50.40863037109375,
      49.76728439331055,
      62.639461517333984,
      57.17681884765625,
      55.028221130371094
    ],
    [
      23.969833374023438,
      -43.23052978515625,
      -5.968475341796875,
      -37.585872650146484,
      28.306732177734375,
      -12.16925048828125,
      19.71661949157715,
      -1.5584981441497803,
      14.486947059631348,
      -0.8422242999076843,
      8.33640193939209,
      24.333005905151367,
      34.21772003173828,
      40.610469818115234,
      87.46409606933594,
      57.17681884765625,
      102.51242065429688,
      57.49574661254883
    ],
    [
      13.723769187927246,
      -9.789655685424805,
      1.1968326568603516,
      3.8211967945098877,
      25.036190032958984,
      16.179738998413086,
      25.391082763671875,
      17.412105560302734,
      20.77780532836914,
      27.72806739807129,
      18.22857666015625,
      40.13370132446289,
      26.687068939208984,
      45.270050048828125,
      50.345375061035156,
      55.028221130371094,
      57.49574661254883,
      68.18929290771484
    ]
  ],
  "covariance_short": [
    [
      45.996192932128906,
      -6.238251209259033,
      -3.69073224067688,
      -34.01118850708008,
      1.9887374639511108,
      -16.261754989624023,
      1.7087149620056152,
      -2.2743468284606934,
      -7.1949357986450195,
      -10.594318389892578,
      -6.354471683502197,
      3.5840439796447754,
      3.841949701309204,
      11.254666328430176,
      27.534067153930664,
      19.825572967529297,
      34.41686248779297,
      20.49823760986328
    ],
    [
      -6.238251209259033,
      60.20309829711914,
      10.58313274383545,
      42.45197677612305,
      1.0564441680908203,
      24.743879318237305,
      -7.940998077392578,
      -3.243903875350952,
      4.253257751464844,
      10.914424896240234,
      5.5678629875183105,
      -6.1610589027404785,
      -0.854591965675354,
      -9.205253601074219,
      -21.10576629638672,
      -8.206631660461426,
      -24.656352996826172,
      -4.882363319396973
    ],
    [
      -3.69073224067688,
      10.58313274383545,
      15.49765682220459,
      19.224689483642578,
      7.209798812866211,
      10.226683616638184,
      0.6389287114143372,
      1.4945682287216187,
      6.11769962310791,
      6.7030439376831055,
      5.778014659881592,
      1.4280691146850586,
      3.5494322776794434,
      0.0068451231345534325,
      -2.551713705062866,
      -0.4168689548969269,
      -3.5260283946990967,
      2.030374526977539
    ],
    [
      -34.01118850708008,
      42.45197677612305,
      19.224689483642578,
      103.2901840209961,
      10.54135513305664,
      55.880611419677734,
      -0.23625926673412323,
      11.05781078338623,
      20.576738357543945,
      43.32698440551758,
      21.119853973388672,
      17.757036209106445,
      7.457031726837158,
      7.939353942871094,
      -27.534854888916016,
      4.652592182159424,
      -33.915374755859375,
      3.0299975872039795
    ],
    [
      1.9887374639511108,
      1.0564441680908203,
      7.209798812866211,
      10.54135513305664,
      42.23087692260742,
      20.541996002197266,
      17.57478141784668,
      7.613208293914795,
      23.206300735473633,
      15.558894157409668,
      17.154054641723633,
      15.60280704498291,
      12.765478134155273,
      14.696402549743652,
      17.904712677001953,
      18.04599380493164,
      20.73011589050293,
      24.481863021850586
    ],
    [
      -16.261754989624023,
      24.743879318237305,
      10.226683616638184,
      55.880611419677734,
      20.541996002197266,
      65.18939208984375,
      6.775721549987793,
      11.104883193969727,
      21.215312957763672,
      40.90813064575195,
      18.942771911621094,
      27.915395736694336,
      10.166244506835938,
      21.63084602355957,
      -8.169961929321289,
      19.21289825439453,
      -8.373777389526367,
      20.12177085876465
    ],
    [
      1.7087149620056152,
      -7.940998077392578,
      0.6389287114143372,
      -0.23625926673412323,
      17.57478141784668,
      6.775721549987793,
      41.16609191894531,
      26.41480827331543,
      21.545005798339844,
      16.88869285583496,
      19.344961166381836,
      25.3129825592041,
      16.518117904663086,
      24.087251663208008,
      19.90788459777832,
      23.81377410888672,
      21.918136596679688,
      29.71551513671875
    ],
    [
      -2.2743468284606934,
      -3.243903875350952,
      1.4945682287216187,
      11.05781078338623,
      7.613208293914795,
      11.104883193969727,
      26.41480827331543,
      51.01325225830078,
      14.98747444152832,
      27.28799819946289,
      14.34858226776123,
      33.95771026611328,
      11.796172142028809,
      29.447280883789062,
      7.937083721160889,
      24.035537719726562,
      9.348291397094727,
      27.21149253845215
    ],
    [
      -7.1949357986450195,
      4.253257751464844,
      6.11769962310791,
      20.576738357543945,
      23.206300735473633,
      21.215312957763672,
      21.545005798339844,
      14.98747444152832,
      46.011844635009766,
      29.082862854003906,
      35.27127456665039,
      27.283109664916992,
      27.158605575561523,
      27.03696632385254,
      17.808837890625,
      24.298316955566406,
      14.627121925354004,
      25.078845977783203
    ],
    [
      -10.594318389892578,
      10.914424896240234,
      6.7030439376831055,
      43.32698440551758,
      15.558894157409668,
      40.90813064575195,
      16.88869285583496,
      27.28799819946289,
      29.082862854003906,
      64.7711181640625,
      26.210031509399414,
      52.82313919067383,
      18.91270637512207,
      46.587032318115234,
      6.174743175506592,
      39.38493347167969,
      6.950456619262695,
      35.31953048706055
    ],
    [
      -6.354471683502197,
      5.5678629875183105,
      5.778014659881592,
      21.119853973388672,
      17.154054641723633,
      18.942771911621094,
      19.344961166381836,
      14.34858226776123,
      35.27127456665039,
      26.210031509399414,
      46.60202407836914,
      27.963651657104492,
      36.71178436279297,
      30.589962005615234,
      20.970508575439453,
      27.872161865234375,
      14.31566333770752,
      24.892507553100586
    ],
    [
      3.5840439796447754,
      -6.1610589027404785,
      1.4280691146850586,
      17.757036209106445,
      15.60280704498291,
      27.915395736694336,
      25.3129825592041,
      33.95771026611328,
      27.283109664916992,
      52.82313919067383,
      27.963651657104492,
      76.03649139404297,
      26.927776336669922,
      68.61978912353516,
      28.89898109436035,
      59.996463775634766,
      34.15882110595703,
      53.4102783203125
    ],
    [
      3.841949701309204,
      -0.854591965675354,
      3.5494322776794434,
      7.457031726837158,
      12.765478134155273,
      10.166244506835938,
      16.518117904663086,
      11.796172142028809,
      27.158605575561523,
      18.91270637512207,
      36.71178436279297,
      26.927776336669922,
      50.564212799072266,
      37.31358337402344,
      43.30290603637695,
      38.09746551513672,
      38.426815032958984,
      32.375545501708984
    ],
    [
      11.254666328430176,
      -9.205253601074219,
      0.0068451231345534325,
      7.939353942871094,
      14.696402549743652,
      21.63084602355957,
      24.087251663208008,
      29.447280883789062,
      27.03696632385254,
      46.587032318115234,
      30.589962005615234,
      68.61978912353516,
      37.31358337402344,
      86.3031234741211,
      46.1230354309082,
      77.90593719482422,
      53.198795318603516,
      64.2138671875
    ],
    [
      27.534067153930664,
      -21.10576629638672,
      -2.551713705062866,
      -27.534854888916016,
      17.904712677001953,
      -8.169961929321289,
      19.90788459777832,
      7.937083721160889,
      17.808837890625,
      6.174743175506592,
      20.970508575439453,
      28.89898109436035,
      43.30290603637695,
      46.1230354309082,
      83.63798522949219,
      61.876827239990234,
      88.57402038574219,
      54.58137893676758
    ],
    [
      19.825572967529297,
      -8.206631660461426,
      -0.4168689548969269,
      4.652592182159424,
      18.04599380493164,
      19.21289825439453,
      23.81377410888672,
      24.035537719726562,
      24.298316955566406,
      39.38493347167969,
      27.872161865234375,
      59.996463775634766,
      38.09746551513672,
      77.90593719482422,
      61.876827239990234,
      94.70946502685547,
      72.52946472167969,
      76.90628051757812
    ],
    [
      34.41686248779297,
      -24.656352996826172,
      -3.5260283946990967,
      -33.915374755859375,
      20.73011589050293,
      -8.373777389526367,
      21.918136596679688,
      9.348291397094727,
      14.627121925354004,
      6.950456619262695,
      14.31566333770752,
      34.15882110595703,
      38.426815032958984,
      53.198795318603516,
      88.57402038574219,
      72.52946472167969,
      107.90299224853516,
      66.73049926757812
    ],
    [
      20.49823760986328,
      -4.882363319396973,
      2.030374526977539,
      3.0299975872039795,
      24.481863021850586,
      20.12177085876465,
      29.71551513671875,
      27.21149253845215,
      25.078845977783203,
      35.31953048706055,
      24.892507553100586,
      53.4102783203125,
      32.375545501708984,
      64.2138671875,
      54.58137893676758,
      76.90628051757812,
      66.73049926757812,
      81.51502227783203
    ]
  ],
  "damage": -1.8515409231185913,
  "diff_bandwidth": 518.401123046875,
  "dissonance": 7.758142009303387,
  "drr": 2.8131401538848877,
  "dynamics": 2.380302667617798,
  "format": 1245190,
  "frames": 24174592,
  "loudness": -6.768932342529297,
  "loudness_range": 5.884427547454834,
  "loudness_range_short": 7.888230323791504,
  "lowpass_true_peak_15khz": 1.9381605386734009,
  "mastering3_acoustic_entropies": [
    {
      "acoustic_entropy": 7.764484405517578,
      "acoustic_entropy_mono": 7.452960968017578,
      "band_eliminated_acoustic_entropies": [
        {
          "acoustic_entropy": 7.852626800537109,
          "acoustic_entropy_side": 7.76487922668457,
          "hz": 129.47220167065723
        },
        {
          "acoustic_entropy": 7.899697303771973,
          "acoustic_entropy_side": 8.022266387939453,
          "hz": 202.92927478742237
        },
        {
          "acoustic_entropy": 9.030013084411621,
          "acoustic_entropy_side": 8.309880256652832,
          "hz": 282.89161906338205
        },
        {
          "acoustic_entropy": 7.884076118469238,
          "acoustic_entropy_side": 8.089475631713867,
          "hz": 369.9353335868758
        },
        {
          "acoustic_entropy": 8.010557174682617,
          "acoustic_entropy_side": 8.052050590515137,
          "hz": 464.6875360973435
        },
        {
          "acoustic_entropy": 8.327103614807129,
          "acoustic_entropy_side": 7.714926242828369,
          "hz": 567.8308811364784
        },
        {
          "acoustic_entropy": 8.276541709899902,
          "acoustic_entropy_side": 7.857118129730225,
          "hz": 680.1084783214808
        },
        {
          "acoustic_entropy": 8.126141548156738,
          "acoustic_entropy_side": 7.935042381286621,
          "hz": 802.3292461747484
        },
        {
          "acoustic_entropy": 7.925187110900879,
          "acoustic_entropy_side": 7.756651878356934,
          "hz": 935.3737400823702
        },
        {
          "acoustic_entropy": 7.714897155761719,
          "acoustic_entropy_side": 7.73045015335083,
          "hz": 1080.2004963696966
        },
        {
          "acoustic_entropy": 7.721438884735107,
          "acoustic_entropy_side": 7.718362331390381,
          "hz": 1237.8529382007157
        },
        {
          "acoustic_entropy": 7.8670501708984375,
          "acoustic_entropy_side": 7.75749397277832,
          "hz": 1409.4668930556702
        },
        {
          "acoustic_entropy": 7.956480979919434,
          "acoustic_entropy_side": 7.767157554626465,
          "hz": 1596.2787759475705
        },
        {
          "acoustic_entropy": 7.755433082580566,
          "acoustic_entropy_side": 7.729746341705322,
          "hz": 1799.6344973346393
        },
        {
          "acoustic_entropy": 7.449507713317871,
          "acoustic_entropy_side": 7.676550388336182,
          "hz": 2020.9991599069049
        },
        {
          "acoustic_entropy": 7.710034370422363,
          "acoustic_entropy_side": 7.669750213623047,
          "hz": 2261.9676141086993
        },
        {
          "acoustic_entropy": 7.493584632873535,
          "acoustic_entropy_side": 7.633309364318848,
          "hz": 2524.2759484456974
        },
        {
          "acoustic_entropy": 7.768380641937256,
          "acoustic_entropy_side": 7.663567543029785,
          "hz": 2809.813997359896
        },
        {
          "acoustic_entropy": 7.698946952819824,
          "acoustic_entropy_side": 7.58298921585083,
          "hz": 3120.6389567871424
        },
        {
          "acoustic_entropy": 7.320438385009766,
          "acoustic_entropy_side": 7.418827056884766,
          "hz": 3458.990205492291
        },
        {
          "acoustic_entropy": 7.3688249588012695,
          "acoustic_entropy_side": 7.635324001312256,
          "hz": 3827.305438964164
        },
        {
          "acoustic_entropy": 7.555113315582275,
          "acoustic_entropy_side": 7.370899677276611,
          "hz": 4228.238232109126
        },
        {
          "acoustic_entropy": 7.3391432762146,
          "acoustic_entropy_side": 7.676893711090088,
          "hz": 4664.6771572759235
        },
        {
          "acoustic_entropy": 7.571897029876709,
          "acoustic_entropy_side": 7.713296890258789,
          "hz": 5139.766595350093
        },
        {
          "acoustic_entropy": 7.568768501281738,
          "acoustic_entropy_side": 7.753718376159668,
          "hz": 5656.929389854203
        },
        {
          "acoustic_entropy": 7.620543003082275,
          "acoustic_entropy_side": 7.756254196166992,
          "hz": 6219.891507268283
        },
        {
          "acoustic_entropy": 7.725934028625488,
          "acoustic_entropy_side": 7.7522807121276855,
          "hz": 6832.70888123896
        },
        {
          "acoustic_entropy": 7.6972432136535645,
          "acoustic_entropy_side": 7.751204967498779,
          "hz": 7499.796634079867
        },
        {
          "acoustic_entropy": 7.669857978820801,
          "acoustic_entropy_side": 7.756985187530518,
          "hz": 8225.96088609342
        },
        {
          "acoustic_entropy": 7.730469226837158,
          "acoustic_entropy_side": 7.762119293212891,
          "hz": 9016.43338188839
        },
        {
          "acoustic_entropy": 7.769554138183594,
          "acoustic_entropy_side": 7.765110492706299,
          "hz": 9876.909183162974
        },
        {
          "acoustic_entropy": 7.820452690124512,
          "acoustic_entropy_side": 7.766567707061768,
          "hz": 10813.587699516042
        },
        {
          "acoustic_entropy": 7.893363952636719,
          "acoustic_entropy_side": 7.766428470611572,
          "hz": 11833.21735289826
        },
        {
          "acoustic_entropy": 7.875346660614014,
          "acoustic_entropy_side": 7.765323638916016,
          "hz": 12943.144197493959
        },
        {
          "acoustic_entropy": 7.823099613189697,
          "acoustic_entropy_side": 7.7647552490234375,
          "hz": 14151.364845322005
        },
        {
          "acoustic_entropy": 7.78082799911499,
          "acoustic_entropy_side": 7.764566898345947,
          "hz": 15466.58407886509
        },
        {
          "acoustic_entropy": 7.767652988433838,
          "acoustic_entropy_side": 7.764504909515381,
          "hz": 16898.27756580493
        },
        {
          "acoustic_entropy": 7.765034198760986,
          "acoustic_entropy_side": 7.764488220214844,
          "hz": 18456.760127700032
        },
        {
          "acoustic_entropy": 7.764634132385254,
          "acoustic_entropy_side": 7.7644853591918945,
          "hz": 20153.260054456492
        },
        {
          "acoustic_entropy": 7.764493942260742,
          "acoustic_entropy_side": 7.764484882354736,
          "hz": 22000.00000000001
        }
      ],
      "diff_acoustic_entropy": 6.46632719039917,
      "sn": 6
    },
    {
      "acoustic_entropy": 13.047414779663086,
      "acoustic_entropy_mono": 11.518449783325195,
      "band_eliminated_acoustic_entropies": [
        {
          "acoustic_entropy": 12.671388626098633,
          "acoustic_entropy_side": 13.04880428314209,
          "hz": 129.47220167065723
        },
        {
          "acoustic_entropy": 13.84409236907959,
          "acoustic_entropy_side": 13.0324125289917,
          "hz": 202.92927478742237
        },
        {
          "acoustic_entropy": 13.671128273010254,
          "acoustic_entropy_side": 13.016396522521973,
          "hz": 282.89161906338205
        },
        {
          "acoustic_entropy": 13.334282875061035,
          "acoustic_entropy_side": 13.163223266601562,
          "hz": 369.9353335868758
        },
        {
          "acoustic_entropy": 13.863609313964844,
          "acoustic_entropy_side": 13.071747779846191,
          "hz": 464.6875360973435
        },
        {
          "acoustic_entropy": 13.750383377075195,
          "acoustic_entropy_side": 13.197293281555176,
          "hz": 567.8308811364784
        },
        {
          "acoustic_entropy": 13.715959548950195,
          "acoustic_entropy_side": 13.099847793579102,
          "hz": 680.1084783214808
        },
        {
          "acoustic_entropy": 13.518332481384277,
          "acoustic_entropy_side": 13.281281471252441,
          "hz": 802.3292461747484
        },
        {
          "acoustic_entropy": 13.263792991638184,
          "acoustic_entropy_side": 13.346224784851074,
          "hz": 935.3737400823702
        },
        {
          "acoustic_entropy": 13.397308349609375,
          "acoustic_entropy_side": 13.602302551269531,
          "hz": 1080.2004963696966
        },
        {
          "acoustic_entropy": 12.625658988952637,
          "acoustic_entropy_side": 12.840087890625,
          "hz": 1237.8529382007157
        },
        {
          "acoustic_entropy": 12.81152629852295,
          "acoustic_entropy_side": 11.438457489013672,
          "hz": 1409.4668930556702
        },
        {
          "acoustic_entropy": 12.320140838623047,
          "acoustic_entropy_side": 12.454030990600586,
          "hz": 1596.2787759475705
        },
        {
          "acoustic_entropy": 12.908233642578125,
          "acoustic_entropy_side": 13.068493843078613,
          "hz": 1799.6344973346393
        },
        {
          "acoustic_entropy": 12.935588836669922,
          "acoustic_entropy_side": 13.00796127319336,
          "hz": 2020.9991599069049
        },
        {
          "acoustic_entropy": 13.011303901672363,
          "acoustic_entropy_side": 13.05403995513916,
          "hz": 2261.9676141086993
        },
        {
          "acoustic_entropy": 13.029901504516602,
          "acoustic_entropy_side": 13.044877052307129,
          "hz": 2524.2759484456974
        },
        {
          "acoustic_entropy": 13.010251998901367,
          "acoustic_entropy_side": 13.082806587219238,
          "hz": 2809.813997359896
        },
        {
          "acoustic_entropy": 12.92062759399414,
          "acoustic_entropy_side": 13.037333488464355,
          "hz": 3120.6389567871424
        },
        {
          "acoustic_entropy": 12.952640533447266,
          "acoustic_entropy_side": 13.060782432556152,
          "hz": 3458.990205492291
        },
        {
          "acoustic_entropy": 13.037881851196289,
          "acoustic_entropy_side": 13.019150733947754,
          "hz": 3827.305438964164
        },
        {
          "acoustic_entropy": 13.123313903808594,
          "acoustic_entropy_side": 13.125191688537598,
          "hz": 4228.238232109126
        },
        {
          "acoustic_entropy": 13.145716667175293,
          "acoustic_entropy_side": 13.114533424377441,
          "hz": 4664.6771572759235
        },
        {
          "acoustic_entropy": 12.984618186950684,
          "acoustic_entropy_side": 13.055048942565918,
          "hz": 5139.766595350093
        },
        {
          "acoustic_entropy": 12.98357105255127,
          "acoustic_entropy_side": 13.017610549926758,
          "hz": 5656.929389854203
        },
        {
          "acoustic_entropy": 12.997895240783691,
          "acoustic_entropy_side": 13.007206916809082,
          "hz": 6219.891507268283
        },
        {
          "acoustic_entropy": 13.009271621704102,
          "acoustic_entropy_side": 13.04325008392334,
          "hz": 6832.70888123896
        },
        {
          "acoustic_entropy": 13.003929138183594,
          "acoustic_entropy_side": 13.052459716796875,
          "hz": 7499.796634079867
        },
        {
          "acoustic_entropy": 12.971192359924316,
          "acoustic_entropy_side": 13.050630569458008,
          "hz": 8225.96088609342
        },
        {
          "acoustic_entropy": 12.953980445861816,
          "acoustic_entropy_side": 13.052206039428711,
          "hz": 9016.43338188839
        },
        {
          "acoustic_entropy": 12.85623550415039,
          "acoustic_entropy_side": 13.045463562011719,
          "hz": 9876.909183162974
        },
        {
          "acoustic_entropy": 12.893776893615723,
          "acoustic_entropy_side": 13.039780616760254,
          "hz": 10813.587699516042
        },
        {
          "acoustic_entropy": 12.842293739318848,
          "acoustic_entropy_side": 13.039377212524414,
          "hz": 11833.21735289826
        },
        {
          "acoustic_entropy": 12.886799812316895,
          "acoustic_entropy_side": 13.043498039245605,
          "hz": 12943.144197493959
        },
        {
          "acoustic_entropy": 12.951967239379883,
          "acoustic_entropy_side": 13.044777870178223,
          "hz": 14151.364845322005
        },
        {
          "acoustic_entropy": 13.009394645690918,
          "acoustic_entropy_side": 13.046774864196777,
          "hz": 15466.58407886509
        },
        {
          "acoustic_entropy": 13.039814949035645,
          "acoustic_entropy_side": 13.047327041625977,
          "hz": 16898.27756580493
        },
        {
          "acoustic_entropy": 13.044316291809082,
          "acoustic_entropy_side": 13.047408103942871,
          "hz": 18456.760127700032
        },
        {
          "acoustic_entropy": 13.045927047729492,
          "acoustic_entropy_side": 13.047408103942871,
          "hz": 20153.260054456492
        },
        {
          "acoustic_entropy": 13.047192573547363,
          "acoustic_entropy_side": 13.047416687011719,
          "hz": 22000.00000000001
        }
      ],
      "diff_acoustic_entropy": 11.032132148742676,
      "sn": 12
    },
    {
      "acoustic_entropy": 21.114473342895508,
      "acoustic_entropy_mono": 14.667353630065918,
      "band_eliminated_acoustic_entropies": [
        {
          "acoustic_entropy": 20.60895538330078,
          "acoustic_entropy_side": 21.253610610961914,
          "hz": 129.47220167065723
        },
        {
          "acoustic_entropy": 21.650005340576172,
          "acoustic_entropy_side": 21.207712173461914,
          "hz": 202.92927478742237
        },
        {
          "acoustic_entropy": 20.91961669921875,
          "acoustic_entropy_side": 20.582473754882812,
          "hz": 282.89161906338205
        },
        {
          "acoustic_entropy": 21.365509033203125,
          "acoustic_entropy_side": 21.25857925415039,
          "hz": 369.9353335868758
        },
        {
          "acoustic_entropy": 21.480451583862305,
          "acoustic_entropy_side": 21.558950424194336,
          "hz": 464.6875360973435
        },
        {
          "acoustic_entropy": 21.822185516357422,
          "acoustic_entropy_side": 21.872299194335938,
          "hz": 567.8308811364784
        },
        {
          "acoustic_entropy": 21.74656867980957,
          "acoustic_entropy_side": 21.073158264160156,
          "hz": 680.1084783214808
        },
        {
          "acoustic_entropy": 20.515451431274414,
          "acoustic_entropy_side": 21.335695266723633,
          "hz": 802.3292461747484
        },
        {
          "acoustic_entropy": 20.784460067749023,
          "acoustic_entropy_side": 20.42973518371582,
          "hz": 935.3737400823702
        },
        {
          "acoustic_entropy": 21.4088134765625,
          "acoustic_entropy_side": 21.25833511352539,
          "hz": 1080.2004963696966
        },
        {
          "acoustic_entropy": 20.570262908935547,
          "acoustic_entropy_side": 22.288965225219727,
          "hz": 1237.8529382007157
        },
        {
          "acoustic_entropy": 21.5338134765625,
          "acoustic_entropy_side": 21.836271286010742,
          "hz": 1409.4668930556702
        },
        {
          "acoustic_entropy": 20.580665588378906,
          "acoustic_entropy_side": 20.671497344970703,
          "hz": 1596.2787759475705
        },
        {
          "acoustic_entropy": 21.215389251708984,
          "acoustic_entropy_side": 21.37919807434082,
          "hz": 1799.6344973346393
        },
        {
          "acoustic_entropy": 21.147872924804688,
          "acoustic_entropy_side": 21.212127685546875,
          "hz": 2020.9991599069049
        },
        {
          "acoustic_entropy": 21.274940490722656,
          "acoustic_entropy_side": 21.27459144592285,
          "hz": 2261.9676141086993
        },
        {
          "acoustic_entropy": 21.248098373413086,
          "acoustic_entropy_side": 21.169696807861328,
          "hz": 2524.2759484456974
        },
        {
          "acoustic_entropy": 21.419790267944336,
