{
  "acoustic_entropy": 156.09835815429688,
  "bands": [
    {
      "high_freq": 148.1999969482422,
      "loudness": -24.462108612060547,
      "loudness_range": 29.67161750793457,
      "mid_mean": -21.074384689331055,
      "mid_to_side_loudness": -29.106706619262695,
      "mid_to_side_loudness_range": 30.217323303222656,
      "side_mean": -55.3254280090332
    },
    {
      "high_freq": 392.3793640136719,
      "loudness": -25.969762802124023,
      "loudness_range": 14.141695022583008,
      "low_freq": 148.1999969482422,
      "mid_mean": -23.102108001708984,
      "mid_to_side_loudness": -10.458864212036133,
      "mid_to_side_loudness_range": 18.692359924316406,
      "side_mean": -33.43796157836914
    },
    {
      "high_freq": 794.6976318359375,
      "loudness": -30.722312927246094,
      "loudness_range": 19.98880958557129,
      "low_freq": 392.3793640136719,
      "mid_mean": -28.279417037963867,
      "mid_to_side_loudness": -6.892541408538818,
      "mid_to_side_loudness_range": 14.414873123168945,
      "side_mean": -34.014312744140625
    },
    {
      "high_freq": 1457.5709228515625,
      "loudness": -37.1039924621582,
      "loudness_range": 15.56283950805664,
      "low_freq": 794.6976318359375,
      "mid_mean": -34.494747161865234,
      "mid_to_side_loudness": -8.243937492370605,
      "mid_to_side_loudness_range": 15.766423225402832,
      "side_mean": -42.208282470703125
    },
    {
      "high_freq": 2549.74365234375,
      "loudness": -37.54111862182617,
      "loudness_range": 14.401348114013672,
      "low_freq": 1457.5709228515625,
      "mid_mean": -34.997520446777344,
      "mid_to_side_loudness": -7.910911560058594,
      "mid_to_side_loudness_range": 11.493013381958008,
      "side_mean": -42.60917663574219
    },
    {
      "high_freq": 4349.24462890625,
      "loudness": -38.248470306396484,
      "loudness_range": 19.805208206176758,
      "low_freq": 2549.74365234375,
      "mid_mean": -35.64547348022461,
      "mid_to_side_loudness": -7.2702956199646,
      "mid_to_side_loudness_range": 9.196195602416992,
      "side_mean": -42.5407829284668
    },
    {
      "high_freq": 7314.1640625,
      "loudness": -37.22765350341797,
      "loudness_range": 20.107786178588867,
      "low_freq": 4349.24462890625,
      "mid_mean": -34.49455642700195,
      "mid_to_side_loudness": -6.788301944732666,
      "mid_to_side_loudness_range": 8.558589935302734,
      "side_mean": -41.08122253417969
    },
    {
      "high_freq": 12199.2666015625,
      "loudness": -40.06626892089844,
      "loudness_range": 14.295082092285156,
      "low_freq": 7314.1640625,
      "mid_mean": -37.4311637878418,
      "mid_to_side_loudness": -6.009751796722412,
      "mid_to_side_loudness_range": 8.056727409362793,
      "side_mean": -43.63507843017578
    },
    {
      "loudness": -47.88874053955078,
      "loudness_range": 19.98486328125,
      "low_freq": 12199.2666015625,
      "mid_mean": -45.26961898803711,
      "mid_to_side_loudness": -5.400752067565918,
      "mid_to_side_loudness_range": 8.094756126403809,
      "side_mean": -53.15140914916992
    }
  ],
  "bands_short": [
    {
      "high_freq": 148.1999969482422,
      "loudness": -31.02313995361328,
      "loudness_range": 40.25605010986328,
      "mid_mean": -30.092735290527344,
      "mid_to_side_loudness": -22.851057052612305,
      "mid_to_side_loudness_range": 36.785789489746094,
      "side_mean": -61.250125885009766
    },
    {
      "high_freq": 392.3793640136719,
      "loudness": -26.29962158203125,
      "loudness_range": 21.428497314453125,
      "low_freq": 148.1999969482422,
      "mid_mean": -23.74956703186035,
      "mid_to_side_loudness": -10.998372077941895,
      "mid_to_side_loudness_range": 20.774194717407227,
      "side_mean": -34.95043182373047
    },
    {
      "high_freq": 794.6976318359375,
      "loudness": -31.09953498840332,
      "loudness_range": 22.60456085205078,
      "low_freq": 392.3793640136719,
      "mid_mean": -29.219650268554688,
      "mid_to_side_loudness": -6.7579665184021,
      "mid_to_side_loudness_range": 16.867979049682617,
      "side_mean": -34.5400276184082
    },
    {
      "high_freq": 1457.5709228515625,
      "loudness": -37.961124420166016,
      "loudness_range": 20.95132827758789,
      "low_freq": 794.6976318359375,
      "mid_mean": -35.834327697753906,
      "mid_to_side_loudness": -7.38293981552124,
      "mid_to_side_loudness_range": 17.10899543762207,
      "side_mean": -42.21365737915039
    },
    {
      "high_freq": 2549.74365234375,
      "loudness": -39.77683639526367,
      "loudness_range": 21.313007354736328,
      "low_freq": 1457.5709228515625,
      "mid_mean": -37.77336502075195,
      "mid_to_side_loudness": -6.905433654785156,
      "mid_to_side_loudness_range": 14.774352073669434,
      "side_mean": -44.16033172607422
    },
    {
      "high_freq": 4349.24462890625,
      "loudness": -40.21807098388672,
      "loudness_range": 23.451030731201172,
      "low_freq": 2549.74365234375,
      "mid_mean": -38.110252380371094,
      "mid_to_side_loudness": -6.679051876068115,
      "mid_to_side_loudness_range": 11.863152503967285,
      "side_mean": -44.44441604614258
    },
    {
      "high_freq": 7314.1640625,
      "loudness": -38.91654586791992,
      "loudness_range": 24.841968536376953,
      "low_freq": 4349.24462890625,
      "mid_mean": -36.50340270996094,
      "mid_to_side_loudness": -6.4342827796936035,
      "mid_to_side_loudness_range": 9.73471736907959,
      "side_mean": -42.838531494140625
    },
    {
      "high_freq": 12199.2666015625,
      "loudness": -41.35670471191406,
      "loudness_range": 17.94976806640625,
      "low_freq": 7314.1640625,
      "mid_mean": -38.816341400146484,
      "mid_to_side_loudness": -6.3733391761779785,
      "mid_to_side_loudness_range": 9.127470970153809,
      "side_mean": -45.39659881591797
    },
    {
      "loudness": -51.563316345214844,
      "loudness_range": 27.494182586669922,
      "low_freq": 12199.2666015625,
      "mid_mean": -51.93168640136719,
      "mid_to_side_loudness": -5.5577073097229,
      "mid_to_side_loudness_range": 8.336565017700195,
      "side_mean": -56.78875732421875
    }
  ],
  "bandwidth": 290.9982604980469,
  "channels": 2,
  "covariance": [
    [
      100.63565826416016,
      28.435802459716797,
      23.074983596801758,
      10.181788444519043,
      1.724109172821045,
      0.7780296802520752,
      7.687025547027588,
      14.468445777893066,
      1.799301266670227,
      3.93967866897583,
      4.789498329162598,
      9.236083984375,
      8.749032974243164,
      16.23134994506836,
      9.449508666992188,
      16.359329223632812,
      16.042306900024414,
      37.778770446777344
    ],
    [
      28.435802459716797,
      60.946651458740234,
      17.682769775390625,
      15.077089309692383,
      15.04893684387207,
      8.564329147338867,
      15.047940254211426,
      21.079011917114258,
      14.866429328918457,
      14.417353630065918,
      16.559690475463867,
      16.25271987915039,
      16.807865142822266,
      15.875787734985352,
      6.73884916305542,
      4.54342794418335,
      5.682034492492676,
      18.947866439819336
    ],
    [
      23.074983596801758,
      17.682769775390625,
      34.170223236083984,
      30.91064453125,
      14.567378044128418,
      12.459545135498047,
      10.779339790344238,
      14.267495155334473,
      10.728614807128906,
      11.611268043518066,
      10.892502784729004,
      11.086130142211914,
      5.672613620758057,
      4.5696611404418945,
      2.8216235637664795,
      2.6101186275482178,
      0.6488502621650696,
      12.26280689239502
    ],
    [
      10.181788444519043,
      15.077089309692383,
      30.91064453125,
      80.1686019897461,
      23.832447052001953,
      37.33792495727539,
      14.678776741027832,
      26.34981918334961,
      10.239027976989746,
      20.711387634277344,
      12.531911849975586,
      18.58689308166504,
      1.388857126235962,
      3.1354899406433105,
      0.5324183702468872,
      0.614357590675354,
      -6.02164363861084,
      7.905778408050537
    ],
    [
      1.724109172821045,
      15.04893684387207,
      14.567378044128418,
      23.832447052001953,
      39.299949645996094,
      42.39032745361328,
      18.313087463378906,
      29.52910041809082,
      23.771535873413086,
      34.08262634277344,
      22.715286254882812,
      23.67626953125,
      17.23177146911621,
      14.80827808380127,
      7.954204082489014,
      5.055068016052246,
      6.92710018157959,
      10.392496109008789
    ],
    [
      0.7780296802520752,
      8.564329147338867,
      12.459545135498047,
      37.33792495727539,
      42.39032745361328,
      79.24285125732422,
      17.786252975463867,
      40.4642333984375,
      25.491056442260742,
      47.054710388183594,
      22.646183013916016,
      28.490123748779297,
      15.868999481201172,
      15.491218566894531,
      9.313579559326172,
      5.413696765899658,
      6.06260871887207,
      11.465536117553711
    ],
    [
      7.687025547027588,
      15.047940254211426,
      10.779339790344238,
      14.678776741027832,
      18.313087463378906,
      17.786252975463867,
      26.876197814941406,
      33.35171127319336,
      24.386972427368164,
      28.057565689086914,
      22.189096450805664,
      21.657482147216797,
      21.27106475830078,
      19.075702667236328,
      12.468335151672363,
      9.881446838378906,
      12.340615272521973,
      12.327566146850586
    ],
    [
      14.468445777893066,
      21.079011917114258,
      14.267495155334473,
      26.34981918334961,
      29.52910041809082,
      40.4642333984375,
      33.35171127319336,
      71.837890625,
      33.43328094482422,
      51.76390838623047,
      32.983055114746094,
      40.67525100708008,
      34.2755012512207,
      34.20643615722656,
      19.631433486938477,
      16.767995834350586,
      22.23796844482422,
      20.2947940826416
    ],
    [
      1.799301266670227,
      14.866429328918457,
      10.728614807128906,
      10.239027976989746,
      23.771535873413086,
      25.491056442260742,
      24.386972427368164,
      33.43328094482422,
      39.172874450683594,
      40.25313949584961,
      29.97026824951172,
      25.556608200073242,
      27.1044864654541,
      20.823509216308594,
      15.002960205078125,
      9.552865982055664,
      11.619429588317871,
      11.032368659973145
    ],
    [
      3.93967866897583,
      14.417353630065918,
      11.611268043518066,
      20.711387634277344,
      34.08262634277344,
      47.054710388183594,
      28.057565689086914,
      51.76390838623047,
      40.25313949584961,
      61.22412872314453,
      34.83409118652344,
      39.285675048828125,
      31.764860153198242,
      30.870145797729492,
      19.754304885864258,
      15.879413604736328,
      20.16771125793457,
      20.49433135986328
    ],
    [
      4.789498329162598,
      16.559690475463867,
      10.892502784729004,
      12.531911849975586,
      22.715286254882812,
      22.646183013916016,
      22.189096450805664,
      32.983055114746094,
      29.97026824951172,
      34.83409118652344,
      47.50284194946289,
      45.11054229736328,
      44.27012252807617,
      40.03070068359375,
      24.817548751831055,
      21.58126449584961,
      28.163570404052734,
      24.46550941467285
    ],
    [
      9.236083984375,
      16.25271987915039,
      11.086130142211914,
      18.58689308166504,
      23.67626953125,
      28.490123748779297,
      21.657482147216797,
      40.67525100708008,
      25.556608200073242,
      39.285675048828125,
      45.11054229736328,
      53.65325927734375,
      45.41663360595703,
      46.73431396484375,
      27.630603790283203,
      27.11231231689453,
      33.900638580322266,
      31.20865249633789
    ],
    [
      8.749032974243164,
      16.807865142822266,
      5.672613620758057,
      1.388857126235962,
      17.23177146911621,
      15.868999481201172,
      21.27106475830078,
      34.2755012512207,
      27.1044864654541,
      31.764860153198242,
      44.27012252807617,
      45.41663360595703,
      56.53660202026367,
      52.99760818481445,
      32.94652557373047,
      29.975021362304688,
      40.733787536621094,
      31.660314559936523
    ],
    [
      16.23134994506836,
      15.875787734985352,
      4.5696611404418945,
      3.1354899406433105,
      14.80827808380127,
      15.491218566894531,
      19.075702667236328,
      34.20643615722656,
      20.823509216308594,
      30.870145797729492,
      40.03070068359375,
      46.73431396484375,
      52.99760818481445,
      56.24790573120117,
      33.770606994628906,
      34.93205261230469,
      44.403350830078125,
      38.58819580078125
    ],
    [
      9.449508666992188,
      6.73884916305542,
      2.8216235637664795,
      0.5324183702468872,
      7.954204082489014,
      9.313579559326172,
      12.468335151672363,
      19.631433486938477,
      15.002960205078125,
      19.754304885864258,
      24.817548751831055,
      27.630603790283203,
      32.94652557373047,
      33.770606994628906,
      25.015771865844727,
      24.71455955505371,
      31.604581832885742,
      27.531919479370117
    ],
    [
      16.359329223632812,
      4.54342794418335,
      2.6101186275482178,
      0.614357590675354,
      5.055068016052246,
      5.413696765899658,
      9.881446838378906,
      16.767995834350586,
      9.552865982055664,
      15.879413604736328,
      21.58126449584961,
      27.11231231689453,
      29.975021362304688,
      34.93205261230469,
      24.71455955505371,
      30.911638259887695,
      35.08378219604492,
      34.19774627685547
    ],
    [
      16.042306900024414,
      5.682034492492676,
      0.6488502621650696,
      -6.02164363861084,
      6.92710018157959,
      6.06260871887207,
      12.340615272521973,
      22.23796844482422,
      11.619429588317871,
      20.16771125793457,
      28.163570404052734,
      33.900638580322266,
      40.733787536621094,
      44.403350830078125,
      31.604581832885742,
      35.08378219604492,
      48.31684112548828,
      43.23051071166992
    ],
    [
      37.778770446777344,
      18.947866439819336,
      12.26280689239502,
      7.905778408050537,
      10.392496109008789,
      11.465536117553711,
      12.327566146850586,
      20.2947940826416,
      11.032368659973145,
      20.49433135986328,
      24.46550941467285,
      31.20865249633789,
      31.660314559936523,
      38.58819580078125,
      27.531919479370117,
      34.19774627685547,
      43.23051071166992,
      73.2533187866211
    ]
  ],
  "covariance_short": [
    [
      275.3910827636719,
      46.02812576293945,
      60.454532623291016,
      8.810232162475586,
      8.867622375488281,
      0.47082608938217163,
      23.192310333251953,
      19.827186584472656,
      2.4969842433929443,
      2.8646936416625977,
      23.84367561340332,
      22.018535614013672,
      25.697860717773438,
      33.68259811401367,
      18.651704788208008,
      35.64986038208008,
      64.54745483398438,
      62.47529220581055
    ],
    [
      46.02812576293945,
      46.68267822265625,
      22.490415573120117,
      15.677691459655762,
      13.699045181274414,
      5.453517913818359,
      19.956363677978516,
      19.865243911743164,
      16.265579223632812,
      14.881498336791992,
      20.758668899536133,
      20.763378143310547,
      15.633506774902344,
      15.6591796875,
      10.657886505126953,
      10.2864351272583,
      22.994853973388672,
      19.546175003051758
    ],
    [
      60.454532623291016,
      22.490415573120117,
      71.49958038330078,
      40.45146179199219,
      23.5839900970459,
      14.490954399108887,
      22.077600479125977,
      20.85141944885254,
      15.05902099609375,
      13.847236633300781,
      19.04662322998047,
      19.857757568359375,
      12.836849212646484,
      13.217812538146973,
      9.273639678955078,
      10.984362602233887,
      29.005617141723633,
      23.752286911010742
    ],
    [
      8.810232162475586,
      15.677691459655762,
      40.45146179199219,
      89.11853790283203,
      24.137990951538086,
      32.5110969543457,
      21.326461791992188,
      29.061094284057617,
      10.112597465515137,
      16.238107681274414,
      12.686990737915039,
      16.91584014892578,
      2.391981601715088,
      2.4136765003204346,
      1.746516227722168,
      -1.0651856660842896,
      14.986532211303711,
      7.521485328674316
    ],
    [
      8.867622375488281,
      13.699045181274414,
      23.5839900970459,
      24.137990951538086,
      65.59868621826172,
      57.43670654296875,
      33.198829650878906,
      35.18019104003906,
      40.653316497802734,
      45.35703659057617,
      34.9720458984375,
      34.09249496459961,
      24.04210662841797,
      22.295997619628906,
      15.55663013458252,
      12.85241985321045,
      31.710786819458008,
      23.55136489868164
    ],
    [
      0.47082608938217163,
      5.453517913818359,
      14.490954399108887,
      32.5110969543457,
      57.43670654296875,
      94.04901885986328,
      24.658267974853516,
      37.97335433959961,
      35.84810256958008,
      51.2520751953125,
      29.710174560546875,
      32.22108459472656,
      16.985647201538086,
      17.908552169799805,
      11.446429252624512,
      9.869253158569336,
      27.582727432250977,
      19.668344497680664
    ],
    [
      23.192310333251953,
      19.956363677978516,
      22.077600479125977,
      21.326461791992188,
      33.198829650878906,
      24.658267974853516,
      55.58930969238281,
      49.40249252319336,
      42.000038146972656,
      38.466793060302734,
      37.470924377441406,
      35.55699157714844,
      29.6950626373291,
      27.057451248168945,
      19.3605899810791,
      16.94666862487793,
      30.575212478637695,
      23.68772315979004
    ],
    [
      19.827186584472656,
      19.865243911743164,
      20.85141944885254,
      29.061094284057617,
      35.18019104003906,
      37.97335433959961,
      49.40249252319336,
      83.09542083740234,
      38.99781799316406,
      51.787086486816406,
      39.783573150634766,
      46.676883697509766,
      35.18800735473633,
      36.57609176635742,
      21.210439682006836,
      20.840797424316406,
      34.30772399902344,
      26.66088104248047
    ],
    [
      2.4969842433929443,
      16.265579223632812,
      15.05902099609375,
      10.112597465515137,
      40.653316497802734,
      35.84810256958008,
      42.000038146972656,
      38.99781799316406,
      69.2513656616211,
      57.06737518310547,
      50.57767105102539,
      42.74223709106445,
      37.429386138916016,
      32.17761993408203,
      25.5386905670166,
      20.877809524536133,
      43.99214172363281,
      32.91740798950195
    ],
    [
      2.8646936416625977,
      14.881498336791992,
      13.847236633300781,
      16.238107681274414,
      45.35703659057617,
      51.2520751953125,
      38.466793060302734,
      51.787086486816406,
      57.06737518310547,
      74.1807861328125,
      48.57136154174805,
      50.84558868408203,
      37.856101989746094,
      37.27053451538086,
      26.041183471679688,
      23.800189971923828,
      44.096675872802734,
      34.65974044799805
    ],
    [
      23.84367561340332,
      20.758668899536133,
      19.04662322998047,
      12.686990737915039,
      34.9720458984375,
      29.710174560546875,
      37.470924377441406,
      39.783573150634766,
      50.57767105102539,
      48.57136154174805,
      76.77642822265625,
      66.79703521728516,
      59.73495864868164,
      55.639461517333984,
      37.69301986694336,
      38.394752502441406,
      63.934627532958984,
      53.63423538208008
    ],
    [
      22.018535614013672,
      20.763378143310547,
      19.857757568359375,
      16.91584014892578,
      34.09249496459961,
      32.22108459472656,
      35.55699157714844,
      46.676883697509766,
      42.74223709106445,
      50.84558868408203,
      66.79703521728516,
      78.90625,
      60.633296966552734,
      62.21943664550781,
      38.394554138183594,
      41.25154495239258,
      61.696720123291016,
      53.25126647949219
    ],
    [
      25.697860717773438,
      15.633506774902344,
      12.836849212646484,
      2.391981601715088,
      24.04210662841797,
      16.985647201538086,
      29.6950626373291,
      35.18800735473633,
      37.429386138916016,
      37.856101989746094,
      59.73495864868164,
      60.633296966552734,
      73.284912109375,
      67.46249389648438,
      45.21876907348633,
      45.66440200805664,
      64.70588684082031,
      54.228843688964844
    ],
    [
      33.68259811401367,
      15.6591796875,
      13.217812538146973,
      2.4136765003204346,
      22.295997619628906,
      17.908552169799805,
      27.057451248168945,
      36.57609176635742,
      32.17761993408203,
      37.27053451538086,
      55.639461517333984,
      62.21943664550781,
      67.46249389648438,
      74.25291442871094,
      44.94114685058594,
      50.10045623779297,
      65.2462387084961,
      57.60450744628906
    ],
    [
      18.651704788208008,
      10.657886505126953,
      9.273639678955078,
      1.746516227722168,
      15.55663013458252,
      11.446429252624512,
      19.3605899810791,
      21.210439682006836,
      25.5386905670166,
      26.041183471679688,
      37.69301986694336,
      38.394554138183594,
      45.21876907348633,
      44.94114685058594,
      41.63115692138672,
      39.83139419555664,
      55.618804931640625,
      48.530391693115234
    ],
    [
      35.64986038208008,
      10.2864351272583,
      10.984362602233887,
      -1.0651856660842896,
      12.85241985321045,
      9.869253158569336,
      16.94666862487793,
      20.840797424316406,
      20.877809524536133,
      23.800189971923828,
      38.394752502441406,
      41.25154495239258,
      45.66440200805664,
      50.10045623779297,
      39.83139419555664,
      49.30848693847656,
      57.95159912109375,
      55.08650588989258
    ],
    [
      64.54745483398438,
      22.994853973388672,
      29.005617141723633,
      14.986532211303711,
      31.710786819458008,
      27.582727432250977,
      30.575212478637695,
      34.30772399902344,
      43.99214172363281,
      44.096675872802734,
      63.934627532958984,
      61.696720123291016,
      64.70588684082031,
      65.2462387084961,
      55.618804931640625,
      57.95159912109375,
      122.93356323242188,
      102.14884185791016
    ],
    [
      62.47529220581055,
      19.546175003051758,
      23.752286911010742,
      7.521485328674316,
      23.55136489868164,
      19.668344497680664,
      23.68772315979004,
      26.66088104248047,
      32.91740798950195,
      34.65974044799805,
      53.63423538208008,
      53.25126647949219,
      54.228843688964844,
      57.60450744628906,
      48.530391693115234,
      55.08650588989258,
      102.14884185791016,
      89.84861755371094
    ]
  ],
  "damage": -7.302626132965088,
  "diff_bandwidth": 296.31494140625,
  "dissonance": 6.296388168217614,
  "drr": 3.047772169113159,
  "dynamics": 4.1543378829956055,
  "format": 1245190,
  "frames": 2723840,
  "loudness": -14.976178169250488,
  "loudness_range": 10.659891128540039,
  "loudness_range_short": 19.37350845336914,
  "lowpass_true_peak_15khz": 0.053494472056627274,
  "mastering3_acoustic_entropies": [
    {
      "acoustic_entropy": 9.931687355041504,
      "acoustic_entropy_mono": 8.973995208740234,
      "band_eliminated_acoustic_entropies": [
        {
          "acoustic_entropy": 9.917705535888672,
          "acoustic_entropy_side": 9.931697845458984,
          "hz": 129.47220167065723
        },
        {
          "acoustic_entropy": 9.769594192504883,
          "acoustic_entropy_side": 9.92951774597168,
          "hz": 202.92927478742237
        },
        {
          "acoustic_entropy": 10.58636474609375,
          "acoustic_entropy_side": 9.958623886108398,
          "hz": 282.89161906338205
        },
        {
          "acoustic_entropy": 9.804880142211914,
          "acoustic_entropy_side": 10.088032722473145,
          "hz": 369.9353335868758
        },
        {
          "acoustic_entropy": 9.220979690551758,
          "acoustic_entropy_side": 9.739758491516113,
          "hz": 464.6875360973435
        },
        {
          "acoustic_entropy": 9.683113098144531,
          "acoustic_entropy_side": 9.85853385925293,
          "hz": 567.8308811364784
        },
        {
          "acoustic_entropy": 9.76215934753418,
          "acoustic_entropy_side": 10.018779754638672,
          "hz": 680.1084783214808
        },
        {
          "acoustic_entropy": 9.968353271484375,
          "acoustic_entropy_side": 9.833377838134766,
          "hz": 802.3292461747484
        },
        {
          "acoustic_entropy": 10.276435852050781,
          "acoustic_entropy_side": 9.629716873168945,
          "hz": 935.3737400823702
        },
        {
          "acoustic_entropy": 10.087550163269043,
          "acoustic_entropy_side": 9.984530448913574,
          "hz": 1080.2004963696966
        },
        {
          "acoustic_entropy": 9.545612335205078,
          "acoustic_entropy_side": 9.56080150604248,
          "hz": 1237.8529382007157
        },
        {
          "acoustic_entropy": 10.17694091796875,
          "acoustic_entropy_side": 10.101491928100586,
          "hz": 1409.4668930556702
        },
        {
          "acoustic_entropy": 9.742259979248047,
          "acoustic_entropy_side": 9.873373985290527,
          "hz": 1596.2787759475705
        },
        {
          "acoustic_entropy": 9.558249473571777,
          "acoustic_entropy_side": 9.774012565612793,
          "hz": 1799.6344973346393
        },
        {
          "acoustic_entropy": 9.859919548034668,
          "acoustic_entropy_side": 9.661819458007812,
          "hz": 2020.9991599069049
        },
        {
          "acoustic_entropy": 10.027535438537598,
          "acoustic_entropy_side": 9.638176918029785,
          "hz": 2261.9676141086993
        },
        {
          "acoustic_entropy": 10.038498878479004,
          "acoustic_entropy_side": 9.945676803588867,
          "hz": 2524.2759484456974
        },
        {
          "acoustic_entropy": 10.033099174499512,
          "acoustic_entropy_side": 9.967281341552734,
          "hz": 2809.813997359896
        },
        {
          "acoustic_entropy": 10.089140892028809,
          "acoustic_entropy_side": 10.124711990356445,
          "hz": 3120.6389567871424
        },
        {
          "acoustic_entropy": 9.830988883972168,
          "acoustic_entropy_side": 9.879615783691406,
          "hz": 3458.990205492291
        },
        {
          "acoustic_entropy": 9.859384536743164,
          "acoustic_entropy_side": 9.861435890197754,
          "hz": 3827.305438964164
        },
        {
          "acoustic_entropy": 9.956169128417969,
          "acoustic_entropy_side": 9.941080093383789,
          "hz": 4228.238232109126
        },
        {
          "acoustic_entropy": 9.960251808166504,
          "acoustic_entropy_side": 9.931734085083008,
          "hz": 4664.6771572759235
        },
        {
          "acoustic_entropy": 9.98434829711914,
          "acoustic_entropy_side": 9.959772109985352,
          "hz": 5139.766595350093
        },
        {
          "acoustic_entropy": 9.809925079345703,
          "acoustic_entropy_side": 9.894999504089355,
          "hz": 5656.929389854203
        },
        {
          "acoustic_entropy": 9.902791023254395,
          "acoustic_entropy_side": 9.941609382629395,
          "hz": 6219.891507268283
        },
        {
          "acoustic_entropy": 9.17453384399414,
          "acoustic_entropy_side": 9.803104400634766,
          "hz": 6832.70888123896
        },
        {
          "acoustic_entropy": 9.820578575134277,
          "acoustic_entropy_side": 9.936383247375488,
          "hz": 7499.796634079867
        },
        {
          "acoustic_entropy": 9.910781860351562,
          "acoustic_entropy_side": 9.903374671936035,
          "hz": 8225.96088609342
        },
        {
          "acoustic_entropy": 9.980603218078613,
          "acoustic_entropy_side": 9.954304695129395,
          "hz": 9016.43338188839
        },
        {
          "acoustic_entropy": 9.956185340881348,
          "acoustic_entropy_side": 9.954631805419922,
          "hz": 9876.909183162974
        },
        {
          "acoustic_entropy": 10.031164169311523,
          "acoustic_entropy_side": 9.97111701965332,
          "hz": 10813.587699516042
        },
        {
          "acoustic_entropy": 9.913541793823242,
          "acoustic_entropy_side": 9.909632682800293,
          "hz": 11833.21735289826
        },
        {
          "acoustic_entropy": 10.008199691772461,
          "acoustic_entropy_side": 9.937283515930176,
          "hz": 12943.144197493959
        },
        {
          "acoustic_entropy": 10.050497055053711,
          "acoustic_entropy_side": 9.9589204788208,
          "hz": 14151.364845322005
        },
        {
          "acoustic_entropy": 9.882843017578125,
          "acoustic_entropy_side": 9.905501365661621,
          "hz": 15466.58407886509
        },
        {
          "acoustic_entropy": 10.057875633239746,
          "acoustic_entropy_side": 9.947429656982422,
          "hz": 16898.27756580493
        },
        {
          "acoustic_entropy": 9.89995288848877,
          "acoustic_entropy_side": 9.91616439819336,
          "hz": 18456.760127700032
        },
        {
          "acoustic_entropy": 9.968517303466797,
          "acoustic_entropy_side": 9.933623313903809,
          "hz": 20153.260054456492
        },
        {
          "acoustic_entropy": 9.938426971435547,
          "acoustic_entropy_side": 9.932018280029297,
          "hz": 22000.00000000001
        }
      ],
      "diff_acoustic_entropy": 8.326532363891602,
      "sn": 6
    },
    {
      "acoustic_entropy": 14.255520820617676,
      "acoustic_entropy_mono": 13.48628044128418,
      "band_eliminated_acoustic_entropies": [
        {
          "acoustic_entropy": 14.060551643371582,
          "acoustic_entropy_side": 14.255517959594727,
          "hz": 129.47220167065723
        },
        {
          "acoustic_entropy": 14.216217994689941,
          "acoustic_entropy_side": 14.26047134399414,
          "hz": 202.92927478742237
        },
        {
          "acoustic_entropy": 15.023918151855469,
          "acoustic_entropy_side": 14.40203857421875,
          "hz": 282.89161906338205
        },
        {
          "acoustic_entropy": 13.605592727661133,
          "acoustic_entropy_side": 14.383363723754883,
          "hz": 369.9353335868758
        },
        {
          "acoustic_entropy": 14.039738655090332,
          "acoustic_entropy_side": 14.530179977416992,
          "hz": 464.6875360973435
        },
        {
          "acoustic_entropy": 14.809822082519531,
          "acoustic_entropy_side": 14.790122985839844,
          "hz": 567.8308811364784
        },
        {
          "acoustic_entropy": 14.351627349853516,
          "acoustic_entropy_side": 14.442041397094727,
          "hz": 680.1084783214808
        },
        {
          "acoustic_entropy": 14.87559986114502,
          "acoustic_entropy_side": 14.365554809570312,
          "hz": 802.3292461747484
        },
        {
          "acoustic_entropy": 14.969504356384277,
          "acoustic_entropy_side": 14.831095695495605,
          "hz": 935.3737400823702
        },
        {
          "acoustic_entropy": 13.790567398071289,
          "acoustic_entropy_side": 13.926520347595215,
          "hz": 1080.2004963696966
        },
        {
          "acoustic_entropy": 14.562482833862305,
          "acoustic_entropy_side": 14.96556282043457,
          "hz": 1237.8529382007157
        },
        {
          "acoustic_entropy": 14.279511451721191,
          "acoustic_entropy_side": 14.244668960571289,
          "hz": 1409.4668930556702
        },
        {
          "acoustic_entropy": 14.234524726867676,
          "acoustic_entropy_side": 14.16873836517334,
          "hz": 1596.2787759475705
        },
        {
          "acoustic_entropy": 14.437935829162598,
          "acoustic_entropy_side": 14.22144889831543,
          "hz": 1799.6344973346393
        },
        {
          "acoustic_entropy": 14.437979698181152,
          "acoustic_entropy_side": 14.15109920501709,
          "hz": 2020.9991599069049
        },
        {
          "acoustic_entropy": 14.495777130126953,
          "acoustic_entropy_side": 14.269793510437012,
          "hz": 2261.9676141086993
        },
        {
          "acoustic_entropy": 14.406256675720215,
          "acoustic_entropy_side": 14.229135513305664,
          "hz": 2524.2759484456974
        },
        {
          "acoustic_entropy": 14.209745407104492,
          "acoustic_entropy_side": 14.22359561920166,
          "hz": 2809.813997359896
        },
        {
          "acoustic_entropy": 14.333383560180664,
          "acoustic_entropy_side": 14.359855651855469,
          "hz": 3120.6389567871424
        },
        {
          "acoustic_entropy": 14.308425903320312,
          "acoustic_entropy_side": 14.251143455505371,
          "hz": 3458.990205492291
        },
        {
          "acoustic_entropy": 14.011693000793457,
          "acoustic_entropy_side": 14.12919807434082,
          "hz": 3827.305438964164
        },
        {
          "acoustic_entropy": 14.290515899658203,
          "acoustic_entropy_side": 14.255796432495117,
          "hz": 4228.238232109126
        },
        {
          "acoustic_entropy": 14.300812721252441,
          "acoustic_entropy_side": 14.24804401397705,
          "hz": 4664.6771572759235
        },
        {
          "acoustic_entropy": 14.208060264587402,
          "acoustic_entropy_side": 14.248653411865234,
          "hz": 5139.766595350093
        },
        {
          "acoustic_entropy": 14.240195274353027,
          "acoustic_entropy_side": 14.19218921661377,
          "hz": 5656.929389854203
        },
        {
          "acoustic_entropy": 14.19856071472168,
          "acoustic_entropy_side": 14.259145736694336,
          "hz": 6219.891507268283
        },
        {
          "acoustic_entropy": 14.197327613830566,
          "acoustic_entropy_side": 14.393852233886719,
          "hz": 6832.70888123896
        },
        {
          "acoustic_entropy": 14.17602825164795,
          "acoustic_entropy_side": 14.23962688446045,
          "hz": 7499.796634079867
        },
        {
          "acoustic_entropy": 14.341208457946777,
          "acoustic_entropy_side": 14.261930465698242,
          "hz": 8225.96088609342
        },
        {
          "acoustic_entropy": 14.311661720275879,
          "acoustic_entropy_side": 14.294576644897461,
          "hz": 9016.43338188839
        },
        {
          "acoustic_entropy": 14.241571426391602,
          "acoustic_entropy_side": 14.251930236816406,
          "hz": 9876.909183162974
        },
        {
          "acoustic_entropy": 14.409281730651855,
          "acoustic_entropy_side": 14.404462814331055,
          "hz": 10813.587699516042
        },
        {
          "acoustic_entropy": 14.27651596069336,
          "acoustic_entropy_side": 14.277056694030762,
          "hz": 11833.21735289826
        },
        {
          "acoustic_entropy": 14.114562034606934,
          "acoustic_entropy_side": 14.21745777130127,
          "hz": 12943.144197493959
        },
        {
          "acoustic_entropy": 14.36778450012207,
          "acoustic_entropy_side": 14.398914337158203,
          "hz": 14151.364845322005
        },
        {
          "acoustic_entropy": 14.17674732208252,
          "acoustic_entropy_side": 14.257838249206543,
          "hz": 15466.58407886509
        },
        {
          "acoustic_entropy": 14.125358581542969,
          "acoustic_entropy_side": 14.240211486816406,
          "hz": 16898.27756580493
        },
        {
          "acoustic_entropy": 14.084283828735352,
          "acoustic_entropy_side": 14.228423118591309,
          "hz": 18456.760127700032
        },
        {
          "acoustic_entropy": 14.17959213256836,
          "acoustic_entropy_side": 14.253600120544434,
          "hz": 20153.260054456492
        },
        {
          "acoustic_entropy": 14.234342575073242,
          "acoustic_entropy_side": 14.253978729248047,
          "hz": 22000.00000000001
        }
      ],
      "diff_acoustic_entropy": 12.13087272644043,
      "sn": 12
    },
    {
      "acoustic_entropy": 22.3553409576416,
      "acoustic_entropy_mono": 17.71683120727539,
      "band_eliminated_acoustic_entropies": [
        {
          "acoustic_entropy": 22.38901710510254,
          "acoustic_entropy_side": 22.35392189025879,
          "hz": 129.47220167065723
        },
        {
          "acoustic_entropy": 22.242103576660156,
          "acoustic_entropy_side": 22.292285919189453,
          "hz": 202.92927478742237
        },
        {
          "acoustic_entropy": 22.759477615356445,
          "acoustic_entropy_side": 22.043184280395508,
          "hz": 282.89161906338205
        },
        {
          "acoustic_entropy": 23.295940399169922,
          "acoustic_entropy_side": 23.226865768432617,
          "hz": 369.9353335868758
        },
        {
          "acoustic_entropy": 21.89801788330078,
          "acoustic_entropy_side": 21.644180297851562,
          "hz": 464.6875360973435
        },
        {
          "acoustic_entropy": 22.678245544433594,
          "acoustic_entropy_side": 23.162647247314453,
          "hz": 567.8308811364784
        },
        {
          "acoustic_entropy": 21.670473098754883,
          "acoustic_entropy_side": 22.799884796142578,
          "hz": 680.1084783214808
        },
        {
          "acoustic_entropy": 23.283754348754883,
          "acoustic_entropy_side": 22.40316390991211,
          "hz": 802.3292461747484
        },
        {
          "acoustic_entropy": 22.110891342163086,
          "acoustic_entropy_side": 22.025630950927734,
          "hz": 935.3737400823702
        },
        {
          "acoustic_entropy": 22.940622329711914,
          "acoustic_entropy_side": 23.203739166259766,
          "hz": 1080.2004963696966
        },
        {
          "acoustic_entropy": 21.140365600585938,
          "acoustic_entropy_side": 22.28715705871582,
          "hz": 1237.8529382007157
        },
        {
          "acoustic_entropy": 22.952848434448242,
          "acoustic_entropy_side": 22.698396682739258,
          "hz": 1409.4668930556702
        },
        {
          "acoustic_entropy": 22.54901695251465,
          "acoustic_entropy_side": 22.471900939941406,
          "hz": 1596.2787759475705
        },
        {
          "acoustic_entropy": 22.247434616088867,
          "acoustic_entropy_side": 22.278766632080078,
          "hz": 1799.6344973346393
        },
        {
          "acoustic_entropy": 22.346601486206055,
          "acoustic_entropy_side": 22.234312057495117,
          "hz": 2020.9991599069049
        },
        {
          "acoustic_entropy": 22.205154418945312,
          "acoustic_entropy_side": 22.078134536743164,
          "hz": 2261.9676141086993
        },
        {
          "acoustic_entropy": 22.339448928833008,
          "acoustic_entropy_side": 22.291458129882812,
          "hz": 2524.2759484456974
        },
        {
          "acoustic_entropy": 22.29248046875,
          "acoustic_entropy_side": 22.43272590637207,
          "hz": 2809.813997359896
        },
        {
          "acoustic_entropy": 21.720670700073242,
          "acoustic_entropy_side": 22.18999481201172,
          "hz": 3120.6389567871424
