{
  "acoustic_entropy": 213.83718872070312,
  "bands": [
    {
      "high_freq": 148.1999969482422,
      "loudness": -21.932085037231445,
      "loudness_range": 16.913288116455078,
      "mid_mean": -18.350013732910156,
      "mid_to_side_loudness": -20.85902214050293,
      "mid_to_side_loudness_range": 21.268484115600586,
      "side_mean": -39.677547454833984
    },
    {
      "high_freq": 392.3793640136719,
      "loudness": -18.9284610748291,
      "loudness_range": 9.580035209655762,
      "low_freq": 148.1999969482422,
      "mid_mean": -15.61755084991455,
      "mid_to_side_loudness": -11.746721267700195,
      "mid_to_side_loudness_range": 11.276906967163086,
      "side_mean": -27.436019897460938
    },
    {
      "high_freq": 794.6976318359375,
      "loudness": -23.545536041259766,
      "loudness_range": 12.73524284362793,
      "low_freq": 392.3793640136719,
      "mid_mean": -20.5769100189209,
      "mid_to_side_loudness": -9.120080947875977,
      "mid_to_side_loudness_range": 13.766655921936035,
      "side_mean": -29.758956909179688
    },
    {
      "high_freq": 1457.5709228515625,
      "loudness": -25.0706844329834,
      "loudness_range": 14.199668884277344,
      "low_freq": 794.6976318359375,
      "mid_mean": -22.656572341918945,
      "mid_to_side_loudness": -7.364301681518555,
      "mid_to_side_loudness_range": 18.261768341064453,
      "side_mean": -29.953054428100586
    },
    {
      "high_freq": 2549.74365234375,
      "loudness": -25.480113983154297,
      "loudness_range": 13.204277038574219,
      "low_freq": 1457.5709228515625,
      "mid_mean": -23.213233947753906,
      "mid_to_side_loudness": -6.4975175857543945,
      "mid_to_side_loudness_range": 16.659255981445312,
      "side_mean": -29.38027572631836
    },
    {
      "high_freq": 4349.24462890625,
      "loudness": -30.007904052734375,
      "loudness_range": 17.11032485961914,
      "low_freq": 2549.74365234375,
      "mid_mean": -27.048206329345703,
      "mid_to_side_loudness": -9.390241622924805,
      "mid_to_side_loudness_range": 14.29990005493164,
      "side_mean": -36.501792907714844
    },
    {
      "high_freq": 7314.1640625,
      "loudness": -33.609981536865234,
      "loudness_range": 21.634765625,
      "low_freq": 4349.24462890625,
      "mid_mean": -30.405426025390625,
      "mid_to_side_loudness": -11.497536659240723,
      "mid_to_side_loudness_range": 14.667631149291992,
      "side_mean": -42.5892219543457
    },
    {
      "high_freq": 12199.2666015625,
      "loudness": -35.76522445678711,
      "loudness_range": 18.949064254760742,
      "low_freq": 7314.1640625,
      "mid_mean": -32.749176025390625,
      "mid_to_side_loudness": -12.4690580368042,
      "mid_to_side_loudness_range": 15.109176635742188,
      "side_mean": -47.14456558227539
    },
    {
      "loudness": -39.362770080566406,
      "loudness_range": 19.460996627807617,
      "low_freq": 12199.2666015625,
      "mid_mean": -36.462711334228516,
      "mid_to_side_loudness": -13.409212112426758,
      "mid_to_side_loudness_range": 9.320831298828125,
      "side_mean": -53.00212860107422
    }
  ],
  "bands_short": [
    {
      "high_freq": 148.1999969482422,
      "loudness": -25.93680191040039,
      "loudness_range": 23.561227798461914,
      "mid_mean": -22.392494201660156,
      "mid_to_side_loudness": -21.1805362701416,
      "mid_to_side_loudness_range": 26.86423110961914,
      "side_mean": -44.61183547973633
    },
    {
      "high_freq": 392.3793640136719,
      "loudness": -18.819028854370117,
      "loudness_range": 11.8942232131958,
      "low_freq": 148.1999969482422,
      "mid_mean": -15.476463317871094,
      "mid_to_side_loudness": -12.661991119384766,
      "mid_to_side_loudness_range": 14.055198669433594,
      "side_mean": -28.35396957397461
    },
    {
      "high_freq": 794.6976318359375,
      "loudness": -23.892086029052734,
      "loudness_range": 15.168985366821289,
      "low_freq": 392.3793640136719,
      "mid_mean": -21.05072784423828,
      "mid_to_side_loudness": -8.759716987609863,
      "mid_to_side_loudness_range": 15.188961029052734,
      "side_mean": -30.02692413330078
    },
    {
      "high_freq": 1457.5709228515625,
      "loudness": -25.853973388671875,
      "loudness_range": 17.520700454711914,
      "low_freq": 794.6976318359375,
      "mid_mean": -23.583574295043945,
      "mid_to_side_loudness": -7.1263203620910645,
      "mid_to_side_loudness_range": 19.117807388305664,
      "side_mean": -30.824113845825195
    },
    {
      "high_freq": 2549.74365234375,
      "loudness": -26.503856658935547,
      "loudness_range": 17.27933120727539,
      "low_freq": 1457.5709228515625,
      "mid_mean": -24.395570755004883,
      "mid_to_side_loudness": -6.15997314453125,
      "mid_to_side_loudness_range": 16.97168731689453,
      "side_mean": -30.31317138671875
    },
    {
      "high_freq": 4349.24462890625,
      "loudness": -31.217466354370117,
      "loudness_range": 20.83494758605957,
      "low_freq": 2549.74365234375,
      "mid_mean": -28.485082626342773,
      "mid_to_side_loudness": -8.185372352600098,
      "mid_to_side_loudness_range": 15.762606620788574,
      "side_mean": -37.049373626708984
    },
    {
      "high_freq": 7314.1640625,
      "loudness": -35.9705810546875,
      "loudness_range": 26.501052856445312,
      "low_freq": 4349.24462890625,
      "mid_mean": -33.14897155761719,
      "mid_to_side_loudness": -9.30031967163086,
      "mid_to_side_loudness_range": 16.681259155273438,
      "side_mean": -43.86995315551758
    },
    {
      "high_freq": 12199.2666015625,
      "loudness": -39.093040466308594,
      "loudness_range": 27.15245246887207,
      "low_freq": 7314.1640625,
      "mid_mean": -36.51252746582031,
      "mid_to_side_loudness": -9.95656967163086,
      "mid_to_side_loudness_range": 17.845624923706055,
      "side_mean": -51.43792724609375
    },
    {
      "loudness": -46.153411865234375,
      "loudness_range": 33.558563232421875,
      "low_freq": 12199.2666015625,
      "mid_mean": -44.77949523925781,
      "mid_to_side_loudness": -11.797327041625977,
      "mid_to_side_loudness_range": 15.93510913848877,
      "side_mean": -58.508052825927734
    }
  ],
  "bandwidth": 498.3535461425781,
  "channels": 2,
  "covariance": [
    [
      42.32489013671875,
      8.06933307647705,
      13.669676780700684,
      10.874649047851562,
      9.908442497253418,
      5.476474285125732,
      9.346816062927246,
      -3.296123504638672,
      6.547979354858398,
      -6.372416019439697,
      21.325267791748047,
      14.550004959106445,
      28.18389129638672,
      26.701473236083984,
      26.81804847717285,
      35.99250411987305,
      26.647714614868164,
      43.533687591552734
    ],
    [
      8.06933307647705,
      31.76598358154297,
      4.264967441558838,
      11.165693283081055,
      3.2127327919006348,
      8.324288368225098,
      4.944349765777588,
      6.961145877838135,
      4.387448787689209,
      5.640534400939941,
      3.550935983657837,
      8.887735366821289,
      3.449488639831543,
      9.444842338562012,
      3.6656036376953125,
      9.407448768615723,
      5.785174369812012,
      14.146875381469727
    ],
    [
      13.669676780700684,
      4.264967441558838,
      13.604968070983887,
      12.491029739379883,
      8.9336519241333,
      8.90855884552002,
      7.346022605895996,
      2.6395509243011475,
      6.806914329528809,
      1.1966978311538696,
      13.002138137817383,
      9.433619499206543,
      15.480515480041504,
      14.529122352600098,
      13.524677276611328,
      19.22336769104004,
      11.994537353515625,
      21.912324905395508
    ],
    [
      10.874649047851562,
      11.165693283081055,
      12.491029739379883,
      29.518659591674805,
      8.788862228393555,
      21.874759674072266,
      9.173958778381348,
      19.289575576782227,
      9.981321334838867,
      15.703115463256836,
      10.719903945922852,
      18.854415893554688,
      11.16125202178955,
      20.063886642456055,
      9.756004333496094,
      23.93425941467285,
      10.216130256652832,
      25.158233642578125
    ],
    [
      9.908442497253418,
      3.2127327919006348,
      8.9336519241333,
      8.788862228393555,
      21.19731903076172,
      15.57621955871582,
      16.171968460083008,
      11.219219207763672,
      12.533613204956055,
      9.52441120147705,
      12.634589195251465,
      11.938638687133789,
      11.34981632232666,
      14.062996864318848,
      9.373013496398926,
      16.31200408935547,
      6.35313606262207,
      16.860626220703125
    ],
    [
      5.476474285125732,
      8.324288368225098,
      8.90855884552002,
      21.874759674072266,
      15.57621955871582,
      37.36865997314453,
      13.916800498962402,
      32.64616394042969,
      15.033475875854492,
      29.72342300415039,
      7.310154438018799,
      23.161399841308594,
      5.952685356140137,
      21.286027908325195,
      5.642893314361572,
      22.577911376953125,
      6.187118053436279,
      22.38921546936035
    ],
    [
      9.346816062927246,
      4.944349765777588,
      7.346022605895996,
      9.173958778381348,
      16.171968460083008,
      13.916800498962402,
      25.214326858520508,
      18.104663848876953,
      13.707842826843262,
      12.625432968139648,
      12.554911613464355,
      15.244010925292969,
      11.469680786132812,
      16.094758987426758,
      11.30449390411377,
      19.276599884033203,
      9.89965534210205,
      20.1713809967041
    ],
    [
      -3.296123504638672,
      6.961145877838135,
      2.6395509243011475,
      19.289575576782227,
      11.219219207763672,
      32.64616394042969,
      18.104663848876953,
      56.028690338134766,
      17.101924896240234,
      42.77671813964844,
      3.494065523147583,
      27.348045349121094,
      0.8600156307220459,
      21.65888786315918,
      1.9187628030776978,
      19.682600021362305,
      3.5089120864868164,
      16.26986312866211
    ],
    [
      6.547979354858398,
      4.387448787689209,
      6.806914329528809,
      9.981321334838867,
      12.533613204956055,
      15.033475875854492,
      13.707842826843262,
      17.101924896240234,
      23.71632957458496,
      22.714414596557617,
      17.447431564331055,
      18.457401275634766,
      16.071033477783203,
      17.466476440429688,
      13.965117454528809,
      19.100252151489258,
      10.878833770751953,
      19.923585891723633
    ],
    [
      -6.372416019439697,
      5.640534400939941,
      1.1966978311538696,
      15.703115463256836,
      9.52441120147705,
      29.72342300415039,
      12.625432968139648,
      42.77671813964844,
      22.714414596557617,
      59.49978256225586,
      1.73888099193573,
      26.391441345214844,
      -1.6393418312072754,
      17.921236038208008,
      -0.7609459757804871,
      14.259861946105957,
      0.9683743715286255,
      11.898649215698242
    ],
    [
      21.325267791748047,
      3.550935983657837,
      13.002138137817383,
      10.719903945922852,
      12.634589195251465,
      7.310154438018799,
      12.554911613464355,
      3.494065523147583,
      17.447431564331055,
      1.73888099193573,
      41.69102478027344,
      26.954252243041992,
      39.94241714477539,
      31.808940887451172,
      30.683151245117188,
      36.091773986816406,
      23.357120513916016,
      37.54923629760742
    ],
    [
      14.550004959106445,
      8.887735366821289,
      9.433619499206543,
      18.854415893554688,
      11.938638687133789,
      23.161399841308594,
      15.244010925292969,
      27.348045349121094,
      18.457401275634766,
      26.391441345214844,
      26.954252243041992,
      44.67714309692383,
      24.08829116821289,
      40.8494987487793,
      18.475509643554688,
      40.828895568847656,
      16.873275756835938,
      38.79637145996094
    ],
    [
      28.18389129638672,
      3.449488639831543,
      15.480515480041504,
      11.16125202178955,
      11.34981632232666,
      5.952685356140137,
      11.469680786132812,
      0.8600156307220459,
      16.071033477783203,
      -1.6393418312072754,
      39.94241714477539,
      24.08829116821289,
      58.71888732910156,
      38.206207275390625,
      47.45110321044922,
      50.532405853271484,
      39.09578323364258,
      52.637542724609375
    ],
    [
      26.701473236083984,
      9.444842338562012,
      14.529122352600098,
      20.063886642456055,
      14.062996864318848,
      21.286027908325195,
      16.094758987426758,
      21.65888786315918,
      17.466476440429688,
      17.921236038208008,
      31.808940887451172,
      40.8494987487793,
      38.206207275390625,
      58.750877380371094,
      30.557844161987305,
      61.93256759643555,
      27.408859252929688,
      57.27778625488281
    ],
    [
      26.81804847717285,
      3.6656036376953125,
      13.524677276611328,
      9.756004333496094,
      9.373013496398926,
      5.642893314361572,
      11.30449390411377,
      1.9187628030776978,
      13.965117454528809,
      -0.7609459757804871,
      30.683151245117188,
      18.475509643554688,
      47.45110321044922,
      30.557844161987305,
      59.5150146484375,
      44.07859420776367,
      47.27611541748047,
      51.74948501586914
    ],
    [
      35.99250411987305,
      9.407448768615723,
      19.22336769104004,
      23.93425941467285,
      16.31200408935547,
      22.577911376953125,
      19.276599884033203,
      19.682600021362305,
      19.100252151489258,
      14.259861946105957,
      36.091773986816406,
      40.828895568847656,
      50.532405853271484,
      61.93256759643555,
      44.07859420776367,
      87.37734985351562,
      42.04000473022461,
      80.24951934814453
    ],
    [
      26.647714614868164,
      5.785174369812012,
      11.994537353515625,
      10.216130256652832,
      6.35313606262207,
      6.187118053436279,
      9.89965534210205,
      3.5089120864868164,
      10.878833770751953,
      0.9683743715286255,
      23.357120513916016,
      16.873275756835938,
      39.09578323364258,
      27.408859252929688,
      47.27611541748047,
      42.04000473022461,
      67.87397766113281,
      60.27181625366211
    ],
    [
      43.533687591552734,
      14.146875381469727,
      21.912324905395508,
      25.158233642578125,
      16.860626220703125,
      22.38921546936035,
      20.1713809967041,
      16.26986312866211,
      19.923585891723633,
      11.898649215698242,
      37.54923629760742,
      38.79637145996094,
      52.637542724609375,
      57.27778625488281,
      51.74948501586914,
      80.24951934814453,
      60.27181625366211,
      103.73714447021484
    ]
  ],
  "covariance_short": [
    [
      67.21585083007812,
      11.801175117492676,
      18.015100479125977,
      9.870932579040527,
      9.752901077270508,
      2.6776013374328613,
      9.565767288208008,
      -3.577042818069458,
      7.504734992980957,
      -6.03248405456543,
      22.9352970123291,
      15.276894569396973,
      28.246017456054688,
      27.473302841186523,
      28.026182174682617,
      41.49113464355469,
      39.850250244140625,
      36.38901901245117
    ],
    [
      11.801175117492676,
      45.777381896972656,
      5.002044200897217,
      9.621371269226074,
      3.248732089996338,
      3.736665964126587,
      6.906795501708984,
      5.355897903442383,
      5.526585578918457,
      4.4961347579956055,
      4.354211807250977,
      7.6722412109375,
      3.806305408477783,
      7.94183349609375,
      3.8124234676361084,
      14.035627365112305,
      7.709682941436768,
      11.157814979553223
    ],
    [
      18.015100479125977,
      5.002044200897217,
      20.715368270874023,
      14.419066429138184,
      13.42194938659668,
      11.663470268249512,
      11.904997825622559,
      5.799261569976807,
      11.476360321044922,
      3.917799472808838,
      17.59868812561035,
      13.68117904663086,
      19.833932876586914,
      19.844810485839844,
      19.171735763549805,
      29.014158248901367,
      25.060028076171875,
      26.182287216186523
    ],
    [
      9.870932579040527,
      9.621371269226074,
      14.419066429138184,
      35.274288177490234,
      12.4218111038208,
      24.606115341186523,
      12.243833541870117,
      20.431230545043945,
      13.091020584106445,
      16.727563858032227,
      13.615391731262207,
      21.26507568359375,
      12.555566787719727,
      23.220787048339844,
      11.65910530090332,
      32.81880569458008,
      14.539548873901367,
      25.24494743347168
    ],
    [
      9.752901077270508,
      3.248732089996338,
      13.42194938659668,
      12.4218111038208,
      32.050716400146484,
      22.56149673461914,
      23.16267967224121,
      16.910242080688477,
      19.91863250732422,
      15.100525856018066,
      20.121261596679688,
      17.48320770263672,
      17.903846740722656,
      20.059900283813477,
      17.6140079498291,
      27.929452896118164,
      20.58281898498535,
      23.939619064331055
    ],
    [
      2.6776013374328613,
      3.736665964126587,
      11.663470268249512,
      24.606115341186523,
      22.56149673461914,
      48.04368591308594,
      19.02130126953125,
      35.31388473510742,
      20.707265853881836,
      32.8074951171875,
      14.394377708435059,
      28.39783477783203,
      11.1864652633667,
      28.166746139526367,
      10.403848648071289,
      37.850650787353516,
      11.259329795837402,
      28.80984115600586
    ],
    [
      9.565767288208008,
      6.906795501708984,
      11.904997825622559,
      12.243833541870117,
      23.16267967224121,
      19.02130126953125,
      39.33303451538086,
      26.5277099609375,
      22.443801879882812,
      17.438873291015625,
      21.841876983642578,
      21.216468811035156,
      20.27984046936035,
      22.19639778137207,
      21.029775619506836,
      31.07017707824707,
      24.872774124145508,
      27.68269157409668
    ],
    [
      -3.577042818069458,
      5.355897903442383,
      5.799261569976807,
      20.431230545043945,
      16.910242080688477,
      35.31388473510742,
      26.5277099609375,
      64.64230346679688,
      22.526851654052734,
      44.13185119628906,
      11.351766586303711,
      32.36549758911133,
      8.971372604370117,
      28.406570434570312,
      8.4785795211792,
      36.521480560302734,
      6.424655437469482,
      26.71324348449707
    ],
    [
      7.504734992980957,
      5.526585578918457,
      11.476360321044922,
      13.091020584106445,
      19.91863250732422,
      20.707265853881836,
      22.443801879882812,
      22.526851654052734,
      38.845130920410156,
      32.24808883666992,
      27.50641441345215,
      25.37009620666504,
      25.310930252075195,
      25.73771095275879,
      23.864486694335938,
      34.10724639892578,
      26.593645095825195,
      29.838943481445312
    ],
    [
      -6.03248405456543,
      4.4961347579956055,
      3.917799472808838,
      16.727563858032227,
      15.100525856018066,
      32.8074951171875,
      17.438873291015625,
      44.13185119628906,
      32.24808883666992,
      69.26220703125,
      9.869733810424805,
      31.76922607421875,
      6.240050315856934,
      25.289745330810547,
      5.026294708251953,
      31.45756721496582,
      4.311346530914307,
      23.04564094543457
    ],
    [
      22.9352970123291,
      4.354211807250977,
      17.59868812561035,
      13.615391731262207,
      20.121261596679688,
      14.394377708435059,
      21.841876983642578,
      11.351766586303711,
      27.50641441345215,
      9.869733810424805,
      57.051910400390625,
      36.67657470703125,
      52.69578170776367,
      43.47622299194336,
      46.337608337402344,
      51.64512252807617,
      52.46786117553711,
      46.960350036621094
    ],
    [
      15.276894569396973,
      7.6722412109375,
      13.68117904663086,
      21.26507568359375,
      17.48320770263672,
      28.39783477783203,
      21.216468811035156,
      32.36549758911133,
      25.37009620666504,
      31.76922607421875,
      36.67657470703125,
      56.360721588134766,
      32.29044723510742,
      51.964500427246094,
      26.353477478027344,
      60.885467529296875,
      29.310087203979492,
      45.523006439208984
    ],
    [
      28.246017456054688,
      3.806305408477783,
      19.833932876586914,
      12.555566787719727,
      17.903846740722656,
      11.1864652633667,
      20.27984046936035,
      8.971372604370117,
      25.310930252075195,
      6.240050315856934,
      52.69578170776367,
      32.29044723510742,
      81.06021118164062,
      52.66884231567383,
      73.82129669189453,
      65.86641693115234,
      83.59149932861328,
      68.1957778930664
    ],
    [
      27.473302841186523,
      7.94183349609375,
      19.844810485839844,
      23.220787048339844,
      20.059900283813477,
      28.166746139526367,
      22.19639778137207,
      28.406570434570312,
      25.73771095275879,
      25.289745330810547,
      43.47622299194336,
      51.964500427246094,
      52.66884231567383,
      81.2281494140625,
      44.98292922973633,
      91.16940307617188,
      52.94322967529297,
      69.53711700439453
    ],
    [
      28.026182174682617,
      3.8124234676361084,
      19.171735763549805,
      11.65910530090332,
      17.6140079498291,
      10.403848648071289,
      21.029775619506836,
      8.4785795211792,
      23.864486694335938,
      5.026294708251953,
      46.337608337402344,
      26.353477478027344,
      73.82129669189453,
      44.98292922973633,
      97.40375518798828,
      63.69342803955078,
      102.9551010131836,
      77.44351196289062
    ],
    [
      41.49113464355469,
      14.035627365112305,
      29.014158248901367,
      32.81880569458008,
      27.929452896118164,
      37.850650787353516,
      31.07017707824707,
      36.521480560302734,
      34.10724639892578,
      31.45756721496582,
      51.64512252807617,
      60.885467529296875,
      65.86641693115234,
      91.16940307617188,
      63.69342803955078,
      142.36753845214844,
      78.73967742919922,
      111.90608978271484
    ],
    [
      39.850250244140625,
      7.709682941436768,
      25.060028076171875,
      14.539548873901367,
      20.58281898498535,
      11.259329795837402,
      24.872774124145508,
      6.424655437469482,
      26.593645095825195,
      4.311346530914307,
      52.46786117553711,
      29.310087203979492,
      83.59149932861328,
      52.94322967529297,
      102.9551010131836,
      78.73967742919922,
      147.38790893554688,
      106.82511901855469
    ],
    [
      36.38901901245117,
      11.157814979553223,
      26.182287216186523,
      25.24494743347168,
      23.939619064331055,
      28.80984115600586,
      27.68269157409668,
      26.71324348449707,
      29.838943481445312,
      23.04564094543457,
      46.960350036621094,
      45.523006439208984,
      68.1957778930664,
      69.53711700439453,
      77.44351196289062,
      111.90608978271484,
      106.82511901855469,
      121.9168930053711
    ]
  ],
  "damage": -5.591787815093994,
  "diff_bandwidth": 509.3005676269531,
  "dissonance": 7.591974468226851,
  "drr": 4.0777506828308105,
  "dynamics": 3.014147996902466,
  "format": 1245190,
  "frames": 13346752,
  "loudness": -10.639532089233398,
  "loudness_range": 7.696921348571777,
  "loudness_range_short": 10.008428573608398,
  "lowpass_true_peak_15khz": 0.4761703908443451,
  "mastering3_acoustic_entropies": [
    {
      "acoustic_entropy": 6.512478828430176,
      "acoustic_entropy_mono": 6.931931972503662,
      "band_eliminated_acoustic_entropies": [
        {
          "acoustic_entropy": 6.735907554626465,
          "acoustic_entropy_side": 6.512462615966797,
          "hz": 129.47220167065723
        },
        {
          "acoustic_entropy": 6.602497100830078,
          "acoustic_entropy_side": 6.5182695388793945,
          "hz": 202.92927478742237
        },
        {
          "acoustic_entropy": 6.963459014892578,
          "acoustic_entropy_side": 6.567526340484619,
          "hz": 282.89161906338205
        },
        {
          "acoustic_entropy": 6.98582649230957,
          "acoustic_entropy_side": 6.741954326629639,
          "hz": 369.9353335868758
        },
        {
          "acoustic_entropy": 7.226346015930176,
          "acoustic_entropy_side": 6.956782817840576,
          "hz": 464.6875360973435
        },
        {
          "acoustic_entropy": 7.012866497039795,
          "acoustic_entropy_side": 6.496768951416016,
          "hz": 567.8308811364784
        },
        {
          "acoustic_entropy": 6.6308465003967285,
          "acoustic_entropy_side": 6.461912631988525,
          "hz": 680.1084783214808
        },
        {
          "acoustic_entropy": 6.639071941375732,
          "acoustic_entropy_side": 6.898155689239502,
          "hz": 802.3292461747484
        },
        {
          "acoustic_entropy": 6.189797878265381,
          "acoustic_entropy_side": 6.630251407623291,
          "hz": 935.3737400823702
        },
        {
          "acoustic_entropy": 6.675944805145264,
          "acoustic_entropy_side": 6.253856182098389,
          "hz": 1080.2004963696966
        },
        {
          "acoustic_entropy": 6.455737590789795,
          "acoustic_entropy_side": 6.229185104370117,
          "hz": 1237.8529382007157
        },
        {
          "acoustic_entropy": 6.610311031341553,
          "acoustic_entropy_side": 6.455226898193359,
          "hz": 1409.4668930556702
        },
        {
          "acoustic_entropy": 6.935179233551025,
          "acoustic_entropy_side": 6.634349346160889,
          "hz": 1596.2787759475705
        },
        {
          "acoustic_entropy": 6.451849937438965,
          "acoustic_entropy_side": 6.638314247131348,
          "hz": 1799.6344973346393
        },
        {
          "acoustic_entropy": 6.673415660858154,
          "acoustic_entropy_side": 6.507138729095459,
          "hz": 2020.9991599069049
        },
        {
          "acoustic_entropy": 6.493233680725098,
          "acoustic_entropy_side": 6.504648685455322,
          "hz": 2261.9676141086993
        },
        {
          "acoustic_entropy": 6.419315338134766,
          "acoustic_entropy_side": 6.434991359710693,
          "hz": 2524.2759484456974
        },
        {
          "acoustic_entropy": 6.752419948577881,
          "acoustic_entropy_side": 6.429316997528076,
          "hz": 2809.813997359896
        },
        {
          "acoustic_entropy": 6.672433853149414,
          "acoustic_entropy_side": 6.497837543487549,
          "hz": 3120.6389567871424
        },
        {
          "acoustic_entropy": 6.298593044281006,
          "acoustic_entropy_side": 6.490950584411621,
          "hz": 3458.990205492291
        },
        {
          "acoustic_entropy": 6.489333629608154,
          "acoustic_entropy_side": 6.487782001495361,
          "hz": 3827.305438964164
        },
        {
          "acoustic_entropy": 6.568099498748779,
          "acoustic_entropy_side": 6.472954273223877,
          "hz": 4228.238232109126
        },
        {
          "acoustic_entropy": 6.660758972167969,
          "acoustic_entropy_side": 6.476998329162598,
          "hz": 4664.6771572759235
        },
        {
          "acoustic_entropy": 6.523159980773926,
          "acoustic_entropy_side": 6.494328022003174,
          "hz": 5139.766595350093
        },
        {
          "acoustic_entropy": 6.50740909576416,
          "acoustic_entropy_side": 6.497316837310791,
          "hz": 5656.929389854203
        },
        {
          "acoustic_entropy": 6.45933198928833,
          "acoustic_entropy_side": 6.492249488830566,
          "hz": 6219.891507268283
        },
        {
          "acoustic_entropy": 6.465679168701172,
          "acoustic_entropy_side": 6.4941277503967285,
          "hz": 6832.70888123896
        },
        {
          "acoustic_entropy": 6.452121257781982,
          "acoustic_entropy_side": 6.499142169952393,
          "hz": 7499.796634079867
        },
        {
          "acoustic_entropy": 6.396308898925781,
          "acoustic_entropy_side": 6.502829551696777,
          "hz": 8225.96088609342
        },
        {
          "acoustic_entropy": 6.381725788116455,
          "acoustic_entropy_side": 6.506561756134033,
          "hz": 9016.43338188839
        },
        {
          "acoustic_entropy": 6.233968734741211,
          "acoustic_entropy_side": 6.504943370819092,
          "hz": 9876.909183162974
        },
        {
          "acoustic_entropy": 6.174808979034424,
          "acoustic_entropy_side": 6.5014448165893555,
          "hz": 10813.587699516042
        },
        {
          "acoustic_entropy": 6.216710090637207,
          "acoustic_entropy_side": 6.506565093994141,
          "hz": 11833.21735289826
        },
        {
          "acoustic_entropy": 6.28892183303833,
          "acoustic_entropy_side": 6.510052680969238,
          "hz": 12943.144197493959
        },
        {
          "acoustic_entropy": 6.314302444458008,
          "acoustic_entropy_side": 6.510851860046387,
          "hz": 14151.364845322005
        },
        {
          "acoustic_entropy": 6.3298258781433105,
          "acoustic_entropy_side": 6.511091709136963,
          "hz": 15466.58407886509
        },
        {
          "acoustic_entropy": 6.286579608917236,
          "acoustic_entropy_side": 6.5096940994262695,
          "hz": 16898.27756580493
        },
        {
          "acoustic_entropy": 6.277336120605469,
          "acoustic_entropy_side": 6.508255481719971,
          "hz": 18456.760127700032
        },
        {
          "acoustic_entropy": 6.32353401184082,
          "acoustic_entropy_side": 6.507353782653809,
          "hz": 20153.260054456492
        },
        {
          "acoustic_entropy": 6.426955699920654,
          "acoustic_entropy_side": 6.512020587921143,
          "hz": 22000.00000000001
        }
      ],
      "diff_acoustic_entropy": 6.060840606689453,
      "sn": 6
    },
    {
      "acoustic_entropy": 12.552203178405762,
      "acoustic_entropy_mono": 12.3512544631958,
      "band_eliminated_acoustic_entropies": [
        {
          "acoustic_entropy": 12.46226692199707,
          "acoustic_entropy_side": 12.552614212036133,
          "hz": 129.47220167065723
        },
        {
          "acoustic_entropy": 12.24069881439209,
          "acoustic_entropy_side": 12.516023635864258,
          "hz": 202.92927478742237
        },
        {
          "acoustic_entropy": 13.009819984436035,
          "acoustic_entropy_side": 12.487895965576172,
          "hz": 282.89161906338205
        },
        {
          "acoustic_entropy": 12.93773365020752,
          "acoustic_entropy_side": 12.749309539794922,
          "hz": 369.9353335868758
        },
        {
          "acoustic_entropy": 12.78823471069336,
          "acoustic_entropy_side": 12.526097297668457,
          "hz": 464.6875360973435
        },
        {
          "acoustic_entropy": 13.136601448059082,
          "acoustic_entropy_side": 13.086889266967773,
          "hz": 567.8308811364784
        },
        {
          "acoustic_entropy": 12.77139949798584,
          "acoustic_entropy_side": 12.667648315429688,
          "hz": 680.1084783214808
        },
        {
          "acoustic_entropy": 13.589654922485352,
          "acoustic_entropy_side": 13.249387741088867,
          "hz": 802.3292461747484
        },
        {
          "acoustic_entropy": 13.064851760864258,
          "acoustic_entropy_side": 13.374258041381836,
          "hz": 935.3737400823702
        },
        {
          "acoustic_entropy": 13.323875427246094,
          "acoustic_entropy_side": 12.92446517944336,
          "hz": 1080.2004963696966
        },
        {
          "acoustic_entropy": 12.377878189086914,
          "acoustic_entropy_side": 12.731256484985352,
          "hz": 1237.8529382007157
        },
        {
          "acoustic_entropy": 12.938211441040039,
          "acoustic_entropy_side": 12.490534782409668,
          "hz": 1409.4668930556702
        },
        {
          "acoustic_entropy": 13.681928634643555,
          "acoustic_entropy_side": 12.649689674377441,
          "hz": 1596.2787759475705
        },
        {
          "acoustic_entropy": 12.326703071594238,
          "acoustic_entropy_side": 13.097532272338867,
          "hz": 1799.6344973346393
        },
        {
          "acoustic_entropy": 12.733381271362305,
          "acoustic_entropy_side": 12.845218658447266,
          "hz": 2020.9991599069049
        },
        {
          "acoustic_entropy": 11.611339569091797,
          "acoustic_entropy_side": 12.116728782653809,
          "hz": 2261.9676141086993
        },
        {
          "acoustic_entropy": 12.49855899810791,
          "acoustic_entropy_side": 12.354839324951172,
          "hz": 2524.2759484456974
        },
        {
          "acoustic_entropy": 13.118699073791504,
          "acoustic_entropy_side": 12.607471466064453,
          "hz": 2809.813997359896
        },
        {
          "acoustic_entropy": 12.19233226776123,
          "acoustic_entropy_side": 12.654363632202148,
          "hz": 3120.6389567871424
        },
        {
          "acoustic_entropy": 12.710712432861328,
          "acoustic_entropy_side": 12.709406852722168,
          "hz": 3458.990205492291
        },
        {
          "acoustic_entropy": 12.753352165222168,
          "acoustic_entropy_side": 12.654557228088379,
          "hz": 3827.305438964164
        },
        {
          "acoustic_entropy": 12.580962181091309,
          "acoustic_entropy_side": 12.531876564025879,
          "hz": 4228.238232109126
        },
        {
          "acoustic_entropy": 12.74800968170166,
          "acoustic_entropy_side": 12.536827087402344,
          "hz": 4664.6771572759235
        },
        {
          "acoustic_entropy": 12.638943672180176,
          "acoustic_entropy_side": 12.548095703125,
          "hz": 5139.766595350093
        },
        {
          "acoustic_entropy": 12.54562759399414,
          "acoustic_entropy_side": 12.500091552734375,
          "hz": 5656.929389854203
        },
        {
          "acoustic_entropy": 12.511589050292969,
          "acoustic_entropy_side": 12.547657012939453,
          "hz": 6219.891507268283
        },
        {
          "acoustic_entropy": 12.494876861572266,
          "acoustic_entropy_side": 12.527067184448242,
          "hz": 6832.70888123896
        },
        {
          "acoustic_entropy": 12.496133804321289,
          "acoustic_entropy_side": 12.51780891418457,
          "hz": 7499.796634079867
        },
        {
          "acoustic_entropy": 12.51889705657959,
          "acoustic_entropy_side": 12.525141716003418,
          "hz": 8225.96088609342
        },
        {
          "acoustic_entropy": 12.507935523986816,
          "acoustic_entropy_side": 12.540534973144531,
          "hz": 9016.43338188839
        },
        {
          "acoustic_entropy": 12.504486083984375,
          "acoustic_entropy_side": 12.533406257629395,
          "hz": 9876.909183162974
        },
        {
          "acoustic_entropy": 12.52055549621582,
          "acoustic_entropy_side": 12.567392349243164,
          "hz": 10813.587699516042
        },
        {
          "acoustic_entropy": 12.549053192138672,
          "acoustic_entropy_side": 12.585460662841797,
          "hz": 11833.21735289826
        },
        {
          "acoustic_entropy": 12.576748847961426,
          "acoustic_entropy_side": 12.594950675964355,
          "hz": 12943.144197493959
        },
        {
          "acoustic_entropy": 12.550928115844727,
          "acoustic_entropy_side": 12.557243347167969,
          "hz": 14151.364845322005
        },
        {
          "acoustic_entropy": 12.573739051818848,
          "acoustic_entropy_side": 12.560304641723633,
          "hz": 15466.58407886509
        },
        {
          "acoustic_entropy": 12.597471237182617,
          "acoustic_entropy_side": 12.558180809020996,
          "hz": 16898.27756580493
        },
        {
          "acoustic_entropy": 12.730618476867676,
          "acoustic_entropy_side": 12.555709838867188,
          "hz": 18456.760127700032
        },
        {
          "acoustic_entropy": 12.515186309814453,
          "acoustic_entropy_side": 12.557371139526367,
          "hz": 20153.260054456492
        },
        {
          "acoustic_entropy": 12.723621368408203,
          "acoustic_entropy_side": 12.55288314819336,
          "hz": 22000.00000000001
        }
      ],
      "diff_acoustic_entropy": 11.099105834960938,
      "sn": 12
    },
    {
      "acoustic_entropy": 22.328657150268555,
      "acoustic_entropy_mono": 17.03857421875,
      "band_eliminated_acoustic_entropies": [
        {
          "acoustic_entropy": 21.501619338989258,
          "acoustic_entropy_side": 22.33023452758789,
          "hz": 129.47220167065723
        },
        {
          "acoustic_entropy": 21.879669189453125,
          "acoustic_entropy_side": 22.02130699157715,
          "hz": 202.92927478742237
        },
        {
          "acoustic_entropy": 22.794662475585938,
          "acoustic_entropy_side": 22.505949020385742,
          "hz": 282.89161906338205
        },
        {
          "acoustic_entropy": 22.107709884643555,
          "acoustic_entropy_side": 21.8930721282959,
          "hz": 369.9353335868758
        },
        {
          "acoustic_entropy": 21.774473190307617,
          "acoustic_entropy_side": 22.26620101928711,
          "hz": 464.6875360973435
        },
        {
          "acoustic_entropy": 22.059921264648438,
          "acoustic_entropy_side": 22.53745460510254,
          "hz": 567.8308811364784
        },
        {
          "acoustic_entropy": 22.214244842529297,
          "acoustic_entropy_side": 22.79866600036621,
          "hz": 680.1084783214808
        },
        {
          "acoustic_entropy": 23.655658721923828,
          "acoustic_entropy_side": 23.15877342224121,
          "hz": 802.3292461747484
        },
        {
          "acoustic_entropy": 21.671804428100586,
          "acoustic_entropy_side": 21.78359031677246,
          "hz": 935.3737400823702
        },
        {
          "acoustic_entropy": 22.334074020385742,
          "acoustic_entropy_side": 22.513656616210938,
          "hz": 1080.2004963696966
        },
        {
          "acoustic_entropy": 22.473787307739258,
          "acoustic_entropy_side": 23.268478393554688,
          "hz": 1237.8529382007157
        },
        {
          "acoustic_entropy": 22.26857566833496,
          "acoustic_entropy_side": 22.595012664794922,
          "hz": 1409.4668930556702
        },
        {
          "acoustic_entropy": 21.920461654663086,
          "acoustic_entropy_side": 22.87193489074707,
          "hz": 1596.2787759475705
        },
        {
          "acoustic_entropy": 21.39750099182129,
          "acoustic_entropy_side": 21.688514709472656,
          "hz": 1799.6344973346393
        },
        {
          "acoustic_entropy": 21.912445068359375,
          "acoustic_entropy_side": 21.726119995117188,
          "hz": 2020.9991599069049
        },
        {
          "acoustic_entropy": 21.85434913635254,
          "acoustic_entropy_side": 22.697664260864258,
          "hz": 2261.9676141086993
        },
        {
          "acoustic_entropy": 21.94251251220703,
          "acoustic_entropy_side": 22.59217071533203,
          "hz": 2524.2759484456974
        },
        {
          "acoustic_entropy": 22.438501358032227,
          "acoustic_entropy_side": 21.939870834350586,
          "hz": 2809.813997359896
        },
        {
          "acoustic_entropy": 22.98282814025879,
