{
  "acoustic_entropy": 226.12841796875,
  "bands": [
    {
      "high_freq": 148.1999969482422,
      "loudness": -20.020309448242188,
      "loudness_range": 6.935941696166992,
      "mid_mean": -16.36635971069336,
      "mid_to_side_loudness": -26.896093368530273,
      "mid_to_side_loudness_range": 22.582656860351562,
      "side_mean": -43.910682678222656
    },
    {
      "high_freq": 392.3793640136719,
      "loudness": -20.620464324951172,
      "loudness_range": 4.744060516357422,
      "low_freq": 148.1999969482422,
      "mid_mean": -17.21516227722168,
      "mid_to_side_loudness": -11.980387687683105,
      "mid_to_side_loudness_range": 8.179401397705078,
      "side_mean": -29.303552627563477
    },
    {
      "high_freq": 794.6976318359375,
      "loudness": -22.665205001831055,
      "loudness_range": 6.161720275878906,
      "low_freq": 392.3793640136719,
      "mid_mean": -20.70766258239746,
      "mid_to_side_loudness": -3.3505301475524902,
      "mid_to_side_loudness_range": 6.118741035461426,
      "side_mean": -24.100278854370117
    },
    {
      "high_freq": 1457.5709228515625,
      "loudness": -23.530784606933594,
      "loudness_range": 6.837499618530273,
      "low_freq": 794.6976318359375,
      "mid_mean": -20.94735336303711,
      "mid_to_side_loudness": -5.75601863861084,
      "mid_to_side_loudness_range": 5.94642448425293,
      "side_mean": -26.595882415771484
    },
    {
      "high_freq": 2549.74365234375,
      "loudness": -20.908672332763672,
      "loudness_range": 6.700248718261719,
      "low_freq": 1457.5709228515625,
      "mid_mean": -18.636871337890625,
      "mid_to_side_loudness": -4.300979137420654,
      "mid_to_side_loudness_range": 3.6528356075286865,
      "side_mean": -22.779109954833984
    },
    {
      "high_freq": 4349.24462890625,
      "loudness": -21.711130142211914,
      "loudness_range": 6.536283493041992,
      "low_freq": 2549.74365234375,
      "mid_mean": -19.704973220825195,
      "mid_to_side_loudness": -3.657106876373291,
      "mid_to_side_loudness_range": 4.694443702697754,
      "side_mean": -23.22146987915039
    },
    {
      "high_freq": 7314.1640625,
      "loudness": -23.635147094726562,
      "loudness_range": 6.984495162963867,
      "low_freq": 4349.24462890625,
      "mid_mean": -21.88032341003418,
      "mid_to_side_loudness": -3.061499834060669,
      "mid_to_side_loudness_range": 6.626877307891846,
      "side_mean": -24.78925323486328
    },
    {
      "high_freq": 12199.2666015625,
      "loudness": -27.228145599365234,
      "loudness_range": 10.896238327026367,
      "low_freq": 7314.1640625,
      "mid_mean": -25.138145446777344,
      "mid_to_side_loudness": -4.354318618774414,
      "mid_to_side_loudness_range": 9.243507385253906,
      "side_mean": -29.396621704101562
    },
    {
      "loudness": -30.338560104370117,
      "loudness_range": 12.344694137573242,
      "low_freq": 12199.2666015625,
      "mid_mean": -28.026519775390625,
      "mid_to_side_loudness": -4.898057460784912,
      "mid_to_side_loudness_range": 8.075690269470215,
      "side_mean": -32.89793395996094
    }
  ],
  "bands_short": [
    {
      "high_freq": 148.1999969482422,
      "loudness": -23.555152893066406,
      "loudness_range": 17.217981338500977,
      "mid_mean": -19.94359016418457,
      "mid_to_side_loudness": -29.389863967895508,
      "mid_to_side_loudness_range": 30.329872131347656,
      "side_mean": -50.96475601196289
    },
    {
      "high_freq": 392.3793640136719,
      "loudness": -20.181962966918945,
      "loudness_range": 7.2353363037109375,
      "low_freq": 148.1999969482422,
      "mid_mean": -16.77920150756836,
      "mid_to_side_loudness": -13.09543228149414,
      "mid_to_side_loudness_range": 12.553611755371094,
      "side_mean": -30.092525482177734
    },
    {
      "high_freq": 794.6976318359375,
      "loudness": -23.347332000732422,
      "loudness_range": 8.168703079223633,
      "low_freq": 392.3793640136719,
      "mid_mean": -21.619909286499023,
      "mid_to_side_loudness": -3.0749473571777344,
      "mid_to_side_loudness_range": 9.405716896057129,
      "side_mean": -24.7552547454834
    },
    {
      "high_freq": 1457.5709228515625,
      "loudness": -23.28761100769043,
      "loudness_range": 8.782520294189453,
      "low_freq": 794.6976318359375,
      "mid_mean": -20.78377342224121,
      "mid_to_side_loudness": -5.68914270401001,
      "mid_to_side_loudness_range": 9.074333190917969,
      "side_mean": -26.49591064453125
    },
    {
      "high_freq": 2549.74365234375,
      "loudness": -21.391164779663086,
      "loudness_range": 8.931625366210938,
      "low_freq": 1457.5709228515625,
      "mid_mean": -19.21256446838379,
      "mid_to_side_loudness": -4.2768096923828125,
      "mid_to_side_loudness_range": 6.6928205490112305,
      "side_mean": -23.38780975341797
    },
    {
      "high_freq": 4349.24462890625,
      "loudness": -22.159194946289062,
      "loudness_range": 9.458627700805664,
      "low_freq": 2549.74365234375,
      "mid_mean": -20.29096031188965,
      "mid_to_side_loudness": -3.4830589294433594,
      "mid_to_side_loudness_range": 7.6208577156066895,
      "side_mean": -23.635345458984375
    },
    {
      "high_freq": 7314.1640625,
      "loudness": -24.459205627441406,
      "loudness_range": 10.820594787597656,
      "low_freq": 4349.24462890625,
      "mid_mean": -22.98077392578125,
      "mid_to_side_loudness": -2.6892008781433105,
      "mid_to_side_loudness_range": 9.35114860534668,
      "side_mean": -25.480899810791016
    },
    {
      "high_freq": 12199.2666015625,
      "loudness": -28.36260986328125,
      "loudness_range": 14.624876022338867,
      "low_freq": 7314.1640625,
      "mid_mean": -26.556867599487305,
      "mid_to_side_loudness": -3.8804965019226074,
      "mid_to_side_loudness_range": 11.700398445129395,
      "side_mean": -30.268543243408203
    },
    {
      "loudness": -32.63155746459961,
      "loudness_range": 20.056453704833984,
      "low_freq": 12199.2666015625,
      "mid_mean": -30.702991485595703,
      "mid_to_side_loudness": -4.332069396972656,
      "mid_to_side_loudness_range": 11.04343318939209,
      "side_mean": -34.83412551879883
    }
  ],
  "bandwidth": 753.9423828125,
  "channels": 2,
  "covariance": [
    [
      8.43681526184082,
      -0.1450655460357666,
      1.3109180927276611,
      1.120118260383606,
      1.0142563581466675,
      1.6276073455810547,
      2.227761745452881,
      1.7886444330215454,
      1.5169501304626465,
      2.042829990386963,
      1.5247539281845093,
      1.882883071899414,
      0.9765620231628418,
      1.9790130853652954,
      0.5621141195297241,
      1.093153953552246,
      1.0569827556610107,
      0.5958110094070435
    ],
    [
      -0.1450655460357666,
      35.75551986694336,
      2.0552122592926025,
      3.651935338973999,
      3.194228172302246,
      2.6048147678375244,
      1.0268620252609253,
      2.040876865386963,
      1.9130009412765503,
      1.7644761800765991,
      2.3228659629821777,
      2.1964142322540283,
      2.074000120162964,
      3.092111825942993,
      3.2751731872558594,
      5.243381500244141,
      -4.57452917098999,
      -2.9091923236846924
    ],
    [
      1.3109180927276611,
      2.0552122592926025,
      6.131972789764404,
      3.204749822616577,
      2.098487377166748,
      2.5760223865509033,
      3.579171657562256,
      2.640768527984619,
      3.0453567504882812,
      2.6695451736450195,
      2.630162477493286,
      2.554048776626587,
      1.9574905633926392,
      2.749237060546875,
      2.090853691101074,
      2.0978474617004395,
      1.7105375528335571,
      1.699581265449524
    ],
    [
      1.120118260383606,
      3.651935338973999,
      3.204749822616577,
      8.566136360168457,
      3.134816884994507,
      4.884006500244141,
      4.049295902252197,
      4.273646831512451,
      3.9389467239379883,
      4.319665908813477,
      3.141902446746826,
      4.185142517089844,
      2.752768039703369,
      4.248441696166992,
      2.9566166400909424,
      4.887507915496826,
      0.3996789753437042,
      1.5884184837341309
    ],
    [
      1.0142563581466675,
      3.194228172302246,
      2.098487377166748,
      3.134816884994507,
      7.319055557250977,
      5.04446268081665,
      4.9089250564575195,
      4.191350936889648,
      5.1597900390625,
      4.517275810241699,
      4.316314220428467,
      4.458413124084473,
      3.5766217708587646,
      4.773935317993164,
      2.882185220718384,
      5.480347633361816,
      0.5733324885368347,
      2.1744225025177
    ],
    [
      1.6276073455810547,
      2.6048147678375244,
      2.5760223865509033,
      4.884006500244141,
      5.04446268081665,
      9.044700622558594,
      5.578593730926514,
      5.3172078132629395,
      5.0151238441467285,
      5.877886772155762,
      4.021233081817627,
      5.846718788146973,
      3.316770553588867,
      6.047365188598633,
      2.9444897174835205,
      5.467853546142578,
      1.4811184406280518,
      2.551225185394287
    ],
    [
      2.227761745452881,
      1.0268620252609253,
      3.579171657562256,
      4.049295902252197,
      4.9089250564575195,
      5.578593730926514,
      10.603384971618652,
      7.125803470611572,
      7.453126430511475,
      6.196157455444336,
      6.532010078430176,
      6.547881603240967,
      5.266077995300293,
      7.292587757110596,
      4.494595527648926,
      7.343313694000244,
      2.7739806175231934,
      4.195209503173828
    ],
    [
      1.7886444330215454,
      2.040876865386963,
      2.640768527984619,
      4.273646831512451,
      4.191350936889648,
      5.3172078132629395,
      7.125803470611572,
      9.413247108459473,
      5.818669319152832,
      5.929473400115967,
      4.741754531860352,
      6.294209003448486,
      4.132450580596924,
      6.365413665771484,
      3.784240961074829,
      6.950822830200195,
      1.780006766319275,
      3.405829668045044
    ],
    [
      1.5169501304626465,
      1.9130009412765503,
      3.0453567504882812,
      3.9389467239379883,
      5.1597900390625,
      5.0151238441467285,
      7.453126430511475,
      5.818669319152832,
      9.018583297729492,
      7.107435703277588,
      7.2861833572387695,
      6.89741325378418,
      6.1464056968688965,
      7.124508857727051,
      5.29309606552124,
      7.564748764038086,
      3.138416051864624,
      4.640213489532471
    ],
    [
      2.042829990386963,
      1.7644761800765991,
      2.6695451736450195,
      4.319665908813477,
      4.517275810241699,
      5.877886772155762,
      6.196157455444336,
      5.929473400115967,
      7.107435703277588,
      8.513823509216309,
      5.302042484283447,
      7.011708736419678,
      4.56203556060791,
      6.984251976013184,
      3.9930801391601562,
      7.019492149353027,
      2.198244571685791,
      3.8447248935699463
    ],
    [
      1.5247539281845093,
      2.3228659629821777,
      2.630162477493286,
      3.141902446746826,
      4.316314220428467,
      4.021233081817627,
      6.532010078430176,
      4.741754531860352,
      7.2861833572387695,
      5.302042484283447,
      8.474823951721191,
      6.519937515258789,
      5.720943927764893,
      6.6183576583862305,
      5.28955078125,
      6.913907527923584,
      2.007627487182617,
      3.1869845390319824
    ],
    [
      1.882883071899414,
      2.1964142322540283,
      2.554048776626587,
      4.185142517089844,
      4.458413124084473,
      5.846718788146973,
      6.547881603240967,
      6.294209003448486,
      6.89741325378418,
      7.011708736419678,
      6.519937515258789,
      9.65162467956543,
      5.419186592102051,
      8.878954887390137,
      5.341240406036377,
      9.099373817443848,
      2.02492618560791,
      4.061622619628906
    ],
    [
      0.9765620231628418,
      2.074000120162964,
      1.9574905633926392,
      2.752768039703369,
      3.5766217708587646,
      3.316770553588867,
      5.266077995300293,
      4.132450580596924,
      6.1464056968688965,
      4.56203556060791,
      5.720943927764893,
      5.419186592102051,
      7.779001712799072,
      7.085515975952148,
      5.896263599395752,
      7.376912593841553,
      2.354339838027954,
      3.7404754161834717
    ],
    [
      1.9790130853652954,
      3.092111825942993,
      2.749237060546875,
      4.248441696166992,
      4.773935317993164,
      6.047365188598633,
      7.292587757110596,
      6.365413665771484,
      7.124508857727051,
      6.984251976013184,
      6.6183576583862305,
      8.878954887390137,
      7.085515975952148,
      13.477968215942383,
      5.968266487121582,
      12.268003463745117,
      1.1514267921447754,
      4.530629634857178
    ],
    [
      0.5621141195297241,
      3.2751731872558594,
      2.090853691101074,
      2.9566166400909424,
      2.882185220718384,
      2.9444897174835205,
      4.494595527648926,
      3.784240961074829,
      5.29309606552124,
      3.9930801391601562,
      5.28955078125,
      5.341240406036377,
      5.896263599395752,
      5.968266487121582,
      14.407431602478027,
      14.224835395812988,
      8.279446601867676,
      9.535360336303711
    ],
    [
      1.093153953552246,
      5.243381500244141,
      2.0978474617004395,
      4.887507915496826,
      5.480347633361816,
      5.467853546142578,
      7.343313694000244,
      6.950822830200195,
      7.564748764038086,
      7.019492149353027,
      6.913907527923584,
      9.099373817443848,
      7.376912593841553,
      12.268003463745117,
      14.224835395812988,
      25.70343017578125,
      3.9265830516815186,
      11.075438499450684
    ],
    [
      1.0569827556610107,
      -4.57452917098999,
      1.7105375528335571,
      0.3996789753437042,
      0.5733324885368347,
      1.4811184406280518,
      2.7739806175231934,
      1.780006766319275,
      3.138416051864624,
      2.198244571685791,
      2.007627487182617,
      2.02492618560791,
      2.354339838027954,
      1.1514267921447754,
      8.279446601867676,
      3.9265830516815186,
      21.27161407470703,
      18.922775268554688
    ],
    [
      0.5958110094070435,
      -2.9091923236846924,
      1.699581265449524,
      1.5884184837341309,
      2.1744225025177,
      2.551225185394287,
      4.195209503173828,
      3.405829668045044,
      4.640213489532471,
      3.8447248935699463,
      3.1869845390319824,
      4.061622619628906,
      3.7404754161834717,
      4.530629634857178,
      9.535360336303711,
      11.075438499450684,
      18.922775268554688,
      25.958311080932617
    ]
  ],
  "covariance_short": [
    [
      34.78190994262695,
      6.209371566772461,
      2.49151349067688,
      0.27035951614379883,
      2.7562010288238525,
      3.049623966217041,
      3.6357650756835938,
      2.363499164581299,
      3.4296295642852783,
      4.114292621612549,
      3.3042666912078857,
      3.7476563453674316,
      2.6278514862060547,
      3.2173004150390625,
      2.098309278488159,
      1.301795244216919,
      2.244643449783325,
      1.5197796821594238
    ],
    [
      6.209371566772461,
      71.82772827148438,
      2.6997647285461426,
      4.8767852783203125,
      5.77116584777832,
      3.5627963542938232,
      3.4489266872406006,
      3.0431406497955322,
      5.85256814956665,
      4.3267974853515625,
      6.8230743408203125,
      4.113691806793213,
      7.6832146644592285,
      6.508591175079346,
      8.293049812316895,
      9.365130424499512,
      3.887515068054199,
      5.933996677398682
    ],
    [
      2.49151349067688,
      2.6997647285461426,
      11.281786918640137,
      3.6358509063720703,
      3.8234798908233643,
      3.9727442264556885,
      5.085719108581543,
      3.574871778488159,
      4.514081001281738,
      4.512265682220459,
      4.597408294677734,
      3.931220531463623,
      4.421960353851318,
      4.273977756500244,
      3.3105156421661377,
      2.681043863296509,
      3.993046522140503,
      3.244812488555908
    ],
    [
      0.27035951614379883,
      4.8767852783203125,
      3.6358509063720703,
      14.252440452575684,
      4.268648147583008,
      5.529660701751709,
      4.128209114074707,
      4.653961181640625,
      4.190846920013428,
      5.225986003875732,
      3.904694080352783,
      4.390294551849365,
      3.44146466255188,
      4.3209381103515625,
      3.3411247730255127,
      5.08337926864624,
      2.815138101577759,
      3.288229465484619
    ],
    [
      2.7562010288238525,
      5.77116584777832,
      3.8234798908233643,
      4.268648147583008,
      13.133888244628906,
      7.610318660736084,
      6.390292644500732,
      5.6160101890563965,
      7.397103309631348,
      6.902628421783447,
      7.539107799530029,
      6.190303325653076,
      6.981778144836426,
      6.610715866088867,
      5.416189670562744,
      6.4170403480529785,
      4.2820634841918945,
      4.860980033874512
    ],
    [
      3.049623966217041,
      3.5627963542938232,
      3.9727442264556885,
      5.529660701751709,
      7.610318660736084,
      14.633021354675293,
      7.43546199798584,
      6.830367088317871,
      6.48475980758667,
      7.863245010375977,
      5.838294506072998,
      7.0214524269104,
      4.981654167175293,
      7.413245677947998,
      4.311805248260498,
      6.2761359214782715,
      4.083228588104248,
      4.847789764404297
    ],
    [
      3.6357650756835938,
      3.4489266872406006,
      5.085719108581543,
      4.128209114074707,
      6.390292644500732,
      7.43546199798584,
      15.184894561767578,
      9.145843505859375,
      10.060800552368164,
      9.635631561279297,
      9.575270652770996,
      9.27924919128418,
      8.804187774658203,
      9.61009407043457,
      7.1931610107421875,
      8.713906288146973,
      6.9153218269348145,
      7.472982883453369
    ],
    [
      2.363499164581299,
      3.0431406497955322,
      3.574871778488159,
      4.653961181640625,
      5.6160101890563965,
      6.830367088317871,
      9.145843505859375,
      13.691861152648926,
      8.121421813964844,
      8.877446174621582,
      7.846373558044434,
      8.86630916595459,
      7.014338493347168,
      8.4714937210083,
      5.901309013366699,
      8.294354438781738,
      5.328302383422852,
      6.2456793785095215
    ],
    [
      3.4296295642852783,
      5.85256814956665,
      4.514081001281738,
      4.190846920013428,
      7.397103309631348,
      6.48475980758667,
      10.060800552368164,
      8.121421813964844,
      14.808666229248047,
      11.508221626281738,
      12.078882217407227,
      10.120530128479004,
      10.967241287231445,
      10.462404251098633,
      8.755866050720215,
      9.501558303833008,
      8.367440223693848,
      8.481868743896484
    ],
    [
      4.114292621612549,
      4.3267974853515625,
      4.512265682220459,
      5.225986003875732,
      6.902628421783447,
      7.863245010375977,
      9.635631561279297,
      8.877446174621582,
      11.508221626281738,
      15.994272232055664,
      10.004204750061035,
      11.449254989624023,
      8.9916410446167,
      11.302117347717285,
      6.883253574371338,
      9.458656311035156,
      6.862284183502197,
      7.799798965454102
    ],
    [
      3.3042666912078857,
      6.8230743408203125,
      4.597408294677734,
      3.904694080352783,
      7.539107799530029,
      5.838294506072998,
      9.575270652770996,
      7.846373558044434,
      12.078882217407227,
      10.004204750061035,
      17.161806106567383,
      11.798800468444824,
      13.904918670654297,
      11.998238563537598,
      11.064105033874512,
      11.033750534057617,
      9.72790241241455,
      9.778373718261719
    ],
    [
      3.7476563453674316,
      4.113691806793213,
      3.931220531463623,
      4.390294551849365,
      6.190303325653076,
      7.0214524269104,
      9.27924919128418,
      8.86630916595459,
      10.120530128479004,
      11.449254989624023,
      11.798800468444824,
      16.502639770507812,
      10.47659683227539,
      14.089401245117188,
      8.94464111328125,
      12.89276123046875,
      7.749959468841553,
      9.71596622467041
    ],
    [
      2.6278514862060547,
      7.6832146644592285,
      4.421960353851318,
      3.44146466255188,
      6.981778144836426,
      4.981654167175293,
      8.804187774658203,
      7.014338493347168,
      10.967241287231445,
      8.9916410446167,
      13.904918670654297,
      10.47659683227539,
      19.991535186767578,
      14.024171829223633,
      15.233975410461426,
      13.89885425567627,
      13.722480773925781,
      13.428628921508789
    ],
    [
      3.2173004150390625,
      6.508591175079346,
      4.273977756500244,
      4.3209381103515625,
      6.610715866088867,
      7.413245677947998,
      9.61009407043457,
      8.4714937210083,
      10.462404251098633,
      11.302117347717285,
      11.998238563537598,
      14.089401245117188,
      14.024171829223633,
      21.65765953063965,
      11.61579418182373,
      17.89533233642578,
      8.417191505432129,
      12.173868179321289
    ],
    [
      2.098309278488159,
      8.293049812316895,
      3.3105156421661377,
      3.3411247730255127,
      5.416189670562744,
      4.311805248260498,
      7.1931610107421875,
      5.901309013366699,
      8.755866050720215,
      6.883253574371338,
      11.064105033874512,
      8.94464111328125,
      15.233975410461426,
      11.61579418182373,
      30.99358558654785,
      24.9377498626709,
      27.28286361694336,
      24.313398361206055
    ],
    [
      1.301795244216919,
      9.365130424499512,
      2.681043863296509,
      5.08337926864624,
      6.4170403480529785,
      6.2761359214782715,
      8.713906288146973,
      8.294354438781738,
      9.501558303833008,
      9.458656311035156,
      11.033750534057617,
      12.89276123046875,
      13.89885425567627,
      17.89533233642578,
      24.9377498626709,
      37.115447998046875,
      17.0096435546875,
      23.854185104370117
    ],
    [
      2.244643449783325,
      3.887515068054199,
      3.993046522140503,
      2.815138101577759,
      4.2820634841918945,
      4.083228588104248,
      6.9153218269348145,
      5.328302383422852,
      8.367440223693848,
      6.862284183502197,
      9.72790241241455,
      7.749959468841553,
      13.722480773925781,
      8.417191505432129,
      27.28286361694336,
      17.0096435546875,
      54.83888244628906,
      42.69585037231445
    ],
    [
      1.5197796821594238,
      5.933996677398682,
      3.244812488555908,
      3.288229465484619,
      4.860980033874512,
      4.847789764404297,
      7.472982883453369,
      6.2456793785095215,
      8.481868743896484,
      7.799798965454102,
      9.778373718261719,
      9.71596622467041,
      13.428628921508789,
      12.173868179321289,
      24.313398361206055,
      23.854185104370117,
      42.69585037231445,
      48.49957275390625
    ]
  ],
  "damage": -6.3169074058532715,
  "diff_bandwidth": 707.5831909179688,
  "dissonance": 10.394988296601566,
  "drr": 5.857554912567139,
  "dynamics": 1.846298336982727,
  "format": 1245190,
  "frames": 10645504,
  "loudness": -9.498839378356934,
  "loudness_range": 3.5642075538635254,
  "loudness_range_short": 6.085890769958496,
  "lowpass_true_peak_15khz": 1.5910857915878296,
  "mastering3_acoustic_entropies": [
    {
      "acoustic_entropy": 4.420835494995117,
      "acoustic_entropy_mono": 4.727940082550049,
      "band_eliminated_acoustic_entropies": [
        {
          "acoustic_entropy": 4.3502655029296875,
          "acoustic_entropy_side": 4.420797824859619,
          "hz": 129.47220167065723
        },
        {
          "acoustic_entropy": 4.3037238121032715,
          "acoustic_entropy_side": 4.421038627624512,
          "hz": 202.92927478742237
        },
        {
          "acoustic_entropy": 4.546919345855713,
          "acoustic_entropy_side": 4.4291839599609375,
          "hz": 282.89161906338205
        },
        {
          "acoustic_entropy": 4.348616600036621,
          "acoustic_entropy_side": 4.43347692489624,
          "hz": 369.9353335868758
        },
        {
          "acoustic_entropy": 4.683651924133301,
          "acoustic_entropy_side": 4.404698371887207,
          "hz": 464.6875360973435
        },
        {
          "acoustic_entropy": 4.276810169219971,
          "acoustic_entropy_side": 4.4833149909973145,
          "hz": 567.8308811364784
        },
        {
          "acoustic_entropy": 4.061117172241211,
          "acoustic_entropy_side": 4.3430304527282715,
          "hz": 680.1084783214808
        },
        {
          "acoustic_entropy": 4.416961669921875,
          "acoustic_entropy_side": 4.4618821144104,
          "hz": 802.3292461747484
        },
        {
          "acoustic_entropy": 4.676069259643555,
          "acoustic_entropy_side": 4.342252731323242,
          "hz": 935.3737400823702
        },
        {
          "acoustic_entropy": 4.1555256843566895,
          "acoustic_entropy_side": 4.366255760192871,
          "hz": 1080.2004963696966
        },
        {
          "acoustic_entropy": 4.593732833862305,
          "acoustic_entropy_side": 4.396073818206787,
          "hz": 1237.8529382007157
        },
        {
          "acoustic_entropy": 4.1536383628845215,
          "acoustic_entropy_side": 4.349667072296143,
          "hz": 1409.4668930556702
        },
        {
          "acoustic_entropy": 4.421986103057861,
          "acoustic_entropy_side": 4.50612211227417,
          "hz": 1596.2787759475705
        },
        {
          "acoustic_entropy": 4.590422630310059,
          "acoustic_entropy_side": 4.481659412384033,
          "hz": 1799.6344973346393
        },
        {
          "acoustic_entropy": 4.169734477996826,
          "acoustic_entropy_side": 4.410999298095703,
          "hz": 2020.9991599069049
        },
        {
          "acoustic_entropy": 4.385664463043213,
          "acoustic_entropy_side": 4.311811447143555,
          "hz": 2261.9676141086993
        },
        {
          "acoustic_entropy": 4.263505935668945,
          "acoustic_entropy_side": 4.274439811706543,
          "hz": 2524.2759484456974
        },
        {
          "acoustic_entropy": 4.292691230773926,
          "acoustic_entropy_side": 4.369026184082031,
          "hz": 2809.813997359896
        },
        {
          "acoustic_entropy": 4.128262996673584,
          "acoustic_entropy_side": 4.179768085479736,
          "hz": 3120.6389567871424
        },
        {
          "acoustic_entropy": 4.3109025955200195,
          "acoustic_entropy_side": 4.492895126342773,
          "hz": 3458.990205492291
        },
        {
          "acoustic_entropy": 4.316989421844482,
          "acoustic_entropy_side": 4.505875587463379,
          "hz": 3827.305438964164
        },
        {
          "acoustic_entropy": 4.247801303863525,
          "acoustic_entropy_side": 4.453762054443359,
          "hz": 4228.238232109126
        },
        {
          "acoustic_entropy": 4.305241584777832,
          "acoustic_entropy_side": 4.3633551597595215,
          "hz": 4664.6771572759235
        },
        {
          "acoustic_entropy": 4.285549163818359,
          "acoustic_entropy_side": 4.38027811050415,
          "hz": 5139.766595350093
        },
        {
          "acoustic_entropy": 4.308721542358398,
          "acoustic_entropy_side": 4.344450950622559,
          "hz": 5656.929389854203
        },
        {
          "acoustic_entropy": 4.427299976348877,
          "acoustic_entropy_side": 4.4051899909973145,
          "hz": 6219.891507268283
        },
        {
          "acoustic_entropy": 4.3914899826049805,
          "acoustic_entropy_side": 4.388138294219971,
          "hz": 6832.70888123896
        },
        {
          "acoustic_entropy": 4.695910453796387,
          "acoustic_entropy_side": 4.51420783996582,
          "hz": 7499.796634079867
        },
        {
          "acoustic_entropy": 4.434679985046387,
          "acoustic_entropy_side": 4.440304756164551,
          "hz": 8225.96088609342
        },
        {
          "acoustic_entropy": 4.536584854125977,
          "acoustic_entropy_side": 4.464963912963867,
          "hz": 9016.43338188839
        },
        {
          "acoustic_entropy": 4.762388229370117,
          "acoustic_entropy_side": 4.464756965637207,
          "hz": 9876.909183162974
        },
        {
          "acoustic_entropy": 4.6059393882751465,
          "acoustic_entropy_side": 4.287628173828125,
          "hz": 10813.587699516042
        },
        {
          "acoustic_entropy": 4.8837199211120605,
          "acoustic_entropy_side": 4.743837833404541,
          "hz": 11833.21735289826
        },
        {
          "acoustic_entropy": 4.605837345123291,
          "acoustic_entropy_side": 4.420042514801025,
          "hz": 12943.144197493959
        },
        {
          "acoustic_entropy": 4.596441745758057,
          "acoustic_entropy_side": 4.335407733917236,
          "hz": 14151.364845322005
        },
        {
          "acoustic_entropy": 4.838310718536377,
          "acoustic_entropy_side": 4.473724365234375,
          "hz": 15466.58407886509
        },
        {
          "acoustic_entropy": 4.727460861206055,
          "acoustic_entropy_side": 4.585206985473633,
          "hz": 16898.27756580493
        },
        {
          "acoustic_entropy": 4.422494888305664,
          "acoustic_entropy_side": 4.449788570404053,
          "hz": 18456.760127700032
        },
        {
          "acoustic_entropy": 4.289316177368164,
          "acoustic_entropy_side": 4.405256271362305,
          "hz": 20153.260054456492
        },
        {
          "acoustic_entropy": 4.3874897956848145,
          "acoustic_entropy_side": 4.421560764312744,
          "hz": 22000.00000000001
        }
      ],
      "diff_acoustic_entropy": 4.342766284942627,
      "sn": 6
    },
    {
      "acoustic_entropy": 9.197505950927734,
      "acoustic_entropy_mono": 8.300654411315918,
      "band_eliminated_acoustic_entropies": [
        {
          "acoustic_entropy": 9.376018524169922,
          "acoustic_entropy_side": 9.196345329284668,
          "hz": 129.47220167065723
        },
        {
          "acoustic_entropy": 9.638138771057129,
          "acoustic_entropy_side": 9.198527336120605,
          "hz": 202.92927478742237
        },
        {
          "acoustic_entropy": 9.316938400268555,
          "acoustic_entropy_side": 9.233168601989746,
          "hz": 282.89161906338205
        },
        {
          "acoustic_entropy": 9.404178619384766,
          "acoustic_entropy_side": 9.339612007141113,
          "hz": 369.9353335868758
        },
        {
          "acoustic_entropy": 8.942346572875977,
          "acoustic_entropy_side": 9.209171295166016,
          "hz": 464.6875360973435
        },
        {
          "acoustic_entropy": 9.450265884399414,
          "acoustic_entropy_side": 9.4072904586792,
          "hz": 567.8308811364784
        },
        {
          "acoustic_entropy": 9.739384651184082,
          "acoustic_entropy_side": 9.431769371032715,
          "hz": 680.1084783214808
        },
        {
          "acoustic_entropy": 9.673545837402344,
          "acoustic_entropy_side": 9.642404556274414,
          "hz": 802.3292461747484
        },
        {
          "acoustic_entropy": 9.518999099731445,
          "acoustic_entropy_side": 9.645030975341797,
          "hz": 935.3737400823702
        },
        {
          "acoustic_entropy": 9.623498916625977,
          "acoustic_entropy_side": 9.894728660583496,
          "hz": 1080.2004963696966
        },
        {
          "acoustic_entropy": 9.681795120239258,
          "acoustic_entropy_side": 9.412367820739746,
          "hz": 1237.8529382007157
        },
        {
          "acoustic_entropy": 9.668519020080566,
          "acoustic_entropy_side": 9.444159507751465,
          "hz": 1409.4668930556702
        },
        {
          "acoustic_entropy": 9.180350303649902,
          "acoustic_entropy_side": 9.056775093078613,
          "hz": 1596.2787759475705
        },
        {
          "acoustic_entropy": 9.417400360107422,
          "acoustic_entropy_side": 9.574182510375977,
          "hz": 1799.6344973346393
        },
        {
          "acoustic_entropy": 8.6309175491333,
          "acoustic_entropy_side": 9.092949867248535,
          "hz": 2020.9991599069049
        },
        {
          "acoustic_entropy": 9.457137107849121,
          "acoustic_entropy_side": 9.143189430236816,
          "hz": 2261.9676141086993
        },
        {
          "acoustic_entropy": 9.31733512878418,
          "acoustic_entropy_side": 9.327747344970703,
          "hz": 2524.2759484456974
        },
        {
          "acoustic_entropy": 9.755232810974121,
          "acoustic_entropy_side": 9.86595344543457,
          "hz": 2809.813997359896
        },
        {
          "acoustic_entropy": 9.299593925476074,
          "acoustic_entropy_side": 9.569280624389648,
          "hz": 3120.6389567871424
        },
        {
          "acoustic_entropy": 9.290131568908691,
          "acoustic_entropy_side": 9.277390480041504,
          "hz": 3458.990205492291
        },
        {
          "acoustic_entropy": 9.219721794128418,
          "acoustic_entropy_side": 9.357033729553223,
          "hz": 3827.305438964164
        },
        {
          "acoustic_entropy": 9.474705696105957,
          "acoustic_entropy_side": 9.480788230895996,
          "hz": 4228.238232109126
        },
        {
          "acoustic_entropy": 9.23284912109375,
          "acoustic_entropy_side": 9.259269714355469,
          "hz": 4664.6771572759235
        },
        {
          "acoustic_entropy": 9.353644371032715,
          "acoustic_entropy_side": 9.339661598205566,
          "hz": 5139.766595350093
        },
        {
          "acoustic_entropy": 9.022005081176758,
          "acoustic_entropy_side": 9.142087936401367,
          "hz": 5656.929389854203
        },
        {
          "acoustic_entropy": 9.032439231872559,
          "acoustic_entropy_side": 9.10466480255127,
          "hz": 6219.891507268283
        },
        {
          "acoustic_entropy": 9.463882446289062,
          "acoustic_entropy_side": 9.38878345489502,
          "hz": 6832.70888123896
        },
        {
          "acoustic_entropy": 9.709369659423828,
          "acoustic_entropy_side": 9.562729835510254,
          "hz": 7499.796634079867
        },
        {
          "acoustic_entropy": 9.30258560180664,
          "acoustic_entropy_side": 9.298831939697266,
          "hz": 8225.96088609342
        },
        {
          "acoustic_entropy": 9.495424270629883,
          "acoustic_entropy_side": 9.273493766784668,
          "hz": 9016.43338188839
        },
        {
          "acoustic_entropy": 9.077720642089844,
          "acoustic_entropy_side": 9.08303451538086,
          "hz": 9876.909183162974
        },
        {
          "acoustic_entropy": 9.14845085144043,
          "acoustic_entropy_side": 8.992751121520996,
          "hz": 10813.587699516042
        },
        {
          "acoustic_entropy": 9.367006301879883,
          "acoustic_entropy_side": 9.365070343017578,
          "hz": 11833.21735289826
        },
        {
          "acoustic_entropy": 9.340484619140625,
          "acoustic_entropy_side": 9.253222465515137,
          "hz": 12943.144197493959
        },
        {
          "acoustic_entropy": 9.084321022033691,
          "acoustic_entropy_side": 9.04454231262207,
          "hz": 14151.364845322005
        },
        {
          "acoustic_entropy": 9.176039695739746,
          "acoustic_entropy_side": 9.0614652633667,
          "hz": 15466.58407886509
        },
        {
          "acoustic_entropy": 8.874052047729492,
          "acoustic_entropy_side": 9.019166946411133,
          "hz": 16898.27756580493
        },
        {
          "acoustic_entropy": 8.747004508972168,
          "acoustic_entropy_side": 9.044554710388184,
          "hz": 18456.760127700032
        },
        {
          "acoustic_entropy": 8.707402229309082,
          "acoustic_entropy_side": 9.053354263305664,
          "hz": 20153.260054456492
        },
        {
          "acoustic_entropy": 9.092023849487305,
          "acoustic_entropy_side": 9.165109634399414,
          "hz": 22000.00000000001
        }
      ],
      "diff_acoustic_entropy": 9.187026023864746,
      "sn": 12
    },
    {
      "acoustic_entropy": 16.052749633789062,
      "acoustic_entropy_mono": 14.056741714477539,
      "band_eliminated_acoustic_entropies": [
        {
          "acoustic_entropy": 14.074134826660156,
          "acoustic_entropy_side": 15.802005767822266,
          "hz": 129.47220167065723
        },
        {
          "acoustic_entropy": 16.34685707092285,
          "acoustic_entropy_side": 15.261865615844727,
          "hz": 202.92927478742237
        },
        {
          "acoustic_entropy": 16.132984161376953,
          "acoustic_entropy_side": 15.439895629882812,
          "hz": 282.89161906338205
        },
        {
          "acoustic_entropy": 15.625577926635742,
          "acoustic_entropy_side": 16.040252685546875,
          "hz": 369.9353335868758
        },
        {
          "acoustic_entropy": 16.44829750061035,
          "acoustic_entropy_side": 15.878321647644043,
          "hz": 464.6875360973435
        },
        {
          "acoustic_entropy": 15.742676734924316,
          "acoustic_entropy_side": 15.674816131591797,
          "hz": 567.8308811364784
        },
        {
          "acoustic_entropy": 15.755321502685547,
          "acoustic_entropy_side": 16.031078338623047,
          "hz": 680.1084783214808
        },
        {
          "acoustic_entropy": 16.023880004882812,
          "acoustic_entropy_side": 15.791458129882812,
          "hz": 802.3292461747484
        },
        {
          "acoustic_entropy": 15.476305961608887,
          "acoustic_entropy_side": 15.124423027038574,
          "hz": 935.3737400823702
        },
        {
          "acoustic_entropy": 15.953669548034668,
          "acoustic_entropy_side": 15.914775848388672,
          "hz": 1080.2004963696966
        },
        {
          "acoustic_entropy": 16.140220642089844,
          "acoustic_entropy_side": 15.49437427520752,
          "hz": 1237.8529382007157
        },
        {
          "acoustic_entropy": 15.249917984008789,
          "acoustic_entropy_side": 15.95734691619873,
          "hz": 1409.4668930556702
        },
        {
          "acoustic_entropy": 15.710152626037598,
          "acoustic_entropy_side": 15.89176082611084,
          "hz": 1596.2787759475705
        },
        {
          "acoustic_entropy": 15.077442169189453,
          "acoustic_entropy_side": 15.146463394165039,
          "hz": 1799.6344973346393
        },
        {
          "acoustic_entropy": 16.393903732299805,
          "acoustic_entropy_side": 15.97797679901123,
          "hz": 2020.9991599069049
        },
        {
          "acoustic_entropy": 15.646416664123535,
          "acoustic_entropy_side": 15.91008472442627,
          "hz": 2261.9676141086993
        },
        {
          "acoustic_entropy": 15.70793628692627,
          "acoustic_entropy_side": 15.655412673950195,
          "hz": 2524.2759484456974
        },
        {
          "acoustic_entropy": 15.918540000915527,
          "acoustic_entropy_side": 15.700310707092285,
          "hz": 2809.813997359896
        },
        {
          "acoustic_entropy": 16.014841079711914,
          "acoustic_entropy_side": 15.964449882507324,
          "hz": 3120.6389567871424
        },
        {
          "acoustic_entropy": 15.795454978942871,
          "acoustic_entropy_side": 15.938858032226562,
