{
  "acoustic_entropy": 206.18414306640625,
  "bands": [
    {
      "high_freq": 148.1999969482422,
      "loudness": -37.93775939941406,
      "loudness_range": 15.03622055053711,
      "mid_mean": -35.098331451416016,
      "mid_to_side_loudness": -8.706427574157715,
      "mid_to_side_loudness_range": 14.56137466430664,
      "side_mean": -44.0797119140625
    },
    {
      "high_freq": 392.3793640136719,
      "loudness": -26.207080841064453,
      "loudness_range": 11.531095504760742,
      "low_freq": 148.1999969482422,
      "mid_mean": -24.724773406982422,
      "mid_to_side_loudness": -2.411295175552368,
      "mid_to_side_loudness_range": 8.948444366455078,
      "side_mean": -27.206281661987305
    },
    {
      "high_freq": 794.6976318359375,
      "loudness": -26.7585506439209,
      "loudness_range": 14.522192001342773,
      "low_freq": 392.3793640136719,
      "mid_mean": -24.964473724365234,
      "mid_to_side_loudness": -4.195252895355225,
      "mid_to_side_loudness_range": 15.267955780029297,
      "side_mean": -29.366455078125
    },
    {
      "high_freq": 1457.5709228515625,
      "loudness": -30.414453506469727,
      "loudness_range": 16.326093673706055,
      "low_freq": 794.6976318359375,
      "mid_mean": -28.394411087036133,
      "mid_to_side_loudness": -4.539219856262207,
      "mid_to_side_loudness_range": 11.96551513671875,
      "side_mean": -33.03604507446289
    },
    {
      "high_freq": 2549.74365234375,
      "loudness": -31.77466583251953,
      "loudness_range": 19.57598876953125,
      "low_freq": 1457.5709228515625,
      "mid_mean": -29.76654624938965,
      "mid_to_side_loudness": -4.639130115509033,
      "mid_to_side_loudness_range": 13.52122688293457,
      "side_mean": -34.53397750854492
    },
    {
      "high_freq": 4349.24462890625,
      "loudness": -35.04713439941406,
      "loudness_range": 21.39269256591797,
      "low_freq": 2549.74365234375,
      "mid_mean": -32.79470443725586,
      "mid_to_side_loudness": -5.12584114074707,
      "mid_to_side_loudness_range": 11.879677772521973,
      "side_mean": -38.10126495361328
    },
    {
      "high_freq": 7314.1640625,
      "loudness": -45.17100143432617,
      "loudness_range": 21.354389190673828,
      "low_freq": 4349.24462890625,
      "mid_mean": -42.50983428955078,
      "mid_to_side_loudness": -6.694897651672363,
      "mid_to_side_loudness_range": 12.720318794250488,
      "side_mean": -50.274497985839844
    },
    {
      "high_freq": 12199.2666015625,
      "loudness": -58.17673873901367,
      "loudness_range": 18.760337829589844,
      "low_freq": 7314.1640625,
      "mid_mean": -55.315589904785156,
      "mid_to_side_loudness": -6.166377544403076,
      "mid_to_side_loudness_range": 9.956500053405762,
      "side_mean": -60.85301971435547
    },
    {
      "loudness": -65.72650146484375,
      "loudness_range": 4.3082275390625,
      "low_freq": 12199.2666015625,
      "mid_mean": -63.53685760498047,
      "mid_to_side_loudness": -0.7107149958610535,
      "mid_to_side_loudness_range": 1.0973206758499146,
      "side_mean": -64.07880401611328
    }
  ],
  "bands_short": [
    {
      "high_freq": 148.1999969482422,
      "loudness": -42.07777404785156,
      "loudness_range": 19.25611686706543,
      "mid_mean": -39.73979187011719,
      "mid_to_side_loudness": -7.228479385375977,
      "mid_to_side_loudness_range": 19.880062103271484,
      "side_mean": -47.47443771362305
    },
    {
      "high_freq": 392.3793640136719,
      "loudness": -26.607717514038086,
      "loudness_range": 12.821035385131836,
      "low_freq": 148.1999969482422,
      "mid_mean": -25.208120346069336,
      "mid_to_side_loudness": -2.7989108562469482,
      "mid_to_side_loudness_range": 12.172358512878418,
      "side_mean": -27.99122428894043
    },
    {
      "high_freq": 794.6976318359375,
      "loudness": -27.36380958557129,
      "loudness_range": 15.270759582519531,
      "low_freq": 392.3793640136719,
      "mid_mean": -25.740224838256836,
      "mid_to_side_loudness": -3.9798226356506348,
      "mid_to_side_loudness_range": 16.5180606842041,
      "side_mean": -29.914947509765625
    },
    {
      "high_freq": 1457.5709228515625,
      "loudness": -29.68057632446289,
      "loudness_range": 17.03850746154785,
      "low_freq": 794.6976318359375,
      "mid_mean": -27.806610107421875,
      "mid_to_side_loudness": -4.45426082611084,
      "mid_to_side_loudness_range": 14.012348175048828,
      "side_mean": -32.36186599731445
    },
    {
      "high_freq": 2549.74365234375,
      "loudness": -32.112266540527344,
      "loudness_range": 19.904706954956055,
      "low_freq": 1457.5709228515625,
      "mid_mean": -30.221406936645508,
      "mid_to_side_loudness": -4.486052513122559,
      "mid_to_side_loudness_range": 14.475114822387695,
      "side_mean": -34.82729721069336
    },
    {
      "high_freq": 4349.24462890625,
      "loudness": -35.37712097167969,
      "loudness_range": 21.574161529541016,
      "low_freq": 2549.74365234375,
      "mid_mean": -33.24060821533203,
      "mid_to_side_loudness": -4.868211269378662,
      "mid_to_side_loudness_range": 12.242083549499512,
      "side_mean": -38.27846908569336
    },
    {
      "high_freq": 7314.1640625,
      "loudness": -45.51676559448242,
      "loudness_range": 23.60023307800293,
      "low_freq": 4349.24462890625,
      "mid_mean": -43.0543327331543,
      "mid_to_side_loudness": -6.207106590270996,
      "mid_to_side_loudness_range": 13.333406448364258,
      "side_mean": -50.321834564208984
    },
    {
      "high_freq": 12199.2666015625,
      "loudness": -59.36859893798828,
      "loudness_range": 21.502471923828125,
      "low_freq": 7314.1640625,
      "mid_mean": -56.7225227355957,
      "mid_to_side_loudness": -4.895346164703369,
      "mid_to_side_loudness_range": 11.294516563415527,
      "side_mean": -61.08791732788086
    },
    {
      "loudness": -65.75037384033203,
      "loudness_range": 4.375736236572266,
      "low_freq": 12199.2666015625,
      "mid_mean": -63.58893966674805,
      "mid_to_side_loudness": -0.6372750997543335,
      "mid_to_side_loudness_range": 1.7484550476074219,
      "side_mean": -64.08172607421875
    }
  ],
  "bandwidth": 765.912841796875,
  "channels": 2,
  "covariance": [
    [
      31.356225967407227,
      19.784822463989258,
      -0.19845716655254364,
      -0.7669428586959839,
      2.464414358139038,
      0.5758574604988098,
      1.871517539024353,
      0.92453932762146,
      2.5771703720092773,
      0.5336461067199707,
      0.429983913898468,
      0.24821114540100098,
      1.4299490451812744,
      4.044772624969482,
      4.1615705490112305,
      3.4433977603912354,
      0.9789483547210693,
      0.8220284581184387
    ],
    [
      19.784822463989258,
      35.913734436035156,
      0.9396930932998657,
      4.501345157623291,
      4.756384372711182,
      0.7976367473602295,
      1.1350749731063843,
      -0.4396696388721466,
      3.612973213195801,
      -0.6922804117202759,
      0.24366743862628937,
      -1.4325834512710571,
      -0.19875924289226532,
      2.174017906188965,
      4.98760461807251,
      4.035861015319824,
      1.2205111980438232,
      1.1368039846420288
    ],
    [
      -0.19845716655254364,
      0.9396930932998657,
      16.483196258544922,
      13.19580364227295,
      1.5774251222610474,
      6.931484699249268,
      1.0904135704040527,
      7.353883266448975,
      3.097712993621826,
      9.076319694519043,
      5.215222358703613,
      11.66059684753418,
      3.781550884246826,
      11.171269416809082,
      3.690725088119507,
      7.122794151306152,
      1.0116933584213257,
      0.9422280192375183
    ],
    [
      -0.7669428586959839,
      4.501345157623291,
      13.19580364227295,
      21.850624084472656,
      1.4876664876937866,
      8.193275451660156,
      0.9544051885604858,
      8.707841873168945,
      3.6823649406433105,
      12.102622985839844,
      6.29772424697876,
      14.588508605957031,
      3.8998522758483887,
      14.125743865966797,
      5.505822658538818,
      10.07811164855957,
      1.4920564889907837,
      1.5307347774505615
    ],
    [
      2.464414358139038,
      4.756384372711182,
      1.5774251222610474,
      1.4876664876937866,
      32.095611572265625,
      8.50554084777832,
      5.65726375579834,
      1.0111212730407715,
      19.251590728759766,
      5.548361301422119,
      13.788517951965332,
      2.5014569759368896,
      12.656092643737793,
      5.817706108093262,
      7.652967929840088,
      1.6672033071517944,
      1.129023551940918,
      0.612105667591095
    ],
    [
      0.5758574604988098,
      0.7976367473602295,
      6.931484699249268,
      8.193275451660156,
      8.50554084777832,
      16.824298858642578,
      5.787178039550781,
      11.162653923034668,
      7.5415544509887695,
      15.105228424072266,
      10.779949188232422,
      17.050010681152344,
      8.755053520202637,
      16.62664031982422,
      6.658079147338867,
      9.766989707946777,
      1.424062728881836,
      1.2761236429214478
    ],
    [
      1.871517539024353,
      1.1350749731063843,
      1.0904135704040527,
      0.9544051885604858,
      5.65726375579834,
      5.787178039550781,
      32.84255599975586,
      19.053796768188477,
      19.538211822509766,
      16.633228302001953,
      21.315258026123047,
      18.831491470336914,
      20.43120002746582,
      21.048629760742188,
      15.194014549255371,
      15.716941833496094,
      3.002716064453125,
      2.6488125324249268
    ],
    [
      0.92453932762146,
      -0.4396696388721466,
      7.353883266448975,
      8.707841873168945,
      1.0111212730407715,
      11.162653923034668,
      19.053796768188477,
      26.90733528137207,
      17.079479217529297,
      26.732084274291992,
      23.01510238647461,
      33.05805969238281,
      21.68988037109375,
      33.787437438964844,
      16.779006958007812,
      24.475631713867188,
      3.8475375175476074,
      3.616877555847168
    ],
    [
      2.5771703720092773,
      3.612973213195801,
      3.097712993621826,
      3.6823649406433105,
      19.251590728759766,
      7.5415544509887695,
      19.538211822509766,
      17.079479217529297,
      40.08891296386719,
      26.946407318115234,
      32.700523376464844,
      26.108985900878906,
      29.9676513671875,
      28.804183959960938,
      23.444469451904297,
      21.710628509521484,
      4.6876726150512695,
      3.9874978065490723
    ],
    [
      0.5336461067199707,
      -0.6922804117202759,
      9.076319694519043,
      12.102622985839844,
      5.548361301422119,
      15.105228424072266,
      16.633228302001953,
      26.732084274291992,
      26.946407318115234,
      39.117767333984375,
      31.239620208740234,
      42.54612350463867,
      27.931921005249023,
      42.6366081237793,
      21.965898513793945,
      30.589515686035156,
      5.262308120727539,
      4.912575721740723
    ],
    [
      0.429983913898468,
      0.24366743862628937,
      5.215222358703613,
      6.29772424697876,
      13.788517951965332,
      10.779949188232422,
      21.315258026123047,
      23.01510238647461,
      32.700523376464844,
      31.239620208740234,
      38.98486328125,
      37.51393508911133,
      35.58344650268555,
      39.742713928222656,
      26.412311553955078,
      28.78890609741211,
      5.434489727020264,
      4.791327476501465
    ],
    [
      0.24821114540100098,
      -1.4325834512710571,
      11.66059684753418,
      14.588508605957031,
      2.5014569759368896,
      17.050010681152344,
      18.831491470336914,
      33.05805969238281,
      26.108985900878906,
      42.54612350463867,
      37.51393508911133,
      54.176368713378906,
      33.40631103515625,
      52.61506271362305,
      26.542510986328125,
      38.331932067871094,
      6.2981414794921875,
      5.95833158493042
    ],
    [
      1.4299490451812744,
      -0.19875924289226532,
      3.781550884246826,
      3.8998522758483887,
      12.656092643737793,
      8.755053520202637,
      20.43120002746582,
      21.68988037109375,
      29.9676513671875,
      27.931921005249023,
      35.58344650268555,
      33.40631103515625,
      40.249610900878906,
      40.328834533691406,
      28.083608627319336,
      28.444246292114258,
      5.597734451293945,
      4.7151055335998535
    ],
    [
      4.044772624969482,
      2.174017906188965,
      11.171269416809082,
      14.125743865966797,
      5.817706108093262,
      16.62664031982422,
      21.048629760742188,
      33.787437438964844,
      28.804183959960938,
      42.6366081237793,
      39.742713928222656,
      52.61506271362305,
      40.328834533691406,
      69.80711364746094,
      38.34067153930664,
      44.51297378540039,
      7.817719459533691,
      6.900920391082764
    ],
    [
      4.1615705490112305,
      4.98760461807251,
      3.690725088119507,
      5.505822658538818,
      7.652967929840088,
      6.658079147338867,
      15.194014549255371,
      16.779006958007812,
      23.444469451904297,
      21.965898513793945,
      26.412311553955078,
      26.542510986328125,
      28.083608627319336,
      38.34067153930664,
      29.99161148071289,
      26.200593948364258,
      5.206147193908691,
      4.233893394470215
    ],
    [
      3.4433977603912354,
      4.035861015319824,
      7.122794151306152,
      10.07811164855957,
      1.6672033071517944,
      9.766989707946777,
      15.716941833496094,
      24.475631713867188,
      21.710628509521484,
      30.589515686035156,
      28.78890609741211,
      38.331932067871094,
      28.444246292114258,
      44.51297378540039,
      26.200593948364258,
      33.405033111572266,
      5.929491996765137,
      5.3910088539123535
    ],
    [
      0.9789483547210693,
      1.2205111980438232,
      1.0116933584213257,
      1.4920564889907837,
      1.129023551940918,
      1.424062728881836,
      3.002716064453125,
      3.8475375175476074,
      4.6876726150512695,
      5.262308120727539,
      5.434489727020264,
      6.2981414794921875,
      5.597734451293945,
      7.817719459533691,
      5.206147193908691,
      5.929491996765137,
      1.3134315013885498,
      1.1382561922073364
    ],
    [
      0.8220284581184387,
      1.1368039846420288,
      0.9422280192375183,
      1.5307347774505615,
      0.612105667591095,
      1.2761236429214478,
      2.6488125324249268,
      3.616877555847168,
      3.9874978065490723,
      4.912575721740723,
      4.791327476501465,
      5.95833158493042,
      4.7151055335998535,
      6.900920391082764,
      4.233893394470215,
      5.3910088539123535,
      1.1382561922073364,
      1.076185703277588
    ]
  ],
  "covariance_short": [
    [
      54.326202392578125,
      19.32826042175293,
      1.54353666305542,
      -1.7133783102035522,
      1.2865312099456787,
      0.2924232482910156,
      2.6503264904022217,
      0.9292517304420471,
      2.7862372398376465,
      0.6506423950195312,
      0.26509395241737366,
      0.4214540123939514,
      3.6047756671905518,
      6.112171173095703,
      6.334132194519043,
      5.107214450836182,
      1.1159976720809937,
      0.962351381778717
    ],
    [
      19.32826042175293,
      35.69571304321289,
      3.2211074829101562,
      5.4532599449157715,
      4.4141387939453125,
      1.6540204286575317,
      1.347883939743042,
      0.7027811408042908,
      4.907709121704102,
      2.700732946395874,
      3.197880744934082,
      2.7151079177856445,
      1.574544072151184,
      7.007528781890869,
      5.768632411956787,
      6.079921245574951,
      1.2479766607284546,
      1.33474600315094
    ],
    [
      1.54353666305542,
      3.2211074829101562,
      20.718088150024414,
      14.462393760681152,
      2.72385835647583,
      6.87001895904541,
      0.7808915972709656,
      6.586588382720947,
      3.0056986808776855,
      8.297995567321777,
      4.41868257522583,
      10.34272289276123,
      3.1592202186584473,
      10.150273323059082,
      3.514273166656494,
      6.5637102127075195,
      0.948585033416748,
      0.8703097701072693
    ],
    [
      -1.7133783102035522,
      5.4532599449157715,
      14.462393760681152,
      28.533205032348633,
      3.4544594287872314,
      9.19425106048584,
      0.8037359714508057,
      7.807339668273926,
      3.7361574172973633,
      10.970121383666992,
      5.833340644836426,
      13.261754989624023,
      1.9099479913711548,
      12.804723739624023,
      4.477643013000488,
      9.178046226501465,
      1.345772385597229,
      1.4831490516662598
    ],
    [
      1.2865312099456787,
      4.4141387939453125,
      2.72385835647583,
      3.4544594287872314,
      33.854000091552734,
      9.227598190307617,
      5.255529403686523,
      1.1213746070861816,
      17.854917526245117,
      5.464538097381592,
      12.870651245117188,
      3.2080814838409424,
      10.39680290222168,
      5.812789440155029,
      8.226204872131348,
      2.467163324356079,
      1.1399160623550415,
      0.8175879716873169
    ],
    [
      0.2924232482910156,
      1.6540204286575317,
      6.87001895904541,
      9.19425106048584,
      9.227598190307617,
      20.483257293701172,
      5.511653423309326,
      11.115189552307129,
      7.274856090545654,
      14.278488159179688,
      10.45488166809082,
      16.356660842895508,
      9.281360626220703,
      16.566553115844727,
      7.671298980712891,
      10.041356086730957,
      1.5055763721466064,
      1.4110774993896484
    ],
    [
      2.6503264904022217,
      1.347883939743042,
      0.7808915972709656,
      0.8037359714508057,
      5.255529403686523,
      5.511653423309326,
      36.28780746459961,
      18.19090461730957,
      20.716930389404297,
      16.215301513671875,
      21.835750579833984,
      17.3614501953125,
      24.43579864501953,
      20.927112579345703,
      18.15395164489746,
      15.030977249145508,
      3.062847852706909,
      2.4711036682128906
    ],
    [
      0.9292517304420471,
      0.7027811408042908,
      6.586588382720947,
      7.807339668273926,
      1.1213746070861816,
      11.115189552307129,
      18.19090461730957,
      29.04624366760254,
      16.45737648010254,
      26.07880210876465,
      22.392690658569336,
      31.650367736816406,
      23.481075286865234,
      32.49187088012695,
      17.697629928588867,
      22.89887237548828,
      3.506046772003174,
      3.293696880340576
    ],
    [
      2.7862372398376465,
      4.907709121704102,
      3.0056986808776855,
      3.7361574172973633,
      17.854917526245117,
      7.274856090545654,
      20.716930389404297,
      16.45737648010254,
      44.05906677246094,
      28.275972366333008,
      34.34169006347656,
      27.11042022705078,
      33.77251052856445,
      29.957931518554688,
      28.000499725341797,
      22.945022583007812,
      4.919475078582764,
      4.168061256408691
    ],
    [
      0.6506423950195312,
      2.700732946395874,
      8.297995567321777,
      10.970121383666992,
      5.464538097381592,
      14.278488159179688,
      16.215301513671875,
      26.07880210876465,
      28.275972366333008,
      41.54202651977539,
      32.3034782409668,
      43.018707275390625,
      31.772655487060547,
      43.54612731933594,
      25.452533721923828,
      31.321279525756836,
      5.3084917068481445,
      5.018059253692627
    ],
    [
      0.26509395241737366,
      3.197880744934082,
      4.41868257522583,
      5.833340644836426,
      12.870651245117188,
      10.45488166809082,
      21.835750579833984,
      22.392690658569336,
      34.34169006347656,
      32.3034782409668,
      42.6077880859375,
      38.55030822753906,
      40.9224967956543,
      41.136497497558594,
      32.62976837158203,
      30.191869735717773,
      5.8100056648254395,
      4.937565326690674
    ],
    [
      0.4214540123939514,
      2.7151079177856445,
      10.34272289276123,
      13.261754989624023,
      3.2080814838409424,
      16.356660842895508,
      17.3614501953125,
      31.650367736816406,
      27.11042022705078,
      43.018707275390625,
      38.55030822753906,
      55.18979263305664,
      36.864505767822266,
      53.3070182800293,
      29.84644317626953,
      38.70237731933594,
      6.1980695724487305,
      5.958205699920654
    ],
    [
      3.6047756671905518,
      1.574544072151184,
      3.1592202186584473,
      1.9099479913711548,
      10.39680290222168,
      9.281360626220703,
      24.43579864501953,
      23.481075286865234,
      33.77251052856445,
      31.772655487060547,
      40.9224967956543,
      36.864505767822266,
      55.083038330078125,
      46.04888153076172,
      41.14936828613281,
      32.35370635986328,
      6.671751022338867,
      5.072389602661133
    ],
    [
      6.112171173095703,
      7.007528781890869,
      10.150273323059082,
      12.804723739624023,
      5.812789440155029,
      16.566553115844727,
      20.927112579345703,
      32.49187088012695,
      29.957931518554688,
      43.54612731933594,
      41.136497497558594,
      53.3070182800293,
      46.04888153076172,
      72.9107437133789,
      42.25674057006836,
      45.851829528808594,
      7.708191394805908,
      6.891078472137451
    ],
    [
      6.334132194519043,
      5.768632411956787,
      3.514273166656494,
      4.477643013000488,
      8.226204872131348,
      7.671298980712891,
      18.15395164489746,
      17.697629928588867,
      28.000499725341797,
      25.452533721923828,
      32.62976837158203,
      29.84644317626953,
      41.14936828613281,
      42.25674057006836,
      42.577857971191406,
      30.372814178466797,
      6.724616527557373,
      4.771705150604248
    ],
    [
      5.107214450836182,
      6.079921245574951,
      6.5637102127075195,
      9.178046226501465,
      2.467163324356079,
      10.041356086730957,
      15.030977249145508,
      22.89887237548828,
      22.945022583007812,
      31.321279525756836,
      30.191869735717773,
      38.70237731933594,
      32.35370635986328,
      45.851829528808594,
      30.372814178466797,
      35.27581024169922,
      6.086231708526611,
      5.492000102996826
    ],
    [
      1.1159976720809937,
      1.2479766607284546,
      0.948585033416748,
      1.345772385597229,
      1.1399160623550415,
      1.5055763721466064,
      3.062847852706909,
      3.506046772003174,
      4.919475078582764,
      5.3084917068481445,
      5.8100056648254395,
      6.1980695724487305,
      6.671751022338867,
      7.708191394805908,
      6.724616527557373,
      6.086231708526611,
      1.7230002880096436,
      1.1901402473449707
    ],
    [
      0.962351381778717,
      1.33474600315094,
      0.8703097701072693,
      1.4831490516662598,
      0.8175879716873169,
      1.4110774993896484,
      2.4711036682128906,
      3.293696880340576,
      4.168061256408691,
      5.018059253692627,
      4.937565326690674,
      5.958205699920654,
      5.072389602661133,
      6.891078472137451,
      4.771705150604248,
      5.492000102996826,
      1.1901402473449707,
      1.1598873138427734
    ]
  ],
  "damage": -8.706378936767578,
  "diff_bandwidth": 795.7996215820312,
  "dissonance": 5.818561639453246,
  "drr": 7.057198524475098,
  "dynamics": 3.797851800918579,
  "format": 1245190,
  "frames": 6216640,
  "loudness": -17.072660446166992,
  "loudness_range": 10.883832931518555,
  "loudness_range_short": 11.574039459228516,
  "lowpass_true_peak_15khz": -0.27474820613861084,
  "mastering3_acoustic_entropies": [
    {
      "acoustic_entropy": 9.65760612487793,
      "acoustic_entropy_mono": 9.419181823730469,
      "band_eliminated_acoustic_entropies": [
        {
          "acoustic_entropy": 9.655311584472656,
          "acoustic_entropy_side": 9.657668113708496,
          "hz": 129.47220167065723
        },
        {
          "acoustic_entropy": 9.665800094604492,
          "acoustic_entropy_side": 9.686663627624512,
          "hz": 202.92927478742237
        },
        {
          "acoustic_entropy": 9.582620620727539,
          "acoustic_entropy_side": 9.522034645080566,
          "hz": 282.89161906338205
        },
        {
          "acoustic_entropy": 9.135858535766602,
          "acoustic_entropy_side": 9.60535717010498,
          "hz": 369.9353335868758
        },
        {
          "acoustic_entropy": 9.08832836151123,
          "acoustic_entropy_side": 9.56856918334961,
          "hz": 464.6875360973435
        },
        {
          "acoustic_entropy": 9.797197341918945,
          "acoustic_entropy_side": 9.940669059753418,
          "hz": 567.8308811364784
        },
        {
          "acoustic_entropy": 9.215078353881836,
          "acoustic_entropy_side": 9.717669486999512,
          "hz": 680.1084783214808
        },
        {
          "acoustic_entropy": 9.436556816101074,
          "acoustic_entropy_side": 9.66889762878418,
          "hz": 802.3292461747484
        },
        {
          "acoustic_entropy": 9.625923156738281,
          "acoustic_entropy_side": 9.640264511108398,
          "hz": 935.3737400823702
        },
        {
          "acoustic_entropy": 8.863473892211914,
          "acoustic_entropy_side": 9.43641185760498,
          "hz": 1080.2004963696966
        },
        {
          "acoustic_entropy": 8.841195106506348,
          "acoustic_entropy_side": 9.618812561035156,
          "hz": 1237.8529382007157
        },
        {
          "acoustic_entropy": 9.052048683166504,
          "acoustic_entropy_side": 9.567463874816895,
          "hz": 1409.4668930556702
        },
        {
          "acoustic_entropy": 9.15190315246582,
          "acoustic_entropy_side": 9.663485527038574,
          "hz": 1596.2787759475705
        },
        {
          "acoustic_entropy": 9.409157752990723,
          "acoustic_entropy_side": 9.412896156311035,
          "hz": 1799.6344973346393
        },
        {
          "acoustic_entropy": 9.55399227142334,
          "acoustic_entropy_side": 9.905611038208008,
          "hz": 2020.9991599069049
        },
        {
          "acoustic_entropy": 9.284836769104004,
          "acoustic_entropy_side": 9.532803535461426,
          "hz": 2261.9676141086993
        },
        {
          "acoustic_entropy": 9.722210884094238,
          "acoustic_entropy_side": 9.605833053588867,
          "hz": 2524.2759484456974
        },
        {
          "acoustic_entropy": 9.677590370178223,
          "acoustic_entropy_side": 9.559432983398438,
          "hz": 2809.813997359896
        },
        {
          "acoustic_entropy": 9.380267143249512,
          "acoustic_entropy_side": 9.811647415161133,
          "hz": 3120.6389567871424
        },
        {
          "acoustic_entropy": 9.488978385925293,
          "acoustic_entropy_side": 9.76297664642334,
          "hz": 3458.990205492291
        },
        {
          "acoustic_entropy": 9.436199188232422,
          "acoustic_entropy_side": 9.460020065307617,
          "hz": 3827.305438964164
        },
        {
          "acoustic_entropy": 9.6885986328125,
          "acoustic_entropy_side": 9.627685546875,
          "hz": 4228.238232109126
        },
        {
          "acoustic_entropy": 9.734066009521484,
          "acoustic_entropy_side": 9.726449966430664,
          "hz": 4664.6771572759235
        },
        {
          "acoustic_entropy": 9.672307968139648,
          "acoustic_entropy_side": 9.691234588623047,
          "hz": 5139.766595350093
        },
        {
          "acoustic_entropy": 9.610085487365723,
          "acoustic_entropy_side": 9.6243896484375,
          "hz": 5656.929389854203
        },
        {
          "acoustic_entropy": 9.671733856201172,
          "acoustic_entropy_side": 9.661270141601562,
          "hz": 6219.891507268283
        },
        {
          "acoustic_entropy": 9.647872924804688,
          "acoustic_entropy_side": 9.654489517211914,
          "hz": 6832.70888123896
        },
        {
          "acoustic_entropy": 9.655841827392578,
          "acoustic_entropy_side": 9.65618896484375,
          "hz": 7499.796634079867
        },
        {
          "acoustic_entropy": 9.658145904541016,
          "acoustic_entropy_side": 9.657344818115234,
          "hz": 8225.96088609342
        },
        {
          "acoustic_entropy": 9.657465934753418,
          "acoustic_entropy_side": 9.657341003417969,
          "hz": 9016.43338188839
        },
        {
          "acoustic_entropy": 9.658340454101562,
          "acoustic_entropy_side": 9.657844543457031,
          "hz": 9876.909183162974
        },
        {
          "acoustic_entropy": 9.657598495483398,
          "acoustic_entropy_side": 9.657604217529297,
          "hz": 10813.587699516042
        },
        {
          "acoustic_entropy": 9.657591819763184,
          "acoustic_entropy_side": 9.657596588134766,
          "hz": 11833.21735289826
        },
        {
          "acoustic_entropy": 9.65760612487793,
          "acoustic_entropy_side": 9.65760612487793,
          "hz": 12943.144197493959
        },
        {
          "acoustic_entropy": 9.65760612487793,
          "acoustic_entropy_side": 9.65760612487793,
          "hz": 14151.364845322005
        },
        {
          "acoustic_entropy": 9.65760612487793,
          "acoustic_entropy_side": 9.65760612487793,
          "hz": 15466.58407886509
        },
        {
          "acoustic_entropy": 9.65760612487793,
          "acoustic_entropy_side": 9.65760612487793,
          "hz": 16898.27756580493
        },
        {
          "acoustic_entropy": 9.65760612487793,
          "acoustic_entropy_side": 9.65760612487793,
          "hz": 18456.760127700032
        },
        {
          "acoustic_entropy": 9.65760612487793,
          "acoustic_entropy_side": 9.65760612487793,
          "hz": 20153.260054456492
        },
        {
          "acoustic_entropy": 9.65760612487793,
          "acoustic_entropy_side": 9.65760612487793,
          "hz": 22000.00000000001
        }
      ],
      "diff_acoustic_entropy": 2.4935972690582275,
      "sn": 6
    },
    {
      "acoustic_entropy": 14.946553230285645,
      "acoustic_entropy_mono": 13.829533576965332,
      "band_eliminated_acoustic_entropies": [
        {
          "acoustic_entropy": 15.009382247924805,
          "acoustic_entropy_side": 14.947490692138672,
          "hz": 129.47220167065723
        },
        {
          "acoustic_entropy": 14.670690536499023,
          "acoustic_entropy_side": 14.75414752960205,
          "hz": 202.92927478742237
        },
        {
          "acoustic_entropy": 14.838846206665039,
          "acoustic_entropy_side": 14.733555793762207,
          "hz": 282.89161906338205
        },
        {
          "acoustic_entropy": 14.55395221710205,
          "acoustic_entropy_side": 15.028098106384277,
          "hz": 369.9353335868758
        },
        {
          "acoustic_entropy": 14.217040061950684,
          "acoustic_entropy_side": 14.649109840393066,
          "hz": 464.6875360973435
        },
        {
          "acoustic_entropy": 14.781251907348633,
          "acoustic_entropy_side": 15.185993194580078,
          "hz": 567.8308811364784
        },
        {
          "acoustic_entropy": 14.372687339782715,
          "acoustic_entropy_side": 14.746877670288086,
          "hz": 680.1084783214808
        },
        {
          "acoustic_entropy": 14.972236633300781,
          "acoustic_entropy_side": 14.873299598693848,
          "hz": 802.3292461747484
        },
        {
          "acoustic_entropy": 14.71804141998291,
          "acoustic_entropy_side": 15.130148887634277,
          "hz": 935.3737400823702
        },
        {
          "acoustic_entropy": 14.262401580810547,
          "acoustic_entropy_side": 14.827109336853027,
          "hz": 1080.2004963696966
        },
        {
          "acoustic_entropy": 13.325268745422363,
          "acoustic_entropy_side": 15.046502113342285,
          "hz": 1237.8529382007157
        },
        {
          "acoustic_entropy": 13.72408390045166,
          "acoustic_entropy_side": 14.86479377746582,
          "hz": 1409.4668930556702
        },
        {
          "acoustic_entropy": 14.812228202819824,
          "acoustic_entropy_side": 14.833786964416504,
          "hz": 1596.2787759475705
        },
        {
          "acoustic_entropy": 14.734957695007324,
          "acoustic_entropy_side": 14.695762634277344,
          "hz": 1799.6344973346393
        },
        {
          "acoustic_entropy": 15.461930274963379,
          "acoustic_entropy_side": 14.883000373840332,
          "hz": 2020.9991599069049
        },
        {
          "acoustic_entropy": 14.99437141418457,
          "acoustic_entropy_side": 15.136220932006836,
          "hz": 2261.9676141086993
        },
        {
          "acoustic_entropy": 14.245628356933594,
          "acoustic_entropy_side": 14.611323356628418,
          "hz": 2524.2759484456974
        },
        {
          "acoustic_entropy": 15.128318786621094,
          "acoustic_entropy_side": 15.181929588317871,
          "hz": 2809.813997359896
        },
        {
          "acoustic_entropy": 15.141657829284668,
          "acoustic_entropy_side": 15.331820487976074,
          "hz": 3120.6389567871424
        },
        {
          "acoustic_entropy": 15.28110408782959,
          "acoustic_entropy_side": 14.956038475036621,
          "hz": 3458.990205492291
        },
        {
          "acoustic_entropy": 15.265497207641602,
          "acoustic_entropy_side": 14.743016242980957,
          "hz": 3827.305438964164
        },
        {
          "acoustic_entropy": 15.104372024536133,
          "acoustic_entropy_side": 14.942996978759766,
          "hz": 4228.238232109126
        },
        {
          "acoustic_entropy": 15.100621223449707,
          "acoustic_entropy_side": 15.275858879089355,
          "hz": 4664.6771572759235
        },
        {
          "acoustic_entropy": 14.87664794921875,
          "acoustic_entropy_side": 14.865201950073242,
          "hz": 5139.766595350093
        },
        {
          "acoustic_entropy": 14.751151084899902,
          "acoustic_entropy_side": 14.81694507598877,
          "hz": 5656.929389854203
        },
        {
          "acoustic_entropy": 14.951088905334473,
          "acoustic_entropy_side": 14.952080726623535,
          "hz": 6219.891507268283
        },
        {
          "acoustic_entropy": 14.804539680480957,
          "acoustic_entropy_side": 14.875645637512207,
          "hz": 6832.70888123896
        },
        {
          "acoustic_entropy": 14.930749893188477,
          "acoustic_entropy_side": 14.934029579162598,
          "hz": 7499.796634079867
        },
        {
          "acoustic_entropy": 14.930442810058594,
          "acoustic_entropy_side": 14.93825626373291,
          "hz": 8225.96088609342
        },
        {
          "acoustic_entropy": 14.940835952758789,
          "acoustic_entropy_side": 14.943078994750977,
          "hz": 9016.43338188839
        },
        {
          "acoustic_entropy": 14.93822193145752,
          "acoustic_entropy_side": 14.942292213439941,
          "hz": 9876.909183162974
        },
        {
          "acoustic_entropy": 14.945146560668945,
          "acoustic_entropy_side": 14.946167945861816,
          "hz": 10813.587699516042
        },
        {
          "acoustic_entropy": 14.945898056030273,
          "acoustic_entropy_side": 14.946266174316406,
          "hz": 11833.21735289826
        },
        {
          "acoustic_entropy": 14.946516990661621,
          "acoustic_entropy_side": 14.946541786193848,
          "hz": 12943.144197493959
        },
        {
          "acoustic_entropy": 14.946544647216797,
          "acoustic_entropy_side": 14.946550369262695,
          "hz": 14151.364845322005
        },
        {
          "acoustic_entropy": 14.946551322937012,
          "acoustic_entropy_side": 14.946553230285645,
          "hz": 15466.58407886509
        },
        {
          "acoustic_entropy": 14.946554183959961,
          "acoustic_entropy_side": 14.946553230285645,
          "hz": 16898.27756580493
        },
        {
          "acoustic_entropy": 14.946553230285645,
          "acoustic_entropy_side": 14.946553230285645,
          "hz": 18456.760127700032
        },
        {
          "acoustic_entropy": 14.946553230285645,
          "acoustic_entropy_side": 14.946553230285645,
          "hz": 20153.260054456492
        },
        {
          "acoustic_entropy": 14.946553230285645,
          "acoustic_entropy_side": 14.946553230285645,
          "hz": 22000.00000000001
        }
      ],
      "diff_acoustic_entropy": 4.069278240203857,
      "sn": 12
    },
    {
      "acoustic_entropy": 19.990833282470703,
      "acoustic_entropy_mono": 17.614591598510742,
      "band_eliminated_acoustic_entropies": [
        {
          "acoustic_entropy": 19.417869567871094,
          "acoustic_entropy_side": 19.92464828491211,
          "hz": 129.47220167065723
        },
        {
          "acoustic_entropy": 20.3225040435791,
          "acoustic_entropy_side": 20.409353256225586,
          "hz": 202.92927478742237
        },
        {
          "acoustic_entropy": 20.53826141357422,
          "acoustic_entropy_side": 20.067768096923828,
          "hz": 282.89161906338205
        },
        {
          "acoustic_entropy": 21.050748825073242,
          "acoustic_entropy_side": 20.976688385009766,
          "hz": 369.9353335868758
        },
        {
          "acoustic_entropy": 19.439266204833984,
          "acoustic_entropy_side": 19.95839500427246,
          "hz": 464.6875360973435
        },
        {
          "acoustic_entropy": 19.954177856445312,
          "acoustic_entropy_side": 20.40694808959961,
          "hz": 567.8308811364784
        },
        {
          "acoustic_entropy": 20.03488540649414,
          "acoustic_entropy_side": 20.09746742248535,
          "hz": 680.1084783214808
        },
        {
          "acoustic_entropy": 20.564414978027344,
          "acoustic_entropy_side": 20.485763549804688,
          "hz": 802.3292461747484
        },
        {
          "acoustic_entropy": 19.611351013183594,
          "acoustic_entropy_side": 19.856239318847656,
          "hz": 935.3737400823702
        },
        {
          "acoustic_entropy": 20.38569450378418,
          "acoustic_entropy_side": 20.907297134399414,
          "hz": 1080.2004963696966
        },
        {
          "acoustic_entropy": 18.969011306762695,
          "acoustic_entropy_side": 20.107757568359375,
          "hz": 1237.8529382007157
        },
        {
          "acoustic_entropy": 19.567283630371094,
          "acoustic_entropy_side": 20.75555419921875,
          "hz": 1409.4668930556702
        },
        {
          "acoustic_entropy": 20.19841957092285,
          "acoustic_entropy_side": 19.945783615112305,
          "hz": 1596.2787759475705
        },
        {
          "acoustic_entropy": 19.454286575317383,
          "acoustic_entropy_side": 19.658464431762695,
          "hz": 1799.6344973346393
        },
        {
          "acoustic_entropy": 21.483482360839844,
          "acoustic_entropy_side": 20.32541847229004,
          "hz": 2020.9991599069049
        },
        {
          "acoustic_entropy": 20.295434951782227,
          "acoustic_entropy_side": 20.237524032592773,
          "hz": 2261.9676141086993
        },
        {
          "acoustic_entropy": 20.146934509277344,
          "acoustic_entropy_side": 20.168493270874023,
          "hz": 2524.2759484456974
        },
        {
          "acoustic_entropy": 20.12294578552246,
          "acoustic_entropy_side": 19.732685089111328,
          "hz": 2809.813997359896
        },
        {
          "acoustic_entropy": 20.278921127319336,
