{
  "acoustic_entropy": 142.8482208251953,
  "bands": [
    {
      "high_freq": 148.1999969482422,
      "loudness": -56.30374526977539,
      "loudness_range": 25.247295379638672,
      "mid_mean": -53.19850158691406,
      "mid_to_side_loudness": -10.616506576538086,
      "mid_to_side_loudness_range": 10.362678527832031,
      "side_mean": -61.54673385620117
    },
    {
      "high_freq": 392.3793640136719,
      "loudness": -40.27184295654297,
      "loudness_range": 20.516429901123047,
      "low_freq": 148.1999969482422,
      "mid_mean": -37.74898147583008,
      "mid_to_side_loudness": -5.866173267364502,
      "mid_to_side_loudness_range": 10.198911666870117,
      "side_mean": -44.10101318359375
    },
    {
      "high_freq": 794.6976318359375,
      "loudness": -36.096519470214844,
      "loudness_range": 22.343429565429688,
      "low_freq": 392.3793640136719,
      "mid_mean": -35.593727111816406,
      "mid_to_side_loudness": -0.7670648694038391,
      "mid_to_side_loudness_range": 12.165077209472656,
      "side_mean": -36.32131576538086
    },
    {
      "high_freq": 1457.5709228515625,
      "loudness": -42.57927322387695,
      "loudness_range": 25.621929168701172,
      "low_freq": 794.6976318359375,
      "mid_mean": -41.84650802612305,
      "mid_to_side_loudness": -0.6785959601402283,
      "mid_to_side_loudness_range": 9.109209060668945,
      "side_mean": -42.57926559448242
    },
    {
      "high_freq": 2549.74365234375,
      "loudness": -48.31051254272461,
      "loudness_range": 27.19424057006836,
      "low_freq": 1457.5709228515625,
      "mid_mean": -48.3413200378418,
      "mid_to_side_loudness": -0.23887217044830322,
      "mid_to_side_loudness_range": 8.284040451049805,
      "side_mean": -48.36610412597656
    },
    {
      "high_freq": 4349.24462890625,
      "loudness": -54.73019027709961,
      "loudness_range": 30.40707778930664,
      "low_freq": 2549.74365234375,
      "mid_mean": -56.9412727355957,
      "mid_to_side_loudness": -0.14784273505210876,
      "mid_to_side_loudness_range": 6.34395170211792,
      "side_mean": -56.82840347290039
    },
    {
      "high_freq": 7314.1640625,
      "loudness": -62.092567443847656,
      "loudness_range": 27.59128189086914,
      "low_freq": 4349.24462890625,
      "mid_mean": -64.6307144165039,
      "mid_to_side_loudness": 0.30489760637283325,
      "mid_to_side_loudness_range": 6.144885063171387,
      "side_mean": -64.36384582519531
    },
    {
      "high_freq": 12199.2666015625,
      "loudness": -72.59046173095703,
      "loudness_range": 25.562515258789062,
      "low_freq": 7314.1640625,
      "mid_mean": -68.35669708251953,
      "mid_to_side_loudness": -0.19556523859500885,
      "mid_to_side_loudness_range": 2.8301010131835938,
      "side_mean": -68.39258575439453
    },
    {
      "loudness": -79.04485321044922,
      "loudness_range": 17.744873046875,
      "low_freq": 12199.2666015625,
      "mid_mean": -69.77210235595703,
      "mid_to_side_loudness": -0.32792431116104126,
      "mid_to_side_loudness_range": 1.3170713186264038,
      "side_mean": -69.77457427978516
    }
  ],
  "bands_short": [
    {
      "high_freq": 148.1999969482422,
      "loudness": -59.764949798583984,
      "loudness_range": 25.778430938720703,
      "mid_mean": -56.25505828857422,
      "mid_to_side_loudness": -12.599248886108398,
      "mid_to_side_loudness_range": 15.487833023071289,
      "side_mean": -65.0308609008789
    },
    {
      "high_freq": 392.3793640136719,
      "loudness": -42.40916442871094,
      "loudness_range": 21.366680145263672,
      "low_freq": 148.1999969482422,
      "mid_mean": -40.30595016479492,
      "mid_to_side_loudness": -5.047186374664307,
      "mid_to_side_loudness_range": 12.654258728027344,
      "side_mean": -45.80656814575195
    },
    {
      "high_freq": 794.6976318359375,
      "loudness": -36.17351531982422,
      "loudness_range": 23.452938079833984,
      "low_freq": 392.3793640136719,
      "mid_mean": -35.48822784423828,
      "mid_to_side_loudness": -1.5628926753997803,
      "mid_to_side_loudness_range": 13.84834098815918,
      "side_mean": -37.06639862060547
    },
    {
      "high_freq": 1457.5709228515625,
      "loudness": -43.093997955322266,
      "loudness_range": 26.18387794494629,
      "low_freq": 794.6976318359375,
      "mid_mean": -42.34714126586914,
      "mid_to_side_loudness": -0.9783312082290649,
      "mid_to_side_loudness_range": 11.20740032196045,
      "side_mean": -43.467891693115234
    },
    {
      "high_freq": 2549.74365234375,
      "loudness": -49.118839263916016,
      "loudness_range": 28.81741714477539,
      "low_freq": 1457.5709228515625,
      "mid_mean": -50.483070373535156,
      "mid_to_side_loudness": -0.1301078349351883,
      "mid_to_side_loudness_range": 9.833456039428711,
      "side_mean": -50.474246978759766
    },
    {
      "high_freq": 4349.24462890625,
      "loudness": -55.11176300048828,
      "loudness_range": 30.824665069580078,
      "low_freq": 2549.74365234375,
      "mid_mean": -57.575504302978516,
      "mid_to_side_loudness": -0.039682578295469284,
      "mid_to_side_loudness_range": 8.314359664916992,
      "side_mean": -57.412940979003906
    },
    {
      "high_freq": 7314.1640625,
      "loudness": -63.445735931396484,
      "loudness_range": 28.165851593017578,
      "low_freq": 4349.24462890625,
      "mid_mean": -65.27981567382812,
      "mid_to_side_loudness": 0.14100494980812073,
      "mid_to_side_loudness_range": 8.115869522094727,
      "side_mean": -65.13614654541016
    },
    {
      "high_freq": 12199.2666015625,
      "loudness": -74.06390380859375,
      "loudness_range": 23.94470977783203,
      "low_freq": 7314.1640625,
      "mid_mean": -68.7743911743164,
      "mid_to_side_loudness": -0.1558525413274765,
      "mid_to_side_loudness_range": 4.384602069854736,
      "side_mean": -68.76581573486328
    },
    {
      "loudness": -79.13947296142578,
      "loudness_range": 10.832809448242188,
      "low_freq": 12199.2666015625,
      "mid_mean": -69.82072448730469,
      "mid_to_side_loudness": -0.3876834213733673,
      "mid_to_side_loudness_range": 2.390138626098633,
      "side_mean": -69.82603454589844
    }
  ],
  "bandwidth": 687.8463745117188,
  "channels": 2,
  "covariance": [
    [
      69.27640533447266,
      57.25394058227539,
      26.856943130493164,
      32.73291015625,
      23.44324493408203,
      19.858779907226562,
      28.842817306518555,
      32.700862884521484,
      40.5040168762207,
      39.02912139892578,
      52.774574279785156,
      52.12641906738281,
      29.716737747192383,
      30.63580894470215,
      9.996749877929688,
      9.799132347106934,
      1.865878939628601,
      2.0006110668182373
    ],
    [
      57.25394058227539,
      59.37646484375,
      22.77448272705078,
      27.664030075073242,
      15.177704811096191,
      11.264105796813965,
      19.38554573059082,
      22.358055114746094,
      28.966983795166016,
      28.10057830810547,
      38.13676071166992,
      36.894859313964844,
      21.786354064941406,
      22.487043380737305,
      7.301609516143799,
      7.292725563049316,
      1.709244966506958,
      1.8639862537384033
    ],
    [
      26.856943130493164,
      22.77448272705078,
      55.567169189453125,
      41.61782455444336,
      27.27661895751953,
      24.460176467895508,
      30.53453254699707,
      32.66271209716797,
      41.410221099853516,
      41.775413513183594,
      44.298927307128906,
      43.414676666259766,
      25.09000587463379,
      26.91084098815918,
      5.761301040649414,
      5.883486270904541,
      0.9952057003974915,
      1.130574345588684
    ],
    [
      32.73291015625,
      27.664030075073242,
      41.61782455444336,
      45.100677490234375,
      28.2037410736084,
      22.88237953186035,
      28.30570411682129,
      32.3842658996582,
      41.103248596191406,
      42.64241409301758,
      44.78928756713867,
      44.33180236816406,
      26.18520164489746,
      27.56566619873047,
      6.863296985626221,
      6.854831218719482,
      1.2661113739013672,
      1.4193731546401978
    ],
    [
      23.44324493408203,
      15.177704811096191,
      27.27661895751953,
      28.2037410736084,
      61.19548416137695,
      54.754150390625,
      47.33934020996094,
      53.307369232177734,
      61.668148040771484,
      58.8939094543457,
      65.65479278564453,
      66.3111572265625,
      40.0098991394043,
      42.17618179321289,
      13.998723983764648,
      13.945862770080566,
      1.8286373615264893,
      1.914068341255188
    ],
    [
      19.858779907226562,
      11.264105796813965,
      24.460176467895508,
      22.88237953186035,
      54.754150390625,
      65.99166107177734,
      50.2966423034668,
      56.851924896240234,
      66.12313079833984,
      59.446632385253906,
      66.89776611328125,
      68.6502685546875,
      39.942745208740234,
      41.8868293762207,
      14.203727722167969,
      13.787158966064453,
      1.6552846431732178,
      1.70911705493927
    ],
    [
      28.842817306518555,
      19.38554573059082,
      30.53453254699707,
      28.30570411682129,
      47.33934020996094,
      50.2966423034668,
      75.89192199707031,
      74.06419372558594,
      78.91116333007812,
      74.31940460205078,
      80.08995819091797,
      81.20575714111328,
      50.13003158569336,
      51.802364349365234,
      19.099777221679688,
      18.664052963256836,
      2.0698530673980713,
      2.0605931282043457
    ],
    [
      32.700862884521484,
      22.358055114746094,
      32.66271209716797,
      32.3842658996582,
      53.307369232177734,
      56.851924896240234,
      74.06419372558594,
      83.19849395751953,
      83.80860900878906,
      78.87319946289062,
      86.41722869873047,
      87.8416519165039,
      53.86553955078125,
      56.04563522338867,
      20.07977294921875,
      19.69397735595703,
      2.50996732711792,
      2.560786724090576
    ],
    [
      40.5040168762207,
      28.966983795166016,
      41.410221099853516,
      41.103248596191406,
      61.668148040771484,
      66.12313079833984,
      78.91116333007812,
      83.80860900878906,
      103.66087341308594,
      95.94313049316406,
      103.14647674560547,
      104.33575439453125,
      63.760833740234375,
      66.21038818359375,
      23.51590919494629,
      22.899160385131836,
      2.7981715202331543,
      2.877652883529663
    ],
    [
      39.02912139892578,
      28.10057830810547,
      41.775413513183594,
      42.64241409301758,
      58.8939094543457,
      59.446632385253906,
      74.31940460205078,
      78.87319946289062,
      95.94313049316406,
      95.123046875,
      96.6248550415039,
      96.96694946289062,
      59.94290542602539,
      62.1665153503418,
      21.744260787963867,
      21.134748458862305,
      2.641801357269287,
      2.725635290145874
    ],
    [
      52.774574279785156,
      38.13676071166992,
      44.298927307128906,
      44.78928756713867,
      65.65479278564453,
      66.89776611328125,
      80.08995819091797,
      86.41722869873047,
      103.14647674560547,
      96.6248550415039,
      117.15278625488281,
      117.4033432006836,
      71.80905151367188,
      74.43086242675781,
      25.541099548339844,
      24.845632553100586,
      2.895244836807251,
      2.964200973510742
    ],
    [
      52.12641906738281,
      36.894859313964844,
      43.414676666259766,
      44.33180236816406,
      66.3111572265625,
      68.6502685546875,
      81.20575714111328,
      87.8416519165039,
      104.33575439453125,
      96.96694946289062,
      117.4033432006836,
      119.80597686767578,
      72.84815216064453,
      75.66801452636719,
      26.106224060058594,
      25.394908905029297,
      3.0444588661193848,
      3.12838077545166
    ],
    [
      29.716737747192383,
      21.786354064941406,
      25.09000587463379,
      26.18520164489746,
      40.0098991394043,
      39.942745208740234,
      50.13003158569336,
      53.86553955078125,
      63.760833740234375,
      59.94290542602539,
      71.80905151367188,
      72.84815216064453,
      53.67372512817383,
      54.81574249267578,
      21.715681076049805,
      20.972593307495117,
      2.705810070037842,
      2.8159024715423584
    ],
    [
      30.63580894470215,
      22.487043380737305,
      26.91084098815918,
      27.56566619873047,
      42.17618179321289,
      41.8868293762207,
      51.802364349365234,
      56.04563522338867,
      66.21038818359375,
      62.1665153503418,
      74.43086242675781,
      75.66801452636719,
      54.81574249267578,
      57.83723831176758,
      22.25347900390625,
      21.626605987548828,
      2.9261553287506104,
      3.0593628883361816
    ],
    [
      9.996749877929688,
      7.301609516143799,
      5.761301040649414,
      6.863296985626221,
      13.998723983764648,
      14.203727722167969,
      19.099777221679688,
      20.07977294921875,
      23.51590919494629,
      21.744260787963867,
      25.541099548339844,
      26.106224060058594,
      21.715681076049805,
      22.25347900390625,
      13.318009376525879,
      12.699277877807617,
      2.0999882221221924,
      2.201612710952759
    ],
    [
      9.799132347106934,
      7.292725563049316,
      5.883486270904541,
      6.854831218719482,
      13.945862770080566,
      13.787158966064453,
      18.664052963256836,
      19.69397735595703,
      22.899160385131836,
      21.134748458862305,
      24.845632553100586,
      25.394908905029297,
      20.972593307495117,
      21.626605987548828,
      12.699277877807617,
      12.5449800491333,
      1.9793483018875122,
      2.0760269165039062
    ],
    [
      1.865878939628601,
      1.709244966506958,
      0.9952057003974915,
      1.2661113739013672,
      1.8286373615264893,
      1.6552846431732178,
      2.0698530673980713,
      2.50996732711792,
      2.7981715202331543,
      2.641801357269287,
      2.895244836807251,
      3.0444588661193848,
      2.705810070037842,
      2.9261553287506104,
      2.0999882221221924,
      1.9793483018875122,
      0.773091197013855,
      0.8401625752449036
    ],
    [
      2.0006110668182373,
      1.8639862537384033,
      1.130574345588684,
      1.4193731546401978,
      1.914068341255188,
      1.70911705493927,
      2.0605931282043457,
      2.560786724090576,
      2.877652883529663,
      2.725635290145874,
      2.964200973510742,
      3.12838077545166,
      2.8159024715423584,
      3.0593628883361816,
      2.201612710952759,
      2.0760269165039062,
      0.8401625752449036,
      0.9224136471748352
    ]
  ],
  "covariance_short": [
    [
      62.580467224121094,
      34.57554626464844,
      26.758682250976562,
      31.72513771057129,
      25.426523208618164,
      22.585674285888672,
      27.962993621826172,
      31.097820281982422,
      49.241180419921875,
      47.985023498535156,
      45.66992950439453,
      44.97715759277344,
      26.351343154907227,
      26.325992584228516,
      8.26539421081543,
      8.144424438476562,
      1.1576329469680786,
      1.234884262084961
    ],
    [
      34.57554626464844,
      32.80998611450195,
      17.30031967163086,
      20.972957611083984,
      14.11422061920166,
      10.388215065002441,
      14.275463104248047,
      15.586198806762695,
      24.831499099731445,
      23.996715545654297,
      24.809545516967773,
      23.957603454589844,
      14.617716789245605,
      14.385239601135254,
      4.4153008460998535,
      4.468467712402344,
      0.7538636922836304,
      0.8398811221122742
    ],
    [
      26.758682250976562,
      17.30031967163086,
      64.70137023925781,
      46.14146041870117,
      36.122779846191406,
      28.892337799072266,
      33.62138366699219,
      35.57272720336914,
      47.32415771484375,
      48.896541595458984,
      45.26723861694336,
      43.6400146484375,
      24.976238250732422,
      25.97642707824707,
      5.701048851013184,
      5.823694229125977,
      0.7899128794670105,
      0.8588720560073853
    ],
    [
      31.72513771057129,
      20.972957611083984,
      46.14146041870117,
      52.29496765136719,
      33.81679153442383,
      26.68535804748535,
      29.4445858001709,
      33.401390075683594,
      46.04344940185547,
      48.329036712646484,
      44.8812141418457,
      43.66096878051758,
      24.93170738220215,
      25.64925193786621,
      5.856860160827637,
      5.877257347106934,
      0.801569938659668,
      0.8803693056106567
    ],
    [
      25.426523208618164,
      14.11422061920166,
      36.122779846191406,
      33.81679153442383,
      70.46004486083984,
      60.23897933959961,
      50.74736785888672,
      56.75257110595703,
      66.54904174804688,
      64.09591674804688,
      68.97093200683594,
      69.60961151123047,
      37.99616622924805,
      39.72761917114258,
      10.710490226745605,
      10.86907958984375,
      1.2683368921279907,
      1.3324387073516846
    ],
    [
      22.585674285888672,
      10.388215065002441,
      28.892337799072266,
      26.68535804748535,
      60.23897933959961,
      75.24456787109375,
      54.64659118652344,
      60.62322998046875,
      71.99226379394531,
      65.47985076904297,
      71.50984191894531,
      73.60881805419922,
      38.61488342285156,
      39.90553283691406,
      11.298392295837402,
      11.183632850646973,
      1.181085228919983,
      1.2227249145507812
    ],
    [
      27.962993621826172,
      14.275463104248047,
      33.62138366699219,
      29.4445858001709,
      50.74736785888672,
      54.64659118652344,
      81.53807067871094,
      75.8356704711914,
      81.9717025756836,
      77.71589660644531,
      80.79308319091797,
      82.0775146484375,
      47.26715087890625,
      47.834556579589844,
      15.4168062210083,
      15.532088279724121,
      1.5726537704467773,
      1.5511428117752075
    ],
    [
      31.097820281982422,
      15.586198806762695,
      35.57272720336914,
      33.401390075683594,
      56.75257110595703,
      60.62322998046875,
      75.8356704711914,
      88.02599334716797,
      85.6915512084961,
      81.07164001464844,
      86.79070281982422,
      88.26795959472656,
      49.574466705322266,
      50.54373550415039,
      15.662936210632324,
      15.901735305786133,
      1.7358064651489258,
      1.74922776222229
    ],
    [
      49.241180419921875,
      24.831499099731445,
      47.32415771484375,
      46.04344940185547,
      66.54904174804688,
      71.99226379394531,
      81.9717025756836,
      85.6915512084961,
      125.61028289794922,
      117.83445739746094,
      112.29757690429688,
      113.1175765991211,
      61.60415267944336,
      62.899959564208984,
      19.097843170166016,
      19.119342803955078,
      2.0327775478363037,
      2.054201126098633
    ],
    [
      47.985023498535156,
      23.996715545654297,
      48.896541595458984,
      48.329036712646484,
      64.09591674804688,
      65.47985076904297,
      77.71589660644531,
      81.07164001464844,
      117.83445739746094,
      118.88021850585938,
      106.455322265625,
      106.29070281982422,
      58.69390869140625,
      59.70000076293945,
      17.809274673461914,
      17.780664443969727,
      1.9337167739868164,
      1.966793179512024
    ],
    [
      45.66992950439453,
      24.809545516967773,
      45.26723861694336,
      44.8812141418457,
      68.97093200683594,
      71.50984191894531,
      80.79308319091797,
      86.79070281982422,
      112.29757690429688,
      106.455322265625,
      115.5270004272461,
      114.44087982177734,
      65.42511749267578,
      66.70740509033203,
      19.934030532836914,
      19.878271102905273,
      2.066469430923462,
      2.0791378021240234
    ],
    [
      44.97715759277344,
      23.957603454589844,
      43.6400146484375,
      43.66096878051758,
      69.60961151123047,
      73.60881805419922,
      82.0775146484375,
      88.26795959472656,
      113.1175765991211,
      106.29070281982422,
      114.44087982177734,
      117.2859878540039,
      65.6815414428711,
      67.18313598632812,
      20.158309936523438,
      20.108060836791992,
      2.0939760208129883,
      2.1238484382629395
    ],
    [
      26.351343154907227,
      14.617716789245605,
      24.976238250732422,
      24.93170738220215,
      37.99616622924805,
      38.61488342285156,
      47.26715087890625,
      49.574466705322266,
      61.60415267944336,
      58.69390869140625,
      65.42511749267578,
      65.6815414428711,
      47.75341033935547,
      47.576114654541016,
      16.60362434387207,
      16.336627960205078,
      1.865641713142395,
      1.9123469591140747
    ],
    [
      26.325992584228516,
      14.385239601135254,
      25.97642707824707,
      25.64925193786621,
      39.72761917114258,
      39.90553283691406,
      47.834556579589844,
      50.54373550415039,
      62.899959564208984,
      59.70000076293945,
      66.70740509033203,
      67.18313598632812,
      47.576114654541016,
      50.41485595703125,
      16.70537567138672,
      16.457258224487305,
      1.944440245628357,
      2.0148322582244873
    ],
    [
      8.26539421081543,
      4.4153008460998535,
      5.701048851013184,
      5.856860160827637,
      10.710490226745605,
      11.298392295837402,
      15.4168062210083,
      15.662936210632324,
      19.097843170166016,
      17.809274673461914,
      19.934030532836914,
      20.158309936523438,
      16.60362434387207,
      16.70537567138672,
      9.732008934020996,
      9.286223411560059,
      1.34684419631958,
      1.387363076210022
    ],
    [
      8.144424438476562,
      4.468467712402344,
      5.823694229125977,
      5.877257347106934,
      10.86907958984375,
      11.183632850646973,
      15.532088279724121,
      15.901735305786133,
      19.119342803955078,
      17.780664443969727,
      19.878271102905273,
      20.108060836791992,
      16.336627960205078,
      16.457258224487305,
      9.286223411560059,
      9.47588062286377,
      1.3047378063201904,
      1.335111141204834
    ],
    [
      1.1576329469680786,
      0.7538636922836304,
      0.7899128794670105,
      0.801569938659668,
      1.2683368921279907,
      1.181085228919983,
      1.5726537704467773,
      1.7358064651489258,
      2.0327775478363037,
      1.9337167739868164,
      2.066469430923462,
      2.0939760208129883,
      1.865641713142395,
      1.944440245628357,
      1.34684419631958,
      1.3047378063201904,
      0.4934101700782776,
      0.5225618481636047
    ],
    [
      1.234884262084961,
      0.8398811221122742,
      0.8588720560073853,
      0.8803693056106567,
      1.3324387073516846,
      1.2227249145507812,
      1.5511428117752075,
      1.74922776222229,
      2.054201126098633,
      1.966793179512024,
      2.0791378021240234,
      2.1238484382629395,
      1.9123469591140747,
      2.0148322582244873,
      1.387363076210022,
      1.335111141204834,
      0.5225618481636047,
      0.574644148349762
    ]
  ],
  "damage": -17.71152687072754,
  "diff_bandwidth": 707.3446044921875,
  "dissonance": 4.862566065589422,
  "drr": 2.72139048576355,
  "dynamics": 6.02122688293457,
  "format": 1245190,
  "frames": 7557120,
  "loudness": -28.475866317749023,
  "loudness_range": 18.558460235595703,
  "loudness_range_short": 20.90038299560547,
  "lowpass_true_peak_15khz": -1.9543414115905762,
  "mastering3_acoustic_entropies": [
    {
      "acoustic_entropy": 7.070279121398926,
      "acoustic_entropy_mono": 5.655750751495361,
      "band_eliminated_acoustic_entropies": [
        {
          "acoustic_entropy": 7.0701212882995605,
          "acoustic_entropy_side": 7.070285797119141,
          "hz": 129.47220167065723
        },
        {
          "acoustic_entropy": 7.097443103790283,
          "acoustic_entropy_side": 7.0722975730896,
          "hz": 202.92927478742237
        },
        {
          "acoustic_entropy": 7.114363670349121,
          "acoustic_entropy_side": 7.093245983123779,
          "hz": 282.89161906338205
        },
        {
          "acoustic_entropy": 7.0330281257629395,
          "acoustic_entropy_side": 7.092564105987549,
          "hz": 369.9353335868758
        },
        {
          "acoustic_entropy": 7.163451194763184,
          "acoustic_entropy_side": 6.901145935058594,
          "hz": 464.6875360973435
        },
        {
          "acoustic_entropy": 7.257785797119141,
          "acoustic_entropy_side": 7.224388122558594,
          "hz": 567.8308811364784
        },
        {
          "acoustic_entropy": 6.309935569763184,
          "acoustic_entropy_side": 6.9021830558776855,
          "hz": 680.1084783214808
        },
        {
          "acoustic_entropy": 6.8795857429504395,
          "acoustic_entropy_side": 7.415356636047363,
          "hz": 802.3292461747484
        },
        {
          "acoustic_entropy": 6.541016578674316,
          "acoustic_entropy_side": 7.07694673538208,
          "hz": 935.3737400823702
        },
        {
          "acoustic_entropy": 7.821468353271484,
          "acoustic_entropy_side": 7.512091159820557,
          "hz": 1080.2004963696966
        },
        {
          "acoustic_entropy": 6.3582048416137695,
          "acoustic_entropy_side": 6.377470016479492,
          "hz": 1237.8529382007157
        },
        {
          "acoustic_entropy": 7.388817310333252,
          "acoustic_entropy_side": 7.315895080566406,
          "hz": 1409.4668930556702
        },
        {
          "acoustic_entropy": 6.5438761711120605,
          "acoustic_entropy_side": 6.925169467926025,
          "hz": 1596.2787759475705
        },
        {
          "acoustic_entropy": 6.945379734039307,
          "acoustic_entropy_side": 7.135891914367676,
          "hz": 1799.6344973346393
        },
        {
          "acoustic_entropy": 6.8213372230529785,
          "acoustic_entropy_side": 6.847602844238281,
          "hz": 2020.9991599069049
        },
        {
          "acoustic_entropy": 6.987223148345947,
          "acoustic_entropy_side": 7.005947113037109,
          "hz": 2261.9676141086993
        },
        {
          "acoustic_entropy": 6.921202182769775,
          "acoustic_entropy_side": 7.021397113800049,
          "hz": 2524.2759484456974
        },
        {
          "acoustic_entropy": 7.046835899353027,
          "acoustic_entropy_side": 7.063796520233154,
          "hz": 2809.813997359896
        },
        {
          "acoustic_entropy": 6.893478870391846,
          "acoustic_entropy_side": 6.9657206535339355,
          "hz": 3120.6389567871424
        },
        {
          "acoustic_entropy": 6.914153099060059,
          "acoustic_entropy_side": 6.951806545257568,
          "hz": 3458.990205492291
        },
        {
          "acoustic_entropy": 6.955846786499023,
          "acoustic_entropy_side": 6.97316837310791,
          "hz": 3827.305438964164
        },
        {
          "acoustic_entropy": 6.985663414001465,
          "acoustic_entropy_side": 7.030381202697754,
          "hz": 4228.238232109126
        },
        {
          "acoustic_entropy": 7.043726444244385,
          "acoustic_entropy_side": 7.060544013977051,
          "hz": 4664.6771572759235
        },
        {
          "acoustic_entropy": 7.02776575088501,
          "acoustic_entropy_side": 7.0385589599609375,
          "hz": 5139.766595350093
        },
        {
          "acoustic_entropy": 7.061589241027832,
          "acoustic_entropy_side": 7.069304943084717,
          "hz": 5656.929389854203
        },
        {
          "acoustic_entropy": 7.062777996063232,
          "acoustic_entropy_side": 7.066289901733398,
          "hz": 6219.891507268283
        },
        {
          "acoustic_entropy": 7.0648369789123535,
          "acoustic_entropy_side": 7.068728446960449,
          "hz": 6832.70888123896
        },
        {
          "acoustic_entropy": 7.0671210289001465,
          "acoustic_entropy_side": 7.069232940673828,
          "hz": 7499.796634079867
        },
        {
          "acoustic_entropy": 7.0656023025512695,
          "acoustic_entropy_side": 7.068798065185547,
          "hz": 8225.96088609342
        },
        {
          "acoustic_entropy": 7.066827297210693,
          "acoustic_entropy_side": 7.069396495819092,
          "hz": 9016.43338188839
        },
        {
          "acoustic_entropy": 7.069456577301025,
          "acoustic_entropy_side": 7.069786071777344,
          "hz": 9876.909183162974
        },
        {
          "acoustic_entropy": 7.068775177001953,
          "acoustic_entropy_side": 7.069266319274902,
          "hz": 10813.587699516042
        },
        {
          "acoustic_entropy": 7.070112228393555,
          "acoustic_entropy_side": 7.070199489593506,
          "hz": 11833.21735289826
        },
        {
          "acoustic_entropy": 7.070247650146484,
          "acoustic_entropy_side": 7.070265769958496,
          "hz": 12943.144197493959
        },
        {
          "acoustic_entropy": 7.070255756378174,
          "acoustic_entropy_side": 7.070263385772705,
          "hz": 14151.364845322005
        },
        {
          "acoustic_entropy": 7.070270538330078,
          "acoustic_entropy_side": 7.070274353027344,
          "hz": 15466.58407886509
        },
        {
          "acoustic_entropy": 7.070277690887451,
          "acoustic_entropy_side": 7.070278644561768,
          "hz": 16898.27756580493
        },
        {
          "acoustic_entropy": 7.070279121398926,
          "acoustic_entropy_side": 7.070279121398926,
          "hz": 18456.760127700032
        },
        {
          "acoustic_entropy": 7.070278644561768,
          "acoustic_entropy_side": 7.070279121398926,
          "hz": 20153.260054456492
        },
        {
          "acoustic_entropy": 7.070279121398926,
          "acoustic_entropy_side": 7.070279121398926,
          "hz": 22000.00000000001
        }
      ],
      "diff_acoustic_entropy": 5.39664363861084,
      "sn": 6
    },
    {
      "acoustic_entropy": 11.236160278320312,
      "acoustic_entropy_mono": 8.712067604064941,
      "band_eliminated_acoustic_entropies": [
        {
          "acoustic_entropy": 11.251197814941406,
          "acoustic_entropy_side": 11.236580848693848,
          "hz": 129.47220167065723
        },
        {
          "acoustic_entropy": 11.506723403930664,
          "acoustic_entropy_side": 11.279129028320312,
          "hz": 202.92927478742237
        },
        {
          "acoustic_entropy": 11.694416999816895,
          "acoustic_entropy_side": 11.504560470581055,
          "hz": 282.89161906338205
        },
        {
          "acoustic_entropy": 11.358173370361328,
          "acoustic_entropy_side": 10.930658340454102,
          "hz": 369.9353335868758
        },
        {
          "acoustic_entropy": 11.076593399047852,
          "acoustic_entropy_side": 10.571605682373047,
          "hz": 464.6875360973435
        },
        {
          "acoustic_entropy": 11.388583183288574,
          "acoustic_entropy_side": 11.595404624938965,
          "hz": 567.8308811364784
        },
        {
          "acoustic_entropy": 10.427092552185059,
          "acoustic_entropy_side": 10.732723236083984,
          "hz": 680.1084783214808
        },
        {
          "acoustic_entropy": 11.553182601928711,
          "acoustic_entropy_side": 12.35646915435791,
          "hz": 802.3292461747484
        },
        {
          "acoustic_entropy": 10.350990295410156,
          "acoustic_entropy_side": 11.24462890625,
          "hz": 935.3737400823702
        },
        {
          "acoustic_entropy": 11.316533088684082,
          "acoustic_entropy_side": 11.452048301696777,
          "hz": 1080.2004963696966
        },
        {
          "acoustic_entropy": 10.569043159484863,
          "acoustic_entropy_side": 10.667340278625488,
          "hz": 1237.8529382007157
        },
        {
          "acoustic_entropy": 11.330545425415039,
          "acoustic_entropy_side": 11.349997520446777,
          "hz": 1409.4668930556702
        },
        {
          "acoustic_entropy": 11.246206283569336,
          "acoustic_entropy_side": 11.146489143371582,
          "hz": 1596.2787759475705
        },
        {
          "acoustic_entropy": 11.812762260437012,
          "acoustic_entropy_side": 11.693573951721191,
          "hz": 1799.6344973346393
        },
        {
          "acoustic_entropy": 10.76750659942627,
          "acoustic_entropy_side": 11.168662071228027,
          "hz": 2020.9991599069049
        },
        {
          "acoustic_entropy": 11.347867012023926,
          "acoustic_entropy_side": 11.336913108825684,
          "hz": 2261.9676141086993
        },
        {
          "acoustic_entropy": 10.959659576416016,
          "acoustic_entropy_side": 11.139955520629883,
          "hz": 2524.2759484456974
        },
        {
          "acoustic_entropy": 11.054411888122559,
          "acoustic_entropy_side": 11.100132942199707,
          "hz": 2809.813997359896
        },
        {
          "acoustic_entropy": 10.783706665039062,
          "acoustic_entropy_side": 10.954475402832031,
          "hz": 3120.6389567871424
        },
        {
          "acoustic_entropy": 11.155516624450684,
          "acoustic_entropy_side": 11.120437622070312,
          "hz": 3458.990205492291
        },
        {
          "acoustic_entropy": 10.916702270507812,
          "acoustic_entropy_side": 11.03161907196045,
          "hz": 3827.305438964164
        },
        {
          "acoustic_entropy": 11.023686408996582,
          "acoustic_entropy_side": 11.134452819824219,
          "hz": 4228.238232109126
        },
        {
          "acoustic_entropy": 11.232194900512695,
          "acoustic_entropy_side": 11.256019592285156,
          "hz": 4664.6771572759235
        },
        {
          "acoustic_entropy": 11.19661808013916,
          "acoustic_entropy_side": 11.234358787536621,
          "hz": 5139.766595350093
        },
        {
          "acoustic_entropy": 11.266460418701172,
          "acoustic_entropy_side": 11.272088050842285,
          "hz": 5656.929389854203
        },
        {
          "acoustic_entropy": 11.264348983764648,
          "acoustic_entropy_side": 11.267899513244629,
          "hz": 6219.891507268283
        },
        {
          "acoustic_entropy": 11.252386093139648,
          "acoustic_entropy_side": 11.256630897521973,
          "hz": 6832.70888123896
        },
        {
          "acoustic_entropy": 11.242639541625977,
          "acoustic_entropy_side": 11.244452476501465,
          "hz": 7499.796634079867
        },
        {
          "acoustic_entropy": 11.24415397644043,
          "acoustic_entropy_side": 11.236983299255371,
          "hz": 8225.96088609342
        },
        {
          "acoustic_entropy": 11.258607864379883,
          "acoustic_entropy_side": 11.242300987243652,
          "hz": 9016.43338188839
        },
        {
          "acoustic_entropy": 11.247244834899902,
          "acoustic_entropy_side": 11.240656852722168,
          "hz": 9876.909183162974
        },
        {
          "acoustic_entropy": 11.256346702575684,
          "acoustic_entropy_side": 11.248303413391113,
          "hz": 10813.587699516042
        },
        {
          "acoustic_entropy": 11.24125862121582,
          "acoustic_entropy_side": 11.238777160644531,
          "hz": 11833.21735289826
        },
        {
          "acoustic_entropy": 11.237102508544922,
          "acoustic_entropy_side": 11.236560821533203,
          "hz": 12943.144197493959
        },
        {
          "acoustic_entropy": 11.236316680908203,
          "acoustic_entropy_side": 11.236275672912598,
          "hz": 14151.364845322005
        },
        {
          "acoustic_entropy": 11.236166954040527,
          "acoustic_entropy_side": 11.23617172241211,
          "hz": 15466.58407886509
        },
        {
          "acoustic_entropy": 11.23616886138916,
          "acoustic_entropy_side": 11.236162185668945,
          "hz": 16898.27756580493
        },
        {
          "acoustic_entropy": 11.236166954040527,
          "acoustic_entropy_side": 11.236163139343262,
          "hz": 18456.760127700032
        },
        {
          "acoustic_entropy": 11.236162185668945,
          "acoustic_entropy_side": 11.236161231994629,
          "hz": 20153.260054456492
        },
        {
          "acoustic_entropy": 11.236160278320312,
          "acoustic_entropy_side": 11.236160278320312,
          "hz": 22000.00000000001
        }
      ],
      "diff_acoustic_entropy": 9.200029373168945,
      "sn": 12
    },
    {
      "acoustic_entropy": 16.69915199279785,
      "acoustic_entropy_mono": 14.600177764892578,
      "band_eliminated_acoustic_entropies": [
        {
          "acoustic_entropy": 16.93752098083496,
          "acoustic_entropy_side": 16.706209182739258,
          "hz": 129.47220167065723
        },
        {
          "acoustic_entropy": 17.236879348754883,
          "acoustic_entropy_side": 16.571308135986328,
          "hz": 202.92927478742237
        },
        {
          "acoustic_entropy": 18.24030876159668,
          "acoustic_entropy_side": 17.298715591430664,
          "hz": 282.89161906338205
        },
        {
          "acoustic_entropy": 16.996994018554688,
          "acoustic_entropy_side": 16.718643188476562,
          "hz": 369.9353335868758
        },
        {
          "acoustic_entropy": 17.36556053161621,
          "acoustic_entropy_side": 16.66257667541504,
          "hz": 464.6875360973435
        },
        {
          "acoustic_entropy": 17.09153938293457,
          "acoustic_entropy_side": 17.186607360839844,
          "hz": 567.8308811364784
        },
        {
          "acoustic_entropy": 16.882539749145508,
          "acoustic_entropy_side": 17.5173282623291,
          "hz": 680.1084783214808
        },
        {
          "acoustic_entropy": 17.189531326293945,
          "acoustic_entropy_side": 17.638731002807617,
          "hz": 802.3292461747484
        },
        {
          "acoustic_entropy": 16.89073944091797,
          "acoustic_entropy_side": 16.913578033447266,
          "hz": 935.3737400823702
        },
        {
          "acoustic_entropy": 17.015859603881836,
          "acoustic_entropy_side": 16.912633895874023,
          "hz": 1080.2004963696966
        },
        {
          "acoustic_entropy": 16.610210418701172,
          "acoustic_entropy_side": 16.84581184387207,
          "hz": 1237.8529382007157
        },
        {
          "acoustic_entropy": 17.785633087158203,
          "acoustic_entropy_side": 16.53618621826172,
          "hz": 1409.4668930556702
        },
        {
          "acoustic_entropy": 16.217023849487305,
          "acoustic_entropy_side": 17.024555206298828,
          "hz": 1596.2787759475705
        },
        {
          "acoustic_entropy": 17.170696258544922,
          "acoustic_entropy_side": 17.10064697265625,
          "hz": 1799.6344973346393
        },
        {
          "acoustic_entropy": 16.89228057861328,
          "acoustic_entropy_side": 17.397600173950195,
          "hz": 2020.9991599069049
        },
        {
          "acoustic_entropy": 17.352880477905273,
          "acoustic_entropy_side": 17.345203399658203,
          "hz": 2261.9676141086993
        },
        {
          "acoustic_entropy": 17.474809646606445,
          "acoustic_entropy_side": 17.0274715423584,
          "hz": 2524.2759484456974
        },
        {
          "acoustic_entropy": 16.99025535583496,
          "acoustic_entropy_side": 16.998760223388672,
          "hz": 2809.813997359896
        },
        {
          "acoustic_entropy": 17.572246551513672,
          "acoustic_entropy_side": 17.04505729675293,
          "hz": 3120.6389567871424
        },
        {
