{
  "acoustic_entropy": 190.6925506591797,
  "bands": [
    {
      "high_freq": 148.1999969482422,
      "loudness": -20.025606155395508,
      "loudness_range": 5.763036727905273,
      "mid_mean": -16.47361183166504,
      "mid_to_side_loudness": -25.196069717407227,
      "mid_to_side_loudness_range": 25.25066566467285,
      "side_mean": -41.83563995361328
    },
    {
      "high_freq": 392.3793640136719,
      "loudness": -20.874765396118164,
      "loudness_range": 5.784046173095703,
      "low_freq": 148.1999969482422,
      "mid_mean": -17.475393295288086,
      "mid_to_side_loudness": -12.586796760559082,
      "mid_to_side_loudness_range": 9.640307426452637,
      "side_mean": -30.167972564697266
    },
    {
      "high_freq": 794.6976318359375,
      "loudness": -21.327974319458008,
      "loudness_range": 8.347681045532227,
      "low_freq": 392.3793640136719,
      "mid_mean": -18.038705825805664,
      "mid_to_side_loudness": -11.191620826721191,
      "mid_to_side_loudness_range": 9.290590286254883,
      "side_mean": -29.3735408782959
    },
    {
      "high_freq": 1457.5709228515625,
      "loudness": -24.231626510620117,
      "loudness_range": 14.872106552124023,
      "low_freq": 794.6976318359375,
      "mid_mean": -21.004093170166016,
      "mid_to_side_loudness": -11.039183616638184,
      "mid_to_side_loudness_range": 12.023679733276367,
      "side_mean": -32.07666015625
    },
    {
      "high_freq": 2549.74365234375,
      "loudness": -25.82653045654297,
      "loudness_range": 14.099676132202148,
      "low_freq": 1457.5709228515625,
      "mid_mean": -22.76189613342285,
      "mid_to_side_loudness": -9.504499435424805,
      "mid_to_side_loudness_range": 12.292433738708496,
      "side_mean": -32.28323745727539
    },
    {
      "high_freq": 4349.24462890625,
      "loudness": -26.219375610351562,
      "loudness_range": 10.903141021728516,
      "low_freq": 2549.74365234375,
      "mid_mean": -23.069169998168945,
      "mid_to_side_loudness": -10.307413101196289,
      "mid_to_side_loudness_range": 11.835704803466797,
      "side_mean": -33.31500244140625
    },
    {
      "high_freq": 7314.1640625,
      "loudness": -29.751745223999023,
      "loudness_range": 9.755897521972656,
      "low_freq": 4349.24462890625,
      "mid_mean": -26.6885929107666,
      "mid_to_side_loudness": -9.774645805358887,
      "mid_to_side_loudness_range": 11.829848289489746,
      "side_mean": -36.5706901550293
    },
    {
      "high_freq": 12199.2666015625,
      "loudness": -31.17410659790039,
      "loudness_range": 10.157133102416992,
      "low_freq": 7314.1640625,
      "mid_mean": -27.855188369750977,
      "mid_to_side_loudness": -13.094841957092285,
      "mid_to_side_loudness_range": 13.755889892578125,
      "side_mean": -41.05717849731445
    },
    {
      "loudness": -36.31291961669922,
      "loudness_range": 7.271324157714844,
      "low_freq": 12199.2666015625,
      "mid_mean": -32.81902313232422,
      "mid_to_side_loudness": -14.966080665588379,
      "mid_to_side_loudness_range": 9.221000671386719,
      "side_mean": -47.87514877319336
    }
  ],
  "bands_short": [
    {
      "high_freq": 148.1999969482422,
      "loudness": -22.35273551940918,
      "loudness_range": 11.956472396850586,
      "mid_mean": -18.823997497558594,
      "mid_to_side_loudness": -25.182598114013672,
      "mid_to_side_loudness_range": 29.22024154663086,
      "side_mean": -44.264892578125
    },
    {
      "high_freq": 392.3793640136719,
      "loudness": -20.676881790161133,
      "loudness_range": 10.045065879821777,
      "low_freq": 148.1999969482422,
      "mid_mean": -17.269981384277344,
      "mid_to_side_loudness": -13.70549488067627,
      "mid_to_side_loudness_range": 14.517438888549805,
      "side_mean": -31.18714714050293
    },
    {
      "high_freq": 794.6976318359375,
      "loudness": -22.206960678100586,
      "loudness_range": 11.051031112670898,
      "low_freq": 392.3793640136719,
      "mid_mean": -19.012500762939453,
      "mid_to_side_loudness": -10.80215072631836,
      "mid_to_side_loudness_range": 13.148504257202148,
      "side_mean": -30.07463264465332
    },
    {
      "high_freq": 1457.5709228515625,
      "loudness": -24.326061248779297,
      "loudness_range": 17.25282096862793,
      "low_freq": 794.6976318359375,
      "mid_mean": -21.19750213623047,
      "mid_to_side_loudness": -10.749245643615723,
      "mid_to_side_loudness_range": 15.174789428710938,
      "side_mean": -32.18973922729492
    },
    {
      "high_freq": 2549.74365234375,
      "loudness": -27.044363021850586,
      "loudness_range": 17.462533950805664,
      "low_freq": 1457.5709228515625,
      "mid_mean": -24.1229248046875,
      "mid_to_side_loudness": -9.15257453918457,
      "mid_to_side_loudness_range": 15.234734535217285,
      "side_mean": -33.4104118347168
    },
    {
      "high_freq": 4349.24462890625,
      "loudness": -27.23545265197754,
      "loudness_range": 14.918434143066406,
      "low_freq": 2549.74365234375,
      "mid_mean": -24.19196128845215,
      "mid_to_side_loudness": -10.168252944946289,
      "mid_to_side_loudness_range": 15.83061408996582,
      "side_mean": -34.53419876098633
    },
    {
      "high_freq": 7314.1640625,
      "loudness": -31.34416389465332,
      "loudness_range": 15.760459899902344,
      "low_freq": 4349.24462890625,
      "mid_mean": -28.355077743530273,
      "mid_to_side_loudness": -9.896713256835938,
      "mid_to_side_loudness_range": 15.901826858520508,
      "side_mean": -38.738887786865234
    },
    {
      "high_freq": 12199.2666015625,
      "loudness": -33.32686996459961,
      "loudness_range": 17.06510353088379,
      "low_freq": 7314.1640625,
      "mid_mean": -30.058923721313477,
      "mid_to_side_loudness": -12.93356704711914,
      "mid_to_side_loudness_range": 17.454193115234375,
      "side_mean": -43.718318939208984
    },
    {
      "loudness": -39.72917175292969,
      "loudness_range": 21.32118797302246,
      "low_freq": 12199.2666015625,
      "mid_mean": -36.31850051879883,
      "mid_to_side_loudness": -14.588521003723145,
      "mid_to_side_loudness_range": 15.721161842346191,
      "side_mean": -52.68927001953125
    }
  ],
  "bandwidth": 576.3499755859375,
  "channels": 2,
  "covariance": [
    [
      13.229093551635742,
      3.8875584602355957,
      6.948017120361328,
      6.98956298828125,
      5.6636061668396,
      6.298787593841553,
      5.473310470581055,
      6.331569194793701,
      5.61145544052124,
      6.0417962074279785,
      7.535656452178955,
      6.563246250152588,
      8.432928085327148,
      6.824673175811768,
      5.8142523765563965,
      5.819316387176514,
      4.233786106109619,
      2.956829786300659
    ],
    [
      3.8875584602355957,
      57.552616119384766,
      1.013344645500183,
      6.987037181854248,
      0.5704891085624695,
      2.211095094680786,
      1.7552103996276855,
      3.5898280143737793,
      1.0988714694976807,
      4.686412334442139,
      1.5338472127914429,
      5.6598944664001465,
      6.746408462524414,
      8.488767623901367,
      5.16867208480835,
      7.8064351081848145,
      2.7751998901367188,
      4.583028316497803
    ],
    [
      6.948017120361328,
      1.013344645500183,
      10.399850845336914,
      6.0118088722229,
      7.0164690017700195,
      4.946340560913086,
      4.511541843414307,
      4.101567268371582,
      5.610769271850586,
      4.228152275085449,
      7.61496114730835,
      4.56574010848999,
      6.828781604766846,
      4.540297508239746,
      5.804815292358398,
      4.234523773193359,
      4.857804298400879,
      3.0539352893829346
    ],
    [
      6.98956298828125,
      6.987037181854248,
      6.0118088722229,
      13.081510543823242,
      4.137941837310791,
      6.1609086990356445,
      3.3317975997924805,
      5.949697971343994,
      4.019715309143066,
      6.835741996765137,
      5.093214988708496,
      7.581017971038818,
      6.410834312438965,
      8.2940034866333,
      5.761387825012207,
      8.605026245117188,
      5.594497203826904,
      6.957761764526367
    ],
    [
      5.6636061668396,
      0.5704891085624695,
      7.0164690017700195,
      4.137941837310791,
      15.752791404724121,
      8.788408279418945,
      16.360685348510742,
      8.761983871459961,
      13.197999000549316,
      7.653339862823486,
      11.588089942932129,
      7.74594783782959,
      6.862435817718506,
      7.139555931091309,
      5.532309532165527,
      5.821968078613281,
      5.211618900299072,
      5.140974998474121
    ],
    [
      6.298787593841553,
      2.211095094680786,
      4.946340560913086,
      6.1609086990356445,
      8.788408279418945,
      13.934330940246582,
      11.249581336975098,
      13.562829971313477,
      10.257948875427246,
      13.415182113647461,
      9.647067070007324,
      13.924554824829102,
      6.9976582527160645,
      13.194472312927246,
      5.710981369018555,
      11.382128715515137,
      6.085981845855713,
      10.544319152832031
    ],
    [
      5.473310470581055,
      1.7552103996276855,
      4.511541843414307,
      3.3317975997924805,
      16.360685348510742,
      11.249581336975098,
      31.09964370727539,
      15.547093391418457,
      18.854507446289062,
      11.922248840332031,
      14.36539077758789,
      12.182641983032227,
      6.120450496673584,
      10.831182479858398,
      4.573213577270508,
      8.509114265441895,
      3.939983606338501,
      7.084436893463135
    ],
    [
      6.331569194793701,
      3.5898280143737793,
      4.101567268371582,
      5.949697971343994,
      8.761983871459961,
      13.562829971313477,
      15.547093391418457,
      18.50810432434082,
      12.323516845703125,
      17.3953914642334,
      10.990190505981445,
      18.66150665283203,
      7.965424537658691,
      18.843608856201172,
      5.544850826263428,
      16.358734130859375,
      5.869644641876221,
      12.78852367401123
    ],
    [
      5.61145544052124,
      1.0988714694976807,
      5.610769271850586,
      4.019715309143066,
      13.197999000549316,
      10.257948875427246,
      18.854507446289062,
      12.323516845703125,
      26.78682518005371,
      13.777754783630371,
      17.603548049926758,
      12.328527450561523,
      8.896791458129883,
      12.101083755493164,
      7.985819339752197,
      10.846346855163574,
      5.7652106285095215,
      8.370810508728027
    ],
    [
      6.0417962074279785,
      4.686412334442139,
      4.228152275085449,
      6.835741996765137,
      7.653339862823486,
      13.415182113647461,
      11.922248840332031,
      17.3953914642334,
      13.777754783630371,
      21.539306640625,
      11.196283340454102,
      22.217273712158203,
      9.577181816101074,
      24.513511657714844,
      7.467347621917725,
      22.571596145629883,
      6.216916084289551,
      15.267885208129883
    ],
    [
      7.535656452178955,
      1.5338472127914429,
      7.61496114730835,
      5.093214988708496,
      11.588089942932129,
      9.647067070007324,
      14.36539077758789,
      10.990190505981445,
      17.603548049926758,
      11.196283340454102,
      21.20260238647461,
      12.559561729431152,
      12.35895824432373,
      11.518595695495605,
      9.027634620666504,
      9.944402694702148,
      6.580958843231201,
      7.804878234863281
    ],
    [
      6.563246250152588,
      5.6598944664001465,
      4.56574010848999,
      7.581017971038818,
      7.74594783782959,
      13.924554824829102,
      12.182641983032227,
      18.66150665283203,
      12.328527450561523,
      22.217273712158203,
      12.559561729431152,
      26.772262573242188,
      11.061734199523926,
      28.781341552734375,
      7.9443864822387695,
      25.501489639282227,
      6.683874130249023,
      16.30242347717285
    ],
    [
      8.432928085327148,
      6.746408462524414,
      6.828781604766846,
      6.410834312438965,
      6.862435817718506,
      6.9976582527160645,
      6.120450496673584,
      7.965424537658691,
      8.896791458129883,
      9.577181816101074,
      12.35895824432373,
      11.061734199523926,
      18.420692443847656,
      13.63390064239502,
      13.687633514404297,
      12.3934907913208,
      8.182419776916504,
      7.056276798248291
    ],
    [
      6.824673175811768,
      8.488767623901367,
      4.540297508239746,
      8.2940034866333,
      7.139555931091309,
      13.194472312927246,
      10.831182479858398,
      18.843608856201172,
      12.101083755493164,
      24.513511657714844,
      11.518595695495605,
      28.781341552734375,
      13.63390064239502,
      38.606971740722656,
      10.221159934997559,
      34.66752243041992,
      7.045168876647949,
      19.112045288085938
    ],
    [
      5.8142523765563965,
      5.16867208480835,
      5.804815292358398,
      5.761387825012207,
      5.532309532165527,
      5.710981369018555,
      4.573213577270508,
      5.544850826263428,
      7.985819339752197,
      7.467347621917725,
      9.027634620666504,
      7.9443864822387695,
      13.687633514404297,
      10.221159934997559,
      17.6629695892334,
      10.756031036376953,
      10.282540321350098,
      7.273934364318848
    ],
    [
      5.819316387176514,
      7.8064351081848145,
      4.234523773193359,
      8.605026245117188,
      5.821968078613281,
      11.382128715515137,
      8.509114265441895,
      16.358734130859375,
      10.846346855163574,
      22.571596145629883,
      9.944402694702148,
      25.501489639282227,
      12.3934907913208,
      34.66752243041992,
      10.756031036376953,
      36.39458465576172,
      7.5377044677734375,
      21.04732322692871
    ],
    [
      4.233786106109619,
      2.7751998901367188,
      4.857804298400879,
      5.594497203826904,
      5.211618900299072,
      6.085981845855713,
      3.939983606338501,
      5.869644641876221,
      5.7652106285095215,
      6.216916084289551,
      6.580958843231201,
      6.683874130249023,
      8.182419776916504,
      7.045168876647949,
      10.282540321350098,
      7.5377044677734375,
      12.97337818145752,
      8.701735496520996
    ],
    [
      2.956829786300659,
      4.583028316497803,
      3.0539352893829346,
      6.957761764526367,
      5.140974998474121,
      10.544319152832031,
      7.084436893463135,
      12.78852367401123,
      8.370810508728027,
      15.267885208129883,
      7.804878234863281,
      16.30242347717285,
      7.056276798248291,
      19.112045288085938,
      7.273934364318848,
      21.04732322692871,
      8.701735496520996,
      21.947004318237305
    ]
  ],
  "covariance_short": [
    [
      23.125703811645508,
      5.3020524978637695,
      10.427303314208984,
      7.138179302215576,
      6.884754180908203,
      6.415975093841553,
      5.491246223449707,
      6.645566940307617,
      6.482001781463623,
      6.853363990783691,
      7.057500839233398,
      7.155093193054199,
      8.358904838562012,
      8.421740531921387,
      7.862793922424316,
      8.47015380859375,
      8.797049522399902,
      9.829646110534668
    ],
    [
      5.3020524978637695,
      61.59354782104492,
      1.3532991409301758,
      6.265490531921387,
      0.7018820643424988,
      1.3452086448669434,
      1.9259263277053833,
      1.8862196207046509,
      1.1386451721191406,
      3.8635709285736084,
      1.989959716796875,
      4.8164825439453125,
      7.394460201263428,
      8.812468528747559,
      6.999020576477051,
      7.6333537101745605,
      5.691858291625977,
      2.564429998397827
    ],
    [
      10.427303314208984,
      1.3532991409301758,
      19.391141891479492,
      7.910855770111084,
      9.8427734375,
      6.872867584228516,
      6.65642786026001,
      6.542258262634277,
      8.721505165100098,
      6.924848556518555,
      10.80990982055664,
      7.352478504180908,
      10.696943283081055,
      7.4788923263549805,
      9.432535171508789,
      7.9345879554748535,
      10.297436714172363,
      9.299215316772461
    ],
    [
      7.138179302215576,
      6.265490531921387,
      7.910855770111084,
      21.904890060424805,
      5.327584266662598,
      8.551477432250977,
      3.996976375579834,
      7.857277870178223,
      5.476779937744141,
      9.251681327819824,
      6.667069435119629,
      10.118088722229004,
      7.786377906799316,
      11.10606575012207,
      5.6321516036987305,
      10.413966178894043,
      5.754731178283691,
      10.528437614440918
    ],
    [
      6.884754180908203,
      0.7018820643424988,
      9.8427734375,
      5.327584266662598,
      22.29276466369629,
      9.78950309753418,
      17.30280113220215,
      9.645085334777832,
      17.884363174438477,
      9.732019424438477,
      15.189896583557129,
      9.335144996643066,
      10.141695022583008,
      8.923323631286621,
      9.08767032623291,
      8.678338050842285,
      9.477275848388672,
      11.723555564880371
    ],
    [
      6.415975093841553,
      1.3452086448669434,
      6.872867584228516,
      8.551477432250977,
      9.78950309753418,
      19.670875549316406,
      11.97061824798584,
      16.244659423828125,
      13.684446334838867,
      17.4475154876709,
      12.101422309875488,
      17.96213150024414,
      10.761974334716797,
      18.48759651184082,
      9.35919189453125,
      17.344985961914062,
      10.422944068908691,
      21.062353134155273
    ],
    [
      5.491246223449707,
      1.9259263277053833,
      6.65642786026001,
      3.996976375579834,
      17.30280113220215,
      11.97061824798584,
      40.149513244628906,
      17.953020095825195,
      26.469287872314453,
      15.919807434082031,
      20.388370513916016,
      15.908346176147461,
      11.030805587768555,
      15.54288387298584,
      8.799778938293457,
      14.38021183013916,
      9.511773109436035,
      18.284854888916016
    ],
    [
      6.645566940307617,
      1.8862196207046509,
      6.542258262634277,
      7.857277870178223,
      9.645085334777832,
      16.244659423828125,
      17.953020095825195,
      25.639978408813477,
      18.086772918701172,
      23.548450469970703,
      15.4779052734375,
      24.825279235839844,
      12.937132835388184,
      26.861494064331055,
      10.007829666137695,
      24.601282119750977,
      10.97764778137207,
      26.780988693237305
    ],
    [
      6.482001781463623,
      1.1386451721191406,
      8.721505165100098,
      5.476779937744141,
      17.884363174438477,
      13.684446334838867,
      26.469287872314453,
      18.086772918701172,
      41.751712799072266,
      22.225282669067383,
      28.013057708740234,
      20.672029495239258,
      17.704397201538086,
      21.299251556396484,
      15.50856876373291,
      21.465110778808594,
      14.55016803741455,
      24.738643646240234
    ],
    [
      6.853363990783691,
      3.8635709285736084,
      6.924848556518555,
      9.251681327819824,
      9.732019424438477,
      17.4475154876709,
      15.919807434082031,
      23.548450469970703,
      22.225282669067383,
      33.762054443359375,
      17.958559036254883,
      32.659420013427734,
      17.523883819580078,
      38.04838943481445,
      14.163138389587402,
      35.77540969848633,
      13.966899871826172,
      33.88661193847656
    ],
    [
      7.057500839233398,
      1.989959716796875,
      10.80990982055664,
      6.667069435119629,
      15.189896583557129,
      12.101422309875488,
      20.388370513916016,
      15.4779052734375,
      28.013057708740234,
      17.958559036254883,
      35.22389602661133,
      20.065893173217773,
      22.6855525970459,
      20.679988861083984,
      17.810909271240234,
      20.126230239868164,
      15.900516510009766,
      22.13905143737793
    ],
    [
      7.155093193054199,
      4.8164825439453125,
      7.352478504180908,
      10.118088722229004,
      9.335144996643066,
      17.96213150024414,
      15.908346176147461,
      24.825279235839844,
      20.672029495239258,
      32.659420013427734,
      20.065893173217773,
      41.04843521118164,
      19.878904342651367,
      44.501426696777344,
      15.813338279724121,
      41.11525344848633,
      15.941328048706055,
      38.271728515625
    ],
    [
      8.358904838562012,
      7.394460201263428,
      10.696943283081055,
      7.786377906799316,
      10.141695022583008,
      10.761974334716797,
      11.030805587768555,
      12.937132835388184,
      17.704397201538086,
      17.523883819580078,
      22.6855525970459,
      19.878904342651367,
      34.73186111450195,
      26.453514099121094,
      30.093719482421875,
      27.0666561126709,
      27.399330139160156,
      24.902599334716797
    ],
    [
      8.421740531921387,
      8.812468528747559,
      7.4788923263549805,
      11.10606575012207,
      8.923323631286621,
      18.48759651184082,
      15.54288387298584,
      26.861494064331055,
      21.299251556396484,
      38.04838943481445,
      20.679988861083984,
      44.501426696777344,
      26.453514099121094,
      63.120811462402344,
      21.669384002685547,
      56.63457489013672,
      21.183609008789062,
      48.037879943847656
    ],
    [
      7.862793922424316,
      6.999020576477051,
      9.432535171508789,
      5.6321516036987305,
      9.08767032623291,
      9.35919189453125,
      8.799778938293457,
      10.007829666137695,
      15.50856876373291,
      14.163138389587402,
      17.810909271240234,
      15.813338279724121,
      30.093719482421875,
      21.669384002685547,
      39.644927978515625,
      25.79947853088379,
      37.33685302734375,
      26.724132537841797
    ],
    [
      8.47015380859375,
      7.6333537101745605,
      7.9345879554748535,
      10.413966178894043,
      8.678338050842285,
      17.344985961914062,
      14.38021183013916,
      24.601282119750977,
      21.465110778808594,
      35.77540969848633,
      20.126230239868164,
      41.11525344848633,
      27.0666561126709,
      56.63457489013672,
      25.79947853088379,
      63.41341781616211,
      27.56488037109375,
      56.10940933227539
    ],
    [
      8.797049522399902,
      5.691858291625977,
      10.297436714172363,
      5.754731178283691,
      9.477275848388672,
      10.422944068908691,
      9.511773109436035,
      10.97764778137207,
      14.55016803741455,
      13.966899871826172,
      15.900516510009766,
      15.941328048706055,
      27.399330139160156,
      21.183609008789062,
      37.33685302734375,
      27.56488037109375,
      49.419551849365234,
      37.80443572998047
    ],
    [
      9.829646110534668,
      2.564429998397827,
      9.299215316772461,
      10.528437614440918,
      11.723555564880371,
      21.062353134155273,
      18.284854888916016,
      26.780988693237305,
      24.738643646240234,
      33.88661193847656,
      22.13905143737793,
      38.271728515625,
      24.902599334716797,
      48.037879943847656,
      26.724132537841797,
      56.10940933227539,
      37.80443572998047,
      88.3048324584961
    ]
  ],
  "damage": -6.396888256072998,
  "diff_bandwidth": 649.2662353515625,
  "dissonance": 9.176665163439171,
  "drr": 15.019351959228516,
  "dynamics": 2.1489322185516357,
  "format": 1245190,
  "frames": 12944320,
  "loudness": -10.268342971801758,
  "loudness_range": 4.8871169090271,
  "loudness_range_short": 7.683992862701416,
  "lowpass_true_peak_15khz": 0.5528746247291565,
  "mastering3_acoustic_entropies": [
    {
      "acoustic_entropy": 5.879886150360107,
      "acoustic_entropy_mono": 6.174090385437012,
      "band_eliminated_acoustic_entropies": [
        {
          "acoustic_entropy": 5.903388977050781,
          "acoustic_entropy_side": 5.880568981170654,
          "hz": 129.47220167065723
        },
        {
          "acoustic_entropy": 5.784367084503174,
          "acoustic_entropy_side": 5.880243301391602,
          "hz": 202.92927478742237
        },
        {
          "acoustic_entropy": 5.63203763961792,
          "acoustic_entropy_side": 5.877491474151611,
          "hz": 282.89161906338205
        },
        {
          "acoustic_entropy": 5.688606262207031,
          "acoustic_entropy_side": 5.886750221252441,
          "hz": 369.9353335868758
        },
        {
          "acoustic_entropy": 5.750035762786865,
          "acoustic_entropy_side": 5.879819393157959,
          "hz": 464.6875360973435
        },
        {
          "acoustic_entropy": 5.9359211921691895,
          "acoustic_entropy_side": 5.889448165893555,
          "hz": 567.8308811364784
        },
        {
          "acoustic_entropy": 5.735668182373047,
          "acoustic_entropy_side": 5.89194393157959,
          "hz": 680.1084783214808
        },
        {
          "acoustic_entropy": 6.257821083068848,
          "acoustic_entropy_side": 5.8339362144470215,
          "hz": 802.3292461747484
        },
        {
          "acoustic_entropy": 6.435524940490723,
          "acoustic_entropy_side": 5.896735668182373,
          "hz": 935.3737400823702
        },
        {
          "acoustic_entropy": 5.843286991119385,
          "acoustic_entropy_side": 5.8846940994262695,
          "hz": 1080.2004963696966
        },
        {
          "acoustic_entropy": 5.837920665740967,
          "acoustic_entropy_side": 5.884443759918213,
          "hz": 1237.8529382007157
        },
        {
          "acoustic_entropy": 5.816473007202148,
          "acoustic_entropy_side": 5.866705417633057,
          "hz": 1409.4668930556702
        },
        {
          "acoustic_entropy": 6.184248924255371,
          "acoustic_entropy_side": 5.857237815856934,
          "hz": 1596.2787759475705
        },
        {
          "acoustic_entropy": 6.092753887176514,
          "acoustic_entropy_side": 5.881321430206299,
          "hz": 1799.6344973346393
        },
        {
          "acoustic_entropy": 6.346436023712158,
          "acoustic_entropy_side": 5.872304439544678,
          "hz": 2020.9991599069049
        },
        {
          "acoustic_entropy": 6.0718607902526855,
          "acoustic_entropy_side": 5.876801013946533,
          "hz": 2261.9676141086993
        },
        {
          "acoustic_entropy": 5.871187686920166,
          "acoustic_entropy_side": 5.872524261474609,
          "hz": 2524.2759484456974
        },
        {
          "acoustic_entropy": 5.974170207977295,
          "acoustic_entropy_side": 5.8714799880981445,
          "hz": 2809.813997359896
        },
        {
          "acoustic_entropy": 6.2601776123046875,
          "acoustic_entropy_side": 5.861365795135498,
          "hz": 3120.6389567871424
        },
        {
          "acoustic_entropy": 6.100471019744873,
          "acoustic_entropy_side": 5.8733086585998535,
          "hz": 3458.990205492291
        },
        {
          "acoustic_entropy": 5.9397406578063965,
          "acoustic_entropy_side": 5.875033855438232,
          "hz": 3827.305438964164
        },
        {
          "acoustic_entropy": 5.983737468719482,
          "acoustic_entropy_side": 5.921197414398193,
          "hz": 4228.238232109126
        },
        {
          "acoustic_entropy": 5.906863689422607,
          "acoustic_entropy_side": 5.897750377655029,
          "hz": 4664.6771572759235
        },
        {
          "acoustic_entropy": 5.965167999267578,
          "acoustic_entropy_side": 5.909010410308838,
          "hz": 5139.766595350093
        },
        {
          "acoustic_entropy": 6.016107559204102,
          "acoustic_entropy_side": 5.917073726654053,
          "hz": 5656.929389854203
        },
        {
          "acoustic_entropy": 6.073256492614746,
          "acoustic_entropy_side": 5.950235843658447,
          "hz": 6219.891507268283
        },
        {
          "acoustic_entropy": 5.91400146484375,
          "acoustic_entropy_side": 6.0122904777526855,
          "hz": 6832.70888123896
        },
        {
          "acoustic_entropy": 5.926296234130859,
          "acoustic_entropy_side": 6.026727199554443,
          "hz": 7499.796634079867
        },
        {
          "acoustic_entropy": 6.092823028564453,
          "acoustic_entropy_side": 6.101446151733398,
          "hz": 8225.96088609342
        },
        {
          "acoustic_entropy": 6.167919635772705,
          "acoustic_entropy_side": 6.07555627822876,
          "hz": 9016.43338188839
        },
        {
          "acoustic_entropy": 5.929701805114746,
          "acoustic_entropy_side": 6.033370494842529,
          "hz": 9876.909183162974
        },
        {
          "acoustic_entropy": 6.041285514831543,
          "acoustic_entropy_side": 5.933577060699463,
          "hz": 10813.587699516042
        },
        {
          "acoustic_entropy": 5.926074504852295,
          "acoustic_entropy_side": 5.887729167938232,
          "hz": 11833.21735289826
        },
        {
          "acoustic_entropy": 5.731449604034424,
          "acoustic_entropy_side": 5.880325794219971,
          "hz": 12943.144197493959
        },
        {
          "acoustic_entropy": 5.821216106414795,
          "acoustic_entropy_side": 5.880279541015625,
          "hz": 14151.364845322005
        },
        {
          "acoustic_entropy": 5.873403549194336,
          "acoustic_entropy_side": 5.879918098449707,
          "hz": 15466.58407886509
        },
        {
          "acoustic_entropy": 5.883501052856445,
          "acoustic_entropy_side": 5.879859924316406,
          "hz": 16898.27756580493
        },
        {
          "acoustic_entropy": 5.881356716156006,
          "acoustic_entropy_side": 5.879872798919678,
          "hz": 18456.760127700032
        },
        {
          "acoustic_entropy": 5.8791913986206055,
          "acoustic_entropy_side": 5.879876136779785,
          "hz": 20153.260054456492
        },
        {
          "acoustic_entropy": 5.879700660705566,
          "acoustic_entropy_side": 5.879882335662842,
          "hz": 22000.00000000001
        }
      ],
      "diff_acoustic_entropy": 5.846432209014893,
      "sn": 6
    },
    {
      "acoustic_entropy": 9.560336112976074,
      "acoustic_entropy_mono": 9.5183744430542,
      "band_eliminated_acoustic_entropies": [
        {
          "acoustic_entropy": 9.333971977233887,
          "acoustic_entropy_side": 9.570625305175781,
          "hz": 129.47220167065723
        },
        {
          "acoustic_entropy": 9.038914680480957,
          "acoustic_entropy_side": 9.54353141784668,
          "hz": 202.92927478742237
        },
        {
          "acoustic_entropy": 9.252959251403809,
          "acoustic_entropy_side": 9.50249195098877,
          "hz": 282.89161906338205
        },
        {
          "acoustic_entropy": 9.96638298034668,
          "acoustic_entropy_side": 9.602165222167969,
          "hz": 369.9353335868758
        },
        {
          "acoustic_entropy": 9.19194221496582,
          "acoustic_entropy_side": 9.461935043334961,
          "hz": 464.6875360973435
        },
        {
          "acoustic_entropy": 9.02042293548584,
          "acoustic_entropy_side": 9.707440376281738,
          "hz": 567.8308811364784
        },
        {
          "acoustic_entropy": 9.149681091308594,
          "acoustic_entropy_side": 9.751097679138184,
          "hz": 680.1084783214808
        },
        {
          "acoustic_entropy": 9.68508529663086,
          "acoustic_entropy_side": 9.603647232055664,
          "hz": 802.3292461747484
        },
        {
          "acoustic_entropy": 9.33182430267334,
          "acoustic_entropy_side": 9.7531156539917,
          "hz": 935.3737400823702
        },
        {
          "acoustic_entropy": 8.963838577270508,
          "acoustic_entropy_side": 9.723923683166504,
          "hz": 1080.2004963696966
        },
        {
          "acoustic_entropy": 9.2429780960083,
          "acoustic_entropy_side": 9.676713943481445,
          "hz": 1237.8529382007157
        },
        {
          "acoustic_entropy": 9.236729621887207,
          "acoustic_entropy_side": 9.66968822479248,
          "hz": 1409.4668930556702
        },
        {
          "acoustic_entropy": 9.013877868652344,
          "acoustic_entropy_side": 9.692229270935059,
          "hz": 1596.2787759475705
        },
        {
          "acoustic_entropy": 9.710810661315918,
          "acoustic_entropy_side": 9.699895858764648,
          "hz": 1799.6344973346393
        },
        {
          "acoustic_entropy": 9.201888084411621,
          "acoustic_entropy_side": 9.628052711486816,
          "hz": 2020.9991599069049
        },
        {
          "acoustic_entropy": 10.148523330688477,
          "acoustic_entropy_side": 9.60300350189209,
          "hz": 2261.9676141086993
        },
        {
          "acoustic_entropy": 9.374310493469238,
          "acoustic_entropy_side": 9.644563674926758,
          "hz": 2524.2759484456974
        },
        {
          "acoustic_entropy": 9.628106117248535,
          "acoustic_entropy_side": 9.68163776397705,
          "hz": 2809.813997359896
        },
        {
          "acoustic_entropy": 9.837199211120605,
          "acoustic_entropy_side": 9.698893547058105,
          "hz": 3120.6389567871424
        },
        {
          "acoustic_entropy": 9.3574857711792,
          "acoustic_entropy_side": 9.685395240783691,
          "hz": 3458.990205492291
        },
        {
          "acoustic_entropy": 9.697491645812988,
          "acoustic_entropy_side": 9.712260246276855,
          "hz": 3827.305438964164
        },
        {
          "acoustic_entropy": 9.658595085144043,
          "acoustic_entropy_side": 9.697342872619629,
          "hz": 4228.238232109126
        },
        {
          "acoustic_entropy": 9.78927230834961,
          "acoustic_entropy_side": 9.709012985229492,
          "hz": 4664.6771572759235
        },
        {
          "acoustic_entropy": 9.633825302124023,
          "acoustic_entropy_side": 9.689066886901855,
          "hz": 5139.766595350093
        },
        {
          "acoustic_entropy": 9.458434104919434,
          "acoustic_entropy_side": 9.703649520874023,
          "hz": 5656.929389854203
        },
        {
          "acoustic_entropy": 9.4407320022583,
          "acoustic_entropy_side": 9.701172828674316,
          "hz": 6219.891507268283
        },
        {
          "acoustic_entropy": 9.746713638305664,
          "acoustic_entropy_side": 9.717740058898926,
          "hz": 6832.70888123896
        },
        {
          "acoustic_entropy": 9.752751350402832,
          "acoustic_entropy_side": 9.710342407226562,
          "hz": 7499.796634079867
        },
        {
          "acoustic_entropy": 9.738298416137695,
          "acoustic_entropy_side": 9.704739570617676,
          "hz": 8225.96088609342
        },
        {
          "acoustic_entropy": 9.675679206848145,
          "acoustic_entropy_side": 9.661088943481445,
          "hz": 9016.43338188839
        },
        {
          "acoustic_entropy": 9.72900104522705,
          "acoustic_entropy_side": 9.649629592895508,
          "hz": 9876.909183162974
        },
        {
          "acoustic_entropy": 9.128807067871094,
          "acoustic_entropy_side": 9.669289588928223,
          "hz": 10813.587699516042
        },
        {
          "acoustic_entropy": 9.1327486038208,
          "acoustic_entropy_side": 9.667062759399414,
          "hz": 11833.21735289826
        },
        {
          "acoustic_entropy": 9.622049331665039,
          "acoustic_entropy_side": 9.63673210144043,
          "hz": 12943.144197493959
        },
        {
          "acoustic_entropy": 9.568900108337402,
          "acoustic_entropy_side": 9.620099067687988,
          "hz": 14151.364845322005
        },
        {
          "acoustic_entropy": 9.123526573181152,
          "acoustic_entropy_side": 9.595307350158691,
          "hz": 15466.58407886509
        },
        {
          "acoustic_entropy": 9.615157127380371,
          "acoustic_entropy_side": 9.577849388122559,
          "hz": 16898.27756580493
        },
        {
          "acoustic_entropy": 9.654268264770508,
          "acoustic_entropy_side": 9.568134307861328,
          "hz": 18456.760127700032
        },
        {
          "acoustic_entropy": 9.61492919921875,
          "acoustic_entropy_side": 9.56328010559082,
          "hz": 20153.260054456492
        },
        {
          "acoustic_entropy": 9.572762489318848,
          "acoustic_entropy_side": 9.561100959777832,
          "hz": 22000.00000000001
        }
      ],
      "diff_acoustic_entropy": 9.755791664123535,
      "sn": 12
    },
    {
      "acoustic_entropy": 14.609130859375,
      "acoustic_entropy_mono": 11.431413650512695,
      "band_eliminated_acoustic_entropies": [
        {
          "acoustic_entropy": 14.570601463317871,
          "acoustic_entropy_side": 14.331842422485352,
          "hz": 129.47220167065723
        },
        {
          "acoustic_entropy": 13.847829818725586,
          "acoustic_entropy_side": 14.196781158447266,
          "hz": 202.92927478742237
        },
        {
          "acoustic_entropy": 15.246529579162598,
          "acoustic_entropy_side": 15.216079711914062,
          "hz": 282.89161906338205
        },
        {
          "acoustic_entropy": 15.3735933303833,
          "acoustic_entropy_side": 14.81482982635498,
          "hz": 369.9353335868758
        },
        {
          "acoustic_entropy": 13.962945938110352,
          "acoustic_entropy_side": 14.463858604431152,
          "hz": 464.6875360973435
        },
        {
          "acoustic_entropy": 14.559953689575195,
          "acoustic_entropy_side": 14.626663208007812,
          "hz": 567.8308811364784
        },
        {
          "acoustic_entropy": 14.181304931640625,
          "acoustic_entropy_side": 14.647990226745605,
          "hz": 680.1084783214808
        },
        {
          "acoustic_entropy": 15.467509269714355,
          "acoustic_entropy_side": 14.368507385253906,
          "hz": 802.3292461747484
        },
        {
          "acoustic_entropy": 14.401655197143555,
          "acoustic_entropy_side": 14.928577423095703,
          "hz": 935.3737400823702
        },
        {
          "acoustic_entropy": 14.906256675720215,
          "acoustic_entropy_side": 14.833503723144531,
          "hz": 1080.2004963696966
        },
        {
          "acoustic_entropy": 14.759611129760742,
          "acoustic_entropy_side": 14.671442985534668,
          "hz": 1237.8529382007157
        },
        {
          "acoustic_entropy": 14.587101936340332,
          "acoustic_entropy_side": 14.524465560913086,
          "hz": 1409.4668930556702
        },
        {
          "acoustic_entropy": 14.40314769744873,
          "acoustic_entropy_side": 14.749004364013672,
          "hz": 1596.2787759475705
        },
        {
          "acoustic_entropy": 14.616768836975098,
          "acoustic_entropy_side": 14.566493034362793,
          "hz": 1799.6344973346393
        },
        {
          "acoustic_entropy": 14.768434524536133,
          "acoustic_entropy_side": 14.59573745727539,
          "hz": 2020.9991599069049
        },
        {
          "acoustic_entropy": 14.37436294555664,
          "acoustic_entropy_side": 14.548519134521484,
          "hz": 2261.9676141086993
        },
        {
          "acoustic_entropy": 14.181608200073242,
          "acoustic_entropy_side": 14.524908065795898,
          "hz": 2524.2759484456974
        },
        {
          "acoustic_entropy": 14.542366981506348,
          "acoustic_entropy_side": 14.643376350402832,
          "hz": 2809.813997359896
        },
        {
          "acoustic_entropy": 14.081692695617676,
          "acoustic_entropy_side": 14.650299072265625,
          "hz": 3120.6389567871424
        },
        {
          "acoustic_entropy": 14.66943359375,
