{
  "acoustic_entropy": 140.7992706298828,
  "bands": [
    {
      "high_freq": 148.1999969482422,
      "loudness": -28.528289794921875,
      "loudness_range": 18.480880737304688,
      "mid_mean": -25.158632278442383,
      "mid_to_side_loudness": -17.34832763671875,
      "mid_to_side_loudness_range": 9.01218318939209,
      "side_mean": -42.536624908447266
    },
    {
      "high_freq": 392.3793640136719,
      "loudness": -29.881540298461914,
      "loudness_range": 12.314922332763672,
      "low_freq": 148.1999969482422,
      "mid_mean": -26.8656063079834,
      "mid_to_side_loudness": -8.592945098876953,
      "mid_to_side_loudness_range": 6.502871036529541,
      "side_mean": -35.45189666748047
    },
    {
      "high_freq": 794.6976318359375,
      "loudness": -32.483421325683594,
      "loudness_range": 17.044200897216797,
      "low_freq": 392.3793640136719,
      "mid_mean": -29.694091796875,
      "mid_to_side_loudness": -8.556854248046875,
      "mid_to_side_loudness_range": 9.439257621765137,
      "side_mean": -38.292823791503906
    },
    {
      "high_freq": 1457.5709228515625,
      "loudness": -33.28909683227539,
      "loudness_range": 18.521169662475586,
      "low_freq": 794.6976318359375,
      "mid_mean": -30.617782592773438,
      "mid_to_side_loudness": -8.112778663635254,
      "mid_to_side_loudness_range": 6.841706275939941,
      "side_mean": -38.86604309082031
    },
    {
      "high_freq": 2549.74365234375,
      "loudness": -39.21200180053711,
      "loudness_range": 20.641141891479492,
      "low_freq": 1457.5709228515625,
      "mid_mean": -36.661216735839844,
      "mid_to_side_loudness": -6.832575798034668,
      "mid_to_side_loudness_range": 7.012227535247803,
      "side_mean": -43.83298873901367
    },
    {
      "high_freq": 4349.24462890625,
      "loudness": -43.759368896484375,
      "loudness_range": 15.477508544921875,
      "low_freq": 2549.74365234375,
      "mid_mean": -41.829044342041016,
      "mid_to_side_loudness": -3.805449962615967,
      "mid_to_side_loudness_range": 8.16928768157959,
      "side_mean": -45.89126968383789
    },
    {
      "high_freq": 7314.1640625,
      "loudness": -45.66212844848633,
      "loudness_range": 11.024322509765625,
      "low_freq": 4349.24462890625,
      "mid_mean": -44.68060302734375,
      "mid_to_side_loudness": -1.1603498458862305,
      "mid_to_side_loudness_range": 4.282700061798096,
      "side_mean": -45.91564178466797
    },
    {
      "high_freq": 12199.2666015625,
      "loudness": -46.591949462890625,
      "loudness_range": 11.752185821533203,
      "low_freq": 7314.1640625,
      "mid_mean": -45.70429229736328,
      "mid_to_side_loudness": -1.028016448020935,
      "mid_to_side_loudness_range": 2.953289270401001,
      "side_mean": -46.66046142578125
    },
    {
      "loudness": -51.19762420654297,
      "loudness_range": 15.502277374267578,
      "low_freq": 12199.2666015625,
      "mid_mean": -52.096641540527344,
      "mid_to_side_loudness": -0.37170109152793884,
      "mid_to_side_loudness_range": 1.3819465637207031,
      "side_mean": -52.39243698120117
    }
  ],
  "bands_short": [
    {
      "high_freq": 148.1999969482422,
      "loudness": -36.24800491333008,
      "loudness_range": 33.79545593261719,
      "mid_mean": -33.33201599121094,
      "mid_to_side_loudness": -16.87002944946289,
      "mid_to_side_loudness_range": 20.97993278503418,
      "side_mean": -52.39916229248047
    },
    {
      "high_freq": 392.3793640136719,
      "loudness": -29.13662338256836,
      "loudness_range": 16.145797729492188,
      "low_freq": 148.1999969482422,
      "mid_mean": -26.345426559448242,
      "mid_to_side_loudness": -9.327956199645996,
      "mid_to_side_loudness_range": 10.688826560974121,
      "side_mean": -35.587379455566406
    },
    {
      "high_freq": 794.6976318359375,
      "loudness": -32.78277587890625,
      "loudness_range": 17.993452072143555,
      "low_freq": 392.3793640136719,
      "mid_mean": -30.084463119506836,
      "mid_to_side_loudness": -8.590672492980957,
      "mid_to_side_loudness_range": 9.579246520996094,
      "side_mean": -38.747886657714844
    },
    {
      "high_freq": 1457.5709228515625,
      "loudness": -33.6414909362793,
      "loudness_range": 20.502166748046875,
      "low_freq": 794.6976318359375,
      "mid_mean": -31.185884475708008,
      "mid_to_side_loudness": -8.064050674438477,
      "mid_to_side_loudness_range": 8.768187522888184,
      "side_mean": -39.471675872802734
    },
    {
      "high_freq": 2549.74365234375,
      "loudness": -39.8767204284668,
      "loudness_range": 21.997407913208008,
      "low_freq": 1457.5709228515625,
      "mid_mean": -37.369144439697266,
      "mid_to_side_loudness": -6.596966743469238,
      "mid_to_side_loudness_range": 9.063528060913086,
      "side_mean": -44.38458251953125
    },
    {
      "high_freq": 4349.24462890625,
      "loudness": -44.53238296508789,
      "loudness_range": 18.46026611328125,
      "low_freq": 2549.74365234375,
      "mid_mean": -42.85090637207031,
      "mid_to_side_loudness": -3.6078522205352783,
      "mid_to_side_loudness_range": 9.962508201599121,
      "side_mean": -46.73286437988281
    },
    {
      "high_freq": 7314.1640625,
      "loudness": -48.53901290893555,
      "loudness_range": 18.101741790771484,
      "low_freq": 4349.24462890625,
      "mid_mean": -48.04360580444336,
      "mid_to_side_loudness": -0.8262400031089783,
      "mid_to_side_loudness_range": 6.02401876449585,
      "side_mean": -50.47541427612305
    },
    {
      "high_freq": 12199.2666015625,
      "loudness": -50.600128173828125,
      "loudness_range": 21.726211547851562,
      "low_freq": 7314.1640625,
      "mid_mean": -51.77172088623047,
      "mid_to_side_loudness": -0.3520805537700653,
      "mid_to_side_loudness_range": 3.6724114418029785,
      "side_mean": -52.0126838684082
    },
    {
      "loudness": -56.85002136230469,
      "loudness_range": 26.378231048583984,
      "low_freq": 12199.2666015625,
      "mid_mean": -56.95493698120117,
      "mid_to_side_loudness": -0.5615223050117493,
      "mid_to_side_loudness_range": 2.644258975982666,
      "side_mean": -57.3138427734375
    }
  ],
  "bandwidth": 384.3287048339844,
  "channels": 2,
  "covariance": [
    [
      48.42497634887695,
      38.80002212524414,
      19.267290115356445,
      21.014577865600586,
      26.600175857543945,
      28.15447235107422,
      27.649009704589844,
      25.871667861938477,
      29.679824829101562,
      28.03675651550293,
      25.36104965209961,
      19.23747444152832,
      14.403512954711914,
      12.96815299987793,
      12.95458698272705,
      13.293736457824707,
      13.765361785888672,
      13.699636459350586
    ],
    [
      38.80002212524414,
      42.16534423828125,
      16.73496437072754,
      18.997970581054688,
      22.205833435058594,
      23.057781219482422,
      21.873992919921875,
      21.319602966308594,
      22.26522445678711,
      23.439977645874023,
      19.478416442871094,
      16.745569229125977,
      12.989803314208984,
      12.814037322998047,
      12.481328010559082,
      13.013565063476562,
      14.424750328063965,
      14.407038688659668
    ],
    [
      19.267290115356445,
      16.73496437072754,
      25.90595054626465,
      23.97289276123047,
      25.249849319458008,
      23.048810958862305,
      22.46046257019043,
      21.34006118774414,
      22.653593063354492,
      22.024028778076172,
      21.069276809692383,
      16.538057327270508,
      14.072184562683105,
      13.001662254333496,
      13.161905288696289,
      13.16210651397705,
      12.793338775634766,
      12.570514678955078
    ],
    [
      21.014577865600586,
      18.997970581054688,
      23.97289276123047,
      27.7833194732666,
      27.526226043701172,
      25.89373016357422,
      26.581836700439453,
      25.69828987121582,
      25.441104888916016,
      24.711769104003906,
      22.588768005371094,
      17.806673049926758,
      14.201268196105957,
      12.38855266571045,
      12.393451690673828,
      12.599647521972656,
      11.504898071289062,
      11.164782524108887
    ],
    [
      26.600175857543945,
      22.205833435058594,
      25.249849319458008,
      27.526226043701172,
      44.88053512573242,
      39.396484375,
      41.96796798706055,
      39.43595504760742,
      41.09649658203125,
      33.97002410888672,
      33.962615966796875,
      22.13377571105957,
      15.816173553466797,
      12.98859977722168,
      12.971051216125488,
      12.931185722351074,
      12.799158096313477,
      12.764910697937012
    ],
    [
      28.15447235107422,
      23.057781219482422,
      23.048810958862305,
      25.89373016357422,
      39.396484375,
      43.096073150634766,
      41.15602493286133,
      39.92734909057617,
      38.9245719909668,
      34.44220733642578,
      30.108613967895508,
      20.168272018432617,
      13.769021034240723,
      11.283366203308105,
      11.048529624938965,
      11.603093147277832,
      10.989008903503418,
      10.847840309143066
    ],
    [
      27.649009704589844,
      21.873992919921875,
      22.46046257019043,
      26.581836700439453,
      41.96796798706055,
      41.15602493286133,
      53.55360794067383,
      46.71629333496094,
      48.02847671508789,
      39.58316421508789,
      35.88863754272461,
      21.823001861572266,
      14.877593994140625,
      11.373469352722168,
      11.336153030395508,
      11.662016868591309,
      11.287732124328613,
      11.410862922668457
    ],
    [
      25.871667861938477,
      21.319602966308594,
      21.34006118774414,
      25.69828987121582,
      39.43595504760742,
      39.92734909057617,
      46.71629333496094,
      48.705596923828125,
      42.32127380371094,
      36.92112350463867,
      32.827693939208984,
      20.953462600708008,
      14.14402961730957,
      10.830398559570312,
      10.854310035705566,
      11.366310119628906,
      10.947473526000977,
      11.011207580566406
    ],
    [
      29.679824829101562,
      22.26522445678711,
      22.653593063354492,
      25.441104888916016,
      41.09649658203125,
      38.9245719909668,
      48.02847671508789,
      42.32127380371094,
      57.14897155761719,
      44.17300796508789,
      42.38915252685547,
      25.79145050048828,
      18.29970932006836,
      13.543715476989746,
      13.289381980895996,
      13.062493324279785,
      12.125808715820312,
      12.062858581542969
    ],
    [
      28.03675651550293,
      23.439977645874023,
      22.024028778076172,
      24.711769104003906,
      33.97002410888672,
      34.44220733642578,
      39.58316421508789,
      36.92112350463867,
      44.17300796508789,
      42.17766571044922,
      36.86140441894531,
      26.316503524780273,
      19.07006072998047,
      15.835359573364258,
      15.39657974243164,
      15.601018905639648,
      14.078465461730957,
      13.97622299194336
    ],
    [
      25.36104965209961,
      19.478416442871094,
      21.069276809692383,
      22.588768005371094,
      33.962615966796875,
      30.108613967895508,
      35.88863754272461,
      32.827693939208984,
      42.38915252685547,
      36.86140441894531,
      40.39090347290039,
      26.835662841796875,
      20.844703674316406,
      16.37393569946289,
      15.784649848937988,
      15.571097373962402,
      14.292404174804688,
      14.221780776977539
    ],
    [
      19.23747444152832,
      16.745569229125977,
      16.538057327270508,
      17.806673049926758,
      22.13377571105957,
      20.168272018432617,
      21.823001861572266,
      20.953462600708008,
      25.79145050048828,
      26.316503524780273,
      26.835662841796875,
      25.73165512084961,
      21.271074295043945,
      19.704164505004883,
      19.107254028320312,
      19.18164825439453,
      17.81605339050293,
      17.77948570251465
    ],
    [
      14.403512954711914,
      12.989803314208984,
      14.072184562683105,
      14.201268196105957,
      15.816173553466797,
      13.769021034240723,
      14.877593994140625,
      14.14402961730957,
      18.29970932006836,
      19.07006072998047,
      20.844703674316406,
      21.271074295043945,
      24.91776466369629,
      21.916168212890625,
      22.952407836914062,
      22.45712661743164,
      23.234798431396484,
      23.29793930053711
    ],
    [
      12.96815299987793,
      12.814037322998047,
      13.001662254333496,
      12.38855266571045,
      12.98859977722168,
      11.283366203308105,
      11.373469352722168,
      10.830398559570312,
      13.543715476989746,
      15.835359573364258,
      16.37393569946289,
      19.704164505004883,
      21.916168212890625,
      23.139638900756836,
      23.925498962402344,
      23.509864807128906,
      24.585275650024414,
      24.894250869750977
    ],
    [
      12.95458698272705,
      12.481328010559082,
      13.161905288696289,
      12.393451690673828,
      12.971051216125488,
      11.048529624938965,
      11.336153030395508,
      10.854310035705566,
      13.289381980895996,
      15.39657974243164,
      15.784649848937988,
      19.107254028320312,
      22.952407836914062,
      23.925498962402344,
      26.368370056152344,
      25.45456314086914,
      27.661439895629883,
      28.008502960205078
    ],
    [
      13.293736457824707,
      13.013565063476562,
      13.16210651397705,
      12.599647521972656,
      12.931185722351074,
      11.603093147277832,
      11.662016868591309,
      11.366310119628906,
      13.062493324279785,
      15.601018905639648,
      15.571097373962402,
      19.18164825439453,
      22.45712661743164,
      23.509864807128906,
      25.45456314086914,
      25.51619529724121,
      27.0681209564209,
      27.587305068969727
    ],
    [
      13.765361785888672,
      14.424750328063965,
      12.793338775634766,
      11.504898071289062,
      12.799158096313477,
      10.989008903503418,
      11.287732124328613,
      10.947473526000977,
      12.125808715820312,
      14.078465461730957,
      14.292404174804688,
      17.81605339050293,
      23.234798431396484,
      24.585275650024414,
      27.661439895629883,
      27.0681209564209,
      58.199214935302734,
      58.291133880615234
    ],
    [
      13.699636459350586,
      14.407038688659668,
      12.570514678955078,
      11.164782524108887,
      12.764910697937012,
      10.847840309143066,
      11.410862922668457,
      11.011207580566406,
      12.062858581542969,
      13.97622299194336,
      14.221780776977539,
      17.77948570251465,
      23.29793930053711,
      24.894250869750977,
      28.008502960205078,
      27.587305068969727,
      58.291133880615234,
      58.702369689941406
    ]
  ],
  "covariance_short": [
    [
      145.06307983398438,
      91.30933380126953,
      40.51487350463867,
      30.992414474487305,
      33.23257064819336,
      38.68001174926758,
      35.540382385253906,
      31.53575897216797,
      37.865447998046875,
      33.926692962646484,
      32.68901062011719,
      23.4663143157959,
      23.90342140197754,
      20.60271644592285,
      23.82925796508789,
      20.959949493408203,
      22.200613021850586,
      20.650554656982422
    ],
    [
      91.30933380126953,
      116.05648040771484,
      34.071189880371094,
      31.45480728149414,
      32.69765853881836,
      36.71659851074219,
      33.60171890258789,
      30.544477462768555,
      34.943241119384766,
      33.66073226928711,
      31.354036331176758,
      26.38208770751953,
      27.089139938354492,
      51.16023635864258,
      49.86223220825195,
      47.8110237121582,
      39.03520584106445,
      37.5331916809082
    ],
    [
      40.51487350463867,
      34.071189880371094,
      43.97320556640625,
      31.632781982421875,
      31.752824783325195,
      29.346019744873047,
      29.479717254638672,
      26.97625732421875,
      26.81317901611328,
      23.015962600708008,
      25.305912017822266,
      20.317176818847656,
      22.2835750579834,
      19.94478416442871,
      21.990680694580078,
      20.498882293701172,
      21.327247619628906,
      20.499773025512695
    ],
    [
      30.992414474487305,
      31.45480728149414,
      31.632781982421875,
      36.77254104614258,
      31.55198860168457,
      30.931245803833008,
      31.3275089263916,
      29.86870574951172,
      26.82059097290039,
      24.132335662841797,
      23.457578659057617,
      19.231361389160156,
      19.181812286376953,
      16.699806213378906,
      17.710311889648438,
      16.931623458862305,
      16.037551879882812,
      15.520657539367676
    ],
    [
      33.23257064819336,
      32.69765853881836,
      31.752824783325195,
      31.55198860168457,
      52.88587951660156,
      44.26483154296875,
      49.39513397216797,
      44.43678665161133,
      45.949302673339844,
      36.70730209350586,
      39.064292907714844,
      25.98402976989746,
      22.23662757873535,
      18.028757095336914,
      18.83953094482422,
      17.416900634765625,
      16.749290466308594,
      16.22530746459961
    ],
    [
      38.68001174926758,
      36.71659851074219,
      29.346019744873047,
      30.931245803833008,
      44.26483154296875,
      50.53666687011719,
      48.057315826416016,
      43.70122146606445,
      44.115821838378906,
      36.68183517456055,
      34.87911605834961,
      23.832408905029297,
      19.27074432373047,
      15.643235206604004,
      16.127172470092773,
      15.117962837219238,
      13.710555076599121,
      13.238670349121094
    ],
    [
      35.540382385253906,
      33.60171890258789,
      29.479717254638672,
      31.3275089263916,
      49.39513397216797,
      48.057315826416016,
      65.20510864257812,
      53.707069396972656,
      56.71974563598633,
      44.33169937133789,
      43.185455322265625,
      26.276817321777344,
      20.877546310424805,
      15.937936782836914,
      16.640853881835938,
      15.383118629455566,
      14.716339111328125,
      14.455697059631348
    ],
    [
      31.53575897216797,
      30.544477462768555,
      26.97625732421875,
      29.86870574951172,
      44.43678665161133,
      43.70122146606445,
      53.707069396972656,
      55.302330017089844,
      48.18077087402344,
      39.9324836730957,
      37.82511520385742,
      24.22868537902832,
      19.36349105834961,
      14.907588958740234,
      15.549214363098145,
      14.677800178527832,
      13.739282608032227,
      13.583494186401367
    ],
    [
      37.865447998046875,
      34.943241119384766,
      26.81317901611328,
      26.82059097290039,
      45.949302673339844,
      44.115821838378906,
      56.71974563598633,
      48.18077087402344,
      65.6036148071289,
      48.19900131225586,
      50.588836669921875,
      30.513795852661133,
      26.610986709594727,
      19.440752029418945,
      19.824621200561523,
      17.527280807495117,
      16.375425338745117,
      15.271180152893066
    ],
    [
      33.926692962646484,
      33.66073226928711,
      23.015962600708008,
      24.132335662841797,
      36.70730209350586,
      36.68183517456055,
      44.33169937133789,
      39.9324836730957,
      48.19900131225586,
      46.58650207519531,
      43.931758880615234,
      30.96422004699707,
      27.74620246887207,
      22.42690658569336,
      22.708417892456055,
      21.209524154663086,
      18.783729553222656,
      18.30985450744629
    ],
    [
      32.68901062011719,
      31.354036331176758,
      25.305912017822266,
      23.457578659057617,
      39.064292907714844,
      34.87911605834961,
      43.185455322265625,
      37.82511520385742,
      50.588836669921875,
      43.931758880615234,
      54.80303192138672,
      36.85755920410156,
      36.116050720214844,
      28.86761474609375,
      29.93083953857422,
      27.37049674987793,
      25.839427947998047,
      24.87742805480957
    ],
    [
      23.4663143157959,
      26.38208770751953,
      20.317176818847656,
      19.231361389160156,
      25.98402976989746,
      23.832408905029297,
      26.276817321777344,
      24.22868537902832,
      30.513795852661133,
      30.96422004699707,
      36.85755920410156,
      35.201560974121094,
      35.57057189941406,
      31.854902267456055,
      33.02742385864258,
      31.596847534179688,
      29.450489044189453,
      29.367427825927734
    ],
    [
      23.90342140197754,
      27.089139938354492,
      22.2835750579834,
      19.181812286376953,
      22.23662757873535,
      19.27074432373047,
      20.877546310424805,
      19.36349105834961,
      26.610986709594727,
      27.74620246887207,
      36.116050720214844,
      35.57057189941406,
      53.046173095703125,
      47.469261169433594,
      53.10969543457031,
      49.864803314208984,
      50.598968505859375,
      49.75587844848633
    ],
    [
      20.60271644592285,
      51.16023635864258,
      19.94478416442871,
      16.699806213378906,
      18.028757095336914,
      15.643235206604004,
      15.937936782836914,
      14.907588958740234,
      19.440752029418945,
      22.42690658569336,
      28.86761474609375,
      31.854902267456055,
      47.469261169433594,
      75.5533447265625,
      77.93506622314453,
      75.79331970214844,
      68.30533599853516,
      68.13571166992188
    ],
    [
      23.82925796508789,
      49.86223220825195,
      21.990680694580078,
      17.710311889648438,
      18.83953094482422,
      16.127172470092773,
      16.640853881835938,
      15.549214363098145,
      19.824621200561523,
      22.708417892456055,
      29.93083953857422,
      33.02742385864258,
      53.10969543457031,
      77.93506622314453,
      85.13739013671875,
      81.92298889160156,
      77.9184799194336,
      77.38790893554688
    ],
    [
      20.959949493408203,
      47.8110237121582,
      20.498882293701172,
      16.931623458862305,
      17.416900634765625,
      15.117962837219238,
      15.383118629455566,
      14.677800178527832,
      17.527280807495117,
      21.209524154663086,
      27.37049674987793,
      31.596847534179688,
      49.864803314208984,
      75.79331970214844,
      81.92298889160156,
      80.51467895507812,
      75.30302429199219,
      75.80181121826172
    ],
    [
      22.200613021850586,
      39.03520584106445,
      21.327247619628906,
      16.037551879882812,
      16.749290466308594,
      13.710555076599121,
      14.716339111328125,
      13.739282608032227,
      16.375425338745117,
      18.783729553222656,
      25.839427947998047,
      29.450489044189453,
      50.598968505859375,
      68.30533599853516,
      77.9184799194336,
      75.30302429199219,
      78.64037322998047,
      78.00574493408203
    ],
    [
      20.650554656982422,
      37.5331916809082,
      20.499773025512695,
      15.520657539367676,
      16.22530746459961,
      13.238670349121094,
      14.455697059631348,
      13.583494186401367,
      15.271180152893066,
      18.30985450744629,
      24.87742805480957,
      29.367427825927734,
      49.75587844848633,
      68.13571166992188,
      77.38790893554688,
      75.80181121826172,
      78.00574493408203,
      79.57951354980469
    ]
  ],
  "damage": -11.61628532409668,
  "diff_bandwidth": 354.5880126953125,
  "dissonance": 5.621617382617414,
  "drr": 2.381913185119629,
  "dynamics": 4.214621067047119,
  "format": 1245190,
  "frames": 3328000,
  "loudness": -19.338237762451172,
  "loudness_range": 12.24881649017334,
  "loudness_range_short": 16.503326416015625,
  "lowpass_true_peak_15khz": -1.9165172576904297,
  "mastering3_acoustic_entropies": [
    {
      "acoustic_entropy": 6.793576240539551,
      "acoustic_entropy_mono": 6.807873249053955,
      "band_eliminated_acoustic_entropies": [
        {
          "acoustic_entropy": 7.285574913024902,
          "acoustic_entropy_side": 6.794162750244141,
          "hz": 129.47220167065723
        },
        {
          "acoustic_entropy": 7.24569034576416,
          "acoustic_entropy_side": 6.806522369384766,
          "hz": 202.92927478742237
        },
        {
          "acoustic_entropy": 6.832734107971191,
          "acoustic_entropy_side": 6.876944541931152,
          "hz": 282.89161906338205
        },
        {
          "acoustic_entropy": 7.481303691864014,
          "acoustic_entropy_side": 6.954949855804443,
          "hz": 369.9353335868758
        },
        {
          "acoustic_entropy": 6.5710530281066895,
          "acoustic_entropy_side": 6.670498371124268,
          "hz": 464.6875360973435
        },
        {
          "acoustic_entropy": 7.551911354064941,
          "acoustic_entropy_side": 6.6045989990234375,
          "hz": 567.8308811364784
        },
        {
          "acoustic_entropy": 6.904285907745361,
          "acoustic_entropy_side": 7.02527379989624,
          "hz": 680.1084783214808
        },
        {
          "acoustic_entropy": 7.075915813446045,
          "acoustic_entropy_side": 6.953587532043457,
          "hz": 802.3292461747484
        },
        {
          "acoustic_entropy": 7.125507831573486,
          "acoustic_entropy_side": 7.120672702789307,
          "hz": 935.3737400823702
        },
        {
          "acoustic_entropy": 6.833713054656982,
          "acoustic_entropy_side": 7.088006496429443,
          "hz": 1080.2004963696966
        },
        {
          "acoustic_entropy": 6.1185832023620605,
          "acoustic_entropy_side": 6.625783920288086,
          "hz": 1237.8529382007157
        },
        {
          "acoustic_entropy": 6.687215805053711,
          "acoustic_entropy_side": 7.147408962249756,
          "hz": 1409.4668930556702
        },
        {
          "acoustic_entropy": 7.107227325439453,
          "acoustic_entropy_side": 6.828729629516602,
          "hz": 1596.2787759475705
        },
        {
          "acoustic_entropy": 6.766068935394287,
          "acoustic_entropy_side": 6.750341415405273,
          "hz": 1799.6344973346393
        },
        {
          "acoustic_entropy": 6.423562526702881,
          "acoustic_entropy_side": 6.777632236480713,
          "hz": 2020.9991599069049
        },
        {
          "acoustic_entropy": 6.843637943267822,
          "acoustic_entropy_side": 6.79676628112793,
          "hz": 2261.9676141086993
        },
        {
          "acoustic_entropy": 6.587914943695068,
          "acoustic_entropy_side": 6.747414588928223,
          "hz": 2524.2759484456974
        },
        {
          "acoustic_entropy": 6.636476993560791,
          "acoustic_entropy_side": 6.7621660232543945,
          "hz": 2809.813997359896
        },
        {
          "acoustic_entropy": 6.627597808837891,
          "acoustic_entropy_side": 6.783031940460205,
          "hz": 3120.6389567871424
        },
        {
          "acoustic_entropy": 6.605464458465576,
          "acoustic_entropy_side": 6.783507347106934,
          "hz": 3458.990205492291
        },
        {
          "acoustic_entropy": 6.632101058959961,
          "acoustic_entropy_side": 6.786731719970703,
          "hz": 3827.305438964164
        },
        {
          "acoustic_entropy": 6.706325054168701,
          "acoustic_entropy_side": 6.785632133483887,
          "hz": 4228.238232109126
        },
        {
          "acoustic_entropy": 6.742247581481934,
          "acoustic_entropy_side": 6.799217224121094,
          "hz": 4664.6771572759235
        },
        {
          "acoustic_entropy": 6.841372013092041,
          "acoustic_entropy_side": 6.829770088195801,
          "hz": 5139.766595350093
        },
        {
          "acoustic_entropy": 6.838613986968994,
          "acoustic_entropy_side": 6.816469192504883,
          "hz": 5656.929389854203
        },
        {
          "acoustic_entropy": 6.8748860359191895,
          "acoustic_entropy_side": 6.832993984222412,
          "hz": 6219.891507268283
        },
        {
          "acoustic_entropy": 6.912661552429199,
          "acoustic_entropy_side": 6.8433003425598145,
          "hz": 6832.70888123896
        },
        {
          "acoustic_entropy": 6.887969970703125,
          "acoustic_entropy_side": 6.839968681335449,
          "hz": 7499.796634079867
        },
        {
          "acoustic_entropy": 6.910849094390869,
          "acoustic_entropy_side": 6.858378887176514,
          "hz": 8225.96088609342
        },
        {
          "acoustic_entropy": 6.9076151847839355,
          "acoustic_entropy_side": 6.848077774047852,
          "hz": 9016.43338188839
        },
        {
          "acoustic_entropy": 6.935009002685547,
          "acoustic_entropy_side": 6.861996650695801,
          "hz": 9876.909183162974
        },
        {
          "acoustic_entropy": 6.91152811050415,
          "acoustic_entropy_side": 6.854936122894287,
          "hz": 10813.587699516042
        },
        {
          "acoustic_entropy": 6.904542446136475,
          "acoustic_entropy_side": 6.852685928344727,
          "hz": 11833.21735289826
        },
        {
          "acoustic_entropy": 6.902340888977051,
          "acoustic_entropy_side": 6.851194858551025,
          "hz": 12943.144197493959
        },
        {
          "acoustic_entropy": 6.911235332489014,
          "acoustic_entropy_side": 6.858623027801514,
          "hz": 14151.364845322005
        },
        {
          "acoustic_entropy": 6.906425952911377,
          "acoustic_entropy_side": 6.856774806976318,
          "hz": 15466.58407886509
        },
        {
          "acoustic_entropy": 6.876258850097656,
          "acoustic_entropy_side": 6.838501453399658,
          "hz": 16898.27756580493
        },
        {
          "acoustic_entropy": 6.832556247711182,
          "acoustic_entropy_side": 6.812905788421631,
          "hz": 18456.760127700032
        },
        {
          "acoustic_entropy": 6.810708522796631,
          "acoustic_entropy_side": 6.8014140129089355,
          "hz": 20153.260054456492
        },
        {
          "acoustic_entropy": 6.79566764831543,
          "acoustic_entropy_side": 6.794548511505127,
          "hz": 22000.00000000001
        }
      ],
      "diff_acoustic_entropy": 6.085980415344238,
      "sn": 6
    },
    {
      "acoustic_entropy": 10.621407508850098,
      "acoustic_entropy_mono": 10.449666023254395,
      "band_eliminated_acoustic_entropies": [
        {
          "acoustic_entropy": 10.090259552001953,
          "acoustic_entropy_side": 10.622607231140137,
          "hz": 129.47220167065723
        },
        {
          "acoustic_entropy": 10.946025848388672,
          "acoustic_entropy_side": 10.631735801696777,
          "hz": 202.92927478742237
        },
        {
          "acoustic_entropy": 10.583141326904297,
          "acoustic_entropy_side": 10.730915069580078,
          "hz": 282.89161906338205
        },
        {
          "acoustic_entropy": 10.81037425994873,
          "acoustic_entropy_side": 10.618219375610352,
          "hz": 369.9353335868758
        },
        {
          "acoustic_entropy": 10.5181303024292,
          "acoustic_entropy_side": 10.542325019836426,
          "hz": 464.6875360973435
        },
        {
          "acoustic_entropy": 10.351119995117188,
          "acoustic_entropy_side": 10.585585594177246,
          "hz": 567.8308811364784
        },
        {
          "acoustic_entropy": 11.152676582336426,
          "acoustic_entropy_side": 10.548490524291992,
          "hz": 680.1084783214808
        },
        {
          "acoustic_entropy": 11.05772590637207,
          "acoustic_entropy_side": 10.407602310180664,
          "hz": 802.3292461747484
        },
        {
          "acoustic_entropy": 10.61868667602539,
          "acoustic_entropy_side": 10.765164375305176,
          "hz": 935.3737400823702
        },
        {
          "acoustic_entropy": 10.32205867767334,
          "acoustic_entropy_side": 10.875760078430176,
          "hz": 1080.2004963696966
        },
        {
          "acoustic_entropy": 10.540789604187012,
          "acoustic_entropy_side": 10.513837814331055,
          "hz": 1237.8529382007157
        },
        {
          "acoustic_entropy": 9.833109855651855,
          "acoustic_entropy_side": 10.726990699768066,
          "hz": 1409.4668930556702
        },
        {
          "acoustic_entropy": 11.15052604675293,
          "acoustic_entropy_side": 11.341436386108398,
          "hz": 1596.2787759475705
        },
        {
          "acoustic_entropy": 10.947652816772461,
          "acoustic_entropy_side": 10.762832641601562,
          "hz": 1799.6344973346393
        },
        {
          "acoustic_entropy": 10.634743690490723,
          "acoustic_entropy_side": 10.55187702178955,
          "hz": 2020.9991599069049
        },
        {
          "acoustic_entropy": 10.601068496704102,
          "acoustic_entropy_side": 10.667481422424316,
          "hz": 2261.9676141086993
        },
        {
          "acoustic_entropy": 10.670894622802734,
          "acoustic_entropy_side": 10.622255325317383,
          "hz": 2524.2759484456974
        },
        {
          "acoustic_entropy": 10.773603439331055,
          "acoustic_entropy_side": 10.633587837219238,
          "hz": 2809.813997359896
        },
        {
          "acoustic_entropy": 10.782702445983887,
          "acoustic_entropy_side": 10.649187088012695,
          "hz": 3120.6389567871424
        },
        {
          "acoustic_entropy": 10.799530982971191,
          "acoustic_entropy_side": 10.634462356567383,
          "hz": 3458.990205492291
        },
        {
          "acoustic_entropy": 10.675811767578125,
          "acoustic_entropy_side": 10.613722801208496,
          "hz": 3827.305438964164
        },
        {
          "acoustic_entropy": 10.827653884887695,
          "acoustic_entropy_side": 10.64807415008545,
          "hz": 4228.238232109126
        },
        {
          "acoustic_entropy": 10.773740768432617,
          "acoustic_entropy_side": 10.634498596191406,
          "hz": 4664.6771572759235
        },
        {
          "acoustic_entropy": 10.564961433410645,
          "acoustic_entropy_side": 10.606060981750488,
          "hz": 5139.766595350093
        },
        {
          "acoustic_entropy": 10.565779685974121,
          "acoustic_entropy_side": 10.602058410644531,
          "hz": 5656.929389854203
        },
        {
          "acoustic_entropy": 10.561607360839844,
          "acoustic_entropy_side": 10.596854209899902,
          "hz": 6219.891507268283
        },
        {
          "acoustic_entropy": 10.54807186126709,
          "acoustic_entropy_side": 10.59714126586914,
          "hz": 6832.70888123896
        },
        {
          "acoustic_entropy": 10.557878494262695,
          "acoustic_entropy_side": 10.590289115905762,
          "hz": 7499.796634079867
        },
        {
          "acoustic_entropy": 10.546159744262695,
          "acoustic_entropy_side": 10.589012145996094,
          "hz": 8225.96088609342
        },
        {
          "acoustic_entropy": 10.541245460510254,
          "acoustic_entropy_side": 10.597125053405762,
          "hz": 9016.43338188839
        },
        {
          "acoustic_entropy": 10.553967475891113,
          "acoustic_entropy_side": 10.596826553344727,
          "hz": 9876.909183162974
        },
        {
          "acoustic_entropy": 10.548368453979492,
          "acoustic_entropy_side": 10.597368240356445,
          "hz": 10813.587699516042
        },
        {
          "acoustic_entropy": 10.539093971252441,
          "acoustic_entropy_side": 10.58959674835205,
          "hz": 11833.21735289826
        },
        {
          "acoustic_entropy": 10.535483360290527,
          "acoustic_entropy_side": 10.591385841369629,
          "hz": 12943.144197493959
        },
        {
          "acoustic_entropy": 10.54172134399414,
          "acoustic_entropy_side": 10.587593078613281,
          "hz": 14151.364845322005
        },
        {
          "acoustic_entropy": 10.544271469116211,
          "acoustic_entropy_side": 10.578254699707031,
          "hz": 15466.58407886509
        },
        {
          "acoustic_entropy": 10.55880355834961,
          "acoustic_entropy_side": 10.58176040649414,
          "hz": 16898.27756580493
        },
        {
          "acoustic_entropy": 10.595502853393555,
          "acoustic_entropy_side": 10.612794876098633,
          "hz": 18456.760127700032
        },
        {
          "acoustic_entropy": 10.61563777923584,
          "acoustic_entropy_side": 10.620171546936035,
          "hz": 20153.260054456492
        },
        {
          "acoustic_entropy": 10.622356414794922,
          "acoustic_entropy_side": 10.6221284866333,
          "hz": 22000.00000000001
        }
      ],
      "diff_acoustic_entropy": 8.340433120727539,
      "sn": 12
    },
    {
      "acoustic_entropy": 16.270671844482422,
      "acoustic_entropy_mono": 14.218978881835938,
      "band_eliminated_acoustic_entropies": [
        {
          "acoustic_entropy": 15.369858741760254,
          "acoustic_entropy_side": 16.23167610168457,
          "hz": 129.47220167065723
        },
        {
          "acoustic_entropy": 16.969444274902344,
          "acoustic_entropy_side": 16.058029174804688,
          "hz": 202.92927478742237
        },
        {
          "acoustic_entropy": 16.65073013305664,
          "acoustic_entropy_side": 16.567094802856445,
          "hz": 282.89161906338205
        },
        {
          "acoustic_entropy": 15.881143569946289,
          "acoustic_entropy_side": 15.883543014526367,
          "hz": 369.9353335868758
        },
        {
          "acoustic_entropy": 16.26033592224121,
          "acoustic_entropy_side": 16.881561279296875,
          "hz": 464.6875360973435
        },
        {
          "acoustic_entropy": 15.398160934448242,
          "acoustic_entropy_side": 15.891468048095703,
          "hz": 567.8308811364784
        },
        {
          "acoustic_entropy": 16.25529670715332,
          "acoustic_entropy_side": 16.063629150390625,
          "hz": 680.1084783214808
        },
        {
          "acoustic_entropy": 14.703095436096191,
          "acoustic_entropy_side": 15.14339828491211,
          "hz": 802.3292461747484
        },
        {
          "acoustic_entropy": 16.665668487548828,
          "acoustic_entropy_side": 16.792932510375977,
          "hz": 935.3737400823702
        },
        {
          "acoustic_entropy": 15.364686965942383,
          "acoustic_entropy_side": 15.626392364501953,
          "hz": 1080.2004963696966
        },
        {
          "acoustic_entropy": 16.33774185180664,
          "acoustic_entropy_side": 16.464542388916016,
          "hz": 1237.8529382007157
        },
        {
          "acoustic_entropy": 15.84203815460205,
          "acoustic_entropy_side": 15.997869491577148,
          "hz": 1409.4668930556702
        },
        {
          "acoustic_entropy": 15.851311683654785,
          "acoustic_entropy_side": 16.114242553710938,
          "hz": 1596.2787759475705
        },
        {
          "acoustic_entropy": 16.51268768310547,
          "acoustic_entropy_side": 16.729047775268555,
          "hz": 1799.6344973346393
        },
        {
          "acoustic_entropy": 15.772781372070312,
          "acoustic_entropy_side": 16.184581756591797,
          "hz": 2020.9991599069049
        },
        {
          "acoustic_entropy": 16.141815185546875,
          "acoustic_entropy_side": 16.305763244628906,
          "hz": 2261.9676141086993
        },
        {
          "acoustic_entropy": 16.308626174926758,
          "acoustic_entropy_side": 16.20417594909668,
          "hz": 2524.2759484456974
        },
        {
          "acoustic_entropy": 16.18706703186035,
          "acoustic_entropy_side": 16.253223419189453,
          "hz": 2809.813997359896
        },
        {
