{
  "acoustic_entropy": 144.31292724609375,
  "bands": [
    {
      "high_freq": 148.1999969482422,
      "loudness": -52.935508728027344,
      "loudness_range": 26.17177963256836,
      "mid_mean": -49.731964111328125,
      "mid_to_side_loudness": -10.083368301391602,
      "mid_to_side_loudness_range": 9.348447799682617,
      "side_mean": -58.839073181152344
    },
    {
      "high_freq": 392.3793640136719,
      "loudness": -34.65818405151367,
      "loudness_range": 18.513803482055664,
      "low_freq": 148.1999969482422,
      "mid_mean": -32.368988037109375,
      "mid_to_side_loudness": -5.186535358428955,
      "mid_to_side_loudness_range": 12.47197151184082,
      "side_mean": -37.94458770751953
    },
    {
      "high_freq": 794.6976318359375,
      "loudness": -32.24787139892578,
      "loudness_range": 19.555978775024414,
      "low_freq": 392.3793640136719,
      "mid_mean": -30.57174301147461,
      "mid_to_side_loudness": -3.0336763858795166,
      "mid_to_side_loudness_range": 9.968548774719238,
      "side_mean": -33.63436508178711
    },
    {
      "high_freq": 1457.5709228515625,
      "loudness": -40.703460693359375,
      "loudness_range": 19.945215225219727,
      "low_freq": 794.6976318359375,
      "mid_mean": -39.91366195678711,
      "mid_to_side_loudness": -1.1137498617172241,
      "mid_to_side_loudness_range": 9.7509765625,
      "side_mean": -40.970733642578125
    },
    {
      "high_freq": 2549.74365234375,
      "loudness": -46.28608322143555,
      "loudness_range": 22.09683609008789,
      "low_freq": 1457.5709228515625,
      "mid_mean": -45.84416198730469,
      "mid_to_side_loudness": -0.732661247253418,
      "mid_to_side_loudness_range": 6.563241004943848,
      "side_mean": -47.13844680786133
    },
    {
      "high_freq": 4349.24462890625,
      "loudness": -54.68837356567383,
      "loudness_range": 25.09566879272461,
      "low_freq": 2549.74365234375,
      "mid_mean": -56.328617095947266,
      "mid_to_side_loudness": -0.3864060640335083,
      "mid_to_side_loudness_range": 7.971063137054443,
      "side_mean": -56.5684928894043
    },
    {
      "high_freq": 7314.1640625,
      "loudness": -69.9488754272461,
      "loudness_range": 23.61187744140625,
      "low_freq": 4349.24462890625,
      "mid_mean": -67.06647491455078,
      "mid_to_side_loudness": -0.6966440081596375,
      "mid_to_side_loudness_range": 5.0291595458984375,
      "side_mean": -67.43299865722656
    },
    {
      "high_freq": 12199.2666015625,
      "loudness": -77.50555419921875,
      "loudness_range": 11.860260009765625,
      "low_freq": 7314.1640625,
      "mid_mean": -69.77516174316406,
      "mid_to_side_loudness": 1.20191490650177,
      "mid_to_side_loudness_range": 4.657005310058594,
      "side_mean": -69.81526184082031
    },
    {
      "loudness": 0,
      "loudness_range": 0,
      "low_freq": 12199.2666015625,
      "mid_mean": -69.99658966064453,
      "mid_to_side_loudness": 8.01125431060791,
      "mid_to_side_loudness_range": 10.855230331420898,
      "side_mean": -69.98980712890625
    }
  ],
  "bands_short": [
    {
      "high_freq": 148.1999969482422,
      "loudness": -56.921485900878906,
      "loudness_range": 26.02884292602539,
      "mid_mean": -53.699180603027344,
      "mid_to_side_loudness": -11.005292892456055,
      "mid_to_side_loudness_range": 15.029333114624023,
      "side_mean": -62.7120246887207
    },
    {
      "high_freq": 392.3793640136719,
      "loudness": -35.436187744140625,
      "loudness_range": 19.57675552368164,
      "low_freq": 148.1999969482422,
      "mid_mean": -33.44319152832031,
      "mid_to_side_loudness": -5.024709701538086,
      "mid_to_side_loudness_range": 15.323549270629883,
      "side_mean": -38.74476623535156
    },
    {
      "high_freq": 794.6976318359375,
      "loudness": -32.666259765625,
      "loudness_range": 20.54865264892578,
      "low_freq": 392.3793640136719,
      "mid_mean": -30.990638732910156,
      "mid_to_side_loudness": -3.4226975440979004,
      "mid_to_side_loudness_range": 12.449615478515625,
      "side_mean": -34.508968353271484
    },
    {
      "high_freq": 1457.5709228515625,
      "loudness": -40.31333541870117,
      "loudness_range": 21.128787994384766,
      "low_freq": 794.6976318359375,
      "mid_mean": -39.73843765258789,
      "mid_to_side_loudness": -0.736463725566864,
      "mid_to_side_loudness_range": 10.77658748626709,
      "side_mean": -40.38454055786133
    },
    {
      "high_freq": 2549.74365234375,
      "loudness": -47.04993438720703,
      "loudness_range": 23.05388641357422,
      "low_freq": 1457.5709228515625,
      "mid_mean": -47.04533767700195,
      "mid_to_side_loudness": -0.6105248928070068,
      "mid_to_side_loudness_range": 8.659383773803711,
      "side_mean": -48.236663818359375
    },
    {
      "high_freq": 4349.24462890625,
      "loudness": -55.331790924072266,
      "loudness_range": 26.83745574951172,
      "low_freq": 2549.74365234375,
      "mid_mean": -57.01394271850586,
      "mid_to_side_loudness": -0.4848707616329193,
      "mid_to_side_loudness_range": 9.678383827209473,
      "side_mean": -57.32030487060547
    },
    {
      "high_freq": 7314.1640625,
      "loudness": -69.70257568359375,
      "loudness_range": 24.8349609375,
      "low_freq": 4349.24462890625,
      "mid_mean": -67.14840698242188,
      "mid_to_side_loudness": -0.5754442811012268,
      "mid_to_side_loudness_range": 7.768525123596191,
      "side_mean": -67.47989654541016
    },
    {
      "high_freq": 12199.2666015625,
      "loudness": -78.84052276611328,
      "loudness_range": 16.4345703125,
      "low_freq": 7314.1640625,
      "mid_mean": -69.81709289550781,
      "mid_to_side_loudness": 1.46938157081604,
      "mid_to_side_loudness_range": 5.265811443328857,
      "side_mean": -69.84334564208984
    },
    {
      "loudness": 0,
      "loudness_range": 0,
      "low_freq": 12199.2666015625,
      "mid_mean": -69.99652099609375,
      "mid_to_side_loudness": 10.475483894348145,
      "mid_to_side_loudness_range": 22.613178253173828,
      "side_mean": -69.98969268798828
    }
  ],
  "bandwidth": 586.7120971679688,
  "channels": 2,
  "covariance": [
    [
      69.74555206298828,
      55.15183639526367,
      28.031145095825195,
      29.705581665039062,
      29.349641799926758,
      29.56138038635254,
      32.43458557128906,
      35.848087310791016,
      41.84981155395508,
      46.939208984375,
      52.175113677978516,
      52.29875183105469,
      21.683273315429688,
      19.3021183013916,
      2.5936033725738525,
      2.116004705429077,
      0.029855063185095787,
      0.030274495482444763
    ],
    [
      55.15183639526367,
      52.253108978271484,
      23.673643112182617,
      24.659746170043945,
      24.535388946533203,
      24.490602493286133,
      25.216596603393555,
      28.739788055419922,
      33.55040740966797,
      37.20954132080078,
      43.07263946533203,
      43.29142761230469,
      18.061445236206055,
      16.183977127075195,
      2.1827237606048584,
      1.791990876197815,
      0.024754419922828674,
      0.025473348796367645
    ],
    [
      28.031145095825195,
      23.673643112182617,
      44.77418899536133,
      37.69491195678711,
      17.526573181152344,
      20.876100540161133,
      24.217092514038086,
      22.769962310791016,
      25.58327293395996,
      29.253812789916992,
      26.74616050720215,
      26.1965389251709,
      10.963866233825684,
      9.280364990234375,
      1.1720649003982544,
      0.931036651134491,
      0.015720045194029808,
      0.015259400941431522
    ],
    [
      29.705581665039062,
      24.659746170043945,
      37.69491195678711,
      48.11774826049805,
      21.314926147460938,
      23.687829971313477,
      27.936429977416992,
      26.35498046875,
      26.091840744018555,
      31.995441436767578,
      28.345508575439453,
      26.462961196899414,
      11.502513885498047,
      9.746055603027344,
      1.0292942523956299,
      0.7940172553062439,
      0.013917384669184685,
      0.013184884563088417
    ],
    [
      29.349641799926758,
      24.535388946533203,
      17.526573181152344,
      21.314926147460938,
      48.369415283203125,
      39.55524444580078,
      29.364431381225586,
      34.150367736816406,
      33.02052688598633,
      39.846923828125,
      44.435569763183594,
      46.66597366333008,
      15.270317077636719,
      13.40782356262207,
      1.2354209423065186,
      0.9522073268890381,
      0.011694851331412792,
      0.010009890422224998
    ],
    [
      29.56138038635254,
      24.490602493286133,
      20.876100540161133,
      23.687829971313477,
      39.55524444580078,
      46.103759765625,
      28.648258209228516,
      33.570037841796875,
      36.371768951416016,
      42.552589416503906,
      44.23400115966797,
      46.463600158691406,
      14.741086959838867,
      12.73241901397705,
      1.2550779581069946,
      0.9762932062149048,
      0.012555236928164959,
      0.011050526984035969
    ],
    [
      32.43458557128906,
      25.216596603393555,
      24.217092514038086,
      27.936429977416992,
      29.364431381225586,
      28.648258209228516,
      49.23152160644531,
      45.06230163574219,
      40.715736389160156,
      46.73610305786133,
      47.43986892700195,
      45.726234436035156,
      18.956497192382812,
      17.375043869018555,
      2.107184410095215,
      1.6828032732009888,
      0.022013042122125626,
      0.020885739475488663
    ],
    [
      35.848087310791016,
      28.739788055419922,
      22.769962310791016,
      26.35498046875,
      34.150367736816406,
      33.570037841796875,
      45.06230163574219,
      55.04421615600586,
      46.69987106323242,
      53.2623405456543,
      53.95819854736328,
      53.687015533447266,
      19.569751739501953,
      17.82118797302246,
      2.0506813526153564,
      1.64012610912323,
      0.021025391295552254,
      0.02005832828581333
    ],
    [
      41.84981155395508,
      33.55040740966797,
      25.58327293395996,
      26.091840744018555,
      33.02052688598633,
      36.371768951416016,
      40.715736389160156,
      46.69987106323242,
      71.09335327148438,
      67.50603485107422,
      63.78538131713867,
      65.10118103027344,
      26.1076717376709,
      23.414945602416992,
      2.8941524028778076,
      2.2768490314483643,
      0.029459120705723763,
      0.03026527911424637
    ],
    [
      46.939208984375,
      37.20954132080078,
      29.253812789916992,
      31.995441436767578,
      39.846923828125,
      42.552589416503906,
      46.73610305786133,
      53.2623405456543,
      67.50603485107422,
      76.32704162597656,
      68.65895080566406,
      68.89092254638672,
      26.988117218017578,
      24.211313247680664,
      2.9820640087127686,
      2.368403434753418,
      0.031163113191723824,
      0.031490638852119446
    ],
    [
      52.175113677978516,
      43.07263946533203,
      26.74616050720215,
      28.345508575439453,
      44.435569763183594,
      44.23400115966797,
      47.43986892700195,
      53.95819854736328,
      63.78538131713867,
      68.65895080566406,
      85.55343627929688,
      83.73738861083984,
      30.700298309326172,
      26.995849609375,
      2.8816959857940674,
      2.2704663276672363,
      0.029934842139482498,
      0.0308963805437088
    ],
    [
      52.29875183105469,
      43.29142761230469,
      26.1965389251709,
      26.462961196899414,
      46.66597366333008,
      46.463600158691406,
      45.726234436035156,
      53.687015533447266,
      65.10118103027344,
      68.89092254638672,
      83.73738861083984,
      87.11161041259766,
      29.971952438354492,
      26.229894638061523,
      2.982591390609741,
      2.2787439823150635,
      0.03030654601752758,
      0.03116653300821781
    ],
    [
      21.683273315429688,
      18.061445236206055,
      10.963866233825684,
      11.502513885498047,
      15.270317077636719,
      14.741086959838867,
      18.956497192382812,
      19.569751739501953,
      26.1076717376709,
      26.988117218017578,
      30.700298309326172,
      29.971952438354492,
      19.696088790893555,
      17.662845611572266,
      2.2975990772247314,
      1.8272408246994019,
      0.023417677730321884,
      0.023875907063484192
    ],
    [
      19.3021183013916,
      16.183977127075195,
      9.280364990234375,
      9.746055603027344,
      13.40782356262207,
      12.73241901397705,
      17.375043869018555,
      17.82118797302246,
      23.414945602416992,
      24.211313247680664,
      26.995849609375,
      26.229894638061523,
      17.662845611572266,
      16.51791000366211,
      2.2416415214538574,
      1.8273309469223022,
      0.022588325664401054,
      0.0228442195802927
    ],
    [
      2.5936033725738525,
      2.1827237606048584,
      1.1720649003982544,
      1.0292942523956299,
      1.2354209423065186,
      1.2550779581069946,
      2.107184410095215,
      2.0506813526153564,
      2.8941524028778076,
      2.9820640087127686,
      2.8816959857940674,
      2.982591390609741,
      2.2975990772247314,
      2.2416415214538574,
      0.7151482701301575,
      0.5715155601501465,
      0.007254450581967831,
      0.007138766814023256
    ],
    [
      2.116004705429077,
      1.791990876197815,
      0.931036651134491,
      0.7940172553062439,
      0.9522073268890381,
      0.9762932062149048,
      1.6828032732009888,
      1.64012610912323,
      2.2768490314483643,
      2.368403434753418,
      2.2704663276672363,
      2.2787439823150635,
      1.8272408246994019,
      1.8273309469223022,
      0.5715155601501465,
      0.4915655851364136,
      0.006074878387153149,
      0.005962019320577383
    ],
    [
      0.029855063185095787,
      0.024754419922828674,
      0.015720045194029808,
      0.013917384669184685,
      0.011694851331412792,
      0.012555236928164959,
      0.022013042122125626,
      0.021025391295552254,
      0.029459120705723763,
      0.031163113191723824,
      0.029934842139482498,
      0.03030654601752758,
      0.023417677730321884,
      0.022588325664401054,
      0.007254450581967831,
      0.006074878387153149,
      0.00010249007755191997,
      9.996379230869934e-05
    ],
    [
      0.030274495482444763,
      0.025473348796367645,
      0.015259400941431522,
      0.013184884563088417,
      0.010009890422224998,
      0.011050526984035969,
      0.020885739475488663,
      0.02005832828581333,
      0.03026527911424637,
      0.031490638852119446,
      0.0308963805437088,
      0.03116653300821781,
      0.023875907063484192,
      0.0228442195802927,
      0.007138766814023256,
      0.005962019320577383,
      9.996379230869934e-05,
      0.0001016431997413747
    ]
  ],
  "covariance_short": [
    [
      70.19804382324219,
      40.040977478027344,
      28.47488021850586,
      30.175588607788086,
      28.17624282836914,
      30.444866180419922,
      33.88876724243164,
      34.90229797363281,
      45.88409423828125,
      50.268592834472656,
      52.624916076660156,
      51.946678161621094,
      21.288042068481445,
      19.360071182250977,
      2.1724853515625,
      1.8191380500793457,
      0.030838511884212494,
      0.0323079414665699
    ],
    [
      40.040977478027344,
      35.383995056152344,
      18.71274185180664,
      21.852201461791992,
      18.478273391723633,
      19.905855178833008,
      20.21146583557129,
      21.439075469970703,
      28.3283748626709,
      30.981822967529297,
      32.13185119628906,
      31.860443115234375,
      14.24809741973877,
      12.977203369140625,
      1.501246690750122,
      1.2542091608047485,
      0.02108060196042061,
      0.021384956315159798
    ],
    [
      28.47488021850586,
      18.71274185180664,
      53.073699951171875,
      40.839447021484375,
      21.633899688720703,
      23.844837188720703,
      26.120290756225586,
      22.953880310058594,
      29.471723556518555,
      32.896053314208984,
      30.153030395507812,
      28.93259620666504,
      10.651369094848633,
      9.84765911102295,
      1.1019641160964966,
      0.8690470457077026,
      0.017426099628210068,
      0.016563495621085167
    ],
    [
      30.175588607788086,
      21.852201461791992,
      40.839447021484375,
      56.36710739135742,
      23.02244758605957,
      25.833642959594727,
      28.469743728637695,
      26.886247634887695,
      29.981555938720703,
      35.782772064208984,
      29.262109756469727,
      26.787700653076172,
      10.157681465148926,
      9.47383975982666,
      0.8515253663063049,
      0.67826247215271,
      0.014054708182811737,
      0.012832894921302795
    ],
    [
      28.17624282836914,
      18.478273391723633,
      21.633899688720703,
      23.02244758605957,
      53.44364547729492,
      41.885520935058594,
      31.608291625976562,
      35.25654602050781,
      37.86443328857422,
      44.70629119873047,
      47.78185272216797,
      48.75243377685547,
      15.396662712097168,
      13.4590482711792,
      1.0112327337265015,
      0.7948548197746277,
      0.011612647213041782,
      0.009909099899232388
    ],
    [
      30.444866180419922,
      19.905855178833008,
      23.844837188720703,
      25.833642959594727,
      41.885520935058594,
      52.90357971191406,
      31.19657325744629,
      34.45667266845703,
      42.298030853271484,
      46.92471694946289,
      48.32988357543945,
      49.94854736328125,
      15.875348091125488,
      13.633365631103516,
      1.1301350593566895,
      0.8991416692733765,
      0.014662465080618858,
      0.013135119341313839
    ],
    [
      33.88876724243164,
      20.21146583557129,
      26.120290756225586,
      28.469743728637695,
      31.608291625976562,
      31.19657325744629,
      54.97258377075195,
      48.21403503417969,
      44.6240234375,
      51.545108795166016,
      50.79193115234375,
      47.797298431396484,
      18.953857421875,
      17.379587173461914,
      1.7608190774917603,
      1.4328186511993408,
      0.023077327758073807,
      0.02177792601287365
    ],
    [
      34.90229797363281,
      21.439075469970703,
      22.953880310058594,
      26.886247634887695,
      35.25654602050781,
      34.45667266845703,
      48.21403503417969,
      57.61996841430664,
      48.48491668701172,
      54.61931610107422,
      53.84168243408203,
      52.10270690917969,
      19.291175842285156,
      17.462045669555664,
      1.6582478284835815,
      1.353628158569336,
      0.021257515996694565,
      0.020206192508339882
    ],
    [
      45.88409423828125,
      28.3283748626709,
      29.471723556518555,
      29.981555938720703,
      37.86443328857422,
      42.298030853271484,
      44.6240234375,
      48.48491668701172,
      81.78118896484375,
      76.66842651367188,
      70.8997802734375,
      71.61982727050781,
      27.6197452545166,
      25.1632022857666,
      2.612753391265869,
      2.1181130409240723,
      0.03312836214900017,
      0.03404098376631737
    ],
    [
      50.268592834472656,
      30.981822967529297,
      32.896053314208984,
      35.782772064208984,
      44.70629119873047,
      46.92471694946289,
      51.545108795166016,
      54.61931610107422,
      76.66842651367188,
      86.54571533203125,
      75.35991668701172,
      74.86669158935547,
      28.287033081054688,
      25.812435150146484,
      2.6388041973114014,
      2.1471924781799316,
      0.0338774174451828,
      0.033900655806064606
    ],
    [
      52.624916076660156,
      32.13185119628906,
      30.153030395507812,
      29.262109756469727,
      47.78185272216797,
      48.32988357543945,
      50.79193115234375,
      53.84168243408203,
      70.8997802734375,
      75.35991668701172,
      91.69475555419922,
      87.89558410644531,
      32.74425506591797,
      29.313968658447266,
      2.6561195850372314,
      2.1568048000335693,
      0.033869821578264236,
      0.0348060242831707
    ],
    [
      51.946678161621094,
      31.860443115234375,
      28.93259620666504,
      26.787700653076172,
      48.75243377685547,
      49.94854736328125,
      47.797298431396484,
      52.10270690917969,
      71.61982727050781,
      74.86669158935547,
      87.89558410644531,
      91.60133361816406,
      31.777629852294922,
      28.127429962158203,
      2.718135118484497,
      2.1472160816192627,
      0.034455668181180954,
      0.03522080183029175
    ],
    [
      21.288042068481445,
      14.24809741973877,
      10.651369094848633,
      10.157681465148926,
      15.396662712097168,
      15.875348091125488,
      18.953857421875,
      19.291175842285156,
      27.6197452545166,
      28.287033081054688,
      32.74425506591797,
      31.777629852294922,
      20.999614715576172,
      18.62063980102539,
      2.11071515083313,
      1.7238706350326538,
      0.027699844911694527,
      0.02771333046257496
    ],
    [
      19.360071182250977,
      12.977203369140625,
      9.84765911102295,
      9.47383975982666,
      13.4590482711792,
      13.633365631103516,
      17.379587173461914,
      17.462045669555664,
      25.1632022857666,
      25.812435150146484,
      29.313968658447266,
      28.127429962158203,
      18.62063980102539,
      18.09355926513672,
      2.0765268802642822,
      1.7411644458770752,
      0.027128972113132477,
      0.026894472539424896
    ],
    [
      2.1724853515625,
      1.501246690750122,
      1.1019641160964966,
      0.8515253663063049,
      1.0112327337265015,
      1.1301350593566895,
      1.7608190774917603,
      1.6582478284835815,
      2.612753391265869,
      2.6388041973114014,
      2.6561195850372314,
      2.718135118484497,
      2.11071515083313,
      2.0765268802642822,
      0.6870431303977966,
      0.5372052192687988,
      0.00980422180145979,
      0.009431392885744572
    ],
    [
      1.8191380500793457,
      1.2542091608047485,
      0.8690470457077026,
      0.67826247215271,
      0.7948548197746277,
      0.8991416692733765,
      1.4328186511993408,
      1.353628158569336,
      2.1181130409240723,
      2.1471924781799316,
      2.1568048000335693,
      2.1472160816192627,
      1.7238706350326538,
      1.7411644458770752,
      0.5372052192687988,
      0.48976486921310425,
      0.00834762305021286,
      0.008071234449744225
    ],
    [
      0.030838511884212494,
      0.02108060196042061,
      0.017426099628210068,
      0.014054708182811737,
      0.011612647213041782,
      0.014662465080618858,
      0.023077327758073807,
      0.021257515996694565,
      0.03312836214900017,
      0.0338774174451828,
      0.033869821578264236,
      0.034455668181180954,
      0.027699844911694527,
      0.027128972113132477,
      0.00980422180145979,
      0.00834762305021286,
      0.0004550675512291491,
      0.00044880385394208133
    ],
    [
      0.0323079414665699,
      0.021384956315159798,
      0.016563495621085167,
      0.012832894921302795,
      0.009909099899232388,
      0.013135119341313839,
      0.02177792601287365,
      0.020206192508339882,
      0.03404098376631737,
      0.033900655806064606,
      0.0348060242831707,
      0.03522080183029175,
      0.02771333046257496,
      0.026894472539424896,
      0.009431392885744572,
      0.008071234449744225,
      0.00044880385394208133,
      0.00047043320955708623
    ]
  ],
  "damage": -15.955735206604004,
  "diff_bandwidth": 598.8837890625,
  "dissonance": 4.427848329777899,
  "drr": 9.51423454284668,
  "dynamics": 4.599869728088379,
  "format": 1245190,
  "frames": 7751616,
  "loudness": -24.58891487121582,
  "loudness_range": 14.98668098449707,
  "loudness_range_short": 16.79954719543457,
  "lowpass_true_peak_15khz": -5.060401439666748,
  "mastering3_acoustic_entropies": [
    {
      "acoustic_entropy": 7.920005798339844,
      "acoustic_entropy_mono": 7.139826774597168,
      "band_eliminated_acoustic_entropies": [
        {
          "acoustic_entropy": 7.924222469329834,
          "acoustic_entropy_side": 7.920055389404297,
          "hz": 129.47220167065723
        },
        {
          "acoustic_entropy": 8.110878944396973,
          "acoustic_entropy_side": 7.933337688446045,
          "hz": 202.92927478742237
        },
        {
          "acoustic_entropy": 7.932690143585205,
          "acoustic_entropy_side": 7.9288129806518555,
          "hz": 282.89161906338205
        },
        {
          "acoustic_entropy": 6.815263748168945,
          "acoustic_entropy_side": 7.902160167694092,
          "hz": 369.9353335868758
        },
        {
          "acoustic_entropy": 7.819126605987549,
          "acoustic_entropy_side": 7.696632385253906,
          "hz": 464.6875360973435
        },
        {
          "acoustic_entropy": 7.3895087242126465,
          "acoustic_entropy_side": 7.953971862792969,
          "hz": 567.8308811364784
        },
        {
          "acoustic_entropy": 7.211660385131836,
          "acoustic_entropy_side": 7.519471168518066,
          "hz": 680.1084783214808
        },
        {
          "acoustic_entropy": 7.639939785003662,
          "acoustic_entropy_side": 7.817846775054932,
          "hz": 802.3292461747484
        },
        {
          "acoustic_entropy": 6.800471782684326,
          "acoustic_entropy_side": 7.324118137359619,
          "hz": 935.3737400823702
        },
        {
          "acoustic_entropy": 8.186389923095703,
          "acoustic_entropy_side": 8.347731590270996,
          "hz": 1080.2004963696966
        },
        {
          "acoustic_entropy": 7.879898548126221,
          "acoustic_entropy_side": 7.684369087219238,
          "hz": 1237.8529382007157
        },
        {
          "acoustic_entropy": 7.985410690307617,
          "acoustic_entropy_side": 8.005867004394531,
          "hz": 1409.4668930556702
        },
        {
          "acoustic_entropy": 8.152190208435059,
          "acoustic_entropy_side": 8.190779685974121,
          "hz": 1596.2787759475705
        },
        {
          "acoustic_entropy": 7.771150588989258,
          "acoustic_entropy_side": 7.845946788787842,
          "hz": 1799.6344973346393
        },
        {
          "acoustic_entropy": 7.9426589012146,
          "acoustic_entropy_side": 7.902557373046875,
          "hz": 2020.9991599069049
        },
        {
          "acoustic_entropy": 8.07468318939209,
          "acoustic_entropy_side": 7.968882083892822,
          "hz": 2261.9676141086993
        },
        {
          "acoustic_entropy": 7.857802391052246,
          "acoustic_entropy_side": 7.895864963531494,
          "hz": 2524.2759484456974
        },
        {
          "acoustic_entropy": 7.8825788497924805,
          "acoustic_entropy_side": 7.903034687042236,
          "hz": 2809.813997359896
        },
        {
          "acoustic_entropy": 7.928947448730469,
          "acoustic_entropy_side": 7.915230751037598,
          "hz": 3120.6389567871424
        },
        {
          "acoustic_entropy": 7.916560173034668,
          "acoustic_entropy_side": 7.920208930969238,
          "hz": 3458.990205492291
        },
        {
          "acoustic_entropy": 7.919257640838623,
          "acoustic_entropy_side": 7.919275760650635,
          "hz": 3827.305438964164
        },
        {
          "acoustic_entropy": 7.9195637702941895,
          "acoustic_entropy_side": 7.920834541320801,
          "hz": 4228.238232109126
        },
        {
          "acoustic_entropy": 7.9183349609375,
          "acoustic_entropy_side": 7.919201850891113,
          "hz": 4664.6771572759235
        },
        {
          "acoustic_entropy": 7.919693946838379,
          "acoustic_entropy_side": 7.919896602630615,
          "hz": 5139.766595350093
        },
        {
          "acoustic_entropy": 7.919999122619629,
          "acoustic_entropy_side": 7.919997215270996,
          "hz": 5656.929389854203
        },
        {
          "acoustic_entropy": 7.920019149780273,
          "acoustic_entropy_side": 7.920011520385742,
          "hz": 6219.891507268283
        },
        {
          "acoustic_entropy": 7.92000150680542,
          "acoustic_entropy_side": 7.920006275177002,
          "hz": 6832.70888123896
        },
        {
          "acoustic_entropy": 7.920004844665527,
          "acoustic_entropy_side": 7.9200053215026855,
          "hz": 7499.796634079867
        },
        {
          "acoustic_entropy": 7.920005798339844,
          "acoustic_entropy_side": 7.920005798339844,
          "hz": 8225.96088609342
        },
        {
          "acoustic_entropy": 7.920005798339844,
          "acoustic_entropy_side": 7.920005798339844,
          "hz": 9016.43338188839
        },
        {
          "acoustic_entropy": 7.920005798339844,
          "acoustic_entropy_side": 7.920005798339844,
          "hz": 9876.909183162974
        },
        {
          "acoustic_entropy": 7.920005798339844,
          "acoustic_entropy_side": 7.920005798339844,
          "hz": 10813.587699516042
        },
        {
          "acoustic_entropy": 7.920005798339844,
          "acoustic_entropy_side": 7.920005798339844,
          "hz": 11833.21735289826
        },
        {
          "acoustic_entropy": 7.920005798339844,
          "acoustic_entropy_side": 7.920005798339844,
          "hz": 12943.144197493959
        },
        {
          "acoustic_entropy": 7.920005798339844,
          "acoustic_entropy_side": 7.920005798339844,
          "hz": 14151.364845322005
        },
        {
          "acoustic_entropy": 7.920005798339844,
          "acoustic_entropy_side": 7.920005798339844,
          "hz": 15466.58407886509
        },
        {
          "acoustic_entropy": 7.920005798339844,
          "acoustic_entropy_side": 7.920005798339844,
          "hz": 16898.27756580493
        },
        {
          "acoustic_entropy": 7.920005798339844,
          "acoustic_entropy_side": 7.920005798339844,
          "hz": 18456.760127700032
        },
        {
          "acoustic_entropy": 7.920005798339844,
          "acoustic_entropy_side": 7.920005798339844,
          "hz": 20153.260054456492
        },
        {
          "acoustic_entropy": 7.920005798339844,
          "acoustic_entropy_side": 7.920005798339844,
          "hz": 22000.00000000001
        }
      ],
      "diff_acoustic_entropy": 3.5085959434509277,
      "sn": 6
    },
    {
      "acoustic_entropy": 12.501187324523926,
      "acoustic_entropy_mono": 10.125286102294922,
      "band_eliminated_acoustic_entropies": [
        {
          "acoustic_entropy": 12.493977546691895,
          "acoustic_entropy_side": 12.501161575317383,
          "hz": 129.47220167065723
        },
        {
          "acoustic_entropy": 12.562996864318848,
          "acoustic_entropy_side": 12.507258415222168,
          "hz": 202.92927478742237
        },
        {
          "acoustic_entropy": 12.023871421813965,
          "acoustic_entropy_side": 12.145511627197266,
          "hz": 282.89161906338205
        },
        {
          "acoustic_entropy": 11.513893127441406,
          "acoustic_entropy_side": 11.812810897827148,
          "hz": 369.9353335868758
        },
        {
          "acoustic_entropy": 11.414376258850098,
          "acoustic_entropy_side": 11.580011367797852,
          "hz": 464.6875360973435
        },
        {
          "acoustic_entropy": 11.721765518188477,
          "acoustic_entropy_side": 11.76351547241211,
          "hz": 567.8308811364784
        },
        {
          "acoustic_entropy": 11.482799530029297,
          "acoustic_entropy_side": 12.439719200134277,
          "hz": 680.1084783214808
        },
        {
          "acoustic_entropy": 10.42650032043457,
          "acoustic_entropy_side": 11.848433494567871,
          "hz": 802.3292461747484
        },
        {
          "acoustic_entropy": 11.247668266296387,
          "acoustic_entropy_side": 12.355113983154297,
          "hz": 935.3737400823702
        },
        {
          "acoustic_entropy": 12.560831069946289,
          "acoustic_entropy_side": 12.509561538696289,
          "hz": 1080.2004963696966
        },
        {
          "acoustic_entropy": 12.085357666015625,
          "acoustic_entropy_side": 12.126574516296387,
          "hz": 1237.8529382007157
        },
        {
          "acoustic_entropy": 12.832620620727539,
          "acoustic_entropy_side": 12.456042289733887,
          "hz": 1409.4668930556702
        },
        {
          "acoustic_entropy": 12.124550819396973,
          "acoustic_entropy_side": 12.336247444152832,
          "hz": 1596.2787759475705
        },
        {
          "acoustic_entropy": 12.354615211486816,
          "acoustic_entropy_side": 12.44398307800293,
          "hz": 1799.6344973346393
        },
        {
          "acoustic_entropy": 12.15235424041748,
          "acoustic_entropy_side": 12.18315601348877,
          "hz": 2020.9991599069049
        },
        {
          "acoustic_entropy": 12.128935813903809,
          "acoustic_entropy_side": 12.10661506652832,
          "hz": 2261.9676141086993
        },
        {
          "acoustic_entropy": 12.122920036315918,
          "acoustic_entropy_side": 12.383859634399414,
          "hz": 2524.2759484456974
        },
        {
          "acoustic_entropy": 12.434934616088867,
          "acoustic_entropy_side": 12.461028099060059,
          "hz": 2809.813997359896
        },
        {
          "acoustic_entropy": 12.445192337036133,
          "acoustic_entropy_side": 12.479762077331543,
          "hz": 3120.6389567871424
        },
        {
          "acoustic_entropy": 12.503009796142578,
          "acoustic_entropy_side": 12.509527206420898,
          "hz": 3458.990205492291
        },
        {
          "acoustic_entropy": 12.44980239868164,
          "acoustic_entropy_side": 12.462565422058105,
          "hz": 3827.305438964164
        },
        {
          "acoustic_entropy": 12.477298736572266,
          "acoustic_entropy_side": 12.486324310302734,
          "hz": 4228.238232109126
        },
        {
          "acoustic_entropy": 12.494773864746094,
          "acoustic_entropy_side": 12.499285697937012,
          "hz": 4664.6771572759235
        },
        {
          "acoustic_entropy": 12.500170707702637,
          "acoustic_entropy_side": 12.500776290893555,
          "hz": 5139.766595350093
        },
        {
          "acoustic_entropy": 12.501030921936035,
          "acoustic_entropy_side": 12.501147270202637,
          "hz": 5656.929389854203
        },
        {
          "acoustic_entropy": 12.501099586486816,
          "acoustic_entropy_side": 12.501155853271484,
          "hz": 6219.891507268283
        },
        {
          "acoustic_entropy": 12.501139640808105,
          "acoustic_entropy_side": 12.501163482666016,
          "hz": 6832.70888123896
        },
        {
          "acoustic_entropy": 12.501181602478027,
          "acoustic_entropy_side": 12.501181602478027,
          "hz": 7499.796634079867
        },
        {
          "acoustic_entropy": 12.50118637084961,
          "acoustic_entropy_side": 12.501187324523926,
          "hz": 8225.96088609342
        },
        {
          "acoustic_entropy": 12.501188278198242,
          "acoustic_entropy_side": 12.501188278198242,
          "hz": 9016.43338188839
        },
        {
          "acoustic_entropy": 12.501187324523926,
          "acoustic_entropy_side": 12.501187324523926,
          "hz": 9876.909183162974
        },
        {
          "acoustic_entropy": 12.501187324523926,
          "acoustic_entropy_side": 12.501187324523926,
          "hz": 10813.587699516042
        },
        {
          "acoustic_entropy": 12.501187324523926,
          "acoustic_entropy_side": 12.501187324523926,
          "hz": 11833.21735289826
        },
        {
          "acoustic_entropy": 12.501187324523926,
          "acoustic_entropy_side": 12.501187324523926,
          "hz": 12943.144197493959
        },
        {
          "acoustic_entropy": 12.501187324523926,
          "acoustic_entropy_side": 12.501187324523926,
          "hz": 14151.364845322005
        },
        {
          "acoustic_entropy": 12.501187324523926,
          "acoustic_entropy_side": 12.501187324523926,
          "hz": 15466.58407886509
        },
        {
          "acoustic_entropy": 12.501187324523926,
          "acoustic_entropy_side": 12.501187324523926,
          "hz": 16898.27756580493
        },
        {
          "acoustic_entropy": 12.501187324523926,
          "acoustic_entropy_side": 12.501187324523926,
          "hz": 18456.760127700032
        },
        {
          "acoustic_entropy": 12.501187324523926,
          "acoustic_entropy_side": 12.501187324523926,
          "hz": 20153.260054456492
        },
        {
          "acoustic_entropy": 12.501187324523926,
          "acoustic_entropy_side": 12.501187324523926,
          "hz": 22000.00000000001
        }
      ],
      "diff_acoustic_entropy": 5.714629650115967,
      "sn": 12
    },
    {
      "acoustic_entropy": 17.5072078704834,
      "acoustic_entropy_mono": 14.93405818939209,
      "band_eliminated_acoustic_entropies": [
        {
          "acoustic_entropy": 17.68768882751465,
          "acoustic_entropy_side": 17.52651023864746,
          "hz": 129.47220167065723
        },
        {
          "acoustic_entropy": 17.43805694580078,
          "acoustic_entropy_side": 17.632862091064453,
          "hz": 202.92927478742237
        },
        {
          "acoustic_entropy": 17.421581268310547,
          "acoustic_entropy_side": 16.972759246826172,
          "hz": 282.89161906338205
        },
        {
          "acoustic_entropy": 16.683025360107422,
          "acoustic_entropy_side": 16.3646183013916,
          "hz": 369.9353335868758
        },
        {
          "acoustic_entropy": 17.96510124206543,
          "acoustic_entropy_side": 18.425228118896484,
          "hz": 464.6875360973435
        },
        {
          "acoustic_entropy": 17.479570388793945,
          "acoustic_entropy_side": 17.75465965270996,
          "hz": 567.8308811364784
        },
        {
          "acoustic_entropy": 17.261180877685547,
          "acoustic_entropy_side": 17.662981033325195,
          "hz": 680.1084783214808
        },
        {
          "acoustic_entropy": 16.506933212280273,
          "acoustic_entropy_side": 17.20771598815918,
          "hz": 802.3292461747484
        },
        {
          "acoustic_entropy": 18.040040969848633,
          "acoustic_entropy_side": 17.71674156188965,
          "hz": 935.3737400823702
        },
        {
          "acoustic_entropy": 18.163618087768555,
          "acoustic_entropy_side": 18.40654182434082,
          "hz": 1080.2004963696966
        },
        {
          "acoustic_entropy": 16.98216438293457,
          "acoustic_entropy_side": 16.873830795288086,
          "hz": 1237.8529382007157
        },
        {
          "acoustic_entropy": 18.2419490814209,
          "acoustic_entropy_side": 18.26934814453125,
          "hz": 1409.4668930556702
        },
        {
          "acoustic_entropy": 17.566001892089844,
          "acoustic_entropy_side": 18.054100036621094,
          "hz": 1596.2787759475705
        },
        {
          "acoustic_entropy": 18.090614318847656,
          "acoustic_entropy_side": 17.524871826171875,
          "hz": 1799.6344973346393
        },
        {
          "acoustic_entropy": 17.584835052490234,
          "acoustic_entropy_side": 18.1741886138916,
          "hz": 2020.9991599069049
        },
        {
          "acoustic_entropy": 17.17597198486328,
          "acoustic_entropy_side": 17.025985717773438,
          "hz": 2261.9676141086993
        },
        {
          "acoustic_entropy": 17.635379791259766,
          "acoustic_entropy_side": 17.610212326049805,
          "hz": 2524.2759484456974
        },
        {
