{
  "acoustic_entropy": 131.90272521972656,
  "bands": [
    {
      "high_freq": 148.1999969482422,
      "loudness": -49.591976165771484,
      "loudness_range": 31.6793212890625,
      "mid_mean": -45.97590255737305,
      "mid_to_side_loudness": -23.217273712158203,
      "mid_to_side_loudness_range": 15.05817699432373,
      "side_mean": -64.5328140258789
    },
    {
      "high_freq": 392.3793640136719,
      "loudness": -38.21315383911133,
      "loudness_range": 27.521467208862305,
      "low_freq": 148.1999969482422,
      "mid_mean": -35.78306198120117,
      "mid_to_side_loudness": -18.979284286499023,
      "mid_to_side_loudness_range": 24.378089904785156,
      "side_mean": -56.97560501098633
    },
    {
      "high_freq": 794.6976318359375,
      "loudness": -38.549095153808594,
      "loudness_range": 20.022293090820312,
      "low_freq": 392.3793640136719,
      "mid_mean": -35.055824279785156,
      "mid_to_side_loudness": -19.76433753967285,
      "mid_to_side_loudness_range": 17.681665420532227,
      "side_mean": -56.91389083862305
    },
    {
      "high_freq": 1457.5709228515625,
      "loudness": -38.25759506225586,
      "loudness_range": 21.600553512573242,
      "low_freq": 794.6976318359375,
      "mid_mean": -35.180877685546875,
      "mid_to_side_loudness": -19.136432647705078,
      "mid_to_side_loudness_range": 16.652694702148438,
      "side_mean": -56.83668899536133
    },
    {
      "high_freq": 2549.74365234375,
      "loudness": -44.06941223144531,
      "loudness_range": 28.784955978393555,
      "low_freq": 1457.5709228515625,
      "mid_mean": -40.519283294677734,
      "mid_to_side_loudness": -18.379350662231445,
      "mid_to_side_loudness_range": 21.400691986083984,
      "side_mean": -60.23986053466797
    },
    {
      "high_freq": 4349.24462890625,
      "loudness": -47.1111946105957,
      "loudness_range": 19.285011291503906,
      "low_freq": 2549.74365234375,
      "mid_mean": -43.77225112915039,
      "mid_to_side_loudness": -19.960723876953125,
      "mid_to_side_loudness_range": 25.076515197753906,
      "side_mean": -63.734153747558594
    },
    {
      "high_freq": 7314.1640625,
      "loudness": -60.252315521240234,
      "loudness_range": 22.417095184326172,
      "low_freq": 4349.24462890625,
      "mid_mean": -57.42622756958008,
      "mid_to_side_loudness": -25.32585334777832,
      "mid_to_side_loudness_range": 36.53174591064453,
      "side_mean": -69.42662811279297
    },
    {
      "high_freq": 12199.2666015625,
      "loudness": -69.93977355957031,
      "loudness_range": 12.058547973632812,
      "low_freq": 7314.1640625,
      "mid_mean": -64.85509490966797,
      "mid_to_side_loudness": -31.342529296875,
      "mid_to_side_loudness_range": 47.8668212890625,
      "side_mean": -69.99197387695312
    },
    {
      "loudness": -71.1906967163086,
      "loudness_range": 5.332305908203125,
      "low_freq": 12199.2666015625,
      "mid_mean": -65.79037475585938,
      "mid_to_side_loudness": -25.69516372680664,
      "mid_to_side_loudness_range": 33.63740158081055,
      "side_mean": -69.98219299316406
    }
  ],
  "bands_short": [
    {
      "high_freq": 148.1999969482422,
      "loudness": -52.689544677734375,
      "loudness_range": 23.288917541503906,
      "mid_mean": -50.84130859375,
      "mid_to_side_loudness": -23.577451705932617,
      "mid_to_side_loudness_range": 15.687705993652344,
      "side_mean": -66.73294830322266
    },
    {
      "high_freq": 392.3793640136719,
      "loudness": -37.51475524902344,
      "loudness_range": 29.76538848876953,
      "low_freq": 148.1999969482422,
      "mid_mean": -35.12539291381836,
      "mid_to_side_loudness": -17.909500122070312,
      "mid_to_side_loudness_range": 24.470516204833984,
      "side_mean": -56.03858947753906
    },
    {
      "high_freq": 794.6976318359375,
      "loudness": -39.04511260986328,
      "loudness_range": 21.282655715942383,
      "low_freq": 392.3793640136719,
      "mid_mean": -35.6407356262207,
      "mid_to_side_loudness": -18.86449432373047,
      "mid_to_side_loudness_range": 19.817668914794922,
      "side_mean": -57.32405090332031
    },
    {
      "high_freq": 1457.5709228515625,
      "loudness": -38.05416488647461,
      "loudness_range": 21.034162521362305,
      "low_freq": 794.6976318359375,
      "mid_mean": -35.0320930480957,
      "mid_to_side_loudness": -18.87982749938965,
      "mid_to_side_loudness_range": 22.81577491760254,
      "side_mean": -56.90716552734375
    },
    {
      "high_freq": 2549.74365234375,
      "loudness": -44.5356559753418,
      "loudness_range": 29.023338317871094,
      "low_freq": 1457.5709228515625,
      "mid_mean": -41.06214141845703,
      "mid_to_side_loudness": -17.83734703063965,
      "mid_to_side_loudness_range": 23.667665481567383,
      "side_mean": -60.473934173583984
    },
    {
      "high_freq": 4349.24462890625,
      "loudness": -47.564903259277344,
      "loudness_range": 21.38519287109375,
      "low_freq": 2549.74365234375,
      "mid_mean": -44.223636627197266,
      "mid_to_side_loudness": -19.87540626525879,
      "mid_to_side_loudness_range": 26.37907600402832,
      "side_mean": -63.917755126953125
    },
    {
      "high_freq": 7314.1640625,
      "loudness": -60.90235137939453,
      "loudness_range": 23.299636840820312,
      "low_freq": 4349.24462890625,
      "mid_mean": -57.92813491821289,
      "mid_to_side_loudness": -23.33513641357422,
      "mid_to_side_loudness_range": 32.92368698120117,
      "side_mean": -69.44001007080078
    },
    {
      "high_freq": 12199.2666015625,
      "loudness": -70.32166290283203,
      "loudness_range": 11.875614166259766,
      "low_freq": 7314.1640625,
      "mid_mean": -65.09148406982422,
      "mid_to_side_loudness": -26.774524688720703,
      "mid_to_side_loudness_range": 47.63709259033203,
      "side_mean": -69.99190521240234
    },
    {
      "loudness": -71.31513977050781,
      "loudness_range": 5.45654296875,
      "low_freq": 12199.2666015625,
      "mid_mean": -65.86600494384766,
      "mid_to_side_loudness": -25.489768981933594,
      "mid_to_side_loudness_range": 36.871707916259766,
      "side_mean": -69.98214721679688
    }
  ],
  "bandwidth": 595.4373168945312,
  "channels": 2,
  "covariance": [
    [
      132.22007751464844,
      88.19039154052734,
      38.16629409790039,
      13.059670448303223,
      -17.56148910522461,
      -18.101892471313477,
      -2.7687549591064453,
      19.64957618713379,
      8.775605201721191,
      7.2038116455078125,
      14.932214736938477,
      15.633279800415039,
      30.082050323486328,
      3.206739902496338,
      1.9030418395996094,
      -0.005498670507222414,
      0.8284637331962585,
      -0.06067582592368126
    ],
    [
      88.19039154052734,
      65.9309310913086,
      25.66828155517578,
      14.59486198425293,
      -8.960047721862793,
      -3.943582057952881,
      4.431997299194336,
      21.415075302124023,
      12.83633041381836,
      13.109875679016113,
      15.849213600158691,
      14.492692947387695,
      27.53020668029785,
      2.580030918121338,
      3.7845380306243896,
      0.0007752283709123731,
      2.125885486602783,
      -0.03351839631795883
    ],
    [
      38.16629409790039,
      25.66828155517578,
      110.30504608154297,
      61.139892578125,
      26.82115936279297,
      27.570280075073242,
      33.679630279541016,
      32.88199234008789,
      58.883819580078125,
      41.894859313964844,
      29.312355041503906,
      17.630407333374023,
      44.03246307373047,
      3.9811975955963135,
      19.009017944335938,
      0.011425208300352097,
      7.044528961181641,
      -0.07687395066022873
    ],
    [
      13.059670448303223,
      14.59486198425293,
      61.139892578125,
      75.6157455444336,
      23.1213321685791,
      47.63689422607422,
      25.158117294311523,
      45.994651794433594,
      39.71025848388672,
      49.047950744628906,
      16.088953018188477,
      19.87714385986328,
      40.01466369628906,
      3.629948616027832,
      18.70332908630371,
      -0.004659237340092659,
      10.400490760803223,
      -0.07692456990480423
    ],
    [
      -17.56148910522461,
      -8.960047721862793,
      26.82115936279297,
      23.1213321685791,
      51.19553756713867,
      42.17377471923828,
      43.8899040222168,
      30.218923568725586,
      51.82361602783203,
      36.20643997192383,
      33.26682662963867,
      15.23541259765625,
      29.577104568481445,
      2.1304988861083984,
      13.376489639282227,
      0.01765591837465763,
      4.611521244049072,
      -0.028092266991734505
    ],
    [
      -18.101892471313477,
      -3.943582057952881,
      27.570280075073242,
      47.63689422607422,
      42.17377471923828,
      66.93766021728516,
      37.14430236816406,
      48.0486946105957,
      44.8881950378418,
      51.23593521118164,
      24.670848846435547,
      21.108871459960938,
      38.222572326660156,
      2.350123643875122,
      18.1961612701416,
      -0.00029809895204380155,
      10.00447940826416,
      -0.06279534846544266
    ],
    [
      -2.7687549591064453,
      4.431997299194336,
      33.679630279541016,
      25.158117294311523,
      43.8899040222168,
      37.14430236816406,
      67.4462661743164,
      45.43305206298828,
      70.13542175292969,
      46.75352478027344,
      49.606849670410156,
      23.070323944091797,
      43.73964309692383,
      3.9331510066986084,
      15.272324562072754,
      0.03154733031988144,
      4.616810321807861,
      -0.025141773745417595
    ],
    [
      19.64957618713379,
      21.415075302124023,
      32.88199234008789,
      45.994651794433594,
      30.218923568725586,
      48.0486946105957,
      45.43305206298828,
      62.46752166748047,
      48.092098236083984,
      51.256492614746094,
      38.51407241821289,
      29.476808547973633,
      51.419639587402344,
      4.076444625854492,
      18.240009307861328,
      0.007991684600710869,
      9.709978103637695,
      -0.06612108647823334
    ],
    [
      8.775605201721191,
      12.83633041381836,
      58.883819580078125,
      39.71025848388672,
      51.82361602783203,
      44.8881950378418,
      70.13542175292969,
      48.092098236083984,
      96.21333312988281,
      63.59719467163086,
      49.96440887451172,
      24.592164993286133,
      48.491336822509766,
      4.004693508148193,
      19.296995162963867,
      0.03421599790453911,
      5.7747063636779785,
      -0.03937950357794762
    ],
    [
      7.2038116455078125,
      13.109875679016113,
      41.894859313964844,
      49.047950744628906,
      36.20643997192383,
      51.23593521118164,
      46.75352478027344,
      51.256492614746094,
      63.59719467163086,
      62.30844497680664,
      32.13178253173828,
      23.643232345581055,
      42.2558708190918,
      3.320039749145508,
      18.183494567871094,
      0.013360688462853432,
      8.538690567016602,
      -0.054948799312114716
    ],
    [
      14.932214736938477,
      15.849213600158691,
      29.312355041503906,
      16.088953018188477,
      33.26682662963867,
      24.670848846435547,
      49.606849670410156,
      38.51407241821289,
      49.96440887451172,
      32.13178253173828,
      55.7841911315918,
      27.84373664855957,
      45.49714279174805,
      4.135492324829102,
      15.028665542602539,
      0.03198215737938881,
      4.534373760223389,
      -0.02597036585211754
    ],
    [
      15.633279800415039,
      14.492692947387695,
      17.630407333374023,
      19.87714385986328,
      15.23541259765625,
      21.108871459960938,
      23.070323944091797,
      29.476808547973633,
      24.592164993286133,
      23.643232345581055,
      27.84373664855957,
      21.942962646484375,
      30.668193817138672,
      2.8567233085632324,
      10.900399208068848,
      0.012043850496411324,
      5.0555806159973145,
      -0.02965862862765789
    ],
    [
      30.082050323486328,
      27.53020668029785,
      44.03246307373047,
      40.01466369628906,
      29.577104568481445,
      38.222572326660156,
      43.73964309692383,
      51.419639587402344,
      48.491336822509766,
      42.2558708190918,
      45.49714279174805,
      30.668193817138672,
      62.955078125,
      4.94938850402832,
      21.894683837890625,
      0.014762607403099537,
      10.618142127990723,
      -0.06411460787057877
    ],
    [
      3.206739902496338,
      2.580030918121338,
      3.9811975955963135,
      3.629948616027832,
      2.1304988861083984,
      2.350123643875122,
      3.9331510066986084,
      4.076444625854492,
      4.004693508148193,
      3.320039749145508,
      4.135492324829102,
      2.8567233085632324,
      4.94938850402832,
      0.8159909844398499,
      1.558385968208313,
      0.0038983116392046213,
      0.657308042049408,
      -0.0045302812941372395
    ],
    [
      1.9030418395996094,
      3.7845380306243896,
      19.009017944335938,
      18.70332908630371,
      13.376489639282227,
      18.1961612701416,
      15.272324562072754,
      18.240009307861328,
      19.296995162963867,
      18.183494567871094,
      15.028665542602539,
      10.900399208068848,
      21.894683837890625,
      1.558385968208313,
      11.31988525390625,
      0.003465118585154414,
      5.265666484832764,
      -0.026453843340277672
    ],
    [
      -0.005498670507222414,
      0.0007752283709123731,
      0.011425208300352097,
      -0.004659237340092659,
      0.01765591837465763,
      -0.00029809895204380155,
      0.03154733031988144,
      0.007991684600710869,
      0.03421599790453911,
      0.013360688462853432,
      0.03198215737938881,
      0.012043850496411324,
      0.014762607403099537,
      0.0038983116392046213,
      0.003465118585154414,
      0.0002686580701265484,
      -0.0028626963030546904,
      5.373967724153772e-05
    ],
    [
      0.8284637331962585,
      2.125885486602783,
      7.044528961181641,
      10.400490760803223,
      4.611521244049072,
      10.00447940826416,
      4.616810321807861,
      9.709978103637695,
      5.7747063636779785,
      8.538690567016602,
      4.534373760223389,
      5.0555806159973145,
      10.618142127990723,
      0.657308042049408,
      5.265666484832764,
      -0.0028626963030546904,
      3.1576409339904785,
      -0.015457349829375744
    ],
    [
      -0.06067582592368126,
      -0.03351839631795883,
      -0.07687395066022873,
      -0.07692456990480423,
      -0.028092266991734505,
      -0.06279534846544266,
      -0.025141773745417595,
      -0.06612108647823334,
      -0.03937950357794762,
      -0.054948799312114716,
      -0.02597036585211754,
      -0.02965862862765789,
      -0.06411460787057877,
      -0.0045302812941372395,
      -0.026453843340277672,
      5.373967724153772e-05,
      -0.015457349829375744,
      0.00038155351649038494
    ]
  ],
  "covariance_short": [
    [
      100.76620483398438,
      37.612266540527344,
      50.22503662109375,
      55.80133819580078,
      -7.453669548034668,
      16.1590576171875,
      5.352096080780029,
      39.852542877197266,
      12.335551261901855,
      24.76559066772461,
      17.586896896362305,
      24.051183700561523,
      47.28022766113281,
      3.586289405822754,
      12.35051155090332,
      -0.017145594581961632,
      8.81954288482666,
      -0.06462781876325607
    ],
    [
      37.612266540527344,
      22.937986373901367,
      27.15174674987793,
      24.557897567749023,
      -2.5702805519104004,
      0.9683443903923035,
      5.801066875457764,
      13.963850021362305,
      10.671097755432129,
      9.370850563049316,
      11.514492988586426,
      9.773801803588867,
      17.524385452270508,
      1.6850900650024414,
      3.187391757965088,
      -0.0007809926173649728,
      1.6747753620147705,
      -0.021004991605877876
    ],
    [
      50.22503662109375,
      27.15174674987793,
      133.94471740722656,
      74.2848129272461,
      25.450143814086914,
      22.943883895874023,
      29.623098373413086,
      32.38243865966797,
      62.297157287597656,
      39.61863708496094,
      37.34624099731445,
      21.321575164794922,
      51.60968017578125,
      4.257354736328125,
      20.116718292236328,
      0.009901018813252449,
      7.069704055786133,
      -0.07797353714704514
    ],
    [
      55.80133819580078,
      24.557897567749023,
      74.2848129272461,
      89.56900787353516,
      23.116334915161133,
      47.13352584838867,
      25.674875259399414,
      50.70188903808594,
      47.855281829833984,
      53.21016311645508,
      24.7998046875,
      25.18500328063965,
      48.655479431152344,
      4.225922107696533,
      19.921955108642578,
      -0.0005266170483082533,
      10.751230239868164,
      -0.08557558059692383
    ],
    [
      -7.453669548034668,
      -2.5702805519104004,
      25.450143814086914,
      23.116334915161133,
      56.35215759277344,
      42.20973205566406,
      44.35397720336914,
      31.071964263916016,
      54.22874450683594,
      36.57606506347656,
      32.74775314331055,
      14.775567054748535,
      29.526958465576172,
      2.177746295928955,
      13.012635231018066,
      0.0184758473187685,
      4.469981670379639,
      -0.03263397887349129
    ],
    [
      16.1590576171875,
      0.9683443903923035,
      22.943883895874023,
      47.13352584838867,
      42.20973205566406,
      70.28524780273438,
      34.63633346557617,
      48.58394241333008,
      44.30299377441406,
      50.280887603759766,
      24.098758697509766,
      21.187782287597656,
      36.45276641845703,
      2.440974712371826,
      17.10917854309082,
      0.0014984669396653771,
      9.716813087463379,
      -0.06370969861745834
    ],
    [
      5.352096080780029,
      5.801066875457764,
      29.623098373413086,
      25.674875259399414,
      44.35397720336914,
      34.63633346557617,
      67.588134765625,
      42.00526428222656,
      69.63983154296875,
      44.13051223754883,
      47.966064453125,
      22.122365951538086,
      42.27299499511719,
      3.8199079036712646,
      14.436930656433105,
      0.030558593571186066,
      4.223777770996094,
      -0.021177120506763458
    ],
    [
      39.852542877197266,
      13.963850021362305,
      32.38243865966797,
      50.70188903808594,
      31.071964263916016,
      48.58394241333008,
      42.00526428222656,
      62.82280349731445,
      47.29540252685547,
      49.82050323486328,
      37.76062774658203,
      28.898584365844727,
      48.63523864746094,
      3.8689846992492676,
      17.11206817626953,
      0.0073920963332057,
      9.347485542297363,
      -0.0650113970041275
    ],
    [
      12.335551261901855,
      10.671097755432129,
      62.297157287597656,
      47.855281829833984,
      54.22874450683594,
      44.30299377441406,
      69.63983154296875,
      47.29540252685547,
      101.09174346923828,
      62.96014404296875,
      51.50983810424805,
      24.927743911743164,
      50.13935089111328,
      3.9535675048828125,
      19.62775993347168,
      0.03428759053349495,
      5.90422248840332,
      -0.03937007114291191
    ],
    [
      24.76559066772461,
      9.370850563049316,
      39.61863708496094,
      53.21016311645508,
      36.57606506347656,
      50.280887603759766,
      44.13051223754883,
      49.82050323486328,
      62.96014404296875,
      62.281105041503906,
      32.43678665161133,
      23.664241790771484,
      40.50856399536133,
      3.2490592002868652,
      17.327585220336914,
      0.013860048726201057,
      8.226187705993652,
      -0.054605815559625626
    ],
    [
      17.586896896362305,
      11.514492988586426,
      37.34624099731445,
      24.7998046875,
      32.74775314331055,
      24.098758697509766,
      47.966064453125,
      37.76062774658203,
      51.50983810424805,
      32.43678665161133,
      61.34367752075195,
      27.666410446166992,
      46.68977737426758,
      4.0483503341674805,
      15.410473823547363,
      0.031834542751312256,
      4.637938976287842,
      -0.022100236266851425
    ],
    [
      24.051183700561523,
      9.773801803588867,
      21.321575164794922,
      25.18500328063965,
      14.775567054748535,
      21.187782287597656,
      22.122365951538086,
      28.898584365844727,
      24.927743911743164,
      23.664241790771484,
      27.666410446166992,
      23.7686767578125,
      29.683120727539062,
      2.8120665550231934,
      10.340280532836914,
      0.013086957857012749,
      4.888206481933594,
      -0.030216500163078308
    ],
    [
      47.28022766113281,
      17.524385452270508,
      51.60968017578125,
      48.655479431152344,
      29.526958465576172,
      36.45276641845703,
      42.27299499511719,
      48.63523864746094,
      50.13935089111328,
      40.50856399536133,
      46.68977737426758,
      29.683120727539062,
      63.37485885620117,
      4.665336608886719,
      21.58226776123047,
      0.010835950262844563,
      10.363176345825195,
      -0.06450948119163513
    ],
    [
      3.586289405822754,
      1.6850900650024414,
      4.257354736328125,
      4.225922107696533,
      2.177746295928955,
      2.440974712371826,
      3.8199079036712646,
      3.8689846992492676,
      3.9535675048828125,
      3.2490592002868652,
      4.0483503341674805,
      2.8120665550231934,
      4.665336608886719,
      0.9280962944030762,
      1.475870966911316,
      0.004500304814428091,
      0.630320131778717,
      -0.004399270284920931
    ],
    [
      12.35051155090332,
      3.187391757965088,
      20.116718292236328,
      19.921955108642578,
      13.012635231018066,
      17.10917854309082,
      14.436930656433105,
      17.11206817626953,
      19.62775993347168,
      17.327585220336914,
      15.410473823547363,
      10.340280532836914,
      21.58226776123047,
      1.475870966911316,
      11.465750694274902,
      0.0008179931319318712,
      5.349133491516113,
      -0.026512380689382553
    ],
    [
      -0.017145594581961632,
      -0.0007809926173649728,
      0.009901018813252449,
      -0.0005266170483082533,
      0.0184758473187685,
      0.0014984669396653771,
      0.030558593571186066,
      0.0073920963332057,
      0.03428759053349495,
      0.013860048726201057,
      0.031834542751312256,
      0.013086957857012749,
      0.010835950262844563,
      0.004500304814428091,
      0.0008179931319318712,
      0.0003677846980281174,
      -0.003057891968637705,
      5.403479372034781e-05
    ],
    [
      8.81954288482666,
      1.6747753620147705,
      7.069704055786133,
      10.751230239868164,
      4.469981670379639,
      9.716813087463379,
      4.223777770996094,
      9.347485542297363,
      5.90422248840332,
      8.226187705993652,
      4.637938976287842,
      4.888206481933594,
      10.363176345825195,
      0.630320131778717,
      5.349133491516113,
      -0.003057891968637705,
      3.4365556240081787,
      -0.015897559002041817
    ],
    [
      -0.06462781876325607,
      -0.021004991605877876,
      -0.07797353714704514,
      -0.08557558059692383,
      -0.03263397887349129,
      -0.06370969861745834,
      -0.021177120506763458,
      -0.0650113970041275,
      -0.03937007114291191,
      -0.054605815559625626,
      -0.022100236266851425,
      -0.030216500163078308,
      -0.06450948119163513,
      -0.004399270284920931,
      -0.026512380689382553,
      5.403479372034781e-05,
      -0.015897559002041817,
      0.0005590555956587195
    ]
  ],
  "damage": -19.066951751708984,
  "diff_bandwidth": 637.309814453125,
  "dissonance": 3.506704493285402,
  "drr": -10.285634994506836,
  "dynamics": 5.628008842468262,
  "format": 1245190,
  "frames": 2747328,
  "loudness": -26.666461944580078,
  "loudness_range": 17.271093368530273,
  "loudness_range_short": 18.692724227905273,
  "lowpass_true_peak_15khz": -5.951153755187988,
  "mastering3_acoustic_entropies": [
    {
      "acoustic_entropy": 8.794190406799316,
      "acoustic_entropy_mono": 8.795164108276367,
      "band_eliminated_acoustic_entropies": [
        {
          "acoustic_entropy": 8.734647750854492,
          "acoustic_entropy_side": 8.794183731079102,
          "hz": 129.47220167065723
        },
        {
          "acoustic_entropy": 7.637504577636719,
          "acoustic_entropy_side": 8.794177055358887,
          "hz": 202.92927478742237
        },
        {
          "acoustic_entropy": 8.41330337524414,
          "acoustic_entropy_side": 8.800148963928223,
          "hz": 282.89161906338205
        },
        {
          "acoustic_entropy": 8.293126106262207,
          "acoustic_entropy_side": 8.799493789672852,
          "hz": 369.9353335868758
        },
        {
          "acoustic_entropy": 8.575613021850586,
          "acoustic_entropy_side": 8.79555892944336,
          "hz": 464.6875360973435
        },
        {
          "acoustic_entropy": 8.452202796936035,
          "acoustic_entropy_side": 8.793704986572266,
          "hz": 567.8308811364784
        },
        {
          "acoustic_entropy": 7.983283996582031,
          "acoustic_entropy_side": 8.782631874084473,
          "hz": 680.1084783214808
        },
        {
          "acoustic_entropy": 8.445770263671875,
          "acoustic_entropy_side": 8.783166885375977,
          "hz": 802.3292461747484
        },
        {
          "acoustic_entropy": 8.428764343261719,
          "acoustic_entropy_side": 8.79244613647461,
          "hz": 935.3737400823702
        },
        {
          "acoustic_entropy": 8.362262725830078,
          "acoustic_entropy_side": 8.800929069519043,
          "hz": 1080.2004963696966
        },
        {
          "acoustic_entropy": 8.508697509765625,
          "acoustic_entropy_side": 8.795241355895996,
          "hz": 1237.8529382007157
        },
        {
          "acoustic_entropy": 8.505395889282227,
          "acoustic_entropy_side": 8.79396915435791,
          "hz": 1409.4668930556702
        },
        {
          "acoustic_entropy": 8.483119010925293,
          "acoustic_entropy_side": 8.79661750793457,
          "hz": 1596.2787759475705
        },
        {
          "acoustic_entropy": 7.6645002365112305,
          "acoustic_entropy_side": 8.784465789794922,
          "hz": 1799.6344973346393
        },
        {
          "acoustic_entropy": 8.675930976867676,
          "acoustic_entropy_side": 8.784906387329102,
          "hz": 2020.9991599069049
        },
        {
          "acoustic_entropy": 8.314309120178223,
          "acoustic_entropy_side": 8.79141902923584,
          "hz": 2261.9676141086993
        },
        {
          "acoustic_entropy": 8.199207305908203,
          "acoustic_entropy_side": 8.79322624206543,
          "hz": 2524.2759484456974
        },
        {
          "acoustic_entropy": 8.609831809997559,
          "acoustic_entropy_side": 8.79392147064209,
          "hz": 2809.813997359896
        },
        {
          "acoustic_entropy": 8.599811553955078,
          "acoustic_entropy_side": 8.793876647949219,
          "hz": 3120.6389567871424
        },
        {
          "acoustic_entropy": 8.859029769897461,
          "acoustic_entropy_side": 8.794185638427734,
          "hz": 3458.990205492291
        },
        {
          "acoustic_entropy": 8.188260078430176,
          "acoustic_entropy_side": 8.794068336486816,
          "hz": 3827.305438964164
        },
        {
          "acoustic_entropy": 8.576994895935059,
          "acoustic_entropy_side": 8.794173240661621,
          "hz": 4228.238232109126
        },
        {
          "acoustic_entropy": 8.655704498291016,
          "acoustic_entropy_side": 8.794182777404785,
          "hz": 4664.6771572759235
        },
        {
          "acoustic_entropy": 8.789355278015137,
          "acoustic_entropy_side": 8.794189453125,
          "hz": 5139.766595350093
        },
        {
          "acoustic_entropy": 8.792691230773926,
          "acoustic_entropy_side": 8.794190406799316,
          "hz": 5656.929389854203
        },
        {
          "acoustic_entropy": 8.781290054321289,
          "acoustic_entropy_side": 8.794190406799316,
          "hz": 6219.891507268283
        },
        {
          "acoustic_entropy": 8.788952827453613,
          "acoustic_entropy_side": 8.794190406799316,
          "hz": 6832.70888123896
        },
        {
          "acoustic_entropy": 8.792969703674316,
          "acoustic_entropy_side": 8.794190406799316,
          "hz": 7499.796634079867
        },
        {
          "acoustic_entropy": 8.793350219726562,
          "acoustic_entropy_side": 8.794190406799316,
          "hz": 8225.96088609342
        },
        {
          "acoustic_entropy": 8.79392147064209,
          "acoustic_entropy_side": 8.794190406799316,
          "hz": 9016.43338188839
        },
        {
          "acoustic_entropy": 8.794017791748047,
          "acoustic_entropy_side": 8.794190406799316,
          "hz": 9876.909183162974
        },
        {
          "acoustic_entropy": 8.793892860412598,
          "acoustic_entropy_side": 8.794190406799316,
          "hz": 10813.587699516042
        },
        {
          "acoustic_entropy": 8.793756484985352,
          "acoustic_entropy_side": 8.794190406799316,
          "hz": 11833.21735289826
        },
        {
          "acoustic_entropy": 8.793985366821289,
          "acoustic_entropy_side": 8.794190406799316,
          "hz": 12943.144197493959
        },
        {
          "acoustic_entropy": 8.794139862060547,
          "acoustic_entropy_side": 8.794190406799316,
          "hz": 14151.364845322005
        },
        {
          "acoustic_entropy": 8.794182777404785,
          "acoustic_entropy_side": 8.794190406799316,
          "hz": 15466.58407886509
        },
        {
          "acoustic_entropy": 8.794190406799316,
          "acoustic_entropy_side": 8.794190406799316,
          "hz": 16898.27756580493
        },
        {
          "acoustic_entropy": 8.794190406799316,
          "acoustic_entropy_side": 8.794190406799316,
          "hz": 18456.760127700032
        },
        {
          "acoustic_entropy": 8.794190406799316,
          "acoustic_entropy_side": 8.794190406799316,
          "hz": 20153.260054456492
        },
        {
          "acoustic_entropy": 8.794189453125,
          "acoustic_entropy_side": 8.794190406799316,
          "hz": 22000.00000000001
        }
      ],
      "diff_acoustic_entropy": 2.728609085083008,
      "sn": 6
    },
    {
      "acoustic_entropy": 12.713557243347168,
      "acoustic_entropy_mono": 12.432097434997559,
      "band_eliminated_acoustic_entropies": [
        {
          "acoustic_entropy": 12.641976356506348,
          "acoustic_entropy_side": 12.713556289672852,
          "hz": 129.47220167065723
        },
        {
          "acoustic_entropy": 11.748361587524414,
          "acoustic_entropy_side": 12.69521713256836,
          "hz": 202.92927478742237
        },
        {
          "acoustic_entropy": 11.939071655273438,
          "acoustic_entropy_side": 12.616003036499023,
          "hz": 282.89161906338205
        },
        {
          "acoustic_entropy": 13.081110000610352,
          "acoustic_entropy_side": 12.726655960083008,
          "hz": 369.9353335868758
        },
        {
          "acoustic_entropy": 12.160505294799805,
          "acoustic_entropy_side": 12.744047164916992,
          "hz": 464.6875360973435
        },
        {
          "acoustic_entropy": 12.80228328704834,
          "acoustic_entropy_side": 12.686119079589844,
          "hz": 567.8308811364784
        },
        {
          "acoustic_entropy": 11.797690391540527,
          "acoustic_entropy_side": 12.37985897064209,
          "hz": 680.1084783214808
        },
        {
          "acoustic_entropy": 12.05739688873291,
          "acoustic_entropy_side": 12.62781047821045,
          "hz": 802.3292461747484
        },
        {
          "acoustic_entropy": 13.105765342712402,
          "acoustic_entropy_side": 12.726173400878906,
          "hz": 935.3737400823702
        },
        {
          "acoustic_entropy": 14.02608585357666,
          "acoustic_entropy_side": 12.707650184631348,
          "hz": 1080.2004963696966
        },
        {
          "acoustic_entropy": 13.15719223022461,
          "acoustic_entropy_side": 12.656047821044922,
          "hz": 1237.8529382007157
        },
        {
          "acoustic_entropy": 12.01573371887207,
          "acoustic_entropy_side": 12.705358505249023,
          "hz": 1409.4668930556702
        },
        {
          "acoustic_entropy": 11.943197250366211,
          "acoustic_entropy_side": 12.728501319885254,
          "hz": 1596.2787759475705
        },
        {
          "acoustic_entropy": 11.379668235778809,
          "acoustic_entropy_side": 12.570207595825195,
          "hz": 1799.6344973346393
        },
        {
          "acoustic_entropy": 11.97616958618164,
          "acoustic_entropy_side": 12.51370906829834,
          "hz": 2020.9991599069049
        },
        {
          "acoustic_entropy": 12.807953834533691,
          "acoustic_entropy_side": 12.647927284240723,
          "hz": 2261.9676141086993
        },
        {
          "acoustic_entropy": 13.33646011352539,
          "acoustic_entropy_side": 12.717423439025879,
          "hz": 2524.2759484456974
        },
        {
          "acoustic_entropy": 12.709165573120117,
          "acoustic_entropy_side": 12.716567993164062,
          "hz": 2809.813997359896
        },
        {
          "acoustic_entropy": 12.426606178283691,
          "acoustic_entropy_side": 12.71574878692627,
          "hz": 3120.6389567871424
        },
        {
          "acoustic_entropy": 12.382052421569824,
          "acoustic_entropy_side": 12.714249610900879,
          "hz": 3458.990205492291
        },
        {
          "acoustic_entropy": 12.852828979492188,
          "acoustic_entropy_side": 12.713859558105469,
          "hz": 3827.305438964164
        },
        {
          "acoustic_entropy": 12.73791790008545,
          "acoustic_entropy_side": 12.713624000549316,
          "hz": 4228.238232109126
        },
        {
          "acoustic_entropy": 12.741326332092285,
          "acoustic_entropy_side": 12.713598251342773,
          "hz": 4664.6771572759235
        },
        {
          "acoustic_entropy": 12.65311336517334,
          "acoustic_entropy_side": 12.71356201171875,
          "hz": 5139.766595350093
        },
        {
          "acoustic_entropy": 12.680093765258789,
          "acoustic_entropy_side": 12.713556289672852,
          "hz": 5656.929389854203
        },
        {
          "acoustic_entropy": 12.744463920593262,
          "acoustic_entropy_side": 12.713557243347168,
          "hz": 6219.891507268283
        },
        {
          "acoustic_entropy": 12.726889610290527,
          "acoustic_entropy_side": 12.713556289672852,
          "hz": 6832.70888123896
        },
        {
          "acoustic_entropy": 12.715682029724121,
          "acoustic_entropy_side": 12.713557243347168,
          "hz": 7499.796634079867
        },
        {
          "acoustic_entropy": 12.715667724609375,
          "acoustic_entropy_side": 12.713557243347168,
          "hz": 8225.96088609342
        },
        {
          "acoustic_entropy": 12.71450138092041,
          "acoustic_entropy_side": 12.713557243347168,
          "hz": 9016.43338188839
        },
        {
          "acoustic_entropy": 12.714300155639648,
          "acoustic_entropy_side": 12.713557243347168,
          "hz": 9876.909183162974
        },
        {
          "acoustic_entropy": 12.714387893676758,
          "acoustic_entropy_side": 12.713557243347168,
          "hz": 10813.587699516042
        },
        {
          "acoustic_entropy": 12.714507102966309,
          "acoustic_entropy_side": 12.713557243347168,
          "hz": 11833.21735289826
        },
        {
          "acoustic_entropy": 12.714086532592773,
          "acoustic_entropy_side": 12.713557243347168,
          "hz": 12943.144197493959
        },
        {
          "acoustic_entropy": 12.713644981384277,
          "acoustic_entropy_side": 12.713557243347168,
          "hz": 14151.364845322005
        },
        {
          "acoustic_entropy": 12.713571548461914,
          "acoustic_entropy_side": 12.713557243347168,
          "hz": 15466.58407886509
        },
        {
          "acoustic_entropy": 12.713544845581055,
          "acoustic_entropy_side": 12.713557243347168,
          "hz": 16898.27756580493
        },
        {
          "acoustic_entropy": 12.7135591506958,
          "acoustic_entropy_side": 12.713557243347168,
          "hz": 18456.760127700032
        },
        {
          "acoustic_entropy": 12.713578224182129,
          "acoustic_entropy_side": 12.713557243347168,
          "hz": 20153.260054456492
        },
        {
          "acoustic_entropy": 12.713589668273926,
          "acoustic_entropy_side": 12.713557243347168,
          "hz": 22000.00000000001
        }
      ],
      "diff_acoustic_entropy": 3.8328359127044678,
      "sn": 12
    },
    {
      "acoustic_entropy": 18.141036987304688,
      "acoustic_entropy_mono": 17.72344207763672,
      "band_eliminated_acoustic_entropies": [
        {
          "acoustic_entropy": 17.98455810546875,
          "acoustic_entropy_side": 18.14406967163086,
          "hz": 129.47220167065723
        },
        {
          "acoustic_entropy": 18.5089111328125,
          "acoustic_entropy_side": 18.186368942260742,
          "hz": 202.92927478742237
        },
        {
          "acoustic_entropy": 18.51481819152832,
          "acoustic_entropy_side": 18.391998291015625,
          "hz": 282.89161906338205
        },
        {
          "acoustic_entropy": 18.258342742919922,
          "acoustic_entropy_side": 18.03321075439453,
          "hz": 369.9353335868758
        },
        {
          "acoustic_entropy": 18.792510986328125,
          "acoustic_entropy_side": 18.150320053100586,
          "hz": 464.6875360973435
        },
        {
          "acoustic_entropy": 18.792287826538086,
          "acoustic_entropy_side": 18.183320999145508,
          "hz": 567.8308811364784
        },
        {
          "acoustic_entropy": 18.328739166259766,
          "acoustic_entropy_side": 17.856281280517578,
          "hz": 680.1084783214808
        },
        {
          "acoustic_entropy": 19.07877540588379,
          "acoustic_entropy_side": 17.35101890563965,
          "hz": 802.3292461747484
        },
        {
          "acoustic_entropy": 17.89190673828125,
          "acoustic_entropy_side": 18.374568939208984,
          "hz": 935.3737400823702
        },
        {
          "acoustic_entropy": 18.87507438659668,
          "acoustic_entropy_side": 18.8245849609375,
          "hz": 1080.2004963696966
        },
        {
          "acoustic_entropy": 18.612897872924805,
          "acoustic_entropy_side": 18.10409927368164,
          "hz": 1237.8529382007157
        },
        {
          "acoustic_entropy": 18.24903678894043,
          "acoustic_entropy_side": 18.128475189208984,
          "hz": 1409.4668930556702
        },
        {
          "acoustic_entropy": 17.699201583862305,
          "acoustic_entropy_side": 18.524375915527344,
          "hz": 1596.2787759475705
        },
        {
          "acoustic_entropy": 17.976490020751953,
          "acoustic_entropy_side": 17.767730712890625,
          "hz": 1799.6344973346393
        },
        {
          "acoustic_entropy": 18.065908432006836,
          "acoustic_entropy_side": 17.8824520111084,
          "hz": 2020.9991599069049
        },
        {
          "acoustic_entropy": 17.84619903564453,
          "acoustic_entropy_side": 18.251874923706055,
          "hz": 2261.9676141086993
        },
        {
          "acoustic_entropy": 17.375423431396484,
