{
  "acoustic_entropy": 113.84297943115234,
  "bands": [
    {
      "high_freq": 148.1999969482422,
      "loudness": -32.09471130371094,
      "loudness_range": 11.925369262695312,
      "mid_mean": -28.60533905029297,
      "mid_to_side_loudness": -18.645097732543945,
      "mid_to_side_loudness_range": 16.743709564208984,
      "side_mean": -50.086246490478516
    },
    {
      "high_freq": 392.3793640136719,
      "loudness": -33.43326950073242,
      "loudness_range": 18.39790916442871,
      "low_freq": 148.1999969482422,
      "mid_mean": -29.95069694519043,
      "mid_to_side_loudness": -15.984814643859863,
      "mid_to_side_loudness_range": 14.515182495117188,
      "side_mean": -46.612327575683594
    },
    {
      "high_freq": 794.6976318359375,
      "loudness": -35.120155334472656,
      "loudness_range": 28.64375114440918,
      "low_freq": 392.3793640136719,
      "mid_mean": -31.66885757446289,
      "mid_to_side_loudness": -14.530855178833008,
      "mid_to_side_loudness_range": 14.23431396484375,
      "side_mean": -46.416015625
    },
    {
      "high_freq": 1457.5709228515625,
      "loudness": -42.645137786865234,
      "loudness_range": 33.189353942871094,
      "low_freq": 794.6976318359375,
      "mid_mean": -39.285728454589844,
      "mid_to_side_loudness": -15.382730484008789,
      "mid_to_side_loudness_range": 14.685104370117188,
      "side_mean": -56.17836380004883
    },
    {
      "high_freq": 2549.74365234375,
      "loudness": -47.08280944824219,
      "loudness_range": 37.792816162109375,
      "low_freq": 1457.5709228515625,
      "mid_mean": -47.824005126953125,
      "mid_to_side_loudness": -13.931493759155273,
      "mid_to_side_loudness_range": 15.963432312011719,
      "side_mean": -60.02002716064453
    },
    {
      "high_freq": 4349.24462890625,
      "loudness": -57.02083969116211,
      "loudness_range": 32.143096923828125,
      "low_freq": 2549.74365234375,
      "mid_mean": -57.72153091430664,
      "mid_to_side_loudness": -15.979179382324219,
      "mid_to_side_loudness_range": 19.621288299560547,
      "side_mean": -66.70307159423828
    },
    {
      "high_freq": 7314.1640625,
      "loudness": -48.86782455444336,
      "loudness_range": 36.68852996826172,
      "low_freq": 4349.24462890625,
      "mid_mean": -59.953155517578125,
      "mid_to_side_loudness": -18.390478134155273,
      "mid_to_side_loudness_range": 21.192066192626953,
      "side_mean": -66.67637634277344
    },
    {
      "high_freq": 12199.2666015625,
      "loudness": -45.60619354248047,
      "loudness_range": 22.35601043701172,
      "low_freq": 7314.1640625,
      "mid_mean": -62.602386474609375,
      "mid_to_side_loudness": -25.792396545410156,
      "mid_to_side_loudness_range": 33.956275939941406,
      "side_mean": -68.6349868774414
    },
    {
      "loudness": -50.46967315673828,
      "loudness_range": 21.645370483398438,
      "low_freq": 12199.2666015625,
      "mid_mean": -64.2415771484375,
      "mid_to_side_loudness": -16.79033660888672,
      "mid_to_side_loudness_range": 31.061182022094727,
      "side_mean": -69.7114486694336
    }
  ],
  "bands_short": [
    {
      "high_freq": 148.1999969482422,
      "loudness": -35.609806060791016,
      "loudness_range": 17.70743179321289,
      "mid_mean": -32.30683517456055,
      "mid_to_side_loudness": -18.78491973876953,
      "mid_to_side_loudness_range": 23.36479377746582,
      "side_mean": -53.48995590209961
    },
    {
      "high_freq": 392.3793640136719,
      "loudness": -31.612289428710938,
      "loudness_range": 15.975263595581055,
      "low_freq": 148.1999969482422,
      "mid_mean": -28.120708465576172,
      "mid_to_side_loudness": -17.098251342773438,
      "mid_to_side_loudness_range": 17.81325340270996,
      "side_mean": -45.612247467041016
    },
    {
      "high_freq": 794.6976318359375,
      "loudness": -34.77199172973633,
      "loudness_range": 28.232954025268555,
      "low_freq": 392.3793640136719,
      "mid_mean": -31.58169937133789,
      "mid_to_side_loudness": -13.95167064666748,
      "mid_to_side_loudness_range": 16.649675369262695,
      "side_mean": -46.2037239074707
    },
    {
      "high_freq": 1457.5709228515625,
      "loudness": -42.25273132324219,
      "loudness_range": 33.261260986328125,
      "low_freq": 794.6976318359375,
      "mid_mean": -39.3551025390625,
      "mid_to_side_loudness": -14.736926078796387,
      "mid_to_side_loudness_range": 17.552127838134766,
      "side_mean": -55.9466552734375
    },
    {
      "high_freq": 2549.74365234375,
      "loudness": -46.70766830444336,
      "loudness_range": 37.08580017089844,
      "low_freq": 1457.5709228515625,
      "mid_mean": -50.00041198730469,
      "mid_to_side_loudness": -13.351811408996582,
      "mid_to_side_loudness_range": 17.742650985717773,
      "side_mean": -60.162513732910156
    },
    {
      "high_freq": 4349.24462890625,
      "loudness": -57.76778030395508,
      "loudness_range": 32.61536407470703,
      "low_freq": 2549.74365234375,
      "mid_mean": -58.001014709472656,
      "mid_to_side_loudness": -15.586063385009766,
      "mid_to_side_loudness_range": 19.247465133666992,
      "side_mean": -66.73523712158203
    },
    {
      "high_freq": 7314.1640625,
      "loudness": -51.35441970825195,
      "loudness_range": 38.72359848022461,
      "low_freq": 4349.24462890625,
      "mid_mean": -60.3873405456543,
      "mid_to_side_loudness": -17.802669525146484,
      "mid_to_side_loudness_range": 21.364761352539062,
      "side_mean": -66.76712799072266
    },
    {
      "high_freq": 12199.2666015625,
      "loudness": -46.44840621948242,
      "loudness_range": 25.009140014648438,
      "low_freq": 7314.1640625,
      "mid_mean": -62.975196838378906,
      "mid_to_side_loudness": -24.85843276977539,
      "mid_to_side_loudness_range": 32.2974853515625,
      "side_mean": -68.67306518554688
    },
    {
      "loudness": -51.48947525024414,
      "loudness_range": 25.291522979736328,
      "low_freq": 12199.2666015625,
      "mid_mean": -64.67723846435547,
      "mid_to_side_loudness": -15.524155616760254,
      "mid_to_side_loudness_range": 21.244152069091797,
      "side_mean": -69.74207305908203
    }
  ],
  "bandwidth": 512.0161743164062,
  "channels": 2,
  "covariance": [
    [
      33.59028625488281,
      18.785205841064453,
      0.32808321714401245,
      3.9301888942718506,
      -1.7651305198669434,
      1.8129992485046387,
      -7.656756401062012,
      2.1907432079315186,
      -9.26190185546875,
      -7.2572150230407715,
      -8.051345825195312,
      -3.8226468563079834,
      -18.451217651367188,
      -9.2991361618042,
      -15.075017929077148,
      -4.5491814613342285,
      -11.649862289428711,
      -0.5777322053909302
    ],
    [
      18.785205841064453,
      67.15060424804688,
      2.151078701019287,
      9.094369888305664,
      -1.2791942358016968,
      4.451046943664551,
      -4.875728607177734,
      29.176631927490234,
      2.2887940406799316,
      17.596229553222656,
      19.7239933013916,
      6.348553657531738,
      12.244845390319824,
      6.357935428619385,
      11.176036834716797,
      3.6769344806671143,
      11.729076385498047,
      0.9178335070610046
    ],
    [
      0.32808321714401245,
      2.151078701019287,
      41.967342376708984,
      34.69926834106445,
      42.21506118774414,
      38.327640533447266,
      47.8958740234375,
      38.804195404052734,
      64.11058807373047,
      40.23116683959961,
      43.559242248535156,
      14.855932235717773,
      42.979251861572266,
      19.26471519470215,
      31.708820343017578,
      8.608539581298828,
      25.87189483642578,
      1.4901092052459717
    ],
    [
      3.9301888942718506,
      9.094369888305664,
      34.69926834106445,
      47.37718963623047,
      40.7368278503418,
      41.80891418457031,
      46.11845016479492,
      46.15749740600586,
      68.6805191040039,
      46.5107536315918,
      46.87793731689453,
      17.30022621154785,
      45.08628463745117,
      21.20966911315918,
      33.477439880371094,
      9.43144702911377,
      27.375816345214844,
      1.6319479942321777
    ],
    [
      -1.7651305198669434,
      -1.2791942358016968,
      42.21506118774414,
      40.7368278503418,
      98.88706970214844,
      81.08941650390625,
      100.50981903076172,
      78.4738998413086,
      120.51791381835938,
      79.06792449951172,
      84.57897186279297,
      31.60488510131836,
      84.18162536621094,
      37.453433990478516,
      60.838504791259766,
      16.23181915283203,
      48.74223709106445,
      2.7958266735076904
    ],
    [
      1.8129992485046387,
      4.451046943664551,
      38.327640533447266,
      41.80891418457031,
      81.08941650390625,
      83.63731384277344,
      87.21001434326172,
      77.66458892822266,
      108.85276794433594,
      76.8173828125,
      75.38117980957031,
      30.108688354492188,
      73.59608459472656,
      34.305782318115234,
      53.69218826293945,
      15.069244384765625,
      43.547969818115234,
      2.582625150680542
    ],
    [
      -7.656756401062012,
      -4.875728607177734,
      47.8958740234375,
      46.11845016479492,
      100.50981903076172,
      87.21001434326172,
      124.12854766845703,
      92.90369415283203,
      142.94515991210938,
      96.65026092529297,
      103.05950164794922,
      39.24776840209961,
      101.62550354003906,
      46.04037094116211,
      73.6108627319336,
      20.071365356445312,
      58.69992446899414,
      3.499812126159668
    ],
    [
      2.1907432079315186,
      29.176631927490234,
      38.804195404052734,
      46.15749740600586,
      78.4738998413086,
      77.66458892822266,
      92.90369415283203,
      96.33967590332031,
      116.13719940185547,
      87.84423828125,
      88.79530334472656,
      34.14570617675781,
      83.9619369506836,
      38.283878326416016,
      61.33966827392578,
      16.377992630004883,
      49.17195510864258,
      2.83819317817688
    ],
    [
      -9.26190185546875,
      2.2887940406799316,
      64.11058807373047,
      68.6805191040039,
      120.51791381835938,
      108.85276794433594,
      142.94515991210938,
      116.13719940185547,
      202.70997619628906,
      138.79183959960938,
      144.7255859375,
      57.081058502197266,
      161.6373291015625,
      75.15850830078125,
      120.08238220214844,
      32.982234954833984,
      95.48741912841797,
      5.5997514724731445
    ],
    [
      -7.2572150230407715,
      17.596229553222656,
      40.23116683959961,
      46.5107536315918,
      79.06792449951172,
      76.8173828125,
      96.65026092529297,
      87.84423828125,
      138.79183959960938,
      106.65935516357422,
      104.01851654052734,
      45.157413482666016,
      120.75701904296875,
      59.089599609375,
      91.99693298339844,
      26.108306884765625,
      73.54703521728516,
      4.504380226135254
    ],
    [
      -8.051345825195312,
      19.7239933013916,
      43.559242248535156,
      46.87793731689453,
      84.57897186279297,
      75.38117980957031,
      103.05950164794922,
      88.79530334472656,
      144.7255859375,
      104.01851654052734,
      120.5317611694336,
      46.29637145996094,
      124.29115295410156,
      55.51386260986328,
      89.28068542480469,
      23.732864379882812,
      70.78133392333984,
      4.0824127197265625
    ],
    [
      -3.8226468563079834,
      6.348553657531738,
      14.855932235717773,
      17.30022621154785,
      31.60488510131836,
      30.108688354492188,
      39.24776840209961,
      34.14570617675781,
      57.081058502197266,
      45.157413482666016,
      46.29637145996094,
      22.347990036010742,
      55.02949905395508,
      28.255237579345703,
      41.717681884765625,
      12.552958488464355,
      33.6473274230957,
      2.2215864658355713
    ],
    [
      -18.451217651367188,
      12.244845390319824,
      42.979251861572266,
      45.08628463745117,
      84.18162536621094,
      73.59608459472656,
      101.62550354003906,
      83.9619369506836,
      161.6373291015625,
      120.75701904296875,
      124.29115295410156,
      55.02949905395508,
      182.92225646972656,
      87.8581314086914,
      144.0920867919922,
      39.374210357666016,
      116.63475036621094,
      6.660758972167969
    ],
    [
      -9.2991361618042,
      6.357935428619385,
      19.26471519470215,
      21.20966911315918,
      37.453433990478516,
      34.305782318115234,
      46.04037094116211,
      38.283878326416016,
      75.15850830078125,
      59.089599609375,
      55.51386260986328,
      28.255237579345703,
      87.8581314086914,
      46.82932662963867,
      71.66031646728516,
      21.603069305419922,
      58.871437072753906,
      3.7193493843078613
    ],
    [
      -15.075017929077148,
      11.176036834716797,
      31.708820343017578,
      33.477439880371094,
      60.838504791259766,
      53.69218826293945,
      73.6108627319336,
      61.33966827392578,
      120.08238220214844,
      91.99693298339844,
      89.28068542480469,
      41.717681884765625,
      144.0920867919922,
      71.66031646728516,
      120.0644760131836,
      33.52811813354492,
      98.83153533935547,
      5.711469650268555
    ],
    [
      -4.5491814613342285,
      3.6769344806671143,
      8.608539581298828,
      9.43144702911377,
      16.23181915283203,
      15.069244384765625,
      20.071365356445312,
      16.377992630004883,
      32.982234954833984,
      26.108306884765625,
      23.732864379882812,
      12.552958488464355,
      39.374210357666016,
      21.603069305419922,
      33.52811813354492,
      10.721048355102539,
      28.324546813964844,
      1.9183368682861328
    ],
    [
      -11.649862289428711,
      11.729076385498047,
      25.87189483642578,
      27.375816345214844,
      48.74223709106445,
      43.547969818115234,
      58.69992446899414,
      49.17195510864258,
      95.48741912841797,
      73.54703521728516,
      70.78133392333984,
      33.6473274230957,
      116.63475036621094,
      58.871437072753906,
      98.83153533935547,
      28.324546813964844,
      83.9134292602539,
      4.940720558166504
    ],
    [
      -0.5777322053909302,
      0.9178335070610046,
      1.4901092052459717,
      1.6319479942321777,
      2.7958266735076904,
      2.582625150680542,
      3.499812126159668,
      2.83819317817688,
      5.5997514724731445,
      4.504380226135254,
      4.0824127197265625,
      2.2215864658355713,
      6.660758972167969,
      3.7193493843078613,
      5.711469650268555,
      1.9183368682861328,
      4.940720558166504,
      0.45004040002822876
    ]
  ],
  "covariance_short": [
    [
      49.65532684326172,
      18.452651977539062,
      7.337873935699463,
      5.038846015930176,
      0.22577612102031708,
      3.484288454055786,
      -3.91162109375,
      4.154792785644531,
      -3.8153841495513916,
      -3.3780460357666016,
      -4.21021842956543,
      -1.811462163925171,
      -8.940747261047363,
      -4.313449859619141,
      -6.696864128112793,
      -2.2554216384887695,
      -4.211730480194092,
      -0.31451329588890076
    ],
    [
      18.452651977539062,
      68.83037567138672,
      4.028995037078857,
      9.081517219543457,
      -1.2737877368927002,
      4.505370616912842,
      -0.885956883430481,
      27.26343536376953,
      34.85693359375,
      20.61817741394043,
      20.01067352294922,
      8.048848152160645,
      20.872188568115234,
      11.39102554321289,
      19.22995948791504,
      6.107656478881836,
      17.654193878173828,
      1.169677972793579
    ],
    [
      7.337873935699463,
      4.028995037078857,
      32.95000076293945,
      20.75576400756836,
      28.75374984741211,
      26.922468185424805,
      35.29413604736328,
      28.01691436767578,
      44.435516357421875,
      26.90712547302246,
      29.5520076751709,
      10.044297218322754,
      26.568599700927734,
      11.910207748413086,
      19.527952194213867,
      5.4533772468566895,
      15.577899932861328,
      0.811518132686615
    ],
    [
      5.038846015930176,
      9.081517219543457,
      20.75576400756836,
      36.62705993652344,
      28.97037696838379,
      31.350072860717773,
      34.47736740112305,
      36.245445251464844,
      50.35959243774414,
      34.27342987060547,
      33.68851089477539,
      12.7391939163208,
      32.119056701660156,
      15.71690845489502,
      23.8817195892334,
      7.03054666519165,
      18.945507049560547,
      1.058580994606018
    ],
    [
      0.22577612102031708,
      -1.2737877368927002,
      28.75374984741211,
      28.97037696838379,
      100.2942123413086,
      75.94342041015625,
      102.79271697998047,
      76.81327056884766,
      118.50911712646484,
      76.66156768798828,
      81.99603271484375,
      30.601482391357422,
      80.21698760986328,
      36.00981903076172,
      57.499874114990234,
      15.724946975708008,
      44.127655029296875,
      2.3039119243621826
    ],
    [
      3.484288454055786,
      4.505370616912842,
      26.922468185424805,
      31.350072860717773,
      75.94342041015625,
      81.48410034179688,
      85.17255401611328,
      76.0537338256836,
      105.14154052734375,
      74.487060546875,
      71.74725341796875,
      29.241003036499023,
      69.27985382080078,
      33.43793869018555,
      50.162384033203125,
      14.606269836425781,
      38.975669860839844,
      2.157951593399048
    ],
    [
      -3.91162109375,
      -0.885956883430481,
      35.29413604736328,
      34.47736740112305,
      102.79271697998047,
      85.17255401611328,
      133.47613525390625,
      95.05729675292969,
      146.04103088378906,
      96.68993377685547,
      103.83082580566406,
      39.36417770385742,
      98.84973907470703,
      45.04463195800781,
      70.1889419555664,
      19.574607849121094,
      53.56435775756836,
      2.918727159500122
    ],
    [
      4.154792785644531,
      27.26343536376953,
      28.01691436767578,
      36.245445251464844,
      76.81327056884766,
      76.0537338256836,
      95.05729675292969,
      99.8697738647461,
      130.00613403320312,
      87.38863372802734,
      87.56582641601562,
      33.932926177978516,
      79.78581237792969,
      37.18453598022461,
      57.491127014160156,
      15.799456596374512,
      44.2050895690918,
      2.367891550064087
    ],
    [
      -3.8153841495513916,
      34.85693359375,
      44.435516357421875,
      50.35959243774414,
      118.50911712646484,
      105.14154052734375,
      146.04103088378906,
      130.00613403320312,
      219.78585815429688,
      141.7936248779297,
      151.21295166015625,
      57.18949890136719,
      157.58053588867188,
      71.9522705078125,
      114.72149658203125,
      31.337501525878906,
      86.7764892578125,
      4.7608962059021
    ],
    [
      -3.3780460357666016,
      20.61817741394043,
      26.90712547302246,
      34.27342987060547,
      76.66156768798828,
      74.487060546875,
      96.68993377685547,
      87.38863372802734,
      141.7936248779297,
      106.50686645507812,
      101.09741973876953,
      44.844905853271484,
      115.49068450927734,
      58.06696701049805,
      86.95526885986328,
      25.559656143188477,
      66.5971450805664,
      3.875345468521118
    ],
    [
      -4.21021842956543,
      20.01067352294922,
      29.5520076751709,
      33.68851089477539,
      81.99603271484375,
      71.74725341796875,
      103.83082580566406,
      87.56582641601562,
      151.21295166015625,
      101.09741973876953,
      118.5015640258789,
      45.018245697021484,
      117.9217300415039,
      52.97629928588867,
      83.10789489746094,
      22.617212295532227,
      63.132694244384766,
      3.404588460922241
    ],
    [
      -1.811462163925171,
      8.048848152160645,
      10.044297218322754,
      12.7391939163208,
      30.601482391357422,
      29.241003036499023,
      39.36417770385742,
      33.932926177978516,
      57.18949890136719,
      44.844905853271484,
      45.018245697021484,
      22.557586669921875,
      52.6899299621582,
      27.84949493408203,
      39.5500373840332,
      12.350780487060547,
      30.54067611694336,
      1.9179083108901978
    ],
    [
      -8.940747261047363,
      20.872188568115234,
      26.568599700927734,
      32.119056701660156,
      80.21698760986328,
      69.27985382080078,
      98.84973907470703,
      79.78581237792969,
      157.58053588867188,
      115.49068450927734,
      117.9217300415039,
      52.6899299621582,
      170.9528350830078,
      82.993408203125,
      133.1074676513672,
      37.225730895996094,
      103.60274505615234,
      5.428357124328613
    ],
    [
      -4.313449859619141,
      11.39102554321289,
      11.910207748413086,
      15.71690845489502,
      36.00981903076172,
      33.43793869018555,
      45.04463195800781,
      37.18453598022461,
      71.9522705078125,
      58.06696701049805,
      52.97629928588867,
      27.84949493408203,
      82.993408203125,
      45.956520080566406,
      67.17181396484375,
      21.078519821166992,
      52.713722229003906,
      3.201998233795166
    ],
    [
      -6.696864128112793,
      19.22995948791504,
      19.527952194213867,
      23.8817195892334,
      57.499874114990234,
      50.162384033203125,
      70.1889419555664,
      57.491127014160156,
      114.72149658203125,
      86.95526885986328,
      83.10789489746094,
      39.5500373840332,
      133.1074676513672,
      67.17181396484375,
      111.1646728515625,
      31.4527645111084,
      88.08822631835938,
      4.568770885467529
    ],
    [
      -2.2554216384887695,
      6.107656478881836,
      5.4533772468566895,
      7.03054666519165,
      15.724946975708008,
      14.606269836425781,
      19.574607849121094,
      15.799456596374512,
      31.337501525878906,
      25.559656143188477,
      22.617212295532227,
      12.350780487060547,
      37.225730895996094,
      21.078519821166992,
      31.4527645111084,
      10.607277870178223,
      25.2945499420166,
      1.6642042398452759
    ],
    [
      -4.211730480194092,
      17.654193878173828,
      15.577899932861328,
      18.945507049560547,
      44.127655029296875,
      38.975669860839844,
      53.56435775756836,
      44.2050895690918,
      86.7764892578125,
      66.5971450805664,
      63.132694244384766,
      30.54067611694336,
      103.60274505615234,
      52.713722229003906,
      88.08822631835938,
      25.2945499420166,
      73.37651824951172,
      3.5313165187835693
    ],
    [
      -0.31451329588890076,
      1.169677972793579,
      0.811518132686615,
      1.058580994606018,
      2.3039119243621826,
      2.157951593399048,
      2.918727159500122,
      2.367891550064087,
      4.7608962059021,
      3.875345468521118,
      3.404588460922241,
      1.9179083108901978,
      5.428357124328613,
      3.201998233795166,
      4.568770885467529,
      1.6642042398452759,
      3.5313165187835693,
      0.5162388682365417
    ]
  ],
  "damage": -15.309263229370117,
  "diff_bandwidth": 491.5484924316406,
  "dissonance": 5.871287364747625,
  "drr": 10.82209587097168,
  "dynamics": 4.782976150512695,
  "format": 1245190,
  "frames": 3053504,
  "loudness": -22.49545669555664,
  "loudness_range": 14.496119499206543,
  "loudness_range_short": 16.44808578491211,
  "lowpass_true_peak_15khz": -3.2436163425445557,
  "mastering3_acoustic_entropies": [
    {
      "acoustic_entropy": 7.051183700561523,
      "acoustic_entropy_mono": 7.126049041748047,
      "band_eliminated_acoustic_entropies": [
        {
          "acoustic_entropy": 7.183113098144531,
          "acoustic_entropy_side": 7.051257610321045,
          "hz": 129.47220167065723
        },
        {
          "acoustic_entropy": 6.081556797027588,
          "acoustic_entropy_side": 7.052445888519287,
          "hz": 202.92927478742237
        },
        {
          "acoustic_entropy": 7.217939853668213,
          "acoustic_entropy_side": 7.060971736907959,
          "hz": 282.89161906338205
        },
        {
          "acoustic_entropy": 6.468649864196777,
          "acoustic_entropy_side": 7.056966304779053,
          "hz": 369.9353335868758
        },
        {
          "acoustic_entropy": 7.416864395141602,
          "acoustic_entropy_side": 7.050395488739014,
          "hz": 464.6875360973435
        },
        {
          "acoustic_entropy": 7.284814834594727,
          "acoustic_entropy_side": 7.061820030212402,
          "hz": 567.8308811364784
        },
        {
          "acoustic_entropy": 7.350983142852783,
          "acoustic_entropy_side": 7.075348854064941,
          "hz": 680.1084783214808
        },
        {
          "acoustic_entropy": 6.952719688415527,
          "acoustic_entropy_side": 7.077358245849609,
          "hz": 802.3292461747484
        },
        {
          "acoustic_entropy": 7.097925662994385,
          "acoustic_entropy_side": 7.070802688598633,
          "hz": 935.3737400823702
        },
        {
          "acoustic_entropy": 6.914576053619385,
          "acoustic_entropy_side": 7.058272838592529,
          "hz": 1080.2004963696966
        },
        {
          "acoustic_entropy": 7.028167724609375,
          "acoustic_entropy_side": 7.051634311676025,
          "hz": 1237.8529382007157
        },
        {
          "acoustic_entropy": 7.136482238769531,
          "acoustic_entropy_side": 7.048677921295166,
          "hz": 1409.4668930556702
        },
        {
          "acoustic_entropy": 7.2375311851501465,
          "acoustic_entropy_side": 7.045381546020508,
          "hz": 1596.2787759475705
        },
        {
          "acoustic_entropy": 7.155496597290039,
          "acoustic_entropy_side": 7.04789400100708,
          "hz": 1799.6344973346393
        },
        {
          "acoustic_entropy": 7.169728755950928,
          "acoustic_entropy_side": 7.055063247680664,
          "hz": 2020.9991599069049
        },
        {
          "acoustic_entropy": 7.139111518859863,
          "acoustic_entropy_side": 7.05177116394043,
          "hz": 2261.9676141086993
        },
        {
          "acoustic_entropy": 6.970092296600342,
          "acoustic_entropy_side": 7.045867919921875,
          "hz": 2524.2759484456974
        },
        {
          "acoustic_entropy": 7.033551216125488,
          "acoustic_entropy_side": 7.05100679397583,
          "hz": 2809.813997359896
        },
        {
          "acoustic_entropy": 7.039031982421875,
          "acoustic_entropy_side": 7.051151275634766,
          "hz": 3120.6389567871424
        },
        {
          "acoustic_entropy": 7.052475929260254,
          "acoustic_entropy_side": 7.051181793212891,
          "hz": 3458.990205492291
        },
        {
          "acoustic_entropy": 7.040812969207764,
          "acoustic_entropy_side": 7.0511794090271,
          "hz": 3827.305438964164
        },
        {
          "acoustic_entropy": 7.057433605194092,
          "acoustic_entropy_side": 7.051183223724365,
          "hz": 4228.238232109126
        },
        {
          "acoustic_entropy": 7.051877498626709,
          "acoustic_entropy_side": 7.051183223724365,
          "hz": 4664.6771572759235
        },
        {
          "acoustic_entropy": 7.051784515380859,
          "acoustic_entropy_side": 7.051182746887207,
          "hz": 5139.766595350093
        },
        {
          "acoustic_entropy": 7.0494890213012695,
          "acoustic_entropy_side": 7.051182746887207,
          "hz": 5656.929389854203
        },
        {
          "acoustic_entropy": 6.989017009735107,
          "acoustic_entropy_side": 7.051181793212891,
          "hz": 6219.891507268283
        },
        {
          "acoustic_entropy": 6.866608142852783,
          "acoustic_entropy_side": 7.05103874206543,
          "hz": 6832.70888123896
        },
        {
          "acoustic_entropy": 7.029595851898193,
          "acoustic_entropy_side": 7.051169395446777,
          "hz": 7499.796634079867
        },
        {
          "acoustic_entropy": 7.047236442565918,
          "acoustic_entropy_side": 7.051183700561523,
          "hz": 8225.96088609342
        },
        {
          "acoustic_entropy": 7.019326210021973,
          "acoustic_entropy_side": 7.051183700561523,
          "hz": 9016.43338188839
        },
        {
          "acoustic_entropy": 7.012348175048828,
          "acoustic_entropy_side": 7.051182746887207,
          "hz": 9876.909183162974
        },
        {
          "acoustic_entropy": 7.046927452087402,
          "acoustic_entropy_side": 7.051183700561523,
          "hz": 10813.587699516042
        },
        {
          "acoustic_entropy": 7.047124862670898,
          "acoustic_entropy_side": 7.051183700561523,
          "hz": 11833.21735289826
        },
        {
          "acoustic_entropy": 7.049539566040039,
          "acoustic_entropy_side": 7.051183700561523,
          "hz": 12943.144197493959
        },
        {
          "acoustic_entropy": 7.047893524169922,
          "acoustic_entropy_side": 7.051183700561523,
          "hz": 14151.364845322005
        },
        {
          "acoustic_entropy": 7.0404438972473145,
          "acoustic_entropy_side": 7.051183700561523,
          "hz": 15466.58407886509
        },
        {
          "acoustic_entropy": 7.048739433288574,
          "acoustic_entropy_side": 7.051183700561523,
          "hz": 16898.27756580493
        },
        {
          "acoustic_entropy": 7.051103591918945,
          "acoustic_entropy_side": 7.051183700561523,
          "hz": 18456.760127700032
        },
        {
          "acoustic_entropy": 7.051180362701416,
          "acoustic_entropy_side": 7.051183700561523,
          "hz": 20153.260054456492
        },
        {
          "acoustic_entropy": 7.051183700561523,
          "acoustic_entropy_side": 7.051183700561523,
          "hz": 22000.00000000001
        }
      ],
      "diff_acoustic_entropy": 2.557718276977539,
      "sn": 6
    },
    {
      "acoustic_entropy": 9.412751197814941,
      "acoustic_entropy_mono": 9.615214347839355,
      "band_eliminated_acoustic_entropies": [
        {
          "acoustic_entropy": 9.83241081237793,
          "acoustic_entropy_side": 9.412858963012695,
          "hz": 129.47220167065723
        },
        {
          "acoustic_entropy": 8.89995288848877,
          "acoustic_entropy_side": 9.423029899597168,
          "hz": 202.92927478742237
        },
        {
          "acoustic_entropy": 10.138395309448242,
          "acoustic_entropy_side": 9.523674964904785,
          "hz": 282.89161906338205
        },
        {
          "acoustic_entropy": 9.33995246887207,
          "acoustic_entropy_side": 9.426993370056152,
          "hz": 369.9353335868758
        },
        {
          "acoustic_entropy": 9.363266944885254,
          "acoustic_entropy_side": 9.253759384155273,
          "hz": 464.6875360973435
        },
        {
          "acoustic_entropy": 9.543745994567871,
          "acoustic_entropy_side": 9.412247657775879,
          "hz": 567.8308811364784
        },
        {
          "acoustic_entropy": 9.343308448791504,
          "acoustic_entropy_side": 9.429213523864746,
          "hz": 680.1084783214808
        },
        {
          "acoustic_entropy": 9.457613945007324,
          "acoustic_entropy_side": 9.442988395690918,
          "hz": 802.3292461747484
        },
        {
          "acoustic_entropy": 9.172947883605957,
          "acoustic_entropy_side": 9.45249080657959,
          "hz": 935.3737400823702
        },
        {
          "acoustic_entropy": 8.951565742492676,
          "acoustic_entropy_side": 9.361026763916016,
          "hz": 1080.2004963696966
        },
        {
          "acoustic_entropy": 9.421581268310547,
          "acoustic_entropy_side": 9.41346549987793,
          "hz": 1237.8529382007157
        },
        {
          "acoustic_entropy": 9.25914478302002,
          "acoustic_entropy_side": 9.426465034484863,
          "hz": 1409.4668930556702
        },
        {
          "acoustic_entropy": 9.526263236999512,
          "acoustic_entropy_side": 9.49443244934082,
          "hz": 1596.2787759475705
        },
        {
          "acoustic_entropy": 9.48923110961914,
          "acoustic_entropy_side": 9.432177543640137,
          "hz": 1799.6344973346393
        },
        {
          "acoustic_entropy": 9.544353485107422,
          "acoustic_entropy_side": 9.411625862121582,
          "hz": 2020.9991599069049
        },
        {
          "acoustic_entropy": 9.524489402770996,
          "acoustic_entropy_side": 9.411327362060547,
          "hz": 2261.9676141086993
        },
        {
          "acoustic_entropy": 9.6705904006958,
          "acoustic_entropy_side": 9.41361141204834,
          "hz": 2524.2759484456974
        },
        {
          "acoustic_entropy": 9.5333890914917,
          "acoustic_entropy_side": 9.413346290588379,
          "hz": 2809.813997359896
        },
        {
          "acoustic_entropy": 9.466730117797852,
          "acoustic_entropy_side": 9.412858009338379,
          "hz": 3120.6389567871424
        },
        {
          "acoustic_entropy": 9.45972728729248,
          "acoustic_entropy_side": 9.412768363952637,
          "hz": 3458.990205492291
        },
        {
          "acoustic_entropy": 9.572132110595703,
          "acoustic_entropy_side": 9.412776947021484,
          "hz": 3827.305438964164
        },
        {
          "acoustic_entropy": 9.534231185913086,
          "acoustic_entropy_side": 9.412759780883789,
          "hz": 4228.238232109126
        },
        {
          "acoustic_entropy": 9.41964054107666,
          "acoustic_entropy_side": 9.41275405883789,
          "hz": 4664.6771572759235
        },
        {
          "acoustic_entropy": 9.419646263122559,
          "acoustic_entropy_side": 9.412759780883789,
          "hz": 5139.766595350093
        },
        {
          "acoustic_entropy": 9.41347885131836,
          "acoustic_entropy_side": 9.412769317626953,
          "hz": 5656.929389854203
        },
        {
          "acoustic_entropy": 9.375666618347168,
          "acoustic_entropy_side": 9.413322448730469,
          "hz": 6219.891507268283
        },
        {
          "acoustic_entropy": 9.055242538452148,
          "acoustic_entropy_side": 9.414790153503418,
          "hz": 6832.70888123896
        },
        {
          "acoustic_entropy": 9.443242073059082,
          "acoustic_entropy_side": 9.412992477416992,
          "hz": 7499.796634079867
        },
        {
          "acoustic_entropy": 9.417817115783691,
          "acoustic_entropy_side": 9.41275405883789,
          "hz": 8225.96088609342
        },
        {
          "acoustic_entropy": 9.415048599243164,
          "acoustic_entropy_side": 9.41276741027832,
          "hz": 9016.43338188839
        },
        {
          "acoustic_entropy": 9.4085693359375,
          "acoustic_entropy_side": 9.412782669067383,
          "hz": 9876.909183162974
        },
        {
          "acoustic_entropy": 9.424426078796387,
          "acoustic_entropy_side": 9.412753105163574,
          "hz": 10813.587699516042
        },
        {
          "acoustic_entropy": 9.424154281616211,
          "acoustic_entropy_side": 9.412751197814941,
          "hz": 11833.21735289826
        },
        {
          "acoustic_entropy": 9.4180326461792,
          "acoustic_entropy_side": 9.412751197814941,
          "hz": 12943.144197493959
        },
        {
          "acoustic_entropy": 9.42069149017334,
          "acoustic_entropy_side": 9.412751197814941,
          "hz": 14151.364845322005
        },
        {
          "acoustic_entropy": 9.465888023376465,
          "acoustic_entropy_side": 9.412752151489258,
          "hz": 15466.58407886509
        },
        {
          "acoustic_entropy": 9.428667068481445,
          "acoustic_entropy_side": 9.412751197814941,
          "hz": 16898.27756580493
        },
        {
          "acoustic_entropy": 9.413796424865723,
          "acoustic_entropy_side": 9.412751197814941,
          "hz": 18456.760127700032
        },
        {
          "acoustic_entropy": 9.412829399108887,
          "acoustic_entropy_side": 9.412751197814941,
          "hz": 20153.260054456492
        },
        {
          "acoustic_entropy": 9.412753105163574,
          "acoustic_entropy_side": 9.412751197814941,
          "hz": 22000.00000000001
        }
      ],
      "diff_acoustic_entropy": 3.5846049785614014,
      "sn": 12
    },
    {
      "acoustic_entropy": 15.040879249572754,
      "acoustic_entropy_mono": 13.944100379943848,
      "band_eliminated_acoustic_entropies": [
        {
          "acoustic_entropy": 14.52505874633789,
          "acoustic_entropy_side": 15.019207954406738,
          "hz": 129.47220167065723
        },
        {
          "acoustic_entropy": 15.66832160949707,
          "acoustic_entropy_side": 15.519951820373535,
          "hz": 202.92927478742237
        },
        {
          "acoustic_entropy": 15.306656837463379,
          "acoustic_entropy_side": 15.016508102416992,
          "hz": 282.89161906338205
        },
        {
          "acoustic_entropy": 14.071404457092285,
          "acoustic_entropy_side": 14.533097267150879,
          "hz": 369.9353335868758
        },
        {
          "acoustic_entropy": 15.045744895935059,
          "acoustic_entropy_side": 15.382966041564941,
          "hz": 464.6875360973435
        },
        {
          "acoustic_entropy": 15.065176010131836,
          "acoustic_entropy_side": 14.924703598022461,
          "hz": 567.8308811364784
        },
        {
          "acoustic_entropy": 15.617514610290527,
          "acoustic_entropy_side": 15.235822677612305,
          "hz": 680.1084783214808
        },
        {
          "acoustic_entropy": 14.325311660766602,
          "acoustic_entropy_side": 14.390893936157227,
          "hz": 802.3292461747484
        },
        {
          "acoustic_entropy": 14.465764999389648,
          "acoustic_entropy_side": 14.362985610961914,
          "hz": 935.3737400823702
        },
        {
          "acoustic_entropy": 15.405787467956543,
          "acoustic_entropy_side": 15.245323181152344,
          "hz": 1080.2004963696966
        },
        {
          "acoustic_entropy": 14.906760215759277,
          "acoustic_entropy_side": 15.107444763183594,
          "hz": 1237.8529382007157
        },
        {
          "acoustic_entropy": 15.159322738647461,
          "acoustic_entropy_side": 15.1453275680542,
          "hz": 1409.4668930556702
        },
        {
          "acoustic_entropy": 15.400224685668945,
          "acoustic_entropy_side": 15.068493843078613,
          "hz": 1596.2787759475705
        },
        {
          "acoustic_entropy": 14.76704216003418,
          "acoustic_entropy_side": 15.008625984191895,
          "hz": 1799.6344973346393
        },
        {
          "acoustic_entropy": 14.886631965637207,
          "acoustic_entropy_side": 15.187214851379395,
          "hz": 2020.9991599069049
        },
        {
          "acoustic_entropy": 14.925715446472168,
          "acoustic_entropy_side": 15.15781307220459,
          "hz": 2261.9676141086993
        },
        {
          "acoustic_entropy": 14.770033836364746,
          "acoustic_entropy_side": 14.855960845947266,
          "hz": 2524.2759484456974
        },
        {
          "acoustic_entropy": 15.560789108276367,
          "acoustic_entropy_side": 15.021332740783691,
          "hz": 2809.813997359896
        },
        {
          "acoustic_entropy": 14.76804256439209,
          "acoustic_entropy_side": 15.027569770812988,
          "hz": 3120.6389567871424
        },
        {
          "acoustic_entropy": 14.978459358215332,
