{
  "acoustic_entropy": 221.97398376464844,
  "bands": [
    {
      "high_freq": 148.1999969482422,
      "loudness": -53.89689254760742,
      "loudness_range": 27.97396469116211,
      "mid_mean": -52.30195999145508,
      "mid_to_side_loudness": -3.740760564804077,
      "mid_to_side_loudness_range": 13.728078842163086,
      "side_mean": -55.712703704833984
    },
    {
      "high_freq": 392.3793640136719,
      "loudness": -40.47648239135742,
      "loudness_range": 27.159448623657227,
      "low_freq": 148.1999969482422,
      "mid_mean": -38.903472900390625,
      "mid_to_side_loudness": -3.1417782306671143,
      "mid_to_side_loudness_range": 10.545209884643555,
      "side_mean": -42.26818084716797
    },
    {
      "high_freq": 794.6976318359375,
      "loudness": -38.099605560302734,
      "loudness_range": 30.398029327392578,
      "low_freq": 392.3793640136719,
      "mid_mean": -36.426937103271484,
      "mid_to_side_loudness": -2.9737868309020996,
      "mid_to_side_loudness_range": 11.74963092803955,
      "side_mean": -39.9198112487793
    },
    {
      "high_freq": 1457.5709228515625,
      "loudness": -38.57551956176758,
      "loudness_range": 31.339492797851562,
      "low_freq": 794.6976318359375,
      "mid_mean": -37.39038848876953,
      "mid_to_side_loudness": -1.962544560432434,
      "mid_to_side_loudness_range": 9.828676223754883,
      "side_mean": -39.49931335449219
    },
    {
      "high_freq": 2549.74365234375,
      "loudness": -40.769073486328125,
      "loudness_range": 34.314735412597656,
      "low_freq": 1457.5709228515625,
      "mid_mean": -39.89125442504883,
      "mid_to_side_loudness": -1.4294219017028809,
      "mid_to_side_loudness_range": 6.156411170959473,
      "side_mean": -41.456336975097656
    },
    {
      "high_freq": 4349.24462890625,
      "loudness": -42.29182815551758,
      "loudness_range": 31.003494262695312,
      "low_freq": 2549.74365234375,
      "mid_mean": -41.48176193237305,
      "mid_to_side_loudness": -1.152108907699585,
      "mid_to_side_loudness_range": 5.708734512329102,
      "side_mean": -42.941184997558594
    },
    {
      "high_freq": 7314.1640625,
      "loudness": -50.67974853515625,
      "loudness_range": 36.05493927001953,
      "low_freq": 4349.24462890625,
      "mid_mean": -50.43162536621094,
      "mid_to_side_loudness": -1.1422173976898193,
      "mid_to_side_loudness_range": 3.191465377807617,
      "side_mean": -51.453189849853516
    },
    {
      "high_freq": 12199.2666015625,
      "loudness": -56.26482391357422,
      "loudness_range": 34.13993835449219,
      "low_freq": 7314.1640625,
      "mid_mean": -54.78989028930664,
      "mid_to_side_loudness": -1.179726243019104,
      "mid_to_side_loudness_range": 2.352020263671875,
      "side_mean": -55.78118896484375
    },
    {
      "loudness": -63.514957427978516,
      "loudness_range": 24.71552276611328,
      "low_freq": 12199.2666015625,
      "mid_mean": -61.27113342285156,
      "mid_to_side_loudness": -0.9399543404579163,
      "mid_to_side_loudness_range": 1.582536220550537,
      "side_mean": -61.947120666503906
    }
  ],
  "bands_short": [
    {
      "high_freq": 148.1999969482422,
      "loudness": -57.42152404785156,
      "loudness_range": 25.76172637939453,
      "mid_mean": -55.68916320800781,
      "mid_to_side_loudness": -3.694857358932495,
      "mid_to_side_loudness_range": 16.29911994934082,
      "side_mean": -58.90108871459961
    },
    {
      "high_freq": 392.3793640136719,
      "loudness": -41.215736389160156,
      "loudness_range": 26.713274002075195,
      "low_freq": 148.1999969482422,
      "mid_mean": -39.81874465942383,
      "mid_to_side_loudness": -3.0367133617401123,
      "mid_to_side_loudness_range": 12.314977645874023,
      "side_mean": -43.2248420715332
    },
    {
      "high_freq": 794.6976318359375,
      "loudness": -38.306026458740234,
      "loudness_range": 30.989707946777344,
      "low_freq": 392.3793640136719,
      "mid_mean": -36.79717254638672,
      "mid_to_side_loudness": -2.796616554260254,
      "mid_to_side_loudness_range": 13.184694290161133,
      "side_mean": -40.0601692199707
    },
    {
      "high_freq": 1457.5709228515625,
      "loudness": -38.61221694946289,
      "loudness_range": 30.850204467773438,
      "low_freq": 794.6976318359375,
      "mid_mean": -37.405601501464844,
      "mid_to_side_loudness": -1.94890558719635,
      "mid_to_side_loudness_range": 10.386168479919434,
      "side_mean": -39.63090896606445
    },
    {
      "high_freq": 2549.74365234375,
      "loudness": -41.30820083618164,
      "loudness_range": 34.5023193359375,
      "low_freq": 1457.5709228515625,
      "mid_mean": -40.458377838134766,
      "mid_to_side_loudness": -1.3390154838562012,
      "mid_to_side_loudness_range": 7.800346374511719,
      "side_mean": -41.93138122558594
    },
    {
      "high_freq": 4349.24462890625,
      "loudness": -42.64750671386719,
      "loudness_range": 31.140296936035156,
      "low_freq": 2549.74365234375,
      "mid_mean": -41.86589431762695,
      "mid_to_side_loudness": -1.1036971807479858,
      "mid_to_side_loudness_range": 6.733730316162109,
      "side_mean": -43.26673889160156
    },
    {
      "high_freq": 7314.1640625,
      "loudness": -51.25306701660156,
      "loudness_range": 35.809783935546875,
      "low_freq": 4349.24462890625,
      "mid_mean": -50.89487838745117,
      "mid_to_side_loudness": -1.0603433847427368,
      "mid_to_side_loudness_range": 4.500667095184326,
      "side_mean": -51.83842849731445
    },
    {
      "high_freq": 12199.2666015625,
      "loudness": -56.924285888671875,
      "loudness_range": 32.951202392578125,
      "low_freq": 7314.1640625,
      "mid_mean": -55.441139221191406,
      "mid_to_side_loudness": -1.1487929821014404,
      "mid_to_side_loudness_range": 3.059581756591797,
      "side_mean": -56.402320861816406
    },
    {
      "loudness": -64.17034149169922,
      "loudness_range": 22.085712432861328,
      "low_freq": 12199.2666015625,
      "mid_mean": -61.89142608642578,
      "mid_to_side_loudness": -0.9427309632301331,
      "mid_to_side_loudness_range": 2.2732343673706055,
      "side_mean": -62.54936218261719
    }
  ],
  "bandwidth": 1031.427490234375,
  "channels": 2,
  "covariance": [
    [
      90.50288391113281,
      68.88104248046875,
      65.1611328125,
      57.83265686035156,
      59.11506271362305,
      50.90530014038086,
      65.17725372314453,
      52.83466339111328,
      69.1268539428711,
      61.200016021728516,
      53.11729431152344,
      44.94478988647461,
      65.13748168945312,
      59.86327362060547,
      49.90972900390625,
      47.50910186767578,
      28.024150848388672,
      27.167827606201172
    ],
    [
      68.88104248046875,
      70.7130355834961,
      40.61477279663086,
      45.502811431884766,
      33.839683532714844,
      36.642921447753906,
      44.677635192871094,
      43.863555908203125,
      49.79944610595703,
      48.04366683959961,
      41.57965850830078,
      37.04327392578125,
      53.88209533691406,
      51.938621520996094,
      43.87021255493164,
      42.89814376831055,
      26.49480628967285,
      26.466228485107422
    ],
    [
      65.1611328125,
      40.61477279663086,
      107.96807861328125,
      89.7990951538086,
      92.05862426757812,
      79.33592224121094,
      93.07445526123047,
      75.53907775878906,
      99.51949310302734,
      88.07426452636719,
      83.2919692993164,
      73.94165802001953,
      89.54255676269531,
      82.8917236328125,
      70.04107666015625,
      67.04576873779297,
      37.146636962890625,
      36.24937057495117
    ],
    [
      57.83265686035156,
      45.502811431884766,
      89.7990951538086,
      91.2688217163086,
      79.25077056884766,
      75.4715347290039,
      84.43002319335938,
      76.10295104980469,
      92.88776397705078,
      86.17933654785156,
      80.33995056152344,
      73.98265075683594,
      89.05899047851562,
      85.1723403930664,
      71.0180892944336,
      69.3115463256836,
      38.35139465332031,
      38.08016586303711
    ],
    [
      59.11506271362305,
      33.839683532714844,
      92.05862426757812,
      79.25077056884766,
      124.9483871459961,
      103.0000228881836,
      116.84674072265625,
      96.26502990722656,
      120.28780364990234,
      108.98229217529297,
      106.46641540527344,
      95.28807830810547,
      106.37675476074219,
      99.28140258789062,
      82.22569274902344,
      78.8578109741211,
      43.45441818237305,
      42.38330841064453
    ],
    [
      50.90530014038086,
      36.642921447753906,
      79.33592224121094,
      75.4715347290039,
      103.0000228881836,
      102.95204162597656,
      101.78067779541016,
      90.62820434570312,
      110.35055541992188,
      105.16092681884766,
      98.9595947265625,
      92.0435562133789,
      104.84578704833984,
      100.41434478759766,
      82.43273162841797,
      80.197998046875,
      45.07928466796875,
      44.515480041503906
    ],
    [
      65.17725372314453,
      44.677635192871094,
      93.07445526123047,
      84.43002319335938,
      116.84674072265625,
      101.78067779541016,
      139.85792541503906,
      117.38089752197266,
      135.42486572265625,
      125.74468994140625,
      119.74827575683594,
      108.27948760986328,
      119.99746704101562,
      113.2410659790039,
      93.77394104003906,
      90.75773620605469,
      50.229270935058594,
      49.68535232543945
    ],
    [
      52.83466339111328,
      43.863555908203125,
      75.53907775878906,
      76.10295104980469,
      96.26502990722656,
      90.62820434570312,
      117.38089752197266,
      110.923583984375,
      120.05174255371094,
      116.57247924804688,
      108.59009552001953,
      102.51164245605469,
      111.75833129882812,
      108.47532653808594,
      89.63660430908203,
      88.14268493652344,
      49.191001892089844,
      49.25502014160156
    ],
    [
      69.1268539428711,
      49.79944610595703,
      99.51949310302734,
      92.88776397705078,
      120.28780364990234,
      110.35055541992188,
      135.42486572265625,
      120.05174255371094,
      157.17835998535156,
      146.8628387451172,
      132.2079315185547,
      122.4832763671875,
      136.338134765625,
      130.0754852294922,
      107.18122863769531,
      104.4949722290039,
      58.78261947631836,
      57.9409294128418
    ],
    [
      61.200016021728516,
      48.04366683959961,
      88.07426452636719,
      86.17933654785156,
      108.98229217529297,
      105.16092681884766,
      125.74468994140625,
      116.57247924804688,
      146.8628387451172,
      145.7896270751953,
      127.52129364013672,
      122.6639175415039,
      134.46072387695312,
      130.76914978027344,
      107.2677001953125,
      105.70360565185547,
      59.46390151977539,
      59.03982162475586
    ],
    [
      53.11729431152344,
      41.57965850830078,
      83.2919692993164,
      80.33995056152344,
      106.46641540527344,
      98.9595947265625,
      119.74827575683594,
      108.59009552001953,
      132.2079315185547,
      127.52129364013672,
      133.08078002929688,
      123.22132873535156,
      134.37173461914062,
      129.57290649414062,
      111.16820526123047,
      108.75492858886719,
      63.65053939819336,
      63.103965759277344
    ],
    [
      44.94478988647461,
      37.04327392578125,
      73.94165802001953,
      73.98265075683594,
      95.28807830810547,
      92.0435562133789,
      108.27948760986328,
      102.51164245605469,
      122.4832763671875,
      122.6639175415039,
      123.22132873535156,
      123.834228515625,
      130.2177734375,
      128.4510955810547,
      109.2115478515625,
      108.07402038574219,
      63.02299118041992,
      62.84563064575195
    ],
    [
      65.13748168945312,
      53.88209533691406,
      89.54255676269531,
      89.05899047851562,
      106.37675476074219,
      104.84578704833984,
      119.99746704101562,
      111.75833129882812,
      136.338134765625,
      134.46072387695312,
      134.37173461914062,
      130.2177734375,
      164.8975830078125,
      160.4512481689453,
      136.21849060058594,
      133.9239959716797,
      78.90579986572266,
      77.78170013427734
    ],
    [
      59.86327362060547,
      51.938621520996094,
      82.8917236328125,
      85.1723403930664,
      99.28140258789062,
      100.41434478759766,
      113.2410659790039,
      108.47532653808594,
      130.0754852294922,
      130.76914978027344,
      129.57290649414062,
      128.4510955810547,
      160.4512481689453,
      158.92286682128906,
      133.99130249023438,
      132.8354034423828,
      78.09761810302734,
      77.4486083984375
    ],
    [
      49.90972900390625,
      43.87021255493164,
      70.04107666015625,
      71.0180892944336,
      82.22569274902344,
      82.43273162841797,
      93.77394104003906,
      89.63660430908203,
      107.18122863769531,
      107.2677001953125,
      111.16820526123047,
      109.2115478515625,
      136.21849060058594,
      133.99130249023438,
      125.52671813964844,
      123.84211730957031,
      76.99128723144531,
      76.08369445800781
    ],
    [
      47.50910186767578,
      42.89814376831055,
      67.04576873779297,
      69.3115463256836,
      78.8578109741211,
      80.197998046875,
      90.75773620605469,
      88.14268493652344,
      104.4949722290039,
      105.70360565185547,
      108.75492858886719,
      108.07402038574219,
      133.9239959716797,
      132.8354034423828,
      123.84211730957031,
      123.37471771240234,
      76.2105941772461,
      75.6845703125
    ],
    [
      28.024150848388672,
      26.49480628967285,
      37.146636962890625,
      38.35139465332031,
      43.45441818237305,
      45.07928466796875,
      50.229270935058594,
      49.191001892089844,
      58.78261947631836,
      59.46390151977539,
      63.65053939819336,
      63.02299118041992,
      78.90579986572266,
      78.09761810302734,
      76.99128723144531,
      76.2105941772461,
      55.196590423583984,
      54.58094787597656
    ],
    [
      27.167827606201172,
      26.466228485107422,
      36.24937057495117,
      38.08016586303711,
      42.38330841064453,
      44.515480041503906,
      49.68535232543945,
      49.25502014160156,
      57.9409294128418,
      59.03982162475586,
      63.103965759277344,
      62.84563064575195,
      77.78170013427734,
      77.4486083984375,
      76.08369445800781,
      75.6845703125,
      54.58094787597656,
      54.59804153442383
    ]
  ],
  "covariance_short": [
    [
      74.98214721679688,
      51.85417175292969,
      57.03498458862305,
      49.37356185913086,
      50.083824157714844,
      42.509769439697266,
      53.443607330322266,
      43.67015075683594,
      57.69427490234375,
      51.08667755126953,
      44.57020950317383,
      37.637271881103516,
      53.7047004699707,
      49.818275451660156,
      38.145843505859375,
      36.5991325378418,
      19.713346481323242,
      19.394981384277344
    ],
    [
      51.85417175292969,
      57.569156646728516,
      36.62960433959961,
      40.490867614746094,
      30.554061889648438,
      33.05411148071289,
      38.070255279541016,
      37.6494026184082,
      43.18902587890625,
      41.74059295654297,
      36.62028121948242,
      33.170589447021484,
      47.084991455078125,
      45.8686637878418,
      35.39362716674805,
      35.06167221069336,
      19.824359893798828,
      20.27812385559082
    ],
    [
      57.03498458862305,
      36.62960433959961,
      105.3023910522461,
      84.89289093017578,
      89.21711730957031,
      74.9247817993164,
      87.94760131835938,
      73.54497528076172,
      94.69863891601562,
      84.76864624023438,
      80.31659698486328,
      71.28731536865234,
      85.44628143310547,
      80.08399200439453,
      64.09183502197266,
      61.810585021972656,
      31.283235549926758,
      30.60784149169922
    ],
    [
      49.37356185913086,
      40.490867614746094,
      84.89289093017578,
      89.84358978271484,
      77.08598327636719,
      71.93018341064453,
      79.71846008300781,
      73.1639175415039,
      87.81237030029297,
      82.22889709472656,
      76.60065460205078,
      70.25884246826172,
      83.96285247802734,
      80.93562316894531,
      64.1685791015625,
      63.01020812988281,
      32.10105895996094,
      32.06277084350586
    ],
    [
      50.083824157714844,
      30.554061889648438,
      89.21711730957031,
      77.08598327636719,
      129.84671020507812,
      104.44857788085938,
      113.48289489746094,
      96.21574401855469,
      119.37906646728516,
      108.96851348876953,
      106.92585754394531,
      95.8633804321289,
      103.9664306640625,
      97.73463439941406,
      77.27195739746094,
      74.21955871582031,
      37.923500061035156,
      36.947509765625
    ],
    [
      42.509769439697266,
      33.05411148071289,
      74.9247817993164,
      71.93018341064453,
      104.44857788085938,
      104.58197784423828,
      98.53743743896484,
      89.98045349121094,
      108.0584945678711,
      103.28971099853516,
      98.29390716552734,
      91.1007308959961,
      100.46649932861328,
      96.60545349121094,
      76.03260040283203,
      74.11835479736328,
      38.87154769897461,
      38.420040130615234
    ],
    [
      53.443607330322266,
      38.070255279541016,
      87.94760131835938,
      79.71846008300781,
      113.48289489746094,
      98.53743743896484,
      134.464111328125,
      114.00801849365234,
      130.05929565429688,
      121.01345825195312,
      116.77180480957031,
      106.06013488769531,
      114.4422378540039,
      108.69985961914062,
      85.92131042480469,
      83.43061828613281,
      42.81941223144531,
      42.59049987792969
    ],
    [
      43.67015075683594,
      37.6494026184082,
      73.54497528076172,
      73.1639175415039,
      96.21574401855469,
      89.98045349121094,
      114.00801849365234,
      111.22467803955078,
      117.68987274169922,
      114.37571716308594,
      107.73821258544922,
      102.03733825683594,
      108.54927062988281,
      105.6807861328125,
      83.29554748535156,
      82.19182586669922,
      42.34025192260742,
      42.58506774902344
    ],
    [
      57.69427490234375,
      43.18902587890625,
      94.69863891601562,
      87.81237030029297,
      119.37906646728516,
      108.0584945678711,
      130.05929565429688,
      117.68987274169922,
      155.36843872070312,
      144.1275634765625,
      129.77943420410156,
      120.87271881103516,
      131.58038330078125,
      126.17430114746094,
      99.03983306884766,
      96.87629699707031,
      50.51864242553711,
      50.02927017211914
    ],
    [
      51.08667755126953,
      41.74059295654297,
      84.76864624023438,
      82.22889709472656,
      108.96851348876953,
      103.28971099853516,
      121.01345825195312,
      114.37571716308594,
      144.1275634765625,
      145.3446807861328,
      125.33441925048828,
      120.54280853271484,
      130.0155029296875,
      126.77253723144531,
      99.09735870361328,
      97.95826721191406,
      51.05647277832031,
      50.95861053466797
    ],
    [
      44.57020950317383,
      36.62028121948242,
      80.31659698486328,
      76.60065460205078,
      106.92585754394531,
      98.29390716552734,
      116.77180480957031,
      107.73821258544922,
      129.77943420410156,
      125.33441925048828,
      135.0274200439453,
      123.98094177246094,
      131.23406982421875,
      126.79656982421875,
      104.05227661132812,
      101.82083129882812,
      55.43965530395508,
      55.165252685546875
    ],
    [
      37.637271881103516,
      33.170589447021484,
      71.28731536865234,
      70.25884246826172,
      95.8633804321289,
      91.1007308959961,
      106.06013488769531,
      102.03733825683594,
      120.87271881103516,
      120.54280853271484,
      123.98094177246094,
      124.75214385986328,
      127.0749740600586,
      125.26554870605469,
      101.93803405761719,
      100.89734649658203,
      54.627281188964844,
      54.781436920166016
    ],
    [
      53.7047004699707,
      47.084991455078125,
      85.44628143310547,
      83.96285247802734,
      103.9664306640625,
      100.46649932861328,
      114.4422378540039,
      108.54927062988281,
      131.58038330078125,
      130.0155029296875,
      131.23406982421875,
      127.0749740600586,
      159.23292541503906,
      154.64927673339844,
      125.49089050292969,
      123.45264434814453,
      68.09750366210938,
      67.31484985351562
    ],
    [
      49.818275451660156,
      45.8686637878418,
      80.08399200439453,
      80.93562316894531,
      97.73463439941406,
      96.60545349121094,
      108.69985961914062,
      105.6807861328125,
      126.17430114746094,
      126.77253723144531,
      126.79656982421875,
      125.26554870605469,
      154.64927673339844,
      153.80142211914062,
      123.30916595458984,
      122.3149185180664,
      67.21998596191406,
      66.9297103881836
    ],
    [
      38.145843505859375,
      35.39362716674805,
      64.09183502197266,
      64.1685791015625,
      77.27195739746094,
      76.03260040283203,
      85.92131042480469,
      83.29554748535156,
      99.03983306884766,
      99.09735870361328,
      104.05227661132812,
      101.93803405761719,
      125.49089050292969,
      123.30916595458984,
      113.02627563476562,
      110.93408203125,
      65.17300415039062,
      64.50116729736328
    ],
    [
      36.5991325378418,
      35.06167221069336,
      61.810585021972656,
      63.01020812988281,
      74.21955871582031,
      74.11835479736328,
      83.43061828613281,
      82.19182586669922,
      96.87629699707031,
      97.95826721191406,
      101.82083129882812,
      100.89734649658203,
      123.45264434814453,
      122.3149185180664,
      110.93408203125,
      110.765869140625,
      64.37842559814453,
      64.12970733642578
    ],
    [
      19.713346481323242,
      19.824359893798828,
      31.283235549926758,
      32.10105895996094,
      37.923500061035156,
      38.87154769897461,
      42.81941223144531,
      42.34025192260742,
      50.51864242553711,
      51.05647277832031,
      55.43965530395508,
      54.627281188964844,
      68.09750366210938,
      67.21998596191406,
      65.17300415039062,
      64.37842559814453,
      45.721839904785156,
      45.03793716430664
    ],
    [
      19.394981384277344,
      20.27812385559082,
      30.60784149169922,
      32.06277084350586,
      36.947509765625,
      38.420040130615234,
      42.59049987792969,
      42.58506774902344,
      50.02927017211914,
      50.95861053466797,
      55.165252685546875,
      54.781436920166016,
      67.31484985351562,
      66.9297103881836,
      64.50116729736328,
      64.12970733642578,
      45.03793716430664,
      45.36588668823242
    ]
  ],
  "damage": -15.381123542785645,
  "diff_bandwidth": 1094.5047607421875,
  "dissonance": 7.48120562933031,
  "drr": 4.377559185028076,
  "dynamics": 8.368330955505371,
  "format": 1245190,
  "frames": 12763072,
  "loudness": -23.541532516479492,
  "loudness_range": 29.690921783447266,
  "loudness_range_short": 30.05556297302246,
  "lowpass_true_peak_15khz": -5.161973476409912,
  "mastering3_acoustic_entropies": [
    {
      "acoustic_entropy": 6.263172626495361,
      "acoustic_entropy_mono": 6.567547798156738,
      "band_eliminated_acoustic_entropies": [
        {
          "acoustic_entropy": 6.263099670410156,
          "acoustic_entropy_side": 6.26313591003418,
          "hz": 129.47220167065723
        },
        {
          "acoustic_entropy": 6.270771503448486,
          "acoustic_entropy_side": 6.263263702392578,
          "hz": 202.92927478742237
        },
        {
          "acoustic_entropy": 6.378877639770508,
          "acoustic_entropy_side": 6.286933422088623,
          "hz": 282.89161906338205
        },
        {
          "acoustic_entropy": 6.307698726654053,
          "acoustic_entropy_side": 6.392773151397705,
          "hz": 369.9353335868758
        },
        {
          "acoustic_entropy": 6.394157409667969,
          "acoustic_entropy_side": 6.273326396942139,
          "hz": 464.6875360973435
        },
        {
          "acoustic_entropy": 6.361972332000732,
          "acoustic_entropy_side": 6.471786975860596,
          "hz": 567.8308811364784
        },
        {
          "acoustic_entropy": 6.156386375427246,
          "acoustic_entropy_side": 6.182192802429199,
          "hz": 680.1084783214808
        },
        {
          "acoustic_entropy": 6.495001316070557,
          "acoustic_entropy_side": 6.327702045440674,
          "hz": 802.3292461747484
        },
        {
          "acoustic_entropy": 6.048584938049316,
          "acoustic_entropy_side": 6.182864189147949,
          "hz": 935.3737400823702
        },
        {
          "acoustic_entropy": 6.4456987380981445,
          "acoustic_entropy_side": 6.565616130828857,
          "hz": 1080.2004963696966
        },
        {
          "acoustic_entropy": 6.447297096252441,
          "acoustic_entropy_side": 6.6478047370910645,
          "hz": 1237.8529382007157
        },
        {
          "acoustic_entropy": 6.189097881317139,
          "acoustic_entropy_side": 6.329897403717041,
          "hz": 1409.4668930556702
        },
        {
          "acoustic_entropy": 6.704311370849609,
          "acoustic_entropy_side": 6.438856601715088,
          "hz": 1596.2787759475705
        },
        {
          "acoustic_entropy": 6.454143047332764,
          "acoustic_entropy_side": 6.279365539550781,
          "hz": 1799.6344973346393
        },
        {
          "acoustic_entropy": 6.308306694030762,
          "acoustic_entropy_side": 6.386559009552002,
          "hz": 2020.9991599069049
        },
        {
          "acoustic_entropy": 5.979477882385254,
          "acoustic_entropy_side": 5.732287883758545,
          "hz": 2261.9676141086993
        },
        {
          "acoustic_entropy": 6.10888147354126,
          "acoustic_entropy_side": 6.105748176574707,
          "hz": 2524.2759484456974
        },
        {
          "acoustic_entropy": 6.253029823303223,
          "acoustic_entropy_side": 6.331050872802734,
          "hz": 2809.813997359896
        },
        {
          "acoustic_entropy": 6.2488861083984375,
          "acoustic_entropy_side": 6.240678787231445,
          "hz": 3120.6389567871424
        },
        {
          "acoustic_entropy": 6.256595611572266,
          "acoustic_entropy_side": 6.172534465789795,
          "hz": 3458.990205492291
        },
        {
          "acoustic_entropy": 6.201196193695068,
          "acoustic_entropy_side": 6.120987892150879,
          "hz": 3827.305438964164
        },
        {
          "acoustic_entropy": 6.446995735168457,
          "acoustic_entropy_side": 6.2357282638549805,
          "hz": 4228.238232109126
        },
        {
          "acoustic_entropy": 6.26001501083374,
          "acoustic_entropy_side": 6.215612411499023,
          "hz": 4664.6771572759235
        },
        {
          "acoustic_entropy": 6.2911481857299805,
          "acoustic_entropy_side": 6.24033260345459,
          "hz": 5139.766595350093
        },
        {
          "acoustic_entropy": 6.240655899047852,
          "acoustic_entropy_side": 6.2532172203063965,
          "hz": 5656.929389854203
        },
        {
          "acoustic_entropy": 6.2037129402160645,
          "acoustic_entropy_side": 6.213339328765869,
          "hz": 6219.891507268283
        },
        {
          "acoustic_entropy": 6.213097095489502,
          "acoustic_entropy_side": 6.319569110870361,
          "hz": 6832.70888123896
        },
        {
          "acoustic_entropy": 6.159396648406982,
          "acoustic_entropy_side": 6.297072410583496,
          "hz": 7499.796634079867
        },
        {
          "acoustic_entropy": 6.251664161682129,
          "acoustic_entropy_side": 6.244110107421875,
          "hz": 8225.96088609342
        },
        {
          "acoustic_entropy": 6.225386142730713,
          "acoustic_entropy_side": 6.230464935302734,
          "hz": 9016.43338188839
        },
        {
          "acoustic_entropy": 6.235516548156738,
          "acoustic_entropy_side": 6.179556846618652,
          "hz": 9876.909183162974
        },
        {
          "acoustic_entropy": 6.253633975982666,
          "acoustic_entropy_side": 6.2808451652526855,
          "hz": 10813.587699516042
        },
        {
          "acoustic_entropy": 6.406374454498291,
          "acoustic_entropy_side": 6.336203098297119,
          "hz": 11833.21735289826
        },
        {
          "acoustic_entropy": 6.255104064941406,
          "acoustic_entropy_side": 6.262516021728516,
          "hz": 12943.144197493959
        },
        {
          "acoustic_entropy": 6.233887195587158,
          "acoustic_entropy_side": 6.250770568847656,
          "hz": 14151.364845322005
        },
        {
          "acoustic_entropy": 6.263683319091797,
          "acoustic_entropy_side": 6.264354705810547,
          "hz": 15466.58407886509
        },
        {
          "acoustic_entropy": 6.261285781860352,
          "acoustic_entropy_side": 6.261582851409912,
          "hz": 16898.27756580493
        },
        {
          "acoustic_entropy": 6.2621917724609375,
          "acoustic_entropy_side": 6.2626633644104,
          "hz": 18456.760127700032
        },
        {
          "acoustic_entropy": 6.262814998626709,
          "acoustic_entropy_side": 6.26300573348999,
          "hz": 20153.260054456492
        },
        {
          "acoustic_entropy": 6.2630534172058105,
          "acoustic_entropy_side": 6.263112545013428,
          "hz": 22000.00000000001
        }
      ],
      "diff_acoustic_entropy": 1.8000825643539429,
      "sn": 6
    },
    {
      "acoustic_entropy": 9.841280937194824,
      "acoustic_entropy_mono": 10.294448852539062,
      "band_eliminated_acoustic_entropies": [
        {
          "acoustic_entropy": 9.837109565734863,
          "acoustic_entropy_side": 9.839479446411133,
          "hz": 129.47220167065723
        },
        {
          "acoustic_entropy": 9.715248107910156,
          "acoustic_entropy_side": 9.800314903259277,
          "hz": 202.92927478742237
        },
        {
          "acoustic_entropy": 9.961660385131836,
          "acoustic_entropy_side": 9.715993881225586,
          "hz": 282.89161906338205
        },
        {
          "acoustic_entropy": 10.182998657226562,
          "acoustic_entropy_side": 9.852190017700195,
          "hz": 369.9353335868758
        },
        {
          "acoustic_entropy": 9.509356498718262,
          "acoustic_entropy_side": 9.551834106445312,
          "hz": 464.6875360973435
        },
        {
          "acoustic_entropy": 10.363635063171387,
          "acoustic_entropy_side": 10.621255874633789,
          "hz": 567.8308811364784
        },
        {
          "acoustic_entropy": 9.54454231262207,
          "acoustic_entropy_side": 9.800049781799316,
          "hz": 680.1084783214808
        },
        {
          "acoustic_entropy": 10.331096649169922,
          "acoustic_entropy_side": 9.92898941040039,
          "hz": 802.3292461747484
        },
        {
          "acoustic_entropy": 9.61719036102295,
          "acoustic_entropy_side": 9.868982315063477,
          "hz": 935.3737400823702
        },
        {
          "acoustic_entropy": 9.651871681213379,
          "acoustic_entropy_side": 9.47978401184082,
          "hz": 1080.2004963696966
        },
        {
          "acoustic_entropy": 9.764966011047363,
          "acoustic_entropy_side": 9.96130657196045,
          "hz": 1237.8529382007157
        },
        {
          "acoustic_entropy": 10.256502151489258,
          "acoustic_entropy_side": 9.67847728729248,
          "hz": 1409.4668930556702
        },
        {
          "acoustic_entropy": 10.72021198272705,
          "acoustic_entropy_side": 10.09768295288086,
          "hz": 1596.2787759475705
        },
        {
          "acoustic_entropy": 10.156476974487305,
          "acoustic_entropy_side": 10.241652488708496,
          "hz": 1799.6344973346393
        },
        {
          "acoustic_entropy": 10.3707857131958,
          "acoustic_entropy_side": 10.417448043823242,
          "hz": 2020.9991599069049
        },
        {
          "acoustic_entropy": 9.53763198852539,
          "acoustic_entropy_side": 9.411879539489746,
          "hz": 2261.9676141086993
        },
        {
          "acoustic_entropy": 9.847142219543457,
          "acoustic_entropy_side": 9.680928230285645,
          "hz": 2524.2759484456974
        },
        {
          "acoustic_entropy": 10.187729835510254,
          "acoustic_entropy_side": 10.085023880004883,
          "hz": 2809.813997359896
        },
        {
          "acoustic_entropy": 10.058843612670898,
          "acoustic_entropy_side": 10.065897941589355,
          "hz": 3120.6389567871424
        },
        {
          "acoustic_entropy": 9.937987327575684,
          "acoustic_entropy_side": 9.950569152832031,
          "hz": 3458.990205492291
        },
        {
          "acoustic_entropy": 9.694445610046387,
          "acoustic_entropy_side": 9.861592292785645,
          "hz": 3827.305438964164
        },
        {
          "acoustic_entropy": 10.693256378173828,
          "acoustic_entropy_side": 10.430961608886719,
          "hz": 4228.238232109126
        },
        {
          "acoustic_entropy": 10.11323356628418,
          "acoustic_entropy_side": 9.973050117492676,
          "hz": 4664.6771572759235
        },
        {
          "acoustic_entropy": 9.910977363586426,
          "acoustic_entropy_side": 9.951748847961426,
          "hz": 5139.766595350093
        },
        {
          "acoustic_entropy": 10.312484741210938,
          "acoustic_entropy_side": 10.079483985900879,
          "hz": 5656.929389854203
        },
        {
          "acoustic_entropy": 9.896394729614258,
          "acoustic_entropy_side": 9.848719596862793,
          "hz": 6219.891507268283
        },
        {
          "acoustic_entropy": 9.777203559875488,
          "acoustic_entropy_side": 9.933545112609863,
          "hz": 6832.70888123896
        },
        {
          "acoustic_entropy": 9.883818626403809,
          "acoustic_entropy_side": 9.986364364624023,
          "hz": 7499.796634079867
        },
        {
          "acoustic_entropy": 9.594722747802734,
          "acoustic_entropy_side": 9.759146690368652,
          "hz": 8225.96088609342
        },
        {
          "acoustic_entropy": 9.820013999938965,
          "acoustic_entropy_side": 9.839507102966309,
          "hz": 9016.43338188839
        },
        {
          "acoustic_entropy": 9.506982803344727,
          "acoustic_entropy_side": 9.641159057617188,
          "hz": 9876.909183162974
        },
        {
          "acoustic_entropy": 10.06230640411377,
          "acoustic_entropy_side": 9.969728469848633,
          "hz": 10813.587699516042
        },
        {
          "acoustic_entropy": 9.797029495239258,
          "acoustic_entropy_side": 9.780718803405762,
          "hz": 11833.21735289826
        },
        {
          "acoustic_entropy": 9.851374626159668,
          "acoustic_entropy_side": 9.85454273223877,
          "hz": 12943.144197493959
        },
        {
          "acoustic_entropy": 9.905917167663574,
          "acoustic_entropy_side": 9.910231590270996,
          "hz": 14151.364845322005
        },
        {
          "acoustic_entropy": 9.965523719787598,
          "acoustic_entropy_side": 9.924153327941895,
          "hz": 15466.58407886509
        },
        {
          "acoustic_entropy": 9.915575981140137,
          "acoustic_entropy_side": 9.8801908493042,
          "hz": 16898.27756580493
        },
        {
          "acoustic_entropy": 9.862091064453125,
          "acoustic_entropy_side": 9.851680755615234,
          "hz": 18456.760127700032
        },
        {
          "acoustic_entropy": 9.847110748291016,
          "acoustic_entropy_side": 9.84407901763916,
          "hz": 20153.260054456492
        },
        {
          "acoustic_entropy": 9.84333610534668,
          "acoustic_entropy_side": 9.842304229736328,
          "hz": 22000.00000000001
        }
      ],
      "diff_acoustic_entropy": 4.025999546051025,
      "sn": 12
    },
    {
      "acoustic_entropy": 17.29574966430664,
      "acoustic_entropy_mono": 16.23268699645996,
      "band_eliminated_acoustic_entropies": [
        {
          "acoustic_entropy": 17.383329391479492,
          "acoustic_entropy_side": 17.314905166625977,
          "hz": 129.47220167065723
        },
        {
          "acoustic_entropy": 17.44013023376465,
          "acoustic_entropy_side": 17.382396697998047,
          "hz": 202.92927478742237
        },
        {
          "acoustic_entropy": 17.17142677307129,
          "acoustic_entropy_side": 17.14211654663086,
          "hz": 282.89161906338205
        },
        {
          "acoustic_entropy": 17.084848403930664,
          "acoustic_entropy_side": 17.057682037353516,
          "hz": 369.9353335868758
        },
        {
          "acoustic_entropy": 16.52643394470215,
          "acoustic_entropy_side": 16.544628143310547,
          "hz": 464.6875360973435
        },
        {
          "acoustic_entropy": 16.9310359954834,
          "acoustic_entropy_side": 17.04306983947754,
          "hz": 567.8308811364784
        },
        {
          "acoustic_entropy": 16.778785705566406,
          "acoustic_entropy_side": 17.137224197387695,
          "hz": 680.1084783214808
        },
        {
          "acoustic_entropy": 16.562774658203125,
          "acoustic_entropy_side": 16.645904541015625,
          "hz": 802.3292461747484
        },
        {
          "acoustic_entropy": 16.5689640045166,
          "acoustic_entropy_side": 17.76788902282715,
          "hz": 935.3737400823702
        },
        {
          "acoustic_entropy": 16.888837814331055,
          "acoustic_entropy_side": 17.05304718017578,
          "hz": 1080.2004963696966
        },
        {
          "acoustic_entropy": 16.92922019958496,
          "acoustic_entropy_side": 16.949132919311523,
          "hz": 1237.8529382007157
        },
        {
          "acoustic_entropy": 16.622703552246094,
          "acoustic_entropy_side": 17.02619171142578,
          "hz": 1409.4668930556702
        },
        {
          "acoustic_entropy": 16.821800231933594,
          "acoustic_entropy_side": 17.165912628173828,
          "hz": 1596.2787759475705
        },
        {
          "acoustic_entropy": 16.76498031616211,
          "acoustic_entropy_side": 16.863370895385742,
          "hz": 1799.6344973346393
        },
        {
          "acoustic_entropy": 16.501306533813477,
          "acoustic_entropy_side": 16.638450622558594,
          "hz": 2020.9991599069049
        },
        {
          "acoustic_entropy": 16.21786880493164,
          "acoustic_entropy_side": 17.222082138061523,
          "hz": 2261.9676141086993
        },
        {
          "acoustic_entropy": 17.145305633544922,
          "acoustic_entropy_side": 16.984878540039062,
          "hz": 2524.2759484456974
        },
        {
          "acoustic_entropy": 16.6660213470459,
          "acoustic_entropy_side": 17.263973236083984,
          "hz": 2809.813997359896
        },
        {
          "acoustic_entropy": 16.498220443725586,
          "acoustic_entropy_side": 16.644866943359375,
          "hz": 3120.6389567871424
        },
        {
          "acoustic_entropy": 16.55484390258789,
          "acoustic_entropy_side": 16.751588821411133,
