{
  "acoustic_entropy": 195.66465759277344,
  "bands": [
    {
      "high_freq": 148.1999969482422,
      "loudness": -16.121471405029297,
      "loudness_range": 9.836067199707031,
      "mid_mean": -12.581762313842773,
      "mid_to_side_loudness": -19.99822425842285,
      "mid_to_side_loudness_range": 24.212528228759766,
      "side_mean": -33.18219757080078
    },
    {
      "high_freq": 392.3793640136719,
      "loudness": -19.103296279907227,
      "loudness_range": 8.257233619689941,
      "low_freq": 148.1999969482422,
      "mid_mean": -16.09149742126465,
      "mid_to_side_loudness": -8.901034355163574,
      "mid_to_side_loudness_range": 12.192974090576172,
      "side_mean": -25.22652244567871
    },
    {
      "high_freq": 794.6976318359375,
      "loudness": -23.35807991027832,
      "loudness_range": 11.360078811645508,
      "low_freq": 392.3793640136719,
      "mid_mean": -21.171918869018555,
      "mid_to_side_loudness": -4.663658618927002,
      "mid_to_side_loudness_range": 9.54614543914795,
      "side_mean": -26.026277542114258
    },
    {
      "high_freq": 1457.5709228515625,
      "loudness": -25.668107986450195,
      "loudness_range": 18.685659408569336,
      "low_freq": 794.6976318359375,
      "mid_mean": -23.516809463500977,
      "mid_to_side_loudness": -4.940096378326416,
      "mid_to_side_loudness_range": 11.970478057861328,
      "side_mean": -28.35649871826172
    },
    {
      "high_freq": 2549.74365234375,
      "loudness": -25.295820236206055,
      "loudness_range": 16.421735763549805,
      "low_freq": 1457.5709228515625,
      "mid_mean": -23.032316207885742,
      "mid_to_side_loudness": -5.0023722648620605,
      "mid_to_side_loudness_range": 9.247045516967773,
      "side_mean": -28.193735122680664
    },
    {
      "high_freq": 4349.24462890625,
      "loudness": -28.133464813232422,
      "loudness_range": 14.246788024902344,
      "low_freq": 2549.74365234375,
      "mid_mean": -25.656940460205078,
      "mid_to_side_loudness": -5.952579021453857,
      "mid_to_side_loudness_range": 9.712811470031738,
      "side_mean": -31.594932556152344
    },
    {
      "high_freq": 7314.1640625,
      "loudness": -29.34313201904297,
      "loudness_range": 14.332391738891602,
      "low_freq": 4349.24462890625,
      "mid_mean": -26.43528175354004,
      "mid_to_side_loudness": -9.225037574768066,
      "mid_to_side_loudness_range": 13.138712882995605,
      "side_mean": -35.92316436767578
    },
    {
      "high_freq": 12199.2666015625,
      "loudness": -28.78312873840332,
      "loudness_range": 12.370346069335938,
      "low_freq": 7314.1640625,
      "mid_mean": -25.703481674194336,
      "mid_to_side_loudness": -10.752001762390137,
      "mid_to_side_loudness_range": 15.440986633300781,
      "side_mean": -36.486324310302734
    },
    {
      "loudness": -33.03181076049805,
      "loudness_range": 11.635154724121094,
      "low_freq": 12199.2666015625,
      "mid_mean": -29.646909713745117,
      "mid_to_side_loudness": -13.29323673248291,
      "mid_to_side_loudness_range": 16.566604614257812,
      "side_mean": -43.374908447265625
    }
  ],
  "bands_short": [
    {
      "high_freq": 148.1999969482422,
      "loudness": -20.84581184387207,
      "loudness_range": 21.452842712402344,
      "mid_mean": -17.523366928100586,
      "mid_to_side_loudness": -19.57729721069336,
      "mid_to_side_loudness_range": 33.34103775024414,
      "side_mean": -38.66564178466797
    },
    {
      "high_freq": 392.3793640136719,
      "loudness": -19.47886085510254,
      "loudness_range": 17.805633544921875,
      "low_freq": 148.1999969482422,
      "mid_mean": -16.800281524658203,
      "mid_to_side_loudness": -9.029052734375,
      "mid_to_side_loudness_range": 20.462656021118164,
      "side_mean": -26.241857528686523
    },
    {
      "high_freq": 794.6976318359375,
      "loudness": -25.052066802978516,
      "loudness_range": 17.108949661254883,
      "low_freq": 392.3793640136719,
      "mid_mean": -23.16737937927246,
      "mid_to_side_loudness": -4.510688304901123,
      "mid_to_side_loudness_range": 13.881317138671875,
      "side_mean": -27.687030792236328
    },
    {
      "high_freq": 1457.5709228515625,
      "loudness": -25.958126068115234,
      "loudness_range": 22.615997314453125,
      "low_freq": 794.6976318359375,
      "mid_mean": -24.180038452148438,
      "mid_to_side_loudness": -4.399177074432373,
      "mid_to_side_loudness_range": 13.549834251403809,
      "side_mean": -28.167280197143555
    },
    {
      "high_freq": 2549.74365234375,
      "loudness": -27.020795822143555,
      "loudness_range": 22.644855499267578,
      "low_freq": 1457.5709228515625,
      "mid_mean": -25.15082550048828,
      "mid_to_side_loudness": -4.29237174987793,
      "mid_to_side_loudness_range": 11.22606372833252,
      "side_mean": -29.4465274810791
    },
    {
      "high_freq": 4349.24462890625,
      "loudness": -29.822011947631836,
      "loudness_range": 20.26787757873535,
      "low_freq": 2549.74365234375,
      "mid_mean": -27.626956939697266,
      "mid_to_side_loudness": -5.44210958480835,
      "mid_to_side_loudness_range": 11.333562850952148,
      "side_mean": -33.118133544921875
    },
    {
      "high_freq": 7314.1640625,
      "loudness": -31.4385929107666,
      "loudness_range": 24.545228958129883,
      "low_freq": 4349.24462890625,
      "mid_mean": -28.726184844970703,
      "mid_to_side_loudness": -8.351466178894043,
      "mid_to_side_loudness_range": 14.74942684173584,
      "side_mean": -37.07767868041992
    },
    {
      "high_freq": 12199.2666015625,
      "loudness": -30.956899642944336,
      "loudness_range": 23.115726470947266,
      "low_freq": 7314.1640625,
      "mid_mean": -28.201765060424805,
      "mid_to_side_loudness": -10.244566917419434,
      "mid_to_side_loudness_range": 17.456804275512695,
      "side_mean": -37.39588165283203
    },
    {
      "loudness": -36.27838134765625,
      "loudness_range": 21.893516540527344,
      "low_freq": 12199.2666015625,
      "mid_mean": -33.34510803222656,
      "mid_to_side_loudness": -11.705276489257812,
      "mid_to_side_loudness_range": 19.638240814208984,
      "side_mean": -45.814727783203125
    }
  ],
  "bandwidth": 381.72088623046875,
  "channels": 2,
  "covariance": [
    [
      24.32822608947754,
      3.379854440689087,
      10.200075149536133,
      1.9209537506103516,
      2.8897767066955566,
      5.331840991973877,
      4.621056079864502,
      3.4200942516326904,
      7.435747146606445,
      4.158878326416016,
      7.864223957061768,
      4.150638103485107,
      11.339198112487793,
      7.747990131378174,
      7.7973198890686035,
      3.9822211265563965,
      8.31091594696045,
      4.898918628692627
    ],
    [
      3.379854440689087,
      29.466712951660156,
      3.7324044704437256,
      7.028576374053955,
      9.049372673034668,
      9.813024520874023,
      12.056957244873047,
      14.988483428955078,
      11.41529655456543,
      13.102459907531738,
      7.059993267059326,
      8.212518692016602,
      4.932523250579834,
      9.755060195922852,
      3.9427714347839355,
      8.549179077148438,
      0.6820422410964966,
      5.547194957733154
    ],
    [
      10.200075149536133,
      3.7324044704437256,
      15.530802726745605,
      6.243669033050537,
      7.045411586761475,
      6.754675388336182,
      8.491619110107422,
      5.997088432312012,
      5.331096172332764,
      2.8292880058288574,
      5.228400230407715,
      2.3684046268463135,
      7.71948766708374,
      7.178006649017334,
      5.793190002441406,
      4.1472554206848145,
      3.0534896850585938,
      2.995954990386963
    ],
    [
      1.9209537506103516,
      7.028576374053955,
      6.243669033050537,
      14.796703338623047,
      5.754340648651123,
      8.364683151245117,
      3.390732765197754,
      3.653806686401367,
      2.591315507888794,
      3.175044536590576,
      1.434506893157959,
      2.2015886306762695,
      0.811793863773346,
      3.55305552482605,
      1.374077320098877,
      1.6663463115692139,
      1.0163406133651733,
      1.8211402893066406
    ],
    [
      2.8897767066955566,
      9.049372673034668,
      7.045411586761475,
      5.754340648651123,
      22.2111873626709,
      20.683076858520508,
      22.78850555419922,
      26.477493286132812,
      18.20869255065918,
      21.092395782470703,
      11.892898559570312,
      14.500066757202148,
      13.289631843566895,
      22.33245277404785,
      12.172215461730957,
      21.80361557006836,
      4.878906726837158,
      13.4480562210083
    ],
    [
      5.331840991973877,
      9.813024520874023,
      6.754675388336182,
      8.364683151245117,
      20.683076858520508,
      35.18376541137695,
      22.14153480529785,
      34.84259796142578,
      19.378421783447266,
      28.621978759765625,
      13.134160041809082,
      21.086599349975586,
      16.002946853637695,
      30.149431228637695,
      14.780146598815918,
      28.961576461791992,
      9.767265319824219,
      19.38418960571289
    ],
    [
      4.621056079864502,
      12.056957244873047,
      8.491619110107422,
      3.390732765197754,
      22.78850555419922,
      22.14153480529785,
      39.724239349365234,
      41.971195220947266,
      28.810287475585938,
      29.6527042388916,
      20.542097091674805,
      21.002050399780273,
      20.175125122070312,
      29.433534622192383,
      16.04745864868164,
      28.315715789794922,
      7.051726341247559,
      18.282211303710938
    ],
    [
      3.4200942516326904,
      14.988483428955078,
      5.997088432312012,
      3.653806686401367,
      26.477493286132812,
      34.84259796142578,
      41.971195220947266,
      66.59184265136719,
      31.33295249938965,
      44.62626647949219,
      21.55445098876953,
      32.73426818847656,
      22.238506317138672,
      42.670204162597656,
      18.556644439697266,
      41.8376579284668,
      10.307292938232422,
      26.98521614074707
    ],
    [
      7.435747146606445,
      11.41529655456543,
      5.331096172332764,
      2.591315507888794,
      18.20869255065918,
      19.378421783447266,
      28.810287475585938,
      31.33295249938965,
      37.27702713012695,
      32.539337158203125,
      27.05942726135254,
      25.05514907836914,
      25.559188842773438,
      31.81374740600586,
      18.540903091430664,
      31.57044219970703,
      11.378746032714844,
      20.569583892822266
    ],
    [
      4.158878326416016,
      13.102459907531738,
      2.8292880058288574,
      3.175044536590576,
      21.092395782470703,
      28.621978759765625,
      29.6527042388916,
      44.62626647949219,
      32.539337158203125,
      45.8400993347168,
      22.345563888549805,
      32.44684982299805,
      20.500131607055664,
      38.77138137817383,
      17.589006423950195,
      38.21391677856445,
      10.657110214233398,
      25.257287979125977
    ],
    [
      7.864223957061768,
      7.059993267059326,
      5.228400230407715,
      1.434506893157959,
      11.892898559570312,
      13.134160041809082,
      20.542097091674805,
      21.55445098876953,
      27.05942726135254,
      22.345563888549805,
      27.285245895385742,
      23.53525733947754,
      25.062959671020508,
      27.924575805664062,
      17.605985641479492,
      25.496110916137695,
      12.983190536499023,
      17.276714324951172
    ],
    [
      4.150638103485107,
      8.212518692016602,
      2.3684046268463135,
      2.2015886306762695,
      14.500066757202148,
      21.086599349975586,
      21.002050399780273,
      32.73426818847656,
      25.05514907836914,
      32.44684982299805,
      23.53525733947754,
      35.603694915771484,
      19.675338745117188,
      35.52490234375,
      15.049707412719727,
      31.41950798034668,
      12.015517234802246,
      21.270797729492188
    ],
    [
      11.339198112487793,
      4.932523250579834,
      7.71948766708374,
      0.811793863773346,
      13.289631843566895,
      16.002946853637695,
      20.175125122070312,
      22.238506317138672,
      25.559188842773438,
      20.500131607055664,
      25.062959671020508,
      19.675338745117188,
      39.08732604980469,
      35.5694694519043,
      26.86375617980957,
      33.48490905761719,
      19.354089736938477,
      23.836977005004883
    ],
    [
      7.747990131378174,
      9.755060195922852,
      7.178006649017334,
      3.55305552482605,
      22.33245277404785,
      30.149431228637695,
      29.433534622192383,
      42.670204162597656,
      31.81374740600586,
      38.77138137817383,
      27.924575805664062,
      35.52490234375,
      35.5694694519043,
      60.14878845214844,
      29.23558807373047,
      52.75315475463867,
      19.556310653686523,
      35.19986343383789
    ],
    [
      7.7973198890686035,
      3.9427714347839355,
      5.793190002441406,
      1.374077320098877,
      12.172215461730957,
      14.780146598815918,
      16.04745864868164,
      18.556644439697266,
      18.540903091430664,
      17.589006423950195,
      17.605985641479492,
      15.049707412719727,
      26.86375617980957,
      29.23558807373047,
      31.509052276611328,
      32.2884635925293,
      18.234386444091797,
      24.625734329223633
    ],
    [
      3.9822211265563965,
      8.549179077148438,
      4.1472554206848145,
      1.6663463115692139,
      21.80361557006836,
      28.961576461791992,
      28.315715789794922,
      41.8376579284668,
      31.57044219970703,
      38.21391677856445,
      25.496110916137695,
      31.41950798034668,
      33.48490905761719,
      52.75315475463867,
      32.2884635925293,
      67.31922912597656,
      19.68550682067871,
      43.30171585083008
    ],
    [
      8.31091594696045,
      0.6820422410964966,
      3.0534896850585938,
      1.0163406133651733,
      4.878906726837158,
      9.767265319824219,
      7.051726341247559,
      10.307292938232422,
      11.378746032714844,
      10.657110214233398,
      12.983190536499023,
      12.015517234802246,
      19.354089736938477,
      19.556310653686523,
      18.234386444091797,
      19.68550682067871,
      25.04349708557129,
      19.42119789123535
    ],
    [
      4.898918628692627,
      5.547194957733154,
      2.995954990386963,
      1.8211402893066406,
      13.4480562210083,
      19.38418960571289,
      18.282211303710938,
      26.98521614074707,
      20.569583892822266,
      25.257287979125977,
      17.276714324951172,
      21.270797729492188,
      23.836977005004883,
      35.19986343383789,
      24.625734329223633,
      43.30171585083008,
      19.42119789123535,
      41.516876220703125
    ]
  ],
  "covariance_short": [
    [
      57.8802604675293,
      7.700826644897461,
      18.366106033325195,
      -6.872852802276611,
      0.04835351184010506,
      1.04422926902771,
      0.4902656376361847,
      0.26497411727905273,
      4.042479991912842,
      2.08229660987854,
      7.505331993103027,
      1.3529378175735474,
      11.347674369812012,
      2.6367642879486084,
      10.876287460327148,
      -0.744542121887207,
      15.478971481323242,
      1.6145819425582886
    ],
    [
      7.700826644897461,
      72.21641540527344,
      10.040740013122559,
      13.768516540527344,
      20.318178176879883,
      22.771955490112305,
      28.26175308227539,
      31.494718551635742,
      29.079166412353516,
      31.289756774902344,
      23.51286506652832,
      24.31444549560547,
      22.433931350708008,
      26.644866943359375,
      19.01457977294922,
      20.107433319091797,
      18.551023483276367,
      20.59800910949707
    ],
    [
      18.366106033325195,
      10.040740013122559,
      45.79605484008789,
      8.596579551696777,
      15.567021369934082,
      8.1419095993042,
      9.060958862304688,
      1.9497448205947876,
      9.93454647064209,
      3.046475887298584,
      11.813335418701172,
      4.399709224700928,
      12.444585800170898,
      5.240444660186768,
      10.987309455871582,
      2.142139434814453,
      14.403312683105469,
      8.742953300476074
    ],
    [
      -6.872852802276611,
      13.768516540527344,
      8.596579551696777,
      25.376264572143555,
      10.459787368774414,
      13.059869766235352,
      6.565123081207275,
      6.957455635070801,
      4.617696762084961,
      6.091634750366211,
      2.389564037322998,
      5.1867265701293945,
      0.24415108561515808,
      4.183472156524658,
      0.25059646368026733,
      3.141510009765625,
      1.4042437076568604,
      3.920281171798706
    ],
    [
      0.04835351184010506,
      20.318178176879883,
      15.567021369934082,
      10.459787368774414,
      42.857749938964844,
      32.22157287597656,
      31.265512466430664,
      28.74651336669922,
      29.514673233032227,
      28.32722282409668,
      23.055706024169922,
      24.26591682434082,
      22.706382751464844,
      27.974111557006836,
      19.623693466186523,
      25.025327682495117,
      15.489320755004883,
      26.455080032348633
    ],
    [
      1.04422926902771,
      22.771955490112305,
      8.1419095993042,
      13.059869766235352,
      32.22157287597656,
      50.8695068359375,
      29.195634841918945,
      36.3929557800293,
      27.004955291748047,
      33.171871185302734,
      21.550384521484375,
      28.688594818115234,
      22.046613693237305,
      32.30827331542969,
      20.4449405670166,
      30.2862548828125,
      16.490848541259766,
      28.633092880249023
    ],
    [
      0.4902656376361847,
      28.26175308227539,
      9.060958862304688,
      6.565123081207275,
      31.265512466430664,
      29.195634841918945,
      62.65125274658203,
      52.62531661987305,
      47.23486328125,
      45.17757034301758,
      35.58693313598633,
      37.31842803955078,
      32.10472869873047,
      39.463932037353516,
      25.62674903869629,
      33.06415939331055,
      19.760587692260742,
      34.05559158325195
    ],
    [
      0.26497411727905273,
      31.494718551635742,
      1.9497448205947876,
      6.957455635070801,
      28.74651336669922,
      36.3929557800293,
      52.62531661987305,
      74.53096771240234,
      43.09014129638672,
      52.67062759399414,
      31.560527801513672,
      42.834590911865234,
      30.493854522705078,
      45.72018051147461,
      26.324504852294922,
      40.472965240478516,
      19.16697120666504,
      37.19917297363281
    ],
    [
      4.042479991912842,
      29.079166412353516,
      9.93454647064209,
      4.617696762084961,
      29.514673233032227,
      27.004955291748047,
      47.23486328125,
      43.09014129638672,
      67.90762329101562,
      54.63114547729492,
      47.79875564575195,
      44.56678009033203,
      41.54463195800781,
      45.5260009765625,
      33.16949462890625,
      37.33539581298828,
      27.50296974182129,
      37.362098693847656
    ],
    [
      2.08229660987854,
      31.289756774902344,
      3.046475887298584,
      6.091634750366211,
      28.32722282409668,
      33.171871185302734,
      45.17757034301758,
      52.67062759399414,
      54.63114547729492,
      67.90792083740234,
      38.39548873901367,
      49.218048095703125,
      32.82273864746094,
      48.208553314208984,
      27.800392150878906,
      40.805355072021484,
      22.258806228637695,
      38.994285583496094
    ],
    [
      7.505331993103027,
      23.51286506652832,
      11.813335418701172,
      2.389564037322998,
      23.055706024169922,
      21.550384521484375,
      35.58693313598633,
      31.560527801513672,
      47.79875564575195,
      38.39548873901367,
      56.103309631347656,
      43.12541198730469,
      46.06582260131836,
      45.51279067993164,
      37.146148681640625,
      35.048065185546875,
      33.61266326904297,
      36.01838684082031
    ],
    [
      1.3529378175735474,
      24.31444549560547,
      4.399709224700928,
      5.1867265701293945,
      24.26591682434082,
      28.688594818115234,
      37.31842803955078,
      42.834590911865234,
      44.56678009033203,
      49.218048095703125,
      43.12541198730469,
      60.38490295410156,
      34.00188064575195,
      50.96036911010742,
      29.094221115112305,
      40.22822570800781,
      25.22696304321289,
      38.97505187988281
    ],
    [
      11.347674369812012,
      22.433931350708008,
      12.444585800170898,
      0.24415108561515808,
      22.706382751464844,
      22.046613693237305,
      32.10472869873047,
      30.493854522705078,
      41.54463195800781,
      32.82273864746094,
      46.06582260131836,
      34.00188064575195,
      71.51504516601562,
      55.042884826660156,
      58.166412353515625,
      47.60012435913086,
      46.773765563964844,
      48.83320617675781
    ],
    [
      2.6367642879486084,
      26.644866943359375,
      5.240444660186768,
      4.183472156524658,
      27.974111557006836,
      32.30827331542969,
      39.463932037353516,
      45.72018051147461,
      45.5260009765625,
      48.208553314208984,
      45.51279067993164,
      50.96036911010742,
      55.042884826660156,
      82.07999420166016,
      46.58187484741211,
      63.91767120361328,
      33.94862365722656,
      57.58842849731445
    ],
    [
      10.876287460327148,
      19.01457977294922,
      10.987309455871582,
      0.25059646368026733,
      19.623693466186523,
      20.4449405670166,
      25.62674903869629,
      26.324504852294922,
      33.16949462890625,
      27.800392150878906,
      37.146148681640625,
      29.094221115112305,
      58.166412353515625,
      46.58187484741211,
      68.15838623046875,
      49.77246856689453,
      51.9239501953125,
      51.20537567138672
    ],
    [
      -0.744542121887207,
      20.107433319091797,
      2.142139434814453,
      3.141510009765625,
      25.025327682495117,
      30.2862548828125,
      33.06415939331055,
      40.472965240478516,
      37.33539581298828,
      40.805355072021484,
      35.048065185546875,
      40.22822570800781,
      47.60012435913086,
      63.91767120361328,
      49.77246856689453,
      85.5697250366211,
      32.68810272216797,
      65.8775405883789
    ],
    [
      15.478971481323242,
      18.551023483276367,
      14.403312683105469,
      1.4042437076568604,
      15.489320755004883,
      16.490848541259766,
      19.760587692260742,
      19.16697120666504,
      27.50296974182129,
      22.258806228637695,
      33.61266326904297,
      25.22696304321289,
      46.773765563964844,
      33.94862365722656,
      51.9239501953125,
      32.68810272216797,
      67.25155639648438,
      43.04042434692383
    ],
    [
      1.6145819425582886,
      20.59800910949707,
      8.742953300476074,
      3.920281171798706,
      26.455080032348633,
      28.633092880249023,
      34.05559158325195,
      37.19917297363281,
      37.362098693847656,
      38.994285583496094,
      36.01838684082031,
      38.97505187988281,
      48.83320617675781,
      57.58842849731445,
      51.20537567138672,
      65.8775405883789,
      43.04042434692383,
      81.83745574951172
    ]
  ],
  "damage": -1.9875297546386719,
  "diff_bandwidth": 355.9163818359375,
  "dissonance": 9.026321594968525,
  "drr": 5.40898323059082,
  "dynamics": 2.7467877864837646,
  "format": 1245190,
  "frames": 9492480,
  "loudness": -8.451446533203125,
  "loudness_range": 4.137363910675049,
  "loudness_range_short": 12.389202117919922,
  "lowpass_true_peak_15khz": 1.6765787601470947,
  "mastering3_acoustic_entropies": [
    {
      "acoustic_entropy": 7.141238212585449,
      "acoustic_entropy_mono": 6.87654447555542,
      "band_eliminated_acoustic_entropies": [
        {
          "acoustic_entropy": 6.72089147567749,
          "acoustic_entropy_side": 7.141460418701172,
          "hz": 129.47220167065723
        },
        {
          "acoustic_entropy": 6.464856147766113,
          "acoustic_entropy_side": 7.128015995025635,
          "hz": 202.92927478742237
        },
        {
          "acoustic_entropy": 7.228320121765137,
          "acoustic_entropy_side": 7.078789710998535,
          "hz": 282.89161906338205
        },
        {
          "acoustic_entropy": 6.8337507247924805,
          "acoustic_entropy_side": 7.054770469665527,
          "hz": 369.9353335868758
        },
        {
          "acoustic_entropy": 6.750152587890625,
          "acoustic_entropy_side": 7.056375026702881,
          "hz": 464.6875360973435
        },
        {
          "acoustic_entropy": 7.10162878036499,
          "acoustic_entropy_side": 7.175686359405518,
          "hz": 567.8308811364784
        },
        {
          "acoustic_entropy": 6.521416664123535,
          "acoustic_entropy_side": 7.21592378616333,
          "hz": 680.1084783214808
        },
        {
          "acoustic_entropy": 7.244809150695801,
          "acoustic_entropy_side": 7.194371700286865,
          "hz": 802.3292461747484
        },
        {
          "acoustic_entropy": 6.866100311279297,
          "acoustic_entropy_side": 7.049159526824951,
          "hz": 935.3737400823702
        },
        {
          "acoustic_entropy": 7.207220554351807,
          "acoustic_entropy_side": 7.227456569671631,
          "hz": 1080.2004963696966
        },
        {
          "acoustic_entropy": 7.172543525695801,
          "acoustic_entropy_side": 7.122064590454102,
          "hz": 1237.8529382007157
        },
        {
          "acoustic_entropy": 7.145763397216797,
          "acoustic_entropy_side": 6.968759059906006,
          "hz": 1409.4668930556702
        },
        {
          "acoustic_entropy": 7.0279340744018555,
          "acoustic_entropy_side": 7.027980327606201,
          "hz": 1596.2787759475705
        },
        {
          "acoustic_entropy": 7.09237003326416,
          "acoustic_entropy_side": 7.065680027008057,
          "hz": 1799.6344973346393
        },
        {
          "acoustic_entropy": 6.935544967651367,
          "acoustic_entropy_side": 7.1708784103393555,
          "hz": 2020.9991599069049
        },
        {
          "acoustic_entropy": 6.787049770355225,
          "acoustic_entropy_side": 7.120669841766357,
          "hz": 2261.9676141086993
        },
        {
          "acoustic_entropy": 6.986217975616455,
          "acoustic_entropy_side": 7.1471052169799805,
          "hz": 2524.2759484456974
        },
        {
          "acoustic_entropy": 7.124225616455078,
          "acoustic_entropy_side": 7.234973907470703,
          "hz": 2809.813997359896
        },
        {
          "acoustic_entropy": 7.2998366355896,
          "acoustic_entropy_side": 7.275052547454834,
          "hz": 3120.6389567871424
        },
        {
          "acoustic_entropy": 7.246090412139893,
          "acoustic_entropy_side": 7.210044860839844,
          "hz": 3458.990205492291
        },
        {
          "acoustic_entropy": 7.260539531707764,
          "acoustic_entropy_side": 7.184234142303467,
          "hz": 3827.305438964164
        },
        {
          "acoustic_entropy": 7.288952827453613,
          "acoustic_entropy_side": 7.171242713928223,
          "hz": 4228.238232109126
        },
        {
          "acoustic_entropy": 7.3144707679748535,
          "acoustic_entropy_side": 7.1704792976379395,
          "hz": 4664.6771572759235
        },
        {
          "acoustic_entropy": 7.179972171783447,
          "acoustic_entropy_side": 7.159780502319336,
          "hz": 5139.766595350093
        },
        {
          "acoustic_entropy": 7.2079548835754395,
          "acoustic_entropy_side": 7.1744160652160645,
          "hz": 5656.929389854203
        },
        {
          "acoustic_entropy": 7.233554363250732,
          "acoustic_entropy_side": 7.174177646636963,
          "hz": 6219.891507268283
        },
        {
          "acoustic_entropy": 7.166792869567871,
          "acoustic_entropy_side": 7.138026714324951,
          "hz": 6832.70888123896
        },
        {
          "acoustic_entropy": 7.176903247833252,
          "acoustic_entropy_side": 7.166275978088379,
          "hz": 7499.796634079867
        },
        {
          "acoustic_entropy": 7.174559593200684,
          "acoustic_entropy_side": 7.177196979522705,
          "hz": 8225.96088609342
        },
        {
          "acoustic_entropy": 7.207170009613037,
          "acoustic_entropy_side": 7.180451393127441,
          "hz": 9016.43338188839
        },
        {
          "acoustic_entropy": 7.232500076293945,
          "acoustic_entropy_side": 7.169720649719238,
          "hz": 9876.909183162974
        },
        {
          "acoustic_entropy": 7.190299987792969,
          "acoustic_entropy_side": 7.164185523986816,
          "hz": 10813.587699516042
        },
        {
          "acoustic_entropy": 7.1542510986328125,
          "acoustic_entropy_side": 7.152057647705078,
          "hz": 11833.21735289826
        },
        {
          "acoustic_entropy": 7.1264801025390625,
          "acoustic_entropy_side": 7.135613441467285,
          "hz": 12943.144197493959
        },
        {
          "acoustic_entropy": 7.153021335601807,
          "acoustic_entropy_side": 7.147726058959961,
          "hz": 14151.364845322005
        },
        {
          "acoustic_entropy": 7.096978664398193,
          "acoustic_entropy_side": 7.145699501037598,
          "hz": 15466.58407886509
        },
        {
          "acoustic_entropy": 7.025332927703857,
          "acoustic_entropy_side": 7.1437668800354,
          "hz": 16898.27756580493
        },
        {
          "acoustic_entropy": 7.113894462585449,
          "acoustic_entropy_side": 7.1417717933654785,
          "hz": 18456.760127700032
        },
        {
          "acoustic_entropy": 7.135860443115234,
          "acoustic_entropy_side": 7.141242504119873,
          "hz": 20153.260054456492
        },
        {
          "acoustic_entropy": 7.1419997215271,
          "acoustic_entropy_side": 7.141232490539551,
          "hz": 22000.00000000001
        }
      ],
      "diff_acoustic_entropy": 8.597307205200195,
      "sn": 6
    },
    {
      "acoustic_entropy": 11.589561462402344,
      "acoustic_entropy_mono": 10.791666030883789,
      "band_eliminated_acoustic_entropies": [
        {
          "acoustic_entropy": 10.959760665893555,
          "acoustic_entropy_side": 11.591400146484375,
          "hz": 129.47220167065723
        },
        {
          "acoustic_entropy": 10.773713111877441,
          "acoustic_entropy_side": 11.534083366394043,
          "hz": 202.92927478742237
        },
        {
          "acoustic_entropy": 11.784274101257324,
          "acoustic_entropy_side": 11.639172554016113,
          "hz": 282.89161906338205
        },
        {
          "acoustic_entropy": 11.175116539001465,
          "acoustic_entropy_side": 11.219388008117676,
          "hz": 369.9353335868758
        },
        {
          "acoustic_entropy": 10.621829986572266,
          "acoustic_entropy_side": 11.052282333374023,
          "hz": 464.6875360973435
        },
        {
          "acoustic_entropy": 11.21243953704834,
          "acoustic_entropy_side": 11.452045440673828,
          "hz": 567.8308811364784
        },
        {
          "acoustic_entropy": 10.558876037597656,
          "acoustic_entropy_side": 11.412620544433594,
          "hz": 680.1084783214808
        },
        {
          "acoustic_entropy": 11.668211936950684,
          "acoustic_entropy_side": 11.6023530960083,
          "hz": 802.3292461747484
        },
        {
          "acoustic_entropy": 10.95573902130127,
          "acoustic_entropy_side": 11.110005378723145,
          "hz": 935.3737400823702
        },
        {
          "acoustic_entropy": 11.714323997497559,
          "acoustic_entropy_side": 11.691629409790039,
          "hz": 1080.2004963696966
        },
        {
          "acoustic_entropy": 11.262068748474121,
          "acoustic_entropy_side": 11.597994804382324,
          "hz": 1237.8529382007157
        },
        {
          "acoustic_entropy": 11.414401054382324,
          "acoustic_entropy_side": 11.598050117492676,
          "hz": 1409.4668930556702
        },
        {
          "acoustic_entropy": 11.463290214538574,
          "acoustic_entropy_side": 11.797503471374512,
          "hz": 1596.2787759475705
        },
        {
          "acoustic_entropy": 11.461811065673828,
          "acoustic_entropy_side": 11.69497013092041,
          "hz": 1799.6344973346393
        },
        {
          "acoustic_entropy": 11.327337265014648,
          "acoustic_entropy_side": 11.379986763000488,
          "hz": 2020.9991599069049
        },
        {
          "acoustic_entropy": 11.65805435180664,
          "acoustic_entropy_side": 11.526235580444336,
          "hz": 2261.9676141086993
        },
        {
          "acoustic_entropy": 11.850682258605957,
          "acoustic_entropy_side": 11.751211166381836,
          "hz": 2524.2759484456974
        },
        {
          "acoustic_entropy": 12.005352020263672,
          "acoustic_entropy_side": 11.789494514465332,
          "hz": 2809.813997359896
        },
        {
          "acoustic_entropy": 11.84328556060791,
          "acoustic_entropy_side": 11.73466682434082,
          "hz": 3120.6389567871424
        },
        {
          "acoustic_entropy": 11.24431037902832,
          "acoustic_entropy_side": 11.427791595458984,
          "hz": 3458.990205492291
        },
        {
          "acoustic_entropy": 11.251197814941406,
          "acoustic_entropy_side": 11.308982849121094,
          "hz": 3827.305438964164
        },
        {
          "acoustic_entropy": 11.447164535522461,
          "acoustic_entropy_side": 11.482938766479492,
          "hz": 4228.238232109126
        },
        {
          "acoustic_entropy": 11.628108024597168,
          "acoustic_entropy_side": 11.627851486206055,
          "hz": 4664.6771572759235
        },
        {
          "acoustic_entropy": 11.653082847595215,
          "acoustic_entropy_side": 11.64582347869873,
          "hz": 5139.766595350093
        },
        {
          "acoustic_entropy": 11.713480949401855,
          "acoustic_entropy_side": 11.724316596984863,
          "hz": 5656.929389854203
        },
        {
          "acoustic_entropy": 11.59505558013916,
          "acoustic_entropy_side": 11.669661521911621,
          "hz": 6219.891507268283
        },
        {
          "acoustic_entropy": 11.636921882629395,
          "acoustic_entropy_side": 11.687867164611816,
          "hz": 6832.70888123896
        },
        {
          "acoustic_entropy": 11.567721366882324,
          "acoustic_entropy_side": 11.647892951965332,
          "hz": 7499.796634079867
        },
        {
          "acoustic_entropy": 11.557875633239746,
          "acoustic_entropy_side": 11.662857055664062,
          "hz": 8225.96088609342
        },
        {
          "acoustic_entropy": 11.627729415893555,
          "acoustic_entropy_side": 11.67094612121582,
          "hz": 9016.43338188839
        },
        {
          "acoustic_entropy": 11.628965377807617,
          "acoustic_entropy_side": 11.625894546508789,
          "hz": 9876.909183162974
        },
        {
          "acoustic_entropy": 11.550857543945312,
          "acoustic_entropy_side": 11.648970603942871,
          "hz": 10813.587699516042
        },
        {
          "acoustic_entropy": 11.569400787353516,
          "acoustic_entropy_side": 11.597160339355469,
          "hz": 11833.21735289826
        },
        {
          "acoustic_entropy": 11.592308044433594,
          "acoustic_entropy_side": 11.522419929504395,
          "hz": 12943.144197493959
        },
        {
          "acoustic_entropy": 11.629232406616211,
          "acoustic_entropy_side": 11.497050285339355,
          "hz": 14151.364845322005
        },
        {
          "acoustic_entropy": 11.574469566345215,
          "acoustic_entropy_side": 11.50841236114502,
          "hz": 15466.58407886509
        },
        {
          "acoustic_entropy": 11.591897964477539,
          "acoustic_entropy_side": 11.547835350036621,
          "hz": 16898.27756580493
        },
        {
          "acoustic_entropy": 11.626909255981445,
          "acoustic_entropy_side": 11.574067115783691,
          "hz": 18456.760127700032
        },
        {
          "acoustic_entropy": 11.633533477783203,
          "acoustic_entropy_side": 11.586881637573242,
          "hz": 20153.260054456492
        },
        {
          "acoustic_entropy": 11.593276977539062,
          "acoustic_entropy_side": 11.589468955993652,
          "hz": 22000.00000000001
        }
      ],
      "diff_acoustic_entropy": 14.138138771057129,
      "sn": 12
    },
    {
      "acoustic_entropy": 18.197877883911133,
      "acoustic_entropy_mono": 14.387691497802734,
      "band_eliminated_acoustic_entropies": [
        {
          "acoustic_entropy": 17.3801212310791,
          "acoustic_entropy_side": 18.19463539123535,
          "hz": 129.47220167065723
        },
        {
          "acoustic_entropy": 18.279333114624023,
          "acoustic_entropy_side": 18.225305557250977,
          "hz": 202.92927478742237
        },
        {
          "acoustic_entropy": 18.130678176879883,
          "acoustic_entropy_side": 18.17538070678711,
          "hz": 282.89161906338205
        },
        {
          "acoustic_entropy": 18.057445526123047,
          "acoustic_entropy_side": 18.15945053100586,
          "hz": 369.9353335868758
        },
        {
          "acoustic_entropy": 17.539813995361328,
          "acoustic_entropy_side": 17.826950073242188,
          "hz": 464.6875360973435
        },
        {
          "acoustic_entropy": 18.422269821166992,
          "acoustic_entropy_side": 18.018714904785156,
          "hz": 567.8308811364784
        },
        {
          "acoustic_entropy": 17.36924934387207,
          "acoustic_entropy_side": 18.90203857421875,
          "hz": 680.1084783214808
        },
        {
          "acoustic_entropy": 18.1141414642334,
          "acoustic_entropy_side": 17.784242630004883,
          "hz": 802.3292461747484
        },
        {
          "acoustic_entropy": 18.27444839477539,
          "acoustic_entropy_side": 18.45891761779785,
          "hz": 935.3737400823702
        },
        {
          "acoustic_entropy": 18.655101776123047,
          "acoustic_entropy_side": 18.044729232788086,
          "hz": 1080.2004963696966
        },
        {
          "acoustic_entropy": 18.188629150390625,
          "acoustic_entropy_side": 18.290508270263672,
          "hz": 1237.8529382007157
        },
        {
          "acoustic_entropy": 18.082990646362305,
          "acoustic_entropy_side": 18.132028579711914,
          "hz": 1409.4668930556702
        },
        {
          "acoustic_entropy": 18.266849517822266,
          "acoustic_entropy_side": 18.371883392333984,
          "hz": 1596.2787759475705
        },
        {
          "acoustic_entropy": 18.624021530151367,
          "acoustic_entropy_side": 18.3540096282959,
          "hz": 1799.6344973346393
        },
        {
          "acoustic_entropy": 17.514896392822266,
          "acoustic_entropy_side": 17.549152374267578,
          "hz": 2020.9991599069049
        },
        {
          "acoustic_entropy": 18.119861602783203,
          "acoustic_entropy_side": 18.147493362426758,
          "hz": 2261.9676141086993
        },
        {
          "acoustic_entropy": 18.23112678527832,
          "acoustic_entropy_side": 18.030071258544922,
          "hz": 2524.2759484456974
        },
        {
          "acoustic_entropy": 18.40627098083496,
          "acoustic_entropy_side": 18.13119125366211,
          "hz": 2809.813997359896
        },
        {
          "acoustic_entropy": 18.497806549072266,
          "acoustic_entropy_side": 18.467973709106445,
