{
  "acoustic_entropy": 141.2686004638672,
  "bands": [
    {
      "high_freq": 148.1999969482422,
      "loudness": -60.31373977661133,
      "loudness_range": 26.44803237915039,
      "mid_mean": -57.26502990722656,
      "mid_to_side_loudness": -6.054378509521484,
      "mid_to_side_loudness_range": 13.107605934143066,
      "side_mean": -62.48133087158203
    },
    {
      "high_freq": 392.3793640136719,
      "loudness": -43.601280212402344,
      "loudness_range": 23.996278762817383,
      "low_freq": 148.1999969482422,
      "mid_mean": -42.26786422729492,
      "mid_to_side_loudness": -3.3181822299957275,
      "mid_to_side_loudness_range": 9.887799263000488,
      "side_mean": -45.66270065307617
    },
    {
      "high_freq": 794.6976318359375,
      "loudness": -40.406944274902344,
      "loudness_range": 22.535964965820312,
      "low_freq": 392.3793640136719,
      "mid_mean": -39.583953857421875,
      "mid_to_side_loudness": -1.658369541168213,
      "mid_to_side_loudness_range": 10.757017135620117,
      "side_mean": -41.04405212402344
    },
    {
      "high_freq": 1457.5709228515625,
      "loudness": -49.01105880737305,
      "loudness_range": 27.685745239257812,
      "low_freq": 794.6976318359375,
      "mid_mean": -50.04395294189453,
      "mid_to_side_loudness": -2.604700803756714,
      "mid_to_side_loudness_range": 8.814279556274414,
      "side_mean": -52.171024322509766
    },
    {
      "high_freq": 2549.74365234375,
      "loudness": -55.60718536376953,
      "loudness_range": 30.27297592163086,
      "low_freq": 1457.5709228515625,
      "mid_mean": -56.389556884765625,
      "mid_to_side_loudness": -2.2760863304138184,
      "mid_to_side_loudness_range": 8.408954620361328,
      "side_mean": -58.00453567504883
    },
    {
      "high_freq": 4349.24462890625,
      "loudness": -62.70664596557617,
      "loudness_range": 28.76508331298828,
      "low_freq": 2549.74365234375,
      "mid_mean": -61.785972595214844,
      "mid_to_side_loudness": -2.527550220489502,
      "mid_to_side_loudness_range": 5.262974262237549,
      "side_mean": -63.37614822387695
    },
    {
      "high_freq": 7314.1640625,
      "loudness": -70.6938247680664,
      "loudness_range": 25.243885040283203,
      "low_freq": 4349.24462890625,
      "mid_mean": -66.26176452636719,
      "mid_to_side_loudness": -2.196063280105591,
      "mid_to_side_loudness_range": 3.8399672508239746,
      "side_mean": -67.25110626220703
    },
    {
      "high_freq": 12199.2666015625,
      "loudness": -79.53529357910156,
      "loudness_range": 16.324295043945312,
      "low_freq": 7314.1640625,
      "mid_mean": -68.73746490478516,
      "mid_to_side_loudness": -1.6943916082382202,
      "mid_to_side_loudness_range": 2.8932547569274902,
      "side_mean": -69.1500473022461
    },
    {
      "loudness": -80.87224578857422,
      "loudness_range": 7.759895324707031,
      "low_freq": 12199.2666015625,
      "mid_mean": -69.34876251220703,
      "mid_to_side_loudness": -1.1477086544036865,
      "mid_to_side_loudness_range": 1.6757469177246094,
      "side_mean": -69.52694702148438
    }
  ],
  "bands_short": [
    {
      "high_freq": 148.1999969482422,
      "loudness": -62.98882293701172,
      "loudness_range": 24.751144409179688,
      "mid_mean": -59.75220489501953,
      "mid_to_side_loudness": -5.489475250244141,
      "mid_to_side_loudness_range": 16.964319229125977,
      "side_mean": -64.11788940429688
    },
    {
      "high_freq": 392.3793640136719,
      "loudness": -45.23017883300781,
      "loudness_range": 25.717987060546875,
      "low_freq": 148.1999969482422,
      "mid_mean": -44.142112731933594,
      "mid_to_side_loudness": -3.5350866317749023,
      "mid_to_side_loudness_range": 13.515039443969727,
      "side_mean": -48.04916000366211
    },
    {
      "high_freq": 794.6976318359375,
      "loudness": -40.18986892700195,
      "loudness_range": 23.134822845458984,
      "low_freq": 392.3793640136719,
      "mid_mean": -39.50379180908203,
      "mid_to_side_loudness": -1.801812767982483,
      "mid_to_side_loudness_range": 13.360895156860352,
      "side_mean": -41.110347747802734
    },
    {
      "high_freq": 1457.5709228515625,
      "loudness": -48.754310607910156,
      "loudness_range": 27.788524627685547,
      "low_freq": 794.6976318359375,
      "mid_mean": -50.09824752807617,
      "mid_to_side_loudness": -2.52728271484375,
      "mid_to_side_loudness_range": 11.058856010437012,
      "side_mean": -52.13789749145508
    },
    {
      "high_freq": 2549.74365234375,
      "loudness": -56.42513656616211,
      "loudness_range": 30.591148376464844,
      "low_freq": 1457.5709228515625,
      "mid_mean": -57.051048278808594,
      "mid_to_side_loudness": -2.4367828369140625,
      "mid_to_side_loudness_range": 10.272607803344727,
      "side_mean": -58.75968551635742
    },
    {
      "high_freq": 4349.24462890625,
      "loudness": -61.79825973510742,
      "loudness_range": 28.52114486694336,
      "low_freq": 2549.74365234375,
      "mid_mean": -61.62265396118164,
      "mid_to_side_loudness": -2.1133031845092773,
      "mid_to_side_loudness_range": 9.198265075683594,
      "side_mean": -62.88195037841797
    },
    {
      "high_freq": 7314.1640625,
      "loudness": -70.92678833007812,
      "loudness_range": 25.28104019165039,
      "low_freq": 4349.24462890625,
      "mid_mean": -66.54203033447266,
      "mid_to_side_loudness": -2.165519952774048,
      "mid_to_side_loudness_range": 5.199122905731201,
      "side_mean": -67.46487426757812
    },
    {
      "high_freq": 12199.2666015625,
      "loudness": -79.8526840209961,
      "loudness_range": 16.239768981933594,
      "low_freq": 7314.1640625,
      "mid_mean": -68.84254455566406,
      "mid_to_side_loudness": -1.6394426822662354,
      "mid_to_side_loudness_range": 3.5348572731018066,
      "side_mean": -69.21367645263672
    },
    {
      "loudness": -81.0906753540039,
      "loudness_range": 7.4855499267578125,
      "low_freq": 12199.2666015625,
      "mid_mean": -69.37992858886719,
      "mid_to_side_loudness": -1.1240265369415283,
      "mid_to_side_loudness_range": 2.3933844566345215,
      "side_mean": -69.54702758789062
    }
  ],
  "bandwidth": 634.0709228515625,
  "channels": 2,
  "covariance": [
    [
      75.59623718261719,
      38.99459457397461,
      34.62704086303711,
      29.52722930908203,
      30.534997940063477,
      27.473182678222656,
      48.28182601928711,
      48.04533004760742,
      46.31946563720703,
      42.24484634399414,
      33.99625015258789,
      29.02701759338379,
      18.52715492248535,
      13.901127815246582,
      6.353048801422119,
      4.429086685180664,
      2.7403454780578613,
      1.8059552907943726
    ],
    [
      38.99459457397461,
      24.36570167541504,
      17.840572357177734,
      15.17000961303711,
      15.084702491760254,
      13.696939468383789,
      24.875890731811523,
      24.38393783569336,
      24.62862205505371,
      22.26468276977539,
      18.261415481567383,
      15.403800010681152,
      10.03696060180664,
      7.542640686035156,
      3.6695995330810547,
      2.599490165710449,
      1.5985143184661865,
      1.0512577295303345
    ],
    [
      34.62704086303711,
      17.840572357177734,
      80.92327117919922,
      67.92173767089844,
      31.328554153442383,
      27.36798095703125,
      53.96535873413086,
      54.726741790771484,
      42.72780990600586,
      36.81911087036133,
      35.26575469970703,
      29.896759033203125,
      18.106517791748047,
      13.527936935424805,
      5.841548919677734,
      4.109516620635986,
      2.552993059158325,
      1.7253268957138062
    ],
    [
      29.52722930908203,
      15.17000961303711,
      67.92173767089844,
      76.52494049072266,
      30.434139251708984,
      25.913293838500977,
      49.803253173828125,
      50.478172302246094,
      38.77332305908203,
      33.15948486328125,
      33.18069076538086,
      28.116239547729492,
      16.941259384155273,
      12.666709899902344,
      5.525209426879883,
      3.8459906578063965,
      2.3108246326446533,
      1.5553169250488281
    ],
    [
      30.534997940063477,
      15.084702491760254,
      31.328554153442383,
      30.434139251708984,
      69.10327911376953,
      59.26475143432617,
      57.66756057739258,
      58.91326904296875,
      49.720760345458984,
      47.87226867675781,
      37.11792755126953,
      31.863407135009766,
      21.042827606201172,
      15.99522876739502,
      7.028491497039795,
      4.781811237335205,
      2.964479923248291,
      1.9328606128692627
    ],
    [
      27.473182678222656,
      13.696939468383789,
      27.36798095703125,
      25.913293838500977,
      59.26475143432617,
      67.44325256347656,
      56.49162292480469,
      56.95017623901367,
      47.14168167114258,
      44.68901824951172,
      35.87962341308594,
      30.65117835998535,
      20.40826416015625,
      15.493941307067871,
      6.886873245239258,
      4.696691989898682,
      2.859740972518921,
      1.8668022155761719
    ],
    [
      48.28182601928711,
      24.875890731811523,
      53.96535873413086,
      49.803253173828125,
      57.66756057739258,
      56.49162292480469,
      125.7722396850586,
      115.24852752685547,
      87.455078125,
      80.72591400146484,
      63.9533805847168,
      54.33676528930664,
      32.52517318725586,
      24.5307559967041,
      10.475163459777832,
      7.177589416503906,
      4.316329479217529,
      2.8454275131225586
    ],
    [
      48.04533004760742,
      24.38393783569336,
      54.726741790771484,
      50.478172302246094,
      58.91326904296875,
      56.95017623901367,
      115.24852752685547,
      114.18047332763672,
      84.48904418945312,
      78.3902816772461,
      62.27235794067383,
      52.88118362426758,
      32.1490592956543,
      24.526931762695312,
      10.581525802612305,
      7.286182880401611,
      4.463389873504639,
      2.9543650150299072
    ],
    [
      46.31946563720703,
      24.62862205505371,
      42.72780990600586,
      38.77332305908203,
      49.720760345458984,
      47.14168167114258,
      87.455078125,
      84.48904418945312,
      107.47191619873047,
      97.62604522705078,
      75.69178771972656,
      65.50056457519531,
      43.03833770751953,
      32.62989807128906,
      15.521262168884277,
      10.62381362915039,
      6.605313777923584,
      4.2963433265686035
    ],
    [
      42.24484634399414,
      22.26468276977539,
      36.81911087036133,
      33.15948486328125,
      47.87226867675781,
      44.68901824951172,
      80.72591400146484,
      78.3902816772461,
      97.62604522705078,
      95.16732025146484,
      69.54631042480469,
      60.82704162597656,
      40.52968215942383,
      30.924575805664062,
      14.522178649902344,
      9.97218132019043,
      6.280085563659668,
      4.0850067138671875
    ],
    [
      33.99625015258789,
      18.261415481567383,
      35.26575469970703,
      33.18069076538086,
      37.11792755126953,
      35.87962341308594,
      63.9533805847168,
      62.27235794067383,
      75.69178771972656,
      69.54631042480469,
      70.8997573852539,
      60.804317474365234,
      39.64016342163086,
      30.299175262451172,
      14.420701026916504,
      9.907275199890137,
      6.367020606994629,
      4.086816787719727
    ],
    [
      29.02701759338379,
      15.403800010681152,
      29.896759033203125,
      28.116239547729492,
      31.863407135009766,
      30.65117835998535,
      54.33676528930664,
      52.88118362426758,
      65.50056457519531,
      60.82704162597656,
      60.804317474365234,
      54.33869552612305,
      34.77537536621094,
      26.75962257385254,
      12.731019973754883,
      8.798867225646973,
      5.596698760986328,
      3.6049962043762207
    ],
    [
      18.52715492248535,
      10.03696060180664,
      18.106517791748047,
      16.941259384155273,
      21.042827606201172,
      20.40826416015625,
      32.52517318725586,
      32.1490592956543,
      43.03833770751953,
      40.52968215942383,
      39.64016342163086,
      34.77537536621094,
      28.756858825683594,
      22.461467742919922,
      11.376301765441895,
      8.03084659576416,
      5.427034378051758,
      3.501657009124756
    ],
    [
      13.901127815246582,
      7.542640686035156,
      13.527936935424805,
      12.666709899902344,
      15.99522876739502,
      15.493941307067871,
      24.5307559967041,
      24.526931762695312,
      32.62989807128906,
      30.924575805664062,
      30.299175262451172,
      26.75962257385254,
      22.461467742919922,
      18.364665985107422,
      9.268991470336914,
      6.626491069793701,
      4.539058685302734,
      2.956631660461426
    ],
    [
      6.353048801422119,
      3.6695995330810547,
      5.841548919677734,
      5.525209426879883,
      7.028491497039795,
      6.886873245239258,
      10.475163459777832,
      10.581525802612305,
      15.521262168884277,
      14.522178649902344,
      14.420701026916504,
      12.731019973754883,
      11.376301765441895,
      9.268991470336914,
      6.339266777038574,
      4.589191913604736,
      3.2059600353240967,
      2.1247079372406006
    ],
    [
      4.429086685180664,
      2.599490165710449,
      4.109516620635986,
      3.8459906578063965,
      4.781811237335205,
      4.696691989898682,
      7.177589416503906,
      7.286182880401611,
      10.62381362915039,
      9.97218132019043,
      9.907275199890137,
      8.798867225646973,
      8.03084659576416,
      6.626491069793701,
      4.589191913604736,
      3.473951578140259,
      2.481055974960327,
      1.6660950183868408
    ],
    [
      2.7403454780578613,
      1.5985143184661865,
      2.552993059158325,
      2.3108246326446533,
      2.964479923248291,
      2.859740972518921,
      4.316329479217529,
      4.463389873504639,
      6.605313777923584,
      6.280085563659668,
      6.367020606994629,
      5.596698760986328,
      5.427034378051758,
      4.539058685302734,
      3.2059600353240967,
      2.481055974960327,
      2.147205114364624,
      1.4660439491271973
    ],
    [
      1.8059552907943726,
      1.0512577295303345,
      1.7253268957138062,
      1.5553169250488281,
      1.9328606128692627,
      1.8668022155761719,
      2.8454275131225586,
      2.9543650150299072,
      4.2963433265686035,
      4.0850067138671875,
      4.086816787719727,
      3.6049962043762207,
      3.501657009124756,
      2.956631660461426,
      2.1247079372406006,
      1.6660950183868408,
      1.4660439491271973,
      1.0260577201843262
    ]
  ],
  "covariance_short": [
    [
      57.6812629699707,
      24.492511749267578,
      34.563114166259766,
      29.192440032958984,
      29.163158416748047,
      24.952608108520508,
      42.95368957519531,
      43.639591217041016,
      39.600833892822266,
      37.02347946166992,
      28.328859329223633,
      23.748077392578125,
      14.520087242126465,
      10.84052562713623,
      4.96152400970459,
      3.4919891357421875,
      2.1514079570770264,
      1.4241589307785034
    ],
    [
      24.492511749267578,
      18.364368438720703,
      15.22204875946045,
      13.033954620361328,
      12.674180030822754,
      10.957633972167969,
      19.142576217651367,
      18.809188842773438,
      19.229293823242188,
      17.692392349243164,
      13.287203788757324,
      10.806112289428711,
      7.139060020446777,
      5.313151836395264,
      2.6549086570739746,
      1.9210056066513062,
      1.1677461862564087,
      0.7741798162460327
    ],
    [
      34.563114166259766,
      15.22204875946045,
      90.81488037109375,
      77.50570678710938,
      34.10147476196289,
      29.592864990234375,
      60.21892166137695,
      60.824344635009766,
      45.43264389038086,
      39.43095397949219,
      34.29491424560547,
      26.716724395751953,
      17.055118560791016,
      12.78231430053711,
      5.549233913421631,
      3.8911778926849365,
      2.4784576892852783,
      1.6648647785186768
    ],
    [
      29.192440032958984,
      13.033954620361328,
      77.50570678710938,
      91.1734619140625,
      34.6282958984375,
      31.969011306762695,
      61.97330856323242,
      61.520111083984375,
      45.962257385253906,
      39.59930419921875,
      34.23360061645508,
      26.33416175842285,
      17.008371353149414,
      12.6626558303833,
      5.408589839935303,
      3.733875036239624,
      2.3129377365112305,
      1.5459861755371094
    ],
    [
      29.163158416748047,
      12.674180030822754,
      34.10147476196289,
      34.6282958984375,
      75.55807495117188,
      59.97677230834961,
      57.90011215209961,
      59.825233459472656,
      49.140899658203125,
      46.87001419067383,
      37.015342712402344,
      31.54428482055664,
      19.58116340637207,
      14.7671537399292,
      6.660614490509033,
      4.527299404144287,
      2.6784801483154297,
      1.7613427639007568
    ],
    [
      24.952608108520508,
      10.957633972167969,
      29.592864990234375,
      31.969011306762695,
      59.97677230834961,
      71.19005584716797,
      55.93142318725586,
      57.261077880859375,
      45.96421432495117,
      43.446807861328125,
      34.22446060180664,
      28.302001953125,
      18.817245483398438,
      14.194489479064941,
      6.387608051300049,
      4.3575758934021,
      2.5601744651794434,
      1.6805998086929321
    ],
    [
      42.95368957519531,
      19.142576217651367,
      60.21892166137695,
      61.97330856323242,
      57.90011215209961,
      55.93142318725586,
      128.27012634277344,
      116.31953430175781,
      85.33792114257812,
      78.4576416015625,
      63.59309005737305,
      54.41508102416992,
      30.099580764770508,
      22.68948745727539,
      9.633193016052246,
      6.5945963859558105,
      4.027251720428467,
      2.6387791633605957
    ],
    [
      43.639591217041016,
      18.809188842773438,
      60.824344635009766,
      61.520111083984375,
      59.825233459472656,
      57.261077880859375,
      116.31953430175781,
      118.55268096923828,
      83.30199432373047,
      77.072265625,
      62.25961685180664,
      53.237579345703125,
      30.17871856689453,
      23.008594512939453,
      9.917421340942383,
      6.838397979736328,
      4.281214237213135,
      2.819182872772217
    ],
    [
      39.600833892822266,
      19.229293823242188,
      45.43264389038086,
      45.962257385253906,
      49.140899658203125,
      45.96421432495117,
      85.33792114257812,
      83.30199432373047,
      105.76856994628906,
      93.43284606933594,
      74.45282745361328,
      63.53774642944336,
      40.31742858886719,
      30.486377716064453,
      14.330883979797363,
      9.874235153198242,
      6.194582462310791,
      4.036143779754639
    ],
    [
      37.02347946166992,
      17.692392349243164,
      39.43095397949219,
      39.59930419921875,
      46.87001419067383,
      43.446807861328125,
      78.4576416015625,
      77.072265625,
      93.43284606933594,
      91.6863784790039,
      69.43526458740234,
      61.09618377685547,
      37.8303108215332,
      28.796125411987305,
      13.418564796447754,
      9.270279884338379,
      5.902124881744385,
      3.8492133617401123
    ],
    [
      28.328859329223633,
      13.287203788757324,
      34.29491424560547,
      34.23360061645508,
      37.015342712402344,
      34.22446060180664,
      63.59309005737305,
      62.25961685180664,
      74.45282745361328,
      69.43526458740234,
      70.98731231689453,
      60.13887023925781,
      37.48598861694336,
      28.65594482421875,
      13.421269416809082,
      9.248101234436035,
      5.90178108215332,
      3.800673246383667
    ],
    [
      23.748077392578125,
      10.806112289428711,
      26.716724395751953,
      26.33416175842285,
      31.54428482055664,
      28.302001953125,
      54.41508102416992,
      53.237579345703125,
      63.53774642944336,
      61.09618377685547,
      60.13887023925781,
      57.43255615234375,
      32.34389114379883,
      24.912546157836914,
      11.602791786193848,
      8.049958229064941,
      5.073652744293213,
      3.282047748565674
    ],
    [
      14.520087242126465,
      7.139060020446777,
      17.055118560791016,
      17.008371353149414,
      19.58116340637207,
      18.817245483398438,
      30.099580764770508,
      30.17871856689453,
      40.31742858886719,
      37.8303108215332,
      37.48598861694336,
      32.34389114379883,
      27.822248458862305,
      21.499317169189453,
      10.750223159790039,
      7.647698402404785,
      5.172286510467529,
      3.3636770248413086
    ],
    [
      10.84052562713623,
      5.313151836395264,
      12.78231430053711,
      12.6626558303833,
      14.7671537399292,
      14.194489479064941,
      22.68948745727539,
      23.008594512939453,
      30.486377716064453,
      28.796125411987305,
      28.65594482421875,
      24.912546157836914,
      21.499317169189453,
      17.85808753967285,
      8.793545722961426,
      6.328607082366943,
      4.341200828552246,
      2.8537611961364746
    ],
    [
      4.96152400970459,
      2.6549086570739746,
      5.549233913421631,
      5.408589839935303,
      6.660614490509033,
      6.387608051300049,
      9.633193016052246,
      9.917421340942383,
      14.330883979797363,
      13.418564796447754,
      13.421269416809082,
      11.602791786193848,
      10.750223159790039,
      8.793545722961426,
      6.173264026641846,
      4.477944374084473,
      3.1049702167510986,
      2.0824668407440186
    ],
    [
      3.4919891357421875,
      1.9210056066513062,
      3.8911778926849365,
      3.733875036239624,
      4.527299404144287,
      4.3575758934021,
      6.5945963859558105,
      6.838397979736328,
      9.874235153198242,
      9.270279884338379,
      9.248101234436035,
      8.049958229064941,
      7.647698402404785,
      6.328607082366943,
      4.477944374084473,
      3.452695846557617,
      2.417236566543579,
      1.6456184387207031
    ],
    [
      2.1514079570770264,
      1.1677461862564087,
      2.4784576892852783,
      2.3129377365112305,
      2.6784801483154297,
      2.5601744651794434,
      4.027251720428467,
      4.281214237213135,
      6.194582462310791,
      5.902124881744385,
      5.90178108215332,
      5.073652744293213,
      5.172286510467529,
      4.341200828552246,
      3.1049702167510986,
      2.417236566543579,
      2.130898952484131,
      1.4709503650665283
    ],
    [
      1.4241589307785034,
      0.7741798162460327,
      1.6648647785186768,
      1.5459861755371094,
      1.7613427639007568,
      1.6805998086929321,
      2.6387791633605957,
      2.819182872772217,
      4.036143779754639,
      3.8492133617401123,
      3.800673246383667,
      3.282047748565674,
      3.3636770248413086,
      2.8537611961364746,
      2.0824668407440186,
      1.6456184387207031,
      1.4709503650665283,
      1.059376835823059
    ]
  ],
  "damage": -20.178495407104492,
  "diff_bandwidth": 662.9517211914062,
  "dissonance": 4.271371272886553,
  "drr": 2.0276038646698,
  "dynamics": 6.058218002319336,
  "format": 1245190,
  "frames": 26680256,
  "loudness": -32.518890380859375,
  "loudness_range": 20.211761474609375,
  "loudness_range_short": 21.058317184448242,
  "lowpass_true_peak_15khz": -7.94291877746582,
  "mastering3_acoustic_entropies": [
    {
      "acoustic_entropy": 6.959155559539795,
      "acoustic_entropy_mono": 6.176478862762451,
      "band_eliminated_acoustic_entropies": [
        {
          "acoustic_entropy": 6.959397792816162,
          "acoustic_entropy_side": 6.959166526794434,
          "hz": 129.47220167065723
        },
        {
          "acoustic_entropy": 6.893712997436523,
          "acoustic_entropy_side": 6.959097385406494,
          "hz": 202.92927478742237
        },
        {
          "acoustic_entropy": 6.805306434631348,
          "acoustic_entropy_side": 6.9282402992248535,
          "hz": 282.89161906338205
        },
        {
          "acoustic_entropy": 6.686195373535156,
          "acoustic_entropy_side": 6.702027320861816,
          "hz": 369.9353335868758
        },
        {
          "acoustic_entropy": 7.089455604553223,
          "acoustic_entropy_side": 7.174203395843506,
          "hz": 464.6875360973435
        },
        {
          "acoustic_entropy": 6.193265914916992,
          "acoustic_entropy_side": 6.8159499168396,
          "hz": 567.8308811364784
        },
        {
          "acoustic_entropy": 6.598217487335205,
          "acoustic_entropy_side": 6.882989883422852,
          "hz": 680.1084783214808
        },
        {
          "acoustic_entropy": 6.964539051055908,
          "acoustic_entropy_side": 6.9933695793151855,
          "hz": 802.3292461747484
        },
        {
          "acoustic_entropy": 6.540465831756592,
          "acoustic_entropy_side": 6.808348655700684,
          "hz": 935.3737400823702
        },
        {
          "acoustic_entropy": 7.261446952819824,
          "acoustic_entropy_side": 6.933736801147461,
          "hz": 1080.2004963696966
        },
        {
          "acoustic_entropy": 7.382727146148682,
          "acoustic_entropy_side": 7.288047790527344,
          "hz": 1237.8529382007157
        },
        {
          "acoustic_entropy": 7.119826793670654,
          "acoustic_entropy_side": 6.887502193450928,
          "hz": 1409.4668930556702
        },
        {
          "acoustic_entropy": 7.06123161315918,
          "acoustic_entropy_side": 7.025938034057617,
          "hz": 1596.2787759475705
        },
        {
          "acoustic_entropy": 7.439887523651123,
          "acoustic_entropy_side": 7.132054328918457,
          "hz": 1799.6344973346393
        },
        {
          "acoustic_entropy": 6.903057098388672,
          "acoustic_entropy_side": 7.025291442871094,
          "hz": 2020.9991599069049
        },
        {
          "acoustic_entropy": 6.901966571807861,
          "acoustic_entropy_side": 6.956389427185059,
          "hz": 2261.9676141086993
        },
        {
          "acoustic_entropy": 6.855700969696045,
          "acoustic_entropy_side": 6.967351913452148,
          "hz": 2524.2759484456974
        },
        {
          "acoustic_entropy": 7.0061140060424805,
          "acoustic_entropy_side": 7.013809680938721,
          "hz": 2809.813997359896
        },
        {
          "acoustic_entropy": 6.983738899230957,
          "acoustic_entropy_side": 6.979512691497803,
          "hz": 3120.6389567871424
        },
        {
          "acoustic_entropy": 6.9525909423828125,
          "acoustic_entropy_side": 6.959480285644531,
          "hz": 3458.990205492291
        },
        {
          "acoustic_entropy": 6.974630355834961,
          "acoustic_entropy_side": 6.9616546630859375,
          "hz": 3827.305438964164
        },
        {
          "acoustic_entropy": 6.935312747955322,
          "acoustic_entropy_side": 6.957767486572266,
          "hz": 4228.238232109126
        },
        {
          "acoustic_entropy": 6.9630913734436035,
          "acoustic_entropy_side": 6.959400177001953,
          "hz": 4664.6771572759235
        },
        {
          "acoustic_entropy": 6.963869094848633,
          "acoustic_entropy_side": 6.959399223327637,
          "hz": 5139.766595350093
        },
        {
          "acoustic_entropy": 6.958459854125977,
          "acoustic_entropy_side": 6.958804130554199,
          "hz": 5656.929389854203
        },
        {
          "acoustic_entropy": 6.958453178405762,
          "acoustic_entropy_side": 6.958792686462402,
          "hz": 6219.891507268283
        },
        {
          "acoustic_entropy": 6.958736896514893,
          "acoustic_entropy_side": 6.959124565124512,
          "hz": 6832.70888123896
        },
        {
          "acoustic_entropy": 6.959157943725586,
          "acoustic_entropy_side": 6.9591522216796875,
          "hz": 7499.796634079867
        },
        {
          "acoustic_entropy": 6.959239959716797,
          "acoustic_entropy_side": 6.959153652191162,
          "hz": 8225.96088609342
        },
        {
          "acoustic_entropy": 6.959145545959473,
          "acoustic_entropy_side": 6.959156036376953,
          "hz": 9016.43338188839
        },
        {
          "acoustic_entropy": 6.959167957305908,
          "acoustic_entropy_side": 6.959158897399902,
          "hz": 9876.909183162974
        },
        {
          "acoustic_entropy": 6.959167957305908,
          "acoustic_entropy_side": 6.959157943725586,
          "hz": 10813.587699516042
        },
        {
          "acoustic_entropy": 6.959182262420654,
          "acoustic_entropy_side": 6.959156036376953,
          "hz": 11833.21735289826
        },
        {
          "acoustic_entropy": 6.959202766418457,
          "acoustic_entropy_side": 6.959167957305908,
          "hz": 12943.144197493959
        },
        {
          "acoustic_entropy": 6.959192752838135,
          "acoustic_entropy_side": 6.959163188934326,
          "hz": 14151.364845322005
        },
        {
          "acoustic_entropy": 6.959173679351807,
          "acoustic_entropy_side": 6.9591593742370605,
          "hz": 15466.58407886509
        },
        {
          "acoustic_entropy": 6.959160804748535,
          "acoustic_entropy_side": 6.9591546058654785,
          "hz": 16898.27756580493
        },
        {
          "acoustic_entropy": 6.9591569900512695,
          "acoustic_entropy_side": 6.959155559539795,
          "hz": 18456.760127700032
        },
        {
          "acoustic_entropy": 6.959155082702637,
          "acoustic_entropy_side": 6.959156036376953,
          "hz": 20153.260054456492
        },
        {
          "acoustic_entropy": 6.959155559539795,
          "acoustic_entropy_side": 6.959155559539795,
          "hz": 22000.00000000001
        }
      ],
      "diff_acoustic_entropy": 1.4635611772537231,
      "sn": 6
    },
    {
      "acoustic_entropy": 11.308565139770508,
      "acoustic_entropy_mono": 10.195133209228516,
      "band_eliminated_acoustic_entropies": [
        {
          "acoustic_entropy": 11.271517753601074,
          "acoustic_entropy_side": 11.306936264038086,
          "hz": 129.47220167065723
        },
        {
          "acoustic_entropy": 10.983280181884766,
          "acoustic_entropy_side": 11.20567798614502,
          "hz": 202.92927478742237
        },
        {
          "acoustic_entropy": 10.995715141296387,
          "acoustic_entropy_side": 11.17226505279541,
          "hz": 282.89161906338205
        },
        {
          "acoustic_entropy": 11.340723037719727,
          "acoustic_entropy_side": 11.305486679077148,
          "hz": 369.9353335868758
        },
        {
          "acoustic_entropy": 11.72095012664795,
          "acoustic_entropy_side": 11.711259841918945,
          "hz": 464.6875360973435
        },
        {
          "acoustic_entropy": 10.14229679107666,
          "acoustic_entropy_side": 11.29343032836914,
          "hz": 567.8308811364784
        },
        {
          "acoustic_entropy": 11.050908088684082,
          "acoustic_entropy_side": 11.171475410461426,
          "hz": 680.1084783214808
        },
        {
          "acoustic_entropy": 11.999942779541016,
          "acoustic_entropy_side": 12.010345458984375,
          "hz": 802.3292461747484
        },
        {
          "acoustic_entropy": 10.766824722290039,
          "acoustic_entropy_side": 11.923284530639648,
          "hz": 935.3737400823702
        },
        {
          "acoustic_entropy": 12.207780838012695,
          "acoustic_entropy_side": 11.451064109802246,
          "hz": 1080.2004963696966
        },
        {
          "acoustic_entropy": 11.27498722076416,
          "acoustic_entropy_side": 11.881251335144043,
          "hz": 1237.8529382007157
        },
        {
          "acoustic_entropy": 10.946965217590332,
          "acoustic_entropy_side": 11.365106582641602,
          "hz": 1409.4668930556702
        },
        {
          "acoustic_entropy": 10.968426704406738,
          "acoustic_entropy_side": 11.024497032165527,
          "hz": 1596.2787759475705
        },
        {
          "acoustic_entropy": 11.499312400817871,
          "acoustic_entropy_side": 11.387175559997559,
          "hz": 1799.6344973346393
        },
        {
          "acoustic_entropy": 11.490893363952637,
          "acoustic_entropy_side": 11.543322563171387,
          "hz": 2020.9991599069049
        },
        {
          "acoustic_entropy": 11.045171737670898,
          "acoustic_entropy_side": 11.32832145690918,
          "hz": 2261.9676141086993
        },
        {
          "acoustic_entropy": 10.832149505615234,
          "acoustic_entropy_side": 11.156438827514648,
          "hz": 2524.2759484456974
        },
        {
          "acoustic_entropy": 11.52933406829834,
          "acoustic_entropy_side": 11.543357849121094,
          "hz": 2809.813997359896
        },
        {
          "acoustic_entropy": 11.261380195617676,
          "acoustic_entropy_side": 11.334053993225098,
          "hz": 3120.6389567871424
        },
        {
          "acoustic_entropy": 11.259100914001465,
          "acoustic_entropy_side": 11.291805267333984,
          "hz": 3458.990205492291
        },
        {
          "acoustic_entropy": 11.501340866088867,
          "acoustic_entropy_side": 11.359107971191406,
          "hz": 3827.305438964164
        },
        {
          "acoustic_entropy": 11.646032333374023,
          "acoustic_entropy_side": 11.424336433410645,
          "hz": 4228.238232109126
        },
        {
          "acoustic_entropy": 11.399117469787598,
          "acoustic_entropy_side": 11.339897155761719,
          "hz": 4664.6771572759235
        },
        {
          "acoustic_entropy": 11.353323936462402,
          "acoustic_entropy_side": 11.3243408203125,
          "hz": 5139.766595350093
        },
        {
          "acoustic_entropy": 11.326902389526367,
          "acoustic_entropy_side": 11.315443992614746,
          "hz": 5656.929389854203
        },
        {
          "acoustic_entropy": 11.326661109924316,
          "acoustic_entropy_side": 11.311318397521973,
          "hz": 6219.891507268283
        },
        {
          "acoustic_entropy": 11.340949058532715,
          "acoustic_entropy_side": 11.313551902770996,
          "hz": 6832.70888123896
        },
        {
          "acoustic_entropy": 11.318350791931152,
          "acoustic_entropy_side": 11.312323570251465,
          "hz": 7499.796634079867
        },
        {
          "acoustic_entropy": 11.32420539855957,
          "acoustic_entropy_side": 11.311776161193848,
          "hz": 8225.96088609342
        },
        {
          "acoustic_entropy": 11.310067176818848,
          "acoustic_entropy_side": 11.309123992919922,
          "hz": 9016.43338188839
        },
        {
          "acoustic_entropy": 11.309447288513184,
          "acoustic_entropy_side": 11.30882740020752,
          "hz": 9876.909183162974
        },
        {
          "acoustic_entropy": 11.309038162231445,
          "acoustic_entropy_side": 11.308823585510254,
          "hz": 10813.587699516042
        },
        {
          "acoustic_entropy": 11.310233116149902,
          "acoustic_entropy_side": 11.3091459274292,
          "hz": 11833.21735289826
        },
        {
          "acoustic_entropy": 11.309720993041992,
          "acoustic_entropy_side": 11.310585021972656,
          "hz": 12943.144197493959
        },
        {
          "acoustic_entropy": 11.310423851013184,
          "acoustic_entropy_side": 11.309820175170898,
          "hz": 14151.364845322005
        },
        {
          "acoustic_entropy": 11.311033248901367,
          "acoustic_entropy_side": 11.309246063232422,
          "hz": 15466.58407886509
        },
        {
          "acoustic_entropy": 11.310386657714844,
          "acoustic_entropy_side": 11.308863639831543,
          "hz": 16898.27756580493
        },
        {
          "acoustic_entropy": 11.309647560119629,
          "acoustic_entropy_side": 11.308761596679688,
          "hz": 18456.760127700032
        },
        {
          "acoustic_entropy": 11.30904483795166,
          "acoustic_entropy_side": 11.308648109436035,
          "hz": 20153.260054456492
        },
        {
          "acoustic_entropy": 11.30862045288086,
          "acoustic_entropy_side": 11.308575630187988,
          "hz": 22000.00000000001
        }
      ],
      "diff_acoustic_entropy": 3.374079942703247,
      "sn": 12
    },
    {
      "acoustic_entropy": 19.317358016967773,
      "acoustic_entropy_mono": 16.468000411987305,
      "band_eliminated_acoustic_entropies": [
        {
          "acoustic_entropy": 19.03911590576172,
          "acoustic_entropy_side": 19.28887939453125,
          "hz": 129.47220167065723
        },
        {
          "acoustic_entropy": 17.931461334228516,
          "acoustic_entropy_side": 19.074573516845703,
          "hz": 202.92927478742237
        },
        {
          "acoustic_entropy": 18.689529418945312,
          "acoustic_entropy_side": 18.501739501953125,
          "hz": 282.89161906338205
        },
        {
          "acoustic_entropy": 18.978443145751953,
          "acoustic_entropy_side": 19.327491760253906,
          "hz": 369.9353335868758
        },
        {
          "acoustic_entropy": 19.888479232788086,
          "acoustic_entropy_side": 20.389799118041992,
          "hz": 464.6875360973435
        },
        {
          "acoustic_entropy": 19.018125534057617,
          "acoustic_entropy_side": 19.39854621887207,
          "hz": 567.8308811364784
        },
        {
          "acoustic_entropy": 18.619813919067383,
          "acoustic_entropy_side": 19.862369537353516,
          "hz": 680.1084783214808
        },
        {
          "acoustic_entropy": 20.15662384033203,
          "acoustic_entropy_side": 18.837039947509766,
          "hz": 802.3292461747484
        },
        {
          "acoustic_entropy": 18.323326110839844,
          "acoustic_entropy_side": 20.15348243713379,
          "hz": 935.3737400823702
        },
        {
          "acoustic_entropy": 19.9675350189209,
          "acoustic_entropy_side": 18.909557342529297,
          "hz": 1080.2004963696966
        },
        {
          "acoustic_entropy": 18.59809684753418,
          "acoustic_entropy_side": 19.47978973388672,
          "hz": 1237.8529382007157
        },
        {
          "acoustic_entropy": 18.75020980834961,
          "acoustic_entropy_side": 19.507328033447266,
          "hz": 1409.4668930556702
        },
        {
          "acoustic_entropy": 18.751882553100586,
          "acoustic_entropy_side": 19.7795467376709,
          "hz": 1596.2787759475705
        },
        {
          "acoustic_entropy": 20.525632858276367,
          "acoustic_entropy_side": 19.615903854370117,
          "hz": 1799.6344973346393
        },
        {
          "acoustic_entropy": 19.017757415771484,
          "acoustic_entropy_side": 20.16385269165039,
          "hz": 2020.9991599069049
        },
        {
          "acoustic_entropy": 19.98162078857422,
          "acoustic_entropy_side": 19.386404037475586,
          "hz": 2261.9676141086993
        },
        {
          "acoustic_entropy": 19.829021453857422,
          "acoustic_entropy_side": 19.99786949157715,
          "hz": 2524.2759484456974
        },
        {
          "acoustic_entropy": 18.831371307373047,
          "acoustic_entropy_side": 18.391094207763672,
          "hz": 2809.813997359896
        },
        {
          "acoustic_entropy": 18.70292091369629,
          "acoustic_entropy_side": 18.970947265625,
          "hz": 3120.6389567871424
        },
        {
