{
  "acoustic_entropy": 222.47015380859375,
  "bands": [
    {
      "high_freq": 148.1999969482422,
      "loudness": -29.628164291381836,
      "loudness_range": 11.25570297241211,
      "mid_mean": -26.521394729614258,
      "mid_to_side_loudness": -8.779815673828125,
      "mid_to_side_loudness_range": 8.917654991149902,
      "side_mean": -35.77935028076172
    },
    {
      "high_freq": 392.3793640136719,
      "loudness": -31.346233367919922,
      "loudness_range": 14.695760726928711,
      "low_freq": 148.1999969482422,
      "mid_mean": -29.658296585083008,
      "mid_to_side_loudness": -2.483368396759033,
      "mid_to_side_loudness_range": 6.169426918029785,
      "side_mean": -32.3073844909668
    },
    {
      "high_freq": 794.6976318359375,
      "loudness": -31.4735164642334,
      "loudness_range": 14.01632308959961,
      "low_freq": 392.3793640136719,
      "mid_mean": -31.299928665161133,
      "mid_to_side_loudness": 0.27526840567588806,
      "mid_to_side_loudness_range": 8.863001823425293,
      "side_mean": -30.998971939086914
    },
    {
      "high_freq": 1457.5709228515625,
      "loudness": -32.304893493652344,
      "loudness_range": 19.536787033081055,
      "low_freq": 794.6976318359375,
      "mid_mean": -31.545961380004883,
      "mid_to_side_loudness": -0.48652687668800354,
      "mid_to_side_loudness_range": 6.811378479003906,
      "side_mean": -32.019901275634766
    },
    {
      "high_freq": 2549.74365234375,
      "loudness": -34.06100082397461,
      "loudness_range": 17.900270462036133,
      "low_freq": 1457.5709228515625,
      "mid_mean": -33.64846420288086,
      "mid_to_side_loudness": 0.2694816589355469,
      "mid_to_side_loudness_range": 6.148788928985596,
      "side_mean": -33.363346099853516
    },
    {
      "high_freq": 4349.24462890625,
      "loudness": -37.700401306152344,
      "loudness_range": 17.35560417175293,
      "low_freq": 2549.74365234375,
      "mid_mean": -36.88994216918945,
      "mid_to_side_loudness": -0.2916795015335083,
      "mid_to_side_loudness_range": 3.060596466064453,
      "side_mean": -37.189544677734375
    },
    {
      "high_freq": 7314.1640625,
      "loudness": -40.829654693603516,
      "loudness_range": 20.18626594543457,
      "low_freq": 4349.24462890625,
      "mid_mean": -40.414634704589844,
      "mid_to_side_loudness": 0.44577810168266296,
      "mid_to_side_loudness_range": 2.455418348312378,
      "side_mean": -39.923728942871094
    },
    {
      "high_freq": 12199.2666015625,
      "loudness": -40.1968994140625,
      "loudness_range": 17.852874755859375,
      "low_freq": 7314.1640625,
      "mid_mean": -39.63953399658203,
      "mid_to_side_loudness": -5.3626201406586915e-05,
      "mid_to_side_loudness_range": 1.6773371696472168,
      "side_mean": -39.672630310058594
    },
    {
      "loudness": -41.64337921142578,
      "loudness_range": 23.109813690185547,
      "low_freq": 12199.2666015625,
      "mid_mean": -41.1279411315918,
      "mid_to_side_loudness": 0.03128281980752945,
      "mid_to_side_loudness_range": 1.3338181972503662,
      "side_mean": -41.048309326171875
    }
  ],
  "bands_short": [
    {
      "high_freq": 148.1999969482422,
      "loudness": -32.83183670043945,
      "loudness_range": 19.368371963500977,
      "mid_mean": -29.82427978515625,
      "mid_to_side_loudness": -8.403250694274902,
      "mid_to_side_loudness_range": 13.04749870300293,
      "side_mean": -38.95326614379883
    },
    {
      "high_freq": 392.3793640136719,
      "loudness": -31.08133316040039,
      "loudness_range": 15.822145462036133,
      "low_freq": 148.1999969482422,
      "mid_mean": -29.01993179321289,
      "mid_to_side_loudness": -3.8737876415252686,
      "mid_to_side_loudness_range": 9.426379203796387,
      "side_mean": -33.172786712646484
    },
    {
      "high_freq": 794.6976318359375,
      "loudness": -32.48050308227539,
      "loudness_range": 18.265230178833008,
      "low_freq": 392.3793640136719,
      "mid_mean": -32.14121627807617,
      "mid_to_side_loudness": -0.3729957044124603,
      "mid_to_side_loudness_range": 12.42171573638916,
      "side_mean": -32.586647033691406
    },
    {
      "high_freq": 1457.5709228515625,
      "loudness": -33.35671615600586,
      "loudness_range": 21.95205307006836,
      "low_freq": 794.6976318359375,
      "mid_mean": -32.875343322753906,
      "mid_to_side_loudness": -0.29203152656555176,
      "mid_to_side_loudness_range": 9.839751243591309,
      "side_mean": -33.13452911376953
    },
    {
      "high_freq": 2549.74365234375,
      "loudness": -35.296138763427734,
      "loudness_range": 18.997217178344727,
      "low_freq": 1457.5709228515625,
      "mid_mean": -34.94081115722656,
      "mid_to_side_loudness": 0.15234892070293427,
      "mid_to_side_loudness_range": 8.476469039916992,
      "side_mean": -34.756500244140625
    },
    {
      "high_freq": 4349.24462890625,
      "loudness": -38.20402908325195,
      "loudness_range": 18.697593688964844,
      "low_freq": 2549.74365234375,
      "mid_mean": -37.3786506652832,
      "mid_to_side_loudness": -0.4471397399902344,
      "mid_to_side_loudness_range": 4.750448226928711,
      "side_mean": -37.839839935302734
    },
    {
      "high_freq": 7314.1640625,
      "loudness": -41.77199935913086,
      "loudness_range": 24.105388641357422,
      "low_freq": 4349.24462890625,
      "mid_mean": -41.388877868652344,
      "mid_to_side_loudness": 0.4724544286727905,
      "mid_to_side_loudness_range": 3.76554536819458,
      "side_mean": -40.89158248901367
    },
    {
      "high_freq": 12199.2666015625,
      "loudness": -42.40113830566406,
      "loudness_range": 27.257078170776367,
      "low_freq": 7314.1640625,
      "mid_mean": -41.73925018310547,
      "mid_to_side_loudness": -0.055088091641664505,
      "mid_to_side_loudness_range": 2.6144938468933105,
      "side_mean": -41.801063537597656
    },
    {
      "loudness": -46.873573303222656,
      "loudness_range": 33.514060974121094,
      "low_freq": 12199.2666015625,
      "mid_mean": -46.00314712524414,
      "mid_to_side_loudness": -0.04993392527103424,
      "mid_to_side_loudness_range": 2.244276523590088,
      "side_mean": -46.052520751953125
    }
  ],
  "bandwidth": 713.4739379882812,
  "channels": 2,
  "covariance": [
    [
      28.747495651245117,
      21.33247184753418,
      3.4332234859466553,
      2.3919448852539062,
      10.512372016906738,
      7.066147804260254,
      12.328646659851074,
      15.004067420959473,
      10.87639045715332,
      12.053322792053223,
      6.195961952209473,
      6.760657787322998,
      3.4009759426116943,
      4.002121925354004,
      7.614899158477783,
      7.598437786102295,
      14.323161125183105,
      14.55632495880127
    ],
    [
      21.33247184753418,
      23.63969612121582,
      7.290350914001465,
      8.66618824005127,
      11.36989974975586,
      8.253058433532715,
      11.201950073242188,
      13.279794692993164,
      12.304197311401367,
      12.30215835571289,
      10.644607543945312,
      10.839179992675781,
      7.883213996887207,
      8.33089828491211,
      9.202183723449707,
      9.13926887512207,
      13.376713752746582,
      13.537482261657715
    ],
    [
      3.4332234859466553,
      7.290350914001465,
      25.065046310424805,
      24.041488647460938,
      10.785323143005371,
      9.648537635803223,
      8.587358474731445,
      7.936431884765625,
      15.09460735321045,
      12.774850845336914,
      15.261392593383789,
      15.288349151611328,
      12.081459045410156,
      11.742453575134277,
      4.993799209594727,
      4.974618911743164,
      2.127307176589966,
      2.1446080207824707
    ],
    [
      2.3919448852539062,
      8.66618824005127,
      24.041488647460938,
      28.787023544311523,
      10.888426780700684,
      10.3297119140625,
      9.309520721435547,
      8.70256233215332,
      15.980627059936523,
      12.837002754211426,
      16.85529899597168,
      16.389909744262695,
      13.583442687988281,
      13.274431228637695,
      5.8408966064453125,
      5.757014751434326,
      1.663873553276062,
      1.6327108144760132
    ],
    [
      10.512372016906738,
      11.36989974975586,
      10.785323143005371,
      10.888426780700684,
      36.36643981933594,
      26.27799415588379,
      11.183867454528809,
      15.813859939575195,
      17.41625213623047,
      18.64475440979004,
      16.905860900878906,
      17.054229736328125,
      13.087505340576172,
      13.584404945373535,
      14.057065963745117,
      14.058846473693848,
      18.230619430541992,
      18.431751251220703
    ],
    [
      7.066147804260254,
      8.253058433532715,
      9.648537635803223,
      10.3297119140625,
      26.27799415588379,
      27.456279754638672,
      10.191118240356445,
      13.258567810058594,
      14.127877235412598,
      15.86701488494873,
      15.499723434448242,
      15.651422500610352,
      12.673233032226562,
      13.311347961425781,
      13.51694107055664,
      13.439996719360352,
      16.457664489746094,
      16.634502410888672
    ],
    [
      12.328646659851074,
      11.201950073242188,
      8.587358474731445,
      9.309520721435547,
      11.183867454528809,
      10.191118240356445,
      47.257652282714844,
      40.9207878112793,
      26.465757369995117,
      26.337656021118164,
      21.758708953857422,
      22.207523345947266,
      19.374841690063477,
      20.37627601623535,
      22.242219924926758,
      22.01608657836914,
      28.60907745361328,
      28.93442153930664
    ],
    [
      15.004067420959473,
      13.279794692993164,
      7.936431884765625,
      8.70256233215332,
      15.813859939575195,
      13.258567810058594,
      40.9207878112793,
      40.580284118652344,
      25.606754302978516,
      26.417387008666992,
      21.992504119873047,
      22.30779266357422,
      18.1507511138916,
      19.19729232788086,
      21.867082595825195,
      21.66446876525879,
      29.14240074157715,
      29.511470794677734
    ],
    [
      10.87639045715332,
      12.304197311401367,
      15.09460735321045,
      15.980627059936523,
      17.41625213623047,
      14.127877235412598,
      26.465757369995117,
      25.606754302978516,
      35.9569091796875,
      33.60887145996094,
      27.429800033569336,
      27.556135177612305,
      23.46929359436035,
      24.147506713867188,
      21.577356338500977,
      21.444812774658203,
      24.752389907836914,
      24.94865608215332
    ],
    [
      12.053322792053223,
      12.30215835571289,
      12.774850845336914,
      12.837002754211426,
      18.64475440979004,
      15.86701488494873,
      26.337656021118164,
      26.417387008666992,
      33.60887145996094,
      36.21862030029297,
      27.028900146484375,
      27.494407653808594,
      22.517942428588867,
      23.408842086791992,
      22.05915069580078,
      22.006881713867188,
      26.25282859802246,
      26.46985626220703
    ],
    [
      6.195961952209473,
      10.644607543945312,
      15.261392593383789,
      16.85529899597168,
      16.905860900878906,
      15.499723434448242,
      21.758708953857422,
      21.992504119873047,
      27.429800033569336,
      27.028900146484375,
      33.82736587524414,
      33.82493209838867,
      30.093273162841797,
      30.81249237060547,
      25.691551208496094,
      25.344270706176758,
      26.35516357421875,
      26.51536750793457
    ],
    [
      6.760657787322998,
      10.839179992675781,
      15.288349151611328,
      16.389909744262695,
      17.054229736328125,
      15.651422500610352,
      22.207523345947266,
      22.30779266357422,
      27.556135177612305,
      27.494407653808594,
      33.82493209838867,
      35.010887145996094,
      30.67207908630371,
      31.475147247314453,
      26.310335159301758,
      25.96413230895996,
      27.361513137817383,
      27.54142189025879
    ],
    [
      3.4009759426116943,
      7.883213996887207,
      12.081459045410156,
      13.583442687988281,
      13.087505340576172,
      12.673233032226562,
      19.374841690063477,
      18.1507511138916,
      23.46929359436035,
      22.517942428588867,
      30.093273162841797,
      30.67207908630371,
      43.081153869628906,
      43.88104248046875,
      39.0712776184082,
      38.343502044677734,
      39.185665130615234,
      39.205177307128906
    ],
    [
      4.002121925354004,
      8.33089828491211,
      11.742453575134277,
      13.274431228637695,
      13.584404945373535,
      13.311347961425781,
      20.37627601623535,
      19.19729232788086,
      24.147506713867188,
      23.408842086791992,
      30.81249237060547,
      31.475147247314453,
      43.88104248046875,
      46.11862564086914,
      41.98072052001953,
      41.12214279174805,
      42.79352951049805,
      42.99295425415039
    ],
    [
      7.614899158477783,
      9.202183723449707,
      4.993799209594727,
      5.8408966064453125,
      14.057065963745117,
      13.51694107055664,
      22.242219924926758,
      21.867082595825195,
      21.577356338500977,
      22.05915069580078,
      25.691551208496094,
      26.310335159301758,
      39.0712776184082,
      41.98072052001953,
      54.59500503540039,
      52.98329162597656,
      60.439212799072266,
      60.8717155456543
    ],
    [
      7.598437786102295,
      9.13926887512207,
      4.974618911743164,
      5.757014751434326,
      14.058846473693848,
      13.439996719360352,
      22.01608657836914,
      21.66446876525879,
      21.444812774658203,
      22.006881713867188,
      25.344270706176758,
      25.96413230895996,
      38.343502044677734,
      41.12214279174805,
      52.98329162597656,
      53.69412612915039,
      60.36103820800781,
      60.78709411621094
    ],
    [
      14.323161125183105,
      13.376713752746582,
      2.127307176589966,
      1.663873553276062,
      18.230619430541992,
      16.457664489746094,
      28.60907745361328,
      29.14240074157715,
      24.752389907836914,
      26.25282859802246,
      26.35516357421875,
      27.361513137817383,
      39.185665130615234,
      42.79352951049805,
      60.439212799072266,
      60.36103820800781,
      82.29397583007812,
      82.11258697509766
    ],
    [
      14.55632495880127,
      13.537482261657715,
      2.1446080207824707,
      1.6327108144760132,
      18.431751251220703,
      16.634502410888672,
      28.93442153930664,
      29.511470794677734,
      24.94865608215332,
      26.46985626220703,
      26.51536750793457,
      27.54142189025879,
      39.205177307128906,
      42.99295425415039,
      60.8717155456543,
      60.78709411621094,
      82.11258697509766,
      82.91525268554688
    ]
  ],
  "covariance_short": [
    [
      54.89466857910156,
      37.20606231689453,
      11.492120742797852,
      4.927377223968506,
      10.697996139526367,
      8.003880500793457,
      14.461440086364746,
      16.976699829101562,
      11.798749923706055,
      12.928143501281738,
      7.532108783721924,
      7.8998026847839355,
      4.641327381134033,
      5.312324047088623,
      9.217326164245605,
      9.113910675048828,
      17.47288703918457,
      17.43281364440918
    ],
    [
      37.20606231689453,
      44.61265182495117,
      14.975944519042969,
      13.145638465881348,
      14.419219970703125,
      12.304951667785645,
      17.268775939941406,
      18.886751174926758,
      15.338038444519043,
      15.851243019104004,
      13.129638671875,
      13.288426399230957,
      9.699514389038086,
      10.279550552368164,
      12.788323402404785,
      12.695070266723633,
      17.053010940551758,
      17.05860137939453
    ],
    [
      11.492120742797852,
      14.975944519042969,
      28.87200927734375,
      27.183345794677734,
      16.392536163330078,
      14.209933280944824,
      15.21519660949707,
      13.98865032196045,
      17.54644203186035,
      15.998275756835938,
      16.497297286987305,
      16.26722526550293,
      13.546805381774902,
      13.357959747314453,
      9.135976791381836,
      9.102418899536133,
      8.583688735961914,
      8.66124153137207
    ],
    [
      4.927377223968506,
      13.145638465881348,
      27.183345794677734,
      38.20474624633789,
      18.46442413330078,
      17.642635345458984,
      16.576562881469727,
      14.785002708435059,
      19.92285919189453,
      17.265792846679688,
      19.32072639465332,
      18.750316619873047,
      16.08625030517578,
      15.574790000915527,
      10.148088455200195,
      10.115433692932129,
      6.632666110992432,
      6.712451934814453
    ],
    [
      10.697996139526367,
      14.419219970703125,
      16.392536163330078,
      18.46442413330078,
      52.647857666015625,
      37.01194381713867,
      17.662189483642578,
      21.139310836791992,
      22.795581817626953,
      23.66427993774414,
      22.067554473876953,
      22.325292587280273,
      17.25179100036621,
      17.62520980834961,
      16.665443420410156,
      16.600379943847656,
      18.69390869140625,
      18.714357376098633
    ],
    [
      8.003880500793457,
      12.304951667785645,
      14.209933280944824,
      17.642635345458984,
      37.01194381713867,
      42.60598373413086,
      16.231348037719727,
      18.51648712158203,
      19.15816307067871,
      19.664701461791992,
      20.959444046020508,
      20.718292236328125,
      17.50494384765625,
      18.143436431884766,
      17.13890838623047,
      17.03524398803711,
      17.897048950195312,
      17.91356086730957
    ],
    [
      14.461440086364746,
      17.268775939941406,
      15.21519660949707,
      16.576562881469727,
      17.662189483642578,
      16.231348037719727,
      57.64136505126953,
      49.30806350708008,
      30.779232025146484,
      31.82093620300293,
      26.421218872070312,
      26.91575813293457,
      24.094135284423828,
      24.984745025634766,
      26.285192489624023,
      26.012226104736328,
      28.578676223754883,
      28.823163986206055
    ],
    [
      16.976699829101562,
      18.886751174926758,
      13.98865032196045,
      14.785002708435059,
      21.139310836791992,
      18.51648712158203,
      49.30806350708008,
      53.480587005615234,
      31.14100456237793,
      33.27292251586914,
      26.82386589050293,
      27.142568588256836,
      23.66720199584961,
      24.813980102539062,
      26.869043350219727,
      26.662029266357422,
      29.603349685668945,
      29.825260162353516
    ],
    [
      11.798749923706055,
      15.338038444519043,
      17.54644203186035,
      19.92285919189453,
      22.795581817626953,
      19.15816307067871,
      30.779232025146484,
      31.14100456237793,
      41.72832489013672,
      38.218143463134766,
      31.603191375732422,
      31.568784713745117,
      27.375316619873047,
      27.998220443725586,
      26.286293029785156,
      26.09254264831543,
      26.49489974975586,
      26.621185302734375
    ],
    [
      12.928143501281738,
      15.851243019104004,
      15.998275756835938,
      17.265792846679688,
      23.66427993774414,
      19.664701461791992,
      31.82093620300293,
      33.27292251586914,
      38.218143463134766,
      43.87990951538086,
      31.935443878173828,
      32.22065353393555,
      26.81591033935547,
      27.786306381225586,
      26.42033576965332,
      26.16094207763672,
      27.273296356201172,
      27.378503799438477
    ],
    [
      7.532108783721924,
      13.129638671875,
      16.497297286987305,
      19.32072639465332,
      22.067554473876953,
      20.959444046020508,
      26.421218872070312,
      26.82386589050293,
      31.603191375732422,
      31.935443878173828,
      41.33038330078125,
      40.13744354248047,
      36.99627685546875,
      37.637550354003906,
      34.379188537597656,
      34.22113800048828,
      33.85859298706055,
      33.933372497558594
    ],
    [
      7.8998026847839355,
      13.288426399230957,
      16.26722526550293,
      18.750316619873047,
      22.325292587280273,
      20.718292236328125,
      26.91575813293457,
      27.142568588256836,
      31.568784713745117,
      32.22065353393555,
      40.13744354248047,
      42.19114303588867,
      38.049495697021484,
      38.78902053833008,
      35.24985122680664,
      35.0999870300293,
      35.26792907714844,
      35.34640121459961
    ],
    [
      4.641327381134033,
      9.699514389038086,
      13.546805381774902,
      16.08625030517578,
      17.25179100036621,
      17.50494384765625,
      24.094135284423828,
      23.66720199584961,
      27.375316619873047,
      26.81591033935547,
      36.99627685546875,
      38.049495697021484,
      60.189666748046875,
      60.71212387084961,
      63.62944412231445,
      63.3446044921875,
      68.08002471923828,
      68.06456756591797
    ],
    [
      5.312324047088623,
      10.279550552368164,
      13.357959747314453,
      15.574790000915527,
      17.62520980834961,
      18.143436431884766,
      24.984745025634766,
      24.813980102539062,
      27.998220443725586,
      27.786306381225586,
      37.637550354003906,
      38.78902053833008,
      60.71212387084961,
      63.74991989135742,
      66.99893188476562,
      66.64420318603516,
      71.46626281738281,
      71.42977905273438
    ],
    [
      9.217326164245605,
      12.788323402404785,
      9.135976791381836,
      10.148088455200195,
      16.665443420410156,
      17.13890838623047,
      26.285192489624023,
      26.869043350219727,
      26.286293029785156,
      26.42033576965332,
      34.379188537597656,
      35.24985122680664,
      63.62944412231445,
      66.99893188476562,
      94.62452697753906,
      93.15338897705078,
      98.23558044433594,
      98.137451171875
    ],
    [
      9.113910675048828,
      12.695070266723633,
      9.102418899536133,
      10.115433692932129,
      16.600379943847656,
      17.03524398803711,
      26.012226104736328,
      26.662029266357422,
      26.09254264831543,
      26.16094207763672,
      34.22113800048828,
      35.0999870300293,
      63.3446044921875,
      66.64420318603516,
      93.15338897705078,
      93.9176025390625,
      98.00385284423828,
      97.93856048583984
    ],
    [
      17.47288703918457,
      17.053010940551758,
      8.583688735961914,
      6.632666110992432,
      18.69390869140625,
      17.897048950195312,
      28.578676223754883,
      29.603349685668945,
      26.49489974975586,
      27.273296356201172,
      33.85859298706055,
      35.26792907714844,
      68.08002471923828,
      71.46626281738281,
      98.23558044433594,
      98.00385284423828,
      123.02452850341797,
      122.83622741699219
    ],
    [
      17.43281364440918,
      17.05860137939453,
      8.66124153137207,
      6.712451934814453,
      18.714357376098633,
      17.91356086730957,
      28.823163986206055,
      29.825260162353516,
      26.621185302734375,
      27.378503799438477,
      33.933372497558594,
      35.34640121459961,
      68.06456756591797,
      71.42977905273438,
      98.137451171875,
      97.93856048583984,
      122.83622741699219,
      123.2694091796875
    ]
  ],
  "damage": -13.843676567077637,
  "diff_bandwidth": 722.1321411132812,
  "dissonance": 8.89439587693964,
  "drr": 6.29107666015625,
  "dynamics": 3.6942431926727295,
  "format": 1245190,
  "frames": 12054464,
  "loudness": -19.107370376586914,
  "loudness_range": 11.088212966918945,
  "loudness_range_short": 13.518028259277344,
  "lowpass_true_peak_15khz": -0.15702275931835175,
  "mastering3_acoustic_entropies": [
    {
      "acoustic_entropy": 8.965600967407227,
      "acoustic_entropy_mono": 8.988886833190918,
      "band_eliminated_acoustic_entropies": [
        {
          "acoustic_entropy": 9.084514617919922,
          "acoustic_entropy_side": 8.972776412963867,
          "hz": 129.47220167065723
        },
        {
          "acoustic_entropy": 8.516704559326172,
          "acoustic_entropy_side": 9.096688270568848,
          "hz": 202.92927478742237
        },
        {
          "acoustic_entropy": 9.559924125671387,
          "acoustic_entropy_side": 9.135863304138184,
          "hz": 282.89161906338205
        },
        {
          "acoustic_entropy": 8.988411903381348,
          "acoustic_entropy_side": 8.903417587280273,
          "hz": 369.9353335868758
        },
        {
          "acoustic_entropy": 8.804121017456055,
          "acoustic_entropy_side": 8.814807891845703,
          "hz": 464.6875360973435
        },
        {
          "acoustic_entropy": 9.027331352233887,
          "acoustic_entropy_side": 8.942667007446289,
          "hz": 567.8308811364784
        },
        {
          "acoustic_entropy": 9.38337516784668,
          "acoustic_entropy_side": 9.36204719543457,
          "hz": 680.1084783214808
        },
        {
          "acoustic_entropy": 8.747430801391602,
          "acoustic_entropy_side": 8.91956615447998,
          "hz": 802.3292461747484
        },
        {
          "acoustic_entropy": 9.060535430908203,
          "acoustic_entropy_side": 9.1416015625,
          "hz": 935.3737400823702
        },
        {
          "acoustic_entropy": 8.425432205200195,
          "acoustic_entropy_side": 8.979990005493164,
          "hz": 1080.2004963696966
        },
        {
          "acoustic_entropy": 9.991621017456055,
          "acoustic_entropy_side": 9.337263107299805,
          "hz": 1237.8529382007157
        },
        {
          "acoustic_entropy": 8.781524658203125,
          "acoustic_entropy_side": 8.963848114013672,
          "hz": 1409.4668930556702
        },
        {
          "acoustic_entropy": 9.077324867248535,
          "acoustic_entropy_side": 9.202808380126953,
          "hz": 1596.2787759475705
        },
        {
          "acoustic_entropy": 9.087763786315918,
          "acoustic_entropy_side": 9.084214210510254,
          "hz": 1799.6344973346393
        },
        {
          "acoustic_entropy": 9.016939163208008,
          "acoustic_entropy_side": 9.12978744506836,
          "hz": 2020.9991599069049
        },
        {
          "acoustic_entropy": 8.719152450561523,
          "acoustic_entropy_side": 8.807639122009277,
          "hz": 2261.9676141086993
        },
        {
          "acoustic_entropy": 8.991031646728516,
          "acoustic_entropy_side": 8.959726333618164,
          "hz": 2524.2759484456974
        },
        {
          "acoustic_entropy": 9.458159446716309,
          "acoustic_entropy_side": 9.232736587524414,
          "hz": 2809.813997359896
        },
        {
          "acoustic_entropy": 9.259708404541016,
          "acoustic_entropy_side": 9.057297706604004,
          "hz": 3120.6389567871424
        },
        {
          "acoustic_entropy": 8.815277099609375,
          "acoustic_entropy_side": 8.892173767089844,
          "hz": 3458.990205492291
        },
        {
          "acoustic_entropy": 8.92815113067627,
          "acoustic_entropy_side": 8.944355010986328,
          "hz": 3827.305438964164
        },
        {
          "acoustic_entropy": 8.860852241516113,
          "acoustic_entropy_side": 8.910479545593262,
          "hz": 4228.238232109126
        },
        {
          "acoustic_entropy": 8.858020782470703,
          "acoustic_entropy_side": 8.930712699890137,
          "hz": 4664.6771572759235
        },
        {
          "acoustic_entropy": 9.028877258300781,
          "acoustic_entropy_side": 9.009636878967285,
          "hz": 5139.766595350093
        },
        {
          "acoustic_entropy": 9.012941360473633,
          "acoustic_entropy_side": 8.996533393859863,
          "hz": 5656.929389854203
        },
        {
          "acoustic_entropy": 9.037678718566895,
          "acoustic_entropy_side": 9.010375022888184,
          "hz": 6219.891507268283
        },
        {
          "acoustic_entropy": 9.066405296325684,
          "acoustic_entropy_side": 9.024222373962402,
          "hz": 6832.70888123896
        },
        {
          "acoustic_entropy": 9.107182502746582,
          "acoustic_entropy_side": 9.038005828857422,
          "hz": 7499.796634079867
        },
        {
          "acoustic_entropy": 8.902739524841309,
          "acoustic_entropy_side": 8.950884819030762,
          "hz": 8225.96088609342
        },
        {
          "acoustic_entropy": 8.948616027832031,
          "acoustic_entropy_side": 8.964383125305176,
          "hz": 9016.43338188839
        },
        {
          "acoustic_entropy": 8.945281982421875,
          "acoustic_entropy_side": 8.95500373840332,
          "hz": 9876.909183162974
        },
        {
          "acoustic_entropy": 8.927282333374023,
          "acoustic_entropy_side": 8.949867248535156,
          "hz": 10813.587699516042
        },
        {
          "acoustic_entropy": 8.94585132598877,
          "acoustic_entropy_side": 8.95251178741455,
          "hz": 11833.21735289826
        },
        {
          "acoustic_entropy": 8.906278610229492,
          "acoustic_entropy_side": 8.940685272216797,
          "hz": 12943.144197493959
        },
        {
          "acoustic_entropy": 8.863178253173828,
          "acoustic_entropy_side": 8.913090705871582,
          "hz": 14151.364845322005
        },
        {
          "acoustic_entropy": 8.407977104187012,
          "acoustic_entropy_side": 8.649819374084473,
          "hz": 15466.58407886509
        },
        {
          "acoustic_entropy": 8.242515563964844,
          "acoustic_entropy_side": 8.445303916931152,
          "hz": 16898.27756580493
        },
        {
          "acoustic_entropy": 8.379353523254395,
          "acoustic_entropy_side": 8.6298828125,
          "hz": 18456.760127700032
        },
        {
          "acoustic_entropy": 8.796491622924805,
          "acoustic_entropy_side": 8.881011009216309,
          "hz": 20153.260054456492
        },
        {
          "acoustic_entropy": 8.963116645812988,
          "acoustic_entropy_side": 8.964543342590332,
          "hz": 22000.00000000001
        }
      ],
      "diff_acoustic_entropy": 8.3842134475708,
      "sn": 6
    },
    {
      "acoustic_entropy": 14.273102760314941,
      "acoustic_entropy_mono": 13.697342872619629,
      "band_eliminated_acoustic_entropies": [
        {
          "acoustic_entropy": 14.340295791625977,
          "acoustic_entropy_side": 14.281341552734375,
          "hz": 129.47220167065723
        },
        {
          "acoustic_entropy": 13.994077682495117,
          "acoustic_entropy_side": 14.679377555847168,
          "hz": 202.92927478742237
        },
        {
          "acoustic_entropy": 14.488126754760742,
          "acoustic_entropy_side": 14.1118803024292,
          "hz": 282.89161906338205
        },
        {
          "acoustic_entropy": 14.0154390335083,
          "acoustic_entropy_side": 13.144680976867676,
          "hz": 369.9353335868758
        },
        {
          "acoustic_entropy": 14.8045015335083,
          "acoustic_entropy_side": 14.726692199707031,
          "hz": 464.6875360973435
        },
        {
          "acoustic_entropy": 14.314536094665527,
          "acoustic_entropy_side": 13.617705345153809,
          "hz": 567.8308811364784
        },
        {
          "acoustic_entropy": 15.210118293762207,
          "acoustic_entropy_side": 14.816884994506836,
          "hz": 680.1084783214808
        },
        {
          "acoustic_entropy": 14.423627853393555,
          "acoustic_entropy_side": 15.11464786529541,
          "hz": 802.3292461747484
        },
        {
          "acoustic_entropy": 14.177536010742188,
          "acoustic_entropy_side": 14.422708511352539,
          "hz": 935.3737400823702
        },
        {
          "acoustic_entropy": 14.764985084533691,
          "acoustic_entropy_side": 14.167956352233887,
          "hz": 1080.2004963696966
        },
        {
          "acoustic_entropy": 14.899974822998047,
          "acoustic_entropy_side": 15.191259384155273,
          "hz": 1237.8529382007157
        },
        {
          "acoustic_entropy": 13.284963607788086,
          "acoustic_entropy_side": 13.561624526977539,
          "hz": 1409.4668930556702
        },
        {
          "acoustic_entropy": 14.287375450134277,
          "acoustic_entropy_side": 14.58653450012207,
          "hz": 1596.2787759475705
        },
        {
          "acoustic_entropy": 13.997562408447266,
          "acoustic_entropy_side": 14.070859909057617,
          "hz": 1799.6344973346393
        },
        {
          "acoustic_entropy": 14.4761323928833,
          "acoustic_entropy_side": 14.28017520904541,
          "hz": 2020.9991599069049
        },
        {
          "acoustic_entropy": 14.416910171508789,
          "acoustic_entropy_side": 14.409893989562988,
          "hz": 2261.9676141086993
        },
        {
          "acoustic_entropy": 14.31601619720459,
          "acoustic_entropy_side": 14.342477798461914,
          "hz": 2524.2759484456974
        },
        {
          "acoustic_entropy": 14.018271446228027,
          "acoustic_entropy_side": 14.233438491821289,
          "hz": 2809.813997359896
        },
        {
          "acoustic_entropy": 13.832640647888184,
          "acoustic_entropy_side": 14.059406280517578,
          "hz": 3120.6389567871424
        },
        {
          "acoustic_entropy": 14.404003143310547,
          "acoustic_entropy_side": 14.365324020385742,
          "hz": 3458.990205492291
        },
        {
          "acoustic_entropy": 14.41217041015625,
          "acoustic_entropy_side": 14.352806091308594,
          "hz": 3827.305438964164
        },
        {
          "acoustic_entropy": 14.023642539978027,
          "acoustic_entropy_side": 14.147427558898926,
          "hz": 4228.238232109126
        },
        {
          "acoustic_entropy": 14.028249740600586,
          "acoustic_entropy_side": 14.267083168029785,
          "hz": 4664.6771572759235
        },
        {
          "acoustic_entropy": 14.245043754577637,
          "acoustic_entropy_side": 14.275684356689453,
          "hz": 5139.766595350093
        },
        {
          "acoustic_entropy": 14.158119201660156,
          "acoustic_entropy_side": 14.217548370361328,
          "hz": 5656.929389854203
        },
        {
          "acoustic_entropy": 14.296464920043945,
          "acoustic_entropy_side": 14.289932250976562,
          "hz": 6219.891507268283
        },
        {
          "acoustic_entropy": 14.345954895019531,
          "acoustic_entropy_side": 14.300511360168457,
          "hz": 6832.70888123896
        },
        {
          "acoustic_entropy": 14.375391006469727,
          "acoustic_entropy_side": 14.321683883666992,
          "hz": 7499.796634079867
        },
        {
          "acoustic_entropy": 14.440581321716309,
          "acoustic_entropy_side": 14.330244064331055,
          "hz": 8225.96088609342
        },
        {
          "acoustic_entropy": 14.376617431640625,
          "acoustic_entropy_side": 14.324348449707031,
          "hz": 9016.43338188839
        },
        {
          "acoustic_entropy": 14.310137748718262,
          "acoustic_entropy_side": 14.283041000366211,
          "hz": 9876.909183162974
        },
        {
          "acoustic_entropy": 14.317120552062988,
          "acoustic_entropy_side": 14.295206069946289,
          "hz": 10813.587699516042
        },
        {
          "acoustic_entropy": 14.385648727416992,
          "acoustic_entropy_side": 14.27983283996582,
          "hz": 11833.21735289826
        },
        {
          "acoustic_entropy": 14.302475929260254,
          "acoustic_entropy_side": 14.269744873046875,
          "hz": 12943.144197493959
        },
        {
          "acoustic_entropy": 14.237258911132812,
          "acoustic_entropy_side": 14.266316413879395,
          "hz": 14151.364845322005
        },
        {
          "acoustic_entropy": 14.068946838378906,
          "acoustic_entropy_side": 14.237899780273438,
          "hz": 15466.58407886509
        },
        {
          "acoustic_entropy": 13.873832702636719,
          "acoustic_entropy_side": 14.100081443786621,
          "hz": 16898.27756580493
        },
        {
          "acoustic_entropy": 13.991950035095215,
          "acoustic_entropy_side": 14.12045669555664,
          "hz": 18456.760127700032
        },
        {
          "acoustic_entropy": 14.23425006866455,
          "acoustic_entropy_side": 14.289641380310059,
          "hz": 20153.260054456492
        },
        {
          "acoustic_entropy": 14.294054985046387,
          "acoustic_entropy_side": 14.2791166305542,
          "hz": 22000.00000000001
        }
      ],
      "diff_acoustic_entropy": 14.268913269042969,
      "sn": 12
    },
    {
      "acoustic_entropy": 19.716508865356445,
      "acoustic_entropy_mono": 17.545204162597656,
      "band_eliminated_acoustic_entropies": [
        {
          "acoustic_entropy": 19.53395652770996,
          "acoustic_entropy_side": 19.7981014251709,
          "hz": 129.47220167065723
        },
        {
          "acoustic_entropy": 20.537609100341797,
          "acoustic_entropy_side": 20.338478088378906,
          "hz": 202.92927478742237
        },
        {
          "acoustic_entropy": 20.080936431884766,
          "acoustic_entropy_side": 19.614299774169922,
          "hz": 282.89161906338205
        },
        {
          "acoustic_entropy": 19.449556350708008,
          "acoustic_entropy_side": 19.29669952392578,
          "hz": 369.9353335868758
        },
        {
          "acoustic_entropy": 19.69904899597168,
          "acoustic_entropy_side": 20.267541885375977,
          "hz": 464.6875360973435
        },
        {
          "acoustic_entropy": 19.791492462158203,
          "acoustic_entropy_side": 19.718599319458008,
          "hz": 567.8308811364784
        },
        {
          "acoustic_entropy": 19.507553100585938,
          "acoustic_entropy_side": 19.007610321044922,
          "hz": 680.1084783214808
        },
        {
          "acoustic_entropy": 19.40424346923828,
          "acoustic_entropy_side": 19.637165069580078,
          "hz": 802.3292461747484
        },
        {
          "acoustic_entropy": 19.633758544921875,
          "acoustic_entropy_side": 19.734079360961914,
          "hz": 935.3737400823702
        },
        {
          "acoustic_entropy": 19.588869094848633,
          "acoustic_entropy_side": 19.123886108398438,
          "hz": 1080.2004963696966
        },
        {
          "acoustic_entropy": 19.3973331451416,
          "acoustic_entropy_side": 19.147111892700195,
          "hz": 1237.8529382007157
        },
        {
          "acoustic_entropy": 19.34549331665039,
          "acoustic_entropy_side": 19.908079147338867,
          "hz": 1409.4668930556702
        },
        {
          "acoustic_entropy": 19.10541343688965,
          "acoustic_entropy_side": 19.324872970581055,
          "hz": 1596.2787759475705
        },
        {
          "acoustic_entropy": 18.453439712524414,
          "acoustic_entropy_side": 19.532869338989258,
          "hz": 1799.6344973346393
        },
        {
          "acoustic_entropy": 18.539081573486328,
          "acoustic_entropy_side": 18.999752044677734,
          "hz": 2020.9991599069049
        },
        {
          "acoustic_entropy": 20.059295654296875,
          "acoustic_entropy_side": 19.895578384399414,
          "hz": 2261.9676141086993
        },
        {
          "acoustic_entropy": 19.812145233154297,
          "acoustic_entropy_side": 19.610963821411133,
          "hz": 2524.2759484456974
        },
        {
          "acoustic_entropy": 19.752086639404297,
          "acoustic_entropy_side": 19.821245193481445,
          "hz": 2809.813997359896
        },
        {
          "acoustic_entropy": 19.723079681396484,
