{
  "acoustic_entropy": 255.7613067626953,
  "bands": [
    {
      "high_freq": 148.1999969482422,
      "loudness": -24.024934768676758,
      "loudness_range": 18.905853271484375,
      "mid_mean": -21.34758186340332,
      "mid_to_side_loudness": -8.399995803833008,
      "mid_to_side_loudness_range": 13.505117416381836,
      "side_mean": -29.2883243560791
    },
    {
      "high_freq": 392.3793640136719,
      "loudness": -23.76618194580078,
      "loudness_range": 10.668062210083008,
      "low_freq": 148.1999969482422,
      "mid_mean": -21.129192352294922,
      "mid_to_side_loudness": -6.217896938323975,
      "mid_to_side_loudness_range": 6.666756629943848,
      "side_mean": -27.35595703125
    },
    {
      "high_freq": 794.6976318359375,
      "loudness": -23.309492111206055,
      "loudness_range": 9.776741027832031,
      "low_freq": 392.3793640136719,
      "mid_mean": -21.13726806640625,
      "mid_to_side_loudness": -4.53085470199585,
      "mid_to_side_loudness_range": 8.30251693725586,
      "side_mean": -25.661203384399414
    },
    {
      "high_freq": 1457.5709228515625,
      "loudness": -27.882043838500977,
      "loudness_range": 20.777175903320312,
      "low_freq": 794.6976318359375,
      "mid_mean": -25.506067276000977,
      "mid_to_side_loudness": -5.113753318786621,
      "mid_to_side_loudness_range": 6.46973180770874,
      "side_mean": -30.481037139892578
    },
    {
      "high_freq": 2549.74365234375,
      "loudness": -28.434663772583008,
      "loudness_range": 14.426708221435547,
      "low_freq": 1457.5709228515625,
      "mid_mean": -26.208580017089844,
      "mid_to_side_loudness": -4.278201580047607,
      "mid_to_side_loudness_range": 4.385631084442139,
      "side_mean": -30.447126388549805
    },
    {
      "high_freq": 4349.24462890625,
      "loudness": -29.822919845581055,
      "loudness_range": 16.31064796447754,
      "low_freq": 2549.74365234375,
      "mid_mean": -27.547164916992188,
      "mid_to_side_loudness": -4.464421272277832,
      "mid_to_side_loudness_range": 4.244653701782227,
      "side_mean": -32.01056671142578
    },
    {
      "high_freq": 7314.1640625,
      "loudness": -31.942487716674805,
      "loudness_range": 12.97586441040039,
      "low_freq": 4349.24462890625,
      "mid_mean": -29.253822326660156,
      "mid_to_side_loudness": -6.336411952972412,
      "mid_to_side_loudness_range": 6.0494608879089355,
      "side_mean": -35.57434844970703
    },
    {
      "high_freq": 12199.2666015625,
      "loudness": -32.64870071411133,
      "loudness_range": 14.994380950927734,
      "low_freq": 7314.1640625,
      "mid_mean": -29.65104866027832,
      "mid_to_side_loudness": -8.776063919067383,
      "mid_to_side_loudness_range": 9.334659576416016,
      "side_mean": -38.32545852661133
    },
    {
      "loudness": -41.5019416809082,
      "loudness_range": 13.74322509765625,
      "low_freq": 12199.2666015625,
      "mid_mean": -38.2906608581543,
      "mid_to_side_loudness": -11.292737007141113,
      "mid_to_side_loudness_range": 12.814404487609863,
      "side_mean": -50.36183166503906
    }
  ],
  "bands_short": [
    {
      "high_freq": 148.1999969482422,
      "loudness": -26.206056594848633,
      "loudness_range": 22.885509490966797,
      "mid_mean": -24.301416397094727,
      "mid_to_side_loudness": -7.244926929473877,
      "mid_to_side_loudness_range": 17.7824649810791,
      "side_mean": -30.804996490478516
    },
    {
      "high_freq": 392.3793640136719,
      "loudness": -23.107744216918945,
      "loudness_range": 12.896329879760742,
      "low_freq": 148.1999969482422,
      "mid_mean": -20.471654891967773,
      "mid_to_side_loudness": -6.671065807342529,
      "mid_to_side_loudness_range": 9.259734153747559,
      "side_mean": -27.166786193847656
    },
    {
      "high_freq": 794.6976318359375,
      "loudness": -23.658409118652344,
      "loudness_range": 10.576797485351562,
      "low_freq": 392.3793640136719,
      "mid_mean": -21.69468116760254,
      "mid_to_side_loudness": -4.300522327423096,
      "mid_to_side_loudness_range": 11.279434204101562,
      "side_mean": -26.005525588989258
    },
    {
      "high_freq": 1457.5709228515625,
      "loudness": -27.56714630126953,
      "loudness_range": 21.047536849975586,
      "low_freq": 794.6976318359375,
      "mid_mean": -25.323122024536133,
      "mid_to_side_loudness": -5.296083927154541,
      "mid_to_side_loudness_range": 10.444317817687988,
      "side_mean": -30.316049575805664
    },
    {
      "high_freq": 2549.74365234375,
      "loudness": -28.88719940185547,
      "loudness_range": 16.563833236694336,
      "low_freq": 1457.5709228515625,
      "mid_mean": -26.84827423095703,
      "mid_to_side_loudness": -4.11446475982666,
      "mid_to_side_loudness_range": 7.773229122161865,
      "side_mean": -30.9173583984375
    },
    {
      "high_freq": 4349.24462890625,
      "loudness": -30.11262321472168,
      "loudness_range": 17.059011459350586,
      "low_freq": 2549.74365234375,
      "mid_mean": -27.95563507080078,
      "mid_to_side_loudness": -4.308931350708008,
      "mid_to_side_loudness_range": 7.403642177581787,
      "side_mean": -32.2801513671875
    },
    {
      "high_freq": 7314.1640625,
      "loudness": -33.16473388671875,
      "loudness_range": 17.558746337890625,
      "low_freq": 4349.24462890625,
      "mid_mean": -30.689239501953125,
      "mid_to_side_loudness": -5.779284477233887,
      "mid_to_side_loudness_range": 8.994353294372559,
      "side_mean": -36.44418716430664
    },
    {
      "high_freq": 12199.2666015625,
      "loudness": -35.29661178588867,
      "loudness_range": 22.203903198242188,
      "low_freq": 7314.1640625,
      "mid_mean": -32.556419372558594,
      "mid_to_side_loudness": -7.756490707397461,
      "mid_to_side_loudness_range": 12.691625595092773,
      "side_mean": -40.272037506103516
    },
    {
      "loudness": -45.804317474365234,
      "loudness_range": 24.291519165039062,
      "low_freq": 12199.2666015625,
      "mid_mean": -43.007720947265625,
      "mid_to_side_loudness": -9.051228523254395,
      "mid_to_side_loudness_range": 16.7755184173584,
      "side_mean": -52.808223724365234
    }
  ],
  "bandwidth": 544.7706298828125,
  "channels": 2,
  "covariance": [
    [
      54.86543273925781,
      44.671207427978516,
      17.26894760131836,
      21.65697479248047,
      7.485105991363525,
      8.420548439025879,
      13.697524070739746,
      12.899270057678223,
      8.945906639099121,
      7.956576824188232,
      8.043720245361328,
      7.358334064483643,
      8.940868377685547,
      7.851107597351074,
      8.818243026733398,
      7.524193286895752,
      10.077587127685547,
      11.772478103637695
    ],
    [
      44.671207427978516,
      74.4516372680664,
      12.671675682067871,
      19.338760375976562,
      7.970390319824219,
      8.714334487915039,
      7.758898735046387,
      9.358081817626953,
      5.082372665405273,
      5.361160755157471,
      4.061877250671387,
      5.167675971984863,
      4.943747520446777,
      3.226898193359375,
      3.0719289779663086,
      -1.524764895439148,
      5.461721897125244,
      5.406618118286133
    ],
    [
      17.26894760131836,
      12.671675682067871,
      18.941295623779297,
      17.855411529541016,
      10.661873817443848,
      10.406524658203125,
      15.635578155517578,
      16.18575668334961,
      13.614935874938965,
      12.703821182250977,
      12.976739883422852,
      12.224647521972656,
      10.205875396728516,
      9.54493236541748,
      8.195388793945312,
      5.514908790588379,
      7.551910877227783,
      8.562076568603516
    ],
    [
      21.65697479248047,
      19.338760375976562,
      17.855411529541016,
      23.332744598388672,
      11.646005630493164,
      12.73877239227295,
      17.74427032470703,
      19.26136016845703,
      14.993699073791504,
      14.58942985534668,
      14.306940078735352,
      13.409521102905273,
      10.851136207580566,
      9.698884010314941,
      8.843260765075684,
      6.062544822692871,
      7.645672798156738,
      8.41817569732666
    ],
    [
      7.485105991363525,
      7.970390319824219,
      10.661873817443848,
      11.646005630493164,
      18.093807220458984,
      15.06176471710205,
      19.365989685058594,
      20.651824951171875,
      16.614425659179688,
      16.907468795776367,
      15.418854713439941,
      15.442487716674805,
      8.11604118347168,
      7.460408687591553,
      6.34978723526001,
      2.5510385036468506,
      5.726305961608887,
      4.027720928192139
    ],
    [
      8.420548439025879,
      8.714334487915039,
      10.406524658203125,
      12.73877239227295,
      15.06176471710205,
      21.136463165283203,
      20.69765853881836,
      23.73910140991211,
      16.851829528808594,
      18.338451385498047,
      15.988101959228516,
      16.78706932067871,
      7.441634178161621,
      6.730453968048096,
      5.999656677246094,
      2.2784645557403564,
      4.644444942474365,
      2.6884310245513916
    ],
    [
      13.697524070739746,
      7.758898735046387,
      15.635578155517578,
      17.74427032470703,
      19.365989685058594,
      20.69765853881836,
      47.65993118286133,
      50.77174377441406,
      33.55169677734375,
      33.863807678222656,
      33.969303131103516,
      34.45450210571289,
      15.2974214553833,
      15.797187805175781,
      8.335949897766113,
      3.1556448936462402,
      5.914029121398926,
      2.935337781906128
    ],
    [
      12.899270057678223,
      9.358081817626953,
      16.18575668334961,
      19.26136016845703,
      20.651824951171875,
      23.73910140991211,
      50.77174377441406,
      61.03591537475586,
      36.9722900390625,
      38.52095413208008,
      37.73058319091797,
      38.943763732910156,
      15.070926666259766,
      15.073495864868164,
      7.214669704437256,
      0.12082754820585251,
      5.160699844360352,
      -0.588487982749939
    ],
    [
      8.945906639099121,
      5.082372665405273,
      13.614935874938965,
      14.993699073791504,
      16.614425659179688,
      16.851829528808594,
      33.55169677734375,
      36.9722900390625,
      31.417640686035156,
      30.953073501586914,
      27.540067672729492,
      27.795778274536133,
      13.205883979797363,
      13.508146286010742,
      9.181835174560547,
      5.2972493171691895,
      6.2119622230529785,
      3.764601945877075
    ],
    [
      7.956576824188232,
      5.361160755157471,
      12.703821182250977,
      14.58942985534668,
      16.907468795776367,
      18.338451385498047,
      33.863807678222656,
      38.52095413208008,
      30.953073501586914,
      33.40910339355469,
      28.186906814575195,
      29.19694709777832,
      12.339738845825195,
      12.208175659179688,
      8.459521293640137,
      4.177792072296143,
      5.732124328613281,
      2.1127612590789795
    ],
    [
      8.043720245361328,
      4.061877250671387,
      12.976739883422852,
      14.306940078735352,
      15.418854713439941,
      15.988101959228516,
      33.969303131103516,
      37.73058319091797,
      27.540067672729492,
      28.186906814575195,
      32.68292236328125,
      31.340229034423828,
      17.014636993408203,
      16.360336303710938,
      10.743265151977539,
      6.6833038330078125,
      7.26474142074585,
      5.595719337463379
    ],
    [
      7.358334064483643,
      5.167675971984863,
      12.224647521972656,
      13.409521102905273,
      15.442487716674805,
      16.78706932067871,
      34.45450210571289,
      38.943763732910156,
      27.795778274536133,
      29.19694709777832,
      31.340229034423828,
      33.20817565917969,
      15.031943321228027,
      16.222843170166016,
      8.486777305603027,
      5.569455623626709,
      6.0940260887146,
      4.779506206512451
    ],
    [
      8.940868377685547,
      4.943747520446777,
      10.205875396728516,
      10.851136207580566,
      8.11604118347168,
      7.441634178161621,
      15.2974214553833,
      15.070926666259766,
      13.205883979797363,
      12.339738845825195,
      17.014636993408203,
      15.031943321228027,
      22.136634826660156,
      20.43112564086914,
      17.866395950317383,
      19.94462776184082,
      14.632120132446289,
      21.238971710205078
    ],
    [
      7.851107597351074,
      3.226898193359375,
      9.54493236541748,
      9.698884010314941,
      7.460408687591553,
      6.730453968048096,
      15.797187805175781,
      15.073495864868164,
      13.508146286010742,
      12.208175659179688,
      16.360336303710938,
      16.222843170166016,
      20.43112564086914,
      24.840452194213867,
      16.620487213134766,
      23.321590423583984,
      14.094446182250977,
      24.67281150817871
    ],
    [
      8.818243026733398,
      3.0719289779663086,
      8.195388793945312,
      8.843260765075684,
      6.34978723526001,
      5.999656677246094,
      8.335949897766113,
      7.214669704437256,
      9.181835174560547,
      8.459521293640137,
      10.743265151977539,
      8.486777305603027,
      17.866395950317383,
      16.620487213134766,
      25.813182830810547,
      28.844552993774414,
      21.080596923828125,
      29.588300704956055
    ],
    [
      7.524193286895752,
      -1.524764895439148,
      5.514908790588379,
      6.062544822692871,
      2.5510385036468506,
      2.2784645557403564,
      3.1556448936462402,
      0.12082754820585251,
      5.2972493171691895,
      4.177792072296143,
      6.6833038330078125,
      5.569455623626709,
      19.94462776184082,
      23.321590423583984,
      28.844552993774414,
      45.636104583740234,
      24.23552894592285,
      45.60499954223633
    ],
    [
      10.077587127685547,
      5.461721897125244,
      7.551910877227783,
      7.645672798156738,
      5.726305961608887,
      4.644444942474365,
      5.914029121398926,
      5.160699844360352,
      6.2119622230529785,
      5.732124328613281,
      7.26474142074585,
      6.0940260887146,
      14.632120132446289,
      14.094446182250977,
      21.080596923828125,
      24.23552894592285,
      25.62084197998047,
      31.56709098815918
    ],
    [
      11.772478103637695,
      5.406618118286133,
      8.562076568603516,
      8.41817569732666,
      4.027720928192139,
      2.6884310245513916,
      2.935337781906128,
      -0.588487982749939,
      3.764601945877075,
      2.1127612590789795,
      5.595719337463379,
      4.779506206512451,
      21.238971710205078,
      24.67281150817871,
      29.588300704956055,
      45.60499954223633,
      31.56709098815918,
      73.3216781616211
    ]
  ],
  "covariance_short": [
    [
      85.60391235351562,
      53.96720886230469,
      22.527729034423828,
      24.94028663635254,
      12.404918670654297,
      14.081048011779785,
      17.317020416259766,
      18.688566207885742,
      14.934619903564453,
      13.70185661315918,
      13.775275230407715,
      13.858409881591797,
      12.97614860534668,
      9.940800666809082,
      11.856474876403809,
      9.193621635437012,
      18.180301666259766,
      14.824112892150879
    ],
    [
      53.96720886230469,
      86.37155151367188,
      15.653675079345703,
      21.845083236694336,
      10.92227554321289,
      11.264131546020508,
      6.182794570922852,
      8.885475158691406,
      6.223718166351318,
      7.1306843757629395,
      5.469113826751709,
      7.748432159423828,
      3.1047592163085938,
      2.027637004852295,
      -0.999872624874115,
      -3.7708075046539307,
      5.092938423156738,
      4.144866943359375
    ],
    [
      22.527729034423828,
      15.653675079345703,
      26.803905487060547,
      21.80006980895996,
      12.716428756713867,
      11.750358581542969,
      18.506328582763672,
      18.893571853637695,
      17.245349884033203,
      15.567047119140625,
      15.560186386108398,
      14.134261131286621,
      13.33519172668457,
      10.904067039489746,
      11.820076942443848,
      7.279351711273193,
      14.480964660644531,
      10.790719985961914
    ],
    [
      24.94028663635254,
      21.845083236694336,
      21.80006980895996,
      28.672595977783203,
      12.085470199584961,
      13.259919166564941,
      17.818702697753906,
      19.355642318725586,
      16.30293083190918,
      15.513998031616211,
      14.48176097869873,
      13.550527572631836,
      10.702397346496582,
      8.709294319152832,
      8.013081550598145,
      4.827375888824463,
      8.775956153869629,
      7.388648986816406
    ],
    [
      12.404918670654297,
      10.92227554321289,
      12.716428756713867,
      12.085470199584961,
      21.73550796508789,
      14.162445068359375,
      19.02857208251953,
      18.273481369018555,
      17.239116668701172,
      15.77808666229248,
      15.319828033447266,
      14.477821350097656,
      9.84919261932373,
      8.585025787353516,
      7.341444492340088,
      5.011535167694092,
      9.285679817199707,
      7.455498218536377
    ],
    [
      14.081048011779785,
      11.264131546020508,
      11.750358581542969,
      13.259919166564941,
      14.162445068359375,
      23.656681060791016,
      19.819618225097656,
      21.516185760498047,
      17.634952545166016,
      17.82509994506836,
      15.367576599121094,
      15.936838150024414,
      7.674603462219238,
      6.926220893859863,
      4.866037845611572,
      2.698089599609375,
      5.9817328453063965,
      4.24115514755249
    ],
    [
      17.317020416259766,
      6.182794570922852,
      18.506328582763672,
      17.818702697753906,
      19.02857208251953,
      19.819618225097656,
      50.57874298095703,
      47.107078552246094,
      36.131996154785156,
      34.77445983886719,
      35.19788360595703,
      34.15900421142578,
      19.838436126708984,
      18.08673095703125,
      12.20233154296875,
      7.941647529602051,
      13.209855079650879,
      8.738485336303711
    ],
    [
      18.688566207885742,
      8.885475158691406,
      18.893571853637695,
      19.355642318725586,
      18.273481369018555,
      21.516185760498047,
      47.107078552246094,
      60.49578094482422,
      37.51811981201172,
      37.140316009521484,
      36.70646667480469,
      36.675724029541016,
      18.474720001220703,
      17.190101623535156,
      9.169821739196777,
      5.010382652282715,
      10.617138862609863,
      5.883672714233398
    ],
    [
      14.934619903564453,
      6.223718166351318,
      17.245349884033203,
      16.30293083190918,
      17.239116668701172,
      17.634952545166016,
      36.131996154785156,
      37.51811981201172,
      39.09490203857422,
      33.96551513671875,
      31.532426834106445,
      29.67491912841797,
      19.01412582397461,
      16.949005126953125,
      13.749567031860352,
      9.045289993286133,
      15.228517532348633,
      9.531463623046875
    ],
    [
      13.70185661315918,
      7.1306843757629395,
      15.567047119140625,
      15.513998031616211,
      15.77808666229248,
      17.82509994506836,
      34.77445983886719,
      37.140316009521484,
      33.96551513671875,
      37.45468521118164,
      29.497472763061523,
      29.44339942932129,
      15.627848625183105,
      14.265012741088867,
      10.202417373657227,
      6.9553446769714355,
      11.459029197692871,
      7.159811019897461
    ],
    [
      13.775275230407715,
      5.469113826751709,
      15.560186386108398,
      14.48176097869873,
      15.319828033447266,
      15.367576599121094,
      35.19788360595703,
      36.70646667480469,
      31.532426834106445,
      29.497472763061523,
      39.2105827331543,
      33.67366409301758,
      24.900169372558594,
      21.289920806884766,
      17.37971305847168,
      12.650012016296387,
      17.462081909179688,
      12.521923065185547
    ],
    [
      13.858409881591797,
      7.748432159423828,
      14.134261131286621,
      13.550527572631836,
      14.477821350097656,
      15.936838150024414,
      34.15900421142578,
      36.675724029541016,
      29.67491912841797,
      29.44339942932129,
      33.67366409301758,
      36.13717269897461,
      19.845714569091797,
      19.815908432006836,
      11.339426040649414,
      10.470426559448242,
      12.127510070800781,
      11.290766716003418
    ],
    [
      12.97614860534668,
      3.1047592163085938,
      13.33519172668457,
      10.702397346496582,
      9.84919261932373,
      7.674603462219238,
      19.838436126708984,
      18.474720001220703,
      19.01412582397461,
      15.627848625183105,
      24.900169372558594,
      19.845714569091797,
      39.99333572387695,
      30.715465545654297,
      37.59259033203125,
      31.367319107055664,
      39.05369186401367,
      31.36452865600586
    ],
    [
      9.940800666809082,
      2.027637004852295,
      10.904067039489746,
      8.709294319152832,
      8.585025787353516,
      6.926220893859863,
      18.08673095703125,
      17.190101623535156,
      16.949005126953125,
      14.265012741088867,
      21.289920806884766,
      19.815908432006836,
      30.715465545654297,
      33.41179275512695,
      27.620311737060547,
      31.01847267150879,
      27.70099449157715,
      31.883831024169922
    ],
    [
      11.856474876403809,
      -0.999872624874115,
      11.820076942443848,
      8.013081550598145,
      7.341444492340088,
      4.866037845611572,
      12.20233154296875,
      9.169821739196777,
      13.749567031860352,
      10.202417373657227,
      17.37971305847168,
      11.339426040649414,
      37.59259033203125,
      27.620311737060547,
      59.41724395751953,
      46.95369338989258,
      58.701725006103516,
      42.81203079223633
    ],
    [
      9.193621635437012,
      -3.7708075046539307,
      7.279351711273193,
      4.827375888824463,
      5.011535167694092,
      2.698089599609375,
      7.941647529602051,
      5.010382652282715,
      9.045289993286133,
      6.9553446769714355,
      12.650012016296387,
      10.470426559448242,
      31.367319107055664,
      31.01847267150879,
      46.95369338989258,
      58.05332565307617,
      42.386661529541016,
      52.74169921875
    ],
    [
      18.180301666259766,
      5.092938423156738,
      14.480964660644531,
      8.775956153869629,
      9.285679817199707,
      5.9817328453063965,
      13.209855079650879,
      10.617138862609863,
      15.228517532348633,
      11.459029197692871,
      17.462081909179688,
      12.127510070800781,
      39.05369186401367,
      27.70099449157715,
      58.701725006103516,
      42.386661529541016,
      74.68035125732422,
      48.17245864868164
    ],
    [
      14.824112892150879,
      4.144866943359375,
      10.790719985961914,
      7.388648986816406,
      7.455498218536377,
      4.24115514755249,
      8.738485336303711,
      5.883672714233398,
      9.531463623046875,
      7.159811019897461,
      12.521923065185547,
      11.290766716003418,
      31.36452865600586,
      31.883831024169922,
      42.81203079223633,
      52.74169921875,
      48.17245864868164,
      72.11370086669922
    ]
  ],
  "damage": -8.646822929382324,
  "diff_bandwidth": 631.7708740234375,
  "dissonance": 6.783054632290581,
  "drr": 6.996494770050049,
  "dynamics": 3.362941026687622,
  "format": 1245190,
  "frames": 6910912,
  "loudness": -13.135223388671875,
  "loudness_range": 10.07606315612793,
  "loudness_range_short": 10.655744552612305,
  "lowpass_true_peak_15khz": 0.14027926325798035,
  "mastering3_acoustic_entropies": [
    {
      "acoustic_entropy": 5.677619934082031,
      "acoustic_entropy_mono": 5.97298526763916,
      "band_eliminated_acoustic_entropies": [
        {
          "acoustic_entropy": 5.720654010772705,
          "acoustic_entropy_side": 5.701458930969238,
          "hz": 129.47220167065723
        },
        {
          "acoustic_entropy": 5.703488826751709,
          "acoustic_entropy_side": 5.729163646697998,
          "hz": 202.92927478742237
        },
        {
          "acoustic_entropy": 5.6964335441589355,
          "acoustic_entropy_side": 5.701937675476074,
          "hz": 282.89161906338205
        },
        {
          "acoustic_entropy": 5.632095813751221,
          "acoustic_entropy_side": 5.639636039733887,
          "hz": 369.9353335868758
        },
        {
          "acoustic_entropy": 5.871056079864502,
          "acoustic_entropy_side": 5.670684337615967,
          "hz": 464.6875360973435
        },
        {
          "acoustic_entropy": 5.802427291870117,
          "acoustic_entropy_side": 5.879128456115723,
          "hz": 567.8308811364784
        },
        {
          "acoustic_entropy": 5.7957916259765625,
          "acoustic_entropy_side": 5.731739044189453,
          "hz": 680.1084783214808
        },
        {
          "acoustic_entropy": 6.446514129638672,
          "acoustic_entropy_side": 5.850063323974609,
          "hz": 802.3292461747484
        },
        {
          "acoustic_entropy": 5.738888263702393,
          "acoustic_entropy_side": 5.784045219421387,
          "hz": 935.3737400823702
        },
        {
          "acoustic_entropy": 6.00321626663208,
          "acoustic_entropy_side": 5.712560653686523,
          "hz": 1080.2004963696966
        },
        {
          "acoustic_entropy": 5.9631147384643555,
          "acoustic_entropy_side": 6.031569480895996,
          "hz": 1237.8529382007157
        },
        {
          "acoustic_entropy": 5.8348259925842285,
          "acoustic_entropy_side": 6.020069599151611,
          "hz": 1409.4668930556702
        },
        {
          "acoustic_entropy": 6.151912212371826,
          "acoustic_entropy_side": 5.715610980987549,
          "hz": 1596.2787759475705
        },
        {
          "acoustic_entropy": 5.692596912384033,
          "acoustic_entropy_side": 5.697658538818359,
          "hz": 1799.6344973346393
        },
        {
          "acoustic_entropy": 5.716322898864746,
          "acoustic_entropy_side": 5.6640543937683105,
          "hz": 2020.9991599069049
        },
        {
          "acoustic_entropy": 5.731973171234131,
          "acoustic_entropy_side": 5.735456466674805,
          "hz": 2261.9676141086993
        },
        {
          "acoustic_entropy": 5.876007556915283,
          "acoustic_entropy_side": 5.752788066864014,
          "hz": 2524.2759484456974
        },
        {
          "acoustic_entropy": 5.8991193771362305,
          "acoustic_entropy_side": 5.719332695007324,
          "hz": 2809.813997359896
        },
        {
          "acoustic_entropy": 5.420021057128906,
          "acoustic_entropy_side": 5.541621208190918,
          "hz": 3120.6389567871424
        },
        {
          "acoustic_entropy": 6.1330156326293945,
          "acoustic_entropy_side": 5.825721740722656,
          "hz": 3458.990205492291
        },
        {
          "acoustic_entropy": 5.450047969818115,
          "acoustic_entropy_side": 5.58203125,
          "hz": 3827.305438964164
        },
        {
          "acoustic_entropy": 5.587008953094482,
          "acoustic_entropy_side": 5.640686988830566,
          "hz": 4228.238232109126
        },
        {
          "acoustic_entropy": 5.804335117340088,
          "acoustic_entropy_side": 5.625901222229004,
          "hz": 4664.6771572759235
        },
        {
          "acoustic_entropy": 5.617701530456543,
          "acoustic_entropy_side": 5.694281101226807,
          "hz": 5139.766595350093
        },
        {
          "acoustic_entropy": 5.677306652069092,
          "acoustic_entropy_side": 5.702639579772949,
          "hz": 5656.929389854203
        },
        {
          "acoustic_entropy": 5.909923553466797,
          "acoustic_entropy_side": 5.628604888916016,
          "hz": 6219.891507268283
        },
        {
          "acoustic_entropy": 5.794419288635254,
          "acoustic_entropy_side": 5.702436447143555,
          "hz": 6832.70888123896
        },
        {
          "acoustic_entropy": 5.836140155792236,
          "acoustic_entropy_side": 5.691903591156006,
          "hz": 7499.796634079867
        },
        {
          "acoustic_entropy": 5.863084316253662,
          "acoustic_entropy_side": 5.689401626586914,
          "hz": 8225.96088609342
        },
        {
          "acoustic_entropy": 5.71632194519043,
          "acoustic_entropy_side": 5.631576061248779,
          "hz": 9016.43338188839
        },
        {
          "acoustic_entropy": 5.699486255645752,
          "acoustic_entropy_side": 5.655753135681152,
          "hz": 9876.909183162974
        },
        {
          "acoustic_entropy": 5.610757827758789,
          "acoustic_entropy_side": 5.705766201019287,
          "hz": 10813.587699516042
        },
        {
          "acoustic_entropy": 5.788020610809326,
          "acoustic_entropy_side": 5.736449718475342,
          "hz": 11833.21735289826
        },
        {
          "acoustic_entropy": 5.776216983795166,
          "acoustic_entropy_side": 5.711528778076172,
          "hz": 12943.144197493959
        },
        {
          "acoustic_entropy": 5.828777313232422,
          "acoustic_entropy_side": 5.682650089263916,
          "hz": 14151.364845322005
        },
        {
          "acoustic_entropy": 5.784201622009277,
          "acoustic_entropy_side": 5.67776346206665,
          "hz": 15466.58407886509
        },
        {
          "acoustic_entropy": 5.670162677764893,
          "acoustic_entropy_side": 5.677798748016357,
          "hz": 16898.27756580493
        },
        {
          "acoustic_entropy": 5.675940990447998,
          "acoustic_entropy_side": 5.678166389465332,
          "hz": 18456.760127700032
        },
        {
          "acoustic_entropy": 5.681696891784668,
          "acoustic_entropy_side": 5.678558826446533,
          "hz": 20153.260054456492
        },
        {
          "acoustic_entropy": 5.686797618865967,
          "acoustic_entropy_side": 5.678844451904297,
          "hz": 22000.00000000001
        }
      ],
      "diff_acoustic_entropy": 3.7826998233795166,
      "sn": 6
    },
    {
      "acoustic_entropy": 10.556981086730957,
      "acoustic_entropy_mono": 11.375232696533203,
      "band_eliminated_acoustic_entropies": [
        {
          "acoustic_entropy": 10.827523231506348,
          "acoustic_entropy_side": 10.922286987304688,
          "hz": 129.47220167065723
        },
        {
          "acoustic_entropy": 10.733831405639648,
          "acoustic_entropy_side": 10.966330528259277,
          "hz": 202.92927478742237
        },
        {
          "acoustic_entropy": 10.876232147216797,
          "acoustic_entropy_side": 11.122823715209961,
          "hz": 282.89161906338205
        },
        {
          "acoustic_entropy": 11.066523551940918,
          "acoustic_entropy_side": 10.550127983093262,
          "hz": 369.9353335868758
        },
        {
          "acoustic_entropy": 11.353970527648926,
          "acoustic_entropy_side": 10.701510429382324,
          "hz": 464.6875360973435
        },
        {
          "acoustic_entropy": 11.457197189331055,
          "acoustic_entropy_side": 11.232084274291992,
          "hz": 567.8308811364784
        },
        {
          "acoustic_entropy": 10.675326347351074,
          "acoustic_entropy_side": 11.022475242614746,
          "hz": 680.1084783214808
        },
        {
          "acoustic_entropy": 11.156538963317871,
          "acoustic_entropy_side": 11.156743049621582,
          "hz": 802.3292461747484
        },
        {
          "acoustic_entropy": 10.626794815063477,
          "acoustic_entropy_side": 10.494275093078613,
          "hz": 935.3737400823702
        },
        {
          "acoustic_entropy": 10.91537094116211,
          "acoustic_entropy_side": 11.197577476501465,
          "hz": 1080.2004963696966
        },
        {
          "acoustic_entropy": 10.486669540405273,
          "acoustic_entropy_side": 10.435295104980469,
          "hz": 1237.8529382007157
        },
        {
          "acoustic_entropy": 10.74095344543457,
          "acoustic_entropy_side": 11.336637496948242,
          "hz": 1409.4668930556702
        },
        {
          "acoustic_entropy": 11.047764778137207,
          "acoustic_entropy_side": 11.096217155456543,
          "hz": 1596.2787759475705
        },
        {
          "acoustic_entropy": 11.302305221557617,
          "acoustic_entropy_side": 10.922719955444336,
          "hz": 1799.6344973346393
        },
        {
          "acoustic_entropy": 11.624394416809082,
          "acoustic_entropy_side": 11.356313705444336,
          "hz": 2020.9991599069049
        },
        {
          "acoustic_entropy": 11.003928184509277,
          "acoustic_entropy_side": 10.94720458984375,
          "hz": 2261.9676141086993
        },
        {
          "acoustic_entropy": 11.549726486206055,
          "acoustic_entropy_side": 10.82393741607666,
          "hz": 2524.2759484456974
        },
        {
          "acoustic_entropy": 11.027996063232422,
          "acoustic_entropy_side": 10.763455390930176,
          "hz": 2809.813997359896
        },
        {
          "acoustic_entropy": 11.101245880126953,
          "acoustic_entropy_side": 10.483437538146973,
          "hz": 3120.6389567871424
        },
        {
          "acoustic_entropy": 11.38356876373291,
          "acoustic_entropy_side": 10.702256202697754,
          "hz": 3458.990205492291
        },
        {
          "acoustic_entropy": 10.886317253112793,
          "acoustic_entropy_side": 10.450445175170898,
          "hz": 3827.305438964164
        },
        {
          "acoustic_entropy": 10.875513076782227,
          "acoustic_entropy_side": 10.45419692993164,
          "hz": 4228.238232109126
        },
        {
          "acoustic_entropy": 11.41582202911377,
          "acoustic_entropy_side": 11.245423316955566,
          "hz": 4664.6771572759235
        },
        {
          "acoustic_entropy": 10.923131942749023,
          "acoustic_entropy_side": 10.527298927307129,
          "hz": 5139.766595350093
        },
        {
          "acoustic_entropy": 10.982210159301758,
          "acoustic_entropy_side": 10.53872013092041,
          "hz": 5656.929389854203
        },
        {
          "acoustic_entropy": 11.031962394714355,
          "acoustic_entropy_side": 10.71148681640625,
          "hz": 6219.891507268283
        },
        {
          "acoustic_entropy": 11.058555603027344,
          "acoustic_entropy_side": 10.624588012695312,
          "hz": 6832.70888123896
        },
        {
          "acoustic_entropy": 11.184121131896973,
          "acoustic_entropy_side": 10.622347831726074,
          "hz": 7499.796634079867
        },
        {
          "acoustic_entropy": 10.894540786743164,
          "acoustic_entropy_side": 10.52478313446045,
          "hz": 8225.96088609342
        },
        {
          "acoustic_entropy": 10.965202331542969,
          "acoustic_entropy_side": 10.470946311950684,
          "hz": 9016.43338188839
        },
        {
          "acoustic_entropy": 10.557182312011719,
          "acoustic_entropy_side": 10.491803169250488,
          "hz": 9876.909183162974
        },
        {
          "acoustic_entropy": 11.118965148925781,
          "acoustic_entropy_side": 11.319886207580566,
          "hz": 10813.587699516042
        },
        {
          "acoustic_entropy": 11.365694999694824,
          "acoustic_entropy_side": 11.404691696166992,
          "hz": 11833.21735289826
        },
        {
          "acoustic_entropy": 11.177416801452637,
          "acoustic_entropy_side": 11.034638404846191,
          "hz": 12943.144197493959
        },
        {
          "acoustic_entropy": 10.568695068359375,
          "acoustic_entropy_side": 10.545378684997559,
          "hz": 14151.364845322005
        },
        {
          "acoustic_entropy": 10.5842866897583,
          "acoustic_entropy_side": 10.573665618896484,
          "hz": 15466.58407886509
        },
        {
          "acoustic_entropy": 10.451936721801758,
          "acoustic_entropy_side": 10.571687698364258,
          "hz": 16898.27756580493
        },
        {
          "acoustic_entropy": 10.481599807739258,
          "acoustic_entropy_side": 10.571603775024414,
          "hz": 18456.760127700032
        },
        {
          "acoustic_entropy": 10.566429138183594,
          "acoustic_entropy_side": 10.576903343200684,
          "hz": 20153.260054456492
        },
        {
          "acoustic_entropy": 10.565463066101074,
          "acoustic_entropy_side": 10.569435119628906,
          "hz": 22000.00000000001
        }
      ],
      "diff_acoustic_entropy": 6.952060222625732,
      "sn": 12
    },
    {
      "acoustic_entropy": 18.949010848999023,
      "acoustic_entropy_mono": 15.65964412689209,
      "band_eliminated_acoustic_entropies": [
        {
          "acoustic_entropy": 19.008028030395508,
          "acoustic_entropy_side": 19.157512664794922,
          "hz": 129.47220167065723
        },
        {
          "acoustic_entropy": 19.10541343688965,
          "acoustic_entropy_side": 19.50614356994629,
          "hz": 202.92927478742237
        },
        {
          "acoustic_entropy": 19.325681686401367,
          "acoustic_entropy_side": 18.899654388427734,
          "hz": 282.89161906338205
        },
        {
          "acoustic_entropy": 19.734676361083984,
          "acoustic_entropy_side": 19.488561630249023,
          "hz": 369.9353335868758
        },
        {
          "acoustic_entropy": 19.094144821166992,
          "acoustic_entropy_side": 19.29290771484375,
          "hz": 464.6875360973435
        },
        {
          "acoustic_entropy": 19.397842407226562,
          "acoustic_entropy_side": 19.601259231567383,
          "hz": 567.8308811364784
        },
        {
          "acoustic_entropy": 19.172142028808594,
          "acoustic_entropy_side": 18.819751739501953,
          "hz": 680.1084783214808
        },
        {
          "acoustic_entropy": 19.64741325378418,
          "acoustic_entropy_side": 19.062183380126953,
          "hz": 802.3292461747484
        },
        {
          "acoustic_entropy": 19.387012481689453,
          "acoustic_entropy_side": 19.572086334228516,
          "hz": 935.3737400823702
        },
        {
          "acoustic_entropy": 18.874422073364258,
          "acoustic_entropy_side": 19.076534271240234,
          "hz": 1080.2004963696966
        },
        {
          "acoustic_entropy": 18.041213989257812,
          "acoustic_entropy_side": 19.643817901611328,
          "hz": 1237.8529382007157
        },
        {
          "acoustic_entropy": 19.245319366455078,
          "acoustic_entropy_side": 19.580589294433594,
          "hz": 1409.4668930556702
        },
        {
          "acoustic_entropy": 19.364288330078125,
          "acoustic_entropy_side": 19.12978744506836,
          "hz": 1596.2787759475705
        },
        {
          "acoustic_entropy": 18.3389949798584,
          "acoustic_entropy_side": 19.41071891784668,
          "hz": 1799.6344973346393
        },
        {
          "acoustic_entropy": 19.703481674194336,
          "acoustic_entropy_side": 19.738773345947266,
          "hz": 2020.9991599069049
        },
        {
          "acoustic_entropy": 19.716033935546875,
          "acoustic_entropy_side": 19.642454147338867,
          "hz": 2261.9676141086993
        },
        {
          "acoustic_entropy": 19.082921981811523,
          "acoustic_entropy_side": 19.35491180419922,
          "hz": 2524.2759484456974
        },
        {
          "acoustic_entropy": 20.251253128051758,
          "acoustic_entropy_side": 20.517345428466797,
          "hz": 2809.813997359896
        },
        {
          "acoustic_entropy": 19.16039276123047,
