{
  "acoustic_entropy": 157.84222412109375,
  "bands": [
    {
      "high_freq": 148.1999969482422,
      "loudness": -50.33424758911133,
      "loudness_range": 15.844104766845703,
      "mid_mean": -47.1222038269043,
      "mid_to_side_loudness": -9.250901222229004,
      "mid_to_side_loudness_range": 5.496570587158203,
      "side_mean": -56.114315032958984
    },
    {
      "high_freq": 392.3793640136719,
      "loudness": -42.42555618286133,
      "loudness_range": 29.733253479003906,
      "low_freq": 148.1999969482422,
      "mid_mean": -40.229434967041016,
      "mid_to_side_loudness": -5.730090141296387,
      "mid_to_side_loudness_range": 11.16087532043457,
      "side_mean": -45.68598175048828
    },
    {
      "high_freq": 794.6976318359375,
      "loudness": -40.864723205566406,
      "loudness_range": 25.05952262878418,
      "low_freq": 392.3793640136719,
      "mid_mean": -37.880191802978516,
      "mid_to_side_loudness": -7.505176067352295,
      "mid_to_side_loudness_range": 9.338981628417969,
      "side_mean": -45.837684631347656
    },
    {
      "high_freq": 1457.5709228515625,
      "loudness": -40.595760345458984,
      "loudness_range": 22.194141387939453,
      "low_freq": 794.6976318359375,
      "mid_mean": -37.7298469543457,
      "mid_to_side_loudness": -7.6123433113098145,
      "mid_to_side_loudness_range": 9.899285316467285,
      "side_mean": -45.611454010009766
    },
    {
      "high_freq": 2549.74365234375,
      "loudness": -45.39616775512695,
      "loudness_range": 23.060894012451172,
      "low_freq": 1457.5709228515625,
      "mid_mean": -42.46201705932617,
      "mid_to_side_loudness": -8.087469100952148,
      "mid_to_side_loudness_range": 10.47871208190918,
      "side_mean": -50.97884750366211
    },
    {
      "high_freq": 4349.24462890625,
      "loudness": -48.047367095947266,
      "loudness_range": 23.641590118408203,
      "low_freq": 2549.74365234375,
      "mid_mean": -45.252052307128906,
      "mid_to_side_loudness": -7.801424503326416,
      "mid_to_side_loudness_range": 5.6634907722473145,
      "side_mean": -53.05973815917969
    },
    {
      "high_freq": 7314.1640625,
      "loudness": -66.12959289550781,
      "loudness_range": 19.321632385253906,
      "low_freq": 4349.24462890625,
      "mid_mean": -62.22223663330078,
      "mid_to_side_loudness": -4.320568561553955,
      "mid_to_side_loudness_range": 5.372883319854736,
      "side_mean": -65.22817993164062
    },
    {
      "high_freq": 12199.2666015625,
      "loudness": -71.67813110351562,
      "loudness_range": 7.263053894042969,
      "low_freq": 7314.1640625,
      "mid_mean": -67.01203918457031,
      "mid_to_side_loudness": -0.5554837584495544,
      "mid_to_side_loudness_range": 1.4518852233886719,
      "side_mean": -67.3138656616211
    },
    {
      "loudness": -71.5113525390625,
      "loudness_range": 0.9444961547851562,
      "low_freq": 12199.2666015625,
      "mid_mean": -67.36640930175781,
      "mid_to_side_loudness": 0.022027000784873962,
      "mid_to_side_loudness_range": 0.5711565017700195,
      "side_mean": -67.34817504882812
    }
  ],
  "bands_short": [
    {
      "high_freq": 148.1999969482422,
      "loudness": -52.0089111328125,
      "loudness_range": 14.02084732055664,
      "mid_mean": -48.91317367553711,
      "mid_to_side_loudness": -9.223139762878418,
      "mid_to_side_loudness_range": 11.245361328125,
      "side_mean": -57.7425651550293
    },
    {
      "high_freq": 392.3793640136719,
      "loudness": -43.35788345336914,
      "loudness_range": 28.06598472595215,
      "low_freq": 148.1999969482422,
      "mid_mean": -41.123260498046875,
      "mid_to_side_loudness": -5.766622066497803,
      "mid_to_side_loudness_range": 12.589705467224121,
      "side_mean": -46.708980560302734
    },
    {
      "high_freq": 794.6976318359375,
      "loudness": -40.37395477294922,
      "loudness_range": 26.4086856842041,
      "low_freq": 392.3793640136719,
      "mid_mean": -37.61017608642578,
      "mid_to_side_loudness": -7.170429706573486,
      "mid_to_side_loudness_range": 12.201430320739746,
      "side_mean": -45.21992874145508
    },
    {
      "high_freq": 1457.5709228515625,
      "loudness": -40.95406723022461,
      "loudness_range": 23.088768005371094,
      "low_freq": 794.6976318359375,
      "mid_mean": -38.23671340942383,
      "mid_to_side_loudness": -7.466976165771484,
      "mid_to_side_loudness_range": 12.179030418395996,
      "side_mean": -46.082908630371094
    },
    {
      "high_freq": 2549.74365234375,
      "loudness": -45.91896438598633,
      "loudness_range": 24.54346466064453,
      "low_freq": 1457.5709228515625,
      "mid_mean": -43.06635284423828,
      "mid_to_side_loudness": -8.04518985748291,
      "mid_to_side_loudness_range": 11.648568153381348,
      "side_mean": -51.71186065673828
    },
    {
      "high_freq": 4349.24462890625,
      "loudness": -47.912193298339844,
      "loudness_range": 23.199169158935547,
      "low_freq": 2549.74365234375,
      "mid_mean": -45.34702682495117,
      "mid_to_side_loudness": -7.375069618225098,
      "mid_to_side_loudness_range": 8.24055290222168,
      "side_mean": -52.88948440551758
    },
    {
      "high_freq": 7314.1640625,
      "loudness": -66.5705337524414,
      "loudness_range": 19.364383697509766,
      "low_freq": 4349.24462890625,
      "mid_mean": -62.60213851928711,
      "mid_to_side_loudness": -4.227422714233398,
      "mid_to_side_loudness_range": 6.397265434265137,
      "side_mean": -65.51177215576172
    },
    {
      "high_freq": 12199.2666015625,
      "loudness": -71.9922103881836,
      "loudness_range": 4.389228820800781,
      "low_freq": 7314.1640625,
      "mid_mean": -67.26362609863281,
      "mid_to_side_loudness": -0.49623098969459534,
      "mid_to_side_loudness_range": 2.307771682739258,
      "side_mean": -67.52236938476562
    },
    {
      "loudness": -71.57040405273438,
      "loudness_range": 1.010223388671875,
      "low_freq": 12199.2666015625,
      "mid_mean": -67.39713287353516,
      "mid_to_side_loudness": 0.018153322860598564,
      "mid_to_side_loudness_range": 1.348629355430603,
      "side_mean": -67.38680267333984
    }
  ],
  "bandwidth": 755.58837890625,
  "channels": 2,
  "covariance": [
    [
      25.94957733154297,
      26.870119094848633,
      16.185882568359375,
      17.282169342041016,
      -1.4945688247680664,
      -0.6635549664497375,
      -8.861065864562988,
      -5.96752405166626,
      -6.35135555267334,
      -1.9520663022994995,
      -1.9664573669433594,
      0.6380860209465027,
      -1.8105770349502563,
      -1.0452502965927124,
      -0.09003777801990509,
      -0.031224288046360016,
      0.010587431490421295,
      0.025593284517526627
    ],
    [
      26.870119094848633,
      30.8756160736084,
      16.619705200195312,
      18.39763832092285,
      -1.348402500152588,
      -0.012275363318622112,
      -10.33816909790039,
      -7.566619396209717,
      -7.450633525848389,
      -3.8404643535614014,
      -3.788869619369507,
      -1.1432679891586304,
      -3.187307357788086,
      -1.7505178451538086,
      -0.19036810100078583,
      0.052824344485998154,
      -0.06842625141143799,
      -0.02188277430832386
    ],
    [
      16.185882568359375,
      16.619705200195312,
      109.77571868896484,
      92.21945190429688,
      35.775299072265625,
      43.793418884277344,
      17.573139190673828,
      21.497154235839844,
      39.12505340576172,
      36.64659118652344,
      36.15542984008789,
      35.5566520690918,
      25.94778060913086,
      17.74544334411621,
      5.945012092590332,
      4.9701247215271,
      1.062941074371338,
      1.2110544443130493
    ],
    [
      17.282169342041016,
      18.39763832092285,
      92.21945190429688,
      91.89325714111328,
      24.9050350189209,
      32.81096267700195,
      8.704726219177246,
      12.680133819580078,
      27.86726188659668,
      27.790639877319336,
      28.650808334350586,
      28.991893768310547,
      19.87523651123047,
      13.545454978942871,
      4.122920036315918,
      3.497528553009033,
      0.8192012310028076,
      0.9443962574005127
    ],
    [
      -1.4945688247680664,
      -1.348402500152588,
      35.775299072265625,
      24.9050350189209,
      69.47154998779297,
      59.76961898803711,
      44.391761779785156,
      46.95011520385742,
      46.62372589111328,
      39.47891616821289,
      42.167633056640625,
      38.66368865966797,
      29.164661407470703,
      18.84702491760254,
      7.857866287231445,
      6.489250183105469,
      1.120706558227539,
      1.2843011617660522
    ],
    [
      -0.6635549664497375,
      -0.012275363318622112,
      43.793418884277344,
      32.81096267700195,
      59.76961898803711,
      65.11758422851562,
      38.887054443359375,
      43.223358154296875,
      43.79746627807617,
      39.716976165771484,
      41.619056701660156,
      38.85453796386719,
      27.64663314819336,
      18.213205337524414,
      7.105618476867676,
      5.913466930389404,
      1.1065678596496582,
      1.2299773693084717
    ],
    [
      -8.861065864562988,
      -10.33816909790039,
      17.573139190673828,
      8.704726219177246,
      44.391761779785156,
      38.887054443359375,
      62.88695526123047,
      51.176204681396484,
      55.06354522705078,
      45.01429748535156,
      44.95417785644531,
      39.22648620605469,
      30.758153915405273,
      19.765392303466797,
      7.066991806030273,
      5.365095615386963,
      1.2013394832611084,
      1.173108458518982
    ],
    [
      -5.96752405166626,
      -7.566619396209717,
      21.497154235839844,
      12.680133819580078,
      46.95011520385742,
      43.223358154296875,
      51.176204681396484,
      54.6260986328125,
      48.549415588378906,
      42.99595260620117,
      45.71504211425781,
      41.742000579833984,
      27.4298095703125,
      17.595666885375977,
      5.7705888748168945,
      4.24899435043335,
      0.9520460963249207,
      0.9104686975479126
    ],
    [
      -6.35135555267334,
      -7.450633525848389,
      39.12505340576172,
      27.86726188659668,
      46.62372589111328,
      43.79746627807617,
      55.06354522705078,
      48.549415588378906,
      76.48421478271484,
      57.856895446777344,
      56.389034271240234,
      49.57704162597656,
      37.256195068359375,
      23.959882736206055,
      7.654710292816162,
      5.508331775665283,
      1.4557363986968994,
      1.3231031894683838
    ],
    [
      -1.9520663022994995,
      -3.8404643535614014,
      36.64659118652344,
      27.790639877319336,
      39.47891616821289,
      39.716976165771484,
      45.01429748535156,
      42.99595260620117,
      57.856895446777344,
      57.214149475097656,
      49.99871063232422,
      48.504478454589844,
      32.03702163696289,
      20.94571876525879,
      6.596994400024414,
      4.920346260070801,
      1.350433588027954,
      1.2893403768539429
    ],
    [
      -1.9664573669433594,
      -3.788869619369507,
      36.15542984008789,
      28.650808334350586,
      42.167633056640625,
      41.619056701660156,
      44.95417785644531,
      45.71504211425781,
      56.389034271240234,
      49.99871063232422,
      71.2254638671875,
      63.95150375366211,
      44.382198333740234,
      31.08568000793457,
      14.239802360534668,
      11.455913543701172,
      2.173086404800415,
      2.3148810863494873
    ],
    [
      0.6380860209465027,
      -1.1432679891586304,
      35.5566520690918,
      28.991893768310547,
      38.66368865966797,
      38.85453796386719,
      39.22648620605469,
      41.742000579833984,
      49.57704162597656,
      48.504478454589844,
      63.95150375366211,
      63.99019241333008,
      41.002437591552734,
      29.641117095947266,
      13.317194938659668,
      11.084607124328613,
      2.0999627113342285,
      2.3533682823181152
    ],
    [
      -1.8105770349502563,
      -3.187307357788086,
      25.94778060913086,
      19.87523651123047,
      29.164661407470703,
      27.64663314819336,
      30.758153915405273,
      27.4298095703125,
      37.256195068359375,
      32.03702163696289,
      44.382198333740234,
      41.002437591552734,
      38.166751861572266,
      27.63554573059082,
      15.244100570678711,
      12.37765121459961,
      2.3721861839294434,
      2.6185503005981445
    ],
    [
      -1.0452502965927124,
      -1.7505178451538086,
      17.74544334411621,
      13.545454978942871,
      18.84702491760254,
      18.213205337524414,
      19.765392303466797,
      17.595666885375977,
      23.959882736206055,
      20.94571876525879,
      31.08568000793457,
      29.641117095947266,
      27.63554573059082,
      21.45296287536621,
      12.963415145874023,
      10.975732803344727,
      2.0162196159362793,
      2.3236870765686035
    ],
    [
      -0.09003777801990509,
      -0.19036810100078583,
      5.945012092590332,
      4.122920036315918,
      7.857866287231445,
      7.105618476867676,
      7.066991806030273,
      5.7705888748168945,
      7.654710292816162,
      6.596994400024414,
      14.239802360534668,
      13.317194938659668,
      15.244100570678711,
      12.963415145874023,
      12.537774085998535,
      10.629778861999512,
      1.9652433395385742,
      2.2467050552368164
    ],
    [
      -0.031224288046360016,
      0.052824344485998154,
      4.9701247215271,
      3.497528553009033,
      6.489250183105469,
      5.913466930389404,
      5.365095615386963,
      4.24899435043335,
      5.508331775665283,
      4.920346260070801,
      11.455913543701172,
      11.084607124328613,
      12.37765121459961,
      10.975732803344727,
      10.629778861999512,
      9.445384979248047,
      1.6954096555709839,
      2.0424721240997314
    ],
    [
      0.010587431490421295,
      -0.06842625141143799,
      1.062941074371338,
      0.8192012310028076,
      1.120706558227539,
      1.1065678596496582,
      1.2013394832611084,
      0.9520460963249207,
      1.4557363986968994,
      1.350433588027954,
      2.173086404800415,
      2.0999627113342285,
      2.3721861839294434,
      2.0162196159362793,
      1.9652433395385742,
      1.6954096555709839,
      0.43835222721099854,
      0.4767765402793884
    ],
    [
      0.025593284517526627,
      -0.02188277430832386,
      1.2110544443130493,
      0.9443962574005127,
      1.2843011617660522,
      1.2299773693084717,
      1.173108458518982,
      0.9104686975479126,
      1.3231031894683838,
      1.2893403768539429,
      2.3148810863494873,
      2.3533682823181152,
      2.6185503005981445,
      2.3236870765686035,
      2.2467050552368164,
      2.0424721240997314,
      0.4767765402793884,
      0.565183162689209
    ]
  ],
  "covariance_short": [
    [
      23.388898849487305,
      17.083093643188477,
      15.851146697998047,
      16.082483291625977,
      -2.067819833755493,
      -1.0815354585647583,
      -7.386747360229492,
      -4.502413749694824,
      -5.626474380493164,
      -1.279264211654663,
      -2.535613536834717,
      -0.3643801808357239,
      -1.476899266242981,
      -0.8665652871131897,
      0.026336904615163803,
      0.0792323499917984,
      0.027856333181262016,
      0.03262443095445633
    ],
    [
      17.083093643188477,
      24.425992965698242,
      17.38379669189453,
      18.345827102661133,
      -2.547178268432617,
      -1.2059237957000732,
      -8.823064804077148,
      -5.733087062835693,
      -5.925939083099365,
      -2.598369836807251,
      -3.754275321960449,
      -1.8354495763778687,
      -2.4905545711517334,
      -1.4010560512542725,
      -0.31114891171455383,
      -0.13536155223846436,
      -0.009862415492534637,
      0.04264412075281143
    ],
    [
      15.851146697998047,
      17.38379669189453,
      103.390380859375,
      89.2225570678711,
      46.20474624633789,
      48.46287155151367,
      18.4611873626709,
      22.968212127685547,
      37.07524490356445,
      33.95476150512695,
      30.24262809753418,
      28.251462936401367,
      21.397790908813477,
      13.847861289978027,
      3.705859422683716,
      3.0252065658569336,
      0.6246771216392517,
      0.7368919253349304
    ],
    [
      16.082483291625977,
      18.345827102661133,
      89.2225570678711,
      93.2665786743164,
      32.09779739379883,
      37.80679702758789,
      10.413907051086426,
      14.134550094604492,
      29.47662353515625,
      27.92238998413086,
      26.26519203186035,
      23.98882293701172,
      17.537866592407227,
      11.339272499084473,
      2.560606002807617,
      2.0723109245300293,
      0.47680985927581787,
      0.5606045126914978
    ],
    [
      -2.067819833755493,
      -2.547178268432617,
      46.20474624633789,
      32.09779739379883,
      81.2830581665039,
      63.71912384033203,
      46.880210876464844,
      49.80876541137695,
      49.77987289428711,
      41.675838470458984,
      43.043426513671875,
      40.1416015625,
      29.91727638244629,
      18.775779724121094,
      6.54099702835083,
      5.151625633239746,
      0.8605540990829468,
      0.9341268539428711
    ],
    [
      -1.0815354585647583,
      -1.2059237957000732,
      48.46287155151367,
      37.80679702758789,
      63.71912384033203,
      70.20758819580078,
      39.52290725708008,
      44.26793670654297,
      45.66300582885742,
      39.580989837646484,
      40.05380630493164,
      37.42361831665039,
      26.75480079650879,
      16.94944953918457,
      5.806752681732178,
      4.517053604125977,
      0.8373574018478394,
      0.8607369065284729
    ],
    [
      -7.386747360229492,
      -8.823064804077148,
      18.4611873626709,
      10.413907051086426,
      46.880210876464844,
      39.52290725708008,
      67.04605865478516,
      52.28192901611328,
      55.72244644165039,
      45.543792724609375,
      46.028724670410156,
      39.09484100341797,
      29.78879165649414,
      18.602540969848633,
      5.767226696014404,
      4.28609561920166,
      0.9516923427581787,
      0.8446131944656372
    ],
    [
      -4.502413749694824,
      -5.733087062835693,
      22.968212127685547,
      14.134550094604492,
      49.80876541137695,
      44.26793670654297,
      52.28192901611328,
      59.77288055419922,
      49.2504997253418,
      44.275386810302734,
      46.494197845458984,
      42.84877395629883,
      27.271976470947266,
      17.18885612487793,
      5.032319068908691,
      3.625741481781006,
      0.768860936164856,
      0.6777446269989014
    ],
    [
      -5.626474380493164,
      -5.925939083099365,
      37.07524490356445,
      29.47662353515625,
      49.77987289428711,
      45.66300582885742,
      55.72244644165039,
      49.2504997253418,
      81.76984405517578,
      59.72982406616211,
      58.87156295776367,
      49.49371337890625,
      36.45198059082031,
      23.05274200439453,
      6.591821670532227,
      4.7723388671875,
      1.2328554391860962,
      1.0817731618881226
    ],
    [
      -1.279264211654663,
      -2.598369836807251,
      33.95476150512695,
      27.92238998413086,
      41.675838470458984,
      39.580989837646484,
      45.543792724609375,
      44.275386810302734,
      59.72982406616211,
      60.65097427368164,
      52.01736831665039,
      50.936038970947266,
      31.94464874267578,
      20.72692108154297,
      5.7689208984375,
      4.384493350982666,
      1.1346763372421265,
      1.0571719408035278
    ],
    [
      -2.535613536834717,
      -3.754275321960449,
      30.24262809753418,
      26.26519203186035,
      43.043426513671875,
      40.05380630493164,
      46.028724670410156,
      46.494197845458984,
      58.87156295776367,
      52.01736831665039,
      70.58405303955078,
      60.106712341308594,
      40.78881072998047,
      27.3323974609375,
      10.447493553161621,
      8.128814697265625,
      1.4887897968292236,
      1.4171266555786133
    ],
    [
      -0.3643801808357239,
      -1.8354495763778687,
      28.251462936401367,
      23.98882293701172,
      40.1416015625,
      37.42361831665039,
      39.09484100341797,
      42.84877395629883,
      49.49371337890625,
      50.936038970947266,
      60.106712341308594,
      62.57060623168945,
      36.349082946777344,
      25.7480411529541,
      9.285181045532227,
      7.708131313323975,
      1.3743997812271118,
      1.4613926410675049
    ],
    [
      -1.476899266242981,
      -2.4905545711517334,
      21.397790908813477,
      17.537866592407227,
      29.91727638244629,
      26.75480079650879,
      29.78879165649414,
      27.271976470947266,
      36.45198059082031,
      31.94464874267578,
      40.78881072998047,
      36.349082946777344,
      34.19478225708008,
      23.492164611816406,
      10.732081413269043,
      8.449563980102539,
      1.5930098295211792,
      1.6096454858779907
    ],
    [
      -0.8665652871131897,
      -1.4010560512542725,
      13.847861289978027,
      11.339272499084473,
      18.775779724121094,
      16.94944953918457,
      18.602540969848633,
      17.18885612487793,
      23.05274200439453,
      20.72692108154297,
      27.3323974609375,
      25.7480411529541,
      23.492164611816406,
      18.125877380371094,
      8.670113563537598,
      7.265751838684082,
      1.2701807022094727,
      1.396207332611084
    ],
    [
      0.026336904615163803,
      -0.31114891171455383,
      3.705859422683716,
      2.560606002807617,
      6.54099702835083,
      5.806752681732178,
      5.767226696014404,
      5.032319068908691,
      6.591821670532227,
      5.7689208984375,
      10.447493553161621,
      9.285181045532227,
      10.732081413269043,
      8.670113563537598,
      8.060315132141113,
      6.502963066101074,
      1.1849088668823242,
      1.2400188446044922
    ],
    [
      0.0792323499917984,
      -0.13536155223846436,
      3.0252065658569336,
      2.0723109245300293,
      5.151625633239746,
      4.517053604125977,
      4.28609561920166,
      3.625741481781006,
      4.7723388671875,
      4.384493350982666,
      8.128814697265625,
      7.708131313323975,
      8.449563980102539,
      7.265751838684082,
      6.502963066101074,
      5.703770637512207,
      1.0115690231323242,
      1.1658496856689453
    ],
    [
      0.027856333181262016,
      -0.009862415492534637,
      0.6246771216392517,
      0.47680985927581787,
      0.8605540990829468,
      0.8373574018478394,
      0.9516923427581787,
      0.768860936164856,
      1.2328554391860962,
      1.1346763372421265,
      1.4887897968292236,
      1.3743997812271118,
      1.5930098295211792,
      1.2701807022094727,
      1.1849088668823242,
      1.0115690231323242,
      0.3447110950946808,
      0.3372287154197693
    ],
    [
      0.03262443095445633,
      0.04264412075281143,
      0.7368919253349304,
      0.5606045126914978,
      0.9341268539428711,
      0.8607369065284729,
      0.8446131944656372,
      0.6777446269989014,
      1.0817731618881226,
      1.0571719408035278,
      1.4171266555786133,
      1.4613926410675049,
      1.6096454858779907,
      1.396207332611084,
      1.2400188446044922,
      1.1658496856689453,
      0.3372287154197693,
      0.418406218290329
    ]
  ],
  "damage": -18.80095100402832,
  "diff_bandwidth": 847.4429321289062,
  "dissonance": 4.194566196807356,
  "drr": 3.380286455154419,
  "dynamics": 6.255408763885498,
  "format": 1245190,
  "frames": 2706368,
  "loudness": -28.91741943359375,
  "loudness_range": 20.17230796813965,
  "loudness_range_short": 21.088199615478516,
  "lowpass_true_peak_15khz": -6.841519355773926,
  "mastering3_acoustic_entropies": [
    {
      "acoustic_entropy": 9.61886215209961,
      "acoustic_entropy_mono": 9.010331153869629,
      "band_eliminated_acoustic_entropies": [
        {
          "acoustic_entropy": 9.61941909790039,
          "acoustic_entropy_side": 9.618688583374023,
          "hz": 129.47220167065723
        },
        {
          "acoustic_entropy": 9.691364288330078,
          "acoustic_entropy_side": 9.633989334106445,
          "hz": 202.92927478742237
        },
        {
          "acoustic_entropy": 9.429275512695312,
          "acoustic_entropy_side": 9.629373550415039,
          "hz": 282.89161906338205
        },
        {
          "acoustic_entropy": 9.127099990844727,
          "acoustic_entropy_side": 9.463400840759277,
          "hz": 369.9353335868758
        },
        {
          "acoustic_entropy": 8.787642478942871,
          "acoustic_entropy_side": 9.528862953186035,
          "hz": 464.6875360973435
        },
        {
          "acoustic_entropy": 9.214712142944336,
          "acoustic_entropy_side": 9.768492698669434,
          "hz": 567.8308811364784
        },
        {
          "acoustic_entropy": 9.042200088500977,
          "acoustic_entropy_side": 9.567238807678223,
          "hz": 680.1084783214808
        },
        {
          "acoustic_entropy": 9.962310791015625,
          "acoustic_entropy_side": 9.722564697265625,
          "hz": 802.3292461747484
        },
        {
          "acoustic_entropy": 9.492125511169434,
          "acoustic_entropy_side": 9.279777526855469,
          "hz": 935.3737400823702
        },
        {
          "acoustic_entropy": 8.277656555175781,
          "acoustic_entropy_side": 9.575614929199219,
          "hz": 1080.2004963696966
        },
        {
          "acoustic_entropy": 8.239533424377441,
          "acoustic_entropy_side": 9.590596199035645,
          "hz": 1237.8529382007157
        },
        {
          "acoustic_entropy": 8.69039535522461,
          "acoustic_entropy_side": 9.379704475402832,
          "hz": 1409.4668930556702
        },
        {
          "acoustic_entropy": 9.000228881835938,
          "acoustic_entropy_side": 9.605565071105957,
          "hz": 1596.2787759475705
        },
        {
          "acoustic_entropy": 9.342302322387695,
          "acoustic_entropy_side": 9.673335075378418,
          "hz": 1799.6344973346393
        },
        {
          "acoustic_entropy": 9.228668212890625,
          "acoustic_entropy_side": 9.541258811950684,
          "hz": 2020.9991599069049
        },
        {
          "acoustic_entropy": 8.498604774475098,
          "acoustic_entropy_side": 9.391792297363281,
          "hz": 2261.9676141086993
        },
        {
          "acoustic_entropy": 9.68440055847168,
          "acoustic_entropy_side": 9.637574195861816,
          "hz": 2524.2759484456974
        },
        {
          "acoustic_entropy": 9.337728500366211,
          "acoustic_entropy_side": 9.611067771911621,
          "hz": 2809.813997359896
        },
        {
          "acoustic_entropy": 9.456178665161133,
          "acoustic_entropy_side": 9.621356964111328,
          "hz": 3120.6389567871424
        },
        {
          "acoustic_entropy": 9.090314865112305,
          "acoustic_entropy_side": 9.60752010345459,
          "hz": 3458.990205492291
        },
        {
          "acoustic_entropy": 9.099979400634766,
          "acoustic_entropy_side": 9.614954948425293,
          "hz": 3827.305438964164
        },
        {
          "acoustic_entropy": 8.981715202331543,
          "acoustic_entropy_side": 9.62072467803955,
          "hz": 4228.238232109126
        },
        {
          "acoustic_entropy": 9.586539268493652,
          "acoustic_entropy_side": 9.619071006774902,
          "hz": 4664.6771572759235
        },
        {
          "acoustic_entropy": 9.60329532623291,
          "acoustic_entropy_side": 9.618037223815918,
          "hz": 5139.766595350093
        },
        {
          "acoustic_entropy": 9.620692253112793,
          "acoustic_entropy_side": 9.619131088256836,
          "hz": 5656.929389854203
        },
        {
          "acoustic_entropy": 9.619380950927734,
          "acoustic_entropy_side": 9.618908882141113,
          "hz": 6219.891507268283
        },
        {
          "acoustic_entropy": 9.625682830810547,
          "acoustic_entropy_side": 9.61966323852539,
          "hz": 6832.70888123896
        },
        {
          "acoustic_entropy": 9.625890731811523,
          "acoustic_entropy_side": 9.623111724853516,
          "hz": 7499.796634079867
        },
        {
          "acoustic_entropy": 9.635772705078125,
          "acoustic_entropy_side": 9.625828742980957,
          "hz": 8225.96088609342
        },
        {
          "acoustic_entropy": 9.618790626525879,
          "acoustic_entropy_side": 9.619142532348633,
          "hz": 9016.43338188839
        },
        {
          "acoustic_entropy": 9.618511199951172,
          "acoustic_entropy_side": 9.618825912475586,
          "hz": 9876.909183162974
        },
        {
          "acoustic_entropy": 9.618852615356445,
          "acoustic_entropy_side": 9.618857383728027,
          "hz": 10813.587699516042
        },
        {
          "acoustic_entropy": 9.618863105773926,
          "acoustic_entropy_side": 9.61886215209961,
          "hz": 11833.21735289826
        },
        {
          "acoustic_entropy": 9.61886215209961,
          "acoustic_entropy_side": 9.618861198425293,
          "hz": 12943.144197493959
        },
        {
          "acoustic_entropy": 9.618863105773926,
          "acoustic_entropy_side": 9.618860244750977,
          "hz": 14151.364845322005
        },
        {
          "acoustic_entropy": 9.618860244750977,
          "acoustic_entropy_side": 9.618861198425293,
          "hz": 15466.58407886509
        },
        {
          "acoustic_entropy": 9.618861198425293,
          "acoustic_entropy_side": 9.618861198425293,
          "hz": 16898.27756580493
        },
        {
          "acoustic_entropy": 9.61886215209961,
          "acoustic_entropy_side": 9.61886215209961,
          "hz": 18456.760127700032
        },
        {
          "acoustic_entropy": 9.61886215209961,
          "acoustic_entropy_side": 9.61886215209961,
          "hz": 20153.260054456492
        },
        {
          "acoustic_entropy": 9.61886215209961,
          "acoustic_entropy_side": 9.61886215209961,
          "hz": 22000.00000000001
        }
      ],
      "diff_acoustic_entropy": 1.8507459163665771,
      "sn": 6
    },
    {
      "acoustic_entropy": 13.986981391906738,
      "acoustic_entropy_mono": 12.754833221435547,
      "band_eliminated_acoustic_entropies": [
        {
          "acoustic_entropy": 13.98412799835205,
          "acoustic_entropy_side": 13.985563278198242,
          "hz": 129.47220167065723
        },
        {
          "acoustic_entropy": 13.87597942352295,
          "acoustic_entropy_side": 14.00108528137207,
          "hz": 202.92927478742237
        },
        {
          "acoustic_entropy": 14.456704139709473,
          "acoustic_entropy_side": 14.10890007019043,
          "hz": 282.89161906338205
        },
        {
          "acoustic_entropy": 13.628442764282227,
          "acoustic_entropy_side": 13.873713493347168,
          "hz": 369.9353335868758
        },
        {
          "acoustic_entropy": 12.792738914489746,
          "acoustic_entropy_side": 13.629456520080566,
          "hz": 464.6875360973435
        },
        {
          "acoustic_entropy": 13.309469223022461,
          "acoustic_entropy_side": 14.178428649902344,
          "hz": 567.8308811364784
        },
        {
          "acoustic_entropy": 13.091385841369629,
          "acoustic_entropy_side": 13.408116340637207,
          "hz": 680.1084783214808
        },
        {
          "acoustic_entropy": 13.593862533569336,
          "acoustic_entropy_side": 14.265013694763184,
          "hz": 802.3292461747484
        },
        {
          "acoustic_entropy": 13.82836627960205,
          "acoustic_entropy_side": 13.710830688476562,
          "hz": 935.3737400823702
        },
        {
          "acoustic_entropy": 12.596109390258789,
          "acoustic_entropy_side": 13.677144050598145,
          "hz": 1080.2004963696966
        },
        {
          "acoustic_entropy": 12.759641647338867,
          "acoustic_entropy_side": 13.910294532775879,
          "hz": 1237.8529382007157
        },
        {
          "acoustic_entropy": 13.51423168182373,
          "acoustic_entropy_side": 14.22316837310791,
          "hz": 1409.4668930556702
        },
        {
          "acoustic_entropy": 13.580181121826172,
          "acoustic_entropy_side": 14.186907768249512,
          "hz": 1596.2787759475705
        },
        {
          "acoustic_entropy": 13.374930381774902,
          "acoustic_entropy_side": 13.916964530944824,
          "hz": 1799.6344973346393
        },
        {
          "acoustic_entropy": 13.758195877075195,
          "acoustic_entropy_side": 14.028177261352539,
          "hz": 2020.9991599069049
        },
        {
          "acoustic_entropy": 13.291691780090332,
          "acoustic_entropy_side": 13.783023834228516,
          "hz": 2261.9676141086993
        },
        {
          "acoustic_entropy": 13.813127517700195,
          "acoustic_entropy_side": 14.095815658569336,
          "hz": 2524.2759484456974
        },
        {
          "acoustic_entropy": 13.459258079528809,
          "acoustic_entropy_side": 13.931445121765137,
          "hz": 2809.813997359896
        },
        {
          "acoustic_entropy": 13.974908828735352,
          "acoustic_entropy_side": 14.019048690795898,
          "hz": 3120.6389567871424
        },
        {
          "acoustic_entropy": 13.577496528625488,
          "acoustic_entropy_side": 13.832598686218262,
          "hz": 3458.990205492291
        },
        {
          "acoustic_entropy": 14.00167179107666,
          "acoustic_entropy_side": 13.856693267822266,
          "hz": 3827.305438964164
        },
        {
          "acoustic_entropy": 13.767875671386719,
          "acoustic_entropy_side": 13.88088607788086,
          "hz": 4228.238232109126
        },
        {
          "acoustic_entropy": 14.132163047790527,
          "acoustic_entropy_side": 14.053901672363281,
          "hz": 4664.6771572759235
        },
        {
          "acoustic_entropy": 13.90592098236084,
          "acoustic_entropy_side": 13.966584205627441,
          "hz": 5139.766595350093
        },
        {
          "acoustic_entropy": 13.924112319946289,
          "acoustic_entropy_side": 13.970149993896484,
          "hz": 5656.929389854203
        },
        {
          "acoustic_entropy": 13.969057083129883,
          "acoustic_entropy_side": 13.979482650756836,
          "hz": 6219.891507268283
        },
        {
          "acoustic_entropy": 13.941137313842773,
          "acoustic_entropy_side": 13.967972755432129,
          "hz": 6832.70888123896
        },
        {
          "acoustic_entropy": 13.9653902053833,
          "acoustic_entropy_side": 13.953286170959473,
          "hz": 7499.796634079867
        },
        {
          "acoustic_entropy": 13.93472671508789,
          "acoustic_entropy_side": 13.931910514831543,
          "hz": 8225.96088609342
        },
        {
          "acoustic_entropy": 13.96457576751709,
          "acoustic_entropy_side": 13.977993965148926,
          "hz": 9016.43338188839
        },
        {
          "acoustic_entropy": 13.976142883300781,
          "acoustic_entropy_side": 13.983548164367676,
          "hz": 9876.909183162974
        },
        {
          "acoustic_entropy": 13.984743118286133,
          "acoustic_entropy_side": 13.986088752746582,
          "hz": 10813.587699516042
        },
        {
          "acoustic_entropy": 13.986498832702637,
          "acoustic_entropy_side": 13.986720085144043,
          "hz": 11833.21735289826
        },
        {
          "acoustic_entropy": 13.986618041992188,
          "acoustic_entropy_side": 13.986726760864258,
          "hz": 12943.144197493959
        },
        {
          "acoustic_entropy": 13.986783981323242,
          "acoustic_entropy_side": 13.986841201782227,
          "hz": 14151.364845322005
        },
        {
          "acoustic_entropy": 13.986946105957031,
          "acoustic_entropy_side": 13.986953735351562,
          "hz": 15466.58407886509
        },
        {
          "acoustic_entropy": 13.986979484558105,
          "acoustic_entropy_side": 13.986979484558105,
          "hz": 16898.27756580493
        },
        {
          "acoustic_entropy": 13.986979484558105,
          "acoustic_entropy_side": 13.986981391906738,
          "hz": 18456.760127700032
        },
        {
          "acoustic_entropy": 13.986981391906738,
          "acoustic_entropy_side": 13.986981391906738,
          "hz": 20153.260054456492
        },
        {
          "acoustic_entropy": 13.986981391906738,
          "acoustic_entropy_side": 13.986981391906738,
          "hz": 22000.00000000001
        }
      ],
      "diff_acoustic_entropy": 3.6949381828308105,
      "sn": 12
    },
    {
      "acoustic_entropy": 19.629581451416016,
      "acoustic_entropy_mono": 17.327510833740234,
      "band_eliminated_acoustic_entropies": [
        {
          "acoustic_entropy": 19.64818000793457,
          "acoustic_entropy_side": 19.64006996154785,
          "hz": 129.47220167065723
        },
        {
          "acoustic_entropy": 19.945703506469727,
          "acoustic_entropy_side": 19.653579711914062,
          "hz": 202.92927478742237
        },
        {
          "acoustic_entropy": 20.300065994262695,
          "acoustic_entropy_side": 19.17446517944336,
          "hz": 282.89161906338205
        },
        {
          "acoustic_entropy": 19.760263442993164,
          "acoustic_entropy_side": 19.82588768005371,
          "hz": 369.9353335868758
        },
        {
          "acoustic_entropy": 19.658641815185547,
          "acoustic_entropy_side": 19.2236385345459,
          "hz": 464.6875360973435
        },
        {
          "acoustic_entropy": 19.05683708190918,
          "acoustic_entropy_side": 19.75374984741211,
          "hz": 567.8308811364784
        },
        {
          "acoustic_entropy": 19.412944793701172,
          "acoustic_entropy_side": 20.138559341430664,
          "hz": 680.1084783214808
        },
        {
          "acoustic_entropy": 19.99410629272461,
          "acoustic_entropy_side": 19.78879165649414,
          "hz": 802.3292461747484
        },
        {
          "acoustic_entropy": 19.749122619628906,
          "acoustic_entropy_side": 19.966264724731445,
          "hz": 935.3737400823702
        },
        {
          "acoustic_entropy": 20.45391273498535,
          "acoustic_entropy_side": 20.05339813232422,
          "hz": 1080.2004963696966
        },
        {
          "acoustic_entropy": 19.76906394958496,
          "acoustic_entropy_side": 19.287029266357422,
          "hz": 1237.8529382007157
        },
        {
          "acoustic_entropy": 20.015296936035156,
          "acoustic_entropy_side": 19.699390411376953,
          "hz": 1409.4668930556702
        },
        {
          "acoustic_entropy": 19.448135375976562,
          "acoustic_entropy_side": 19.667619705200195,
          "hz": 1596.2787759475705
        },
        {
          "acoustic_entropy": 20.524316787719727,
          "acoustic_entropy_side": 19.551973342895508,
          "hz": 1799.6344973346393
        },
        {
          "acoustic_entropy": 19.319913864135742,
          "acoustic_entropy_side": 19.466243743896484,
          "hz": 2020.9991599069049
        },
        {
          "acoustic_entropy": 20.428607940673828,
          "acoustic_entropy_side": 19.5764102935791,
          "hz": 2261.9676141086993
        },
        {
          "acoustic_entropy": 19.409366607666016,
          "acoustic_entropy_side": 19.57931137084961,
          "hz": 2524.2759484456974
        },
        {
          "acoustic_entropy": 18.888938903808594,
          "acoustic_entropy_side": 19.42685890197754,
          "hz": 2809.813997359896
        },
