{
  "acoustic_entropy": 178.39178466796875,
  "bands": [
    {
      "high_freq": 148.1999969482422,
      "loudness": -24.18368911743164,
      "loudness_range": 7.004219055175781,
      "mid_mean": -20.594934463500977,
      "mid_to_side_loudness": -31.43783187866211,
      "mid_to_side_loudness_range": 21.56757354736328,
      "side_mean": -52.78982162475586
    },
    {
      "high_freq": 392.3793640136719,
      "loudness": -22.45833969116211,
      "loudness_range": 7.823448181152344,
      "low_freq": 148.1999969482422,
      "mid_mean": -18.88599395751953,
      "mid_to_side_loudness": -24.281795501708984,
      "mid_to_side_loudness_range": 18.810714721679688,
      "side_mean": -42.46108627319336
    },
    {
      "high_freq": 794.6976318359375,
      "loudness": -27.576967239379883,
      "loudness_range": 11.52169418334961,
      "low_freq": 392.3793640136719,
      "mid_mean": -24.0784912109375,
      "mid_to_side_loudness": -15.54030704498291,
      "mid_to_side_loudness_range": 11.034314155578613,
      "side_mean": -39.291080474853516
    },
    {
      "high_freq": 1457.5709228515625,
      "loudness": -27.468740463256836,
      "loudness_range": 12.92167854309082,
      "low_freq": 794.6976318359375,
      "mid_mean": -24.027250289916992,
      "mid_to_side_loudness": -14.031133651733398,
      "mid_to_side_loudness_range": 8.299521446228027,
      "side_mean": -37.766151428222656
    },
    {
      "high_freq": 2549.74365234375,
      "loudness": -28.288330078125,
      "loudness_range": 13.762044906616211,
      "low_freq": 1457.5709228515625,
      "mid_mean": -24.89873504638672,
      "mid_to_side_loudness": -12.79603099822998,
      "mid_to_side_loudness_range": 7.169097900390625,
      "side_mean": -37.45900344848633
    },
    {
      "high_freq": 4349.24462890625,
      "loudness": -31.85894012451172,
      "loudness_range": 10.613092422485352,
      "low_freq": 2549.74365234375,
      "mid_mean": -28.669506072998047,
      "mid_to_side_loudness": -11.022137641906738,
      "mid_to_side_loudness_range": 7.137735843658447,
      "side_mean": -39.53133773803711
    },
    {
      "high_freq": 7314.1640625,
      "loudness": -34.838409423828125,
      "loudness_range": 10.904674530029297,
      "low_freq": 4349.24462890625,
      "mid_mean": -31.863353729248047,
      "mid_to_side_loudness": -8.68297290802002,
      "mid_to_side_loudness_range": 7.41032600402832,
      "side_mean": -40.406795501708984
    },
    {
      "high_freq": 12199.2666015625,
      "loudness": -37.39472198486328,
      "loudness_range": 10.046398162841797,
      "low_freq": 7314.1640625,
      "mid_mean": -34.8741455078125,
      "mid_to_side_loudness": -6.072597503662109,
      "mid_to_side_loudness_range": 4.615871429443359,
      "side_mean": -40.72426986694336
    },
    {
      "loudness": -48.156375885009766,
      "loudness_range": 13.584537506103516,
      "low_freq": 12199.2666015625,
      "mid_mean": -46.0075569152832,
      "mid_to_side_loudness": -5.251638412475586,
      "mid_to_side_loudness_range": 3.6748759746551514,
      "side_mean": -51.864742279052734
    }
  ],
  "bands_short": [
    {
      "high_freq": 148.1999969482422,
      "loudness": -26.881351470947266,
      "loudness_range": 14.480463027954102,
      "mid_mean": -23.253007888793945,
      "mid_to_side_loudness": -32.725486755371094,
      "mid_to_side_loudness_range": 17.37427520751953,
      "side_mean": -56.63199996948242
    },
    {
      "high_freq": 392.3793640136719,
      "loudness": -22.070650100708008,
      "loudness_range": 9.188037872314453,
      "low_freq": 148.1999969482422,
      "mid_mean": -18.468637466430664,
      "mid_to_side_loudness": -26.021724700927734,
      "mid_to_side_loudness_range": 21.26711082458496,
      "side_mean": -44.18797302246094
    },
    {
      "high_freq": 794.6976318359375,
      "loudness": -27.644195556640625,
      "loudness_range": 13.457992553710938,
      "low_freq": 392.3793640136719,
      "mid_mean": -24.166210174560547,
      "mid_to_side_loudness": -16.003175735473633,
      "mid_to_side_loudness_range": 12.878473281860352,
      "side_mean": -39.69366455078125
    },
    {
      "high_freq": 1457.5709228515625,
      "loudness": -28.173263549804688,
      "loudness_range": 15.756698608398438,
      "low_freq": 794.6976318359375,
      "mid_mean": -24.74615478515625,
      "mid_to_side_loudness": -14.434088706970215,
      "mid_to_side_loudness_range": 10.611018180847168,
      "side_mean": -38.75762939453125
    },
    {
      "high_freq": 2549.74365234375,
      "loudness": -29.00983238220215,
      "loudness_range": 15.614267349243164,
      "low_freq": 1457.5709228515625,
      "mid_mean": -25.640926361083984,
      "mid_to_side_loudness": -12.944230079650879,
      "mid_to_side_loudness_range": 10.32083511352539,
      "side_mean": -38.33705139160156
    },
    {
      "high_freq": 4349.24462890625,
      "loudness": -32.33837127685547,
      "loudness_range": 13.697341918945312,
      "low_freq": 2549.74365234375,
      "mid_mean": -29.212677001953125,
      "mid_to_side_loudness": -11.328163146972656,
      "mid_to_side_loudness_range": 11.910751342773438,
      "side_mean": -40.329811096191406
    },
    {
      "high_freq": 7314.1640625,
      "loudness": -35.526405334472656,
      "loudness_range": 15.560251235961914,
      "low_freq": 4349.24462890625,
      "mid_mean": -32.66517639160156,
      "mid_to_side_loudness": -9.130695343017578,
      "mid_to_side_loudness_range": 11.491076469421387,
      "side_mean": -41.6396484375
    },
    {
      "high_freq": 12199.2666015625,
      "loudness": -38.172210693359375,
      "loudness_range": 13.963302612304688,
      "low_freq": 7314.1640625,
      "mid_mean": -35.7242546081543,
      "mid_to_side_loudness": -6.596881866455078,
      "mid_to_side_loudness_range": 8.017462730407715,
      "side_mean": -41.83885192871094
    },
    {
      "loudness": -49.01692581176758,
      "loudness_range": 15.052608489990234,
      "low_freq": 12199.2666015625,
      "mid_mean": -47.61513137817383,
      "mid_to_side_loudness": -5.422274589538574,
      "mid_to_side_loudness_range": 6.191890716552734,
      "side_mean": -53.512699127197266
    }
  ],
  "bandwidth": 499.8688659667969,
  "channels": 2,
  "covariance": [
    [
      19.905120849609375,
      14.386211395263672,
      12.904752731323242,
      7.228094100952148,
      10.05412483215332,
      8.403273582458496,
      10.27635669708252,
      7.9792680740356445,
      10.92003059387207,
      9.34195327758789,
      13.590450286865234,
      14.303845405578613,
      12.662317276000977,
      14.250829696655273,
      12.698469161987305,
      13.70743465423584,
      12.540244102478027,
      15.799676895141602
    ],
    [
      14.386211395263672,
      57.044795989990234,
      13.481584548950195,
      20.149503707885742,
      10.70164680480957,
      13.49915885925293,
      11.729818344116211,
      13.362893104553223,
      15.020291328430176,
      16.28056526184082,
      14.366479873657227,
      14.593965530395508,
      10.960295677185059,
      3.4848995208740234,
      4.115482330322266,
      -5.244932174682617,
      -2.96712327003479,
      4.452300548553467
    ],
    [
      12.904752731323242,
      13.481584548950195,
      19.270206451416016,
      14.725756645202637,
      12.405216217041016,
      13.121091842651367,
      11.982355117797852,
      13.068879127502441,
      13.124324798583984,
      12.842764854431152,
      12.649005889892578,
      14.437402725219727,
      11.407814025878906,
      11.858834266662598,
      9.827658653259277,
      8.91964340209961,
      8.359197616577148,
      9.879980087280273
    ],
    [
      7.228094100952148,
      20.149503707885742,
      14.725756645202637,
      65.53907775878906,
      13.363395690917969,
      36.749664306640625,
      19.79141616821289,
      38.47344970703125,
      21.234954833984375,
      33.0024528503418,
      8.831504821777344,
      17.66015625,
      1.301812767982483,
      5.8443684577941895,
      -2.108938217163086,
      -3.4588420391082764,
      -6.914658069610596,
      -5.1842851638793945
    ],
    [
      10.05412483215332,
      10.70164680480957,
      12.405216217041016,
      13.363395690917969,
      20.523405075073242,
      21.36270523071289,
      16.333492279052734,
      16.828123092651367,
      16.735219955444336,
      14.81339168548584,
      13.104774475097656,
      12.211297035217285,
      11.556686401367188,
      10.159965515136719,
      9.377981185913086,
      7.743156909942627,
      7.667332172393799,
      7.149794578552246
    ],
    [
      8.403273582458496,
      13.49915885925293,
      13.121091842651367,
      36.749664306640625,
      21.36270523071289,
      40.60498046875,
      21.207265853881836,
      31.671218872070312,
      22.065143585205078,
      27.830347061157227,
      12.364258766174316,
      16.154369354248047,
      8.726853370666504,
      10.584944725036621,
      5.665406703948975,
      4.486368179321289,
      1.1078088283538818,
      2.1928515434265137
    ],
    [
      10.27635669708252,
      11.729818344116211,
      11.982355117797852,
      19.79141616821289,
      16.333492279052734,
      21.207265853881836,
      25.7452335357666,
      27.50676155090332,
      21.30339241027832,
      20.693822860717773,
      12.746722221374512,
      12.207468032836914,
      11.420920372009277,
      10.063125610351562,
      9.994378089904785,
      8.096668243408203,
      7.8669915199279785,
      6.1959710121154785
    ],
    [
      7.9792680740356445,
      13.362893104553223,
      13.068879127502441,
      38.47344970703125,
      16.828123092651367,
      31.671218872070312,
      27.50676155090332,
      42.843807220458984,
      24.41489028930664,
      31.364999771118164,
      11.677443504333496,
      16.263896942138672,
      8.910740852355957,
      10.886580467224121,
      6.422366619110107,
      4.526549816131592,
      1.8084428310394287,
      1.3108503818511963
    ],
    [
      10.92003059387207,
      15.020291328430176,
      13.124324798583984,
      21.234954833984375,
      16.735219955444336,
      22.065143585205078,
      21.30339241027832,
      24.41489028930664,
      24.97010612487793,
      22.279340744018555,
      15.319275856018066,
      14.095674514770508,
      11.845763206481934,
      10.031302452087402,
      9.899250030517578,
      7.205219268798828,
      6.803836345672607,
      4.567259788513184
    ],
    [
      9.34195327758789,
      16.28056526184082,
      12.842764854431152,
      33.0024528503418,
      14.81339168548584,
      27.830347061157227,
      20.693822860717773,
      31.364999771118164,
      22.279340744018555,
      29.757429122924805,
      12.342720031738281,
      16.966073989868164,
      8.504323959350586,
      10.212639808654785,
      6.70632266998291,
      4.732230186462402,
      2.130188465118408,
      1.5942248106002808
    ],
    [
      13.590450286865234,
      14.366479873657227,
      12.649005889892578,
      8.831504821777344,
      13.104774475097656,
      12.364258766174316,
      12.746722221374512,
      11.677443504333496,
      15.319275856018066,
      12.342720031738281,
      23.163436889648438,
      18.88595962524414,
      18.938501358032227,
      14.158060073852539,
      13.170076370239258,
      9.739484786987305,
      9.847967147827148,
      9.64074993133545
    ],
    [
      14.303845405578613,
      14.593965530395508,
      14.437402725219727,
      17.66015625,
      12.211297035217285,
      16.154369354248047,
      12.207468032836914,
      16.263896942138672,
      14.095674514770508,
      16.966073989868164,
      18.88595962524414,
      23.342119216918945,
      16.163414001464844,
      18.251304626464844,
      12.512883186340332,
      11.963045120239258,
      8.255123138427734,
      11.264892578125
    ],
    [
      12.662317276000977,
      10.960295677185059,
      11.407814025878906,
      1.301812767982483,
      11.556686401367188,
      8.726853370666504,
      11.420920372009277,
      8.910740852355957,
      11.845763206481934,
      8.504323959350586,
      18.938501358032227,
      16.163414001464844,
      22.788593292236328,
      17.563270568847656,
      16.89552879333496,
      13.579238891601562,
      12.132940292358398,
      11.44486141204834
    ],
    [
      14.250829696655273,
      3.4848995208740234,
      11.858834266662598,
      5.8443684577941895,
      10.159965515136719,
      10.584944725036621,
      10.063125610351562,
      10.886580467224121,
      10.031302452087402,
      10.212639808654785,
      14.158060073852539,
      18.251304626464844,
      17.563270568847656,
      24.403779983520508,
      17.177629470825195,
      19.948068618774414,
      16.305702209472656,
      22.10391616821289
    ],
    [
      12.698469161987305,
      4.115482330322266,
      9.827658653259277,
      -2.108938217163086,
      9.377981185913086,
      5.665406703948975,
      9.994378089904785,
      6.422366619110107,
      9.899250030517578,
      6.70632266998291,
      13.170076370239258,
      12.512883186340332,
      16.89552879333496,
      17.177629470825195,
      19.572206497192383,
      21.17310333251953,
      18.90412712097168,
      19.877153396606445
    ],
    [
      13.70743465423584,
      -5.244932174682617,
      8.91964340209961,
      -3.4588420391082764,
      7.743156909942627,
      4.486368179321289,
      8.096668243408203,
      4.526549816131592,
      7.205219268798828,
      4.732230186462402,
      9.739484786987305,
      11.963045120239258,
      13.579238891601562,
      19.948068618774414,
      21.17310333251953,
      33.30569076538086,
      24.96550750732422,
      31.65662956237793
    ],
    [
      12.540244102478027,
      -2.96712327003479,
      8.359197616577148,
      -6.914658069610596,
      7.667332172393799,
      1.1078088283538818,
      7.8669915199279785,
      1.8084428310394287,
      6.803836345672607,
      2.130188465118408,
      9.847967147827148,
      8.255123138427734,
      12.132940292358398,
      16.305702209472656,
      18.90412712097168,
      24.96550750732422,
      28.49620246887207,
      32.37294387817383
    ],
    [
      15.799676895141602,
      4.452300548553467,
      9.879980087280273,
      -5.1842851638793945,
      7.149794578552246,
      2.1928515434265137,
      6.1959710121154785,
      1.3108503818511963,
      4.567259788513184,
      1.5942248106002808,
      9.64074993133545,
      11.264892578125,
      11.44486141204834,
      22.10391616821289,
      19.877153396606445,
      31.65662956237793,
      32.37294387817383,
      57.233131408691406
    ]
  ],
  "covariance_short": [
    [
      29.648073196411133,
      21.179235458374023,
      15.04944133758545,
      9.419231414794922,
      9.679141998291016,
      8.211285591125488,
      9.901630401611328,
      9.18651008605957,
      10.125445365905762,
      12.473459243774414,
      10.644572257995605,
      15.56675910949707,
      11.725027084350586,
      18.061248779296875,
      16.217945098876953,
      20.831960678100586,
      15.16200065612793,
      17.425355911254883
    ],
    [
      21.179235458374023,
      51.0675048828125,
      13.697823524475098,
      21.419607162475586,
      9.315223693847656,
      10.894813537597656,
      10.966958045959473,
      12.509012222290039,
      12.65442943572998,
      15.95691967010498,
      11.58008098602295,
      14.406844139099121,
      10.221832275390625,
      11.046252250671387,
      12.128910064697266,
      14.205055236816406,
      5.612841606140137,
      13.156182289123535
    ],
    [
      15.04944133758545,
      13.697823524475098,
      21.142526626586914,
      17.30949592590332,
      12.456841468811035,
      12.567055702209473,
      12.83246898651123,
      13.391173362731934,
      13.14774227142334,
      14.870869636535645,
      11.645750045776367,
      14.612972259521484,
      11.13720703125,
      12.456048011779785,
      11.222257614135742,
      12.914650917053223,
      10.407231330871582,
      10.950135231018066
    ],
    [
      9.419231414794922,
      21.419607162475586,
      17.30949592590332,
      73.86929321289062,
      17.198034286499023,
      41.11912536621094,
      21.60613441467285,
      39.178035736083984,
      23.49980354309082,
      35.6370735168457,
      12.408702850341797,
      23.06074333190918,
      1.7016595602035522,
      8.503396034240723,
      0.18359829485416412,
      6.424981594085693,
      -5.3540940284729,
      0.046502139419317245
    ],
    [
      9.679141998291016,
      9.315223693847656,
      12.456841468811035,
      17.198034286499023,
      26.799482345581055,
      26.35814666748047,
      18.577144622802734,
      19.15176010131836,
      19.2501220703125,
      17.36265754699707,
      15.705760955810547,
      13.922354698181152,
      12.52468490600586,
      10.681258201599121,
      10.157109260559082,
      10.00259017944336,
      10.580732345581055,
      10.378181457519531
    ],
    [
      8.211285591125488,
      10.894813537597656,
      12.567055702209473,
      41.11912536621094,
      26.35814666748047,
      51.46086883544922,
      23.8572940826416,
      37.51628112792969,
      25.927539825439453,
      32.552345275878906,
      16.02307891845703,
      20.904945373535156,
      8.718504905700684,
      12.5153226852417,
      5.970579624176025,
      9.416594505310059,
      1.0508285760879517,
      5.033820152282715
    ],
    [
      9.901630401611328,
      10.966958045959473,
      12.83246898651123,
      21.60613441467285,
      18.577144622802734,
      23.8572940826416,
      32.825931549072266,
      34.13873291015625,
      26.144132614135742,
      25.16880226135254,
      16.8088321685791,
      14.98850154876709,
      12.70311164855957,
      11.546035766601562,
      11.450726509094238,
      11.122442245483398,
      8.575963973999023,
      7.809481620788574
    ],
    [
      9.18651008605957,
      12.509012222290039,
      13.391173362731934,
      39.178035736083984,
      19.15176010131836,
      37.51628112792969,
      34.13873291015625,
      54.209251403808594,
      29.47772979736328,
      37.40654373168945,
      16.242347717285156,
      21.79688835144043,
      10.17134952545166,
      14.37300968170166,
      8.644610404968262,
      10.954238891601562,
      1.7900888919830322,
      4.418689727783203
    ],
    [
      10.125445365905762,
      12.65442943572998,
      13.14774227142334,
      23.49980354309082,
      19.2501220703125,
      25.927539825439453,
      26.144132614135742,
      29.47772979736328,
      33.576995849609375,
      28.685989379882812,
      20.6423282623291,
      17.018264770507812,
      13.725954055786133,
      10.177752494812012,
      11.482860565185547,
      10.137720108032227,
      8.537261962890625,
      6.885974884033203
    ],
    [
      12.473459243774414,
      15.95691967010498,
      14.870869636535645,
      35.6370735168457,
      17.36265754699707,
      32.552345275878906,
      25.16880226135254,
      37.40654373168945,
      28.685989379882812,
      39.33821487426758,
      16.834848403930664,
      24.104963302612305,
      10.84708309173584,
      15.596607208251953,
      10.602158546447754,
      14.287649154663086,
      4.21516227722168,
      6.937227249145508
    ],
    [
      10.644572257995605,
      11.58008098602295,
      11.645750045776367,
      12.408702850341797,
      15.705760955810547,
      16.02307891845703,
      16.8088321685791,
      16.242347717285156,
      20.6423282623291,
      16.834848403930664,
      33.60559844970703,
      25.190814971923828,
      27.295616149902344,
      18.249553680419922,
      18.50754737854004,
      13.728395462036133,
      17.68421745300293,
      13.395756721496582
    ],
    [
      15.56675910949707,
      14.406844139099121,
      14.612972259521484,
      23.06074333190918,
      13.922354698181152,
      20.904945373535156,
      14.98850154876709,
      21.79688835144043,
      17.018264770507812,
      24.104963302612305,
      25.190814971923828,
      35.38104248046875,
      22.70681381225586,
      28.465280532836914,
      19.268321990966797,
      22.974563598632812,
      17.432153701782227,
      20.336990356445312
    ],
    [
      11.725027084350586,
      10.221832275390625,
      11.13720703125,
      1.7016595602035522,
      12.52468490600586,
      8.718504905700684,
      12.70311164855957,
      10.17134952545166,
      13.725954055786133,
      10.84708309173584,
      27.295616149902344,
      22.70681381225586,
      36.5921630859375,
      26.921171188354492,
      26.106689453125,
      20.033069610595703,
      24.11127281188965,
      19.371835708618164
    ],
    [
      18.061248779296875,
      11.046252250671387,
      12.456048011779785,
      8.503396034240723,
      10.681258201599121,
      12.5153226852417,
      11.546035766601562,
      14.37300968170166,
      10.177752494812012,
      15.596607208251953,
      18.249553680419922,
      28.465280532836914,
      26.921171188354492,
      43.64170837402344,
      27.711362838745117,
      33.40572738647461,
      28.37135124206543,
      35.38969421386719
    ],
    [
      16.217945098876953,
      12.128910064697266,
      11.222257614135742,
      0.18359829485416412,
      10.157109260559082,
      5.970579624176025,
      11.450726509094238,
      8.644610404968262,
      11.482860565185547,
      10.602158546447754,
      18.50754737854004,
      19.268321990966797,
      26.106689453125,
      27.711362838745117,
      32.59209060668945,
      30.144651412963867,
      27.570697784423828,
      26.441783905029297
    ],
    [
      20.831960678100586,
      14.205055236816406,
      12.914650917053223,
      6.424981594085693,
      10.00259017944336,
      9.416594505310059,
      11.122442245483398,
      10.954238891601562,
      10.137720108032227,
      14.287649154663086,
      13.728395462036133,
      22.974563598632812,
      20.033069610595703,
      33.40572738647461,
      30.144651412963867,
      45.224754333496094,
      28.699853897094727,
      35.64092254638672
    ],
    [
      15.16200065612793,
      5.612841606140137,
      10.407231330871582,
      -5.3540940284729,
      10.580732345581055,
      1.0508285760879517,
      8.575963973999023,
      1.7900888919830322,
      8.537261962890625,
      4.21516227722168,
      17.68421745300293,
      17.432153701782227,
      24.11127281188965,
      28.37135124206543,
      27.570697784423828,
      28.699853897094727,
      51.49198532104492,
      50.39170837402344
    ],
    [
      17.425355911254883,
      13.156182289123535,
      10.950135231018066,
      0.046502139419317245,
      10.378181457519531,
      5.033820152282715,
      7.809481620788574,
      4.418689727783203,
      6.885974884033203,
      6.937227249145508,
      13.395756721496582,
      20.336990356445312,
      19.371835708618164,
      35.38969421386719,
      26.441783905029297,
      35.64092254638672,
      50.39170837402344,
      69.13581085205078
    ]
  ],
  "damage": -9.258279800415039,
  "diff_bandwidth": 468.3172607421875,
  "dissonance": 7.76277695766896,
  "drr": 5.5276031494140625,
  "dynamics": 2.0416250228881836,
  "format": 1245190,
  "frames": 6148096,
  "loudness": -13.842634201049805,
  "loudness_range": 4.479748725891113,
  "loudness_range_short": 7.138177871704102,
  "lowpass_true_peak_15khz": -0.020012181252241135,
  "mastering3_acoustic_entropies": [
    {
      "acoustic_entropy": 7.837817668914795,
      "acoustic_entropy_mono": 7.888067722320557,
      "band_eliminated_acoustic_entropies": [
        {
          "acoustic_entropy": 7.377056121826172,
          "acoustic_entropy_side": 7.837854385375977,
          "hz": 129.47220167065723
        },
        {
          "acoustic_entropy": 7.4781999588012695,
          "acoustic_entropy_side": 7.832790374755859,
          "hz": 202.92927478742237
        },
        {
          "acoustic_entropy": 7.565804958343506,
          "acoustic_entropy_side": 7.827826976776123,
          "hz": 282.89161906338205
        },
        {
          "acoustic_entropy": 7.5321760177612305,
          "acoustic_entropy_side": 7.839912414550781,
          "hz": 369.9353335868758
        },
        {
          "acoustic_entropy": 7.236908912658691,
          "acoustic_entropy_side": 7.840143203735352,
          "hz": 464.6875360973435
        },
        {
          "acoustic_entropy": 7.04486083984375,
          "acoustic_entropy_side": 7.853714466094971,
          "hz": 567.8308811364784
        },
        {
          "acoustic_entropy": 8.049945831298828,
          "acoustic_entropy_side": 7.843295097351074,
          "hz": 680.1084783214808
        },
        {
          "acoustic_entropy": 8.992451667785645,
          "acoustic_entropy_side": 7.844597816467285,
          "hz": 802.3292461747484
        },
        {
          "acoustic_entropy": 7.189239978790283,
          "acoustic_entropy_side": 7.677417755126953,
          "hz": 935.3737400823702
        },
        {
          "acoustic_entropy": 7.194672584533691,
          "acoustic_entropy_side": 7.940799713134766,
          "hz": 1080.2004963696966
        },
        {
          "acoustic_entropy": 7.505053520202637,
          "acoustic_entropy_side": 7.878100395202637,
          "hz": 1237.8529382007157
        },
        {
          "acoustic_entropy": 6.957557201385498,
          "acoustic_entropy_side": 7.67278528213501,
          "hz": 1409.4668930556702
        },
        {
          "acoustic_entropy": 8.009723663330078,
          "acoustic_entropy_side": 7.85582971572876,
          "hz": 1596.2787759475705
        },
        {
          "acoustic_entropy": 7.406948089599609,
          "acoustic_entropy_side": 7.811267852783203,
          "hz": 1799.6344973346393
        },
        {
          "acoustic_entropy": 8.083333969116211,
          "acoustic_entropy_side": 7.936568737030029,
          "hz": 2020.9991599069049
        },
        {
          "acoustic_entropy": 8.1739501953125,
          "acoustic_entropy_side": 7.8784613609313965,
          "hz": 2261.9676141086993
        },
        {
          "acoustic_entropy": 7.051370620727539,
          "acoustic_entropy_side": 7.810348987579346,
          "hz": 2524.2759484456974
        },
        {
          "acoustic_entropy": 7.989645957946777,
          "acoustic_entropy_side": 7.837735652923584,
          "hz": 2809.813997359896
        },
        {
          "acoustic_entropy": 8.14899730682373,
          "acoustic_entropy_side": 7.76732063293457,
          "hz": 3120.6389567871424
        },
        {
          "acoustic_entropy": 7.705519199371338,
          "acoustic_entropy_side": 7.846118450164795,
          "hz": 3458.990205492291
        },
        {
          "acoustic_entropy": 7.721063613891602,
          "acoustic_entropy_side": 7.8339457511901855,
          "hz": 3827.305438964164
        },
        {
          "acoustic_entropy": 7.833634376525879,
          "acoustic_entropy_side": 7.85236930847168,
          "hz": 4228.238232109126
        },
        {
          "acoustic_entropy": 7.668830394744873,
          "acoustic_entropy_side": 7.838057041168213,
          "hz": 4664.6771572759235
        },
        {
          "acoustic_entropy": 7.752671241760254,
          "acoustic_entropy_side": 7.85309362411499,
          "hz": 5139.766595350093
        },
        {
          "acoustic_entropy": 7.704406261444092,
          "acoustic_entropy_side": 7.8259406089782715,
          "hz": 5656.929389854203
        },
        {
          "acoustic_entropy": 7.761284351348877,
          "acoustic_entropy_side": 7.830012321472168,
          "hz": 6219.891507268283
        },
        {
          "acoustic_entropy": 7.634446144104004,
          "acoustic_entropy_side": 7.827221393585205,
          "hz": 6832.70888123896
        },
        {
          "acoustic_entropy": 7.554504871368408,
          "acoustic_entropy_side": 7.822665691375732,
          "hz": 7499.796634079867
        },
        {
          "acoustic_entropy": 7.582498073577881,
          "acoustic_entropy_side": 7.820340156555176,
          "hz": 8225.96088609342
        },
        {
          "acoustic_entropy": 7.60004997253418,
          "acoustic_entropy_side": 7.808248996734619,
          "hz": 9016.43338188839
        },
        {
          "acoustic_entropy": 7.538165092468262,
          "acoustic_entropy_side": 7.788065433502197,
          "hz": 9876.909183162974
        },
        {
          "acoustic_entropy": 7.713573932647705,
          "acoustic_entropy_side": 7.822554588317871,
          "hz": 10813.587699516042
        },
        {
          "acoustic_entropy": 7.825692176818848,
          "acoustic_entropy_side": 7.836386680603027,
          "hz": 11833.21735289826
        },
        {
          "acoustic_entropy": 7.8392534255981445,
          "acoustic_entropy_side": 7.837775230407715,
          "hz": 12943.144197493959
        },
        {
          "acoustic_entropy": 7.840787410736084,
          "acoustic_entropy_side": 7.837923526763916,
          "hz": 14151.364845322005
        },
        {
          "acoustic_entropy": 7.839015483856201,
          "acoustic_entropy_side": 7.837900638580322,
          "hz": 15466.58407886509
        },
        {
          "acoustic_entropy": 7.8389763832092285,
          "acoustic_entropy_side": 7.837957859039307,
          "hz": 16898.27756580493
        },
        {
          "acoustic_entropy": 7.838364601135254,
          "acoustic_entropy_side": 7.837891101837158,
          "hz": 18456.760127700032
        },
        {
          "acoustic_entropy": 7.837944507598877,
          "acoustic_entropy_side": 7.837831020355225,
          "hz": 20153.260054456492
        },
        {
          "acoustic_entropy": 7.83783483505249,
          "acoustic_entropy_side": 7.837818145751953,
          "hz": 22000.00000000001
        }
      ],
      "diff_acoustic_entropy": 4.629766941070557,
      "sn": 6
    },
    {
      "acoustic_entropy": 10.147817611694336,
      "acoustic_entropy_mono": 11.03948974609375,
      "band_eliminated_acoustic_entropies": [
        {
          "acoustic_entropy": 10.085052490234375,
          "acoustic_entropy_side": 10.15019702911377,
          "hz": 129.47220167065723
        },
        {
          "acoustic_entropy": 10.752450942993164,
          "acoustic_entropy_side": 10.32789421081543,
          "hz": 202.92927478742237
        },
        {
          "acoustic_entropy": 10.438529014587402,
          "acoustic_entropy_side": 10.144391059875488,
          "hz": 282.89161906338205
        },
        {
          "acoustic_entropy": 9.583257675170898,
          "acoustic_entropy_side": 10.160820007324219,
          "hz": 369.9353335868758
        },
        {
          "acoustic_entropy": 10.615392684936523,
          "acoustic_entropy_side": 10.0740327835083,
          "hz": 464.6875360973435
        },
        {
          "acoustic_entropy": 9.938077926635742,
          "acoustic_entropy_side": 10.138115882873535,
          "hz": 567.8308811364784
        },
        {
          "acoustic_entropy": 10.163378715515137,
          "acoustic_entropy_side": 10.181413650512695,
          "hz": 680.1084783214808
        },
        {
          "acoustic_entropy": 10.573537826538086,
          "acoustic_entropy_side": 10.18039608001709,
          "hz": 802.3292461747484
        },
        {
          "acoustic_entropy": 9.735541343688965,
          "acoustic_entropy_side": 9.871763229370117,
          "hz": 935.3737400823702
        },
        {
          "acoustic_entropy": 9.918889999389648,
          "acoustic_entropy_side": 10.199695587158203,
          "hz": 1080.2004963696966
        },
        {
          "acoustic_entropy": 9.262349128723145,
          "acoustic_entropy_side": 10.293020248413086,
          "hz": 1237.8529382007157
        },
        {
          "acoustic_entropy": 9.934832572937012,
          "acoustic_entropy_side": 10.16009521484375,
          "hz": 1409.4668930556702
        },
        {
          "acoustic_entropy": 10.041092872619629,
          "acoustic_entropy_side": 10.002446174621582,
          "hz": 1596.2787759475705
        },
        {
          "acoustic_entropy": 10.028282165527344,
          "acoustic_entropy_side": 10.179348945617676,
          "hz": 1799.6344973346393
        },
        {
          "acoustic_entropy": 9.75934886932373,
          "acoustic_entropy_side": 10.283682823181152,
          "hz": 2020.9991599069049
        },
        {
          "acoustic_entropy": 10.776741981506348,
          "acoustic_entropy_side": 10.23874568939209,
          "hz": 2261.9676141086993
        },
        {
          "acoustic_entropy": 10.042925834655762,
          "acoustic_entropy_side": 10.128046035766602,
          "hz": 2524.2759484456974
        },
        {
          "acoustic_entropy": 10.364152908325195,
          "acoustic_entropy_side": 10.19467830657959,
          "hz": 2809.813997359896
        },
        {
          "acoustic_entropy": 9.33574104309082,
          "acoustic_entropy_side": 10.085659980773926,
          "hz": 3120.6389567871424
        },
        {
          "acoustic_entropy": 10.251811027526855,
          "acoustic_entropy_side": 10.170469284057617,
          "hz": 3458.990205492291
        },
        {
          "acoustic_entropy": 10.070233345031738,
          "acoustic_entropy_side": 10.154169082641602,
          "hz": 3827.305438964164
        },
        {
          "acoustic_entropy": 10.141226768493652,
          "acoustic_entropy_side": 10.128060340881348,
          "hz": 4228.238232109126
        },
        {
          "acoustic_entropy": 9.887772560119629,
          "acoustic_entropy_side": 10.097843170166016,
          "hz": 4664.6771572759235
        },
        {
          "acoustic_entropy": 10.204412460327148,
          "acoustic_entropy_side": 10.142728805541992,
          "hz": 5139.766595350093
        },
        {
          "acoustic_entropy": 10.1031494140625,
          "acoustic_entropy_side": 10.175796508789062,
          "hz": 5656.929389854203
        },
        {
          "acoustic_entropy": 10.121073722839355,
          "acoustic_entropy_side": 10.13200855255127,
          "hz": 6219.891507268283
        },
        {
          "acoustic_entropy": 10.064567565917969,
          "acoustic_entropy_side": 10.137969970703125,
          "hz": 6832.70888123896
        },
        {
          "acoustic_entropy": 10.046808242797852,
          "acoustic_entropy_side": 10.141855239868164,
          "hz": 7499.796634079867
        },
        {
          "acoustic_entropy": 10.183629989624023,
          "acoustic_entropy_side": 10.145758628845215,
          "hz": 8225.96088609342
        },
        {
          "acoustic_entropy": 10.63123893737793,
          "acoustic_entropy_side": 10.243651390075684,
          "hz": 9016.43338188839
        },
        {
          "acoustic_entropy": 10.450288772583008,
          "acoustic_entropy_side": 10.321432113647461,
          "hz": 9876.909183162974
        },
        {
          "acoustic_entropy": 10.576553344726562,
          "acoustic_entropy_side": 10.248425483703613,
          "hz": 10813.587699516042
        },
        {
          "acoustic_entropy": 10.159340858459473,
          "acoustic_entropy_side": 10.152091026306152,
          "hz": 11833.21735289826
        },
        {
          "acoustic_entropy": 10.17209243774414,
          "acoustic_entropy_side": 10.151408195495605,
          "hz": 12943.144197493959
        },
        {
          "acoustic_entropy": 10.173090934753418,
          "acoustic_entropy_side": 10.149836540222168,
          "hz": 14151.364845322005
        },
        {
          "acoustic_entropy": 10.160467147827148,
          "acoustic_entropy_side": 10.148481369018555,
          "hz": 15466.58407886509
        },
        {
          "acoustic_entropy": 10.163697242736816,
          "acoustic_entropy_side": 10.149919509887695,
          "hz": 16898.27756580493
        },
        {
          "acoustic_entropy": 10.155926704406738,
          "acoustic_entropy_side": 10.148994445800781,
          "hz": 18456.760127700032
        },
        {
          "acoustic_entropy": 10.149493217468262,
          "acoustic_entropy_side": 10.148000717163086,
          "hz": 20153.260054456492
        },
        {
          "acoustic_entropy": 10.148077011108398,
          "acoustic_entropy_side": 10.147848129272461,
          "hz": 22000.00000000001
        }
      ],
      "diff_acoustic_entropy": 8.076041221618652,
      "sn": 12
    },
    {
      "acoustic_entropy": 14.781460762023926,
      "acoustic_entropy_mono": 14.27103042602539,
      "band_eliminated_acoustic_entropies": [
        {
          "acoustic_entropy": 14.786499977111816,
          "acoustic_entropy_side": 14.765366554260254,
          "hz": 129.47220167065723
        },
        {
          "acoustic_entropy": 15.533945083618164,
          "acoustic_entropy_side": 14.570777893066406,
          "hz": 202.92927478742237
        },
        {
          "acoustic_entropy": 15.309042930603027,
          "acoustic_entropy_side": 14.8971586227417,
          "hz": 282.89161906338205
        },
        {
          "acoustic_entropy": 15.307705879211426,
          "acoustic_entropy_side": 15.01043701171875,
          "hz": 369.9353335868758
        },
        {
          "acoustic_entropy": 15.575885772705078,
          "acoustic_entropy_side": 15.199528694152832,
          "hz": 464.6875360973435
        },
        {
          "acoustic_entropy": 15.024261474609375,
          "acoustic_entropy_side": 14.975502014160156,
          "hz": 567.8308811364784
        },
        {
          "acoustic_entropy": 14.818873405456543,
          "acoustic_entropy_side": 14.648595809936523,
          "hz": 680.1084783214808
        },
        {
          "acoustic_entropy": 15.210793495178223,
          "acoustic_entropy_side": 15.651307106018066,
          "hz": 802.3292461747484
        },
        {
          "acoustic_entropy": 15.646269798278809,
          "acoustic_entropy_side": 14.703325271606445,
          "hz": 935.3737400823702
        },
        {
          "acoustic_entropy": 15.878093719482422,
          "acoustic_entropy_side": 15.121241569519043,
          "hz": 1080.2004963696966
        },
        {
          "acoustic_entropy": 14.0806303024292,
          "acoustic_entropy_side": 15.067084312438965,
          "hz": 1237.8529382007157
        },
        {
          "acoustic_entropy": 14.286565780639648,
          "acoustic_entropy_side": 14.423221588134766,
          "hz": 1409.4668930556702
        },
        {
          "acoustic_entropy": 15.253408432006836,
          "acoustic_entropy_side": 15.013834953308105,
          "hz": 1596.2787759475705
        },
        {
          "acoustic_entropy": 14.779645919799805,
          "acoustic_entropy_side": 14.613903999328613,
          "hz": 1799.6344973346393
        },
        {
          "acoustic_entropy": 15.828695297241211,
          "acoustic_entropy_side": 14.913670539855957,
          "hz": 2020.9991599069049
        },
        {
          "acoustic_entropy": 14.785964965820312,
          "acoustic_entropy_side": 14.759085655212402,
          "hz": 2261.9676141086993
        },
        {
          "acoustic_entropy": 14.773666381835938,
          "acoustic_entropy_side": 14.622540473937988,
          "hz": 2524.2759484456974
        },
        {
          "acoustic_entropy": 15.721747398376465,
          "acoustic_entropy_side": 14.913991928100586,
          "hz": 2809.813997359896
        },
        {
          "acoustic_entropy": 15.3282470703125,
