{
  "acoustic_entropy": 78.07292175292969,
  "bands": [
    {
      "high_freq": 148.1999969482422,
      "loudness": -54.46195602416992,
      "loudness_range": 36.789894104003906,
      "mid_mean": -53.151695251464844,
      "mid_to_side_loudness": -11.65622615814209,
      "mid_to_side_loudness_range": 24.20067024230957,
      "side_mean": -63.61671447753906
    },
    {
      "high_freq": 392.3793640136719,
      "loudness": -56.094024658203125,
      "loudness_range": 18.847156524658203,
      "low_freq": 148.1999969482422,
      "mid_mean": -54.269290924072266,
      "mid_to_side_loudness": -3.742478132247925,
      "mid_to_side_loudness_range": 11.177163124084473,
      "side_mean": -57.85620880126953
    },
    {
      "high_freq": 794.6976318359375,
      "loudness": -56.85137939453125,
      "loudness_range": 19.937870025634766,
      "low_freq": 392.3793640136719,
      "mid_mean": -56.813289642333984,
      "mid_to_side_loudness": -1.5073647499084473,
      "mid_to_side_loudness_range": 4.681370258331299,
      "side_mean": -58.125770568847656
    },
    {
      "high_freq": 1457.5709228515625,
      "loudness": -56.1839714050293,
      "loudness_range": 18.742481231689453,
      "low_freq": 794.6976318359375,
      "mid_mean": -54.62037658691406,
      "mid_to_side_loudness": -2.975684404373169,
      "mid_to_side_loudness_range": 4.703049182891846,
      "side_mean": -57.34459686279297
    },
    {
      "high_freq": 2549.74365234375,
      "loudness": -47.300235748291016,
      "loudness_range": 17.800914764404297,
      "low_freq": 1457.5709228515625,
      "mid_mean": -45.86737823486328,
      "mid_to_side_loudness": -2.7311019897460938,
      "mid_to_side_loudness_range": 4.418140888214111,
      "side_mean": -49.286529541015625
    },
    {
      "high_freq": 4349.24462890625,
      "loudness": -37.929195404052734,
      "loudness_range": 20.547975540161133,
      "low_freq": 2549.74365234375,
      "mid_mean": -36.55573654174805,
      "mid_to_side_loudness": -1.867292881011963,
      "mid_to_side_loudness_range": 4.462442398071289,
      "side_mean": -38.690338134765625
    },
    {
      "high_freq": 7314.1640625,
      "loudness": -39.331153869628906,
      "loudness_range": 22.116151809692383,
      "low_freq": 4349.24462890625,
      "mid_mean": -37.56074905395508,
      "mid_to_side_loudness": -2.640672206878662,
      "mid_to_side_loudness_range": 2.8468017578125,
      "side_mean": -40.4708251953125
    },
    {
      "high_freq": 12199.2666015625,
      "loudness": -39.92476272583008,
      "loudness_range": 20.92900276184082,
      "low_freq": 7314.1640625,
      "mid_mean": -38.57867431640625,
      "mid_to_side_loudness": -2.2399380207061768,
      "mid_to_side_loudness_range": 3.48584246635437,
      "side_mean": -41.35757064819336
    },
    {
      "loudness": -47.93157196044922,
      "loudness_range": 34.88936996459961,
      "low_freq": 12199.2666015625,
      "mid_mean": -50.769500732421875,
      "mid_to_side_loudness": -1.9877654314041138,
      "mid_to_side_loudness_range": 3.896836280822754,
      "side_mean": -52.60112380981445
    }
  ],
  "bands_short": [
    {
      "high_freq": 148.1999969482422,
      "loudness": -63.946128845214844,
      "loudness_range": 34.62259292602539,
      "mid_mean": -60.16114807128906,
      "mid_to_side_loudness": -6.896170139312744,
      "mid_to_side_loudness_range": 14.197137832641602,
      "side_mean": -65.94989013671875
    },
    {
      "high_freq": 392.3793640136719,
      "loudness": -56.82264709472656,
      "loudness_range": 23.230186462402344,
      "low_freq": 148.1999969482422,
      "mid_mean": -54.975616455078125,
      "mid_to_side_loudness": -3.7142624855041504,
      "mid_to_side_loudness_range": 10.4564208984375,
      "side_mean": -58.61570739746094
    },
    {
      "high_freq": 794.6976318359375,
      "loudness": -58.25150680541992,
      "loudness_range": 20.369117736816406,
      "low_freq": 392.3793640136719,
      "mid_mean": -58.007469177246094,
      "mid_to_side_loudness": -1.3440654277801514,
      "mid_to_side_loudness_range": 6.617448806762695,
      "side_mean": -59.20026779174805
    },
    {
      "high_freq": 1457.5709228515625,
      "loudness": -57.77220153808594,
      "loudness_range": 20.695388793945312,
      "low_freq": 794.6976318359375,
      "mid_mean": -55.97505569458008,
      "mid_to_side_loudness": -2.835946559906006,
      "mid_to_side_loudness_range": 4.510340690612793,
      "side_mean": -58.659828186035156
    },
    {
      "high_freq": 2549.74365234375,
      "loudness": -49.339656829833984,
      "loudness_range": 19.680858612060547,
      "low_freq": 1457.5709228515625,
      "mid_mean": -48.66514205932617,
      "mid_to_side_loudness": -1.6468697786331177,
      "mid_to_side_loudness_range": 6.073799133300781,
      "side_mean": -51.23762130737305
    },
    {
      "high_freq": 4349.24462890625,
      "loudness": -38.402801513671875,
      "loudness_range": 21.465408325195312,
      "low_freq": 2549.74365234375,
      "mid_mean": -37.018943786621094,
      "mid_to_side_loudness": -1.5139521360397339,
      "mid_to_side_loudness_range": 3.8600358963012695,
      "side_mean": -39.1284294128418
    },
    {
      "high_freq": 7314.1640625,
      "loudness": -40.636287689208984,
      "loudness_range": 24.17771339416504,
      "low_freq": 4349.24462890625,
      "mid_mean": -38.91844177246094,
      "mid_to_side_loudness": -2.3654842376708984,
      "mid_to_side_loudness_range": 2.839733123779297,
      "side_mean": -41.79001235961914
    },
    {
      "high_freq": 12199.2666015625,
      "loudness": -41.988426208496094,
      "loudness_range": 24.217458724975586,
      "low_freq": 7314.1640625,
      "mid_mean": -40.788150787353516,
      "mid_to_side_loudness": -2.2913506031036377,
      "mid_to_side_loudness_range": 3.6227173805236816,
      "side_mean": -43.57857131958008
    },
    {
      "loudness": -55.14259719848633,
      "loudness_range": 40.76747131347656,
      "low_freq": 12199.2666015625,
      "mid_mean": -55.35055923461914,
      "mid_to_side_loudness": -1.9301701784133911,
      "mid_to_side_loudness_range": 4.410183906555176,
      "side_mean": -57.20729064941406
    }
  ],
  "bandwidth": 1829.5247802734375,
  "channels": 2,
  "covariance": [
    [
      198.978271484375,
      67.1349868774414,
      94.48974609375,
      40.16590881347656,
      36.681663513183594,
      29.049894332885742,
      45.78691864013672,
      26.848331451416016,
      27.910425186157227,
      26.40452766418457,
      11.712874412536621,
      8.324313163757324,
      4.3594512939453125,
      0.40269309282302856,
      1.6331065893173218,
      1.4788907766342163,
      33.71258544921875,
      30.068496704101562
    ],
    [
      67.1349868774414,
      27.062891006469727,
      33.18332290649414,
      15.536149024963379,
      13.934321403503418,
      11.5040922164917,
      16.377151489257812,
      10.523941993713379,
      10.560413360595703,
      10.719060897827148,
      5.18146276473999,
      4.532597541809082,
      2.8755156993865967,
      2.137576103210449,
      2.3616366386413574,
      2.637185573577881,
      13.775713920593262,
      12.962482452392578
    ],
    [
      94.48974609375,
      33.18332290649414,
      54.64929962158203,
      28.204496383666992,
      32.50945281982422,
      27.2003173828125,
      35.98948287963867,
      24.940523147583008,
      22.959497451782227,
      24.755718231201172,
      14.483031272888184,
      11.823914527893066,
      11.64676284790039,
      9.01134967803955,
      12.101676940917969,
      11.399168014526367,
      42.33591079711914,
      38.087913513183594
    ],
    [
      40.16590881347656,
      15.536149024963379,
      28.204496383666992,
      19.054319381713867,
      19.199155807495117,
      17.916566848754883,
      20.371191024780273,
      16.16191291809082,
      12.79290771484375,
      16.951065063476562,
      7.496083736419678,
      7.7397050857543945,
      6.19059944152832,
      6.5366010665893555,
      9.607087135314941,
      10.65930461883545,
      31.755159378051758,
      30.069080352783203
    ],
    [
      36.681663513183594,
      13.934321403503418,
      32.50945281982422,
      19.199155807495117,
      57.559810638427734,
      45.52971649169922,
      53.797889709472656,
      42.723838806152344,
      45.47494888305664,
      42.077816009521484,
      46.54039764404297,
      35.236900329589844,
      43.443824768066406,
      34.00604248046875,
      37.30240249633789,
      28.499000549316406,
      80.38890838623047,
      66.6200942993164
    ],
    [
      29.049894332885742,
      11.5040922164917,
      27.2003173828125,
      17.916566848754883,
      45.52971649169922,
      37.910709381103516,
      42.549686431884766,
      34.90912628173828,
      35.684505462646484,
      35.1674690246582,
      35.9934196472168,
      28.75835418701172,
      34.40630340576172,
      28.841983795166016,
      32.65437698364258,
      27.440881729125977,
      69.68964385986328,
      60.24190902709961
    ],
    [
      45.78691864013672,
      16.377151489257812,
      35.98948287963867,
      20.371191024780273,
      53.797889709472656,
      42.549686431884766,
      52.4748420715332,
      40.80898666381836,
      42.24997329711914,
      39.78975296020508,
      41.228275299072266,
      31.2277774810791,
      38.43552780151367,
      29.99554443359375,
      32.159053802490234,
      24.572153091430664,
      74.73930358886719,
      62.43790054321289
    ],
    [
      26.848331451416016,
      10.523941993713379,
      24.940523147583008,
      16.16191291809082,
      42.723838806152344,
      34.90912628173828,
      40.80898666381836,
      33.51262283325195,
      33.80618667602539,
      33.35234451293945,
      33.43868637084961,
      26.524614334106445,
      31.253929138183594,
      25.681617736816406,
      27.18890380859375,
      21.963258743286133,
      62.69605255126953,
      53.627437591552734
    ],
    [
      27.910425186157227,
      10.560413360595703,
      22.959497451782227,
      12.79290771484375,
      45.47494888305664,
      35.684505462646484,
      42.24997329711914,
      33.80618667602539,
      46.01142501831055,
      36.845096588134766,
      41.38199996948242,
      33.22526168823242,
      34.95124816894531,
      27.882047653198242,
      27.12200164794922,
      20.91783332824707,
      60.95873260498047,
      50.50375747680664
    ],
    [
      26.40452766418457,
      10.719060897827148,
      24.755718231201172,
      16.951065063476562,
      42.077816009521484,
      35.1674690246582,
      39.78975296020508,
      33.35234451293945,
      36.845096588134766,
      41.38198471069336,
      32.644447326660156,
      27.705333709716797,
      27.761768341064453,
      23.766523361206055,
      22.88113021850586,
      19.33688735961914,
      59.304718017578125,
      51.505374908447266
    ],
    [
      11.712874412536621,
      5.18146276473999,
      14.483031272888184,
      7.496083736419678,
      46.54039764404297,
      35.9934196472168,
      41.228275299072266,
      33.43868637084961,
      41.38199996948242,
      32.644447326660156,
      51.38956069946289,
      40.20471954345703,
      44.854862213134766,
      36.83967208862305,
      37.861263275146484,
      30.429901123046875,
      67.35720825195312,
      55.6955451965332
    ],
    [
      8.324313163757324,
      4.532597541809082,
      11.823914527893066,
      7.7397050857543945,
      35.236900329589844,
      28.75835418701172,
      31.2277774810791,
      26.524614334106445,
      33.22526168823242,
      27.705333709716797,
      40.20471954345703,
      34.85331344604492,
      34.15669631958008,
      29.965970993041992,
      29.612417221069336,
      25.968936920166016,
      54.240196228027344,
      47.23200607299805
    ],
    [
      4.3594512939453125,
      2.8755156993865967,
      11.64676284790039,
      6.19059944152832,
      43.443824768066406,
      34.40630340576172,
      38.43552780151367,
      31.253929138183594,
      34.95124816894531,
      27.761768341064453,
      44.854862213134766,
      34.15669631958008,
      52.64637756347656,
      45.49070358276367,
      51.16304016113281,
      44.60810852050781,
      81.30961608886719,
      70.5885238647461
    ],
    [
      0.40269309282302856,
      2.137576103210449,
      9.01134967803955,
      6.5366010665893555,
      34.00604248046875,
      28.841983795166016,
      29.99554443359375,
      25.681617736816406,
      27.882047653198242,
      23.766523361206055,
      36.83967208862305,
      29.965970993041992,
      45.49070358276367,
      42.02961349487305,
      47.469947814941406,
      44.2874641418457,
      74.89820861816406,
      68.38146209716797
    ],
    [
      1.6331065893173218,
      2.3616366386413574,
      12.101676940917969,
      9.607087135314941,
      37.30240249633789,
      32.65437698364258,
      32.159053802490234,
      27.18890380859375,
      27.12200164794922,
      22.88113021850586,
      37.861263275146484,
      29.612417221069336,
      51.16304016113281,
      47.469947814941406,
      64.85469818115234,
      59.47154998779297,
      98.5250015258789,
      90.1142349243164
    ],
    [
      1.4788907766342163,
      2.637185573577881,
      11.399168014526367,
      10.65930461883545,
      28.499000549316406,
      27.440881729125977,
      24.572153091430664,
      21.963258743286133,
      20.91783332824707,
      19.33688735961914,
      30.429901123046875,
      25.968936920166016,
      44.60810852050781,
      44.2874641418457,
      59.47154998779297,
      59.127220153808594,
      90.3649673461914,
      86.2935791015625
    ],
    [
      33.71258544921875,
      13.775713920593262,
      42.33591079711914,
      31.755159378051758,
      80.38890838623047,
      69.68964385986328,
      74.73930358886719,
      62.69605255126953,
      60.95873260498047,
      59.304718017578125,
      67.35720825195312,
      54.240196228027344,
      81.30961608886719,
      74.89820861816406,
      98.5250015258789,
      90.3649673461914,
      198.46438598632812,
      181.701171875
    ],
    [
      30.068496704101562,
      12.962482452392578,
      38.087913513183594,
      30.069080352783203,
      66.6200942993164,
      60.24190902709961,
      62.43790054321289,
      53.627437591552734,
      50.50375747680664,
      51.505374908447266,
      55.6955451965332,
      47.23200607299805,
      70.5885238647461,
      68.38146209716797,
      90.1142349243164,
      86.2935791015625,
      181.701171875,
      170.39720153808594
    ]
  ],
  "covariance_short": [
    [
      106.77302551269531,
      34.301177978515625,
      76.64952087402344,
      35.346431732177734,
      28.595945358276367,
      20.402578353881836,
      30.549867630004883,
      19.563201904296875,
      25.74871826171875,
      20.212947845458984,
      11.249528884887695,
      7.022762298583984,
      10.44771671295166,
      6.335113048553467,
      12.62415599822998,
      10.467005729675293,
      29.852909088134766,
      23.99637794494629
    ],
    [
      34.301177978515625,
      17.092470169067383,
      26.53462028503418,
      14.980195045471191,
      10.903416633605957,
      9.399900436401367,
      10.130876541137695,
      8.230363845825195,
      9.100409507751465,
      9.35862922668457,
      4.976220607757568,
      4.315371990203857,
      5.018799781799316,
      4.6172637939453125,
      8.2980375289917,
      7.782285690307617,
      15.098775863647461,
      13.44553279876709
    ],
    [
      76.64952087402344,
      26.53462028503418,
      68.55919647216797,
      37.36678695678711,
      33.8974723815918,
      26.836429595947266,
      35.11908721923828,
      25.648029327392578,
      31.31627655029297,
      30.164539337158203,
      15.632542610168457,
      12.55650520324707,
      15.974964141845703,
      12.694636344909668,
      19.752485275268555,
      17.698442459106445,
      43.40397644042969,
      36.90460205078125
    ],
    [
      35.346431732177734,
      14.980195045471191,
      37.36678695678711,
      27.597667694091797,
      20.559532165527344,
      18.814178466796875,
      20.505338668823242,
      17.468585968017578,
      18.787181854248047,
      21.824291229248047,
      9.1177396774292,
      9.193284034729004,
      10.206842422485352,
      10.115524291992188,
      16.173439025878906,
      16.17793846130371,
      31.765018463134766,
      28.997045516967773
    ],
    [
      28.595945358276367,
      10.903416633605957,
      33.8974723815918,
      20.559532165527344,
      55.32400131225586,
      43.26551818847656,
      51.07484817504883,
      40.90691375732422,
      53.50871276855469,
      46.267822265625,
      44.90380859375,
      34.85586166381836,
      46.6630973815918,
      37.778507232666016,
      46.29793167114258,
      37.608699798583984,
      82.52482604980469,
      67.83208465576172
    ],
    [
      20.402578353881836,
      9.399900436401367,
      26.836429595947266,
      18.814178466796875,
      43.26551818847656,
      38.982242584228516,
      40.14381408691406,
      34.849578857421875,
      43.06620788574219,
      40.314552307128906,
      35.71395492553711,
      30.066835403442383,
      37.97736358642578,
      33.21276092529297,
      40.82675552368164,
      36.048500061035156,
      70.08889770507812,
      61.16692352294922
    ],
    [
      30.549867630004883,
      10.130876541137695,
      35.11908721923828,
      20.505338668823242,
      51.07484817504883,
      40.14381408691406,
      51.973915100097656,
      40.467411041259766,
      51.40463638305664,
      45.760467529296875,
      41.3227653503418,
      31.925012588500977,
      43.75862121582031,
      35.37069320678711,
      42.19963836669922,
      34.45481491088867,
      79.18693542480469,
      65.372314453125
    ],
    [
      19.563201904296875,
      8.230363845825195,
      25.648029327392578,
      17.468585968017578,
      40.90691375732422,
      34.849578857421875,
      40.467411041259766,
      35.34510803222656,
      41.98557662963867,
      39.573402404785156,
      34.57997131347656,
      28.701148986816406,
      36.4904899597168,
      31.560766220092773,
      36.288028717041016,
      31.42316436767578,
      66.94886779785156,
      58.13732147216797
    ],
    [
      25.74871826171875,
      9.100409507751465,
      31.31627655029297,
      18.787181854248047,
      53.50871276855469,
      43.06620788574219,
      51.40463638305664,
      41.98557662963867,
      62.32432556152344,
      49.14780044555664,
      46.07786560058594,
      37.488380432128906,
      45.506629943847656,
      37.759952545166016,
      43.15359878540039,
      35.79094696044922,
      81.64923858642578,
      68.1380615234375
    ],
    [
      20.212947845458984,
      9.35862922668457,
      30.164539337158203,
      21.824291229248047,
      46.267822265625,
      40.314552307128906,
      45.760467529296875,
      39.573402404785156,
      49.14780044555664,
      52.83563232421875,
      35.30393600463867,
      31.405336380004883,
      34.68142318725586,
      31.015321731567383,
      33.89927291870117,
      30.147306442260742,
      71.39217376708984,
      62.63920974731445
    ],
    [
      11.249528884887695,
      4.976220607757568,
      15.632542610168457,
      9.1177396774292,
      44.90380859375,
      35.71395492553711,
      41.3227653503418,
      34.57997131347656,
      46.07786560058594,
      35.30393600463867,
      51.49293518066406,
      40.68885040283203,
      48.57527542114258,
      41.098358154296875,
      46.7321662902832,
      39.16336441040039,
      76.5356674194336,
      64.23429870605469
    ],
    [
      7.022762298583984,
      4.315371990203857,
      12.55650520324707,
      9.193284034729004,
      34.85586166381836,
      30.066835403442383,
      31.925012588500977,
      28.701148986816406,
      37.488380432128906,
      31.405336380004883,
      40.68885040283203,
      38.24337387084961,
      37.8266487121582,
      34.83137130737305,
      37.344207763671875,
      34.21574401855469,
      62.24222183227539,
      55.89778137207031
    ],
    [
      10.44771671295166,
      5.018799781799316,
      15.974964141845703,
      10.206842422485352,
      46.6630973815918,
      37.97736358642578,
      43.75862121582031,
      36.4904899597168,
      45.506629943847656,
      34.68142318725586,
      48.57527542114258,
      37.8266487121582,
      62.258811950683594,
      54.18252182006836,
      65.58573150634766,
      58.378684997558594,
      96.28031921386719,
      83.5594711303711
    ],
    [
      6.335113048553467,
      4.6172637939453125,
      12.694636344909668,
      10.115524291992188,
      37.778507232666016,
      33.21276092529297,
      35.37069320678711,
      31.560766220092773,
      37.759952545166016,
      31.015321731567383,
      41.098358154296875,
      34.83137130737305,
      54.18252182006836,
      51.7558479309082,
      59.941864013671875,
      56.75524139404297,
      86.57569885253906,
      79.37998962402344
    ],
    [
      12.62415599822998,
      8.2980375289917,
      19.752485275268555,
      16.173439025878906,
      46.29793167114258,
      40.82675552368164,
      42.19963836669922,
      36.288028717041016,
      43.15359878540039,
      33.89927291870117,
      46.7321662902832,
      37.344207763671875,
      65.58573150634766,
      59.941864013671875,
      85.60366821289062,
      79.1953125,
      114.23690795898438,
      101.95852661132812
    ],
    [
      10.467005729675293,
      7.782285690307617,
      17.698442459106445,
      16.17793846130371,
      37.608699798583984,
      36.048500061035156,
      34.45481491088867,
      31.42316436767578,
      35.79094696044922,
      30.147306442260742,
      39.16336441040039,
      34.21574401855469,
      58.378684997558594,
      56.75524139404297,
      79.1953125,
      77.65462493896484,
      103.64500427246094,
      97.0479507446289
    ],
    [
      29.852909088134766,
      15.098775863647461,
      43.40397644042969,
      31.765018463134766,
      82.52482604980469,
      70.08889770507812,
      79.18693542480469,
      66.94886779785156,
      81.64923858642578,
      71.39217376708984,
      76.5356674194336,
      62.24222183227539,
      96.28031921386719,
      86.57569885253906,
      114.23690795898438,
      103.64500427246094,
      185.89208984375,
      164.56350708007812
    ],
    [
      23.99637794494629,
      13.44553279876709,
      36.90460205078125,
      28.997045516967773,
      67.83208465576172,
      61.16692352294922,
      65.372314453125,
      58.13732147216797,
      68.1380615234375,
      62.63920974731445,
      64.23429870605469,
      55.89778137207031,
      83.5594711303711,
      79.37998962402344,
      101.95852661132812,
      97.0479507446289,
      164.56350708007812,
      152.0243377685547
    ]
  ],
  "damage": -19.053787231445312,
  "diff_bandwidth": 1686.766845703125,
  "dissonance": 14.842026805622801,
  "drr": 6.864187717437744,
  "dynamics": 6.334486484527588,
  "format": 1245190,
  "frames": 1503168,
  "loudness": -28.33660316467285,
  "loudness_range": 19.97502899169922,
  "loudness_range_short": 22.199556350708008,
  "lowpass_true_peak_15khz": -3.447148084640503,
  "mastering3_acoustic_entropies": [
    {
      "acoustic_entropy": 6.204491138458252,
      "acoustic_entropy_mono": 5.746481418609619,
      "band_eliminated_acoustic_entropies": [
        {
          "acoustic_entropy": 5.975132465362549,
          "acoustic_entropy_side": 6.204491138458252,
          "hz": 129.47220167065723
        },
        {
          "acoustic_entropy": 5.358250617980957,
          "acoustic_entropy_side": 6.204505920410156,
          "hz": 202.92927478742237
        },
        {
          "acoustic_entropy": 6.197337627410889,
          "acoustic_entropy_side": 6.204522132873535,
          "hz": 282.89161906338205
        },
        {
          "acoustic_entropy": 6.205017566680908,
          "acoustic_entropy_side": 6.204497814178467,
          "hz": 369.9353335868758
        },
        {
          "acoustic_entropy": 6.204504013061523,
          "acoustic_entropy_side": 6.204524993896484,
          "hz": 464.6875360973435
        },
        {
          "acoustic_entropy": 6.204631328582764,
          "acoustic_entropy_side": 6.205065727233887,
          "hz": 567.8308811364784
        },
        {
          "acoustic_entropy": 6.176724910736084,
          "acoustic_entropy_side": 6.206945419311523,
          "hz": 680.1084783214808
        },
        {
          "acoustic_entropy": 6.188076496124268,
          "acoustic_entropy_side": 6.207584857940674,
          "hz": 802.3292461747484
        },
        {
          "acoustic_entropy": 6.194915294647217,
          "acoustic_entropy_side": 6.20674991607666,
          "hz": 935.3737400823702
        },
        {
          "acoustic_entropy": 6.195919513702393,
          "acoustic_entropy_side": 6.206941604614258,
          "hz": 1080.2004963696966
        },
        {
          "acoustic_entropy": 6.198409080505371,
          "acoustic_entropy_side": 6.2066755294799805,
          "hz": 1237.8529382007157
        },
        {
          "acoustic_entropy": 6.204304218292236,
          "acoustic_entropy_side": 6.206289291381836,
          "hz": 1409.4668930556702
        },
        {
          "acoustic_entropy": 6.205058574676514,
          "acoustic_entropy_side": 6.206322193145752,
          "hz": 1596.2787759475705
        },
        {
          "acoustic_entropy": 6.21428918838501,
          "acoustic_entropy_side": 6.20885705947876,
          "hz": 1799.6344973346393
        },
        {
          "acoustic_entropy": 6.215536594390869,
          "acoustic_entropy_side": 6.207275867462158,
          "hz": 2020.9991599069049
        },
        {
          "acoustic_entropy": 6.2107625007629395,
          "acoustic_entropy_side": 6.203797340393066,
          "hz": 2261.9676141086993
        },
        {
          "acoustic_entropy": 6.216319561004639,
          "acoustic_entropy_side": 6.2000908851623535,
          "hz": 2524.2759484456974
        },
        {
          "acoustic_entropy": 6.225239276885986,
          "acoustic_entropy_side": 6.209728240966797,
          "hz": 2809.813997359896
        },
        {
          "acoustic_entropy": 6.222489356994629,
          "acoustic_entropy_side": 6.200880527496338,
          "hz": 3120.6389567871424
        },
        {
          "acoustic_entropy": 6.209803104400635,
          "acoustic_entropy_side": 6.209471225738525,
          "hz": 3458.990205492291
        },
        {
          "acoustic_entropy": 5.9798479080200195,
          "acoustic_entropy_side": 6.178018093109131,
          "hz": 3827.305438964164
        },
        {
          "acoustic_entropy": 6.188270568847656,
          "acoustic_entropy_side": 6.198428153991699,
          "hz": 4228.238232109126
        },
        {
          "acoustic_entropy": 6.143493175506592,
          "acoustic_entropy_side": 6.195512294769287,
          "hz": 4664.6771572759235
        },
        {
          "acoustic_entropy": 6.149681568145752,
          "acoustic_entropy_side": 6.192208766937256,
          "hz": 5139.766595350093
        },
        {
          "acoustic_entropy": 6.203774929046631,
          "acoustic_entropy_side": 6.206359386444092,
          "hz": 5656.929389854203
        },
        {
          "acoustic_entropy": 6.198718070983887,
          "acoustic_entropy_side": 6.19825553894043,
          "hz": 6219.891507268283
        },
        {
          "acoustic_entropy": 6.186066627502441,
          "acoustic_entropy_side": 6.199826717376709,
          "hz": 6832.70888123896
        },
        {
          "acoustic_entropy": 6.135595321655273,
          "acoustic_entropy_side": 6.172316074371338,
          "hz": 7499.796634079867
        },
        {
          "acoustic_entropy": 6.147168159484863,
          "acoustic_entropy_side": 6.1821465492248535,
          "hz": 8225.96088609342
        },
        {
          "acoustic_entropy": 6.113057613372803,
          "acoustic_entropy_side": 6.166773319244385,
          "hz": 9016.43338188839
        },
        {
          "acoustic_entropy": 6.060511589050293,
          "acoustic_entropy_side": 6.163724422454834,
          "hz": 9876.909183162974
        },
        {
          "acoustic_entropy": 6.082521438598633,
          "acoustic_entropy_side": 6.151535987854004,
          "hz": 10813.587699516042
        },
        {
          "acoustic_entropy": 6.134170055389404,
          "acoustic_entropy_side": 6.179202079772949,
          "hz": 11833.21735289826
        },
        {
          "acoustic_entropy": 6.114116191864014,
          "acoustic_entropy_side": 6.1724853515625,
          "hz": 12943.144197493959
        },
        {
          "acoustic_entropy": 6.199043273925781,
          "acoustic_entropy_side": 6.191028118133545,
          "hz": 14151.364845322005
        },
        {
          "acoustic_entropy": 6.201224327087402,
          "acoustic_entropy_side": 6.192654609680176,
          "hz": 15466.58407886509
        },
        {
          "acoustic_entropy": 6.205039024353027,
          "acoustic_entropy_side": 6.205061912536621,
          "hz": 16898.27756580493
        },
        {
          "acoustic_entropy": 6.176451206207275,
          "acoustic_entropy_side": 6.205920219421387,
          "hz": 18456.760127700032
        },
        {
          "acoustic_entropy": 6.023240089416504,
          "acoustic_entropy_side": 6.191908836364746,
          "hz": 20153.260054456492
        },
        {
          "acoustic_entropy": 6.202207088470459,
          "acoustic_entropy_side": 6.193477630615234,
          "hz": 22000.00000000001
        }
      ],
      "diff_acoustic_entropy": 6.815091609954834,
      "sn": 6
    },
    {
      "acoustic_entropy": 8.782326698303223,
      "acoustic_entropy_mono": 8.12337589263916,
      "band_eliminated_acoustic_entropies": [
        {
          "acoustic_entropy": 9.279533386230469,
          "acoustic_entropy_side": 8.782323837280273,
          "hz": 129.47220167065723
        },
        {
          "acoustic_entropy": 8.668264389038086,
          "acoustic_entropy_side": 8.782090187072754,
          "hz": 202.92927478742237
        },
        {
          "acoustic_entropy": 8.7621431350708,
          "acoustic_entropy_side": 8.782088279724121,
          "hz": 282.89161906338205
        },
        {
          "acoustic_entropy": 8.781266212463379,
          "acoustic_entropy_side": 8.782257080078125,
          "hz": 369.9353335868758
        },
        {
          "acoustic_entropy": 8.786293983459473,
          "acoustic_entropy_side": 8.782849311828613,
          "hz": 464.6875360973435
        },
        {
          "acoustic_entropy": 8.795886993408203,
          "acoustic_entropy_side": 8.785675048828125,
          "hz": 567.8308811364784
        },
        {
          "acoustic_entropy": 8.81948184967041,
          "acoustic_entropy_side": 8.791230201721191,
          "hz": 680.1084783214808
        },
        {
          "acoustic_entropy": 8.818586349487305,
          "acoustic_entropy_side": 8.792664527893066,
          "hz": 802.3292461747484
        },
        {
          "acoustic_entropy": 8.812597274780273,
          "acoustic_entropy_side": 8.790589332580566,
          "hz": 935.3737400823702
        },
        {
          "acoustic_entropy": 8.813870429992676,
          "acoustic_entropy_side": 8.790750503540039,
          "hz": 1080.2004963696966
        },
        {
          "acoustic_entropy": 8.814873695373535,
          "acoustic_entropy_side": 8.790042877197266,
          "hz": 1237.8529382007157
        },
        {
          "acoustic_entropy": 8.805313110351562,
          "acoustic_entropy_side": 8.790148735046387,
          "hz": 1409.4668930556702
        },
        {
          "acoustic_entropy": 8.803170204162598,
          "acoustic_entropy_side": 8.78887939453125,
          "hz": 1596.2787759475705
        },
        {
          "acoustic_entropy": 8.815816879272461,
          "acoustic_entropy_side": 8.793871879577637,
          "hz": 1799.6344973346393
        },
        {
          "acoustic_entropy": 8.80514144897461,
          "acoustic_entropy_side": 8.792570114135742,
          "hz": 2020.9991599069049
        },
        {
          "acoustic_entropy": 8.792064666748047,
          "acoustic_entropy_side": 8.791547775268555,
          "hz": 2261.9676141086993
        },
        {
          "acoustic_entropy": 8.802367210388184,
          "acoustic_entropy_side": 8.798843383789062,
          "hz": 2524.2759484456974
        },
        {
          "acoustic_entropy": 8.803329467773438,
          "acoustic_entropy_side": 8.787635803222656,
          "hz": 2809.813997359896
        },
        {
          "acoustic_entropy": 8.837740898132324,
          "acoustic_entropy_side": 8.785069465637207,
          "hz": 3120.6389567871424
        },
        {
          "acoustic_entropy": 8.78235912322998,
          "acoustic_entropy_side": 8.760619163513184,
          "hz": 3458.990205492291
        },
        {
          "acoustic_entropy": 8.706099510192871,
          "acoustic_entropy_side": 8.780919075012207,
          "hz": 3827.305438964164
        },
        {
          "acoustic_entropy": 8.896463394165039,
          "acoustic_entropy_side": 8.829364776611328,
          "hz": 4228.238232109126
        },
        {
          "acoustic_entropy": 8.693771362304688,
          "acoustic_entropy_side": 8.721173286437988,
          "hz": 4664.6771572759235
        },
        {
          "acoustic_entropy": 8.805144309997559,
          "acoustic_entropy_side": 8.808945655822754,
          "hz": 5139.766595350093
        },
        {
          "acoustic_entropy": 8.77213191986084,
          "acoustic_entropy_side": 8.776028633117676,
          "hz": 5656.929389854203
        },
        {
          "acoustic_entropy": 8.763690948486328,
          "acoustic_entropy_side": 8.756239891052246,
          "hz": 6219.891507268283
        },
        {
          "acoustic_entropy": 8.70488166809082,
          "acoustic_entropy_side": 8.746408462524414,
          "hz": 6832.70888123896
        },
        {
          "acoustic_entropy": 8.602323532104492,
          "acoustic_entropy_side": 8.695047378540039,
          "hz": 7499.796634079867
        },
        {
          "acoustic_entropy": 8.638956069946289,
          "acoustic_entropy_side": 8.700921058654785,
          "hz": 8225.96088609342
        },
        {
          "acoustic_entropy": 8.663219451904297,
          "acoustic_entropy_side": 8.705412864685059,
          "hz": 9016.43338188839
        },
        {
          "acoustic_entropy": 8.747179985046387,
          "acoustic_entropy_side": 8.740880012512207,
          "hz": 9876.909183162974
        },
        {
          "acoustic_entropy": 8.776873588562012,
          "acoustic_entropy_side": 8.740226745605469,
          "hz": 10813.587699516042
        },
        {
          "acoustic_entropy": 8.746735572814941,
          "acoustic_entropy_side": 8.74209213256836,
          "hz": 11833.21735289826
        },
        {
          "acoustic_entropy": 8.550518035888672,
          "acoustic_entropy_side": 8.671645164489746,
          "hz": 12943.144197493959
        },
        {
          "acoustic_entropy": 8.778449058532715,
          "acoustic_entropy_side": 8.787191390991211,
          "hz": 14151.364845322005
        },
        {
          "acoustic_entropy": 8.786260604858398,
          "acoustic_entropy_side": 8.774359703063965,
          "hz": 15466.58407886509
        },
        {
          "acoustic_entropy": 8.697134017944336,
          "acoustic_entropy_side": 8.73078441619873,
          "hz": 16898.27756580493
        },
        {
          "acoustic_entropy": 8.644320487976074,
          "acoustic_entropy_side": 8.70907974243164,
          "hz": 18456.760127700032
        },
        {
          "acoustic_entropy": 8.650351524353027,
          "acoustic_entropy_side": 8.791054725646973,
          "hz": 20153.260054456492
        },
        {
          "acoustic_entropy": 8.807426452636719,
          "acoustic_entropy_side": 8.79656982421875,
          "hz": 22000.00000000001
        }
      ],
      "diff_acoustic_entropy": 9.745311737060547,
      "sn": 12
    },
    {
      "acoustic_entropy": 12.920851707458496,
      "acoustic_entropy_mono": 11.78258228302002,
      "band_eliminated_acoustic_entropies": [
        {
          "acoustic_entropy": 12.868537902832031,
          "acoustic_entropy_side": 12.920820236206055,
          "hz": 129.47220167065723
        },
        {
          "acoustic_entropy": 12.737313270568848,
          "acoustic_entropy_side": 12.925399780273438,
          "hz": 202.92927478742237
        },
        {
          "acoustic_entropy": 12.92383861541748,
          "acoustic_entropy_side": 12.927757263183594,
          "hz": 282.89161906338205
        },
        {
          "acoustic_entropy": 12.91325855255127,
          "acoustic_entropy_side": 12.917060852050781,
          "hz": 369.9353335868758
        },
        {
          "acoustic_entropy": 12.922284126281738,
          "acoustic_entropy_side": 12.921504974365234,
          "hz": 464.6875360973435
        },
        {
          "acoustic_entropy": 12.918000221252441,
          "acoustic_entropy_side": 12.926743507385254,
          "hz": 567.8308811364784
        },
        {
          "acoustic_entropy": 12.89180850982666,
          "acoustic_entropy_side": 12.914005279541016,
          "hz": 680.1084783214808
        },
        {
          "acoustic_entropy": 12.92701244354248,
          "acoustic_entropy_side": 12.926816940307617,
          "hz": 802.3292461747484
        },
        {
          "acoustic_entropy": 12.921740531921387,
          "acoustic_entropy_side": 12.922341346740723,
          "hz": 935.3737400823702
        },
        {
          "acoustic_entropy": 12.927032470703125,
          "acoustic_entropy_side": 12.925600051879883,
          "hz": 1080.2004963696966
        },
        {
          "acoustic_entropy": 12.934701919555664,
          "acoustic_entropy_side": 12.923731803894043,
          "hz": 1237.8529382007157
        },
        {
          "acoustic_entropy": 12.926352500915527,
          "acoustic_entropy_side": 12.91443920135498,
          "hz": 1409.4668930556702
        },
        {
          "acoustic_entropy": 12.921818733215332,
          "acoustic_entropy_side": 12.923155784606934,
          "hz": 1596.2787759475705
        },
        {
          "acoustic_entropy": 12.909747123718262,
          "acoustic_entropy_side": 12.907758712768555,
          "hz": 1799.6344973346393
        },
        {
          "acoustic_entropy": 12.901050567626953,
          "acoustic_entropy_side": 12.920125007629395,
          "hz": 2020.9991599069049
        },
        {
          "acoustic_entropy": 12.893447875976562,
          "acoustic_entropy_side": 12.908674240112305,
          "hz": 2261.9676141086993
        },
        {
          "acoustic_entropy": 12.915802001953125,
          "acoustic_entropy_side": 12.910035133361816,
          "hz": 2524.2759484456974
        },
        {
          "acoustic_entropy": 12.912351608276367,
          "acoustic_entropy_side": 12.895586967468262,
          "hz": 2809.813997359896
        },
        {
          "acoustic_entropy": 12.87514591217041,
          "acoustic_entropy_side": 12.873839378356934,
          "hz": 3120.6389567871424
        },
        {
          "acoustic_entropy": 12.938973426818848,
          "acoustic_entropy_side": 12.919772148132324,
