{
  "acoustic_entropy": 186.91807556152344,
  "bands": [
    {
      "high_freq": 148.1999969482422,
      "loudness": -54.31559753417969,
      "loudness_range": 5.088951110839844,
      "mid_mean": -55.88451385498047,
      "mid_to_side_loudness": 3.0914769172668457,
      "mid_to_side_loudness_range": 6.052111625671387,
      "side_mean": -52.8171501159668
    },
    {
      "high_freq": 392.3793640136719,
      "loudness": -30.107402801513672,
      "loudness_range": 17.94382095336914,
      "low_freq": 148.1999969482422,
      "mid_mean": -29.737655639648438,
      "mid_to_side_loudness": -1.952172040939331,
      "mid_to_side_loudness_range": 19.85418701171875,
      "side_mean": -32.27526092529297
    },
    {
      "high_freq": 794.6976318359375,
      "loudness": -30.875577926635742,
      "loudness_range": 14.83028793334961,
      "low_freq": 392.3793640136719,
      "mid_mean": -27.581783294677734,
      "mid_to_side_loudness": -12.050538063049316,
      "mid_to_side_loudness_range": 17.368000030517578,
      "side_mean": -40.18027877807617
    },
    {
      "high_freq": 1457.5709228515625,
      "loudness": -27.701887130737305,
      "loudness_range": 19.053695678710938,
      "low_freq": 794.6976318359375,
      "mid_mean": -24.410646438598633,
      "mid_to_side_loudness": -12.031408309936523,
      "mid_to_side_loudness_range": 15.715314865112305,
      "side_mean": -36.895912170410156
    },
    {
      "high_freq": 2549.74365234375,
      "loudness": -31.749053955078125,
      "loudness_range": 18.494428634643555,
      "low_freq": 1457.5709228515625,
      "mid_mean": -29.11549186706543,
      "mid_to_side_loudness": -7.005075931549072,
      "mid_to_side_loudness_range": 13.675440788269043,
      "side_mean": -36.34587097167969
    },
    {
      "high_freq": 4349.24462890625,
      "loudness": -36.23591995239258,
      "loudness_range": 14.431648254394531,
      "low_freq": 2549.74365234375,
      "mid_mean": -34.203216552734375,
      "mid_to_side_loudness": -4.04472017288208,
      "mid_to_side_loudness_range": 9.950153350830078,
      "side_mean": -38.36124801635742
    },
    {
      "high_freq": 7314.1640625,
      "loudness": -39.33666229248047,
      "loudness_range": 12.951034545898438,
      "low_freq": 4349.24462890625,
      "mid_mean": -36.886474609375,
      "mid_to_side_loudness": -5.629179954528809,
      "mid_to_side_loudness_range": 10.145476341247559,
      "side_mean": -42.6862907409668
    },
    {
      "high_freq": 12199.2666015625,
      "loudness": -48.00448989868164,
      "loudness_range": 14.069183349609375,
      "low_freq": 7314.1640625,
      "mid_mean": -45.50782012939453,
      "mid_to_side_loudness": -5.590085506439209,
      "mid_to_side_loudness_range": 9.235690116882324,
      "side_mean": -51.838287353515625
    },
    {
      "loudness": -54.419883728027344,
      "loudness_range": 13.053707122802734,
      "low_freq": 12199.2666015625,
      "mid_mean": -52.12894058227539,
      "mid_to_side_loudness": -6.540241241455078,
      "mid_to_side_loudness_range": 8.263002395629883,
      "side_mean": -58.350162506103516
    }
  ],
  "bands_short": [
    {
      "high_freq": 148.1999969482422,
      "loudness": -55.53392028808594,
      "loudness_range": 4.35369873046875,
      "mid_mean": -58.201656341552734,
      "mid_to_side_loudness": 4.929117202758789,
      "mid_to_side_loudness_range": 7.189728260040283,
      "side_mean": -53.542842864990234
    },
    {
      "high_freq": 392.3793640136719,
      "loudness": -34.893096923828125,
      "loudness_range": 32.09177017211914,
      "low_freq": 148.1999969482422,
      "mid_mean": -36.42909622192383,
      "mid_to_side_loudness": -0.9811928868293762,
      "mid_to_side_loudness_range": 27.827499389648438,
      "side_mean": -38.50693893432617
    },
    {
      "high_freq": 794.6976318359375,
      "loudness": -32.11336898803711,
      "loudness_range": 17.99641227722168,
      "low_freq": 392.3793640136719,
      "mid_mean": -28.948556900024414,
      "mid_to_side_loudness": -12.161574363708496,
      "mid_to_side_loudness_range": 20.56978988647461,
      "side_mean": -41.81343460083008
    },
    {
      "high_freq": 1457.5709228515625,
      "loudness": -29.094871520996094,
      "loudness_range": 21.531299591064453,
      "low_freq": 794.6976318359375,
      "mid_mean": -25.943029403686523,
      "mid_to_side_loudness": -11.873675346374512,
      "mid_to_side_loudness_range": 19.373933792114258,
      "side_mean": -38.32297897338867
    },
    {
      "high_freq": 2549.74365234375,
      "loudness": -33.38639831542969,
      "loudness_range": 23.768476486206055,
      "low_freq": 1457.5709228515625,
      "mid_mean": -30.690155029296875,
      "mid_to_side_loudness": -8.020339965820312,
      "mid_to_side_loudness_range": 16.439815521240234,
      "side_mean": -39.016258239746094
    },
    {
      "high_freq": 4349.24462890625,
      "loudness": -39.1344108581543,
      "loudness_range": 22.32958221435547,
      "low_freq": 2549.74365234375,
      "mid_mean": -36.70618438720703,
      "mid_to_side_loudness": -6.115500450134277,
      "mid_to_side_loudness_range": 13.340044975280762,
      "side_mean": -43.02177047729492
    },
    {
      "high_freq": 7314.1640625,
      "loudness": -42.41114807128906,
      "loudness_range": 22.89371109008789,
      "low_freq": 4349.24462890625,
      "mid_mean": -39.65024948120117,
      "mid_to_side_loudness": -8.44021224975586,
      "mid_to_side_loudness_range": 16.073829650878906,
      "side_mean": -48.47549057006836
    },
    {
      "high_freq": 12199.2666015625,
      "loudness": -51.129905700683594,
      "loudness_range": 22.14459991455078,
      "low_freq": 7314.1640625,
      "mid_mean": -48.26571273803711,
      "mid_to_side_loudness": -7.900881290435791,
      "mid_to_side_loudness_range": 13.72530746459961,
      "side_mean": -56.47551727294922
    },
    {
      "loudness": -55.92755126953125,
      "loudness_range": 17.347248077392578,
      "low_freq": 12199.2666015625,
      "mid_mean": -53.55813217163086,
      "mid_to_side_loudness": -6.796428203582764,
      "mid_to_side_loudness_range": 11.99321174621582,
      "side_mean": -59.98677062988281
    }
  ],
  "bandwidth": 899.1865234375,
  "channels": 2,
  "covariance": [
    [
      15.331917762756348,
      10.758727073669434,
      14.678236961364746,
      25.792007446289062,
      1.5828722715377808,
      8.280576705932617,
      -1.0743982791900635,
      0.23773053288459778,
      1.493199348449707,
      2.273151397705078,
      0.7866858839988708,
      1.4594789743423462,
      0.3636136054992676,
      1.5956511497497559,
      1.842842698097229,
      10.205839157104492,
      9.5823974609375,
      6.302506446838379
    ],
    [
      10.758727073669434,
      10.614359855651855,
      4.926721572875977,
      8.596857070922852,
      -0.002977140946313739,
      2.846174716949463,
      -1.0759636163711548,
      -0.2001618891954422,
      0.4637066721916199,
      0.8902056813240051,
      0.3304785192012787,
      0.776669979095459,
      0.18615581095218658,
      0.9345028400421143,
      0.6411405205726624,
      10.67564582824707,
      9.862051963806152,
      6.66029691696167
    ],
    [
      14.678236961364746,
      4.926721572875977,
      53.37568664550781,
      47.03178405761719,
      13.201510429382324,
      22.291645050048828,
      0.30113154649734497,
      -0.9021362066268921,
      -3.0199501514434814,
      1.9450535774230957,
      -1.2975503206253052,
      1.692097783088684,
      -1.61404550075531,
      3.1070034503936768,
      0.5658348202705383,
      3.655085325241089,
      2.3073136806488037,
      2.287280559539795
    ],
    [
      25.792007446289062,
      8.596857070922852,
      47.03178405761719,
      120.90129852294922,
      -1.7496777772903442,
      24.54916000366211,
      -8.215405464172363,
      -0.41188478469848633,
      6.348076820373535,
      7.626062870025635,
      0.5490230321884155,
      2.177377939224243,
      -2.6126699447631836,
      0.6418715715408325,
      -0.6942506432533264,
      -0.4895685613155365,
      -0.20939595997333527,
      -0.9551041722297668
    ],
    [
      1.5828722715377808,
      -0.002977140946313739,
      13.201510429382324,
      -1.7496777772903442,
      33.03848648071289,
      12.414156913757324,
      21.732017517089844,
      7.6579790115356445,
      -0.1582406908273697,
      -1.5982507467269897,
      1.2931554317474365,
      1.676393985748291,
      8.067879676818848,
      2.9988934993743896,
      6.896822929382324,
      5.314145565032959,
      9.735045433044434,
      5.404764175415039
    ],
    [
      8.280576705932617,
      2.846174716949463,
      22.291645050048828,
      24.54916000366211,
      12.414156913757324,
      17.9876651763916,
      5.655558109283447,
      2.8604376316070557,
      0.27012065052986145,
      1.77816903591156,
      2.0164952278137207,
      2.2147669792175293,
      3.6519687175750732,
      3.3446972370147705,
      4.733051300048828,
      4.647656440734863,
      4.575412750244141,
      3.3596043586730957
    ],
    [
      -1.0743982791900635,
      -1.0759636163711548,
      0.30113154649734497,
      -8.215405464172363,
      21.732017517089844,
      5.655558109283447,
      41.8227424621582,
      15.521756172180176,
      15.32565975189209,
      4.084340572357178,
      14.821918487548828,
      4.4334211349487305,
      18.056476593017578,
      3.937309980392456,
      14.51854419708252,
      5.498202323913574,
      14.79886245727539,
      7.780106067657471
    ],
    [
      0.23773053288459778,
      -0.2001618891954422,
      -0.9021362066268921,
      -0.41188478469848633,
      7.6579790115356445,
      2.8604376316070557,
      15.521756172180176,
      13.034260749816895,
      8.737119674682617,
      5.092023849487305,
      6.86794900894165,
      4.286179542541504,
      9.32076358795166,
      4.61650276184082,
      9.374322891235352,
      5.449731349945068,
      7.869175910949707,
      5.162280559539795
    ],
    [
      1.493199348449707,
      0.4637066721916199,
      -3.0199501514434814,
      6.348076820373535,
      -0.1582406908273697,
      0.27012065052986145,
      15.32565975189209,
      8.737119674682617,
      41.28114700317383,
      14.961718559265137,
      24.228343963623047,
      8.112011909484863,
      17.4522705078125,
      5.850284099578857,
      19.630508422851562,
      7.832475185394287,
      16.05862808227539,
      9.109046936035156
    ],
    [
      2.273151397705078,
      0.8902056813240051,
      1.9450535774230957,
      7.626062870025635,
      -1.5982507467269897,
      1.77816903591156,
      4.084340572357178,
      5.092023849487305,
      14.961718559265137,
      11.254084587097168,
      11.586668968200684,
      7.236602783203125,
      7.3749213218688965,
      6.082037448883057,
      8.444364547729492,
      6.046861171722412,
      6.3484063148498535,
      4.990106582641602
    ],
    [
      0.7866858839988708,
      0.3304785192012787,
      -1.2975503206253052,
      0.5490230321884155,
      1.2931554317474365,
      2.0164952278137207,
      14.821918487548828,
      6.86794900894165,
      24.228343963623047,
      11.586668968200684,
      25.9623966217041,
      12.236668586730957,
      19.62837791442871,
      11.141485214233398,
      19.092899322509766,
      11.656902313232422,
      14.748170852661133,
      10.237565994262695
    ],
    [
      1.4594789743423462,
      0.776669979095459,
      1.692097783088684,
      2.177377939224243,
      1.676393985748291,
      2.2147669792175293,
      4.4334211349487305,
      4.286179542541504,
      8.112011909484863,
      7.236602783203125,
      12.236668586730957,
      12.120003700256348,
      11.029088020324707,
      12.254962921142578,
      10.96027946472168,
      11.750716209411621,
      7.520042896270752,
      7.385965347290039
    ],
    [
      0.3636136054992676,
      0.18615581095218658,
      -1.61404550075531,
      -2.6126699447631836,
      8.067879676818848,
      3.6519687175750732,
      18.056476593017578,
      9.32076358795166,
      17.4522705078125,
      7.3749213218688965,
      19.62837791442871,
      11.029088020324707,
      25.081958770751953,
      13.916862487792969,
      21.8082332611084,
      14.172983169555664,
      16.504470825195312,
      11.637129783630371
    ],
    [
      1.5956511497497559,
      0.9345028400421143,
      3.1070034503936768,
      0.6418715715408325,
      2.9988934993743896,
      3.3446972370147705,
      3.937309980392456,
      4.61650276184082,
      5.850284099578857,
      6.082037448883057,
      11.141485214233398,
      12.254962921142578,
      13.916862487792969,
      16.753185272216797,
      13.141223907470703,
      15.381536483764648,
      8.355724334716797,
      9.127182006835938
    ],
    [
      1.842842698097229,
      0.6411405205726624,
      0.5658348202705383,
      -0.6942506432533264,
      6.896822929382324,
      4.733051300048828,
      14.51854419708252,
      9.374322891235352,
      19.630508422851562,
      8.444364547729492,
      19.092899322509766,
      10.96027946472168,
      21.8082332611084,
      13.141223907470703,
      27.087488174438477,
      17.451913833618164,
      20.97954559326172,
      14.480087280273438
    ],
    [
      10.205839157104492,
      10.67564582824707,
      3.655085325241089,
      -0.4895685613155365,
      5.314145565032959,
      4.647656440734863,
      5.498202323913574,
      5.449731349945068,
      7.832475185394287,
      6.046861171722412,
      11.656902313232422,
      11.750716209411621,
      14.172983169555664,
      15.381536483764648,
      17.451913833618164,
      29.13310432434082,
      22.862810134887695,
      18.86615562438965
    ],
    [
      9.5823974609375,
      9.862051963806152,
      2.3073136806488037,
      -0.20939595997333527,
      9.735045433044434,
      4.575412750244141,
      14.79886245727539,
      7.869175910949707,
      16.05862808227539,
      6.3484063148498535,
      14.748170852661133,
      7.520042896270752,
      16.504470825195312,
      8.355724334716797,
      20.97954559326172,
      22.862810134887695,
      32.46023941040039,
      20.290069580078125
    ],
    [
      6.302506446838379,
      6.66029691696167,
      2.287280559539795,
      -0.9551041722297668,
      5.404764175415039,
      3.3596043586730957,
      7.780106067657471,
      5.162280559539795,
      9.109046936035156,
      4.990106582641602,
      10.237565994262695,
      7.385965347290039,
      11.637129783630371,
      9.127182006835938,
      14.480087280273438,
      18.86615562438965,
      20.290069580078125,
      16.936677932739258
    ]
  ],
  "covariance_short": [
    [
      11.399563789367676,
      7.7885026931762695,
      9.908595085144043,
      12.701665878295898,
      0.9111219644546509,
      5.845905303955078,
      -1.145711898803711,
      1.4310321807861328,
      1.7270022630691528,
      4.161762714385986,
      2.7102997303009033,
      4.912675857543945,
      2.0883700847625732,
      5.397676944732666,
      3.0038037300109863,
      9.143030166625977,
      7.404038429260254,
      5.236786842346191
    ],
    [
      7.7885026931762695,
      10.37239933013916,
      2.4894089698791504,
      3.238696336746216,
      -0.29816341400146484,
      1.9199243783950806,
      -1.1497197151184082,
      0.4690755307674408,
      0.41344407200813293,
      1.6386408805847168,
      0.9725217223167419,
      2.0884182453155518,
      0.4710373878479004,
      2.3050479888916016,
      0.9128897786140442,
      8.694575309753418,
      8.551995277404785,
      5.773863792419434
    ],
    [
      9.908595085144043,
      2.4894089698791504,
      135.791015625,
      93.84532165527344,
      34.44186782836914,
      41.48936462402344,
      13.105432510375977,
      5.065282344818115,
      3.3646068572998047,
      9.9127779006958,
      6.034475326538086,
      12.37321662902832,
      7.103513717651367,
      12.492033958435059,
      3.4911599159240723,
      7.901519775390625,
      5.575716495513916,
      2.4161696434020996
    ],
    [
      12.701665878295898,
      3.238696336746216,
      93.84532165527344,
      187.4800262451172,
      9.177406311035156,
      37.33104705810547,
      2.650243043899536,
      2.766191244125366,
      8.695201873779297,
      15.962554931640625,
      4.763162136077881,
      10.874463081359863,
      5.684506893157959,
      12.141484260559082,
      4.123063564300537,
      5.885565757751465,
      1.4068878889083862,
      -1.24020254611969
    ],
    [
      0.9111219644546509,
      -0.29816341400146484,
      34.44186782836914,
      9.177406311035156,
      46.51909255981445,
      16.14960289001465,
      28.186338424682617,
      11.136136054992676,
      8.369874954223633,
      2.2681941986083984,
      7.66444206237793,
      3.212467908859253,
      16.326364517211914,
      7.229628086090088,
      10.7821044921875,
      5.76837682723999,
      12.529690742492676,
      5.207244396209717
    ],
    [
      5.845905303955078,
      1.9199243783950806,
      41.48936462402344,
      37.33104705810547,
      16.14960289001465,
      30.16724395751953,
      8.271470069885254,
      7.594213485717773,
      5.662145614624023,
      9.085741996765137,
      8.07431697845459,
      10.320605278015137,
      10.188858032226562,
      12.633036613464355,
      9.540994644165039,
      10.009329795837402,
      7.283402442932129,
      4.603063106536865
    ],
    [
      -1.145711898803711,
      -1.1497197151184082,
      13.105432510375977,
      2.650243043899536,
      28.186338424682617,
      8.271470069885254,
      60.14052200317383,
      23.37095832824707,
      26.908578872680664,
      10.944573402404785,
      27.1237850189209,
      12.214971542358398,
      34.34098434448242,
      14.724472045898438,
      24.758880615234375,
      11.414374351501465,
      20.914403915405273,
      9.9049711227417
    ],
    [
      1.4310321807861328,
      0.4690755307674408,
      5.065282344818115,
      2.766191244125366,
      11.136136054992676,
      7.594213485717773,
      23.37095832824707,
      26.23179054260254,
      15.901420593261719,
      15.084312438964844,
      17.973350524902344,
      17.414127349853516,
      21.77255630493164,
      19.39048957824707,
      19.454736709594727,
      15.957273483276367,
      13.383357048034668,
      9.236461639404297
    ],
    [
      1.7270022630691528,
      0.41344407200813293,
      3.3646068572998047,
      8.695201873779297,
      8.369874954223633,
      5.662145614624023,
      26.908578872680664,
      15.901420593261719,
      58.069419860839844,
      31.667030334472656,
      41.59267807006836,
      28.941673278808594,
      38.383636474609375,
      28.084402084350586,
      36.41472244262695,
      23.680065155029297,
      24.168834686279297,
      13.76450252532959
    ],
    [
      4.161762714385986,
      1.6386408805847168,
      9.9127779006958,
      15.962554931640625,
      2.2681941986083984,
      9.085741996765137,
      10.944573402404785,
      15.084312438964844,
      31.667030334472656,
      39.0360107421875,
      33.69534683227539,
      38.88124084472656,
      27.780424118041992,
      37.87184143066406,
      27.860136032104492,
      30.073883056640625,
      15.960911750793457,
      13.67124080657959
    ],
    [
      2.7102997303009033,
      0.9725217223167419,
      6.034475326538086,
      4.763162136077881,
      7.66444206237793,
      8.07431697845459,
      27.1237850189209,
      17.973350524902344,
      41.59267807006836,
      33.69534683227539,
      55.68134689331055,
      44.48678970336914,
      47.80707550048828,
      43.509830474853516,
      42.37270736694336,
      35.49501419067383,
      26.707746505737305,
      18.962547302246094
    ],
    [
      4.912675857543945,
      2.0884182453155518,
      12.37321662902832,
      10.874463081359863,
      3.212467908859253,
      10.320605278015137,
      12.214971542358398,
      17.414127349853516,
      28.941673278808594,
      38.88124084472656,
      44.48678970336914,
      57.08274841308594,
      37.730735778808594,
      53.955379486083984,
      35.755699157714844,
      43.47962188720703,
      19.906757354736328,
      19.82244110107422
    ],
    [
      2.0883700847625732,
      0.4710373878479004,
      7.103513717651367,
      5.684506893157959,
      16.326364517211914,
      10.188858032226562,
      34.34098434448242,
      21.77255630493164,
      38.383636474609375,
      27.780424118041992,
      47.80707550048828,
      37.730735778808594,
      62.44657516479492,
      47.23102951049805,
      50.294921875,
      38.1915397644043,
      33.114444732666016,
      22.14600944519043
    ],
    [
      5.397676944732666,
      2.3050479888916016,
      12.492033958435059,
      12.141484260559082,
      7.229628086090088,
      12.633036613464355,
      14.724472045898438,
      19.39048957824707,
      28.084402084350586,
      37.87184143066406,
      43.509830474853516,
      53.955379486083984,
      47.23102951049805,
      65.37036895751953,
      43.59926223754883,
      51.292911529541016,
      25.088369369506836,
      25.563276290893555
    ],
    [
      3.0038037300109863,
      0.9128897786140442,
      3.4911599159240723,
      4.123063564300537,
      10.7821044921875,
      9.540994644165039,
      24.758880615234375,
      19.454736709594727,
      36.41472244262695,
      27.860136032104492,
      42.37270736694336,
      35.755699157714844,
      50.294921875,
      43.59926223754883,
      55.83799743652344,
      41.438968658447266,
      37.06475067138672,
      24.25107192993164
    ],
    [
      9.143030166625977,
      8.694575309753418,
      7.901519775390625,
      5.885565757751465,
      5.76837682723999,
      10.009329795837402,
      11.414374351501465,
      15.957273483276367,
      23.680065155029297,
      30.073883056640625,
      35.49501419067383,
      43.47962188720703,
      38.1915397644043,
      51.292911529541016,
      41.438968658447266,
      53.017738342285156,
      31.661685943603516,
      29.99692726135254
    ],
    [
      7.404038429260254,
      8.551995277404785,
      5.575716495513916,
      1.4068878889083862,
      12.529690742492676,
      7.283402442932129,
      20.914403915405273,
      13.383357048034668,
      24.168834686279297,
      15.960911750793457,
      26.707746505737305,
      19.906757354736328,
      33.114444732666016,
      25.088369369506836,
      37.06475067138672,
      31.661685943603516,
      42.28501510620117,
      24.510356903076172
    ],
    [
      5.236786842346191,
      5.773863792419434,
      2.4161696434020996,
      -1.24020254611969,
      5.207244396209717,
      4.603063106536865,
      9.9049711227417,
      9.236461639404297,
      13.76450252532959,
      13.67124080657959,
      18.962547302246094,
      19.82244110107422,
      22.14600944519043,
      25.563276290893555,
      24.25107192993164,
      29.99692726135254,
      24.510356903076172,
      23.806734085083008
    ]
  ],
  "damage": -10.323565483093262,
  "diff_bandwidth": 910.114013671875,
  "dissonance": 7.997043586744878,
  "drr": 4.211928844451904,
  "dynamics": 4.080860614776611,
  "format": 1245190,
  "frames": 6931392,
  "loudness": -18.08426856994629,
  "loudness_range": 10.997323989868164,
  "loudness_range_short": 16.815048217773438,
  "lowpass_true_peak_15khz": -1.0816043615341187,
  "mastering3_acoustic_entropies": [
    {
      "acoustic_entropy": 11.806201934814453,
      "acoustic_entropy_mono": 10.164325714111328,
      "band_eliminated_acoustic_entropies": [
        {
          "acoustic_entropy": 11.806150436401367,
          "acoustic_entropy_side": 11.80616569519043,
          "hz": 129.47220167065723
        },
        {
          "acoustic_entropy": 11.804197311401367,
          "acoustic_entropy_side": 11.805326461791992,
          "hz": 202.92927478742237
        },
        {
          "acoustic_entropy": 10.269624710083008,
          "acoustic_entropy_side": 11.01786994934082,
          "hz": 282.89161906338205
        },
        {
          "acoustic_entropy": 10.71108341217041,
          "acoustic_entropy_side": 10.95749282836914,
          "hz": 369.9353335868758
        },
        {
          "acoustic_entropy": 11.254400253295898,
          "acoustic_entropy_side": 11.794577598571777,
          "hz": 464.6875360973435
        },
        {
          "acoustic_entropy": 10.849764823913574,
          "acoustic_entropy_side": 11.803808212280273,
          "hz": 567.8308811364784
        },
        {
          "acoustic_entropy": 10.785907745361328,
          "acoustic_entropy_side": 11.801530838012695,
          "hz": 680.1084783214808
        },
        {
          "acoustic_entropy": 10.650155067443848,
          "acoustic_entropy_side": 11.806973457336426,
          "hz": 802.3292461747484
        },
        {
          "acoustic_entropy": 9.901032447814941,
          "acoustic_entropy_side": 11.611044883728027,
          "hz": 935.3737400823702
        },
        {
          "acoustic_entropy": 11.364567756652832,
          "acoustic_entropy_side": 11.792438507080078,
          "hz": 1080.2004963696966
        },
        {
          "acoustic_entropy": 10.535162925720215,
          "acoustic_entropy_side": 11.804032325744629,
          "hz": 1237.8529382007157
        },
        {
          "acoustic_entropy": 11.104289054870605,
          "acoustic_entropy_side": 11.776335716247559,
          "hz": 1409.4668930556702
        },
        {
          "acoustic_entropy": 10.96422004699707,
          "acoustic_entropy_side": 11.881437301635742,
          "hz": 1596.2787759475705
        },
        {
          "acoustic_entropy": 11.329748153686523,
          "acoustic_entropy_side": 11.78944206237793,
          "hz": 1799.6344973346393
        },
        {
          "acoustic_entropy": 11.674406051635742,
          "acoustic_entropy_side": 11.813125610351562,
          "hz": 2020.9991599069049
        },
        {
          "acoustic_entropy": 11.620339393615723,
          "acoustic_entropy_side": 11.795348167419434,
          "hz": 2261.9676141086993
        },
        {
          "acoustic_entropy": 11.731584548950195,
          "acoustic_entropy_side": 11.76933765411377,
          "hz": 2524.2759484456974
        },
        {
          "acoustic_entropy": 11.770307540893555,
          "acoustic_entropy_side": 11.788105964660645,
          "hz": 2809.813997359896
        },
        {
          "acoustic_entropy": 11.659819602966309,
          "acoustic_entropy_side": 11.78085994720459,
          "hz": 3120.6389567871424
        },
        {
          "acoustic_entropy": 11.642129898071289,
          "acoustic_entropy_side": 11.772411346435547,
          "hz": 3458.990205492291
        },
        {
          "acoustic_entropy": 11.694978713989258,
          "acoustic_entropy_side": 11.789019584655762,
          "hz": 3827.305438964164
        },
        {
          "acoustic_entropy": 11.619175910949707,
          "acoustic_entropy_side": 11.790292739868164,
          "hz": 4228.238232109126
        },
        {
          "acoustic_entropy": 11.458847999572754,
          "acoustic_entropy_side": 11.758962631225586,
          "hz": 4664.6771572759235
        },
        {
          "acoustic_entropy": 11.36493968963623,
          "acoustic_entropy_side": 11.732059478759766,
          "hz": 5139.766595350093
        },
        {
          "acoustic_entropy": 11.391441345214844,
          "acoustic_entropy_side": 11.788065910339355,
          "hz": 5656.929389854203
        },
        {
          "acoustic_entropy": 11.056817054748535,
          "acoustic_entropy_side": 11.79532241821289,
          "hz": 6219.891507268283
        },
        {
          "acoustic_entropy": 11.658100128173828,
          "acoustic_entropy_side": 11.80368423461914,
          "hz": 6832.70888123896
        },
        {
          "acoustic_entropy": 11.776727676391602,
          "acoustic_entropy_side": 11.804967880249023,
          "hz": 7499.796634079867
        },
        {
          "acoustic_entropy": 11.751944541931152,
          "acoustic_entropy_side": 11.804200172424316,
          "hz": 8225.96088609342
        },
        {
          "acoustic_entropy": 11.769006729125977,
          "acoustic_entropy_side": 11.804561614990234,
          "hz": 9016.43338188839
        },
        {
          "acoustic_entropy": 11.793985366821289,
          "acoustic_entropy_side": 11.805371284484863,
          "hz": 9876.909183162974
        },
        {
          "acoustic_entropy": 11.79951286315918,
          "acoustic_entropy_side": 11.805712699890137,
          "hz": 10813.587699516042
        },
        {
          "acoustic_entropy": 11.800882339477539,
          "acoustic_entropy_side": 11.80593204498291,
          "hz": 11833.21735289826
        },
        {
          "acoustic_entropy": 11.805275917053223,
          "acoustic_entropy_side": 11.80612564086914,
          "hz": 12943.144197493959
        },
        {
          "acoustic_entropy": 11.803854942321777,
          "acoustic_entropy_side": 11.806174278259277,
          "hz": 14151.364845322005
        },
        {
          "acoustic_entropy": 11.805193901062012,
          "acoustic_entropy_side": 11.806158065795898,
          "hz": 15466.58407886509
        },
        {
          "acoustic_entropy": 11.805001258850098,
          "acoustic_entropy_side": 11.806154251098633,
          "hz": 16898.27756580493
        },
        {
          "acoustic_entropy": 11.805961608886719,
          "acoustic_entropy_side": 11.80617618560791,
          "hz": 18456.760127700032
        },
        {
          "acoustic_entropy": 11.805891990661621,
          "acoustic_entropy_side": 11.806187629699707,
          "hz": 20153.260054456492
        },
        {
          "acoustic_entropy": 11.806173324584961,
          "acoustic_entropy_side": 11.806199073791504,
          "hz": 22000.00000000001
        }
      ],
      "diff_acoustic_entropy": 8.773902893066406,
      "sn": 6
    },
    {
      "acoustic_entropy": 15.487295150756836,
      "acoustic_entropy_mono": 14.790897369384766,
      "band_eliminated_acoustic_entropies": [
        {
          "acoustic_entropy": 15.486330032348633,
          "acoustic_entropy_side": 15.486910820007324,
          "hz": 129.47220167065723
        },
        {
          "acoustic_entropy": 15.48849868774414,
          "acoustic_entropy_side": 15.487594604492188,
          "hz": 202.92927478742237
        },
        {
          "acoustic_entropy": 14.691937446594238,
          "acoustic_entropy_side": 15.141081809997559,
          "hz": 282.89161906338205
        },
        {
          "acoustic_entropy": 15.39976692199707,
          "acoustic_entropy_side": 15.113425254821777,
          "hz": 369.9353335868758
        },
        {
          "acoustic_entropy": 15.82528305053711,
          "acoustic_entropy_side": 15.476396560668945,
          "hz": 464.6875360973435
        },
        {
          "acoustic_entropy": 14.962182998657227,
          "acoustic_entropy_side": 15.51518726348877,
          "hz": 567.8308811364784
        },
        {
          "acoustic_entropy": 14.886357307434082,
          "acoustic_entropy_side": 15.525172233581543,
          "hz": 680.1084783214808
        },
        {
          "acoustic_entropy": 15.116918563842773,
          "acoustic_entropy_side": 15.994757652282715,
          "hz": 802.3292461747484
        },
        {
          "acoustic_entropy": 14.88038444519043,
          "acoustic_entropy_side": 15.633249282836914,
          "hz": 935.3737400823702
        },
        {
          "acoustic_entropy": 15.884537696838379,
          "acoustic_entropy_side": 15.47326374053955,
          "hz": 1080.2004963696966
        },
        {
          "acoustic_entropy": 15.510313987731934,
          "acoustic_entropy_side": 15.386765480041504,
          "hz": 1237.8529382007157
        },
        {
          "acoustic_entropy": 14.292943954467773,
          "acoustic_entropy_side": 16.066503524780273,
          "hz": 1409.4668930556702
        },
        {
          "acoustic_entropy": 15.49889850616455,
          "acoustic_entropy_side": 16.12953758239746,
          "hz": 1596.2787759475705
        },
        {
          "acoustic_entropy": 15.89383602142334,
          "acoustic_entropy_side": 15.598504066467285,
          "hz": 1799.6344973346393
        },
        {
          "acoustic_entropy": 15.426431655883789,
          "acoustic_entropy_side": 15.96141529083252,
          "hz": 2020.9991599069049
        },
        {
          "acoustic_entropy": 15.95693302154541,
          "acoustic_entropy_side": 15.879975318908691,
          "hz": 2261.9676141086993
        },
        {
          "acoustic_entropy": 15.311483383178711,
          "acoustic_entropy_side": 15.856049537658691,
          "hz": 2524.2759484456974
        },
        {
          "acoustic_entropy": 15.248946189880371,
          "acoustic_entropy_side": 15.812161445617676,
          "hz": 2809.813997359896
        },
        {
          "acoustic_entropy": 15.740357398986816,
          "acoustic_entropy_side": 15.955127716064453,
          "hz": 3120.6389567871424
        },
        {
          "acoustic_entropy": 15.368406295776367,
          "acoustic_entropy_side": 15.807806015014648,
          "hz": 3458.990205492291
        },
        {
          "acoustic_entropy": 15.772217750549316,
          "acoustic_entropy_side": 15.596597671508789,
          "hz": 3827.305438964164
        },
        {
          "acoustic_entropy": 15.363404273986816,
          "acoustic_entropy_side": 15.491618156433105,
          "hz": 4228.238232109126
        },
        {
          "acoustic_entropy": 15.136031150817871,
          "acoustic_entropy_side": 15.75774097442627,
          "hz": 4664.6771572759235
        },
        {
          "acoustic_entropy": 15.446435928344727,
          "acoustic_entropy_side": 15.818648338317871,
          "hz": 5139.766595350093
        },
        {
          "acoustic_entropy": 15.590204238891602,
          "acoustic_entropy_side": 15.560108184814453,
          "hz": 5656.929389854203
        },
        {
          "acoustic_entropy": 15.56513786315918,
          "acoustic_entropy_side": 15.519309997558594,
          "hz": 6219.891507268283
        },
        {
          "acoustic_entropy": 15.738724708557129,
          "acoustic_entropy_side": 15.493017196655273,
          "hz": 6832.70888123896
        },
        {
          "acoustic_entropy": 16.095455169677734,
          "acoustic_entropy_side": 15.500215530395508,
          "hz": 7499.796634079867
        },
        {
          "acoustic_entropy": 15.944425582885742,
          "acoustic_entropy_side": 15.504422187805176,
          "hz": 8225.96088609342
        },
        {
          "acoustic_entropy": 15.976902961730957,
          "acoustic_entropy_side": 15.494950294494629,
          "hz": 9016.43338188839
        },
        {
          "acoustic_entropy": 15.795138359069824,
          "acoustic_entropy_side": 15.498736381530762,
          "hz": 9876.909183162974
        },
        {
          "acoustic_entropy": 15.608813285827637,
          "acoustic_entropy_side": 15.493144989013672,
          "hz": 10813.587699516042
        },
        {
          "acoustic_entropy": 15.620116233825684,
          "acoustic_entropy_side": 15.491331100463867,
          "hz": 11833.21735289826
        },
        {
          "acoustic_entropy": 15.72751522064209,
          "acoustic_entropy_side": 15.488812446594238,
          "hz": 12943.144197493959
        },
        {
          "acoustic_entropy": 15.74314022064209,
          "acoustic_entropy_side": 15.490593910217285,
          "hz": 14151.364845322005
        },
        {
          "acoustic_entropy": 15.569725036621094,
          "acoustic_entropy_side": 15.488547325134277,
          "hz": 15466.58407886509
        },
        {
          "acoustic_entropy": 15.566492080688477,
          "acoustic_entropy_side": 15.488645553588867,
          "hz": 16898.27756580493
        },
        {
          "acoustic_entropy": 15.557662963867188,
          "acoustic_entropy_side": 15.488933563232422,
          "hz": 18456.760127700032
        },
        {
          "acoustic_entropy": 15.519604682922363,
          "acoustic_entropy_side": 15.488057136535645,
          "hz": 20153.260054456492
        },
        {
          "acoustic_entropy": 15.490071296691895,
          "acoustic_entropy_side": 15.487339973449707,
          "hz": 22000.00000000001
        }
      ],
      "diff_acoustic_entropy": 12.844820976257324,
      "sn": 12
    },
    {
      "acoustic_entropy": 22.310020446777344,
      "acoustic_entropy_mono": 20.264719009399414,
      "band_eliminated_acoustic_entropies": [
        {
          "acoustic_entropy": 22.3101749420166,
          "acoustic_entropy_side": 22.313764572143555,
          "hz": 129.47220167065723
        },
        {
          "acoustic_entropy": 22.379850387573242,
          "acoustic_entropy_side": 22.314592361450195,
          "hz": 202.92927478742237
        },
        {
          "acoustic_entropy": 22.218809127807617,
          "acoustic_entropy_side": 22.450298309326172,
          "hz": 282.89161906338205
        },
        {
          "acoustic_entropy": 22.398582458496094,
          "acoustic_entropy_side": 22.477596282958984,
          "hz": 369.9353335868758
        },
        {
          "acoustic_entropy": 22.550926208496094,
          "acoustic_entropy_side": 22.30980110168457,
          "hz": 464.6875360973435
        },
        {
          "acoustic_entropy": 22.244016647338867,
          "acoustic_entropy_side": 22.32503890991211,
          "hz": 567.8308811364784
        },
        {
          "acoustic_entropy": 21.18674087524414,
          "acoustic_entropy_side": 22.315876007080078,
          "hz": 680.1084783214808
        },
        {
          "acoustic_entropy": 21.757265090942383,
          "acoustic_entropy_side": 22.974254608154297,
          "hz": 802.3292461747484
        },
        {
          "acoustic_entropy": 20.678754806518555,
          "acoustic_entropy_side": 21.656116485595703,
          "hz": 935.3737400823702
        },
        {
          "acoustic_entropy": 21.211212158203125,
          "acoustic_entropy_side": 21.70494842529297,
          "hz": 1080.2004963696966
        },
        {
          "acoustic_entropy": 21.80388641357422,
          "acoustic_entropy_side": 22.6721248626709,
          "hz": 1237.8529382007157
        },
        {
          "acoustic_entropy": 21.624103546142578,
          "acoustic_entropy_side": 22.64766502380371,
          "hz": 1409.4668930556702
        },
        {
          "acoustic_entropy": 21.859455108642578,
          "acoustic_entropy_side": 21.500926971435547,
          "hz": 1596.2787759475705
        },
        {
          "acoustic_entropy": 21.35906982421875,
          "acoustic_entropy_side": 22.40476417541504,
          "hz": 1799.6344973346393
        },
        {
          "acoustic_entropy": 21.919044494628906,
          "acoustic_entropy_side": 21.861278533935547,
          "hz": 2020.9991599069049
        },
        {
          "acoustic_entropy": 21.913394927978516,
          "acoustic_entropy_side": 22.304311752319336,
          "hz": 2261.9676141086993
        },
        {
          "acoustic_entropy": 22.127992630004883,
          "acoustic_entropy_side": 22.393226623535156,
          "hz": 2524.2759484456974
        },
        {
          "acoustic_entropy": 22.342426300048828,
          "acoustic_entropy_side": 22.361095428466797,
          "hz": 2809.813997359896
