{
  "acoustic_entropy": 86.63157653808594,
  "bands": [
    {
      "high_freq": 148.1999969482422,
      "loudness": -50.63874435424805,
      "loudness_range": 24.4237060546875,
      "mid_mean": -48.183658599853516,
      "mid_to_side_loudness": -5.563843727111816,
      "mid_to_side_loudness_range": 8.312667846679688,
      "side_mean": -53.84287643432617
    },
    {
      "high_freq": 392.3793640136719,
      "loudness": -32.45479202270508,
      "loudness_range": 24.241525650024414,
      "low_freq": 148.1999969482422,
      "mid_mean": -32.51335906982422,
      "mid_to_side_loudness": 1.1643915176391602,
      "mid_to_side_loudness_range": 11.7827730178833,
      "side_mean": -31.800752639770508
    },
    {
      "high_freq": 794.6976318359375,
      "loudness": -41.62069320678711,
      "loudness_range": 23.3493595123291,
      "low_freq": 392.3793640136719,
      "mid_mean": -42.784278869628906,
      "mid_to_side_loudness": 2.444620370864868,
      "mid_to_side_loudness_range": 12.438081741333008,
      "side_mean": -40.282386779785156
    },
    {
      "high_freq": 1457.5709228515625,
      "loudness": -47.94296646118164,
      "loudness_range": 24.730690002441406,
      "low_freq": 794.6976318359375,
      "mid_mean": -48.75226974487305,
      "mid_to_side_loudness": 0.7251160144805908,
      "mid_to_side_loudness_range": 8.207548141479492,
      "side_mean": -47.86253356933594
    },
    {
      "high_freq": 2549.74365234375,
      "loudness": -52.934051513671875,
      "loudness_range": 28.520763397216797,
      "low_freq": 1457.5709228515625,
      "mid_mean": -55.341041564941406,
      "mid_to_side_loudness": -0.7140604257583618,
      "mid_to_side_loudness_range": 10.122374534606934,
      "side_mean": -55.88542175292969
    },
    {
      "high_freq": 4349.24462890625,
      "loudness": -65.91912078857422,
      "loudness_range": 26.45220184326172,
      "low_freq": 2549.74365234375,
      "mid_mean": -65.63600158691406,
      "mid_to_side_loudness": 0.8675746321678162,
      "mid_to_side_loudness_range": 6.758671283721924,
      "side_mean": -65.29924011230469
    },
    {
      "high_freq": 7314.1640625,
      "loudness": -78.7802505493164,
      "loudness_range": 18.346633911132812,
      "low_freq": 4349.24462890625,
      "mid_mean": -69.37345123291016,
      "mid_to_side_loudness": -0.10497979074716568,
      "mid_to_side_loudness_range": 2.179927349090576,
      "side_mean": -69.39329528808594
    },
    {
      "high_freq": 12199.2666015625,
      "loudness": 0,
      "loudness_range": 0,
      "low_freq": 7314.1640625,
      "mid_mean": -69.73687744140625,
      "mid_to_side_loudness": 0.004078616853803396,
      "mid_to_side_loudness_range": 0.6413599848747253,
      "side_mean": -69.73831176757812
    },
    {
      "loudness": 0,
      "loudness_range": 0,
      "low_freq": 12199.2666015625,
      "mid_mean": -69.83108520507812,
      "mid_to_side_loudness": 0.016813937574625015,
      "mid_to_side_loudness_range": 0.6557298898696899,
      "side_mean": -69.8307113647461
    }
  ],
  "bands_short": [
    {
      "high_freq": 148.1999969482422,
      "loudness": -56.65858840942383,
      "loudness_range": 21.94696807861328,
      "mid_mean": -54.23982620239258,
      "mid_to_side_loudness": -5.661095142364502,
      "mid_to_side_loudness_range": 10.643178939819336,
      "side_mean": -59.31098937988281
    },
    {
      "high_freq": 392.3793640136719,
      "loudness": -33.305381774902344,
      "loudness_range": 25.12876319885254,
      "low_freq": 148.1999969482422,
      "mid_mean": -33.0341796875,
      "mid_to_side_loudness": 0.6630812883377075,
      "mid_to_side_loudness_range": 12.568441390991211,
      "side_mean": -32.88045883178711
    },
    {
      "high_freq": 794.6976318359375,
      "loudness": -40.38300323486328,
      "loudness_range": 24.22142219543457,
      "low_freq": 392.3793640136719,
      "mid_mean": -42.0433235168457,
      "mid_to_side_loudness": 3.3257334232330322,
      "mid_to_side_loudness_range": 11.65929126739502,
      "side_mean": -38.75493240356445
    },
    {
      "high_freq": 1457.5709228515625,
      "loudness": -48.67697525024414,
      "loudness_range": 25.474342346191406,
      "low_freq": 794.6976318359375,
      "mid_mean": -50.37913513183594,
      "mid_to_side_loudness": 0.783501148223877,
      "mid_to_side_loudness_range": 9.458179473876953,
      "side_mean": -48.78047561645508
    },
    {
      "high_freq": 2549.74365234375,
      "loudness": -53.82764434814453,
      "loudness_range": 29.32880401611328,
      "low_freq": 1457.5709228515625,
      "mid_mean": -56.242706298828125,
      "mid_to_side_loudness": -0.791042149066925,
      "mid_to_side_loudness_range": 11.287763595581055,
      "side_mean": -56.84134292602539
    },
    {
      "high_freq": 4349.24462890625,
      "loudness": -65.14918518066406,
      "loudness_range": 27.47509765625,
      "low_freq": 2549.74365234375,
      "mid_mean": -65.46361541748047,
      "mid_to_side_loudness": 0.585471510887146,
      "mid_to_side_loudness_range": 8.285985946655273,
      "side_mean": -65.33011627197266
    },
    {
      "high_freq": 7314.1640625,
      "loudness": -78.40725708007812,
      "loudness_range": 19.069366455078125,
      "low_freq": 4349.24462890625,
      "mid_mean": -69.40406036376953,
      "mid_to_side_loudness": -0.1183307021856308,
      "mid_to_side_loudness_range": 3.245431900024414,
      "side_mean": -69.42334747314453
    },
    {
      "high_freq": 12199.2666015625,
      "loudness": -83.42781829833984,
      "loudness_range": 5.4459075927734375,
      "low_freq": 7314.1640625,
      "mid_mean": -69.74234771728516,
      "mid_to_side_loudness": 0.010465901345014572,
      "mid_to_side_loudness_range": 1.702215313911438,
      "side_mean": -69.7430191040039
    },
    {
      "loudness": 0,
      "loudness_range": 0,
      "low_freq": 12199.2666015625,
      "mid_mean": -69.83004760742188,
      "mid_to_side_loudness": 0.03520316630601883,
      "mid_to_side_loudness_range": 1.8562335968017578,
      "side_mean": -69.82966613769531
    }
  ],
  "bandwidth": 399.009765625,
  "channels": 2,
  "covariance": [
    [
      63.04865646362305,
      61.940921783447266,
      42.25143814086914,
      39.86872863769531,
      29.769775390625,
      38.35966873168945,
      41.44966125488281,
      42.41543197631836,
      46.04374694824219,
      51.73723602294922,
      25.94915771484375,
      26.48691749572754,
      4.885016441345215,
      4.7882256507873535,
      0.7431885600090027,
      0.7147164940834045,
      -0.012074963189661503,
      -0.009948180988430977
    ],
    [
      61.940921783447266,
      72.35994720458984,
      39.82536697387695,
      36.899105072021484,
      25.664793014526367,
      34.80485153198242,
      35.69290542602539,
      36.80925750732422,
      44.27190017700195,
      50.23692321777344,
      24.536527633666992,
      24.779983520507812,
      4.392306804656982,
      4.306070327758789,
      0.7151361703872681,
      0.6888467669487,
      0.03772377595305443,
      0.040097687393426895
    ],
    [
      42.25143814086914,
      39.82536697387695,
      77.7712631225586,
      65.92344665527344,
      42.695377349853516,
      56.487327575683594,
      58.14005661010742,
      61.1468391418457,
      74.78509521484375,
      75.2235107421875,
      37.26654815673828,
      36.61058044433594,
      6.729113578796387,
      6.393468856811523,
      0.8394532203674316,
      0.8286792635917664,
      -0.10443542897701263,
      -0.10410246253013611
    ],
    [
      39.86872863769531,
      36.899105072021484,
      65.92344665527344,
      72.3359375,
      46.417110443115234,
      54.62040710449219,
      56.54923629760742,
      56.45072555541992,
      75.98043823242188,
      74.34871673583984,
      35.616233825683594,
      36.329742431640625,
      6.511038780212402,
      6.241823196411133,
      0.8453720211982727,
      0.8388880491256714,
      -0.0749000757932663,
      -0.07478207349777222
    ],
    [
      29.769775390625,
      25.664793014526367,
      42.695377349853516,
      46.417110443115234,
      55.491180419921875,
      54.166019439697266,
      47.23839569091797,
      48.05415344238281,
      59.66612243652344,
      59.28636169433594,
      30.913728713989258,
      33.12904357910156,
      5.269311428070068,
      5.230106830596924,
      0.7633766531944275,
      0.7606126666069031,
      -0.036403778940439224,
      -0.036371730268001556
    ],
    [
      38.35966873168945,
      34.80485153198242,
      56.487327575683594,
      54.62040710449219,
      54.166019439697266,
      71.2569351196289,
      57.16758346557617,
      58.126548767089844,
      70.61944580078125,
      74.01661682128906,
      37.75022506713867,
      39.666175842285156,
      6.71120023727417,
      6.37022066116333,
      0.852749228477478,
      0.8489535450935364,
      -0.07347888499498367,
      -0.07286935299634933
    ],
    [
      41.44966125488281,
      35.69290542602539,
      58.14005661010742,
      56.54923629760742,
      47.23839569091797,
      57.16758346557617,
      83.49969482421875,
      81.4161605834961,
      81.00653839111328,
      82.79338073730469,
      40.76308059692383,
      42.63833236694336,
      6.7746734619140625,
      6.555553436279297,
      0.9781277179718018,
      0.9363059997558594,
      -0.06028083711862564,
      -0.06030645966529846
    ],
    [
      42.41543197631836,
      36.80925750732422,
      61.1468391418457,
      56.45072555541992,
      48.05415344238281,
      58.126548767089844,
      81.4161605834961,
      90.28083801269531,
      82.7389907836914,
      83.65191650390625,
      43.07930374145508,
      43.771034240722656,
      7.044798851013184,
      6.943264484405518,
      0.9904730319976807,
      0.9468578696250916,
      -0.07829958200454712,
      -0.07715299725532532
    ],
    [
      46.04374694824219,
      44.27190017700195,
      74.78509521484375,
      75.98043823242188,
      59.66612243652344,
      70.61944580078125,
      81.00653839111328,
      82.7389907836914,
      115.09381103515625,
      108.54840087890625,
      52.453189849853516,
      53.62028503417969,
      8.144482612609863,
      7.911089897155762,
      1.0621517896652222,
      1.0483500957489014,
      -0.03997926414012909,
      -0.03831031173467636
    ],
    [
      51.73723602294922,
      50.23692321777344,
      75.2235107421875,
      74.34871673583984,
      59.28636169433594,
      74.01661682128906,
      82.79338073730469,
      83.65191650390625,
      108.54840087890625,
      110.6355972290039,
      52.7332763671875,
      54.64463424682617,
      8.641977310180664,
      8.318719863891602,
      1.1577321290969849,
      1.1331920623779297,
      -0.04448461905121803,
      -0.043474726378917694
    ],
    [
      25.94915771484375,
      24.536527633666992,
      37.26654815673828,
      35.616233825683594,
      30.913728713989258,
      37.75022506713867,
      40.76308059692383,
      43.07930374145508,
      52.453189849853516,
      52.7332763671875,
      35.674747467041016,
      35.49708557128906,
      6.589385986328125,
      6.413235664367676,
      0.6942060589790344,
      0.6798005104064941,
      -0.09868630766868591,
      -0.09831590950489044
    ],
    [
      26.48691749572754,
      24.779983520507812,
      36.61058044433594,
      36.329742431640625,
      33.12904357910156,
      39.666175842285156,
      42.63833236694336,
      43.771034240722656,
      53.62028503417969,
      54.64463424682617,
      35.49708557128906,
      37.32368850708008,
      6.727673053741455,
      6.508358478546143,
      0.7450801134109497,
      0.7238953113555908,
      -0.09034637361764908,
      -0.0891137421131134
    ],
    [
      4.885016441345215,
      4.392306804656982,
      6.729113578796387,
      6.511038780212402,
      5.269311428070068,
      6.71120023727417,
      6.7746734619140625,
      7.044798851013184,
      8.144482612609863,
      8.641977310180664,
      6.589385986328125,
      6.727673053741455,
      2.231825351715088,
      2.0743446350097656,
      0.206493079662323,
      0.20277103781700134,
      -0.028109624981880188,
      -0.027547253295779228
    ],
    [
      4.7882256507873535,
      4.306070327758789,
      6.393468856811523,
      6.241823196411133,
      5.230106830596924,
      6.37022066116333,
      6.555553436279297,
      6.943264484405518,
      7.911089897155762,
      8.318719863891602,
      6.413235664367676,
      6.508358478546143,
      2.0743446350097656,
      2.076824903488159,
      0.20449475944042206,
      0.20146781206130981,
      -0.02595888078212738,
      -0.025419918820261955
    ],
    [
      0.7431885600090027,
      0.7151361703872681,
      0.8394532203674316,
      0.8453720211982727,
      0.7633766531944275,
      0.852749228477478,
      0.9781277179718018,
      0.9904730319976807,
      1.0621517896652222,
      1.1577321290969849,
      0.6942060589790344,
      0.7450801134109497,
      0.206493079662323,
      0.20449475944042206,
      0.04708552360534668,
      0.043835245072841644,
      0.0018238745396956801,
      0.0019226173171773553
    ],
    [
      0.7147164940834045,
      0.6888467669487,
      0.8286792635917664,
      0.8388880491256714,
      0.7606126666069031,
      0.8489535450935364,
      0.9363059997558594,
      0.9468578696250916,
      1.0483500957489014,
      1.1331920623779297,
      0.6798005104064941,
      0.7238953113555908,
      0.20277103781700134,
      0.20146781206130981,
      0.043835245072841644,
      0.04195507988333702,
      0.0016957600601017475,
      0.0018018049886450171
    ],
    [
      -0.012074963189661503,
      0.03772377595305443,
      -0.10443542897701263,
      -0.0749000757932663,
      -0.036403778940439224,
      -0.07347888499498367,
      -0.06028083711862564,
      -0.07829958200454712,
      -0.03997926414012909,
      -0.04448461905121803,
      -0.09868630766868591,
      -0.09034637361764908,
      -0.028109624981880188,
      -0.02595888078212738,
      0.0018238745396956801,
      0.0016957600601017475,
      0.0025088863912969828,
      0.002488938858732581
    ],
    [
      -0.009948180988430977,
      0.040097687393426895,
      -0.10410246253013611,
      -0.07478207349777222,
      -0.036371730268001556,
      -0.07286935299634933,
      -0.06030645966529846,
      -0.07715299725532532,
      -0.03831031173467636,
      -0.043474726378917694,
      -0.09831590950489044,
      -0.0891137421131134,
      -0.027547253295779228,
      -0.025419918820261955,
      0.0019226173171773553,
      0.0018018049886450171,
      0.002488938858732581,
      0.002547014970332384
    ]
  ],
  "covariance_short": [
    [
      56.52284240722656,
      41.8132438659668,
      39.338966369628906,
      37.435203552246094,
      30.045433044433594,
      34.94166564941406,
      50.19186019897461,
      43.920597076416016,
      48.256771087646484,
      50.74536895751953,
      29.0830020904541,
      28.63975715637207,
      5.172767639160156,
      5.100442409515381,
      0.8435585498809814,
      0.8283743262290955,
      0.014460394158959389,
      0.015214051119983196
    ],
    [
      41.8132438659668,
      39.1249885559082,
      34.861610412597656,
      33.879913330078125,
      25.71788215637207,
      29.67201042175293,
      40.66314697265625,
      36.68818664550781,
      39.780033111572266,
      42.4887580871582,
      24.90396499633789,
      24.35321044921875,
      4.606863975524902,
      4.5240325927734375,
      0.755527675151825,
      0.7438343167304993,
      0.0007246126187965274,
      0.0016669615870341659
    ],
    [
      39.338966369628906,
      34.861610412597656,
      79.85173797607422,
      66.60382080078125,
      37.90607452392578,
      47.24453353881836,
      56.173301696777344,
      60.85716247558594,
      69.15094757080078,
      71.22855377197266,
      40.85449981689453,
      38.483882904052734,
      6.667607307434082,
      6.477963924407959,
      0.8482511639595032,
      0.8393489718437195,
      -0.12394040077924728,
      -0.1235712468624115
    ],
    [
      37.435203552246094,
      33.879913330078125,
      66.60382080078125,
      74.17620849609375,
      44.24013137817383,
      52.26108169555664,
      57.22943115234375,
      59.465091705322266,
      72.43722534179688,
      72.16256713867188,
      40.479434967041016,
      38.47178649902344,
      6.688788890838623,
      6.5557098388671875,
      0.8791225552558899,
      0.8752080798149109,
      -0.09786108136177063,
      -0.0974697694182396
    ],
    [
      30.045433044433594,
      25.71788215637207,
      37.90607452392578,
      44.24013137817383,
      56.87236022949219,
      55.872257232666016,
      50.198551177978516,
      49.273521423339844,
      60.56684875488281,
      59.522117614746094,
      33.07478332519531,
      34.70549392700195,
      5.512211322784424,
      5.469470500946045,
      0.8187735080718994,
      0.821708083152771,
      -0.03551272302865982,
      -0.036579180508852005
    ],
    [
      34.94166564941406,
      29.67201042175293,
      47.24453353881836,
      52.26108169555664,
      55.872257232666016,
      72.9528579711914,
      58.23081588745117,
      54.70512390136719,
      71.13851928710938,
      72.02843475341797,
      40.169010162353516,
      41.957427978515625,
      6.571161270141602,
      6.26336669921875,
      0.8465669751167297,
      0.8498938679695129,
      -0.06460031121969223,
      -0.0630297064781189
    ],
    [
      50.19186019897461,
      40.66314697265625,
      56.173301696777344,
      57.22943115234375,
      50.198551177978516,
      58.23081588745117,
      96.85155487060547,
      83.36322784423828,
      87.80461120605469,
      88.50760650634766,
      45.30415725708008,
      45.94077682495117,
      6.919841766357422,
      6.7422943115234375,
      1.1523224115371704,
      1.12070631980896,
      0.039268847554922104,
      0.04055475816130638
    ],
    [
      43.920597076416016,
      36.68818664550781,
      60.85716247558594,
      59.465091705322266,
      49.273521423339844,
      54.70512390136719,
      83.36322784423828,
      92.43931579589844,
      82.9853744506836,
      83.49249267578125,
      46.29917526245117,
      45.911373138427734,
      7.000352382659912,
      6.985495090484619,
      1.040395736694336,
      1.0087944269180298,
      -0.07909540832042694,
      -0.07907100766897202
    ],
    [
      48.256771087646484,
      39.780033111572266,
      69.15094757080078,
      72.43722534179688,
      60.56684875488281,
      71.13851928710938,
      87.80461120605469,
      82.9853744506836,
      113.20445251464844,
      105.43071746826172,
      56.8213996887207,
      56.00540542602539,
      8.012340545654297,
      7.86936616897583,
      1.107428789138794,
      1.0982985496520996,
      -0.052711937576532364,
      -0.05038175731897354
    ],
    [
      50.74536895751953,
      42.4887580871582,
      71.22855377197266,
      72.16256713867188,
      59.522117614746094,
      72.02843475341797,
      88.50760650634766,
      83.49249267578125,
      105.43071746826172,
      108.14069366455078,
      56.84613037109375,
      56.860191345214844,
      8.516331672668457,
      8.290231704711914,
      1.2178500890731812,
      1.199919581413269,
      -0.05679939687252045,
      -0.055671267211437225
    ],
    [
      29.0830020904541,
      24.90396499633789,
      40.85449981689453,
      40.479434967041016,
      33.07478332519531,
      40.169010162353516,
      45.30415725708008,
      46.29917526245117,
      56.8213996887207,
      56.84613037109375,
      42.606136322021484,
      40.50116729736328,
      7.062071800231934,
      7.016172885894775,
      0.8253553509712219,
      0.8222049474716187,
      -0.11196114122867584,
      -0.11150391399860382
    ],
    [
      28.63975715637207,
      24.35321044921875,
      38.483882904052734,
      38.47178649902344,
      34.70549392700195,
      41.957427978515625,
      45.94077682495117,
      45.911373138427734,
      56.00540542602539,
      56.860191345214844,
      40.50116729736328,
      41.277687072753906,
      6.976874351501465,
      6.82893705368042,
      0.8249735236167908,
      0.8154213428497314,
      -0.10651782155036926,
      -0.10564206540584564
    ],
    [
      5.172767639160156,
      4.606863975524902,
      6.667607307434082,
      6.688788890838623,
      5.512211322784424,
      6.571161270141602,
      6.919841766357422,
      7.000352382659912,
      8.012340545654297,
      8.516331672668457,
      7.062071800231934,
      6.976874351501465,
      2.406376600265503,
      2.260533571243286,
      0.25464722514152527,
      0.2533552348613739,
      -0.026746047660708427,
      -0.026495609432458878
    ],
    [
      5.100442409515381,
      4.5240325927734375,
      6.477963924407959,
      6.5557098388671875,
      5.469470500946045,
      6.26336669921875,
      6.7422943115234375,
      6.985495090484619,
      7.86936616897583,
      8.290231704711914,
      7.016172885894775,
      6.82893705368042,
      2.260533571243286,
      2.4015567302703857,
      0.25494620203971863,
      0.25461578369140625,
      -0.02571650967001915,
      -0.025395222008228302
    ],
    [
      0.8435585498809814,
      0.755527675151825,
      0.8482511639595032,
      0.8791225552558899,
      0.8187735080718994,
      0.8465669751167297,
      1.1523224115371704,
      1.040395736694336,
      1.107428789138794,
      1.2178500890731812,
      0.8253553509712219,
      0.8249735236167908,
      0.25464722514152527,
      0.25494620203971863,
      0.08776658028364182,
      0.08223272860050201,
      0.007317660842090845,
      0.0075499205850064754
    ],
    [
      0.8283743262290955,
      0.7438343167304993,
      0.8393489718437195,
      0.8752080798149109,
      0.821708083152771,
      0.8498938679695129,
      1.12070631980896,
      1.0087944269180298,
      1.0982985496520996,
      1.199919581413269,
      0.8222049474716187,
      0.8154213428497314,
      0.2533552348613739,
      0.25461578369140625,
      0.08223272860050201,
      0.08113139867782593,
      0.0072462307289242744,
      0.007477617356926203
    ],
    [
      0.014460394158959389,
      0.0007246126187965274,
      -0.12394040077924728,
      -0.09786108136177063,
      -0.03551272302865982,
      -0.06460031121969223,
      0.039268847554922104,
      -0.07909540832042694,
      -0.052711937576532364,
      -0.05679939687252045,
      -0.11196114122867584,
      -0.10651782155036926,
      -0.026746047660708427,
      -0.02571650967001915,
      0.007317660842090845,
      0.0072462307289242744,
      0.005114619620144367,
      0.004858545958995819
    ],
    [
      0.015214051119983196,
      0.0016669615870341659,
      -0.1235712468624115,
      -0.0974697694182396,
      -0.036579180508852005,
      -0.0630297064781189,
      0.04055475816130638,
      -0.07907100766897202,
      -0.05038175731897354,
      -0.055671267211437225,
      -0.11150391399860382,
      -0.10564206540584564,
      -0.026495609432458878,
      -0.025395222008228302,
      0.0075499205850064754,
      0.007477617356926203,
      0.004858545958995819,
      0.005245236214250326
    ]
  ],
  "damage": -13.422561645507812,
  "diff_bandwidth": 415.5199890136719,
  "dissonance": 2.325639576438498,
  "drr": 5.738579750061035,
  "dynamics": 7.175868511199951,
  "format": 1245190,
  "frames": 10889152,
  "loudness": -26.49951171875,
  "loudness_range": 21.94860076904297,
  "loudness_range_short": 23.03073501586914,
  "lowpass_true_peak_15khz": -0.7518946528434753,
  "mastering3_acoustic_entropies": [
    {
      "acoustic_entropy": 6.6394500732421875,
      "acoustic_entropy_mono": 5.478986740112305,
      "band_eliminated_acoustic_entropies": [
        {
          "acoustic_entropy": 6.638782024383545,
          "acoustic_entropy_side": 6.639333724975586,
          "hz": 129.47220167065723
        },
        {
          "acoustic_entropy": 6.837799549102783,
          "acoustic_entropy_side": 6.877572059631348,
          "hz": 202.92927478742237
        },
        {
          "acoustic_entropy": 6.752238750457764,
          "acoustic_entropy_side": 6.93030309677124,
          "hz": 282.89161906338205
        },
        {
          "acoustic_entropy": 6.293198108673096,
          "acoustic_entropy_side": 6.661355018615723,
          "hz": 369.9353335868758
        },
        {
          "acoustic_entropy": 6.195518493652344,
          "acoustic_entropy_side": 7.129223346710205,
          "hz": 464.6875360973435
        },
        {
          "acoustic_entropy": 6.542230606079102,
          "acoustic_entropy_side": 6.718267440795898,
          "hz": 567.8308811364784
        },
        {
          "acoustic_entropy": 6.679726600646973,
          "acoustic_entropy_side": 6.967532157897949,
          "hz": 680.1084783214808
        },
        {
          "acoustic_entropy": 6.670176029205322,
          "acoustic_entropy_side": 6.718470096588135,
          "hz": 802.3292461747484
        },
        {
          "acoustic_entropy": 6.716597557067871,
          "acoustic_entropy_side": 6.710032939910889,
          "hz": 935.3737400823702
        },
        {
          "acoustic_entropy": 6.459705352783203,
          "acoustic_entropy_side": 6.540387153625488,
          "hz": 1080.2004963696966
        },
        {
          "acoustic_entropy": 6.015172958374023,
          "acoustic_entropy_side": 5.999212741851807,
          "hz": 1237.8529382007157
        },
        {
          "acoustic_entropy": 6.264616012573242,
          "acoustic_entropy_side": 6.249519348144531,
          "hz": 1409.4668930556702
        },
        {
          "acoustic_entropy": 6.586474418640137,
          "acoustic_entropy_side": 6.584686756134033,
          "hz": 1596.2787759475705
        },
        {
          "acoustic_entropy": 6.736603736877441,
          "acoustic_entropy_side": 6.649839878082275,
          "hz": 1799.6344973346393
        },
        {
          "acoustic_entropy": 6.656280994415283,
          "acoustic_entropy_side": 6.63636589050293,
          "hz": 2020.9991599069049
        },
        {
          "acoustic_entropy": 6.664165019989014,
          "acoustic_entropy_side": 6.646074295043945,
          "hz": 2261.9676141086993
        },
        {
          "acoustic_entropy": 6.646668434143066,
          "acoustic_entropy_side": 6.647413730621338,
          "hz": 2524.2759484456974
        },
        {
          "acoustic_entropy": 6.637679100036621,
          "acoustic_entropy_side": 6.638914585113525,
          "hz": 2809.813997359896
        },
        {
          "acoustic_entropy": 6.639459609985352,
          "acoustic_entropy_side": 6.639379501342773,
          "hz": 3120.6389567871424
        },
        {
          "acoustic_entropy": 6.6403117179870605,
          "acoustic_entropy_side": 6.639839172363281,
          "hz": 3458.990205492291
        },
        {
          "acoustic_entropy": 6.639318466186523,
          "acoustic_entropy_side": 6.63939905166626,
          "hz": 3827.305438964164
        },
        {
          "acoustic_entropy": 6.639430999755859,
          "acoustic_entropy_side": 6.639434814453125,
          "hz": 4228.238232109126
        },
        {
          "acoustic_entropy": 6.639448642730713,
          "acoustic_entropy_side": 6.639449596405029,
          "hz": 4664.6771572759235
        },
        {
          "acoustic_entropy": 6.6394476890563965,
          "acoustic_entropy_side": 6.639449596405029,
          "hz": 5139.766595350093
        },
        {
          "acoustic_entropy": 6.639449596405029,
          "acoustic_entropy_side": 6.639449119567871,
          "hz": 5656.929389854203
        },
        {
          "acoustic_entropy": 6.639449596405029,
          "acoustic_entropy_side": 6.639449596405029,
          "hz": 6219.891507268283
        },
        {
          "acoustic_entropy": 6.6394500732421875,
          "acoustic_entropy_side": 6.6394500732421875,
          "hz": 6832.70888123896
        },
        {
          "acoustic_entropy": 6.6394500732421875,
          "acoustic_entropy_side": 6.6394500732421875,
          "hz": 7499.796634079867
        },
        {
          "acoustic_entropy": 6.6394500732421875,
          "acoustic_entropy_side": 6.6394500732421875,
          "hz": 8225.96088609342
        },
        {
          "acoustic_entropy": 6.6394500732421875,
          "acoustic_entropy_side": 6.6394500732421875,
          "hz": 9016.43338188839
        },
        {
          "acoustic_entropy": 6.6394500732421875,
          "acoustic_entropy_side": 6.6394500732421875,
          "hz": 9876.909183162974
        },
        {
          "acoustic_entropy": 6.6394500732421875,
          "acoustic_entropy_side": 6.6394500732421875,
          "hz": 10813.587699516042
        },
        {
          "acoustic_entropy": 6.6394500732421875,
          "acoustic_entropy_side": 6.6394500732421875,
          "hz": 11833.21735289826
        },
        {
          "acoustic_entropy": 6.6394500732421875,
          "acoustic_entropy_side": 6.6394500732421875,
          "hz": 12943.144197493959
        },
        {
          "acoustic_entropy": 6.6394500732421875,
          "acoustic_entropy_side": 6.6394500732421875,
          "hz": 14151.364845322005
        },
        {
          "acoustic_entropy": 6.6394500732421875,
          "acoustic_entropy_side": 6.6394500732421875,
          "hz": 15466.58407886509
        },
        {
          "acoustic_entropy": 6.6394500732421875,
          "acoustic_entropy_side": 6.6394500732421875,
          "hz": 16898.27756580493
        },
        {
          "acoustic_entropy": 6.6394500732421875,
          "acoustic_entropy_side": 6.6394500732421875,
          "hz": 18456.760127700032
        },
        {
          "acoustic_entropy": 6.6394500732421875,
          "acoustic_entropy_side": 6.6394500732421875,
          "hz": 20153.260054456492
        },
        {
          "acoustic_entropy": 6.6394500732421875,
          "acoustic_entropy_side": 6.6394500732421875,
          "hz": 22000.00000000001
        }
      ],
      "diff_acoustic_entropy": 3.5494251251220703,
      "sn": 6
    },
    {
      "acoustic_entropy": 9.25123119354248,
      "acoustic_entropy_mono": 7.993243217468262,
      "band_eliminated_acoustic_entropies": [
        {
          "acoustic_entropy": 9.240524291992188,
          "acoustic_entropy_side": 9.25085735321045,
          "hz": 129.47220167065723
        },
        {
          "acoustic_entropy": 9.45674991607666,
          "acoustic_entropy_side": 9.56738567352295,
          "hz": 202.92927478742237
        },
        {
          "acoustic_entropy": 9.082491874694824,
          "acoustic_entropy_side": 9.899307250976562,
          "hz": 282.89161906338205
        },
        {
          "acoustic_entropy": 9.406913757324219,
          "acoustic_entropy_side": 9.155096054077148,
          "hz": 369.9353335868758
        },
        {
          "acoustic_entropy": 8.711689949035645,
          "acoustic_entropy_side": 9.926340103149414,
          "hz": 464.6875360973435
        },
        {
          "acoustic_entropy": 10.104013442993164,
          "acoustic_entropy_side": 10.16099739074707,
          "hz": 567.8308811364784
        },
        {
          "acoustic_entropy": 8.959555625915527,
          "acoustic_entropy_side": 9.428683280944824,
          "hz": 680.1084783214808
        },
        {
          "acoustic_entropy": 9.271334648132324,
          "acoustic_entropy_side": 9.464753150939941,
          "hz": 802.3292461747484
        },
        {
          "acoustic_entropy": 9.337471008300781,
          "acoustic_entropy_side": 9.438478469848633,
          "hz": 935.3737400823702
        },
        {
          "acoustic_entropy": 9.22250747680664,
          "acoustic_entropy_side": 9.314483642578125,
          "hz": 1080.2004963696966
        },
        {
          "acoustic_entropy": 8.936325073242188,
          "acoustic_entropy_side": 8.849302291870117,
          "hz": 1237.8529382007157
        },
        {
          "acoustic_entropy": 9.034260749816895,
          "acoustic_entropy_side": 9.169374465942383,
          "hz": 1409.4668930556702
        },
        {
          "acoustic_entropy": 9.074763298034668,
          "acoustic_entropy_side": 9.105175971984863,
          "hz": 1596.2787759475705
        },
        {
          "acoustic_entropy": 9.058660507202148,
          "acoustic_entropy_side": 9.113301277160645,
          "hz": 1799.6344973346393
        },
        {
          "acoustic_entropy": 9.016664505004883,
          "acoustic_entropy_side": 9.216582298278809,
          "hz": 2020.9991599069049
        },
        {
          "acoustic_entropy": 9.02536392211914,
          "acoustic_entropy_side": 9.137127876281738,
          "hz": 2261.9676141086993
        },
        {
          "acoustic_entropy": 9.190092086791992,
          "acoustic_entropy_side": 9.2147216796875,
          "hz": 2524.2759484456974
        },
        {
          "acoustic_entropy": 9.20385456085205,
          "acoustic_entropy_side": 9.231199264526367,
          "hz": 2809.813997359896
        },
        {
          "acoustic_entropy": 9.23929214477539,
          "acoustic_entropy_side": 9.248298645019531,
          "hz": 3120.6389567871424
        },
        {
          "acoustic_entropy": 9.238269805908203,
          "acoustic_entropy_side": 9.248958587646484,
          "hz": 3458.990205492291
        },
        {
          "acoustic_entropy": 9.251065254211426,
          "acoustic_entropy_side": 9.251306533813477,
          "hz": 3827.305438964164
        },
        {
          "acoustic_entropy": 9.250344276428223,
          "acoustic_entropy_side": 9.250775337219238,
          "hz": 4228.238232109126
        },
        {
          "acoustic_entropy": 9.251164436340332,
          "acoustic_entropy_side": 9.251176834106445,
          "hz": 4664.6771572759235
        },
        {
          "acoustic_entropy": 9.25125503540039,
          "acoustic_entropy_side": 9.251227378845215,
          "hz": 5139.766595350093
        },
        {
          "acoustic_entropy": 9.251232147216797,
          "acoustic_entropy_side": 9.251230239868164,
          "hz": 5656.929389854203
        },
        {
          "acoustic_entropy": 9.251232147216797,
          "acoustic_entropy_side": 9.25123119354248,
          "hz": 6219.891507268283
        },
        {
          "acoustic_entropy": 9.251233100891113,
          "acoustic_entropy_side": 9.25123119354248,
          "hz": 6832.70888123896
        },
        {
          "acoustic_entropy": 9.25123119354248,
          "acoustic_entropy_side": 9.25123119354248,
          "hz": 7499.796634079867
        },
        {
          "acoustic_entropy": 9.25123119354248,
          "acoustic_entropy_side": 9.25123119354248,
          "hz": 8225.96088609342
        },
        {
          "acoustic_entropy": 9.25123119354248,
          "acoustic_entropy_side": 9.25123119354248,
          "hz": 9016.43338188839
        },
        {
          "acoustic_entropy": 9.25123119354248,
          "acoustic_entropy_side": 9.25123119354248,
          "hz": 9876.909183162974
        },
        {
          "acoustic_entropy": 9.25123119354248,
          "acoustic_entropy_side": 9.25123119354248,
          "hz": 10813.587699516042
        },
        {
          "acoustic_entropy": 9.25123119354248,
          "acoustic_entropy_side": 9.25123119354248,
          "hz": 11833.21735289826
        },
        {
          "acoustic_entropy": 9.25123119354248,
          "acoustic_entropy_side": 9.25123119354248,
          "hz": 12943.144197493959
        },
        {
          "acoustic_entropy": 9.25123119354248,
          "acoustic_entropy_side": 9.25123119354248,
          "hz": 14151.364845322005
        },
        {
          "acoustic_entropy": 9.25123119354248,
          "acoustic_entropy_side": 9.25123119354248,
          "hz": 15466.58407886509
        },
        {
          "acoustic_entropy": 9.25123119354248,
          "acoustic_entropy_side": 9.25123119354248,
          "hz": 16898.27756580493
        },
        {
          "acoustic_entropy": 9.25123119354248,
          "acoustic_entropy_side": 9.25123119354248,
          "hz": 18456.760127700032
        },
        {
          "acoustic_entropy": 9.25123119354248,
          "acoustic_entropy_side": 9.25123119354248,
          "hz": 20153.260054456492
        },
        {
          "acoustic_entropy": 9.25123119354248,
          "acoustic_entropy_side": 9.25123119354248,
          "hz": 22000.00000000001
        }
      ],
      "diff_acoustic_entropy": 5.287241458892822,
      "sn": 12
    },
    {
      "acoustic_entropy": 15.452143669128418,
      "acoustic_entropy_mono": 11.647224426269531,
      "band_eliminated_acoustic_entropies": [
        {
          "acoustic_entropy": 15.365167617797852,
          "acoustic_entropy_side": 15.476136207580566,
          "hz": 129.47220167065723
        },
        {
          "acoustic_entropy": 15.32494068145752,
          "acoustic_entropy_side": 15.702454566955566,
          "hz": 202.92927478742237
        },
        {
          "acoustic_entropy": 15.683794021606445,
          "acoustic_entropy_side": 15.776206016540527,
          "hz": 282.89161906338205
        },
        {
          "acoustic_entropy": 15.395166397094727,
          "acoustic_entropy_side": 15.129040718078613,
          "hz": 369.9353335868758
        },
        {
          "acoustic_entropy": 14.37455940246582,
          "acoustic_entropy_side": 15.292327880859375,
          "hz": 464.6875360973435
        },
        {
          "acoustic_entropy": 15.22870922088623,
          "acoustic_entropy_side": 15.013431549072266,
          "hz": 567.8308811364784
        },
        {
          "acoustic_entropy": 14.19235897064209,
          "acoustic_entropy_side": 15.01927375793457,
          "hz": 680.1084783214808
        },
        {
          "acoustic_entropy": 15.303058624267578,
          "acoustic_entropy_side": 15.106578826904297,
          "hz": 802.3292461747484
        },
        {
          "acoustic_entropy": 15.299581527709961,
          "acoustic_entropy_side": 15.840965270996094,
          "hz": 935.3737400823702
        },
        {
          "acoustic_entropy": 15.07906723022461,
          "acoustic_entropy_side": 14.899595260620117,
          "hz": 1080.2004963696966
        },
        {
          "acoustic_entropy": 14.517412185668945,
          "acoustic_entropy_side": 15.34343433380127,
          "hz": 1237.8529382007157
        },
        {
          "acoustic_entropy": 15.172995567321777,
          "acoustic_entropy_side": 15.297477722167969,
          "hz": 1409.4668930556702
        },
        {
          "acoustic_entropy": 15.11287784576416,
          "acoustic_entropy_side": 14.641966819763184,
          "hz": 1596.2787759475705
        },
        {
          "acoustic_entropy": 15.478717803955078,
          "acoustic_entropy_side": 15.277300834655762,
          "hz": 1799.6344973346393
        },
        {
          "acoustic_entropy": 14.71937084197998,
          "acoustic_entropy_side": 15.08575439453125,
          "hz": 2020.9991599069049
        },
        {
          "acoustic_entropy": 15.42243480682373,
          "acoustic_entropy_side": 15.487418174743652,
          "hz": 2261.9676141086993
        },
        {
          "acoustic_entropy": 15.019493103027344,
          "acoustic_entropy_side": 15.215707778930664,
          "hz": 2524.2759484456974
        },
        {
          "acoustic_entropy": 15.479717254638672,
          "acoustic_entropy_side": 15.462888717651367,
