{
  "acoustic_entropy": 205.25155639648438,
  "bands": [
    {
      "high_freq": 148.1999969482422,
      "loudness": -17.06954574584961,
      "loudness_range": 5.359443664550781,
      "mid_mean": -13.461739540100098,
      "mid_to_side_loudness": -20.279993057250977,
      "mid_to_side_loudness_range": 20.510513305664062,
      "side_mean": -34.12752914428711
    },
    {
      "high_freq": 392.3793640136719,
      "loudness": -18.808319091796875,
      "loudness_range": 6.483819961547852,
      "low_freq": 148.1999969482422,
      "mid_mean": -15.582377433776855,
      "mid_to_side_loudness": -10.112493515014648,
      "mid_to_side_loudness_range": 8.335599899291992,
      "side_mean": -25.83145523071289
    },
    {
      "high_freq": 794.6976318359375,
      "loudness": -20.3663387298584,
      "loudness_range": 8.018241882324219,
      "low_freq": 392.3793640136719,
      "mid_mean": -17.400449752807617,
      "mid_to_side_loudness": -8.126730918884277,
      "mid_to_side_loudness_range": 7.97945499420166,
      "side_mean": -25.55823516845703
    },
    {
      "high_freq": 1457.5709228515625,
      "loudness": -20.656707763671875,
      "loudness_range": 11.610032081604004,
      "low_freq": 794.6976318359375,
      "mid_mean": -17.832246780395508,
      "mid_to_side_loudness": -7.202048301696777,
      "mid_to_side_loudness_range": 7.851869106292725,
      "side_mean": -25.031217575073242
    },
    {
      "high_freq": 2549.74365234375,
      "loudness": -18.783546447753906,
      "loudness_range": 11.422990798950195,
      "low_freq": 1457.5709228515625,
      "mid_mean": -15.97128677368164,
      "mid_to_side_loudness": -6.9452996253967285,
      "mid_to_side_loudness_range": 6.563350677490234,
      "side_mean": -22.91266632080078
    },
    {
      "high_freq": 4349.24462890625,
      "loudness": -20.297344207763672,
      "loudness_range": 9.057438850402832,
      "low_freq": 2549.74365234375,
      "mid_mean": -17.5522403717041,
      "mid_to_side_loudness": -6.679717540740967,
      "mid_to_side_loudness_range": 7.071569442749023,
      "side_mean": -24.189369201660156
    },
    {
      "high_freq": 7314.1640625,
      "loudness": -20.85967254638672,
      "loudness_range": 8.076183319091797,
      "low_freq": 4349.24462890625,
      "mid_mean": -18.145017623901367,
      "mid_to_side_loudness": -6.421081066131592,
      "mid_to_side_loudness_range": 6.942099571228027,
      "side_mean": -24.559890747070312
    },
    {
      "high_freq": 12199.2666015625,
      "loudness": -24.649089813232422,
      "loudness_range": 7.057956695556641,
      "low_freq": 7314.1640625,
      "mid_mean": -21.935890197753906,
      "mid_to_side_loudness": -6.184274196624756,
      "mid_to_side_loudness_range": 4.747391700744629,
      "side_mean": -28.123090744018555
    },
    {
      "loudness": -30.390962600708008,
      "loudness_range": 7.234506607055664,
      "low_freq": 12199.2666015625,
      "mid_mean": -27.83669662475586,
      "mid_to_side_loudness": -5.468228816986084,
      "mid_to_side_loudness_range": 3.9059486389160156,
      "side_mean": -33.25069046020508
    }
  ],
  "bands_short": [
    {
      "high_freq": 148.1999969482422,
      "loudness": -19.415260314941406,
      "loudness_range": 10.99445629119873,
      "mid_mean": -15.780316352844238,
      "mid_to_side_loudness": -25.575477600097656,
      "mid_to_side_loudness_range": 24.91669464111328,
      "side_mean": -41.937049865722656
    },
    {
      "high_freq": 392.3793640136719,
      "loudness": -18.351543426513672,
      "loudness_range": 9.672259330749512,
      "low_freq": 148.1999969482422,
      "mid_mean": -15.093423843383789,
      "mid_to_side_loudness": -11.25618839263916,
      "mid_to_side_loudness_range": 13.835138320922852,
      "side_mean": -26.557697296142578
    },
    {
      "high_freq": 794.6976318359375,
      "loudness": -21.167448043823242,
      "loudness_range": 11.81509780883789,
      "low_freq": 392.3793640136719,
      "mid_mean": -18.317167282104492,
      "mid_to_side_loudness": -8.187895774841309,
      "mid_to_side_loudness_range": 12.163114547729492,
      "side_mean": -26.578556060791016
    },
    {
      "high_freq": 1457.5709228515625,
      "loudness": -21.45441246032715,
      "loudness_range": 15.185569763183594,
      "low_freq": 794.6976318359375,
      "mid_mean": -18.699405670166016,
      "mid_to_side_loudness": -7.406699180603027,
      "mid_to_side_loudness_range": 11.219799041748047,
      "side_mean": -26.14794921875
    },
    {
      "high_freq": 2549.74365234375,
      "loudness": -19.46636962890625,
      "loudness_range": 13.677311897277832,
      "low_freq": 1457.5709228515625,
      "mid_mean": -16.68406867980957,
      "mid_to_side_loudness": -6.972523212432861,
      "mid_to_side_loudness_range": 8.591135025024414,
      "side_mean": -23.695585250854492
    },
    {
      "high_freq": 4349.24462890625,
      "loudness": -20.85017204284668,
      "loudness_range": 11.977511405944824,
      "low_freq": 2549.74365234375,
      "mid_mean": -18.10796356201172,
      "mid_to_side_loudness": -6.795969009399414,
      "mid_to_side_loudness_range": 8.496869087219238,
      "side_mean": -24.91329002380371
    },
    {
      "high_freq": 7314.1640625,
      "loudness": -21.519880294799805,
      "loudness_range": 10.928722381591797,
      "low_freq": 4349.24462890625,
      "mid_mean": -18.831626892089844,
      "mid_to_side_loudness": -6.417147636413574,
      "mid_to_side_loudness_range": 8.134328842163086,
      "side_mean": -25.264421463012695
    },
    {
      "high_freq": 12199.2666015625,
      "loudness": -25.477386474609375,
      "loudness_range": 10.511104583740234,
      "low_freq": 7314.1640625,
      "mid_mean": -22.81056785583496,
      "mid_to_side_loudness": -6.006661891937256,
      "mid_to_side_loudness_range": 5.76270866394043,
      "side_mean": -28.85524559020996
    },
    {
      "loudness": -32.1423454284668,
      "loudness_range": 14.184539794921875,
      "low_freq": 12199.2666015625,
      "mid_mean": -29.615657806396484,
      "mid_to_side_loudness": -5.47330904006958,
      "mid_to_side_loudness_range": 5.566638946533203,
      "side_mean": -35.08640670776367
    }
  ],
  "bandwidth": 741.6171264648438,
  "channels": 2,
  "covariance": [
    [
      5.533686637878418,
      4.323554039001465,
      0.726168155670166,
      0.6562938094139099,
      -0.4034035801887512,
      -0.4299811124801636,
      -0.2706719636917114,
      0.19559818506240845,
      0.426908016204834,
      0.21679836511611938,
      0.7786839604377747,
      0.3091038465499878,
      0.8543686270713806,
      0.42250046133995056,
      0.5287001132965088,
      0.7978687882423401,
      0.8918920755386353,
      0.8080146312713623
    ],
    [
      4.323554039001465,
      47.455814361572266,
      2.649505853652954,
      5.428045272827148,
      0.6706685423851013,
      2.4980287551879883,
      7.901833534240723,
      8.374374389648438,
      9.579503059387207,
      9.117366790771484,
      9.494382858276367,
      9.732645034790039,
      5.662670612335205,
      5.122601509094238,
      2.3776724338531494,
      2.4008591175079346,
      2.770590305328369,
      3.4092495441436768
    ],
    [
      0.726168155670166,
      2.649505853652954,
      7.365735054016113,
      4.963339328765869,
      1.6904935836791992,
      -0.6305188536643982,
      0.8564975261688232,
      -1.1674976348876953,
      3.0553019046783447,
      1.5732799768447876,
      2.377706527709961,
      1.2741663455963135,
      1.4161757230758667,
      0.3393057584762573,
      1.1482436656951904,
      0.30157360434532166,
      0.9241409301757812,
      0.13887415826320648
    ],
    [
      0.6562938094139099,
      5.428045272827148,
      4.963339328765869,
      12.492669105529785,
      1.6268551349639893,
      2.633289337158203,
      0.8705182075500488,
      1.3474550247192383,
      5.17221212387085,
      5.811952590942383,
      2.75276517868042,
      3.1477768421173096,
      1.648091435432434,
      1.8425674438476562,
      0.37815967202186584,
      0.3724305331707001,
      -0.6248635649681091,
      -0.5653828978538513
    ],
    [
      -0.4034035801887512,
      0.6706685423851013,
      1.6904935836791992,
      1.6268551349639893,
      8.839558601379395,
      6.414184093475342,
      6.31930685043335,
      4.777225017547607,
      3.9544217586517334,
      2.6909444332122803,
      3.3666882514953613,
      2.7371294498443604,
      1.069488525390625,
      0.8396432995796204,
      0.38520288467407227,
      -0.011774785816669464,
      0.4710691273212433,
      0.15308049321174622
    ],
    [
      -0.4299811124801636,
      2.4980287551879883,
      -0.6305188536643982,
      2.633289337158203,
      6.414184093475342,
      12.0982027053833,
      7.206672191619873,
      10.5173921585083,
      5.3035454750061035,
      7.345741271972656,
      4.18673038482666,
      6.542979717254639,
      1.8947899341583252,
      4.597251892089844,
      0.08685275912284851,
      1.7043477296829224,
      -0.2235323190689087,
      1.2779680490493774
    ],
    [
      -0.2706719636917114,
      7.901833534240723,
      0.8564975261688232,
      0.8705182075500488,
      6.31930685043335,
      7.206672191619873,
      16.575401306152344,
      16.397804260253906,
      9.749895095825195,
      9.624955177307129,
      8.835641860961914,
      10.10615062713623,
      4.318294525146484,
      5.7017598152160645,
      1.7953433990478516,
      2.4712541103363037,
      2.013909339904785,
      3.0970287322998047
    ],
    [
      0.19559818506240845,
      8.374374389648438,
      -1.1674976348876953,
      1.3474550247192383,
      4.777225017547607,
      10.5173921585083,
      16.397804260253906,
      23.832763671875,
      10.775986671447754,
      14.737859725952148,
      9.56700611114502,
      14.445076942443848,
      5.260704517364502,
      10.025297164916992,
      1.8827892541885376,
      4.737165927886963,
      1.6678696870803833,
      4.591287136077881
    ],
    [
      0.426908016204834,
      9.579503059387207,
      3.0553019046783447,
      5.17221212387085,
      3.9544217586517334,
      5.3035454750061035,
      9.749895095825195,
      10.775986671447754,
      17.73300552368164,
      17.385807037353516,
      10.429511070251465,
      12.370767593383789,
      5.3429741859436035,
      7.163184642791748,
      2.446761131286621,
      3.5616159439086914,
      2.2667019367218018,
      3.5889861583709717
    ],
    [
      0.21679836511611938,
      9.117366790771484,
      1.5732799768447876,
      5.811952590942383,
      2.6909444332122803,
      7.345741271972656,
      9.624955177307129,
      14.737859725952148,
      17.385807037353516,
      22.310474395751953,
      10.354592323303223,
      16.198694229125977,
      5.681748390197754,
      10.895421028137207,
      2.203941822052002,
      5.439708232879639,
      1.5684417486190796,
      4.611355304718018
    ],
    [
      0.7786839604377747,
      9.494382858276367,
      2.377706527709961,
      2.75276517868042,
      3.3666882514953613,
      4.18673038482666,
      8.835641860961914,
      9.56700611114502,
      10.429511070251465,
      10.354592323303223,
      10.575484275817871,
      11.25543212890625,
      6.570577621459961,
      7.1825032234191895,
      3.8060898780822754,
      3.8439524173736572,
      3.4706223011016846,
      3.7635157108306885
    ],
    [
      0.3091038465499878,
      9.732645034790039,
      1.2741663455963135,
      3.1477768421173096,
      2.7371294498443604,
      6.542979717254639,
      10.10615062713623,
      14.445076942443848,
      12.370767593383789,
      16.198694229125977,
      11.25543212890625,
      17.660667419433594,
      6.674283981323242,
      12.12755298614502,
      3.185667037963867,
      6.032768249511719,
      2.7095789909362793,
      5.2106032371521
    ],
    [
      0.8543686270713806,
      5.662670612335205,
      1.4161757230758667,
      1.648091435432434,
      1.069488525390625,
      1.8947899341583252,
      4.318294525146484,
      5.260704517364502,
      5.3429741859436035,
      5.681748390197754,
      6.570577621459961,
      6.674283981323242,
      8.13874340057373,
      7.559975624084473,
      6.198642253875732,
      5.176770210266113,
      5.229846000671387,
      4.410212993621826
    ],
    [
      0.42250046133995056,
      5.122601509094238,
      0.3393057584762573,
      1.8425674438476562,
      0.8396432995796204,
      4.597251892089844,
      5.7017598152160645,
      10.025297164916992,
      7.163184642791748,
      10.895421028137207,
      7.1825032234191895,
      12.12755298614502,
      7.559975624084473,
      12.412642478942871,
      4.9592509269714355,
      7.285269260406494,
      4.097624778747559,
      5.994451522827148
    ],
    [
      0.5287001132965088,
      2.3776724338531494,
      1.1482436656951904,
      0.37815967202186584,
      0.38520288467407227,
      0.08685275912284851,
      1.7953433990478516,
      1.8827892541885376,
      2.446761131286621,
      2.203941822052002,
      3.8060898780822754,
      3.185667037963867,
      6.198642253875732,
      4.9592509269714355,
      7.105254650115967,
      5.297796726226807,
      6.502121925354004,
      4.820760250091553
    ],
    [
      0.7978687882423401,
      2.4008591175079346,
      0.30157360434532166,
      0.3724305331707001,
      -0.011774785816669464,
      1.7043477296829224,
      2.4712541103363037,
      4.737165927886963,
      3.5616159439086914,
      5.439708232879639,
      3.8439524173736572,
      6.032768249511719,
      5.176770210266113,
      7.285269260406494,
      5.297796726226807,
      6.3829545974731445,
      4.903841495513916,
      5.612394332885742
    ],
    [
      0.8918920755386353,
      2.770590305328369,
      0.9241409301757812,
      -0.6248635649681091,
      0.4710691273212433,
      -0.2235323190689087,
      2.013909339904785,
      1.6678696870803833,
      2.2667019367218018,
      1.5684417486190796,
      3.4706223011016846,
      2.7095789909362793,
      5.229846000671387,
      4.097624778747559,
      6.502121925354004,
      4.903841495513916,
      7.754103660583496,
      5.784188270568848
    ],
    [
      0.8080146312713623,
      3.4092495441436768,
      0.13887415826320648,
      -0.5653828978538513,
      0.15308049321174622,
      1.2779680490493774,
      3.0970287322998047,
      4.591287136077881,
      3.5889861583709717,
      4.611355304718018,
      3.7635157108306885,
      5.2106032371521,
      4.410212993621826,
      5.994451522827148,
      4.820760250091553,
      5.612394332885742,
      5.784188270568848,
      6.901846408843994
    ]
  ],
  "covariance_short": [
    [
      16.24713897705078,
      6.768493175506592,
      3.1154212951660156,
      0.8481755256652832,
      -0.7206321954727173,
      -0.6761435270309448,
      -0.9226412177085876,
      -0.4355326294898987,
      0.21855668723583221,
      0.06848952174186707,
      0.4432764947414398,
      0.2873382270336151,
      1.1681147813796997,
      0.7880281209945679,
      1.15687894821167,
      1.5740700960159302,
      2.2409110069274902,
      3.0565876960754395
    ],
    [
      6.768493175506592,
      56.89404296875,
      5.63027286529541,
      12.804601669311523,
      -0.28692400455474854,
      0.5157036185264587,
      -0.3124954402446747,
      -0.5179762840270996,
      5.239060878753662,
      5.525451183319092,
      5.44398307800293,
      4.5785112380981445,
      5.9050493240356445,
      2.851245641708374,
      4.0416646003723145,
      1.9638229608535767,
      4.8002848625183105,
      2.9684770107269287
    ],
    [
      3.1154212951660156,
      5.63027286529541,
      13.511449813842773,
      8.796743392944336,
      3.8136749267578125,
      1.4376424551010132,
      2.5591018199920654,
      0.6943449378013611,
      4.300947189331055,
      3.117344379425049,
      4.067667484283447,
      2.974938154220581,
      2.664705991744995,
      1.631211519241333,
      1.9903864860534668,
      1.7956340312957764,
      3.5833749771118164,
      4.193897247314453
    ],
    [
      0.8481755256652832,
      12.804601669311523,
      8.796743392944336,
      27.08578872680664,
      4.817685604095459,
      7.10553503036499,
      6.008622169494629,
      6.75761079788208,
      10.312265396118164,
      11.011110305786133,
      7.853728294372559,
      8.718060493469238,
      3.975039005279541,
      3.9718809127807617,
      0.7396988868713379,
      1.0544025897979736,
      0.6073172092437744,
      1.5502089262008667
    ],
    [
      -0.7206321954727173,
      -0.28692400455474854,
      3.8136749267578125,
      4.817685604095459,
      20.404727935791016,
      12.496277809143066,
      10.919676780700684,
      8.753527641296387,
      8.407146453857422,
      6.782965660095215,
      6.676288604736328,
      6.180454730987549,
      2.311436653137207,
      2.4647278785705566,
      0.410950243473053,
      0.910719096660614,
      0.5393990874290466,
      1.8738621473312378
    ],
    [
      -0.6761435270309448,
      0.5157036185264587,
      1.4376424551010132,
      7.10553503036499,
      12.496277809143066,
      22.818973541259766,
      11.34820556640625,
      14.809211730957031,
      9.730392456054688,
      12.139082908630371,
      7.795843601226807,
      10.636341094970703,
      3.453826427459717,
      6.28012228012085,
      -0.07093902677297592,
      1.8774385452270508,
      -0.7027108073234558,
      1.81248140335083
    ],
    [
      -0.9226412177085876,
      -0.3124954402446747,
      2.5591018199920654,
      6.008622169494629,
      10.919676780700684,
      11.34820556640625,
      28.999948501586914,
      25.551692962646484,
      15.87229061126709,
      15.815807342529297,
      13.892123222351074,
      15.603803634643555,
      7.178589820861816,
      8.75207233428955,
      2.8632853031158447,
      4.1061625480651855,
      3.3625569343566895,
      5.614988327026367
    ],
    [
      -0.4355326294898987,
      -0.5179762840270996,
      0.6943449378013611,
      6.75761079788208,
      8.753527641296387,
      14.809211730957031,
      25.551692962646484,
      37.699729919433594,
      17.37343406677246,
      21.98876953125,
      14.861373901367188,
      21.054344177246094,
      8.345803260803223,
      13.774870872497559,
      2.77545166015625,
      6.075082302093506,
      2.2250893115997314,
      6.114115238189697
    ],
    [
      0.21855668723583221,
      5.239060878753662,
      4.300947189331055,
      10.312265396118164,
      8.407146453857422,
      9.730392456054688,
      15.87229061126709,
      17.37343406677246,
      28.41618537902832,
      26.516080856323242,
      15.719964027404785,
      18.43965721130371,
      7.910552978515625,
      10.34492301940918,
      3.498426914215088,
      5.230807304382324,
      3.3325142860412598,
      6.05005407333374
    ],
    [
      0.06848952174186707,
      5.525451183319092,
      3.117344379425049,
      11.011110305786133,
      6.782965660095215,
      12.139082908630371,
      15.815807342529297,
      21.98876953125,
      26.516080856323242,
      34.251068115234375,
      15.869701385498047,
      22.941225051879883,
      8.783088684082031,
      14.476029396057129,
      3.694692850112915,
      7.197266578674316,
      2.60256290435791,
      6.7109150886535645
    ],
    [
      0.4432764947414398,
      5.44398307800293,
      4.067667484283447,
      7.853728294372559,
      6.676288604736328,
      7.795843601226807,
      13.892123222351074,
      14.861373901367188,
      15.719964027404785,
      15.869701385498047,
      18.022415161132812,
      17.984283447265625,
      11.077325820922852,
      11.46827507019043,
      6.777591228485107,
      6.715429782867432,
      7.245298385620117,
      8.102170944213867
    ],
    [
      0.2873382270336151,
      4.5785112380981445,
      2.974938154220581,
      8.718060493469238,
      6.180454730987549,
      10.636341094970703,
      15.603803634643555,
      21.054344177246094,
      18.43965721130371,
      22.941225051879883,
      17.984283447265625,
      26.260665893554688,
      11.494525909423828,
      17.27018928527832,
      6.464430332183838,
      9.5558500289917,
      6.0495781898498535,
      9.625125885009766
    ],
    [
      1.1681147813796997,
      5.9050493240356445,
      2.664705991744995,
      3.975039005279541,
      2.311436653137207,
      3.453826427459717,
      7.178589820861816,
      8.345803260803223,
      7.910552978515625,
      8.783088684082031,
      11.077325820922852,
      11.494525909423828,
      15.117205619812012,
      13.435457229614258,
      11.913738250732422,
      10.329388618469238,
      12.852228164672852,
      12.344568252563477
    ],
    [
      0.7880281209945679,
      2.851245641708374,
      1.631211519241333,
      3.9718809127807617,
      2.4647278785705566,
      6.28012228012085,
      8.75207233428955,
      13.774870872497559,
      10.34492301940918,
      14.476029396057129,
      11.46827507019043,
      17.27018928527832,
      13.435457229614258,
      18.98101806640625,
      10.086215019226074,
      12.659125328063965,
      10.422612190246582,
      13.54214859008789
    ],
    [
      1.15687894821167,
      4.0416646003723145,
      1.9903864860534668,
      0.7396988868713379,
      0.410950243473053,
      -0.07093902677297592,
      2.8632853031158447,
      2.77545166015625,
      3.498426914215088,
      3.694692850112915,
      6.777591228485107,
      6.464430332183838,
      11.913738250732422,
      10.086215019226074,
      14.652483940124512,
      11.545852661132812,
      16.23204231262207,
      14.537813186645508
    ],
    [
      1.5740700960159302,
      1.9638229608535767,
      1.7956340312957764,
      1.0544025897979736,
      0.910719096660614,
      1.8774385452270508,
      4.1061625480651855,
      6.075082302093506,
      5.230807304382324,
      7.197266578674316,
      6.715429782867432,
      9.5558500289917,
      10.329388618469238,
      12.659125328063965,
      11.545852661132812,
      13.040933609008789,
      13.2535982131958,
      15.16231918334961
    ],
    [
      2.2409110069274902,
      4.8002848625183105,
      3.5833749771118164,
      0.6073172092437744,
      0.5393990874290466,
      -0.7027108073234558,
      3.3625569343566895,
      2.2250893115997314,
      3.3325142860412598,
      2.60256290435791,
      7.245298385620117,
      6.0495781898498535,
      12.852228164672852,
      10.422612190246582,
      16.23204231262207,
      13.2535982131958,
      24.671348571777344,
      22.272153854370117
    ],
    [
      3.0565876960754395,
      2.9684770107269287,
      4.193897247314453,
      1.5502089262008667,
      1.8738621473312378,
      1.81248140335083,
      5.614988327026367,
      6.114115238189697,
      6.05005407333374,
      6.7109150886535645,
      8.102170944213867,
      9.625125885009766,
      12.344568252563477,
      13.54214859008789,
      14.537813186645508,
      15.16231918334961,
      22.272153854370117,
      25.47579002380371
    ]
  ],
  "damage": -3.80446195602417,
  "diff_bandwidth": 732.3951416015625,
  "dissonance": 10.6814578045278,
  "drr": 14.394563674926758,
  "dynamics": 1.7179206609725952,
  "format": 1245190,
  "frames": 10724288,
  "loudness": -6.940902233123779,
  "loudness_range": 4.1958441734313965,
  "loudness_range_short": 5.78415584564209,
  "lowpass_true_peak_15khz": 1.4159131050109863,
  "mastering3_acoustic_entropies": [
    {
      "acoustic_entropy": 5.367009162902832,
      "acoustic_entropy_mono": 5.647974491119385,
      "band_eliminated_acoustic_entropies": [
        {
          "acoustic_entropy": 5.3348236083984375,
          "acoustic_entropy_side": 5.365758419036865,
          "hz": 129.47220167065723
        },
        {
          "acoustic_entropy": 5.333067417144775,
          "acoustic_entropy_side": 5.360498428344727,
          "hz": 202.92927478742237
        },
        {
          "acoustic_entropy": 5.354511737823486,
          "acoustic_entropy_side": 5.364109992980957,
          "hz": 282.89161906338205
        },
        {
          "acoustic_entropy": 5.538015365600586,
          "acoustic_entropy_side": 5.368838310241699,
          "hz": 369.9353335868758
        },
        {
          "acoustic_entropy": 5.021070957183838,
          "acoustic_entropy_side": 5.541289806365967,
          "hz": 464.6875360973435
        },
        {
          "acoustic_entropy": 5.585241317749023,
          "acoustic_entropy_side": 5.378117084503174,
          "hz": 567.8308811364784
        },
        {
          "acoustic_entropy": 5.432926654815674,
          "acoustic_entropy_side": 5.44261360168457,
          "hz": 680.1084783214808
        },
        {
          "acoustic_entropy": 5.374828815460205,
          "acoustic_entropy_side": 5.3726654052734375,
          "hz": 802.3292461747484
        },
        {
          "acoustic_entropy": 4.979190349578857,
          "acoustic_entropy_side": 5.590949058532715,
          "hz": 935.3737400823702
        },
        {
          "acoustic_entropy": 5.53853702545166,
          "acoustic_entropy_side": 5.488410949707031,
          "hz": 1080.2004963696966
        },
        {
          "acoustic_entropy": 5.695323467254639,
          "acoustic_entropy_side": 5.396316051483154,
          "hz": 1237.8529382007157
        },
        {
          "acoustic_entropy": 5.2651801109313965,
          "acoustic_entropy_side": 5.344655513763428,
          "hz": 1409.4668930556702
        },
        {
          "acoustic_entropy": 5.879439830780029,
          "acoustic_entropy_side": 5.491340160369873,
          "hz": 1596.2787759475705
        },
        {
          "acoustic_entropy": 5.319736480712891,
          "acoustic_entropy_side": 5.421508312225342,
          "hz": 1799.6344973346393
        },
        {
          "acoustic_entropy": 5.4621405601501465,
          "acoustic_entropy_side": 5.509151458740234,
          "hz": 2020.9991599069049
        },
        {
          "acoustic_entropy": 5.382571220397949,
          "acoustic_entropy_side": 5.289398670196533,
          "hz": 2261.9676141086993
        },
        {
          "acoustic_entropy": 5.110950946807861,
          "acoustic_entropy_side": 5.255182266235352,
          "hz": 2524.2759484456974
        },
        {
          "acoustic_entropy": 5.381824493408203,
          "acoustic_entropy_side": 5.338367462158203,
          "hz": 2809.813997359896
        },
        {
          "acoustic_entropy": 5.45201301574707,
          "acoustic_entropy_side": 5.377919673919678,
          "hz": 3120.6389567871424
        },
        {
          "acoustic_entropy": 5.553603172302246,
          "acoustic_entropy_side": 5.456087112426758,
          "hz": 3458.990205492291
        },
        {
          "acoustic_entropy": 5.538583755493164,
          "acoustic_entropy_side": 5.40460729598999,
          "hz": 3827.305438964164
        },
        {
          "acoustic_entropy": 5.431737422943115,
          "acoustic_entropy_side": 5.391224384307861,
          "hz": 4228.238232109126
        },
        {
          "acoustic_entropy": 5.500346660614014,
          "acoustic_entropy_side": 5.413343906402588,
          "hz": 4664.6771572759235
        },
        {
          "acoustic_entropy": 5.4162116050720215,
          "acoustic_entropy_side": 5.404870510101318,
          "hz": 5139.766595350093
        },
        {
          "acoustic_entropy": 5.47304105758667,
          "acoustic_entropy_side": 5.499883651733398,
          "hz": 5656.929389854203
        },
        {
          "acoustic_entropy": 5.436864376068115,
          "acoustic_entropy_side": 5.408794403076172,
          "hz": 6219.891507268283
        },
        {
          "acoustic_entropy": 5.522104740142822,
          "acoustic_entropy_side": 5.469449043273926,
          "hz": 6832.70888123896
        },
        {
          "acoustic_entropy": 5.289870262145996,
          "acoustic_entropy_side": 5.3973259925842285,
          "hz": 7499.796634079867
        },
        {
          "acoustic_entropy": 5.35313606262207,
          "acoustic_entropy_side": 5.378017425537109,
          "hz": 8225.96088609342
        },
        {
          "acoustic_entropy": 5.349559783935547,
          "acoustic_entropy_side": 5.372536659240723,
          "hz": 9016.43338188839
        },
        {
          "acoustic_entropy": 5.349854469299316,
          "acoustic_entropy_side": 5.368663787841797,
          "hz": 9876.909183162974
        },
        {
          "acoustic_entropy": 5.350940704345703,
          "acoustic_entropy_side": 5.37323522567749,
          "hz": 10813.587699516042
        },
        {
          "acoustic_entropy": 5.340699672698975,
          "acoustic_entropy_side": 5.36903715133667,
          "hz": 11833.21735289826
        },
        {
          "acoustic_entropy": 5.3740129470825195,
          "acoustic_entropy_side": 5.377254009246826,
          "hz": 12943.144197493959
        },
        {
          "acoustic_entropy": 5.387333869934082,
          "acoustic_entropy_side": 5.37437629699707,
          "hz": 14151.364845322005
        },
        {
          "acoustic_entropy": 5.3559136390686035,
          "acoustic_entropy_side": 5.367405891418457,
          "hz": 15466.58407886509
        },
        {
          "acoustic_entropy": 5.368880748748779,
          "acoustic_entropy_side": 5.367474555969238,
          "hz": 16898.27756580493
        },
        {
          "acoustic_entropy": 5.366275787353516,
          "acoustic_entropy_side": 5.367486000061035,
          "hz": 18456.760127700032
        },
        {
          "acoustic_entropy": 5.368503093719482,
          "acoustic_entropy_side": 5.367459297180176,
          "hz": 20153.260054456492
        },
        {
          "acoustic_entropy": 5.3681511878967285,
          "acoustic_entropy_side": 5.367333889007568,
          "hz": 22000.00000000001
        }
      ],
      "diff_acoustic_entropy": 5.930838584899902,
      "sn": 6
    },
    {
      "acoustic_entropy": 8.916040420532227,
      "acoustic_entropy_mono": 8.443385124206543,
      "band_eliminated_acoustic_entropies": [
        {
          "acoustic_entropy": 8.667399406433105,
          "acoustic_entropy_side": 8.898512840270996,
          "hz": 129.47220167065723
        },
        {
          "acoustic_entropy": 8.718011856079102,
          "acoustic_entropy_side": 8.917689323425293,
          "hz": 202.92927478742237
        },
        {
          "acoustic_entropy": 8.879195213317871,
          "acoustic_entropy_side": 9.001282691955566,
          "hz": 282.89161906338205
        },
        {
          "acoustic_entropy": 9.675069808959961,
          "acoustic_entropy_side": 9.189435958862305,
          "hz": 369.9353335868758
        },
        {
          "acoustic_entropy": 8.417902946472168,
          "acoustic_entropy_side": 9.354162216186523,
          "hz": 464.6875360973435
        },
        {
          "acoustic_entropy": 9.260614395141602,
          "acoustic_entropy_side": 9.070820808410645,
          "hz": 567.8308811364784
        },
        {
          "acoustic_entropy": 9.06194019317627,
          "acoustic_entropy_side": 9.263702392578125,
          "hz": 680.1084783214808
        },
        {
          "acoustic_entropy": 8.874394416809082,
          "acoustic_entropy_side": 9.013404846191406,
          "hz": 802.3292461747484
        },
        {
          "acoustic_entropy": 8.518978118896484,
          "acoustic_entropy_side": 8.924941062927246,
          "hz": 935.3737400823702
        },
        {
          "acoustic_entropy": 9.001729011535645,
          "acoustic_entropy_side": 9.075121879577637,
          "hz": 1080.2004963696966
        },
        {
          "acoustic_entropy": 9.130842208862305,
          "acoustic_entropy_side": 9.176190376281738,
          "hz": 1237.8529382007157
        },
        {
          "acoustic_entropy": 8.69295883178711,
          "acoustic_entropy_side": 8.758785247802734,
          "hz": 1409.4668930556702
        },
        {
          "acoustic_entropy": 8.905099868774414,
          "acoustic_entropy_side": 9.014993667602539,
          "hz": 1596.2787759475705
        },
        {
          "acoustic_entropy": 8.745943069458008,
          "acoustic_entropy_side": 9.02735424041748,
          "hz": 1799.6344973346393
        },
        {
          "acoustic_entropy": 9.022441864013672,
          "acoustic_entropy_side": 8.778045654296875,
          "hz": 2020.9991599069049
        },
        {
          "acoustic_entropy": 8.886513710021973,
          "acoustic_entropy_side": 8.765640258789062,
          "hz": 2261.9676141086993
        },
        {
          "acoustic_entropy": 8.518942832946777,
          "acoustic_entropy_side": 8.697164535522461,
          "hz": 2524.2759484456974
        },
        {
          "acoustic_entropy": 8.934174537658691,
          "acoustic_entropy_side": 8.860224723815918,
          "hz": 2809.813997359896
        },
        {
          "acoustic_entropy": 8.752293586730957,
          "acoustic_entropy_side": 8.762894630432129,
          "hz": 3120.6389567871424
        },
        {
          "acoustic_entropy": 8.881373405456543,
          "acoustic_entropy_side": 8.679600715637207,
          "hz": 3458.990205492291
        },
        {
          "acoustic_entropy": 8.730298042297363,
          "acoustic_entropy_side": 8.73698902130127,
          "hz": 3827.305438964164
        },
        {
          "acoustic_entropy": 8.88041877746582,
          "acoustic_entropy_side": 8.78182315826416,
          "hz": 4228.238232109126
        },
        {
          "acoustic_entropy": 8.903656959533691,
          "acoustic_entropy_side": 8.859773635864258,
          "hz": 4664.6771572759235
        },
        {
          "acoustic_entropy": 8.894840240478516,
          "acoustic_entropy_side": 8.842650413513184,
          "hz": 5139.766595350093
        },
        {
          "acoustic_entropy": 8.967374801635742,
          "acoustic_entropy_side": 8.83843994140625,
          "hz": 5656.929389854203
        },
        {
          "acoustic_entropy": 9.044524192810059,
          "acoustic_entropy_side": 8.932221412658691,
          "hz": 6219.891507268283
        },
        {
          "acoustic_entropy": 9.076574325561523,
          "acoustic_entropy_side": 8.925881385803223,
          "hz": 6832.70888123896
        },
        {
          "acoustic_entropy": 8.949442863464355,
          "acoustic_entropy_side": 8.92098617553711,
          "hz": 7499.796634079867
        },
        {
          "acoustic_entropy": 8.902913093566895,
          "acoustic_entropy_side": 8.907088279724121,
          "hz": 8225.96088609342
        },
        {
          "acoustic_entropy": 8.915650367736816,
          "acoustic_entropy_side": 8.93217945098877,
          "hz": 9016.43338188839
        },
        {
          "acoustic_entropy": 8.876140594482422,
          "acoustic_entropy_side": 8.91923999786377,
          "hz": 9876.909183162974
        },
        {
          "acoustic_entropy": 8.85299015045166,
          "acoustic_entropy_side": 8.896570205688477,
          "hz": 10813.587699516042
        },
        {
          "acoustic_entropy": 8.886372566223145,
          "acoustic_entropy_side": 8.929840087890625,
          "hz": 11833.21735289826
        },
        {
          "acoustic_entropy": 9.0129976272583,
          "acoustic_entropy_side": 8.986893653869629,
          "hz": 12943.144197493959
        },
        {
          "acoustic_entropy": 9.064611434936523,
          "acoustic_entropy_side": 9.000840187072754,
          "hz": 14151.364845322005
        },
        {
          "acoustic_entropy": 9.009071350097656,
          "acoustic_entropy_side": 8.97452163696289,
          "hz": 15466.58407886509
        },
        {
          "acoustic_entropy": 9.051830291748047,
          "acoustic_entropy_side": 8.972296714782715,
          "hz": 16898.27756580493
        },
        {
          "acoustic_entropy": 9.030282974243164,
          "acoustic_entropy_side": 8.948421478271484,
          "hz": 18456.760127700032
        },
        {
          "acoustic_entropy": 9.001049041748047,
          "acoustic_entropy_side": 8.93502140045166,
          "hz": 20153.260054456492
        },
        {
          "acoustic_entropy": 8.972172737121582,
          "acoustic_entropy_side": 8.927793502807617,
          "hz": 22000.00000000001
        }
      ],
      "diff_acoustic_entropy": 9.043381690979004,
      "sn": 12
    },
    {
      "acoustic_entropy": 14.294485092163086,
      "acoustic_entropy_mono": 10.5839204788208,
      "band_eliminated_acoustic_entropies": [
        {
          "acoustic_entropy": 13.604974746704102,
          "acoustic_entropy_side": 14.019497871398926,
          "hz": 129.47220167065723
        },
        {
          "acoustic_entropy": 13.478363037109375,
          "acoustic_entropy_side": 13.835394859313965,
          "hz": 202.92927478742237
        },
        {
          "acoustic_entropy": 13.840147972106934,
          "acoustic_entropy_side": 14.299155235290527,
          "hz": 282.89161906338205
        },
        {
          "acoustic_entropy": 14.977571487426758,
          "acoustic_entropy_side": 14.922889709472656,
          "hz": 369.9353335868758
        },
        {
          "acoustic_entropy": 13.411995887756348,
          "acoustic_entropy_side": 14.550649642944336,
          "hz": 464.6875360973435
        },
        {
          "acoustic_entropy": 13.732913970947266,
          "acoustic_entropy_side": 14.444132804870605,
          "hz": 567.8308811364784
        },
        {
          "acoustic_entropy": 13.93358325958252,
          "acoustic_entropy_side": 13.449003219604492,
          "hz": 680.1084783214808
        },
        {
          "acoustic_entropy": 13.543703079223633,
          "acoustic_entropy_side": 14.247029304504395,
          "hz": 802.3292461747484
        },
        {
          "acoustic_entropy": 13.832745552062988,
          "acoustic_entropy_side": 13.691534996032715,
          "hz": 935.3737400823702
        },
        {
          "acoustic_entropy": 14.037322044372559,
          "acoustic_entropy_side": 14.194018363952637,
          "hz": 1080.2004963696966
        },
        {
          "acoustic_entropy": 14.124238014221191,
          "acoustic_entropy_side": 14.407811164855957,
          "hz": 1237.8529382007157
        },
        {
          "acoustic_entropy": 13.160905838012695,
          "acoustic_entropy_side": 13.513652801513672,
          "hz": 1409.4668930556702
        },
        {
          "acoustic_entropy": 14.239151000976562,
          "acoustic_entropy_side": 13.878623008728027,
          "hz": 1596.2787759475705
        },
        {
          "acoustic_entropy": 13.364850044250488,
          "acoustic_entropy_side": 13.999605178833008,
          "hz": 1799.6344973346393
        },
        {
          "acoustic_entropy": 14.528901100158691,
          "acoustic_entropy_side": 14.517862319946289,
          "hz": 2020.9991599069049
        },
        {
          "acoustic_entropy": 14.012919425964355,
          "acoustic_entropy_side": 14.2108793258667,
          "hz": 2261.9676141086993
        },
        {
          "acoustic_entropy": 14.117655754089355,
          "acoustic_entropy_side": 14.170537948608398,
          "hz": 2524.2759484456974
        },
        {
          "acoustic_entropy": 14.151296615600586,
          "acoustic_entropy_side": 14.443404197692871,
          "hz": 2809.813997359896
        },
        {
          "acoustic_entropy": 14.104994773864746,
