{
  "acoustic_entropy": 216.6921844482422,
  "bands": [
    {
      "high_freq": 148.1999969482422,
      "loudness": -19.918973922729492,
      "loudness_range": 11.017889022827148,
      "mid_mean": -16.494728088378906,
      "mid_to_side_loudness": -17.97467613220215,
      "mid_to_side_loudness_range": 23.926490783691406,
      "side_mean": -35.01377868652344
    },
    {
      "high_freq": 392.3793640136719,
      "loudness": -19.250301361083984,
      "loudness_range": 6.950715065002441,
      "low_freq": 148.1999969482422,
      "mid_mean": -16.504192352294922,
      "mid_to_side_loudness": -7.080382823944092,
      "mid_to_side_loudness_range": 10.327960014343262,
      "side_mean": -23.728084564208984
    },
    {
      "high_freq": 794.6976318359375,
      "loudness": -20.549104690551758,
      "loudness_range": 10.696149826049805,
      "low_freq": 392.3793640136719,
      "mid_mean": -17.978538513183594,
      "mid_to_side_loudness": -6.194643974304199,
      "mid_to_side_loudness_range": 10.756750106811523,
      "side_mean": -24.301061630249023
    },
    {
      "high_freq": 1457.5709228515625,
      "loudness": -20.52201271057129,
      "loudness_range": 10.20590591430664,
      "low_freq": 794.6976318359375,
      "mid_mean": -17.834510803222656,
      "mid_to_side_loudness": -6.932844638824463,
      "mid_to_side_loudness_range": 11.130366325378418,
      "side_mean": -24.866455078125
    },
    {
      "high_freq": 2549.74365234375,
      "loudness": -18.913677215576172,
      "loudness_range": 9.535238265991211,
      "low_freq": 1457.5709228515625,
      "mid_mean": -16.195980072021484,
      "mid_to_side_loudness": -6.861439228057861,
      "mid_to_side_loudness_range": 10.179516792297363,
      "side_mean": -23.136648178100586
    },
    {
      "high_freq": 4349.24462890625,
      "loudness": -19.755252838134766,
      "loudness_range": 10.56035041809082,
      "low_freq": 2549.74365234375,
      "mid_mean": -17.086597442626953,
      "mid_to_side_loudness": -6.618871212005615,
      "mid_to_side_loudness_range": 9.115671157836914,
      "side_mean": -23.680713653564453
    },
    {
      "high_freq": 7314.1640625,
      "loudness": -26.79469108581543,
      "loudness_range": 9.039899826049805,
      "low_freq": 4349.24462890625,
      "mid_mean": -24.200258255004883,
      "mid_to_side_loudness": -6.008710861206055,
      "mid_to_side_loudness_range": 7.621757984161377,
      "side_mean": -30.190231323242188
    },
    {
      "high_freq": 12199.2666015625,
      "loudness": -27.949371337890625,
      "loudness_range": 11.884180068969727,
      "low_freq": 7314.1640625,
      "mid_mean": -25.819997787475586,
      "mid_to_side_loudness": -4.566620349884033,
      "mid_to_side_loudness_range": 9.746033668518066,
      "side_mean": -30.49851417541504
    },
    {
      "loudness": -31.88631248474121,
      "loudness_range": 15.001413345336914,
      "low_freq": 12199.2666015625,
      "mid_mean": -30.166234970092773,
      "mid_to_side_loudness": -3.0097739696502686,
      "mid_to_side_loudness_range": 5.5474853515625,
      "side_mean": -32.90647888183594
    }
  ],
  "bands_short": [
    {
      "high_freq": 148.1999969482422,
      "loudness": -22.782283782958984,
      "loudness_range": 15.463589668273926,
      "mid_mean": -19.27066421508789,
      "mid_to_side_loudness": -20.06220054626465,
      "mid_to_side_loudness_range": 29.785348892211914,
      "side_mean": -40.73866271972656
    },
    {
      "high_freq": 392.3793640136719,
      "loudness": -18.761964797973633,
      "loudness_range": 8.731056213378906,
      "low_freq": 148.1999969482422,
      "mid_mean": -15.907835006713867,
      "mid_to_side_loudness": -8.599733352661133,
      "mid_to_side_loudness_range": 14.391189575195312,
      "side_mean": -24.70563316345215
    },
    {
      "high_freq": 794.6976318359375,
      "loudness": -20.64773941040039,
      "loudness_range": 12.781500816345215,
      "low_freq": 392.3793640136719,
      "mid_mean": -18.28584861755371,
      "mid_to_side_loudness": -5.8956074714660645,
      "mid_to_side_loudness_range": 13.445060729980469,
      "side_mean": -24.321044921875
    },
    {
      "high_freq": 1457.5709228515625,
      "loudness": -20.94097137451172,
      "loudness_range": 12.348689079284668,
      "low_freq": 794.6976318359375,
      "mid_mean": -18.40744400024414,
      "mid_to_side_loudness": -6.624896049499512,
      "mid_to_side_loudness_range": 12.996282577514648,
      "side_mean": -25.130535125732422
    },
    {
      "high_freq": 2549.74365234375,
      "loudness": -19.420095443725586,
      "loudness_range": 12.106096267700195,
      "low_freq": 1457.5709228515625,
      "mid_mean": -16.78154945373535,
      "mid_to_side_loudness": -6.657289028167725,
      "mid_to_side_loudness_range": 11.42851734161377,
      "side_mean": -23.55430793762207
    },
    {
      "high_freq": 4349.24462890625,
      "loudness": -20.23061180114746,
      "loudness_range": 13.259819984436035,
      "low_freq": 2549.74365234375,
      "mid_mean": -17.661977767944336,
      "mid_to_side_loudness": -6.341614723205566,
      "mid_to_side_loudness_range": 10.583513259887695,
      "side_mean": -23.997623443603516
    },
    {
      "high_freq": 7314.1640625,
      "loudness": -27.625383377075195,
      "loudness_range": 12.805154800415039,
      "low_freq": 4349.24462890625,
      "mid_mean": -25.194475173950195,
      "mid_to_side_loudness": -5.6093292236328125,
      "mid_to_side_loudness_range": 9.107667922973633,
      "side_mean": -30.765207290649414
    },
    {
      "high_freq": 12199.2666015625,
      "loudness": -29.446958541870117,
      "loudness_range": 15.984962463378906,
      "low_freq": 7314.1640625,
      "mid_mean": -27.38926887512207,
      "mid_to_side_loudness": -4.475353240966797,
      "mid_to_side_loudness_range": 10.582868576049805,
      "side_mean": -31.94010353088379
    },
    {
      "loudness": -35.463462829589844,
      "loudness_range": 23.718767166137695,
      "low_freq": 12199.2666015625,
      "mid_mean": -33.86341094970703,
      "mid_to_side_loudness": -2.9883077144622803,
      "mid_to_side_loudness_range": 7.436776638031006,
      "side_mean": -36.778602600097656
    }
  ],
  "bandwidth": 779.9576416015625,
  "channels": 2,
  "covariance": [
    [
      25.92534065246582,
      0.4941374659538269,
      5.322851181030273,
      1.9746501445770264,
      2.8613858222961426,
      0.7153365015983582,
      2.949331283569336,
      -0.04954281821846962,
      4.8809075355529785,
      3.741565227508545,
      5.640331268310547,
      4.539590835571289,
      6.51350212097168,
      5.920346260070801,
      5.789245128631592,
      11.150595664978027,
      10.798952102661133,
      15.940391540527344
    ],
    [
      0.4941374659538269,
      25.38956069946289,
      -1.4290571212768555,
      2.488433599472046,
      -0.2919774353504181,
      3.6570119857788086,
      -1.1235448122024536,
      3.483380079269409,
      -0.7381353378295898,
      3.2931830883026123,
      -0.8437175750732422,
      2.6964058876037598,
      -0.5007054805755615,
      1.5062514543533325,
      -0.021973632276058197,
      1.0220223665237427,
      -3.959714889526367,
      -2.6776795387268066
    ],
    [
      5.322851181030273,
      -1.4290571212768555,
      8.148133277893066,
      4.694725036621094,
      3.5467209815979004,
      2.1573879718780518,
      2.273763656616211,
      0.7894303798675537,
      2.3631417751312256,
      1.6836374998092651,
      3.6040024757385254,
      2.1002628803253174,
      2.240377426147461,
      1.1508086919784546,
      2.3764195442199707,
      0.982742428779602,
      2.119251012802124,
      2.0796470642089844
    ],
    [
      1.9746501445770264,
      2.488433599472046,
      4.694725036621094,
      14.61436653137207,
      3.402059555053711,
      7.646611213684082,
      0.8898242115974426,
      3.452667236328125,
      0.8632583022117615,
      3.1790099143981934,
      2.119673728942871,
      2.5810585021972656,
      -0.5081319808959961,
      0.4365592300891876,
      0.04850329831242561,
      -1.3653303384780884,
      -1.4711538553237915,
      -1.8667874336242676
    ],
    [
      2.8613858222961426,
      -0.2919774353504181,
      3.5467209815979004,
      3.402059555053711,
      18.575759887695312,
      10.268111228942871,
      10.065382957458496,
      3.1524078845977783,
      4.406280517578125,
      -1.7069236040115356,
      1.2080938816070557,
      -3.75521183013916,
      1.2693754434585571,
      -2.0195159912109375,
      5.022188663482666,
      1.9930981397628784,
      4.680121421813965,
      3.608004570007324
    ],
    [
      0.7153365015983582,
      3.6570119857788086,
      2.1573879718780518,
      7.646611213684082,
      10.268111228942871,
      16.668413162231445,
      6.192923069000244,
      8.647736549377441,
      5.3477253913879395,
      7.794419288635254,
      3.6833794116973877,
      4.6686506271362305,
      2.393125057220459,
      3.302459955215454,
      4.618086338043213,
      3.4191908836364746,
      1.3307912349700928,
      1.0540670156478882
    ],
    [
      2.949331283569336,
      -1.1235448122024536,
      2.273763656616211,
      0.8898242115974426,
      10.065382957458496,
      6.192923069000244,
      18.983823776245117,
      9.900148391723633,
      11.044695854187012,
      5.726041793823242,
      4.2609543800354,
      2.8242056369781494,
      3.725412607192993,
      2.5256946086883545,
      5.719605445861816,
      4.178794860839844,
      5.353744029998779,
      5.175612926483154
    ],
    [
      -0.04954281821846962,
      3.483380079269409,
      0.7894303798675537,
      3.452667236328125,
      3.1524078845977783,
      8.647736549377441,
      9.900148391723633,
      17.040773391723633,
      11.121965408325195,
      16.453947067260742,
      7.376720428466797,
      12.535504341125488,
      5.008300304412842,
      8.673210144042969,
      4.700216770172119,
      5.416281223297119,
      1.9584431648254395,
      2.517829656600952
    ],
    [
      4.8809075355529785,
      -0.7381353378295898,
      2.3631417751312256,
      0.8632583022117615,
      4.406280517578125,
      5.3477253913879395,
      11.044695854187012,
      11.121965408325195,
      16.189878463745117,
      14.991989135742188,
      10.17143440246582,
      11.620539665222168,
      6.167404651641846,
      7.949703693389893,
      5.421578407287598,
      6.571430683135986,
      5.074436187744141,
      6.5014495849609375
    ],
    [
      3.741565227508545,
      3.2931830883026123,
      1.6836374998092651,
      3.1790099143981934,
      -1.7069236040115356,
      7.794419288635254,
      5.726041793823242,
      16.453947067260742,
      14.991989135742188,
      26.881704330444336,
      12.775426864624023,
      21.59490394592285,
      7.654951095581055,
      14.732425689697266,
      5.334783554077148,
      8.13143539428711,
      1.7354059219360352,
      3.7882463932037354
    ],
    [
      5.640331268310547,
      -0.8437175750732422,
      3.6040024757385254,
      2.119673728942871,
      1.2080938816070557,
      3.6833794116973877,
      4.2609543800354,
      7.376720428466797,
      10.17143440246582,
      12.775426864624023,
      15.878173828125,
      14.475587844848633,
      6.771121501922607,
      8.9124116897583,
      4.994427680969238,
      6.321776390075684,
      4.549001693725586,
      5.643613815307617
    ],
    [
      4.539590835571289,
      2.6964058876037598,
      2.1002628803253174,
      2.5810585021972656,
      -3.75521183013916,
      4.6686506271362305,
      2.8242056369781494,
      12.535504341125488,
      11.620539665222168,
      21.59490394592285,
      14.475587844848633,
      24.576358795166016,
      8.56959342956543,
      15.95287036895752,
      5.454648971557617,
      9.018091201782227,
      2.0173237323760986,
      3.9855425357818604
    ],
    [
      6.51350212097168,
      -0.5007054805755615,
      2.240377426147461,
      -0.5081319808959961,
      1.2693754434585571,
      2.393125057220459,
      3.725412607192993,
      5.008300304412842,
      6.167404651641846,
      7.654951095581055,
      6.771121501922607,
      8.56959342956543,
      12.354551315307617,
      11.783557891845703,
      9.857709884643555,
      11.374993324279785,
      6.895030498504639,
      7.422222137451172
    ],
    [
      5.920346260070801,
      1.5062514543533325,
      1.1508086919784546,
      0.4365592300891876,
      -2.0195159912109375,
      3.302459955215454,
      2.5256946086883545,
      8.673210144042969,
      7.949703693389893,
      14.732425689697266,
      8.9124116897583,
      15.95287036895752,
      11.783557891845703,
      18.879255294799805,
      8.30537223815918,
      13.616421699523926,
      4.45973539352417,
      6.725669860839844
    ],
    [
      5.789245128631592,
      -0.021973632276058197,
      2.3764195442199707,
      0.04850329831242561,
      5.022188663482666,
      4.618086338043213,
      5.719605445861816,
      4.700216770172119,
      5.421578407287598,
      5.334783554077148,
      4.994427680969238,
      5.454648971557617,
      9.857709884643555,
      8.30537223815918,
      23.37056541442871,
      15.468308448791504,
      12.71335220336914,
      10.104222297668457
    ],
    [
      11.150595664978027,
      1.0220223665237427,
      0.982742428779602,
      -1.3653303384780884,
      1.9930981397628784,
      3.4191908836364746,
      4.178794860839844,
      5.416281223297119,
      6.571430683135986,
      8.13143539428711,
      6.321776390075684,
      9.018091201782227,
      11.374993324279785,
      13.616421699523926,
      15.468308448791504,
      24.72785758972168,
      14.766085624694824,
      18.500818252563477
    ],
    [
      10.798952102661133,
      -3.959714889526367,
      2.119251012802124,
      -1.4711538553237915,
      4.680121421813965,
      1.3307912349700928,
      5.353744029998779,
      1.9584431648254395,
      5.074436187744141,
      1.7354059219360352,
      4.549001693725586,
      2.0173237323760986,
      6.895030498504639,
      4.45973539352417,
      12.71335220336914,
      14.766085624694824,
      32.40896987915039,
      33.48154830932617
    ],
    [
      15.940391540527344,
      -2.6776795387268066,
      2.0796470642089844,
      -1.8667874336242676,
      3.608004570007324,
      1.0540670156478882,
      5.175612926483154,
      2.517829656600952,
      6.5014495849609375,
      3.7882463932037354,
      5.643613815307617,
      3.9855425357818604,
      7.422222137451172,
      6.725669860839844,
      10.104222297668457,
      18.500818252563477,
      33.48154830932617,
      45.27009963989258
    ]
  ],
  "covariance_short": [
    [
      37.72673797607422,
      4.450651168823242,
      7.520974159240723,
      1.4001290798187256,
      4.279443264007568,
      2.2187118530273438,
      2.7363955974578857,
      0.2649384140968323,
      4.8313446044921875,
      3.6073758602142334,
      5.467043399810791,
      4.376247882843018,
      5.9475860595703125,
      5.690690994262695,
      7.818861961364746,
      11.580184936523438,
      14.6276273727417,
      17.678735733032227
    ],
    [
      4.450651168823242,
      45.612876892089844,
      -1.2718627452850342,
      3.3035924434661865,
      -1.6182351112365723,
      1.927841305732727,
      -1.7643969058990479,
      2.543729543685913,
      -0.9858675599098206,
      2.4117283821105957,
      -0.2782483696937561,
      2.653265953063965,
      1.2703039646148682,
      3.883342742919922,
      2.350579261779785,
      5.778157711029053,
      2.2717742919921875,
      4.534031867980957
    ],
    [
      7.520974159240723,
      -1.2718627452850342,
      13.612567901611328,
      4.239572525024414,
      4.798839569091797,
      2.4893641471862793,
      3.114860773086548,
      1.3887443542480469,
      4.414616584777832,
      3.228694200515747,
      5.603768348693848,
      3.9694526195526123,
      4.541376113891602,
      3.1823055744171143,
      4.378764629364014,
      4.106764793395996,
      5.704924583435059,
      6.49713659286499
    ],
    [
      1.4001290798187256,
      3.3035924434661865,
      4.239572525024414,
      19.01877212524414,
      4.5760416984558105,
      8.778779029846191,
      0.29758524894714355,
      2.895279884338379,
      -0.10331115871667862,
      2.0859920978546143,
      1.5748670101165771,
      2.1817777156829834,
      -0.41989433765411377,
      0.28077441453933716,
      -0.19584806263446808,
      -1.4184622764587402,
      -0.9649543166160583,
      -2.0542120933532715
    ],
    [
      4.279443264007568,
      -1.6182351112365723,
      4.798839569091797,
      4.5760416984558105,
      25.143798828125,
      12.780620574951172,
      11.518064498901367,
      4.629602432250977,
      6.031155109405518,
      1.032442569732666,
      3.8140883445739746,
      -1.1267060041427612,
      3.26025128364563,
      0.5395819544792175,
      5.735387802124023,
      4.124917507171631,
      5.408782005310059,
      4.3769707679748535
    ],
    [
      2.2187118530273438,
      1.927841305732727,
      2.4893641471862793,
      8.778779029846191,
      12.780620574951172,
      23.553359985351562,
      7.059654235839844,
      10.369805335998535,
      6.547581672668457,
      9.991044044494629,
      5.627040863037109,
      7.122076988220215,
      5.166660785675049,
      6.9355597496032715,
      6.768774509429932,
      7.284961223602295,
      4.852077007293701,
      4.615417003631592
    ],
    [
      2.7363955974578857,
      -1.7643969058990479,
      3.114860773086548,
      0.29758524894714355,
      11.518064498901367,
      7.059654235839844,
      25.589433670043945,
      12.352296829223633,
      13.910271644592285,
      7.795383453369141,
      6.260988712310791,
      4.429649829864502,
      6.800988674163818,
      4.4742231369018555,
      7.515605449676514,
      5.683802127838135,
      5.377148151397705,
      6.120301723480225
    ],
    [
      0.2649384140968323,
      2.543729543685913,
      1.3887443542480469,
      2.895279884338379,
      4.629602432250977,
      10.369805335998535,
      12.352296829223633,
      21.33211898803711,
      12.776110649108887,
      18.09225082397461,
      9.462934494018555,
      14.452423095703125,
      8.476250648498535,
      11.480315208435059,
      7.346019268035889,
      8.600696563720703,
      5.20936393737793,
      6.849146366119385
    ],
    [
      4.8313446044921875,
      -0.9858675599098206,
      4.414616584777832,
      -0.10331115871667862,
      6.031155109405518,
      6.547581672668457,
      13.910271644592285,
      12.776110649108887,
      23.16225242614746,
      18.386619567871094,
      15.045748710632324,
      15.1163330078125,
      11.055846214294434,
      11.609962463378906,
      9.504061698913574,
      10.050894737243652,
      7.987456321716309,
      10.314716339111328
    ],
    [
      3.6073758602142334,
      2.4117283821105957,
      3.228694200515747,
      2.0859920978546143,
      1.032442569732666,
      9.991044044494629,
      7.795383453369141,
      18.09225082397461,
      18.386619567871094,
      30.949077606201172,
      16.70270538330078,
      25.137510299682617,
      12.664627075195312,
      18.926877975463867,
      9.96243667602539,
      13.159211158752441,
      8.362812042236328,
      11.353947639465332
    ],
    [
      5.467043399810791,
      -0.2782483696937561,
      5.603768348693848,
      1.5748670101165771,
      3.8140883445739746,
      5.627040863037109,
      6.260988712310791,
      9.462934494018555,
      15.045748710632324,
      16.70270538330078,
      25.20829200744629,
      20.637405395507812,
      14.122396469116211,
      14.296767234802246,
      11.520095825195312,
      12.153016090393066,
      11.770994186401367,
      13.528823852539062
    ],
    [
      4.376247882843018,
      2.653265953063965,
      3.9694526195526123,
      2.1817777156829834,
      -1.1267060041427612,
      7.122076988220215,
      4.429649829864502,
      14.452423095703125,
      15.1163330078125,
      25.137510299682617,
      20.637405395507812,
      31.50896644592285,
      15.382305145263672,
      22.134546279907227,
      12.120725631713867,
      16.23579978942871,
      11.309693336486816,
      15.030089378356934
    ],
    [
      5.9475860595703125,
      1.2703039646148682,
      4.541376113891602,
      -0.41989433765411377,
      3.26025128364563,
      5.166660785675049,
      6.800988674163818,
      8.476250648498535,
      11.055846214294434,
      12.664627075195312,
      14.122396469116211,
      15.382305145263672,
      24.30354118347168,
      20.058740615844727,
      21.282106399536133,
      21.66902732849121,
      21.06995964050293,
      22.00117301940918
    ],
    [
      5.690690994262695,
      3.883342742919922,
      3.1823055744171143,
      0.28077441453933716,
      0.5395819544792175,
      6.9355597496032715,
      4.4742231369018555,
      11.480315208435059,
      11.609962463378906,
      18.926877975463867,
      14.296767234802246,
      22.134546279907227,
      20.058740615844727,
      27.88711929321289,
      17.5762996673584,
      24.169233322143555,
      18.40655517578125,
      22.932464599609375
    ],
    [
      7.818861961364746,
      2.350579261779785,
      4.378764629364014,
      -0.19584806263446808,
      5.735387802124023,
      6.768774509429932,
      7.515605449676514,
      7.346019268035889,
      9.504061698913574,
      9.96243667602539,
      11.520095825195312,
      12.120725631713867,
      21.282106399536133,
      17.5762996673584,
      39.638671875,
      30.429595947265625,
      34.384403228759766,
      29.37432861328125
    ],
    [
      11.580184936523438,
      5.778157711029053,
      4.106764793395996,
      -1.4184622764587402,
      4.124917507171631,
      7.284961223602295,
      5.683802127838135,
      8.600696563720703,
      10.050894737243652,
      13.159211158752441,
      12.153016090393066,
      16.23579978942871,
      21.66902732849121,
      24.169233322143555,
      30.429595947265625,
      41.585262298583984,
      36.75083541870117,
      42.134578704833984
    ],
    [
      14.6276273727417,
      2.2717742919921875,
      5.704924583435059,
      -0.9649543166160583,
      5.408782005310059,
      4.852077007293701,
      5.377148151397705,
      5.20936393737793,
      7.987456321716309,
      8.362812042236328,
      11.770994186401367,
      11.309693336486816,
      21.06995964050293,
      18.40655517578125,
      34.384403228759766,
      36.75083541870117,
      64.1856460571289,
      62.76320266723633
    ],
    [
      17.678735733032227,
      4.534031867980957,
      6.49713659286499,
      -2.0542120933532715,
      4.3769707679748535,
      4.615417003631592,
      6.120301723480225,
      6.849146366119385,
      10.314716339111328,
      11.353947639465332,
      13.528823852539062,
      15.030089378356934,
      22.00117301940918,
      22.932464599609375,
      29.37432861328125,
      42.134578704833984,
      62.76320266723633,
      76.65431213378906
    ]
  ],
  "damage": -5.464026927947998,
  "diff_bandwidth": 800.8345947265625,
  "dissonance": 10.619351451526214,
  "drr": 4.862841606140137,
  "dynamics": 1.8651142120361328,
  "format": 1245190,
  "frames": 14020608,
  "loudness": -7.664570331573486,
  "loudness_range": 4.967525482177734,
  "loudness_range_short": 6.023964881896973,
  "lowpass_true_peak_15khz": 1.2842496633529663,
  "mastering3_acoustic_entropies": [
    {
      "acoustic_entropy": 5.445940971374512,
      "acoustic_entropy_mono": 5.580060958862305,
      "band_eliminated_acoustic_entropies": [
        {
          "acoustic_entropy": 5.409032344818115,
          "acoustic_entropy_side": 5.445893287658691,
          "hz": 129.47220167065723
        },
        {
          "acoustic_entropy": 5.375339031219482,
          "acoustic_entropy_side": 5.447377681732178,
          "hz": 202.92927478742237
        },
        {
          "acoustic_entropy": 5.431737899780273,
          "acoustic_entropy_side": 5.453557968139648,
          "hz": 282.89161906338205
        },
        {
          "acoustic_entropy": 5.208827018737793,
          "acoustic_entropy_side": 5.41790771484375,
          "hz": 369.9353335868758
        },
        {
          "acoustic_entropy": 5.210071563720703,
          "acoustic_entropy_side": 5.165205478668213,
          "hz": 464.6875360973435
        },
        {
          "acoustic_entropy": 5.4190897941589355,
          "acoustic_entropy_side": 5.401413440704346,
          "hz": 567.8308811364784
        },
        {
          "acoustic_entropy": 5.731349468231201,
          "acoustic_entropy_side": 5.440229892730713,
          "hz": 680.1084783214808
        },
        {
          "acoustic_entropy": 5.159688472747803,
          "acoustic_entropy_side": 5.5223493576049805,
          "hz": 802.3292461747484
        },
        {
          "acoustic_entropy": 5.454015731811523,
          "acoustic_entropy_side": 5.448354244232178,
          "hz": 935.3737400823702
        },
        {
          "acoustic_entropy": 5.335929870605469,
          "acoustic_entropy_side": 5.424386978149414,
          "hz": 1080.2004963696966
        },
        {
          "acoustic_entropy": 5.243255615234375,
          "acoustic_entropy_side": 5.392390251159668,
          "hz": 1237.8529382007157
        },
        {
          "acoustic_entropy": 5.450868129730225,
          "acoustic_entropy_side": 5.4222564697265625,
          "hz": 1409.4668930556702
        },
        {
          "acoustic_entropy": 5.538353443145752,
          "acoustic_entropy_side": 5.472559928894043,
          "hz": 1596.2787759475705
        },
        {
          "acoustic_entropy": 5.403991222381592,
          "acoustic_entropy_side": 5.444847106933594,
          "hz": 1799.6344973346393
        },
        {
          "acoustic_entropy": 5.321063995361328,
          "acoustic_entropy_side": 5.428585052490234,
          "hz": 2020.9991599069049
        },
        {
          "acoustic_entropy": 5.333452224731445,
          "acoustic_entropy_side": 5.391340255737305,
          "hz": 2261.9676141086993
        },
        {
          "acoustic_entropy": 4.997447490692139,
          "acoustic_entropy_side": 5.2427544593811035,
          "hz": 2524.2759484456974
        },
        {
          "acoustic_entropy": 5.28679895401001,
          "acoustic_entropy_side": 5.335472106933594,
          "hz": 2809.813997359896
        },
        {
          "acoustic_entropy": 5.09320592880249,
          "acoustic_entropy_side": 5.373411178588867,
          "hz": 3120.6389567871424
        },
        {
          "acoustic_entropy": 4.864858627319336,
          "acoustic_entropy_side": 5.44271183013916,
          "hz": 3458.990205492291
        },
        {
          "acoustic_entropy": 5.33235502243042,
          "acoustic_entropy_side": 5.439467906951904,
          "hz": 3827.305438964164
        },
        {
          "acoustic_entropy": 5.535445690155029,
          "acoustic_entropy_side": 5.45514440536499,
          "hz": 4228.238232109126
        },
        {
          "acoustic_entropy": 5.499471664428711,
          "acoustic_entropy_side": 5.454173564910889,
          "hz": 4664.6771572759235
        },
        {
          "acoustic_entropy": 5.504599571228027,
          "acoustic_entropy_side": 5.456610202789307,
          "hz": 5139.766595350093
        },
        {
          "acoustic_entropy": 5.493666648864746,
          "acoustic_entropy_side": 5.4516401290893555,
          "hz": 5656.929389854203
        },
        {
          "acoustic_entropy": 5.5265889167785645,
          "acoustic_entropy_side": 5.45218563079834,
          "hz": 6219.891507268283
        },
        {
          "acoustic_entropy": 5.512631416320801,
          "acoustic_entropy_side": 5.4438982009887695,
          "hz": 6832.70888123896
        },
        {
          "acoustic_entropy": 5.602091312408447,
          "acoustic_entropy_side": 5.446807861328125,
          "hz": 7499.796634079867
        },
        {
          "acoustic_entropy": 5.633276462554932,
          "acoustic_entropy_side": 5.447103023529053,
          "hz": 8225.96088609342
        },
        {
          "acoustic_entropy": 5.544500350952148,
          "acoustic_entropy_side": 5.441044330596924,
          "hz": 9016.43338188839
        },
        {
          "acoustic_entropy": 5.571536064147949,
          "acoustic_entropy_side": 5.4426398277282715,
          "hz": 9876.909183162974
        },
        {
          "acoustic_entropy": 5.615581035614014,
          "acoustic_entropy_side": 5.435254096984863,
          "hz": 10813.587699516042
        },
        {
          "acoustic_entropy": 5.472818851470947,
          "acoustic_entropy_side": 5.437687397003174,
          "hz": 11833.21735289826
        },
        {
          "acoustic_entropy": 5.436994552612305,
          "acoustic_entropy_side": 5.429793357849121,
          "hz": 12943.144197493959
        },
        {
          "acoustic_entropy": 5.446142673492432,
          "acoustic_entropy_side": 5.421485900878906,
          "hz": 14151.364845322005
        },
        {
          "acoustic_entropy": 5.4037909507751465,
          "acoustic_entropy_side": 5.4258012771606445,
          "hz": 15466.58407886509
        },
        {
          "acoustic_entropy": 5.3927693367004395,
          "acoustic_entropy_side": 5.440513610839844,
          "hz": 16898.27756580493
        },
        {
          "acoustic_entropy": 5.42139196395874,
          "acoustic_entropy_side": 5.4497761726379395,
          "hz": 18456.760127700032
        },
        {
          "acoustic_entropy": 5.445917129516602,
          "acoustic_entropy_side": 5.449579238891602,
          "hz": 20153.260054456492
        },
        {
          "acoustic_entropy": 5.447352409362793,
          "acoustic_entropy_side": 5.446451187133789,
          "hz": 22000.00000000001
        }
      ],
      "diff_acoustic_entropy": 4.714371681213379,
      "sn": 6
    },
    {
      "acoustic_entropy": 10.435517311096191,
      "acoustic_entropy_mono": 8.876063346862793,
      "band_eliminated_acoustic_entropies": [
        {
          "acoustic_entropy": 10.470331192016602,
          "acoustic_entropy_side": 10.439324378967285,
          "hz": 129.47220167065723
        },
        {
          "acoustic_entropy": 10.132865905761719,
          "acoustic_entropy_side": 10.524827003479004,
          "hz": 202.92927478742237
        },
        {
          "acoustic_entropy": 11.071706771850586,
          "acoustic_entropy_side": 10.48331069946289,
          "hz": 282.89161906338205
        },
        {
          "acoustic_entropy": 10.70266056060791,
          "acoustic_entropy_side": 10.301859855651855,
          "hz": 369.9353335868758
        },
        {
          "acoustic_entropy": 10.352248191833496,
          "acoustic_entropy_side": 10.060635566711426,
          "hz": 464.6875360973435
        },
        {
          "acoustic_entropy": 10.215357780456543,
          "acoustic_entropy_side": 10.45021915435791,
          "hz": 567.8308811364784
        },
        {
          "acoustic_entropy": 11.111555099487305,
          "acoustic_entropy_side": 10.78035831451416,
          "hz": 680.1084783214808
        },
        {
          "acoustic_entropy": 10.730721473693848,
          "acoustic_entropy_side": 10.383964538574219,
          "hz": 802.3292461747484
        },
        {
          "acoustic_entropy": 10.771239280700684,
          "acoustic_entropy_side": 10.574188232421875,
          "hz": 935.3737400823702
        },
        {
          "acoustic_entropy": 10.27668285369873,
          "acoustic_entropy_side": 10.430624961853027,
          "hz": 1080.2004963696966
        },
        {
          "acoustic_entropy": 10.603940963745117,
          "acoustic_entropy_side": 10.557427406311035,
          "hz": 1237.8529382007157
        },
        {
          "acoustic_entropy": 10.341461181640625,
          "acoustic_entropy_side": 10.244437217712402,
          "hz": 1409.4668930556702
        },
        {
          "acoustic_entropy": 10.445442199707031,
          "acoustic_entropy_side": 10.572942733764648,
          "hz": 1596.2787759475705
        },
        {
          "acoustic_entropy": 10.39147663116455,
          "acoustic_entropy_side": 10.407563209533691,
          "hz": 1799.6344973346393
        },
        {
          "acoustic_entropy": 10.547249794006348,
          "acoustic_entropy_side": 10.515892028808594,
          "hz": 2020.9991599069049
        },
        {
          "acoustic_entropy": 10.524640083312988,
          "acoustic_entropy_side": 10.48915958404541,
          "hz": 2261.9676141086993
        },
        {
          "acoustic_entropy": 10.098311424255371,
          "acoustic_entropy_side": 10.374040603637695,
          "hz": 2524.2759484456974
        },
        {
          "acoustic_entropy": 10.674819946289062,
          "acoustic_entropy_side": 10.464922904968262,
          "hz": 2809.813997359896
        },
        {
          "acoustic_entropy": 10.341631889343262,
          "acoustic_entropy_side": 10.347457885742188,
          "hz": 3120.6389567871424
        },
        {
          "acoustic_entropy": 10.556232452392578,
          "acoustic_entropy_side": 10.443361282348633,
          "hz": 3458.990205492291
        },
        {
          "acoustic_entropy": 10.683366775512695,
          "acoustic_entropy_side": 10.563106536865234,
          "hz": 3827.305438964164
        },
        {
          "acoustic_entropy": 10.58041000366211,
          "acoustic_entropy_side": 10.504721641540527,
          "hz": 4228.238232109126
        },
        {
          "acoustic_entropy": 10.652904510498047,
          "acoustic_entropy_side": 10.538431167602539,
          "hz": 4664.6771572759235
        },
        {
          "acoustic_entropy": 10.648404121398926,
          "acoustic_entropy_side": 10.468191146850586,
          "hz": 5139.766595350093
        },
        {
          "acoustic_entropy": 10.416034698486328,
          "acoustic_entropy_side": 10.446270942687988,
          "hz": 5656.929389854203
        },
        {
          "acoustic_entropy": 10.420609474182129,
          "acoustic_entropy_side": 10.423407554626465,
          "hz": 6219.891507268283
        },
        {
          "acoustic_entropy": 10.49820327758789,
          "acoustic_entropy_side": 10.490167617797852,
          "hz": 6832.70888123896
        },
        {
          "acoustic_entropy": 10.514608383178711,
          "acoustic_entropy_side": 10.520281791687012,
          "hz": 7499.796634079867
        },
        {
          "acoustic_entropy": 10.441061973571777,
          "acoustic_entropy_side": 10.464966773986816,
          "hz": 8225.96088609342
        },
        {
          "acoustic_entropy": 10.235673904418945,
          "acoustic_entropy_side": 10.389433860778809,
          "hz": 9016.43338188839
        },
        {
          "acoustic_entropy": 10.236883163452148,
          "acoustic_entropy_side": 10.413865089416504,
          "hz": 9876.909183162974
        },
        {
          "acoustic_entropy": 10.280318260192871,
          "acoustic_entropy_side": 10.365460395812988,
          "hz": 10813.587699516042
        },
        {
          "acoustic_entropy": 10.55494213104248,
          "acoustic_entropy_side": 10.366628646850586,
          "hz": 11833.21735289826
        },
        {
          "acoustic_entropy": 10.407233238220215,
          "acoustic_entropy_side": 10.336297035217285,
          "hz": 12943.144197493959
        },
        {
          "acoustic_entropy": 10.299696922302246,
          "acoustic_entropy_side": 10.313239097595215,
          "hz": 14151.364845322005
        },
        {
          "acoustic_entropy": 10.283222198486328,
          "acoustic_entropy_side": 10.322818756103516,
          "hz": 15466.58407886509
        },
        {
          "acoustic_entropy": 10.269059181213379,
          "acoustic_entropy_side": 10.343947410583496,
          "hz": 16898.27756580493
        },
        {
          "acoustic_entropy": 10.281231880187988,
          "acoustic_entropy_side": 10.405023574829102,
          "hz": 18456.760127700032
        },
        {
          "acoustic_entropy": 10.365038871765137,
          "acoustic_entropy_side": 10.43147087097168,
          "hz": 20153.260054456492
        },
        {
          "acoustic_entropy": 10.43909740447998,
          "acoustic_entropy_side": 10.436906814575195,
          "hz": 22000.00000000001
        }
      ],
      "diff_acoustic_entropy": 7.627535820007324,
      "sn": 12
    },
    {
      "acoustic_entropy": 15.894899368286133,
      "acoustic_entropy_mono": 13.17607593536377,
      "band_eliminated_acoustic_entropies": [
        {
          "acoustic_entropy": 15.819257736206055,
          "acoustic_entropy_side": 16.08100700378418,
          "hz": 129.47220167065723
        },
        {
          "acoustic_entropy": 15.840485572814941,
          "acoustic_entropy_side": 16.07529067993164,
          "hz": 202.92927478742237
        },
        {
          "acoustic_entropy": 16.5869197845459,
          "acoustic_entropy_side": 16.202510833740234,
          "hz": 282.89161906338205
        },
        {
          "acoustic_entropy": 16.12075424194336,
          "acoustic_entropy_side": 16.456186294555664,
          "hz": 369.9353335868758
        },
        {
          "acoustic_entropy": 15.532820701599121,
          "acoustic_entropy_side": 15.872244834899902,
          "hz": 464.6875360973435
        },
        {
          "acoustic_entropy": 15.690208435058594,
          "acoustic_entropy_side": 15.951542854309082,
          "hz": 567.8308811364784
        },
        {
          "acoustic_entropy": 16.272708892822266,
          "acoustic_entropy_side": 16.500165939331055,
          "hz": 680.1084783214808
        },
        {
          "acoustic_entropy": 15.586119651794434,
          "acoustic_entropy_side": 15.900230407714844,
          "hz": 802.3292461747484
        },
        {
          "acoustic_entropy": 16.064693450927734,
          "acoustic_entropy_side": 15.84911060333252,
          "hz": 935.3737400823702
        },
        {
          "acoustic_entropy": 16.17037010192871,
          "acoustic_entropy_side": 16.08074378967285,
          "hz": 1080.2004963696966
        },
        {
          "acoustic_entropy": 15.991080284118652,
          "acoustic_entropy_side": 15.846734046936035,
          "hz": 1237.8529382007157
        },
        {
          "acoustic_entropy": 15.690443992614746,
          "acoustic_entropy_side": 15.632772445678711,
          "hz": 1409.4668930556702
        },
        {
          "acoustic_entropy": 15.751143455505371,
          "acoustic_entropy_side": 15.83025074005127,
          "hz": 1596.2787759475705
        },
        {
          "acoustic_entropy": 16.212112426757812,
          "acoustic_entropy_side": 15.781036376953125,
          "hz": 1799.6344973346393
        },
        {
          "acoustic_entropy": 16.158700942993164,
          "acoustic_entropy_side": 15.932640075683594,
          "hz": 2020.9991599069049
        },
        {
          "acoustic_entropy": 15.936744689941406,
          "acoustic_entropy_side": 16.13961410522461,
          "hz": 2261.9676141086993
        },
        {
          "acoustic_entropy": 15.67752456665039,
          "acoustic_entropy_side": 15.703646659851074,
          "hz": 2524.2759484456974
        },
        {
          "acoustic_entropy": 15.772645950317383,
          "acoustic_entropy_side": 16.0296688079834,
          "hz": 2809.813997359896
        },
