{
  "acoustic_entropy": 211.7091827392578,
  "bands": [
    {
      "high_freq": 148.1999969482422,
      "loudness": -17.384384155273438,
      "loudness_range": 8.227374076843262,
      "mid_mean": -14.0595703125,
      "mid_to_side_loudness": -12.132481575012207,
      "mid_to_side_loudness_range": 12.719320297241211,
      "side_mean": -26.310829162597656
    },
    {
      "high_freq": 392.3793640136719,
      "loudness": -17.44771957397461,
      "loudness_range": 6.516289710998535,
      "low_freq": 148.1999969482422,
      "mid_mean": -14.418726921081543,
      "mid_to_side_loudness": -8.244071960449219,
      "mid_to_side_loudness_range": 8.770021438598633,
      "side_mean": -22.82088851928711
    },
    {
      "high_freq": 794.6976318359375,
      "loudness": -21.767105102539062,
      "loudness_range": 9.971708297729492,
      "low_freq": 392.3793640136719,
      "mid_mean": -19.002426147460938,
      "mid_to_side_loudness": -7.430170059204102,
      "mid_to_side_loudness_range": 11.665122985839844,
      "side_mean": -26.561922073364258
    },
    {
      "high_freq": 1457.5709228515625,
      "loudness": -24.471111297607422,
      "loudness_range": 14.363622665405273,
      "low_freq": 794.6976318359375,
      "mid_mean": -21.541650772094727,
      "mid_to_side_loudness": -8.158379554748535,
      "mid_to_side_loudness_range": 10.617316246032715,
      "side_mean": -29.838180541992188
    },
    {
      "high_freq": 2549.74365234375,
      "loudness": -19.778669357299805,
      "loudness_range": 13.160412788391113,
      "low_freq": 1457.5709228515625,
      "mid_mean": -16.867578506469727,
      "mid_to_side_loudness": -7.918301582336426,
      "mid_to_side_loudness_range": 9.399794578552246,
      "side_mean": -24.878761291503906
    },
    {
      "high_freq": 4349.24462890625,
      "loudness": -22.229223251342773,
      "loudness_range": 10.685941696166992,
      "low_freq": 2549.74365234375,
      "mid_mean": -19.32586097717285,
      "mid_to_side_loudness": -7.644586086273193,
      "mid_to_side_loudness_range": 8.617115020751953,
      "side_mean": -27.076269149780273
    },
    {
      "high_freq": 7314.1640625,
      "loudness": -28.74211883544922,
      "loudness_range": 11.495903015136719,
      "low_freq": 4349.24462890625,
      "mid_mean": -25.889606475830078,
      "mid_to_side_loudness": -7.173905372619629,
      "mid_to_side_loudness_range": 8.298042297363281,
      "side_mean": -33.26362991333008
    },
    {
      "high_freq": 12199.2666015625,
      "loudness": -31.281890869140625,
      "loudness_range": 16.36460304260254,
      "low_freq": 7314.1640625,
      "mid_mean": -28.268356323242188,
      "mid_to_side_loudness": -8.554521560668945,
      "mid_to_side_loudness_range": 12.744261741638184,
      "side_mean": -37.30247116088867
    },
    {
      "loudness": -39.192474365234375,
      "loudness_range": 15.046728134155273,
      "low_freq": 12199.2666015625,
      "mid_mean": -36.652381896972656,
      "mid_to_side_loudness": -6.307928562164307,
      "mid_to_side_loudness_range": 11.324004173278809,
      "side_mean": -43.251522064208984
    }
  ],
  "bands_short": [
    {
      "high_freq": 148.1999969482422,
      "loudness": -20.70981216430664,
      "loudness_range": 12.891180038452148,
      "mid_mean": -17.41893768310547,
      "mid_to_side_loudness": -13.88634967803955,
      "mid_to_side_loudness_range": 19.798738479614258,
      "side_mean": -31.50314712524414
    },
    {
      "high_freq": 392.3793640136719,
      "loudness": -16.317157745361328,
      "loudness_range": 8.219869613647461,
      "low_freq": 148.1999969482422,
      "mid_mean": -13.271049499511719,
      "mid_to_side_loudness": -8.963300704956055,
      "mid_to_side_loudness_range": 11.032159805297852,
      "side_mean": -22.279375076293945
    },
    {
      "high_freq": 794.6976318359375,
      "loudness": -21.8851375579834,
      "loudness_range": 12.28553295135498,
      "low_freq": 392.3793640136719,
      "mid_mean": -19.353439331054688,
      "mid_to_side_loudness": -6.663364410400391,
      "mid_to_side_loudness_range": 13.33165168762207,
      "side_mean": -26.145774841308594
    },
    {
      "high_freq": 1457.5709228515625,
      "loudness": -25.143329620361328,
      "loudness_range": 16.35279083251953,
      "low_freq": 794.6976318359375,
      "mid_mean": -22.38223648071289,
      "mid_to_side_loudness": -7.742717742919922,
      "mid_to_side_loudness_range": 13.136591911315918,
      "side_mean": -30.256488800048828
    },
    {
      "high_freq": 2549.74365234375,
      "loudness": -20.675886154174805,
      "loudness_range": 16.238670349121094,
      "low_freq": 1457.5709228515625,
      "mid_mean": -17.904253005981445,
      "mid_to_side_loudness": -7.622128009796143,
      "mid_to_side_loudness_range": 11.75212287902832,
      "side_mean": -25.614837646484375
    },
    {
      "high_freq": 4349.24462890625,
      "loudness": -22.90764617919922,
      "loudness_range": 14.232145309448242,
      "low_freq": 2549.74365234375,
      "mid_mean": -20.11044692993164,
      "mid_to_side_loudness": -7.4531354904174805,
      "mid_to_side_loudness_range": 10.375351905822754,
      "side_mean": -27.653112411499023
    },
    {
      "high_freq": 7314.1640625,
      "loudness": -29.71893310546875,
      "loudness_range": 15.634254455566406,
      "low_freq": 4349.24462890625,
      "mid_mean": -26.983034133911133,
      "mid_to_side_loudness": -6.8728718757629395,
      "mid_to_side_loudness_range": 10.098886489868164,
      "side_mean": -34.14913558959961
    },
    {
      "high_freq": 12199.2666015625,
      "loudness": -32.744293212890625,
      "loudness_range": 18.28195571899414,
      "low_freq": 7314.1640625,
      "mid_mean": -29.961929321289062,
      "mid_to_side_loudness": -8.206952095031738,
      "mid_to_side_loudness_range": 14.380266189575195,
      "side_mean": -38.68600082397461
    },
    {
      "loudness": -41.282752990722656,
      "loudness_range": 20.913345336914062,
      "low_freq": 12199.2666015625,
      "mid_mean": -38.89699172973633,
      "mid_to_side_loudness": -6.985716819763184,
      "mid_to_side_loudness_range": 14.950981140136719,
      "side_mean": -46.50541305541992
    }
  ],
  "bandwidth": 581.3964233398438,
  "channels": 2,
  "covariance": [
    [
      13.611017227172852,
      7.903737545013428,
      4.803136348724365,
      5.415594577789307,
      4.150240421295166,
      3.4744796752929688,
      4.827237129211426,
      4.308224201202393,
      5.03499174118042,
      4.849322319030762,
      4.987491607666016,
      5.345565319061279,
      6.2368364334106445,
      6.540271282196045,
      6.690168380737305,
      8.822093963623047,
      5.298839569091797,
      8.124019622802734
    ],
    [
      7.903737545013428,
      21.180858612060547,
      2.079622268676758,
      4.067611217498779,
      1.7249051332473755,
      0.0632229596376419,
      1.556302547454834,
      0.3118540942668915,
      1.2178263664245605,
      -0.9834759831428528,
      1.8978415727615356,
      0.45068562030792236,
      2.3533294200897217,
      1.4307063817977905,
      3.3769893646240234,
      3.3694398403167725,
      2.6206390857696533,
      3.9374349117279053
    ],
    [
      4.803136348724365,
      2.079622268676758,
      8.918618202209473,
      5.733855247497559,
      3.7900259494781494,
      3.6045572757720947,
      3.906332015991211,
      4.440274238586426,
      4.767877578735352,
      4.450541019439697,
      5.001001834869385,
      5.15059757232666,
      5.966814994812012,
      6.0919508934021,
      6.273910999298096,
      7.230527877807617,
      5.1011128425598145,
      6.322301864624023
    ],
    [
      5.415594577789307,
      4.067611217498779,
      5.733855247497559,
      13.128832817077637,
      4.978391170501709,
      6.097145080566406,
      5.829399108886719,
      6.790102958679199,
      6.944735527038574,
      7.891270160675049,
      7.045698642730713,
      9.511221885681152,
      7.832335472106934,
      10.274009704589844,
      8.09699535369873,
      10.421590805053711,
      6.032983779907227,
      7.573764801025391
    ],
    [
      4.150240421295166,
      1.7249051332473755,
      3.7900259494781494,
      4.978391170501709,
      16.64908218383789,
      8.655318260192871,
      14.981039047241211,
      10.1105318069458,
      11.972061157226562,
      10.441092491149902,
      9.394329071044922,
      8.684906005859375,
      8.078567504882812,
      8.53856086730957,
      9.030314445495605,
      7.13071346282959,
      6.493393421173096,
      3.7735698223114014
    ],
    [
      3.4744796752929688,
      0.0632229596376419,
      3.6045572757720947,
      6.097145080566406,
      8.655318260192871,
      16.077177047729492,
      8.00142765045166,
      10.819328308105469,
      7.879447937011719,
      11.973434448242188,
      6.739290237426758,
      11.049715995788574,
      6.3456034660339355,
      10.286399841308594,
      6.263295650482178,
      8.221087455749512,
      4.547092914581299,
      4.4290008544921875
    ],
    [
      4.827237129211426,
      1.556302547454834,
      3.906332015991211,
      5.829399108886719,
      14.981039047241211,
      8.00142765045166,
      27.76723861694336,
      14.880471229553223,
      15.246294975280762,
      13.575359344482422,
      12.403360366821289,
      11.245315551757812,
      11.642523765563965,
      10.975421905517578,
      12.08120346069336,
      9.124330520629883,
      8.015976905822754,
      3.9825263023376465
    ],
    [
      4.308224201202393,
      0.3118540942668915,
      4.440274238586426,
      6.790102958679199,
      10.1105318069458,
      10.819328308105469,
      14.880471229553223,
      16.28813934326172,
      11.920766830444336,
      14.87434196472168,
      9.989615440368652,
      13.177952766418457,
      9.877484321594238,
      12.417141914367676,
      9.86569595336914,
      9.538177490234375,
      6.441323757171631,
      4.305576801300049
    ],
    [
      5.03499174118042,
      1.2178263664245605,
      4.767877578735352,
      6.944735527038574,
      11.972061157226562,
      7.879447937011719,
      15.246294975280762,
      11.920766830444336,
      24.111894607543945,
      17.538373947143555,
      16.563190460205078,
      14.877060890197754,
      15.998063087463379,
      15.412109375,
      16.161619186401367,
      13.679616928100586,
      11.054281234741211,
      7.32511043548584
    ],
    [
      4.849322319030762,
      -0.9834759831428528,
      4.450541019439697,
      7.891270160675049,
      10.441092491149902,
      11.973434448242188,
      13.575359344482422,
      14.87434196472168,
      17.538373947143555,
      22.567184448242188,
      13.390326499938965,
      19.1147518157959,
      14.11095142364502,
      18.855300903320312,
      13.869857788085938,
      15.171831130981445,
      8.885087966918945,
      7.147664546966553
    ],
    [
      4.987491607666016,
      1.8978415727615356,
      5.001001834869385,
      7.045698642730713,
      9.394329071044922,
      6.739290237426758,
      12.403360366821289,
      9.989615440368652,
      16.563190460205078,
      13.390326499938965,
      16.076112747192383,
      14.113985061645508,
      14.562225341796875,
      14.595014572143555,
      13.982292175292969,
      12.975061416625977,
      9.324403762817383,
      7.304614543914795
    ],
    [
      5.345565319061279,
      0.45068562030792236,
      5.15059757232666,
      9.511221885681152,
      8.684906005859375,
      11.049715995788574,
      11.245315551757812,
      13.177952766418457,
      14.877060890197754,
      19.1147518157959,
      14.113985061645508,
      21.494062423706055,
      15.322875022888184,
      21.260698318481445,
      14.051149368286133,
      18.047039031982422,
      9.697704315185547,
      10.653238296508789
    ],
    [
      6.2368364334106445,
      2.3533294200897217,
      5.966814994812012,
      7.832335472106934,
      8.078567504882812,
      6.3456034660339355,
      11.642523765563965,
      9.877484321594238,
      15.998063087463379,
      14.11095142364502,
      14.562225341796875,
      15.322875022888184,
      20.361886978149414,
      18.670679092407227,
      19.0888671875,
      19.448047637939453,
      13.452132225036621,
      12.055036544799805
    ],
    [
      6.540271282196045,
      1.4307063817977905,
      6.0919508934021,
      10.274009704589844,
      8.53856086730957,
      10.286399841308594,
      10.975421905517578,
      12.417141914367676,
      15.412109375,
      18.855300903320312,
      14.595014572143555,
      21.260698318481445,
      18.670679092407227,
      25.75181007385254,
      16.874427795410156,
      23.346529006958008,
      12.126276969909668,
      14.679460525512695
    ],
    [
      6.690168380737305,
      3.3769893646240234,
      6.273910999298096,
      8.09699535369873,
      9.030314445495605,
      6.263295650482178,
      12.08120346069336,
      9.86569595336914,
      16.161619186401367,
      13.869857788085938,
      13.982292175292969,
      14.051149368286133,
      19.0888671875,
      16.874427795410156,
      33.767852783203125,
      23.850378036499023,
      25.845212936401367,
      18.990615844726562
    ],
    [
      8.822093963623047,
      3.3694398403167725,
      7.230527877807617,
      10.421590805053711,
      7.13071346282959,
      8.221087455749512,
      9.124330520629883,
      9.538177490234375,
      13.679616928100586,
      15.171831130981445,
      12.975061416625977,
      18.047039031982422,
      19.448047637939453,
      23.346529006958008,
      23.850378036499023,
      32.60350036621094,
      20.87775230407715,
      26.802724838256836
    ],
    [
      5.298839569091797,
      2.6206390857696533,
      5.1011128425598145,
      6.032983779907227,
      6.493393421173096,
      4.547092914581299,
      8.015976905822754,
      6.441323757171631,
      11.054281234741211,
      8.885087966918945,
      9.324403762817383,
      9.697704315185547,
      13.452132225036621,
      12.126276969909668,
      25.845212936401367,
      20.87775230407715,
      29.106670379638672,
      24.088342666625977
    ],
    [
      8.124019622802734,
      3.9374349117279053,
      6.322301864624023,
      7.573764801025391,
      3.7735698223114014,
      4.4290008544921875,
      3.9825263023376465,
      4.305576801300049,
      7.32511043548584,
      7.147664546966553,
      7.304614543914795,
      10.653238296508789,
      12.055036544799805,
      14.679460525512695,
      18.990615844726562,
      26.802724838256836,
      24.088342666625977,
      36.36018753051758
    ]
  ],
  "covariance_short": [
    [
      26.58222198486328,
      12.074216842651367,
      6.482553958892822,
      3.7389907836914062,
      3.0218756198883057,
      3.1649041175842285,
      4.125634670257568,
      4.039999961853027,
      3.4461991786956787,
      3.9481897354125977,
      4.588059425354004,
      4.916924476623535,
      5.430120468139648,
      5.919541358947754,
      5.536401271820068,
      7.92958927154541,
      5.164761543273926,
      9.74052619934082
    ],
    [
      12.074216842651367,
      44.65888977050781,
      4.327699661254883,
      7.469315528869629,
      1.841661810874939,
      0.6934055089950562,
      0.9107443690299988,
      0.0909736156463623,
      -0.46669507026672363,
      -1.6085940599441528,
      1.5273637771606445,
      0.3001354932785034,
      1.1498409509658813,
      0.16085919737815857,
      1.683430552482605,
      2.2589621543884277,
      2.1364386081695557,
      5.275991916656494
    ],
    [
      6.482553958892822,
      4.327699661254883,
      12.769214630126953,
      6.6062188148498535,
      5.312255859375,
      5.119027137756348,
      4.943176746368408,
      4.94842004776001,
      6.6712446212768555,
      5.931778907775879,
      7.09550142288208,
      6.671186923980713,
      7.706757068634033,
      8.604241371154785,
      7.566167831420898,
      9.550125122070312,
      6.526607990264893,
      9.739387512207031
    ],
    [
      3.7389907836914062,
      7.469315528869629,
      6.6062188148498535,
      15.137633323669434,
      4.85412073135376,
      7.022179126739502,
      4.600927352905273,
      5.802572250366211,
      5.957983016967773,
      6.6980767250061035,
      6.429332733154297,
      8.548052787780762,
      6.925017833709717,
      9.84122371673584,
      6.911488056182861,
      10.036149024963379,
      5.795506954193115,
      9.479660034179688
    ],
    [
      3.0218756198883057,
      1.841661810874939,
      5.312255859375,
      4.85412073135376,
      23.341529846191406,
      11.316446304321289,
      17.570579528808594,
      10.855709075927734,
      16.93760108947754,
      12.661003112792969,
      14.85537052154541,
      11.779383659362793,
      12.419063568115234,
      12.555455207824707,
      12.734413146972656,
      11.074334144592285,
      10.643350601196289,
      9.403621673583984
    ],
    [
      3.1649041175842285,
      0.6934055089950562,
      5.119027137756348,
      7.022179126739502,
      11.316446304321289,
      21.04041862487793,
      10.2705659866333,
      12.363812446594238,
      11.959888458251953,
      15.156458854675293,
      10.297269821166992,
      14.717801094055176,
      10.135952949523926,
      15.15070915222168,
      9.723837852478027,
      13.185012817382812,
      7.284898281097412,
      9.731277465820312
    ],
    [
      4.125634670257568,
      0.9107443690299988,
      4.943176746368408,
      4.600927352905273,
      17.570579528808594,
      10.2705659866333,
      35.7311897277832,
      17.970169067382812,
      21.082216262817383,
      17.200620651245117,
      18.496519088745117,
      15.127671241760254,
      17.2656192779541,
      15.644506454467773,
      15.706039428710938,
      12.85227108001709,
      11.52698040008545,
      9.305368423461914
    ],
    [
      4.039999961853027,
      0.0909736156463623,
      4.94842004776001,
      5.802572250366211,
      10.855709075927734,
      12.363812446594238,
      17.970169067382812,
      21.63609504699707,
      15.187864303588867,
      18.40532875061035,
      13.512580871582031,
      16.932891845703125,
      13.334921836853027,
      16.52574348449707,
      11.709996223449707,
      12.98705768585205,
      8.08923625946045,
      8.752742767333984
    ],
    [
      3.4461991786956787,
      -0.46669507026672363,
      6.6712446212768555,
      5.957983016967773,
      16.93760108947754,
      11.959888458251953,
      21.082216262817383,
      15.187864303588867,
      36.20577621459961,
      24.398324966430664,
      26.009511947631836,
      21.697071075439453,
      24.564804077148438,
      22.828672409057617,
      22.694875717163086,
      20.944337844848633,
      17.661062240600586,
      16.935855865478516
    ],
    [
      3.9481897354125977,
      -1.6085940599441528,
      5.931778907775879,
      6.6980767250061035,
      12.661003112792969,
      15.156458854675293,
      17.200620651245117,
      18.40532875061035,
      24.398324966430664,
      30.86307144165039,
      19.424579620361328,
      25.843019485473633,
      20.063129425048828,
      25.971267700195312,
      17.487157821655273,
      21.606374740600586,
      12.544892311096191,
      15.327954292297363
    ],
    [
      4.588059425354004,
      1.5273637771606445,
      7.09550142288208,
      6.429332733154297,
      14.85537052154541,
      10.297269821166992,
      18.496519088745117,
      13.512580871582031,
      26.009511947631836,
      19.424579620361328,
      28.228256225585938,
      22.00916290283203,
      24.396249771118164,
      23.491594314575195,
      21.517574310302734,
      20.77284049987793,
      17.07015609741211,
      18.053874969482422
    ],
    [
      4.916924476623535,
      0.3001354932785034,
      6.671186923980713,
      8.548052787780762,
      11.779383659362793,
      14.717801094055176,
      15.127671241760254,
      16.932891845703125,
      21.697071075439453,
      25.843019485473633,
      22.00916290283203,
      30.57638931274414,
      22.988859176635742,
      30.9276065826416,
      19.0806827545166,
      26.573421478271484,
      14.846161842346191,
      21.93218994140625
    ],
    [
      5.430120468139648,
      1.1498409509658813,
      7.706757068634033,
      6.925017833709717,
      12.419063568115234,
      10.135952949523926,
      17.2656192779541,
      13.334921836853027,
      24.564804077148438,
      20.063129425048828,
      24.396249771118164,
      22.988859176635742,
      34.29657745361328,
      29.488481521606445,
      30.417484283447266,
      31.354934692382812,
      25.24509048461914,
      28.617265701293945
    ],
    [
      5.919541358947754,
      0.16085919737815857,
      8.604241371154785,
      9.84122371673584,
      12.555455207824707,
      15.15070915222168,
      15.644506454467773,
      16.52574348449707,
      22.828672409057617,
      25.971267700195312,
      23.491594314575195,
      30.9276065826416,
      29.488481521606445,
      39.9031867980957,
      24.930898666381836,
      36.900115966796875,
      20.276498794555664,
      32.18577194213867
    ],
    [
      5.536401271820068,
      1.683430552482605,
      7.566167831420898,
      6.911488056182861,
      12.734413146972656,
      9.723837852478027,
      15.706039428710938,
      11.709996223449707,
      22.694875717163086,
      17.487157821655273,
      21.517574310302734,
      19.0806827545166,
      30.417484283447266,
      24.930898666381836,
      51.199466705322266,
      40.1328010559082,
      44.05564498901367,
      41.82960510253906
    ],
    [
      7.92958927154541,
      2.2589621543884277,
      9.550125122070312,
      10.036149024963379,
      11.074334144592285,
      13.185012817382812,
      12.85227108001709,
      12.98705768585205,
      20.944337844848633,
      21.606374740600586,
      20.77284049987793,
      26.573421478271484,
      31.354934692382812,
      36.900115966796875,
      40.1328010559082,
      57.134429931640625,
      37.15302658081055,
      56.37435531616211
    ],
    [
      5.164761543273926,
      2.1364386081695557,
      6.526607990264893,
      5.795506954193115,
      10.643350601196289,
      7.284898281097412,
      11.52698040008545,
      8.08923625946045,
      17.661062240600586,
      12.544892311096191,
      17.07015609741211,
      14.846161842346191,
      25.24509048461914,
      20.276498794555664,
      44.05564498901367,
      37.15302658081055,
      55.93275833129883,
      50.09838104248047
    ],
    [
      9.74052619934082,
      5.275991916656494,
      9.739387512207031,
      9.479660034179688,
      9.403621673583984,
      9.731277465820312,
      9.305368423461914,
      8.752742767333984,
      16.935855865478516,
      15.327954292297363,
      18.053874969482422,
      21.93218994140625,
      28.617265701293945,
      32.18577194213867,
      41.82960510253906,
      56.37435531616211,
      50.09838104248047,
      78.3425521850586
    ]
  ],
  "damage": -2.6640753746032715,
  "diff_bandwidth": 639.8995971679688,
  "dissonance": 8.853338134763934,
  "drr": 16.006450653076172,
  "dynamics": 2.537954092025757,
  "format": 1245190,
  "frames": 13439328,
  "loudness": -8.049676895141602,
  "loudness_range": 5.937835693359375,
  "loudness_range_short": 7.579282283782959,
  "lowpass_true_peak_15khz": -0.024460408836603165,
  "mastering3_acoustic_entropies": [
    {
      "acoustic_entropy": 6.185649394989014,
      "acoustic_entropy_mono": 5.423892498016357,
      "band_eliminated_acoustic_entropies": [
        {
          "acoustic_entropy": 6.106535911560059,
          "acoustic_entropy_side": 6.187894821166992,
          "hz": 129.47220167065723
        },
        {
          "acoustic_entropy": 5.738095760345459,
          "acoustic_entropy_side": 6.167529582977295,
          "hz": 202.92927478742237
        },
        {
          "acoustic_entropy": 6.607123374938965,
          "acoustic_entropy_side": 6.214340686798096,
          "hz": 282.89161906338205
        },
        {
          "acoustic_entropy": 6.302520275115967,
          "acoustic_entropy_side": 6.210592269897461,
          "hz": 369.9353335868758
        },
        {
          "acoustic_entropy": 6.081591606140137,
          "acoustic_entropy_side": 6.248512268066406,
          "hz": 464.6875360973435
        },
        {
          "acoustic_entropy": 6.5234856605529785,
          "acoustic_entropy_side": 6.250942707061768,
          "hz": 567.8308811364784
        },
        {
          "acoustic_entropy": 6.503683567047119,
          "acoustic_entropy_side": 6.288167953491211,
          "hz": 680.1084783214808
        },
        {
          "acoustic_entropy": 6.265549659729004,
          "acoustic_entropy_side": 6.268050193786621,
          "hz": 802.3292461747484
        },
        {
          "acoustic_entropy": 6.432135581970215,
          "acoustic_entropy_side": 6.209243297576904,
          "hz": 935.3737400823702
        },
        {
          "acoustic_entropy": 5.882557392120361,
          "acoustic_entropy_side": 6.176273822784424,
          "hz": 1080.2004963696966
        },
        {
          "acoustic_entropy": 6.219013214111328,
          "acoustic_entropy_side": 6.182678699493408,
          "hz": 1237.8529382007157
        },
        {
          "acoustic_entropy": 6.134344577789307,
          "acoustic_entropy_side": 6.199804782867432,
          "hz": 1409.4668930556702
        },
        {
          "acoustic_entropy": 6.233717918395996,
          "acoustic_entropy_side": 6.211303234100342,
          "hz": 1596.2787759475705
        },
        {
          "acoustic_entropy": 6.217857360839844,
          "acoustic_entropy_side": 6.275107383728027,
          "hz": 1799.6344973346393
        },
        {
          "acoustic_entropy": 6.033089637756348,
          "acoustic_entropy_side": 6.267889499664307,
          "hz": 2020.9991599069049
        },
        {
          "acoustic_entropy": 6.449089527130127,
          "acoustic_entropy_side": 6.282637596130371,
          "hz": 2261.9676141086993
        },
        {
          "acoustic_entropy": 6.115964412689209,
          "acoustic_entropy_side": 6.282723426818848,
          "hz": 2524.2759484456974
        },
        {
          "acoustic_entropy": 6.147147178649902,
          "acoustic_entropy_side": 6.115085124969482,
          "hz": 2809.813997359896
        },
        {
          "acoustic_entropy": 6.163629055023193,
          "acoustic_entropy_side": 6.13828706741333,
          "hz": 3120.6389567871424
        },
        {
          "acoustic_entropy": 6.166370391845703,
          "acoustic_entropy_side": 6.125840187072754,
          "hz": 3458.990205492291
        },
        {
          "acoustic_entropy": 6.127989768981934,
          "acoustic_entropy_side": 5.973971366882324,
          "hz": 3827.305438964164
        },
        {
          "acoustic_entropy": 6.063164234161377,
          "acoustic_entropy_side": 6.020836353302002,
          "hz": 4228.238232109126
        },
        {
          "acoustic_entropy": 5.949355125427246,
          "acoustic_entropy_side": 6.112613677978516,
          "hz": 4664.6771572759235
        },
        {
          "acoustic_entropy": 6.112452030181885,
          "acoustic_entropy_side": 6.191094875335693,
          "hz": 5139.766595350093
        },
        {
          "acoustic_entropy": 6.230103015899658,
          "acoustic_entropy_side": 6.2050323486328125,
          "hz": 5656.929389854203
        },
        {
          "acoustic_entropy": 6.265950679779053,
          "acoustic_entropy_side": 6.206180095672607,
          "hz": 6219.891507268283
        },
        {
          "acoustic_entropy": 6.216543197631836,
          "acoustic_entropy_side": 6.207344055175781,
          "hz": 6832.70888123896
        },
        {
          "acoustic_entropy": 6.3014235496521,
          "acoustic_entropy_side": 6.194163799285889,
          "hz": 7499.796634079867
        },
        {
          "acoustic_entropy": 6.3445539474487305,
          "acoustic_entropy_side": 6.193635940551758,
          "hz": 8225.96088609342
        },
        {
          "acoustic_entropy": 6.315448760986328,
          "acoustic_entropy_side": 6.208468437194824,
          "hz": 9016.43338188839
        },
        {
          "acoustic_entropy": 6.2095208168029785,
          "acoustic_entropy_side": 6.214604377746582,
          "hz": 9876.909183162974
        },
        {
          "acoustic_entropy": 6.1113505363464355,
          "acoustic_entropy_side": 6.2274169921875,
          "hz": 10813.587699516042
        },
        {
          "acoustic_entropy": 6.236303806304932,
          "acoustic_entropy_side": 6.226052284240723,
          "hz": 11833.21735289826
        },
        {
          "acoustic_entropy": 6.285624027252197,
          "acoustic_entropy_side": 6.224887847900391,
          "hz": 12943.144197493959
        },
        {
          "acoustic_entropy": 6.284818649291992,
          "acoustic_entropy_side": 6.223546028137207,
          "hz": 14151.364845322005
        },
        {
          "acoustic_entropy": 6.241917133331299,
          "acoustic_entropy_side": 6.199017524719238,
          "hz": 15466.58407886509
        },
        {
          "acoustic_entropy": 6.22086238861084,
          "acoustic_entropy_side": 6.193171977996826,
          "hz": 16898.27756580493
        },
        {
          "acoustic_entropy": 6.212867736816406,
          "acoustic_entropy_side": 6.191811561584473,
          "hz": 18456.760127700032
        },
        {
          "acoustic_entropy": 6.198507308959961,
          "acoustic_entropy_side": 6.188913345336914,
          "hz": 20153.260054456492
        },
        {
          "acoustic_entropy": 6.1894612312316895,
          "acoustic_entropy_side": 6.186413288116455,
          "hz": 22000.00000000001
        }
      ],
      "diff_acoustic_entropy": 4.759269714355469,
      "sn": 6
    },
    {
      "acoustic_entropy": 9.00527572631836,
      "acoustic_entropy_mono": 8.604825019836426,
      "band_eliminated_acoustic_entropies": [
        {
          "acoustic_entropy": 8.932088851928711,
          "acoustic_entropy_side": 9.020426750183105,
          "hz": 129.47220167065723
        },
        {
          "acoustic_entropy": 9.296926498413086,
          "acoustic_entropy_side": 9.257166862487793,
          "hz": 202.92927478742237
        },
        {
          "acoustic_entropy": 9.760477066040039,
          "acoustic_entropy_side": 9.253026962280273,
          "hz": 282.89161906338205
        },
        {
          "acoustic_entropy": 9.620744705200195,
          "acoustic_entropy_side": 9.234966278076172,
          "hz": 369.9353335868758
        },
        {
          "acoustic_entropy": 9.254019737243652,
          "acoustic_entropy_side": 9.069849967956543,
          "hz": 464.6875360973435
        },
        {
          "acoustic_entropy": 8.709053993225098,
          "acoustic_entropy_side": 8.83485221862793,
          "hz": 567.8308811364784
        },
        {
          "acoustic_entropy": 9.464275360107422,
          "acoustic_entropy_side": 8.794543266296387,
          "hz": 680.1084783214808
        },
        {
          "acoustic_entropy": 9.24644947052002,
          "acoustic_entropy_side": 9.003528594970703,
          "hz": 802.3292461747484
        },
        {
          "acoustic_entropy": 8.808210372924805,
          "acoustic_entropy_side": 9.03461742401123,
          "hz": 935.3737400823702
        },
        {
          "acoustic_entropy": 8.156299591064453,
          "acoustic_entropy_side": 8.928853988647461,
          "hz": 1080.2004963696966
        },
        {
          "acoustic_entropy": 8.611127853393555,
          "acoustic_entropy_side": 8.912135124206543,
          "hz": 1237.8529382007157
        },
        {
          "acoustic_entropy": 8.958636283874512,
          "acoustic_entropy_side": 8.987125396728516,
          "hz": 1409.4668930556702
        },
        {
          "acoustic_entropy": 9.260462760925293,
          "acoustic_entropy_side": 8.960518836975098,
          "hz": 1596.2787759475705
        },
        {
          "acoustic_entropy": 9.666969299316406,
          "acoustic_entropy_side": 9.099289894104004,
          "hz": 1799.6344973346393
        },
        {
          "acoustic_entropy": 9.174623489379883,
          "acoustic_entropy_side": 9.122211456298828,
          "hz": 2020.9991599069049
        },
        {
          "acoustic_entropy": 9.386728286743164,
          "acoustic_entropy_side": 9.106508255004883,
          "hz": 2261.9676141086993
        },
        {
          "acoustic_entropy": 8.690594673156738,
          "acoustic_entropy_side": 8.971478462219238,
          "hz": 2524.2759484456974
        },
        {
          "acoustic_entropy": 8.710466384887695,
          "acoustic_entropy_side": 8.878430366516113,
          "hz": 2809.813997359896
        },
        {
          "acoustic_entropy": 9.08332347869873,
          "acoustic_entropy_side": 8.920357704162598,
          "hz": 3120.6389567871424
        },
        {
          "acoustic_entropy": 8.968100547790527,
          "acoustic_entropy_side": 8.916691780090332,
          "hz": 3458.990205492291
        },
        {
          "acoustic_entropy": 9.006181716918945,
          "acoustic_entropy_side": 8.866700172424316,
          "hz": 3827.305438964164
        },
        {
          "acoustic_entropy": 8.854381561279297,
          "acoustic_entropy_side": 8.84770679473877,
          "hz": 4228.238232109126
        },
        {
          "acoustic_entropy": 8.77214527130127,
          "acoustic_entropy_side": 8.864522933959961,
          "hz": 4664.6771572759235
        },
        {
          "acoustic_entropy": 8.889796257019043,
          "acoustic_entropy_side": 8.924497604370117,
          "hz": 5139.766595350093
        },
        {
          "acoustic_entropy": 8.981579780578613,
          "acoustic_entropy_side": 8.979758262634277,
          "hz": 5656.929389854203
        },
        {
          "acoustic_entropy": 8.972119331359863,
          "acoustic_entropy_side": 8.974712371826172,
          "hz": 6219.891507268283
        },
        {
          "acoustic_entropy": 8.842012405395508,
          "acoustic_entropy_side": 8.968002319335938,
          "hz": 6832.70888123896
        },
        {
          "acoustic_entropy": 8.962499618530273,
          "acoustic_entropy_side": 8.992427825927734,
          "hz": 7499.796634079867
        },
        {
          "acoustic_entropy": 9.132572174072266,
          "acoustic_entropy_side": 9.002188682556152,
          "hz": 8225.96088609342
        },
        {
          "acoustic_entropy": 9.127984046936035,
          "acoustic_entropy_side": 9.009521484375,
          "hz": 9016.43338188839
        },
        {
          "acoustic_entropy": 9.197482109069824,
          "acoustic_entropy_side": 9.030876159667969,
          "hz": 9876.909183162974
        },
        {
          "acoustic_entropy": 9.173026084899902,
          "acoustic_entropy_side": 9.064506530761719,
          "hz": 10813.587699516042
        },
        {
          "acoustic_entropy": 9.178293228149414,
          "acoustic_entropy_side": 9.074037551879883,
          "hz": 11833.21735289826
        },
        {
          "acoustic_entropy": 9.150629997253418,
          "acoustic_entropy_side": 9.091233253479004,
          "hz": 12943.144197493959
        },
        {
          "acoustic_entropy": 9.174274444580078,
          "acoustic_entropy_side": 9.092667579650879,
          "hz": 14151.364845322005
        },
        {
          "acoustic_entropy": 9.127184867858887,
          "acoustic_entropy_side": 9.047834396362305,
          "hz": 15466.58407886509
        },
        {
          "acoustic_entropy": 9.11383056640625,
          "acoustic_entropy_side": 9.034743309020996,
          "hz": 16898.27756580493
        },
        {
          "acoustic_entropy": 9.104347229003906,
          "acoustic_entropy_side": 9.032594680786133,
          "hz": 18456.760127700032
        },
        {
          "acoustic_entropy": 9.063522338867188,
          "acoustic_entropy_side": 9.023743629455566,
          "hz": 20153.260054456492
        },
        {
          "acoustic_entropy": 9.027998924255371,
          "acoustic_entropy_side": 9.011224746704102,
          "hz": 22000.00000000001
        }
      ],
      "diff_acoustic_entropy": 7.672886848449707,
      "sn": 12
    },
    {
      "acoustic_entropy": 14.210352897644043,
      "acoustic_entropy_mono": 12.017929077148438,
      "band_eliminated_acoustic_entropies": [
        {
          "acoustic_entropy": 14.552112579345703,
          "acoustic_entropy_side": 14.302164077758789,
          "hz": 129.47220167065723
        },
        {
          "acoustic_entropy": 15.042922019958496,
          "acoustic_entropy_side": 14.240745544433594,
          "hz": 202.92927478742237
        },
        {
          "acoustic_entropy": 14.36860466003418,
          "acoustic_entropy_side": 14.039316177368164,
          "hz": 282.89161906338205
        },
        {
          "acoustic_entropy": 13.930407524108887,
          "acoustic_entropy_side": 14.188922882080078,
          "hz": 369.9353335868758
        },
        {
          "acoustic_entropy": 14.309022903442383,
          "acoustic_entropy_side": 13.512983322143555,
          "hz": 464.6875360973435
        },
        {
          "acoustic_entropy": 13.613118171691895,
          "acoustic_entropy_side": 13.317484855651855,
          "hz": 567.8308811364784
        },
        {
          "acoustic_entropy": 14.471691131591797,
          "acoustic_entropy_side": 14.520102500915527,
          "hz": 680.1084783214808
        },
        {
          "acoustic_entropy": 13.28797435760498,
          "acoustic_entropy_side": 12.739470481872559,
          "hz": 802.3292461747484
        },
        {
          "acoustic_entropy": 13.950257301330566,
          "acoustic_entropy_side": 13.541603088378906,
          "hz": 935.3737400823702
        },
        {
          "acoustic_entropy": 14.030632972717285,
          "acoustic_entropy_side": 13.505636215209961,
          "hz": 1080.2004963696966
        },
        {
          "acoustic_entropy": 13.229670524597168,
          "acoustic_entropy_side": 13.53973388671875,
          "hz": 1237.8529382007157
        },
        {
          "acoustic_entropy": 13.94999885559082,
          "acoustic_entropy_side": 13.988401412963867,
          "hz": 1409.4668930556702
        },
        {
          "acoustic_entropy": 14.229896545410156,
          "acoustic_entropy_side": 14.270694732666016,
          "hz": 1596.2787759475705
        },
        {
          "acoustic_entropy": 14.106401443481445,
          "acoustic_entropy_side": 13.58833122253418,
          "hz": 1799.6344973346393
        },
        {
          "acoustic_entropy": 13.564380645751953,
          "acoustic_entropy_side": 14.09468936920166,
          "hz": 2020.9991599069049
        },
        {
          "acoustic_entropy": 14.325567245483398,
          "acoustic_entropy_side": 14.153081893920898,
          "hz": 2261.9676141086993
        },
        {
          "acoustic_entropy": 14.018239974975586,
          "acoustic_entropy_side": 14.100299835205078,
          "hz": 2524.2759484456974
        },
        {
          "acoustic_entropy": 13.870112419128418,
          "acoustic_entropy_side": 14.034521102905273,
          "hz": 2809.813997359896
        },
        {
          "acoustic_entropy": 14.344073295593262,
          "acoustic_entropy_side": 14.232747077941895,
          "hz": 3120.6389567871424
        },
        {
