{
  "acoustic_entropy": 69.16726684570312,
  "bands": [
    {
      "high_freq": 148.1999969482422,
      "loudness": -45.372859954833984,
      "loudness_range": 34.553321838378906,
      "mid_mean": -42.71792221069336,
      "mid_to_side_loudness": -6.835548400878906,
      "mid_to_side_loudness_range": 11.418851852416992,
      "side_mean": -50.78995895385742
    },
    {
      "high_freq": 392.3793640136719,
      "loudness": -28.03211784362793,
      "loudness_range": 22.240623474121094,
      "low_freq": 148.1999969482422,
      "mid_mean": -25.758867263793945,
      "mid_to_side_loudness": -6.62213659286499,
      "mid_to_side_loudness_range": 13.250185012817383,
      "side_mean": -32.45526885986328
    },
    {
      "high_freq": 794.6976318359375,
      "loudness": -38.86990737915039,
      "loudness_range": 18.973793029785156,
      "low_freq": 392.3793640136719,
      "mid_mean": -36.506954193115234,
      "mid_to_side_loudness": -5.934659957885742,
      "mid_to_side_loudness_range": 12.403562545776367,
      "side_mean": -42.43980407714844
    },
    {
      "high_freq": 1457.5709228515625,
      "loudness": -48.6778678894043,
      "loudness_range": 22.415042877197266,
      "low_freq": 794.6976318359375,
      "mid_mean": -46.61237716674805,
      "mid_to_side_loudness": -4.261143684387207,
      "mid_to_side_loudness_range": 8.496273040771484,
      "side_mean": -52.02244186401367
    },
    {
      "high_freq": 2549.74365234375,
      "loudness": -54.01495361328125,
      "loudness_range": 23.273571014404297,
      "low_freq": 1457.5709228515625,
      "mid_mean": -52.797752380371094,
      "mid_to_side_loudness": -4.850525379180908,
      "mid_to_side_loudness_range": 9.327103614807129,
      "side_mean": -56.90766525268555
    },
    {
      "high_freq": 4349.24462890625,
      "loudness": -56.60390090942383,
      "loudness_range": 22.687091827392578,
      "low_freq": 2549.74365234375,
      "mid_mean": -54.87082290649414,
      "mid_to_side_loudness": -5.2677903175354,
      "mid_to_side_loudness_range": 7.73445463180542,
      "side_mean": -59.283294677734375
    },
    {
      "high_freq": 7314.1640625,
      "loudness": -62.3584098815918,
      "loudness_range": 31.93566131591797,
      "low_freq": 4349.24462890625,
      "mid_mean": -59.724361419677734,
      "mid_to_side_loudness": -5.161862373352051,
      "mid_to_side_loudness_range": 6.32634162902832,
      "side_mean": -63.3797492980957
    },
    {
      "high_freq": 12199.2666015625,
      "loudness": -67.82068634033203,
      "loudness_range": 33.50474166870117,
      "low_freq": 7314.1640625,
      "mid_mean": -64.27752685546875,
      "mid_to_side_loudness": -5.155394077301025,
      "mid_to_side_loudness_range": 6.433328628540039,
      "side_mean": -66.70197296142578
    },
    {
      "loudness": -61.86756134033203,
      "loudness_range": 30.081661224365234,
      "low_freq": 12199.2666015625,
      "mid_mean": -67.1739501953125,
      "mid_to_side_loudness": -1.7520968914031982,
      "mid_to_side_loudness_range": 6.273022174835205,
      "side_mean": -68.17863464355469
    }
  ],
  "bands_short": [
    {
      "high_freq": 148.1999969482422,
      "loudness": -52.35813522338867,
      "loudness_range": 36.96238327026367,
      "mid_mean": -52.01758575439453,
      "mid_to_side_loudness": -5.677000999450684,
      "mid_to_side_loudness_range": 14.866628646850586,
      "side_mean": -56.775856018066406
    },
    {
      "high_freq": 392.3793640136719,
      "loudness": -31.784923553466797,
      "loudness_range": 30.036766052246094,
      "low_freq": 148.1999969482422,
      "mid_mean": -30.391353607177734,
      "mid_to_side_loudness": -4.686973571777344,
      "mid_to_side_loudness_range": 16.06481170654297,
      "side_mean": -35.85072326660156
    },
    {
      "high_freq": 794.6976318359375,
      "loudness": -41.723548889160156,
      "loudness_range": 28.83185386657715,
      "low_freq": 392.3793640136719,
      "mid_mean": -41.11671829223633,
      "mid_to_side_loudness": -3.469465970993042,
      "mid_to_side_loudness_range": 15.92934799194336,
      "side_mean": -45.29274368286133
    },
    {
      "high_freq": 1457.5709228515625,
      "loudness": -53.00057601928711,
      "loudness_range": 30.72995376586914,
      "low_freq": 794.6976318359375,
      "mid_mean": -53.822383880615234,
      "mid_to_side_loudness": -2.4752871990203857,
      "mid_to_side_loudness_range": 9.949082374572754,
      "side_mean": -55.821102142333984
    },
    {
      "high_freq": 2549.74365234375,
      "loudness": -58.572513580322266,
      "loudness_range": 31.806907653808594,
      "low_freq": 1457.5709228515625,
      "mid_mean": -58.61013412475586,
      "mid_to_side_loudness": -2.0086331367492676,
      "mid_to_side_loudness_range": 8.279805183410645,
      "side_mean": -60.155147552490234
    },
    {
      "high_freq": 4349.24462890625,
      "loudness": -62.033321380615234,
      "loudness_range": 30.459285736083984,
      "low_freq": 2549.74365234375,
      "mid_mean": -60.84750747680664,
      "mid_to_side_loudness": -2.104560136795044,
      "mid_to_side_loudness_range": 7.205700874328613,
      "side_mean": -62.43924331665039
    },
    {
      "high_freq": 7314.1640625,
      "loudness": -62.96588134765625,
      "loudness_range": 34.28755569458008,
      "low_freq": 4349.24462890625,
      "mid_mean": -64.07939147949219,
      "mid_to_side_loudness": -2.3631622791290283,
      "mid_to_side_loudness_range": 8.667830467224121,
      "side_mean": -65.49858093261719
    },
    {
      "high_freq": 12199.2666015625,
      "loudness": -63.10037612915039,
      "loudness_range": 33.512489318847656,
      "low_freq": 7314.1640625,
      "mid_mean": -66.68159484863281,
      "mid_to_side_loudness": -2.399440050125122,
      "mid_to_side_loudness_range": 6.2337965965271,
      "side_mean": -67.68901062011719
    },
    {
      "loudness": -76.24325561523438,
      "loudness_range": 14.270050048828125,
      "low_freq": 12199.2666015625,
      "mid_mean": -68.21268463134766,
      "mid_to_side_loudness": -1.215458631515503,
      "mid_to_side_loudness_range": 5.285428047180176,
      "side_mean": -68.7942886352539
    }
  ],
  "bandwidth": 377.323486328125,
  "channels": 2,
  "covariance": [
    [
      124.63050842285156,
      122.9734878540039,
      41.45951843261719,
      55.83188247680664,
      30.953886032104492,
      44.38785171508789,
      33.55849838256836,
      41.46352005004883,
      31.944292068481445,
      35.532554626464844,
      23.982646942138672,
      21.405017852783203,
      26.182443618774414,
      19.878816604614258,
      21.692947387695312,
      13.819992065429688,
      13.828781127929688,
      8.281719207763672
    ],
    [
      122.9734878540039,
      155.3001708984375,
      38.01715087890625,
      60.981441497802734,
      27.870283126831055,
      49.51522445678711,
      28.278087615966797,
      64.00672912597656,
      50.121891021728516,
      53.447418212890625,
      39.0732536315918,
      34.98942184448242,
      38.49085235595703,
      29.72064781188965,
      30.235654830932617,
      20.666776657104492,
      19.77225112915039,
      11.717535972595215
    ],
    [
      41.45951843261719,
      38.01715087890625,
      60.73468017578125,
      58.52434539794922,
      19.611684799194336,
      24.240331649780273,
      14.988455772399902,
      15.995179176330566,
      16.559337615966797,
      21.003202438354492,
      16.839189529418945,
      15.695466041564941,
      13.944697380065918,
      9.909494400024414,
      12.341105461120605,
      8.73367977142334,
      10.096238136291504,
      6.615833759307861
    ],
    [
      55.83188247680664,
      60.981441497802734,
      58.52434539794922,
      80.01177215576172,
      26.137493133544922,
      47.46623992919922,
      28.65087127685547,
      40.554527282714844,
      28.687959671020508,
      42.79339599609375,
      23.952550888061523,
      29.831398010253906,
      28.414588928222656,
      24.446449279785156,
      25.621776580810547,
      19.979494094848633,
      19.668529510498047,
      11.927404403686523
    ],
    [
      30.953886032104492,
      27.870283126831055,
      19.611684799194336,
      26.137493133544922,
      38.5484504699707,
      39.05691909790039,
      40.43983840942383,
      40.303470611572266,
      41.843658447265625,
      38.82365036010742,
      38.48508834838867,
      34.199581146240234,
      38.344146728515625,
      29.22332191467285,
      26.67478370666504,
      17.663358688354492,
      14.459559440612793,
      9.162938117980957
    ],
    [
      44.38785171508789,
      49.51522445678711,
      24.240331649780273,
      47.46623992919922,
      39.05691909790039,
      59.311676025390625,
      46.63747024536133,
      57.114341735839844,
      47.51780700683594,
      55.9149055480957,
      39.591243743896484,
      43.325069427490234,
      45.77810287475586,
      38.110595703125,
      35.83478927612305,
      26.100942611694336,
      23.390636444091797,
      14.31617259979248
    ],
    [
      33.55849838256836,
      28.278087615966797,
      14.988455772399902,
      28.65087127685547,
      40.43983840942383,
      46.63747024536133,
      58.174434661865234,
      59.45915985107422,
      53.13169479370117,
      49.81301498413086,
      48.20600128173828,
      43.79142761230469,
      48.378509521484375,
      36.7573127746582,
      31.8240909576416,
      20.43231201171875,
      15.652303695678711,
      9.922235488891602
    ],
    [
      41.46352005004883,
      64.00672912597656,
      15.995179176330566,
      40.554527282714844,
      40.303470611572266,
      57.114341735839844,
      59.45915985107422,
      88.1962661743164,
      73.16380310058594,
      71.97380065917969,
      63.097679138183594,
      58.403350830078125,
      61.622886657714844,
      47.58633804321289,
      42.28919982910156,
      28.473533630371094,
      23.67057991027832,
      14.75173282623291
    ],
    [
      31.944292068481445,
      50.121891021728516,
      16.559337615966797,
      28.687959671020508,
      41.843658447265625,
      47.51780700683594,
      53.13169479370117,
      73.16380310058594,
      73.49742126464844,
      65.64149475097656,
      66.02396392822266,
      56.215492248535156,
      60.784976959228516,
      44.59807205200195,
      40.29172897338867,
      25.85173988342285,
      21.543161392211914,
      13.52269172668457
    ],
    [
      35.532554626464844,
      53.447418212890625,
      21.003202438354492,
      42.79339599609375,
      38.82365036010742,
      55.9149055480957,
      49.81301498413086,
      71.97380065917969,
      65.64149475097656,
      68.89950561523438,
      56.7581787109375,
      55.07731246948242,
      58.11244583129883,
      45.43960952758789,
      42.932437896728516,
      29.82027816772461,
      27.079387664794922,
      16.707393646240234
    ],
    [
      23.982646942138672,
      39.0732536315918,
      16.839189529418945,
      23.952550888061523,
      38.48508834838867,
      39.591243743896484,
      48.20600128173828,
      63.097679138183594,
      66.02396392822266,
      56.7581787109375,
      63.66569137573242,
      52.02659225463867,
      60.90515899658203,
      43.791282653808594,
      41.26809310913086,
      26.64283561706543,
      22.08197593688965,
      13.615017890930176
    ],
    [
      21.405017852783203,
      34.98942184448242,
      15.695466041564941,
      29.831398010253906,
      34.199581146240234,
      43.325069427490234,
      43.79142761230469,
      58.403350830078125,
      56.215492248535156,
      55.07731246948242,
      52.02659225463867,
      48.066410064697266,
      53.96092987060547,
      41.2766227722168,
      39.34067153930664,
      27.001893997192383,
      23.855003356933594,
      14.666938781738281
    ],
    [
      26.182443618774414,
      38.49085235595703,
      13.944697380065918,
      28.414588928222656,
      38.344146728515625,
      45.77810287475586,
      48.378509521484375,
      61.622886657714844,
      60.784976959228516,
      58.11244583129883,
      60.90515899658203,
      53.96092987060547,
      77.0291976928711,
      58.13884735107422,
      60.81195831298828,
      42.59611511230469,
      39.430538177490234,
      23.34589385986328
    ],
    [
      19.878816604614258,
      29.72064781188965,
      9.909494400024414,
      24.446449279785156,
      29.22332191467285,
      38.110595703125,
      36.7573127746582,
      47.58633804321289,
      44.59807205200195,
      45.43960952758789,
      43.791282653808594,
      41.2766227722168,
      58.13884735107422,
      45.67031478881836,
      47.485416412353516,
      34.247554779052734,
      32.161041259765625,
      19.23410987854004
    ],
    [
      21.692947387695312,
      30.235654830932617,
      12.341105461120605,
      25.621776580810547,
      26.67478370666504,
      35.83478927612305,
      31.8240909576416,
      42.28919982910156,
      40.29172897338867,
      42.932437896728516,
      41.26809310913086,
      39.34067153930664,
      60.81195831298828,
      47.485416412353516,
      55.477569580078125,
      40.164886474609375,
      42.80031204223633,
      25.651172637939453
    ],
    [
      13.819992065429688,
      20.666776657104492,
      8.73367977142334,
      19.979494094848633,
      17.663358688354492,
      26.100942611694336,
      20.43231201171875,
      28.473533630371094,
      25.85173988342285,
      29.82027816772461,
      26.64283561706543,
      27.001893997192383,
      42.59611511230469,
      34.247554779052734,
      40.164886474609375,
      30.10270118713379,
      32.007476806640625,
      19.212158203125
    ],
    [
      13.828781127929688,
      19.77225112915039,
      10.096238136291504,
      19.668529510498047,
      14.459559440612793,
      23.390636444091797,
      15.652303695678711,
      23.67057991027832,
      21.543161392211914,
      27.079387664794922,
      22.08197593688965,
      23.855003356933594,
      39.430538177490234,
      32.161041259765625,
      42.80031204223633,
      32.007476806640625,
      40.227195739746094,
      24.639877319335938
    ],
    [
      8.281719207763672,
      11.717535972595215,
      6.615833759307861,
      11.927404403686523,
      9.162938117980957,
      14.31617259979248,
      9.922235488891602,
      14.75173282623291,
      13.52269172668457,
      16.707393646240234,
      13.615017890930176,
      14.666938781738281,
      23.34589385986328,
      19.23410987854004,
      25.651172637939453,
      19.212158203125,
      24.639877319335938,
      15.408409118652344
    ]
  ],
  "covariance_short": [
    [
      158.6190948486328,
      127.46257019042969,
      79.9385986328125,
      78.69620513916016,
      61.71324920654297,
      70.92015838623047,
      83.63371276855469,
      77.64733123779297,
      62.928489685058594,
      54.8945198059082,
      44.273921966552734,
      37.62782287597656,
      25.447324752807617,
      22.051685333251953,
      13.738972663879395,
      9.907115936279297,
      6.662803649902344,
      5.37478494644165
    ],
    [
      127.46257019042969,
      121.90523529052734,
      63.76477813720703,
      69.80364227294922,
      47.77973937988281,
      60.67732620239258,
      61.89924621582031,
      61.873722076416016,
      45.989166259765625,
      42.665374755859375,
      30.48455047607422,
      27.612178802490234,
      17.376039505004883,
      16.70979881286621,
      9.531756401062012,
      7.964238166809082,
      5.87478494644165,
      4.395298004150391
    ],
    [
      79.9385986328125,
      63.76477813720703,
      119.30973815917969,
      103.1068115234375,
      86.55841064453125,
      80.70722961425781,
      78.22535705566406,
      73.14447784423828,
      67.62688446044922,
      59.17461013793945,
      55.00998306274414,
      47.23395538330078,
      39.05941390991211,
      32.003597259521484,
      25.80845069885254,
      19.064685821533203,
      14.054389953613281,
      9.394265174865723
    ],
    [
      78.69620513916016,
      69.80364227294922,
      103.1068115234375,
      128.6514434814453,
      80.74364471435547,
      92.72618103027344,
      85.45936584472656,
      87.84410858154297,
      74.90018463134766,
      72.76868438720703,
      60.25534439086914,
      55.6888313293457,
      49.15437698364258,
      40.99372100830078,
      33.27975082397461,
      25.884113311767578,
      18.309823989868164,
      11.221738815307617
    ],
    [
      61.71324920654297,
      47.77973937988281,
      86.55841064453125,
      80.74364471435547,
      106.49202728271484,
      87.15796661376953,
      88.34081268310547,
      79.52754974365234,
      80.97442626953125,
      69.86153411865234,
      71.55900573730469,
      60.23040771484375,
      54.380741119384766,
      42.852046966552734,
      34.985382080078125,
      25.143104553222656,
      16.964557647705078,
      11.193384170532227
    ],
    [
      70.92015838623047,
      60.67732620239258,
      80.70722961425781,
      92.72618103027344,
      87.15796661376953,
      106.5408935546875,
      94.55892181396484,
      94.54756927490234,
      85.16243743896484,
      80.67704010009766,
      71.3847427368164,
      64.3154067993164,
      56.80927658081055,
      46.369319915771484,
      36.84455490112305,
      27.826066970825195,
      19.1268367767334,
      11.992403030395508
    ],
    [
      83.63371276855469,
      61.89924621582031,
      78.22535705566406,
      85.45936584472656,
      88.34081268310547,
      94.55892181396484,
      123.97473907470703,
      112.49739837646484,
      104.60136413574219,
      91.0898666381836,
      91.09703063964844,
      76.71482849121094,
      69.73707580566406,
      54.51274108886719,
      43.00603103637695,
      30.72756576538086,
      20.087289810180664,
      12.982619285583496
    ],
    [
      77.64733123779297,
      61.873722076416016,
      73.14447784423828,
      87.84410858154297,
      79.52754974365234,
      94.54756927490234,
      112.49739837646484,
      112.26045989990234,
      96.81814575195312,
      89.34135437011719,
      83.04413604736328,
      73.0516586303711,
      67.55097198486328,
      54.21751403808594,
      42.9664306640625,
      31.920284271240234,
      21.533397674560547,
      13.571150779724121
    ],
    [
      62.928489685058594,
      45.989166259765625,
      67.62688446044922,
      74.90018463134766,
      80.97442626953125,
      85.16243743896484,
      104.60136413574219,
      96.81814575195312,
      98.12516021728516,
      84.6580581665039,
      86.18843841552734,
      72.29847717285156,
      68.23324584960938,
      52.87776184082031,
      43.03263473510742,
      30.71684455871582,
      20.444507598876953,
      13.151793479919434
    ],
    [
      54.8945198059082,
      42.665374755859375,
      59.17461013793945,
      72.76868438720703,
      69.86153411865234,
      80.67704010009766,
      91.0898666381836,
      89.34135437011719,
      84.6580581665039,
      79.361083984375,
      73.85002136230469,
      65.4569320678711,
      60.691898345947266,
      48.52592086791992,
      39.31783676147461,
      29.236282348632812,
      20.461811065673828,
      12.92617130279541
    ],
    [
      44.273921966552734,
      30.48455047607422,
      55.00998306274414,
      60.25534439086914,
      71.55900573730469,
      71.3847427368164,
      91.09703063964844,
      83.04413604736328,
      86.18843841552734,
      73.85002136230469,
      83.82060241699219,
      68.30451202392578,
      73.5951156616211,
      55.34027862548828,
      48.34220504760742,
      33.920772552490234,
      21.982074737548828,
      13.497129440307617
    ],
    [
      37.62782287597656,
      27.612178802490234,
      47.23395538330078,
      55.6888313293457,
      60.23040771484375,
      64.3154067993164,
      76.71482849121094,
      73.0516586303711,
      72.29847717285156,
      65.4569320678711,
      68.30451202392578,
      59.03932189941406,
      59.8529052734375,
      46.517059326171875,
      39.43225860595703,
      28.615068435668945,
      19.313072204589844,
      11.952743530273438
    ],
    [
      25.447324752807617,
      17.376039505004883,
      39.05941390991211,
      49.15437698364258,
      54.380741119384766,
      56.80927658081055,
      69.73707580566406,
      67.55097198486328,
      68.23324584960938,
      60.691898345947266,
      73.5951156616211,
      59.8529052734375,
      83.55516815185547,
      61.96731948852539,
      60.50461196899414,
      43.726219177246094,
      29.770978927612305,
      17.22438621520996
    ],
    [
      22.051685333251953,
      16.70979881286621,
      32.003597259521484,
      40.99372100830078,
      42.852046966552734,
      46.369319915771484,
      54.51274108886719,
      54.21751403808594,
      52.87776184082031,
      48.52592086791992,
      55.34027862548828,
      46.517059326171875,
      61.96731948852539,
      47.9951171875,
      44.996742248535156,
      33.382972717285156,
      23.27694320678711,
      13.659217834472656
    ],
    [
      13.738972663879395,
      9.531756401062012,
      25.80845069885254,
      33.27975082397461,
      34.985382080078125,
      36.84455490112305,
      43.00603103637695,
      42.9664306640625,
      43.03263473510742,
      39.31783676147461,
      48.34220504760742,
      39.43225860595703,
      60.50461196899414,
      44.996742248535156,
      47.962188720703125,
      35.069786071777344,
      26.739595413208008,
      16.01397132873535
    ],
    [
      9.907115936279297,
      7.964238166809082,
      19.064685821533203,
      25.884113311767578,
      25.143104553222656,
      27.826066970825195,
      30.72756576538086,
      31.920284271240234,
      30.71684455871582,
      29.236282348632812,
      33.920772552490234,
      28.615068435668945,
      43.726219177246094,
      33.382972717285156,
      35.069786071777344,
      26.685867309570312,
      20.5815372467041,
      12.285624504089355
    ],
    [
      6.662803649902344,
      5.87478494644165,
      14.054389953613281,
      18.309823989868164,
      16.964557647705078,
      19.1268367767334,
      20.087289810180664,
      21.533397674560547,
      20.444507598876953,
      20.461811065673828,
      21.982074737548828,
      19.313072204589844,
      29.770978927612305,
      23.27694320678711,
      26.739595413208008,
      20.5815372467041,
      19.525062561035156,
      12.416534423828125
    ],
    [
      5.37478494644165,
      4.395298004150391,
      9.394265174865723,
      11.221738815307617,
      11.193384170532227,
      11.992403030395508,
      12.982619285583496,
      13.571150779724121,
      13.151793479919434,
      12.92617130279541,
      13.497129440307617,
      11.952743530273438,
      17.22438621520996,
      13.659217834472656,
      16.01397132873535,
      12.285624504089355,
      12.416534423828125,
      8.256844520568848
    ]
  ],
  "damage": -12.201891899108887,
  "diff_bandwidth": 383.61651611328125,
  "dissonance": 6.376079214043897,
  "drr": 1.2018455266952515,
  "dynamics": 5.169129371643066,
  "format": 1245190,
  "frames": 3921920,
  "loudness": -21.68960189819336,
  "loudness_range": 13.576152801513672,
  "loudness_range_short": 29.85846710205078,
  "lowpass_true_peak_15khz": -3.4649031162261963,
  "mastering3_acoustic_entropies": [
    {
      "acoustic_entropy": 7.112300872802734,
      "acoustic_entropy_mono": 6.379370212554932,
      "band_eliminated_acoustic_entropies": [
        {
          "acoustic_entropy": 7.043450832366943,
          "acoustic_entropy_side": 7.101585865020752,
          "hz": 129.47220167065723
        },
        {
          "acoustic_entropy": 6.644477367401123,
          "acoustic_entropy_side": 7.004209995269775,
          "hz": 202.92927478742237
        },
        {
          "acoustic_entropy": 7.348905563354492,
          "acoustic_entropy_side": 7.210792541503906,
          "hz": 282.89161906338205
        },
        {
          "acoustic_entropy": 6.729936122894287,
          "acoustic_entropy_side": 6.771292686462402,
          "hz": 369.9353335868758
        },
        {
          "acoustic_entropy": 6.248625755310059,
          "acoustic_entropy_side": 6.7475080490112305,
          "hz": 464.6875360973435
        },
        {
          "acoustic_entropy": 7.047300338745117,
          "acoustic_entropy_side": 7.153112411499023,
          "hz": 567.8308811364784
        },
        {
          "acoustic_entropy": 7.024331569671631,
          "acoustic_entropy_side": 7.030683517456055,
          "hz": 680.1084783214808
        },
        {
          "acoustic_entropy": 7.101930618286133,
          "acoustic_entropy_side": 7.138607501983643,
          "hz": 802.3292461747484
        },
        {
          "acoustic_entropy": 7.151832580566406,
          "acoustic_entropy_side": 7.048148155212402,
          "hz": 935.3737400823702
        },
        {
          "acoustic_entropy": 7.020748615264893,
          "acoustic_entropy_side": 7.077736854553223,
          "hz": 1080.2004963696966
        },
        {
          "acoustic_entropy": 7.083127021789551,
          "acoustic_entropy_side": 7.102390289306641,
          "hz": 1237.8529382007157
        },
        {
          "acoustic_entropy": 7.098683834075928,
          "acoustic_entropy_side": 7.109862327575684,
          "hz": 1409.4668930556702
        },
        {
          "acoustic_entropy": 7.1014018058776855,
          "acoustic_entropy_side": 7.112485408782959,
          "hz": 1596.2787759475705
        },
        {
          "acoustic_entropy": 7.100379467010498,
          "acoustic_entropy_side": 7.111947059631348,
          "hz": 1799.6344973346393
        },
        {
          "acoustic_entropy": 7.117049217224121,
          "acoustic_entropy_side": 7.120230674743652,
          "hz": 2020.9991599069049
        },
        {
          "acoustic_entropy": 7.113151550292969,
          "acoustic_entropy_side": 7.114544868469238,
          "hz": 2261.9676141086993
        },
        {
          "acoustic_entropy": 7.110681056976318,
          "acoustic_entropy_side": 7.1121697425842285,
          "hz": 2524.2759484456974
        },
        {
          "acoustic_entropy": 7.1087965965271,
          "acoustic_entropy_side": 7.112324237823486,
          "hz": 2809.813997359896
        },
        {
          "acoustic_entropy": 7.107461929321289,
          "acoustic_entropy_side": 7.111800193786621,
          "hz": 3120.6389567871424
        },
        {
          "acoustic_entropy": 7.105713367462158,
          "acoustic_entropy_side": 7.112147808074951,
          "hz": 3458.990205492291
        },
        {
          "acoustic_entropy": 7.111718654632568,
          "acoustic_entropy_side": 7.112488269805908,
          "hz": 3827.305438964164
        },
        {
          "acoustic_entropy": 7.111846446990967,
          "acoustic_entropy_side": 7.112248420715332,
          "hz": 4228.238232109126
        },
        {
          "acoustic_entropy": 7.111860275268555,
          "acoustic_entropy_side": 7.112229347229004,
          "hz": 4664.6771572759235
        },
        {
          "acoustic_entropy": 7.111338138580322,
          "acoustic_entropy_side": 7.1122236251831055,
          "hz": 5139.766595350093
        },
        {
          "acoustic_entropy": 7.115161895751953,
          "acoustic_entropy_side": 7.112552642822266,
          "hz": 5656.929389854203
        },
        {
          "acoustic_entropy": 7.146762371063232,
          "acoustic_entropy_side": 7.114804267883301,
          "hz": 6219.891507268283
        },
        {
          "acoustic_entropy": 7.112091064453125,
          "acoustic_entropy_side": 7.112283229827881,
          "hz": 6832.70888123896
        },
        {
          "acoustic_entropy": 7.118593692779541,
          "acoustic_entropy_side": 7.112374782562256,
          "hz": 7499.796634079867
        },
        {
          "acoustic_entropy": 7.112555980682373,
          "acoustic_entropy_side": 7.1123046875,
          "hz": 8225.96088609342
        },
        {
          "acoustic_entropy": 7.1437087059021,
          "acoustic_entropy_side": 7.112855434417725,
          "hz": 9016.43338188839
        },
        {
          "acoustic_entropy": 7.135708808898926,
          "acoustic_entropy_side": 7.112752914428711,
          "hz": 9876.909183162974
        },
        {
          "acoustic_entropy": 7.112310886383057,
          "acoustic_entropy_side": 7.112300395965576,
          "hz": 10813.587699516042
        },
        {
          "acoustic_entropy": 7.131979942321777,
          "acoustic_entropy_side": 7.112534046173096,
          "hz": 11833.21735289826
        },
        {
          "acoustic_entropy": 7.1269145011901855,
          "acoustic_entropy_side": 7.112452983856201,
          "hz": 12943.144197493959
        },
        {
          "acoustic_entropy": 7.142633438110352,
          "acoustic_entropy_side": 7.112570285797119,
          "hz": 14151.364845322005
        },
        {
          "acoustic_entropy": 7.112875938415527,
          "acoustic_entropy_side": 7.112310409545898,
          "hz": 15466.58407886509
        },
        {
          "acoustic_entropy": 7.113785266876221,
          "acoustic_entropy_side": 7.112311363220215,
          "hz": 16898.27756580493
        },
        {
          "acoustic_entropy": 7.115263938903809,
          "acoustic_entropy_side": 7.112321853637695,
          "hz": 18456.760127700032
        },
        {
          "acoustic_entropy": 7.112922668457031,
          "acoustic_entropy_side": 7.112307071685791,
          "hz": 20153.260054456492
        },
        {
          "acoustic_entropy": 7.112305164337158,
          "acoustic_entropy_side": 7.112301349639893,
          "hz": 22000.00000000001
        }
      ],
      "diff_acoustic_entropy": 7.6460957527160645,
      "sn": 6
    },
    {
      "acoustic_entropy": 9.512094497680664,
      "acoustic_entropy_mono": 9.014693260192871,
      "band_eliminated_acoustic_entropies": [
        {
          "acoustic_entropy": 9.62299919128418,
          "acoustic_entropy_side": 9.566410064697266,
          "hz": 129.47220167065723
        },
        {
          "acoustic_entropy": 9.42714786529541,
          "acoustic_entropy_side": 10.046466827392578,
          "hz": 202.92927478742237
        },
        {
          "acoustic_entropy": 9.552678108215332,
          "acoustic_entropy_side": 9.345905303955078,
          "hz": 282.89161906338205
        },
        {
          "acoustic_entropy": 9.757936477661133,
          "acoustic_entropy_side": 10.128212928771973,
          "hz": 369.9353335868758
        },
        {
          "acoustic_entropy": 8.761764526367188,
          "acoustic_entropy_side": 8.964293479919434,
          "hz": 464.6875360973435
        },
        {
          "acoustic_entropy": 9.507889747619629,
          "acoustic_entropy_side": 9.520221710205078,
          "hz": 567.8308811364784
        },
        {
          "acoustic_entropy": 9.521027565002441,
          "acoustic_entropy_side": 9.480510711669922,
          "hz": 680.1084783214808
        },
        {
          "acoustic_entropy": 10.141031265258789,
          "acoustic_entropy_side": 9.506692886352539,
          "hz": 802.3292461747484
        },
        {
          "acoustic_entropy": 10.262833595275879,
          "acoustic_entropy_side": 9.597118377685547,
          "hz": 935.3737400823702
        },
        {
          "acoustic_entropy": 9.63253116607666,
          "acoustic_entropy_side": 9.48898983001709,
          "hz": 1080.2004963696966
        },
        {
          "acoustic_entropy": 9.495389938354492,
          "acoustic_entropy_side": 9.471136093139648,
          "hz": 1237.8529382007157
        },
        {
          "acoustic_entropy": 9.454143524169922,
          "acoustic_entropy_side": 9.4512300491333,
          "hz": 1409.4668930556702
        },
        {
          "acoustic_entropy": 9.496740341186523,
          "acoustic_entropy_side": 9.495738983154297,
          "hz": 1596.2787759475705
        },
        {
          "acoustic_entropy": 9.469253540039062,
          "acoustic_entropy_side": 9.467063903808594,
          "hz": 1799.6344973346393
        },
        {
          "acoustic_entropy": 9.599663734436035,
          "acoustic_entropy_side": 9.52032470703125,
          "hz": 2020.9991599069049
        },
        {
          "acoustic_entropy": 9.544781684875488,
          "acoustic_entropy_side": 9.505125999450684,
          "hz": 2261.9676141086993
        },
        {
          "acoustic_entropy": 9.510908126831055,
          "acoustic_entropy_side": 9.489653587341309,
          "hz": 2524.2759484456974
        },
        {
          "acoustic_entropy": 9.489068031311035,
          "acoustic_entropy_side": 9.498786926269531,
          "hz": 2809.813997359896
        },
        {
          "acoustic_entropy": 9.495981216430664,
          "acoustic_entropy_side": 9.4989013671875,
          "hz": 3120.6389567871424
        },
        {
          "acoustic_entropy": 9.472931861877441,
          "acoustic_entropy_side": 9.507800102233887,
          "hz": 3458.990205492291
        },
        {
          "acoustic_entropy": 9.480897903442383,
          "acoustic_entropy_side": 9.506927490234375,
          "hz": 3827.305438964164
        },
        {
          "acoustic_entropy": 9.498849868774414,
          "acoustic_entropy_side": 9.50877571105957,
          "hz": 4228.238232109126
        },
        {
          "acoustic_entropy": 9.514841079711914,
          "acoustic_entropy_side": 9.510514259338379,
          "hz": 4664.6771572759235
        },
        {
          "acoustic_entropy": 9.515332221984863,
          "acoustic_entropy_side": 9.5111083984375,
          "hz": 5139.766595350093
        },
        {
          "acoustic_entropy": 9.429340362548828,
          "acoustic_entropy_side": 9.500011444091797,
          "hz": 5656.929389854203
        },
        {
          "acoustic_entropy": 9.36793327331543,
          "acoustic_entropy_side": 9.471861839294434,
          "hz": 6219.891507268283
        },
        {
          "acoustic_entropy": 9.50946044921875,
          "acoustic_entropy_side": 9.511551856994629,
          "hz": 6832.70888123896
        },
        {
          "acoustic_entropy": 9.440077781677246,
          "acoustic_entropy_side": 9.506684303283691,
          "hz": 7499.796634079867
        },
        {
          "acoustic_entropy": 9.500622749328613,
          "acoustic_entropy_side": 9.511260032653809,
          "hz": 8225.96088609342
        },
        {
          "acoustic_entropy": 9.361129760742188,
          "acoustic_entropy_side": 9.494105339050293,
          "hz": 9016.43338188839
        },
        {
          "acoustic_entropy": 9.381572723388672,
          "acoustic_entropy_side": 9.49730396270752,
          "hz": 9876.909183162974
        },
        {
          "acoustic_entropy": 9.510515213012695,
          "acoustic_entropy_side": 9.51201057434082,
          "hz": 10813.587699516042
        },
        {
          "acoustic_entropy": 9.3903226852417,
          "acoustic_entropy_side": 9.502286911010742,
          "hz": 11833.21735289826
        },
        {
          "acoustic_entropy": 9.419671058654785,
          "acoustic_entropy_side": 9.504915237426758,
          "hz": 12943.144197493959
        },
        {
          "acoustic_entropy": 9.371501922607422,
          "acoustic_entropy_side": 9.500833511352539,
          "hz": 14151.364845322005
        },
        {
          "acoustic_entropy": 9.495988845825195,
          "acoustic_entropy_side": 9.511380195617676,
          "hz": 15466.58407886509
        },
        {
          "acoustic_entropy": 9.480332374572754,
          "acoustic_entropy_side": 9.511323928833008,
          "hz": 16898.27756580493
        },
        {
          "acoustic_entropy": 9.46665096282959,
          "acoustic_entropy_side": 9.510604858398438,
          "hz": 18456.760127700032
        },
        {
          "acoustic_entropy": 9.495171546936035,
          "acoustic_entropy_side": 9.511651992797852,
          "hz": 20153.260054456492
        },
        {
          "acoustic_entropy": 9.511860847473145,
          "acoustic_entropy_side": 9.512088775634766,
          "hz": 22000.00000000001
        }
      ],
      "diff_acoustic_entropy": 10.320897102355957,
      "sn": 12
    },
    {
      "acoustic_entropy": 14.307960510253906,
      "acoustic_entropy_mono": 12.5741605758667,
      "band_eliminated_acoustic_entropies": [
        {
          "acoustic_entropy": 14.39061450958252,
          "acoustic_entropy_side": 14.307177543640137,
          "hz": 129.47220167065723
        },
        {
          "acoustic_entropy": 14.627620697021484,
          "acoustic_entropy_side": 14.550363540649414,
          "hz": 202.92927478742237
        },
        {
          "acoustic_entropy": 14.491767883300781,
          "acoustic_entropy_side": 14.102843284606934,
          "hz": 282.89161906338205
        },
        {
          "acoustic_entropy": 14.78119945526123,
          "acoustic_entropy_side": 14.899903297424316,
          "hz": 369.9353335868758
        },
        {
          "acoustic_entropy": 13.9508056640625,
          "acoustic_entropy_side": 13.95293140411377,
          "hz": 464.6875360973435
        },
        {
          "acoustic_entropy": 14.140220642089844,
          "acoustic_entropy_side": 14.439922332763672,
          "hz": 567.8308811364784
        },
        {
          "acoustic_entropy": 13.765338897705078,
          "acoustic_entropy_side": 14.09227180480957,
          "hz": 680.1084783214808
        },
        {
          "acoustic_entropy": 14.400222778320312,
          "acoustic_entropy_side": 14.438962936401367,
          "hz": 802.3292461747484
        },
        {
          "acoustic_entropy": 14.728232383728027,
          "acoustic_entropy_side": 14.527728080749512,
          "hz": 935.3737400823702
        },
        {
          "acoustic_entropy": 14.384149551391602,
          "acoustic_entropy_side": 14.27482795715332,
          "hz": 1080.2004963696966
        },
        {
          "acoustic_entropy": 14.16469669342041,
          "acoustic_entropy_side": 14.298453330993652,
          "hz": 1237.8529382007157
        },
        {
          "acoustic_entropy": 14.286703109741211,
          "acoustic_entropy_side": 14.209360122680664,
          "hz": 1409.4668930556702
        },
        {
          "acoustic_entropy": 14.386262893676758,
          "acoustic_entropy_side": 14.356399536132812,
          "hz": 1596.2787759475705
        },
        {
          "acoustic_entropy": 14.300000190734863,
          "acoustic_entropy_side": 14.265100479125977,
          "hz": 1799.6344973346393
        },
        {
          "acoustic_entropy": 14.355480194091797,
          "acoustic_entropy_side": 14.28521728515625,
          "hz": 2020.9991599069049
        },
        {
          "acoustic_entropy": 14.256012916564941,
          "acoustic_entropy_side": 14.270256996154785,
          "hz": 2261.9676141086993
        },
        {
          "acoustic_entropy": 14.27219009399414,
          "acoustic_entropy_side": 14.253826141357422,
          "hz": 2524.2759484456974
        },
        {
          "acoustic_entropy": 14.26965618133545,
          "acoustic_entropy_side": 14.266377449035645,
          "hz": 2809.813997359896
        },
        {
          "acoustic_entropy": 14.272424697875977,
          "acoustic_entropy_side": 14.273103713989258,
          "hz": 3120.6389567871424
        },
        {
          "acoustic_entropy": 14.417579650878906,
          "acoustic_entropy_side": 14.287435531616211,
