{
  "acoustic_entropy": 201.1012420654297,
  "bands": [
    {
      "high_freq": 148.1999969482422,
      "loudness": -49.21780014038086,
      "loudness_range": 32.19999694824219,
      "mid_mean": -46.714027404785156,
      "mid_to_side_loudness": -6.193939208984375,
      "mid_to_side_loudness_range": 8.207239151000977,
      "side_mean": -52.425071716308594
    },
    {
      "high_freq": 392.3793640136719,
      "loudness": -32.624263763427734,
      "loudness_range": 21.609716415405273,
      "low_freq": 148.1999969482422,
      "mid_mean": -30.631338119506836,
      "mid_to_side_loudness": -3.689594268798828,
      "mid_to_side_loudness_range": 7.425300598144531,
      "side_mean": -34.40376281738281
    },
    {
      "high_freq": 794.6976318359375,
      "loudness": -32.51221466064453,
      "loudness_range": 21.52264976501465,
      "low_freq": 392.3793640136719,
      "mid_mean": -30.32061767578125,
      "mid_to_side_loudness": -4.389377117156982,
      "mid_to_side_loudness_range": 7.269518852233887,
      "side_mean": -34.8765983581543
    },
    {
      "high_freq": 1457.5709228515625,
      "loudness": -35.30366897583008,
      "loudness_range": 22.2377872467041,
      "low_freq": 794.6976318359375,
      "mid_mean": -33.4941520690918,
      "mid_to_side_loudness": -3.281728506088257,
      "mid_to_side_loudness_range": 6.489328861236572,
      "side_mean": -36.829952239990234
    },
    {
      "high_freq": 2549.74365234375,
      "loudness": -36.849586486816406,
      "loudness_range": 22.728675842285156,
      "low_freq": 1457.5709228515625,
      "mid_mean": -34.9912223815918,
      "mid_to_side_loudness": -3.5897881984710693,
      "mid_to_side_loudness_range": 5.280218124389648,
      "side_mean": -38.73143768310547
    },
    {
      "high_freq": 4349.24462890625,
      "loudness": -41.0636100769043,
      "loudness_range": 24.67181968688965,
      "low_freq": 2549.74365234375,
      "mid_mean": -39.417633056640625,
      "mid_to_side_loudness": -3.4047186374664307,
      "mid_to_side_loudness_range": 4.894379138946533,
      "side_mean": -43.0007438659668
    },
    {
      "high_freq": 7314.1640625,
      "loudness": -50.51042938232422,
      "loudness_range": 24.979129791259766,
      "low_freq": 4349.24462890625,
      "mid_mean": -51.2972297668457,
      "mid_to_side_loudness": -3.5542726516723633,
      "mid_to_side_loudness_range": 4.457935333251953,
      "side_mean": -54.32133483886719
    },
    {
      "high_freq": 12199.2666015625,
      "loudness": -58.74836349487305,
      "loudness_range": 25.810260772705078,
      "low_freq": 7314.1640625,
      "mid_mean": -58.3950309753418,
      "mid_to_side_loudness": -2.9683189392089844,
      "mid_to_side_loudness_range": 3.4766740798950195,
      "side_mean": -60.54612350463867
    },
    {
      "loudness": -64.90843963623047,
      "loudness_range": 25.15256118774414,
      "low_freq": 12199.2666015625,
      "mid_mean": -62.887359619140625,
      "mid_to_side_loudness": -2.489255666732788,
      "mid_to_side_loudness_range": 3.329226016998291,
      "side_mean": -64.23686981201172
    }
  ],
  "bands_short": [
    {
      "high_freq": 148.1999969482422,
      "loudness": -54.70002746582031,
      "loudness_range": 31.068607330322266,
      "mid_mean": -51.850929260253906,
      "mid_to_side_loudness": -6.878662586212158,
      "mid_to_side_loudness_range": 13.287789344787598,
      "side_mean": -57.8464469909668
    },
    {
      "high_freq": 392.3793640136719,
      "loudness": -33.43482971191406,
      "loudness_range": 22.722278594970703,
      "low_freq": 148.1999969482422,
      "mid_mean": -31.670591354370117,
      "mid_to_side_loudness": -3.5913281440734863,
      "mid_to_side_loudness_range": 11.474710464477539,
      "side_mean": -35.34813690185547
    },
    {
      "high_freq": 794.6976318359375,
      "loudness": -33.156761169433594,
      "loudness_range": 23.152204513549805,
      "low_freq": 392.3793640136719,
      "mid_mean": -31.133424758911133,
      "mid_to_side_loudness": -4.107561111450195,
      "mid_to_side_loudness_range": 10.05144214630127,
      "side_mean": -35.45071029663086
    },
    {
      "high_freq": 1457.5709228515625,
      "loudness": -36.104164123535156,
      "loudness_range": 23.552692413330078,
      "low_freq": 794.6976318359375,
      "mid_mean": -34.498207092285156,
      "mid_to_side_loudness": -3.0628533363342285,
      "mid_to_side_loudness_range": 8.902854919433594,
      "side_mean": -37.60759353637695
    },
    {
      "high_freq": 2549.74365234375,
      "loudness": -37.965763092041016,
      "loudness_range": 24.31110954284668,
      "low_freq": 1457.5709228515625,
      "mid_mean": -36.33831024169922,
      "mid_to_side_loudness": -3.2961130142211914,
      "mid_to_side_loudness_range": 7.7305755615234375,
      "side_mean": -39.753517150878906
    },
    {
      "high_freq": 4349.24462890625,
      "loudness": -42.07898712158203,
      "loudness_range": 26.161975860595703,
      "low_freq": 2549.74365234375,
      "mid_mean": -40.64784622192383,
      "mid_to_side_loudness": -3.142258405685425,
      "mid_to_side_loudness_range": 6.973369598388672,
      "side_mean": -43.9765510559082
    },
    {
      "high_freq": 7314.1640625,
      "loudness": -52.1348762512207,
      "loudness_range": 27.396480560302734,
      "low_freq": 4349.24462890625,
      "mid_mean": -52.759437561035156,
      "mid_to_side_loudness": -3.271944522857666,
      "mid_to_side_loudness_range": 6.095058441162109,
      "side_mean": -55.46781921386719
    },
    {
      "high_freq": 12199.2666015625,
      "loudness": -60.970741271972656,
      "loudness_range": 28.31613540649414,
      "low_freq": 7314.1640625,
      "mid_mean": -60.08647537231445,
      "mid_to_side_loudness": -2.7957818508148193,
      "mid_to_side_loudness_range": 4.764314651489258,
      "side_mean": -61.953006744384766
    },
    {
      "loudness": -66.76114654541016,
      "loudness_range": 26.810779571533203,
      "low_freq": 12199.2666015625,
      "mid_mean": -64.32177734375,
      "mid_to_side_loudness": -2.4796254634857178,
      "mid_to_side_loudness_range": 4.378807544708252,
      "side_mean": -65.44464874267578
    }
  ],
  "bandwidth": 679.9996337890625,
  "channels": 2,
  "covariance": [
    [
      124.82963562011719,
      115.94220733642578,
      35.93149948120117,
      35.02105712890625,
      28.08709716796875,
      28.1090087890625,
      22.607789993286133,
      22.885400772094727,
      23.082216262817383,
      22.918886184692383,
      30.111974716186523,
      29.50269889831543,
      40.461692810058594,
      36.83549880981445,
      33.094608306884766,
      29.768203735351562,
      27.352619171142578,
      23.4025936126709
    ],
    [
      115.94220733642578,
      115.502685546875,
      33.097618103027344,
      32.959373474121094,
      25.4449520111084,
      25.83693504333496,
      21.508052825927734,
      21.390878677368164,
      21.837810516357422,
      21.5771484375,
      28.998554229736328,
      28.43483543395996,
      38.650508880615234,
      35.3209342956543,
      31.637863159179688,
      28.48700714111328,
      25.875057220458984,
      22.229507446289062
    ],
    [
      35.93149948120117,
      33.097618103027344,
      61.59685134887695,
      53.45496368408203,
      47.363101959228516,
      46.13220977783203,
      44.58001708984375,
      44.889122009277344,
      42.96025848388672,
      43.56559371948242,
      45.411155700683594,
      46.60161590576172,
      58.01355743408203,
      53.29119873046875,
      44.04187774658203,
      38.165252685546875,
      31.487897872924805,
      26.226398468017578
    ],
    [
      35.02105712890625,
      32.959373474121094,
      53.45496368408203,
      55.00603103637695,
      43.85176467895508,
      43.35917663574219,
      41.30195617675781,
      41.532833099365234,
      40.43069839477539,
      40.80219268798828,
      42.60152053833008,
      43.873294830322266,
      55.04950714111328,
      50.855194091796875,
      41.498504638671875,
      36.03493118286133,
      29.573348999023438,
      24.709556579589844
    ],
    [
      28.08709716796875,
      25.4449520111084,
      47.363101959228516,
      43.85176467895508,
      61.49419403076172,
      54.4005126953125,
      50.3659782409668,
      49.6998291015625,
      48.529361724853516,
      48.65882873535156,
      50.86412048339844,
      51.385772705078125,
      62.556907653808594,
      57.36481857299805,
      49.2682991027832,
      43.090328216552734,
      35.59574890136719,
      30.24027442932129
    ],
    [
      28.1090087890625,
      25.83693504333496,
      46.13220977783203,
      43.35917663574219,
      54.4005126953125,
      56.636592864990234,
      47.659690856933594,
      47.53341293334961,
      46.38169860839844,
      47.30467987060547,
      48.32572937011719,
      49.9971809387207,
      60.75503921508789,
      55.99654769897461,
      47.06821823120117,
      41.23762512207031,
      33.55894470214844,
      28.658462524414062
    ],
    [
      22.607789993286133,
      21.508052825927734,
      44.58001708984375,
      41.30195617675781,
      50.3659782409668,
      47.659690856933594,
      64.74337005615234,
      58.79651641845703,
      55.382041931152344,
      54.29246139526367,
      56.97791290283203,
      58.58627700805664,
      68.73814392089844,
      63.210323333740234,
      54.20558547973633,
      47.49995422363281,
      38.14262771606445,
      32.90509796142578
    ],
    [
      22.885400772094727,
      21.390878677368164,
      44.889122009277344,
      41.532833099365234,
      49.6998291015625,
      47.53341293334961,
      58.79651641845703,
      62.6375846862793,
      54.755279541015625,
      54.83654022216797,
      56.37876892089844,
      58.367286682128906,
      67.69981384277344,
      62.525726318359375,
      53.40617370605469,
      47.04567337036133,
      37.78746032714844,
      32.72021484375
    ],
    [
      23.082216262817383,
      21.837810516357422,
      42.96025848388672,
      40.43069839477539,
      48.529361724853516,
      46.38169860839844,
      55.382041931152344,
      54.755279541015625,
      68.2551040649414,
      63.694664001464844,
      65.32430267333984,
      67.16202545166016,
      73.29110717773438,
      68.66536712646484,
      59.86886978149414,
      53.49827194213867,
      42.44226837158203,
      37.46977996826172
    ],
    [
      22.918886184692383,
      21.5771484375,
      43.56559371948242,
      40.80219268798828,
      48.65882873535156,
      47.30467987060547,
      54.29246139526367,
      54.83654022216797,
      63.694664001464844,
      67.55891418457031,
      63.99471664428711,
      66.75190734863281,
      73.0838851928711,
      68.75666046142578,
      59.18878936767578,
      53.13569259643555,
      41.81819152832031,
      37.12457275390625
    ],
    [
      30.111974716186523,
      28.998554229736328,
      45.411155700683594,
      42.60152053833008,
      50.86412048339844,
      48.32572937011719,
      56.97791290283203,
      56.37876892089844,
      65.32430267333984,
      63.99471664428711,
      78.20919799804688,
      75.01358032226562,
      78.33071899414062,
      73.708251953125,
      65.34664154052734,
      58.75929260253906,
      46.965423583984375,
      41.7752799987793
    ],
    [
      29.50269889831543,
      28.43483543395996,
      46.60161590576172,
      43.873294830322266,
      51.385772705078125,
      49.9971809387207,
      58.58627700805664,
      58.367286682128906,
      67.16202545166016,
      66.75190734863281,
      75.01358032226562,
      80.44856262207031,
      80.28325653076172,
      75.93269348144531,
      66.32074737548828,
      59.914466857910156,
      47.442710876464844,
      42.439022064208984
    ],
    [
      40.461692810058594,
      38.650508880615234,
      58.01355743408203,
      55.04950714111328,
      62.556907653808594,
      60.75503921508789,
      68.73814392089844,
      67.69981384277344,
      73.29110717773438,
      73.0838851928711,
      78.33071899414062,
      80.28325653076172,
      109.07315826416016,
      99.23947143554688,
      84.5047378540039,
      74.53077697753906,
      59.036434173583984,
      51.63763427734375
    ],
    [
      36.83549880981445,
      35.3209342956543,
      53.29119873046875,
      50.855194091796875,
      57.36481857299805,
      55.99654769897461,
      63.210323333740234,
      62.525726318359375,
      68.66536712646484,
      68.75666046142578,
      73.708251953125,
      75.93269348144531,
      99.23947143554688,
      92.30825805664062,
      78.14099884033203,
      69.63542938232422,
      55.07326126098633,
      48.68913650512695
    ],
    [
      33.094608306884766,
      31.637863159179688,
      44.04187774658203,
      41.498504638671875,
      49.2682991027832,
      47.06821823120117,
      54.20558547973633,
      53.40617370605469,
      59.86886978149414,
      59.18878936767578,
      65.34664154052734,
      66.32074737548828,
      84.5047378540039,
      78.14099884033203,
      72.35369110107422,
      64.70571899414062,
      52.723018646240234,
      46.81174850463867
    ],
    [
      29.768203735351562,
      28.48700714111328,
      38.165252685546875,
      36.03493118286133,
      43.090328216552734,
      41.23762512207031,
      47.49995422363281,
      47.04567337036133,
      53.49827194213867,
      53.13569259643555,
      58.75929260253906,
      59.914466857910156,
      74.53077697753906,
      69.63542938232422,
      64.70571899414062,
      59.061767578125,
      48.148555755615234,
      43.372920989990234
    ],
    [
      27.352619171142578,
      25.875057220458984,
      31.487897872924805,
      29.573348999023438,
      35.59574890136719,
      33.55894470214844,
      38.14262771606445,
      37.78746032714844,
      42.44226837158203,
      41.81819152832031,
      46.965423583984375,
      47.442710876464844,
      59.036434173583984,
      55.07326126098633,
      52.723018646240234,
      48.148555755615234,
      41.557342529296875,
      37.29683303833008
    ],
    [
      23.4025936126709,
      22.229507446289062,
      26.226398468017578,
      24.709556579589844,
      30.24027442932129,
      28.658462524414062,
      32.90509796142578,
      32.72021484375,
      37.46977996826172,
      37.12457275390625,
      41.7752799987793,
      42.439022064208984,
      51.63763427734375,
      48.68913650512695,
      46.81174850463867,
      43.372920989990234,
      37.29683303833008,
      34.29584503173828
    ]
  ],
  "covariance_short": [
    [
      102.9107666015625,
      83.59918212890625,
      35.46393966674805,
      31.815610885620117,
      25.95176887512207,
      24.81595230102539,
      18.192550659179688,
      18.573841094970703,
      18.61764907836914,
      19.210840225219727,
      22.06764030456543,
      22.391164779663086,
      30.100126266479492,
      27.541433334350586,
      23.48428726196289,
      21.409337997436523,
      19.132780075073242,
      16.354549407958984
    ],
    [
      83.59918212890625,
      82.69346618652344,
      30.978992462158203,
      28.893064498901367,
      22.57884979248047,
      21.99649429321289,
      16.288612365722656,
      16.521141052246094,
      16.624296188354492,
      17.348787307739258,
      19.65492057800293,
      19.890840530395508,
      26.374738693237305,
      24.213842391967773,
      20.21865463256836,
      18.499696731567383,
      16.38347625732422,
      14.029303550720215
    ],
    [
      35.46393966674805,
      30.978992462158203,
      68.314208984375,
      54.70713806152344,
      48.893714904785156,
      47.49172592163086,
      44.480995178222656,
      44.13969421386719,
      42.90496063232422,
      43.08554458618164,
      45.013710021972656,
      46.876991271972656,
      55.031551361083984,
      50.8028450012207,
      39.316246032714844,
      34.16519546508789,
      26.89409637451172,
      22.313684463500977
    ],
    [
      31.815610885620117,
      28.893064498901367,
      54.70713806152344,
      61.148155212402344,
      44.7824821472168,
      44.713462829589844,
      41.396854400634766,
      41.09077453613281,
      40.393516540527344,
      40.71278381347656,
      42.01319885253906,
      44.03912353515625,
      52.230350494384766,
      48.543663024902344,
      36.784820556640625,
      32.02535629272461,
      24.95629119873047,
      20.86971664428711
    ],
    [
      25.95176887512207,
      22.57884979248047,
      48.893714904785156,
      44.7824821472168,
      67.78759765625,
      56.860652923583984,
      53.663326263427734,
      51.9718132019043,
      52.065223693847656,
      51.06404495239258,
      55.01649856567383,
      55.656864166259766,
      64.02753448486328,
      58.666542053222656,
      48.60858917236328,
      42.44039535522461,
      33.836238861083984,
      28.61868667602539
    ],
    [
      24.81595230102539,
      21.99649429321289,
      47.49172592163086,
      44.713462829589844,
      56.860652923583984,
      62.09219741821289,
      49.93086624145508,
      49.082210540771484,
      49.339290618896484,
      49.47926712036133,
      51.20319747924805,
      53.08628463745117,
      61.37287521362305,
      56.73357009887695,
      44.93046188354492,
      39.43505096435547,
      30.374727249145508,
      25.872037887573242
    ],
    [
      18.192550659179688,
      16.288612365722656,
      44.480995178222656,
      41.396854400634766,
      53.663326263427734,
      49.93086624145508,
      71.18811798095703,
      61.404178619384766,
      59.51030731201172,
      57.01445770263672,
      62.98413848876953,
      63.37670135498047,
      71.0663070678711,
      65.17975616455078,
      54.40579605102539,
      47.51475524902344,
      37.02338409423828,
      31.671056747436523
    ],
    [
      18.573841094970703,
      16.521141052246094,
      44.13969421386719,
      41.09077453613281,
      51.9718132019043,
      49.082210540771484,
      61.404178619384766,
      67.24626159667969,
      57.378658294677734,
      56.28228759765625,
      60.41442108154297,
      61.94020080566406,
      68.25022888183594,
      62.99890899658203,
      51.700443267822266,
      45.480098724365234,
      35.06416702270508,
      30.203880310058594
    ],
    [
      18.61764907836914,
      16.624296188354492,
      42.90496063232422,
      40.393516540527344,
      52.065223693847656,
      49.339290618896484,
      59.51030731201172,
      57.378658294677734,
      76.37492370605469,
      67.73731994628906,
      72.22840118408203,
      72.67076873779297,
      78.43773651123047,
      72.87104797363281,
      62.00992965698242,
      55.025569915771484,
      42.23579788208008,
      36.88484573364258
    ],
    [
      19.210840225219727,
      17.348787307739258,
      43.08554458618164,
      40.71278381347656,
      51.06404495239258,
      49.47926712036133,
      57.01445770263672,
      56.28228759765625,
      67.73731994628906,
      72.71282958984375,
      68.99893951416016,
      71.1339340209961,
      75.66378021240234,
      70.82061004638672,
      58.532005310058594,
      52.357215881347656,
      39.2950439453125,
      34.6071891784668
    ],
    [
      22.06764030456543,
      19.65492057800293,
      45.013710021972656,
      42.01319885253906,
      55.01649856567383,
      51.20319747924805,
      62.98413848876953,
      60.41442108154297,
      72.22840118408203,
      68.99893951416016,
      88.15743255615234,
      82.21061706542969,
      85.62671661376953,
      79.40310668945312,
      68.9667739868164,
      61.32802963256836,
      47.6125373840332,
      41.82318115234375
    ],
    [
      22.391164779663086,
      19.890840530395508,
      46.876991271972656,
      44.03912353515625,
      55.656864166259766,
      53.08628463745117,
      63.37670135498047,
      61.94020080566406,
      72.67076873779297,
      71.1339340209961,
      82.21061706542969,
      87.947509765625,
      85.66765594482422,
      80.25940704345703,
      67.67340087890625,
      60.617164611816406,
      46.1313591003418,
      40.83758544921875
    ],
    [
      30.100126266479492,
      26.374738693237305,
      55.031551361083984,
      52.230350494384766,
      64.02753448486328,
      61.37287521362305,
      71.0663070678711,
      68.25022888183594,
      78.43773651123047,
      75.66378021240234,
      85.62671661376953,
      85.66765594482422,
      111.78486633300781,
      100.41648864746094,
      84.01074981689453,
      73.7623291015625,
      56.72848129272461,
      49.3004150390625
    ],
    [
      27.541433334350586,
      24.213842391967773,
      50.8028450012207,
      48.543663024902344,
      58.666542053222656,
      56.73357009887695,
      65.17975616455078,
      62.99890899658203,
      72.87104797363281,
      70.82061004638672,
      79.40310668945312,
      80.25940704345703,
      100.41648864746094,
      93.90149688720703,
      76.7990493774414,
      68.23240661621094,
      51.99490737915039,
      45.72671890258789
    ],
    [
      23.48428726196289,
      20.21865463256836,
      39.316246032714844,
      36.784820556640625,
      48.60858917236328,
      44.93046188354492,
      54.40579605102539,
      51.700443267822266,
      62.00992965698242,
      58.532005310058594,
      68.9667739868164,
      67.67340087890625,
      84.01074981689453,
      76.7990493774414,
      73.08292388916016,
      64.44528198242188,
      51.66864013671875,
      45.45880126953125
    ],
    [
      21.409337997436523,
      18.499696731567383,
      34.16519546508789,
      32.02535629272461,
      42.44039535522461,
      39.43505096435547,
      47.51475524902344,
      45.480098724365234,
      55.025569915771484,
      52.357215881347656,
      61.32802963256836,
      60.617164611816406,
      73.7623291015625,
      68.23240661621094,
      64.44528198242188,
      58.7054443359375,
      46.56072235107422,
      41.654170989990234
    ],
    [
      19.132780075073242,
      16.38347625732422,
      26.89409637451172,
      24.95629119873047,
      33.836238861083984,
      30.374727249145508,
      37.02338409423828,
      35.06416702270508,
      42.23579788208008,
      39.2950439453125,
      47.6125373840332,
      46.1313591003418,
      56.72848129272461,
      51.99490737915039,
      51.66864013671875,
      46.56072235107422,
      40.86189270019531,
      36.16987228393555
    ],
    [
      16.354549407958984,
      14.029303550720215,
      22.313684463500977,
      20.86971664428711,
      28.61868667602539,
      25.872037887573242,
      31.671056747436523,
      30.203880310058594,
      36.88484573364258,
      34.6071891784668,
      41.82318115234375,
      40.83758544921875,
      49.3004150390625,
      45.72671890258789,
      45.45880126953125,
      41.654170989990234,
      36.16987228393555,
      33.06443786621094
    ]
  ],
  "damage": -15.27126407623291,
  "diff_bandwidth": 703.9260864257812,
  "dissonance": 7.605279372447068,
  "drr": 16.034494400024414,
  "dynamics": 5.6745171546936035,
  "format": 1245190,
  "frames": 15159232,
  "loudness": -22.16969108581543,
  "loudness_range": 19.54947280883789,
  "loudness_range_short": 21.887710571289062,
  "lowpass_true_peak_15khz": -0.47638267278671265,
  "mastering3_acoustic_entropies": [
    {
      "acoustic_entropy": 6.266123294830322,
      "acoustic_entropy_mono": 6.2662248611450195,
      "band_eliminated_acoustic_entropies": [
        {
          "acoustic_entropy": 6.267813682556152,
          "acoustic_entropy_side": 6.266304016113281,
          "hz": 129.47220167065723
        },
        {
          "acoustic_entropy": 6.336881160736084,
          "acoustic_entropy_side": 6.289438247680664,
          "hz": 202.92927478742237
        },
        {
          "acoustic_entropy": 6.249861240386963,
          "acoustic_entropy_side": 6.31633996963501,
          "hz": 282.89161906338205
        },
        {
          "acoustic_entropy": 6.0492424964904785,
          "acoustic_entropy_side": 6.189852714538574,
          "hz": 369.9353335868758
        },
        {
          "acoustic_entropy": 5.747469425201416,
          "acoustic_entropy_side": 6.102794647216797,
          "hz": 464.6875360973435
        },
        {
          "acoustic_entropy": 5.792364597320557,
          "acoustic_entropy_side": 6.195089340209961,
          "hz": 567.8308811364784
        },
        {
          "acoustic_entropy": 5.951564311981201,
          "acoustic_entropy_side": 6.1630859375,
          "hz": 680.1084783214808
        },
        {
          "acoustic_entropy": 5.868159770965576,
          "acoustic_entropy_side": 6.170083999633789,
          "hz": 802.3292461747484
        },
        {
          "acoustic_entropy": 6.247767925262451,
          "acoustic_entropy_side": 6.370645523071289,
          "hz": 935.3737400823702
        },
        {
          "acoustic_entropy": 6.246331691741943,
          "acoustic_entropy_side": 6.384568214416504,
          "hz": 1080.2004963696966
        },
        {
          "acoustic_entropy": 6.470107555389404,
          "acoustic_entropy_side": 6.3427019119262695,
          "hz": 1237.8529382007157
        },
        {
          "acoustic_entropy": 6.213415145874023,
          "acoustic_entropy_side": 6.250784397125244,
          "hz": 1409.4668930556702
        },
        {
          "acoustic_entropy": 6.167159557342529,
          "acoustic_entropy_side": 6.104307174682617,
          "hz": 1596.2787759475705
        },
        {
          "acoustic_entropy": 6.117074012756348,
          "acoustic_entropy_side": 6.200053691864014,
          "hz": 1799.6344973346393
        },
        {
          "acoustic_entropy": 6.381576061248779,
          "acoustic_entropy_side": 6.28619384765625,
          "hz": 2020.9991599069049
        },
        {
          "acoustic_entropy": 6.157552719116211,
          "acoustic_entropy_side": 6.249861240386963,
          "hz": 2261.9676141086993
        },
        {
          "acoustic_entropy": 6.121872901916504,
          "acoustic_entropy_side": 6.115834712982178,
          "hz": 2524.2759484456974
        },
        {
          "acoustic_entropy": 6.561196327209473,
          "acoustic_entropy_side": 6.4665608406066895,
          "hz": 2809.813997359896
        },
        {
          "acoustic_entropy": 6.150022506713867,
          "acoustic_entropy_side": 6.224442005157471,
          "hz": 3120.6389567871424
        },
        {
          "acoustic_entropy": 6.2743401527404785,
          "acoustic_entropy_side": 6.2712225914001465,
          "hz": 3458.990205492291
        },
        {
          "acoustic_entropy": 6.334737300872803,
          "acoustic_entropy_side": 6.292942523956299,
          "hz": 3827.305438964164
        },
        {
          "acoustic_entropy": 6.336624622344971,
          "acoustic_entropy_side": 6.297708988189697,
          "hz": 4228.238232109126
        },
        {
          "acoustic_entropy": 6.190614700317383,
          "acoustic_entropy_side": 6.25809907913208,
          "hz": 4664.6771572759235
        },
        {
          "acoustic_entropy": 6.298686504364014,
          "acoustic_entropy_side": 6.278080940246582,
          "hz": 5139.766595350093
        },
        {
          "acoustic_entropy": 6.289704322814941,
          "acoustic_entropy_side": 6.274692535400391,
          "hz": 5656.929389854203
        },
        {
          "acoustic_entropy": 6.2869553565979,
          "acoustic_entropy_side": 6.272972583770752,
          "hz": 6219.891507268283
        },
        {
          "acoustic_entropy": 6.289436340332031,
          "acoustic_entropy_side": 6.274653434753418,
          "hz": 6832.70888123896
        },
        {
          "acoustic_entropy": 6.290038585662842,
          "acoustic_entropy_side": 6.2750701904296875,
          "hz": 7499.796634079867
        },
        {
          "acoustic_entropy": 6.292025566101074,
          "acoustic_entropy_side": 6.274439811706543,
          "hz": 8225.96088609342
        },
        {
          "acoustic_entropy": 6.286261558532715,
          "acoustic_entropy_side": 6.272732734680176,
          "hz": 9016.43338188839
        },
        {
          "acoustic_entropy": 6.277485370635986,
          "acoustic_entropy_side": 6.270334720611572,
          "hz": 9876.909183162974
        },
        {
          "acoustic_entropy": 6.269575119018555,
          "acoustic_entropy_side": 6.2674126625061035,
          "hz": 10813.587699516042
        },
        {
          "acoustic_entropy": 6.268804550170898,
          "acoustic_entropy_side": 6.266942977905273,
          "hz": 11833.21735289826
        },
        {
          "acoustic_entropy": 6.268820762634277,
          "acoustic_entropy_side": 6.2670183181762695,
          "hz": 12943.144197493959
        },
        {
          "acoustic_entropy": 6.270263671875,
          "acoustic_entropy_side": 6.2679362297058105,
          "hz": 14151.364845322005
        },
        {
          "acoustic_entropy": 6.276076793670654,
          "acoustic_entropy_side": 6.268704891204834,
          "hz": 15466.58407886509
        },
        {
          "acoustic_entropy": 6.274120807647705,
          "acoustic_entropy_side": 6.268143177032471,
          "hz": 16898.27756580493
        },
        {
          "acoustic_entropy": 6.268235683441162,
          "acoustic_entropy_side": 6.266849517822266,
          "hz": 18456.760127700032
        },
        {
          "acoustic_entropy": 6.266422271728516,
          "acoustic_entropy_side": 6.266254425048828,
          "hz": 20153.260054456492
        },
        {
          "acoustic_entropy": 6.266197681427002,
          "acoustic_entropy_side": 6.266150951385498,
          "hz": 22000.00000000001
        }
      ],
      "diff_acoustic_entropy": 3.992830753326416,
      "sn": 6
    },
    {
      "acoustic_entropy": 9.64538860321045,
      "acoustic_entropy_mono": 9.671195983886719,
      "band_eliminated_acoustic_entropies": [
        {
          "acoustic_entropy": 9.621827125549316,
          "acoustic_entropy_side": 9.646682739257812,
          "hz": 129.47220167065723
        },
        {
          "acoustic_entropy": 9.220852851867676,
          "acoustic_entropy_side": 9.363694190979004,
          "hz": 202.92927478742237
        },
        {
          "acoustic_entropy": 10.038877487182617,
          "acoustic_entropy_side": 9.204224586486816,
          "hz": 282.89161906338205
        },
        {
          "acoustic_entropy": 9.627008438110352,
          "acoustic_entropy_side": 9.006342887878418,
          "hz": 369.9353335868758
        },
        {
          "acoustic_entropy": 8.84853458404541,
          "acoustic_entropy_side": 8.814840316772461,
          "hz": 464.6875360973435
        },
        {
          "acoustic_entropy": 9.450530052185059,
          "acoustic_entropy_side": 9.76466178894043,
          "hz": 567.8308811364784
        },
        {
          "acoustic_entropy": 9.258085250854492,
          "acoustic_entropy_side": 9.10799503326416,
          "hz": 680.1084783214808
        },
        {
          "acoustic_entropy": 9.59386157989502,
          "acoustic_entropy_side": 9.880969047546387,
          "hz": 802.3292461747484
        },
        {
          "acoustic_entropy": 9.10112190246582,
          "acoustic_entropy_side": 9.517788887023926,
          "hz": 935.3737400823702
        },
        {
          "acoustic_entropy": 9.493772506713867,
          "acoustic_entropy_side": 9.952977180480957,
          "hz": 1080.2004963696966
        },
        {
          "acoustic_entropy": 9.337590217590332,
          "acoustic_entropy_side": 9.670954704284668,
          "hz": 1237.8529382007157
        },
        {
          "acoustic_entropy": 9.399457931518555,
          "acoustic_entropy_side": 9.424837112426758,
          "hz": 1409.4668930556702
        },
        {
          "acoustic_entropy": 9.684596061706543,
          "acoustic_entropy_side": 9.665937423706055,
          "hz": 1596.2787759475705
        },
        {
          "acoustic_entropy": 9.17252254486084,
          "acoustic_entropy_side": 9.425178527832031,
          "hz": 1799.6344973346393
        },
        {
          "acoustic_entropy": 9.676350593566895,
          "acoustic_entropy_side": 9.756939888000488,
          "hz": 2020.9991599069049
        },
        {
          "acoustic_entropy": 9.660035133361816,
          "acoustic_entropy_side": 9.306227684020996,
          "hz": 2261.9676141086993
        },
        {
          "acoustic_entropy": 9.530999183654785,
          "acoustic_entropy_side": 9.493029594421387,
          "hz": 2524.2759484456974
        },
        {
          "acoustic_entropy": 9.3228178024292,
          "acoustic_entropy_side": 9.345373153686523,
          "hz": 2809.813997359896
        },
        {
          "acoustic_entropy": 9.297938346862793,
          "acoustic_entropy_side": 9.4514741897583,
          "hz": 3120.6389567871424
        },
        {
          "acoustic_entropy": 9.650975227355957,
          "acoustic_entropy_side": 9.408282279968262,
          "hz": 3458.990205492291
        },
        {
          "acoustic_entropy": 9.257101058959961,
          "acoustic_entropy_side": 9.608760833740234,
          "hz": 3827.305438964164
        },
        {
          "acoustic_entropy": 9.365220069885254,
          "acoustic_entropy_side": 9.171578407287598,
          "hz": 4228.238232109126
        },
        {
          "acoustic_entropy": 9.591748237609863,
          "acoustic_entropy_side": 9.611310958862305,
          "hz": 4664.6771572759235
        },
        {
          "acoustic_entropy": 9.589020729064941,
          "acoustic_entropy_side": 9.650495529174805,
          "hz": 5139.766595350093
        },
        {
          "acoustic_entropy": 9.59868335723877,
          "acoustic_entropy_side": 9.617902755737305,
          "hz": 5656.929389854203
        },
        {
          "acoustic_entropy": 9.670218467712402,
          "acoustic_entropy_side": 9.649980545043945,
          "hz": 6219.891507268283
        },
        {
          "acoustic_entropy": 9.684391975402832,
          "acoustic_entropy_side": 9.637578010559082,
          "hz": 6832.70888123896
        },
        {
          "acoustic_entropy": 9.686197280883789,
          "acoustic_entropy_side": 9.646556854248047,
          "hz": 7499.796634079867
        },
        {
          "acoustic_entropy": 9.672443389892578,
          "acoustic_entropy_side": 9.636917114257812,
          "hz": 8225.96088609342
        },
        {
          "acoustic_entropy": 9.700582504272461,
          "acoustic_entropy_side": 9.665496826171875,
          "hz": 9016.43338188839
        },
        {
          "acoustic_entropy": 9.681159019470215,
          "acoustic_entropy_side": 9.661165237426758,
          "hz": 9876.909183162974
        },
        {
          "acoustic_entropy": 9.662822723388672,
          "acoustic_entropy_side": 9.650586128234863,
          "hz": 10813.587699516042
        },
        {
          "acoustic_entropy": 9.656708717346191,
          "acoustic_entropy_side": 9.648153305053711,
          "hz": 11833.21735289826
        },
        {
          "acoustic_entropy": 9.652301788330078,
          "acoustic_entropy_side": 9.644739151000977,
          "hz": 12943.144197493959
        },
        {
          "acoustic_entropy": 9.650484085083008,
          "acoustic_entropy_side": 9.644280433654785,
          "hz": 14151.364845322005
        },
        {
          "acoustic_entropy": 9.65994930267334,
          "acoustic_entropy_side": 9.646626472473145,
          "hz": 15466.58407886509
        },
        {
          "acoustic_entropy": 9.6577730178833,
          "acoustic_entropy_side": 9.647846221923828,
          "hz": 16898.27756580493
        },
        {
          "acoustic_entropy": 9.65217399597168,
          "acoustic_entropy_side": 9.647547721862793,
          "hz": 18456.760127700032
        },
        {
          "acoustic_entropy": 9.64854907989502,
          "acoustic_entropy_side": 9.64658260345459,
          "hz": 20153.260054456492
        },
        {
          "acoustic_entropy": 9.64656925201416,
          "acoustic_entropy_side": 9.64578628540039,
          "hz": 22000.00000000001
        }
      ],
      "diff_acoustic_entropy": 7.292000770568848,
      "sn": 12
    },
    {
      "acoustic_entropy": 17.126277923583984,
      "acoustic_entropy_mono": 17.602008819580078,
      "band_eliminated_acoustic_entropies": [
        {
          "acoustic_entropy": 17.09879493713379,
          "acoustic_entropy_side": 17.159809112548828,
          "hz": 129.47220167065723
        },
        {
          "acoustic_entropy": 16.453990936279297,
          "acoustic_entropy_side": 17.16010093688965,
          "hz": 202.92927478742237
        },
        {
          "acoustic_entropy": 17.114078521728516,
          "acoustic_entropy_side": 17.004013061523438,
          "hz": 282.89161906338205
        },
        {
          "acoustic_entropy": 17.095640182495117,
          "acoustic_entropy_side": 17.042911529541016,
          "hz": 369.9353335868758
        },
        {
          "acoustic_entropy": 16.27692222595215,
          "acoustic_entropy_side": 16.084976196289062,
          "hz": 464.6875360973435
        },
        {
          "acoustic_entropy": 15.68734359741211,
          "acoustic_entropy_side": 16.394439697265625,
          "hz": 567.8308811364784
        },
        {
          "acoustic_entropy": 16.1463680267334,
          "acoustic_entropy_side": 16.98644256591797,
          "hz": 680.1084783214808
        },
        {
          "acoustic_entropy": 16.240047454833984,
          "acoustic_entropy_side": 16.855958938598633,
          "hz": 802.3292461747484
        },
        {
          "acoustic_entropy": 17.122867584228516,
          "acoustic_entropy_side": 17.404829025268555,
          "hz": 935.3737400823702
        },
        {
          "acoustic_entropy": 17.07364845275879,
          "acoustic_entropy_side": 17.869972229003906,
          "hz": 1080.2004963696966
        },
        {
          "acoustic_entropy": 16.941661834716797,
          "acoustic_entropy_side": 16.08453941345215,
          "hz": 1237.8529382007157
        },
        {
          "acoustic_entropy": 17.646007537841797,
          "acoustic_entropy_side": 17.10237693786621,
          "hz": 1409.4668930556702
        },
        {
          "acoustic_entropy": 16.800199508666992,
          "acoustic_entropy_side": 18.018938064575195,
          "hz": 1596.2787759475705
        },
        {
          "acoustic_entropy": 16.867807388305664,
          "acoustic_entropy_side": 17.557416915893555,
          "hz": 1799.6344973346393
        },
        {
          "acoustic_entropy": 17.165634155273438,
          "acoustic_entropy_side": 17.264795303344727,
          "hz": 2020.9991599069049
        },
        {
          "acoustic_entropy": 17.599626541137695,
          "acoustic_entropy_side": 17.997512817382812,
          "hz": 2261.9676141086993
        },
        {
          "acoustic_entropy": 17.35987663269043,
          "acoustic_entropy_side": 17.666542053222656,
          "hz": 2524.2759484456974
        },
        {
          "acoustic_entropy": 18.420639038085938,
          "acoustic_entropy_side": 17.144933700561523,
          "hz": 2809.813997359896
        },
        {
          "acoustic_entropy": 17.63983154296875,
          "acoustic_entropy_side": 17.613597869873047,
          "hz": 3120.6389567871424
        },
        {
          "acoustic_entropy": 17.261112213134766,
          "acoustic_entropy_side": 17.0622615814209,
          "hz": 3458.990205492291
        },
        {
