{
  "acoustic_entropy": 179.90635681152344,
  "bands": [
    {
      "high_freq": 148.1999969482422,
      "loudness": -29.586273193359375,
      "loudness_range": 15.355134963989258,
      "mid_mean": -25.857341766357422,
      "mid_to_side_loudness": -13.117136001586914,
      "mid_to_side_loudness_range": 18.554466247558594,
      "side_mean": -40.49162673950195
    },
    {
      "high_freq": 392.3793640136719,
      "loudness": -27.445911407470703,
      "loudness_range": 16.015451431274414,
      "low_freq": 148.1999969482422,
      "mid_mean": -24.135360717773438,
      "mid_to_side_loudness": -12.427200317382812,
      "mid_to_side_loudness_range": 20.396472930908203,
      "side_mean": -37.28993606567383
    },
    {
      "high_freq": 794.6976318359375,
      "loudness": -30.21089744567871,
      "loudness_range": 17.93709945678711,
      "low_freq": 392.3793640136719,
      "mid_mean": -27.0805606842041,
      "mid_to_side_loudness": -10.27556037902832,
      "mid_to_side_loudness_range": 12.54996109008789,
      "side_mean": -37.50163650512695
    },
    {
      "high_freq": 1457.5709228515625,
      "loudness": -32.828269958496094,
      "loudness_range": 28.252899169921875,
      "low_freq": 794.6976318359375,
      "mid_mean": -30.246660232543945,
      "mid_to_side_loudness": -7.283707141876221,
      "mid_to_side_loudness_range": 12.761002540588379,
      "side_mean": -36.310577392578125
    },
    {
      "high_freq": 2549.74365234375,
      "loudness": -36.728187561035156,
      "loudness_range": 28.224294662475586,
      "low_freq": 1457.5709228515625,
      "mid_mean": -33.74574279785156,
      "mid_to_side_loudness": -8.93303394317627,
      "mid_to_side_loudness_range": 12.504222869873047,
      "side_mean": -42.65214538574219
    },
    {
      "high_freq": 4349.24462890625,
      "loudness": -43.40088653564453,
      "loudness_range": 21.120742797851562,
      "low_freq": 2549.74365234375,
      "mid_mean": -40.7659797668457,
      "mid_to_side_loudness": -6.622300148010254,
      "mid_to_side_loudness_range": 11.082435607910156,
      "side_mean": -47.52532196044922
    },
    {
      "high_freq": 7314.1640625,
      "loudness": -47.63105010986328,
      "loudness_range": 18.679092407226562,
      "low_freq": 4349.24462890625,
      "mid_mean": -45.34521484375,
      "mid_to_side_loudness": -5.885336875915527,
      "mid_to_side_loudness_range": 5.283848762512207,
      "side_mean": -51.957149505615234
    },
    {
      "high_freq": 12199.2666015625,
      "loudness": -44.53303527832031,
      "loudness_range": 15.205352783203125,
      "low_freq": 7314.1640625,
      "mid_mean": -43.0665168762207,
      "mid_to_side_loudness": -6.252226829528809,
      "mid_to_side_loudness_range": 5.111316680908203,
      "side_mean": -51.236488342285156
    },
    {
      "loudness": -42.65399169921875,
      "loudness_range": 17.574989318847656,
      "low_freq": 12199.2666015625,
      "mid_mean": -39.8570556640625,
      "mid_to_side_loudness": -9.085108757019043,
      "mid_to_side_loudness_range": 8.847064971923828,
      "side_mean": -52.17362976074219
    }
  ],
  "bands_short": [
    {
      "high_freq": 148.1999969482422,
      "loudness": -33.58599090576172,
      "loudness_range": 23.653118133544922,
      "mid_mean": -30.366682052612305,
      "mid_to_side_loudness": -11.856426239013672,
      "mid_to_side_loudness_range": 21.58797264099121,
      "side_mean": -43.628456115722656
    },
    {
      "high_freq": 392.3793640136719,
      "loudness": -28.27846336364746,
      "loudness_range": 18.839942932128906,
      "low_freq": 148.1999969482422,
      "mid_mean": -25.04401397705078,
      "mid_to_side_loudness": -12.051868438720703,
      "mid_to_side_loudness_range": 22.179180145263672,
      "side_mean": -38.15544509887695
    },
    {
      "high_freq": 794.6976318359375,
      "loudness": -31.342971801757812,
      "loudness_range": 21.13883399963379,
      "low_freq": 392.3793640136719,
      "mid_mean": -28.29427719116211,
      "mid_to_side_loudness": -10.029891967773438,
      "mid_to_side_loudness_range": 15.577211380004883,
      "side_mean": -38.79924774169922
    },
    {
      "high_freq": 1457.5709228515625,
      "loudness": -34.286922454833984,
      "loudness_range": 30.028057098388672,
      "low_freq": 794.6976318359375,
      "mid_mean": -31.872371673583984,
      "mid_to_side_loudness": -6.7397332191467285,
      "mid_to_side_loudness_range": 14.271966934204102,
      "side_mean": -37.89493179321289
    },
    {
      "high_freq": 2549.74365234375,
      "loudness": -39.11599349975586,
      "loudness_range": 27.967391967773438,
      "low_freq": 1457.5709228515625,
      "mid_mean": -36.37519454956055,
      "mid_to_side_loudness": -8.00078296661377,
      "mid_to_side_loudness_range": 13.77247142791748,
      "side_mean": -44.56769943237305
    },
    {
      "high_freq": 4349.24462890625,
      "loudness": -44.50814437866211,
      "loudness_range": 24.004173278808594,
      "low_freq": 2549.74365234375,
      "mid_mean": -41.94649124145508,
      "mid_to_side_loudness": -6.618538856506348,
      "mid_to_side_loudness_range": 11.535859107971191,
      "side_mean": -48.952667236328125
    },
    {
      "high_freq": 7314.1640625,
      "loudness": -49.42728042602539,
      "loudness_range": 21.71617889404297,
      "low_freq": 4349.24462890625,
      "mid_mean": -48.113624572753906,
      "mid_to_side_loudness": -5.511173725128174,
      "mid_to_side_loudness_range": 7.022215843200684,
      "side_mean": -53.667728424072266
    },
    {
      "high_freq": 12199.2666015625,
      "loudness": -47.94850540161133,
      "loudness_range": 22.875991821289062,
      "low_freq": 7314.1640625,
      "mid_mean": -47.24697494506836,
      "mid_to_side_loudness": -6.394737243652344,
      "mid_to_side_loudness_range": 7.468399524688721,
      "side_mean": -53.96473693847656
    },
    {
      "loudness": -48.95209503173828,
      "loudness_range": 27.578754425048828,
      "low_freq": 12199.2666015625,
      "mid_mean": -49.373207092285156,
      "mid_to_side_loudness": -9.549930572509766,
      "mid_to_side_loudness_range": 10.267477035522461,
      "side_mean": -57.22395706176758
    }
  ],
  "bandwidth": 596.8753051757812,
  "channels": 2,
  "covariance": [
    [
      34.417755126953125,
      22.086149215698242,
      5.478487014770508,
      4.721328258514404,
      7.362973690032959,
      8.630844116210938,
      4.4578704833984375,
      4.785256862640381,
      4.3880085945129395,
      8.066753387451172,
      5.763005256652832,
      7.657963752746582,
      7.0823073387146,
      7.5488505363464355,
      10.328840255737305,
      14.27816390991211,
      8.079692840576172,
      15.881966590881348
    ],
    [
      22.086149215698242,
      42.68632888793945,
      10.141727447509766,
      16.642210006713867,
      7.99842643737793,
      7.248898983001709,
      3.1277503967285156,
      -1.9245274066925049,
      8.957231521606445,
      9.826812744140625,
      20.307462692260742,
      18.782472610473633,
      19.14577293395996,
      23.743831634521484,
      11.929890632629395,
      25.931678771972656,
      5.867739677429199,
      24.14933967590332
    ],
    [
      5.478487014770508,
      10.141727447509766,
      35.36993408203125,
      14.669329643249512,
      17.709505081176758,
      4.024422645568848,
      -5.432131767272949,
      -5.867531776428223,
      3.1209716796875,
      -7.316834926605225,
      6.586878776550293,
      1.2929749488830566,
      9.597497940063477,
      12.924161911010742,
      8.397494316101074,
      18.509275436401367,
      0.4590345621109009,
      18.36420440673828
    ],
    [
      4.721328258514404,
      16.642210006713867,
      14.669329643249512,
      48.01499938964844,
      19.108278274536133,
      28.28607749938965,
      17.128032684326172,
      11.807251930236816,
      23.02402687072754,
      24.19420623779297,
      24.641420364379883,
      23.583600997924805,
      20.70829963684082,
      22.967723846435547,
      16.11014747619629,
      22.80255126953125,
      8.960633277893066,
      20.78654670715332
    ],
    [
      7.362973690032959,
      7.99842643737793,
      17.709505081176758,
      19.108278274536133,
      39.79948043823242,
      37.82827377319336,
      9.578560829162598,
      11.90229606628418,
      16.533601760864258,
      14.640875816345215,
      10.939785957336426,
      13.813901901245117,
      10.895503997802734,
      16.994844436645508,
      10.600112915039062,
      23.61680793762207,
      7.846934795379639,
      24.171504974365234
    ],
    [
      8.630844116210938,
      7.248898983001709,
      4.024422645568848,
      28.28607749938965,
      37.82827377319336,
      67.88823699951172,
      25.788570404052734,
      24.895309448242188,
      27.56103515625,
      37.75578308105469,
      18.761089324951172,
      26.359298706054688,
      16.16986846923828,
      20.012523651123047,
      17.162391662597656,
      25.09383773803711,
      16.471120834350586,
      25.5344181060791
    ],
    [
      4.4578704833984375,
      3.1277503967285156,
      -5.432131767272949,
      17.128032684326172,
      9.578560829162598,
      25.788570404052734,
      89.16151428222656,
      77.91759490966797,
      45.87669372558594,
      65.01551818847656,
      24.601980209350586,
      33.9127082824707,
      7.263706207275391,
      13.091602325439453,
      4.032708168029785,
      7.59798002243042,
      16.998153686523438,
      7.15083122253418
    ],
    [
      4.785256862640381,
      -1.9245274066925049,
      -5.867531776428223,
      11.807251930236816,
      11.90229606628418,
      24.895309448242188,
      77.91759490966797,
      92.9866714477539,
      42.54551315307617,
      62.7124137878418,
      17.531917572021484,
      30.336654663085938,
      1.199063777923584,
      9.860773086547852,
      0.682461142539978,
      7.362837791442871,
      16.066551208496094,
      8.1636962890625
    ],
    [
      4.3880085945129395,
      8.957231521606445,
      3.1209716796875,
      23.02402687072754,
      16.533601760864258,
      27.56103515625,
      45.87669372558594,
      42.54551315307617,
      78.61466979980469,
      78.6752700805664,
      39.46428680419922,
      49.472381591796875,
      19.86241340637207,
      26.162073135375977,
      9.482370376586914,
      18.259618759155273,
      18.13094139099121,
      15.752269744873047
    ],
    [
      8.066753387451172,
      9.826812744140625,
      -7.316834926605225,
      24.19420623779297,
      14.640875816345215,
      37.75578308105469,
      65.01551818847656,
      62.7124137878418,
      78.6752700805664,
      103.00347900390625,
      42.050689697265625,
      59.08687973022461,
      20.096086502075195,
      28.637340545654297,
      11.933676719665527,
      20.948379516601562,
      24.312744140625,
      19.112653732299805
    ],
    [
      5.763005256652832,
      20.307462692260742,
      6.586878776550293,
      24.641420364379883,
      10.939785957336426,
      18.761089324951172,
      24.601980209350586,
      17.531917572021484,
      39.46428680419922,
      42.050689697265625,
      50.783084869384766,
      48.391639709472656,
      36.20572280883789,
      37.58536911010742,
      23.194374084472656,
      34.902217864990234,
      19.39501953125,
      31.193668365478516
    ],
    [
      7.657963752746582,
      18.782472610473633,
      1.2929749488830566,
      23.583600997924805,
      13.813901901245117,
      26.359298706054688,
      33.9127082824707,
      30.336654663085938,
      49.472381591796875,
      59.08687973022461,
      48.391639709472656,
      62.57914352416992,
      31.519264221191406,
      38.20866012573242,
      21.690471649169922,
      34.902671813964844,
      23.5217342376709,
      32.427101135253906
    ],
    [
      7.0823073387146,
      19.14577293395996,
      9.597497940063477,
      20.70829963684082,
      10.895503997802734,
      16.16986846923828,
      7.263706207275391,
      1.199063777923584,
      19.86241340637207,
      20.096086502075195,
      36.20572280883789,
      31.519264221191406,
      48.084957122802734,
      43.230613708496094,
      36.10702896118164,
      50.61732864379883,
      25.383569717407227,
      49.546142578125
    ],
    [
      7.5488505363464355,
      23.743831634521484,
      12.924161911010742,
      22.967723846435547,
      16.994844436645508,
      20.012523651123047,
      13.091602325439453,
      9.860773086547852,
      26.162073135375977,
      28.637340545654297,
      37.58536911010742,
      38.20866012573242,
      43.230613708496094,
      57.61618423461914,
      35.148414611816406,
      65.74686431884766,
      25.774843215942383,
      64.28421783447266
    ],
    [
      10.328840255737305,
      11.929890632629395,
      8.397494316101074,
      16.11014747619629,
      10.600112915039062,
      17.162391662597656,
      4.032708168029785,
      0.682461142539978,
      9.482370376586914,
      11.933676719665527,
      23.194374084472656,
      21.690471649169922,
      36.10702896118164,
      35.148414611816406,
      56.79309844970703,
      54.174922943115234,
      34.013004302978516,
      58.664424896240234
    ],
    [
      14.27816390991211,
      25.931678771972656,
      18.509275436401367,
      22.80255126953125,
      23.61680793762207,
      25.09383773803711,
      7.59798002243042,
      7.362837791442871,
      18.259618759155273,
      20.948379516601562,
      34.902217864990234,
      34.902671813964844,
      50.61732864379883,
      65.74686431884766,
      54.174922943115234,
      92.0225601196289,
      36.32863998413086,
      95.45265197753906
    ],
    [
      8.079692840576172,
      5.867739677429199,
      0.4590345621109009,
      8.960633277893066,
      7.846934795379639,
      16.471120834350586,
      16.998153686523438,
      16.066551208496094,
      18.13094139099121,
      24.312744140625,
      19.39501953125,
      23.5217342376709,
      25.383569717407227,
      25.774843215942383,
      34.013004302978516,
      36.32863998413086,
      43.796485900878906,
      45.40636444091797
    ],
    [
      15.881966590881348,
      24.14933967590332,
      18.36420440673828,
      20.78654670715332,
      24.171504974365234,
      25.5344181060791,
      7.15083122253418,
      8.1636962890625,
      15.752269744873047,
      19.112653732299805,
      31.193668365478516,
      32.427101135253906,
      49.546142578125,
      64.28421783447266,
      58.664424896240234,
      95.45265197753906,
      45.40636444091797,
      106.50892639160156
    ]
  ],
  "covariance_short": [
    [
      69.96353912353516,
      35.91843032836914,
      15.502227783203125,
      6.096364498138428,
      13.011263847351074,
      12.652328491210938,
      8.18285083770752,
      8.770613670349121,
      9.135942459106445,
      10.849268913269043,
      7.928867816925049,
      8.83238697052002,
      9.476297378540039,
      11.095375061035156,
      14.35964584350586,
      18.632205963134766,
      19.325233459472656,
      18.09055519104004
    ],
    [
      35.91843032836914,
      61.90235137939453,
      12.722552299499512,
      18.317848205566406,
      10.34404468536377,
      11.746695518493652,
      9.076092720031738,
      6.097570419311523,
      16.021223068237305,
      16.197660446166992,
      22.70298957824707,
      24.021995544433594,
      25.682151794433594,
      28.10886001586914,
      19.60415267944336,
      29.723119735717773,
      31.956972122192383,
      25.269596099853516
    ],
    [
      15.502227783203125,
      12.722552299499512,
      46.818843841552734,
      17.32305335998535,
      24.735271453857422,
      7.717278003692627,
      4.431209087371826,
      1.2259596586227417,
      9.296601295471191,
      -0.20718437433242798,
      8.850458145141602,
      4.982894420623779,
      14.721456527709961,
      15.134828567504883,
      15.288111686706543,
      19.519254684448242,
      26.356822967529297,
      18.205078125
    ],
    [
      6.096364498138428,
      18.317848205566406,
      17.32305335998535,
      52.58110427856445,
      24.75347328186035,
      34.83594512939453,
      20.446081161499023,
      15.445130348205566,
      25.9339599609375,
      25.406314849853516,
      26.390308380126953,
      25.874595642089844,
      27.1809024810791,
      25.447689056396484,
      23.21504020690918,
      24.611879348754883,
      26.72743034362793,
      21.52317237854004
    ],
    [
      13.011263847351074,
      10.34404468536377,
      24.735271453857422,
      24.75347328186035,
      54.262508392333984,
      45.0585823059082,
      21.086055755615234,
      21.027315139770508,
      25.42312240600586,
      22.964767456054688,
      17.37014389038086,
      21.605785369873047,
      15.66957950592041,
      18.35008430480957,
      14.95759105682373,
      20.86390495300293,
      23.140823364257812,
      19.160381317138672
    ],
    [
      12.652328491210938,
      11.746695518493652,
      7.717278003692627,
      34.83594512939453,
      45.0585823059082,
      79.7230453491211,
      33.739173889160156,
      34.25226593017578,
      35.9097900390625,
      44.76639938354492,
      26.655935287475586,
      34.32712173461914,
      19.8626766204834,
      21.448741912841797,
      17.3447322845459,
      22.406625747680664,
      19.193939208984375,
      19.828189849853516
    ],
    [
      8.18285083770752,
      9.076092720031738,
      4.431209087371826,
      20.446081161499023,
      21.086055755615234,
      33.739173889160156,
      97.4463119506836,
      83.4145736694336,
      49.6393928527832,
      63.65958786010742,
      33.555110931396484,
      39.54924774169922,
      15.170819282531738,
      17.31429672241211,
      7.750985622406006,
      13.633371353149414,
      8.63937759399414,
      11.701555252075195
    ],
    [
      8.770613670349121,
      6.097570419311523,
      1.2259596586227417,
      15.445130348205566,
      21.027315139770508,
      34.25226593017578,
      83.4145736694336,
      100.16288757324219,
      44.45423126220703,
      63.53282165527344,
      25.06060218811035,
      36.13090133666992,
      7.302605152130127,
      12.419321060180664,
      1.8526583909988403,
      9.942770004272461,
      2.9822230339050293,
      7.97799825668335
    ],
    [
      9.135942459106445,
      16.021223068237305,
      9.296601295471191,
      25.9339599609375,
      25.42312240600586,
      35.9097900390625,
      49.6393928527832,
      44.45423126220703,
      91.65101623535156,
      84.87313842773438,
      53.18639373779297,
      59.1136589050293,
      34.46832275390625,
      34.65882110595703,
      22.151533126831055,
      27.850975036621094,
      24.264699935913086,
      23.84018325805664
    ],
    [
      10.849268913269043,
      16.197660446166992,
      -0.20718437433242798,
      25.406314849853516,
      22.964767456054688,
      44.76639938354492,
      63.65958786010742,
      63.53282165527344,
      84.87313842773438,
      107.2596206665039,
      52.45646667480469,
      66.43157196044922,
      30.582468032836914,
      34.50914764404297,
      19.36458396911621,
      27.80524444580078,
      19.800159454345703,
      23.308931350708008
    ],
    [
      7.928867816925049,
      22.70298957824707,
      8.850458145141602,
      26.390308380126953,
      17.37014389038086,
      26.655935287475586,
      33.555110931396484,
      25.06060218811035,
      53.18639373779297,
      52.45646667480469,
      67.2145004272461,
      60.604591369628906,
      52.348873138427734,
      48.20698165893555,
      41.41484451293945,
      44.35519790649414,
      43.9393310546875,
      38.46102523803711
    ],
    [
      8.83238697052002,
      24.021995544433594,
      4.982894420623779,
      25.874595642089844,
      21.605785369873047,
      34.32712173461914,
      39.54924774169922,
      36.13090133666992,
      59.1136589050293,
      66.43157196044922,
      60.604591369628906,
      75.49433135986328,
      48.8735466003418,
      50.833560943603516,
      38.23331069946289,
      46.492671966552734,
      43.455772399902344,
      40.10295104980469
    ],
    [
      9.476297378540039,
      25.682151794433594,
      14.721456527709961,
      27.1809024810791,
      15.66957950592041,
      19.8626766204834,
      15.170819282531738,
      7.302605152130127,
      34.46832275390625,
      30.582468032836914,
      52.348873138427734,
      48.8735466003418,
      76.27656555175781,
      66.2844467163086,
      69.63471984863281,
      71.98379516601562,
      79.20852661132812,
      66.1330795288086
    ],
    [
      11.095375061035156,
      28.10886001586914,
      15.134828567504883,
      25.447689056396484,
      18.35008430480957,
      21.448741912841797,
      17.31429672241211,
      12.419321060180664,
      34.65882110595703,
      34.50914764404297,
      48.20698165893555,
      50.833560943603516,
      66.2844467163086,
      69.45203399658203,
      64.84135437011719,
      75.15233612060547,
      81.16165161132812,
      67.88452911376953
    ],
    [
      14.35964584350586,
      19.60415267944336,
      15.288111686706543,
      23.21504020690918,
      14.95759105682373,
      17.3447322845459,
      7.750985622406006,
      1.8526583909988403,
      22.151533126831055,
      19.36458396911621,
      41.41484451293945,
      38.23331069946289,
      69.63471984863281,
      64.84135437011719,
      92.62448120117188,
      86.21210479736328,
      96.69873809814453,
      84.37140655517578
    ],
    [
      18.632205963134766,
      29.723119735717773,
      19.519254684448242,
      24.611879348754883,
      20.86390495300293,
      22.406625747680664,
      13.633371353149414,
      9.942770004272461,
      27.850975036621094,
      27.80524444580078,
      44.35519790649414,
      46.492671966552734,
      71.98379516601562,
      75.15233612060547,
      86.21210479736328,
      96.86595153808594,
      107.32215118408203,
      92.1016616821289
    ],
    [
      19.325233459472656,
      31.956972122192383,
      26.356822967529297,
      26.72743034362793,
      23.140823364257812,
      19.193939208984375,
      8.63937759399414,
      2.9822230339050293,
      24.264699935913086,
      19.800159454345703,
      43.9393310546875,
      43.455772399902344,
      79.20852661132812,
      81.16165161132812,
      96.69873809814453,
      107.32215118408203,
      132.0686492919922,
      108.93452453613281
    ],
    [
      18.09055519104004,
      25.269596099853516,
      18.205078125,
      21.52317237854004,
      19.160381317138672,
      19.828189849853516,
      11.701555252075195,
      7.97799825668335,
      23.84018325805664,
      23.308931350708008,
      38.46102523803711,
      40.10295104980469,
      66.1330795288086,
      67.88452911376953,
      84.37140655517578,
      92.1016616821289,
      108.93452453613281,
      98.78406524658203
    ]
  ],
  "damage": -11.34201431274414,
  "diff_bandwidth": 641.3956909179688,
  "dissonance": 6.776909752309079,
  "drr": 13.52377986907959,
  "dynamics": 3.716848611831665,
  "format": 1245190,
  "frames": 20033472,
  "loudness": -16.780439376831055,
  "loudness_range": 9.800798416137695,
  "loudness_range_short": 14.992240905761719,
  "lowpass_true_peak_15khz": -1.7647290229797363,
  "mastering3_acoustic_entropies": [
    {
      "acoustic_entropy": 10.469847679138184,
      "acoustic_entropy_mono": 9.189416885375977,
      "band_eliminated_acoustic_entropies": [
        {
          "acoustic_entropy": 10.49426555633545,
          "acoustic_entropy_side": 10.471817016601562,
          "hz": 129.47220167065723
        },
        {
          "acoustic_entropy": 10.593240737915039,
          "acoustic_entropy_side": 10.473433494567871,
          "hz": 202.92927478742237
        },
        {
          "acoustic_entropy": 10.225122451782227,
          "acoustic_entropy_side": 10.511153221130371,
          "hz": 282.89161906338205
        },
        {
          "acoustic_entropy": 11.11653995513916,
          "acoustic_entropy_side": 10.504855155944824,
          "hz": 369.9353335868758
        },
        {
          "acoustic_entropy": 11.172561645507812,
          "acoustic_entropy_side": 10.678921699523926,
          "hz": 464.6875360973435
        },
        {
          "acoustic_entropy": 10.768494606018066,
          "acoustic_entropy_side": 10.525777816772461,
          "hz": 567.8308811364784
        },
        {
          "acoustic_entropy": 11.354808807373047,
          "acoustic_entropy_side": 10.477718353271484,
          "hz": 680.1084783214808
        },
        {
          "acoustic_entropy": 10.799513816833496,
          "acoustic_entropy_side": 9.986239433288574,
          "hz": 802.3292461747484
        },
        {
          "acoustic_entropy": 10.99415397644043,
          "acoustic_entropy_side": 10.475924491882324,
          "hz": 935.3737400823702
        },
        {
          "acoustic_entropy": 10.161295890808105,
          "acoustic_entropy_side": 10.366943359375,
          "hz": 1080.2004963696966
        },
        {
          "acoustic_entropy": 10.770853042602539,
          "acoustic_entropy_side": 10.21456527709961,
          "hz": 1237.8529382007157
        },
        {
          "acoustic_entropy": 9.616658210754395,
          "acoustic_entropy_side": 10.392895698547363,
          "hz": 1409.4668930556702
        },
        {
          "acoustic_entropy": 10.281280517578125,
          "acoustic_entropy_side": 9.7717866897583,
          "hz": 1596.2787759475705
        },
        {
          "acoustic_entropy": 9.618823051452637,
          "acoustic_entropy_side": 10.52939224243164,
          "hz": 1799.6344973346393
        },
        {
          "acoustic_entropy": 10.613018989562988,
          "acoustic_entropy_side": 10.461596488952637,
          "hz": 2020.9991599069049
        },
        {
          "acoustic_entropy": 10.271637916564941,
          "acoustic_entropy_side": 10.271116256713867,
          "hz": 2261.9676141086993
        },
        {
          "acoustic_entropy": 9.908730506896973,
          "acoustic_entropy_side": 10.368816375732422,
          "hz": 2524.2759484456974
        },
        {
          "acoustic_entropy": 10.618967056274414,
          "acoustic_entropy_side": 10.41705322265625,
          "hz": 2809.813997359896
        },
        {
          "acoustic_entropy": 10.379611015319824,
          "acoustic_entropy_side": 10.425943374633789,
          "hz": 3120.6389567871424
        },
        {
          "acoustic_entropy": 10.513508796691895,
          "acoustic_entropy_side": 10.410173416137695,
          "hz": 3458.990205492291
        },
        {
          "acoustic_entropy": 10.504941940307617,
          "acoustic_entropy_side": 10.451946258544922,
          "hz": 3827.305438964164
        },
        {
          "acoustic_entropy": 10.437613487243652,
          "acoustic_entropy_side": 10.469217300415039,
          "hz": 4228.238232109126
        },
        {
          "acoustic_entropy": 10.486534118652344,
          "acoustic_entropy_side": 10.469277381896973,
          "hz": 4664.6771572759235
        },
        {
          "acoustic_entropy": 10.514328002929688,
          "acoustic_entropy_side": 10.472891807556152,
          "hz": 5139.766595350093
        },
        {
          "acoustic_entropy": 10.52294921875,
          "acoustic_entropy_side": 10.476476669311523,
          "hz": 5656.929389854203
        },
        {
          "acoustic_entropy": 10.51215648651123,
          "acoustic_entropy_side": 10.475632667541504,
          "hz": 6219.891507268283
        },
        {
          "acoustic_entropy": 10.51264762878418,
          "acoustic_entropy_side": 10.475759506225586,
          "hz": 6832.70888123896
        },
        {
          "acoustic_entropy": 10.499930381774902,
          "acoustic_entropy_side": 10.475396156311035,
          "hz": 7499.796634079867
        },
        {
          "acoustic_entropy": 10.500449180603027,
          "acoustic_entropy_side": 10.476470947265625,
          "hz": 8225.96088609342
        },
        {
          "acoustic_entropy": 10.506745338439941,
          "acoustic_entropy_side": 10.476465225219727,
          "hz": 9016.43338188839
        },
        {
          "acoustic_entropy": 10.526220321655273,
          "acoustic_entropy_side": 10.479302406311035,
          "hz": 9876.909183162974
        },
        {
          "acoustic_entropy": 10.552410125732422,
          "acoustic_entropy_side": 10.479997634887695,
          "hz": 10813.587699516042
        },
        {
          "acoustic_entropy": 10.592373847961426,
          "acoustic_entropy_side": 10.482568740844727,
          "hz": 11833.21735289826
        },
        {
          "acoustic_entropy": 10.601378440856934,
          "acoustic_entropy_side": 10.48906135559082,
          "hz": 12943.144197493959
        },
        {
          "acoustic_entropy": 10.519436836242676,
          "acoustic_entropy_side": 10.487367630004883,
          "hz": 14151.364845322005
        },
        {
          "acoustic_entropy": 10.450844764709473,
          "acoustic_entropy_side": 10.482991218566895,
          "hz": 15466.58407886509
        },
        {
          "acoustic_entropy": 9.946382522583008,
          "acoustic_entropy_side": 10.484652519226074,
          "hz": 16898.27756580493
        },
        {
          "acoustic_entropy": 10.441963195800781,
          "acoustic_entropy_side": 10.479447364807129,
          "hz": 18456.760127700032
        },
        {
          "acoustic_entropy": 10.497142791748047,
          "acoustic_entropy_side": 10.471118927001953,
          "hz": 20153.260054456492
        },
        {
          "acoustic_entropy": 10.470242500305176,
          "acoustic_entropy_side": 10.469876289367676,
          "hz": 22000.00000000001
        }
      ],
      "diff_acoustic_entropy": 9.801008224487305,
      "sn": 6
    },
    {
      "acoustic_entropy": 15.72381591796875,
      "acoustic_entropy_mono": 14.036174774169922,
      "band_eliminated_acoustic_entropies": [
        {
          "acoustic_entropy": 15.22054386138916,
          "acoustic_entropy_side": 15.70754623413086,
          "hz": 129.47220167065723
        },
        {
          "acoustic_entropy": 16.1969051361084,
          "acoustic_entropy_side": 15.652908325195312,
          "hz": 202.92927478742237
        },
        {
          "acoustic_entropy": 15.472260475158691,
          "acoustic_entropy_side": 15.24565315246582,
          "hz": 282.89161906338205
        },
        {
          "acoustic_entropy": 15.487056732177734,
          "acoustic_entropy_side": 15.378326416015625,
          "hz": 369.9353335868758
        },
        {
          "acoustic_entropy": 15.888981819152832,
          "acoustic_entropy_side": 16.008296966552734,
          "hz": 464.6875360973435
        },
        {
          "acoustic_entropy": 15.795330047607422,
          "acoustic_entropy_side": 15.69250202178955,
          "hz": 567.8308811364784
        },
        {
          "acoustic_entropy": 15.566335678100586,
          "acoustic_entropy_side": 15.481542587280273,
          "hz": 680.1084783214808
        },
        {
          "acoustic_entropy": 15.72018814086914,
          "acoustic_entropy_side": 15.145094871520996,
          "hz": 802.3292461747484
        },
        {
          "acoustic_entropy": 14.966264724731445,
          "acoustic_entropy_side": 15.351001739501953,
          "hz": 935.3737400823702
        },
        {
          "acoustic_entropy": 15.362693786621094,
          "acoustic_entropy_side": 14.801352500915527,
          "hz": 1080.2004963696966
        },
        {
          "acoustic_entropy": 16.40582847595215,
          "acoustic_entropy_side": 15.70443058013916,
          "hz": 1237.8529382007157
        },
        {
          "acoustic_entropy": 15.37899112701416,
          "acoustic_entropy_side": 15.32336711883545,
          "hz": 1409.4668930556702
        },
        {
          "acoustic_entropy": 14.762928009033203,
          "acoustic_entropy_side": 14.9422025680542,
          "hz": 1596.2787759475705
        },
        {
          "acoustic_entropy": 14.710785865783691,
          "acoustic_entropy_side": 15.788785934448242,
          "hz": 1799.6344973346393
        },
        {
          "acoustic_entropy": 16.203561782836914,
          "acoustic_entropy_side": 15.668537139892578,
          "hz": 2020.9991599069049
        },
        {
          "acoustic_entropy": 14.821495056152344,
          "acoustic_entropy_side": 15.397624015808105,
          "hz": 2261.9676141086993
        },
        {
          "acoustic_entropy": 15.727715492248535,
          "acoustic_entropy_side": 15.53480339050293,
          "hz": 2524.2759484456974
        },
        {
          "acoustic_entropy": 15.434761047363281,
          "acoustic_entropy_side": 15.870206832885742,
          "hz": 2809.813997359896
        },
        {
          "acoustic_entropy": 15.165631294250488,
          "acoustic_entropy_side": 15.044525146484375,
          "hz": 3120.6389567871424
        },
        {
          "acoustic_entropy": 15.504940032958984,
          "acoustic_entropy_side": 15.7249174118042,
          "hz": 3458.990205492291
        },
        {
          "acoustic_entropy": 15.86001968383789,
          "acoustic_entropy_side": 15.840742111206055,
          "hz": 3827.305438964164
        },
        {
          "acoustic_entropy": 15.642078399658203,
          "acoustic_entropy_side": 15.740063667297363,
          "hz": 4228.238232109126
        },
        {
          "acoustic_entropy": 15.639922142028809,
          "acoustic_entropy_side": 15.721268653869629,
          "hz": 4664.6771572759235
        },
        {
          "acoustic_entropy": 15.72278881072998,
          "acoustic_entropy_side": 15.741950035095215,
          "hz": 5139.766595350093
        },
        {
          "acoustic_entropy": 15.71627140045166,
          "acoustic_entropy_side": 15.738322257995605,
          "hz": 5656.929389854203
        },
        {
          "acoustic_entropy": 15.720839500427246,
          "acoustic_entropy_side": 15.730854034423828,
          "hz": 6219.891507268283
        },
        {
          "acoustic_entropy": 15.731171607971191,
          "acoustic_entropy_side": 15.728967666625977,
          "hz": 6832.70888123896
        },
        {
          "acoustic_entropy": 15.734297752380371,
          "acoustic_entropy_side": 15.729002952575684,
          "hz": 7499.796634079867
        },
        {
          "acoustic_entropy": 15.745589256286621,
          "acoustic_entropy_side": 15.731404304504395,
          "hz": 8225.96088609342
        },
        {
          "acoustic_entropy": 15.751526832580566,
          "acoustic_entropy_side": 15.73016357421875,
          "hz": 9016.43338188839
        },
        {
          "acoustic_entropy": 15.748723030090332,
          "acoustic_entropy_side": 15.725444793701172,
          "hz": 9876.909183162974
        },
        {
          "acoustic_entropy": 15.767906188964844,
          "acoustic_entropy_side": 15.722980499267578,
          "hz": 10813.587699516042
        },
        {
          "acoustic_entropy": 15.759056091308594,
          "acoustic_entropy_side": 15.72162914276123,
          "hz": 11833.21735289826
        },
        {
          "acoustic_entropy": 15.715100288391113,
          "acoustic_entropy_side": 15.701769828796387,
          "hz": 12943.144197493959
        },
        {
          "acoustic_entropy": 15.625160217285156,
          "acoustic_entropy_side": 15.66528034210205,
          "hz": 14151.364845322005
        },
        {
          "acoustic_entropy": 15.603251457214355,
          "acoustic_entropy_side": 15.650543212890625,
          "hz": 15466.58407886509
        },
        {
          "acoustic_entropy": 15.326825141906738,
          "acoustic_entropy_side": 15.683154106140137,
          "hz": 16898.27756580493
        },
        {
          "acoustic_entropy": 15.593476295471191,
          "acoustic_entropy_side": 15.715178489685059,
          "hz": 18456.760127700032
        },
        {
          "acoustic_entropy": 15.709327697753906,
          "acoustic_entropy_side": 15.72225284576416,
          "hz": 20153.260054456492
        },
        {
          "acoustic_entropy": 15.724482536315918,
          "acoustic_entropy_side": 15.723950386047363,
          "hz": 22000.00000000001
        }
      ],
      "diff_acoustic_entropy": 14.582551956176758,
      "sn": 12
    },
    {
      "acoustic_entropy": 24.30418586730957,
      "acoustic_entropy_mono": 21.683319091796875,
      "band_eliminated_acoustic_entropies": [
        {
          "acoustic_entropy": 23.350112915039062,
          "acoustic_entropy_side": 24.223228454589844,
          "hz": 129.47220167065723
        },
        {
          "acoustic_entropy": 25.692476272583008,
          "acoustic_entropy_side": 24.391115188598633,
          "hz": 202.92927478742237
        },
        {
          "acoustic_entropy": 24.04413604736328,
          "acoustic_entropy_side": 24.367982864379883,
          "hz": 282.89161906338205
        },
        {
          "acoustic_entropy": 23.991342544555664,
          "acoustic_entropy_side": 24.256532669067383,
          "hz": 369.9353335868758
        },
        {
          "acoustic_entropy": 24.149394989013672,
          "acoustic_entropy_side": 24.661115646362305,
          "hz": 464.6875360973435
        },
        {
          "acoustic_entropy": 24.17715072631836,
          "acoustic_entropy_side": 24.38596534729004,
          "hz": 567.8308811364784
        },
        {
          "acoustic_entropy": 23.516002655029297,
          "acoustic_entropy_side": 23.625778198242188,
          "hz": 680.1084783214808
        },
        {
          "acoustic_entropy": 23.52452850341797,
          "acoustic_entropy_side": 23.487089157104492,
          "hz": 802.3292461747484
        },
        {
          "acoustic_entropy": 24.98550796508789,
          "acoustic_entropy_side": 24.02018165588379,
          "hz": 935.3737400823702
        },
        {
          "acoustic_entropy": 23.47611427307129,
          "acoustic_entropy_side": 24.018917083740234,
          "hz": 1080.2004963696966
        },
        {
          "acoustic_entropy": 23.14444351196289,
          "acoustic_entropy_side": 24.241439819335938,
          "hz": 1237.8529382007157
        },
        {
          "acoustic_entropy": 24.119781494140625,
          "acoustic_entropy_side": 23.535625457763672,
          "hz": 1409.4668930556702
        },
        {
          "acoustic_entropy": 24.267065048217773,
          "acoustic_entropy_side": 24.814327239990234,
          "hz": 1596.2787759475705
        },
        {
          "acoustic_entropy": 23.729007720947266,
          "acoustic_entropy_side": 23.370128631591797,
          "hz": 1799.6344973346393
        },
        {
          "acoustic_entropy": 23.717567443847656,
          "acoustic_entropy_side": 24.26493263244629,
          "hz": 2020.9991599069049
        },
        {
          "acoustic_entropy": 23.746593475341797,
          "acoustic_entropy_side": 24.07472038269043,
          "hz": 2261.9676141086993
        },
        {
          "acoustic_entropy": 24.054149627685547,
          "acoustic_entropy_side": 24.38473892211914,
          "hz": 2524.2759484456974
        },
        {
          "acoustic_entropy": 23.101125717163086,
          "acoustic_entropy_side": 24.113815307617188,
          "hz": 2809.813997359896
        },
        {
          "acoustic_entropy": 23.954431533813477,
          "acoustic_entropy_side": 24.310771942138672,
