{
  "acoustic_entropy": 207.71707153320312,
  "bands": [
    {
      "high_freq": 148.1999969482422,
      "loudness": -24.158422470092773,
      "loudness_range": 6.898923873901367,
      "mid_mean": -20.515329360961914,
      "mid_to_side_loudness": -23.999406814575195,
      "mid_to_side_loudness_range": 17.16102409362793,
      "side_mean": -44.81434631347656
    },
    {
      "high_freq": 392.3793640136719,
      "loudness": -25.263784408569336,
      "loudness_range": 5.967580795288086,
      "low_freq": 148.1999969482422,
      "mid_mean": -22.0150089263916,
      "mid_to_side_loudness": -10.517305374145508,
      "mid_to_side_loudness_range": 8.020524978637695,
      "side_mean": -32.548343658447266
    },
    {
      "high_freq": 794.6976318359375,
      "loudness": -27.384145736694336,
      "loudness_range": 8.970577239990234,
      "low_freq": 392.3793640136719,
      "mid_mean": -24.489830017089844,
      "mid_to_side_loudness": -7.9903483390808105,
      "mid_to_side_loudness_range": 9.864527702331543,
      "side_mean": -32.47569274902344
    },
    {
      "high_freq": 1457.5709228515625,
      "loudness": -27.318204879760742,
      "loudness_range": 12.352825164794922,
      "low_freq": 794.6976318359375,
      "mid_mean": -24.175813674926758,
      "mid_to_side_loudness": -9.843448638916016,
      "mid_to_side_loudness_range": 10.618231773376465,
      "side_mean": -34.07973098754883
    },
    {
      "high_freq": 2549.74365234375,
      "loudness": -26.845638275146484,
      "loudness_range": 10.414657592773438,
      "low_freq": 1457.5709228515625,
      "mid_mean": -23.829261779785156,
      "mid_to_side_loudness": -8.36571216583252,
      "mid_to_side_loudness_range": 8.188491821289062,
      "side_mean": -32.28224563598633
    },
    {
      "high_freq": 4349.24462890625,
      "loudness": -26.3691463470459,
      "loudness_range": 8.633211135864258,
      "low_freq": 2549.74365234375,
      "mid_mean": -23.20648765563965,
      "mid_to_side_loudness": -9.767520904541016,
      "mid_to_side_loudness_range": 9.740224838256836,
      "side_mean": -33.121726989746094
    },
    {
      "high_freq": 7314.1640625,
      "loudness": -28.672164916992188,
      "loudness_range": 7.970041275024414,
      "low_freq": 4349.24462890625,
      "mid_mean": -25.357284545898438,
      "mid_to_side_loudness": -12.392210006713867,
      "mid_to_side_loudness_range": 14.68993854522705,
      "side_mean": -37.93853759765625
    },
    {
      "high_freq": 12199.2666015625,
      "loudness": -33.96589660644531,
      "loudness_range": 7.398435592651367,
      "low_freq": 7314.1640625,
      "mid_mean": -30.770414352416992,
      "mid_to_side_loudness": -11.151430130004883,
      "mid_to_side_loudness_range": 13.901335716247559,
      "side_mean": -42.23263168334961
    },
    {
      "loudness": -42.11616516113281,
      "loudness_range": 10.897651672363281,
      "low_freq": 12199.2666015625,
      "mid_mean": -39.13144302368164,
      "mid_to_side_loudness": -9.86426067352295,
      "mid_to_side_loudness_range": 17.5931453704834,
      "side_mean": -50.18989181518555
    }
  ],
  "bands_short": [
    {
      "high_freq": 148.1999969482422,
      "loudness": -27.119937896728516,
      "loudness_range": 13.811491012573242,
      "mid_mean": -23.463045120239258,
      "mid_to_side_loudness": -24.957002639770508,
      "mid_to_side_loudness_range": 23.070314407348633,
      "side_mean": -49.049861907958984
    },
    {
      "high_freq": 392.3793640136719,
      "loudness": -24.920988082885742,
      "loudness_range": 10.640689849853516,
      "low_freq": 148.1999969482422,
      "mid_mean": -21.68180274963379,
      "mid_to_side_loudness": -11.59553337097168,
      "mid_to_side_loudness_range": 13.045450210571289,
      "side_mean": -33.185665130615234
    },
    {
      "high_freq": 794.6976318359375,
      "loudness": -28.592363357543945,
      "loudness_range": 11.969751358032227,
      "low_freq": 392.3793640136719,
      "mid_mean": -25.956085205078125,
      "mid_to_side_loudness": -7.321939945220947,
      "mid_to_side_loudness_range": 13.13516616821289,
      "side_mean": -33.270263671875
    },
    {
      "high_freq": 1457.5709228515625,
      "loudness": -27.720598220825195,
      "loudness_range": 15.622381210327148,
      "low_freq": 794.6976318359375,
      "mid_mean": -24.80276870727539,
      "mid_to_side_loudness": -9.212733268737793,
      "mid_to_side_loudness_range": 14.868399620056152,
      "side_mean": -34.167572021484375
    },
    {
      "high_freq": 2549.74365234375,
      "loudness": -27.785324096679688,
      "loudness_range": 14.141637802124023,
      "low_freq": 1457.5709228515625,
      "mid_mean": -24.945981979370117,
      "mid_to_side_loudness": -7.963284969329834,
      "mid_to_side_loudness_range": 11.90160083770752,
      "side_mean": -33.0501823425293
    },
    {
      "high_freq": 4349.24462890625,
      "loudness": -27.235387802124023,
      "loudness_range": 12.647062301635742,
      "low_freq": 2549.74365234375,
      "mid_mean": -24.207456588745117,
      "mid_to_side_loudness": -9.300491333007812,
      "mid_to_side_loudness_range": 12.613691329956055,
      "side_mean": -33.71709442138672
    },
    {
      "high_freq": 7314.1640625,
      "loudness": -29.45357322692871,
      "loudness_range": 11.843385696411133,
      "low_freq": 4349.24462890625,
      "mid_mean": -26.220958709716797,
      "mid_to_side_loudness": -11.792006492614746,
      "mid_to_side_loudness_range": 16.703336715698242,
      "side_mean": -38.459327697753906
    },
    {
      "high_freq": 12199.2666015625,
      "loudness": -34.99222183227539,
      "loudness_range": 11.51144790649414,
      "low_freq": 7314.1640625,
      "mid_mean": -31.826173782348633,
      "mid_to_side_loudness": -11.459700584411621,
      "mid_to_side_loudness_range": 18.151487350463867,
      "side_mean": -43.991580963134766
    },
    {
      "loudness": -45.060401916503906,
      "loudness_range": 20.232566833496094,
      "low_freq": 12199.2666015625,
      "mid_mean": -42.064266204833984,
      "mid_to_side_loudness": -10.735393524169922,
      "mid_to_side_loudness_range": 22.14578628540039,
      "side_mean": -55.588932037353516
    }
  ],
  "bandwidth": 650.0021362304688,
  "channels": 2,
  "covariance": [
    [
      10.524535179138184,
      2.669081687927246,
      3.319361686706543,
      3.1905417442321777,
      2.6461689472198486,
      3.7176177501678467,
      3.403895616531372,
      4.255191326141357,
      3.3334109783172607,
      5.115117073059082,
      1.6341396570205688,
      4.057461261749268,
      1.2822115421295166,
      5.474077224731445,
      1.7689567804336548,
      6.118640422821045,
      3.0621933937072754,
      8.71044921875
    ],
    [
      2.669081687927246,
      22.82462501525879,
      2.507301092147827,
      5.166253566741943,
      -0.20539937913417816,
      3.1191091537475586,
      1.7711615562438965,
      4.899712085723877,
      2.0888566970825195,
      4.582602024078369,
      0.07985099405050278,
      4.04195499420166,
      0.7183958888053894,
      7.235664367675781,
      -0.6199697256088257,
      2.4215567111968994,
      -2.718966484069824,
      0.15889093279838562
    ],
    [
      3.319361686706543,
      2.507301092147827,
      6.875231742858887,
      4.836182117462158,
      3.312786817550659,
      4.29978609085083,
      1.9708964824676514,
      4.642751693725586,
      2.0888397693634033,
      4.981188774108887,
      1.876158356666565,
      4.876908302307129,
      1.1674405336380005,
      4.852702617645264,
      1.2759644985198975,
      3.6317338943481445,
      1.6065338850021362,
      6.375335693359375
    ],
    [
      3.1905417442321777,
      5.166253566741943,
      4.836182117462158,
      12.951985359191895,
      2.2547318935394287,
      6.358181953430176,
      2.753865957260132,
      7.785792827606201,
      2.207911729812622,
      8.138909339904785,
      0.5616053938865662,
      6.304604530334473,
      -0.35761985182762146,
      6.031928539276123,
      0.02590179443359375,
      3.7621266841888428,
      0.6760609745979309,
      8.66774845123291
    ],
    [
      2.6461689472198486,
      -0.20539937913417816,
      3.312786817550659,
      2.2547318935394287,
      13.746435165405273,
      5.8229875564575195,
      8.431485176086426,
      5.242562770843506,
      7.65419340133667,
      6.0283427238464355,
      5.960096836090088,
      6.69802188873291,
      5.208555698394775,
      6.616515159606934,
      4.596674919128418,
      5.102365493774414,
      5.036626815795898,
      5.228830337524414
    ],
    [
      3.7176177501678467,
      3.1191091537475586,
      4.29978609085083,
      6.358181953430176,
      5.8229875564575195,
      10.910938262939453,
      5.682592391967773,
      9.433483123779297,
      5.445045471191406,
      9.135636329650879,
      3.2192347049713135,
      8.540045738220215,
      2.4058456420898438,
      9.103224754333496,
      2.7773044109344482,
      7.490447044372559,
      3.418276309967041,
      9.468125343322754
    ],
    [
      3.403895616531372,
      1.7711615562438965,
      1.9708964824676514,
      2.753865957260132,
      8.431485176086426,
      5.682592391967773,
      21.837324142456055,
      10.508811950683594,
      13.236547470092773,
      8.60118293762207,
      7.301341533660889,
      9.178159713745117,
      6.67108678817749,
      9.443614959716797,
      4.750875473022461,
      6.719654560089111,
      4.29524040222168,
      5.190784454345703
    ],
    [
      4.255191326141357,
      4.899712085723877,
      4.642751693725586,
      7.785792827606201,
      5.242562770843506,
      9.433483123779297,
      10.508811950683594,
      15.22931957244873,
      7.956430435180664,
      12.116998672485352,
      5.257761001586914,
      12.632765769958496,
      3.632903814315796,
      12.508151054382324,
      3.336219072341919,
      8.314044952392578,
      3.837434768676758,
      10.132941246032715
    ],
    [
      3.3334109783172607,
      2.0888566970825195,
      2.0888397693634033,
      2.207911729812622,
      7.65419340133667,
      5.445045471191406,
      13.236547470092773,
      7.956430435180664,
      15.036405563354492,
      9.349336624145508,
      7.720755577087402,
      8.172696113586426,
      7.460768222808838,
      8.79023551940918,
      5.792246341705322,
      5.279547214508057,
      7.166172981262207,
      3.022268295288086
    ],
    [
      5.115117073059082,
      4.582602024078369,
      4.981188774108887,
      8.138909339904785,
      6.0283427238464355,
      9.135636329650879,
      8.60118293762207,
      12.116998672485352,
      9.349336624145508,
      15.629353523254395,
      5.175984859466553,
      12.820780754089355,
      4.163449764251709,
      13.321904182434082,
      3.81624698638916,
      8.727544784545898,
      6.04728889465332,
      11.86276912689209
    ],
    [
      1.6341396570205688,
      0.07985099405050278,
      1.876158356666565,
      0.5616053938865662,
      5.960096836090088,
      3.2192347049713135,
      7.301341533660889,
      5.257761001586914,
      7.720755577087402,
      5.175984859466553,
      10.38086986541748,
      8.395483016967773,
      7.6159749031066895,
      7.9124274253845215,
      5.58886194229126,
      4.900896072387695,
      7.154626369476318,
      2.593918800354004
    ],
    [
      4.057461261749268,
      4.04195499420166,
      4.876908302307129,
      6.304604530334473,
      6.69802188873291,
      8.540045738220215,
      9.178159713745117,
      12.632765769958496,
      8.172696113586426,
      12.820780754089355,
      8.395483016967773,
      19.490589141845703,
      5.7685866355896,
      20.447837829589844,
      4.7748212814331055,
      13.637884140014648,
      6.895876884460449,
      13.221968650817871
    ],
    [
      1.2822115421295166,
      0.7183958888053894,
      1.1674405336380005,
      -0.35761985182762146,
      5.208555698394775,
      2.4058456420898438,
      6.67108678817749,
      3.632903814315796,
      7.460768222808838,
      4.163449764251709,
      7.6159749031066895,
      5.7685866355896,
      8.745476722717285,
      6.742245674133301,
      7.15551233291626,
      4.473016738891602,
      7.041737079620361,
      1.56082022190094
    ],
    [
      5.474077224731445,
      7.235664367675781,
      4.852702617645264,
      6.031928539276123,
      6.616515159606934,
      9.103224754333496,
      9.443614959716797,
      12.508151054382324,
      8.79023551940918,
      13.321904182434082,
      7.9124274253845215,
      20.447837829589844,
      6.742245674133301,
      29.114795684814453,
      5.459068775177002,
      23.17652130126953,
      6.4731340408325195,
      19.656442642211914
    ],
    [
      1.7689567804336548,
      -0.6199697256088257,
      1.2759644985198975,
      0.02590179443359375,
      4.596674919128418,
      2.7773044109344482,
      4.750875473022461,
      3.336219072341919,
      5.792246341705322,
      3.81624698638916,
      5.58886194229126,
      4.7748212814331055,
      7.15551233291626,
      5.459068775177002,
      10.591397285461426,
      4.851936340332031,
      11.765633583068848,
      3.5741381645202637
    ],
    [
      6.118640422821045,
      2.4215567111968994,
      3.6317338943481445,
      3.7621266841888428,
      5.102365493774414,
      7.490447044372559,
      6.719654560089111,
      8.314044952392578,
      5.279547214508057,
      8.727544784545898,
      4.900896072387695,
      13.637884140014648,
      4.473016738891602,
      23.17652130126953,
      4.851936340332031,
      28.77978515625,
      4.6942949295043945,
      25.27183723449707
    ],
    [
      3.0621933937072754,
      -2.718966484069824,
      1.6065338850021362,
      0.6760609745979309,
      5.036626815795898,
      3.418276309967041,
      4.29524040222168,
      3.837434768676758,
      7.166172981262207,
      6.04728889465332,
      7.154626369476318,
      6.895876884460449,
      7.041737079620361,
      6.4731340408325195,
      11.765633583068848,
      4.6942949295043945,
      21.103593826293945,
      6.909120559692383
    ],
    [
      8.71044921875,
      0.15889093279838562,
      6.375335693359375,
      8.66774845123291,
      5.228830337524414,
      9.468125343322754,
      5.190784454345703,
      10.132941246032715,
      3.022268295288086,
      11.86276912689209,
      2.593918800354004,
      13.221968650817871,
      1.56082022190094,
      19.656442642211914,
      3.5741381645202637,
      25.27183723449707,
      6.909120559692383,
      49.30910873413086
    ]
  ],
  "covariance_short": [
    [
      25.997434616088867,
      4.842904567718506,
      7.289238452911377,
      3.4088668823242188,
      3.5455219745635986,
      4.642465114593506,
      4.290206432342529,
      4.7553205490112305,
      3.4311270713806152,
      5.790210723876953,
      2.1986281871795654,
      4.969978332519531,
      0.9670255184173584,
      6.662277698516846,
      1.1252305507659912,
      7.8482818603515625,
      3.6443188190460205,
      10.71395492553711
    ],
    [
      4.842904567718506,
      33.0721435546875,
      4.7820515632629395,
      6.547841548919678,
      2.1576995849609375,
      5.28033447265625,
      1.279887318611145,
      5.8689284324646,
      2.266602039337158,
      5.466796398162842,
      -0.9219419360160828,
      3.7089569568634033,
      0.15348029136657715,
      6.051180362701416,
      0.8903581500053406,
      5.0879292488098145,
      -0.8316187858581543,
      4.328249931335449
    ],
    [
      7.289238452911377,
      4.7820515632629395,
      19.623802185058594,
      8.044092178344727,
      8.03184700012207,
      7.970424652099609,
      6.506626129150391,
      7.616485595703125,
      6.731247901916504,
      8.332037925720215,
      6.126901149749756,
      7.9844770431518555,
      4.486588954925537,
      8.380895614624023,
      4.147575855255127,
      8.232004165649414,
      7.329028606414795,
      16.61695098876953
    ],
    [
      3.4088668823242188,
      6.547841548919678,
      8.044092178344727,
      18.701391220092773,
      5.43814754486084,
      8.986660957336426,
      5.543933868408203,
      8.98593807220459,
      5.032366752624512,
      8.911229133605957,
      2.9678235054016113,
      7.519400596618652,
      1.7849748134613037,
      6.73902702331543,
      1.7270160913467407,
      3.804593086242676,
      3.16943359375,
      8.571449279785156
    ],
    [
      3.5455219745635986,
      2.1576995849609375,
      8.03184700012207,
      5.43814754486084,
      24.54590606689453,
      9.823593139648438,
      14.710692405700684,
      9.103635787963867,
      13.88487720489502,
      10.06756591796875,
      12.790656089782715,
      11.104273796081543,
      10.251087188720703,
      10.988627433776855,
      6.809694290161133,
      10.948652267456055,
      10.198506355285645,
      16.194225311279297
    ],
    [
      4.642465114593506,
      5.28033447265625,
      7.970424652099609,
      8.986660957336426,
      9.823593139648438,
      17.87299919128418,
      8.905012130737305,
      12.291218757629395,
      9.205745697021484,
      12.375238418579102,
      6.691350936889648,
      12.092103958129883,
      4.799673557281494,
      11.8927640914917,
      4.552224159240723,
      10.742385864257812,
      6.194512844085693,
      14.211569786071777
    ],
    [
      4.290206432342529,
      1.279887318611145,
      6.506626129150391,
      5.543933868408203,
      14.710692405700684,
      8.905012130737305,
      37.104129791259766,
      14.129892349243164,
      23.790569305419922,
      13.612996101379395,
      16.589893341064453,
      13.598647117614746,
      13.496698379516602,
      14.802428245544434,
      8.178486824035645,
      14.159934997558594,
      12.355721473693848,
      16.652286529541016
    ],
    [
      4.7553205490112305,
      5.8689284324646,
      7.616485595703125,
      8.98593807220459,
      9.103635787963867,
      12.291218757629395,
      14.129892349243164,
      21.087068557739258,
      12.042421340942383,
      15.499755859375,
      9.253241539001465,
      16.107168197631836,
      6.292727947235107,
      15.773330688476562,
      5.126124382019043,
      12.172388076782227,
      7.139760494232178,
      15.903050422668457
    ],
    [
      3.4311270713806152,
      2.266602039337158,
      6.731247901916504,
      5.032366752624512,
      13.88487720489502,
      9.205745697021484,
      23.790569305419922,
      12.042421340942383,
      28.848360061645508,
      15.835891723632812,
      17.39068603515625,
      14.015453338623047,
      15.143837928771973,
      14.762292861938477,
      10.362391471862793,
      12.829081535339355,
      16.956661224365234,
      15.923227310180664
    ],
    [
      5.790210723876953,
      5.466796398162842,
      8.332037925720215,
      8.911229133605957,
      10.06756591796875,
      12.375238418579102,
      13.612996101379395,
      15.499755859375,
      15.835891723632812,
      23.468570709228516,
      10.474111557006836,
      18.521087646484375,
      7.809480667114258,
      17.700883865356445,
      6.510308742523193,
      13.514328002929688,
      10.96529769897461,
      19.939294815063477
    ],
    [
      2.1986281871795654,
      -0.9219419360160828,
      6.126901149749756,
      2.9678235054016113,
      12.790656089782715,
      6.691350936889648,
      16.589893341064453,
      9.253241539001465,
      17.39068603515625,
      10.474111557006836,
      23.501041412353516,
      14.03132152557373,
      17.443496704101562,
      14.63131332397461,
      11.181459426879883,
      14.348312377929688,
      18.39500617980957,
      17.8897705078125
    ],
    [
      4.969978332519531,
      3.7089569568634033,
      7.9844770431518555,
      7.519400596618652,
      11.104273796081543,
      12.092103958129883,
      13.598647117614746,
      16.107168197631836,
      14.015453338623047,
      18.521087646484375,
      14.03132152557373,
      27.84538459777832,
      9.448168754577637,
      26.114124298095703,
      7.474703311920166,
      20.06296730041504,
      12.763754844665527,
      26.48537826538086
    ],
    [
      0.9670255184173584,
      0.15348029136657715,
      4.486588954925537,
      1.7849748134613037,
      10.251087188720703,
      4.799673557281494,
      13.496698379516602,
      6.292727947235107,
      15.143837928771973,
      7.809480667114258,
      17.443496704101562,
      9.448168754577637,
      20.886215209960938,
      12.088579177856445,
      14.996831893920898,
      14.008484840393066,
      20.12424659729004,
      17.102428436279297
    ],
    [
      6.662277698516846,
      6.051180362701416,
      8.380895614624023,
      6.73902702331543,
      10.988627433776855,
      11.8927640914917,
      14.802428245544434,
      15.773330688476562,
      14.762292861938477,
      17.700883865356445,
      14.63131332397461,
      26.114124298095703,
      12.088579177856445,
      39.182151794433594,
      10.18487548828125,
      35.0423698425293,
      15.499601364135742,
      38.17824935913086
    ],
    [
      1.1252305507659912,
      0.8903581500053406,
      4.147575855255127,
      1.7270160913467407,
      6.809694290161133,
      4.552224159240723,
      8.178486824035645,
      5.126124382019043,
      10.362391471862793,
      6.510308742523193,
      11.181459426879883,
      7.474703311920166,
      14.996831893920898,
      10.18487548828125,
      20.502304077148438,
      15.266908645629883,
      27.177085876464844,
      18.109786987304688
    ],
    [
      7.8482818603515625,
      5.0879292488098145,
      8.232004165649414,
      3.804593086242676,
      10.948652267456055,
      10.742385864257812,
      14.159934997558594,
      12.172388076782227,
      12.829081535339355,
      13.514328002929688,
      14.348312377929688,
      20.06296730041504,
      14.008484840393066,
      35.0423698425293,
      15.266908645629883,
      59.052490234375,
      21.753633499145508,
      58.17552947998047
    ],
    [
      3.6443188190460205,
      -0.8316187858581543,
      7.329028606414795,
      3.16943359375,
      10.198506355285645,
      6.194512844085693,
      12.355721473693848,
      7.139760494232178,
      16.956661224365234,
      10.96529769897461,
      18.39500617980957,
      12.763754844665527,
      20.12424659729004,
      15.499601364135742,
      27.177085876464844,
      21.753633499145508,
      56.047725677490234,
      34.943912506103516
    ],
    [
      10.71395492553711,
      4.328249931335449,
      16.61695098876953,
      8.571449279785156,
      16.194225311279297,
      14.211569786071777,
      16.652286529541016,
      15.903050422668457,
      15.923227310180664,
      19.939294815063477,
      17.8897705078125,
      26.48537826538086,
      17.102428436279297,
      38.17824935913086,
      18.109786987304688,
      58.17552947998047,
      34.943912506103516,
      108.03378295898438
    ]
  ],
  "damage": -10.815251350402832,
  "diff_bandwidth": 650.72802734375,
  "dissonance": 9.802855784207368,
  "drr": 15.806461334228516,
  "dynamics": 2.1001498699188232,
  "format": 1245190,
  "frames": 9201600,
  "loudness": -14.009340286254883,
  "loudness_range": 4.474422454833984,
  "loudness_range_short": 7.247500419616699,
  "lowpass_true_peak_15khz": 0.014503699727356434,
  "mastering3_acoustic_entropies": [
    {
      "acoustic_entropy": 6.704844951629639,
      "acoustic_entropy_mono": 6.603186130523682,
      "band_eliminated_acoustic_entropies": [
        {
          "acoustic_entropy": 6.900023460388184,
          "acoustic_entropy_side": 6.704865455627441,
          "hz": 129.47220167065723
        },
        {
          "acoustic_entropy": 6.937932968139648,
          "acoustic_entropy_side": 6.704280853271484,
          "hz": 202.92927478742237
        },
        {
          "acoustic_entropy": 6.925844192504883,
          "acoustic_entropy_side": 6.709531784057617,
          "hz": 282.89161906338205
        },
        {
          "acoustic_entropy": 6.676360607147217,
          "acoustic_entropy_side": 6.700945854187012,
          "hz": 369.9353335868758
        },
        {
          "acoustic_entropy": 6.902222633361816,
          "acoustic_entropy_side": 6.675933837890625,
          "hz": 464.6875360973435
        },
        {
          "acoustic_entropy": 6.467940807342529,
          "acoustic_entropy_side": 6.704357624053955,
          "hz": 567.8308811364784
        },
        {
          "acoustic_entropy": 6.611503601074219,
          "acoustic_entropy_side": 6.672480583190918,
          "hz": 680.1084783214808
        },
        {
          "acoustic_entropy": 7.376315116882324,
          "acoustic_entropy_side": 6.772495746612549,
          "hz": 802.3292461747484
        },
        {
          "acoustic_entropy": 6.313425540924072,
          "acoustic_entropy_side": 6.857547283172607,
          "hz": 935.3737400823702
        },
        {
          "acoustic_entropy": 6.7521491050720215,
          "acoustic_entropy_side": 6.806242942810059,
          "hz": 1080.2004963696966
        },
        {
          "acoustic_entropy": 6.200567722320557,
          "acoustic_entropy_side": 6.7353515625,
          "hz": 1237.8529382007157
        },
        {
          "acoustic_entropy": 7.010905742645264,
          "acoustic_entropy_side": 6.729579448699951,
          "hz": 1409.4668930556702
        },
        {
          "acoustic_entropy": 6.926834583282471,
          "acoustic_entropy_side": 6.799869060516357,
          "hz": 1596.2787759475705
        },
        {
          "acoustic_entropy": 6.816595077514648,
          "acoustic_entropy_side": 6.73306131362915,
          "hz": 1799.6344973346393
        },
        {
          "acoustic_entropy": 6.627856731414795,
          "acoustic_entropy_side": 6.744049072265625,
          "hz": 2020.9991599069049
        },
        {
          "acoustic_entropy": 7.133518695831299,
          "acoustic_entropy_side": 6.9478535652160645,
          "hz": 2261.9676141086993
        },
        {
          "acoustic_entropy": 6.678647518157959,
          "acoustic_entropy_side": 6.727884292602539,
          "hz": 2524.2759484456974
        },
        {
          "acoustic_entropy": 7.143669605255127,
          "acoustic_entropy_side": 6.7561163902282715,
          "hz": 2809.813997359896
        },
        {
          "acoustic_entropy": 6.704756259918213,
          "acoustic_entropy_side": 6.773716449737549,
          "hz": 3120.6389567871424
        },
        {
          "acoustic_entropy": 6.843647003173828,
          "acoustic_entropy_side": 6.895927906036377,
          "hz": 3458.990205492291
        },
        {
          "acoustic_entropy": 6.89445161819458,
          "acoustic_entropy_side": 6.7606611251831055,
          "hz": 3827.305438964164
        },
        {
          "acoustic_entropy": 6.670919895172119,
          "acoustic_entropy_side": 6.751622200012207,
          "hz": 4228.238232109126
        },
        {
          "acoustic_entropy": 6.62852144241333,
          "acoustic_entropy_side": 6.712122440338135,
          "hz": 4664.6771572759235
        },
        {
          "acoustic_entropy": 6.505092620849609,
          "acoustic_entropy_side": 6.671639919281006,
          "hz": 5139.766595350093
        },
        {
          "acoustic_entropy": 6.9100494384765625,
          "acoustic_entropy_side": 6.69033145904541,
          "hz": 5656.929389854203
        },
        {
          "acoustic_entropy": 6.950753211975098,
          "acoustic_entropy_side": 6.673769950866699,
          "hz": 6219.891507268283
        },
        {
          "acoustic_entropy": 6.835089206695557,
          "acoustic_entropy_side": 6.657055377960205,
          "hz": 6832.70888123896
        },
        {
          "acoustic_entropy": 6.898804664611816,
          "acoustic_entropy_side": 6.695565223693848,
          "hz": 7499.796634079867
        },
        {
          "acoustic_entropy": 6.8539958000183105,
          "acoustic_entropy_side": 6.702049255371094,
          "hz": 8225.96088609342
        },
        {
          "acoustic_entropy": 6.720521450042725,
          "acoustic_entropy_side": 6.703826427459717,
          "hz": 9016.43338188839
        },
        {
          "acoustic_entropy": 6.519933223724365,
          "acoustic_entropy_side": 6.702298641204834,
          "hz": 9876.909183162974
        },
        {
          "acoustic_entropy": 6.772702217102051,
          "acoustic_entropy_side": 6.70039701461792,
          "hz": 10813.587699516042
        },
        {
          "acoustic_entropy": 6.971732139587402,
          "acoustic_entropy_side": 6.700672149658203,
          "hz": 11833.21735289826
        },
        {
          "acoustic_entropy": 7.045031547546387,
          "acoustic_entropy_side": 6.70099401473999,
          "hz": 12943.144197493959
        },
        {
          "acoustic_entropy": 7.016905307769775,
          "acoustic_entropy_side": 6.702770709991455,
          "hz": 14151.364845322005
        },
        {
          "acoustic_entropy": 6.630534648895264,
          "acoustic_entropy_side": 6.704406261444092,
          "hz": 15466.58407886509
        },
        {
          "acoustic_entropy": 6.632779121398926,
          "acoustic_entropy_side": 6.70479679107666,
          "hz": 16898.27756580493
        },
        {
          "acoustic_entropy": 6.691910743713379,
          "acoustic_entropy_side": 6.704797744750977,
          "hz": 18456.760127700032
        },
        {
          "acoustic_entropy": 6.7015604972839355,
          "acoustic_entropy_side": 6.704800128936768,
          "hz": 20153.260054456492
        },
        {
          "acoustic_entropy": 6.703730583190918,
          "acoustic_entropy_side": 6.704843044281006,
          "hz": 22000.00000000001
        }
      ],
      "diff_acoustic_entropy": 5.680771827697754,
      "sn": 6
    },
    {
      "acoustic_entropy": 11.526150703430176,
      "acoustic_entropy_mono": 10.833544731140137,
      "band_eliminated_acoustic_entropies": [
        {
          "acoustic_entropy": 10.856584548950195,
          "acoustic_entropy_side": 11.526071548461914,
          "hz": 129.47220167065723
        },
        {
          "acoustic_entropy": 12.091117858886719,
          "acoustic_entropy_side": 11.523100852966309,
          "hz": 202.92927478742237
        },
        {
          "acoustic_entropy": 11.472315788269043,
          "acoustic_entropy_side": 11.414382934570312,
          "hz": 282.89161906338205
        },
        {
          "acoustic_entropy": 11.26498794555664,
          "acoustic_entropy_side": 11.435394287109375,
          "hz": 369.9353335868758
        },
        {
          "acoustic_entropy": 11.17572021484375,
          "acoustic_entropy_side": 11.276570320129395,
          "hz": 464.6875360973435
        },
        {
          "acoustic_entropy": 11.24101734161377,
          "acoustic_entropy_side": 11.52459716796875,
          "hz": 567.8308811364784
        },
        {
          "acoustic_entropy": 10.574822425842285,
          "acoustic_entropy_side": 11.46569538116455,
          "hz": 680.1084783214808
        },
        {
          "acoustic_entropy": 10.67490005493164,
          "acoustic_entropy_side": 11.41651725769043,
          "hz": 802.3292461747484
        },
        {
          "acoustic_entropy": 10.696928024291992,
          "acoustic_entropy_side": 11.580222129821777,
          "hz": 935.3737400823702
        },
        {
          "acoustic_entropy": 10.7560453414917,
          "acoustic_entropy_side": 11.673415184020996,
          "hz": 1080.2004963696966
        },
        {
          "acoustic_entropy": 11.98804759979248,
          "acoustic_entropy_side": 11.773721694946289,
          "hz": 1237.8529382007157
        },
        {
          "acoustic_entropy": 10.874237060546875,
          "acoustic_entropy_side": 11.44287395477295,
          "hz": 1409.4668930556702
        },
        {
          "acoustic_entropy": 11.24366283416748,
          "acoustic_entropy_side": 11.37490463256836,
          "hz": 1596.2787759475705
        },
        {
          "acoustic_entropy": 11.302081108093262,
          "acoustic_entropy_side": 11.534180641174316,
          "hz": 1799.6344973346393
        },
        {
          "acoustic_entropy": 12.0001802444458,
          "acoustic_entropy_side": 11.971214294433594,
          "hz": 2020.9991599069049
        },
        {
          "acoustic_entropy": 11.617620468139648,
          "acoustic_entropy_side": 12.011494636535645,
          "hz": 2261.9676141086993
        },
        {
          "acoustic_entropy": 11.573728561401367,
          "acoustic_entropy_side": 11.798751831054688,
          "hz": 2524.2759484456974
        },
        {
          "acoustic_entropy": 11.348245620727539,
          "acoustic_entropy_side": 11.522111892700195,
          "hz": 2809.813997359896
        },
        {
          "acoustic_entropy": 11.592577934265137,
          "acoustic_entropy_side": 11.438002586364746,
          "hz": 3120.6389567871424
        },
        {
          "acoustic_entropy": 11.426372528076172,
          "acoustic_entropy_side": 11.678230285644531,
          "hz": 3458.990205492291
        },
        {
          "acoustic_entropy": 12.135981559753418,
          "acoustic_entropy_side": 11.74213695526123,
          "hz": 3827.305438964164
        },
        {
          "acoustic_entropy": 11.425132751464844,
          "acoustic_entropy_side": 11.37316608428955,
          "hz": 4228.238232109126
        },
        {
          "acoustic_entropy": 11.881098747253418,
          "acoustic_entropy_side": 11.85643482208252,
          "hz": 4664.6771572759235
        },
        {
          "acoustic_entropy": 11.699211120605469,
          "acoustic_entropy_side": 11.486124992370605,
          "hz": 5139.766595350093
        },
        {
          "acoustic_entropy": 11.753016471862793,
          "acoustic_entropy_side": 11.391657829284668,
          "hz": 5656.929389854203
        },
        {
          "acoustic_entropy": 11.606425285339355,
          "acoustic_entropy_side": 11.497159004211426,
          "hz": 6219.891507268283
        },
        {
          "acoustic_entropy": 11.188455581665039,
          "acoustic_entropy_side": 11.3178071975708,
          "hz": 6832.70888123896
        },
        {
          "acoustic_entropy": 11.326127052307129,
          "acoustic_entropy_side": 11.37758731842041,
          "hz": 7499.796634079867
        },
        {
          "acoustic_entropy": 11.416146278381348,
          "acoustic_entropy_side": 11.504688262939453,
          "hz": 8225.96088609342
        },
        {
          "acoustic_entropy": 11.431440353393555,
          "acoustic_entropy_side": 11.48034954071045,
          "hz": 9016.43338188839
        },
        {
          "acoustic_entropy": 11.433645248413086,
          "acoustic_entropy_side": 11.465631484985352,
          "hz": 9876.909183162974
        },
        {
          "acoustic_entropy": 11.53104305267334,
          "acoustic_entropy_side": 11.516347885131836,
          "hz": 10813.587699516042
        },
        {
          "acoustic_entropy": 11.540651321411133,
          "acoustic_entropy_side": 11.513221740722656,
          "hz": 11833.21735289826
        },
        {
          "acoustic_entropy": 11.305103302001953,
          "acoustic_entropy_side": 11.512277603149414,
          "hz": 12943.144197493959
        },
        {
          "acoustic_entropy": 11.338953971862793,
          "acoustic_entropy_side": 11.505062103271484,
          "hz": 14151.364845322005
        },
        {
          "acoustic_entropy": 11.491130828857422,
          "acoustic_entropy_side": 11.51193618774414,
          "hz": 15466.58407886509
        },
        {
          "acoustic_entropy": 11.634758949279785,
          "acoustic_entropy_side": 11.516349792480469,
          "hz": 16898.27756580493
        },
        {
          "acoustic_entropy": 11.626856803894043,
          "acoustic_entropy_side": 11.521736145019531,
          "hz": 18456.760127700032
        },
        {
          "acoustic_entropy": 11.552021026611328,
          "acoustic_entropy_side": 11.523669242858887,
          "hz": 20153.260054456492
        },
        {
          "acoustic_entropy": 11.558805465698242,
          "acoustic_entropy_side": 11.52591609954834,
          "hz": 22000.00000000001
        }
      ],
      "diff_acoustic_entropy": 10.131547927856445,
      "sn": 12
    },
    {
      "acoustic_entropy": 16.161334991455078,
      "acoustic_entropy_mono": 13.886220932006836,
      "band_eliminated_acoustic_entropies": [
        {
          "acoustic_entropy": 15.771636009216309,
          "acoustic_entropy_side": 16.15545082092285,
          "hz": 129.47220167065723
        },
        {
          "acoustic_entropy": 16.583696365356445,
          "acoustic_entropy_side": 16.013526916503906,
          "hz": 202.92927478742237
        },
        {
          "acoustic_entropy": 16.26479148864746,
          "acoustic_entropy_side": 16.007305145263672,
          "hz": 282.89161906338205
        },
        {
          "acoustic_entropy": 16.146434783935547,
          "acoustic_entropy_side": 16.007286071777344,
          "hz": 369.9353335868758
        },
        {
          "acoustic_entropy": 16.403200149536133,
          "acoustic_entropy_side": 16.15076446533203,
          "hz": 464.6875360973435
        },
        {
          "acoustic_entropy": 15.237946510314941,
          "acoustic_entropy_side": 15.912296295166016,
          "hz": 567.8308811364784
        },
        {
          "acoustic_entropy": 16.30864143371582,
          "acoustic_entropy_side": 16.018966674804688,
          "hz": 680.1084783214808
        },
        {
          "acoustic_entropy": 15.773531913757324,
          "acoustic_entropy_side": 15.919046401977539,
          "hz": 802.3292461747484
        },
        {
          "acoustic_entropy": 15.773361206054688,
          "acoustic_entropy_side": 16.00202751159668,
          "hz": 935.3737400823702
        },
        {
          "acoustic_entropy": 15.34903335571289,
          "acoustic_entropy_side": 15.053605079650879,
          "hz": 1080.2004963696966
        },
        {
          "acoustic_entropy": 14.950089454650879,
          "acoustic_entropy_side": 16.07516860961914,
          "hz": 1237.8529382007157
        },
        {
          "acoustic_entropy": 15.363648414611816,
          "acoustic_entropy_side": 15.403121948242188,
          "hz": 1409.4668930556702
        },
        {
          "acoustic_entropy": 16.209169387817383,
          "acoustic_entropy_side": 14.931489944458008,
          "hz": 1596.2787759475705
        },
        {
          "acoustic_entropy": 14.768295288085938,
          "acoustic_entropy_side": 15.416936874389648,
          "hz": 1799.6344973346393
        },
        {
          "acoustic_entropy": 15.360931396484375,
          "acoustic_entropy_side": 15.975557327270508,
          "hz": 2020.9991599069049
        },
        {
          "acoustic_entropy": 15.118224143981934,
          "acoustic_entropy_side": 15.782768249511719,
          "hz": 2261.9676141086993
        },
        {
          "acoustic_entropy": 15.741679191589355,
          "acoustic_entropy_side": 15.874646186828613,
          "hz": 2524.2759484456974
        },
        {
          "acoustic_entropy": 15.90681266784668,
          "acoustic_entropy_side": 15.936150550842285,
          "hz": 2809.813997359896
        },
        {
          "acoustic_entropy": 15.541176795959473,
          "acoustic_entropy_side": 15.318912506103516,
          "hz": 3120.6389567871424
