{
  "acoustic_entropy": 217.9033660888672,
  "bands": [
    {
      "high_freq": 148.1999969482422,
      "loudness": -36.53057098388672,
      "loudness_range": 25.64076042175293,
      "mid_mean": -33.970619201660156,
      "mid_to_side_loudness": -7.274934768676758,
      "mid_to_side_loudness_range": 15.534747123718262,
      "side_mean": -42.34846115112305
    },
    {
      "high_freq": 392.3793640136719,
      "loudness": -30.29561424255371,
      "loudness_range": 16.667926788330078,
      "low_freq": 148.1999969482422,
      "mid_mean": -27.47850227355957,
      "mid_to_side_loudness": -10.072016716003418,
      "mid_to_side_loudness_range": 19.468080520629883,
      "side_mean": -36.442203521728516
    },
    {
      "high_freq": 794.6976318359375,
      "loudness": -30.000436782836914,
      "loudness_range": 18.53183364868164,
      "low_freq": 392.3793640136719,
      "mid_mean": -27.261642456054688,
      "mid_to_side_loudness": -9.687078475952148,
      "mid_to_side_loudness_range": 21.553936004638672,
      "side_mean": -34.97991943359375
    },
    {
      "high_freq": 1457.5709228515625,
      "loudness": -31.393381118774414,
      "loudness_range": 21.017108917236328,
      "low_freq": 794.6976318359375,
      "mid_mean": -28.443984985351562,
      "mid_to_side_loudness": -10.80585765838623,
      "mid_to_side_loudness_range": 22.19422721862793,
      "side_mean": -37.96807098388672
    },
    {
      "high_freq": 2549.74365234375,
      "loudness": -32.33647155761719,
      "loudness_range": 24.276832580566406,
      "low_freq": 1457.5709228515625,
      "mid_mean": -29.655786514282227,
      "mid_to_side_loudness": -9.922958374023438,
      "mid_to_side_loudness_range": 21.47252082824707,
      "side_mean": -39.585384368896484
    },
    {
      "high_freq": 4349.24462890625,
      "loudness": -33.179405212402344,
      "loudness_range": 25.063133239746094,
      "low_freq": 2549.74365234375,
      "mid_mean": -30.104618072509766,
      "mid_to_side_loudness": -10.487546920776367,
      "mid_to_side_loudness_range": 20.893157958984375,
      "side_mean": -41.1695442199707
    },
    {
      "high_freq": 7314.1640625,
      "loudness": -40.98936080932617,
      "loudness_range": 14.246063232421875,
      "low_freq": 4349.24462890625,
      "mid_mean": -37.770206451416016,
      "mid_to_side_loudness": -11.08726692199707,
      "mid_to_side_loudness_range": 17.833087921142578,
      "side_mean": -50.988216400146484
    },
    {
      "high_freq": 12199.2666015625,
      "loudness": -49.09319305419922,
      "loudness_range": 13.851959228515625,
      "low_freq": 7314.1640625,
      "mid_mean": -45.724571228027344,
      "mid_to_side_loudness": -13.466336250305176,
      "mid_to_side_loudness_range": 20.386411666870117,
      "side_mean": -59.483516693115234
    },
    {
      "loudness": -64.88921356201172,
      "loudness_range": 18.294986724853516,
      "low_freq": 12199.2666015625,
      "mid_mean": -60.568172454833984,
      "mid_to_side_loudness": -10.913022994995117,
      "mid_to_side_loudness_range": 15.100887298583984,
      "side_mean": -67.4882583618164
    }
  ],
  "bands_short": [
    {
      "high_freq": 148.1999969482422,
      "loudness": -41.53801345825195,
      "loudness_range": 30.822153091430664,
      "mid_mean": -40.2599983215332,
      "mid_to_side_loudness": -6.720101833343506,
      "mid_to_side_loudness_range": 19.083675384521484,
      "side_mean": -50.289878845214844
    },
    {
      "high_freq": 392.3793640136719,
      "loudness": -30.63983726501465,
      "loudness_range": 19.00873374938965,
      "low_freq": 148.1999969482422,
      "mid_mean": -28.025510787963867,
      "mid_to_side_loudness": -8.952241897583008,
      "mid_to_side_loudness_range": 18.782873153686523,
      "side_mean": -35.98546600341797
    },
    {
      "high_freq": 794.6976318359375,
      "loudness": -30.228818893432617,
      "loudness_range": 19.568260192871094,
      "low_freq": 392.3793640136719,
      "mid_mean": -27.637428283691406,
      "mid_to_side_loudness": -9.047266960144043,
      "mid_to_side_loudness_range": 20.58106803894043,
      "side_mean": -35.513099670410156
    },
    {
      "high_freq": 1457.5709228515625,
      "loudness": -32.07249069213867,
      "loudness_range": 22.55133819580078,
      "low_freq": 794.6976318359375,
      "mid_mean": -29.35212516784668,
      "mid_to_side_loudness": -9.900796890258789,
      "mid_to_side_loudness_range": 20.9029541015625,
      "side_mean": -38.03733444213867
    },
    {
      "high_freq": 2549.74365234375,
      "loudness": -33.10915756225586,
      "loudness_range": 26.522472381591797,
      "low_freq": 1457.5709228515625,
      "mid_mean": -30.666786193847656,
      "mid_to_side_loudness": -9.124750137329102,
      "mid_to_side_loudness_range": 21.16704559326172,
      "side_mean": -39.83374786376953
    },
    {
      "high_freq": 4349.24462890625,
      "loudness": -34.35507583618164,
      "loudness_range": 28.32583236694336,
      "low_freq": 2549.74365234375,
      "mid_mean": -31.609094619750977,
      "mid_to_side_loudness": -9.194023132324219,
      "mid_to_side_loudness_range": 20.177570343017578,
      "side_mean": -41.16872787475586
    },
    {
      "high_freq": 7314.1640625,
      "loudness": -43.370479583740234,
      "loudness_range": 23.73980712890625,
      "low_freq": 4349.24462890625,
      "mid_mean": -40.7414665222168,
      "mid_to_side_loudness": -8.860878944396973,
      "mid_to_side_loudness_range": 19.91480255126953,
      "side_mean": -52.97105407714844
    },
    {
      "high_freq": 12199.2666015625,
      "loudness": -52.94647216796875,
      "loudness_range": 26.381946563720703,
      "low_freq": 7314.1640625,
      "mid_mean": -52.11829376220703,
      "mid_to_side_loudness": -9.713356971740723,
      "mid_to_side_loudness_range": 22.403661727905273,
      "side_mean": -61.24027633666992
    },
    {
      "loudness": -66.59581756591797,
      "loudness_range": 23.146236419677734,
      "low_freq": 12199.2666015625,
      "mid_mean": -61.71192169189453,
      "mid_to_side_loudness": -9.024316787719727,
      "mid_to_side_loudness_range": 16.456573486328125,
      "side_mean": -67.76994323730469
    }
  ],
  "bandwidth": 856.81591796875,
  "channels": 2,
  "covariance": [
    [
      74.96771240234375,
      77.59345245361328,
      27.205060958862305,
      39.69953918457031,
      25.413673400878906,
      28.21314239501953,
      24.541860580444336,
      31.718368530273438,
      25.339914321899414,
      38.158695220947266,
      20.254518508911133,
      32.26849365234375,
      9.694197654724121,
      19.801860809326172,
      5.571884632110596,
      14.872635841369629,
      0.34011414647102356,
      5.2648396492004395
    ],
    [
      77.59345245361328,
      123.98981475830078,
      32.69804763793945,
      61.75946807861328,
      34.920475006103516,
      42.78794860839844,
      35.180233001708984,
      52.799503326416016,
      37.05015563964844,
      71.34612274169922,
      32.72859191894531,
      61.533809661865234,
      14.723331451416016,
      33.33235168457031,
      9.850481986999512,
      26.457082748413086,
      0.8584091663360596,
      7.9723687171936035
    ],
    [
      27.205060958862305,
      32.69804763793945,
      37.28209686279297,
      34.10276794433594,
      26.22403907775879,
      26.346906661987305,
      26.17017364501953,
      30.722673416137695,
      28.750938415527344,
      39.71180725097656,
      27.27164649963379,
      36.06123733520508,
      14.782337188720703,
      30.273239135742188,
      10.782377243041992,
      20.134742736816406,
      7.96442174911499,
      5.365957736968994
    ],
    [
      39.69953918457031,
      61.75946807861328,
      34.10276794433594,
      74.97434997558594,
      34.05766677856445,
      49.036460876464844,
      35.356815338134766,
      57.543643951416016,
      39.5810546875,
      78.65192413330078,
      35.18572998046875,
      68.8565673828125,
      14.944258689880371,
      41.14961624145508,
      11.999082565307617,
      30.3474178314209,
      14.346238136291504,
      10.55324935913086
    ],
    [
      25.413673400878906,
      34.920475006103516,
      26.22403907775879,
      34.05766677856445,
      47.12028121948242,
      30.586076736450195,
      37.54838943481445,
      40.684165954589844,
      36.502376556396484,
      53.665279388427734,
      30.068883895874023,
      47.45640182495117,
      16.548389434814453,
      37.48842239379883,
      12.944024085998535,
      25.1297550201416,
      11.333626747131348,
      7.240624904632568
    ],
    [
      28.21314239501953,
      42.78794860839844,
      26.346906661987305,
      49.036460876464844,
      30.586076736450195,
      71.67813110351562,
      27.081336975097656,
      56.66550064086914,
      31.788822174072266,
      69.4299545288086,
      28.466861724853516,
      61.4486198425293,
      12.025463104248047,
      46.20180892944336,
      10.123387336730957,
      32.287635803222656,
      16.491161346435547,
      10.897794723510742
    ],
    [
      24.541860580444336,
      35.180233001708984,
      26.17017364501953,
      35.356815338134766,
      37.54838943481445,
      27.081336975097656,
      60.33741760253906,
      44.73153305053711,
      56.8034782409668,
      64.78898620605469,
      46.79414749145508,
      59.8968505859375,
      25.191936492919922,
      43.42938232421875,
      21.032800674438477,
      31.87761878967285,
      18.22595977783203,
      9.847701072692871
    ],
    [
      31.718368530273438,
      52.799503326416016,
      30.722673416137695,
      57.543643951416016,
      40.684165954589844,
      56.66550064086914,
      44.73153305053711,
      86.55137634277344,
      47.77154541015625,
      93.33090209960938,
      45.78028869628906,
      82.8625259399414,
      20.522293090820312,
      56.59126281738281,
      15.823174476623535,
      41.514923095703125,
      17.969928741455078,
      12.91127872467041
    ],
    [
      25.339914321899414,
      37.05015563964844,
      28.750938415527344,
      39.5810546875,
      36.502376556396484,
      31.788822174072266,
      56.8034782409668,
      47.77154541015625,
      80.24789428710938,
      82.13721466064453,
      59.20829391479492,
      74.31436920166016,
      31.185571670532227,
      47.20444107055664,
      26.355045318603516,
      36.60658264160156,
      23.476131439208984,
      11.785008430480957
    ],
    [
      38.158695220947266,
      71.34612274169922,
      39.71180725097656,
      78.65192413330078,
      53.665279388427734,
      69.4299545288086,
      64.78898620605469,
      93.33090209960938,
      82.13721466064453,
      154.43734741210938,
      72.90518188476562,
      131.12246704101562,
      33.896392822265625,
      84.61375427246094,
      27.76996421813965,
      63.98313903808594,
      26.049470901489258,
      19.844179153442383
    ],
    [
      20.254518508911133,
      32.72859191894531,
      27.27164649963379,
      35.18572998046875,
      30.068883895874023,
      28.466861724853516,
      46.79414749145508,
      45.78028869628906,
      59.20829391479492,
      72.90518188476562,
      73.30408477783203,
      71.21138763427734,
      34.157630920410156,
      49.61652374267578,
      29.89725112915039,
      40.460323333740234,
      21.988529205322266,
      12.903792381286621
    ],
    [
      32.26849365234375,
      61.533809661865234,
      36.06123733520508,
      68.8565673828125,
      47.45640182495117,
      61.4486198425293,
      59.8968505859375,
      82.8625259399414,
      74.31436920166016,
      131.12246704101562,
      71.21138763427734,
      128.759765625,
      34.60190200805664,
      81.91297149658203,
      29.191831588745117,
      64.19721984863281,
      26.303421020507812,
      20.150657653808594
    ],
    [
      9.694197654724121,
      14.723331451416016,
      14.782337188720703,
      14.944258689880371,
      16.548389434814453,
      12.025463104248047,
      25.191936492919922,
      20.522293090820312,
      31.185571670532227,
      33.896392822265625,
      34.157630920410156,
      34.60190200805664,
      27.76299285888672,
      31.23359489440918,
      22.28546905517578,
      24.93802261352539,
      14.029969215393066,
      7.650320053100586
    ],
    [
      19.801860809326172,
      33.33235168457031,
      30.273239135742188,
      41.14961624145508,
      37.48842239379883,
      46.20180892944336,
      43.42938232421875,
      56.59126281738281,
      47.20444107055664,
      84.61375427246094,
      49.61652374267578,
      81.91297149658203,
      31.23359489440918,
      91.69252014160156,
      26.615280151367188,
      63.71346664428711,
      26.687786102294922,
      17.827774047851562
    ],
    [
      5.571884632110596,
      9.850481986999512,
      10.782377243041992,
      11.999082565307617,
      12.944024085998535,
      10.123387336730957,
      21.032800674438477,
      15.823174476623535,
      26.355045318603516,
      27.76996421813965,
      29.89725112915039,
      29.191831588745117,
      22.28546905517578,
      26.615280151367188,
      24.706920623779297,
      24.768537521362305,
      19.346323013305664,
      8.749361991882324
    ],
    [
      14.872635841369629,
      26.457082748413086,
      20.134742736816406,
      30.3474178314209,
      25.1297550201416,
      32.287635803222656,
      31.87761878967285,
      41.514923095703125,
      36.60658264160156,
      63.98313903808594,
      40.460323333740234,
      64.19721984863281,
      24.93802261352539,
      63.71346664428711,
      24.768537521362305,
      53.19000244140625,
      22.5828800201416,
      16.639347076416016
    ],
    [
      0.34011414647102356,
      0.8584091663360596,
      7.96442174911499,
      14.346238136291504,
      11.333626747131348,
      16.491161346435547,
      18.22595977783203,
      17.969928741455078,
      23.476131439208984,
      26.049470901489258,
      21.988529205322266,
      26.303421020507812,
      14.029969215393066,
      26.687786102294922,
      19.346323013305664,
      22.5828800201416,
      34.538997650146484,
      12.067886352539062
    ],
    [
      5.2648396492004395,
      7.9723687171936035,
      5.365957736968994,
      10.55324935913086,
      7.240624904632568,
      10.897794723510742,
      9.847701072692871,
      12.91127872467041,
      11.785008430480957,
      19.844179153442383,
      12.903792381286621,
      20.150657653808594,
      7.650320053100586,
      17.827774047851562,
      8.749361991882324,
      16.639347076416016,
      12.067886352539062,
      9.884419441223145
    ]
  ],
  "covariance_short": [
    [
      123.47967529296875,
      115.64380645751953,
      40.67790985107422,
      54.408729553222656,
      29.629384994506836,
      40.96501541137695,
      35.240013122558594,
      43.583255767822266,
      36.38449478149414,
      51.6423225402832,
      33.9845085144043,
      47.64945983886719,
      22.784204483032227,
      40.080501556396484,
      13.598845481872559,
      26.34836196899414,
      5.9866485595703125,
      6.865126609802246
    ],
    [
      115.64380645751953,
      173.6465301513672,
      49.72859191894531,
      77.18997192382812,
      41.580299377441406,
      59.7845344543457,
      49.71115493774414,
      65.62374114990234,
      50.635101318359375,
      82.64990234375,
      50.76311492919922,
      76.23750305175781,
      32.9705696105957,
      73.35629272460938,
      26.823904037475586,
      46.363704681396484,
      11.05424976348877,
      10.25355339050293
    ],
    [
      40.67790985107422,
      49.72859191894531,
      49.555572509765625,
      40.07807922363281,
      30.016386032104492,
      31.6387882232666,
      29.2451171875,
      32.46432876586914,
      30.250150680541992,
      39.25846862792969,
      32.24441909790039,
      36.634178161621094,
      21.98786163330078,
      33.65296936035156,
      22.764604568481445,
      20.77454948425293,
      7.571276664733887,
      4.689935207366943
    ],
    [
      54.408729553222656,
      77.18997192382812,
      40.07807922363281,
      76.59648895263672,
      30.72265625,
      50.87129592895508,
      35.115333557128906,
      51.53812026977539,
      38.688087463378906,
      65.85196685791016,
      39.01311111450195,
      60.19834518432617,
      21.60386848449707,
      47.43837356567383,
      20.157779693603516,
      31.382164001464844,
      12.344634056091309,
      7.5909504890441895
    ],
    [
      29.629384994506836,
      41.580299377441406,
      30.016386032104492,
      30.72265625,
      53.241756439208984,
      37.97935485839844,
      39.48785400390625,
      40.17818832397461,
      41.35902404785156,
      50.979496002197266,
      39.626163482666016,
      46.42995834350586,
      28.656810760498047,
      42.56843566894531,
      32.227352142333984,
      26.54397964477539,
      12.469165802001953,
      6.081923961639404
    ],
    [
      40.96501541137695,
      59.7845344543457,
      31.6387882232666,
      50.87129592895508,
      37.97935485839844,
      77.31304931640625,
      33.0250358581543,
      58.524818420410156,
      37.612892150878906,
      70.30187225341797,
      37.63319778442383,
      65.04521179199219,
      20.960830688476562,
      54.714324951171875,
      23.687664031982422,
      34.552608489990234,
      17.48087501525879,
      8.83417797088623
    ],
    [
      35.240013122558594,
      49.71115493774414,
      29.2451171875,
      35.115333557128906,
      39.48785400390625,
      33.0250358581543,
      70.65840148925781,
      49.031314849853516,
      65.16915893554688,
      66.9828109741211,
      59.420753479003906,
      63.68666076660156,
      42.320430755615234,
      53.62022399902344,
      42.82932662963867,
      35.504539489746094,
      20.98841094970703,
      8.496005058288574
    ],
    [
      43.583255767822266,
      65.62374114990234,
      32.46432876586914,
      51.53812026977539,
      40.17818832397461,
      58.524818420410156,
      49.031314849853516,
      87.21763610839844,
      50.4046630859375,
      89.2033920288086,
      52.58080291748047,
      81.88802337646484,
      31.4384822845459,
      67.86947631835938,
      33.318267822265625,
      44.41141891479492,
      18.11996841430664,
      10.437110900878906
    ],
    [
      36.38449478149414,
      50.635101318359375,
      30.250150680541992,
      38.688087463378906,
      41.35902404785156,
      37.612892150878906,
      65.16915893554688,
      50.4046630859375,
      97.64237976074219,
      90.11848449707031,
      77.63536071777344,
      80.93717193603516,
      55.08596420288086,
      63.66373825073242,
      53.61248779296875,
      43.53399658203125,
      26.87425422668457,
      10.317472457885742
    ],
    [
      51.6423225402832,
      82.64990234375,
      39.25846862792969,
      65.85196685791016,
      50.979496002197266,
      70.30187225341797,
      66.9828109741211,
      89.2033920288086,
      90.11848449707031,
      153.65940856933594,
      85.04078674316406,
      130.0714569091797,
      50.663124084472656,
      98.27989196777344,
      48.79949951171875,
      66.78269958496094,
      25.603384017944336,
      15.42605972290039
    ],
    [
      33.9845085144043,
      50.76311492919922,
      32.24441909790039,
      39.01311111450195,
      39.626163482666016,
      37.63319778442383,
      59.420753479003906,
      52.58080291748047,
      77.63536071777344,
      85.04078674316406,
      97.27182006835938,
      87.0810317993164,
      66.78709411621094,
      68.48660278320312,
      66.96879577636719,
      50.54974365234375,
      29.341142654418945,
      11.903560638427734
    ],
    [
      47.64945983886719,
      76.23750305175781,
      36.634178161621094,
      60.19834518432617,
      46.42995834350586,
      65.04521179199219,
      63.68666076660156,
      81.88802337646484,
      80.93717193603516,
      130.0714569091797,
      87.0810317993164,
      140.12249755859375,
      54.62697219848633,
      99.58828735351562,
      53.178428649902344,
      71.96532440185547,
      26.997547149658203,
      16.500709533691406
    ],
    [
      22.784204483032227,
      32.9705696105957,
      21.98786163330078,
      21.60386848449707,
      28.656810760498047,
      20.960830688476562,
      42.320430755615234,
      31.4384822845459,
      55.08596420288086,
      50.663124084472656,
      66.78709411621094,
      54.62697219848633,
      78.91805267333984,
      55.251956939697266,
      73.42155456542969,
      42.10514831542969,
      28.65167236328125,
      9.52570629119873
    ],
    [
      40.080501556396484,
      73.35629272460938,
      33.65296936035156,
      47.43837356567383,
      42.56843566894531,
      54.714324951171875,
      53.62022399902344,
      67.86947631835938,
      63.66373825073242,
      98.27989196777344,
      68.48660278320312,
      99.58828735351562,
      55.251956939697266,
      121.95841217041016,
      71.1507568359375,
      79.34691619873047,
      31.1202449798584,
      16.847246170043945
    ],
    [
      13.598845481872559,
      26.823904037475586,
      22.764604568481445,
      20.157779693603516,
      32.227352142333984,
      23.687664031982422,
      42.82932662963867,
      33.318267822265625,
      53.61248779296875,
      48.79949951171875,
      66.96879577636719,
      53.178428649902344,
      73.42155456542969,
      71.1507568359375,
      114.7925796508789,
      56.58665466308594,
      49.423831939697266,
      12.915641784667969
    ],
    [
      26.34836196899414,
      46.363704681396484,
      20.77454948425293,
      31.382164001464844,
      26.54397964477539,
      34.552608489990234,
      35.504539489746094,
      44.41141891479492,
      43.53399658203125,
      66.78269958496094,
      50.54974365234375,
      71.96532440185547,
      42.10514831542969,
      79.34691619873047,
      56.58665466308594,
      64.37982177734375,
      24.48113441467285,
      14.907197952270508
    ],
    [
      5.9866485595703125,
      11.05424976348877,
      7.571276664733887,
      12.344634056091309,
      12.469165802001953,
      17.48087501525879,
      20.98841094970703,
      18.11996841430664,
      26.87425422668457,
      25.603384017944336,
      29.341142654418945,
      26.997547149658203,
      28.65167236328125,
      31.1202449798584,
      49.423831939697266,
      24.48113441467285,
      44.083473205566406,
      10.377978324890137
    ],
    [
      6.865126609802246,
      10.25355339050293,
      4.689935207366943,
      7.5909504890441895,
      6.081923961639404,
      8.83417797088623,
      8.496005058288574,
      10.437110900878906,
      10.317472457885742,
      15.42605972290039,
      11.903560638427734,
      16.500709533691406,
      9.52570629119873,
      16.847246170043945,
      12.915641784667969,
      14.907197952270508,
      10.377978324890137,
      8.035161972045898
    ]
  ],
  "damage": -13.249252319335938,
  "diff_bandwidth": 872.1172485351562,
  "dissonance": 8.70775169301263,
  "drr": 13.425376892089844,
  "dynamics": 5.176507949829102,
  "format": 1245190,
  "frames": 12318656,
  "loudness": -18.258386611938477,
  "loudness_range": 17.662952423095703,
  "loudness_range_short": 19.242000579833984,
  "lowpass_true_peak_15khz": 0.13200122117996216,
  "mastering3_acoustic_entropies": [
    {
      "acoustic_entropy": 7.076270580291748,
      "acoustic_entropy_mono": 6.430519104003906,
      "band_eliminated_acoustic_entropies": [
        {
          "acoustic_entropy": 7.010995864868164,
          "acoustic_entropy_side": 7.0567216873168945,
          "hz": 129.47220167065723
        },
        {
          "acoustic_entropy": 7.036340236663818,
          "acoustic_entropy_side": 6.986491680145264,
          "hz": 202.92927478742237
        },
        {
          "acoustic_entropy": 7.222479820251465,
          "acoustic_entropy_side": 6.968413352966309,
          "hz": 282.89161906338205
        },
        {
          "acoustic_entropy": 7.5443830490112305,
          "acoustic_entropy_side": 7.124611854553223,
          "hz": 369.9353335868758
        },
        {
          "acoustic_entropy": 7.064190864562988,
          "acoustic_entropy_side": 7.137056350708008,
          "hz": 464.6875360973435
        },
        {
          "acoustic_entropy": 7.647418022155762,
          "acoustic_entropy_side": 7.050498962402344,
          "hz": 567.8308811364784
        },
        {
          "acoustic_entropy": 6.942973613739014,
          "acoustic_entropy_side": 6.879752159118652,
          "hz": 680.1084783214808
        },
        {
          "acoustic_entropy": 7.512833595275879,
          "acoustic_entropy_side": 7.041126728057861,
          "hz": 802.3292461747484
        },
        {
          "acoustic_entropy": 7.260972023010254,
          "acoustic_entropy_side": 7.097145080566406,
          "hz": 935.3737400823702
        },
        {
          "acoustic_entropy": 7.275985240936279,
          "acoustic_entropy_side": 7.097499370574951,
          "hz": 1080.2004963696966
        },
        {
          "acoustic_entropy": 7.221179008483887,
          "acoustic_entropy_side": 7.145806789398193,
          "hz": 1237.8529382007157
        },
        {
          "acoustic_entropy": 7.2848310470581055,
          "acoustic_entropy_side": 7.096845626831055,
          "hz": 1409.4668930556702
        },
        {
          "acoustic_entropy": 6.7267608642578125,
          "acoustic_entropy_side": 7.0590057373046875,
          "hz": 1596.2787759475705
        },
        {
          "acoustic_entropy": 6.882298946380615,
          "acoustic_entropy_side": 6.7400898933410645,
          "hz": 1799.6344973346393
        },
        {
          "acoustic_entropy": 7.336732864379883,
          "acoustic_entropy_side": 6.96287727355957,
          "hz": 2020.9991599069049
        },
        {
          "acoustic_entropy": 7.125519752502441,
          "acoustic_entropy_side": 7.031649589538574,
          "hz": 2261.9676141086993
        },
        {
          "acoustic_entropy": 7.273070812225342,
          "acoustic_entropy_side": 7.061159133911133,
          "hz": 2524.2759484456974
        },
        {
          "acoustic_entropy": 7.373117446899414,
          "acoustic_entropy_side": 6.854877948760986,
          "hz": 2809.813997359896
        },
        {
          "acoustic_entropy": 6.789384365081787,
          "acoustic_entropy_side": 7.121595859527588,
          "hz": 3120.6389567871424
        },
        {
          "acoustic_entropy": 7.119284629821777,
          "acoustic_entropy_side": 6.6183600425720215,
          "hz": 3458.990205492291
        },
        {
          "acoustic_entropy": 6.772616863250732,
          "acoustic_entropy_side": 6.77882194519043,
          "hz": 3827.305438964164
        },
        {
          "acoustic_entropy": 7.042998313903809,
          "acoustic_entropy_side": 6.646714210510254,
          "hz": 4228.238232109126
        },
        {
          "acoustic_entropy": 7.227326393127441,
          "acoustic_entropy_side": 7.030899524688721,
          "hz": 4664.6771572759235
        },
        {
          "acoustic_entropy": 6.855742931365967,
          "acoustic_entropy_side": 7.042874813079834,
          "hz": 5139.766595350093
        },
        {
          "acoustic_entropy": 6.857590198516846,
          "acoustic_entropy_side": 7.054525375366211,
          "hz": 5656.929389854203
        },
        {
          "acoustic_entropy": 7.020051956176758,
          "acoustic_entropy_side": 7.073248386383057,
          "hz": 6219.891507268283
        },
        {
          "acoustic_entropy": 7.041540145874023,
          "acoustic_entropy_side": 7.075561046600342,
          "hz": 6832.70888123896
        },
        {
          "acoustic_entropy": 7.017430305480957,
          "acoustic_entropy_side": 7.079793930053711,
          "hz": 7499.796634079867
        },
        {
          "acoustic_entropy": 7.0726447105407715,
          "acoustic_entropy_side": 7.076208591461182,
          "hz": 8225.96088609342
        },
        {
          "acoustic_entropy": 7.053254127502441,
          "acoustic_entropy_side": 7.076786041259766,
          "hz": 9016.43338188839
        },
        {
          "acoustic_entropy": 7.074726581573486,
          "acoustic_entropy_side": 7.077454566955566,
          "hz": 9876.909183162974
        },
        {
          "acoustic_entropy": 7.076635360717773,
          "acoustic_entropy_side": 7.077121257781982,
          "hz": 10813.587699516042
        },
        {
          "acoustic_entropy": 7.07712984085083,
          "acoustic_entropy_side": 7.076806545257568,
          "hz": 11833.21735289826
        },
        {
          "acoustic_entropy": 7.075822830200195,
          "acoustic_entropy_side": 7.076406002044678,
          "hz": 12943.144197493959
        },
        {
          "acoustic_entropy": 7.077849388122559,
          "acoustic_entropy_side": 7.076278209686279,
          "hz": 14151.364845322005
        },
        {
          "acoustic_entropy": 7.0750651359558105,
          "acoustic_entropy_side": 7.076278209686279,
          "hz": 15466.58407886509
        },
        {
          "acoustic_entropy": 7.076300621032715,
          "acoustic_entropy_side": 7.07627010345459,
          "hz": 16898.27756580493
        },
        {
          "acoustic_entropy": 7.076288223266602,
          "acoustic_entropy_side": 7.076270580291748,
          "hz": 18456.760127700032
        },
        {
          "acoustic_entropy": 7.075974464416504,
          "acoustic_entropy_side": 7.076270580291748,
          "hz": 20153.260054456492
        },
        {
          "acoustic_entropy": 7.076249599456787,
          "acoustic_entropy_side": 7.076270580291748,
          "hz": 22000.00000000001
        }
      ],
      "diff_acoustic_entropy": 5.316928386688232,
      "sn": 6
    },
    {
      "acoustic_entropy": 10.674415588378906,
      "acoustic_entropy_mono": 10.05284595489502,
      "band_eliminated_acoustic_entropies": [
        {
          "acoustic_entropy": 10.607491493225098,
          "acoustic_entropy_side": 10.5891695022583,
          "hz": 129.47220167065723
        },
        {
          "acoustic_entropy": 10.638094902038574,
          "acoustic_entropy_side": 10.497206687927246,
          "hz": 202.92927478742237
        },
        {
          "acoustic_entropy": 11.021557807922363,
          "acoustic_entropy_side": 11.216934204101562,
          "hz": 282.89161906338205
        },
        {
          "acoustic_entropy": 11.09774112701416,
          "acoustic_entropy_side": 10.857894897460938,
          "hz": 369.9353335868758
        },
        {
          "acoustic_entropy": 10.99364948272705,
          "acoustic_entropy_side": 10.809554100036621,
          "hz": 464.6875360973435
        },
        {
          "acoustic_entropy": 10.859930992126465,
          "acoustic_entropy_side": 10.712215423583984,
          "hz": 567.8308811364784
        },
        {
          "acoustic_entropy": 10.775650024414062,
          "acoustic_entropy_side": 10.61064624786377,
          "hz": 680.1084783214808
        },
        {
          "acoustic_entropy": 10.33866024017334,
          "acoustic_entropy_side": 10.613238334655762,
          "hz": 802.3292461747484
        },
        {
          "acoustic_entropy": 10.885480880737305,
          "acoustic_entropy_side": 10.848008155822754,
          "hz": 935.3737400823702
        },
        {
          "acoustic_entropy": 11.036153793334961,
          "acoustic_entropy_side": 10.740972518920898,
          "hz": 1080.2004963696966
        },
        {
          "acoustic_entropy": 10.596755027770996,
          "acoustic_entropy_side": 10.812657356262207,
          "hz": 1237.8529382007157
        },
        {
          "acoustic_entropy": 10.905121803283691,
          "acoustic_entropy_side": 10.84376049041748,
          "hz": 1409.4668930556702
        },
        {
          "acoustic_entropy": 10.526191711425781,
          "acoustic_entropy_side": 10.973675727844238,
          "hz": 1596.2787759475705
        },
        {
          "acoustic_entropy": 10.882346153259277,
          "acoustic_entropy_side": 10.612361907958984,
          "hz": 1799.6344973346393
        },
        {
          "acoustic_entropy": 10.936616897583008,
          "acoustic_entropy_side": 10.692415237426758,
          "hz": 2020.9991599069049
        },
        {
          "acoustic_entropy": 10.859885215759277,
          "acoustic_entropy_side": 10.66796588897705,
          "hz": 2261.9676141086993
        },
        {
          "acoustic_entropy": 10.909738540649414,
          "acoustic_entropy_side": 10.754441261291504,
          "hz": 2524.2759484456974
        },
        {
          "acoustic_entropy": 11.04488754272461,
          "acoustic_entropy_side": 10.569537162780762,
          "hz": 2809.813997359896
        },
        {
          "acoustic_entropy": 10.34322738647461,
          "acoustic_entropy_side": 10.444241523742676,
          "hz": 3120.6389567871424
        },
        {
          "acoustic_entropy": 11.213804244995117,
          "acoustic_entropy_side": 10.648567199707031,
          "hz": 3458.990205492291
        },
        {
          "acoustic_entropy": 10.774002075195312,
          "acoustic_entropy_side": 10.586654663085938,
          "hz": 3827.305438964164
        },
        {
          "acoustic_entropy": 10.742997169494629,
          "acoustic_entropy_side": 10.632237434387207,
          "hz": 4228.238232109126
        },
        {
          "acoustic_entropy": 10.63916301727295,
          "acoustic_entropy_side": 10.617131233215332,
          "hz": 4664.6771572759235
        },
        {
          "acoustic_entropy": 10.585389137268066,
          "acoustic_entropy_side": 10.674739837646484,
          "hz": 5139.766595350093
        },
        {
          "acoustic_entropy": 10.583267211914062,
          "acoustic_entropy_side": 10.652803421020508,
          "hz": 5656.929389854203
        },
        {
          "acoustic_entropy": 10.56845474243164,
          "acoustic_entropy_side": 10.668172836303711,
          "hz": 6219.891507268283
        },
        {
          "acoustic_entropy": 10.389631271362305,
          "acoustic_entropy_side": 10.663135528564453,
          "hz": 6832.70888123896
        },
        {
          "acoustic_entropy": 10.37165641784668,
          "acoustic_entropy_side": 10.663455963134766,
          "hz": 7499.796634079867
        },
        {
          "acoustic_entropy": 10.466763496398926,
          "acoustic_entropy_side": 10.666960716247559,
          "hz": 8225.96088609342
        },
        {
          "acoustic_entropy": 10.511685371398926,
          "acoustic_entropy_side": 10.676758766174316,
          "hz": 9016.43338188839
        },
        {
          "acoustic_entropy": 10.616384506225586,
          "acoustic_entropy_side": 10.67625617980957,
          "hz": 9876.909183162974
        },
        {
          "acoustic_entropy": 10.635951042175293,
          "acoustic_entropy_side": 10.674650192260742,
          "hz": 10813.587699516042
        },
        {
          "acoustic_entropy": 10.629945755004883,
          "acoustic_entropy_side": 10.675016403198242,
          "hz": 11833.21735289826
        },
        {
          "acoustic_entropy": 10.640192031860352,
          "acoustic_entropy_side": 10.67384147644043,
          "hz": 12943.144197493959
        },
        {
          "acoustic_entropy": 10.640872955322266,
          "acoustic_entropy_side": 10.674287796020508,
          "hz": 14151.364845322005
        },
        {
          "acoustic_entropy": 10.652979850769043,
          "acoustic_entropy_side": 10.674314498901367,
          "hz": 15466.58407886509
        },
        {
          "acoustic_entropy": 10.671195030212402,
          "acoustic_entropy_side": 10.674412727355957,
          "hz": 16898.27756580493
        },
        {
          "acoustic_entropy": 10.673650741577148,
          "acoustic_entropy_side": 10.674415588378906,
          "hz": 18456.760127700032
        },
        {
          "acoustic_entropy": 10.67092227935791,
          "acoustic_entropy_side": 10.674415588378906,
          "hz": 20153.260054456492
        },
        {
          "acoustic_entropy": 10.674209594726562,
          "acoustic_entropy_side": 10.674416542053223,
          "hz": 22000.00000000001
        }
      ],
      "diff_acoustic_entropy": 8.240853309631348,
      "sn": 12
    },
    {
      "acoustic_entropy": 17.53041648864746,
      "acoustic_entropy_mono": 15.500202178955078,
      "band_eliminated_acoustic_entropies": [
        {
          "acoustic_entropy": 16.871545791625977,
          "acoustic_entropy_side": 17.397851943969727,
          "hz": 129.47220167065723
        },
        {
          "acoustic_entropy": 17.110395431518555,
          "acoustic_entropy_side": 17.648502349853516,
          "hz": 202.92927478742237
        },
        {
          "acoustic_entropy": 17.492931365966797,
          "acoustic_entropy_side": 17.829328536987305,
          "hz": 282.89161906338205
        },
        {
          "acoustic_entropy": 18.216045379638672,
          "acoustic_entropy_side": 17.67762565612793,
          "hz": 369.9353335868758
        },
        {
          "acoustic_entropy": 17.852462768554688,
          "acoustic_entropy_side": 17.75582504272461,
          "hz": 464.6875360973435
        },
        {
          "acoustic_entropy": 17.6815242767334,
          "acoustic_entropy_side": 18.06624412536621,
          "hz": 567.8308811364784
        },
        {
          "acoustic_entropy": 18.010744094848633,
          "acoustic_entropy_side": 18.332401275634766,
          "hz": 680.1084783214808
        },
        {
          "acoustic_entropy": 17.53641700744629,
          "acoustic_entropy_side": 17.398059844970703,
          "hz": 802.3292461747484
        },
        {
          "acoustic_entropy": 17.923585891723633,
          "acoustic_entropy_side": 17.516767501831055,
          "hz": 935.3737400823702
        },
        {
          "acoustic_entropy": 17.877166748046875,
          "acoustic_entropy_side": 17.255859375,
          "hz": 1080.2004963696966
        },
        {
          "acoustic_entropy": 17.847681045532227,
          "acoustic_entropy_side": 17.40557289123535,
          "hz": 1237.8529382007157
        },
        {
          "acoustic_entropy": 17.621570587158203,
          "acoustic_entropy_side": 18.055988311767578,
          "hz": 1409.4668930556702
        },
        {
          "acoustic_entropy": 18.34178924560547,
          "acoustic_entropy_side": 18.1007022857666,
          "hz": 1596.2787759475705
        },
        {
          "acoustic_entropy": 17.75690460205078,
          "acoustic_entropy_side": 17.853132247924805,
          "hz": 1799.6344973346393
        },
        {
          "acoustic_entropy": 17.466157913208008,
          "acoustic_entropy_side": 17.680561065673828,
          "hz": 2020.9991599069049
        },
        {
          "acoustic_entropy": 17.64837074279785,
          "acoustic_entropy_side": 17.59157943725586,
          "hz": 2261.9676141086993
        },
        {
          "acoustic_entropy": 17.444181442260742,
          "acoustic_entropy_side": 17.4396915435791,
          "hz": 2524.2759484456974
        },
        {
          "acoustic_entropy": 17.955856323242188,
          "acoustic_entropy_side": 17.80696678161621,
          "hz": 2809.813997359896
        },
        {
          "acoustic_entropy": 18.124149322509766,
          "acoustic_entropy_side": 17.837141036987305,
          "hz": 3120.6389567871424
        },
        {
