{
  "acoustic_entropy": 144.15101623535156,
  "bands": [
    {
      "high_freq": 148.1999969482422,
      "loudness": -16.607881546020508,
      "loudness_range": 8.375680923461914,
      "mid_mean": -13.046182632446289,
      "mid_to_side_loudness": -16.15554428100586,
      "mid_to_side_loudness_range": 7.755107879638672,
      "side_mean": -29.112577438354492
    },
    {
      "high_freq": 392.3793640136719,
      "loudness": -23.958850860595703,
      "loudness_range": 7.49467658996582,
      "low_freq": 148.1999969482422,
      "mid_mean": -21.515775680541992,
      "mid_to_side_loudness": -5.973666191101074,
      "mid_to_side_loudness_range": 11.600574493408203,
      "side_mean": -27.50563621520996
    },
    {
      "high_freq": 794.6976318359375,
      "loudness": -26.760332107543945,
      "loudness_range": 10.256278991699219,
      "low_freq": 392.3793640136719,
      "mid_mean": -25.19884490966797,
      "mid_to_side_loudness": -2.554082155227661,
      "mid_to_side_loudness_range": 8.564921379089355,
      "side_mean": -27.811683654785156
    },
    {
      "high_freq": 1457.5709228515625,
      "loudness": -27.88013458251953,
      "loudness_range": 10.93994140625,
      "low_freq": 794.6976318359375,
      "mid_mean": -25.70072364807129,
      "mid_to_side_loudness": -4.15757417678833,
      "mid_to_side_loudness_range": 6.212664604187012,
      "side_mean": -29.898805618286133
    },
    {
      "high_freq": 2549.74365234375,
      "loudness": -25.711177825927734,
      "loudness_range": 9.17473030090332,
      "low_freq": 1457.5709228515625,
      "mid_mean": -23.841297149658203,
      "mid_to_side_loudness": -3.049043893814087,
      "mid_to_side_loudness_range": 5.604465484619141,
      "side_mean": -26.908287048339844
    },
    {
      "high_freq": 4349.24462890625,
      "loudness": -27.048858642578125,
      "loudness_range": 8.409746170043945,
      "low_freq": 2549.74365234375,
      "mid_mean": -25.06914710998535,
      "mid_to_side_loudness": -3.4220314025878906,
      "mid_to_side_loudness_range": 6.0350542068481445,
      "side_mean": -28.498323440551758
    },
    {
      "high_freq": 7314.1640625,
      "loudness": -29.852163314819336,
      "loudness_range": 8.25113296508789,
      "low_freq": 4349.24462890625,
      "mid_mean": -28.161357879638672,
      "mid_to_side_loudness": -2.8956384658813477,
      "mid_to_side_loudness_range": 8.647655487060547,
      "side_mean": -31.068933486938477
    },
    {
      "high_freq": 12199.2666015625,
      "loudness": -35.644309997558594,
      "loudness_range": 11.026596069335938,
      "low_freq": 7314.1640625,
      "mid_mean": -34.524227142333984,
      "mid_to_side_loudness": -1.7708113193511963,
      "mid_to_side_loudness_range": 11.740983963012695,
      "side_mean": -36.31941604614258
    },
    {
      "loudness": -40.697364807128906,
      "loudness_range": 7.448070526123047,
      "low_freq": 12199.2666015625,
      "mid_mean": -39.64747619628906,
      "mid_to_side_loudness": -1.1162235736846924,
      "mid_to_side_loudness_range": 7.274771690368652,
      "side_mean": -40.76287078857422
    }
  ],
  "bands_short": [
    {
      "high_freq": 148.1999969482422,
      "loudness": -21.13709831237793,
      "loudness_range": 21.172073364257812,
      "mid_mean": -17.826875686645508,
      "mid_to_side_loudness": -14.951323509216309,
      "mid_to_side_loudness_range": 19.614517211914062,
      "side_mean": -32.84660720825195
    },
    {
      "high_freq": 392.3793640136719,
      "loudness": -21.46933937072754,
      "loudness_range": 14.37192440032959,
      "low_freq": 148.1999969482422,
      "mid_mean": -18.878158569335938,
      "mid_to_side_loudness": -8.245328903198242,
      "mid_to_side_loudness_range": 17.264644622802734,
      "side_mean": -27.219270706176758
    },
    {
      "high_freq": 794.6976318359375,
      "loudness": -27.86208152770996,
      "loudness_range": 14.184812545776367,
      "low_freq": 392.3793640136719,
      "mid_mean": -26.718503952026367,
      "mid_to_side_loudness": -2.164135456085205,
      "mid_to_side_loudness_range": 13.047558784484863,
      "side_mean": -28.928483963012695
    },
    {
      "high_freq": 1457.5709228515625,
      "loudness": -28.8986759185791,
      "loudness_range": 14.663742065429688,
      "low_freq": 794.6976318359375,
      "mid_mean": -27.002155303955078,
      "mid_to_side_loudness": -3.6605520248413086,
      "mid_to_side_loudness_range": 9.592429161071777,
      "side_mean": -30.722766876220703
    },
    {
      "high_freq": 2549.74365234375,
      "loudness": -27.606491088867188,
      "loudness_range": 15.920934677124023,
      "low_freq": 1457.5709228515625,
      "mid_mean": -26.058380126953125,
      "mid_to_side_loudness": -2.644247531890869,
      "mid_to_side_loudness_range": 9.678136825561523,
      "side_mean": -28.734926223754883
    },
    {
      "high_freq": 4349.24462890625,
      "loudness": -29.917198181152344,
      "loudness_range": 18.643274307250977,
      "low_freq": 2549.74365234375,
      "mid_mean": -28.57251739501953,
      "mid_to_side_loudness": -2.2371630668640137,
      "mid_to_side_loudness_range": 10.005450248718262,
      "side_mean": -30.874074935913086
    },
    {
      "high_freq": 7314.1640625,
      "loudness": -33.458065032958984,
      "loudness_range": 22.046510696411133,
      "low_freq": 4349.24462890625,
      "mid_mean": -32.64244842529297,
      "mid_to_side_loudness": -1.340302586555481,
      "mid_to_side_loudness_range": 12.99778938293457,
      "side_mean": -34.123252868652344
    },
    {
      "high_freq": 12199.2666015625,
      "loudness": -39.54545593261719,
      "loudness_range": 22.009010314941406,
      "low_freq": 7314.1640625,
      "mid_mean": -39.648677825927734,
      "mid_to_side_loudness": 0.03045702911913395,
      "mid_to_side_loudness_range": 18.848438262939453,
      "side_mean": -39.62731170654297
    },
    {
      "loudness": -44.44740295410156,
      "loudness_range": 20.67816162109375,
      "low_freq": 12199.2666015625,
      "mid_mean": -43.84918975830078,
      "mid_to_side_loudness": -0.4998294711112976,
      "mid_to_side_loudness_range": 10.261507987976074,
      "side_mean": -44.3365478515625
    }
  ],
  "bandwidth": 323.7816162109375,
  "channels": 2,
  "covariance": [
    [
      11.059789657592773,
      6.328107833862305,
      6.5771307945251465,
      3.228365421295166,
      4.522401809692383,
      3.4288651943206787,
      4.960505962371826,
      3.8455450534820557,
      4.630307674407959,
      3.4805407524108887,
      4.871726989746094,
      3.9084584712982178,
      4.291769027709961,
      2.5467448234558105,
      5.115761756896973,
      2.911998987197876,
      5.034661293029785,
      3.7933571338653564
    ],
    [
      6.328107833862305,
      9.356368064880371,
      5.8724565505981445,
      5.410910129547119,
      5.18894624710083,
      5.784755229949951,
      4.706024169921875,
      5.154816627502441,
      4.241867542266846,
      4.789971351623535,
      3.9283230304718018,
      4.1429762840271,
      3.632643938064575,
      2.2104709148406982,
      3.8275232315063477,
      1.6180636882781982,
      3.383321762084961,
      3.3554277420043945
    ],
    [
      6.5771307945251465,
      5.8724565505981445,
      10.871878623962402,
      7.890224933624268,
      8.321351051330566,
      7.7242302894592285,
      7.641976833343506,
      6.930638313293457,
      6.093562602996826,
      6.068674564361572,
      5.855095863342285,
      5.897607803344727,
      4.715443134307861,
      4.017406463623047,
      6.721667289733887,
      5.2062668800354,
      5.335683822631836,
      3.183021306991577
    ],
    [
      3.228365421295166,
      5.410910129547119,
      7.890224933624268,
      20.80513572692871,
      12.229251861572266,
      14.842602729797363,
      7.999886989593506,
      10.03635025024414,
      4.665215492248535,
      7.00364875793457,
      3.65673828125,
      5.01559591293335,
      2.5792481899261475,
      3.0991952419281006,
      2.449455976486206,
      2.4650299549102783,
      2.7025656700134277,
      2.408036947250366
    ],
    [
      4.522401809692383,
      5.18894624710083,
      8.321351051330566,
      12.229251861572266,
      14.715668678283691,
      14.879000663757324,
      12.457864761352539,
      12.42569637298584,
      9.235857963562012,
      9.704416275024414,
      7.773433208465576,
      8.013609886169434,
      6.1155619621276855,
      5.608857154846191,
      8.509081840515137,
      5.856614589691162,
      6.900333881378174,
      3.502261161804199
    ],
    [
      3.4288651943206787,
      5.784755229949951,
      7.7242302894592285,
      14.842602729797363,
      14.879000663757324,
      24.909210205078125,
      11.635128021240234,
      16.36104965209961,
      8.746222496032715,
      12.222879409790039,
      6.427464962005615,
      8.61245059967041,
      4.517374038696289,
      5.219979286193848,
      5.769922256469727,
      4.219844341278076,
      4.69733190536499,
      2.387799024581909
    ],
    [
      4.960505962371826,
      4.706024169921875,
      7.641976833343506,
      7.999886989593506,
      12.457864761352539,
      11.635128021240234,
      15.927151679992676,
      12.88349723815918,
      12.133892059326172,
      10.164323806762695,
      10.989130020141602,
      9.053021430969238,
      9.221487045288086,
      6.883642673492432,
      12.624067306518555,
      7.281651496887207,
      10.827950477600098,
      4.487374305725098
    ],
    [
      3.8455450534820557,
      5.154816627502441,
      6.930638313293457,
      10.03635025024414,
      12.42569637298584,
      16.36104965209961,
      12.88349723815918,
      15.015859603881836,
      10.500977516174316,
      11.704825401306152,
      8.569501876831055,
      9.276214599609375,
      6.741340637207031,
      6.72946310043335,
      9.40887451171875,
      6.298572540283203,
      7.340517520904541,
      3.7242541313171387
    ],
    [
      4.630307674407959,
      4.241867542266846,
      6.093562602996826,
      4.665215492248535,
      9.235857963562012,
      8.746222496032715,
      12.133892059326172,
      10.500977516174316,
      11.60080337524414,
      10.120595932006836,
      10.439935684204102,
      9.527533531188965,
      9.026701927185059,
      8.42561149597168,
      12.31175708770752,
      8.8759126663208,
      8.87490463256836,
      4.297142028808594
    ],
    [
      3.4805407524108887,
      4.789971351623535,
      6.068674564361572,
      7.00364875793457,
      9.704416275024414,
      12.222879409790039,
      10.164323806762695,
      11.704825401306152,
      10.120595932006836,
      12.267704963684082,
      8.49349308013916,
      10.497016906738281,
      6.756873607635498,
      8.301664352416992,
      10.108087539672852,
      7.912434101104736,
      6.183009147644043,
      3.251574993133545
    ],
    [
      4.871726989746094,
      3.9283230304718018,
      5.855095863342285,
      3.65673828125,
      7.773433208465576,
      6.427464962005615,
      10.989130020141602,
      8.569501876831055,
      10.439935684204102,
      8.49349308013916,
      10.92554759979248,
      8.778215408325195,
      10.227049827575684,
      7.9285993576049805,
      12.993103981018066,
      8.198773384094238,
      8.852761268615723,
      3.7390360832214355
    ],
    [
      3.9084584712982178,
      4.1429762840271,
      5.897607803344727,
      5.01559591293335,
      8.013609886169434,
      8.61245059967041,
      9.053021430969238,
      9.276214599609375,
      9.527533531188965,
      10.497016906738281,
      8.778215408325195,
      10.568886756896973,
      7.379758358001709,
      9.501111030578613,
      10.506786346435547,
      9.245708465576172,
      6.254352569580078,
      3.1324307918548584
    ],
    [
      4.291769027709961,
      3.632643938064575,
      4.715443134307861,
      2.5792481899261475,
      6.1155619621276855,
      4.517374038696289,
      9.221487045288086,
      6.741340637207031,
      9.026701927185059,
      6.756873607635498,
      10.227049827575684,
      7.379758358001709,
      10.86219310760498,
      6.823144435882568,
      12.839217185974121,
      6.831078052520752,
      7.603028297424316,
      3.052663803100586
    ],
    [
      2.5467448234558105,
      2.2104709148406982,
      4.017406463623047,
      3.0991952419281006,
      5.608857154846191,
      5.219979286193848,
      6.883642673492432,
      6.72946310043335,
      8.42561149597168,
      8.301664352416992,
      7.9285993576049805,
      9.501111030578613,
      6.823144435882568,
      12.183831214904785,
      9.024948120117188,
      12.620814323425293,
      5.244784832000732,
      3.480210542678833
    ],
    [
      5.115761756896973,
      3.8275232315063477,
      6.721667289733887,
      2.449455976486206,
      8.509081840515137,
      5.769922256469727,
      12.624067306518555,
      9.40887451171875,
      12.31175708770752,
      10.108087539672852,
      12.993103981018066,
      10.506786346435547,
      12.839217185974121,
      9.024948120117188,
      20.21143341064453,
      11.031167984008789,
      10.37176513671875,
      3.5048258304595947
    ],
    [
      2.911998987197876,
      1.6180636882781982,
      5.2062668800354,
      2.4650299549102783,
      5.856614589691162,
      4.219844341278076,
      7.281651496887207,
      6.298572540283203,
      8.8759126663208,
      7.912434101104736,
      8.198773384094238,
      9.245708465576172,
      6.831078052520752,
      12.620814323425293,
      11.031167984008789,
      16.713619232177734,
      5.927361488342285,
      4.198131084442139
    ],
    [
      5.034661293029785,
      3.383321762084961,
      5.335683822631836,
      2.7025656700134277,
      6.900333881378174,
      4.69733190536499,
      10.827950477600098,
      7.340517520904541,
      8.87490463256836,
      6.183009147644043,
      8.852761268615723,
      6.254352569580078,
      7.603028297424316,
      5.244784832000732,
      10.37176513671875,
      5.927361488342285,
      10.564291954040527,
      4.699965953826904
    ],
    [
      3.7933571338653564,
      3.3554277420043945,
      3.183021306991577,
      2.408036947250366,
      3.502261161804199,
      2.387799024581909,
      4.487374305725098,
      3.7242541313171387,
      4.297142028808594,
      3.251574993133545,
      3.7390360832214355,
      3.1324307918548584,
      3.052663803100586,
      3.480210542678833,
      3.5048258304595947,
      4.198131084442139,
      4.699965953826904,
      5.163678169250488
    ]
  ],
  "covariance_short": [
    [
      60.56339645385742,
      27.744890213012695,
      33.82321548461914,
      7.8739705085754395,
      7.093255043029785,
      1.7355679273605347,
      7.829775333404541,
      4.849365711212158,
      5.858894348144531,
      1.513956069946289,
      3.4830098152160645,
      -3.867896795272827,
      0.562809944152832,
      -6.224180698394775,
      9.751201629638672,
      4.914670944213867,
      17.942447662353516,
      18.760583877563477
    ],
    [
      27.744890213012695,
      33.18628692626953,
      18.235998153686523,
      10.215353012084961,
      7.6545209884643555,
      8.247382164001465,
      6.766353607177734,
      8.807784080505371,
      6.566914081573486,
      7.554954528808594,
      3.989205837249756,
      2.609490394592285,
      1.560388445854187,
      -2.4372081756591797,
      5.920764923095703,
      -1.1054284572601318,
      7.939714431762695,
      8.918551445007324
    ],
    [
      33.82321548461914,
      18.235998153686523,
      38.269325256347656,
      12.575489044189453,
      14.427359580993652,
      7.938478946685791,
      14.179043769836426,
      9.72524356842041,
      12.986204147338867,
      8.537995338439941,
      13.343889236450195,
      6.373664379119873,
      10.606221199035645,
      4.797811031341553,
      18.086023330688477,
      11.450675010681152,
      19.69154930114746,
      15.209512710571289
    ],
    [
      7.8739705085754395,
      10.215353012084961,
      12.575489044189453,
      23.204668045043945,
      17.84238052368164,
      17.788463592529297,
      14.8214693069458,
      14.279581069946289,
      10.385854721069336,
      10.85770034790039,
      7.989439964294434,
      6.975215911865234,
      5.402988910675049,
      3.3372130393981934,
      7.035729885101318,
      3.1673717498779297,
      6.683332920074463,
      4.137781620025635
    ],
    [
      7.093255043029785,
      7.6545209884643555,
      14.427359580993652,
      17.84238052368164,
      32.40666580200195,
      26.558162689208984,
      26.3099365234375,
      23.298322677612305,
      22.72452735900879,
      21.226238250732422,
      22.118677139282227,
      19.120471954345703,
      19.209888458251953,
      15.341621398925781,
      22.95737075805664,
      14.944828033447266,
      17.774837493896484,
      10.986037254333496
    ],
    [
      1.7355679273605347,
      8.247382164001465,
      7.938478946685791,
      17.788463592529297,
      26.558162689208984,
      42.19377136230469,
      22.282901763916016,
      27.691600799560547,
      20.548690795898438,
      24.82724380493164,
      18.01889991760254,
      19.90718650817871,
      13.105305671691895,
      12.257444381713867,
      13.268778800964355,
      7.498483180999756,
      7.661168098449707,
      3.1557931900024414
    ],
    [
      7.829775333404541,
      6.766353607177734,
      14.179043769836426,
      14.8214693069458,
      26.3099365234375,
      22.282901763916016,
      30.385761260986328,
      23.188241958618164,
      25.66779899597168,
      21.58968162536621,
      27.178203582763672,
      20.87558364868164,
      25.04127311706543,
      18.093978881835938,
      29.119173049926758,
      17.931766510009766,
      22.922821044921875,
      13.66546630859375
    ],
    [
      4.849365711212158,
      8.807784080505371,
      9.72524356842041,
      14.279581069946289,
      23.298322677612305,
      27.691600799560547,
      23.188241958618164,
      28.05996322631836,
      22.895376205444336,
      24.120738983154297,
      22.485910415649414,
      21.44148826599121,
      19.194908142089844,
      15.688651084899902,
      21.62193489074707,
      13.140115737915039,
      14.761011123657227,
      8.830422401428223
    ],
    [
      5.858894348144531,
      6.566914081573486,
      12.986204147338867,
      10.385854721069336,
      22.72452735900879,
      20.548690795898438,
      25.66779899597168,
      22.895376205444336,
      35.63229751586914,
      28.533668518066406,
      39.05699920654297,
      32.099998474121094,
      38.610008239746094,
      30.793994903564453,
      40.21940612792969,
      27.598590850830078,
      26.2053279876709,
      17.261775970458984
    ],
    [
      1.513956069946289,
      7.554954528808594,
      8.537995338439941,
      10.85770034790039,
      21.226238250732422,
      24.82724380493164,
      21.58968162536621,
      24.120738983154297,
      28.533668518066406,
      32.692535400390625,
      30.795610427856445,
      31.557838439941406,
      27.37029266357422,
      25.903972625732422,
      28.343690872192383,
      19.93537139892578,
      17.00932502746582,
      11.218337059020996
    ],
    [
      3.4830098152160645,
      3.989205837249756,
      13.343889236450195,
      7.989439964294434,
      22.118677139282227,
      18.01889991760254,
      27.178203582763672,
      22.485910415649414,
      39.05699920654297,
      30.795610427856445,
      52.51987075805664,
      39.60617446899414,
      55.05649185180664,
      42.87089920043945,
      54.3905143737793,
      37.43388748168945,
      32.503482818603516,
      20.693628311157227
    ],
    [
      -3.867896795272827,
      2.609490394592285,
      6.373664379119873,
      6.975215911865234,
      19.120471954345703,
      19.90718650817871,
      20.87558364868164,
      21.44148826599121,
      32.099998474121094,
      31.557838439941406,
      39.60617446899414,
      40.887779235839844,
      39.53719711303711,
      39.02076721191406,
      38.58356857299805,
      30.513744354248047,
      21.957229614257812,
      14.904953002929688
    ],
    [
      0.562809944152832,
      1.560388445854187,
      10.606221199035645,
      5.402988910675049,
      19.209888458251953,
      13.105305671691895,
      25.04127311706543,
      19.194908142089844,
      38.610008239746094,
      27.37029266357422,
      55.05649185180664,
      39.53719711303711,
      67.46736907958984,
      49.10084915161133,
      62.03142166137695,
      41.94283676147461,
      32.04212951660156,
      20.20065689086914
    ],
    [
      -6.224180698394775,
      -2.4372081756591797,
      4.797811031341553,
      3.3372130393981934,
      15.341621398925781,
      12.257444381713867,
      18.093978881835938,
      15.688651084899902,
      30.793994903564453,
      25.903972625732422,
      42.87089920043945,
      39.02076721191406,
      49.10084915161133,
      53.41457748413086,
      45.91210174560547,
      45.9783821105957,
      25.083335876464844,
      19.369630813598633
    ],
    [
      9.751201629638672,
      5.920764923095703,
      18.086023330688477,
      7.035729885101318,
      22.95737075805664,
      13.268778800964355,
      29.119173049926758,
      21.62193489074707,
      40.21940612792969,
      28.343690872192383,
      54.3905143737793,
      38.58356857299805,
      62.03142166137695,
      45.91210174560547,
      72.74089813232422,
      47.24049377441406,
      44.62997055053711,
      29.345458984375
    ],
    [
      4.914670944213867,
      -1.1054284572601318,
      11.450675010681152,
      3.1673717498779297,
      14.944828033447266,
      7.498483180999756,
      17.931766510009766,
      13.140115737915039,
      27.598590850830078,
      19.93537139892578,
      37.43388748168945,
      30.513744354248047,
      41.94283676147461,
      45.9783821105957,
      47.24049377441406,
      54.162811279296875,
      34.663150787353516,
      30.70646858215332
    ],
    [
      17.942447662353516,
      7.939714431762695,
      19.69154930114746,
      6.683332920074463,
      17.774837493896484,
      7.661168098449707,
      22.922821044921875,
      14.761011123657227,
      26.2053279876709,
      17.00932502746582,
      32.503482818603516,
      21.957229614257812,
      32.04212951660156,
      25.083335876464844,
      44.62997055053711,
      34.663150787353516,
      58.57451248168945,
      46.93499755859375
    ],
    [
      18.760583877563477,
      8.918551445007324,
      15.209512710571289,
      4.137781620025635,
      10.986037254333496,
      3.1557931900024414,
      13.66546630859375,
      8.830422401428223,
      17.261775970458984,
      11.218337059020996,
      20.693628311157227,
      14.904953002929688,
      20.20065689086914,
      19.369630813598633,
      29.345458984375,
      30.70646858215332,
      46.93499755859375,
      48.63489532470703
    ]
  ],
  "damage": -2.31886887550354,
  "diff_bandwidth": 310.0378723144531,
  "dissonance": 8.451745669857981,
  "drr": -0.13217675685882568,
  "dynamics": 2.598032236099243,
  "format": 1245190,
  "frames": 9044928,
  "loudness": -10.718737602233887,
  "loudness_range": 4.381012916564941,
  "loudness_range_short": 11.16274642944336,
  "lowpass_true_peak_15khz": 0.5811899900436401,
  "mastering3_acoustic_entropies": [
    {
      "acoustic_entropy": 5.372045516967773,
      "acoustic_entropy_mono": 4.018260955810547,
      "band_eliminated_acoustic_entropies": [
        {
          "acoustic_entropy": 5.578592300415039,
          "acoustic_entropy_side": 5.376816272735596,
          "hz": 129.47220167065723
        },
        {
          "acoustic_entropy": 3.775862455368042,
          "acoustic_entropy_side": 5.412935733795166,
          "hz": 202.92927478742237
        },
        {
          "acoustic_entropy": 5.524404525756836,
          "acoustic_entropy_side": 5.380324363708496,
          "hz": 282.89161906338205
        },
        {
          "acoustic_entropy": 5.2377190589904785,
          "acoustic_entropy_side": 5.294803619384766,
          "hz": 369.9353335868758
        },
        {
          "acoustic_entropy": 4.923632621765137,
          "acoustic_entropy_side": 5.0126471519470215,
          "hz": 464.6875360973435
        },
        {
          "acoustic_entropy": 5.112738609313965,
          "acoustic_entropy_side": 4.997477054595947,
          "hz": 567.8308811364784
        },
        {
          "acoustic_entropy": 5.2906413078308105,
          "acoustic_entropy_side": 5.330719947814941,
          "hz": 680.1084783214808
        },
        {
          "acoustic_entropy": 5.331580638885498,
          "acoustic_entropy_side": 5.291635513305664,
          "hz": 802.3292461747484
        },
        {
          "acoustic_entropy": 5.315287113189697,
          "acoustic_entropy_side": 5.28045129776001,
          "hz": 935.3737400823702
        },
        {
          "acoustic_entropy": 5.245266914367676,
          "acoustic_entropy_side": 5.3599772453308105,
          "hz": 1080.2004963696966
        },
        {
          "acoustic_entropy": 5.4051737785339355,
          "acoustic_entropy_side": 5.368124008178711,
          "hz": 1237.8529382007157
        },
        {
          "acoustic_entropy": 5.22930908203125,
          "acoustic_entropy_side": 5.372191905975342,
          "hz": 1409.4668930556702
        },
        {
          "acoustic_entropy": 5.246822357177734,
          "acoustic_entropy_side": 5.326461315155029,
          "hz": 1596.2787759475705
        },
        {
          "acoustic_entropy": 5.295629501342773,
          "acoustic_entropy_side": 5.384688377380371,
          "hz": 1799.6344973346393
        },
        {
          "acoustic_entropy": 5.1256022453308105,
          "acoustic_entropy_side": 5.216475486755371,
          "hz": 2020.9991599069049
        },
        {
          "acoustic_entropy": 5.214293956756592,
          "acoustic_entropy_side": 5.237189769744873,
          "hz": 2261.9676141086993
        },
        {
          "acoustic_entropy": 5.136540412902832,
          "acoustic_entropy_side": 5.225716590881348,
          "hz": 2524.2759484456974
        },
        {
          "acoustic_entropy": 5.074625015258789,
          "acoustic_entropy_side": 5.2725510597229,
          "hz": 2809.813997359896
        },
        {
          "acoustic_entropy": 5.190423488616943,
          "acoustic_entropy_side": 5.223301410675049,
          "hz": 3120.6389567871424
        },
        {
          "acoustic_entropy": 5.26978874206543,
          "acoustic_entropy_side": 5.326923370361328,
          "hz": 3458.990205492291
        },
        {
          "acoustic_entropy": 5.164722442626953,
          "acoustic_entropy_side": 5.328573226928711,
          "hz": 3827.305438964164
        },
        {
          "acoustic_entropy": 5.162022113800049,
          "acoustic_entropy_side": 5.294227123260498,
          "hz": 4228.238232109126
        },
        {
          "acoustic_entropy": 5.213077545166016,
          "acoustic_entropy_side": 5.232194900512695,
          "hz": 4664.6771572759235
        },
        {
          "acoustic_entropy": 5.178800582885742,
          "acoustic_entropy_side": 5.245075225830078,
          "hz": 5139.766595350093
        },
        {
          "acoustic_entropy": 5.165834903717041,
          "acoustic_entropy_side": 5.29563045501709,
          "hz": 5656.929389854203
        },
        {
          "acoustic_entropy": 5.27148962020874,
          "acoustic_entropy_side": 5.354136943817139,
          "hz": 6219.891507268283
        },
        {
          "acoustic_entropy": 5.286194801330566,
          "acoustic_entropy_side": 5.38148307800293,
          "hz": 6832.70888123896
        },
        {
          "acoustic_entropy": 5.186274528503418,
          "acoustic_entropy_side": 5.394498348236084,
          "hz": 7499.796634079867
        },
        {
          "acoustic_entropy": 5.313439846038818,
          "acoustic_entropy_side": 5.383865833282471,
          "hz": 8225.96088609342
        },
        {
          "acoustic_entropy": 5.254094123840332,
          "acoustic_entropy_side": 5.319450378417969,
          "hz": 9016.43338188839
        },
        {
          "acoustic_entropy": 5.162761688232422,
          "acoustic_entropy_side": 5.097748279571533,
          "hz": 9876.909183162974
        },
        {
          "acoustic_entropy": 5.349939346313477,
          "acoustic_entropy_side": 5.350670337677002,
          "hz": 10813.587699516042
        },
        {
          "acoustic_entropy": 5.3304595947265625,
          "acoustic_entropy_side": 5.376465797424316,
          "hz": 11833.21735289826
        },
        {
          "acoustic_entropy": 5.353187561035156,
          "acoustic_entropy_side": 5.376455307006836,
          "hz": 12943.144197493959
        },
        {
          "acoustic_entropy": 5.350555419921875,
          "acoustic_entropy_side": 5.375680446624756,
          "hz": 14151.364845322005
        },
        {
          "acoustic_entropy": 5.346994400024414,
          "acoustic_entropy_side": 5.379579544067383,
          "hz": 15466.58407886509
        },
        {
          "acoustic_entropy": 5.370166778564453,
          "acoustic_entropy_side": 5.372280120849609,
          "hz": 16898.27756580493
        },
        {
          "acoustic_entropy": 5.374316692352295,
          "acoustic_entropy_side": 5.372097969055176,
          "hz": 18456.760127700032
        },
        {
          "acoustic_entropy": 5.372863292694092,
          "acoustic_entropy_side": 5.372075080871582,
          "hz": 20153.260054456492
        },
        {
          "acoustic_entropy": 5.372106552124023,
          "acoustic_entropy_side": 5.3720550537109375,
          "hz": 22000.00000000001
        }
      ],
      "diff_acoustic_entropy": 7.035208702087402,
      "sn": 6
    },
    {
      "acoustic_entropy": 8.921235084533691,
      "acoustic_entropy_mono": 6.447817802429199,
      "band_eliminated_acoustic_entropies": [
        {
          "acoustic_entropy": 8.554317474365234,
          "acoustic_entropy_side": 8.94495964050293,
          "hz": 129.47220167065723
        },
        {
          "acoustic_entropy": 7.720963954925537,
          "acoustic_entropy_side": 9.000146865844727,
          "hz": 202.92927478742237
        },
        {
          "acoustic_entropy": 8.726686477661133,
          "acoustic_entropy_side": 8.794127464294434,
          "hz": 282.89161906338205
        },
        {
          "acoustic_entropy": 8.55320930480957,
          "acoustic_entropy_side": 8.78101634979248,
          "hz": 369.9353335868758
        },
        {
          "acoustic_entropy": 8.929738998413086,
          "acoustic_entropy_side": 8.899188995361328,
          "hz": 464.6875360973435
        },
        {
          "acoustic_entropy": 8.903719902038574,
          "acoustic_entropy_side": 8.789671897888184,
          "hz": 567.8308811364784
        },
        {
          "acoustic_entropy": 8.804500579833984,
          "acoustic_entropy_side": 8.950907707214355,
          "hz": 680.1084783214808
        },
        {
          "acoustic_entropy": 9.277531623840332,
          "acoustic_entropy_side": 8.889874458312988,
          "hz": 802.3292461747484
        },
        {
          "acoustic_entropy": 8.997459411621094,
          "acoustic_entropy_side": 8.907114028930664,
          "hz": 935.3737400823702
        },
        {
          "acoustic_entropy": 8.885950088500977,
          "acoustic_entropy_side": 8.856782913208008,
          "hz": 1080.2004963696966
        },
        {
          "acoustic_entropy": 9.030379295349121,
          "acoustic_entropy_side": 8.950182914733887,
          "hz": 1237.8529382007157
        },
        {
          "acoustic_entropy": 8.603805541992188,
          "acoustic_entropy_side": 8.8916654586792,
          "hz": 1409.4668930556702
        },
        {
          "acoustic_entropy": 8.816099166870117,
          "acoustic_entropy_side": 8.882107734680176,
          "hz": 1596.2787759475705
        },
        {
          "acoustic_entropy": 8.727543830871582,
          "acoustic_entropy_side": 8.879255294799805,
          "hz": 1799.6344973346393
        },
        {
          "acoustic_entropy": 8.833131790161133,
          "acoustic_entropy_side": 8.912736892700195,
          "hz": 2020.9991599069049
        },
        {
          "acoustic_entropy": 9.063523292541504,
          "acoustic_entropy_side": 9.206815719604492,
          "hz": 2261.9676141086993
        },
        {
          "acoustic_entropy": 9.218141555786133,
          "acoustic_entropy_side": 9.243152618408203,
          "hz": 2524.2759484456974
        },
        {
          "acoustic_entropy": 9.204529762268066,
          "acoustic_entropy_side": 9.195939064025879,
          "hz": 2809.813997359896
        },
        {
          "acoustic_entropy": 9.211587905883789,
          "acoustic_entropy_side": 9.202292442321777,
          "hz": 3120.6389567871424
        },
        {
          "acoustic_entropy": 8.823996543884277,
          "acoustic_entropy_side": 9.06641960144043,
          "hz": 3458.990205492291
        },
        {
          "acoustic_entropy": 8.974553108215332,
          "acoustic_entropy_side": 8.991432189941406,
          "hz": 3827.305438964164
        },
        {
          "acoustic_entropy": 8.904014587402344,
          "acoustic_entropy_side": 8.929192543029785,
          "hz": 4228.238232109126
        },
        {
          "acoustic_entropy": 8.984648704528809,
          "acoustic_entropy_side": 8.997026443481445,
          "hz": 4664.6771572759235
        },
        {
          "acoustic_entropy": 8.907181739807129,
          "acoustic_entropy_side": 8.913525581359863,
          "hz": 5139.766595350093
        },
        {
          "acoustic_entropy": 8.865007400512695,
          "acoustic_entropy_side": 8.930893898010254,
          "hz": 5656.929389854203
        },
        {
          "acoustic_entropy": 8.893440246582031,
          "acoustic_entropy_side": 8.916584014892578,
          "hz": 6219.891507268283
        },
        {
          "acoustic_entropy": 8.975704193115234,
          "acoustic_entropy_side": 8.989689826965332,
          "hz": 6832.70888123896
        },
        {
          "acoustic_entropy": 8.896317481994629,
          "acoustic_entropy_side": 9.054976463317871,
          "hz": 7499.796634079867
        },
        {
          "acoustic_entropy": 9.12900161743164,
          "acoustic_entropy_side": 9.199621200561523,
          "hz": 8225.96088609342
        },
        {
          "acoustic_entropy": 9.193668365478516,
          "acoustic_entropy_side": 9.145419120788574,
          "hz": 9016.43338188839
        },
        {
          "acoustic_entropy": 8.748066902160645,
          "acoustic_entropy_side": 8.937227249145508,
          "hz": 9876.909183162974
        },
        {
          "acoustic_entropy": 9.063621520996094,
          "acoustic_entropy_side": 9.125341415405273,
          "hz": 10813.587699516042
        },
        {
          "acoustic_entropy": 8.964404106140137,
          "acoustic_entropy_side": 8.945426940917969,
          "hz": 11833.21735289826
        },
        {
          "acoustic_entropy": 8.89936351776123,
          "acoustic_entropy_side": 8.923056602478027,
          "hz": 12943.144197493959
        },
        {
          "acoustic_entropy": 8.954133033752441,
          "acoustic_entropy_side": 8.958027839660645,
          "hz": 14151.364845322005
        },
        {
          "acoustic_entropy": 8.979105949401855,
          "acoustic_entropy_side": 9.001182556152344,
          "hz": 15466.58407886509
        },
        {
          "acoustic_entropy": 8.952656745910645,
          "acoustic_entropy_side": 8.923782348632812,
          "hz": 16898.27756580493
        },
        {
          "acoustic_entropy": 8.9431734085083,
          "acoustic_entropy_side": 8.923467636108398,
          "hz": 18456.760127700032
        },
        {
          "acoustic_entropy": 8.932733535766602,
          "acoustic_entropy_side": 8.922499656677246,
          "hz": 20153.260054456492
        },
        {
          "acoustic_entropy": 8.922286033630371,
          "acoustic_entropy_side": 8.921690940856934,
          "hz": 22000.00000000001
        }
      ],
      "diff_acoustic_entropy": 10.444650650024414,
      "sn": 12
    },
    {
      "acoustic_entropy": 12.201976776123047,
      "acoustic_entropy_mono": 8.9718599319458,
      "band_eliminated_acoustic_entropies": [
        {
          "acoustic_entropy": 12.011242866516113,
          "acoustic_entropy_side": 12.391744613647461,
          "hz": 129.47220167065723
        },
        {
          "acoustic_entropy": 11.8959379196167,
          "acoustic_entropy_side": 12.520109176635742,
          "hz": 202.92927478742237
        },
        {
          "acoustic_entropy": 12.239496231079102,
          "acoustic_entropy_side": 12.279265403747559,
          "hz": 282.89161906338205
        },
        {
          "acoustic_entropy": 12.630358695983887,
          "acoustic_entropy_side": 12.605493545532227,
          "hz": 369.9353335868758
        },
        {
          "acoustic_entropy": 11.624734878540039,
          "acoustic_entropy_side": 11.292580604553223,
          "hz": 464.6875360973435
        },
        {
          "acoustic_entropy": 12.466710090637207,
          "acoustic_entropy_side": 12.186429977416992,
          "hz": 567.8308811364784
        },
        {
          "acoustic_entropy": 11.95659065246582,
          "acoustic_entropy_side": 12.438093185424805,
          "hz": 680.1084783214808
        },
        {
          "acoustic_entropy": 12.132001876831055,
          "acoustic_entropy_side": 11.926279067993164,
          "hz": 802.3292461747484
        },
        {
          "acoustic_entropy": 13.100119590759277,
          "acoustic_entropy_side": 12.403985977172852,
          "hz": 935.3737400823702
        },
        {
          "acoustic_entropy": 12.150321960449219,
          "acoustic_entropy_side": 12.032685279846191,
          "hz": 1080.2004963696966
        },
        {
          "acoustic_entropy": 12.226031303405762,
          "acoustic_entropy_side": 12.106703758239746,
          "hz": 1237.8529382007157
        },
        {
          "acoustic_entropy": 12.124249458312988,
          "acoustic_entropy_side": 12.128913879394531,
          "hz": 1409.4668930556702
        },
        {
          "acoustic_entropy": 11.998771667480469,
          "acoustic_entropy_side": 12.284724235534668,
          "hz": 1596.2787759475705
        },
        {
          "acoustic_entropy": 12.136212348937988,
          "acoustic_entropy_side": 12.101630210876465,
          "hz": 1799.6344973346393
        },
        {
          "acoustic_entropy": 12.438024520874023,
          "acoustic_entropy_side": 12.297225952148438,
          "hz": 2020.9991599069049
        },
        {
          "acoustic_entropy": 12.38515567779541,
          "acoustic_entropy_side": 12.17226791381836,
          "hz": 2261.9676141086993
        },
        {
          "acoustic_entropy": 12.306838035583496,
          "acoustic_entropy_side": 12.221678733825684,
          "hz": 2524.2759484456974
        },
        {
          "acoustic_entropy": 12.242469787597656,
          "acoustic_entropy_side": 12.132030487060547,
          "hz": 2809.813997359896
        },
        {
          "acoustic_entropy": 12.036409378051758,
          "acoustic_entropy_side": 11.985966682434082,
          "hz": 3120.6389567871424
        },
        {
          "acoustic_entropy": 12.385259628295898,
