{
  "acoustic_entropy": 206.94374084472656,
  "bands": [
    {
      "high_freq": 148.1999969482422,
      "loudness": -18.436080932617188,
      "loudness_range": 4.831089019775391,
      "mid_mean": -14.768815994262695,
      "mid_to_side_loudness": -23.322105407714844,
      "mid_to_side_loudness_range": 14.227914810180664,
      "side_mean": -38.44880294799805
    },
    {
      "high_freq": 392.3793640136719,
      "loudness": -21.859886169433594,
      "loudness_range": 7.740245819091797,
      "low_freq": 148.1999969482422,
      "mid_mean": -18.5909481048584,
      "mid_to_side_loudness": -10.95950698852539,
      "mid_to_side_loudness_range": 10.464059829711914,
      "side_mean": -29.66597557067871
    },
    {
      "high_freq": 794.6976318359375,
      "loudness": -25.90435028076172,
      "loudness_range": 9.601943969726562,
      "low_freq": 392.3793640136719,
      "mid_mean": -23.357284545898438,
      "mid_to_side_loudness": -6.044936180114746,
      "mid_to_side_loudness_range": 9.526559829711914,
      "side_mean": -29.44869613647461
    },
    {
      "high_freq": 1457.5709228515625,
      "loudness": -24.390317916870117,
      "loudness_range": 13.500720977783203,
      "low_freq": 794.6976318359375,
      "mid_mean": -21.65484619140625,
      "mid_to_side_loudness": -7.3050007820129395,
      "mid_to_side_loudness_range": 11.519131660461426,
      "side_mean": -29.057764053344727
    },
    {
      "high_freq": 2549.74365234375,
      "loudness": -24.00470733642578,
      "loudness_range": 13.394412994384766,
      "low_freq": 1457.5709228515625,
      "mid_mean": -21.104347229003906,
      "mid_to_side_loudness": -7.947231292724609,
      "mid_to_side_loudness_range": 10.213264465332031,
      "side_mean": -29.0726261138916
    },
    {
      "high_freq": 4349.24462890625,
      "loudness": -22.676422119140625,
      "loudness_range": 14.863446235656738,
      "low_freq": 2549.74365234375,
      "mid_mean": -19.6088924407959,
      "mid_to_side_loudness": -8.981603622436523,
      "mid_to_side_loudness_range": 9.598111152648926,
      "side_mean": -28.334138870239258
    },
    {
      "high_freq": 7314.1640625,
      "loudness": -23.63139533996582,
      "loudness_range": 11.204856872558594,
      "low_freq": 4349.24462890625,
      "mid_mean": -20.69382095336914,
      "mid_to_side_loudness": -7.835518836975098,
      "mid_to_side_loudness_range": 8.280323028564453,
      "side_mean": -28.61594581604004
    },
    {
      "high_freq": 12199.2666015625,
      "loudness": -27.170419692993164,
      "loudness_range": 13.329452514648438,
      "low_freq": 7314.1640625,
      "mid_mean": -24.60957145690918,
      "mid_to_side_loudness": -5.52608585357666,
      "mid_to_side_loudness_range": 5.706986427307129,
      "side_mean": -30.18316650390625
    },
    {
      "loudness": -34.92818832397461,
      "loudness_range": 11.682846069335938,
      "low_freq": 12199.2666015625,
      "mid_mean": -32.29959487915039,
      "mid_to_side_loudness": -5.781335353851318,
      "mid_to_side_loudness_range": 5.244865417480469,
      "side_mean": -38.118404388427734
    }
  ],
  "bands_short": [
    {
      "high_freq": 148.1999969482422,
      "loudness": -23.51992416381836,
      "loudness_range": 22.128494262695312,
      "mid_mean": -19.976213455200195,
      "mid_to_side_loudness": -21.98715591430664,
      "mid_to_side_loudness_range": 30.48958969116211,
      "side_mean": -42.922088623046875
    },
    {
      "high_freq": 392.3793640136719,
      "loudness": -23.23261260986328,
      "loudness_range": 18.218036651611328,
      "low_freq": 148.1999969482422,
      "mid_mean": -20.39740562438965,
      "mid_to_side_loudness": -9.736610412597656,
      "mid_to_side_loudness_range": 18.820314407348633,
      "side_mean": -30.276809692382812
    },
    {
      "high_freq": 794.6976318359375,
      "loudness": -26.712663650512695,
      "loudness_range": 12.52723503112793,
      "low_freq": 392.3793640136719,
      "mid_mean": -24.52857208251953,
      "mid_to_side_loudness": -5.3620429039001465,
      "mid_to_side_loudness_range": 13.380821228027344,
      "side_mean": -29.881296157836914
    },
    {
      "high_freq": 1457.5709228515625,
      "loudness": -25.400577545166016,
      "loudness_range": 16.856311798095703,
      "low_freq": 794.6976318359375,
      "mid_mean": -22.979598999023438,
      "mid_to_side_loudness": -6.613372325897217,
      "mid_to_side_loudness_range": 15.115819931030273,
      "side_mean": -29.68418312072754
    },
    {
      "high_freq": 2549.74365234375,
      "loudness": -25.0230770111084,
      "loudness_range": 16.07596206665039,
      "low_freq": 1457.5709228515625,
      "mid_mean": -22.406856536865234,
      "mid_to_side_loudness": -7.081079006195068,
      "mid_to_side_loudness_range": 13.565414428710938,
      "side_mean": -29.472183227539062
    },
    {
      "high_freq": 4349.24462890625,
      "loudness": -23.587522506713867,
      "loudness_range": 17.477458953857422,
      "low_freq": 2549.74365234375,
      "mid_mean": -20.770023345947266,
      "mid_to_side_loudness": -7.9389567375183105,
      "mid_to_side_loudness_range": 12.515390396118164,
      "side_mean": -28.742881774902344
    },
    {
      "high_freq": 7314.1640625,
      "loudness": -24.272754669189453,
      "loudness_range": 13.578109741210938,
      "low_freq": 4349.24462890625,
      "mid_mean": -21.525550842285156,
      "mid_to_side_loudness": -7.1423468589782715,
      "mid_to_side_loudness_range": 10.624727249145508,
      "side_mean": -28.75977897644043
    },
    {
      "high_freq": 12199.2666015625,
      "loudness": -27.915815353393555,
      "loudness_range": 15.178125381469727,
      "low_freq": 7314.1640625,
      "mid_mean": -25.489614486694336,
      "mid_to_side_loudness": -5.109351634979248,
      "mid_to_side_loudness_range": 7.0670671463012695,
      "side_mean": -30.684263229370117
    },
    {
      "loudness": -35.809303283691406,
      "loudness_range": 15.268379211425781,
      "low_freq": 12199.2666015625,
      "mid_mean": -33.326725006103516,
      "mid_to_side_loudness": -5.3201069831848145,
      "mid_to_side_loudness_range": 6.620297431945801,
      "side_mean": -38.715057373046875
    }
  ],
  "bandwidth": 709.5839233398438,
  "channels": 2,
  "covariance": [
    [
      5.7233476638793945,
      0.27886709570884705,
      2.947275161743164,
      -0.09322891384363174,
      -0.5342315435409546,
      0.01445807795971632,
      -1.0920659303665161,
      -0.14088891446590424,
      -0.8835504055023193,
      0.019059831276535988,
      0.03854570910334587,
      0.352184534072876,
      0.2955196499824524,
      0.8037629723548889,
      1.731765627861023,
      2.020028591156006,
      0.4641422629356384,
      0.8274725079536438
    ],
    [
      0.27886709570884705,
      15.930013656616211,
      1.7883756160736084,
      5.997344017028809,
      2.7327468395233154,
      4.33574104309082,
      4.326992988586426,
      4.538975715637207,
      3.787104606628418,
      3.998600959777832,
      4.336827278137207,
      3.0925116539001465,
      4.344934463500977,
      4.33170747756958,
      3.7798428535461426,
      3.028778314590454,
      2.5129263401031494,
      2.214409112930298
    ],
    [
      2.947275161743164,
      1.7883756160736084,
      8.498385429382324,
      3.213937520980835,
      2.901747465133667,
      2.3907644748687744,
      2.3576278686523438,
      2.29726505279541,
      2.2004880905151367,
      2.4393258094787598,
      3.8379528522491455,
      2.1726505756378174,
      4.767332077026367,
      3.8411643505096436,
      7.696323394775391,
      6.146866321563721,
      5.09105110168457,
      4.283994197845459
    ],
    [
      -0.09322891384363174,
      5.997344017028809,
      3.213937520980835,
      12.321080207824707,
      5.804077625274658,
      8.018678665161133,
      6.427138328552246,
      8.542142868041992,
      5.897045612335205,
      7.295546054840088,
      8.476099014282227,
      6.3074727058410645,
      6.7405853271484375,
      7.863851070404053,
      6.295536041259766,
      5.697407245635986,
      4.884382247924805,
      5.112820148468018
    ],
    [
      -0.5342315435409546,
      2.7327468395233154,
      2.901747465133667,
      5.804077625274658,
      15.120451927185059,
      7.788003921508789,
      10.89202880859375,
      7.401347637176514,
      9.336901664733887,
      6.806753158569336,
      12.664111137390137,
      6.412477970123291,
      9.545894622802734,
      6.501918315887451,
      6.120635032653809,
      4.517970085144043,
      4.005368232727051,
      3.1992526054382324
    ],
    [
      0.01445807795971632,
      4.33574104309082,
      2.3907644748687744,
      8.018678665161133,
      7.788003921508789,
      11.78895092010498,
      9.229875564575195,
      10.539369583129883,
      8.632566452026367,
      9.669934272766113,
      9.915119171142578,
      7.208157539367676,
      8.111053466796875,
      8.585708618164062,
      6.7472381591796875,
      6.1475300788879395,
      4.8193745613098145,
      5.012111663818359
    ],
    [
      -1.0920659303665161,
      4.326992988586426,
      2.3576278686523438,
      6.427138328552246,
      10.89202880859375,
      9.229875564575195,
      29.22760581970215,
      14.923469543457031,
      23.722885131835938,
      13.283472061157227,
      15.103636741638184,
      8.514033317565918,
      13.877887725830078,
      8.907501220703125,
      7.0870256423950195,
      5.260911464691162,
      5.100702285766602,
      4.115600109100342
    ],
    [
      -0.14088891446590424,
      4.538975715637207,
      2.29726505279541,
      8.542142868041992,
      7.401347637176514,
      10.539369583129883,
      14.923469543457031,
      16.838430404663086,
      13.75119400024414,
      13.54624080657959,
      12.22591781616211,
      9.555110931396484,
      10.720699310302734,
      10.704492568969727,
      8.595242500305176,
      7.724995136260986,
      6.644670009613037,
      6.938925743103027
    ],
    [
      -0.8835504055023193,
      3.787104606628418,
      2.2004880905151367,
      5.897045612335205,
      9.336901664733887,
      8.632566452026367,
      23.722885131835938,
      13.75119400024414,
      26.789567947387695,
      15.588500022888184,
      15.499783515930176,
      9.737436294555664,
      15.848538398742676,
      10.875629425048828,
      10.128434181213379,
      8.067609786987305,
      7.5647478103637695,
      6.767452716827393
    ],
    [
      0.019059831276535988,
      3.998600959777832,
      2.4393258094787598,
      7.295546054840088,
      6.806753158569336,
      9.669934272766113,
      13.283472061157227,
      13.54624080657959,
      15.588500022888184,
      17.34499740600586,
      12.298115730285645,
      10.699355125427246,
      11.528892517089844,
      12.209077835083008,
      10.54249095916748,
      9.866019248962402,
      8.527819633483887,
      9.174325942993164
    ],
    [
      0.03854570910334587,
      4.336827278137207,
      3.8379528522491455,
      8.476099014282227,
      12.664111137390137,
      9.915119171142578,
      15.103636741638184,
      12.22591781616211,
      15.499783515930176,
      12.298115730285645,
      28.765182495117188,
      15.696341514587402,
      20.0154972076416,
      13.459977149963379,
      13.125649452209473,
      9.745674133300781,
      8.581229209899902,
      8.080521583557129
    ],
    [
      0.352184534072876,
      3.0925116539001465,
      2.1726505756378174,
      6.3074727058410645,
      6.412477970123291,
      7.208157539367676,
      8.514033317565918,
      9.555110931396484,
      9.737436294555664,
      10.699355125427246,
      15.696341514587402,
      15.316122055053711,
      11.892388343811035,
      11.795984268188477,
      9.834834098815918,
      9.040053367614746,
      7.6006550788879395,
      8.345780372619629
    ],
    [
      0.2955196499824524,
      4.344934463500977,
      4.767332077026367,
      6.7405853271484375,
      9.545894622802734,
      8.111053466796875,
      13.877887725830078,
      10.720699310302734,
      15.848538398742676,
      11.528892517089844,
      20.0154972076416,
      11.892388343811035,
      19.743539810180664,
      13.144181251525879,
      15.217877388000488,
      11.322074890136719,
      10.16235637664795,
      9.267132759094238
    ],
    [
      0.8037629723548889,
      4.33170747756958,
      3.8411643505096436,
      7.863851070404053,
      6.501918315887451,
      8.585708618164062,
      8.907501220703125,
      10.704492568969727,
      10.875629425048828,
      12.209077835083008,
      13.459977149963379,
      11.795984268188477,
      13.144181251525879,
      14.852861404418945,
      13.536354064941406,
      12.814988136291504,
      10.408883094787598,
      11.271137237548828
    ],
    [
      1.731765627861023,
      3.7798428535461426,
      7.696323394775391,
      6.295536041259766,
      6.120635032653809,
      6.7472381591796875,
      7.0870256423950195,
      8.595242500305176,
      10.128434181213379,
      10.54249095916748,
      13.125649452209473,
      9.834834098815918,
      15.217877388000488,
      13.536354064941406,
      22.032188415527344,
      17.256168365478516,
      16.00868797302246,
      14.583109855651855
    ],
    [
      2.020028591156006,
      3.028778314590454,
      6.146866321563721,
      5.697407245635986,
      4.517970085144043,
      6.1475300788879395,
      5.260911464691162,
      7.724995136260986,
      8.067609786987305,
      9.866019248962402,
      9.745674133300781,
      9.040053367614746,
      11.322074890136719,
      12.814988136291504,
      17.256168365478516,
      17.091583251953125,
      13.876778602600098,
      15.178877830505371
    ],
    [
      0.4641422629356384,
      2.5129263401031494,
      5.09105110168457,
      4.884382247924805,
      4.005368232727051,
      4.8193745613098145,
      5.100702285766602,
      6.644670009613037,
      7.5647478103637695,
      8.527819633483887,
      8.581229209899902,
      7.6006550788879395,
      10.16235637664795,
      10.408883094787598,
      16.00868797302246,
      13.876778602600098,
      14.843278884887695,
      14.10429573059082
    ],
    [
      0.8274725079536438,
      2.214409112930298,
      4.283994197845459,
      5.112820148468018,
      3.1992526054382324,
      5.012111663818359,
      4.115600109100342,
      6.938925743103027,
      6.767452716827393,
      9.174325942993164,
      8.080521583557129,
      8.345780372619629,
      9.267132759094238,
      11.271137237548828,
      14.583109855651855,
      15.178877830505371,
      14.10429573059082,
      16.91591453552246
    ]
  ],
  "covariance_short": [
    [
      55.552391052246094,
      5.516133785247803,
      13.204163551330566,
      5.70833683013916,
      3.026059627532959,
      2.7763254642486572,
      5.43844747543335,
      5.344376564025879,
      4.325037002563477,
      3.4659087657928467,
      5.012067794799805,
      3.2496159076690674,
      2.7809581756591797,
      4.469232082366943,
      5.64528226852417,
      6.4944047927856445,
      5.546405792236328,
      5.816530704498291
    ],
    [
      5.516133785247803,
      42.3941764831543,
      7.370293140411377,
      10.231287956237793,
      6.115097999572754,
      6.756744384765625,
      9.190488815307617,
      7.159024238586426,
      6.8264079093933105,
      5.331480026245117,
      6.686549186706543,
      5.631579399108887,
      5.911386966705322,
      4.88175630569458,
      2.8064358234405518,
      3.128288507461548,
      2.4445927143096924,
      2.1457760334014893
    ],
    [
      13.204163551330566,
      7.370293140411377,
      43.0240592956543,
      8.192462921142578,
      12.102469444274902,
      5.500341415405273,
      10.982763290405273,
      7.801042079925537,
      9.301257133483887,
      4.947676181793213,
      11.8153657913208,
      5.521163463592529,
      10.338491439819336,
      6.819962024688721,
      11.923151016235352,
      9.257763862609863,
      12.001107215881348,
      9.542682647705078
    ],
    [
      5.70833683013916,
      10.231287956237793,
      8.192462921142578,
      18.135995864868164,
      6.601027011871338,
      7.865769863128662,
      6.453611373901367,
      8.66500186920166,
      5.648506164550781,
      6.349548816680908,
      8.594691276550293,
      8.29745864868164,
      6.523808479309082,
      7.792450428009033,
      6.786680221557617,
      7.216226577758789,
      6.732885360717773,
      7.3600077629089355
    ],
    [
      3.026059627532959,
      6.115097999572754,
      12.102469444274902,
      6.601027011871338,
      25.770511627197266,
      9.63635540008545,
      16.644550323486328,
      9.881447792053223,
      13.731719970703125,
      8.002975463867188,
      18.686983108520508,
      10.34909439086914,
      14.661911010742188,
      8.628660202026367,
      9.091622352600098,
      6.957763671875,
      7.343374729156494,
      6.216611385345459
    ],
    [
      2.7763254642486572,
      6.756744384765625,
      5.500341415405273,
      7.865769863128662,
      9.63635540008545,
      15.595903396606445,
      10.180834770202637,
      10.70483684539795,
      9.03040599822998,
      8.888589859008789,
      10.764595985412598,
      9.54763126373291,
      8.634522438049316,
      8.340747833251953,
      7.236180782318115,
      7.318971633911133,
      6.604348659515381,
      7.014340877532959
    ],
    [
      5.43844747543335,
      9.190488815307617,
      10.982763290405273,
      6.453611373901367,
      16.644550323486328,
      10.180834770202637,
      43.63846206665039,
      18.74962043762207,
      32.79654312133789,
      14.699868202209473,
      23.46434211730957,
      13.116715431213379,
      20.864992141723633,
      10.956875801086426,
      10.545845031738281,
      7.889788627624512,
      9.281749725341797,
      7.500263690948486
    ],
    [
      5.344376564025879,
      7.159024238586426,
      7.801042079925537,
      8.66500186920166,
      9.881447792053223,
      10.70483684539795,
      18.74962043762207,
      22.231857299804688,
      16.502403259277344,
      14.221747398376465,
      14.71418571472168,
      13.307605743408203,
      12.892251014709473,
      11.749988555908203,
      10.247710227966309,
      9.944073677062988,
      10.040763854980469,
      10.310726165771484
    ],
    [
      4.325037002563477,
      6.8264079093933105,
      9.301257133483887,
      5.648506164550781,
      13.731719970703125,
      9.03040599822998,
      32.79654312133789,
      16.502403259277344,
      37.915523529052734,
      17.137792587280273,
      23.14519500732422,
      13.60068416595459,
      22.442218780517578,
      12.797224044799805,
      13.805602073669434,
      10.621593475341797,
      12.175169944763184,
      10.295746803283691
    ],
    [
      3.4659087657928467,
      5.331480026245117,
      4.947676181793213,
      6.349548816680908,
      8.002975463867188,
      8.888589859008789,
      14.699868202209473,
      14.221747398376465,
      17.137792587280273,
      19.428665161132812,
      13.74668025970459,
      13.993820190429688,
      13.222343444824219,
      12.973508834838867,
      11.864555358886719,
      11.683722496032715,
      11.543681144714355,
      11.990041732788086
    ],
    [
      5.012067794799805,
      6.686549186706543,
      11.8153657913208,
      8.594691276550293,
      18.686983108520508,
      10.764595985412598,
      23.46434211730957,
      14.71418571472168,
      23.14519500732422,
      13.74668025970459,
      40.935508728027344,
      20.553794860839844,
      28.68304443359375,
      15.861491203308105,
      17.625499725341797,
      12.482463836669922,
      14.00296688079834,
      12.02808952331543
    ],
    [
      3.2496159076690674,
      5.631579399108887,
      5.521163463592529,
      8.29745864868164,
      10.34909439086914,
      9.54763126373291,
      13.116715431213379,
      13.307605743408203,
      13.60068416595459,
      13.993820190429688,
      20.553794860839844,
      20.88778305053711,
      15.911131858825684,
      15.163719177246094,
      13.005993843078613,
      12.270217895507812,
      11.549942016601562,
      11.932589530944824
    ],
    [
      2.7809581756591797,
      5.911386966705322,
      10.338491439819336,
      6.523808479309082,
      14.661911010742188,
      8.634522438049316,
      20.864992141723633,
      12.892251014709473,
      22.442218780517578,
      13.222343444824219,
      28.68304443359375,
      15.911131858825684,
      30.291688919067383,
      16.394330978393555,
      21.69908332824707,
      15.148683547973633,
      17.288599014282227,
      14.18881607055664
    ],
    [
      4.469232082366943,
      4.88175630569458,
      6.819962024688721,
      7.792450428009033,
      8.628660202026367,
      8.340747833251953,
      10.956875801086426,
      11.749988555908203,
      12.797224044799805,
      12.973508834838867,
      15.861491203308105,
      15.163719177246094,
      16.394330978393555,
      18.12103271484375,
      17.440073013305664,
      16.713878631591797,
      15.792997360229492,
      15.793177604675293
    ],
    [
      5.64528226852417,
      2.8064358234405518,
      11.923151016235352,
      6.786680221557617,
      9.091622352600098,
      7.236180782318115,
      10.545845031738281,
      10.247710227966309,
      13.805602073669434,
      11.864555358886719,
      17.625499725341797,
      13.005993843078613,
      21.69908332824707,
      17.440073013305664,
      32.391204833984375,
      24.288293838500977,
      27.603294372558594,
      23.121675491333008
    ],
    [
      6.4944047927856445,
      3.128288507461548,
      9.257763862609863,
      7.216226577758789,
      6.957763671875,
      7.318971633911133,
      7.889788627624512,
      9.944073677062988,
      10.621593475341797,
      11.683722496032715,
      12.482463836669922,
      12.270217895507812,
      15.148683547973633,
      16.713878631591797,
      24.288293838500977,
      24.12053871154785,
      22.55280876159668,
      22.79235076904297
    ],
    [
      5.546405792236328,
      2.4445927143096924,
      12.001107215881348,
      6.732885360717773,
      7.343374729156494,
      6.604348659515381,
      9.281749725341797,
      10.040763854980469,
      12.175169944763184,
      11.543681144714355,
      14.00296688079834,
      11.549942016601562,
      17.288599014282227,
      15.792997360229492,
      27.603294372558594,
      22.55280876159668,
      30.851688385009766,
      25.859102249145508
    ],
    [
      5.816530704498291,
      2.1457760334014893,
      9.542682647705078,
      7.3600077629089355,
      6.216611385345459,
      7.014340877532959,
      7.500263690948486,
      10.310726165771484,
      10.295746803283691,
      11.990041732788086,
      12.02808952331543,
      11.932589530944824,
      14.18881607055664,
      15.793177604675293,
      23.121675491333008,
      22.79235076904297,
      25.859102249145508,
      28.017990112304688
    ]
  ],
  "damage": -4.952451705932617,
  "diff_bandwidth": 694.8118896484375,
  "dissonance": 10.771981051988934,
  "drr": 1.7107248306274414,
  "dynamics": 2.468177080154419,
  "format": 1245190,
  "frames": 14137344,
  "loudness": -9.570719718933105,
  "loudness_range": 5.457737922668457,
  "loudness_range_short": 10.299233436584473,
  "lowpass_true_peak_15khz": 0.5406901836395264,
  "mastering3_acoustic_entropies": [
    {
      "acoustic_entropy": 8.239679336547852,
      "acoustic_entropy_mono": 8.16720962524414,
      "band_eliminated_acoustic_entropies": [
        {
          "acoustic_entropy": 8.31403636932373,
          "acoustic_entropy_side": 8.23967170715332,
          "hz": 129.47220167065723
        },
        {
          "acoustic_entropy": 8.288436889648438,
          "acoustic_entropy_side": 8.240202903747559,
          "hz": 202.92927478742237
        },
        {
          "acoustic_entropy": 8.46633529663086,
          "acoustic_entropy_side": 8.240556716918945,
          "hz": 282.89161906338205
        },
        {
          "acoustic_entropy": 8.445840835571289,
          "acoustic_entropy_side": 8.250533103942871,
          "hz": 369.9353335868758
        },
        {
          "acoustic_entropy": 8.261021614074707,
          "acoustic_entropy_side": 8.259730339050293,
          "hz": 464.6875360973435
        },
        {
          "acoustic_entropy": 8.344908714294434,
          "acoustic_entropy_side": 8.254172325134277,
          "hz": 567.8308811364784
        },
        {
          "acoustic_entropy": 8.24191665649414,
          "acoustic_entropy_side": 8.24710750579834,
          "hz": 680.1084783214808
        },
        {
          "acoustic_entropy": 7.997546672821045,
          "acoustic_entropy_side": 8.235321044921875,
          "hz": 802.3292461747484
        },
        {
          "acoustic_entropy": 8.003702163696289,
          "acoustic_entropy_side": 8.196906089782715,
          "hz": 935.3737400823702
        },
        {
          "acoustic_entropy": 8.134364128112793,
          "acoustic_entropy_side": 8.200989723205566,
          "hz": 1080.2004963696966
        },
        {
          "acoustic_entropy": 8.340165138244629,
          "acoustic_entropy_side": 8.295891761779785,
          "hz": 1237.8529382007157
        },
        {
          "acoustic_entropy": 8.2643404006958,
          "acoustic_entropy_side": 8.165884017944336,
          "hz": 1409.4668930556702
        },
        {
          "acoustic_entropy": 7.947273254394531,
          "acoustic_entropy_side": 8.152427673339844,
          "hz": 1596.2787759475705
        },
        {
          "acoustic_entropy": 8.419265747070312,
          "acoustic_entropy_side": 8.250605583190918,
          "hz": 1799.6344973346393
        },
        {
          "acoustic_entropy": 7.966578960418701,
          "acoustic_entropy_side": 8.219139099121094,
          "hz": 2020.9991599069049
        },
        {
          "acoustic_entropy": 7.916108131408691,
          "acoustic_entropy_side": 8.172165870666504,
          "hz": 2261.9676141086993
        },
        {
          "acoustic_entropy": 8.530543327331543,
          "acoustic_entropy_side": 8.2431001663208,
          "hz": 2524.2759484456974
        },
        {
          "acoustic_entropy": 7.709386825561523,
          "acoustic_entropy_side": 8.189621925354004,
          "hz": 2809.813997359896
        },
        {
          "acoustic_entropy": 7.7306952476501465,
          "acoustic_entropy_side": 8.054096221923828,
          "hz": 3120.6389567871424
        },
        {
          "acoustic_entropy": 8.323515892028809,
          "acoustic_entropy_side": 8.223319053649902,
          "hz": 3458.990205492291
        },
        {
          "acoustic_entropy": 8.031597137451172,
          "acoustic_entropy_side": 8.249711990356445,
          "hz": 3827.305438964164
        },
        {
          "acoustic_entropy": 8.131388664245605,
          "acoustic_entropy_side": 8.204320907592773,
          "hz": 4228.238232109126
        },
        {
          "acoustic_entropy": 8.092259407043457,
          "acoustic_entropy_side": 8.246124267578125,
          "hz": 4664.6771572759235
        },
        {
          "acoustic_entropy": 8.299758911132812,
          "acoustic_entropy_side": 8.255937576293945,
          "hz": 5139.766595350093
        },
        {
          "acoustic_entropy": 8.149253845214844,
          "acoustic_entropy_side": 8.257001876831055,
          "hz": 5656.929389854203
        },
        {
          "acoustic_entropy": 8.301752090454102,
          "acoustic_entropy_side": 8.290712356567383,
          "hz": 6219.891507268283
        },
        {
          "acoustic_entropy": 8.228646278381348,
          "acoustic_entropy_side": 8.280467987060547,
          "hz": 6832.70888123896
        },
        {
          "acoustic_entropy": 8.225383758544922,
          "acoustic_entropy_side": 8.262490272521973,
          "hz": 7499.796634079867
        },
        {
          "acoustic_entropy": 8.215909004211426,
          "acoustic_entropy_side": 8.253276824951172,
          "hz": 8225.96088609342
        },
        {
          "acoustic_entropy": 8.189967155456543,
          "acoustic_entropy_side": 8.246458053588867,
          "hz": 9016.43338188839
        },
        {
          "acoustic_entropy": 8.199152946472168,
          "acoustic_entropy_side": 8.24103832244873,
          "hz": 9876.909183162974
        },
        {
          "acoustic_entropy": 8.255739212036133,
          "acoustic_entropy_side": 8.23810863494873,
          "hz": 10813.587699516042
        },
        {
          "acoustic_entropy": 8.297658920288086,
          "acoustic_entropy_side": 8.237278938293457,
          "hz": 11833.21735289826
        },
        {
          "acoustic_entropy": 8.195308685302734,
          "acoustic_entropy_side": 8.125432014465332,
          "hz": 12943.144197493959
        },
        {
          "acoustic_entropy": 8.162711143493652,
          "acoustic_entropy_side": 8.196860313415527,
          "hz": 14151.364845322005
        },
        {
          "acoustic_entropy": 8.247309684753418,
          "acoustic_entropy_side": 8.231632232666016,
          "hz": 15466.58407886509
        },
        {
          "acoustic_entropy": 8.247726440429688,
          "acoustic_entropy_side": 8.24012279510498,
          "hz": 16898.27756580493
        },
        {
          "acoustic_entropy": 8.260588645935059,
          "acoustic_entropy_side": 8.249926567077637,
          "hz": 18456.760127700032
        },
        {
          "acoustic_entropy": 8.250934600830078,
          "acoustic_entropy_side": 8.250667572021484,
          "hz": 20153.260054456492
        },
        {
          "acoustic_entropy": 8.243061065673828,
          "acoustic_entropy_side": 8.241617202758789,
          "hz": 22000.00000000001
        }
      ],
      "diff_acoustic_entropy": 7.005038261413574,
      "sn": 6
    },
    {
      "acoustic_entropy": 10.600506782531738,
      "acoustic_entropy_mono": 10.663691520690918,
      "band_eliminated_acoustic_entropies": [
        {
          "acoustic_entropy": 11.147117614746094,
          "acoustic_entropy_side": 10.600297927856445,
          "hz": 129.47220167065723
        },
        {
          "acoustic_entropy": 11.013068199157715,
          "acoustic_entropy_side": 10.586786270141602,
          "hz": 202.92927478742237
        },
        {
          "acoustic_entropy": 11.089886665344238,
          "acoustic_entropy_side": 10.530526161193848,
          "hz": 282.89161906338205
        },
        {
          "acoustic_entropy": 10.93618106842041,
          "acoustic_entropy_side": 10.638225555419922,
          "hz": 369.9353335868758
        },
        {
          "acoustic_entropy": 10.902816772460938,
          "acoustic_entropy_side": 10.620647430419922,
          "hz": 464.6875360973435
        },
        {
          "acoustic_entropy": 11.682069778442383,
          "acoustic_entropy_side": 10.685932159423828,
          "hz": 567.8308811364784
        },
        {
          "acoustic_entropy": 10.955863952636719,
          "acoustic_entropy_side": 10.513946533203125,
          "hz": 680.1084783214808
        },
        {
          "acoustic_entropy": 10.78335952758789,
          "acoustic_entropy_side": 10.754058837890625,
          "hz": 802.3292461747484
        },
        {
          "acoustic_entropy": 11.149028778076172,
          "acoustic_entropy_side": 10.65810489654541,
          "hz": 935.3737400823702
        },
        {
          "acoustic_entropy": 11.57658576965332,
          "acoustic_entropy_side": 11.047369003295898,
          "hz": 1080.2004963696966
        },
        {
          "acoustic_entropy": 10.847172737121582,
          "acoustic_entropy_side": 10.326764106750488,
          "hz": 1237.8529382007157
        },
        {
          "acoustic_entropy": 10.839813232421875,
          "acoustic_entropy_side": 10.49685001373291,
          "hz": 1409.4668930556702
        },
        {
          "acoustic_entropy": 10.892926216125488,
          "acoustic_entropy_side": 10.877588272094727,
          "hz": 1596.2787759475705
        },
        {
          "acoustic_entropy": 10.548005104064941,
          "acoustic_entropy_side": 10.399659156799316,
          "hz": 1799.6344973346393
        },
        {
          "acoustic_entropy": 10.692605018615723,
          "acoustic_entropy_side": 10.74335765838623,
          "hz": 2020.9991599069049
        },
        {
          "acoustic_entropy": 11.128031730651855,
          "acoustic_entropy_side": 10.792059898376465,
          "hz": 2261.9676141086993
        },
        {
          "acoustic_entropy": 10.879140853881836,
          "acoustic_entropy_side": 10.607712745666504,
          "hz": 2524.2759484456974
        },
        {
          "acoustic_entropy": 11.183008193969727,
          "acoustic_entropy_side": 10.526728630065918,
          "hz": 2809.813997359896
        },
        {
          "acoustic_entropy": 11.827600479125977,
          "acoustic_entropy_side": 10.50110149383545,
          "hz": 3120.6389567871424
        },
        {
          "acoustic_entropy": 11.347661972045898,
          "acoustic_entropy_side": 10.746967315673828,
          "hz": 3458.990205492291
        },
        {
          "acoustic_entropy": 10.452239036560059,
          "acoustic_entropy_side": 10.571247100830078,
          "hz": 3827.305438964164
        },
        {
          "acoustic_entropy": 10.617996215820312,
          "acoustic_entropy_side": 10.665714263916016,
          "hz": 4228.238232109126
        },
        {
          "acoustic_entropy": 10.437010765075684,
          "acoustic_entropy_side": 10.516850471496582,
          "hz": 4664.6771572759235
        },
        {
          "acoustic_entropy": 10.504976272583008,
          "acoustic_entropy_side": 10.584888458251953,
          "hz": 5139.766595350093
        },
        {
          "acoustic_entropy": 10.557130813598633,
          "acoustic_entropy_side": 10.61127758026123,
          "hz": 5656.929389854203
        },
        {
          "acoustic_entropy": 10.48124885559082,
          "acoustic_entropy_side": 10.477457046508789,
          "hz": 6219.891507268283
        },
        {
          "acoustic_entropy": 10.347858428955078,
          "acoustic_entropy_side": 10.496532440185547,
          "hz": 6832.70888123896
        },
        {
          "acoustic_entropy": 10.394614219665527,
          "acoustic_entropy_side": 10.479538917541504,
          "hz": 7499.796634079867
        },
        {
          "acoustic_entropy": 10.435853004455566,
          "acoustic_entropy_side": 10.55395793914795,
          "hz": 8225.96088609342
        },
        {
          "acoustic_entropy": 10.525705337524414,
          "acoustic_entropy_side": 10.576359748840332,
          "hz": 9016.43338188839
        },
        {
          "acoustic_entropy": 10.493874549865723,
          "acoustic_entropy_side": 10.600954055786133,
          "hz": 9876.909183162974
        },
        {
          "acoustic_entropy": 10.6317138671875,
          "acoustic_entropy_side": 10.603469848632812,
          "hz": 10813.587699516042
        },
        {
          "acoustic_entropy": 10.600249290466309,
          "acoustic_entropy_side": 10.667147636413574,
          "hz": 11833.21735289826
        },
        {
          "acoustic_entropy": 10.815414428710938,
          "acoustic_entropy_side": 10.850939750671387,
          "hz": 12943.144197493959
        },
        {
          "acoustic_entropy": 10.512871742248535,
          "acoustic_entropy_side": 10.570599555969238,
          "hz": 14151.364845322005
        },
        {
          "acoustic_entropy": 10.713871002197266,
          "acoustic_entropy_side": 10.655543327331543,
          "hz": 15466.58407886509
        },
        {
          "acoustic_entropy": 10.904362678527832,
          "acoustic_entropy_side": 10.766671180725098,
          "hz": 16898.27756580493
        },
        {
          "acoustic_entropy": 11.000466346740723,
          "acoustic_entropy_side": 10.827674865722656,
          "hz": 18456.760127700032
        },
        {
          "acoustic_entropy": 10.87887191772461,
          "acoustic_entropy_side": 10.756789207458496,
          "hz": 20153.260054456492
        },
        {
          "acoustic_entropy": 10.665987968444824,
          "acoustic_entropy_side": 10.635934829711914,
          "hz": 22000.00000000001
        }
      ],
      "diff_acoustic_entropy": 10.792855262756348,
      "sn": 12
    },
    {
      "acoustic_entropy": 14.835965156555176,
      "acoustic_entropy_mono": 13.7800931930542,
      "band_eliminated_acoustic_entropies": [
        {
          "acoustic_entropy": 14.89205265045166,
          "acoustic_entropy_side": 14.857488632202148,
          "hz": 129.47220167065723
        },
        {
          "acoustic_entropy": 15.380188941955566,
          "acoustic_entropy_side": 15.071179389953613,
          "hz": 202.92927478742237
        },
        {
          "acoustic_entropy": 15.348572731018066,
          "acoustic_entropy_side": 15.496779441833496,
          "hz": 282.89161906338205
        },
        {
          "acoustic_entropy": 14.823609352111816,
          "acoustic_entropy_side": 15.136686325073242,
          "hz": 369.9353335868758
        },
        {
          "acoustic_entropy": 14.883157730102539,
          "acoustic_entropy_side": 14.994318962097168,
          "hz": 464.6875360973435
        },
        {
          "acoustic_entropy": 14.718990325927734,
          "acoustic_entropy_side": 14.883219718933105,
          "hz": 567.8308811364784
        },
        {
          "acoustic_entropy": 15.290536880493164,
          "acoustic_entropy_side": 15.150891304016113,
          "hz": 680.1084783214808
        },
        {
          "acoustic_entropy": 14.892269134521484,
          "acoustic_entropy_side": 14.736625671386719,
          "hz": 802.3292461747484
        },
        {
          "acoustic_entropy": 14.576416015625,
          "acoustic_entropy_side": 14.928487777709961,
          "hz": 935.3737400823702
        },
        {
          "acoustic_entropy": 14.757497787475586,
          "acoustic_entropy_side": 14.602604866027832,
          "hz": 1080.2004963696966
        },
        {
          "acoustic_entropy": 14.97758960723877,
          "acoustic_entropy_side": 14.578229904174805,
          "hz": 1237.8529382007157
        },
        {
          "acoustic_entropy": 14.88206958770752,
          "acoustic_entropy_side": 15.247188568115234,
          "hz": 1409.4668930556702
        },
        {
          "acoustic_entropy": 15.069148063659668,
          "acoustic_entropy_side": 15.380746841430664,
          "hz": 1596.2787759475705
        },
        {
          "acoustic_entropy": 14.81619930267334,
          "acoustic_entropy_side": 15.183517456054688,
          "hz": 1799.6344973346393
        },
        {
          "acoustic_entropy": 14.551308631896973,
          "acoustic_entropy_side": 14.675044059753418,
          "hz": 2020.9991599069049
        },
        {
          "acoustic_entropy": 14.69876480102539,
          "acoustic_entropy_side": 14.87582015991211,
          "hz": 2261.9676141086993
        },
        {
          "acoustic_entropy": 15.158666610717773,
          "acoustic_entropy_side": 15.205693244934082,
          "hz": 2524.2759484456974
        },
        {
          "acoustic_entropy": 14.223451614379883,
          "acoustic_entropy_side": 14.579259872436523,
          "hz": 2809.813997359896
        },
        {
          "acoustic_entropy": 15.351341247558594,
