{
  "acoustic_entropy": 146.2822265625,
  "bands": [
    {
      "high_freq": 148.1999969482422,
      "loudness": -40.3288688659668,
      "loudness_range": 24.786489486694336,
      "mid_mean": -37.03956985473633,
      "mid_to_side_loudness": -16.061595916748047,
      "mid_to_side_loudness_range": 17.852251052856445,
      "side_mean": -54.06202697753906
    },
    {
      "high_freq": 392.3793640136719,
      "loudness": -32.14238357543945,
      "loudness_range": 18.187458038330078,
      "low_freq": 148.1999969482422,
      "mid_mean": -28.693958282470703,
      "mid_to_side_loudness": -14.490854263305664,
      "mid_to_side_loudness_range": 16.088254928588867,
      "side_mean": -43.56574249267578
    },
    {
      "high_freq": 794.6976318359375,
      "loudness": -26.76561737060547,
      "loudness_range": 14.762292861938477,
      "low_freq": 392.3793640136719,
      "mid_mean": -23.38212776184082,
      "mid_to_side_loudness": -13.643247604370117,
      "mid_to_side_loudness_range": 13.241375923156738,
      "side_mean": -37.10348129272461
    },
    {
      "high_freq": 1457.5709228515625,
      "loudness": -30.376846313476562,
      "loudness_range": 17.632591247558594,
      "low_freq": 794.6976318359375,
      "mid_mean": -26.9115047454834,
      "mid_to_side_loudness": -15.013072967529297,
      "mid_to_side_loudness_range": 13.162592887878418,
      "side_mean": -42.284000396728516
    },
    {
      "high_freq": 2549.74365234375,
      "loudness": -34.2890510559082,
      "loudness_range": 15.618167877197266,
      "low_freq": 1457.5709228515625,
      "mid_mean": -30.87106704711914,
      "mid_to_side_loudness": -13.173615455627441,
      "mid_to_side_loudness_range": 12.639904022216797,
      "side_mean": -44.67331314086914
    },
    {
      "high_freq": 4349.24462890625,
      "loudness": -39.9857292175293,
      "loudness_range": 17.764955520629883,
      "low_freq": 2549.74365234375,
      "mid_mean": -36.532470703125,
      "mid_to_side_loudness": -15.535460472106934,
      "mid_to_side_loudness_range": 12.691896438598633,
      "side_mean": -53.65945816040039
    },
    {
      "high_freq": 7314.1640625,
      "loudness": -51.621910095214844,
      "loudness_range": 22.351787567138672,
      "low_freq": 4349.24462890625,
      "mid_mean": -48.74349594116211,
      "mid_to_side_loudness": -18.564958572387695,
      "mid_to_side_loudness_range": 13.51024055480957,
      "side_mean": -64.78022766113281
    },
    {
      "high_freq": 12199.2666015625,
      "loudness": -66.36265563964844,
      "loudness_range": 23.219989776611328,
      "low_freq": 7314.1640625,
      "mid_mean": -61.56201171875,
      "mid_to_side_loudness": -22.719148635864258,
      "mid_to_side_loudness_range": 24.007022857666016,
      "side_mean": -69.66873168945312
    },
    {
      "loudness": -75.8497543334961,
      "loudness_range": 8.726959228515625,
      "low_freq": 12199.2666015625,
      "mid_mean": -67.8424301147461,
      "mid_to_side_loudness": -11.760300636291504,
      "mid_to_side_loudness_range": 12.357568740844727,
      "side_mean": -69.85415649414062
    }
  ],
  "bands_short": [
    {
      "high_freq": 148.1999969482422,
      "loudness": -42.779640197753906,
      "loudness_range": 26.641874313354492,
      "mid_mean": -39.6656608581543,
      "mid_to_side_loudness": -15.246231079101562,
      "mid_to_side_loudness_range": 22.30192756652832,
      "side_mean": -55.564064025878906
    },
    {
      "high_freq": 392.3793640136719,
      "loudness": -32.71554183959961,
      "loudness_range": 18.695011138916016,
      "low_freq": 148.1999969482422,
      "mid_mean": -29.328371047973633,
      "mid_to_side_loudness": -14.773248672485352,
      "mid_to_side_loudness_range": 19.011268615722656,
      "side_mean": -44.42892837524414
    },
    {
      "high_freq": 794.6976318359375,
      "loudness": -27.331092834472656,
      "loudness_range": 16.26715850830078,
      "low_freq": 392.3793640136719,
      "mid_mean": -24.02823257446289,
      "mid_to_side_loudness": -13.376065254211426,
      "mid_to_side_loudness_range": 16.220199584960938,
      "side_mean": -37.642330169677734
    },
    {
      "high_freq": 1457.5709228515625,
      "loudness": -30.19927406311035,
      "loudness_range": 17.96686553955078,
      "low_freq": 794.6976318359375,
      "mid_mean": -26.813207626342773,
      "mid_to_side_loudness": -14.696922302246094,
      "mid_to_side_loudness_range": 16.219072341918945,
      "side_mean": -42.09575653076172
    },
    {
      "high_freq": 2549.74365234375,
      "loudness": -34.76333236694336,
      "loudness_range": 16.34882164001465,
      "low_freq": 1457.5709228515625,
      "mid_mean": -31.362783432006836,
      "mid_to_side_loudness": -12.879820823669434,
      "mid_to_side_loudness_range": 15.076898574829102,
      "side_mean": -45.07001495361328
    },
    {
      "high_freq": 4349.24462890625,
      "loudness": -39.480281829833984,
      "loudness_range": 18.879779815673828,
      "low_freq": 2549.74365234375,
      "mid_mean": -36.014896392822266,
      "mid_to_side_loudness": -15.31194019317627,
      "mid_to_side_loudness_range": 15.137575149536133,
      "side_mean": -53.14115524291992
    },
    {
      "high_freq": 7314.1640625,
      "loudness": -51.68851089477539,
      "loudness_range": 22.686656951904297,
      "low_freq": 4349.24462890625,
      "mid_mean": -49.01666259765625,
      "mid_to_side_loudness": -18.201597213745117,
      "mid_to_side_loudness_range": 14.351652145385742,
      "side_mean": -64.79769897460938
    },
    {
      "high_freq": 12199.2666015625,
      "loudness": -66.55104064941406,
      "loudness_range": 23.509132385253906,
      "low_freq": 7314.1640625,
      "mid_mean": -61.70399475097656,
      "mid_to_side_loudness": -22.209930419921875,
      "mid_to_side_loudness_range": 24.586830139160156,
      "side_mean": -69.67042541503906
    },
    {
      "loudness": -75.9285888671875,
      "loudness_range": 8.866172790527344,
      "low_freq": 12199.2666015625,
      "mid_mean": -67.87226867675781,
      "mid_to_side_loudness": -11.736676216125488,
      "mid_to_side_loudness_range": 10.35880184173584,
      "side_mean": -69.85371398925781
    }
  ],
  "bandwidth": 719.69970703125,
  "channels": 2,
  "covariance": [
    [
      78.03826904296875,
      49.03357696533203,
      25.44668960571289,
      26.660280227661133,
      22.081302642822266,
      23.49724578857422,
      13.604284286499023,
      18.44614601135254,
      12.330587387084961,
      14.724092483520508,
      14.32247543334961,
      18.92926788330078,
      29.2332706451416,
      15.129510879516602,
      21.239360809326172,
      2.2137749195098877,
      2.9714815616607666,
      -0.015247245319187641
    ],
    [
      49.03357696533203,
      63.473663330078125,
      19.900177001953125,
      22.526493072509766,
      15.109500885009766,
      15.01354694366455,
      9.08767032623291,
      11.73403263092041,
      5.49261999130249,
      7.000393390655518,
      8.044346809387207,
      22.87868881225586,
      20.156641006469727,
      14.37535285949707,
      21.29709815979004,
      2.1060831546783447,
      3.718027353286743,
      0.03616359457373619
    ],
    [
      25.44668960571289,
      19.900177001953125,
      42.700374603271484,
      28.86188316345215,
      24.662736892700195,
      21.80362892150879,
      19.79529571533203,
      20.463186264038086,
      21.117855072021484,
      18.61345672607422,
      20.651823043823242,
      20.648296356201172,
      28.767330169677734,
      11.094334602355957,
      15.646919250488281,
      0.45052570104599,
      1.946884274482727,
      -0.027680890634655952
    ],
    [
      26.660280227661133,
      22.526493072509766,
      28.86188316345215,
      46.297672271728516,
      15.879842758178711,
      20.021059036254883,
      17.53997039794922,
      23.696983337402344,
      16.445125579833984,
      19.020666122436523,
      17.070632934570312,
      21.652742385864258,
      23.070377349853516,
      10.656879425048828,
      13.601739883422852,
      0.30601802468299866,
      1.553613543510437,
      -0.019753791391849518
    ],
    [
      22.081302642822266,
      15.109500885009766,
      24.662736892700195,
      15.879842758178711,
      32.880706787109375,
      22.43559455871582,
      21.391338348388672,
      18.046772003173828,
      22.597183227539062,
      18.296239852905273,
      24.91749382019043,
      21.749025344848633,
      32.28276824951172,
      13.465970993041992,
      19.89841079711914,
      0.8185716271400452,
      3.149388074874878,
      -0.030155101791024208
    ],
    [
      23.49724578857422,
      15.01354694366455,
      21.80362892150879,
      20.021059036254883,
      22.43559455871582,
      31.395118713378906,
      17.9354305267334,
      20.889205932617188,
      19.170949935913086,
      21.081192016601562,
      21.56002426147461,
      24.347171783447266,
      31.508758544921875,
      15.800923347473145,
      19.610401153564453,
      0.9671838283538818,
      3.0643582344055176,
      -0.02570994943380356
    ],
    [
      13.604284286499023,
      9.08767032623291,
      19.79529571533203,
      17.53997039794922,
      21.391338348388672,
      17.9354305267334,
      39.194618225097656,
      31.705732345581055,
      26.334157943725586,
      21.504240036010742,
      31.404460906982422,
      26.94304084777832,
      36.9932975769043,
      17.11398696899414,
      25.466461181640625,
      1.733297348022461,
      5.538710594177246,
      -0.04733782261610031
    ],
    [
      18.44614601135254,
      11.73403263092041,
      20.463186264038086,
      23.696983337402344,
      18.046772003173828,
      20.889205932617188,
      31.705732345581055,
      42.35078430175781,
      22.06109619140625,
      23.952465057373047,
      26.11516571044922,
      29.6480655670166,
      35.205810546875,
      19.244834899902344,
      24.406286239624023,
      2.0577940940856934,
      5.007066249847412,
      -0.04224619269371033
    ],
    [
      12.330587387084961,
      5.49261999130249,
      21.117855072021484,
      16.445125579833984,
      22.597183227539062,
      19.170949935913086,
      26.334157943725586,
      22.06109619140625,
      35.38844680786133,
      26.564905166625977,
      34.271522521972656,
      29.005043029785156,
      39.71186065673828,
      17.099422454833984,
      25.134082794189453,
      1.1840641498565674,
      4.745545387268066,
      -0.04843103513121605
    ],
    [
      14.724092483520508,
      7.000393390655518,
      18.61345672607422,
      19.020666122436523,
      18.296239852905273,
      21.081192016601562,
      21.504240036010742,
      23.952465057373047,
      26.564905166625977,
      32.036800384521484,
      27.124662399291992,
      31.122507095336914,
      35.754547119140625,
      17.380998611450195,
      22.307546615600586,
      1.036473035812378,
      3.9357686042785645,
      -0.03860187530517578
    ],
    [
      14.32247543334961,
      8.044346809387207,
      20.651823043823242,
      17.070632934570312,
      24.91749382019043,
      21.56002426147461,
      31.404460906982422,
      26.11516571044922,
      34.271522521972656,
      27.124662399291992,
      43.00065231323242,
      33.01921463012695,
      45.5213508605957,
      20.827964782714844,
      31.127735137939453,
      1.8436007499694824,
      6.31356954574585,
      -0.06003735587000847
    ],
    [
      18.92926788330078,
      22.87868881225586,
      20.648296356201172,
      21.652742385864258,
      21.749025344848633,
      24.347171783447266,
      26.94304084777832,
      29.6480655670166,
      29.005043029785156,
      31.122507095336914,
      33.01921463012695,
      49.85232162475586,
      43.73164749145508,
      24.617721557617188,
      32.94182205200195,
      1.9839913845062256,
      6.566030979156494,
      0.013334380462765694
    ],
    [
      29.2332706451416,
      20.156641006469727,
      28.767330169677734,
      23.070377349853516,
      32.28276824951172,
      31.508758544921875,
      36.9932975769043,
      35.205810546875,
      39.71186065673828,
      35.754547119140625,
      45.5213508605957,
      43.73164749145508,
      70.8025131225586,
      33.86625671386719,
      47.66243362426758,
      3.2955331802368164,
      9.95351791381836,
      -0.09349948912858963
    ],
    [
      15.129510879516602,
      14.37535285949707,
      11.094334602355957,
      10.656879425048828,
      13.465970993041992,
      15.800923347473145,
      17.11398696899414,
      19.244834899902344,
      17.099422454833984,
      17.380998611450195,
      20.827964782714844,
      24.617721557617188,
      33.86625671386719,
      23.115615844726562,
      27.761423110961914,
      2.606987237930298,
      6.453707218170166,
      -0.024968991056084633
    ],
    [
      21.239360809326172,
      21.29709815979004,
      15.646919250488281,
      13.601739883422852,
      19.89841079711914,
      19.610401153564453,
      25.466461181640625,
      24.406286239624023,
      25.134082794189453,
      22.307546615600586,
      31.127735137939453,
      32.94182205200195,
      47.66243362426758,
      27.761423110961914,
      42.887229919433594,
      3.685218095779419,
      9.597387313842773,
      -0.049730367958545685
    ],
    [
      2.2137749195098877,
      2.1060831546783447,
      0.45052570104599,
      0.30601802468299866,
      0.8185716271400452,
      0.9671838283538818,
      1.733297348022461,
      2.0577940940856934,
      1.1840641498565674,
      1.036473035812378,
      1.8436007499694824,
      1.9839913845062256,
      3.2955331802368164,
      2.606987237930298,
      3.685218095779419,
      0.811585545539856,
      0.9430589079856873,
      -0.005208613350987434
    ],
    [
      2.9714815616607666,
      3.718027353286743,
      1.946884274482727,
      1.553613543510437,
      3.149388074874878,
      3.0643582344055176,
      5.538710594177246,
      5.007066249847412,
      4.745545387268066,
      3.9357686042785645,
      6.31356954574585,
      6.566030979156494,
      9.95351791381836,
      6.453707218170166,
      9.597387313842773,
      0.9430589079856873,
      3.1631362438201904,
      -0.014625480398535728
    ],
    [
      -0.015247245319187641,
      0.03616359457373619,
      -0.027680890634655952,
      -0.019753791391849518,
      -0.030155101791024208,
      -0.02570994943380356,
      -0.04733782261610031,
      -0.04224619269371033,
      -0.04843103513121605,
      -0.03860187530517578,
      -0.06003735587000847,
      0.013334380462765694,
      -0.09349948912858963,
      -0.024968991056084633,
      -0.049730367958545685,
      -0.005208613350987434,
      -0.014625480398535728,
      0.0011329951230436563
    ]
  ],
  "covariance_short": [
    [
      92.40188598632812,
      49.282432556152344,
      29.14162254333496,
      28.557418823242188,
      20.252025604248047,
      20.869335174560547,
      9.973504066467285,
      14.650779724121094,
      6.430777072906494,
      10.933150291442871,
      7.9680023193359375,
      14.574593544006348,
      23.1691951751709,
      12.131032943725586,
      17.08163070678711,
      2.0851409435272217,
      1.7344167232513428,
      -0.011650999076664448
    ],
    [
      49.282432556152344,
      67.51990509033203,
      21.369600296020508,
      25.047243118286133,
      14.37717056274414,
      15.481182098388672,
      7.210106372833252,
      9.769856452941895,
      3.3629984855651855,
      5.33638858795166,
      6.662586688995361,
      21.080745697021484,
      19.1284236907959,
      13.169625282287598,
      19.517925262451172,
      2.0527451038360596,
      3.3810415267944336,
      0.025083787739276886
    ],
    [
      29.14162254333496,
      21.369600296020508,
      45.51566696166992,
      27.79273796081543,
      25.09530258178711,
      21.63145637512207,
      18.07050323486328,
      19.13524627685547,
      17.98828125,
      16.359386444091797,
      18.761953353881836,
      20.109601974487305,
      27.011730194091797,
      10.589916229248047,
      15.492700576782227,
      0.7561978101730347,
      1.7827743291854858,
      -0.025456810370087624
    ],
    [
      28.557418823242188,
      25.047243118286133,
      27.79273796081543,
      50.559749603271484,
      16.61565399169922,
      21.085857391357422,
      15.891437530517578,
      22.226816177368164,
      14.32524585723877,
      17.73739242553711,
      16.43003273010254,
      22.291181564331055,
      22.342178344726562,
      10.512097358703613,
      13.481484413146973,
      0.6115610003471375,
      1.5717970132827759,
      -0.021207580342888832
    ],
    [
      20.252025604248047,
      14.37717056274414,
      25.09530258178711,
      16.61565399169922,
      38.9626579284668,
      22.602699279785156,
      22.712602615356445,
      18.848026275634766,
      22.674043655395508,
      18.14282989501953,
      24.713993072509766,
      21.87697410583496,
      33.151187896728516,
      13.78821086883545,
      20.24034881591797,
      0.8377856612205505,
      3.344407558441162,
      -0.034713685512542725
    ],
    [
      20.869335174560547,
      15.481182098388672,
      21.63145637512207,
      21.085857391357422,
      22.602699279785156,
      36.830604553222656,
      18.715234756469727,
      22.89870834350586,
      18.8294677734375,
      21.655736923217773,
      20.624231338500977,
      25.17690658569336,
      31.669235229492188,
      16.175811767578125,
      19.260944366455078,
      0.9759008288383484,
      3.069134473800659,
      -0.02866952307522297
    ],
    [
      9.973504066467285,
      7.210106372833252,
      18.07050323486328,
      15.891437530517578,
      22.712602615356445,
      18.715234756469727,
      42.00656509399414,
      30.178647994995117,
      26.819042205810547,
      22.235061645507812,
      30.07671546936035,
      26.849485397338867,
      37.183570861816406,
      16.738876342773438,
      25.439516067504883,
      1.6166393756866455,
      5.445462226867676,
      -0.049988508224487305
    ],
    [
      14.650779724121094,
      9.769856452941895,
      19.13524627685547,
      22.226816177368164,
      18.848026275634766,
      22.89870834350586,
      30.178647994995117,
      44.98484420776367,
      23.02518653869629,
      25.622957229614258,
      26.153078079223633,
      31.40869903564453,
      35.15972137451172,
      19.229530334472656,
      23.729482650756836,
      1.9100456237792969,
      4.6795220375061035,
      -0.04148563742637634
    ],
    [
      6.430777072906494,
      3.3629984855651855,
      17.98828125,
      14.32524585723877,
      22.674043655395508,
      18.8294677734375,
      26.819042205810547,
      23.02518653869629,
      36.980228424072266,
      25.411930084228516,
      33.92072296142578,
      27.783323287963867,
      39.15060806274414,
      16.38161849975586,
      24.94865608215332,
      1.15266752243042,
      4.793280601501465,
      -0.05254921689629555
    ],
    [
      10.933150291442871,
      5.33638858795166,
      16.359386444091797,
      17.73739242553711,
      18.14282989501953,
      21.655736923217773,
      22.235061645507812,
      25.622957229614258,
      25.411930084228516,
      33.9785041809082,
      26.00228500366211,
      31.558263778686523,
      35.33687210083008,
      17.10242462158203,
      21.538379669189453,
      0.991515576839447,
      3.761507511138916,
      -0.03966978192329407
    ],
    [
      7.9680023193359375,
      6.662586688995361,
      18.761953353881836,
      16.43003273010254,
      24.713993072509766,
      20.624231338500977,
      30.07671546936035,
      26.153078079223633,
      33.92072296142578,
      26.00228500366211,
      44.771209716796875,
      32.32268524169922,
      44.83749771118164,
      19.624305725097656,
      30.488183975219727,
      1.641033411026001,
      6.1053948402404785,
      -0.0669456198811531
    ],
    [
      14.574593544006348,
      21.080745697021484,
      20.109601974487305,
      22.291181564331055,
      21.87697410583496,
      25.17690658569336,
      26.849485397338867,
      31.40869903564453,
      27.783323287963867,
      31.558263778686523,
      32.32268524169922,
      54.089900970458984,
      45.05839920043945,
      25.111053466796875,
      32.56920623779297,
      1.8841711282730103,
      6.336130142211914,
      0.00995172280818224
    ],
    [
      23.1691951751709,
      19.1284236907959,
      27.011730194091797,
      22.342178344726562,
      33.151187896728516,
      31.669235229492188,
      37.183570861816406,
      35.15972137451172,
      39.15060806274414,
      35.33687210083008,
      44.83749771118164,
      45.05839920043945,
      73.65389251708984,
      32.799591064453125,
      48.031063079833984,
      3.2226638793945312,
      9.834464073181152,
      -0.09996356815099716
    ],
    [
      12.131032943725586,
      13.169625282287598,
      10.589916229248047,
      10.512097358703613,
      13.78821086883545,
      16.175811767578125,
      16.738876342773438,
      19.229530334472656,
      16.38161849975586,
      17.10242462158203,
      19.624305725097656,
      25.111053466796875,
      32.799591064453125,
      23.327543258666992,
      26.426937103271484,
      2.5488507747650146,
      5.842597007751465,
      -0.023345286026597023
    ],
    [
      17.08163070678711,
      19.517925262451172,
      15.492700576782227,
      13.481484413146973,
      20.24034881591797,
      19.260944366455078,
      25.439516067504883,
      23.729482650756836,
      24.94865608215332,
      21.538379669189453,
      30.488183975219727,
      32.56920623779297,
      48.031063079833984,
      26.426937103271484,
      43.16733932495117,
      3.536367654800415,
      9.436002731323242,
      -0.05884377285838127
    ],
    [
      2.0851409435272217,
      2.0527451038360596,
      0.7561978101730347,
      0.6115610003471375,
      0.8377856612205505,
      0.9759008288383484,
      1.6166393756866455,
      1.9100456237792969,
      1.15266752243042,
      0.991515576839447,
      1.641033411026001,
      1.8841711282730103,
      3.2226638793945312,
      2.5488507747650146,
      3.536367654800415,
      0.8652600049972534,
      0.8533501029014587,
      -0.005160061176866293
    ],
    [
      1.7344167232513428,
      3.3810415267944336,
      1.7827743291854858,
      1.5717970132827759,
      3.344407558441162,
      3.069134473800659,
      5.445462226867676,
      4.6795220375061035,
      4.793280601501465,
      3.761507511138916,
      6.1053948402404785,
      6.336130142211914,
      9.834464073181152,
      5.842597007751465,
      9.436002731323242,
      0.8533501029014587,
      3.2237582206726074,
      -0.01959115080535412
    ],
    [
      -0.011650999076664448,
      0.025083787739276886,
      -0.025456810370087624,
      -0.021207580342888832,
      -0.034713685512542725,
      -0.02866952307522297,
      -0.049988508224487305,
      -0.04148563742637634,
      -0.05254921689629555,
      -0.03966978192329407,
      -0.0669456198811531,
      0.00995172280818224,
      -0.09996356815099716,
      -0.023345286026597023,
      -0.05884377285838127,
      -0.005160061176866293,
      -0.01959115080535412,
      0.002033374272286892
    ]
  ],
  "damage": -10.276653289794922,
  "diff_bandwidth": 718.290283203125,
  "dissonance": 4.581994301371122,
  "drr": 12.415937423706055,
  "dynamics": 4.244048118591309,
  "format": 1245190,
  "frames": 4133824,
  "loudness": -18.945409774780273,
  "loudness_range": 13.798839569091797,
  "loudness_range_short": 14.565169334411621,
  "lowpass_true_peak_15khz": -1.7016035318374634,
  "mastering3_acoustic_entropies": [
    {
      "acoustic_entropy": 7.552812099456787,
      "acoustic_entropy_mono": 7.687888145446777,
      "band_eliminated_acoustic_entropies": [
        {
          "acoustic_entropy": 7.576390743255615,
          "acoustic_entropy_side": 7.552844047546387,
          "hz": 129.47220167065723
        },
        {
          "acoustic_entropy": 7.663940906524658,
          "acoustic_entropy_side": 7.5534586906433105,
          "hz": 202.92927478742237
        },
        {
          "acoustic_entropy": 7.633520126342773,
          "acoustic_entropy_side": 7.552470684051514,
          "hz": 282.89161906338205
        },
        {
          "acoustic_entropy": 7.550552845001221,
          "acoustic_entropy_side": 7.54494047164917,
          "hz": 369.9353335868758
        },
        {
          "acoustic_entropy": 7.512845993041992,
          "acoustic_entropy_side": 7.54313325881958,
          "hz": 464.6875360973435
        },
        {
          "acoustic_entropy": 8.140419006347656,
          "acoustic_entropy_side": 7.642093658447266,
          "hz": 567.8308811364784
        },
        {
          "acoustic_entropy": 7.652225971221924,
          "acoustic_entropy_side": 7.590662479400635,
          "hz": 680.1084783214808
        },
        {
          "acoustic_entropy": 7.8351006507873535,
          "acoustic_entropy_side": 7.680003643035889,
          "hz": 802.3292461747484
        },
        {
          "acoustic_entropy": 7.273771286010742,
          "acoustic_entropy_side": 7.593954086303711,
          "hz": 935.3737400823702
        },
        {
          "acoustic_entropy": 7.836871147155762,
          "acoustic_entropy_side": 7.643340587615967,
          "hz": 1080.2004963696966
        },
        {
          "acoustic_entropy": 7.728220462799072,
          "acoustic_entropy_side": 7.547576427459717,
          "hz": 1237.8529382007157
        },
        {
          "acoustic_entropy": 7.64461088180542,
          "acoustic_entropy_side": 7.5499701499938965,
          "hz": 1409.4668930556702
        },
        {
          "acoustic_entropy": 7.146044731140137,
          "acoustic_entropy_side": 7.578500270843506,
          "hz": 1596.2787759475705
        },
        {
          "acoustic_entropy": 7.516441822052002,
          "acoustic_entropy_side": 7.542757034301758,
          "hz": 1799.6344973346393
        },
        {
          "acoustic_entropy": 7.80437707901001,
          "acoustic_entropy_side": 7.556198596954346,
          "hz": 2020.9991599069049
        },
        {
          "acoustic_entropy": 7.411534309387207,
          "acoustic_entropy_side": 7.548988342285156,
          "hz": 2261.9676141086993
        },
        {
          "acoustic_entropy": 7.835681915283203,
          "acoustic_entropy_side": 7.5559587478637695,
          "hz": 2524.2759484456974
        },
        {
          "acoustic_entropy": 7.628851890563965,
          "acoustic_entropy_side": 7.552395820617676,
          "hz": 2809.813997359896
        },
        {
          "acoustic_entropy": 7.780195713043213,
          "acoustic_entropy_side": 7.552795886993408,
          "hz": 3120.6389567871424
        },
        {
          "acoustic_entropy": 7.617241382598877,
          "acoustic_entropy_side": 7.552813529968262,
          "hz": 3458.990205492291
        },
        {
          "acoustic_entropy": 7.574853897094727,
          "acoustic_entropy_side": 7.5528178215026855,
          "hz": 3827.305438964164
        },
        {
          "acoustic_entropy": 7.735691070556641,
          "acoustic_entropy_side": 7.5528244972229,
          "hz": 4228.238232109126
        },
        {
          "acoustic_entropy": 7.66041374206543,
          "acoustic_entropy_side": 7.552833080291748,
          "hz": 4664.6771572759235
        },
        {
          "acoustic_entropy": 7.62006139755249,
          "acoustic_entropy_side": 7.552825927734375,
          "hz": 5139.766595350093
        },
        {
          "acoustic_entropy": 7.636118412017822,
          "acoustic_entropy_side": 7.552836894989014,
          "hz": 5656.929389854203
        },
        {
          "acoustic_entropy": 7.639313697814941,
          "acoustic_entropy_side": 7.552827835083008,
          "hz": 6219.891507268283
        },
        {
          "acoustic_entropy": 7.577370643615723,
          "acoustic_entropy_side": 7.5528130531311035,
          "hz": 6832.70888123896
        },
        {
          "acoustic_entropy": 7.588349342346191,
          "acoustic_entropy_side": 7.55281400680542,
          "hz": 7499.796634079867
        },
        {
          "acoustic_entropy": 7.566675662994385,
          "acoustic_entropy_side": 7.552812576293945,
          "hz": 8225.96088609342
        },
        {
          "acoustic_entropy": 7.554259300231934,
          "acoustic_entropy_side": 7.552812099456787,
          "hz": 9016.43338188839
        },
        {
          "acoustic_entropy": 7.553784370422363,
          "acoustic_entropy_side": 7.552812099456787,
          "hz": 9876.909183162974
        },
        {
          "acoustic_entropy": 7.552944660186768,
          "acoustic_entropy_side": 7.552812099456787,
          "hz": 10813.587699516042
        },
        {
          "acoustic_entropy": 7.5528998374938965,
          "acoustic_entropy_side": 7.552812099456787,
          "hz": 11833.21735289826
        },
        {
          "acoustic_entropy": 7.55283784866333,
          "acoustic_entropy_side": 7.552812099456787,
          "hz": 12943.144197493959
        },
        {
          "acoustic_entropy": 7.552821159362793,
          "acoustic_entropy_side": 7.552812099456787,
          "hz": 14151.364845322005
        },
        {
          "acoustic_entropy": 7.552812576293945,
          "acoustic_entropy_side": 7.552812099456787,
          "hz": 15466.58407886509
        },
        {
          "acoustic_entropy": 7.552812099456787,
          "acoustic_entropy_side": 7.552812099456787,
          "hz": 16898.27756580493
        },
        {
          "acoustic_entropy": 7.552812099456787,
          "acoustic_entropy_side": 7.552812099456787,
          "hz": 18456.760127700032
        },
        {
          "acoustic_entropy": 7.552812099456787,
          "acoustic_entropy_side": 7.552812099456787,
          "hz": 20153.260054456492
        },
        {
          "acoustic_entropy": 7.552812099456787,
          "acoustic_entropy_side": 7.552812099456787,
          "hz": 22000.00000000001
        }
      ],
      "diff_acoustic_entropy": 3.7855939865112305,
      "sn": 6
    },
    {
      "acoustic_entropy": 10.8069486618042,
      "acoustic_entropy_mono": 11.386090278625488,
      "band_eliminated_acoustic_entropies": [
        {
          "acoustic_entropy": 10.792076110839844,
          "acoustic_entropy_side": 10.807079315185547,
          "hz": 129.47220167065723
        },
        {
          "acoustic_entropy": 10.554665565490723,
          "acoustic_entropy_side": 10.810266494750977,
          "hz": 202.92927478742237
        },
        {
          "acoustic_entropy": 10.449859619140625,
          "acoustic_entropy_side": 10.817098617553711,
          "hz": 282.89161906338205
        },
        {
          "acoustic_entropy": 10.858439445495605,
          "acoustic_entropy_side": 10.82209300994873,
          "hz": 369.9353335868758
        },
        {
          "acoustic_entropy": 11.171782493591309,
          "acoustic_entropy_side": 11.114729881286621,
          "hz": 464.6875360973435
        },
        {
          "acoustic_entropy": 11.36340045928955,
          "acoustic_entropy_side": 10.848312377929688,
          "hz": 567.8308811364784
        },
        {
          "acoustic_entropy": 11.01063060760498,
          "acoustic_entropy_side": 10.949236869812012,
          "hz": 680.1084783214808
        },
        {
          "acoustic_entropy": 11.529098510742188,
          "acoustic_entropy_side": 11.189488410949707,
          "hz": 802.3292461747484
        },
        {
          "acoustic_entropy": 10.654212951660156,
          "acoustic_entropy_side": 11.50009536743164,
          "hz": 935.3737400823702
        },
        {
          "acoustic_entropy": 11.140886306762695,
          "acoustic_entropy_side": 10.531920433044434,
          "hz": 1080.2004963696966
        },
        {
          "acoustic_entropy": 10.525323867797852,
          "acoustic_entropy_side": 11.080366134643555,
          "hz": 1237.8529382007157
        },
        {
          "acoustic_entropy": 11.166766166687012,
          "acoustic_entropy_side": 10.86044979095459,
          "hz": 1409.4668930556702
        },
        {
          "acoustic_entropy": 9.806303024291992,
          "acoustic_entropy_side": 10.606682777404785,
          "hz": 1596.2787759475705
        },
        {
          "acoustic_entropy": 10.874673843383789,
          "acoustic_entropy_side": 10.851960182189941,
          "hz": 1799.6344973346393
        },
        {
          "acoustic_entropy": 10.672091484069824,
          "acoustic_entropy_side": 10.867874145507812,
          "hz": 2020.9991599069049
        },
        {
          "acoustic_entropy": 10.484482765197754,
          "acoustic_entropy_side": 10.890283584594727,
          "hz": 2261.9676141086993
        },
        {
          "acoustic_entropy": 10.898547172546387,
          "acoustic_entropy_side": 10.86683177947998,
          "hz": 2524.2759484456974
        },
        {
          "acoustic_entropy": 10.651519775390625,
          "acoustic_entropy_side": 10.804787635803223,
          "hz": 2809.813997359896
        },
        {
          "acoustic_entropy": 10.461010932922363,
          "acoustic_entropy_side": 10.805853843688965,
          "hz": 3120.6389567871424
        },
        {
          "acoustic_entropy": 10.594489097595215,
          "acoustic_entropy_side": 10.808292388916016,
          "hz": 3458.990205492291
        },
        {
          "acoustic_entropy": 10.623137474060059,
          "acoustic_entropy_side": 10.807879447937012,
          "hz": 3827.305438964164
        },
        {
          "acoustic_entropy": 10.812398910522461,
          "acoustic_entropy_side": 10.806050300598145,
          "hz": 4228.238232109126
        },
        {
          "acoustic_entropy": 10.719439506530762,
          "acoustic_entropy_side": 10.806707382202148,
          "hz": 4664.6771572759235
        },
        {
          "acoustic_entropy": 10.384812355041504,
          "acoustic_entropy_side": 10.80656623840332,
          "hz": 5139.766595350093
        },
        {
          "acoustic_entropy": 10.606444358825684,
          "acoustic_entropy_side": 10.806999206542969,
          "hz": 5656.929389854203
        },
        {
          "acoustic_entropy": 10.640667915344238,
          "acoustic_entropy_side": 10.80694580078125,
          "hz": 6219.891507268283
        },
        {
          "acoustic_entropy": 10.764166831970215,
          "acoustic_entropy_side": 10.806879043579102,
          "hz": 6832.70888123896
        },
        {
          "acoustic_entropy": 10.8141450881958,
          "acoustic_entropy_side": 10.806960105895996,
          "hz": 7499.796634079867
        },
        {
          "acoustic_entropy": 10.801993370056152,
          "acoustic_entropy_side": 10.806957244873047,
          "hz": 8225.96088609342
        },
        {
          "acoustic_entropy": 10.776017189025879,
          "acoustic_entropy_side": 10.806943893432617,
          "hz": 9016.43338188839
        },
        {
          "acoustic_entropy": 10.791732788085938,
          "acoustic_entropy_side": 10.8069486618042,
          "hz": 9876.909183162974
        },
        {
          "acoustic_entropy": 10.798189163208008,
          "acoustic_entropy_side": 10.8069486618042,
          "hz": 10813.587699516042
        },
        {
          "acoustic_entropy": 10.806599617004395,
          "acoustic_entropy_side": 10.8069486618042,
          "hz": 11833.21735289826
        },
        {
          "acoustic_entropy": 10.806780815124512,
          "acoustic_entropy_side": 10.8069486618042,
          "hz": 12943.144197493959
        },
        {
          "acoustic_entropy": 10.806998252868652,
          "acoustic_entropy_side": 10.8069486618042,
          "hz": 14151.364845322005
        },
        {
          "acoustic_entropy": 10.806953430175781,
          "acoustic_entropy_side": 10.8069486618042,
          "hz": 15466.58407886509
        },
        {
          "acoustic_entropy": 10.806949615478516,
          "acoustic_entropy_side": 10.8069486618042,
          "hz": 16898.27756580493
        },
        {
          "acoustic_entropy": 10.8069486618042,
          "acoustic_entropy_side": 10.8069486618042,
          "hz": 18456.760127700032
        },
        {
          "acoustic_entropy": 10.8069486618042,
          "acoustic_entropy_side": 10.8069486618042,
          "hz": 20153.260054456492
        },
        {
          "acoustic_entropy": 10.8069486618042,
          "acoustic_entropy_side": 10.8069486618042,
          "hz": 22000.00000000001
        }
      ],
      "diff_acoustic_entropy": 4.743797779083252,
      "sn": 12
    },
    {
      "acoustic_entropy": 16.228235244750977,
      "acoustic_entropy_mono": 15.416610717773438,
      "band_eliminated_acoustic_entropies": [
        {
          "acoustic_entropy": 16.387922286987305,
          "acoustic_entropy_side": 16.236291885375977,
          "hz": 129.47220167065723
        },
        {
          "acoustic_entropy": 16.56081199645996,
          "acoustic_entropy_side": 16.339632034301758,
          "hz": 202.92927478742237
        },
        {
          "acoustic_entropy": 16.501611709594727,
          "acoustic_entropy_side": 16.54810333251953,
          "hz": 282.89161906338205
        },
        {
          "acoustic_entropy": 16.39393424987793,
          "acoustic_entropy_side": 16.037792205810547,
          "hz": 369.9353335868758
        },
        {
          "acoustic_entropy": 16.61969566345215,
          "acoustic_entropy_side": 16.050209045410156,
          "hz": 464.6875360973435
        },
        {
          "acoustic_entropy": 16.22750473022461,
          "acoustic_entropy_side": 16.312015533447266,
          "hz": 567.8308811364784
        },
        {
          "acoustic_entropy": 15.799528121948242,
          "acoustic_entropy_side": 16.56879425048828,
          "hz": 680.1084783214808
        },
        {
          "acoustic_entropy": 16.828725814819336,
          "acoustic_entropy_side": 16.62517738342285,
          "hz": 802.3292461747484
        },
        {
          "acoustic_entropy": 16.505069732666016,
          "acoustic_entropy_side": 16.066240310668945,
          "hz": 935.3737400823702
        },
        {
          "acoustic_entropy": 16.426176071166992,
          "acoustic_entropy_side": 16.283815383911133,
          "hz": 1080.2004963696966
        },
        {
          "acoustic_entropy": 16.897090911865234,
          "acoustic_entropy_side": 16.378047943115234,
          "hz": 1237.8529382007157
        },
        {
          "acoustic_entropy": 16.187397003173828,
          "acoustic_entropy_side": 16.25810432434082,
          "hz": 1409.4668930556702
        },
        {
          "acoustic_entropy": 15.328723907470703,
          "acoustic_entropy_side": 16.203176498413086,
          "hz": 1596.2787759475705
        },
        {
          "acoustic_entropy": 16.348148345947266,
          "acoustic_entropy_side": 15.993895530700684,
          "hz": 1799.6344973346393
        },
        {
          "acoustic_entropy": 16.495376586914062,
          "acoustic_entropy_side": 16.483856201171875,
          "hz": 2020.9991599069049
        },
        {
          "acoustic_entropy": 16.695207595825195,
          "acoustic_entropy_side": 16.46552848815918,
          "hz": 2261.9676141086993
        },
        {
          "acoustic_entropy": 16.186365127563477,
          "acoustic_entropy_side": 16.17494010925293,
          "hz": 2524.2759484456974
        },
        {
