{
  "acoustic_entropy": 172.5638427734375,
  "bands": [
    {
      "high_freq": 148.1999969482422,
      "loudness": -33.929317474365234,
      "loudness_range": 18.98189926147461,
      "mid_mean": -33.51005935668945,
      "mid_to_side_loudness": 0.016511235386133194,
      "mid_to_side_loudness_range": 3.9478745460510254,
      "side_mean": -33.0515022277832
    },
    {
      "high_freq": 392.3793640136719,
      "loudness": -34.0529899597168,
      "loudness_range": 17.885055541992188,
      "low_freq": 148.1999969482422,
      "mid_mean": -31.916093826293945,
      "mid_to_side_loudness": -4.296981334686279,
      "mid_to_side_loudness_range": 9.766691207885742,
      "side_mean": -36.437278747558594
    },
    {
      "high_freq": 794.6976318359375,
      "loudness": -37.9888801574707,
      "loudness_range": 25.010650634765625,
      "low_freq": 392.3793640136719,
      "mid_mean": -35.3179817199707,
      "mid_to_side_loudness": -6.4463324546813965,
      "mid_to_side_loudness_range": 12.73404312133789,
      "side_mean": -42.34232711791992
    },
    {
      "high_freq": 1457.5709228515625,
      "loudness": -41.551856994628906,
      "loudness_range": 23.951807022094727,
      "low_freq": 794.6976318359375,
      "mid_mean": -38.48226547241211,
      "mid_to_side_loudness": -9.178291320800781,
      "mid_to_side_loudness_range": 15.145681381225586,
      "side_mean": -48.175472259521484
    },
    {
      "high_freq": 2549.74365234375,
      "loudness": -44.791900634765625,
      "loudness_range": 22.814163208007812,
      "low_freq": 1457.5709228515625,
      "mid_mean": -42.32342529296875,
      "mid_to_side_loudness": -5.778131484985352,
      "mid_to_side_loudness_range": 11.026912689208984,
      "side_mean": -48.580963134765625
    },
    {
      "high_freq": 4349.24462890625,
      "loudness": -44.489200592041016,
      "loudness_range": 24.054752349853516,
      "low_freq": 2549.74365234375,
      "mid_mean": -43.39396286010742,
      "mid_to_side_loudness": -1.2595443725585938,
      "mid_to_side_loudness_range": 3.2848758697509766,
      "side_mean": -44.73800277709961
    },
    {
      "high_freq": 7314.1640625,
      "loudness": -41.72026062011719,
      "loudness_range": 23.61178207397461,
      "low_freq": 4349.24462890625,
      "mid_mean": -41.33635330200195,
      "mid_to_side_loudness": -0.27996769547462463,
      "mid_to_side_loudness_range": 0.7769348621368408,
      "side_mean": -41.44190216064453
    },
    {
      "high_freq": 12199.2666015625,
      "loudness": -46.18617248535156,
      "loudness_range": 26.52640151977539,
      "low_freq": 7314.1640625,
      "mid_mean": -46.94806671142578,
      "mid_to_side_loudness": 0.04336215928196907,
      "mid_to_side_loudness_range": 0.611581563949585,
      "side_mean": -46.888771057128906
    },
    {
      "loudness": -60.90869140625,
      "loudness_range": 22.323490142822266,
      "low_freq": 12199.2666015625,
      "mid_mean": -59.365020751953125,
      "mid_to_side_loudness": 0.4491739273071289,
      "mid_to_side_loudness_range": 0.8938679099082947,
      "side_mean": -58.97166442871094
    }
  ],
  "bands_short": [
    {
      "high_freq": 148.1999969482422,
      "loudness": -36.9245719909668,
      "loudness_range": 23.750932693481445,
      "mid_mean": -36.55474090576172,
      "mid_to_side_loudness": 0.2482318878173828,
      "mid_to_side_loudness_range": 5.957279205322266,
      "side_mean": -36.1259651184082
    },
    {
      "high_freq": 392.3793640136719,
      "loudness": -34.46280288696289,
      "loudness_range": 18.632192611694336,
      "low_freq": 148.1999969482422,
      "mid_mean": -32.53472900390625,
      "mid_to_side_loudness": -3.672281503677368,
      "mid_to_side_loudness_range": 10.31330394744873,
      "side_mean": -36.504642486572266
    },
    {
      "high_freq": 794.6976318359375,
      "loudness": -38.55638885498047,
      "loudness_range": 27.321016311645508,
      "low_freq": 392.3793640136719,
      "mid_mean": -36.05895233154297,
      "mid_to_side_loudness": -5.902029514312744,
      "mid_to_side_loudness_range": 14.54892349243164,
      "side_mean": -42.98249053955078
    },
    {
      "high_freq": 1457.5709228515625,
      "loudness": -42.07172393798828,
      "loudness_range": 26.8023738861084,
      "low_freq": 794.6976318359375,
      "mid_mean": -39.11153793334961,
      "mid_to_side_loudness": -8.413485527038574,
      "mid_to_side_loudness_range": 16.339393615722656,
      "side_mean": -48.836753845214844
    },
    {
      "high_freq": 2549.74365234375,
      "loudness": -46.58122253417969,
      "loudness_range": 26.412559509277344,
      "low_freq": 1457.5709228515625,
      "mid_mean": -44.29277038574219,
      "mid_to_side_loudness": -5.768557548522949,
      "mid_to_side_loudness_range": 12.106000900268555,
      "side_mean": -50.7666015625
    },
    {
      "high_freq": 4349.24462890625,
      "loudness": -46.18397521972656,
      "loudness_range": 25.07660675048828,
      "low_freq": 2549.74365234375,
      "mid_mean": -45.205650329589844,
      "mid_to_side_loudness": -1.3664109706878662,
      "mid_to_side_loudness_range": 4.231964111328125,
      "side_mean": -46.814231872558594
    },
    {
      "high_freq": 7314.1640625,
      "loudness": -43.88101577758789,
      "loudness_range": 26.58432388305664,
      "low_freq": 4349.24462890625,
      "mid_mean": -43.53374481201172,
      "mid_to_side_loudness": -0.28666791319847107,
      "mid_to_side_loudness_range": 1.3863457441329956,
      "side_mean": -43.77541732788086
    },
    {
      "high_freq": 12199.2666015625,
      "loudness": -49.87848663330078,
      "loudness_range": 32.947059631347656,
      "low_freq": 7314.1640625,
      "mid_mean": -48.87301254272461,
      "mid_to_side_loudness": 0.03138009086251259,
      "mid_to_side_loudness_range": 1.0575077533721924,
      "side_mean": -48.82612228393555
    },
    {
      "loudness": -62.39694595336914,
      "loudness_range": 23.14239501953125,
      "low_freq": 12199.2666015625,
      "mid_mean": -60.499874114990234,
      "mid_to_side_loudness": 0.42666566371917725,
      "mid_to_side_loudness_range": 1.536692500114441,
      "side_mean": -60.13993835449219
    }
  ],
  "bandwidth": 466.29010009765625,
  "channels": 2,
  "covariance": [
    [
      41.264739990234375,
      41.26095199584961,
      14.771025657653809,
      21.216384887695312,
      13.792348861694336,
      14.438952445983887,
      8.732048988342285,
      7.546933650970459,
      5.485891819000244,
      4.364380836486816,
      8.325642585754395,
      10.26787281036377,
      14.164225578308105,
      14.127702713012695,
      19.542402267456055,
      19.800527572631836,
      13.74577522277832,
      14.09489631652832
    ],
    [
      41.26095199584961,
      50.423709869384766,
      12.51806640625,
      20.890262603759766,
      10.683985710144043,
      13.164459228515625,
      6.757635593414307,
      8.047202110290527,
      4.761682987213135,
      5.088040351867676,
      8.588793754577637,
      10.925122261047363,
      14.668366432189941,
      14.703286170959473,
      20.565439224243164,
      20.80152702331543,
      14.150959014892578,
      14.58251953125
    ],
    [
      14.771025657653809,
      12.51806640625,
      49.824256896972656,
      35.0179443359375,
      47.61438751220703,
      32.70381164550781,
      43.06132888793945,
      20.91639518737793,
      31.155330657958984,
      16.6491641998291,
      19.295133590698242,
      17.058013916015625,
      16.496980667114258,
      15.903535842895508,
      24.565176010131836,
      24.93207550048828,
      17.878658294677734,
      18.322935104370117
    ],
    [
      21.216384887695312,
      20.890262603759766,
      35.0179443359375,
      36.19585037231445,
      30.127498626708984,
      25.580652236938477,
      26.413131713867188,
      16.073223114013672,
      18.32884407043457,
      11.733688354492188,
      15.127583503723145,
      15.198823928833008,
      15.772475242614746,
      15.282588958740234,
      22.477304458618164,
      22.800907135009766,
      16.237947463989258,
      16.686445236206055
    ],
    [
      13.792348861694336,
      10.683985710144043,
      47.61438751220703,
      30.127498626708984,
      88.02628326416016,
      52.43013381958008,
      72.07264709472656,
      38.0894889831543,
      57.358642578125,
      36.907470703125,
      40.73861312866211,
      35.965702056884766,
      33.72808837890625,
      32.54894256591797,
      45.31774139404297,
      45.62522506713867,
      31.383949279785156,
      32.189701080322266
    ],
    [
      14.438952445983887,
      13.164459228515625,
      32.70381164550781,
      25.580652236938477,
      52.43013381958008,
      43.65208435058594,
      47.742820739746094,
      32.25478744506836,
      40.341373443603516,
      30.958629608154297,
      33.260799407958984,
      31.383821487426758,
      28.76163673400879,
      27.859800338745117,
      37.941314697265625,
      38.12595748901367,
      25.825815200805664,
      26.526569366455078
    ],
    [
      8.732048988342285,
      6.757635593414307,
      43.06132888793945,
      26.413131713867188,
      72.07264709472656,
      47.742820739746094,
      83.51416015625,
      43.71117401123047,
      61.185237884521484,
      40.971866607666016,
      43.35753631591797,
      38.482261657714844,
      37.050785064697266,
      35.74005126953125,
      46.24687957763672,
      46.36195755004883,
      32.2336311340332,
      33.06698989868164
    ],
    [
      7.546933650970459,
      8.047202110290527,
      20.91639518737793,
      16.073223114013672,
      38.0894889831543,
      32.25478744506836,
      43.71117401123047,
      37.78824996948242,
      41.90932083129883,
      38.2142219543457,
      37.70064163208008,
      37.062564849853516,
      32.61782455444336,
      31.778654098510742,
      39.744483947753906,
      39.712276458740234,
      25.921188354492188,
      26.601207733154297
    ],
    [
      5.485891819000244,
      4.761682987213135,
      31.155330657958984,
      18.32884407043457,
      57.358642578125,
      40.341373443603516,
      61.185237884521484,
      41.90932083129883,
      70.16075897216797,
      52.35342788696289,
      53.65617370605469,
      50.39932632446289,
      48.20285415649414,
      46.52444076538086,
      55.16111373901367,
      55.24724197387695,
      35.37149429321289,
      36.26777648925781
    ],
    [
      4.364380836486816,
      5.088040351867676,
      16.6491641998291,
      11.733688354492188,
      36.907470703125,
      30.958629608154297,
      40.971866607666016,
      38.2142219543457,
      52.35342788696289,
      57.149078369140625,
      56.10029983520508,
      57.36003875732422,
      51.27924346923828,
      49.96636962890625,
      60.49299240112305,
      60.639556884765625,
      35.07098388671875,
      36.06405258178711
    ],
    [
      8.325642585754395,
      8.588793754577637,
      19.295133590698242,
      15.127583503723145,
      40.73861312866211,
      33.260799407958984,
      43.35753631591797,
      37.70064163208008,
      53.65617370605469,
      56.10029983520508,
      64.99176788330078,
      64.2860107421875,
      60.51848220825195,
      58.95828628540039,
      71.9752197265625,
      72.33650207519531,
      42.13650131225586,
      43.392822265625
    ],
    [
      10.26787281036377,
      10.925122261047363,
      17.058013916015625,
      15.198823928833008,
      35.965702056884766,
      31.383821487426758,
      38.482261657714844,
      37.062564849853516,
      50.39932632446289,
      57.36003875732422,
      64.2860107421875,
      68.27144622802734,
      63.31959915161133,
      61.83150863647461,
      75.89443969726562,
      76.30825805664062,
      43.715476989746094,
      45.064292907714844
    ],
    [
      14.164225578308105,
      14.668366432189941,
      16.496980667114258,
      15.772475242614746,
      33.72808837890625,
      28.76163673400879,
      37.050785064697266,
      32.61782455444336,
      48.20285415649414,
      51.27924346923828,
      60.51848220825195,
      63.31959915161133,
      74.68449401855469,
      72.92144012451172,
      77.85001373291016,
      78.34929656982422,
      46.69051742553711,
      48.09762191772461
    ],
    [
      14.127702713012695,
      14.703286170959473,
      15.903535842895508,
      15.282588958740234,
      32.54894256591797,
      27.859800338745117,
      35.74005126953125,
      31.778654098510742,
      46.52444076538086,
      49.96636962890625,
      58.95828628540039,
      61.83150863647461,
      72.92144012451172,
      73.7772216796875,
      76.32759094238281,
      76.83621215820312,
      45.95316696166992,
      47.33573532104492
    ],
    [
      19.542402267456055,
      20.565439224243164,
      24.565176010131836,
      22.477304458618164,
      45.31774139404297,
      37.941314697265625,
      46.24687957763672,
      39.744483947753906,
      55.16111373901367,
      60.49299240112305,
      71.9752197265625,
      75.89443969726562,
      77.85001373291016,
      76.32759094238281,
      98.29859924316406,
      99.02518463134766,
      58.58427047729492,
      60.41326141357422
    ],
    [
      19.800527572631836,
      20.80152702331543,
      24.93207550048828,
      22.800907135009766,
      45.62522506713867,
      38.12595748901367,
      46.36195755004883,
      39.712276458740234,
      55.24724197387695,
      60.639556884765625,
      72.33650207519531,
      76.30825805664062,
      78.34929656982422,
      76.83621215820312,
      99.02518463134766,
      99.80429077148438,
      58.898067474365234,
      60.75960159301758
    ],
    [
      13.74577522277832,
      14.150959014892578,
      17.878658294677734,
      16.237947463989258,
      31.383949279785156,
      25.825815200805664,
      32.2336311340332,
      25.921188354492188,
      35.37149429321289,
      35.07098388671875,
      42.13650131225586,
      43.715476989746094,
      46.69051742553711,
      45.95316696166992,
      58.58427047729492,
      58.898067474365234,
      40.32023239135742,
      41.41114807128906
    ],
    [
      14.09489631652832,
      14.58251953125,
      18.322935104370117,
      16.686445236206055,
      32.189701080322266,
      26.526569366455078,
      33.06698989868164,
      26.601207733154297,
      36.26777648925781,
      36.06405258178711,
      43.392822265625,
      45.064292907714844,
      48.09762191772461,
      47.33573532104492,
      60.41326141357422,
      60.75960159301758,
      41.41114807128906,
      42.59121322631836
    ]
  ],
  "covariance_short": [
    [
      61.827266693115234,
      61.86073684692383,
      19.059785842895508,
      27.249916076660156,
      13.531427383422852,
      16.59054946899414,
      9.23600959777832,
      11.596294403076172,
      8.682766914367676,
      7.249537944793701,
      11.761456489562988,
      13.250248908996582,
      17.188932418823242,
      17.098304748535156,
      22.585800170898438,
      22.84292221069336,
      14.658068656921387,
      15.099663734436035
    ],
    [
      61.86073684692383,
      73.2515640258789,
      18.558324813842773,
      28.66224479675293,
      12.513949394226074,
      16.279651641845703,
      7.769989967346191,
      11.25210952758789,
      7.273554801940918,
      6.648127555847168,
      12.0152006149292,
      13.817659378051758,
      18.7550106048584,
      18.707979202270508,
      24.38189125061035,
      24.660308837890625,
      15.590356826782227,
      16.099868774414062
    ],
    [
      19.059785842895508,
      18.558324813842773,
      51.088134765625,
      39.02577590942383,
      45.20255661010742,
      36.486488342285156,
      40.02734375,
      28.275259017944336,
      33.46195983886719,
      21.020458221435547,
      21.219379425048828,
      19.84539222717285,
      18.578584671020508,
      18.355669021606445,
      25.26325035095215,
      25.501577377319336,
      17.068979263305664,
      17.536712646484375
    ],
    [
      27.249916076660156,
      28.66224479675293,
      39.02577590942383,
      45.85028076171875,
      29.48564910888672,
      30.110782623291016,
      23.578296661376953,
      21.808870315551758,
      19.058757781982422,
      14.146394729614258,
      16.82624053955078,
      17.23612403869629,
      18.506628036499023,
      18.357833862304688,
      24.402347564697266,
      24.69411849975586,
      16.61522102355957,
      17.118349075317383
    ],
    [
      13.531427383422852,
      12.513949394226074,
      45.20255661010742,
      29.48564910888672,
      99.38066864013672,
      58.817955017089844,
      75.93585205078125,
      47.13721466064453,
      67.94734954833984,
      43.60679626464844,
      45.50277328491211,
      39.93849563598633,
      37.76622009277344,
      37.409488677978516,
      46.407432556152344,
      46.604862213134766,
      29.88854217529297,
      30.7311954498291
    ],
    [
      16.59054946899414,
      16.279651641845703,
      36.486488342285156,
      30.110782623291016,
      58.817955017089844,
      56.9192008972168,
      51.04110336303711,
      43.22191619873047,
      50.134464263916016,
      39.39716339111328,
      40.325016021728516,
      38.522308349609375,
      36.62822723388672,
      36.19260787963867,
      43.62553405761719,
      43.7643928527832,
      27.671239852905273,
      28.52341079711914
    ],
    [
      9.23600959777832,
      7.769989967346191,
      40.02734375,
      23.578296661376953,
      75.93585205078125,
      51.04110336303711,
      93.64241027832031,
      52.314735412597656,
      71.30305480957031,
      47.39524841308594,
      47.99602127075195,
      42.672054290771484,
      40.13310623168945,
      39.75321960449219,
      47.56245803833008,
      47.59376525878906,
      30.67462730407715,
      31.53630828857422
    ],
    [
      11.596294403076172,
      11.25210952758789,
      28.275259017944336,
      21.808870315551758,
      47.13721466064453,
      43.22191619873047,
      52.314735412597656,
      56.448516845703125,
      55.65639114379883,
      49.897396087646484,
      47.06558609008789,
      46.26308822631836,
      41.99876022338867,
      41.68138885498047,
      47.86625671386719,
      47.77178192138672,
      29.412870407104492,
      30.2589111328125
    ],
    [
      8.682766914367676,
      7.273554801940918,
      33.46195983886719,
      19.058757781982422,
      67.94734954833984,
      50.134464263916016,
      71.30305480957031,
      55.65639114379883,
      89.41944885253906,
      65.08136749267578,
      64.44115447998047,
      59.278255462646484,
      57.252262115478516,
      56.99217987060547,
      60.70142364501953,
      60.6196403503418,
      37.26808166503906,
      38.31357192993164
    ],
    [
      7.249537944793701,
      6.648127555847168,
      21.020458221435547,
      14.146394729614258,
      43.60679626464844,
      39.39716339111328,
      47.39524841308594,
      49.897396087646484,
      65.08136749267578,
      69.38914489746094,
      63.643863677978516,
      65.36576080322266,
      60.03994369506836,
      59.88914108276367,
      65.47349548339844,
      65.47042846679688,
      37.80364990234375,
      38.924659729003906
    ],
    [
      11.761456489562988,
      12.0152006149292,
      21.219379425048828,
      16.82624053955078,
      45.50277328491211,
      40.325016021728516,
      47.99602127075195,
      47.06558609008789,
      64.44115447998047,
      63.643863677978516,
      75.90540313720703,
      73.71466064453125,
      73.33058166503906,
      73.29946899414062,
      79.19253540039062,
      79.33618927001953,
      46.44062423706055,
      47.87333297729492
    ],
    [
      13.250248908996582,
      13.817659378051758,
      19.84539222717285,
      17.23612403869629,
      39.93849563598633,
      38.522308349609375,
      42.672054290771484,
      46.26308822631836,
      59.278255462646484,
      65.36576080322266,
      73.71466064453125,
      79.09634399414062,
      76.20843505859375,
      76.20966339111328,
      84.7940673828125,
      85.0337142944336,
      48.85633850097656,
      50.4301872253418
    ],
    [
      17.188932418823242,
      18.7550106048584,
      18.578584671020508,
      18.506628036499023,
      37.76622009277344,
      36.62822723388672,
      40.13310623168945,
      41.99876022338867,
      57.252262115478516,
      60.03994369506836,
      73.33058166503906,
      76.20843505859375,
      90.01141357421875,
      89.03669738769531,
      92.43807983398438,
      92.80872344970703,
      55.15835189819336,
      56.906707763671875
    ],
    [
      17.098304748535156,
      18.707979202270508,
      18.355669021606445,
      18.357833862304688,
      37.409488677978516,
      36.19260787963867,
      39.75321960449219,
      41.68138885498047,
      56.99217987060547,
      59.88914108276367,
      73.29946899414062,
      76.20966339111328,
      89.03669738769531,
      90.75990295410156,
      92.6505126953125,
      93.06625366210938,
      55.212772369384766,
      56.98055648803711
    ],
    [
      22.585800170898438,
      24.38189125061035,
      25.26325035095215,
      24.402347564697266,
      46.407432556152344,
      43.62553405761719,
      47.56245803833008,
      47.86625671386719,
      60.70142364501953,
      65.47349548339844,
      79.19253540039062,
      84.7940673828125,
      92.43807983398438,
      92.6505126953125,
      110.44181823730469,
      110.9233169555664,
      66.13811492919922,
      68.26806640625
    ],
    [
      22.84292221069336,
      24.660308837890625,
      25.501577377319336,
      24.69411849975586,
      46.604862213134766,
      43.7643928527832,
      47.59376525878906,
      47.77178192138672,
      60.6196403503418,
      65.47042846679688,
      79.33618927001953,
      85.0337142944336,
      92.80872344970703,
      93.06625366210938,
      110.9233169555664,
      111.57451629638672,
      66.3444595336914,
      68.52861022949219
    ],
    [
      14.658068656921387,
      15.590356826782227,
      17.068979263305664,
      16.61522102355957,
      29.88854217529297,
      27.671239852905273,
      30.67462730407715,
      29.412870407104492,
      37.26808166503906,
      37.80364990234375,
      46.44062423706055,
      48.85633850097656,
      55.15835189819336,
      55.212772369384766,
      66.13811492919922,
      66.3444595336914,
      45.3880500793457,
      46.614654541015625
    ],
    [
      15.099663734436035,
      16.099868774414062,
      17.536712646484375,
      17.118349075317383,
      30.7311954498291,
      28.52341079711914,
      31.53630828857422,
      30.2589111328125,
      38.31357192993164,
      38.924659729003906,
      47.87333297729492,
      50.4301872253418,
      56.906707763671875,
      56.98055648803711,
      68.26806640625,
      68.52861022949219,
      46.614654541015625,
      48.05411911010742
    ]
  ],
  "damage": -17.515953063964844,
  "diff_bandwidth": 481.50225830078125,
  "dissonance": 7.33639376360216,
  "drr": 9.674321174621582,
  "dynamics": 4.254797458648682,
  "format": 1245190,
  "frames": 10764224,
  "loudness": -23.483243942260742,
  "loudness_range": 12.271469116210938,
  "loudness_range_short": 16.014421463012695,
  "lowpass_true_peak_15khz": -2.354635000228882,
  "mastering3_acoustic_entropies": [
    {
      "acoustic_entropy": 7.92180061340332,
      "acoustic_entropy_mono": 6.724102973937988,
      "band_eliminated_acoustic_entropies": [
        {
          "acoustic_entropy": 8.167684555053711,
          "acoustic_entropy_side": 7.759903907775879,
          "hz": 129.47220167065723
        },
        {
          "acoustic_entropy": 7.758246421813965,
          "acoustic_entropy_side": 7.790410041809082,
          "hz": 202.92927478742237
        },
        {
          "acoustic_entropy": 8.516576766967773,
          "acoustic_entropy_side": 7.81918478012085,
          "hz": 282.89161906338205
        },
        {
          "acoustic_entropy": 8.382418632507324,
          "acoustic_entropy_side": 8.001004219055176,
          "hz": 369.9353335868758
        },
        {
          "acoustic_entropy": 7.510334491729736,
          "acoustic_entropy_side": 7.9330034255981445,
          "hz": 464.6875360973435
        },
        {
          "acoustic_entropy": 7.845292091369629,
          "acoustic_entropy_side": 7.76243782043457,
          "hz": 567.8308811364784
        },
        {
          "acoustic_entropy": 7.505392551422119,
          "acoustic_entropy_side": 7.8236284255981445,
          "hz": 680.1084783214808
        },
        {
          "acoustic_entropy": 7.880075454711914,
          "acoustic_entropy_side": 8.166661262512207,
          "hz": 802.3292461747484
        },
        {
          "acoustic_entropy": 7.918669700622559,
          "acoustic_entropy_side": 7.939845561981201,
          "hz": 935.3737400823702
        },
        {
          "acoustic_entropy": 7.724853038787842,
          "acoustic_entropy_side": 7.976962089538574,
          "hz": 1080.2004963696966
        },
        {
          "acoustic_entropy": 8.01728343963623,
          "acoustic_entropy_side": 8.043037414550781,
          "hz": 1237.8529382007157
        },
        {
          "acoustic_entropy": 8.086113929748535,
          "acoustic_entropy_side": 7.950697422027588,
          "hz": 1409.4668930556702
        },
        {
          "acoustic_entropy": 7.937402248382568,
          "acoustic_entropy_side": 7.853288650512695,
          "hz": 1596.2787759475705
        },
        {
          "acoustic_entropy": 7.877053260803223,
          "acoustic_entropy_side": 7.9259843826293945,
          "hz": 1799.6344973346393
        },
        {
          "acoustic_entropy": 7.810758113861084,
          "acoustic_entropy_side": 7.9316816329956055,
          "hz": 2020.9991599069049
        },
        {
          "acoustic_entropy": 7.986715793609619,
          "acoustic_entropy_side": 7.912188529968262,
          "hz": 2261.9676141086993
        },
        {
          "acoustic_entropy": 7.993219375610352,
          "acoustic_entropy_side": 7.903356552124023,
          "hz": 2524.2759484456974
        },
        {
          "acoustic_entropy": 7.911173343658447,
          "acoustic_entropy_side": 7.896187782287598,
          "hz": 2809.813997359896
        },
        {
          "acoustic_entropy": 7.890228271484375,
          "acoustic_entropy_side": 7.905340194702148,
          "hz": 3120.6389567871424
        },
        {
          "acoustic_entropy": 7.919053077697754,
          "acoustic_entropy_side": 7.936911106109619,
          "hz": 3458.990205492291
        },
        {
          "acoustic_entropy": 7.905712127685547,
          "acoustic_entropy_side": 7.916860103607178,
          "hz": 3827.305438964164
        },
        {
          "acoustic_entropy": 7.837521076202393,
          "acoustic_entropy_side": 7.900972366333008,
          "hz": 4228.238232109126
        },
        {
          "acoustic_entropy": 8.127483367919922,
          "acoustic_entropy_side": 7.960918426513672,
          "hz": 4664.6771572759235
        },
        {
          "acoustic_entropy": 8.03656005859375,
          "acoustic_entropy_side": 7.9692206382751465,
          "hz": 5139.766595350093
        },
        {
          "acoustic_entropy": 7.881982326507568,
          "acoustic_entropy_side": 7.903672695159912,
          "hz": 5656.929389854203
        },
        {
          "acoustic_entropy": 7.947896957397461,
          "acoustic_entropy_side": 7.9333930015563965,
          "hz": 6219.891507268283
        },
        {
          "acoustic_entropy": 7.895992279052734,
          "acoustic_entropy_side": 7.912011623382568,
          "hz": 6832.70888123896
        },
        {
          "acoustic_entropy": 7.885647296905518,
          "acoustic_entropy_side": 7.904334545135498,
          "hz": 7499.796634079867
        },
        {
          "acoustic_entropy": 7.937570571899414,
          "acoustic_entropy_side": 7.924817085266113,
          "hz": 8225.96088609342
        },
        {
          "acoustic_entropy": 7.957577228546143,
          "acoustic_entropy_side": 7.929675579071045,
          "hz": 9016.43338188839
        },
        {
          "acoustic_entropy": 8.04214859008789,
          "acoustic_entropy_side": 8.009809494018555,
          "hz": 9876.909183162974
        },
        {
          "acoustic_entropy": 7.971571445465088,
          "acoustic_entropy_side": 8.055258750915527,
          "hz": 10813.587699516042
        },
        {
          "acoustic_entropy": 8.07143783569336,
          "acoustic_entropy_side": 7.961352348327637,
          "hz": 11833.21735289826
        },
        {
          "acoustic_entropy": 7.934034824371338,
          "acoustic_entropy_side": 7.9255805015563965,
          "hz": 12943.144197493959
        },
        {
          "acoustic_entropy": 7.925028324127197,
          "acoustic_entropy_side": 7.923192501068115,
          "hz": 14151.364845322005
        },
        {
          "acoustic_entropy": 7.922837257385254,
          "acoustic_entropy_side": 7.92239236831665,
          "hz": 15466.58407886509
        },
        {
          "acoustic_entropy": 7.921868324279785,
          "acoustic_entropy_side": 7.921862602233887,
          "hz": 16898.27756580493
        },
        {
          "acoustic_entropy": 7.92176628112793,
          "acoustic_entropy_side": 7.921782970428467,
          "hz": 18456.760127700032
        },
        {
          "acoustic_entropy": 7.9217987060546875,
          "acoustic_entropy_side": 7.921799182891846,
          "hz": 20153.260054456492
        },
        {
          "acoustic_entropy": 7.92180061340332,
          "acoustic_entropy_side": 7.92180061340332,
          "hz": 22000.00000000001
        }
      ],
      "diff_acoustic_entropy": 7.113034725189209,
      "sn": 6
    },
    {
      "acoustic_entropy": 11.97476863861084,
      "acoustic_entropy_mono": 10.66006088256836,
      "band_eliminated_acoustic_entropies": [
        {
          "acoustic_entropy": 11.721147537231445,
          "acoustic_entropy_side": 12.012231826782227,
          "hz": 129.47220167065723
        },
        {
          "acoustic_entropy": 12.02739429473877,
          "acoustic_entropy_side": 12.501175880432129,
          "hz": 202.92927478742237
        },
        {
          "acoustic_entropy": 11.997584342956543,
          "acoustic_entropy_side": 11.80441951751709,
          "hz": 282.89161906338205
        },
        {
          "acoustic_entropy": 12.31035327911377,
          "acoustic_entropy_side": 12.17611312866211,
          "hz": 369.9353335868758
        },
        {
          "acoustic_entropy": 11.626510620117188,
          "acoustic_entropy_side": 12.116659164428711,
          "hz": 464.6875360973435
        },
        {
          "acoustic_entropy": 12.086061477661133,
          "acoustic_entropy_side": 11.791056632995605,
          "hz": 567.8308811364784
        },
        {
          "acoustic_entropy": 11.979917526245117,
          "acoustic_entropy_side": 11.662213325500488,
          "hz": 680.1084783214808
        },
        {
          "acoustic_entropy": 12.02807331085205,
          "acoustic_entropy_side": 12.237006187438965,
          "hz": 802.3292461747484
        },
        {
          "acoustic_entropy": 11.557055473327637,
          "acoustic_entropy_side": 12.150131225585938,
          "hz": 935.3737400823702
        },
        {
          "acoustic_entropy": 11.569022178649902,
          "acoustic_entropy_side": 12.009840965270996,
          "hz": 1080.2004963696966
        },
        {
          "acoustic_entropy": 11.873580932617188,
          "acoustic_entropy_side": 11.896477699279785,
          "hz": 1237.8529382007157
        },
        {
          "acoustic_entropy": 12.025310516357422,
          "acoustic_entropy_side": 12.035628318786621,
          "hz": 1409.4668930556702
        },
        {
          "acoustic_entropy": 11.920801162719727,
          "acoustic_entropy_side": 12.011926651000977,
          "hz": 1596.2787759475705
        },
        {
          "acoustic_entropy": 11.793631553649902,
          "acoustic_entropy_side": 11.905274391174316,
          "hz": 1799.6344973346393
        },
        {
          "acoustic_entropy": 12.00821304321289,
          "acoustic_entropy_side": 11.943038940429688,
          "hz": 2020.9991599069049
        },
        {
          "acoustic_entropy": 11.927821159362793,
          "acoustic_entropy_side": 11.939706802368164,
          "hz": 2261.9676141086993
        },
        {
          "acoustic_entropy": 11.988934516906738,
          "acoustic_entropy_side": 11.93203353881836,
          "hz": 2524.2759484456974
        },
        {
          "acoustic_entropy": 11.899128913879395,
          "acoustic_entropy_side": 11.930853843688965,
          "hz": 2809.813997359896
        },
        {
          "acoustic_entropy": 12.156412124633789,
          "acoustic_entropy_side": 11.992310523986816,
          "hz": 3120.6389567871424
        },
        {
          "acoustic_entropy": 12.018487930297852,
          "acoustic_entropy_side": 11.985210418701172,
          "hz": 3458.990205492291
        },
        {
          "acoustic_entropy": 11.95671558380127,
          "acoustic_entropy_side": 11.966063499450684,
          "hz": 3827.305438964164
        },
        {
          "acoustic_entropy": 11.961607933044434,
          "acoustic_entropy_side": 11.973465919494629,
          "hz": 4228.238232109126
        },
        {
          "acoustic_entropy": 11.947672843933105,
          "acoustic_entropy_side": 11.975982666015625,
          "hz": 4664.6771572759235
        },
        {
          "acoustic_entropy": 11.954925537109375,
          "acoustic_entropy_side": 11.993188858032227,
          "hz": 5139.766595350093
        },
        {
          "acoustic_entropy": 12.047049522399902,
          "acoustic_entropy_side": 12.019713401794434,
          "hz": 5656.929389854203
        },
        {
          "acoustic_entropy": 12.026365280151367,
          "acoustic_entropy_side": 12.015746116638184,
          "hz": 6219.891507268283
        },
        {
          "acoustic_entropy": 11.980043411254883,
          "acoustic_entropy_side": 11.979483604431152,
          "hz": 6832.70888123896
        },
        {
          "acoustic_entropy": 11.96293830871582,
          "acoustic_entropy_side": 11.969300270080566,
          "hz": 7499.796634079867
        },
        {
          "acoustic_entropy": 11.924107551574707,
          "acoustic_entropy_side": 11.947025299072266,
          "hz": 8225.96088609342
        },
        {
          "acoustic_entropy": 11.912548065185547,
          "acoustic_entropy_side": 11.934331893920898,
          "hz": 9016.43338188839
        },
        {
          "acoustic_entropy": 11.900084495544434,
          "acoustic_entropy_side": 11.926573753356934,
          "hz": 9876.909183162974
        },
        {
          "acoustic_entropy": 11.731345176696777,
          "acoustic_entropy_side": 11.907387733459473,
          "hz": 10813.587699516042
        },
        {
          "acoustic_entropy": 11.871651649475098,
          "acoustic_entropy_side": 11.940799713134766,
          "hz": 11833.21735289826
        },
        {
          "acoustic_entropy": 11.958611488342285,
          "acoustic_entropy_side": 11.980355262756348,
          "hz": 12943.144197493959
        },
        {
          "acoustic_entropy": 11.982739448547363,
          "acoustic_entropy_side": 11.985586166381836,
          "hz": 14151.364845322005
        },
        {
          "acoustic_entropy": 11.984601020812988,
          "acoustic_entropy_side": 11.98363208770752,
          "hz": 15466.58407886509
        },
        {
          "acoustic_entropy": 11.980113983154297,
          "acoustic_entropy_side": 11.978165626525879,
          "hz": 16898.27756580493
        },
        {
          "acoustic_entropy": 11.97579288482666,
          "acoustic_entropy_side": 11.975370407104492,
          "hz": 18456.760127700032
        },
        {
          "acoustic_entropy": 11.974820137023926,
          "acoustic_entropy_side": 11.974796295166016,
          "hz": 20153.260054456492
        },
        {
          "acoustic_entropy": 11.97476863861084,
          "acoustic_entropy_side": 11.974767684936523,
          "hz": 22000.00000000001
        }
      ],
      "diff_acoustic_entropy": 9.895861625671387,
      "sn": 12
    },
    {
      "acoustic_entropy": 17.093360900878906,
      "acoustic_entropy_mono": 15.682127952575684,
      "band_eliminated_acoustic_entropies": [
        {
          "acoustic_entropy": 16.317049026489258,
          "acoustic_entropy_side": 17.634931564331055,
          "hz": 129.47220167065723
        },
        {
          "acoustic_entropy": 17.23070526123047,
          "acoustic_entropy_side": 17.726425170898438,
          "hz": 202.92927478742237
        },
        {
          "acoustic_entropy": 16.850543975830078,
          "acoustic_entropy_side": 17.15920639038086,
          "hz": 282.89161906338205
        },
        {
          "acoustic_entropy": 17.42646026611328,
          "acoustic_entropy_side": 17.92472267150879,
          "hz": 369.9353335868758
        },
        {
          "acoustic_entropy": 16.26127052307129,
          "acoustic_entropy_side": 16.86553955078125,
          "hz": 464.6875360973435
        },
        {
          "acoustic_entropy": 18.115293502807617,
          "acoustic_entropy_side": 17.120052337646484,
          "hz": 567.8308811364784
        },
        {
          "acoustic_entropy": 17.381423950195312,
          "acoustic_entropy_side": 16.675485610961914,
          "hz": 680.1084783214808
        },
        {
          "acoustic_entropy": 17.19661521911621,
          "acoustic_entropy_side": 17.59152603149414,
          "hz": 802.3292461747484
        },
        {
          "acoustic_entropy": 16.203590393066406,
          "acoustic_entropy_side": 17.352649688720703,
          "hz": 935.3737400823702
        },
        {
          "acoustic_entropy": 16.88052749633789,
          "acoustic_entropy_side": 17.8337459564209,
          "hz": 1080.2004963696966
        },
        {
          "acoustic_entropy": 17.6157169342041,
          "acoustic_entropy_side": 17.174386978149414,
          "hz": 1237.8529382007157
        },
        {
          "acoustic_entropy": 16.902984619140625,
          "acoustic_entropy_side": 17.113744735717773,
          "hz": 1409.4668930556702
        },
        {
          "acoustic_entropy": 16.782873153686523,
          "acoustic_entropy_side": 17.26279640197754,
          "hz": 1596.2787759475705
        },
        {
          "acoustic_entropy": 16.66495704650879,
          "acoustic_entropy_side": 17.34075355529785,
          "hz": 1799.6344973346393
        },
        {
          "acoustic_entropy": 17.421226501464844,
          "acoustic_entropy_side": 17.27098846435547,
          "hz": 2020.9991599069049
        },
        {
          "acoustic_entropy": 16.920175552368164,
          "acoustic_entropy_side": 17.177562713623047,
          "hz": 2261.9676141086993
        },
        {
          "acoustic_entropy": 17.223543167114258,
          "acoustic_entropy_side": 17.132518768310547,
          "hz": 2524.2759484456974
        },
        {
          "acoustic_entropy": 17.185094833374023,
          "acoustic_entropy_side": 17.126325607299805,
          "hz": 2809.813997359896
        },
        {
          "acoustic_entropy": 17.306726455688477,
          "acoustic_entropy_side": 17.209917068481445,
          "hz": 3120.6389567871424
        },
        {
          "acoustic_entropy": 17.612178802490234,
