{
  "acoustic_entropy": 174.67137145996094,
  "bands": [
    {
      "high_freq": 148.1999969482422,
      "loudness": -23.726072311401367,
      "loudness_range": 15.360301971435547,
      "mid_mean": -20.10352897644043,
      "mid_to_side_loudness": -26.80458641052246,
      "mid_to_side_loudness_range": 22.959823608398438,
      "side_mean": -47.41697692871094
    },
    {
      "high_freq": 392.3793640136719,
      "loudness": -26.42316436767578,
      "loudness_range": 11.421520233154297,
      "low_freq": 148.1999969482422,
      "mid_mean": -23.121829986572266,
      "mid_to_side_loudness": -11.340094566345215,
      "mid_to_side_loudness_range": 9.712327003479004,
      "side_mean": -34.41354751586914
    },
    {
      "high_freq": 794.6976318359375,
      "loudness": -28.31169891357422,
      "loudness_range": 15.885736465454102,
      "low_freq": 392.3793640136719,
      "mid_mean": -25.236406326293945,
      "mid_to_side_loudness": -8.950362205505371,
      "mid_to_side_loudness_range": 7.742607593536377,
      "side_mean": -34.149112701416016
    },
    {
      "high_freq": 1457.5709228515625,
      "loudness": -29.697128295898438,
      "loudness_range": 21.303482055664062,
      "low_freq": 794.6976318359375,
      "mid_mean": -26.416872024536133,
      "mid_to_side_loudness": -10.69696044921875,
      "mid_to_side_loudness_range": 6.925060749053955,
      "side_mean": -37.00920486450195
    },
    {
      "high_freq": 2549.74365234375,
      "loudness": -32.129798889160156,
      "loudness_range": 19.09834861755371,
      "low_freq": 1457.5709228515625,
      "mid_mean": -29.077573776245117,
      "mid_to_side_loudness": -8.83814811706543,
      "mid_to_side_loudness_range": 7.2571821212768555,
      "side_mean": -37.69475173950195
    },
    {
      "high_freq": 4349.24462890625,
      "loudness": -34.295509338378906,
      "loudness_range": 19.73865509033203,
      "low_freq": 2549.74365234375,
      "mid_mean": -31.353670120239258,
      "mid_to_side_loudness": -8.001323699951172,
      "mid_to_side_loudness_range": 7.297955513000488,
      "side_mean": -39.07200241088867
    },
    {
      "high_freq": 7314.1640625,
      "loudness": -37.05110168457031,
      "loudness_range": 22.566858291625977,
      "low_freq": 4349.24462890625,
      "mid_mean": -33.93321990966797,
      "mid_to_side_loudness": -9.225179672241211,
      "mid_to_side_loudness_range": 7.244979381561279,
      "side_mean": -43.31635665893555
    },
    {
      "high_freq": 12199.2666015625,
      "loudness": -42.32298278808594,
      "loudness_range": 21.68303108215332,
      "low_freq": 7314.1640625,
      "mid_mean": -39.46034622192383,
      "mid_to_side_loudness": -7.348312854766846,
      "mid_to_side_loudness_range": 6.202638626098633,
      "side_mean": -47.23606491088867
    },
    {
      "loudness": -50.82722473144531,
      "loudness_range": 22.49911117553711,
      "low_freq": 12199.2666015625,
      "mid_mean": -49.204124450683594,
      "mid_to_side_loudness": -5.854830741882324,
      "mid_to_side_loudness_range": 4.163552284240723,
      "side_mean": -54.88972473144531
    }
  ],
  "bands_short": [
    {
      "high_freq": 148.1999969482422,
      "loudness": -26.851028442382812,
      "loudness_range": 23.396099090576172,
      "mid_mean": -23.309619903564453,
      "mid_to_side_loudness": -26.284910202026367,
      "mid_to_side_loudness_range": 26.804698944091797,
      "side_mean": -50.71826934814453
    },
    {
      "high_freq": 392.3793640136719,
      "loudness": -26.610950469970703,
      "loudness_range": 14.470748901367188,
      "low_freq": 148.1999969482422,
      "mid_mean": -23.27240562438965,
      "mid_to_side_loudness": -12.819504737854004,
      "mid_to_side_loudness_range": 13.69045352935791,
      "side_mean": -36.09653854370117
    },
    {
      "high_freq": 794.6976318359375,
      "loudness": -28.758525848388672,
      "loudness_range": 17.731782913208008,
      "low_freq": 392.3793640136719,
      "mid_mean": -25.706832885742188,
      "mid_to_side_loudness": -9.272976875305176,
      "mid_to_side_loudness_range": 9.992574691772461,
      "side_mean": -34.964176177978516
    },
    {
      "high_freq": 1457.5709228515625,
      "loudness": -30.240711212158203,
      "loudness_range": 22.204833984375,
      "low_freq": 794.6976318359375,
      "mid_mean": -27.063278198242188,
      "mid_to_side_loudness": -10.2523193359375,
      "mid_to_side_loudness_range": 8.829524993896484,
      "side_mean": -37.2938117980957
    },
    {
      "high_freq": 2549.74365234375,
      "loudness": -33.129615783691406,
      "loudness_range": 21.51055335998535,
      "low_freq": 1457.5709228515625,
      "mid_mean": -30.144319534301758,
      "mid_to_side_loudness": -8.660667419433594,
      "mid_to_side_loudness_range": 8.372053146362305,
      "side_mean": -38.62479019165039
    },
    {
      "high_freq": 4349.24462890625,
      "loudness": -35.058040618896484,
      "loudness_range": 22.02472686767578,
      "low_freq": 2549.74365234375,
      "mid_mean": -32.23861312866211,
      "mid_to_side_loudness": -7.62258243560791,
      "mid_to_side_loudness_range": 7.257052898406982,
      "side_mean": -39.722572326660156
    },
    {
      "high_freq": 7314.1640625,
      "loudness": -37.96061325073242,
      "loudness_range": 24.254135131835938,
      "low_freq": 4349.24462890625,
      "mid_mean": -34.9572868347168,
      "mid_to_side_loudness": -8.703690528869629,
      "mid_to_side_loudness_range": 7.858170986175537,
      "side_mean": -44.05821990966797
    },
    {
      "high_freq": 12199.2666015625,
      "loudness": -43.34292221069336,
      "loudness_range": 24.52005958557129,
      "low_freq": 7314.1640625,
      "mid_mean": -40.79966354370117,
      "mid_to_side_loudness": -7.092329502105713,
      "mid_to_side_loudness_range": 5.934711456298828,
      "side_mean": -49.12777328491211
    },
    {
      "loudness": -54.1856575012207,
      "loudness_range": 28.150611877441406,
      "low_freq": 12199.2666015625,
      "mid_mean": -52.76982116699219,
      "mid_to_side_loudness": -5.944963455200195,
      "mid_to_side_loudness_range": 4.970979690551758,
      "side_mean": -57.76871871948242
    }
  ],
  "bandwidth": 448.8191223144531,
  "channels": 2,
  "covariance": [
    [
      36.82917785644531,
      15.736939430236816,
      11.072514533996582,
      9.983098983764648,
      12.387402534484863,
      11.142662048339844,
      15.503311157226562,
      14.296161651611328,
      14.238788604736328,
      16.091121673583984,
      13.880892753601074,
      16.306406021118164,
      15.034565925598145,
      17.528398513793945,
      13.63726806640625,
      18.769851684570312,
      21.490489959716797,
      19.91868782043457
    ],
    [
      15.736939430236816,
      50.34583282470703,
      9.381150245666504,
      13.101053237915039,
      -0.6819645762443542,
      1.9068950414657593,
      -2.207831859588623,
      1.5719125270843506,
      2.8483920097351074,
      2.84798002243042,
      10.212464332580566,
      6.102205276489258,
      14.965141296386719,
      12.154601097106934,
      3.1443545818328857,
      1.3201782703399658,
      -0.8801819682121277,
      -2.7988367080688477
    ],
    [
      11.072514533996582,
      9.381150245666504,
      17.288766860961914,
      16.056236267089844,
      16.672039031982422,
      17.702865600585938,
      19.137298583984375,
      19.53401756286621,
      18.582277297973633,
      20.28826332092285,
      19.35538673400879,
      22.19921875,
      18.266721725463867,
      20.22557830810547,
      15.52403450012207,
      17.677227020263672,
      15.655352592468262,
      15.677144050598145
    ],
    [
      9.983098983764648,
      13.101053237915039,
      16.056236267089844,
      27.95878028869629,
      17.259187698364258,
      21.69817352294922,
      20.037702560424805,
      23.581932067871094,
      20.365602493286133,
      23.68442726135254,
      23.54485321044922,
      26.332693099975586,
      23.110950469970703,
      25.131826400756836,
      18.96419334411621,
      21.377851486206055,
      16.573925018310547,
      18.480209350585938
    ],
    [
      12.387402534484863,
      -0.6819645762443542,
      16.672039031982422,
      17.259187698364258,
      33.101898193359375,
      30.670499801635742,
      34.15240478515625,
      34.027225494384766,
      30.997928619384766,
      34.6451301574707,
      30.28192901611328,
      37.078392028808594,
      26.906496047973633,
      32.557552337646484,
      26.82404136657715,
      32.093257904052734,
      28.7823543548584,
      30.3339900970459
    ],
    [
      11.142662048339844,
      1.9068950414657593,
      17.702865600585938,
      21.69817352294922,
      30.670499801635742,
      37.83517837524414,
      34.19295883178711,
      37.17426300048828,
      32.22917175292969,
      37.02004623413086,
      33.405784606933594,
      40.205780029296875,
      29.910913467407227,
      35.85612487792969,
      27.59920310974121,
      33.04273986816406,
      26.39443588256836,
      29.847299575805664
    ],
    [
      15.503311157226562,
      -2.207831859588623,
      19.137298583984375,
      20.037702560424805,
      34.15240478515625,
      34.19295883178711,
      50.20119094848633,
      46.551368713378906,
      37.923805236816406,
      41.82530212402344,
      36.3914909362793,
      44.346378326416016,
      32.266204833984375,
      39.08684158325195,
      33.04324722290039,
      39.23036193847656,
      34.82096481323242,
      36.99482727050781
    ],
    [
      14.296161651611328,
      1.5719125270843506,
      19.53401756286621,
      23.581932067871094,
      34.027225494384766,
      37.17426300048828,
      46.551368713378906,
      51.08180236816406,
      38.68722915649414,
      44.07954025268555,
      38.625728607177734,
      47.418792724609375,
      34.58177185058594,
      41.640804290771484,
      33.33299255371094,
      39.73450469970703,
      31.88373565673828,
      35.85919189453125
    ],
    [
      14.238788604736328,
      2.8483920097351074,
      18.582277297973633,
      20.365602493286133,
      30.997928619384766,
      32.22917175292969,
      37.923805236816406,
      38.68722915649414,
      43.20121383666992,
      44.60411071777344,
      39.740394592285156,
      45.30925750732422,
      34.81599807739258,
      39.487449645996094,
      32.623565673828125,
      36.596473693847656,
      32.10948181152344,
      33.22427749633789
    ],
    [
      16.091121673583984,
      2.84798002243042,
      20.28826332092285,
      23.68442726135254,
      34.6451301574707,
      37.02004623413086,
      41.82530212402344,
      44.07954025268555,
      44.60411071777344,
      56.54079818725586,
      42.48384475708008,
      52.06459426879883,
      37.91706085205078,
      45.655738830566406,
      35.677181243896484,
      42.56380844116211,
      33.77707290649414,
      37.91345977783203
    ],
    [
      13.880892753601074,
      10.212464332580566,
      19.35538673400879,
      23.54485321044922,
      30.28192901611328,
      33.405784606933594,
      36.3914909362793,
      38.625728607177734,
      39.740394592285156,
      42.48384475708008,
      49.99205017089844,
      51.758026123046875,
      46.72187042236328,
      49.67096710205078,
      40.63418960571289,
      42.68877410888672,
      37.38844680786133,
      37.71283721923828
    ],
    [
      16.306406021118164,
      6.102205276489258,
      22.19921875,
      26.332693099975586,
      37.078392028808594,
      40.205780029296875,
      44.346378326416016,
      47.418792724609375,
      45.30925750732422,
      52.06459426879883,
      51.758026123046875,
      65.7573471069336,
      46.60043716430664,
      54.675907135009766,
      42.06864547729492,
      48.940513610839844,
      38.99433898925781,
      43.35634231567383
    ],
    [
      15.034565925598145,
      14.965141296386719,
      18.266721725463867,
      23.110950469970703,
      26.906496047973633,
      29.910913467407227,
      32.266204833984375,
      34.58177185058594,
      34.81599807739258,
      37.91706085205078,
      46.72187042236328,
      46.60043716430664,
      57.20417404174805,
      55.28078842163086,
      48.399200439453125,
      49.928924560546875,
      45.004791259765625,
      44.38911056518555
    ],
    [
      17.528398513793945,
      12.154601097106934,
      20.22557830810547,
      25.131826400756836,
      32.557552337646484,
      35.85612487792969,
      39.08684158325195,
      41.640804290771484,
      39.487449645996094,
      45.655738830566406,
      49.67096710205078,
      54.675907135009766,
      55.28078842163086,
      63.14426803588867,
      48.569271087646484,
      54.91712951660156,
      44.26541519165039,
      47.772178649902344
    ],
    [
      13.63726806640625,
      3.1443545818328857,
      15.52403450012207,
      18.96419334411621,
      26.82404136657715,
      27.59920310974121,
      33.04324722290039,
      33.33299255371094,
      32.623565673828125,
      35.677181243896484,
      40.63418960571289,
      42.06864547729492,
      48.399200439453125,
      48.569271087646484,
      55.878570556640625,
      55.531898498535156,
      52.06116485595703,
      52.11030960083008
    ],
    [
      18.769851684570312,
      1.3201782703399658,
      17.677227020263672,
      21.377851486206055,
      32.093257904052734,
      33.04273986816406,
      39.23036193847656,
      39.73450469970703,
      36.596473693847656,
      42.56380844116211,
      42.68877410888672,
      48.940513610839844,
      49.928924560546875,
      54.91712951660156,
      55.531898498535156,
      66.6252670288086,
      58.396183013916016,
      61.66489028930664
    ],
    [
      21.490489959716797,
      -0.8801819682121277,
      15.655352592468262,
      16.573925018310547,
      28.7823543548584,
      26.39443588256836,
      34.82096481323242,
      31.88373565673828,
      32.10948181152344,
      33.77707290649414,
      37.38844680786133,
      38.99433898925781,
      45.004791259765625,
      44.26541519165039,
      52.06116485595703,
      58.396183013916016,
      76.68534088134766,
      70.70130157470703
    ],
    [
      19.91868782043457,
      -2.7988367080688477,
      15.677144050598145,
      18.480209350585938,
      30.3339900970459,
      29.847299575805664,
      36.99482727050781,
      35.85919189453125,
      33.22427749633789,
      37.91345977783203,
      37.71283721923828,
      43.35634231567383,
      44.38911056518555,
      47.772178649902344,
      52.11030960083008,
      61.66489028930664,
      70.70130157470703,
      74.56336212158203
    ]
  ],
  "covariance_short": [
    [
      70.14054870605469,
      28.153629302978516,
      18.441911697387695,
      10.97922420501709,
      13.532002449035645,
      11.483975410461426,
      15.810443878173828,
      14.459467887878418,
      16.17452621459961,
      17.632694244384766,
      15.252008438110352,
      16.99408721923828,
      14.44951057434082,
      16.835744857788086,
      12.511874198913574,
      21.23191261291504,
      17.044334411621094,
      14.746005058288574
    ],
    [
      28.153629302978516,
      71.24010467529297,
      13.133485794067383,
      17.130233764648438,
      0.9500916600227356,
      2.034552574157715,
      0.1497507393360138,
      2.000655174255371,
      3.6309258937835693,
      3.797513484954834,
      9.525038719177246,
      6.502183437347412,
      13.358963966369629,
      12.601526260375977,
      2.9054431915283203,
      7.435335159301758,
      10.295811653137207,
      7.296464920043945
    ],
    [
      18.441911697387695,
      13.133485794067383,
      27.83495330810547,
      20.202524185180664,
      21.397380828857422,
      21.09540557861328,
      21.897539138793945,
      21.315391540527344,
      22.760570526123047,
      22.84111785888672,
      21.791168212890625,
      23.44245147705078,
      19.998384475708008,
      21.69632911682129,
      18.16939353942871,
      23.01483726501465,
      19.50212860107422,
      17.169971466064453
    ],
    [
      10.97922420501709,
      17.130233764648438,
      20.202524185180664,
      37.2434196472168,
      20.100400924682617,
      24.57834243774414,
      21.157732009887695,
      23.658037185668945,
      22.604307174682617,
      23.355953216552734,
      24.02768898010254,
      24.38778305053711,
      23.84311294555664,
      25.631649017333984,
      21.84752082824707,
      26.626203536987305,
      20.711898803710938,
      19.240903854370117
    ],
    [
      13.532002449035645,
      0.9500916600227356,
      21.397380828857422,
      20.100400924682617,
      41.52648162841797,
      36.4714469909668,
      39.075801849365234,
      38.981746673583984,
      37.37331008911133,
      38.56972122192383,
      34.662864685058594,
      39.338836669921875,
      29.197336196899414,
      34.42888259887695,
      30.350778579711914,
      36.99557876586914,
      29.107786178588867,
      27.13854217529297
    ],
    [
      11.483975410461426,
      2.034552574157715,
      21.09540557861328,
      24.57834243774414,
      36.4714469909668,
      47.002662658691406,
      38.98246383666992,
      41.40044021606445,
      38.52616500854492,
      40.19062805175781,
      36.293399810791016,
      41.200050354003906,
      30.60811424255371,
      36.977996826171875,
      31.369951248168945,
      38.272979736328125,
      28.243928909301758,
      27.226497650146484
    ],
    [
      15.810443878173828,
      0.1497507393360138,
      21.897539138793945,
      21.157732009887695,
      39.075801849365234,
      38.98246383666992,
      59.341426849365234,
      52.47402572631836,
      44.92179870605469,
      46.323570251464844,
      41.75556945800781,
      46.88969421386719,
      35.87171936035156,
      42.19102096557617,
      37.937870025634766,
      45.74492645263672,
      36.11973571777344,
      33.939212799072266
    ],
    [
      14.459467887878418,
      2.000655174255371,
      21.315391540527344,
      23.658037185668945,
      38.981746673583984,
      41.40044021606445,
      52.47402572631836,
      59.672203063964844,
      45.01873779296875,
      48.46171569824219,
      42.95984649658203,
      48.52621078491211,
      37.381683349609375,
      44.079654693603516,
      38.92021560668945,
      46.83210754394531,
      35.173770904541016,
      33.76628112792969
    ],
    [
      16.17452621459961,
      3.6309258937835693,
      22.760570526123047,
      22.604307174682617,
      37.37331008911133,
      38.52616500854492,
      44.92179870605469,
      45.01873779296875,
      55.60080337524414,
      52.28087615966797,
      46.289894104003906,
      49.6666259765625,
      38.96299362182617,
      43.62833023071289,
      39.00894546508789,
      45.53483963012695,
      36.01953125,
      33.04753112792969
    ],
    [
      17.632694244384766,
      3.797513484954834,
      22.84111785888672,
      23.355953216552734,
      38.56972122192383,
      40.19062805175781,
      46.323570251464844,
      48.46171569824219,
      52.28087615966797,
      62.55452346801758,
      47.291561126708984,
      53.858150482177734,
      40.40632247924805,
      47.56081771850586,
      40.16441345214844,
      48.3133544921875,
      35.930545806884766,
      34.68647766113281
    ],
    [
      15.252008438110352,
      9.525038719177246,
      21.791168212890625,
      24.02768898010254,
      34.662864685058594,
      36.293399810791016,
      41.75556945800781,
      42.95984649658203,
      46.289894104003906,
      47.291561126708984,
      60.28042221069336,
      58.00046920776367,
      53.919410705566406,
      55.4522819519043,
      47.80580520629883,
      53.81290817260742,
      43.57126998901367,
      40.20574188232422
    ],
    [
      16.99408721923828,
      6.502183437347412,
      23.44245147705078,
      24.38778305053711,
      39.338836669921875,
      41.200050354003906,
      46.88969421386719,
      48.52621078491211,
      49.6666259765625,
      53.858150482177734,
      58.00046920776367,
      69.1207504272461,
      52.00865936279297,
      58.72776412963867,
      46.90604019165039,
      55.63378143310547,
      41.978763580322266,
      40.864383697509766
    ],
    [
      14.44951057434082,
      13.358963966369629,
      19.998384475708008,
      23.84311294555664,
      29.197336196899414,
      30.60811424255371,
      35.87171936035156,
      37.381683349609375,
      38.96299362182617,
      40.40632247924805,
      53.919410705566406,
      52.00865936279297,
      70.28913116455078,
      63.99494171142578,
      60.071083068847656,
      64.99005126953125,
      55.9913215637207,
      52.15019607543945
    ],
    [
      16.835744857788086,
      12.601526260375977,
      21.69632911682129,
      25.631649017333984,
      34.42888259887695,
      36.977996826171875,
      42.19102096557617,
      44.079654693603516,
      43.62833023071289,
      47.56081771850586,
      55.4522819519043,
      58.72776412963867,
      63.99494171142578,
      73.78106689453125,
      58.64183044433594,
      68.68844604492188,
      54.340240478515625,
      52.935123443603516
    ],
    [
      12.511874198913574,
      2.9054431915283203,
      18.16939353942871,
      21.84752082824707,
      30.350778579711914,
      31.369951248168945,
      37.937870025634766,
      38.92021560668945,
      39.00894546508789,
      40.16441345214844,
      47.80580520629883,
      46.90604019165039,
      60.071083068847656,
      58.64183044433594,
      75.79754638671875,
      72.70098114013672,
      68.6646957397461,
      63.87543869018555
    ],
    [
      21.23191261291504,
      7.435335159301758,
      23.01483726501465,
      26.626203536987305,
      36.99557876586914,
      38.272979736328125,
      45.74492645263672,
      46.83210754394531,
      45.53483963012695,
      48.3133544921875,
      53.81290817260742,
      55.63378143310547,
      64.99005126953125,
      68.68844604492188,
      72.70098114013672,
      94.38290405273438,
      82.61449432373047,
      76.48440551757812
    ],
    [
      17.044334411621094,
      10.295811653137207,
      19.50212860107422,
      20.711898803710938,
      29.107786178588867,
      28.243928909301758,
      36.11973571777344,
      35.173770904541016,
      36.01953125,
      35.930545806884766,
      43.57126998901367,
      41.978763580322266,
      55.9913215637207,
      54.340240478515625,
      68.6646957397461,
      82.61449432373047,
      98.69470977783203,
      86.7094955444336
    ],
    [
      14.746005058288574,
      7.296464920043945,
      17.169971466064453,
      19.240903854370117,
      27.13854217529297,
      27.226497650146484,
      33.939212799072266,
      33.76628112792969,
      33.04753112792969,
      34.68647766113281,
      40.20574188232422,
      40.864383697509766,
      52.15019607543945,
      52.935123443603516,
      63.87543869018555,
      76.48440551757812,
      86.7094955444336,
      81.66063690185547
    ]
  ],
  "damage": -7.4054179191589355,
  "diff_bandwidth": 434.7350769042969,
  "dissonance": 6.365282043756755,
  "drr": 5.596735954284668,
  "dynamics": 3.934325695037842,
  "format": 1245190,
  "frames": 23171008,
  "loudness": -15.197469711303711,
  "loudness_range": 10.870942115783691,
  "loudness_range_short": 14.362958908081055,
  "lowpass_true_peak_15khz": 0.25755345821380615,
  "mastering3_acoustic_entropies": [
    {
      "acoustic_entropy": 7.174267292022705,
      "acoustic_entropy_mono": 7.393316745758057,
      "band_eliminated_acoustic_entropies": [
        {
          "acoustic_entropy": 7.391760349273682,
          "acoustic_entropy_side": 7.175111293792725,
          "hz": 129.47220167065723
        },
        {
          "acoustic_entropy": 6.8586249351501465,
          "acoustic_entropy_side": 7.213922500610352,
          "hz": 202.92927478742237
        },
        {
          "acoustic_entropy": 7.116770267486572,
          "acoustic_entropy_side": 7.296081066131592,
          "hz": 282.89161906338205
        },
        {
          "acoustic_entropy": 7.246496677398682,
          "acoustic_entropy_side": 7.226051330566406,
          "hz": 369.9353335868758
        },
        {
          "acoustic_entropy": 7.499533653259277,
          "acoustic_entropy_side": 7.1939263343811035,
          "hz": 464.6875360973435
        },
        {
          "acoustic_entropy": 7.239241123199463,
          "acoustic_entropy_side": 7.230896472930908,
          "hz": 567.8308811364784
        },
        {
          "acoustic_entropy": 7.622005462646484,
          "acoustic_entropy_side": 7.348230838775635,
          "hz": 680.1084783214808
        },
        {
          "acoustic_entropy": 7.13136625289917,
          "acoustic_entropy_side": 7.057170867919922,
          "hz": 802.3292461747484
        },
        {
          "acoustic_entropy": 7.113821983337402,
          "acoustic_entropy_side": 7.224411487579346,
          "hz": 935.3737400823702
        },
        {
          "acoustic_entropy": 6.431848526000977,
          "acoustic_entropy_side": 7.3014655113220215,
          "hz": 1080.2004963696966
        },
        {
          "acoustic_entropy": 7.045132160186768,
          "acoustic_entropy_side": 7.085517406463623,
          "hz": 1237.8529382007157
        },
        {
          "acoustic_entropy": 7.300309658050537,
          "acoustic_entropy_side": 7.0834245681762695,
          "hz": 1409.4668930556702
        },
        {
          "acoustic_entropy": 7.057435035705566,
          "acoustic_entropy_side": 7.303256988525391,
          "hz": 1596.2787759475705
        },
        {
          "acoustic_entropy": 7.42051887512207,
          "acoustic_entropy_side": 7.321645736694336,
          "hz": 1799.6344973346393
        },
        {
          "acoustic_entropy": 6.948787212371826,
          "acoustic_entropy_side": 7.1043009757995605,
          "hz": 2020.9991599069049
        },
        {
          "acoustic_entropy": 6.802560806274414,
          "acoustic_entropy_side": 7.149767875671387,
          "hz": 2261.9676141086993
        },
        {
          "acoustic_entropy": 7.016743183135986,
          "acoustic_entropy_side": 7.121520519256592,
          "hz": 2524.2759484456974
        },
        {
          "acoustic_entropy": 7.124329566955566,
          "acoustic_entropy_side": 7.154935836791992,
          "hz": 2809.813997359896
        },
        {
          "acoustic_entropy": 7.196310043334961,
          "acoustic_entropy_side": 7.0895795822143555,
          "hz": 3120.6389567871424
        },
        {
          "acoustic_entropy": 7.107494354248047,
          "acoustic_entropy_side": 7.168179512023926,
          "hz": 3458.990205492291
        },
        {
          "acoustic_entropy": 7.10807466506958,
          "acoustic_entropy_side": 7.170893669128418,
          "hz": 3827.305438964164
        },
        {
          "acoustic_entropy": 7.121643543243408,
          "acoustic_entropy_side": 7.171791076660156,
          "hz": 4228.238232109126
        },
        {
          "acoustic_entropy": 7.1868367195129395,
          "acoustic_entropy_side": 7.165515899658203,
          "hz": 4664.6771572759235
        },
        {
          "acoustic_entropy": 7.241081714630127,
          "acoustic_entropy_side": 7.1715922355651855,
          "hz": 5139.766595350093
        },
        {
          "acoustic_entropy": 7.228801250457764,
          "acoustic_entropy_side": 7.178348541259766,
          "hz": 5656.929389854203
        },
        {
          "acoustic_entropy": 7.202556133270264,
          "acoustic_entropy_side": 7.173655986785889,
          "hz": 6219.891507268283
        },
        {
          "acoustic_entropy": 7.118689060211182,
          "acoustic_entropy_side": 7.173912525177002,
          "hz": 6832.70888123896
        },
        {
          "acoustic_entropy": 7.0992751121521,
          "acoustic_entropy_side": 7.174524307250977,
          "hz": 7499.796634079867
        },
        {
          "acoustic_entropy": 7.1212873458862305,
          "acoustic_entropy_side": 7.177182197570801,
          "hz": 8225.96088609342
        },
        {
          "acoustic_entropy": 7.14603853225708,
          "acoustic_entropy_side": 7.176173210144043,
          "hz": 9016.43338188839
        },
        {
          "acoustic_entropy": 7.120898723602295,
          "acoustic_entropy_side": 7.172738552093506,
          "hz": 9876.909183162974
        },
        {
          "acoustic_entropy": 7.071772575378418,
          "acoustic_entropy_side": 7.167765140533447,
          "hz": 10813.587699516042
        },
        {
          "acoustic_entropy": 7.0701985359191895,
          "acoustic_entropy_side": 7.165618419647217,
          "hz": 11833.21735289826
        },
        {
          "acoustic_entropy": 7.0438232421875,
          "acoustic_entropy_side": 7.1606621742248535,
          "hz": 12943.144197493959
        },
        {
          "acoustic_entropy": 7.034919738769531,
          "acoustic_entropy_side": 7.160151481628418,
          "hz": 14151.364845322005
        },
        {
          "acoustic_entropy": 7.0863847732543945,
          "acoustic_entropy_side": 7.16502046585083,
          "hz": 15466.58407886509
        },
        {
          "acoustic_entropy": 7.134830474853516,
          "acoustic_entropy_side": 7.170011520385742,
          "hz": 16898.27756580493
        },
        {
          "acoustic_entropy": 7.156232833862305,
          "acoustic_entropy_side": 7.171855926513672,
          "hz": 18456.760127700032
        },
        {
          "acoustic_entropy": 7.167550086975098,
          "acoustic_entropy_side": 7.17301607131958,
          "hz": 20153.260054456492
        },
        {
          "acoustic_entropy": 7.173099994659424,
          "acoustic_entropy_side": 7.173980712890625,
          "hz": 22000.00000000001
        }
      ],
      "diff_acoustic_entropy": 5.975413799285889,
      "sn": 6
    },
    {
      "acoustic_entropy": 9.969280242919922,
      "acoustic_entropy_mono": 9.696088790893555,
      "band_eliminated_acoustic_entropies": [
        {
          "acoustic_entropy": 10.544551849365234,
          "acoustic_entropy_side": 9.96784782409668,
          "hz": 129.47220167065723
        },
        {
          "acoustic_entropy": 10.527745246887207,
          "acoustic_entropy_side": 9.960967063903809,
          "hz": 202.92927478742237
        },
        {
          "acoustic_entropy": 10.276899337768555,
          "acoustic_entropy_side": 9.84758186340332,
          "hz": 282.89161906338205
        },
        {
          "acoustic_entropy": 10.549520492553711,
          "acoustic_entropy_side": 9.872419357299805,
          "hz": 369.9353335868758
        },
        {
          "acoustic_entropy": 10.255821228027344,
          "acoustic_entropy_side": 9.75793743133545,
          "hz": 464.6875360973435
        },
        {
          "acoustic_entropy": 9.20734691619873,
          "acoustic_entropy_side": 9.66053581237793,
          "hz": 567.8308811364784
        },
        {
          "acoustic_entropy": 10.482284545898438,
          "acoustic_entropy_side": 10.129012107849121,
          "hz": 680.1084783214808
        },
        {
          "acoustic_entropy": 9.776667594909668,
          "acoustic_entropy_side": 9.188108444213867,
          "hz": 802.3292461747484
        },
        {
          "acoustic_entropy": 10.273857116699219,
          "acoustic_entropy_side": 9.894803047180176,
          "hz": 935.3737400823702
        },
        {
          "acoustic_entropy": 9.825175285339355,
          "acoustic_entropy_side": 10.26830768585205,
          "hz": 1080.2004963696966
        },
        {
          "acoustic_entropy": 10.31238842010498,
          "acoustic_entropy_side": 10.087617874145508,
          "hz": 1237.8529382007157
        },
        {
          "acoustic_entropy": 9.765613555908203,
          "acoustic_entropy_side": 9.878952026367188,
          "hz": 1409.4668930556702
        },
        {
          "acoustic_entropy": 10.212288856506348,
          "acoustic_entropy_side": 10.905384063720703,
          "hz": 1596.2787759475705
        },
        {
          "acoustic_entropy": 9.61518669128418,
          "acoustic_entropy_side": 9.83633041381836,
          "hz": 1799.6344973346393
        },
        {
          "acoustic_entropy": 9.637085914611816,
          "acoustic_entropy_side": 10.21999740600586,
          "hz": 2020.9991599069049
        },
        {
          "acoustic_entropy": 9.85662841796875,
          "acoustic_entropy_side": 9.81836986541748,
          "hz": 2261.9676141086993
        },
        {
          "acoustic_entropy": 10.110777854919434,
          "acoustic_entropy_side": 9.65331745147705,
          "hz": 2524.2759484456974
        },
        {
          "acoustic_entropy": 9.923896789550781,
          "acoustic_entropy_side": 9.818686485290527,
          "hz": 2809.813997359896
        },
        {
          "acoustic_entropy": 10.02259635925293,
          "acoustic_entropy_side": 9.940281867980957,
          "hz": 3120.6389567871424
        },
        {
          "acoustic_entropy": 10.130139350891113,
          "acoustic_entropy_side": 9.98633861541748,
          "hz": 3458.990205492291
        },
        {
          "acoustic_entropy": 9.822895050048828,
          "acoustic_entropy_side": 9.898168563842773,
          "hz": 3827.305438964164
        },
        {
          "acoustic_entropy": 10.277620315551758,
          "acoustic_entropy_side": 10.024578094482422,
          "hz": 4228.238232109126
        },
        {
          "acoustic_entropy": 10.010083198547363,
          "acoustic_entropy_side": 10.005230903625488,
          "hz": 4664.6771572759235
        },
        {
          "acoustic_entropy": 10.054885864257812,
          "acoustic_entropy_side": 9.929815292358398,
          "hz": 5139.766595350093
        },
        {
          "acoustic_entropy": 9.950757026672363,
          "acoustic_entropy_side": 9.972929000854492,
          "hz": 5656.929389854203
        },
        {
          "acoustic_entropy": 10.024384498596191,
          "acoustic_entropy_side": 9.993417739868164,
          "hz": 6219.891507268283
        },
        {
          "acoustic_entropy": 9.994695663452148,
          "acoustic_entropy_side": 9.974817276000977,
          "hz": 6832.70888123896
        },
        {
          "acoustic_entropy": 10.014159202575684,
          "acoustic_entropy_side": 9.998607635498047,
          "hz": 7499.796634079867
        },
        {
          "acoustic_entropy": 9.98716926574707,
          "acoustic_entropy_side": 9.940632820129395,
          "hz": 8225.96088609342
        },
        {
          "acoustic_entropy": 10.004278182983398,
          "acoustic_entropy_side": 9.931794166564941,
          "hz": 9016.43338188839
        },
        {
          "acoustic_entropy": 10.182631492614746,
          "acoustic_entropy_side": 9.953788757324219,
          "hz": 9876.909183162974
        },
        {
          "acoustic_entropy": 10.283903121948242,
          "acoustic_entropy_side": 10.024821281433105,
          "hz": 10813.587699516042
        },
        {
          "acoustic_entropy": 10.256998062133789,
          "acoustic_entropy_side": 10.039648056030273,
          "hz": 11833.21735289826
        },
        {
          "acoustic_entropy": 10.221355438232422,
          "acoustic_entropy_side": 10.077223777770996,
          "hz": 12943.144197493959
        },
        {
          "acoustic_entropy": 10.224611282348633,
          "acoustic_entropy_side": 10.071769714355469,
          "hz": 14151.364845322005
        },
        {
          "acoustic_entropy": 10.219087600708008,
          "acoustic_entropy_side": 10.03396224975586,
          "hz": 15466.58407886509
        },
        {
          "acoustic_entropy": 10.15095329284668,
          "acoustic_entropy_side": 9.988101959228516,
          "hz": 16898.27756580493
        },
        {
          "acoustic_entropy": 10.088406562805176,
          "acoustic_entropy_side": 9.96688175201416,
          "hz": 18456.760127700032
        },
        {
          "acoustic_entropy": 10.022501945495605,
          "acoustic_entropy_side": 9.969560623168945,
          "hz": 20153.260054456492
        },
        {
          "acoustic_entropy": 9.972094535827637,
          "acoustic_entropy_side": 9.97012710571289,
          "hz": 22000.00000000001
        }
      ],
      "diff_acoustic_entropy": 8.228642463684082,
      "sn": 12
    },
    {
      "acoustic_entropy": 16.784076690673828,
      "acoustic_entropy_mono": 13.720039367675781,
      "band_eliminated_acoustic_entropies": [
        {
          "acoustic_entropy": 17.41279411315918,
          "acoustic_entropy_side": 16.745798110961914,
          "hz": 129.47220167065723
        },
        {
          "acoustic_entropy": 17.083126068115234,
          "acoustic_entropy_side": 16.648513793945312,
          "hz": 202.92927478742237
        },
        {
          "acoustic_entropy": 17.39205551147461,
          "acoustic_entropy_side": 17.1489200592041,
          "hz": 282.89161906338205
        },
        {
          "acoustic_entropy": 17.37148666381836,
          "acoustic_entropy_side": 17.201337814331055,
          "hz": 369.9353335868758
        },
        {
          "acoustic_entropy": 16.58560562133789,
          "acoustic_entropy_side": 16.51836395263672,
          "hz": 464.6875360973435
        },
        {
          "acoustic_entropy": 16.998485565185547,
          "acoustic_entropy_side": 17.048240661621094,
          "hz": 567.8308811364784
        },
        {
          "acoustic_entropy": 16.024747848510742,
          "acoustic_entropy_side": 15.904047966003418,
          "hz": 680.1084783214808
        },
        {
          "acoustic_entropy": 16.73846435546875,
          "acoustic_entropy_side": 17.26787567138672,
          "hz": 802.3292461747484
        },
        {
          "acoustic_entropy": 15.8743257522583,
          "acoustic_entropy_side": 15.730135917663574,
          "hz": 935.3737400823702
        },
        {
          "acoustic_entropy": 16.611858367919922,
          "acoustic_entropy_side": 17.298992156982422,
          "hz": 1080.2004963696966
        },
        {
          "acoustic_entropy": 17.010908126831055,
          "acoustic_entropy_side": 16.38690185546875,
          "hz": 1237.8529382007157
        },
        {
          "acoustic_entropy": 16.57904624938965,
          "acoustic_entropy_side": 17.061702728271484,
          "hz": 1409.4668930556702
        },
        {
          "acoustic_entropy": 16.477901458740234,
          "acoustic_entropy_side": 17.12835693359375,
          "hz": 1596.2787759475705
        },
        {
          "acoustic_entropy": 16.33417320251465,
          "acoustic_entropy_side": 16.091949462890625,
          "hz": 1799.6344973346393
        },
        {
          "acoustic_entropy": 16.246553421020508,
          "acoustic_entropy_side": 17.193815231323242,
          "hz": 2020.9991599069049
        },
        {
          "acoustic_entropy": 16.864660263061523,
          "acoustic_entropy_side": 16.918941497802734,
          "hz": 2261.9676141086993
        },
        {
          "acoustic_entropy": 16.56498146057129,
          "acoustic_entropy_side": 16.866926193237305,
          "hz": 2524.2759484456974
        },
        {
          "acoustic_entropy": 17.261533737182617,
          "acoustic_entropy_side": 17.105527877807617,
          "hz": 2809.813997359896
        },
        {
          "acoustic_entropy": 16.84352684020996,
          "acoustic_entropy_side": 16.939096450805664,
          "hz": 3120.6389567871424
        },
        {
