{
  "acoustic_entropy": 216.8231658935547,
  "bands": [
    {
      "high_freq": 148.1999969482422,
      "loudness": -22.106430053710938,
      "loudness_range": 6.383415222167969,
      "mid_mean": -18.49144744873047,
      "mid_to_side_loudness": -23.202001571655273,
      "mid_to_side_loudness_range": 13.0200834274292,
      "side_mean": -43.77037048339844
    },
    {
      "high_freq": 392.3793640136719,
      "loudness": -27.307497024536133,
      "loudness_range": 10.096170425415039,
      "low_freq": 148.1999969482422,
      "mid_mean": -24.247007369995117,
      "mid_to_side_loudness": -9.68752384185791,
      "mid_to_side_loudness_range": 12.784893989562988,
      "side_mean": -34.052833557128906
    },
    {
      "high_freq": 794.6976318359375,
      "loudness": -25.382535934448242,
      "loudness_range": 13.196029663085938,
      "low_freq": 392.3793640136719,
      "mid_mean": -23.241859436035156,
      "mid_to_side_loudness": -4.347522258758545,
      "mid_to_side_loudness_range": 8.752742767333984,
      "side_mean": -27.589784622192383
    },
    {
      "high_freq": 1457.5709228515625,
      "loudness": -25.12153434753418,
      "loudness_range": 14.112457275390625,
      "low_freq": 794.6976318359375,
      "mid_mean": -23.104963302612305,
      "mid_to_side_loudness": -4.015946865081787,
      "mid_to_side_loudness_range": 8.578178405761719,
      "side_mean": -27.06446647644043
    },
    {
      "high_freq": 2549.74365234375,
      "loudness": -22.568849563598633,
      "loudness_range": 11.592935562133789,
      "low_freq": 1457.5709228515625,
      "mid_mean": -21.551191329956055,
      "mid_to_side_loudness": -2.7828011512756348,
      "mid_to_side_loudness_range": 6.147585391998291,
      "side_mean": -23.35504913330078
    },
    {
      "high_freq": 4349.24462890625,
      "loudness": -25.19384002685547,
      "loudness_range": 14.360490798950195,
      "low_freq": 2549.74365234375,
      "mid_mean": -23.94200325012207,
      "mid_to_side_loudness": -2.7459588050842285,
      "mid_to_side_loudness_range": 6.441919326782227,
      "side_mean": -25.997295379638672
    },
    {
      "high_freq": 7314.1640625,
      "loudness": -35.1175651550293,
      "loudness_range": 19.6021785736084,
      "low_freq": 4349.24462890625,
      "mid_mean": -33.057701110839844,
      "mid_to_side_loudness": -4.696011543273926,
      "mid_to_side_loudness_range": 9.287684440612793,
      "side_mean": -37.74594497680664
    },
    {
      "high_freq": 12199.2666015625,
      "loudness": -40.58586502075195,
      "loudness_range": 21.306739807128906,
      "low_freq": 7314.1640625,
      "mid_mean": -38.73337936401367,
      "mid_to_side_loudness": -4.373570442199707,
      "mid_to_side_loudness_range": 8.572996139526367,
      "side_mean": -43.4483757019043
    },
    {
      "loudness": -56.19886016845703,
      "loudness_range": 19.071922302246094,
      "low_freq": 12199.2666015625,
      "mid_mean": -54.110050201416016,
      "mid_to_side_loudness": -3.05737566947937,
      "mid_to_side_loudness_range": 7.02780818939209,
      "side_mean": -56.99995040893555
    }
  ],
  "bands_short": [
    {
      "high_freq": 148.1999969482422,
      "loudness": -24.68361473083496,
      "loudness_range": 12.844877243041992,
      "mid_mean": -21.093191146850586,
      "mid_to_side_loudness": -23.71725082397461,
      "mid_to_side_loudness_range": 13.904271125793457,
      "side_mean": -46.859004974365234
    },
    {
      "high_freq": 392.3793640136719,
      "loudness": -26.390470504760742,
      "loudness_range": 16.94276237487793,
      "low_freq": 148.1999969482422,
      "mid_mean": -23.103927612304688,
      "mid_to_side_loudness": -13.085984230041504,
      "mid_to_side_loudness_range": 17.083101272583008,
      "side_mean": -36.43183135986328
    },
    {
      "high_freq": 794.6976318359375,
      "loudness": -26.449844360351562,
      "loudness_range": 17.201967239379883,
      "low_freq": 392.3793640136719,
      "mid_mean": -24.2542667388916,
      "mid_to_side_loudness": -4.994579315185547,
      "mid_to_side_loudness_range": 11.151795387268066,
      "side_mean": -29.237926483154297
    },
    {
      "high_freq": 1457.5709228515625,
      "loudness": -25.819787979125977,
      "loudness_range": 19.108909606933594,
      "low_freq": 794.6976318359375,
      "mid_mean": -23.821016311645508,
      "mid_to_side_loudness": -4.165032863616943,
      "mid_to_side_loudness_range": 10.041149139404297,
      "side_mean": -27.935991287231445
    },
    {
      "high_freq": 2549.74365234375,
      "loudness": -24.026994705200195,
      "loudness_range": 17.73263931274414,
      "low_freq": 1457.5709228515625,
      "mid_mean": -22.675912857055664,
      "mid_to_side_loudness": -3.090904951095581,
      "mid_to_side_loudness_range": 7.864373683929443,
      "side_mean": -24.965744018554688
    },
    {
      "high_freq": 4349.24462890625,
      "loudness": -26.65252685546875,
      "loudness_range": 19.092512130737305,
      "low_freq": 2549.74365234375,
      "mid_mean": -25.514087677001953,
      "mid_to_side_loudness": -2.980358839035034,
      "mid_to_side_loudness_range": 8.292746543884277,
      "side_mean": -27.553159713745117
    },
    {
      "high_freq": 7314.1640625,
      "loudness": -36.764713287353516,
      "loudness_range": 26.008651733398438,
      "low_freq": 4349.24462890625,
      "mid_mean": -34.72314453125,
      "mid_to_side_loudness": -4.524973392486572,
      "mid_to_side_loudness_range": 9.933436393737793,
      "side_mean": -39.19852066040039
    },
    {
      "high_freq": 12199.2666015625,
      "loudness": -43.04014205932617,
      "loudness_range": 27.617700576782227,
      "low_freq": 7314.1640625,
      "mid_mean": -41.155147552490234,
      "mid_to_side_loudness": -4.192032337188721,
      "mid_to_side_loudness_range": 8.67789363861084,
      "side_mean": -45.54267501831055
    },
    {
      "loudness": -57.37166976928711,
      "loudness_range": 20.987022399902344,
      "low_freq": 12199.2666015625,
      "mid_mean": -55.289947509765625,
      "mid_to_side_loudness": -2.7277562618255615,
      "mid_to_side_loudness_range": 7.1053667068481445,
      "side_mean": -57.830928802490234
    }
  ],
  "bandwidth": 719.2977294921875,
  "channels": 2,
  "covariance": [
    [
      15.66501522064209,
      10.062359809875488,
      6.114546775817871,
      2.2590579986572266,
      3.737081289291382,
      1.9666640758514404,
      3.225515604019165,
      2.298769950866699,
      3.569335699081421,
      1.9979007244110107,
      3.951702833175659,
      2.5450918674468994,
      6.019040584564209,
      4.605730056762695,
      1.2925326824188232,
      4.0653486251831055,
      2.975809335708618,
      1.4100738763809204
    ],
    [
      10.062359809875488,
      26.293725967407227,
      17.454822540283203,
      11.58296012878418,
      13.763487815856934,
      13.782032012939453,
      18.81909942626953,
      18.88692283630371,
      18.711944580078125,
      9.587252616882324,
      11.715801239013672,
      5.985360622406006,
      22.1229190826416,
      22.743276596069336,
      17.793973922729492,
      21.62969398498535,
      14.92729663848877,
      12.404431343078613
    ],
    [
      6.114546775817871,
      17.454822540283203,
      22.349000930786133,
      18.910877227783203,
      16.84958839416504,
      16.852941513061523,
      17.210132598876953,
      16.693130493164062,
      16.70330238342285,
      5.722738265991211,
      9.631132125854492,
      1.3872497081756592,
      20.946796417236328,
      18.360239028930664,
      17.89359474182129,
      18.169057846069336,
      16.410037994384766,
      11.936519622802734
    ],
    [
      2.2590579986572266,
      11.58296012878418,
      18.910877227783203,
      34.757057189941406,
      20.118364334106445,
      28.41259765625,
      15.38788890838623,
      21.019630432128906,
      11.190347671508789,
      5.333951473236084,
      1.698012351989746,
      -3.419003963470459,
      13.31869888305664,
      12.758227348327637,
      12.390246391296387,
      12.103766441345215,
      13.765890121459961,
      10.260454177856445
    ],
    [
      3.737081289291382,
      13.763487815856934,
      16.84958839416504,
      20.118364334106445,
      22.43585777282715,
      27.03282928466797,
      19.111188888549805,
      22.846595764160156,
      14.787562370300293,
      6.330064296722412,
      5.501406192779541,
      -1.331464171409607,
      16.242782592773438,
      14.417558670043945,
      12.927947044372559,
      11.46971321105957,
      13.8496675491333,
      9.650002479553223
    ],
    [
      1.9666640758514404,
      13.782032012939453,
      16.852941513061523,
      28.41259765625,
      27.03282928466797,
      41.29795455932617,
      23.061315536499023,
      34.10228729248047,
      16.583175659179688,
      11.919029235839844,
      2.9108662605285645,
      -0.6543111205101013,
      15.066361427307129,
      17.576757431030273,
      12.400325775146484,
      13.678247451782227,
      14.567124366760254,
      12.342010498046875
    ],
    [
      3.225515604019165,
      18.81909942626953,
      17.210132598876953,
      15.38788890838623,
      19.111188888549805,
      23.061315536499023,
      31.870206832885742,
      36.14859390258789,
      23.921966552734375,
      13.32384204864502,
      12.030684471130371,
      5.367944717407227,
      27.16303062438965,
      28.712547302246094,
      22.28257942199707,
      25.375761032104492,
      20.048200607299805,
      17.461519241333008
    ],
    [
      2.298769950866699,
      18.88692283630371,
      16.693130493164062,
      21.019630432128906,
      22.846595764160156,
      34.10228729248047,
      36.14859390258789,
      51.34743881225586,
      26.142301559448242,
      20.217933654785156,
      10.390645980834961,
      7.719563961029053,
      25.04463005065918,
      32.02246856689453,
      21.40180778503418,
      27.640121459960938,
      19.776721954345703,
      20.19978904724121
    ],
    [
      3.569335699081421,
      18.711944580078125,
      16.70330238342285,
      11.190347671508789,
      14.787562370300293,
      16.583175659179688,
      23.921966552734375,
      26.142301559448242,
      36.03828430175781,
      23.941577911376953,
      23.34726905822754,
      17.00762939453125,
      32.47275924682617,
      34.800018310546875,
      30.603471755981445,
      33.68545150756836,
      23.618682861328125,
      20.3490047454834
    ],
    [
      1.9979007244110107,
      9.587252616882324,
      5.722738265991211,
      5.333951473236084,
      6.330064296722412,
      11.919029235839844,
      13.32384204864502,
      20.217933654785156,
      23.941577911376953,
      35.47904586791992,
      22.14468765258789,
      26.709346771240234,
      19.425575256347656,
      29.359821319580078,
      19.705524444580078,
      28.44700813293457,
      15.065485000610352,
      17.412841796875
    ],
    [
      3.951702833175659,
      11.715801239013672,
      9.631132125854492,
      1.698012351989746,
      5.501406192779541,
      2.9108662605285645,
      12.030684471130371,
      10.390645980834961,
      23.34726905822754,
      22.14468765258789,
      33.36647415161133,
      26.405601501464844,
      28.02374267578125,
      29.712039947509766,
      26.62639045715332,
      30.04499626159668,
      20.83527183532715,
      17.24101448059082
    ],
    [
      2.5450918674468994,
      5.985360622406006,
      1.3872497081756592,
      -3.419003963470459,
      -1.331464171409607,
      -0.6543111205101013,
      5.367944717407227,
      7.719563961029053,
      17.00762939453125,
      26.709346771240234,
      26.405601501464844,
      38.82784652709961,
      19.5324764251709,
      29.748016357421875,
      18.06815528869629,
      28.956268310546875,
      14.993000030517578,
      17.308929443359375
    ],
    [
      6.019040584564209,
      22.1229190826416,
      20.946796417236328,
      13.31869888305664,
      16.242782592773438,
      15.066361427307129,
      27.16303062438965,
      25.04463005065918,
      32.47275924682617,
      19.425575256347656,
      28.02374267578125,
      19.5324764251709,
      54.95412063598633,
      50.71687698364258,
      49.250144958496094,
      52.1722526550293,
      41.28296661376953,
      31.455177307128906
    ],
    [
      4.605730056762695,
      22.743276596069336,
      18.360239028930664,
      12.758227348327637,
      14.417558670043945,
      17.576757431030273,
      28.712547302246094,
      32.02246856689453,
      34.800018310546875,
      29.359821319580078,
      29.712039947509766,
      29.748016357421875,
      50.71687698364258,
      59.49871826171875,
      47.6486930847168,
      60.59144592285156,
      38.6106071472168,
      36.223445892333984
    ],
    [
      1.2925326824188232,
      17.793973922729492,
      17.89359474182129,
      12.390246391296387,
      12.927947044372559,
      12.400325775146484,
      22.28257942199707,
      21.40180778503418,
      30.603471755981445,
      19.705524444580078,
      26.62639045715332,
      18.06815528869629,
      49.250144958496094,
      47.6486930847168,
      57.711368560791016,
      56.85628128051758,
      41.463199615478516,
      33.10210037231445
    ],
    [
      4.0653486251831055,
      21.62969398498535,
      18.169057846069336,
      12.103766441345215,
      11.46971321105957,
      13.678247451782227,
      25.375761032104492,
      27.640121459960938,
      33.68545150756836,
      28.44700813293457,
      30.04499626159668,
      28.956268310546875,
      52.1722526550293,
      60.59144592285156,
      56.85628128051758,
      72.74694061279297,
      43.07731628417969,
      41.21285629272461
    ],
    [
      2.975809335708618,
      14.92729663848877,
      16.410037994384766,
      13.765890121459961,
      13.8496675491333,
      14.567124366760254,
      20.048200607299805,
      19.776721954345703,
      23.618682861328125,
      15.065485000610352,
      20.83527183532715,
      14.993000030517578,
      41.28296661376953,
      38.6106071472168,
      41.463199615478516,
      43.07731628417969,
      40.57185745239258,
      31.89760971069336
    ],
    [
      1.4100738763809204,
      12.404431343078613,
      11.936519622802734,
      10.260454177856445,
      9.650002479553223,
      12.342010498046875,
      17.461519241333008,
      20.19978904724121,
      20.3490047454834,
      17.412841796875,
      17.24101448059082,
      17.308929443359375,
      31.455177307128906,
      36.223445892333984,
      33.10210037231445,
      41.21285629272461,
      31.89760971069336,
      30.237930297851562
    ]
  ],
  "covariance_short": [
    [
      34.851985931396484,
      25.999176025390625,
      18.577030181884766,
      7.64292573928833,
      8.459721565246582,
      7.151427745819092,
      8.439840316772461,
      8.76070499420166,
      9.013389587402344,
      7.003012180328369,
      9.127557754516602,
      5.3555121421813965,
      8.55202579498291,
      8.139942169189453,
      7.130625247955322,
      6.671319961547852,
      4.613889217376709,
      2.8025074005126953
    ],
    [
      25.999176025390625,
      46.23802185058594,
      25.399349212646484,
      6.62903356552124,
      11.463254928588867,
      6.792437553405762,
      17.466405868530273,
      15.341924667358398,
      20.348995208740234,
      13.551780700683594,
      21.31622314453125,
      14.222345352172852,
      22.57115364074707,
      24.05791473388672,
      21.515066146850586,
      24.040050506591797,
      14.315938949584961,
      11.635786056518555
    ],
    [
      18.577030181884766,
      25.399349212646484,
      37.96501922607422,
      24.172380447387695,
      21.721240997314453,
      21.13849639892578,
      23.66448974609375,
      24.35434913635254,
      22.901765823364258,
      15.035429000854492,
      20.201154708862305,
      10.053024291992188,
      25.9693660736084,
      24.904531478881836,
      24.877790451049805,
      24.48501968383789,
      17.37510108947754,
      13.313265800476074
    ],
    [
      7.64292573928833,
      6.62903356552124,
      24.172380447387695,
      46.745880126953125,
      23.792259216308594,
      32.97285461425781,
      18.302215576171875,
      24.628005981445312,
      12.824807167053223,
      10.057562828063965,
      7.616741180419922,
      1.2419649362564087,
      17.07893943786621,
      15.151334762573242,
      16.904895782470703,
      15.218000411987305,
      14.445943832397461,
      9.916563987731934
    ],
    [
      8.459721565246582,
      11.463254928588867,
      21.721240997314453,
      23.792259216308594,
      31.268959045410156,
      33.474693298339844,
      24.37819480895996,
      27.937389373779297,
      20.75521469116211,
      15.369402885437012,
      16.588214874267578,
      8.302018165588379,
      21.471349716186523,
      19.596923828125,
      20.28763771057129,
      18.41800308227539,
      16.763307571411133,
      12.278304100036621
    ],
    [
      7.151427745819092,
      6.792437553405762,
      21.13849639892578,
      32.97285461425781,
      33.474693298339844,
      50.704071044921875,
      27.411420822143555,
      39.089534759521484,
      22.176546096801758,
      21.544984817504883,
      14.492156982421875,
      9.267553329467773,
      19.836593627929688,
      21.264005661010742,
      19.419431686401367,
      19.712600708007812,
      16.823169708251953,
      13.652316093444824
    ],
    [
      8.439840316772461,
      17.466405868530273,
      23.66448974609375,
      18.302215576171875,
      24.37819480895996,
      27.411420822143555,
      42.038360595703125,
      45.840152740478516,
      31.90241050720215,
      25.448949813842773,
      26.351411819458008,
      18.438268661499023,
      33.303062438964844,
      35.82670211791992,
      30.718168258666992,
      32.76926040649414,
      23.160707473754883,
      20.263303756713867
    ],
    [
      8.76070499420166,
      15.341924667358398,
      24.35434913635254,
      24.628005981445312,
      27.937389373779297,
      39.089534759521484,
      45.840152740478516,
      63.03101348876953,
      34.75942611694336,
      34.306373596191406,
      26.70709228515625,
      23.08351707458496,
      32.959564208984375,
      40.55348587036133,
      30.914676666259766,
      36.38346481323242,
      23.727779388427734,
      23.185819625854492
    ],
    [
      9.013389587402344,
      20.348995208740234,
      22.901765823364258,
      12.824807167053223,
      20.75521469116211,
      22.176546096801758,
      31.90241050720215,
      34.75942611694336,
      49.01983642578125,
      41.31901550292969,
      41.266822814941406,
      32.86943817138672,
      40.537742614746094,
      43.95183563232422,
      39.44015121459961,
      43.005950927734375,
      27.181346893310547,
      23.865446090698242
    ],
    [
      7.003012180328369,
      13.551780700683594,
      15.035429000854492,
      10.057562828063965,
      15.369402885437012,
      21.544984817504883,
      25.448949813842773,
      34.306373596191406,
      41.31901550292969,
      55.72600173950195,
      39.33818435668945,
      44.56621551513672,
      32.268985748291016,
      43.15428161621094,
      31.613426208496094,
      40.92388916015625,
      21.88203239440918,
      23.159988403320312
    ],
    [
      9.127557754516602,
      21.31622314453125,
      20.201154708862305,
      7.616741180419922,
      16.588214874267578,
      14.492156982421875,
      26.351411819458008,
      26.70709228515625,
      41.266822814941406,
      39.33818435668945,
      56.747779846191406,
      47.258323669433594,
      45.97889709472656,
      48.524436950683594,
      43.89473342895508,
      47.63235855102539,
      30.512659072875977,
      25.800701141357422
    ],
    [
      5.3555121421813965,
      14.222345352172852,
      10.053024291992188,
      1.2419649362564087,
      8.302018165588379,
      9.267553329467773,
      18.438268661499023,
      23.08351707458496,
      32.86943817138672,
      44.56621551513672,
      47.258323669433594,
      63.03983688354492,
      34.80854034423828,
      46.88950729370117,
      33.26705551147461,
      44.52936553955078,
      22.91725730895996,
      24.309066772460938
    ],
    [
      8.55202579498291,
      22.57115364074707,
      25.9693660736084,
      17.07893943786621,
      21.471349716186523,
      19.836593627929688,
      33.303062438964844,
      32.959564208984375,
      40.537742614746094,
      32.268985748291016,
      45.97889709472656,
      34.80854034423828,
      72.67618560791016,
      68.06109619140625,
      71.05176544189453,
      69.78251647949219,
      50.13505554199219,
      39.031620025634766
    ],
    [
      8.139942169189453,
      24.05791473388672,
      24.904531478881836,
      15.151334762573242,
      19.596923828125,
      21.264005661010742,
      35.82670211791992,
      40.55348587036133,
      43.95183563232422,
      43.15428161621094,
      48.524436950683594,
      46.88950729370117,
      68.06109619140625,
      79.04235076904297,
      68.51705169677734,
      78.35923767089844,
      47.55747604370117,
      43.72857666015625
    ],
    [
      7.130625247955322,
      21.515066146850586,
      24.877790451049805,
      16.904895782470703,
      20.28763771057129,
      19.419431686401367,
      30.718168258666992,
      30.914676666259766,
      39.44015121459961,
      31.613426208496094,
      43.89473342895508,
      33.26705551147461,
      71.05176544189453,
      68.51705169677734,
      82.59101867675781,
      80.47498321533203,
      55.107418060302734,
      44.153404235839844
    ],
    [
      6.671319961547852,
      24.040050506591797,
      24.48501968383789,
      15.218000411987305,
      18.41800308227539,
      19.712600708007812,
      32.76926040649414,
      36.38346481323242,
      43.005950927734375,
      40.92388916015625,
      47.63235855102539,
      44.52936553955078,
      69.78251647949219,
      78.35923767089844,
      80.47498321533203,
      92.67144012451172,
      54.373619079589844,
      49.98613357543945
    ],
    [
      4.613889217376709,
      14.315938949584961,
      17.37510108947754,
      14.445943832397461,
      16.763307571411133,
      16.823169708251953,
      23.160707473754883,
      23.727779388427734,
      27.181346893310547,
      21.88203239440918,
      30.512659072875977,
      22.91725730895996,
      50.13505554199219,
      47.55747604370117,
      55.107418060302734,
      54.373619079589844,
      46.683746337890625,
      36.956871032714844
    ],
    [
      2.8025074005126953,
      11.635786056518555,
      13.313265800476074,
      9.916563987731934,
      12.278304100036621,
      13.652316093444824,
      20.263303756713867,
      23.185819625854492,
      23.865446090698242,
      23.159988403320312,
      25.800701141357422,
      24.309066772460938,
      39.031620025634766,
      43.72857666015625,
      44.153404235839844,
      49.98613357543945,
      36.956871032714844,
      34.325138092041016
    ]
  ],
  "damage": -8.947011947631836,
  "diff_bandwidth": 778.4802856445312,
  "dissonance": 9.070322822155687,
  "drr": 10.718240737915039,
  "dynamics": 2.2592618465423584,
  "format": 1245190,
  "frames": 5388288,
  "loudness": -11.617456436157227,
  "loudness_range": 6.284745216369629,
  "loudness_range_short": 10.563206672668457,
  "lowpass_true_peak_15khz": 0.0981169044971466,
  "mastering3_acoustic_entropies": [
    {
      "acoustic_entropy": 5.878528118133545,
      "acoustic_entropy_mono": 5.188532829284668,
      "band_eliminated_acoustic_entropies": [
        {
          "acoustic_entropy": 5.76051664352417,
          "acoustic_entropy_side": 5.878516674041748,
          "hz": 129.47220167065723
        },
        {
          "acoustic_entropy": 5.7933454513549805,
          "acoustic_entropy_side": 5.878482341766357,
          "hz": 202.92927478742237
        },
        {
          "acoustic_entropy": 5.771754741668701,
          "acoustic_entropy_side": 5.879229545593262,
          "hz": 282.89161906338205
        },
        {
          "acoustic_entropy": 5.942632675170898,
          "acoustic_entropy_side": 5.895740032196045,
          "hz": 369.9353335868758
        },
        {
          "acoustic_entropy": 6.119349956512451,
          "acoustic_entropy_side": 5.9683098793029785,
          "hz": 464.6875360973435
        },
        {
          "acoustic_entropy": 5.881834030151367,
          "acoustic_entropy_side": 5.840602397918701,
          "hz": 567.8308811364784
        },
        {
          "acoustic_entropy": 5.767119884490967,
          "acoustic_entropy_side": 5.81204080581665,
          "hz": 680.1084783214808
        },
        {
          "acoustic_entropy": 6.347827911376953,
          "acoustic_entropy_side": 6.072420597076416,
          "hz": 802.3292461747484
        },
        {
          "acoustic_entropy": 5.894922733306885,
          "acoustic_entropy_side": 5.942545413970947,
          "hz": 935.3737400823702
        },
        {
          "acoustic_entropy": 6.046855926513672,
          "acoustic_entropy_side": 5.985284805297852,
          "hz": 1080.2004963696966
        },
        {
          "acoustic_entropy": 5.766661167144775,
          "acoustic_entropy_side": 5.821292400360107,
          "hz": 1237.8529382007157
        },
        {
          "acoustic_entropy": 5.862184524536133,
          "acoustic_entropy_side": 5.8405938148498535,
          "hz": 1409.4668930556702
        },
        {
          "acoustic_entropy": 5.755439281463623,
          "acoustic_entropy_side": 5.722397804260254,
          "hz": 1596.2787759475705
        },
        {
          "acoustic_entropy": 6.447988986968994,
          "acoustic_entropy_side": 6.20856237411499,
          "hz": 1799.6344973346393
        },
        {
          "acoustic_entropy": 5.457818508148193,
          "acoustic_entropy_side": 5.763538360595703,
          "hz": 2020.9991599069049
        },
        {
          "acoustic_entropy": 5.768765449523926,
          "acoustic_entropy_side": 5.842052459716797,
          "hz": 2261.9676141086993
        },
        {
          "acoustic_entropy": 5.81488561630249,
          "acoustic_entropy_side": 5.970465660095215,
          "hz": 2524.2759484456974
        },
        {
          "acoustic_entropy": 5.650410175323486,
          "acoustic_entropy_side": 5.7926201820373535,
          "hz": 2809.813997359896
        },
        {
          "acoustic_entropy": 5.774415969848633,
          "acoustic_entropy_side": 5.8715434074401855,
          "hz": 3120.6389567871424
        },
        {
          "acoustic_entropy": 5.853201866149902,
          "acoustic_entropy_side": 5.864518165588379,
          "hz": 3458.990205492291
        },
        {
          "acoustic_entropy": 5.689289093017578,
          "acoustic_entropy_side": 5.768726348876953,
          "hz": 3827.305438964164
        },
        {
          "acoustic_entropy": 5.679984092712402,
          "acoustic_entropy_side": 5.741546630859375,
          "hz": 4228.238232109126
        },
        {
          "acoustic_entropy": 5.84392786026001,
          "acoustic_entropy_side": 5.849051475524902,
          "hz": 4664.6771572759235
        },
        {
          "acoustic_entropy": 5.967250347137451,
          "acoustic_entropy_side": 5.879922866821289,
          "hz": 5139.766595350093
        },
        {
          "acoustic_entropy": 5.9497270584106445,
          "acoustic_entropy_side": 5.876051425933838,
          "hz": 5656.929389854203
        },
        {
          "acoustic_entropy": 5.9345831871032715,
          "acoustic_entropy_side": 5.869949817657471,
          "hz": 6219.891507268283
        },
        {
          "acoustic_entropy": 5.962729454040527,
          "acoustic_entropy_side": 5.8783111572265625,
          "hz": 6832.70888123896
        },
        {
          "acoustic_entropy": 5.961757183074951,
          "acoustic_entropy_side": 5.882321357727051,
          "hz": 7499.796634079867
        },
        {
          "acoustic_entropy": 5.9647016525268555,
          "acoustic_entropy_side": 5.891617298126221,
          "hz": 8225.96088609342
        },
        {
          "acoustic_entropy": 5.979898929595947,
          "acoustic_entropy_side": 5.899816513061523,
          "hz": 9016.43338188839
        },
        {
          "acoustic_entropy": 5.936240196228027,
          "acoustic_entropy_side": 5.88891077041626,
          "hz": 9876.909183162974
        },
        {
          "acoustic_entropy": 5.902989864349365,
          "acoustic_entropy_side": 5.884156227111816,
          "hz": 10813.587699516042
        },
        {
          "acoustic_entropy": 5.886030673980713,
          "acoustic_entropy_side": 5.879283905029297,
          "hz": 11833.21735289826
        },
        {
          "acoustic_entropy": 5.880501747131348,
          "acoustic_entropy_side": 5.878498554229736,
          "hz": 12943.144197493959
        },
        {
          "acoustic_entropy": 5.879086494445801,
          "acoustic_entropy_side": 5.878542423248291,
          "hz": 14151.364845322005
        },
        {
          "acoustic_entropy": 5.8786845207214355,
          "acoustic_entropy_side": 5.878536701202393,
          "hz": 15466.58407886509
        },
        {
          "acoustic_entropy": 5.878562927246094,
          "acoustic_entropy_side": 5.8785295486450195,
          "hz": 16898.27756580493
        },
        {
          "acoustic_entropy": 5.878535270690918,
          "acoustic_entropy_side": 5.8785295486450195,
          "hz": 18456.760127700032
        },
        {
          "acoustic_entropy": 5.878528594970703,
          "acoustic_entropy_side": 5.878527641296387,
          "hz": 20153.260054456492
        },
        {
          "acoustic_entropy": 5.878528118133545,
          "acoustic_entropy_side": 5.878528118133545,
          "hz": 22000.00000000001
        }
      ],
      "diff_acoustic_entropy": 4.242037773132324,
      "sn": 6
    },
    {
      "acoustic_entropy": 10.286104202270508,
      "acoustic_entropy_mono": 8.145580291748047,
      "band_eliminated_acoustic_entropies": [
        {
          "acoustic_entropy": 10.302933692932129,
          "acoustic_entropy_side": 10.286160469055176,
          "hz": 129.47220167065723
        },
        {
          "acoustic_entropy": 10.546669006347656,
          "acoustic_entropy_side": 10.285346984863281,
          "hz": 202.92927478742237
        },
        {
          "acoustic_entropy": 10.41395092010498,
          "acoustic_entropy_side": 10.293067932128906,
          "hz": 282.89161906338205
        },
        {
          "acoustic_entropy": 10.633841514587402,
          "acoustic_entropy_side": 10.433355331420898,
          "hz": 369.9353335868758
        },
        {
          "acoustic_entropy": 10.710142135620117,
          "acoustic_entropy_side": 10.401813507080078,
          "hz": 464.6875360973435
        },
        {
          "acoustic_entropy": 10.182439804077148,
          "acoustic_entropy_side": 10.331069946289062,
          "hz": 567.8308811364784
        },
        {
          "acoustic_entropy": 10.829451560974121,
          "acoustic_entropy_side": 10.640925407409668,
          "hz": 680.1084783214808
        },
        {
          "acoustic_entropy": 10.501725196838379,
          "acoustic_entropy_side": 10.185199737548828,
          "hz": 802.3292461747484
        },
        {
          "acoustic_entropy": 10.394588470458984,
          "acoustic_entropy_side": 10.58698844909668,
          "hz": 935.3737400823702
        },
        {
          "acoustic_entropy": 10.11754322052002,
          "acoustic_entropy_side": 10.046769142150879,
          "hz": 1080.2004963696966
        },
        {
          "acoustic_entropy": 9.801839828491211,
          "acoustic_entropy_side": 10.168590545654297,
          "hz": 1237.8529382007157
        },
        {
          "acoustic_entropy": 10.562651634216309,
          "acoustic_entropy_side": 10.532760620117188,
          "hz": 1409.4668930556702
        },
        {
          "acoustic_entropy": 10.524982452392578,
          "acoustic_entropy_side": 10.676603317260742,
          "hz": 1596.2787759475705
        },
        {
          "acoustic_entropy": 10.745482444763184,
          "acoustic_entropy_side": 10.735912322998047,
          "hz": 1799.6344973346393
        },
        {
          "acoustic_entropy": 9.215238571166992,
          "acoustic_entropy_side": 9.968111991882324,
          "hz": 2020.9991599069049
        },
        {
          "acoustic_entropy": 10.233253479003906,
          "acoustic_entropy_side": 10.235382080078125,
          "hz": 2261.9676141086993
        },
        {
          "acoustic_entropy": 9.665061950683594,
          "acoustic_entropy_side": 10.32257080078125,
          "hz": 2524.2759484456974
        },
        {
          "acoustic_entropy": 10.333475112915039,
          "acoustic_entropy_side": 10.153240203857422,
          "hz": 2809.813997359896
        },
        {
          "acoustic_entropy": 10.566519737243652,
          "acoustic_entropy_side": 10.23168659210205,
          "hz": 3120.6389567871424
        },
        {
          "acoustic_entropy": 10.091469764709473,
          "acoustic_entropy_side": 10.179475784301758,
          "hz": 3458.990205492291
        },
        {
          "acoustic_entropy": 10.079299926757812,
          "acoustic_entropy_side": 10.193236351013184,
          "hz": 3827.305438964164
        },
        {
          "acoustic_entropy": 10.107672691345215,
          "acoustic_entropy_side": 10.273819923400879,
          "hz": 4228.238232109126
        },
        {
          "acoustic_entropy": 10.188924789428711,
          "acoustic_entropy_side": 10.336124420166016,
          "hz": 4664.6771572759235
        },
        {
          "acoustic_entropy": 10.477311134338379,
          "acoustic_entropy_side": 10.313467979431152,
          "hz": 5139.766595350093
        },
        {
          "acoustic_entropy": 10.387267112731934,
          "acoustic_entropy_side": 10.28745174407959,
          "hz": 5656.929389854203
        },
        {
          "acoustic_entropy": 10.316655158996582,
          "acoustic_entropy_side": 10.262155532836914,
          "hz": 6219.891507268283
        },
        {
          "acoustic_entropy": 10.390597343444824,
          "acoustic_entropy_side": 10.165764808654785,
          "hz": 6832.70888123896
        },
        {
          "acoustic_entropy": 10.219093322753906,
          "acoustic_entropy_side": 10.181258201599121,
          "hz": 7499.796634079867
        },
        {
          "acoustic_entropy": 10.227310180664062,
          "acoustic_entropy_side": 10.211199760437012,
          "hz": 8225.96088609342
        },
        {
          "acoustic_entropy": 10.327042579650879,
          "acoustic_entropy_side": 10.244128227233887,
          "hz": 9016.43338188839
        },
        {
          "acoustic_entropy": 10.307281494140625,
          "acoustic_entropy_side": 10.267783164978027,
          "hz": 9876.909183162974
        },
        {
          "acoustic_entropy": 10.128596305847168,
          "acoustic_entropy_side": 10.261734962463379,
          "hz": 10813.587699516042
        },
        {
          "acoustic_entropy": 10.186522483825684,
          "acoustic_entropy_side": 10.270157814025879,
          "hz": 11833.21735289826
        },
        {
          "acoustic_entropy": 10.223121643066406,
          "acoustic_entropy_side": 10.282735824584961,
          "hz": 12943.144197493959
        },
        {
          "acoustic_entropy": 10.26816463470459,
          "acoustic_entropy_side": 10.2855224609375,
          "hz": 14151.364845322005
        },
        {
          "acoustic_entropy": 10.281164169311523,
          "acoustic_entropy_side": 10.285841941833496,
          "hz": 15466.58407886509
        },
        {
          "acoustic_entropy": 10.284880638122559,
          "acoustic_entropy_side": 10.286014556884766,
          "hz": 16898.27756580493
        },
        {
          "acoustic_entropy": 10.285841941833496,
          "acoustic_entropy_side": 10.2860746383667,
          "hz": 18456.760127700032
        },
        {
          "acoustic_entropy": 10.286088943481445,
          "acoustic_entropy_side": 10.286104202270508,
          "hz": 20153.260054456492
        },
        {
          "acoustic_entropy": 10.286104202270508,
          "acoustic_entropy_side": 10.286104202270508,
          "hz": 22000.00000000001
        }
      ],
      "diff_acoustic_entropy": 8.181466102600098,
      "sn": 12
    },
    {
      "acoustic_entropy": 16.645029067993164,
      "acoustic_entropy_mono": 10.948578834533691,
      "band_eliminated_acoustic_entropies": [
        {
          "acoustic_entropy": 16.482498168945312,
          "acoustic_entropy_side": 16.636945724487305,
          "hz": 129.47220167065723
        },
        {
          "acoustic_entropy": 16.16390609741211,
          "acoustic_entropy_side": 16.63162612915039,
          "hz": 202.92927478742237
        },
        {
          "acoustic_entropy": 16.88010597229004,
          "acoustic_entropy_side": 16.660362243652344,
          "hz": 282.89161906338205
        },
        {
          "acoustic_entropy": 16.50711441040039,
          "acoustic_entropy_side": 16.5093936920166,
          "hz": 369.9353335868758
        },
        {
          "acoustic_entropy": 15.557616233825684,
          "acoustic_entropy_side": 15.827733993530273,
          "hz": 464.6875360973435
        },
        {
          "acoustic_entropy": 16.77794075012207,
          "acoustic_entropy_side": 16.90749740600586,
          "hz": 567.8308811364784
        },
        {
          "acoustic_entropy": 15.934647560119629,
          "acoustic_entropy_side": 16.32013511657715,
          "hz": 680.1084783214808
        },
        {
          "acoustic_entropy": 17.511316299438477,
          "acoustic_entropy_side": 17.000017166137695,
          "hz": 802.3292461747484
        },
        {
          "acoustic_entropy": 16.239770889282227,
          "acoustic_entropy_side": 16.59934425354004,
          "hz": 935.3737400823702
        },
        {
          "acoustic_entropy": 16.334463119506836,
          "acoustic_entropy_side": 16.823040008544922,
          "hz": 1080.2004963696966
        },
        {
          "acoustic_entropy": 16.45570945739746,
          "acoustic_entropy_side": 16.48135757446289,
          "hz": 1237.8529382007157
        },
        {
          "acoustic_entropy": 16.785913467407227,
          "acoustic_entropy_side": 16.816638946533203,
          "hz": 1409.4668930556702
        },
        {
          "acoustic_entropy": 16.32329559326172,
          "acoustic_entropy_side": 16.5679988861084,
          "hz": 1596.2787759475705
        },
        {
          "acoustic_entropy": 17.304174423217773,
          "acoustic_entropy_side": 16.93981170654297,
          "hz": 1799.6344973346393
        },
        {
          "acoustic_entropy": 15.84257698059082,
          "acoustic_entropy_side": 16.240625381469727,
          "hz": 2020.9991599069049
        },
        {
          "acoustic_entropy": 16.981578826904297,
          "acoustic_entropy_side": 16.84787368774414,
          "hz": 2261.9676141086993
        },
        {
          "acoustic_entropy": 16.665390014648438,
          "acoustic_entropy_side": 16.655776977539062,
          "hz": 2524.2759484456974
        },
        {
          "acoustic_entropy": 16.55621337890625,
          "acoustic_entropy_side": 16.616355895996094,
          "hz": 2809.813997359896
        },
        {
          "acoustic_entropy": 16.470096588134766,
