{
  "acoustic_entropy": 187.95004272460938,
  "bands": [
    {
      "high_freq": 148.1999969482422,
      "loudness": -17.603923797607422,
      "loudness_range": 10.897659301757812,
      "mid_mean": -15.265341758728027,
      "mid_to_side_loudness": -5.800142765045166,
      "mid_to_side_loudness_range": 9.701129913330078,
      "side_mean": -20.8155517578125
    },
    {
      "high_freq": 392.3793640136719,
      "loudness": -18.68097496032715,
      "loudness_range": 7.1524763107299805,
      "low_freq": 148.1999969482422,
      "mid_mean": -16.868974685668945,
      "mid_to_side_loudness": -2.912120819091797,
      "mid_to_side_loudness_range": 6.423882007598877,
      "side_mean": -19.851675033569336
    },
    {
      "high_freq": 794.6976318359375,
      "loudness": -20.58728790283203,
      "loudness_range": 8.118204116821289,
      "low_freq": 392.3793640136719,
      "mid_mean": -19.42652130126953,
      "mid_to_side_loudness": -1.2476788759231567,
      "mid_to_side_loudness_range": 6.453987121582031,
      "side_mean": -20.755434036254883
    },
    {
      "high_freq": 1457.5709228515625,
      "loudness": -23.769731521606445,
      "loudness_range": 9.573797225952148,
      "low_freq": 794.6976318359375,
      "mid_mean": -22.55557632446289,
      "mid_to_side_loudness": -1.3702616691589355,
      "mid_to_side_loudness_range": 5.507084846496582,
      "side_mean": -23.919151306152344
    },
    {
      "high_freq": 2549.74365234375,
      "loudness": -24.198102951049805,
      "loudness_range": 8.120321273803711,
      "low_freq": 1457.5709228515625,
      "mid_mean": -22.54344367980957,
      "mid_to_side_loudness": -2.3206369876861572,
      "mid_to_side_loudness_range": 3.4270875453948975,
      "side_mean": -24.911754608154297
    },
    {
      "high_freq": 4349.24462890625,
      "loudness": -27.58115005493164,
      "loudness_range": 10.668392181396484,
      "low_freq": 2549.74365234375,
      "mid_mean": -25.90863609313965,
      "mid_to_side_loudness": -2.359870433807373,
      "mid_to_side_loudness_range": 3.3650400638580322,
      "side_mean": -28.318706512451172
    },
    {
      "high_freq": 7314.1640625,
      "loudness": -34.728599548339844,
      "loudness_range": 10.721771240234375,
      "low_freq": 4349.24462890625,
      "mid_mean": -33.36515808105469,
      "mid_to_side_loudness": -1.6125184297561646,
      "mid_to_side_loudness_range": 3.5983219146728516,
      "side_mean": -34.97771453857422
    },
    {
      "high_freq": 12199.2666015625,
      "loudness": -39.38304901123047,
      "loudness_range": 13.368976593017578,
      "low_freq": 7314.1640625,
      "mid_mean": -38.249271392822266,
      "mid_to_side_loudness": -1.2687535285949707,
      "mid_to_side_loudness_range": 6.66810417175293,
      "side_mean": -39.57830810546875
    },
    {
      "loudness": -47.572513580322266,
      "loudness_range": 21.236034393310547,
      "low_freq": 12199.2666015625,
      "mid_mean": -46.53885269165039,
      "mid_to_side_loudness": -0.8715296983718872,
      "mid_to_side_loudness_range": 4.735534191131592,
      "side_mean": -47.398948669433594
    }
  ],
  "bands_short": [
    {
      "high_freq": 148.1999969482422,
      "loudness": -20.27376365661621,
      "loudness_range": 15.198126792907715,
      "mid_mean": -18.31717872619629,
      "mid_to_side_loudness": -5.8949103355407715,
      "mid_to_side_loudness_range": 15.738920211791992,
      "side_mean": -23.922582626342773
    },
    {
      "high_freq": 392.3793640136719,
      "loudness": -17.517717361450195,
      "loudness_range": 8.866549491882324,
      "low_freq": 148.1999969482422,
      "mid_mean": -15.622873306274414,
      "mid_to_side_loudness": -3.624326229095459,
      "mid_to_side_loudness_range": 9.252586364746094,
      "side_mean": -19.223796844482422
    },
    {
      "high_freq": 794.6976318359375,
      "loudness": -20.96631622314453,
      "loudness_range": 10.114581108093262,
      "low_freq": 392.3793640136719,
      "mid_mean": -19.88231658935547,
      "mid_to_side_loudness": -1.4461734294891357,
      "mid_to_side_loudness_range": 10.29465103149414,
      "side_mean": -21.418031692504883
    },
    {
      "high_freq": 1457.5709228515625,
      "loudness": -23.82982063293457,
      "loudness_range": 11.116193771362305,
      "low_freq": 794.6976318359375,
      "mid_mean": -22.79688262939453,
      "mid_to_side_loudness": -1.2222793102264404,
      "mid_to_side_loudness_range": 8.369319915771484,
      "side_mean": -24.037212371826172
    },
    {
      "high_freq": 2549.74365234375,
      "loudness": -24.563966751098633,
      "loudness_range": 9.428577423095703,
      "low_freq": 1457.5709228515625,
      "mid_mean": -23.008031845092773,
      "mid_to_side_loudness": -2.1928908824920654,
      "mid_to_side_loudness_range": 6.083624362945557,
      "side_mean": -25.280467987060547
    },
    {
      "high_freq": 4349.24462890625,
      "loudness": -27.80735206604004,
      "loudness_range": 11.669845581054688,
      "low_freq": 2549.74365234375,
      "mid_mean": -26.216909408569336,
      "mid_to_side_loudness": -2.280695915222168,
      "mid_to_side_loudness_range": 5.291942596435547,
      "side_mean": -28.541898727416992
    },
    {
      "high_freq": 7314.1640625,
      "loudness": -35.11249923706055,
      "loudness_range": 12.991811752319336,
      "low_freq": 4349.24462890625,
      "mid_mean": -33.771610260009766,
      "mid_to_side_loudness": -1.5978386402130127,
      "mid_to_side_loudness_range": 4.66001558303833,
      "side_mean": -35.40180969238281
    },
    {
      "high_freq": 12199.2666015625,
      "loudness": -40.22002410888672,
      "loudness_range": 16.512554168701172,
      "low_freq": 7314.1640625,
      "mid_mean": -39.04978561401367,
      "mid_to_side_loudness": -1.4245277643203735,
      "mid_to_side_loudness_range": 7.31488561630249,
      "side_mean": -40.5157585144043
    },
    {
      "loudness": -49.24320983886719,
      "loudness_range": 20.419559478759766,
      "low_freq": 12199.2666015625,
      "mid_mean": -48.010414123535156,
      "mid_to_side_loudness": -1.320692777633667,
      "mid_to_side_loudness_range": 5.45102596282959,
      "side_mean": -50.051414489746094
    }
  ],
  "bandwidth": 420.5248107910156,
  "channels": 2,
  "covariance": [
    [
      22.574810028076172,
      11.252289772033691,
      5.768226146697998,
      4.7282538414001465,
      4.122318267822266,
      3.5316829681396484,
      5.199014663696289,
      5.695072174072266,
      6.744297504425049,
      6.545558452606201,
      6.2581892013549805,
      5.627739429473877,
      4.188598155975342,
      2.837509870529175,
      3.4315640926361084,
      1.998684287071228,
      1.9843593835830688,
      2.5192344188690186
    ],
    [
      11.252289772033691,
      15.215068817138672,
      4.4998040199279785,
      4.540855884552002,
      2.2972147464752197,
      2.8382885456085205,
      3.130678176879883,
      3.203104257583618,
      4.3082475662231445,
      4.237276077270508,
      3.804847002029419,
      3.5615718364715576,
      2.325392723083496,
      1.6915203332901,
      1.6246286630630493,
      -0.23048162460327148,
      0.2788742780685425,
      0.2828328609466553
    ],
    [
      5.768226146697998,
      4.4998040199279785,
      11.985651016235352,
      9.044857025146484,
      5.703986644744873,
      6.049088478088379,
      6.02297306060791,
      5.6052398681640625,
      6.425200462341309,
      6.300936698913574,
      6.67538595199585,
      6.463860988616943,
      5.662167072296143,
      4.677215576171875,
      6.277436256408691,
      5.11255407333374,
      6.929853916168213,
      7.155540466308594
    ],
    [
      4.7282538414001465,
      4.540855884552002,
      9.044857025146484,
      11.0264253616333,
      5.493253707885742,
      5.903011322021484,
      5.39215087890625,
      4.948824405670166,
      5.42679500579834,
      5.5631022453308105,
      5.924074172973633,
      6.07558536529541,
      5.808444976806641,
      5.357964515686035,
      6.806787967681885,
      6.708109378814697,
      8.454317092895508,
      9.08368968963623
    ],
    [
      4.122318267822266,
      2.2972147464752197,
      5.703986644744873,
      5.493253707885742,
      12.106164932250977,
      9.204566955566406,
      7.648160934448242,
      7.7394795417785645,
      7.7231669425964355,
      7.7421183586120605,
      8.140478134155273,
      7.777406692504883,
      7.060624122619629,
      6.2407145500183105,
      7.678603649139404,
      7.442361831665039,
      6.919942855834961,
      6.914950847625732
    ],
    [
      3.5316829681396484,
      2.8382885456085205,
      6.049088478088379,
      5.903011322021484,
      9.204566955566406,
      11.600589752197266,
      6.329648494720459,
      7.0120978355407715,
      6.565849304199219,
      6.44846248626709,
      6.970775127410889,
      6.676214218139648,
      5.1669921875,
      4.338756561279297,
      5.916946887969971,
      5.279241561889648,
      5.955610275268555,
      5.976212024688721
    ],
    [
      5.199014663696289,
      3.130678176879883,
      6.02297306060791,
      5.39215087890625,
      7.648160934448242,
      6.329648494720459,
      15.86051082611084,
      12.156058311462402,
      11.091567993164062,
      10.465228080749512,
      12.550085067749023,
      11.242721557617188,
      9.24642276763916,
      6.681155204772949,
      7.691051959991455,
      3.9828007221221924,
      5.524074077606201,
      3.727778673171997
    ],
    [
      5.695072174072266,
      3.203104257583618,
      5.6052398681640625,
      4.948824405670166,
      7.7394795417785645,
      7.0120978355407715,
      12.156058311462402,
      12.330801010131836,
      9.791159629821777,
      9.382315635681152,
      10.661192893981934,
      9.603771209716797,
      8.30510425567627,
      6.352063179016113,
      7.680377960205078,
      4.921054840087891,
      5.574596405029297,
      4.3693528175354
    ],
    [
      6.744297504425049,
      4.3082475662231445,
      6.425200462341309,
      5.42679500579834,
      7.7231669425964355,
      6.565849304199219,
      11.091567993164062,
      9.791159629821777,
      12.58176040649414,
      11.540523529052734,
      12.786667823791504,
      11.443814277648926,
      10.411581039428711,
      7.98888635635376,
      9.361066818237305,
      6.157018661499023,
      6.3403425216674805,
      4.747178554534912
    ],
    [
      6.545558452606201,
      4.237276077270508,
      6.300936698913574,
      5.5631022453308105,
      7.7421183586120605,
      6.44846248626709,
      10.465228080749512,
      9.382315635681152,
      11.540523529052734,
      11.686623573303223,
      11.806121826171875,
      10.872638702392578,
      10.1145658493042,
      8.034953117370605,
      9.06865119934082,
      6.356592655181885,
      5.964860439300537,
      4.7697272300720215
    ],
    [
      6.2581892013549805,
      3.804847002029419,
      6.67538595199585,
      5.924074172973633,
      8.140478134155273,
      6.970775127410889,
      12.550085067749023,
      10.661192893981934,
      12.786667823791504,
      11.806121826171875,
      18.174795150756836,
      16.199256896972656,
      14.371488571166992,
      11.20643138885498,
      12.831603050231934,
      8.445704460144043,
      7.943305969238281,
      5.396113872528076
    ],
    [
      5.627739429473877,
      3.5615718364715576,
      6.463860988616943,
      6.07558536529541,
      7.777406692504883,
      6.676214218139648,
      11.242721557617188,
      9.603771209716797,
      11.443814277648926,
      10.872638702392578,
      16.199256896972656,
      15.322665214538574,
      13.652880668640137,
      11.13786792755127,
      12.150806427001953,
      8.734225273132324,
      7.454143047332764,
      5.483652591705322
    ],
    [
      4.188598155975342,
      2.325392723083496,
      5.662167072296143,
      5.808444976806641,
      7.060624122619629,
      5.1669921875,
      9.24642276763916,
      8.30510425567627,
      10.411581039428711,
      10.1145658493042,
      14.371488571166992,
      13.652880668640137,
      17.57475471496582,
      15.663900375366211,
      17.734392166137695,
      16.132266998291016,
      13.547051429748535,
      12.461100578308105
    ],
    [
      2.837509870529175,
      1.6915203332901,
      4.677215576171875,
      5.357964515686035,
      6.2407145500183105,
      4.338756561279297,
      6.681155204772949,
      6.352063179016113,
      7.98888635635376,
      8.034953117370605,
      11.20643138885498,
      11.13786792755127,
      15.663900375366211,
      15.948286056518555,
      17.412368774414062,
      18.153644561767578,
      15.077667236328125,
      15.494248390197754
    ],
    [
      3.4315640926361084,
      1.6246286630630493,
      6.277436256408691,
      6.806787967681885,
      7.678603649139404,
      5.916946887969971,
      7.691051959991455,
      7.680377960205078,
      9.361066818237305,
      9.06865119934082,
      12.831603050231934,
      12.150806427001953,
      17.734392166137695,
      17.412368774414062,
      23.133190155029297,
      24.24689292907715,
      23.76525115966797,
      24.95382308959961
    ],
    [
      1.998684287071228,
      -0.23048162460327148,
      5.11255407333374,
      6.708109378814697,
      7.442361831665039,
      5.279241561889648,
      3.9828007221221924,
      4.921054840087891,
      6.157018661499023,
      6.356592655181885,
      8.445704460144043,
      8.734225273132324,
      16.132266998291016,
      18.153644561767578,
      24.24689292907715,
      30.813493728637695,
      28.966968536376953,
      32.82902526855469
    ],
    [
      1.9843593835830688,
      0.2788742780685425,
      6.929853916168213,
      8.454317092895508,
      6.919942855834961,
      5.955610275268555,
      5.524074077606201,
      5.574596405029297,
      6.3403425216674805,
      5.964860439300537,
      7.943305969238281,
      7.454143047332764,
      13.547051429748535,
      15.077667236328125,
      23.76525115966797,
      28.966968536376953,
      40.639808654785156,
      45.155826568603516
    ],
    [
      2.5192344188690186,
      0.2828328609466553,
      7.155540466308594,
      9.08368968963623,
      6.914950847625732,
      5.976212024688721,
      3.727778673171997,
      4.3693528175354,
      4.747178554534912,
      4.7697272300720215,
      5.396113872528076,
      5.483652591705322,
      12.461100578308105,
      15.494248390197754,
      24.95382308959961,
      32.82902526855469,
      45.155826568603516,
      52.13389205932617
    ]
  ],
  "covariance_short": [
    [
      40.97229766845703,
      18.054706573486328,
      11.00288200378418,
      4.388866424560547,
      2.9789416790008545,
      3.0077366828918457,
      5.707514762878418,
      6.0391764640808105,
      7.8650031089782715,
      7.2657647132873535,
      7.5059919357299805,
      6.5958967208862305,
      5.082456588745117,
      3.6825592517852783,
      2.7732837200164795,
      0.5163389444351196,
      0.6675124764442444,
      -0.04294361546635628
    ],
    [
      18.054706573486328,
      28.978578567504883,
      5.66129732131958,
      5.541978359222412,
      1.136350393295288,
      1.952783226966858,
      2.771639108657837,
      3.1543514728546143,
      4.743808746337891,
      4.454514503479004,
      4.3910040855407715,
      3.8035483360290527,
      2.964815855026245,
      1.971785545349121,
      1.9377210140228271,
      -0.3653811812400818,
      -0.301069051027298,
      -0.9035108089447021
    ],
    [
      11.00288200378418,
      5.66129732131958,
      15.985651969909668,
      9.867729187011719,
      6.682378768920898,
      7.018573760986328,
      6.454904079437256,
      6.518080234527588,
      7.115021705627441,
      6.737410545349121,
      6.812188625335693,
      6.604033946990967,
      5.981537818908691,
      5.891426086425781,
      6.585323333740234,
      6.708301067352295,
      8.172019958496094,
      9.415670394897461
    ],
    [
      4.388866424560547,
      5.541978359222412,
      9.867729187011719,
      14.043700218200684,
      6.198239803314209,
      6.687935829162598,
      5.517375946044922,
      5.150693416595459,
      5.348995208740234,
      5.426718711853027,
      5.4242777824401855,
      5.579979419708252,
      5.4090986251831055,
      5.634974002838135,
      6.331748962402344,
      6.839489936828613,
      8.023194313049316,
      9.161515235900879
    ],
    [
      2.9789416790008545,
      1.136350393295288,
      6.682378768920898,
      6.198239803314209,
      17.567556381225586,
      11.392526626586914,
      9.23783016204834,
      9.255690574645996,
      8.825899124145508,
      8.59290885925293,
      9.490200996398926,
      8.929829597473145,
      8.034708976745605,
      7.975834369659424,
      9.220243453979492,
      9.637618064880371,
      9.98080825805664,
      10.700021743774414
    ],
    [
      3.0077366828918457,
      1.952783226966858,
      7.018573760986328,
      6.687935829162598,
      11.392526626586914,
      17.206377029418945,
      8.088275909423828,
      8.648675918579102,
      7.77434778213501,
      7.377910614013672,
      7.630344390869141,
      7.3219075202941895,
      6.0708088874816895,
      5.898324966430664,
      6.918452739715576,
      6.806301116943359,
      7.8635053634643555,
      8.442747116088867
    ],
    [
      5.707514762878418,
      2.771639108657837,
      6.454904079437256,
      5.517375946044922,
      9.23783016204834,
      8.088275909423828,
      20.375011444091797,
      14.643149375915527,
      13.07419490814209,
      11.827109336853027,
      14.1178617477417,
      12.655478477478027,
      10.93553638458252,
      8.673629760742188,
      9.642461776733398,
      6.3759446144104,
      8.150182723999023,
      6.606086254119873
    ],
    [
      6.0391764640808105,
      3.1543514728546143,
      6.518080234527588,
      5.150693416595459,
      9.255690574645996,
      8.648675918579102,
      14.643149375915527,
      17.864946365356445,
      11.837221145629883,
      10.974529266357422,
      12.452354431152344,
      11.119270324707031,
      10.49555492401123,
      8.93769359588623,
      10.078397750854492,
      7.666360378265381,
      9.017928123474121,
      8.14113998413086
    ],
    [
      7.8650031089782715,
      4.743808746337891,
      7.115021705627441,
      5.348995208740234,
      8.825899124145508,
      7.77434778213501,
      13.07419490814209,
      11.837221145629883,
      17.35163688659668,
      14.012913703918457,
      15.638510704040527,
      13.764484405517578,
      13.080957412719727,
      10.886124610900879,
      12.3001708984375,
      9.470404624938965,
      10.10037612915039,
      8.557201385498047
    ],
    [
      7.2657647132873535,
      4.454514503479004,
      6.737410545349121,
      5.426718711853027,
      8.59290885925293,
      7.377910614013672,
      11.827109336853027,
      10.974529266357422,
      14.012913703918457,
      15.262463569641113,
      14.012979507446289,
      12.700714111328125,
      12.325891494750977,
      10.645243644714355,
      11.580734252929688,
      9.30525016784668,
      9.259254455566406,
      8.212791442871094
    ],
    [
      7.5059919357299805,
      4.3910040855407715,
      6.812188625335693,
      5.4242777824401855,
      9.490200996398926,
      7.630344390869141,
      14.1178617477417,
      12.452354431152344,
      15.638510704040527,
      14.012979507446289,
      22.556358337402344,
      18.79374885559082,
      18.14422607421875,
      15.215367317199707,
      17.312530517578125,
      13.095673561096191,
      12.503470420837402,
      9.953746795654297
    ],
    [
      6.5958967208862305,
      3.8035483360290527,
      6.604033946990967,
      5.579979419708252,
      8.929829597473145,
      7.3219075202941895,
      12.655478477478027,
      11.119270324707031,
      13.764484405517578,
      12.700714111328125,
      18.79374885559082,
      18.640886306762695,
      16.673011779785156,
      14.551483154296875,
      15.821647644042969,
      12.700519561767578,
      11.575216293334961,
      9.845306396484375
    ],
    [
      5.082456588745117,
      2.964815855026245,
      5.981537818908691,
      5.4090986251831055,
      8.034708976745605,
      6.0708088874816895,
      10.93553638458252,
      10.49555492401123,
      13.080957412719727,
      12.325891494750977,
      18.14422607421875,
      16.673011779785156,
      23.494773864746094,
      21.453536987304688,
      24.341236114501953,
      23.227203369140625,
      20.905956268310547,
      20.244415283203125
    ],
    [
      3.6825592517852783,
      1.971785545349121,
      5.891426086425781,
      5.634974002838135,
      7.975834369659424,
      5.898324966430664,
      8.673629760742188,
      8.93769359588623,
      10.886124610900879,
      10.645243644714355,
      15.215367317199707,
      14.551483154296875,
      21.453536987304688,
      22.070262908935547,
      24.376068115234375,
      25.812171936035156,
      22.552221298217773,
      23.64069175720215
    ],
    [
      2.7732837200164795,
      1.9377210140228271,
      6.585323333740234,
      6.331748962402344,
      9.220243453979492,
      6.918452739715576,
      9.642461776733398,
      10.078397750854492,
      12.3001708984375,
      11.580734252929688,
      17.312530517578125,
      15.821647644042969,
      24.341236114501953,
      24.376068115234375,
      33.38611602783203,
      34.75105285644531,
      32.98023223876953,
      34.84978103637695
    ],
    [
      0.5163389444351196,
      -0.3653811812400818,
      6.708301067352295,
      6.839489936828613,
      9.637618064880371,
      6.806301116943359,
      6.3759446144104,
      7.666360378265381,
      9.470404624938965,
      9.30525016784668,
      13.095673561096191,
      12.700519561767578,
      23.227203369140625,
      25.812171936035156,
      34.75105285644531,
      42.84934616088867,
      39.214385986328125,
      44.4937744140625
    ],
    [
      0.6675124764442444,
      -0.301069051027298,
      8.172019958496094,
      8.023194313049316,
      9.98080825805664,
      7.8635053634643555,
      8.150182723999023,
      9.017928123474121,
      10.10037612915039,
      9.259254455566406,
      12.503470420837402,
      11.575216293334961,
      20.905956268310547,
      22.552221298217773,
      32.98023223876953,
      39.214385986328125,
      48.07144546508789,
      53.246089935302734
    ],
    [
      -0.04294361546635628,
      -0.9035108089447021,
      9.415670394897461,
      9.161515235900879,
      10.700021743774414,
      8.442747116088867,
      6.606086254119873,
      8.14113998413086,
      8.557201385498047,
      8.212791442871094,
      9.953746795654297,
      9.845306396484375,
      20.244415283203125,
      23.64069175720215,
      34.84978103637695,
      44.4937744140625,
      53.246089935302734,
      74.2652816772461
    ]
  ],
  "damage": -2.20595121383667,
  "diff_bandwidth": 470.0779113769531,
  "dissonance": 6.703268504590563,
  "drr": 8.519597053527832,
  "dynamics": 2.206233024597168,
  "format": 1245190,
  "frames": 3293184,
  "loudness": -9.146845817565918,
  "loudness_range": 4.4638214111328125,
  "loudness_range_short": 6.3807549476623535,
  "lowpass_true_peak_15khz": 0.26131105422973633,
  "mastering3_acoustic_entropies": [
    {
      "acoustic_entropy": 4.916952610015869,
      "acoustic_entropy_mono": 4.872622489929199,
      "band_eliminated_acoustic_entropies": [
        {
          "acoustic_entropy": 4.784775257110596,
          "acoustic_entropy_side": 4.9217329025268555,
          "hz": 129.47220167065723
        },
        {
          "acoustic_entropy": 4.232293605804443,
          "acoustic_entropy_side": 4.931879043579102,
          "hz": 202.92927478742237
        },
        {
          "acoustic_entropy": 5.215560436248779,
          "acoustic_entropy_side": 4.8181681632995605,
          "hz": 282.89161906338205
        },
        {
          "acoustic_entropy": 5.098412990570068,
          "acoustic_entropy_side": 4.803996562957764,
          "hz": 369.9353335868758
        },
        {
          "acoustic_entropy": 5.092666149139404,
          "acoustic_entropy_side": 5.06890344619751,
          "hz": 464.6875360973435
        },
        {
          "acoustic_entropy": 4.913055419921875,
          "acoustic_entropy_side": 5.134566783905029,
          "hz": 567.8308811364784
        },
        {
          "acoustic_entropy": 4.769160270690918,
          "acoustic_entropy_side": 4.773992538452148,
          "hz": 680.1084783214808
        },
        {
          "acoustic_entropy": 5.0123186111450195,
          "acoustic_entropy_side": 5.4441118240356445,
          "hz": 802.3292461747484
        },
        {
          "acoustic_entropy": 4.715766429901123,
          "acoustic_entropy_side": 4.829449653625488,
          "hz": 935.3737400823702
        },
        {
          "acoustic_entropy": 5.494221210479736,
          "acoustic_entropy_side": 5.156741619110107,
          "hz": 1080.2004963696966
        },
        {
          "acoustic_entropy": 4.781732559204102,
          "acoustic_entropy_side": 4.769484043121338,
          "hz": 1237.8529382007157
        },
        {
          "acoustic_entropy": 5.091862201690674,
          "acoustic_entropy_side": 5.019454002380371,
          "hz": 1409.4668930556702
        },
        {
          "acoustic_entropy": 4.554138660430908,
          "acoustic_entropy_side": 4.771830081939697,
          "hz": 1596.2787759475705
        },
        {
          "acoustic_entropy": 4.86133337020874,
          "acoustic_entropy_side": 4.8743438720703125,
          "hz": 1799.6344973346393
        },
        {
          "acoustic_entropy": 4.785167694091797,
          "acoustic_entropy_side": 4.6853508949279785,
          "hz": 2020.9991599069049
        },
        {
          "acoustic_entropy": 5.067343235015869,
          "acoustic_entropy_side": 4.999147415161133,
          "hz": 2261.9676141086993
        },
        {
          "acoustic_entropy": 4.80311918258667,
          "acoustic_entropy_side": 4.860252857208252,
          "hz": 2524.2759484456974
        },
        {
          "acoustic_entropy": 4.440207481384277,
          "acoustic_entropy_side": 4.7944135665893555,
          "hz": 2809.813997359896
        },
        {
          "acoustic_entropy": 4.905135154724121,
          "acoustic_entropy_side": 4.743326187133789,
          "hz": 3120.6389567871424
        },
        {
          "acoustic_entropy": 4.972234725952148,
          "acoustic_entropy_side": 4.948052883148193,
          "hz": 3458.990205492291
        },
        {
          "acoustic_entropy": 4.5614728927612305,
          "acoustic_entropy_side": 4.847275733947754,
          "hz": 3827.305438964164
        },
        {
          "acoustic_entropy": 4.771154880523682,
          "acoustic_entropy_side": 4.8808817863464355,
          "hz": 4228.238232109126
        },
        {
          "acoustic_entropy": 4.669003963470459,
          "acoustic_entropy_side": 4.861676216125488,
          "hz": 4664.6771572759235
        },
        {
          "acoustic_entropy": 4.923235893249512,
          "acoustic_entropy_side": 4.942915439605713,
          "hz": 5139.766595350093
        },
        {
          "acoustic_entropy": 4.912476539611816,
          "acoustic_entropy_side": 4.936395168304443,
          "hz": 5656.929389854203
        },
        {
          "acoustic_entropy": 4.8933844566345215,
          "acoustic_entropy_side": 4.924596786499023,
          "hz": 6219.891507268283
        },
        {
          "acoustic_entropy": 4.96406888961792,
          "acoustic_entropy_side": 4.946585655212402,
          "hz": 6832.70888123896
        },
        {
          "acoustic_entropy": 4.939645767211914,
          "acoustic_entropy_side": 4.931869029998779,
          "hz": 7499.796634079867
        },
        {
          "acoustic_entropy": 4.9649739265441895,
          "acoustic_entropy_side": 4.956461429595947,
          "hz": 8225.96088609342
        },
        {
          "acoustic_entropy": 4.953638553619385,
          "acoustic_entropy_side": 4.946985244750977,
          "hz": 9016.43338188839
        },
        {
          "acoustic_entropy": 4.971434116363525,
          "acoustic_entropy_side": 4.958755016326904,
          "hz": 9876.909183162974
        },
        {
          "acoustic_entropy": 4.953492641448975,
          "acoustic_entropy_side": 4.937486171722412,
          "hz": 10813.587699516042
        },
        {
          "acoustic_entropy": 4.942773342132568,
          "acoustic_entropy_side": 4.928615570068359,
          "hz": 11833.21735289826
        },
        {
          "acoustic_entropy": 4.934098243713379,
          "acoustic_entropy_side": 4.927853107452393,
          "hz": 12943.144197493959
        },
        {
          "acoustic_entropy": 4.934946537017822,
          "acoustic_entropy_side": 4.924335956573486,
          "hz": 14151.364845322005
        },
        {
          "acoustic_entropy": 4.943753242492676,
          "acoustic_entropy_side": 4.925395488739014,
          "hz": 15466.58407886509
        },
        {
          "acoustic_entropy": 4.949643611907959,
          "acoustic_entropy_side": 4.921311855316162,
          "hz": 16898.27756580493
        },
        {
          "acoustic_entropy": 4.9415788650512695,
          "acoustic_entropy_side": 4.924414157867432,
          "hz": 18456.760127700032
        },
        {
          "acoustic_entropy": 4.925240516662598,
          "acoustic_entropy_side": 4.9169511795043945,
          "hz": 20153.260054456492
        },
        {
          "acoustic_entropy": 4.91571569442749,
          "acoustic_entropy_side": 4.916665554046631,
          "hz": 22000.00000000001
        }
      ],
      "diff_acoustic_entropy": 3.502727508544922,
      "sn": 6
    },
    {
      "acoustic_entropy": 8.381420135498047,
      "acoustic_entropy_mono": 8.595295906066895,
      "band_eliminated_acoustic_entropies": [
        {
          "acoustic_entropy": 8.034647941589355,
          "acoustic_entropy_side": 8.4520263671875,
          "hz": 129.47220167065723
        },
        {
          "acoustic_entropy": 8.225434303283691,
          "acoustic_entropy_side": 8.318952560424805,
          "hz": 202.92927478742237
        },
        {
          "acoustic_entropy": 8.482010841369629,
          "acoustic_entropy_side": 8.244940757751465,
          "hz": 282.89161906338205
        },
        {
          "acoustic_entropy": 8.53348159790039,
          "acoustic_entropy_side": 8.227890968322754,
          "hz": 369.9353335868758
        },
        {
          "acoustic_entropy": 8.058294296264648,
          "acoustic_entropy_side": 8.12494945526123,
          "hz": 464.6875360973435
        },
        {
          "acoustic_entropy": 8.374709129333496,
          "acoustic_entropy_side": 8.379969596862793,
          "hz": 567.8308811364784
        },
        {
          "acoustic_entropy": 8.20922565460205,
          "acoustic_entropy_side": 8.309123992919922,
          "hz": 680.1084783214808
        },
        {
          "acoustic_entropy": 9.028964042663574,
          "acoustic_entropy_side": 8.669011116027832,
          "hz": 802.3292461747484
        },
        {
          "acoustic_entropy": 7.958868503570557,
          "acoustic_entropy_side": 7.952658653259277,
          "hz": 935.3737400823702
        },
        {
          "acoustic_entropy": 8.68602466583252,
          "acoustic_entropy_side": 8.360154151916504,
          "hz": 1080.2004963696966
        },
        {
          "acoustic_entropy": 7.382277488708496,
          "acoustic_entropy_side": 8.130090713500977,
          "hz": 1237.8529382007157
        },
        {
          "acoustic_entropy": 8.123275756835938,
          "acoustic_entropy_side": 8.412568092346191,
          "hz": 1409.4668930556702
        },
        {
          "acoustic_entropy": 7.936072826385498,
          "acoustic_entropy_side": 8.303010940551758,
          "hz": 1596.2787759475705
        },
        {
          "acoustic_entropy": 8.450831413269043,
          "acoustic_entropy_side": 8.42132568359375,
          "hz": 1799.6344973346393
        },
        {
          "acoustic_entropy": 8.078697204589844,
          "acoustic_entropy_side": 8.263882637023926,
          "hz": 2020.9991599069049
        },
        {
          "acoustic_entropy": 8.29738712310791,
          "acoustic_entropy_side": 8.383368492126465,
          "hz": 2261.9676141086993
        },
        {
          "acoustic_entropy": 8.557230949401855,
          "acoustic_entropy_side": 8.318794250488281,
          "hz": 2524.2759484456974
        },
        {
          "acoustic_entropy": 8.195270538330078,
          "acoustic_entropy_side": 8.175745010375977,
          "hz": 2809.813997359896
        },
        {
          "acoustic_entropy": 8.049834251403809,
          "acoustic_entropy_side": 8.256905555725098,
          "hz": 3120.6389567871424
        },
        {
          "acoustic_entropy": 8.354422569274902,
          "acoustic_entropy_side": 8.340846061706543,
          "hz": 3458.990205492291
        },
        {
          "acoustic_entropy": 8.196455955505371,
          "acoustic_entropy_side": 8.466761589050293,
          "hz": 3827.305438964164
        },
        {
          "acoustic_entropy": 8.223630905151367,
          "acoustic_entropy_side": 8.317058563232422,
          "hz": 4228.238232109126
        },
        {
          "acoustic_entropy": 8.322386741638184,
          "acoustic_entropy_side": 8.42071533203125,
          "hz": 4664.6771572759235
        },
        {
          "acoustic_entropy": 8.375860214233398,
          "acoustic_entropy_side": 8.446619033813477,
          "hz": 5139.766595350093
        },
        {
          "acoustic_entropy": 8.285114288330078,
          "acoustic_entropy_side": 8.371789932250977,
          "hz": 5656.929389854203
        },
        {
          "acoustic_entropy": 8.343679428100586,
          "acoustic_entropy_side": 8.407713890075684,
          "hz": 6219.891507268283
        },
        {
          "acoustic_entropy": 8.502607345581055,
          "acoustic_entropy_side": 8.452274322509766,
          "hz": 6832.70888123896
        },
        {
          "acoustic_entropy": 8.355039596557617,
          "acoustic_entropy_side": 8.394121170043945,
          "hz": 7499.796634079867
        },
        {
          "acoustic_entropy": 8.45045280456543,
          "acoustic_entropy_side": 8.466952323913574,
          "hz": 8225.96088609342
        },
        {
          "acoustic_entropy": 8.414531707763672,
          "acoustic_entropy_side": 8.38858413696289,
          "hz": 9016.43338188839
        },
        {
          "acoustic_entropy": 8.498114585876465,
          "acoustic_entropy_side": 8.484360694885254,
          "hz": 9876.909183162974
        },
        {
          "acoustic_entropy": 8.474961280822754,
          "acoustic_entropy_side": 8.431184768676758,
          "hz": 10813.587699516042
        },
        {
          "acoustic_entropy": 8.449392318725586,
          "acoustic_entropy_side": 8.408866882324219,
          "hz": 11833.21735289826
        },
        {
          "acoustic_entropy": 8.420836448669434,
          "acoustic_entropy_side": 8.408039093017578,
          "hz": 12943.144197493959
        },
        {
          "acoustic_entropy": 8.37885570526123,
          "acoustic_entropy_side": 8.407958984375,
          "hz": 14151.364845322005
        },
        {
          "acoustic_entropy": 8.338847160339355,
          "acoustic_entropy_side": 8.401106834411621,
          "hz": 15466.58407886509
        },
        {
          "acoustic_entropy": 8.32316780090332,
          "acoustic_entropy_side": 8.395650863647461,
          "hz": 16898.27756580493
        },
        {
          "acoustic_entropy": 8.312458038330078,
          "acoustic_entropy_side": 8.366281509399414,
          "hz": 18456.760127700032
        },
        {
          "acoustic_entropy": 8.350468635559082,
          "acoustic_entropy_side": 8.3992280960083,
          "hz": 20153.260054456492
        },
        {
          "acoustic_entropy": 8.399203300476074,
          "acoustic_entropy_side": 8.389199256896973,
          "hz": 22000.00000000001
        }
      ],
      "diff_acoustic_entropy": 6.053645133972168,
      "sn": 12
    },
    {
      "acoustic_entropy": 12.470544815063477,
      "acoustic_entropy_mono": 12.295607566833496,
      "band_eliminated_acoustic_entropies": [
        {
          "acoustic_entropy": 12.35922908782959,
          "acoustic_entropy_side": 12.371259689331055,
          "hz": 129.47220167065723
        },
        {
          "acoustic_entropy": 12.534335136413574,
          "acoustic_entropy_side": 12.453414916992188,
          "hz": 202.92927478742237
        },
        {
          "acoustic_entropy": 12.4103422164917,
          "acoustic_entropy_side": 12.20415210723877,
          "hz": 282.89161906338205
        },
        {
          "acoustic_entropy": 12.624187469482422,
          "acoustic_entropy_side": 12.432721138000488,
          "hz": 369.9353335868758
        },
        {
          "acoustic_entropy": 12.057809829711914,
          "acoustic_entropy_side": 13.241313934326172,
          "hz": 464.6875360973435
        },
        {
          "acoustic_entropy": 12.589390754699707,
          "acoustic_entropy_side": 13.108684539794922,
          "hz": 567.8308811364784
        },
        {
          "acoustic_entropy": 11.94635009765625,
          "acoustic_entropy_side": 12.607406616210938,
          "hz": 680.1084783214808
        },
        {
          "acoustic_entropy": 14.02574348449707,
          "acoustic_entropy_side": 13.815169334411621,
          "hz": 802.3292461747484
        },
        {
          "acoustic_entropy": 12.877201080322266,
          "acoustic_entropy_side": 12.157265663146973,
          "hz": 935.3737400823702
        },
        {
          "acoustic_entropy": 12.971704483032227,
          "acoustic_entropy_side": 12.887296676635742,
          "hz": 1080.2004963696966
        },
        {
          "acoustic_entropy": 12.554953575134277,
          "acoustic_entropy_side": 12.206265449523926,
          "hz": 1237.8529382007157
        },
        {
          "acoustic_entropy": 12.846446990966797,
          "acoustic_entropy_side": 12.997928619384766,
          "hz": 1409.4668930556702
        },
        {
          "acoustic_entropy": 12.967362403869629,
          "acoustic_entropy_side": 13.025349617004395,
          "hz": 1596.2787759475705
        },
        {
          "acoustic_entropy": 12.319929122924805,
          "acoustic_entropy_side": 12.509434700012207,
          "hz": 1799.6344973346393
        },
        {
          "acoustic_entropy": 12.650264739990234,
          "acoustic_entropy_side": 12.544587135314941,
          "hz": 2020.9991599069049
        },
        {
          "acoustic_entropy": 12.26615047454834,
          "acoustic_entropy_side": 12.454257011413574,
          "hz": 2261.9676141086993
        },
        {
          "acoustic_entropy": 11.585665702819824,
          "acoustic_entropy_side": 11.808878898620605,
          "hz": 2524.2759484456974
        },
        {
          "acoustic_entropy": 12.704131126403809,
          "acoustic_entropy_side": 12.690046310424805,
          "hz": 2809.813997359896
        },
        {
          "acoustic_entropy": 12.52747917175293,
          "acoustic_entropy_side": 12.575024604797363,
          "hz": 3120.6389567871424
        },
        {
          "acoustic_entropy": 12.835627555847168,
