{
  "acoustic_entropy": 31.051063537597656,
  "bands": [
    {
      "high_freq": 148.1999969482422,
      "loudness": -18.88861656188965,
      "loudness_range": 11.897969245910645,
      "mid_mean": -55.52729415893555,
      "mid_to_side_loudness": -32.989662170410156,
      "mid_to_side_loudness_range": 44.45370101928711,
      "side_mean": -69.99998474121094
    },
    {
      "high_freq": 392.3793640136719,
      "loudness": -21.65538215637207,
      "loudness_range": 11.915536880493164,
      "low_freq": 148.1999969482422,
      "mid_mean": -56.536888122558594,
      "mid_to_side_loudness": -30.403772354125977,
      "mid_to_side_loudness_range": 43.74278259277344,
      "side_mean": -69.99995422363281
    },
    {
      "high_freq": 794.6976318359375,
      "loudness": -42.89985275268555,
      "loudness_range": 16.03559112548828,
      "low_freq": 392.3793640136719,
      "mid_mean": -51.01728057861328,
      "mid_to_side_loudness": -51.28293991088867,
      "mid_to_side_loudness_range": 56.2891731262207,
      "side_mean": -69.99993133544922
    },
    {
      "high_freq": 1457.5709228515625,
      "loudness": -50.61379623413086,
      "loudness_range": 20.202415466308594,
      "low_freq": 794.6976318359375,
      "mid_mean": -56.93960952758789,
      "mid_to_side_loudness": -39.20967483520508,
      "mid_to_side_loudness_range": 46.92800521850586,
      "side_mean": -69.9998550415039
    },
    {
      "high_freq": 2549.74365234375,
      "loudness": -45.7670783996582,
      "loudness_range": 27.73773956298828,
      "low_freq": 1457.5709228515625,
      "mid_mean": -52.25019836425781,
      "mid_to_side_loudness": -47.96324157714844,
      "mid_to_side_loudness_range": 33.52269744873047,
      "side_mean": -69.99968719482422
    },
    {
      "high_freq": 4349.24462890625,
      "loudness": -47.96949005126953,
      "loudness_range": 20.619121551513672,
      "low_freq": 2549.74365234375,
      "mid_mean": -55.73080825805664,
      "mid_to_side_loudness": -36.37326431274414,
      "mid_to_side_loudness_range": 47.904144287109375,
      "side_mean": -69.99967193603516
    },
    {
      "high_freq": 7314.1640625,
      "loudness": -46.47848129272461,
      "loudness_range": 23.582836151123047,
      "low_freq": 4349.24462890625,
      "mid_mean": -54.92059326171875,
      "mid_to_side_loudness": -35.98112106323242,
      "mid_to_side_loudness_range": 38.03375244140625,
      "side_mean": -69.9992904663086
    },
    {
      "high_freq": 12199.2666015625,
      "loudness": -44.16556167602539,
      "loudness_range": 28.874420166015625,
      "low_freq": 7314.1640625,
      "mid_mean": -55.1136360168457,
      "mid_to_side_loudness": -23.503965377807617,
      "mid_to_side_loudness_range": 51.186763763427734,
      "side_mean": -69.99341583251953
    },
    {
      "loudness": -43.97361373901367,
      "loudness_range": 8.882667541503906,
      "low_freq": 12199.2666015625,
      "mid_mean": -57.75643539428711,
      "mid_to_side_loudness": -17.080442428588867,
      "mid_to_side_loudness_range": 46.43388748168945,
      "side_mean": -69.97106170654297
    }
  ],
  "bands_short": [
    {
      "high_freq": 148.1999969482422,
      "loudness": -19.067310333251953,
      "loudness_range": 13.371015548706055,
      "mid_mean": -59.03366470336914,
      "mid_to_side_loudness": -33.94256591796875,
      "mid_to_side_loudness_range": 49.76726531982422,
      "side_mean": -69.99999237060547
    },
    {
      "high_freq": 392.3793640136719,
      "loudness": -19.28190040588379,
      "loudness_range": 15.4505033493042,
      "low_freq": 148.1999969482422,
      "mid_mean": -59.334869384765625,
      "mid_to_side_loudness": -26.117374420166016,
      "mid_to_side_loudness_range": 47.901920318603516,
      "side_mean": -69.99995422363281
    },
    {
      "high_freq": 794.6976318359375,
      "loudness": -46.2894287109375,
      "loudness_range": 29.082061767578125,
      "low_freq": 392.3793640136719,
      "mid_mean": -59.03037643432617,
      "mid_to_side_loudness": -36.708984375,
      "mid_to_side_loudness_range": 55.846561431884766,
      "side_mean": -69.99993133544922
    },
    {
      "high_freq": 1457.5709228515625,
      "loudness": -54.33213424682617,
      "loudness_range": 36.93596649169922,
      "low_freq": 794.6976318359375,
      "mid_mean": -63.37672424316406,
      "mid_to_side_loudness": -27.036094665527344,
      "mid_to_side_loudness_range": 48.32813262939453,
      "side_mean": -69.9998550415039
    },
    {
      "high_freq": 2549.74365234375,
      "loudness": -46.483856201171875,
      "loudness_range": 31.02532958984375,
      "low_freq": 1457.5709228515625,
      "mid_mean": -60.86247253417969,
      "mid_to_side_loudness": -33.186614990234375,
      "mid_to_side_loudness_range": 54.868038177490234,
      "side_mean": -69.99969482421875
    },
    {
      "high_freq": 4349.24462890625,
      "loudness": -50.935638427734375,
      "loudness_range": 33.83173751831055,
      "low_freq": 2549.74365234375,
      "mid_mean": -64.49254608154297,
      "mid_to_side_loudness": -26.041994094848633,
      "mid_to_side_loudness_range": 47.434993743896484,
      "side_mean": -69.99967193603516
    },
    {
      "high_freq": 7314.1640625,
      "loudness": -52.39250564575195,
      "loudness_range": 39.19886779785156,
      "low_freq": 4349.24462890625,
      "mid_mean": -64.51013946533203,
      "mid_to_side_loudness": -25.630773544311523,
      "mid_to_side_loudness_range": 41.04649353027344,
      "side_mean": -69.9992904663086
    },
    {
      "high_freq": 12199.2666015625,
      "loudness": -49.4259033203125,
      "loudness_range": 39.318321228027344,
      "low_freq": 7314.1640625,
      "mid_mean": -65.48944091796875,
      "mid_to_side_loudness": -14.07177448272705,
      "mid_to_side_loudness_range": 26.634014129638672,
      "side_mean": -69.99351501464844
    },
    {
      "loudness": -53.23141860961914,
      "loudness_range": 37.25060272216797,
      "low_freq": 12199.2666015625,
      "mid_mean": -66.75415802001953,
      "mid_to_side_loudness": -5.389377117156982,
      "mid_to_side_loudness_range": 14.301626205444336,
      "side_mean": -69.97103118896484
    }
  ],
  "bandwidth": 198.87954711914062,
  "channels": 2,
  "covariance": [
    [
      549.9085083007812,
      -7.7432268881239e-05,
      520.827880859375,
      0.00012631076970137656,
      168.17674255371094,
      -0.0002154048706870526,
      128.3392333984375,
      0.0032616709358990192,
      87.96570587158203,
      0.0019810672383755445,
      92.43379974365234,
      0.00014326148084364831,
      85.46427917480469,
      0.0016605238197371364,
      57.097476959228516,
      0.10107651352882385,
      48.57600784301758,
      0.31961342692375183
    ],
    [
      -7.7432268881239e-05,
      3.3264544452293876e-09,
      -7.914621528470889e-05,
      7.292890735755009e-09,
      4.427804014994763e-06,
      6.75057698629189e-09,
      -1.4649804143118672e-05,
      2.7708357830391606e-09,
      3.355441367602907e-05,
      8.840912002483492e-09,
      1.1738925422832835e-05,
      2.3877085197909764e-08,
      1.9699244148796424e-05,
      4.741384529438619e-08,
      3.804270818363875e-05,
      1.3105024265769316e-07,
      2.480520197423175e-05,
      1.7998443979649892e-07
    ],
    [
      520.827880859375,
      -7.914621528470889e-05,
      496.11724853515625,
      7.643975550308824e-05,
      157.91705322265625,
      -0.00024891539942473173,
      120.59088897705078,
      0.003263413440436125,
      82.05990600585938,
      0.0020861122757196426,
      86.3963851928711,
      9.19593294383958e-05,
      79.69715881347656,
      0.0013966199476271868,
      52.065086364746094,
      0.0955968052148819,
      44.08338165283203,
      0.30136969685554504
    ],
    [
      0.00012631076970137656,
      7.292890735755009e-09,
      7.643975550308824e-05,
      2.5364631284219286e-08,
      1.0829219718289096e-05,
      2.2978721148092518e-08,
      -4.703030572272837e-05,
      8.380391491868977e-09,
      6.02050886300276e-06,
      1.741210375882929e-08,
      -7.774855475872755e-06,
      6.580882683238087e-08,
      3.0036696330171253e-07,
      1.390712611737399e-07,
      4.380150494398549e-05,
      3.851310736990854e-07,
      1.6247056919382885e-05,
      3.999647901764547e-07
    ],
    [
      168.17674255371094,
      4.427804014994763e-06,
      157.91705322265625,
      1.0829219718289096e-05,
      241.77662658691406,
      -4.77982139273081e-05,
      186.36865234375,
      0.0008818915230222046,
      221.64503479003906,
      0.000989906839095056,
      201.80979919433594,
      0.0009455463150516152,
      212.65652465820312,
      0.0019343157764524221,
      212.87123107910156,
      0.04307013005018234,
      184.27377319335938,
      0.22469009459018707
    ],
    [
      -0.0002154048706870526,
      6.75057698629189e-09,
      -0.00024891539942473173,
      2.2978721148092518e-08,
      -4.77982139273081e-05,
      3.995993580474533e-08,
      -0.00017139899136964232,
      1.6156329607497355e-08,
      3.044628283532802e-05,
      6.497910476355173e-08,
      -0.00011719462054315954,
      1.0618302326292905e-07,
      -0.00013169919839128852,
      1.8577799210106605e-07,
      -0.00012696509656962007,
      4.947818865730369e-07,
      -0.0001528962457086891,
      9.697254199636518e-07
    ],
    [
      128.3392333984375,
      -1.4649804143118672e-05,
      120.59088897705078,
      -4.703030572272837e-05,
      186.36865234375,
      -0.00017139899136964232,
      152.72935485839844,
      0.0006602020584978163,
      170.74827575683594,
      0.0001767612702678889,
      164.01869201660156,
      5.7961988204624504e-05,
      173.80564880371094,
      0.00029236284899525344,
      176.28733825683594,
      0.024708658456802368,
      154.53273010253906,
      0.13616658747196198
    ],
    [
      0.0032616709358990192,
      2.7708357830391606e-09,
      0.003263413440436125,
      8.380391491868977e-09,
      0.0008818915230222046,
      1.6156329607497355e-08,
      0.0006602020584978163,
      6.157455914035381e-07,
      0.0006981972837820649,
      8.680785299475247e-07,
      0.0005854705814272165,
      4.938714255331433e-07,
      0.0002771289728116244,
      7.220244810923759e-07,
      -0.000290908181341365,
      1.7429790659662103e-06,
      -0.0003046928613912314,
      4.507702669798164e-06
    ],
    [
      87.96570587158203,
      3.355441367602907e-05,
      82.05990600585938,
      6.02050886300276e-06,
      221.64503479003906,
      3.044628283532802e-05,
      170.74827575683594,
      0.0006981972837820649,
      229.04608154296875,
      0.001094236969947815,
      202.443115234375,
      0.0013136763591319323,
      216.42234802246094,
      0.0023780802730470896,
      225.05474853515625,
      0.02831299789249897,
      194.4657440185547,
      0.19780094921588898
    ],
    [
      0.0019810672383755445,
      8.840912002483492e-09,
      0.0020861122757196426,
      1.741210375882929e-08,
      0.000989906839095056,
      6.497910476355173e-08,
      0.0001767612702678889,
      8.680785299475247e-07,
      0.001094236969947815,
      1.9192527815903304e-06,
      0.0001109949589590542,
      9.849319440036197e-07,
      -0.0004574579943437129,
      1.4702778798891813e-06,
      -0.0015033271629363298,
      2.7856726774189156e-06,
      -0.001501006307080388,
      9.418156878382433e-06
    ],
    [
      92.43379974365234,
      1.1738925422832835e-05,
      86.3963851928711,
      -7.774855475872755e-06,
      201.80979919433594,
      -0.00011719462054315954,
      164.01869201660156,
      0.0005854705814272165,
      202.443115234375,
      0.0001109949589590542,
      192.2270050048828,
      0.00021885398018639535,
      206.31182861328125,
      0.0005112139042466879,
      216.31640625,
      0.01709514483809471,
      188.91482543945312,
      0.12879346311092377
    ],
    [
      0.00014326148084364831,
      2.3877085197909764e-08,
      9.19593294383958e-05,
      6.580882683238087e-08,
      0.0009455463150516152,
      1.0618302326292905e-07,
      5.7961988204624504e-05,
      4.938714255331433e-07,
      0.0013136763591319323,
      9.849319440036197e-07,
      0.00021885398018639535,
      8.957208024185093e-07,
      -6.620493513764814e-05,
      1.2473708466131939e-06,
      -0.0005111138452775776,
      2.830444145729416e-06,
      -0.000654391769785434,
      7.79024776420556e-06
    ],
    [
      85.46427917480469,
      1.9699244148796424e-05,
      79.69715881347656,
      3.0036696330171253e-07,
      212.65652465820312,
      -0.00013169919839128852,
      173.80564880371094,
      0.0002771289728116244,
      216.42234802246094,
      -0.0004574579943437129,
      206.31182861328125,
      -6.620493513764814e-05,
      223.75404357910156,
      9.48107845033519e-05,
      238.25711059570312,
      0.014105635695159435,
      208.12794494628906,
      0.12246613949537277
    ],
    [
      0.0016605238197371364,
      4.741384529438619e-08,
      0.0013966199476271868,
      1.390712611737399e-07,
      0.0019343157764524221,
      1.8577799210106605e-07,
      0.00029236284899525344,
      7.220244810923759e-07,
      0.0023780802730470896,
      1.4702778798891813e-06,
      0.0005112139042466879,
      1.2473708466131939e-06,
      9.48107845033519e-05,
      2.1085472781123826e-06,
      -0.0006776155787520111,
      5.622989192488603e-06,
      -0.0010034606093540788,
      1.5487908967770636e-05
    ],
    [
      57.097476959228516,
      3.804270818363875e-05,
      52.065086364746094,
      4.380150494398549e-05,
      212.87123107910156,
      -0.00012696509656962007,
      176.28733825683594,
      -0.000290908181341365,
      225.05474853515625,
      -0.0015033271629363298,
      216.31640625,
      -0.0005111138452775776,
      238.25711059570312,
      -0.0006776155787520111,
      262.83258056640625,
      0.004161883611232042,
      230.26768493652344,
      0.08961007744073868
    ],
    [
      0.10107651352882385,
      1.3105024265769316e-07,
      0.0955968052148819,
      3.851310736990854e-07,
      0.04307013005018234,
      4.947818865730369e-07,
      0.024708658456802368,
      1.7429790659662103e-06,
      0.02831299789249897,
      2.7856726774189156e-06,
      0.01709514483809471,
      2.830444145729416e-06,
      0.014105635695159435,
      5.622989192488603e-06,
      0.004161883611232042,
      4.781893585459329e-05,
      0.000588887429330498,
      0.00015153719868976623
    ],
    [
      48.57600784301758,
      2.480520197423175e-05,
      44.08338165283203,
      1.6247056919382885e-05,
      184.27377319335938,
      -0.0001528962457086891,
      154.53273010253906,
      -0.0003046928613912314,
      194.4657440185547,
      -0.001501006307080388,
      188.91482543945312,
      -0.000654391769785434,
      208.12794494628906,
      -0.0010034606093540788,
      230.26768493652344,
      0.000588887429330498,
      203.24029541015625,
      0.06576360017061234
    ],
    [
      0.31961342692375183,
      1.7998443979649892e-07,
      0.30136969685554504,
      3.999647901764547e-07,
      0.22469009459018707,
      9.697254199636518e-07,
      0.13616658747196198,
      4.507702669798164e-06,
      0.19780094921588898,
      9.418156878382433e-06,
      0.12879346311092377,
      7.79024776420556e-06,
      0.12246613949537277,
      1.5487908967770636e-05,
      0.08961007744073868,
      0.00015153719868976623,
      0.06576360017061234,
      0.000663325481582433
    ]
  ],
  "covariance_short": [
    [
      463.0566711425781,
      -0.0001070336002158001,
      453.63641357421875,
      -0.0005210079834796488,
      191.7980499267578,
      -0.0007780698360875249,
      121.07488250732422,
      0.0033587936777621508,
      68.33282470703125,
      0.002541764872148633,
      57.163455963134766,
      -0.000397161697037518,
      52.6785774230957,
      -0.0007981876842677593,
      27.42738151550293,
      0.0881982296705246,
      19.035436630249023,
      0.3045402467250824
    ],
    [
      -0.0001070336002158001,
      4.6084243088273524e-09,
      -0.00010365631169406697,
      1.1257309751044886e-08,
      -7.086967525538057e-05,
      1.1536649857646353e-08,
      -5.652878826367669e-05,
      7.729087592167616e-09,
      -4.335858830017969e-05,
      2.0613638795907718e-08,
      -4.6948731323936954e-05,
      5.0229942871737876e-08,
      -4.6452547394437715e-05,
      8.816027019520334e-08,
      -3.726434806594625e-05,
      2.2873837224324234e-07,
      -2.6950849132845178e-05,
      3.5591259006650944e-07
    ],
    [
      453.63641357421875,
      -0.00010365631169406697,
      447.868408203125,
      -0.0005047376616857946,
      190.468017578125,
      -0.0007541141822002828,
      120.27037811279297,
      0.003209009999409318,
      67.27263641357422,
      0.002277498133480549,
      56.11763000488281,
      -0.0004339537408668548,
      51.92884063720703,
      -0.0008677992154844105,
      27.437881469726562,
      0.08545742183923721,
      19.199583053588867,
      0.29651087522506714
    ],
    [
      -0.0005210079834796488,
      1.1257309751044886e-08,
      -0.0005047376616857946,
      7.933400070214702e-08,
      -0.00039361807284876704,
      7.891917874758292e-08,
      -0.00028221934917382896,
      3.523683744788286e-08,
      -0.00027101830346509814,
      7.233002463635785e-08,
      -0.00023289670934900641,
      2.0391485122672748e-07,
      -0.0002295318408869207,
      4.257205432622868e-07,
      -0.00018229341367259622,
      1.2255377441761084e-06,
      -0.00012975656136404723,
      1.336055674983072e-06
    ],
    [
      191.7980499267578,
      -7.086967525538057e-05,
      190.468017578125,
      -0.00039361807284876704,
      208.3022918701172,
      -0.0004510215949267149,
      147.26815795898438,
      0.0010339980944991112,
      170.9441680908203,
      0.0007854547002352774,
      123.97994232177734,
      -0.00046119012404233217,
      123.97903442382812,
      -0.0009970333194360137,
      105.91560363769531,
      0.03684524446725845,
      80.07661437988281,
      0.2163444459438324
    ],
    [
      -0.0007780698360875249,
      1.1536649857646353e-08,
      -0.0007541141822002828,
      7.891917874758292e-08,
      -0.0004510215949267149,
      1.624120358201253e-07,
      -0.0004125000850763172,
      6.70696636007051e-08,
      -0.000225211086217314,
      2.426597518478957e-07,
      -0.00034747429890558124,
      3.792076199715666e-07,
      -0.0003444645553827286,
      6.398936989171489e-07,
      -0.00028275413205847144,
      1.7843863133748528e-06,
      -0.00020837457850575447,
      3.010319460372557e-06
    ],
    [
      121.07488250732422,
      -5.652878826367669e-05,
      120.27037811279297,
      -0.00028221934917382896,
      147.26815795898438,
      -0.0004125000850763172,
      125.61707305908203,
      0.0008497964008711278,
      128.8793487548828,
      0.0004426287196110934,
      109.42724609375,
      -0.0007212835480459034,
      110.63451385498047,
      -0.0015000250423327088,
      98.84733581542969,
      0.00917891412973404,
      79.54581451416016,
      0.09455403685569763
    ],
    [
      0.0033587936777621508,
      7.729087592167616e-09,
      0.003209009999409318,
      3.523683744788286e-08,
      0.0010339980944991112,
      6.70696636007051e-08,
      0.0008497964008711278,
      2.6858360797632486e-06,
      1.2546430525617325e-06,
      3.802264018304413e-06,
      2.2260685454966733e-06,
      2.1371490674937377e-06,
      -0.00016765372129157186,
      3.1278743790608132e-06,
      -0.0005956213572062552,
      4.36662867286941e-06,
      -0.0004552468308247626,
      6.246601515158545e-06
    ],
    [
      68.33282470703125,
      -4.335858830017969e-05,
      67.27263641357422,
      -0.00027101830346509814,
      170.9441680908203,
      -0.000225211086217314,
      128.8793487548828,
      1.2546430525617325e-06,
      194.05825805664062,
      0.0007989100995473564,
      136.9360809326172,
      -0.00015975104179233313,
      138.0814666748047,
      -0.00041943287942558527,
      124.0927505493164,
      0.00625555869191885,
      93.70902252197266,
      0.15286371111869812
    ],
    [
      0.002541764872148633,
      2.0613638795907718e-08,
      0.002277498133480549,
      7.233002463635785e-08,
      0.0007854547002352774,
      2.426597518478957e-07,
      0.0004426287196110934,
      3.802264018304413e-06,
      0.0007989100995473564,
      8.317529136547819e-06,
      -6.844272866146639e-05,
      4.11507880926365e-06,
      -0.0004359632439445704,
      6.315383416222176e-06,
      -0.001215969561599195,
      8.066727787081618e-06,
      -0.0009278684738092124,
      1.6919862900977023e-05
    ],
    [
      57.163455963134766,
      -4.6948731323936954e-05,
      56.11763000488281,
      -0.00023289670934900641,
      123.97994232177734,
      -0.00034747429890558124,
      109.42724609375,
      2.2260685454966733e-06,
      136.9360809326172,
      -6.844272866146639e-05,
      116.52306365966797,
      -0.0010178489610552788,
      118.1488037109375,
      -0.001970524899661541,
      108.09066772460938,
      -0.008245562203228474,
      86.410400390625,
      0.04848746210336685
    ],
    [
      -0.000397161697037518,
      5.0229942871737876e-08,
      -0.0004339537408668548,
      2.0391485122672748e-07,
      -0.00046119012404233217,
      3.792076199715666e-07,
      -0.0007212835480459034,
      2.1371490674937377e-06,
      -0.00015975104179233313,
      4.11507880926365e-06,
      -0.0010178489610552788,
      3.440975660851109e-06,
      -0.0011357725597918034,
      4.742064447782468e-06,
      -0.0012593609280884266,
      8.481410986860283e-06,
      -0.0009341976838186383,
      1.6592928659520112e-05
    ],
    [
      52.6785774230957,
      -4.6452547394437715e-05,
      51.92884063720703,
      -0.0002295318408869207,
      123.97903442382812,
      -0.0003444645553827286,
      110.63451385498047,
      -0.00016765372129157186,
      138.0814666748047,
      -0.0004359632439445704,
      118.1488037109375,
      -0.0011357725597918034,
      121.2519760131836,
      -0.002145300153642893,
      113.2203369140625,
      -0.008680097758769989,
      91.2489242553711,
      0.05401216447353363
    ],
    [
      -0.0007981876842677593,
      8.816027019520334e-08,
      -0.0008677992154844105,
      4.257205432622868e-07,
      -0.0009970333194360137,
      6.398936989171489e-07,
      -0.0015000250423327088,
      3.1278743790608132e-06,
      -0.00041943287942558527,
      6.315383416222176e-06,
      -0.001970524899661541,
      4.742064447782468e-06,
      -0.002145300153642893,
      7.998682121979073e-06,
      -0.0023084362037479877,
      1.663654256844893e-05,
      -0.0016658315435051918,
      3.388655022718012e-05
    ],
    [
      27.42738151550293,
      -3.726434806594625e-05,
      27.437881469726562,
      -0.00018229341367259622,
      105.91560363769531,
      -0.00028275413205847144,
      98.84733581542969,
      -0.0005956213572062552,
      124.0927505493164,
      -0.001215969561599195,
      108.09066772460938,
      -0.0012593609280884266,
      113.2203369140625,
      -0.0023084362037479877,
      112.76270294189453,
      -0.012681466527283192,
      92.76456451416016,
      0.042004507035017014
    ],
    [
      0.0881982296705246,
      2.2873837224324234e-07,
      0.08545742183923721,
      1.2255377441761084e-06,
      0.03684524446725845,
      1.7843863133748528e-06,
      0.00917891412973404,
      4.36662867286941e-06,
      0.00625555869191885,
      8.066727787081618e-06,
      -0.008245562203228474,
      8.481410986860283e-06,
      -0.008680097758769989,
      1.663654256844893e-05,
      -0.012681466527283192,
      0.0001054782624123618,
      -0.009578651748597622,
      0.00030858765239827335
    ],
    [
      19.035436630249023,
      -2.6950849132845178e-05,
      19.199583053588867,
      -0.00012975656136404723,
      80.07661437988281,
      -0.00020837457850575447,
      79.54581451416016,
      -0.0004552468308247626,
      93.70902252197266,
      -0.0009278684738092124,
      86.410400390625,
      -0.0009341976838186383,
      91.2489242553711,
      -0.0016658315435051918,
      92.76456451416016,
      -0.009578651748597622,
      78.41146087646484,
      0.03676149621605873
    ],
    [
      0.3045402467250824,
      3.5591259006650944e-07,
      0.29651087522506714,
      1.336055674983072e-06,
      0.2163444459438324,
      3.010319460372557e-06,
      0.09455403685569763,
      6.246601515158545e-06,
      0.15286371111869812,
      1.6919862900977023e-05,
      0.04848746210336685,
      1.6592928659520112e-05,
      0.05401216447353363,
      3.388655022718012e-05,
      0.042004507035017014,
      0.00030858765239827335,
      0.03676149621605873,
      0.0016118885250762105
    ]
  ],
  "damage": -9.236913681030273,
  "diff_bandwidth": 217.26889038085938,
  "dissonance": 3.9448099277352973,
  "drr": 5.5112409591674805,
  "dynamics": 10.870753288269043,
  "format": 1245190,
  "frames": 1695744,
  "loudness": -23.19993782043457,
  "loudness_range": 22.60426902770996,
  "loudness_range_short": 35.67921829223633,
  "lowpass_true_peak_15khz": -0.001724176574498415,
  "mastering3_acoustic_entropies": [
    {
      "acoustic_entropy": 5.39378547668457,
      "acoustic_entropy_mono": 5.39378547668457,
      "band_eliminated_acoustic_entropies": [
        {
          "acoustic_entropy": 5.501197814941406,
          "acoustic_entropy_side": 5.39378547668457,
          "hz": 129.47220167065723
        },
        {
          "acoustic_entropy": 5.411353588104248,
          "acoustic_entropy_side": 5.39378547668457,
          "hz": 202.92927478742237
        },
        {
          "acoustic_entropy": 5.689364910125732,
          "acoustic_entropy_side": 5.39378547668457,
          "hz": 282.89161906338205
        },
        {
          "acoustic_entropy": 5.467180252075195,
          "acoustic_entropy_side": 5.39378547668457,
          "hz": 369.9353335868758
        },
        {
          "acoustic_entropy": 5.2177910804748535,
          "acoustic_entropy_side": 5.39378547668457,
          "hz": 464.6875360973435
        },
        {
          "acoustic_entropy": 5.411393642425537,
          "acoustic_entropy_side": 5.39378547668457,
          "hz": 567.8308811364784
        },
        {
          "acoustic_entropy": 5.436760902404785,
          "acoustic_entropy_side": 5.39378547668457,
          "hz": 680.1084783214808
        },
        {
          "acoustic_entropy": 5.525021076202393,
          "acoustic_entropy_side": 5.39378547668457,
          "hz": 802.3292461747484
        },
        {
          "acoustic_entropy": 5.533961296081543,
          "acoustic_entropy_side": 5.39378547668457,
          "hz": 935.3737400823702
        },
        {
          "acoustic_entropy": 5.397834300994873,
          "acoustic_entropy_side": 5.39378547668457,
          "hz": 1080.2004963696966
        },
        {
          "acoustic_entropy": 5.39302396774292,
          "acoustic_entropy_side": 5.39378547668457,
          "hz": 1237.8529382007157
        },
        {
          "acoustic_entropy": 5.393742084503174,
          "acoustic_entropy_side": 5.39378547668457,
          "hz": 1409.4668930556702
        },
        {
          "acoustic_entropy": 5.394809246063232,
          "acoustic_entropy_side": 5.39378547668457,
          "hz": 1596.2787759475705
        },
        {
          "acoustic_entropy": 5.401512622833252,
          "acoustic_entropy_side": 5.39378547668457,
          "hz": 1799.6344973346393
        },
        {
          "acoustic_entropy": 5.484491348266602,
          "acoustic_entropy_side": 5.39378547668457,
          "hz": 2020.9991599069049
        },
        {
          "acoustic_entropy": 5.443757057189941,
          "acoustic_entropy_side": 5.39378547668457,
          "hz": 2261.9676141086993
        },
        {
          "acoustic_entropy": 5.395514965057373,
          "acoustic_entropy_side": 5.39378547668457,
          "hz": 2524.2759484456974
        },
        {
          "acoustic_entropy": 5.393909454345703,
          "acoustic_entropy_side": 5.39378547668457,
          "hz": 2809.813997359896
        },
        {
          "acoustic_entropy": 5.397933483123779,
          "acoustic_entropy_side": 5.39378547668457,
          "hz": 3120.6389567871424
        },
        {
          "acoustic_entropy": 5.4783711433410645,
          "acoustic_entropy_side": 5.39378547668457,
          "hz": 3458.990205492291
        },
        {
          "acoustic_entropy": 5.432349681854248,
          "acoustic_entropy_side": 5.39378547668457,
          "hz": 3827.305438964164
        },
        {
          "acoustic_entropy": 5.410594463348389,
          "acoustic_entropy_side": 5.39378547668457,
          "hz": 4228.238232109126
        },
        {
          "acoustic_entropy": 5.403510093688965,
          "acoustic_entropy_side": 5.39378547668457,
          "hz": 4664.6771572759235
        },
        {
          "acoustic_entropy": 5.4317498207092285,
          "acoustic_entropy_side": 5.39378547668457,
          "hz": 5139.766595350093
        },
        {
          "acoustic_entropy": 5.458584785461426,
          "acoustic_entropy_side": 5.39378547668457,
          "hz": 5656.929389854203
        },
        {
          "acoustic_entropy": 5.446407318115234,
          "acoustic_entropy_side": 5.39378547668457,
          "hz": 6219.891507268283
        },
        {
          "acoustic_entropy": 5.45583438873291,
          "acoustic_entropy_side": 5.39378547668457,
          "hz": 6832.70888123896
        },
        {
          "acoustic_entropy": 5.498241901397705,
          "acoustic_entropy_side": 5.39378547668457,
          "hz": 7499.796634079867
        },
        {
          "acoustic_entropy": 5.453454971313477,
          "acoustic_entropy_side": 5.39378547668457,
          "hz": 8225.96088609342
        },
        {
          "acoustic_entropy": 5.505492210388184,
          "acoustic_entropy_side": 5.39378547668457,
          "hz": 9016.43338188839
        },
        {
          "acoustic_entropy": 5.488741874694824,
          "acoustic_entropy_side": 5.39378547668457,
          "hz": 9876.909183162974
        },
        {
          "acoustic_entropy": 5.447202205657959,
          "acoustic_entropy_side": 5.39378547668457,
          "hz": 10813.587699516042
        },
        {
          "acoustic_entropy": 5.473102569580078,
          "acoustic_entropy_side": 5.39378547668457,
          "hz": 11833.21735289826
        },
        {
          "acoustic_entropy": 5.464532852172852,
          "acoustic_entropy_side": 5.39378547668457,
          "hz": 12943.144197493959
        },
        {
          "acoustic_entropy": 5.504213809967041,
          "acoustic_entropy_side": 5.39378547668457,
          "hz": 14151.364845322005
        },
        {
          "acoustic_entropy": 5.457554817199707,
          "acoustic_entropy_side": 5.39378547668457,
          "hz": 15466.58407886509
        },
        {
          "acoustic_entropy": 5.397158622741699,
          "acoustic_entropy_side": 5.39378547668457,
          "hz": 16898.27756580493
        },
        {
          "acoustic_entropy": 5.3938212394714355,
          "acoustic_entropy_side": 5.39378547668457,
          "hz": 18456.760127700032
        },
        {
          "acoustic_entropy": 5.39378547668457,
          "acoustic_entropy_side": 5.39378547668457,
          "hz": 20153.260054456492
        },
        {
          "acoustic_entropy": 5.39378547668457,
          "acoustic_entropy_side": 5.39378547668457,
          "hz": 22000.00000000001
        }
      ],
      "diff_acoustic_entropy": 5.772243022918701,
      "sn": 6
    },
    {
      "acoustic_entropy": 6.902860641479492,
      "acoustic_entropy_mono": 6.902860641479492,
      "band_eliminated_acoustic_entropies": [
        {
          "acoustic_entropy": 6.947681427001953,
          "acoustic_entropy_side": 6.902860641479492,
          "hz": 129.47220167065723
        },
        {
          "acoustic_entropy": 6.901463508605957,
          "acoustic_entropy_side": 6.902860641479492,
          "hz": 202.92927478742237
        },
        {
          "acoustic_entropy": 6.886483669281006,
          "acoustic_entropy_side": 6.902860641479492,
          "hz": 282.89161906338205
        },
        {
          "acoustic_entropy": 6.983744144439697,
          "acoustic_entropy_side": 6.902860641479492,
          "hz": 369.9353335868758
        },
        {
          "acoustic_entropy": 7.092270851135254,
          "acoustic_entropy_side": 6.902860641479492,
          "hz": 464.6875360973435
        },
        {
          "acoustic_entropy": 6.936327934265137,
          "acoustic_entropy_side": 6.902860641479492,
          "hz": 567.8308811364784
        },
        {
          "acoustic_entropy": 6.829561233520508,
          "acoustic_entropy_side": 6.902860641479492,
          "hz": 680.1084783214808
        },
        {
          "acoustic_entropy": 7.229887962341309,
          "acoustic_entropy_side": 6.902860641479492,
          "hz": 802.3292461747484
        },
        {
          "acoustic_entropy": 7.085788249969482,
          "acoustic_entropy_side": 6.902860641479492,
          "hz": 935.3737400823702
        },
        {
          "acoustic_entropy": 6.888456344604492,
          "acoustic_entropy_side": 6.902860641479492,
          "hz": 1080.2004963696966
        },
        {
          "acoustic_entropy": 6.909264087677002,
          "acoustic_entropy_side": 6.902860641479492,
          "hz": 1237.8529382007157
        },
        {
          "acoustic_entropy": 6.903777599334717,
          "acoustic_entropy_side": 6.902860641479492,
          "hz": 1409.4668930556702
        },
        {
          "acoustic_entropy": 6.904346466064453,
          "acoustic_entropy_side": 6.902860641479492,
          "hz": 1596.2787759475705
        },
        {
          "acoustic_entropy": 6.9086174964904785,
          "acoustic_entropy_side": 6.902860641479492,
          "hz": 1799.6344973346393
        },
        {
          "acoustic_entropy": 6.8151021003723145,
          "acoustic_entropy_side": 6.902860641479492,
          "hz": 2020.9991599069049
        },
        {
          "acoustic_entropy": 6.884505271911621,
          "acoustic_entropy_side": 6.902860641479492,
          "hz": 2261.9676141086993
        },
        {
          "acoustic_entropy": 6.907194137573242,
          "acoustic_entropy_side": 6.902860641479492,
          "hz": 2524.2759484456974
        },
        {
          "acoustic_entropy": 6.908912658691406,
          "acoustic_entropy_side": 6.902860641479492,
          "hz": 2809.813997359896
        },
        {
          "acoustic_entropy": 6.9054036140441895,
          "acoustic_entropy_side": 6.902860641479492,
          "hz": 3120.6389567871424
        },
        {
          "acoustic_entropy": 6.884410858154297,
          "acoustic_entropy_side": 6.902860641479492,
          "hz": 3458.990205492291
        },
        {
          "acoustic_entropy": 6.897940635681152,
          "acoustic_entropy_side": 6.902860641479492,
          "hz": 3827.305438964164
        },
        {
          "acoustic_entropy": 6.899078845977783,
          "acoustic_entropy_side": 6.902860641479492,
          "hz": 4228.238232109126
        },
        {
          "acoustic_entropy": 6.903748035430908,
          "acoustic_entropy_side": 6.902860641479492,
          "hz": 4664.6771572759235
        },
        {
          "acoustic_entropy": 6.896453380584717,
          "acoustic_entropy_side": 6.902860641479492,
          "hz": 5139.766595350093
        },
        {
          "acoustic_entropy": 6.8876423835754395,
          "acoustic_entropy_side": 6.902860641479492,
          "hz": 5656.929389854203
        },
        {
          "acoustic_entropy": 6.892597198486328,
          "acoustic_entropy_side": 6.902860641479492,
          "hz": 6219.891507268283
        },
        {
          "acoustic_entropy": 6.884004592895508,
          "acoustic_entropy_side": 6.902860641479492,
          "hz": 6832.70888123896
        },
        {
          "acoustic_entropy": 6.870178699493408,
          "acoustic_entropy_side": 6.902860641479492,
          "hz": 7499.796634079867
        },
        {
          "acoustic_entropy": 6.886956691741943,
          "acoustic_entropy_side": 6.902860641479492,
          "hz": 8225.96088609342
        },
        {
          "acoustic_entropy": 6.864945888519287,
          "acoustic_entropy_side": 6.902860641479492,
          "hz": 9016.43338188839
        },
        {
          "acoustic_entropy": 6.7632927894592285,
          "acoustic_entropy_side": 6.902860641479492,
          "hz": 9876.909183162974
        },
        {
          "acoustic_entropy": 6.884627819061279,
          "acoustic_entropy_side": 6.902860641479492,
          "hz": 10813.587699516042
        },
        {
          "acoustic_entropy": 6.876965522766113,
          "acoustic_entropy_side": 6.902860641479492,
          "hz": 11833.21735289826
        },
        {
          "acoustic_entropy": 6.882213115692139,
          "acoustic_entropy_side": 6.902860641479492,
          "hz": 12943.144197493959
        },
        {
          "acoustic_entropy": 6.867449760437012,
          "acoustic_entropy_side": 6.902860641479492,
          "hz": 14151.364845322005
        },
        {
          "acoustic_entropy": 6.879431247711182,
          "acoustic_entropy_side": 6.902860641479492,
          "hz": 15466.58407886509
        },
        {
          "acoustic_entropy": 6.900911808013916,
          "acoustic_entropy_side": 6.902860641479492,
          "hz": 16898.27756580493
        },
        {
          "acoustic_entropy": 6.9028496742248535,
          "acoustic_entropy_side": 6.902860641479492,
          "hz": 18456.760127700032
        },
        {
          "acoustic_entropy": 6.902863025665283,
          "acoustic_entropy_side": 6.902860641479492,
          "hz": 20153.260054456492
        },
        {
          "acoustic_entropy": 6.902860641479492,
          "acoustic_entropy_side": 6.902860641479492,
          "hz": 22000.00000000001
        }
      ],
      "diff_acoustic_entropy": 7.418316841125488,
      "sn": 12
    },
    {
      "acoustic_entropy": 11.250164031982422,
      "acoustic_entropy_mono": 11.250166893005371,
      "band_eliminated_acoustic_entropies": [
        {
          "acoustic_entropy": 11.200016975402832,
          "acoustic_entropy_side": 11.250164031982422,
          "hz": 129.47220167065723
        },
        {
          "acoustic_entropy": 10.960559844970703,
          "acoustic_entropy_side": 11.250164031982422,
          "hz": 202.92927478742237
        },
        {
          "acoustic_entropy": 11.364591598510742,
          "acoustic_entropy_side": 11.250164031982422,
          "hz": 282.89161906338205
        },
        {
          "acoustic_entropy": 11.367538452148438,
          "acoustic_entropy_side": 11.250164031982422,
          "hz": 369.9353335868758
        },
        {
          "acoustic_entropy": 11.152129173278809,
          "acoustic_entropy_side": 11.250164031982422,
          "hz": 464.6875360973435
        },
        {
          "acoustic_entropy": 11.37526798248291,
          "acoustic_entropy_side": 11.250164031982422,
          "hz": 567.8308811364784
        },
        {
          "acoustic_entropy": 11.237784385681152,
          "acoustic_entropy_side": 11.250164031982422,
          "hz": 680.1084783214808
        },
        {
          "acoustic_entropy": 11.432991027832031,
          "acoustic_entropy_side": 11.250164031982422,
          "hz": 802.3292461747484
        },
        {
