{
  "acoustic_entropy": 206.01547241210938,
  "bands": [
    {
      "high_freq": 148.1999969482422,
      "loudness": -20.16949462890625,
      "loudness_range": 12.261327743530273,
      "mid_mean": -16.53569984436035,
      "mid_to_side_loudness": -25.115116119384766,
      "mid_to_side_loudness_range": 20.14844512939453,
      "side_mean": -42.267948150634766
    },
    {
      "high_freq": 392.3793640136719,
      "loudness": -18.89190673828125,
      "loudness_range": 9.814208030700684,
      "low_freq": 148.1999969482422,
      "mid_mean": -15.58221435546875,
      "mid_to_side_loudness": -10.791067123413086,
      "mid_to_side_loudness_range": 7.468502044677734,
      "side_mean": -26.50775909423828
    },
    {
      "high_freq": 794.6976318359375,
      "loudness": -19.165977478027344,
      "loudness_range": 9.8400297164917,
      "low_freq": 392.3793640136719,
      "mid_mean": -16.058992385864258,
      "mid_to_side_loudness": -9.63262939453125,
      "mid_to_side_loudness_range": 11.267786026000977,
      "side_mean": -25.874164581298828
    },
    {
      "high_freq": 1457.5709228515625,
      "loudness": -21.39568328857422,
      "loudness_range": 11.36086368560791,
      "low_freq": 794.6976318359375,
      "mid_mean": -18.165451049804688,
      "mid_to_side_loudness": -10.650619506835938,
      "mid_to_side_loudness_range": 10.543123245239258,
      "side_mean": -28.946514129638672
    },
    {
      "high_freq": 2549.74365234375,
      "loudness": -24.605192184448242,
      "loudness_range": 12.062015533447266,
      "low_freq": 1457.5709228515625,
      "mid_mean": -21.491220474243164,
      "mid_to_side_loudness": -9.937508583068848,
      "mid_to_side_loudness_range": 12.923858642578125,
      "side_mean": -31.599403381347656
    },
    {
      "high_freq": 4349.24462890625,
      "loudness": -29.758481979370117,
      "loudness_range": 15.277406692504883,
      "low_freq": 2549.74365234375,
      "mid_mean": -26.663068771362305,
      "mid_to_side_loudness": -9.542613983154297,
      "mid_to_side_loudness_range": 12.208296775817871,
      "side_mean": -36.67177963256836
    },
    {
      "high_freq": 7314.1640625,
      "loudness": -31.75807762145996,
      "loudness_range": 17.519790649414062,
      "low_freq": 4349.24462890625,
      "mid_mean": -28.705183029174805,
      "mid_to_side_loudness": -9.198229789733887,
      "mid_to_side_loudness_range": 12.135232925415039,
      "side_mean": -37.88578414916992
    },
    {
      "high_freq": 12199.2666015625,
      "loudness": -31.869619369506836,
      "loudness_range": 15.120290756225586,
      "low_freq": 7314.1640625,
      "mid_mean": -28.81434440612793,
      "mid_to_side_loudness": -8.643091201782227,
      "mid_to_side_loudness_range": 15.378392219543457,
      "side_mean": -38.03579330444336
    },
    {
      "loudness": -36.87403106689453,
      "loudness_range": 15.322931289672852,
      "low_freq": 12199.2666015625,
      "mid_mean": -34.286033630371094,
      "mid_to_side_loudness": -6.493824005126953,
      "mid_to_side_loudness_range": 11.816643714904785,
      "side_mean": -40.94621658325195
    }
  ],
  "bands_short": [
    {
      "high_freq": 148.1999969482422,
      "loudness": -23.506540298461914,
      "loudness_range": 19.198299407958984,
      "mid_mean": -19.92875862121582,
      "mid_to_side_loudness": -26.351795196533203,
      "mid_to_side_loudness_range": 27.07023048400879,
      "side_mean": -47.51198959350586
    },
    {
      "high_freq": 392.3793640136719,
      "loudness": -19.242935180664062,
      "loudness_range": 14.328231811523438,
      "low_freq": 148.1999969482422,
      "mid_mean": -15.95722484588623,
      "mid_to_side_loudness": -11.796889305114746,
      "mid_to_side_loudness_range": 12.351757049560547,
      "side_mean": -27.821300506591797
    },
    {
      "high_freq": 794.6976318359375,
      "loudness": -20.18594741821289,
      "loudness_range": 14.223814010620117,
      "low_freq": 392.3793640136719,
      "mid_mean": -17.233863830566406,
      "mid_to_side_loudness": -9.3125581741333,
      "mid_to_side_loudness_range": 14.172529220581055,
      "side_mean": -26.781536102294922
    },
    {
      "high_freq": 1457.5709228515625,
      "loudness": -22.224008560180664,
      "loudness_range": 15.891237258911133,
      "low_freq": 794.6976318359375,
      "mid_mean": -19.090246200561523,
      "mid_to_side_loudness": -10.539434432983398,
      "mid_to_side_loudness_range": 13.068909645080566,
      "side_mean": -29.774404525756836
    },
    {
      "high_freq": 2549.74365234375,
      "loudness": -26.395191192626953,
      "loudness_range": 19.07716941833496,
      "low_freq": 1457.5709228515625,
      "mid_mean": -23.395484924316406,
      "mid_to_side_loudness": -9.6007080078125,
      "mid_to_side_loudness_range": 15.72115707397461,
      "side_mean": -33.46519470214844
    },
    {
      "high_freq": 4349.24462890625,
      "loudness": -31.197237014770508,
      "loudness_range": 20.434913635253906,
      "low_freq": 2549.74365234375,
      "mid_mean": -28.161258697509766,
      "mid_to_side_loudness": -9.36207103729248,
      "mid_to_side_loudness_range": 14.933180809020996,
      "side_mean": -38.53713607788086
    },
    {
      "high_freq": 7314.1640625,
      "loudness": -33.22174835205078,
      "loudness_range": 21.683822631835938,
      "low_freq": 4349.24462890625,
      "mid_mean": -30.282424926757812,
      "mid_to_side_loudness": -8.955810546875,
      "mid_to_side_loudness_range": 14.191581726074219,
      "side_mean": -39.72355270385742
    },
    {
      "high_freq": 12199.2666015625,
      "loudness": -33.80803680419922,
      "loudness_range": 20.39588165283203,
      "low_freq": 7314.1640625,
      "mid_mean": -30.923114776611328,
      "mid_to_side_loudness": -8.390789985656738,
      "mid_to_side_loudness_range": 15.838976860046387,
      "side_mean": -40.46137237548828
    },
    {
      "loudness": -40.09968948364258,
      "loudness_range": 23.056650161743164,
      "low_freq": 12199.2666015625,
      "mid_mean": -37.5184326171875,
      "mid_to_side_loudness": -6.879628658294678,
      "mid_to_side_loudness_range": 13.063486099243164,
      "side_mean": -45.29167175292969
    }
  ],
  "bandwidth": 519.4757690429688,
  "channels": 2,
  "covariance": [
    [
      29.38213348388672,
      15.476282119750977,
      11.259026527404785,
      10.76257610321045,
      8.80936336517334,
      9.161898612976074,
      10.058771133422852,
      9.672983169555664,
      10.043011665344238,
      10.543158531188965,
      13.5215482711792,
      16.27785873413086,
      15.874200820922852,
      12.538150787353516,
      12.794838905334473,
      11.05050277709961,
      13.348851203918457,
      10.395245552062988
    ],
    [
      15.476282119750977,
      50.3216438293457,
      15.726714134216309,
      16.892406463623047,
      13.4829740524292,
      10.736577987670898,
      10.769315719604492,
      8.72770881652832,
      12.325950622558594,
      8.026841163635254,
      20.240764617919922,
      18.852434158325195,
      22.98556137084961,
      22.63548469543457,
      18.237619400024414,
      18.200618743896484,
      17.679826736450195,
      16.08951187133789
    ],
    [
      11.259026527404785,
      15.726714134216309,
      19.08469009399414,
      14.144989013671875,
      12.242138862609863,
      8.285460472106934,
      11.308734893798828,
      9.602106094360352,
      12.856433868408203,
      11.116350173950195,
      17.92329978942871,
      18.892974853515625,
      20.119869232177734,
      17.006847381591797,
      12.953886985778809,
      13.488277435302734,
      13.099215507507324,
      12.924565315246582
    ],
    [
      10.76257610321045,
      16.892406463623047,
      14.144989013671875,
      19.483747482299805,
      10.885529518127441,
      11.203609466552734,
      10.207369804382324,
      10.989381790161133,
      10.106019973754883,
      10.508092880249023,
      14.470176696777344,
      16.559341430664062,
      15.64490795135498,
      15.365239143371582,
      9.886892318725586,
      12.532437324523926,
      10.567207336425781,
      12.062500953674316
    ],
    [
      8.80936336517334,
      13.4829740524292,
      12.242138862609863,
      10.885529518127441,
      18.301034927368164,
      11.160948753356934,
      13.127220153808594,
      10.550971984863281,
      13.485413551330566,
      10.812823295593262,
      14.599655151367188,
      15.814202308654785,
      16.49627685546875,
      14.361862182617188,
      11.279316902160645,
      10.9197416305542,
      10.061727523803711,
      10.709080696105957
    ],
    [
      9.161898612976074,
      10.736577987670898,
      8.285460472106934,
      11.203609466552734,
      11.160948753356934,
      22.28322982788086,
      10.754249572753906,
      16.757875442504883,
      7.5293097496032715,
      13.171756744384766,
      8.361546516418457,
      15.304915428161621,
      9.717998504638672,
      11.504446029663086,
      4.6677961349487305,
      8.581554412841797,
      4.670251369476318,
      7.1714887619018555
    ],
    [
      10.058771133422852,
      10.769315719604492,
      11.308734893798828,
      10.207369804382324,
      13.127220153808594,
      10.754249572753906,
      21.89468765258789,
      14.168413162231445,
      13.575763702392578,
      11.124467849731445,
      13.677186012268066,
      15.078723907470703,
      15.439872741699219,
      13.540251731872559,
      8.5684232711792,
      9.82241439819336,
      8.442697525024414,
      8.855415344238281
    ],
    [
      9.672983169555664,
      8.72770881652832,
      9.602106094360352,
      10.989381790161133,
      10.550971984863281,
      16.757875442504883,
      14.168413162231445,
      23.84160614013672,
      9.07758617401123,
      17.154579162597656,
      10.540338516235352,
      18.375144958496094,
      12.652369499206543,
      14.104239463806152,
      6.015408992767334,
      9.335636138916016,
      5.9823079109191895,
      7.5602216720581055
    ],
    [
      10.043011665344238,
      12.325950622558594,
      12.856433868408203,
      10.106019973754883,
      13.485413551330566,
      7.5293097496032715,
      13.575763702392578,
      9.07758617401123,
      24.355403900146484,
      16.57715606689453,
      19.738664627075195,
      20.707666397094727,
      20.10284996032715,
      17.464157104492188,
      13.68393325805664,
      13.517644882202148,
      13.700800895690918,
      12.20065689086914
    ],
    [
      10.543158531188965,
      8.026841163635254,
      11.116350173950195,
      10.508092880249023,
      10.812823295593262,
      13.171756744384766,
      11.124467849731445,
      17.154579162597656,
      16.57715606689453,
      31.046539306640625,
      15.236472129821777,
      28.201980590820312,
      17.541318893432617,
      18.867429733276367,
      9.61878490447998,
      12.3944091796875,
      11.568710327148438,
      9.301409721374512
    ],
    [
      13.5215482711792,
      20.240764617919922,
      17.92329978942871,
      14.470176696777344,
      14.599655151367188,
      8.361546516418457,
      13.677186012268066,
      10.540338516235352,
      19.738664627075195,
      15.236472129821777,
      34.39733123779297,
      29.372482299804688,
      33.07035446166992,
      28.847366333007812,
      22.360624313354492,
      22.16933250427246,
      21.45509910583496,
      19.657169342041016
    ],
    [
      16.27785873413086,
      18.852434158325195,
      18.892974853515625,
      16.559341430664062,
      15.814202308654785,
      15.304915428161621,
      15.078723907470703,
      18.375144958496094,
      20.707666397094727,
      28.201980590820312,
      29.372482299804688,
      48.35832595825195,
      32.702999114990234,
      37.70148849487305,
      19.824748992919922,
      26.41566276550293,
      22.18136215209961,
      20.183223724365234
    ],
    [
      15.874200820922852,
      22.98556137084961,
      20.119869232177734,
      15.64490795135498,
      16.49627685546875,
      9.717998504638672,
      15.439872741699219,
      12.652369499206543,
      20.10284996032715,
      17.541318893432617,
      33.07035446166992,
      32.702999114990234,
      44.10957336425781,
      34.446006774902344,
      27.56977653503418,
      26.256324768066406,
      27.200780868530273,
      23.633441925048828
    ],
    [
      12.538150787353516,
      22.63548469543457,
      17.006847381591797,
      15.365239143371582,
      14.361862182617188,
      11.504446029663086,
      13.540251731872559,
      14.104239463806152,
      17.464157104492188,
      18.867429733276367,
      28.847366333007812,
      37.70148849487305,
      34.446006774902344,
      46.11137390136719,
      22.07139778137207,
      33.25425720214844,
      23.675722122192383,
      26.826753616333008
    ],
    [
      12.794838905334473,
      18.237619400024414,
      12.953886985778809,
      9.886892318725586,
      11.279316902160645,
      4.6677961349487305,
      8.5684232711792,
      6.015408992767334,
      13.68393325805664,
      9.61878490447998,
      22.360624313354492,
      19.824748992919922,
      27.56977653503418,
      22.07139778137207,
      32.80693435668945,
      18.375682830810547,
      29.11147689819336,
      16.44369888305664
    ],
    [
      11.05050277709961,
      18.200618743896484,
      13.488277435302734,
      12.532437324523926,
      10.9197416305542,
      8.581554412841797,
      9.82241439819336,
      9.335636138916016,
      13.517644882202148,
      12.3944091796875,
      22.16933250427246,
      26.41566276550293,
      26.256324768066406,
      33.25425720214844,
      18.375682830810547,
      38.07197952270508,
      20.98906135559082,
      31.82360076904297
    ],
    [
      13.348851203918457,
      17.679826736450195,
      13.099215507507324,
      10.567207336425781,
      10.061727523803711,
      4.670251369476318,
      8.442697525024414,
      5.9823079109191895,
      13.700800895690918,
      11.568710327148438,
      21.45509910583496,
      22.18136215209961,
      27.200780868530273,
      23.675722122192383,
      29.11147689819336,
      20.98906135559082,
      36.35763931274414,
      20.40241050720215
    ],
    [
      10.395245552062988,
      16.08951187133789,
      12.924565315246582,
      12.062500953674316,
      10.709080696105957,
      7.1714887619018555,
      8.855415344238281,
      7.5602216720581055,
      12.20065689086914,
      9.301409721374512,
      19.657169342041016,
      20.183223724365234,
      23.633441925048828,
      26.826753616333008,
      16.44369888305664,
      31.82360076904297,
      20.40241050720215,
      39.86202621459961
    ]
  ],
  "covariance_short": [
    [
      45.21827697753906,
      18.357770919799805,
      17.90779685974121,
      13.103537559509277,
      10.37291145324707,
      11.502647399902344,
      10.955252647399902,
      11.785699844360352,
      11.72114086151123,
      13.343521118164062,
      13.662210464477539,
      17.81379508972168,
      15.432398796081543,
      14.820713996887207,
      12.532021522521973,
      15.744297981262207,
      15.625080108642578,
      19.548763275146484
    ],
    [
      18.357770919799805,
      86.36016082763672,
      20.001365661621094,
      22.486297607421875,
      16.360048294067383,
      15.279006004333496,
      14.556699752807617,
      12.650761604309082,
      16.621994018554688,
      14.176551818847656,
      25.585166931152344,
      26.191680908203125,
      26.239702224731445,
      28.306339263916016,
      20.911630630493164,
      22.92020606994629,
      23.116039276123047,
      23.318944931030273
    ],
    [
      17.90779685974121,
      20.001365661621094,
      29.652809143066406,
      18.444368362426758,
      16.380413055419922,
      12.819242477416992,
      15.224739074707031,
      13.931964874267578,
      18.039012908935547,
      17.79319953918457,
      21.883983612060547,
      25.41568946838379,
      22.951074600219727,
      22.115629196166992,
      17.203094482421875,
      18.677188873291016,
      18.152450561523438,
      19.85636329650879
    ],
    [
      13.103537559509277,
      22.486297607421875,
      18.444368362426758,
      31.36837387084961,
      15.102266311645508,
      18.846149444580078,
      14.609842300415039,
      17.060138702392578,
      14.690725326538086,
      18.095369338989258,
      17.612077713012695,
      23.604122161865234,
      18.527013778686523,
      21.188520431518555,
      14.77497386932373,
      18.338899612426758,
      15.745320320129395,
      18.225465774536133
    ],
    [
      10.37291145324707,
      16.360048294067383,
      16.380413055419922,
      15.102266311645508,
      32.41511154174805,
      18.98126983642578,
      21.53130340576172,
      16.878311157226562,
      22.46026039123535,
      17.162752151489258,
      22.37697410583496,
      23.246694564819336,
      21.02031135559082,
      20.49106788635254,
      17.670114517211914,
      17.63024139404297,
      16.026159286499023,
      16.959321975708008
    ],
    [
      11.502647399902344,
      15.279006004333496,
      12.819242477416992,
      18.846149444580078,
      18.98126983642578,
      35.842262268066406,
      18.026304244995117,
      24.724422454833984,
      14.032085418701172,
      21.66964340209961,
      14.619281768798828,
      24.02880859375,
      16.146648406982422,
      20.339923858642578,
      11.335686683654785,
      17.289058685302734,
      11.318099975585938,
      15.756953239440918
    ],
    [
      10.955252647399902,
      14.556699752807617,
      15.224739074707031,
      14.609842300415039,
      21.53130340576172,
      18.026304244995117,
      36.53026580810547,
      23.30978012084961,
      24.252925872802734,
      19.88440704345703,
      21.88035774230957,
      25.246129989624023,
      20.8415584564209,
      21.38906478881836,
      14.582698822021484,
      17.78888511657715,
      14.368141174316406,
      16.876981735229492
    ],
    [
      11.785699844360352,
      12.650761604309082,
      13.931964874267578,
      17.060138702392578,
      16.878311157226562,
      24.724422454833984,
      23.30978012084961,
      38.08894729614258,
      16.678014755249023,
      27.26902198791504,
      16.303878784179688,
      28.171445846557617,
      17.807769775390625,
      22.451387405395508,
      11.438529968261719,
      18.65706443786621,
      10.9199857711792,
      17.02400779724121
    ],
    [
      11.72114086151123,
      16.621994018554688,
      18.039012908935547,
      14.690725326538086,
      22.46026039123535,
      14.032085418701172,
      24.252925872802734,
      16.678014755249023,
      47.71347427368164,
      30.415639877319336,
      34.755165100097656,
      36.038448333740234,
      29.725170135498047,
      29.39934539794922,
      23.08182716369629,
      24.627765655517578,
      21.494464874267578,
      23.466453552246094
    ],
    [
      13.343521118164062,
      14.176551818847656,
      17.79319953918457,
      18.095369338989258,
      17.162752151489258,
      21.66964340209961,
      19.88440704345703,
      27.26902198791504,
      30.415639877319336,
      51.774749755859375,
      26.836381912231445,
      47.14640808105469,
      28.89968490600586,
      35.466407775878906,
      18.331829071044922,
      27.739843368530273,
      18.995115280151367,
      24.730113983154297
    ],
    [
      13.662210464477539,
      25.585166931152344,
      21.883983612060547,
      17.612077713012695,
      22.37697410583496,
      14.619281768798828,
      21.88035774230957,
      16.303878784179688,
      34.755165100097656,
      26.836381912231445,
      55.929996490478516,
      46.21458435058594,
      46.9017448425293,
      45.274600982666016,
      34.372901916503906,
      36.33789825439453,
      32.205501556396484,
      32.18081283569336
    ],
    [
      17.81379508972168,
      26.191680908203125,
      25.41568946838379,
      23.604122161865234,
      23.246694564819336,
      24.02880859375,
      25.246129989624023,
      28.171445846557617,
      36.038448333740234,
      47.14640808105469,
      46.21458435058594,
      75.95577239990234,
      48.62151336669922,
      61.215599060058594,
      32.845462799072266,
      47.18575668334961,
      32.541107177734375,
      38.53046417236328
    ],
    [
      15.432398796081543,
      26.239702224731445,
      22.951074600219727,
      18.527013778686523,
      21.02031135559082,
      16.146648406982422,
      20.8415584564209,
      17.807769775390625,
      29.725170135498047,
      28.89968490600586,
      46.9017448425293,
      48.62151336669922,
      64.84516906738281,
      54.44232940673828,
      44.18624496459961,
      43.66340255737305,
      44.580692291259766,
      41.78657150268555
    ],
    [
      14.820713996887207,
      28.306339263916016,
      22.115629196166992,
      21.188520431518555,
      20.49106788635254,
      20.339923858642578,
      21.38906478881836,
      22.451387405395508,
      29.39934539794922,
      35.466407775878906,
      45.274600982666016,
      61.215599060058594,
      54.44232940673828,
      78.50562286376953,
      37.89533615112305,
      58.39795684814453,
      39.21465301513672,
      50.5286979675293
    ],
    [
      12.532021522521973,
      20.911630630493164,
      17.203094482421875,
      14.77497386932373,
      17.670114517211914,
      11.335686683654785,
      14.582698822021484,
      11.438529968261719,
      23.08182716369629,
      18.331829071044922,
      34.372901916503906,
      32.845462799072266,
      44.18624496459961,
      37.89533615112305,
      54.70851135253906,
      36.79682540893555,
      51.52951431274414,
      37.758087158203125
    ],
    [
      15.744297981262207,
      22.92020606994629,
      18.677188873291016,
      18.338899612426758,
      17.63024139404297,
      17.289058685302734,
      17.78888511657715,
      18.65706443786621,
      24.627765655517578,
      27.739843368530273,
      36.33789825439453,
      47.18575668334961,
      43.66340255737305,
      58.39795684814453,
      36.79682540893555,
      72.30382537841797,
      42.88616943359375,
      64.1729965209961
    ],
    [
      15.625080108642578,
      23.116039276123047,
      18.152450561523438,
      15.745320320129395,
      16.026159286499023,
      11.318099975585938,
      14.368141174316406,
      10.9199857711792,
      21.494464874267578,
      18.995115280151367,
      32.205501556396484,
      32.541107177734375,
      44.580692291259766,
      39.21465301513672,
      51.52951431274414,
      42.88616943359375,
      68.04713439941406,
      53.332313537597656
    ],
    [
      19.548763275146484,
      23.318944931030273,
      19.85636329650879,
      18.225465774536133,
      16.959321975708008,
      15.756953239440918,
      16.876981735229492,
      17.02400779724121,
      23.466453552246094,
      24.730113983154297,
      32.18081283569336,
      38.53046417236328,
      41.78657150268555,
      50.5286979675293,
      37.758087158203125,
      64.1729965209961,
      53.332313537597656,
      90.10304260253906
    ]
  ],
  "damage": -5.537869930267334,
  "diff_bandwidth": 528.4725341796875,
  "dissonance": 8.975091453577166,
  "drr": -1.9764468669891357,
  "dynamics": 2.975055694580078,
  "format": 1245190,
  "frames": 13564864,
  "loudness": -9.146411895751953,
  "loudness_range": 7.9612932205200195,
  "loudness_range_short": 11.196935653686523,
  "lowpass_true_peak_15khz": 0.5575506091117859,
  "mastering3_acoustic_entropies": [
    {
      "acoustic_entropy": 5.001822471618652,
      "acoustic_entropy_mono": 5.067027568817139,
      "band_eliminated_acoustic_entropies": [
        {
          "acoustic_entropy": 4.998219013214111,
          "acoustic_entropy_side": 5.001840591430664,
          "hz": 129.47220167065723
        },
        {
          "acoustic_entropy": 4.8092851638793945,
          "acoustic_entropy_side": 5.006937503814697,
          "hz": 202.92927478742237
        },
        {
          "acoustic_entropy": 5.173830032348633,
          "acoustic_entropy_side": 5.0415520668029785,
          "hz": 282.89161906338205
        },
        {
          "acoustic_entropy": 5.2252936363220215,
          "acoustic_entropy_side": 5.008172512054443,
          "hz": 369.9353335868758
        },
        {
          "acoustic_entropy": 5.311366558074951,
          "acoustic_entropy_side": 5.051070690155029,
          "hz": 464.6875360973435
        },
        {
          "acoustic_entropy": 5.728529453277588,
          "acoustic_entropy_side": 5.169316291809082,
          "hz": 567.8308811364784
        },
        {
          "acoustic_entropy": 5.381113052368164,
          "acoustic_entropy_side": 5.102657794952393,
          "hz": 680.1084783214808
        },
        {
          "acoustic_entropy": 5.319311618804932,
          "acoustic_entropy_side": 5.251310348510742,
          "hz": 802.3292461747484
        },
        {
          "acoustic_entropy": 5.334471702575684,
          "acoustic_entropy_side": 5.285783767700195,
          "hz": 935.3737400823702
        },
        {
          "acoustic_entropy": 4.868972301483154,
          "acoustic_entropy_side": 5.017573356628418,
          "hz": 1080.2004963696966
        },
        {
          "acoustic_entropy": 5.177956581115723,
          "acoustic_entropy_side": 5.0105719566345215,
          "hz": 1237.8529382007157
        },
        {
          "acoustic_entropy": 5.502099514007568,
          "acoustic_entropy_side": 5.078056812286377,
          "hz": 1409.4668930556702
        },
        {
          "acoustic_entropy": 5.331684589385986,
          "acoustic_entropy_side": 5.05175256729126,
          "hz": 1596.2787759475705
        },
        {
          "acoustic_entropy": 4.7548699378967285,
          "acoustic_entropy_side": 5.278773307800293,
          "hz": 1799.6344973346393
        },
        {
          "acoustic_entropy": 5.207861423492432,
          "acoustic_entropy_side": 5.155466079711914,
          "hz": 2020.9991599069049
        },
        {
          "acoustic_entropy": 4.732341766357422,
          "acoustic_entropy_side": 5.040216445922852,
          "hz": 2261.9676141086993
        },
        {
          "acoustic_entropy": 4.8114824295043945,
          "acoustic_entropy_side": 5.008606910705566,
          "hz": 2524.2759484456974
        },
        {
          "acoustic_entropy": 4.907165050506592,
          "acoustic_entropy_side": 4.99700403213501,
          "hz": 2809.813997359896
        },
        {
          "acoustic_entropy": 4.949693202972412,
          "acoustic_entropy_side": 4.987240791320801,
          "hz": 3120.6389567871424
        },
        {
          "acoustic_entropy": 4.8482232093811035,
          "acoustic_entropy_side": 4.973626136779785,
          "hz": 3458.990205492291
        },
        {
          "acoustic_entropy": 4.856680870056152,
          "acoustic_entropy_side": 4.977389335632324,
          "hz": 3827.305438964164
        },
        {
          "acoustic_entropy": 4.716521263122559,
          "acoustic_entropy_side": 4.923701763153076,
          "hz": 4228.238232109126
        },
        {
          "acoustic_entropy": 4.694648742675781,
          "acoustic_entropy_side": 4.911434173583984,
          "hz": 4664.6771572759235
        },
        {
          "acoustic_entropy": 4.782830238342285,
          "acoustic_entropy_side": 4.950649261474609,
          "hz": 5139.766595350093
        },
        {
          "acoustic_entropy": 4.739303112030029,
          "acoustic_entropy_side": 4.929355621337891,
          "hz": 5656.929389854203
        },
        {
          "acoustic_entropy": 4.6925530433654785,
          "acoustic_entropy_side": 4.913826942443848,
          "hz": 6219.891507268283
        },
        {
          "acoustic_entropy": 4.658660411834717,
          "acoustic_entropy_side": 4.918340682983398,
          "hz": 6832.70888123896
        },
        {
          "acoustic_entropy": 4.749757289886475,
          "acoustic_entropy_side": 4.956114768981934,
          "hz": 7499.796634079867
        },
        {
          "acoustic_entropy": 4.924925804138184,
          "acoustic_entropy_side": 4.981319904327393,
          "hz": 8225.96088609342
        },
        {
          "acoustic_entropy": 4.952477931976318,
          "acoustic_entropy_side": 4.977730751037598,
          "hz": 9016.43338188839
        },
        {
          "acoustic_entropy": 5.0211944580078125,
          "acoustic_entropy_side": 4.982455730438232,
          "hz": 9876.909183162974
        },
        {
          "acoustic_entropy": 4.972165584564209,
          "acoustic_entropy_side": 4.987328052520752,
          "hz": 10813.587699516042
        },
        {
          "acoustic_entropy": 4.821542739868164,
          "acoustic_entropy_side": 4.996860504150391,
          "hz": 11833.21735289826
        },
        {
          "acoustic_entropy": 4.44296932220459,
          "acoustic_entropy_side": 5.000044345855713,
          "hz": 12943.144197493959
        },
        {
          "acoustic_entropy": 4.809436321258545,
          "acoustic_entropy_side": 5.000271797180176,
          "hz": 14151.364845322005
        },
        {
          "acoustic_entropy": 5.0007524490356445,
          "acoustic_entropy_side": 5.003460884094238,
          "hz": 15466.58407886509
        },
        {
          "acoustic_entropy": 5.01450252532959,
          "acoustic_entropy_side": 5.004088878631592,
          "hz": 16898.27756580493
        },
        {
          "acoustic_entropy": 5.012596130371094,
          "acoustic_entropy_side": 5.002861499786377,
          "hz": 18456.760127700032
        },
        {
          "acoustic_entropy": 5.006580352783203,
          "acoustic_entropy_side": 5.002322673797607,
          "hz": 20153.260054456492
        },
        {
          "acoustic_entropy": 5.002230644226074,
          "acoustic_entropy_side": 5.001870155334473,
          "hz": 22000.00000000001
        }
      ],
      "diff_acoustic_entropy": 7.062407970428467,
      "sn": 6
    },
    {
      "acoustic_entropy": 9.106093406677246,
      "acoustic_entropy_mono": 8.878958702087402,
      "band_eliminated_acoustic_entropies": [
        {
          "acoustic_entropy": 8.699764251708984,
          "acoustic_entropy_side": 9.10610294342041,
          "hz": 129.47220167065723
        },
        {
          "acoustic_entropy": 8.786699295043945,
          "acoustic_entropy_side": 9.112334251403809,
          "hz": 202.92927478742237
        },
        {
          "acoustic_entropy": 9.118599891662598,
          "acoustic_entropy_side": 9.066353797912598,
          "hz": 282.89161906338205
        },
        {
          "acoustic_entropy": 9.050990104675293,
          "acoustic_entropy_side": 8.903595924377441,
          "hz": 369.9353335868758
        },
        {
          "acoustic_entropy": 9.341017723083496,
          "acoustic_entropy_side": 9.097429275512695,
          "hz": 464.6875360973435
        },
        {
          "acoustic_entropy": 8.986722946166992,
          "acoustic_entropy_side": 9.133421897888184,
          "hz": 567.8308811364784
        },
        {
          "acoustic_entropy": 8.736598014831543,
          "acoustic_entropy_side": 9.223223686218262,
          "hz": 680.1084783214808
        },
        {
          "acoustic_entropy": 9.094451904296875,
          "acoustic_entropy_side": 9.009729385375977,
          "hz": 802.3292461747484
        },
        {
          "acoustic_entropy": 9.130173683166504,
          "acoustic_entropy_side": 8.9382963180542,
          "hz": 935.3737400823702
        },
        {
          "acoustic_entropy": 8.918757438659668,
          "acoustic_entropy_side": 9.167327880859375,
          "hz": 1080.2004963696966
        },
        {
          "acoustic_entropy": 9.372172355651855,
          "acoustic_entropy_side": 9.158648490905762,
          "hz": 1237.8529382007157
        },
        {
          "acoustic_entropy": 9.464887619018555,
          "acoustic_entropy_side": 9.15577507019043,
          "hz": 1409.4668930556702
        },
        {
          "acoustic_entropy": 9.020936012268066,
          "acoustic_entropy_side": 9.076236724853516,
          "hz": 1596.2787759475705
        },
        {
          "acoustic_entropy": 8.78618335723877,
          "acoustic_entropy_side": 8.743130683898926,
          "hz": 1799.6344973346393
        },
        {
          "acoustic_entropy": 8.97176456451416,
          "acoustic_entropy_side": 8.555357933044434,
          "hz": 2020.9991599069049
        },
        {
          "acoustic_entropy": 9.122942924499512,
          "acoustic_entropy_side": 8.993830680847168,
          "hz": 2261.9676141086993
        },
        {
          "acoustic_entropy": 9.116720199584961,
          "acoustic_entropy_side": 9.096683502197266,
          "hz": 2524.2759484456974
        },
        {
          "acoustic_entropy": 9.299291610717773,
          "acoustic_entropy_side": 9.136828422546387,
          "hz": 2809.813997359896
        },
        {
          "acoustic_entropy": 9.183791160583496,
          "acoustic_entropy_side": 9.135202407836914,
          "hz": 3120.6389567871424
        },
        {
          "acoustic_entropy": 9.005881309509277,
          "acoustic_entropy_side": 9.174887657165527,
          "hz": 3458.990205492291
        },
        {
          "acoustic_entropy": 9.05374526977539,
          "acoustic_entropy_side": 9.171853065490723,
          "hz": 3827.305438964164
        },
        {
          "acoustic_entropy": 9.09093952178955,
          "acoustic_entropy_side": 9.171266555786133,
          "hz": 4228.238232109126
        },
        {
          "acoustic_entropy": 8.976089477539062,
          "acoustic_entropy_side": 9.12371826171875,
          "hz": 4664.6771572759235
        },
        {
          "acoustic_entropy": 9.123754501342773,
          "acoustic_entropy_side": 9.151981353759766,
          "hz": 5139.766595350093
        },
        {
          "acoustic_entropy": 9.10669994354248,
          "acoustic_entropy_side": 9.164130210876465,
          "hz": 5656.929389854203
        },
        {
          "acoustic_entropy": 9.00391674041748,
          "acoustic_entropy_side": 9.13102912902832,
          "hz": 6219.891507268283
        },
        {
          "acoustic_entropy": 9.014506340026855,
          "acoustic_entropy_side": 9.12734603881836,
          "hz": 6832.70888123896
        },
        {
          "acoustic_entropy": 9.075984954833984,
          "acoustic_entropy_side": 9.14619255065918,
          "hz": 7499.796634079867
        },
        {
          "acoustic_entropy": 9.094602584838867,
          "acoustic_entropy_side": 9.130578994750977,
          "hz": 8225.96088609342
        },
        {
          "acoustic_entropy": 9.087703704833984,
          "acoustic_entropy_side": 9.137455940246582,
          "hz": 9016.43338188839
        },
        {
          "acoustic_entropy": 9.170628547668457,
          "acoustic_entropy_side": 9.124826431274414,
          "hz": 9876.909183162974
        },
        {
          "acoustic_entropy": 9.119455337524414,
          "acoustic_entropy_side": 9.053525924682617,
          "hz": 10813.587699516042
        },
        {
          "acoustic_entropy": 9.02617073059082,
          "acoustic_entropy_side": 9.066452026367188,
          "hz": 11833.21735289826
        },
        {
          "acoustic_entropy": 8.868204116821289,
          "acoustic_entropy_side": 9.038722038269043,
          "hz": 12943.144197493959
        },
        {
          "acoustic_entropy": 8.875731468200684,
          "acoustic_entropy_side": 9.050948143005371,
          "hz": 14151.364845322005
        },
        {
          "acoustic_entropy": 9.007189750671387,
          "acoustic_entropy_side": 9.085558891296387,
          "hz": 15466.58407886509
        },
        {
          "acoustic_entropy": 9.062528610229492,
          "acoustic_entropy_side": 9.090126991271973,
          "hz": 16898.27756580493
        },
        {
          "acoustic_entropy": 9.112754821777344,
          "acoustic_entropy_side": 9.104413032531738,
          "hz": 18456.760127700032
        },
        {
          "acoustic_entropy": 9.092577934265137,
          "acoustic_entropy_side": 9.102616310119629,
          "hz": 20153.260054456492
        },
        {
          "acoustic_entropy": 9.105175018310547,
          "acoustic_entropy_side": 9.105706214904785,
          "hz": 22000.00000000001
        }
      ],
      "diff_acoustic_entropy": 9.759422302246094,
      "sn": 12
    },
    {
      "acoustic_entropy": 15.791510581970215,
      "acoustic_entropy_mono": 12.534024238586426,
      "band_eliminated_acoustic_entropies": [
        {
          "acoustic_entropy": 14.87041187286377,
          "acoustic_entropy_side": 15.797563552856445,
          "hz": 129.47220167065723
        },
        {
          "acoustic_entropy": 16.723615646362305,
          "acoustic_entropy_side": 15.768362998962402,
          "hz": 202.92927478742237
        },
        {
          "acoustic_entropy": 15.983875274658203,
          "acoustic_entropy_side": 16.292654037475586,
          "hz": 282.89161906338205
        },
        {
          "acoustic_entropy": 15.692105293273926,
          "acoustic_entropy_side": 15.702508926391602,
          "hz": 369.9353335868758
        },
        {
          "acoustic_entropy": 16.045381546020508,
          "acoustic_entropy_side": 16.21254539489746,
          "hz": 464.6875360973435
        },
        {
          "acoustic_entropy": 15.435273170471191,
          "acoustic_entropy_side": 15.58211898803711,
          "hz": 567.8308811364784
        },
        {
          "acoustic_entropy": 16.281906127929688,
          "acoustic_entropy_side": 16.288467407226562,
          "hz": 680.1084783214808
        },
        {
          "acoustic_entropy": 15.415641784667969,
          "acoustic_entropy_side": 15.83918571472168,
          "hz": 802.3292461747484
        },
        {
          "acoustic_entropy": 15.954570770263672,
          "acoustic_entropy_side": 15.97785758972168,
          "hz": 935.3737400823702
        },
        {
          "acoustic_entropy": 16.723390579223633,
          "acoustic_entropy_side": 16.544857025146484,
          "hz": 1080.2004963696966
        },
        {
          "acoustic_entropy": 15.43050479888916,
          "acoustic_entropy_side": 15.761363983154297,
          "hz": 1237.8529382007157
        },
        {
          "acoustic_entropy": 16.033843994140625,
          "acoustic_entropy_side": 16.074649810791016,
          "hz": 1409.4668930556702
        },
        {
          "acoustic_entropy": 15.706084251403809,
          "acoustic_entropy_side": 15.87714958190918,
          "hz": 1596.2787759475705
        },
        {
          "acoustic_entropy": 15.502179145812988,
          "acoustic_entropy_side": 16.218793869018555,
          "hz": 1799.6344973346393
        },
        {
          "acoustic_entropy": 15.764729499816895,
          "acoustic_entropy_side": 16.247465133666992,
          "hz": 2020.9991599069049
        },
        {
          "acoustic_entropy": 16.266910552978516,
          "acoustic_entropy_side": 16.111684799194336,
          "hz": 2261.9676141086993
        },
        {
          "acoustic_entropy": 15.525078773498535,
          "acoustic_entropy_side": 15.820585250854492,
          "hz": 2524.2759484456974
        },
        {
          "acoustic_entropy": 15.88127613067627,
          "acoustic_entropy_side": 15.836257934570312,
          "hz": 2809.813997359896
        },
        {
          "acoustic_entropy": 15.882877349853516,
