{
  "acoustic_entropy": 109.51172637939453,
  "bands": [
    {
      "high_freq": 148.1999969482422,
      "loudness": -32.17797088623047,
      "loudness_range": 15.887365341186523,
      "mid_mean": -28.491727828979492,
      "mid_to_side_loudness": -24.524702072143555,
      "mid_to_side_loudness_range": 3.391206741333008,
      "side_mean": -53.032100677490234
    },
    {
      "high_freq": 392.3793640136719,
      "loudness": -24.583070755004883,
      "loudness_range": 16.87350082397461,
      "low_freq": 148.1999969482422,
      "mid_mean": -20.907230377197266,
      "mid_to_side_loudness": -26.14969825744629,
      "mid_to_side_loudness_range": 2.8628406524658203,
      "side_mean": -47.047279357910156
    },
    {
      "high_freq": 794.6976318359375,
      "loudness": -22.35821533203125,
      "loudness_range": 14.746417045593262,
      "low_freq": 392.3793640136719,
      "mid_mean": -18.674129486083984,
      "mid_to_side_loudness": -26.57782554626465,
      "mid_to_side_loudness_range": 2.5878372192382812,
      "side_mean": -45.24583053588867
    },
    {
      "high_freq": 1457.5709228515625,
      "loudness": -31.921430587768555,
      "loudness_range": 12.473474502563477,
      "low_freq": 794.6976318359375,
      "mid_mean": -28.230607986450195,
      "mid_to_side_loudness": -26.106958389282227,
      "mid_to_side_loudness_range": 3.0245323181152344,
      "side_mean": -54.29452133178711
    },
    {
      "high_freq": 2549.74365234375,
      "loudness": -36.45412063598633,
      "loudness_range": 13.75908088684082,
      "low_freq": 1457.5709228515625,
      "mid_mean": -32.76484680175781,
      "mid_to_side_loudness": -25.38394546508789,
      "mid_to_side_loudness_range": 4.717245101928711,
      "side_mean": -57.85695266723633
    },
    {
      "high_freq": 4349.24462890625,
      "loudness": -43.64939498901367,
      "loudness_range": 12.793643951416016,
      "low_freq": 2549.74365234375,
      "mid_mean": -39.971405029296875,
      "mid_to_side_loudness": -22.37783432006836,
      "mid_to_side_loudness_range": 7.955188751220703,
      "side_mean": -61.63013458251953
    },
    {
      "high_freq": 7314.1640625,
      "loudness": -47.08407974243164,
      "loudness_range": 14.122318267822266,
      "low_freq": 4349.24462890625,
      "mid_mean": -43.46147155761719,
      "mid_to_side_loudness": -18.0875301361084,
      "mid_to_side_loudness_range": 10.224455833435059,
      "side_mean": -60.96644592285156
    },
    {
      "high_freq": 12199.2666015625,
      "loudness": -50.111637115478516,
      "loudness_range": 15.807144165039062,
      "low_freq": 7314.1640625,
      "mid_mean": -46.62550735473633,
      "mid_to_side_loudness": -13.931981086730957,
      "mid_to_side_loudness_range": 12.772981643676758,
      "side_mean": -60.130706787109375
    },
    {
      "loudness": -60.49547576904297,
      "loudness_range": 13.398792266845703,
      "low_freq": 12199.2666015625,
      "mid_mean": -57.34651184082031,
      "mid_to_side_loudness": -7.8355889320373535,
      "mid_to_side_loudness_range": 10.265997886657715,
      "side_mean": -64.10393524169922
    }
  ],
  "bands_short": [
    {
      "high_freq": 148.1999969482422,
      "loudness": -36.06962966918945,
      "loudness_range": 20.71660614013672,
      "mid_mean": -32.388092041015625,
      "mid_to_side_loudness": -24.005264282226562,
      "mid_to_side_loudness_range": 5.023532867431641,
      "side_mean": -56.111915588378906
    },
    {
      "high_freq": 392.3793640136719,
      "loudness": -25.914804458618164,
      "loudness_range": 18.147212982177734,
      "low_freq": 148.1999969482422,
      "mid_mean": -22.22708511352539,
      "mid_to_side_loudness": -26.11359405517578,
      "mid_to_side_loudness_range": 3.673919677734375,
      "side_mean": -48.313568115234375
    },
    {
      "high_freq": 794.6976318359375,
      "loudness": -23.27264404296875,
      "loudness_range": 18.9752197265625,
      "low_freq": 392.3793640136719,
      "mid_mean": -19.582876205444336,
      "mid_to_side_loudness": -26.653867721557617,
      "mid_to_side_loudness_range": 3.3565635681152344,
      "side_mean": -46.231536865234375
    },
    {
      "high_freq": 1457.5709228515625,
      "loudness": -33.37490463256836,
      "loudness_range": 17.553939819335938,
      "low_freq": 794.6976318359375,
      "mid_mean": -29.686019897460938,
      "mid_to_side_loudness": -26.021671295166016,
      "mid_to_side_loudness_range": 4.377773284912109,
      "side_mean": -55.5184326171875
    },
    {
      "high_freq": 2549.74365234375,
      "loudness": -38.813690185546875,
      "loudness_range": 17.664337158203125,
      "low_freq": 1457.5709228515625,
      "mid_mean": -35.126277923583984,
      "mid_to_side_loudness": -25.065135955810547,
      "mid_to_side_loudness_range": 7.229707717895508,
      "side_mean": -59.589454650878906
    },
    {
      "high_freq": 4349.24462890625,
      "loudness": -43.37686538696289,
      "loudness_range": 18.2364501953125,
      "low_freq": 2549.74365234375,
      "mid_mean": -39.701419830322266,
      "mid_to_side_loudness": -22.436065673828125,
      "mid_to_side_loudness_range": 9.90516471862793,
      "side_mean": -61.364994049072266
    },
    {
      "high_freq": 7314.1640625,
      "loudness": -48.1284065246582,
      "loudness_range": 15.939483642578125,
      "low_freq": 4349.24462890625,
      "mid_mean": -44.5166015625,
      "mid_to_side_loudness": -17.509151458740234,
      "mid_to_side_loudness_range": 11.165324211120605,
      "side_mean": -61.367069244384766
    },
    {
      "high_freq": 12199.2666015625,
      "loudness": -51.52337646484375,
      "loudness_range": 18.233978271484375,
      "low_freq": 7314.1640625,
      "mid_mean": -48.11405944824219,
      "mid_to_side_loudness": -12.90922737121582,
      "mid_to_side_loudness_range": 14.00870132446289,
      "side_mean": -60.53876876831055
    },
    {
      "loudness": -61.65629959106445,
      "loudness_range": 14.524333953857422,
      "low_freq": 12199.2666015625,
      "mid_mean": -58.6034049987793,
      "mid_to_side_loudness": -6.671657562255859,
      "mid_to_side_loudness_range": 10.195319175720215,
      "side_mean": -64.27519989013672
    }
  ],
  "bandwidth": 556.3074951171875,
  "channels": 2,
  "covariance": [
    [
      33.49446487426758,
      28.612253189086914,
      2.822470188140869,
      3.997469425201416,
      -0.9577733278274536,
      0.05246386677026749,
      -0.3017115592956543,
      0.4604966342449188,
      -0.7597454190254211,
      -0.4794970154762268,
      2.7411253452301025,
      1.2338486909866333,
      12.733272552490234,
      4.668304920196533,
      15.116522789001465,
      4.707157135009766,
      11.059531211853027,
      2.406503438949585
    ],
    [
      28.612253189086914,
      28.39327049255371,
      2.0687921047210693,
      3.852534770965576,
      -1.1198242902755737,
      0.4091329574584961,
      -0.24439014494419098,
      3.0450589656829834,
      -0.8038803935050964,
      1.4804867506027222,
      2.7347609996795654,
      2.683413028717041,
      11.457789421081543,
      5.618478298187256,
      13.678380012512207,
      5.840578556060791,
      11.763257026672363,
      3.2242190837860107
    ],
    [
      2.822470188140869,
      2.0687921047210693,
      34.81256103515625,
      31.939125061035156,
      0.9422255158424377,
      1.2449018955230713,
      3.11340594291687,
      2.205232620239258,
      11.658490180969238,
      8.900497436523438,
      3.2523610591888428,
      1.773614764213562,
      1.3101497888565063,
      0.8625502586364746,
      2.190768241882324,
      1.041385531425476,
      2.00215482711792,
      0.3392067551612854
    ],
    [
      3.997469425201416,
      3.852534770965576,
      31.939125061035156,
      30.84425163269043,
      1.5645476579666138,
      2.645350456237793,
      3.4193689823150635,
      3.339479446411133,
      11.575838088989258,
      9.310254096984863,
      3.727764844894409,
      2.2684152126312256,
      2.2691991329193115,
      1.2750155925750732,
      3.29109263420105,
      1.3952066898345947,
      2.7552907466888428,
      0.538079559803009
    ],
    [
      -0.9577733278274536,
      -1.1198242902755737,
      0.9422255158424377,
      1.5645476579666138,
      27.148069381713867,
      26.27263832092285,
      11.359075546264648,
      10.517314910888672,
      11.807212829589844,
      8.250232696533203,
      7.216741561889648,
      2.757214069366455,
      0.7692872881889343,
      0.2467590570449829,
      1.3364806175231934,
      0.5764271020889282,
      0.8871913552284241,
      0.21237261593341827
    ],
    [
      0.05246386677026749,
      0.4091329574584961,
      1.2449018955230713,
      2.645350456237793,
      26.27263832092285,
      26.849720001220703,
      11.251506805419922,
      11.258806228637695,
      11.923492431640625,
      9.042033195495605,
      7.397274017333984,
      3.321418046951294,
      1.5152746438980103,
      0.7042024731636047,
      2.199321985244751,
      0.9351164102554321,
      1.5590753555297852,
      0.38455265760421753
    ],
    [
      -0.3017115592956543,
      -0.24439014494419098,
      3.11340594291687,
      3.4193689823150635,
      11.359075546264648,
      11.251506805419922,
      20.38408851623535,
      18.30073356628418,
      10.501294136047363,
      7.2762956619262695,
      10.31621265411377,
      4.506195545196533,
      2.4915454387664795,
      1.1008007526397705,
      2.837571859359741,
      1.2540876865386963,
      2.0478320121765137,
      0.5140648484230042
    ],
    [
      0.4604966342449188,
      3.0450589656829834,
      2.205232620239258,
      3.339479446411133,
      10.517314910888672,
      11.258806228637695,
      18.30073356628418,
      19.427953720092773,
      9.348236083984375,
      8.808455467224121,
      9.496798515319824,
      5.87550163269043,
      3.0187947750091553,
      2.731994390487671,
      3.3607053756713867,
      2.8236920833587646,
      3.9796347618103027,
      1.4414242506027222
    ],
    [
      -0.7597454190254211,
      -0.8038803935050964,
      11.658490180969238,
      11.575838088989258,
      11.807212829589844,
      11.923492431640625,
      10.501294136047363,
      9.348236083984375,
      22.677343368530273,
      17.10964012145996,
      12.310333251953125,
      5.392836093902588,
      3.5351030826568604,
      1.2655178308486938,
      3.1657307147979736,
      1.2328921556472778,
      2.05507493019104,
      0.5216711759567261
    ],
    [
      -0.4794970154762268,
      1.4804867506027222,
      8.900497436523438,
      9.310254096984863,
      8.250232696533203,
      9.042033195495605,
      7.2762956619262695,
      8.808455467224121,
      17.10964012145996,
      15.724976539611816,
      9.333847045898438,
      6.191321849822998,
      2.8314154148101807,
      2.6748111248016357,
      2.4627747535705566,
      2.4831111431121826,
      2.8940515518188477,
      1.3341352939605713
    ],
    [
      2.7411253452301025,
      2.7347609996795654,
      3.2523610591888428,
      3.727764844894409,
      7.216741561889648,
      7.397274017333984,
      10.31621265411377,
      9.496798515319824,
      12.310333251953125,
      9.333847045898438,
      18.939044952392578,
      8.568132400512695,
      8.965267181396484,
      3.6512532234191895,
      8.731300354003906,
      3.5265614986419678,
      6.920747756958008,
      1.8444925546646118
    ],
    [
      1.2338486909866333,
      2.683413028717041,
      1.773614764213562,
      2.2684152126312256,
      2.757214069366455,
      3.321418046951294,
      4.506195545196533,
      5.87550163269043,
      5.392836093902588,
      6.191321849822998,
      8.568132400512695,
      6.480745792388916,
      3.876843214035034,
      3.4544341564178467,
      3.6855762004852295,
      3.2347309589385986,
      3.7998902797698975,
      1.8741899728775024
    ],
    [
      12.733272552490234,
      11.457789421081543,
      1.3101497888565063,
      2.2691991329193115,
      0.7692872881889343,
      1.5152746438980103,
      2.4915454387664795,
      3.0187947750091553,
      3.5351030826568604,
      2.8314154148101807,
      8.965267181396484,
      3.876843214035034,
      24.74899673461914,
      9.420124053955078,
      26.474393844604492,
      8.865653038024902,
      20.61270523071289,
      4.824758052825928
    ],
    [
      4.668304920196533,
      5.618478298187256,
      0.8625502586364746,
      1.2750155925750732,
      0.2467590570449829,
      0.7042024731636047,
      1.1008007526397705,
      2.731994390487671,
      1.2655178308486938,
      2.6748111248016357,
      3.6512532234191895,
      3.4544341564178467,
      9.420124053955078,
      6.248035430908203,
      10.247743606567383,
      6.08868932723999,
      9.40832805633545,
      3.6534512042999268
    ],
    [
      15.116522789001465,
      13.678380012512207,
      2.190768241882324,
      3.29109263420105,
      1.3364806175231934,
      2.199321985244751,
      2.837571859359741,
      3.3607053756713867,
      3.1657307147979736,
      2.4627747535705566,
      8.731300354003906,
      3.6855762004852295,
      26.474393844604492,
      10.247743606567383,
      31.370115280151367,
      10.311476707458496,
      24.563661575317383,
      5.597339153289795
    ],
    [
      4.707157135009766,
      5.840578556060791,
      1.041385531425476,
      1.3952066898345947,
      0.5764271020889282,
      0.9351164102554321,
      1.2540876865386963,
      2.8236920833587646,
      1.2328921556472778,
      2.4831111431121826,
      3.5265614986419678,
      3.2347309589385986,
      8.865653038024902,
      6.08868932723999,
      10.311476707458496,
      6.397835731506348,
      9.82165241241455,
      3.926161050796509
    ],
    [
      11.059531211853027,
      11.763257026672363,
      2.00215482711792,
      2.7552907466888428,
      0.8871913552284241,
      1.5590753555297852,
      2.0478320121765137,
      3.9796347618103027,
      2.05507493019104,
      2.8940515518188477,
      6.920747756958008,
      3.7998902797698975,
      20.61270523071289,
      9.40832805633545,
      24.563661575317383,
      9.82165241241455,
      23.25873565673828,
      5.843778133392334
    ],
    [
      2.406503438949585,
      3.2242190837860107,
      0.3392067551612854,
      0.538079559803009,
      0.21237261593341827,
      0.38455265760421753,
      0.5140648484230042,
      1.4414242506027222,
      0.5216711759567261,
      1.3341352939605713,
      1.8444925546646118,
      1.8741899728775024,
      4.824758052825928,
      3.6534512042999268,
      5.597339153289795,
      3.926161050796509,
      5.843778133392334,
      2.729168176651001
    ]
  ],
  "covariance_short": [
    [
      50.026798248291016,
      40.534934997558594,
      8.79898738861084,
      9.655412673950195,
      -1.2320196628570557,
      -0.36502426862716675,
      -0.34621042013168335,
      0.28715553879737854,
      -2.2599241733551025,
      -1.5389423370361328,
      0.6183578968048096,
      0.24109433591365814,
      13.063359260559082,
      4.905327320098877,
      16.686338424682617,
      5.1814117431640625,
      11.428589820861816,
      2.682258367538452
    ],
    [
      40.534934997558594,
      37.22650909423828,
      6.29451847076416,
      8.43252182006836,
      -2.1750383377075195,
      -0.09784405678510666,
      -0.6893776059150696,
      2.439246416091919,
      -2.390536069869995,
      0.34858736395835876,
      0.31382861733436584,
      1.6213849782943726,
      11.062575340270996,
      5.430422782897949,
      14.300436973571777,
      5.715310096740723,
      11.08164119720459,
      3.1329832077026367
    ],
    [
      8.79898738861084,
      6.29451847076416,
      39.4312744140625,
      36.12538528442383,
      9.543383598327637,
      9.462464332580566,
      7.236337661743164,
      5.754765510559082,
      14.145085334777832,
      9.818354606628418,
      10.712764739990234,
      5.265939712524414,
      4.755416393280029,
      2.329000234603882,
      6.762062072753906,
      2.6063461303710938,
      5.609959125518799,
      1.2603932619094849
    ],
    [
      9.655412673950195,
      8.43252182006836,
      36.12538528442383,
      35.96809768676758,
      9.761861801147461,
      11.547988891601562,
      7.497216701507568,
      7.434370517730713,
      13.866422653198242,
      10.661925315856934,
      10.868557929992676,
      5.919349670410156,
      5.570425033569336,
      2.8727893829345703,
      7.654594421386719,
      3.053602695465088,
      6.211547374725342,
      1.5244261026382446
    ],
    [
      -1.2320196628570557,
      -2.1750383377075195,
      9.543383598327637,
      9.761861801147461,
      43.28770446777344,
      41.728187561035156,
      21.38373374938965,
      19.234464645385742,
      23.759485244750977,
      16.134401321411133,
      21.015851974487305,
      9.515205383300781,
      1.8891249895095825,
      1.0069202184677124,
      1.484550952911377,
      1.2945868968963623,
      1.5353530645370483,
      0.47645318508148193
    ],
    [
      -0.36502426862716675,
      -0.09784405678510666,
      9.462464332580566,
      11.547988891601562,
      41.728187561035156,
      42.997802734375,
      21.20772933959961,
      20.531404495239258,
      23.63922691345215,
      17.268938064575195,
      21.078502655029297,
      10.325445175170898,
      2.860598087310791,
      1.71919584274292,
      2.576988935470581,
      1.833540678024292,
      2.3055877685546875,
      0.7557379603385925
    ],
    [
      -0.34621042013168335,
      -0.6893776059150696,
      7.236337661743164,
      7.497216701507568,
      21.38373374938965,
      21.20772933959961,
      35.17851257324219,
      30.294708251953125,
      22.78837776184082,
      15.586163520812988,
      17.73956298828125,
      7.9605326652526855,
      4.2667341232299805,
      1.9742181301116943,
      3.536353826522827,
      1.946866750717163,
      2.8620381355285645,
      0.865664005279541
    ],
    [
      0.28715553879737854,
      2.439246416091919,
      5.754765510559082,
      7.434370517730713,
      19.234464645385742,
      20.531404495239258,
      30.294708251953125,
      29.901277542114258,
      20.02823829650879,
      16.349225997924805,
      15.99120044708252,
      9.294473648071289,
      4.4212446212768555,
      3.590526580810547,
      3.919240713119507,
      3.415241003036499,
      4.235247611999512,
      1.731884241104126
    ],
    [
      -2.2599241733551025,
      -2.390536069869995,
      14.145085334777832,
      13.866422653198242,
      23.759485244750977,
      23.63922691345215,
      22.78837776184082,
      20.02823829650879,
      34.24998474121094,
      24.04694175720215,
      25.31692123413086,
      12.131268501281738,
      4.481373310089111,
      2.033536911010742,
      3.1593613624572754,
      1.9279439449310303,
      2.6233556270599365,
      0.9134860634803772
    ],
    [
      -1.5389423370361328,
      0.34858736395835876,
      9.818354606628418,
      10.661925315856934,
      16.134401321411133,
      17.268938064575195,
      15.586163520812988,
      16.349225997924805,
      24.04694175720215,
      21.27617073059082,
      18.231796264648438,
      11.762179374694824,
      2.806727409362793,
      3.2964017391204834,
      1.6697105169296265,
      2.899416208267212,
      2.321756601333618,
      1.5929453372955322
    ],
    [
      0.6183578968048096,
      0.31382861733436584,
      10.712764739990234,
      10.868557929992676,
      21.015851974487305,
      21.078502655029297,
      17.73956298828125,
      15.99120044708252,
      25.31692123413086,
      18.231796264648438,
      36.551780700683594,
      18.31822395324707,
      10.43372917175293,
      4.395465850830078,
      9.133138656616211,
      3.976515769958496,
      7.19873046875,
      2.0501785278320312
    ],
    [
      0.24109433591365814,
      1.6213849782943726,
      5.265939712524414,
      5.919349670410156,
      9.515205383300781,
      10.325445175170898,
      7.9605326652526855,
      9.294473648071289,
      12.131268501281738,
      11.762179374694824,
      18.31822395324707,
      13.57839298248291,
      4.135974884033203,
      4.278336048126221,
      3.2064402103424072,
      3.7389914989471436,
      3.2667899131774902,
      2.177191972732544
    ],
    [
      13.063359260559082,
      11.062575340270996,
      4.755416393280029,
      5.570425033569336,
      1.8891249895095825,
      2.860598087310791,
      4.2667341232299805,
      4.4212446212768555,
      4.481373310089111,
      2.806727409362793,
      10.43372917175293,
      4.135974884033203,
      28.999652862548828,
      10.408673286437988,
      31.052978515625,
      9.727313041687012,
      22.733396530151367,
      5.280649662017822
    ],
    [
      4.905327320098877,
      5.430422782897949,
      2.329000234603882,
      2.8727893829345703,
      1.0069202184677124,
      1.71919584274292,
      1.9742181301116943,
      3.590526580810547,
      2.033536911010742,
      3.2964017391204834,
      4.395465850830078,
      4.278336048126221,
      10.408673286437988,
      7.374804496765137,
      11.424689292907715,
      6.8923821449279785,
      9.880438804626465,
      4.134445667266846
    ],
    [
      16.686338424682617,
      14.300436973571777,
      6.762062072753906,
      7.654594421386719,
      1.484550952911377,
      2.576988935470581,
      3.536353826522827,
      3.919240713119507,
      3.1593613624572754,
      1.6697105169296265,
      9.133138656616211,
      3.2064402103424072,
      31.052978515625,
      11.424689292907715,
      38.3715705871582,
      11.721866607666016,
      28.016637802124023,
      6.294926643371582
    ],
    [
      5.1814117431640625,
      5.715310096740723,
      2.6063461303710938,
      3.053602695465088,
      1.2945868968963623,
      1.833540678024292,
      1.946866750717163,
      3.415241003036499,
      1.9279439449310303,
      2.899416208267212,
      3.976515769958496,
      3.7389914989471436,
      9.727313041687012,
      6.8923821449279785,
      11.721866607666016,
      7.3542327880859375,
      10.492615699768066,
      4.449726104736328
    ],
    [
      11.428589820861816,
      11.08164119720459,
      5.609959125518799,
      6.211547374725342,
      1.5353530645370483,
      2.3055877685546875,
      2.8620381355285645,
      4.235247611999512,
      2.6233556270599365,
      2.321756601333618,
      7.19873046875,
      3.2667899131774902,
      22.733396530151367,
      9.880438804626465,
      28.016637802124023,
      10.492615699768066,
      25.214702606201172,
      6.287785530090332
    ],
    [
      2.682258367538452,
      3.1329832077026367,
      1.2603932619094849,
      1.5244261026382446,
      0.47645318508148193,
      0.7557379603385925,
      0.865664005279541,
      1.731884241104126,
      0.9134860634803772,
      1.5929453372955322,
      2.0501785278320312,
      2.177191972732544,
      5.280649662017822,
      4.134445667266846,
      6.294926643371582,
      4.449726104736328,
      6.287785530090332,
      3.2505955696105957
    ]
  ],
  "damage": -5.6699700355529785,
  "diff_bandwidth": 569.6438598632812,
  "dissonance": 4.360001733835668,
  "drr": 3.5108306407928467,
  "dynamics": 3.613744020462036,
  "format": 1245190,
  "frames": 12283904,
  "loudness": -14.557809829711914,
  "loudness_range": 7.939942359924316,
  "loudness_range_short": 13.5872802734375,
  "lowpass_true_peak_15khz": -0.694645881652832,
  "mastering3_acoustic_entropies": [
    {
      "acoustic_entropy": 8.537549018859863,
      "acoustic_entropy_mono": 8.536463737487793,
      "band_eliminated_acoustic_entropies": [
        {
          "acoustic_entropy": 8.53013801574707,
          "acoustic_entropy_side": 8.537550926208496,
          "hz": 129.47220167065723
        },
        {
          "acoustic_entropy": 7.942517280578613,
          "acoustic_entropy_side": 8.537611961364746,
          "hz": 202.92927478742237
        },
        {
          "acoustic_entropy": 8.764524459838867,
          "acoustic_entropy_side": 8.537551879882812,
          "hz": 282.89161906338205
        },
        {
          "acoustic_entropy": 8.123942375183105,
          "acoustic_entropy_side": 8.537393569946289,
          "hz": 369.9353335868758
        },
        {
          "acoustic_entropy": 8.813996315002441,
          "acoustic_entropy_side": 8.537821769714355,
          "hz": 464.6875360973435
        },
        {
          "acoustic_entropy": 8.026618003845215,
          "acoustic_entropy_side": 8.537983894348145,
          "hz": 567.8308811364784
        },
        {
          "acoustic_entropy": 7.338313579559326,
          "acoustic_entropy_side": 8.53621768951416,
          "hz": 680.1084783214808
        },
        {
          "acoustic_entropy": 8.260955810546875,
          "acoustic_entropy_side": 8.537300109863281,
          "hz": 802.3292461747484
        },
        {
          "acoustic_entropy": 8.340271949768066,
          "acoustic_entropy_side": 8.537506103515625,
          "hz": 935.3737400823702
        },
        {
          "acoustic_entropy": 8.2606201171875,
          "acoustic_entropy_side": 8.537506103515625,
          "hz": 1080.2004963696966
        },
        {
          "acoustic_entropy": 8.649524688720703,
          "acoustic_entropy_side": 8.537591934204102,
          "hz": 1237.8529382007157
        },
        {
          "acoustic_entropy": 8.426130294799805,
          "acoustic_entropy_side": 8.537554740905762,
          "hz": 1409.4668930556702
        },
        {
          "acoustic_entropy": 8.293607711791992,
          "acoustic_entropy_side": 8.537538528442383,
          "hz": 1596.2787759475705
        },
        {
          "acoustic_entropy": 8.485432624816895,
          "acoustic_entropy_side": 8.53754711151123,
          "hz": 1799.6344973346393
        },
        {
          "acoustic_entropy": 8.471626281738281,
          "acoustic_entropy_side": 8.537538528442383,
          "hz": 2020.9991599069049
        },
        {
          "acoustic_entropy": 8.529441833496094,
          "acoustic_entropy_side": 8.537548065185547,
          "hz": 2261.9676141086993
        },
        {
          "acoustic_entropy": 8.72049617767334,
          "acoustic_entropy_side": 8.537554740905762,
          "hz": 2524.2759484456974
        },
        {
          "acoustic_entropy": 8.099331855773926,
          "acoustic_entropy_side": 8.537510871887207,
          "hz": 2809.813997359896
        },
        {
          "acoustic_entropy": 8.454256057739258,
          "acoustic_entropy_side": 8.537545204162598,
          "hz": 3120.6389567871424
        },
        {
          "acoustic_entropy": 8.542198181152344,
          "acoustic_entropy_side": 8.537549018859863,
          "hz": 3458.990205492291
        },
        {
          "acoustic_entropy": 8.53417682647705,
          "acoustic_entropy_side": 8.537549018859863,
          "hz": 3827.305438964164
        },
        {
          "acoustic_entropy": 8.539514541625977,
          "acoustic_entropy_side": 8.537549018859863,
          "hz": 4228.238232109126
        },
        {
          "acoustic_entropy": 8.541173934936523,
          "acoustic_entropy_side": 8.537549018859863,
          "hz": 4664.6771572759235
        },
        {
          "acoustic_entropy": 8.543859481811523,
          "acoustic_entropy_side": 8.537549018859863,
          "hz": 5139.766595350093
        },
        {
          "acoustic_entropy": 8.54481029510498,
          "acoustic_entropy_side": 8.537549018859863,
          "hz": 5656.929389854203
        },
        {
          "acoustic_entropy": 8.547648429870605,
          "acoustic_entropy_side": 8.53754997253418,
          "hz": 6219.891507268283
        },
        {
          "acoustic_entropy": 8.547924995422363,
          "acoustic_entropy_side": 8.53754997253418,
          "hz": 6832.70888123896
        },
        {
          "acoustic_entropy": 8.550240516662598,
          "acoustic_entropy_side": 8.537553787231445,
          "hz": 7499.796634079867
        },
        {
          "acoustic_entropy": 8.551400184631348,
          "acoustic_entropy_side": 8.537554740905762,
          "hz": 8225.96088609342
        },
        {
          "acoustic_entropy": 8.549729347229004,
          "acoustic_entropy_side": 8.537553787231445,
          "hz": 9016.43338188839
        },
        {
          "acoustic_entropy": 8.547011375427246,
          "acoustic_entropy_side": 8.537552833557129,
          "hz": 9876.909183162974
        },
        {
          "acoustic_entropy": 8.544476509094238,
          "acoustic_entropy_side": 8.537551879882812,
          "hz": 10813.587699516042
        },
        {
          "acoustic_entropy": 8.542646408081055,
          "acoustic_entropy_side": 8.537551879882812,
          "hz": 11833.21735289826
        },
        {
          "acoustic_entropy": 8.54123592376709,
          "acoustic_entropy_side": 8.537550926208496,
          "hz": 12943.144197493959
        },
        {
          "acoustic_entropy": 8.538923263549805,
          "acoustic_entropy_side": 8.53754997253418,
          "hz": 14151.364845322005
        },
        {
          "acoustic_entropy": 8.537954330444336,
          "acoustic_entropy_side": 8.537549018859863,
          "hz": 15466.58407886509
        },
        {
          "acoustic_entropy": 8.537708282470703,
          "acoustic_entropy_side": 8.537549018859863,
          "hz": 16898.27756580493
        },
        {
          "acoustic_entropy": 8.5376558303833,
          "acoustic_entropy_side": 8.537549018859863,
          "hz": 18456.760127700032
        },
        {
          "acoustic_entropy": 8.537575721740723,
          "acoustic_entropy_side": 8.537549018859863,
          "hz": 20153.260054456492
        },
        {
          "acoustic_entropy": 8.537549018859863,
          "acoustic_entropy_side": 8.537549018859863,
          "hz": 22000.00000000001
        }
      ],
      "diff_acoustic_entropy": 8.08059310913086,
      "sn": 6
    },
    {
      "acoustic_entropy": 12.2597017288208,
      "acoustic_entropy_mono": 12.250761985778809,
      "band_eliminated_acoustic_entropies": [
        {
          "acoustic_entropy": 12.279938697814941,
          "acoustic_entropy_side": 12.259719848632812,
          "hz": 129.47220167065723
        },
        {
          "acoustic_entropy": 10.92076587677002,
          "acoustic_entropy_side": 12.25987434387207,
          "hz": 202.92927478742237
        },
        {
          "acoustic_entropy": 12.257966995239258,
          "acoustic_entropy_side": 12.259700775146484,
          "hz": 282.89161906338205
        },
        {
          "acoustic_entropy": 10.892056465148926,
          "acoustic_entropy_side": 12.257987022399902,
          "hz": 369.9353335868758
        },
        {
          "acoustic_entropy": 11.468746185302734,
          "acoustic_entropy_side": 12.2628755569458,
          "hz": 464.6875360973435
        },
        {
          "acoustic_entropy": 11.2783842086792,
          "acoustic_entropy_side": 12.251235008239746,
          "hz": 567.8308811364784
        },
        {
          "acoustic_entropy": 11.00342082977295,
          "acoustic_entropy_side": 12.259757041931152,
          "hz": 680.1084783214808
        },
        {
          "acoustic_entropy": 11.999260902404785,
          "acoustic_entropy_side": 12.260525703430176,
          "hz": 802.3292461747484
        },
        {
          "acoustic_entropy": 11.783599853515625,
          "acoustic_entropy_side": 12.260022163391113,
          "hz": 935.3737400823702
        },
        {
          "acoustic_entropy": 10.934499740600586,
          "acoustic_entropy_side": 12.258707046508789,
          "hz": 1080.2004963696966
        },
        {
          "acoustic_entropy": 11.587811470031738,
          "acoustic_entropy_side": 12.259729385375977,
          "hz": 1237.8529382007157
        },
        {
          "acoustic_entropy": 11.659745216369629,
          "acoustic_entropy_side": 12.259671211242676,
          "hz": 1409.4668930556702
        },
        {
          "acoustic_entropy": 11.612523078918457,
          "acoustic_entropy_side": 12.259724617004395,
          "hz": 1596.2787759475705
        },
        {
          "acoustic_entropy": 12.339024543762207,
          "acoustic_entropy_side": 12.25970458984375,
          "hz": 1799.6344973346393
        },
        {
          "acoustic_entropy": 12.869620323181152,
          "acoustic_entropy_side": 12.259881019592285,
          "hz": 2020.9991599069049
        },
        {
          "acoustic_entropy": 12.04771614074707,
          "acoustic_entropy_side": 12.259711265563965,
          "hz": 2261.9676141086993
        },
        {
          "acoustic_entropy": 12.115026473999023,
          "acoustic_entropy_side": 12.259779930114746,
          "hz": 2524.2759484456974
        },
        {
          "acoustic_entropy": 11.808222770690918,
          "acoustic_entropy_side": 12.259846687316895,
          "hz": 2809.813997359896
        },
        {
          "acoustic_entropy": 12.12484359741211,
          "acoustic_entropy_side": 12.259696006774902,
          "hz": 3120.6389567871424
        },
        {
          "acoustic_entropy": 12.226984024047852,
          "acoustic_entropy_side": 12.259703636169434,
          "hz": 3458.990205492291
        },
        {
          "acoustic_entropy": 12.2583589553833,
          "acoustic_entropy_side": 12.2597017288208,
          "hz": 3827.305438964164
        },
        {
          "acoustic_entropy": 12.228565216064453,
          "acoustic_entropy_side": 12.259700775146484,
          "hz": 4228.238232109126
        },
        {
          "acoustic_entropy": 12.0474214553833,
          "acoustic_entropy_side": 12.259697914123535,
          "hz": 4664.6771572759235
        },
        {
          "acoustic_entropy": 11.993699073791504,
          "acoustic_entropy_side": 12.259695053100586,
          "hz": 5139.766595350093
        },
        {
          "acoustic_entropy": 11.992891311645508,
          "acoustic_entropy_side": 12.259690284729004,
          "hz": 5656.929389854203
        },
        {
          "acoustic_entropy": 12.014714241027832,
          "acoustic_entropy_side": 12.259675979614258,
          "hz": 6219.891507268283
        },
        {
          "acoustic_entropy": 12.014966011047363,
          "acoustic_entropy_side": 12.259673118591309,
          "hz": 6832.70888123896
        },
        {
          "acoustic_entropy": 12.142645835876465,
          "acoustic_entropy_side": 12.259631156921387,
          "hz": 7499.796634079867
        },
        {
          "acoustic_entropy": 12.173232078552246,
          "acoustic_entropy_side": 12.259591102600098,
          "hz": 8225.96088609342
        },
        {
          "acoustic_entropy": 12.050132751464844,
          "acoustic_entropy_side": 12.259629249572754,
          "hz": 9016.43338188839
        },
        {
          "acoustic_entropy": 11.995434761047363,
          "acoustic_entropy_side": 12.259647369384766,
          "hz": 9876.909183162974
        },
        {
          "acoustic_entropy": 12.06404972076416,
          "acoustic_entropy_side": 12.259657859802246,
          "hz": 10813.587699516042
        },
        {
          "acoustic_entropy": 12.153531074523926,
          "acoustic_entropy_side": 12.259659767150879,
          "hz": 11833.21735289826
        },
        {
          "acoustic_entropy": 12.197696685791016,
          "acoustic_entropy_side": 12.259664535522461,
          "hz": 12943.144197493959
        },
        {
          "acoustic_entropy": 12.240877151489258,
          "acoustic_entropy_side": 12.259686470031738,
          "hz": 14151.364845322005
        },
        {
          "acoustic_entropy": 12.253771781921387,
          "acoustic_entropy_side": 12.259696960449219,
          "hz": 15466.58407886509
        },
        {
          "acoustic_entropy": 12.257184982299805,
          "acoustic_entropy_side": 12.259698867797852,
          "hz": 16898.27756580493
        },
        {
          "acoustic_entropy": 12.25792407989502,
          "acoustic_entropy_side": 12.259698867797852,
          "hz": 18456.760127700032
        },
        {
          "acoustic_entropy": 12.259231567382812,
          "acoustic_entropy_side": 12.259698867797852,
          "hz": 20153.260054456492
        },
        {
          "acoustic_entropy": 12.25969409942627,
          "acoustic_entropy_side": 12.2597017288208,
          "hz": 22000.00000000001
        }
      ],
      "diff_acoustic_entropy": 10.582306861877441,
      "sn": 12
    },
    {
      "acoustic_entropy": 17.629371643066406,
      "acoustic_entropy_mono": 17.847305297851562,
      "band_eliminated_acoustic_entropies": [
        {
          "acoustic_entropy": 17.13290786743164,
          "acoustic_entropy_side": 17.629186630249023,
          "hz": 129.47220167065723
        },
        {
          "acoustic_entropy": 17.538162231445312,
          "acoustic_entropy_side": 17.62114906311035,
          "hz": 202.92927478742237
        },
        {
          "acoustic_entropy": 17.2779483795166,
          "acoustic_entropy_side": 17.61619758605957,
          "hz": 282.89161906338205
        },
        {
          "acoustic_entropy": 15.944109916687012,
          "acoustic_entropy_side": 17.54021453857422,
          "hz": 369.9353335868758
        },
        {
          "acoustic_entropy": 16.362154006958008,
          "acoustic_entropy_side": 17.65831756591797,
          "hz": 464.6875360973435
        },
        {
          "acoustic_entropy": 17.095556259155273,
          "acoustic_entropy_side": 17.387327194213867,
          "hz": 567.8308811364784
        },
        {
          "acoustic_entropy": 16.056819915771484,
          "acoustic_entropy_side": 17.87312889099121,
          "hz": 680.1084783214808
        },
        {
          "acoustic_entropy": 18.095029830932617,
          "acoustic_entropy_side": 17.52813720703125,
          "hz": 802.3292461747484
        },
        {
          "acoustic_entropy": 17.029640197753906,
          "acoustic_entropy_side": 17.71269989013672,
          "hz": 935.3737400823702
        },
        {
          "acoustic_entropy": 16.811965942382812,
          "acoustic_entropy_side": 17.58803939819336,
          "hz": 1080.2004963696966
        },
        {
          "acoustic_entropy": 16.301036834716797,
          "acoustic_entropy_side": 17.538400650024414,
          "hz": 1237.8529382007157
        },
        {
          "acoustic_entropy": 17.59151268005371,
          "acoustic_entropy_side": 17.64252471923828,
          "hz": 1409.4668930556702
        },
        {
          "acoustic_entropy": 17.0400390625,
          "acoustic_entropy_side": 17.601879119873047,
          "hz": 1596.2787759475705
        },
        {
          "acoustic_entropy": 17.778535842895508,
          "acoustic_entropy_side": 17.64374351501465,
          "hz": 1799.6344973346393
        },
        {
          "acoustic_entropy": 18.357006072998047,
          "acoustic_entropy_side": 17.643756866455078,
          "hz": 2020.9991599069049
        },
        {
          "acoustic_entropy": 17.293834686279297,
          "acoustic_entropy_side": 17.630081176757812,
          "hz": 2261.9676141086993
        },
        {
          "acoustic_entropy": 17.45766258239746,
          "acoustic_entropy_side": 17.629552841186523,
          "hz": 2524.2759484456974
        },
        {
          "acoustic_entropy": 16.568958282470703,
          "acoustic_entropy_side": 17.610902786254883,
          "hz": 2809.813997359896
        },
        {
