{
  "acoustic_entropy": 76.17835235595703,
  "bands": [
    {
      "high_freq": 148.1999969482422,
      "loudness": -22.49309539794922,
      "loudness_range": 13.316083908081055,
      "mid_mean": -20.6965274810791,
      "mid_to_side_loudness": -2.2673144340515137,
      "mid_to_side_loudness_range": 16.808427810668945,
      "side_mean": -24.13855743408203
    },
    {
      "high_freq": 392.3793640136719,
      "loudness": -24.742998123168945,
      "loudness_range": 18.08109474182129,
      "low_freq": 148.1999969482422,
      "mid_mean": -22.003311157226562,
      "mid_to_side_loudness": -6.397648334503174,
      "mid_to_side_loudness_range": 9.59815788269043,
      "side_mean": -29.201068878173828
    },
    {
      "high_freq": 794.6976318359375,
      "loudness": -35.88840866088867,
      "loudness_range": 33.65589141845703,
      "low_freq": 392.3793640136719,
      "mid_mean": -34.03404998779297,
      "mid_to_side_loudness": -4.988039970397949,
      "mid_to_side_loudness_range": 12.605224609375,
      "side_mean": -40.131568908691406
    },
    {
      "high_freq": 1457.5709228515625,
      "loudness": -46.47874069213867,
      "loudness_range": 41.494110107421875,
      "low_freq": 794.6976318359375,
      "mid_mean": -46.56183624267578,
      "mid_to_side_loudness": -4.550286293029785,
      "mid_to_side_loudness_range": 9.49446964263916,
      "side_mean": -53.18556213378906
    },
    {
      "high_freq": 2549.74365234375,
      "loudness": -49.834957122802734,
      "loudness_range": 41.580833435058594,
      "low_freq": 1457.5709228515625,
      "mid_mean": -54.37439727783203,
      "mid_to_side_loudness": -4.718449115753174,
      "mid_to_side_loudness_range": 10.148082733154297,
      "side_mean": -58.291603088378906
    },
    {
      "high_freq": 4349.24462890625,
      "loudness": -46.496360778808594,
      "loudness_range": 41.21393585205078,
      "low_freq": 2549.74365234375,
      "mid_mean": -55.750328063964844,
      "mid_to_side_loudness": -4.257894515991211,
      "mid_to_side_loudness_range": 8.680479049682617,
      "side_mean": -58.94048309326172
    },
    {
      "high_freq": 7314.1640625,
      "loudness": -43.81224822998047,
      "loudness_range": 34.16651153564453,
      "low_freq": 4349.24462890625,
      "mid_mean": -57.57093048095703,
      "mid_to_side_loudness": -3.955521821975708,
      "mid_to_side_loudness_range": 8.464582443237305,
      "side_mean": -59.915740966796875
    },
    {
      "high_freq": 12199.2666015625,
      "loudness": -45.61354064941406,
      "loudness_range": 33.96380615234375,
      "low_freq": 7314.1640625,
      "mid_mean": -59.262046813964844,
      "mid_to_side_loudness": -3.89620304107666,
      "mid_to_side_loudness_range": 7.374176502227783,
      "side_mean": -60.872005462646484
    },
    {
      "loudness": -53.69425582885742,
      "loudness_range": 37.0571403503418,
      "low_freq": 12199.2666015625,
      "mid_mean": -60.48603057861328,
      "mid_to_side_loudness": -4.385430812835693,
      "mid_to_side_loudness_range": 6.6853132247924805,
      "side_mean": -62.07176208496094
    }
  ],
  "bands_short": [
    {
      "high_freq": 148.1999969482422,
      "loudness": -27.197856903076172,
      "loudness_range": 15.940057754516602,
      "mid_mean": -26.692913055419922,
      "mid_to_side_loudness": 0.1758563071489334,
      "mid_to_side_loudness_range": 17.99285125732422,
      "side_mean": -27.406360626220703
    },
    {
      "high_freq": 392.3793640136719,
      "loudness": -22.25486183166504,
      "loudness_range": 16.73879051208496,
      "low_freq": 148.1999969482422,
      "mid_mean": -19.862648010253906,
      "mid_to_side_loudness": -4.760997772216797,
      "mid_to_side_loudness_range": 11.331542015075684,
      "side_mean": -25.39996337890625
    },
    {
      "high_freq": 794.6976318359375,
      "loudness": -36.41085433959961,
      "loudness_range": 32.40492248535156,
      "low_freq": 392.3793640136719,
      "mid_mean": -35.15715026855469,
      "mid_to_side_loudness": -3.9050142765045166,
      "mid_to_side_loudness_range": 14.791120529174805,
      "side_mean": -39.70279312133789
    },
    {
      "high_freq": 1457.5709228515625,
      "loudness": -49.84431076049805,
      "loudness_range": 42.89139938354492,
      "low_freq": 794.6976318359375,
      "mid_mean": -51.84246826171875,
      "mid_to_side_loudness": -3.9399235248565674,
      "mid_to_side_loudness_range": 11.725818634033203,
      "side_mean": -55.236717224121094
    },
    {
      "high_freq": 2549.74365234375,
      "loudness": -54.351654052734375,
      "loudness_range": 43.9560546875,
      "low_freq": 1457.5709228515625,
      "mid_mean": -57.47277069091797,
      "mid_to_side_loudness": -4.20475959777832,
      "mid_to_side_loudness_range": 11.254281044006348,
      "side_mean": -60.80643844604492
    },
    {
      "high_freq": 4349.24462890625,
      "loudness": -51.58913803100586,
      "loudness_range": 43.95719909667969,
      "low_freq": 2549.74365234375,
      "mid_mean": -58.67723083496094,
      "mid_to_side_loudness": -3.846118450164795,
      "mid_to_side_loudness_range": 9.673243522644043,
      "side_mean": -61.41860580444336
    },
    {
      "high_freq": 7314.1640625,
      "loudness": -48.6648063659668,
      "loudness_range": 41.41023254394531,
      "low_freq": 4349.24462890625,
      "mid_mean": -60.25780487060547,
      "mid_to_side_loudness": -4.071784973144531,
      "mid_to_side_loudness_range": 9.590200424194336,
      "side_mean": -62.419681549072266
    },
    {
      "high_freq": 12199.2666015625,
      "loudness": -49.32257080078125,
      "loudness_range": 39.20428466796875,
      "low_freq": 7314.1640625,
      "mid_mean": -61.72030258178711,
      "mid_to_side_loudness": -4.154837131500244,
      "mid_to_side_loudness_range": 8.584512710571289,
      "side_mean": -63.25379180908203
    },
    {
      "loudness": -63.27119445800781,
      "loudness_range": 41.574886322021484,
      "low_freq": 12199.2666015625,
      "mid_mean": -62.454017639160156,
      "mid_to_side_loudness": -4.838489055633545,
      "mid_to_side_loudness_range": 7.802595615386963,
      "side_mean": -64.1556396484375
    }
  ],
  "bandwidth": 340.20440673828125,
  "channels": 2,
  "covariance": [
    [
      28.723388671875,
      18.091493606567383,
      23.149322509765625,
      17.535709381103516,
      14.040446281433105,
      15.979043006896973,
      5.917466163635254,
      11.433454513549805,
      8.104900360107422,
      5.022016525268555,
      7.616401672363281,
      5.002232074737549,
      7.368102073669434,
      5.3256916999816895,
      6.954888820648193,
      5.45676326751709,
      6.548122406005859,
      5.622824668884277
    ],
    [
      18.091493606567383,
      27.3801326751709,
      19.34136390686035,
      18.60565948486328,
      14.185138702392578,
      17.893247604370117,
      10.887157440185547,
      14.283499717712402,
      10.901151657104492,
      8.245723724365234,
      9.60952377319336,
      7.704275131225586,
      7.907027244567871,
      6.680781364440918,
      7.6689910888671875,
      6.811229705810547,
      6.945985794067383,
      6.603415012359619
    ],
    [
      23.149322509765625,
      19.34136390686035,
      48.55046844482422,
      44.64714050292969,
      36.59647750854492,
      39.54742431640625,
      33.27643585205078,
      42.75724792480469,
      36.336097717285156,
      29.938779830932617,
      35.61508560180664,
      29.29012680053711,
      34.14508819580078,
      28.81283187866211,
      31.699186325073242,
      27.4212646484375,
      26.39065170288086,
      24.832565307617188
    ],
    [
      17.535709381103516,
      18.60565948486328,
      44.64714050292969,
      53.46282196044922,
      33.1856803894043,
      38.86012268066406,
      32.113975524902344,
      44.328941345214844,
      37.619903564453125,
      30.581865310668945,
      36.86088180541992,
      29.030080795288086,
      35.52054977416992,
      28.31220817565918,
      31.691177368164062,
      26.14781379699707,
      24.845600128173828,
      22.76668357849121
    ],
    [
      14.040446281433105,
      14.185138702392578,
      36.59647750854492,
      33.1856803894043,
      129.85914611816406,
      95.68192291259766,
      146.997314453125,
      130.24754333496094,
      146.86148071289062,
      132.8391571044922,
      148.6095428466797,
      136.7633514404297,
      140.4603729248047,
      133.84068298339844,
      133.23037719726562,
      128.92356872558594,
      113.36954498291016,
      115.9530029296875
    ],
    [
      15.979043006896973,
      17.893247604370117,
      39.54742431640625,
      38.86012268066406,
      95.68192291259766,
      98.34801483154297,
      112.41169738769531,
      108.7405014038086,
      108.22813415527344,
      99.17341613769531,
      107.1589584350586,
      97.97367095947266,
      100.77953338623047,
      94.4825439453125,
      95.55978393554688,
      91.02869415283203,
      81.11954498291016,
      82.1103744506836
    ],
    [
      5.917466163635254,
      10.887157440185547,
      33.27643585205078,
      32.113975524902344,
      146.997314453125,
      112.41169738769531,
      214.02066040039062,
      182.30625915527344,
      208.1206512451172,
      187.24407958984375,
      211.46067810058594,
      193.87289428710938,
      199.18453979492188,
      189.13760375976562,
      187.81387329101562,
      181.50076293945312,
      156.7658233642578,
      161.20840454101562
    ],
    [
      11.433454513549805,
      14.283499717712402,
      42.75724792480469,
      44.328941345214844,
      130.24754333496094,
      108.7405014038086,
      182.30625915527344,
      180.69296264648438,
      188.05332946777344,
      169.62196350097656,
      188.3526611328125,
      171.9722900390625,
      176.05548095703125,
      165.90347290039062,
      165.4708251953125,
      158.5483856201172,
      137.74526977539062,
      140.09690856933594
    ],
    [
      8.104900360107422,
      10.901151657104492,
      36.336097717285156,
      37.619903564453125,
      146.86148071289062,
      108.22813415527344,
      208.1206512451172,
      188.05332946777344,
      233.80654907226562,
      197.35133361816406,
      239.99134826660156,
      207.1953582763672,
      227.1209259033203,
      202.97792053222656,
      207.051513671875,
      191.50576782226562,
      165.99935913085938,
      166.65576171875
    ],
    [
      5.022016525268555,
      8.245723724365234,
      29.938779830932617,
      30.581865310668945,
      132.8391571044922,
      99.17341613769531,
      187.24407958984375,
      169.62196350097656,
      197.35133361816406,
      180.78416442871094,
      204.99172973632812,
      189.7327423095703,
      194.75320434570312,
      185.55007934570312,
      184.05325317382812,
      177.73280334472656,
      153.23406982421875,
      156.9921112060547
    ],
    [
      7.616401672363281,
      9.60952377319336,
      35.61508560180664,
      36.86088180541992,
      148.6095428466797,
      107.1589584350586,
      211.46067810058594,
      188.3526611328125,
      239.99134826660156,
      204.99172973632812,
      255.8167266845703,
      220.47267150878906,
      245.20639038085938,
      218.19406127929688,
      223.62643432617188,
      205.5430145263672,
      177.4830322265625,
      178.02828979492188
    ],
    [
      5.002232074737549,
      7.704275131225586,
      29.29012680053711,
      29.030080795288086,
      136.7633514404297,
      97.97367095947266,
      193.87289428710938,
      171.9722900390625,
      207.1953582763672,
      189.7327423095703,
      220.47267150878906,
      204.26747131347656,
      211.3394012451172,
      201.42071533203125,
      199.86822509765625,
      192.84068298339844,
      165.37228393554688,
      169.58775329589844
    ],
    [
      7.368102073669434,
      7.907027244567871,
      34.14508819580078,
      35.52054977416992,
      140.4603729248047,
      100.77953338623047,
      199.18453979492188,
      176.05548095703125,
      227.1209259033203,
      194.75320434570312,
      245.20639038085938,
      211.3394012451172,
      242.45240783691406,
      213.0474853515625,
      221.30152893066406,
      198.80206298828125,
      171.66981506347656,
      170.08787536621094
    ],
    [
      5.3256916999816895,
      6.680781364440918,
      28.81283187866211,
      28.31220817565918,
      133.84068298339844,
      94.4825439453125,
      189.13760375976562,
      165.90347290039062,
      202.97792053222656,
      185.55007934570312,
      218.19406127929688,
      201.42071533203125,
      213.0474853515625,
      201.8558349609375,
      201.52560424804688,
      191.97491455078125,
      164.39212036132812,
      167.42994689941406
    ],
    [
      6.954888820648193,
      7.6689910888671875,
      31.699186325073242,
      31.691177368164062,
      133.23037719726562,
      95.55978393554688,
      187.81387329101562,
      165.4708251953125,
      207.051513671875,
      184.05325317382812,
      223.62643432617188,
      199.86822509765625,
      221.30152893066406,
      201.52560424804688,
      207.0108642578125,
      189.6138916015625,
      163.71424865722656,
      163.55712890625
    ],
    [
      5.45676326751709,
      6.811229705810547,
      27.4212646484375,
      26.14781379699707,
      128.92356872558594,
      91.02869415283203,
      181.50076293945312,
      158.5483856201172,
      191.50576782226562,
      177.73280334472656,
      205.5430145263672,
      192.84068298339844,
      198.80206298828125,
      191.97491455078125,
      189.6138916015625,
      184.83155822753906,
      158.555908203125,
      163.24374389648438
    ],
    [
      6.548122406005859,
      6.945985794067383,
      26.39065170288086,
      24.845600128173828,
      113.36954498291016,
      81.11954498291016,
      156.7658233642578,
      137.74526977539062,
      165.99935913085938,
      153.23406982421875,
      177.4830322265625,
      165.37228393554688,
      171.66981506347656,
      164.39212036132812,
      163.71424865722656,
      158.555908203125,
      137.9100341796875,
      140.9454803466797
    ],
    [
      5.622824668884277,
      6.603415012359619,
      24.832565307617188,
      22.76668357849121,
      115.9530029296875,
      82.1103744506836,
      161.20840454101562,
      140.09690856933594,
      166.65576171875,
      156.9921112060547,
      178.02828979492188,
      169.58775329589844,
      170.08787536621094,
      167.42994689941406,
      163.55712890625,
      163.24374389648438,
      140.9454803466797,
      146.69775390625
    ]
  ],
  "covariance_short": [
    [
      45.90362548828125,
      24.776613235473633,
      21.80834197998047,
      10.018698692321777,
      13.286103248596191,
      15.649778366088867,
      -1.4895073175430298,
      -2.6249208450317383,
      -6.504831314086914,
      -7.526669025421143,
      -7.23262357711792,
      -6.9610490798950195,
      -6.807704925537109,
      -6.372762203216553,
      -5.36972188949585,
      -4.857718467712402,
      -2.0141139030456543,
      -2.889568567276001
    ],
    [
      24.776613235473633,
      31.817808151245117,
      18.731090545654297,
      19.13848114013672,
      13.57650089263916,
      17.8316650390625,
      0.0029902872629463673,
      1.5547358989715576,
      -4.59837532043457,
      -4.359775066375732,
      -5.998168468475342,
      -5.165570259094238,
      -6.2550859451293945,
      -5.704819202423096,
      -4.982717514038086,
      -4.40631628036499,
      -2.422752618789673,
      -2.789433240890503
    ],
    [
      21.80834197998047,
      18.731090545654297,
      45.5899543762207,
      35.596290588378906,
      36.80651092529297,
      37.26291275024414,
      30.39046287536621,
      28.332969665527344,
      20.255531311035156,
      15.776272773742676,
      19.70671844482422,
      15.699204444885254,
      19.551828384399414,
      15.467750549316406,
      18.49124526977539,
      15.051161766052246,
      15.296388626098633,
      13.873865127563477
    ],
    [
      10.018698692321777,
      19.13848114013672,
      35.596290588378906,
      41.93103790283203,
      31.214223861694336,
      33.07478332519531,
      27.438295364379883,
      27.926382064819336,
      19.811113357543945,
      15.601770401000977,
      19.5733699798584,
      14.758848190307617,
      19.01709747314453,
      13.800542831420898,
      16.94050407409668,
      12.582257270812988,
      12.270746231079102,
      10.708642959594727
    ],
    [
      13.286103248596191,
      13.57650089263916,
      36.80651092529297,
      31.214223861694336,
      119.05493927001953,
      88.0638656616211,
      119.3138656616211,
      103.13716888427734,
      104.8453598022461,
      92.54082489013672,
      102.37178039550781,
      93.39572143554688,
      97.44668579101562,
      90.29108428955078,
      92.1916275024414,
      87.44537353515625,
      77.73355102539062,
      78.57454681396484
    ],
    [
      15.649778366088867,
      17.8316650390625,
      37.26291275024414,
      33.07478332519531,
      88.0638656616211,
      95.92594909667969,
      90.24258422851562,
      87.51611328125,
      73.95699310302734,
      69.5270004272461,
      71.18633270263672,
      66.37028503417969,
      68.55923461914062,
      63.073570251464844,
      65.52288055419922,
      61.52440643310547,
      56.102359771728516,
      56.00914764404297
    ],
    [
      -1.4895073175430298,
      0.0029902872629463673,
      30.39046287536621,
      27.438295364379883,
      119.3138656616211,
      90.24258422851562,
      212.80189514160156,
      176.63169860839844,
      182.87887573242188,
      157.09815979003906,
      178.3356170654297,
      159.18435668945312,
      166.0803680419922,
      151.1650390625,
      153.8463897705078,
      144.03195190429688,
      124.87178802490234,
      125.73922729492188
    ],
    [
      -2.6249208450317383,
      1.5547358989715576,
      28.332969665527344,
      27.926382064819336,
      103.13716888427734,
      87.51611328125,
      176.63169860839844,
      160.23931884765625,
      150.98692321777344,
      136.95840454101562,
      148.16905212402344,
      136.7992401123047,
      139.2374267578125,
      129.44699096679688,
      130.8171844482422,
      123.9437255859375,
      107.52176666259766,
      108.9405517578125
    ],
    [
      -6.504831314086914,
      -4.59837532043457,
      20.255531311035156,
      19.811113357543945,
      104.8453598022461,
      73.95699310302734,
      182.87887573242188,
      150.98692321777344,
      185.4156036376953,
      151.8087615966797,
      186.88458251953125,
      159.62188720703125,
      177.10971069335938,
      154.2455596923828,
      159.93080139160156,
      145.0664825439453,
      125.53289031982422,
      124.84209442138672
    ],
    [
      -7.526669025421143,
      -4.359775066375732,
      15.776272773742676,
      15.601770401000977,
      92.54082489013672,
      69.5270004272461,
      157.09815979003906,
      136.95840454101562,
      151.8087615966797,
      139.74887084960938,
      155.70587158203125,
      145.57492065429688,
      149.3774871826172,
      140.2830810546875,
      140.93386840820312,
      134.5364227294922,
      115.29413604736328,
      117.91805267333984
    ],
    [
      -7.23262357711792,
      -5.998168468475342,
      19.70671844482422,
      19.5733699798584,
      102.37178039550781,
      71.18633270263672,
      178.3356170654297,
      148.16905212402344,
      186.88458251953125,
      155.70587158203125,
      198.89247131347656,
      169.04257202148438,
      191.33531188964844,
      165.71873474121094,
      172.70957946777344,
      155.4991455078125,
      133.8342742919922,
      132.89649963378906
    ],
    [
      -6.9610490798950195,
      -5.165570259094238,
      15.699204444885254,
      14.758848190307617,
      93.39572143554688,
      66.37028503417969,
      159.18435668945312,
      136.7992401123047,
      159.62188720703125,
      145.57492065429688,
      169.04257202148438,
      157.9330291748047,
      164.1374969482422,
      154.18247985839844,
      154.888916015625,
      147.5335693359375,
      125.3769760131836,
      128.3717498779297
    ],
    [
      -6.807704925537109,
      -6.2550859451293945,
      19.551828384399414,
      19.01709747314453,
      97.44668579101562,
      68.55923461914062,
      166.0803680419922,
      139.2374267578125,
      177.10971069335938,
      149.3774871826172,
      191.33531188964844,
      164.1374969482422,
      192.20599365234375,
      164.87240600585938,
      174.0899200439453,
      153.17431640625,
      131.70301818847656,
      129.14488220214844
    ],
    [
      -6.372762203216553,
      -5.704819202423096,
      15.467750549316406,
      13.800542831420898,
      90.29108428955078,
      63.073570251464844,
      151.1650390625,
      129.44699096679688,
      154.2455596923828,
      140.2830810546875,
      165.71873474121094,
      154.18247985839844,
      164.87240600585938,
      154.2884063720703,
      155.7186279296875,
      146.55734252929688,
      124.17101287841797,
      126.24796295166016
    ],
    [
      -5.36972188949585,
      -4.982717514038086,
      18.49124526977539,
      16.94050407409668,
      92.1916275024414,
      65.52288055419922,
      153.8463897705078,
      130.8171844482422,
      159.93080139160156,
      140.93386840820312,
      172.70957946777344,
      154.888916015625,
      174.0899200439453,
      155.7186279296875,
      162.8931427001953,
      146.34860229492188,
      125.86644744873047,
      124.7403564453125
    ],
    [
      -4.857718467712402,
      -4.40631628036499,
      15.051161766052246,
      12.582257270812988,
      87.44537353515625,
      61.52440643310547,
      144.03195190429688,
      123.9437255859375,
      145.0664825439453,
      134.5364227294922,
      155.4991455078125,
      147.5335693359375,
      153.17431640625,
      146.55734252929688,
      146.34860229492188,
      141.6379852294922,
      120.25160217285156,
      124.00025177001953
    ],
    [
      -2.0141139030456543,
      -2.422752618789673,
      15.296388626098633,
      12.270746231079102,
      77.73355102539062,
      56.102359771728516,
      124.87178802490234,
      107.52176666259766,
      125.53289031982422,
      115.29413604736328,
      133.8342742919922,
      125.3769760131836,
      131.70301818847656,
      124.17101287841797,
      125.86644744873047,
      120.25160217285156,
      104.56814575195312,
      106.31401062011719
    ],
    [
      -2.889568567276001,
      -2.789433240890503,
      13.873865127563477,
      10.708642959594727,
      78.57454681396484,
      56.00914764404297,
      125.73922729492188,
      108.9405517578125,
      124.84209442138672,
      117.91805267333984,
      132.89649963378906,
      128.3717498779297,
      129.14488220214844,
      126.24796295166016,
      124.7403564453125,
      124.00025177001953,
      106.31401062011719,
      111.11792755126953
    ]
  ],
  "damage": -7.514071464538574,
  "diff_bandwidth": 490.2218322753906,
  "dissonance": 5.76580366950296,
  "drr": 4.925487518310547,
  "dynamics": 4.9784955978393555,
  "format": 1245190,
  "frames": 5042176,
  "loudness": -15.46751594543457,
  "loudness_range": 13.637723922729492,
  "loudness_range_short": 16.26432228088379,
  "lowpass_true_peak_15khz": 1.1602107286453247,
  "mastering3_acoustic_entropies": [
    {
      "acoustic_entropy": 6.85732889175415,
      "acoustic_entropy_mono": 6.676281452178955,
      "band_eliminated_acoustic_entropies": [
        {
          "acoustic_entropy": 6.652843475341797,
          "acoustic_entropy_side": 6.77316427230835,
          "hz": 129.47220167065723
        },
        {
          "acoustic_entropy": 5.960729122161865,
          "acoustic_entropy_side": 6.412796974182129,
          "hz": 202.92927478742237
        },
        {
          "acoustic_entropy": 7.070007801055908,
          "acoustic_entropy_side": 6.766478538513184,
          "hz": 282.89161906338205
        },
        {
          "acoustic_entropy": 6.011294841766357,
          "acoustic_entropy_side": 7.042456150054932,
          "hz": 369.9353335868758
        },
        {
          "acoustic_entropy": 6.446329116821289,
          "acoustic_entropy_side": 6.711514949798584,
          "hz": 464.6875360973435
        },
        {
          "acoustic_entropy": 6.836273193359375,
          "acoustic_entropy_side": 6.893149375915527,
          "hz": 567.8308811364784
        },
        {
          "acoustic_entropy": 6.662709712982178,
          "acoustic_entropy_side": 6.79974889755249,
          "hz": 680.1084783214808
        },
        {
          "acoustic_entropy": 6.8824357986450195,
          "acoustic_entropy_side": 6.875308036804199,
          "hz": 802.3292461747484
        },
        {
          "acoustic_entropy": 6.874973297119141,
          "acoustic_entropy_side": 6.86462926864624,
          "hz": 935.3737400823702
        },
        {
          "acoustic_entropy": 6.838148593902588,
          "acoustic_entropy_side": 6.862339973449707,
          "hz": 1080.2004963696966
        },
        {
          "acoustic_entropy": 6.848660945892334,
          "acoustic_entropy_side": 6.856528282165527,
          "hz": 1237.8529382007157
        },
        {
          "acoustic_entropy": 6.853612422943115,
          "acoustic_entropy_side": 6.8583760261535645,
          "hz": 1409.4668930556702
        },
        {
          "acoustic_entropy": 6.858953952789307,
          "acoustic_entropy_side": 6.859853267669678,
          "hz": 1596.2787759475705
        },
        {
          "acoustic_entropy": 6.854644298553467,
          "acoustic_entropy_side": 6.8587541580200195,
          "hz": 1799.6344973346393
        },
        {
          "acoustic_entropy": 6.854213237762451,
          "acoustic_entropy_side": 6.859151840209961,
          "hz": 2020.9991599069049
        },
        {
          "acoustic_entropy": 6.85397481918335,
          "acoustic_entropy_side": 6.859287261962891,
          "hz": 2261.9676141086993
        },
        {
          "acoustic_entropy": 6.851578712463379,
          "acoustic_entropy_side": 6.857663631439209,
          "hz": 2524.2759484456974
        },
        {
          "acoustic_entropy": 6.8521246910095215,
          "acoustic_entropy_side": 6.85860013961792,
          "hz": 2809.813997359896
        },
        {
          "acoustic_entropy": 6.859094142913818,
          "acoustic_entropy_side": 6.859199523925781,
          "hz": 3120.6389567871424
        },
        {
          "acoustic_entropy": 6.856817245483398,
          "acoustic_entropy_side": 6.859436511993408,
          "hz": 3458.990205492291
        },
        {
          "acoustic_entropy": 6.853021621704102,
          "acoustic_entropy_side": 6.856105327606201,
          "hz": 3827.305438964164
        },
        {
          "acoustic_entropy": 6.856269836425781,
          "acoustic_entropy_side": 6.858305931091309,
          "hz": 4228.238232109126
        },
        {
          "acoustic_entropy": 6.865791320800781,
          "acoustic_entropy_side": 6.857378959655762,
          "hz": 4664.6771572759235
        },
        {
          "acoustic_entropy": 6.882164478302002,
          "acoustic_entropy_side": 6.8546953201293945,
          "hz": 5139.766595350093
        },
        {
          "acoustic_entropy": 6.872430324554443,
          "acoustic_entropy_side": 6.855125427246094,
          "hz": 5656.929389854203
        },
        {
          "acoustic_entropy": 6.868962287902832,
          "acoustic_entropy_side": 6.855854511260986,
          "hz": 6219.891507268283
        },
        {
          "acoustic_entropy": 6.8731608390808105,
          "acoustic_entropy_side": 6.856281757354736,
          "hz": 6832.70888123896
        },
        {
          "acoustic_entropy": 6.869393348693848,
          "acoustic_entropy_side": 6.857176780700684,
          "hz": 7499.796634079867
        },
        {
          "acoustic_entropy": 6.8588409423828125,
          "acoustic_entropy_side": 6.856297492980957,
          "hz": 8225.96088609342
        },
        {
          "acoustic_entropy": 6.859299182891846,
          "acoustic_entropy_side": 6.857419967651367,
          "hz": 9016.43338188839
        },
        {
          "acoustic_entropy": 6.857332706451416,
          "acoustic_entropy_side": 6.85854959487915,
          "hz": 9876.909183162974
        },
        {
          "acoustic_entropy": 6.854605197906494,
          "acoustic_entropy_side": 6.858947277069092,
          "hz": 10813.587699516042
        },
        {
          "acoustic_entropy": 6.854744911193848,
          "acoustic_entropy_side": 6.858798980712891,
          "hz": 11833.21735289826
        },
        {
          "acoustic_entropy": 6.8567423820495605,
          "acoustic_entropy_side": 6.8590006828308105,
          "hz": 12943.144197493959
        },
        {
          "acoustic_entropy": 6.859675884246826,
          "acoustic_entropy_side": 6.858917713165283,
          "hz": 14151.364845322005
        },
        {
          "acoustic_entropy": 6.858928680419922,
          "acoustic_entropy_side": 6.858299255371094,
          "hz": 15466.58407886509
        },
        {
          "acoustic_entropy": 6.859055519104004,
          "acoustic_entropy_side": 6.858212947845459,
          "hz": 16898.27756580493
        },
        {
          "acoustic_entropy": 6.857455730438232,
          "acoustic_entropy_side": 6.857369899749756,
          "hz": 18456.760127700032
        },
        {
          "acoustic_entropy": 6.8573150634765625,
          "acoustic_entropy_side": 6.857374668121338,
          "hz": 20153.260054456492
        },
        {
          "acoustic_entropy": 6.857311248779297,
          "acoustic_entropy_side": 6.857326984405518,
          "hz": 22000.00000000001
        }
      ],
      "diff_acoustic_entropy": 4.4897284507751465,
      "sn": 6
    },
    {
      "acoustic_entropy": 9.533143043518066,
      "acoustic_entropy_mono": 8.604531288146973,
      "band_eliminated_acoustic_entropies": [
        {
          "acoustic_entropy": 9.635636329650879,
          "acoustic_entropy_side": 9.633336067199707,
          "hz": 129.47220167065723
        },
        {
          "acoustic_entropy": 8.492130279541016,
          "acoustic_entropy_side": 9.120806694030762,
          "hz": 202.92927478742237
        },
        {
          "acoustic_entropy": 9.65567398071289,
          "acoustic_entropy_side": 9.563340187072754,
          "hz": 282.89161906338205
        },
        {
          "acoustic_entropy": 8.606517791748047,
          "acoustic_entropy_side": 9.3484525680542,
          "hz": 369.9353335868758
        },
        {
          "acoustic_entropy": 8.861550331115723,
          "acoustic_entropy_side": 9.519640922546387,
          "hz": 464.6875360973435
        },
        {
          "acoustic_entropy": 9.412360191345215,
          "acoustic_entropy_side": 9.584931373596191,
          "hz": 567.8308811364784
        },
        {
          "acoustic_entropy": 9.11586856842041,
          "acoustic_entropy_side": 9.29923152923584,
          "hz": 680.1084783214808
        },
        {
          "acoustic_entropy": 9.376105308532715,
          "acoustic_entropy_side": 9.45672607421875,
          "hz": 802.3292461747484
        },
        {
          "acoustic_entropy": 9.439690589904785,
          "acoustic_entropy_side": 9.5460205078125,
          "hz": 935.3737400823702
        },
        {
          "acoustic_entropy": 9.55669116973877,
          "acoustic_entropy_side": 9.515446662902832,
          "hz": 1080.2004963696966
        },
        {
          "acoustic_entropy": 9.547958374023438,
          "acoustic_entropy_side": 9.519454002380371,
          "hz": 1237.8529382007157
        },
        {
          "acoustic_entropy": 9.53589916229248,
          "acoustic_entropy_side": 9.529210090637207,
          "hz": 1409.4668930556702
        },
        {
          "acoustic_entropy": 9.538792610168457,
          "acoustic_entropy_side": 9.523946762084961,
          "hz": 1596.2787759475705
        },
        {
          "acoustic_entropy": 9.520694732666016,
          "acoustic_entropy_side": 9.522848129272461,
          "hz": 1799.6344973346393
        },
        {
          "acoustic_entropy": 9.514016151428223,
          "acoustic_entropy_side": 9.522274017333984,
          "hz": 2020.9991599069049
        },
        {
          "acoustic_entropy": 9.517325401306152,
          "acoustic_entropy_side": 9.520424842834473,
          "hz": 2261.9676141086993
        },
        {
          "acoustic_entropy": 9.524147033691406,
          "acoustic_entropy_side": 9.516830444335938,
          "hz": 2524.2759484456974
        },
        {
          "acoustic_entropy": 9.532341003417969,
          "acoustic_entropy_side": 9.515664100646973,
          "hz": 2809.813997359896
        },
        {
          "acoustic_entropy": 9.542213439941406,
          "acoustic_entropy_side": 9.519352912902832,
          "hz": 3120.6389567871424
        },
        {
          "acoustic_entropy": 9.530272483825684,
          "acoustic_entropy_side": 9.527458190917969,
          "hz": 3458.990205492291
        },
        {
          "acoustic_entropy": 9.526294708251953,
          "acoustic_entropy_side": 9.5155029296875,
          "hz": 3827.305438964164
        },
        {
          "acoustic_entropy": 9.529532432556152,
          "acoustic_entropy_side": 9.527078628540039,
          "hz": 4228.238232109126
        },
        {
          "acoustic_entropy": 9.442861557006836,
          "acoustic_entropy_side": 9.523884773254395,
          "hz": 4664.6771572759235
        },
        {
          "acoustic_entropy": 9.492744445800781,
          "acoustic_entropy_side": 9.524842262268066,
          "hz": 5139.766595350093
        },
        {
          "acoustic_entropy": 9.279844284057617,
          "acoustic_entropy_side": 9.529698371887207,
          "hz": 5656.929389854203
        },
        {
          "acoustic_entropy": 9.385066986083984,
          "acoustic_entropy_side": 9.527430534362793,
          "hz": 6219.891507268283
        },
        {
          "acoustic_entropy": 9.428413391113281,
          "acoustic_entropy_side": 9.52489948272705,
          "hz": 6832.70888123896
        },
        {
          "acoustic_entropy": 9.200055122375488,
          "acoustic_entropy_side": 9.525532722473145,
          "hz": 7499.796634079867
        },
        {
          "acoustic_entropy": 9.414068222045898,
          "acoustic_entropy_side": 9.522390365600586,
          "hz": 8225.96088609342
        },
        {
          "acoustic_entropy": 9.32378101348877,
          "acoustic_entropy_side": 9.529058456420898,
          "hz": 9016.43338188839
        },
        {
          "acoustic_entropy": 9.43271541595459,
          "acoustic_entropy_side": 9.529596328735352,
          "hz": 9876.909183162974
        },
        {
          "acoustic_entropy": 9.519688606262207,
          "acoustic_entropy_side": 9.527841567993164,
          "hz": 10813.587699516042
        },
        {
          "acoustic_entropy": 9.523101806640625,
          "acoustic_entropy_side": 9.528491973876953,
          "hz": 11833.21735289826
        },
        {
          "acoustic_entropy": 9.523019790649414,
          "acoustic_entropy_side": 9.529119491577148,
          "hz": 12943.144197493959
        },
        {
          "acoustic_entropy": 9.51978874206543,
          "acoustic_entropy_side": 9.528950691223145,
          "hz": 14151.364845322005
        },
        {
          "acoustic_entropy": 9.52051067352295,
          "acoustic_entropy_side": 9.52731704711914,
          "hz": 15466.58407886509
        },
        {
          "acoustic_entropy": 9.519201278686523,
          "acoustic_entropy_side": 9.526597023010254,
          "hz": 16898.27756580493
        },
        {
          "acoustic_entropy": 9.510924339294434,
          "acoustic_entropy_side": 9.52377986907959,
          "hz": 18456.760127700032
        },
        {
          "acoustic_entropy": 9.519963264465332,
          "acoustic_entropy_side": 9.527875900268555,
          "hz": 20153.260054456492
        },
        {
          "acoustic_entropy": 9.531599044799805,
          "acoustic_entropy_side": 9.532442092895508,
          "hz": 22000.00000000001
        }
      ],
      "diff_acoustic_entropy": 6.566885948181152,
      "sn": 12
    },
    {
      "acoustic_entropy": 14.016236305236816,
      "acoustic_entropy_mono": 12.35045337677002,
      "band_eliminated_acoustic_entropies": [
        {
          "acoustic_entropy": 14.163305282592773,
          "acoustic_entropy_side": 14.108936309814453,
          "hz": 129.47220167065723
        },
        {
          "acoustic_entropy": 13.778013229370117,
          "acoustic_entropy_side": 14.10344409942627,
          "hz": 202.92927478742237
        },
        {
          "acoustic_entropy": 14.461958885192871,
          "acoustic_entropy_side": 14.079604148864746,
          "hz": 282.89161906338205
        },
        {
          "acoustic_entropy": 13.738151550292969,
          "acoustic_entropy_side": 14.40705680847168,
          "hz": 369.9353335868758
        },
        {
          "acoustic_entropy": 14.104523658752441,
          "acoustic_entropy_side": 14.814006805419922,
          "hz": 464.6875360973435
        },
        {
          "acoustic_entropy": 13.546692848205566,
          "acoustic_entropy_side": 14.373297691345215,
          "hz": 567.8308811364784
        },
        {
          "acoustic_entropy": 13.959688186645508,
          "acoustic_entropy_side": 13.899565696716309,
          "hz": 680.1084783214808
        },
        {
          "acoustic_entropy": 14.05064582824707,
          "acoustic_entropy_side": 13.895244598388672,
          "hz": 802.3292461747484
        },
        {
          "acoustic_entropy": 13.92135238647461,
          "acoustic_entropy_side": 14.063864707946777,
          "hz": 935.3737400823702
        },
        {
          "acoustic_entropy": 13.763198852539062,
          "acoustic_entropy_side": 13.856337547302246,
          "hz": 1080.2004963696966
        },
        {
          "acoustic_entropy": 13.847122192382812,
          "acoustic_entropy_side": 13.872891426086426,
          "hz": 1237.8529382007157
        },
        {
          "acoustic_entropy": 14.019881248474121,
          "acoustic_entropy_side": 14.006609916687012,
          "hz": 1409.4668930556702
        },
        {
          "acoustic_entropy": 13.980605125427246,
          "acoustic_entropy_side": 13.998510360717773,
          "hz": 1596.2787759475705
        },
        {
          "acoustic_entropy": 14.028329849243164,
          "acoustic_entropy_side": 14.030922889709473,
          "hz": 1799.6344973346393
        },
        {
          "acoustic_entropy": 14.064581871032715,
          "acoustic_entropy_side": 14.049785614013672,
          "hz": 2020.9991599069049
        },
        {
          "acoustic_entropy": 14.028362274169922,
          "acoustic_entropy_side": 14.04670238494873,
          "hz": 2261.9676141086993
        },
        {
          "acoustic_entropy": 14.045637130737305,
          "acoustic_entropy_side": 14.041618347167969,
          "hz": 2524.2759484456974
        },
        {
          "acoustic_entropy": 14.017962455749512,
          "acoustic_entropy_side": 14.041688919067383,
          "hz": 2809.813997359896
        },
        {
          "acoustic_entropy": 14.019036293029785,
          "acoustic_entropy_side": 14.043795585632324,
          "hz": 3120.6389567871424
        },
        {
