{
  "acoustic_entropy": 131.1929931640625,
  "bands": [
    {
      "high_freq": 148.1999969482422,
      "loudness": -43.6818733215332,
      "loudness_range": 19.541316986083984,
      "mid_mean": -40.84606170654297,
      "mid_to_side_loudness": -9.990883827209473,
      "mid_to_side_loudness_range": 10.75007152557373,
      "side_mean": -53.89679718017578
    },
    {
      "high_freq": 392.3793640136719,
      "loudness": -29.38232421875,
      "loudness_range": 17.098358154296875,
      "low_freq": 148.1999969482422,
      "mid_mean": -27.01011085510254,
      "mid_to_side_loudness": -5.85813570022583,
      "mid_to_side_loudness_range": 9.947427749633789,
      "side_mean": -33.67493438720703
    },
    {
      "high_freq": 794.6976318359375,
      "loudness": -26.5377254486084,
      "loudness_range": 9.014394760131836,
      "low_freq": 392.3793640136719,
      "mid_mean": -25.810884475708008,
      "mid_to_side_loudness": -1.823636531829834,
      "mid_to_side_loudness_range": 6.837573051452637,
      "side_mean": -28.02638053894043
    },
    {
      "high_freq": 1457.5709228515625,
      "loudness": -33.07514190673828,
      "loudness_range": 10.203357696533203,
      "low_freq": 794.6976318359375,
      "mid_mean": -33.097999572753906,
      "mid_to_side_loudness": -0.1593112349510193,
      "mid_to_side_loudness_range": 6.249767303466797,
      "side_mean": -33.00603103637695
    },
    {
      "high_freq": 2549.74365234375,
      "loudness": -37.173095703125,
      "loudness_range": 9.689807891845703,
      "low_freq": 1457.5709228515625,
      "mid_mean": -36.26459503173828,
      "mid_to_side_loudness": -1.0426506996154785,
      "mid_to_side_loudness_range": 4.198122024536133,
      "side_mean": -37.70842742919922
    },
    {
      "high_freq": 4349.24462890625,
      "loudness": -44.6672248840332,
      "loudness_range": 12.857292175292969,
      "low_freq": 2549.74365234375,
      "mid_mean": -45.44487380981445,
      "mid_to_side_loudness": 0.36327609419822693,
      "mid_to_side_loudness_range": 5.872611045837402,
      "side_mean": -44.92340087890625
    },
    {
      "high_freq": 7314.1640625,
      "loudness": -62.306278228759766,
      "loudness_range": 18.392635345458984,
      "low_freq": 4349.24462890625,
      "mid_mean": -62.61004638671875,
      "mid_to_side_loudness": -0.15184471011161804,
      "mid_to_side_loudness_range": 6.05893611907959,
      "side_mean": -63.198543548583984
    },
    {
      "high_freq": 12199.2666015625,
      "loudness": -78.30056762695312,
      "loudness_range": 14.659095764160156,
      "low_freq": 7314.1640625,
      "mid_mean": -69.27494812011719,
      "mid_to_side_loudness": 1.0343928337097168,
      "mid_to_side_loudness_range": 8.058744430541992,
      "side_mean": -69.37517547607422
    },
    {
      "loudness": 0,
      "loudness_range": 0,
      "low_freq": 12199.2666015625,
      "mid_mean": -69.98703002929688,
      "mid_to_side_loudness": 6.400981903076172,
      "mid_to_side_loudness_range": 17.262771606445312,
      "side_mean": -69.97949981689453
    }
  ],
  "bands_short": [
    {
      "high_freq": 148.1999969482422,
      "loudness": -51.28178024291992,
      "loudness_range": 19.487899780273438,
      "mid_mean": -51.00885009765625,
      "mid_to_side_loudness": -11.56243896484375,
      "mid_to_side_loudness_range": 16.578744888305664,
      "side_mean": -60.776222229003906
    },
    {
      "high_freq": 392.3793640136719,
      "loudness": -30.610288619995117,
      "loudness_range": 18.4804630279541,
      "low_freq": 148.1999969482422,
      "mid_mean": -28.535198211669922,
      "mid_to_side_loudness": -5.4731621742248535,
      "mid_to_side_loudness_range": 13.420528411865234,
      "side_mean": -34.59535598754883
    },
    {
      "high_freq": 794.6976318359375,
      "loudness": -26.86025047302246,
      "loudness_range": 12.586343765258789,
      "low_freq": 392.3793640136719,
      "mid_mean": -26.08284568786621,
      "mid_to_side_loudness": -2.3763325214385986,
      "mid_to_side_loudness_range": 10.820212364196777,
      "side_mean": -29.027576446533203
    },
    {
      "high_freq": 1457.5709228515625,
      "loudness": -33.17219543457031,
      "loudness_range": 14.179332733154297,
      "low_freq": 794.6976318359375,
      "mid_mean": -33.679595947265625,
      "mid_to_side_loudness": -0.0566009096801281,
      "mid_to_side_loudness_range": 8.72393798828125,
      "side_mean": -33.30084228515625
    },
    {
      "high_freq": 2549.74365234375,
      "loudness": -37.995365142822266,
      "loudness_range": 12.32211685180664,
      "low_freq": 1457.5709228515625,
      "mid_mean": -37.386478424072266,
      "mid_to_side_loudness": -0.9209994077682495,
      "mid_to_side_loudness_range": 7.087831497192383,
      "side_mean": -38.52568054199219
    },
    {
      "high_freq": 4349.24462890625,
      "loudness": -45.3154182434082,
      "loudness_range": 16.227855682373047,
      "low_freq": 2549.74365234375,
      "mid_mean": -50.639041900634766,
      "mid_to_side_loudness": 0.40660613775253296,
      "mid_to_side_loudness_range": 7.630853176116943,
      "side_mean": -50.42500686645508
    },
    {
      "high_freq": 7314.1640625,
      "loudness": -63.63528060913086,
      "loudness_range": 22.45541000366211,
      "low_freq": 4349.24462890625,
      "mid_mean": -63.33845138549805,
      "mid_to_side_loudness": -0.15512365102767944,
      "mid_to_side_loudness_range": 8.054299354553223,
      "side_mean": -63.89508819580078
    },
    {
      "high_freq": 12199.2666015625,
      "loudness": -78.51898956298828,
      "loudness_range": 17.35295867919922,
      "low_freq": 7314.1640625,
      "mid_mean": -69.43839263916016,
      "mid_to_side_loudness": 1.1444981098175049,
      "mid_to_side_loudness_range": 8.078475952148438,
      "side_mean": -69.51213836669922
    },
    {
      "loudness": -84.30431365966797,
      "loudness_range": 19.168922424316406,
      "low_freq": 12199.2666015625,
      "mid_mean": -69.98841857910156,
      "mid_to_side_loudness": 8.320934295654297,
      "mid_to_side_loudness_range": 28.137733459472656,
      "side_mean": -69.98070526123047
    }
  ],
  "bandwidth": 593.9948120117188,
  "channels": 2,
  "covariance": [
    [
      58.13804244995117,
      56.04598617553711,
      23.558177947998047,
      23.120752334594727,
      19.817209243774414,
      18.516096115112305,
      11.068089485168457,
      9.626771926879883,
      5.541443347930908,
      8.547093391418457,
      17.524438858032227,
      15.104825973510742,
      14.763347625732422,
      13.794310569763184,
      1.8450002670288086,
      1.689681053161621,
      0.06774483621120453,
      0.07104998081922531
    ],
    [
      56.04598617553711,
      99.25188446044922,
      24.458675384521484,
      25.710018157958984,
      21.303247451782227,
      20.80267333984375,
      11.887109756469727,
      11.558530807495117,
      4.282834529876709,
      8.332165718078613,
      16.11612892150879,
      14.590569496154785,
      30.816442489624023,
      28.60451889038086,
      3.1639466285705566,
      2.883011817932129,
      0.08813045173883438,
      0.09007895737886429
    ],
    [
      23.558177947998047,
      24.458675384521484,
      48.20034408569336,
      40.88304901123047,
      25.478410720825195,
      24.76748275756836,
      22.64269256591797,
      15.350544929504395,
      16.038084030151367,
      18.36066436767578,
      34.04490661621094,
      28.516027450561523,
      22.04035186767578,
      19.480836868286133,
      1.5971217155456543,
      0.8705065846443176,
      0.03761269897222519,
      0.03954276069998741
    ],
    [
      23.120752334594727,
      25.710018157958984,
      40.88304901123047,
      41.443138122558594,
      25.878185272216797,
      26.886423110961914,
      20.48937225341797,
      13.600798606872559,
      14.294376373291016,
      16.707473754882812,
      30.65399169921875,
      23.924665451049805,
      18.986995697021484,
      17.354021072387695,
      1.2606788873672485,
      0.8085466623306274,
      0.05238088592886925,
      0.05202997103333473
    ],
    [
      19.817209243774414,
      21.303247451782227,
      25.478410720825195,
      25.878185272216797,
      37.280887603759766,
      30.607267379760742,
      22.661035537719727,
      15.049280166625977,
      12.198721885681152,
      15.471324920654297,
      33.79156494140625,
      25.837541580200195,
      19.645832061767578,
      17.83344268798828,
      1.9286584854125977,
      1.7130342721939087,
      0.00863018911331892,
      0.011934499256312847
    ],
    [
      18.516096115112305,
      20.80267333984375,
      24.76748275756836,
      26.886423110961914,
      30.607267379760742,
      34.711246490478516,
      21.35894775390625,
      14.136520385742188,
      12.25175952911377,
      14.909747123718262,
      31.633182525634766,
      22.5020694732666,
      18.438051223754883,
      17.452482223510742,
      1.92360258102417,
      1.8012157678604126,
      0.019384577870368958,
      0.020775973796844482
    ],
    [
      11.068089485168457,
      11.887109756469727,
      22.64269256591797,
      20.48937225341797,
      22.661035537719727,
      21.35894775390625,
      35.48263168334961,
      24.28354263305664,
      15.987281799316406,
      18.911706924438477,
      33.53908920288086,
      29.4725341796875,
      18.527620315551758,
      18.835817337036133,
      2.9350247383117676,
      2.4037740230560303,
      0.025197548791766167,
      0.025268303230404854
    ],
    [
      9.626771926879883,
      11.558530807495117,
      15.350544929504395,
      13.600798606872559,
      15.049280166625977,
      14.136520385742188,
      24.28354263305664,
      24.715505599975586,
      12.263903617858887,
      15.195881843566895,
      23.20952033996582,
      23.863548278808594,
      12.344109535217285,
      13.090435981750488,
      2.453911781311035,
      1.9292505979537964,
      0.014560761861503124,
      0.01459045521914959
    ],
    [
      5.541443347930908,
      4.282834529876709,
      16.038084030151367,
      14.294376373291016,
      12.198721885681152,
      12.25175952911377,
      15.987281799316406,
      12.263903617858887,
      26.75200843811035,
      24.988468170166016,
      25.29970359802246,
      25.33791160583496,
      19.510313034057617,
      18.150426864624023,
      3.407823085784912,
      2.589033842086792,
      0.12104432284832001,
      0.1182829886674881
    ],
    [
      8.547093391418457,
      8.332165718078613,
      18.36066436767578,
      16.707473754882812,
      15.471324920654297,
      14.909747123718262,
      18.911706924438477,
      15.195881843566895,
      24.988468170166016,
      29.743778228759766,
      28.54184913635254,
      28.65736961364746,
      20.80340576171875,
      19.148454666137695,
      3.156299352645874,
      2.4838879108428955,
      0.1058095172047615,
      0.10419251024723053
    ],
    [
      17.524438858032227,
      16.11612892150879,
      34.04490661621094,
      30.65399169921875,
      33.79156494140625,
      31.633182525634766,
      33.53908920288086,
      23.20952033996582,
      25.29970359802246,
      28.54184913635254,
      53.5718879699707,
      43.18339538574219,
      33.475669860839844,
      30.877182006835938,
      4.113729000091553,
      3.5227508544921875,
      0.0885961577296257,
      0.09107089787721634
    ],
    [
      15.104825973510742,
      14.590569496154785,
      28.516027450561523,
      23.924665451049805,
      25.837541580200195,
      22.5020694732666,
      29.4725341796875,
      23.863548278808594,
      25.33791160583496,
      28.65736961364746,
      43.18339538574219,
      45.19171142578125,
      27.47236442565918,
      24.701446533203125,
      3.5197319984436035,
      2.7668540477752686,
      0.0667763203382492,
      0.06861294060945511
    ],
    [
      14.763347625732422,
      30.816442489624023,
      22.04035186767578,
      18.986995697021484,
      19.645832061767578,
      18.438051223754883,
      18.527620315551758,
      12.344109535217285,
      19.510313034057617,
      20.80340576171875,
      33.475669860839844,
      27.47236442565918,
      37.38972091674805,
      34.09418487548828,
      4.497175693511963,
      3.9915852546691895,
      0.10716241598129272,
      0.1072230115532875
    ],
    [
      13.794310569763184,
      28.60451889038086,
      19.480836868286133,
      17.354021072387695,
      17.83344268798828,
      17.452482223510742,
      18.835817337036133,
      13.090435981750488,
      18.150426864624023,
      19.148454666137695,
      30.877182006835938,
      24.701446533203125,
      34.09418487548828,
      32.77509307861328,
      4.514969348907471,
      4.152989387512207,
      0.09131024777889252,
      0.0907348096370697
    ],
    [
      1.8450002670288086,
      3.1639466285705566,
      1.5971217155456543,
      1.2606788873672485,
      1.9286584854125977,
      1.92360258102417,
      2.9350247383117676,
      2.453911781311035,
      3.407823085784912,
      3.156299352645874,
      4.113729000091553,
      3.5197319984436035,
      4.497175693511963,
      4.514969348907471,
      1.6473751068115234,
      1.3939073085784912,
      0.050348468124866486,
      0.04817589744925499
    ],
    [
      1.689681053161621,
      2.883011817932129,
      0.8705065846443176,
      0.8085466623306274,
      1.7130342721939087,
      1.8012157678604126,
      2.4037740230560303,
      1.9292505979537964,
      2.589033842086792,
      2.4838879108428955,
      3.5227508544921875,
      2.7668540477752686,
      3.9915852546691895,
      4.152989387512207,
      1.3939073085784912,
      1.343767762184143,
      0.04080303758382797,
      0.03904081508517265
    ],
    [
      0.06774483621120453,
      0.08813045173883438,
      0.03761269897222519,
      0.05238088592886925,
      0.00863018911331892,
      0.019384577870368958,
      0.025197548791766167,
      0.014560761861503124,
      0.12104432284832001,
      0.1058095172047615,
      0.0885961577296257,
      0.0667763203382492,
      0.10716241598129272,
      0.09131024777889252,
      0.050348468124866486,
      0.04080303758382797,
      0.004084464628249407,
      0.003922719042748213
    ],
    [
      0.07104998081922531,
      0.09007895737886429,
      0.03954276069998741,
      0.05202997103333473,
      0.011934499256312847,
      0.020775973796844482,
      0.025268303230404854,
      0.01459045521914959,
      0.1182829886674881,
      0.10419251024723053,
      0.09107089787721634,
      0.06861294060945511,
      0.1072230115532875,
      0.0907348096370697,
      0.04817589744925499,
      0.03904081508517265,
      0.003922719042748213,
      0.003789483802393079
    ]
  ],
  "covariance_short": [
    [
      95.5306396484375,
      52.11250686645508,
      23.388147354125977,
      18.356685638427734,
      17.908832550048828,
      15.693242073059082,
      14.939441680908203,
      11.82693862915039,
      10.111553192138672,
      10.423131942749023,
      87.44219207763672,
      88.52014923095703,
      36.883033752441406,
      33.8351936340332,
      3.7929017543792725,
      3.258798360824585,
      0.07267480343580246,
      0.07375427335500717
    ],
    [
      52.11250686645508,
      43.424888610839844,
      21.810335159301758,
      19.885103225708008,
      16.988147735595703,
      15.029656410217285,
      12.562714576721191,
      11.09740161895752,
      8.725778579711914,
      9.633528709411621,
      50.36549377441406,
      52.39750671386719,
      20.535293579101562,
      18.618011474609375,
      1.8331999778747559,
      1.5471261739730835,
      0.04614774137735367,
      0.04656970873475075
    ],
    [
      23.388147354125977,
      21.810335159301758,
      56.39986038208008,
      40.69143295288086,
      34.364723205566406,
      29.92244529724121,
      27.12384605407715,
      18.627666473388672,
      21.14263916015625,
      19.371423721313477,
      43.810245513916016,
      46.8101692199707,
      24.53830909729004,
      20.850475311279297,
      2.275266408920288,
      1.4865758419036865,
      0.04623923450708389,
      0.04940319061279297
    ],
    [
      18.356685638427734,
      19.885103225708008,
      40.69143295288086,
      45.88212203979492,
      31.630817413330078,
      30.25734519958496,
      24.581748962402344,
      14.836087226867676,
      17.928977966308594,
      16.11168098449707,
      38.83037185668945,
      40.82917022705078,
      17.510406494140625,
      15.934835433959961,
      1.293012261390686,
      0.8509660363197327,
      0.05682509392499924,
      0.056059036403894424
    ],
    [
      17.908832550048828,
      16.988147735595703,
      34.364723205566406,
      31.630817413330078,
      50.053470611572266,
      37.47607421875,
      30.332582473754883,
      21.148101806640625,
      20.05518913269043,
      21.183298110961914,
      47.46608352661133,
      49.2537841796875,
      25.425243377685547,
      21.74177360534668,
      1.8149406909942627,
      1.4222230911254883,
      0.016501961275935173,
      0.020312903448939323
    ],
    [
      15.693242073059082,
      15.029656410217285,
      29.92244529724121,
      30.25734519958496,
      37.47607421875,
      41.62803268432617,
      26.705299377441406,
      15.968128204345703,
      17.403759002685547,
      18.034854888916016,
      42.64194869995117,
      43.89298629760742,
      21.328384399414062,
      18.688217163085938,
      1.5535237789154053,
      1.240657925605774,
      0.028166331350803375,
      0.029781782999634743
    ],
    [
      14.939441680908203,
      12.562714576721191,
      27.12384605407715,
      24.581748962402344,
      30.332582473754883,
      26.705299377441406,
      50.29264450073242,
      34.55027389526367,
      23.447547912597656,
      23.67113494873047,
      44.440093994140625,
      43.62214279174805,
      24.952592849731445,
      23.989469528198242,
      3.592637777328491,
      3.1235544681549072,
      0.04009678587317467,
      0.040427315980196
    ],
    [
      11.82693862915039,
      11.09740161895752,
      18.627666473388672,
      14.836087226867676,
      21.148101806640625,
      15.968128204345703,
      34.55027389526367,
      38.5296516418457,
      20.568645477294922,
      20.282785415649414,
      31.817989349365234,
      31.79342269897461,
      18.850921630859375,
      18.493650436401367,
      3.1467554569244385,
      2.7235772609710693,
      0.02887706644833088,
      0.029441019520163536
    ],
    [
      10.111553192138672,
      8.725778579711914,
      21.14263916015625,
      17.928977966308594,
      20.05518913269043,
      17.403759002685547,
      23.447547912597656,
      20.568645477294922,
      38.07070541381836,
      30.85232925415039,
      35.96272659301758,
      36.699928283691406,
      26.179086685180664,
      23.74102020263672,
      3.8604352474212646,
      3.120436668395996,
      0.11185536533594131,
      0.11472754180431366
    ],
    [
      10.423131942749023,
      9.633528709411621,
      19.371423721313477,
      16.11168098449707,
      21.183298110961914,
      18.034854888916016,
      23.67113494873047,
      20.282785415649414,
      30.85232925415039,
      35.30738830566406,
      34.76504898071289,
      34.839603424072266,
      24.575708389282227,
      22.355173110961914,
      3.2077419757843018,
      2.7177839279174805,
      0.10051017254590988,
      0.10277597606182098
    ],
    [
      87.44219207763672,
      50.36549377441406,
      43.810245513916016,
      38.83037185668945,
      47.46608352661133,
      42.64194869995117,
      44.440093994140625,
      31.817989349365234,
      35.96272659301758,
      34.76504898071289,
      136.5126495361328,
      136.0049591064453,
      61.053733825683594,
      55.3816032409668,
      6.4705400466918945,
      5.580957412719727,
      0.13353514671325684,
      0.13718876242637634
    ],
    [
      88.52014923095703,
      52.39750671386719,
      46.8101692199707,
      40.82917022705078,
      49.2537841796875,
      43.89298629760742,
      43.62214279174805,
      31.79342269897461,
      36.699928283691406,
      34.839603424072266,
      136.0049591064453,
      140.86338806152344,
      59.78911590576172,
      53.48930740356445,
      6.195535659790039,
      5.138628959655762,
      0.11734418570995331,
      0.12032891064882278
    ],
    [
      36.883033752441406,
      20.535293579101562,
      24.53830909729004,
      17.510406494140625,
      25.425243377685547,
      21.328384399414062,
      24.952592849731445,
      18.850921630859375,
      26.179086685180664,
      24.575708389282227,
      61.053733825683594,
      59.78911590576172,
      42.40900421142578,
      37.644134521484375,
      5.255209445953369,
      4.668302536010742,
      0.12512001395225525,
      0.12468589842319489
    ],
    [
      33.8351936340332,
      18.618011474609375,
      20.850475311279297,
      15.934835433959961,
      21.74177360534668,
      18.688217163085938,
      23.989469528198242,
      18.493650436401367,
      23.74102020263672,
      22.355173110961914,
      55.3816032409668,
      53.48930740356445,
      37.644134521484375,
      36.17672348022461,
      5.06558895111084,
      4.693653583526611,
      0.11732829362154007,
      0.11571815609931946
    ],
    [
      3.7929017543792725,
      1.8331999778747559,
      2.275266408920288,
      1.293012261390686,
      1.8149406909942627,
      1.5535237789154053,
      3.592637777328491,
      3.1467554569244385,
      3.8604352474212646,
      3.2077419757843018,
      6.4705400466918945,
      6.195535659790039,
      5.255209445953369,
      5.06558895111084,
      1.8630307912826538,
      1.5948102474212646,
      0.06889960169792175,
      0.06716014444828033
    ],
    [
      3.258798360824585,
      1.5471261739730835,
      1.4865758419036865,
      0.8509660363197327,
      1.4222230911254883,
      1.240657925605774,
      3.1235544681549072,
      2.7235772609710693,
      3.120436668395996,
      2.7177839279174805,
      5.580957412719727,
      5.138628959655762,
      4.668302536010742,
      4.693653583526611,
      1.5948102474212646,
      1.6106404066085815,
      0.05800666660070419,
      0.05694512277841568
    ],
    [
      0.07267480343580246,
      0.04614774137735367,
      0.04623923450708389,
      0.05682509392499924,
      0.016501961275935173,
      0.028166331350803375,
      0.04009678587317467,
      0.02887706644833088,
      0.11185536533594131,
      0.10051017254590988,
      0.13353514671325684,
      0.11734418570995331,
      0.12512001395225525,
      0.11732829362154007,
      0.06889960169792175,
      0.05800666660070419,
      0.013451462611556053,
      0.012849741615355015
    ],
    [
      0.07375427335500717,
      0.04656970873475075,
      0.04940319061279297,
      0.056059036403894424,
      0.020312903448939323,
      0.029781782999634743,
      0.040427315980196,
      0.029441019520163536,
      0.11472754180431366,
      0.10277597606182098,
      0.13718876242637634,
      0.12032891064882278,
      0.12468589842319489,
      0.11571815609931946,
      0.06716014444828033,
      0.05694512277841568,
      0.012849741615355015,
      0.012402165681123734
    ]
  ],
  "damage": -12.061677932739258,
  "diff_bandwidth": 595.6702270507812,
  "dissonance": 5.667154897312594,
  "drr": 6.525739669799805,
  "dynamics": 3.127347469329834,
  "format": 1245190,
  "frames": 1724352,
  "loudness": -19.476247787475586,
  "loudness_range": 8.465826034545898,
  "loudness_range_short": 10.574836730957031,
  "lowpass_true_peak_15khz": -6.08285665512085,
  "mastering3_acoustic_entropies": [
    {
      "acoustic_entropy": 7.775676250457764,
      "acoustic_entropy_mono": 6.975346565246582,
      "band_eliminated_acoustic_entropies": [
        {
          "acoustic_entropy": 7.777407646179199,
          "acoustic_entropy_side": 7.775674819946289,
          "hz": 129.47220167065723
        },
        {
          "acoustic_entropy": 7.814572334289551,
          "acoustic_entropy_side": 7.774948596954346,
          "hz": 202.92927478742237
        },
        {
          "acoustic_entropy": 7.602347373962402,
          "acoustic_entropy_side": 7.727039813995361,
          "hz": 282.89161906338205
        },
        {
          "acoustic_entropy": 7.739449501037598,
          "acoustic_entropy_side": 7.780054092407227,
          "hz": 369.9353335868758
        },
        {
          "acoustic_entropy": 6.414462566375732,
          "acoustic_entropy_side": 7.345596790313721,
          "hz": 464.6875360973435
        },
        {
          "acoustic_entropy": 7.1930694580078125,
          "acoustic_entropy_side": 7.868885517120361,
          "hz": 567.8308811364784
        },
        {
          "acoustic_entropy": 7.148584842681885,
          "acoustic_entropy_side": 7.741835117340088,
          "hz": 680.1084783214808
        },
        {
          "acoustic_entropy": 7.03334379196167,
          "acoustic_entropy_side": 7.844762802124023,
          "hz": 802.3292461747484
        },
        {
          "acoustic_entropy": 6.7035651206970215,
          "acoustic_entropy_side": 7.301928520202637,
          "hz": 935.3737400823702
        },
        {
          "acoustic_entropy": 7.654788494110107,
          "acoustic_entropy_side": 7.116265773773193,
          "hz": 1080.2004963696966
        },
        {
          "acoustic_entropy": 7.108560562133789,
          "acoustic_entropy_side": 7.123856544494629,
          "hz": 1237.8529382007157
        },
        {
          "acoustic_entropy": 7.699511528015137,
          "acoustic_entropy_side": 7.715672969818115,
          "hz": 1409.4668930556702
        },
        {
          "acoustic_entropy": 7.682133197784424,
          "acoustic_entropy_side": 7.697688579559326,
          "hz": 1596.2787759475705
        },
        {
          "acoustic_entropy": 7.821158409118652,
          "acoustic_entropy_side": 7.771997928619385,
          "hz": 1799.6344973346393
        },
        {
          "acoustic_entropy": 7.808892250061035,
          "acoustic_entropy_side": 7.78469705581665,
          "hz": 2020.9991599069049
        },
        {
          "acoustic_entropy": 7.1816792488098145,
          "acoustic_entropy_side": 7.485132694244385,
          "hz": 2261.9676141086993
        },
        {
          "acoustic_entropy": 7.78858757019043,
          "acoustic_entropy_side": 7.776514530181885,
          "hz": 2524.2759484456974
        },
        {
          "acoustic_entropy": 7.755631923675537,
          "acoustic_entropy_side": 7.769578456878662,
          "hz": 2809.813997359896
        },
        {
          "acoustic_entropy": 7.716065883636475,
          "acoustic_entropy_side": 7.7590107917785645,
          "hz": 3120.6389567871424
        },
        {
          "acoustic_entropy": 7.757833957672119,
          "acoustic_entropy_side": 7.778865337371826,
          "hz": 3458.990205492291
        },
        {
          "acoustic_entropy": 7.765086650848389,
          "acoustic_entropy_side": 7.7758073806762695,
          "hz": 3827.305438964164
        },
        {
          "acoustic_entropy": 7.771139144897461,
          "acoustic_entropy_side": 7.775180816650391,
          "hz": 4228.238232109126
        },
        {
          "acoustic_entropy": 7.773465156555176,
          "acoustic_entropy_side": 7.775489330291748,
          "hz": 4664.6771572759235
        },
        {
          "acoustic_entropy": 7.776236057281494,
          "acoustic_entropy_side": 7.7759246826171875,
          "hz": 5139.766595350093
        },
        {
          "acoustic_entropy": 7.775739669799805,
          "acoustic_entropy_side": 7.775694370269775,
          "hz": 5656.929389854203
        },
        {
          "acoustic_entropy": 7.775667190551758,
          "acoustic_entropy_side": 7.775672435760498,
          "hz": 6219.891507268283
        },
        {
          "acoustic_entropy": 7.775529861450195,
          "acoustic_entropy_side": 7.77566385269165,
          "hz": 6832.70888123896
        },
        {
          "acoustic_entropy": 7.775675296783447,
          "acoustic_entropy_side": 7.775674819946289,
          "hz": 7499.796634079867
        },
        {
          "acoustic_entropy": 7.775675296783447,
          "acoustic_entropy_side": 7.775676250457764,
          "hz": 8225.96088609342
        },
        {
          "acoustic_entropy": 7.775675296783447,
          "acoustic_entropy_side": 7.7756757736206055,
          "hz": 9016.43338188839
        },
        {
          "acoustic_entropy": 7.7756757736206055,
          "acoustic_entropy_side": 7.775676250457764,
          "hz": 9876.909183162974
        },
        {
          "acoustic_entropy": 7.775676250457764,
          "acoustic_entropy_side": 7.775676250457764,
          "hz": 10813.587699516042
        },
        {
          "acoustic_entropy": 7.775676250457764,
          "acoustic_entropy_side": 7.775676250457764,
          "hz": 11833.21735289826
        },
        {
          "acoustic_entropy": 7.775676250457764,
          "acoustic_entropy_side": 7.775676250457764,
          "hz": 12943.144197493959
        },
        {
          "acoustic_entropy": 7.775676250457764,
          "acoustic_entropy_side": 7.775676250457764,
          "hz": 14151.364845322005
        },
        {
          "acoustic_entropy": 7.775676250457764,
          "acoustic_entropy_side": 7.775676250457764,
          "hz": 15466.58407886509
        },
        {
          "acoustic_entropy": 7.775676250457764,
          "acoustic_entropy_side": 7.775676250457764,
          "hz": 16898.27756580493
        },
        {
          "acoustic_entropy": 7.775676250457764,
          "acoustic_entropy_side": 7.775676250457764,
          "hz": 18456.760127700032
        },
        {
          "acoustic_entropy": 7.775676250457764,
          "acoustic_entropy_side": 7.775676250457764,
          "hz": 20153.260054456492
        },
        {
          "acoustic_entropy": 7.775676250457764,
          "acoustic_entropy_side": 7.775676250457764,
          "hz": 22000.00000000001
        }
      ],
      "diff_acoustic_entropy": 5.726660251617432,
      "sn": 6
    },
    {
      "acoustic_entropy": 10.911416053771973,
      "acoustic_entropy_mono": 9.60296630859375,
      "band_eliminated_acoustic_entropies": [
        {
          "acoustic_entropy": 10.90502643585205,
          "acoustic_entropy_side": 10.911264419555664,
          "hz": 129.47220167065723
        },
        {
          "acoustic_entropy": 10.677895545959473,
          "acoustic_entropy_side": 10.934100151062012,
          "hz": 202.92927478742237
        },
        {
          "acoustic_entropy": 11.015810012817383,
          "acoustic_entropy_side": 10.86191463470459,
          "hz": 282.89161906338205
        },
        {
          "acoustic_entropy": 10.602405548095703,
          "acoustic_entropy_side": 11.063817977905273,
          "hz": 369.9353335868758
        },
        {
          "acoustic_entropy": 9.953234672546387,
          "acoustic_entropy_side": 10.654154777526855,
          "hz": 464.6875360973435
        },
        {
          "acoustic_entropy": 9.870735168457031,
          "acoustic_entropy_side": 10.914619445800781,
          "hz": 567.8308811364784
        },
        {
          "acoustic_entropy": 9.881708145141602,
          "acoustic_entropy_side": 10.0887451171875,
          "hz": 680.1084783214808
        },
        {
          "acoustic_entropy": 10.5241060256958,
          "acoustic_entropy_side": 10.782670974731445,
          "hz": 802.3292461747484
        },
        {
          "acoustic_entropy": 9.348509788513184,
          "acoustic_entropy_side": 10.89617919921875,
          "hz": 935.3737400823702
        },
        {
          "acoustic_entropy": 10.710002899169922,
          "acoustic_entropy_side": 10.792336463928223,
          "hz": 1080.2004963696966
        },
        {
          "acoustic_entropy": 10.267104148864746,
          "acoustic_entropy_side": 11.01658821105957,
          "hz": 1237.8529382007157
        },
        {
          "acoustic_entropy": 10.75247859954834,
          "acoustic_entropy_side": 10.758631706237793,
          "hz": 1409.4668930556702
        },
        {
          "acoustic_entropy": 10.455116271972656,
          "acoustic_entropy_side": 10.775801658630371,
          "hz": 1596.2787759475705
        },
        {
          "acoustic_entropy": 10.849020957946777,
          "acoustic_entropy_side": 10.944642066955566,
          "hz": 1799.6344973346393
        },
        {
          "acoustic_entropy": 10.403570175170898,
          "acoustic_entropy_side": 10.632706642150879,
          "hz": 2020.9991599069049
        },
        {
          "acoustic_entropy": 10.31596565246582,
          "acoustic_entropy_side": 10.601901054382324,
          "hz": 2261.9676141086993
        },
        {
          "acoustic_entropy": 10.810261726379395,
          "acoustic_entropy_side": 10.825414657592773,
          "hz": 2524.2759484456974
        },
        {
          "acoustic_entropy": 10.737971305847168,
          "acoustic_entropy_side": 10.815340042114258,
          "hz": 2809.813997359896
        },
        {
          "acoustic_entropy": 10.656318664550781,
          "acoustic_entropy_side": 10.786377906799316,
          "hz": 3120.6389567871424
        },
        {
          "acoustic_entropy": 10.968819618225098,
          "acoustic_entropy_side": 10.911726951599121,
          "hz": 3458.990205492291
        },
        {
          "acoustic_entropy": 10.85469913482666,
          "acoustic_entropy_side": 10.894386291503906,
          "hz": 3827.305438964164
        },
        {
          "acoustic_entropy": 10.838415145874023,
          "acoustic_entropy_side": 10.907706260681152,
          "hz": 4228.238232109126
        },
        {
          "acoustic_entropy": 10.834078788757324,
          "acoustic_entropy_side": 10.887517929077148,
          "hz": 4664.6771572759235
        },
        {
          "acoustic_entropy": 10.902445793151855,
          "acoustic_entropy_side": 10.90834903717041,
          "hz": 5139.766595350093
        },
        {
          "acoustic_entropy": 10.909402847290039,
          "acoustic_entropy_side": 10.910628318786621,
          "hz": 5656.929389854203
        },
        {
          "acoustic_entropy": 10.910802841186523,
          "acoustic_entropy_side": 10.911202430725098,
          "hz": 6219.891507268283
        },
        {
          "acoustic_entropy": 10.908761024475098,
          "acoustic_entropy_side": 10.911155700683594,
          "hz": 6832.70888123896
        },
        {
          "acoustic_entropy": 10.911389350891113,
          "acoustic_entropy_side": 10.911438941955566,
          "hz": 7499.796634079867
        },
        {
          "acoustic_entropy": 10.911430358886719,
          "acoustic_entropy_side": 10.911426544189453,
          "hz": 8225.96088609342
        },
        {
          "acoustic_entropy": 10.91141128540039,
          "acoustic_entropy_side": 10.911417007446289,
          "hz": 9016.43338188839
        },
        {
          "acoustic_entropy": 10.911413192749023,
          "acoustic_entropy_side": 10.911415100097656,
          "hz": 9876.909183162974
        },
        {
          "acoustic_entropy": 10.911417007446289,
          "acoustic_entropy_side": 10.911417007446289,
          "hz": 10813.587699516042
        },
        {
          "acoustic_entropy": 10.911416053771973,
          "acoustic_entropy_side": 10.911416053771973,
          "hz": 11833.21735289826
        },
        {
          "acoustic_entropy": 10.911416053771973,
          "acoustic_entropy_side": 10.911416053771973,
          "hz": 12943.144197493959
        },
        {
          "acoustic_entropy": 10.911416053771973,
          "acoustic_entropy_side": 10.911416053771973,
          "hz": 14151.364845322005
        },
        {
          "acoustic_entropy": 10.911416053771973,
          "acoustic_entropy_side": 10.911416053771973,
          "hz": 15466.58407886509
        },
        {
          "acoustic_entropy": 10.911416053771973,
          "acoustic_entropy_side": 10.911416053771973,
          "hz": 16898.27756580493
        },
        {
          "acoustic_entropy": 10.911416053771973,
          "acoustic_entropy_side": 10.911416053771973,
          "hz": 18456.760127700032
        },
        {
          "acoustic_entropy": 10.911416053771973,
          "acoustic_entropy_side": 10.911416053771973,
          "hz": 20153.260054456492
        },
        {
          "acoustic_entropy": 10.911416053771973,
          "acoustic_entropy_side": 10.911416053771973,
          "hz": 22000.00000000001
        }
      ],
      "diff_acoustic_entropy": 8.654610633850098,
      "sn": 12
    },
    {
      "acoustic_entropy": 14.292622566223145,
      "acoustic_entropy_mono": 12.362972259521484,
      "band_eliminated_acoustic_entropies": [
        {
          "acoustic_entropy": 14.13559627532959,
          "acoustic_entropy_side": 14.288373947143555,
          "hz": 129.47220167065723
        },
        {
          "acoustic_entropy": 13.832772254943848,
          "acoustic_entropy_side": 14.274989128112793,
          "hz": 202.92927478742237
        },
        {
          "acoustic_entropy": 13.440764427185059,
          "acoustic_entropy_side": 13.66953182220459,
          "hz": 282.89161906338205
        },
        {
          "acoustic_entropy": 13.989202499389648,
          "acoustic_entropy_side": 14.585160255432129,
          "hz": 369.9353335868758
        },
        {
          "acoustic_entropy": 13.272507667541504,
          "acoustic_entropy_side": 13.609103202819824,
          "hz": 464.6875360973435
        },
        {
          "acoustic_entropy": 13.572115898132324,
          "acoustic_entropy_side": 14.775687217712402,
          "hz": 567.8308811364784
        },
        {
          "acoustic_entropy": 13.207100868225098,
          "acoustic_entropy_side": 14.34229564666748,
          "hz": 680.1084783214808
        },
        {
          "acoustic_entropy": 14.694972038269043,
          "acoustic_entropy_side": 14.439261436462402,
          "hz": 802.3292461747484
        },
        {
          "acoustic_entropy": 13.620902061462402,
          "acoustic_entropy_side": 13.757231712341309,
          "hz": 935.3737400823702
        },
        {
          "acoustic_entropy": 14.386305809020996,
          "acoustic_entropy_side": 14.395294189453125,
          "hz": 1080.2004963696966
        },
        {
          "acoustic_entropy": 13.586585998535156,
          "acoustic_entropy_side": 13.667366027832031,
          "hz": 1237.8529382007157
        },
        {
          "acoustic_entropy": 14.472858428955078,
          "acoustic_entropy_side": 14.18542194366455,
          "hz": 1409.4668930556702
        },
        {
          "acoustic_entropy": 14.41642951965332,
          "acoustic_entropy_side": 14.53101634979248,
          "hz": 1596.2787759475705
        },
        {
          "acoustic_entropy": 14.158238410949707,
          "acoustic_entropy_side": 13.871651649475098,
          "hz": 1799.6344973346393
        },
        {
          "acoustic_entropy": 14.051426887512207,
          "acoustic_entropy_side": 13.899560928344727,
          "hz": 2020.9991599069049
        },
        {
          "acoustic_entropy": 14.736360549926758,
          "acoustic_entropy_side": 14.832823753356934,
          "hz": 2261.9676141086993
        },
        {
          "acoustic_entropy": 13.6141939163208,
          "acoustic_entropy_side": 13.804190635681152,
          "hz": 2524.2759484456974
        },
        {
