{
  "acoustic_entropy": 185.4007568359375,
  "bands": [
    {
      "high_freq": 148.1999969482422,
      "loudness": -21.4570255279541,
      "loudness_range": 26.452922821044922,
      "mid_mean": -17.92877960205078,
      "mid_to_side_loudness": -25.42806053161621,
      "mid_to_side_loudness_range": 36.59199142456055,
      "side_mean": -46.22732162475586
    },
    {
      "high_freq": 392.3793640136719,
      "loudness": -23.322460174560547,
      "loudness_range": 18.078216552734375,
      "low_freq": 148.1999969482422,
      "mid_mean": -19.85149574279785,
      "mid_to_side_loudness": -16.882848739624023,
      "mid_to_side_loudness_range": 20.196331024169922,
      "side_mean": -37.02629470825195
    },
    {
      "high_freq": 794.6976318359375,
      "loudness": -20.758323669433594,
      "loudness_range": 11.012740135192871,
      "low_freq": 392.3793640136719,
      "mid_mean": -17.591794967651367,
      "mid_to_side_loudness": -11.376778602600098,
      "mid_to_side_loudness_range": 16.209644317626953,
      "side_mean": -28.935104370117188
    },
    {
      "high_freq": 1457.5709228515625,
      "loudness": -19.31826400756836,
      "loudness_range": 8.510226249694824,
      "low_freq": 794.6976318359375,
      "mid_mean": -16.388343811035156,
      "mid_to_side_loudness": -9.152300834655762,
      "mid_to_side_loudness_range": 15.685408592224121,
      "side_mean": -25.369789123535156
    },
    {
      "high_freq": 2549.74365234375,
      "loudness": -20.362411499023438,
      "loudness_range": 10.58792495727539,
      "low_freq": 1457.5709228515625,
      "mid_mean": -17.390317916870117,
      "mid_to_side_loudness": -8.912192344665527,
      "mid_to_side_loudness_range": 12.882414817810059,
      "side_mean": -25.719860076904297
    },
    {
      "high_freq": 4349.24462890625,
      "loudness": -23.54547691345215,
      "loudness_range": 10.237998962402344,
      "low_freq": 2549.74365234375,
      "mid_mean": -20.60045051574707,
      "mid_to_side_loudness": -8.59384822845459,
      "mid_to_side_loudness_range": 10.95297908782959,
      "side_mean": -28.164962768554688
    },
    {
      "high_freq": 7314.1640625,
      "loudness": -21.4085636138916,
      "loudness_range": 14.400287628173828,
      "low_freq": 4349.24462890625,
      "mid_mean": -18.362468719482422,
      "mid_to_side_loudness": -9.414067268371582,
      "mid_to_side_loudness_range": 10.883722305297852,
      "side_mean": -26.754653930664062
    },
    {
      "high_freq": 12199.2666015625,
      "loudness": -19.624801635742188,
      "loudness_range": 12.679685592651367,
      "low_freq": 7314.1640625,
      "mid_mean": -16.67136001586914,
      "mid_to_side_loudness": -8.076445579528809,
      "mid_to_side_loudness_range": 8.589123725891113,
      "side_mean": -24.680797576904297
    },
    {
      "loudness": -25.222272872924805,
      "loudness_range": 18.958715438842773,
      "low_freq": 12199.2666015625,
      "mid_mean": -22.50646209716797,
      "mid_to_side_loudness": -6.66143274307251,
      "mid_to_side_loudness_range": 8.778401374816895,
      "side_mean": -28.96965789794922
    }
  ],
  "bands_short": [
    {
      "high_freq": 148.1999969482422,
      "loudness": -25.150611877441406,
      "loudness_range": 34.67019271850586,
      "mid_mean": -21.791465759277344,
      "mid_to_side_loudness": -21.956552505493164,
      "mid_to_side_loudness_range": 39.780128479003906,
      "side_mean": -53.59345626831055
    },
    {
      "high_freq": 392.3793640136719,
      "loudness": -27.94906997680664,
      "loudness_range": 27.65161895751953,
      "low_freq": 148.1999969482422,
      "mid_mean": -24.684490203857422,
      "mid_to_side_loudness": -14.023043632507324,
      "mid_to_side_loudness_range": 22.561399459838867,
      "side_mean": -39.48508834838867
    },
    {
      "high_freq": 794.6976318359375,
      "loudness": -22.765750885009766,
      "loudness_range": 16.604167938232422,
      "low_freq": 392.3793640136719,
      "mid_mean": -19.791919708251953,
      "mid_to_side_loudness": -11.22118091583252,
      "mid_to_side_loudness_range": 20.186264038085938,
      "side_mean": -31.06414794921875
    },
    {
      "high_freq": 1457.5709228515625,
      "loudness": -20.600156784057617,
      "loudness_range": 15.068723678588867,
      "low_freq": 794.6976318359375,
      "mid_mean": -17.848674774169922,
      "mid_to_side_loudness": -8.96465015411377,
      "mid_to_side_loudness_range": 18.103845596313477,
      "side_mean": -26.718244552612305
    },
    {
      "high_freq": 2549.74365234375,
      "loudness": -21.42918586730957,
      "loudness_range": 15.174708366394043,
      "low_freq": 1457.5709228515625,
      "mid_mean": -18.605194091796875,
      "mid_to_side_loudness": -8.628353118896484,
      "mid_to_side_loudness_range": 15.062137603759766,
      "side_mean": -26.981809616088867
    },
    {
      "high_freq": 4349.24462890625,
      "loudness": -24.41472625732422,
      "loudness_range": 14.702987670898438,
      "low_freq": 2549.74365234375,
      "mid_mean": -21.525074005126953,
      "mid_to_side_loudness": -8.666265487670898,
      "mid_to_side_loudness_range": 12.921856880187988,
      "side_mean": -29.532724380493164
    },
    {
      "high_freq": 7314.1640625,
      "loudness": -22.48115348815918,
      "loudness_range": 17.689041137695312,
      "low_freq": 4349.24462890625,
      "mid_mean": -19.48430824279785,
      "mid_to_side_loudness": -9.354701042175293,
      "mid_to_side_loudness_range": 13.821186065673828,
      "side_mean": -28.161165237426758
    },
    {
      "high_freq": 12199.2666015625,
      "loudness": -20.963560104370117,
      "loudness_range": 19.157634735107422,
      "low_freq": 7314.1640625,
      "mid_mean": -18.09572982788086,
      "mid_to_side_loudness": -8.27827262878418,
      "mid_to_side_loudness_range": 13.128040313720703,
      "side_mean": -26.23097038269043
    },
    {
      "loudness": -26.930612564086914,
      "loudness_range": 22.909639358520508,
      "low_freq": 12199.2666015625,
      "mid_mean": -24.418895721435547,
      "mid_to_side_loudness": -6.71131706237793,
      "mid_to_side_loudness_range": 12.265203475952148,
      "side_mean": -30.990503311157227
    }
  ],
  "bandwidth": 768.7532958984375,
  "channels": 2,
  "covariance": [
    [
      97.6051254272461,
      -1.069618821144104,
      14.355291366577148,
      -15.271472930908203,
      3.1186680793762207,
      -12.162440299987793,
      6.93113374710083,
      -5.006181240081787,
      10.49191665649414,
      1.2269567251205444,
      12.169686317443848,
      1.2492051124572754,
      15.922048568725586,
      8.935306549072266,
      22.311540603637695,
      21.99502944946289,
      33.83620071411133,
      25.34534454345703
    ],
    [
      -1.069618821144104,
      75.28555297851562,
      15.183671951293945,
      36.5816535949707,
      5.008629322052002,
      18.8465518951416,
      4.95414400100708,
      17.26395034790039,
      8.576509475708008,
      18.58570098876953,
      9.731976509094238,
      16.529802322387695,
      12.078968048095703,
      20.378799438476562,
      5.173756122589111,
      13.2710599899292,
      1.8609039783477783,
      9.93565559387207
    ],
    [
      14.355291366577148,
      15.183671951293945,
      43.20526123046875,
      21.107847213745117,
      11.183996200561523,
      9.033927917480469,
      10.704080581665039,
      10.594725608825684,
      14.494029998779297,
      10.73896598815918,
      17.00664520263672,
      8.841278076171875,
      24.119359970092773,
      21.492408752441406,
      23.12873649597168,
      27.195632934570312,
      22.784080505371094,
      23.008813858032227
    ],
    [
      -15.271472930908203,
      36.5816535949707,
      21.107847213745117,
      51.875850677490234,
      10.0846586227417,
      30.31882667541504,
      7.951777935028076,
      24.670106887817383,
      11.5382719039917,
      19.780216217041016,
      12.267813682556152,
      15.50011157989502,
      13.601096153259277,
      20.9428768157959,
      5.5810546875,
      13.225908279418945,
      0.8424052596092224,
      5.689898490905762
    ],
    [
      3.1186680793762207,
      5.008629322052002,
      11.183996200561523,
      10.0846586227417,
      17.165491104125977,
      9.04242992401123,
      9.669328689575195,
      5.417830944061279,
      10.005402565002441,
      4.819610118865967,
      8.876498222351074,
      4.454434871673584,
      13.184104919433594,
      9.904035568237305,
      7.742950439453125,
      11.848875045776367,
      4.7676472663879395,
      8.32737922668457
    ],
    [
      -12.162440299987793,
      18.8465518951416,
      9.033927917480469,
      30.31882667541504,
      9.04242992401123,
      33.38549041748047,
      5.762485504150391,
      24.10543441772461,
      6.79363489151001,
      14.51412296295166,
      7.766745567321777,
      10.998396873474121,
      7.020933628082275,
      12.244275093078613,
      2.8972127437591553,
      4.637901306152344,
      0.006682087667286396,
      -1.241937518119812
    ],
    [
      6.93113374710083,
      4.95414400100708,
      10.704080581665039,
      7.951777935028076,
      9.669328689575195,
      5.762485504150391,
      15.12048625946045,
      8.99887466430664,
      11.695540428161621,
      6.844027996063232,
      10.121697425842285,
      5.501791477203369,
      13.329615592956543,
      11.024155616760254,
      10.650136947631836,
      11.147567749023438,
      8.339421272277832,
      7.997103691101074
    ],
    [
      -5.006181240081787,
      17.26395034790039,
      10.594725608825684,
      24.670106887817383,
      5.417830944061279,
      24.10543441772461,
      8.99887466430664,
      31.009849548339844,
      8.093379020690918,
      17.064496994018555,
      7.12030553817749,
      11.950157165527344,
      7.967591762542725,
      14.793972969055176,
      5.59160852432251,
      4.49452543258667,
      2.5955355167388916,
      -2.28422474861145
    ],
    [
      10.49191665649414,
      8.576509475708008,
      14.494029998779297,
      11.5382719039917,
      10.005402565002441,
      6.79363489151001,
      11.695540428161621,
      8.093379020690918,
      19.53435707092285,
      10.152478218078613,
      15.016312599182129,
      7.309774875640869,
      17.339197158813477,
      12.56913948059082,
      14.030142784118652,
      13.385529518127441,
      13.2972412109375,
      11.101927757263184
    ],
    [
      1.2269567251205444,
      18.58570098876953,
      10.73896598815918,
      19.780216217041016,
      4.819610118865967,
      14.51412296295166,
      6.844027996063232,
      17.064496994018555,
      10.152478218078613,
      22.560319900512695,
      8.788054466247559,
      14.035562515258789,
      9.166449546813965,
      15.812660217285156,
      5.436051368713379,
      7.277321815490723,
      5.354280948638916,
      3.3472349643707275
    ],
    [
      12.169686317443848,
      9.731976509094238,
      17.00664520263672,
      12.267813682556152,
      8.876498222351074,
      7.766745567321777,
      10.121697425842285,
      7.12030553817749,
      15.016312599182129,
      8.788054466247559,
      20.110660552978516,
      9.234116554260254,
      19.179718017578125,
      13.183999061584473,
      17.358455657958984,
      14.345821380615234,
      16.958698272705078,
      13.545999526977539
    ],
    [
      1.2492051124572754,
      16.529802322387695,
      8.841278076171875,
      15.50011157989502,
      4.454434871673584,
      10.998396873474121,
      5.501791477203369,
      11.950157165527344,
      7.309774875640869,
      14.035562515258789,
      9.234116554260254,
      17.94966697692871,
      9.3370943069458,
      17.101715087890625,
      4.773972988128662,
      9.828852653503418,
      3.3835856914520264,
      6.71052360534668
    ],
    [
      15.922048568725586,
      12.078968048095703,
      24.119359970092773,
      13.601096153259277,
      13.184104919433594,
      7.020933628082275,
      13.329615592956543,
      7.967591762542725,
      17.339197158813477,
      9.166449546813965,
      19.179718017578125,
      9.3370943069458,
      27.55826187133789,
      19.31977081298828,
      23.375104904174805,
      23.894943237304688,
      19.94761848449707,
      20.20053482055664
    ],
    [
      8.935306549072266,
      20.378799438476562,
      21.492408752441406,
      20.9428768157959,
      9.904035568237305,
      12.244275093078613,
      11.024155616760254,
      14.793972969055176,
      12.56913948059082,
      15.812660217285156,
      13.183999061584473,
      17.101715087890625,
      19.31977081298828,
      30.42932891845703,
      13.314299583435059,
      23.61147117614746,
      9.90429973602295,
      16.040006637573242
    ],
    [
      22.311540603637695,
      5.173756122589111,
      23.12873649597168,
      5.5810546875,
      7.742950439453125,
      2.8972127437591553,
      10.650136947631836,
      5.59160852432251,
      14.030142784118652,
      5.436051368713379,
      17.358455657958984,
      4.773972988128662,
      23.375104904174805,
      13.314299583435059,
      35.984432220458984,
      24.63582992553711,
      34.49142837524414,
      25.124048233032227
    ],
    [
      21.99502944946289,
      13.2710599899292,
      27.195632934570312,
      13.225908279418945,
      11.848875045776367,
      4.637901306152344,
      11.147567749023438,
      4.49452543258667,
      13.385529518127441,
      7.277321815490723,
      14.345821380615234,
      9.828852653503418,
      23.894943237304688,
      23.61147117614746,
      24.63582992553711,
      42.126617431640625,
      24.875280380249023,
      35.12513732910156
    ],
    [
      33.83620071411133,
      1.8609039783477783,
      22.784080505371094,
      0.8424052596092224,
      4.7676472663879395,
      0.006682087667286396,
      8.339421272277832,
      2.5955355167388916,
      13.2972412109375,
      5.354280948638916,
      16.958698272705078,
      3.3835856914520264,
      19.94761848449707,
      9.90429973602295,
      34.49142837524414,
      24.875280380249023,
      51.82124328613281,
      33.345706939697266
    ],
    [
      25.34534454345703,
      9.93565559387207,
      23.008813858032227,
      5.689898490905762,
      8.32737922668457,
      -1.241937518119812,
      7.997103691101074,
      -2.28422474861145,
      11.101927757263184,
      3.3472349643707275,
      13.545999526977539,
      6.71052360534668,
      20.20053482055664,
      16.040006637573242,
      25.124048233032227,
      35.12513732910156,
      33.345706939697266,
      45.42866516113281
    ]
  ],
  "covariance_short": [
    [
      157.7010040283203,
      -4.307675838470459,
      10.206324577331543,
      -23.49354362487793,
      6.32786226272583,
      -14.846659660339355,
      8.483626365661621,
      -11.706149101257324,
      11.617098808288574,
      -2.934800863265991,
      11.750086784362793,
      -2.678014039993286,
      13.876935005187988,
      3.2582640647888184,
      20.451597213745117,
      15.581377029418945,
      30.927200317382812,
      23.95172882080078
    ],
    [
      -4.307675838470459,
      117.31619262695312,
      26.620031356811523,
      50.41926574707031,
      6.20556640625,
      27.323389053344727,
      6.918120861053467,
      26.365880966186523,
      10.941670417785645,
      26.64925193786621,
      13.191107749938965,
      24.25882339477539,
      13.869709968566895,
      27.203615188598633,
      8.054011344909668,
      16.573869705200195,
      7.466143608093262,
      13.90250301361084
    ],
    [
      10.206324577331543,
      26.620031356811523,
      76.49270629882812,
      30.826242446899414,
      8.916902542114258,
      7.7759785652160645,
      7.888329982757568,
      7.9999613761901855,
      15.296411514282227,
      13.572391510009766,
      18.864501953125,
      15.672390937805176,
      24.81052589416504,
      23.79359245300293,
      24.30903434753418,
      25.00792121887207,
      25.21251106262207,
      25.808059692382812
    ],
    [
      -23.49354362487793,
      50.41926574707031,
      30.826242446899414,
      65.564697265625,
      8.07869815826416,
      31.227813720703125,
      8.066171646118164,
      26.771760940551758,
      11.600400924682617,
      25.633249282836914,
      14.212240219116211,
      23.63979721069336,
      16.32367515563965,
      27.768354415893555,
      8.573872566223145,
      16.765666961669922,
      3.4106969833374023,
      9.337736129760742
    ],
    [
      6.32786226272583,
      6.20556640625,
      8.916902542114258,
      8.07869815826416,
      40.2457275390625,
      17.280717849731445,
      23.555688858032227,
      10.395195960998535,
      21.118135452270508,
      10.756147384643555,
      16.88290786743164,
      10.707291603088379,
      18.82467269897461,
      16.521474838256836,
      12.756502151489258,
      15.532163619995117,
      9.644177436828613,
      12.930846214294434
    ],
    [
      -14.846659660339355,
      27.323389053344727,
      7.7759785652160645,
      31.227813720703125,
      17.280717849731445,
      47.52116012573242,
      14.185761451721191,
      31.096529006958008,
      11.330859184265137,
      21.764755249023438,
      10.459818840026855,
      18.218109130859375,
      9.634751319885254,
      18.58057975769043,
      2.1657304763793945,
      8.060111045837402,
      -2.0956811904907227,
      0.75086909532547
    ],
    [
      8.483626365661621,
      6.918120861053467,
      7.888329982757568,
      8.066171646118164,
      23.555688858032227,
      14.185761451721191,
      35.032649993896484,
      18.03175926208496,
      22.416149139404297,
      13.500590324401855,
      18.267549514770508,
      12.377323150634766,
      19.85655975341797,
      17.448450088500977,
      15.832527160644531,
      15.03211498260498,
      12.337417602539062,
      12.433536529541016
    ],
    [
      -11.706149101257324,
      26.365880966186523,
      7.9999613761901855,
      26.771760940551758,
      10.395195960998535,
      31.096529006958008,
      18.03175926208496,
      42.97166061401367,
      11.886466026306152,
      24.037927627563477,
      9.276300430297852,
      18.868953704833984,
      9.764660835266113,
      19.721940994262695,
      4.957513332366943,
      7.049458980560303,
      -0.30870959162712097,
      0.6015790700912476
    ],
    [
      11.617098808288574,
      10.941670417785645,
      15.296411514282227,
      11.600400924682617,
      21.118135452270508,
      11.330859184265137,
      22.416149139404297,
      11.886466026306152,
      33.838050842285156,
      18.393836975097656,
      22.739900588989258,
      15.436177253723145,
      23.483753204345703,
      20.730655670166016,
      18.9606876373291,
      19.075050354003906,
      17.37990951538086,
      17.714649200439453
    ],
    [
      -2.934800863265991,
      26.64925193786621,
      13.572391510009766,
      25.633249282836914,
      10.756147384643555,
      21.764755249023438,
      13.500590324401855,
      24.037927627563477,
      18.393836975097656,
      35.54713439941406,
      15.631059646606445,
      24.592844009399414,
      15.584979057312012,
      25.44350814819336,
      9.247888565063477,
      14.4550199508667,
      8.374021530151367,
      11.251165390014648
    ],
    [
      11.750086784362793,
      13.191107749938965,
      18.864501953125,
      14.212240219116211,
      16.88290786743164,
      10.459818840026855,
      18.267549514770508,
      9.276300430297852,
      22.739900588989258,
      15.631059646606445,
      31.414743423461914,
      20.02750587463379,
      27.990741729736328,
      23.1998291015625,
      24.61267852783203,
      22.253009796142578,
      24.005531311035156,
      22.150524139404297
    ],
    [
      -2.678014039993286,
      24.25882339477539,
      15.672390937805176,
      23.63979721069336,
      10.707291603088379,
      18.218109130859375,
      12.377323150634766,
      18.868953704833984,
      15.436177253723145,
      24.592844009399414,
      20.02750587463379,
      34.01743698120117,
      19.14455223083496,
      29.419105529785156,
      13.21982192993164,
      20.404075622558594,
      12.292489051818848,
      18.0705509185791
    ],
    [
      13.876935005187988,
      13.869709968566895,
      24.81052589416504,
      16.32367515563965,
      18.82467269897461,
      9.634751319885254,
      19.85655975341797,
      9.764660835266113,
      23.483753204345703,
      15.584979057312012,
      27.990741729736328,
      19.14455223083496,
      40.94851303100586,
      31.15321159362793,
      35.213722229003906,
      32.364540100097656,
      31.274076461791992,
      31.487565994262695
    ],
    [
      3.2582640647888184,
      27.203615188598633,
      23.79359245300293,
      27.768354415893555,
      16.521474838256836,
      18.58057975769043,
      17.448450088500977,
      19.721940994262695,
      20.730655670166016,
      25.44350814819336,
      23.1998291015625,
      29.419105529785156,
      31.15321159362793,
      51.3697395324707,
      23.470626831054688,
      37.71741485595703,
      20.345705032348633,
      31.772457122802734
    ],
    [
      20.451597213745117,
      8.054011344909668,
      24.30903434753418,
      8.573872566223145,
      12.756502151489258,
      2.1657304763793945,
      15.832527160644531,
      4.957513332366943,
      18.9606876373291,
      9.247888565063477,
      24.61267852783203,
      13.21982192993164,
      35.213722229003906,
      23.470626831054688,
      53.068138122558594,
      37.52498245239258,
      49.39921951293945,
      42.058998107910156
    ],
    [
      15.581377029418945,
      16.573869705200195,
      25.00792121887207,
      16.765666961669922,
      15.532163619995117,
      8.060111045837402,
      15.03211498260498,
      7.049458980560303,
      19.075050354003906,
      14.4550199508667,
      22.253009796142578,
      20.404075622558594,
      32.364540100097656,
      37.71741485595703,
      37.52498245239258,
      62.0902099609375,
      39.363826751708984,
      56.930511474609375
    ],
    [
      30.927200317382812,
      7.466143608093262,
      25.21251106262207,
      3.4106969833374023,
      9.644177436828613,
      -2.0956811904907227,
      12.337417602539062,
      -0.30870959162712097,
      17.37990951538086,
      8.374021530151367,
      24.005531311035156,
      12.292489051818848,
      31.274076461791992,
      20.345705032348633,
      49.39921951293945,
      39.363826751708984,
      72.9437026977539,
      55.365509033203125
    ],
    [
      23.95172882080078,
      13.90250301361084,
      25.808059692382812,
      9.337736129760742,
      12.930846214294434,
      0.75086909532547,
      12.433536529541016,
      0.6015790700912476,
      17.714649200439453,
      11.251165390014648,
      22.150524139404297,
      18.0705509185791,
      31.487565994262695,
      31.772457122802734,
      42.058998107910156,
      56.930511474609375,
      55.365509033203125,
      79.84739685058594
    ]
  ],
  "damage": -2.106323719024658,
  "diff_bandwidth": 694.3920288085938,
  "dissonance": 12.049490431935954,
  "drr": 17.76355743408203,
  "dynamics": 3.114365339279175,
  "format": 1245190,
  "frames": 11415488,
  "loudness": -7.006816864013672,
  "loudness_range": 10.129899978637695,
  "loudness_range_short": 12.208124160766602,
  "lowpass_true_peak_15khz": 2.846135377883911,
  "mastering3_acoustic_entropies": [
    {
      "acoustic_entropy": 9.156880378723145,
      "acoustic_entropy_mono": 8.979402542114258,
      "band_eliminated_acoustic_entropies": [
        {
          "acoustic_entropy": 8.353225708007812,
          "acoustic_entropy_side": 9.154967308044434,
          "hz": 129.47220167065723
        },
        {
          "acoustic_entropy": 8.682673454284668,
          "acoustic_entropy_side": 9.156622886657715,
          "hz": 202.92927478742237
        },
        {
          "acoustic_entropy": 9.079865455627441,
          "acoustic_entropy_side": 9.158122062683105,
          "hz": 282.89161906338205
        },
        {
          "acoustic_entropy": 9.386353492736816,
          "acoustic_entropy_side": 9.154448509216309,
          "hz": 369.9353335868758
        },
        {
          "acoustic_entropy": 9.218843460083008,
          "acoustic_entropy_side": 9.155770301818848,
          "hz": 464.6875360973435
        },
        {
          "acoustic_entropy": 9.250680923461914,
          "acoustic_entropy_side": 9.167556762695312,
          "hz": 567.8308811364784
        },
        {
          "acoustic_entropy": 9.174308776855469,
          "acoustic_entropy_side": 9.156020164489746,
          "hz": 680.1084783214808
        },
        {
          "acoustic_entropy": 8.567793846130371,
          "acoustic_entropy_side": 9.11482048034668,
          "hz": 802.3292461747484
        },
        {
          "acoustic_entropy": 8.76134967803955,
          "acoustic_entropy_side": 9.046699523925781,
          "hz": 935.3737400823702
        },
        {
          "acoustic_entropy": 8.170275688171387,
          "acoustic_entropy_side": 8.985750198364258,
          "hz": 1080.2004963696966
        },
        {
          "acoustic_entropy": 8.91840648651123,
          "acoustic_entropy_side": 9.07086181640625,
          "hz": 1237.8529382007157
        },
        {
          "acoustic_entropy": 9.184866905212402,
          "acoustic_entropy_side": 9.103174209594727,
          "hz": 1409.4668930556702
        },
        {
          "acoustic_entropy": 9.146041870117188,
          "acoustic_entropy_side": 8.977885246276855,
          "hz": 1596.2787759475705
        },
        {
          "acoustic_entropy": 8.943607330322266,
          "acoustic_entropy_side": 8.993462562561035,
          "hz": 1799.6344973346393
        },
        {
          "acoustic_entropy": 9.105551719665527,
          "acoustic_entropy_side": 9.005029678344727,
          "hz": 2020.9991599069049
        },
        {
          "acoustic_entropy": 9.162532806396484,
          "acoustic_entropy_side": 9.024720191955566,
          "hz": 2261.9676141086993
        },
        {
          "acoustic_entropy": 9.127035140991211,
          "acoustic_entropy_side": 9.054652214050293,
          "hz": 2524.2759484456974
        },
        {
          "acoustic_entropy": 8.975646018981934,
          "acoustic_entropy_side": 9.092182159423828,
          "hz": 2809.813997359896
        },
        {
          "acoustic_entropy": 9.109525680541992,
          "acoustic_entropy_side": 9.09300708770752,
          "hz": 3120.6389567871424
        },
        {
          "acoustic_entropy": 9.087546348571777,
          "acoustic_entropy_side": 9.11103343963623,
          "hz": 3458.990205492291
        },
        {
          "acoustic_entropy": 9.109407424926758,
          "acoustic_entropy_side": 9.135249137878418,
          "hz": 3827.305438964164
        },
        {
          "acoustic_entropy": 9.078295707702637,
          "acoustic_entropy_side": 9.127050399780273,
          "hz": 4228.238232109126
        },
        {
          "acoustic_entropy": 9.073017120361328,
          "acoustic_entropy_side": 9.132676124572754,
          "hz": 4664.6771572759235
        },
        {
          "acoustic_entropy": 9.136430740356445,
          "acoustic_entropy_side": 9.144877433776855,
          "hz": 5139.766595350093
        },
        {
          "acoustic_entropy": 9.191746711730957,
          "acoustic_entropy_side": 9.171969413757324,
          "hz": 5656.929389854203
        },
        {
          "acoustic_entropy": 9.185869216918945,
          "acoustic_entropy_side": 9.18600845336914,
          "hz": 6219.891507268283
        },
        {
          "acoustic_entropy": 9.270381927490234,
          "acoustic_entropy_side": 9.21153736114502,
          "hz": 6832.70888123896
        },
        {
          "acoustic_entropy": 9.215700149536133,
          "acoustic_entropy_side": 9.234980583190918,
          "hz": 7499.796634079867
        },
        {
          "acoustic_entropy": 9.139095306396484,
          "acoustic_entropy_side": 9.242805480957031,
          "hz": 8225.96088609342
        },
        {
          "acoustic_entropy": 9.184672355651855,
          "acoustic_entropy_side": 9.223222732543945,
          "hz": 9016.43338188839
        },
        {
          "acoustic_entropy": 9.213261604309082,
          "acoustic_entropy_side": 9.224185943603516,
          "hz": 9876.909183162974
        },
        {
          "acoustic_entropy": 9.252481460571289,
          "acoustic_entropy_side": 9.262208938598633,
          "hz": 10813.587699516042
        },
        {
          "acoustic_entropy": 9.16288948059082,
          "acoustic_entropy_side": 9.213924407958984,
          "hz": 11833.21735289826
        },
        {
          "acoustic_entropy": 9.16374683380127,
          "acoustic_entropy_side": 9.202392578125,
          "hz": 12943.144197493959
        },
        {
          "acoustic_entropy": 9.157361030578613,
          "acoustic_entropy_side": 9.199372291564941,
          "hz": 14151.364845322005
        },
        {
          "acoustic_entropy": 9.159220695495605,
          "acoustic_entropy_side": 9.200958251953125,
          "hz": 15466.58407886509
        },
        {
          "acoustic_entropy": 9.161458015441895,
          "acoustic_entropy_side": 9.216326713562012,
          "hz": 16898.27756580493
        },
        {
          "acoustic_entropy": 9.159904479980469,
          "acoustic_entropy_side": 9.203807830810547,
          "hz": 18456.760127700032
        },
        {
          "acoustic_entropy": 9.14260196685791,
          "acoustic_entropy_side": 9.1784029006958,
          "hz": 20153.260054456492
        },
        {
          "acoustic_entropy": 9.164911270141602,
          "acoustic_entropy_side": 9.166874885559082,
          "hz": 22000.00000000001
        }
      ],
      "diff_acoustic_entropy": 9.417227745056152,
      "sn": 6
    },
    {
      "acoustic_entropy": 13.637825012207031,
      "acoustic_entropy_mono": 11.902350425720215,
      "band_eliminated_acoustic_entropies": [
        {
          "acoustic_entropy": 12.681286811828613,
          "acoustic_entropy_side": 13.641069412231445,
          "hz": 129.47220167065723
        },
        {
          "acoustic_entropy": 13.899419784545898,
          "acoustic_entropy_side": 13.64506721496582,
          "hz": 202.92927478742237
        },
        {
          "acoustic_entropy": 13.21172046661377,
          "acoustic_entropy_side": 13.638716697692871,
          "hz": 282.89161906338205
        },
        {
          "acoustic_entropy": 14.231390953063965,
          "acoustic_entropy_side": 13.640654563903809,
          "hz": 369.9353335868758
        },
        {
          "acoustic_entropy": 13.699432373046875,
          "acoustic_entropy_side": 13.708332061767578,
          "hz": 464.6875360973435
        },
        {
          "acoustic_entropy": 14.347247123718262,
          "acoustic_entropy_side": 13.768789291381836,
          "hz": 567.8308811364784
        },
        {
          "acoustic_entropy": 14.287976264953613,
          "acoustic_entropy_side": 14.302614212036133,
          "hz": 680.1084783214808
        },
        {
          "acoustic_entropy": 13.482373237609863,
          "acoustic_entropy_side": 13.888195991516113,
          "hz": 802.3292461747484
        },
        {
          "acoustic_entropy": 13.89431381225586,
          "acoustic_entropy_side": 13.54986572265625,
          "hz": 935.3737400823702
        },
        {
          "acoustic_entropy": 13.998629570007324,
          "acoustic_entropy_side": 13.44117259979248,
          "hz": 1080.2004963696966
        },
        {
          "acoustic_entropy": 13.69314193725586,
          "acoustic_entropy_side": 13.60115909576416,
          "hz": 1237.8529382007157
        },
        {
          "acoustic_entropy": 13.820282936096191,
          "acoustic_entropy_side": 13.44247055053711,
          "hz": 1409.4668930556702
        },
        {
          "acoustic_entropy": 13.129279136657715,
          "acoustic_entropy_side": 13.6553955078125,
          "hz": 1596.2787759475705
        },
        {
          "acoustic_entropy": 13.361807823181152,
          "acoustic_entropy_side": 13.630741119384766,
          "hz": 1799.6344973346393
        },
        {
          "acoustic_entropy": 13.577125549316406,
          "acoustic_entropy_side": 13.61043643951416,
          "hz": 2020.9991599069049
        },
        {
          "acoustic_entropy": 13.50870418548584,
          "acoustic_entropy_side": 13.642014503479004,
          "hz": 2261.9676141086993
        },
        {
          "acoustic_entropy": 13.746424674987793,
          "acoustic_entropy_side": 13.752686500549316,
          "hz": 2524.2759484456974
        },
        {
          "acoustic_entropy": 14.052643775939941,
          "acoustic_entropy_side": 13.753046035766602,
          "hz": 2809.813997359896
        },
        {
          "acoustic_entropy": 13.910017967224121,
          "acoustic_entropy_side": 13.645578384399414,
          "hz": 3120.6389567871424
        },
        {
          "acoustic_entropy": 13.819581985473633,
          "acoustic_entropy_side": 13.647873878479004,
          "hz": 3458.990205492291
        },
        {
          "acoustic_entropy": 13.775045394897461,
          "acoustic_entropy_side": 13.62375545501709,
          "hz": 3827.305438964164
        },
        {
          "acoustic_entropy": 13.737909317016602,
          "acoustic_entropy_side": 13.65866756439209,
          "hz": 4228.238232109126
        },
        {
          "acoustic_entropy": 13.599227905273438,
          "acoustic_entropy_side": 13.646854400634766,
          "hz": 4664.6771572759235
        },
        {
          "acoustic_entropy": 13.64152717590332,
          "acoustic_entropy_side": 13.636601448059082,
          "hz": 5139.766595350093
        },
        {
          "acoustic_entropy": 13.694976806640625,
          "acoustic_entropy_side": 13.687122344970703,
          "hz": 5656.929389854203
        },
        {
          "acoustic_entropy": 13.672548294067383,
          "acoustic_entropy_side": 13.719878196716309,
          "hz": 6219.891507268283
        },
        {
          "acoustic_entropy": 13.899564743041992,
          "acoustic_entropy_side": 13.768549919128418,
          "hz": 6832.70888123896
        },
        {
          "acoustic_entropy": 14.112345695495605,
          "acoustic_entropy_side": 13.950984001159668,
          "hz": 7499.796634079867
        },
        {
          "acoustic_entropy": 13.966263771057129,
          "acoustic_entropy_side": 13.957529067993164,
          "hz": 8225.96088609342
        },
        {
          "acoustic_entropy": 13.928421974182129,
          "acoustic_entropy_side": 13.94250774383545,
          "hz": 9016.43338188839
        },
        {
          "acoustic_entropy": 13.90134334564209,
          "acoustic_entropy_side": 13.869738578796387,
          "hz": 9876.909183162974
        },
        {
          "acoustic_entropy": 13.902958869934082,
          "acoustic_entropy_side": 13.837995529174805,
          "hz": 10813.587699516042
        },
        {
          "acoustic_entropy": 13.755292892456055,
          "acoustic_entropy_side": 13.746359825134277,
          "hz": 11833.21735289826
        },
        {
          "acoustic_entropy": 13.73084545135498,
          "acoustic_entropy_side": 13.743250846862793,
          "hz": 12943.144197493959
        },
        {
          "acoustic_entropy": 13.706084251403809,
          "acoustic_entropy_side": 13.707747459411621,
          "hz": 14151.364845322005
        },
        {
          "acoustic_entropy": 13.70681381225586,
          "acoustic_entropy_side": 13.635233879089355,
          "hz": 15466.58407886509
        },
        {
          "acoustic_entropy": 13.686910629272461,
          "acoustic_entropy_side": 13.711874961853027,
          "hz": 16898.27756580493
        },
        {
          "acoustic_entropy": 13.779722213745117,
          "acoustic_entropy_side": 13.755825996398926,
          "hz": 18456.760127700032
        },
        {
          "acoustic_entropy": 13.812150955200195,
          "acoustic_entropy_side": 13.736616134643555,
          "hz": 20153.260054456492
        },
        {
          "acoustic_entropy": 13.87221908569336,
          "acoustic_entropy_side": 13.793420791625977,
          "hz": 22000.00000000001
        }
      ],
      "diff_acoustic_entropy": 13.668560981750488,
      "sn": 12
    },
    {
      "acoustic_entropy": 19.797658920288086,
      "acoustic_entropy_mono": 16.827417373657227,
      "band_eliminated_acoustic_entropies": [
        {
          "acoustic_entropy": 18.826465606689453,
          "acoustic_entropy_side": 20.217872619628906,
          "hz": 129.47220167065723
        },
        {
          "acoustic_entropy": 20.318567276000977,
          "acoustic_entropy_side": 19.87118911743164,
          "hz": 202.92927478742237
        },
        {
          "acoustic_entropy": 19.757253646850586,
          "acoustic_entropy_side": 20.211692810058594,
          "hz": 282.89161906338205
        },
        {
          "acoustic_entropy": 20.538074493408203,
          "acoustic_entropy_side": 19.90652847290039,
          "hz": 369.9353335868758
        },
        {
          "acoustic_entropy": 20.40828514099121,
          "acoustic_entropy_side": 21.030105590820312,
          "hz": 464.6875360973435
        },
        {
          "acoustic_entropy": 19.98897933959961,
          "acoustic_entropy_side": 20.09174919128418,
          "hz": 567.8308811364784
        },
        {
          "acoustic_entropy": 20.563255310058594,
          "acoustic_entropy_side": 19.943052291870117,
          "hz": 680.1084783214808
        },
        {
          "acoustic_entropy": 20.035320281982422,
          "acoustic_entropy_side": 20.649545669555664,
          "hz": 802.3292461747484
        },
        {
          "acoustic_entropy": 20.504289627075195,
          "acoustic_entropy_side": 20.465890884399414,
          "hz": 935.3737400823702
        },
        {
          "acoustic_entropy": 19.468660354614258,
          "acoustic_entropy_side": 19.72437286376953,
          "hz": 1080.2004963696966
        },
        {
          "acoustic_entropy": 20.12625503540039,
          "acoustic_entropy_side": 19.75440216064453,
          "hz": 1237.8529382007157
        },
        {
          "acoustic_entropy": 19.869335174560547,
          "acoustic_entropy_side": 19.787729263305664,
          "hz": 1409.4668930556702
        },
        {
          "acoustic_entropy": 20.055471420288086,
          "acoustic_entropy_side": 19.873037338256836,
          "hz": 1596.2787759475705
        },
        {
          "acoustic_entropy": 19.945539474487305,
          "acoustic_entropy_side": 19.803150177001953,
          "hz": 1799.6344973346393
        },
        {
          "acoustic_entropy": 20.187395095825195,
          "acoustic_entropy_side": 20.04419708251953,
          "hz": 2020.9991599069049
        },
        {
          "acoustic_entropy": 19.924577713012695,
          "acoustic_entropy_side": 19.863445281982422,
          "hz": 2261.9676141086993
        },
        {
          "acoustic_entropy": 19.745357513427734,
          "acoustic_entropy_side": 19.863210678100586,
          "hz": 2524.2759484456974
        },
        {
          "acoustic_entropy": 19.995010375976562,
          "acoustic_entropy_side": 19.88419532775879,
          "hz": 2809.813997359896
        },
        {
          "acoustic_entropy": 19.777345657348633,
