{
  "acoustic_entropy": 124.31602478027344,
  "bands": [
    {
      "high_freq": 148.1999969482422,
      "loudness": -75.63743591308594,
      "loudness_range": 12.140731811523438,
      "mid_mean": -67.59963989257812,
      "mid_to_side_loudness": -19.228412628173828,
      "mid_to_side_loudness_range": 15.773845672607422,
      "side_mean": -69.9652328491211
    },
    {
      "high_freq": 392.3793640136719,
      "loudness": -34.93522262573242,
      "loudness_range": 21.743043899536133,
      "low_freq": 148.1999969482422,
      "mid_mean": -32.38753128051758,
      "mid_to_side_loudness": -16.05266761779785,
      "mid_to_side_loudness_range": 15.585203170776367,
      "side_mean": -52.88615036010742
    },
    {
      "high_freq": 794.6976318359375,
      "loudness": -31.353418350219727,
      "loudness_range": 20.356218338012695,
      "low_freq": 392.3793640136719,
      "mid_mean": -28.050344467163086,
      "mid_to_side_loudness": -12.268391609191895,
      "mid_to_side_loudness_range": 14.990236282348633,
      "side_mean": -41.255924224853516
    },
    {
      "high_freq": 1457.5709228515625,
      "loudness": -32.50716781616211,
      "loudness_range": 24.610998153686523,
      "low_freq": 794.6976318359375,
      "mid_mean": -29.703510284423828,
      "mid_to_side_loudness": -9.267910957336426,
      "mid_to_side_loudness_range": 14.379931449890137,
      "side_mean": -39.69224548339844
    },
    {
      "high_freq": 2549.74365234375,
      "loudness": -38.39503479003906,
      "loudness_range": 25.5166072845459,
      "low_freq": 1457.5709228515625,
      "mid_mean": -35.39461135864258,
      "mid_to_side_loudness": -12.00341510772705,
      "mid_to_side_loudness_range": 16.314537048339844,
      "side_mean": -49.23337173461914
    },
    {
      "high_freq": 4349.24462890625,
      "loudness": -44.56839370727539,
      "loudness_range": 24.488868713378906,
      "low_freq": 2549.74365234375,
      "mid_mean": -41.33799743652344,
      "mid_to_side_loudness": -11.541778564453125,
      "mid_to_side_loudness_range": 13.699889183044434,
      "side_mean": -54.6210823059082
    },
    {
      "high_freq": 7314.1640625,
      "loudness": -46.51758575439453,
      "loudness_range": 24.925857543945312,
      "low_freq": 4349.24462890625,
      "mid_mean": -43.501651763916016,
      "mid_to_side_loudness": -13.620915412902832,
      "mid_to_side_loudness_range": 14.654741287231445,
      "side_mean": -58.09754180908203
    },
    {
      "high_freq": 12199.2666015625,
      "loudness": -52.676483154296875,
      "loudness_range": 19.451416015625,
      "low_freq": 7314.1640625,
      "mid_mean": -50.848419189453125,
      "mid_to_side_loudness": -15.325937271118164,
      "mid_to_side_loudness_range": 14.806396484375,
      "side_mean": -63.6667594909668
    },
    {
      "loudness": -66.48218536376953,
      "loudness_range": 16.651966094970703,
      "low_freq": 12199.2666015625,
      "mid_mean": -62.112266540527344,
      "mid_to_side_loudness": -13.147832870483398,
      "mid_to_side_loudness_range": 14.658750534057617,
      "side_mean": -68.87957763671875
    }
  ],
  "bands_short": [
    {
      "high_freq": 148.1999969482422,
      "loudness": -75.30531311035156,
      "loudness_range": 13.663482666015625,
      "mid_mean": -67.35797119140625,
      "mid_to_side_loudness": -18.362689971923828,
      "mid_to_side_loudness_range": 17.96304702758789,
      "side_mean": -69.94163513183594
    },
    {
      "high_freq": 392.3793640136719,
      "loudness": -39.79710006713867,
      "loudness_range": 30.73900604248047,
      "low_freq": 148.1999969482422,
      "mid_mean": -38.013545989990234,
      "mid_to_side_loudness": -15.981893539428711,
      "mid_to_side_loudness_range": 20.092098236083984,
      "side_mean": -56.09730529785156
    },
    {
      "high_freq": 794.6976318359375,
      "loudness": -32.36738967895508,
      "loudness_range": 21.327003479003906,
      "low_freq": 392.3793640136719,
      "mid_mean": -29.222864151000977,
      "mid_to_side_loudness": -12.206796646118164,
      "mid_to_side_loudness_range": 18.53427505493164,
      "side_mean": -42.477508544921875
    },
    {
      "high_freq": 1457.5709228515625,
      "loudness": -32.20820617675781,
      "loudness_range": 25.143600463867188,
      "low_freq": 794.6976318359375,
      "mid_mean": -29.5156192779541,
      "mid_to_side_loudness": -9.298117637634277,
      "mid_to_side_loudness_range": 18.297636032104492,
      "side_mean": -39.85236740112305
    },
    {
      "high_freq": 2549.74365234375,
      "loudness": -39.11647033691406,
      "loudness_range": 26.857391357421875,
      "low_freq": 1457.5709228515625,
      "mid_mean": -36.255699157714844,
      "mid_to_side_loudness": -11.347476959228516,
      "mid_to_side_loudness_range": 19.758541107177734,
      "side_mean": -50.44575881958008
    },
    {
      "high_freq": 4349.24462890625,
      "loudness": -45.297794342041016,
      "loudness_range": 25.348846435546875,
      "low_freq": 2549.74365234375,
      "mid_mean": -42.38817596435547,
      "mid_to_side_loudness": -10.743447303771973,
      "mid_to_side_loudness_range": 17.13651466369629,
      "side_mean": -55.02043533325195
    },
    {
      "high_freq": 7314.1640625,
      "loudness": -47.25069046020508,
      "loudness_range": 26.60165023803711,
      "low_freq": 4349.24462890625,
      "mid_mean": -44.52641677856445,
      "mid_to_side_loudness": -12.694679260253906,
      "mid_to_side_loudness_range": 18.41387176513672,
      "side_mean": -58.41812515258789
    },
    {
      "high_freq": 12199.2666015625,
      "loudness": -53.345794677734375,
      "loudness_range": 21.164466857910156,
      "low_freq": 7314.1640625,
      "mid_mean": -51.97807312011719,
      "mid_to_side_loudness": -14.713579177856445,
      "mid_to_side_loudness_range": 17.622455596923828,
      "side_mean": -64.05333709716797
    },
    {
      "loudness": -66.88031768798828,
      "loudness_range": 19.645503997802734,
      "low_freq": 12199.2666015625,
      "mid_mean": -62.513275146484375,
      "mid_to_side_loudness": -12.774189949035645,
      "mid_to_side_loudness_range": 16.320802688598633,
      "side_mean": -68.8801498413086
    }
  ],
  "bandwidth": 869.2266845703125,
  "channels": 2,
  "covariance": [
    [
      4.232093811035156,
      0.009312575682997704,
      -0.3857877850532532,
      2.5289905071258545,
      -7.0251994132995605,
      -4.210273742675781,
      -9.045726776123047,
      -5.581732749938965,
      -7.859029769897461,
      -4.611483573913574,
      -5.883612155914307,
      -2.1548373699188232,
      -6.885857582092285,
      -3.063699245452881,
      -0.8752919435501099,
      -1.5410085916519165,
      -0.8265666365623474,
      -0.19211146235466003
    ],
    [
      0.009312575682997704,
      0.001057494548149407,
      -0.022699393332004547,
      0.006688205525279045,
      0.06145820766687393,
      0.05277819558978081,
      0.05471618473529816,
      0.06243215501308441,
      0.06300219148397446,
      0.07876855880022049,
      0.062212955206632614,
      0.08587956428527832,
      0.05624452978372574,
      0.0699828714132309,
      0.08270081877708435,
      0.03731295466423035,
      0.0407719723880291,
      0.006558537948876619
    ],
    [
      -0.3857877850532532,
      -0.022699393332004547,
      84.68046569824219,
      50.96092224121094,
      7.947561740875244,
      4.295188903808594,
      -7.883788108825684,
      -11.63000774383545,
      -2.771502733230591,
      5.6051249504089355,
      5.776615619659424,
      9.417634963989258,
      11.807012557983398,
      10.700027465820312,
      19.51981544494629,
      7.35605525970459,
      1.1660833358764648,
      -0.3443145453929901
    ],
    [
      2.5289905071258545,
      0.006688205525279045,
      50.96092224121094,
      105.44834899902344,
      6.462377071380615,
      5.384158134460449,
      -25.098129272460938,
      -26.924758911132812,
      -4.407337188720703,
      6.314767360687256,
      6.70245361328125,
      23.368602752685547,
      12.327600479125977,
      23.169021606445312,
      22.78502082824707,
      6.449909687042236,
      4.214636325836182,
      0.027674805372953415
    ],
    [
      -7.0251994132995605,
      0.06145820766687393,
      7.947561740875244,
      6.462377071380615,
      60.96076965332031,
      39.23991012573242,
      54.67920684814453,
      38.400272369384766,
      58.228397369384766,
      46.135772705078125,
      54.733238220214844,
      43.539615631103516,
      58.4780158996582,
      43.00334167480469,
      38.59122085571289,
      22.239233016967773,
      22.226511001586914,
      4.167180061340332
    ],
    [
      -4.210273742675781,
      0.05277819558978081,
      4.295188903808594,
      5.384158134460449,
      39.23991012573242,
      45.017669677734375,
      37.244380950927734,
      37.65591812133789,
      36.322086334228516,
      41.33076095581055,
      36.748477935791016,
      38.65091323852539,
      39.18857192993164,
      37.00625228881836,
      28.71638298034668,
      15.555219650268555,
      16.650419235229492,
      2.870290517807007
    ],
    [
      -9.045726776123047,
      0.05471618473529816,
      -7.883788108825684,
      -25.098129272460938,
      54.67920684814453,
      37.244380950927734,
      82.1822280883789,
      58.67280960083008,
      67.00444793701172,
      55.76362228393555,
      58.053245544433594,
      47.666263580322266,
      60.38210678100586,
      44.83914566040039,
      44.004703521728516,
      25.12486457824707,
      28.000091552734375,
      5.035522937774658
    ],
    [
      -5.581732749938965,
      0.06243215501308441,
      -11.63000774383545,
      -26.924758911132812,
      38.400272369384766,
      37.65591812133789,
      58.67280960083008,
      62.34823989868164,
      45.28691864013672,
      51.83419418334961,
      38.575199127197266,
      41.97943115234375,
      39.631980895996094,
      38.7434196472168,
      33.702877044677734,
      18.89495277404785,
      22.22170066833496,
      4.039846897125244
    ],
    [
      -7.859029769897461,
      0.06300219148397446,
      -2.771502733230591,
      -4.407337188720703,
      58.228397369384766,
      36.322086334228516,
      67.00444793701172,
      45.28691864013672,
      87.10445404052734,
      61.320335388183594,
      69.1374740600586,
      52.3286018371582,
      71.58759307861328,
      49.8411750793457,
      50.63587188720703,
      28.133020401000977,
      30.13482093811035,
      5.35711669921875
    ],
    [
      -4.611483573913574,
      0.07876855880022049,
      5.6051249504089355,
      6.314767360687256,
      46.135772705078125,
      41.33076095581055,
      55.76362228393555,
      51.83419418334961,
      61.320335388183594,
      78.61834716796875,
      52.76851272583008,
      61.83201217651367,
      53.705230712890625,
      54.32487487792969,
      57.51097106933594,
      27.77214813232422,
      30.7789249420166,
      5.226300239562988
    ],
    [
      -5.883612155914307,
      0.062212955206632614,
      5.776615619659424,
      6.70245361328125,
      54.733238220214844,
      36.748477935791016,
      58.053245544433594,
      38.575199127197266,
      69.1374740600586,
      52.76851272583008,
      75.26081085205078,
      55.26826095581055,
      76.07093811035156,
      52.47639846801758,
      48.75585174560547,
      28.169286727905273,
      28.191757202148438,
      5.298219203948975
    ],
    [
      -2.1548373699188232,
      0.08587956428527832,
      9.417634963989258,
      23.368602752685547,
      43.539615631103516,
      38.65091323852539,
      47.666263580322266,
      41.97943115234375,
      52.3286018371582,
      61.83201217651367,
      55.26826095581055,
      67.04374694824219,
      55.95648193359375,
      58.158409118652344,
      59.598968505859375,
      28.35972785949707,
      30.389938354492188,
      5.159655570983887
    ],
    [
      -6.885857582092285,
      0.05624452978372574,
      11.807012557983398,
      12.327600479125977,
      58.4780158996582,
      39.18857192993164,
      60.38210678100586,
      39.631980895996094,
      71.58759307861328,
      53.705230712890625,
      76.07093811035156,
      55.95648193359375,
      84.95716094970703,
      58.645042419433594,
      50.24177551269531,
      29.15117073059082,
      29.24332046508789,
      5.588728904724121
    ],
    [
      -3.063699245452881,
      0.0699828714132309,
      10.700027465820312,
      23.169021606445312,
      43.00334167480469,
      37.00625228881836,
      44.83914566040039,
      38.7434196472168,
      49.8411750793457,
      54.32487487792969,
      52.47639846801758,
      58.158409118652344,
      58.645042419433594,
      57.32696533203125,
      51.71000671386719,
      26.167858123779297,
      27.523761749267578,
      5.056473731994629
    ],
    [
      -0.8752919435501099,
      0.08270081877708435,
      19.51981544494629,
      22.78502082824707,
      38.59122085571289,
      28.71638298034668,
      44.004703521728516,
      33.702877044677734,
      50.63587188720703,
      57.51097106933594,
      48.75585174560547,
      59.598968505859375,
      50.24177551269531,
      51.71000671386719,
      75.5107192993164,
      34.24335479736328,
      36.30632019042969,
      5.860988616943359
    ],
    [
      -1.5410085916519165,
      0.03731295466423035,
      7.35605525970459,
      6.449909687042236,
      22.239233016967773,
      15.555219650268555,
      25.12486457824707,
      18.89495277404785,
      28.133020401000977,
      27.77214813232422,
      28.169286727905273,
      28.35972785949707,
      29.15117073059082,
      26.167858123779297,
      34.24335479736328,
      18.89145851135254,
      17.685258865356445,
      3.6407880783081055
    ],
    [
      -0.8265666365623474,
      0.0407719723880291,
      1.1660833358764648,
      4.214636325836182,
      22.226511001586914,
      16.650419235229492,
      28.000091552734375,
      22.22170066833496,
      30.13482093811035,
      30.7789249420166,
      28.191757202148438,
      30.389938354492188,
      29.24332046508789,
      27.523761749267578,
      36.30632019042969,
      17.685258865356445,
      23.13465690612793,
      4.3913469314575195
    ],
    [
      -0.19211146235466003,
      0.006558537948876619,
      -0.3443145453929901,
      0.027674805372953415,
      4.167180061340332,
      2.870290517807007,
      5.035522937774658,
      4.039846897125244,
      5.35711669921875,
      5.226300239562988,
      5.298219203948975,
      5.159655570983887,
      5.588728904724121,
      5.056473731994629,
      5.860988616943359,
      3.6407880783081055,
      4.3913469314575195,
      1.2268892526626587
    ]
  ],
  "covariance_short": [
    [
      5.508298873901367,
      0.04235358536243439,
      9.048808097839355,
      7.333348751068115,
      -7.139379978179932,
      -4.54110860824585,
      -10.921667098999023,
      -7.169591903686523,
      -8.971363067626953,
      -2.416266918182373,
      -7.081101417541504,
      -2.079209804534912,
      -7.418455600738525,
      -3.2384164333343506,
      -1.3976755142211914,
      -1.6118412017822266,
      -1.8424675464630127,
      -0.4643500745296478
    ],
    [
      0.04235358536243439,
      0.007079444359987974,
      0.26944246888160706,
      0.27690589427948,
      0.06276524811983109,
      0.05427282676100731,
      -0.014098151586949825,
      -0.017888464033603668,
      0.01822018250823021,
      0.09500613808631897,
      0.05680891498923302,
      0.09636326879262924,
      0.0433352030813694,
      0.05988140404224396,
      0.13534528017044067,
      0.04394274204969406,
      0.047035470604896545,
      0.0029259840957820415
    ],
    [
      9.048808097839355,
      0.26944246888160706,
      152.36708068847656,
      90.80015563964844,
      -0.8124734163284302,
      1.2188726663589478,
      -41.96199417114258,
      -33.86903381347656,
      -28.114089965820312,
      -11.467977523803711,
      -11.206855773925781,
      -0.4742220938205719,
      -3.8534247875213623,
      0.970906674861908,
      7.882486820220947,
      -1.391937494277954,
      -7.69970703125,
      -2.748756170272827
    ],
    [
      7.333348751068115,
      0.27690589427948,
      90.80015563964844,
      102.31771087646484,
      -5.440328121185303,
      0.25538933277130127,
      -34.774391174316406,
      -32.495880126953125,
      -19.75176239013672,
      4.167348384857178,
      -7.358026504516602,
      9.238625526428223,
      -2.360661745071411,
      9.26772403717041,
      10.401206970214844,
      0.06084737926721573,
      -2.985358953475952,
      -1.5832871198654175
    ],
    [
      -7.139379978179932,
      0.06276524811983109,
      -0.8124734163284302,
      -5.440328121185303,
      67.13697052001953,
      37.26371383666992,
      57.24604415893555,
      35.93479537963867,
      58.294002532958984,
      41.91209030151367,
      57.512351989746094,
      40.36885452270508,
      59.62213134765625,
      39.86690139770508,
      45.67954635620117,
      23.29930877685547,
      25.047306060791016,
      4.579631328582764
    ],
    [
      -4.54110860824585,
      0.05427282676100731,
      1.2188726663589478,
      0.25538933277130127,
      37.26371383666992,
      48.81812286376953,
      35.236968994140625,
      35.100852966308594,
      32.59637451171875,
      37.5758056640625,
      34.674232482910156,
      35.686222076416016,
      36.13958740234375,
      33.9267463684082,
      29.087427139282227,
      14.678557395935059,
      15.711350440979004,
      2.699553966522217
    ],
    [
      -10.921667098999023,
      -0.014098151586949825,
      -41.96199417114258,
      -34.774391174316406,
      57.24604415893555,
      35.236968994140625,
      93.34700775146484,
      57.930641174316406,
      76.60130310058594,
      55.2442741394043,
      68.2590103149414,
      48.44175720214844,
      70.51777648925781,
      46.48609161376953,
      55.10931396484375,
      27.87862205505371,
      34.60315704345703,
      6.285098075866699
    ],
    [
      -7.169591903686523,
      -0.017888464033603668,
      -33.86903381347656,
      -32.495880126953125,
      35.93479537963867,
      35.100852966308594,
      57.930641174316406,
      67.20508575439453,
      45.05124282836914,
      51.56830596923828,
      39.98597717285156,
      42.88633346557617,
      40.00288772583008,
      39.424503326416016,
      35.237850189208984,
      18.3759822845459,
      22.006071090698242,
      4.147226333618164
    ],
    [
      -8.971363067626953,
      0.01822018250823021,
      -28.114089965820312,
      -19.75176239013672,
      58.294002532958984,
      32.59637451171875,
      76.60130310058594,
      45.05124282836914,
      97.56119537353516,
      57.20650863647461,
      77.85900115966797,
      50.05927658081055,
      79.3327865600586,
      48.732120513916016,
      59.505088806152344,
      29.631629943847656,
      35.280128479003906,
      6.389187335968018
    ],
    [
      -2.416266918182373,
      0.09500613808631897,
      -11.467977523803711,
      4.167348384857178,
      41.91209030151367,
      37.5758056640625,
      55.2442741394043,
      51.56830596923828,
      57.20650863647461,
      91.3861312866211,
      51.620704650878906,
      69.2723159790039,
      50.799617767333984,
      59.40402603149414,
      67.91717529296875,
      29.660442352294922,
      33.99309539794922,
      5.8448381423950195
    ],
    [
      -7.081101417541504,
      0.05680891498923302,
      -11.206855773925781,
      -7.358026504516602,
      57.512351989746094,
      34.674232482910156,
      68.2590103149414,
      39.98597717285156,
      77.85900115966797,
      51.620704650878906,
      88.06005096435547,
      55.091583251953125,
      85.4040298461914,
      53.642799377441406,
      59.12404251098633,
      30.690107345581055,
      34.26964569091797,
      6.51416015625
    ],
    [
      -2.079209804534912,
      0.09636326879262924,
      -0.4742220938205719,
      9.238625526428223,
      40.36885452270508,
      35.686222076416016,
      48.44175720214844,
      42.88633346557617,
      50.05927658081055,
      69.2723159790039,
      55.091583251953125,
      67.99415588378906,
      54.26212692260742,
      57.303470611572266,
      58.682926177978516,
      27.17298126220703,
      29.74229621887207,
      5.333189964294434
    ],
    [
      -7.418455600738525,
      0.0433352030813694,
      -3.8534247875213623,
      -2.360661745071411,
      59.62213134765625,
      36.13958740234375,
      70.51777648925781,
      40.00288772583008,
      79.3327865600586,
      50.799617767333984,
      85.4040298461914,
      54.26212692260742,
      98.92403411865234,
      58.828006744384766,
      61.140865325927734,
      31.63718605041504,
      36.08724594116211,
      7.020956039428711
    ],
    [
      -3.2384164333343506,
      0.05988140404224396,
      0.970906674861908,
      9.26772403717041,
      39.86690139770508,
      33.9267463684082,
      46.48609161376953,
      39.424503326416016,
      48.732120513916016,
      59.40402603149414,
      53.642799377441406,
      57.303470611572266,
      58.828006744384766,
      58.893890380859375,
      52.06724166870117,
      25.426076889038086,
      27.548723220825195,
      5.364943981170654
    ],
    [
      -1.3976755142211914,
      0.13534528017044067,
      7.882486820220947,
      10.401206970214844,
      45.67954635620117,
      29.087427139282227,
      55.10931396484375,
      35.237850189208984,
      59.505088806152344,
      67.91717529296875,
      59.12404251098633,
      58.682926177978516,
      61.140865325927734,
      52.06724166870117,
      88.36064910888672,
      37.724365234375,
      43.29057312011719,
      7.222896575927734
    ],
    [
      -1.6118412017822266,
      0.04394274204969406,
      -1.391937494277954,
      0.06084737926721573,
      23.29930877685547,
      14.678557395935059,
      27.87862205505371,
      18.3759822845459,
      29.631629943847656,
      29.660442352294922,
      30.690107345581055,
      27.17298126220703,
      31.63718605041504,
      25.426076889038086,
      37.724365234375,
      20.595109939575195,
      19.661602020263672,
      4.471289157867432
    ],
    [
      -1.8424675464630127,
      0.047035470604896545,
      -7.69970703125,
      -2.985358953475952,
      25.047306060791016,
      15.711350440979004,
      34.60315704345703,
      22.006071090698242,
      35.280128479003906,
      33.99309539794922,
      34.26964569091797,
      29.74229621887207,
      36.08724594116211,
      27.548723220825195,
      43.29057312011719,
      19.661602020263672,
      28.744915008544922,
      5.624449253082275
    ],
    [
      -0.4643500745296478,
      0.0029259840957820415,
      -2.748756170272827,
      -1.5832871198654175,
      4.579631328582764,
      2.699553966522217,
      6.285098075866699,
      4.147226333618164,
      6.389187335968018,
      5.8448381423950195,
      6.51416015625,
      5.333189964294434,
      7.020956039428711,
      5.364943981170654,
      7.222896575927734,
      4.471289157867432,
      5.624449253082275,
      1.7613939046859741
    ]
  ],
  "damage": -11.887767791748047,
  "diff_bandwidth": 885.625732421875,
  "dissonance": 4.46081202030696,
  "drr": 7.476269721984863,
  "dynamics": 4.565246105194092,
  "format": 1245190,
  "frames": 3304560,
  "loudness": -21.402427673339844,
  "loudness_range": 14.642635345458984,
  "loudness_range_short": 17.102054595947266,
  "lowpass_true_peak_15khz": -8.830462455749512,
  "mastering3_acoustic_entropies": [
    {
      "acoustic_entropy": 8.40356731414795,
      "acoustic_entropy_mono": 9.093720436096191,
      "band_eliminated_acoustic_entropies": [
        {
          "acoustic_entropy": 8.403571128845215,
          "acoustic_entropy_side": 8.40356731414795,
          "hz": 129.47220167065723
        },
        {
          "acoustic_entropy": 8.403100967407227,
          "acoustic_entropy_side": 8.40356731414795,
          "hz": 202.92927478742237
        },
        {
          "acoustic_entropy": 8.359578132629395,
          "acoustic_entropy_side": 8.40340805053711,
          "hz": 282.89161906338205
        },
        {
          "acoustic_entropy": 8.681721687316895,
          "acoustic_entropy_side": 8.403045654296875,
          "hz": 369.9353335868758
        },
        {
          "acoustic_entropy": 8.993261337280273,
          "acoustic_entropy_side": 8.39122486114502,
          "hz": 464.6875360973435
        },
        {
          "acoustic_entropy": 9.011307716369629,
          "acoustic_entropy_side": 8.411850929260254,
          "hz": 567.8308811364784
        },
        {
          "acoustic_entropy": 9.082736015319824,
          "acoustic_entropy_side": 8.421586036682129,
          "hz": 680.1084783214808
        },
        {
          "acoustic_entropy": 8.825847625732422,
          "acoustic_entropy_side": 8.474957466125488,
          "hz": 802.3292461747484
        },
        {
          "acoustic_entropy": 9.661633491516113,
          "acoustic_entropy_side": 8.541934967041016,
          "hz": 935.3737400823702
        },
        {
          "acoustic_entropy": 8.78964900970459,
          "acoustic_entropy_side": 8.662761688232422,
          "hz": 1080.2004963696966
        },
        {
          "acoustic_entropy": 9.423327445983887,
          "acoustic_entropy_side": 9.066195487976074,
          "hz": 1237.8529382007157
        },
        {
          "acoustic_entropy": 8.50314712524414,
          "acoustic_entropy_side": 8.417000770568848,
          "hz": 1409.4668930556702
        },
        {
          "acoustic_entropy": 9.736187934875488,
          "acoustic_entropy_side": 8.45226001739502,
          "hz": 1596.2787759475705
        },
        {
          "acoustic_entropy": 8.709434509277344,
          "acoustic_entropy_side": 8.364398956298828,
          "hz": 1799.6344973346393
        },
        {
          "acoustic_entropy": 8.819134712219238,
          "acoustic_entropy_side": 8.442315101623535,
          "hz": 2020.9991599069049
        },
        {
          "acoustic_entropy": 8.421175003051758,
          "acoustic_entropy_side": 8.40402603149414,
          "hz": 2261.9676141086993
        },
        {
          "acoustic_entropy": 8.39116096496582,
          "acoustic_entropy_side": 8.403507232666016,
          "hz": 2524.2759484456974
        },
        {
          "acoustic_entropy": 8.402996063232422,
          "acoustic_entropy_side": 8.403555870056152,
          "hz": 2809.813997359896
        },
        {
          "acoustic_entropy": 8.393771171569824,
          "acoustic_entropy_side": 8.403717994689941,
          "hz": 3120.6389567871424
        },
        {
          "acoustic_entropy": 8.462176322937012,
          "acoustic_entropy_side": 8.403970718383789,
          "hz": 3458.990205492291
        },
        {
          "acoustic_entropy": 8.678821563720703,
          "acoustic_entropy_side": 8.403666496276855,
          "hz": 3827.305438964164
        },
        {
          "acoustic_entropy": 8.50938892364502,
          "acoustic_entropy_side": 8.403427124023438,
          "hz": 4228.238232109126
        },
        {
          "acoustic_entropy": 8.846844673156738,
          "acoustic_entropy_side": 8.406009674072266,
          "hz": 4664.6771572759235
        },
        {
          "acoustic_entropy": 9.077220916748047,
          "acoustic_entropy_side": 8.408503532409668,
          "hz": 5139.766595350093
        },
        {
          "acoustic_entropy": 8.505008697509766,
          "acoustic_entropy_side": 8.403862953186035,
          "hz": 5656.929389854203
        },
        {
          "acoustic_entropy": 8.34643268585205,
          "acoustic_entropy_side": 8.40355110168457,
          "hz": 6219.891507268283
        },
        {
          "acoustic_entropy": 8.391390800476074,
          "acoustic_entropy_side": 8.403566360473633,
          "hz": 6832.70888123896
        },
        {
          "acoustic_entropy": 8.40349292755127,
          "acoustic_entropy_side": 8.403568267822266,
          "hz": 7499.796634079867
        },
        {
          "acoustic_entropy": 8.403672218322754,
          "acoustic_entropy_side": 8.403568267822266,
          "hz": 8225.96088609342
        },
        {
          "acoustic_entropy": 8.405183792114258,
          "acoustic_entropy_side": 8.403569221496582,
          "hz": 9016.43338188839
        },
        {
          "acoustic_entropy": 8.413116455078125,
          "acoustic_entropy_side": 8.403573989868164,
          "hz": 9876.909183162974
        },
        {
          "acoustic_entropy": 8.415290832519531,
          "acoustic_entropy_side": 8.403576850891113,
          "hz": 10813.587699516042
        },
        {
          "acoustic_entropy": 8.401603698730469,
          "acoustic_entropy_side": 8.403568267822266,
          "hz": 11833.21735289826
        },
        {
          "acoustic_entropy": 8.396897315979004,
          "acoustic_entropy_side": 8.403572082519531,
          "hz": 12943.144197493959
        },
        {
          "acoustic_entropy": 8.403435707092285,
          "acoustic_entropy_side": 8.40356731414795,
          "hz": 14151.364845322005
        },
        {
          "acoustic_entropy": 8.403566360473633,
          "acoustic_entropy_side": 8.403568267822266,
          "hz": 15466.58407886509
        },
        {
          "acoustic_entropy": 8.403573989868164,
          "acoustic_entropy_side": 8.403568267822266,
          "hz": 16898.27756580493
        },
        {
          "acoustic_entropy": 8.403564453125,
          "acoustic_entropy_side": 8.40356731414795,
          "hz": 18456.760127700032
        },
        {
          "acoustic_entropy": 8.403566360473633,
          "acoustic_entropy_side": 8.40356731414795,
          "hz": 20153.260054456492
        },
        {
          "acoustic_entropy": 8.40356731414795,
          "acoustic_entropy_side": 8.40356731414795,
          "hz": 22000.00000000001
        }
      ],
      "diff_acoustic_entropy": 4.462519645690918,
      "sn": 6
    },
    {
      "acoustic_entropy": 12.384135246276855,
      "acoustic_entropy_mono": 12.252912521362305,
      "band_eliminated_acoustic_entropies": [
        {
          "acoustic_entropy": 12.384130477905273,
          "acoustic_entropy_side": 12.384135246276855,
          "hz": 129.47220167065723
        },
        {
          "acoustic_entropy": 12.386961936950684,
          "acoustic_entropy_side": 12.38413143157959,
          "hz": 202.92927478742237
        },
        {
          "acoustic_entropy": 12.386454582214355,
          "acoustic_entropy_side": 12.383286476135254,
          "hz": 282.89161906338205
        },
        {
          "acoustic_entropy": 12.708296775817871,
          "acoustic_entropy_side": 12.383328437805176,
          "hz": 369.9353335868758
        },
        {
          "acoustic_entropy": 12.578747749328613,
          "acoustic_entropy_side": 12.536376953125,
          "hz": 464.6875360973435
        },
        {
          "acoustic_entropy": 12.506406784057617,
          "acoustic_entropy_side": 12.38507080078125,
          "hz": 567.8308811364784
        },
        {
          "acoustic_entropy": 12.371953010559082,
          "acoustic_entropy_side": 12.180662155151367,
          "hz": 680.1084783214808
        },
        {
          "acoustic_entropy": 12.923018455505371,
          "acoustic_entropy_side": 12.452295303344727,
          "hz": 802.3292461747484
        },
        {
          "acoustic_entropy": 12.211071968078613,
          "acoustic_entropy_side": 12.307038307189941,
          "hz": 935.3737400823702
        },
        {
          "acoustic_entropy": 11.955367088317871,
          "acoustic_entropy_side": 12.667035102844238,
          "hz": 1080.2004963696966
        },
        {
          "acoustic_entropy": 12.986481666564941,
          "acoustic_entropy_side": 12.439452171325684,
          "hz": 1237.8529382007157
        },
        {
          "acoustic_entropy": 12.046889305114746,
          "acoustic_entropy_side": 12.101761817932129,
          "hz": 1409.4668930556702
        },
        {
          "acoustic_entropy": 12.427057266235352,
          "acoustic_entropy_side": 12.583373069763184,
          "hz": 1596.2787759475705
        },
        {
          "acoustic_entropy": 12.512714385986328,
          "acoustic_entropy_side": 12.439693450927734,
          "hz": 1799.6344973346393
        },
        {
          "acoustic_entropy": 12.068763732910156,
          "acoustic_entropy_side": 12.39352035522461,
          "hz": 2020.9991599069049
        },
        {
          "acoustic_entropy": 12.459774017333984,
          "acoustic_entropy_side": 12.367623329162598,
          "hz": 2261.9676141086993
        },
        {
          "acoustic_entropy": 12.304542541503906,
          "acoustic_entropy_side": 12.380189895629883,
          "hz": 2524.2759484456974
        },
        {
          "acoustic_entropy": 12.331625938415527,
          "acoustic_entropy_side": 12.38322639465332,
          "hz": 2809.813997359896
        },
        {
          "acoustic_entropy": 12.31202507019043,
          "acoustic_entropy_side": 12.382814407348633,
          "hz": 3120.6389567871424
        },
        {
          "acoustic_entropy": 12.30938720703125,
          "acoustic_entropy_side": 12.357392311096191,
          "hz": 3458.990205492291
        },
        {
          "acoustic_entropy": 12.714577674865723,
          "acoustic_entropy_side": 12.370582580566406,
          "hz": 3827.305438964164
        },
        {
          "acoustic_entropy": 12.410990715026855,
          "acoustic_entropy_side": 12.390924453735352,
          "hz": 4228.238232109126
        },
        {
          "acoustic_entropy": 12.32857894897461,
          "acoustic_entropy_side": 12.389985084533691,
          "hz": 4664.6771572759235
        },
        {
          "acoustic_entropy": 12.71936321258545,
          "acoustic_entropy_side": 12.400443077087402,
          "hz": 5139.766595350093
        },
        {
          "acoustic_entropy": 12.394797325134277,
          "acoustic_entropy_side": 12.38530445098877,
          "hz": 5656.929389854203
        },
        {
          "acoustic_entropy": 12.363161087036133,
          "acoustic_entropy_side": 12.384072303771973,
          "hz": 6219.891507268283
        },
        {
          "acoustic_entropy": 12.376375198364258,
          "acoustic_entropy_side": 12.384126663208008,
          "hz": 6832.70888123896
        },
        {
          "acoustic_entropy": 12.384712219238281,
          "acoustic_entropy_side": 12.384135246276855,
          "hz": 7499.796634079867
        },
        {
          "acoustic_entropy": 12.383140563964844,
          "acoustic_entropy_side": 12.384134292602539,
          "hz": 8225.96088609342
        },
        {
          "acoustic_entropy": 12.383270263671875,
          "acoustic_entropy_side": 12.384134292602539,
          "hz": 9016.43338188839
        },
        {
          "acoustic_entropy": 12.494999885559082,
          "acoustic_entropy_side": 12.384183883666992,
          "hz": 9876.909183162974
        },
        {
          "acoustic_entropy": 12.676304817199707,
          "acoustic_entropy_side": 12.384641647338867,
          "hz": 10813.587699516042
        },
        {
          "acoustic_entropy": 12.507783889770508,
          "acoustic_entropy_side": 12.384847640991211,
          "hz": 11833.21735289826
        },
        {
          "acoustic_entropy": 12.48289680480957,
          "acoustic_entropy_side": 12.384469032287598,
          "hz": 12943.144197493959
        },
        {
          "acoustic_entropy": 12.395397186279297,
          "acoustic_entropy_side": 12.38415241241455,
          "hz": 14151.364845322005
        },
        {
          "acoustic_entropy": 12.384368896484375,
          "acoustic_entropy_side": 12.384135246276855,
          "hz": 15466.58407886509
        },
        {
          "acoustic_entropy": 12.384428024291992,
          "acoustic_entropy_side": 12.384135246276855,
          "hz": 16898.27756580493
        },
        {
          "acoustic_entropy": 12.384215354919434,
          "acoustic_entropy_side": 12.384135246276855,
          "hz": 18456.760127700032
        },
        {
          "acoustic_entropy": 12.384138107299805,
          "acoustic_entropy_side": 12.384135246276855,
          "hz": 20153.260054456492
        },
        {
          "acoustic_entropy": 12.384135246276855,
          "acoustic_entropy_side": 12.384135246276855,
          "hz": 22000.00000000001
        }
      ],
      "diff_acoustic_entropy": 7.1009087562561035,
      "sn": 12
    },
    {
      "acoustic_entropy": 18.2365779876709,
      "acoustic_entropy_mono": 17.03729248046875,
      "band_eliminated_acoustic_entropies": [
        {
          "acoustic_entropy": 18.2379207611084,
          "acoustic_entropy_side": 18.236570358276367,
          "hz": 129.47220167065723
        },
        {
          "acoustic_entropy": 18.298458099365234,
          "acoustic_entropy_side": 18.237398147583008,
          "hz": 202.92927478742237
        },
        {
          "acoustic_entropy": 18.522146224975586,
          "acoustic_entropy_side": 18.265687942504883,
          "hz": 282.89161906338205
        },
        {
          "acoustic_entropy": 17.477426528930664,
          "acoustic_entropy_side": 17.939817428588867,
          "hz": 369.9353335868758
        },
        {
          "acoustic_entropy": 18.074535369873047,
          "acoustic_entropy_side": 18.48442268371582,
          "hz": 464.6875360973435
        },
        {
          "acoustic_entropy": 18.82016372680664,
          "acoustic_entropy_side": 18.143606185913086,
          "hz": 567.8308811364784
        },
        {
          "acoustic_entropy": 17.927663803100586,
          "acoustic_entropy_side": 17.890911102294922,
          "hz": 680.1084783214808
        },
        {
          "acoustic_entropy": 19.388381958007812,
          "acoustic_entropy_side": 17.305383682250977,
          "hz": 802.3292461747484
        },
        {
          "acoustic_entropy": 18.9718017578125,
          "acoustic_entropy_side": 18.8252010345459,
          "hz": 935.3737400823702
        },
        {
          "acoustic_entropy": 17.871793746948242,
          "acoustic_entropy_side": 18.026281356811523,
          "hz": 1080.2004963696966
        },
        {
          "acoustic_entropy": 18.602886199951172,
          "acoustic_entropy_side": 18.73309326171875,
          "hz": 1237.8529382007157
        },
        {
          "acoustic_entropy": 16.678693771362305,
          "acoustic_entropy_side": 16.766916275024414,
          "hz": 1409.4668930556702
        },
        {
          "acoustic_entropy": 18.36056900024414,
          "acoustic_entropy_side": 18.527660369873047,
          "hz": 1596.2787759475705
        },
        {
          "acoustic_entropy": 17.794170379638672,
          "acoustic_entropy_side": 18.57221221923828,
          "hz": 1799.6344973346393
        },
        {
          "acoustic_entropy": 18.05133056640625,
          "acoustic_entropy_side": 18.050893783569336,
          "hz": 2020.9991599069049
        },
        {
          "acoustic_entropy": 18.185958862304688,
          "acoustic_entropy_side": 18.20148468017578,
          "hz": 2261.9676141086993
        },
        {
          "acoustic_entropy": 18.290616989135742,
          "acoustic_entropy_side": 18.21249008178711,
          "hz": 2524.2759484456974
        },
        {
          "acoustic_entropy": 18.273717880249023,
          "acoustic_entropy_side": 18.252817153930664,
