{
  "acoustic_entropy": 139.92031860351562,
  "bands": [
    {
      "high_freq": 148.1999969482422,
      "loudness": -23.347576141357422,
      "loudness_range": 15.278352737426758,
      "mid_mean": -22.367841720581055,
      "mid_to_side_loudness": -2.4419069290161133,
      "mid_to_side_loudness_range": 16.592639923095703,
      "side_mean": -24.959375381469727
    },
    {
      "high_freq": 392.3793640136719,
      "loudness": -26.371843338012695,
      "loudness_range": 15.554376602172852,
      "low_freq": 148.1999969482422,
      "mid_mean": -24.51736831665039,
      "mid_to_side_loudness": -4.0741801261901855,
      "mid_to_side_loudness_range": 6.754181861877441,
      "side_mean": -28.49728012084961
    },
    {
      "high_freq": 794.6976318359375,
      "loudness": -26.986513137817383,
      "loudness_range": 18.98893928527832,
      "low_freq": 392.3793640136719,
      "mid_mean": -25.105064392089844,
      "mid_to_side_loudness": -4.028580188751221,
      "mid_to_side_loudness_range": 9.016058921813965,
      "side_mean": -29.3420467376709
    },
    {
      "high_freq": 1457.5709228515625,
      "loudness": -30.552936553955078,
      "loudness_range": 22.012502670288086,
      "low_freq": 794.6976318359375,
      "mid_mean": -28.795289993286133,
      "mid_to_side_loudness": -3.6342387199401855,
      "mid_to_side_loudness_range": 7.234592914581299,
      "side_mean": -32.435455322265625
    },
    {
      "high_freq": 2549.74365234375,
      "loudness": -32.582366943359375,
      "loudness_range": 18.094425201416016,
      "low_freq": 1457.5709228515625,
      "mid_mean": -30.886363983154297,
      "mid_to_side_loudness": -3.396460771560669,
      "mid_to_side_loudness_range": 5.913026809692383,
      "side_mean": -34.41350555419922
    },
    {
      "high_freq": 4349.24462890625,
      "loudness": -38.54661178588867,
      "loudness_range": 20.316104888916016,
      "low_freq": 2549.74365234375,
      "mid_mean": -36.71166229248047,
      "mid_to_side_loudness": -3.635373115539551,
      "mid_to_side_loudness_range": 4.885939121246338,
      "side_mean": -40.64694595336914
    },
    {
      "high_freq": 7314.1640625,
      "loudness": -45.88924789428711,
      "loudness_range": 24.968042373657227,
      "low_freq": 4349.24462890625,
      "mid_mean": -44.23675537109375,
      "mid_to_side_loudness": -3.9872732162475586,
      "mid_to_side_loudness_range": 4.665189743041992,
      "side_mean": -50.53738021850586
    },
    {
      "high_freq": 12199.2666015625,
      "loudness": -55.67205047607422,
      "loudness_range": 29.66122817993164,
      "low_freq": 7314.1640625,
      "mid_mean": -55.24519729614258,
      "mid_to_side_loudness": -3.417879819869995,
      "mid_to_side_loudness_range": 4.984394550323486,
      "side_mean": -58.06011199951172
    },
    {
      "loudness": -67.08525848388672,
      "loudness_range": 21.873382568359375,
      "low_freq": 12199.2666015625,
      "mid_mean": -63.617916107177734,
      "mid_to_side_loudness": -2.212850332260132,
      "mid_to_side_loudness_range": 4.000164985656738,
      "side_mean": -65.05664825439453
    }
  ],
  "bands_short": [
    {
      "high_freq": 148.1999969482422,
      "loudness": -25.04680061340332,
      "loudness_range": 18.627111434936523,
      "mid_mean": -24.90481948852539,
      "mid_to_side_loudness": -1.7655946016311646,
      "mid_to_side_loudness_range": 20.312185287475586,
      "side_mean": -26.781312942504883
    },
    {
      "high_freq": 392.3793640136719,
      "loudness": -25.20073127746582,
      "loudness_range": 16.182945251464844,
      "low_freq": 148.1999969482422,
      "mid_mean": -23.565004348754883,
      "mid_to_side_loudness": -3.875427722930908,
      "mid_to_side_loudness_range": 9.440520286560059,
      "side_mean": -27.532052993774414
    },
    {
      "high_freq": 794.6976318359375,
      "loudness": -26.79414939880371,
      "loudness_range": 19.319074630737305,
      "low_freq": 392.3793640136719,
      "mid_mean": -25.096101760864258,
      "mid_to_side_loudness": -4.075343608856201,
      "mid_to_side_loudness_range": 11.164154052734375,
      "side_mean": -29.356199264526367
    },
    {
      "high_freq": 1457.5709228515625,
      "loudness": -30.456483840942383,
      "loudness_range": 22.76877784729004,
      "low_freq": 794.6976318359375,
      "mid_mean": -28.893138885498047,
      "mid_to_side_loudness": -3.3599228858947754,
      "mid_to_side_loudness_range": 9.044661521911621,
      "side_mean": -32.34688186645508
    },
    {
      "high_freq": 2549.74365234375,
      "loudness": -32.676841735839844,
      "loudness_range": 18.642412185668945,
      "low_freq": 1457.5709228515625,
      "mid_mean": -30.99318504333496,
      "mid_to_side_loudness": -3.1636884212493896,
      "mid_to_side_loudness_range": 7.746006965637207,
      "side_mean": -34.560760498046875
    },
    {
      "high_freq": 4349.24462890625,
      "loudness": -38.38671875,
      "loudness_range": 21.626625061035156,
      "low_freq": 2549.74365234375,
      "mid_mean": -36.68083572387695,
      "mid_to_side_loudness": -3.388916015625,
      "mid_to_side_loudness_range": 6.304397106170654,
      "side_mean": -40.462215423583984
    },
    {
      "high_freq": 7314.1640625,
      "loudness": -45.83765411376953,
      "loudness_range": 26.302518844604492,
      "low_freq": 4349.24462890625,
      "mid_mean": -44.29051208496094,
      "mid_to_side_loudness": -3.683293104171753,
      "mid_to_side_loudness_range": 5.900615692138672,
      "side_mean": -50.76626205444336
    },
    {
      "high_freq": 12199.2666015625,
      "loudness": -55.45159912109375,
      "loudness_range": 30.011505126953125,
      "low_freq": 7314.1640625,
      "mid_mean": -55.59577178955078,
      "mid_to_side_loudness": -3.1720972061157227,
      "mid_to_side_loudness_range": 5.478214263916016,
      "side_mean": -58.2371711730957
    },
    {
      "loudness": -67.21569061279297,
      "loudness_range": 21.82916259765625,
      "low_freq": 12199.2666015625,
      "mid_mean": -63.688316345214844,
      "mid_to_side_loudness": -2.1591007709503174,
      "mid_to_side_loudness_range": 4.353941440582275,
      "side_mean": -65.09457397460938
    }
  ],
  "bandwidth": 402.5677185058594,
  "channels": 2,
  "covariance": [
    [
      49.7318115234375,
      30.695470809936523,
      30.470609664916992,
      29.2103271484375,
      38.71895980834961,
      39.50956726074219,
      37.16389846801758,
      37.163238525390625,
      37.227394104003906,
      35.491485595703125,
      36.22699737548828,
      38.48994827270508,
      40.14002227783203,
      47.09836196899414,
      46.03231430053711,
      41.034584045410156,
      22.0975399017334,
      17.37396240234375
    ],
    [
      30.695470809936523,
      42.70070266723633,
      31.136445999145508,
      32.38139724731445,
      32.68123245239258,
      34.88544845581055,
      31.399110794067383,
      30.780115127563477,
      35.46969985961914,
      36.12485122680664,
      32.09245681762695,
      35.72346496582031,
      34.03721618652344,
      44.014286041259766,
      36.97966766357422,
      32.36115646362305,
      15.707215309143066,
      11.986574172973633
    ],
    [
      30.470609664916992,
      31.136445999145508,
      43.32687759399414,
      36.66697692871094,
      39.59054946899414,
      39.79331588745117,
      40.55353546142578,
      35.99764633178711,
      43.27885437011719,
      37.79838180541992,
      39.86394119262695,
      40.602691650390625,
      42.41115188598633,
      48.0247688293457,
      45.8447265625,
      38.882911682128906,
      21.361968994140625,
      16.288759231567383
    ],
    [
      29.2103271484375,
      32.38139724731445,
      36.66697692871094,
      38.564056396484375,
      35.51376724243164,
      39.92040252685547,
      36.21382141113281,
      36.24951171875,
      39.8339958190918,
      39.27197265625,
      39.08082580566406,
      41.415382385253906,
      41.08304977416992,
      48.45188522338867,
      43.489776611328125,
      38.315975189208984,
      19.94584846496582,
      15.44033432006836
    ],
    [
      38.71895980834961,
      32.68123245239258,
      39.59054946899414,
      35.51376724243164,
      51.445919036865234,
      47.79283905029297,
      48.57206726074219,
      46.297908782958984,
      46.17268371582031,
      43.160091400146484,
      46.79717254638672,
      47.19114685058594,
      50.6853141784668,
      55.298892974853516,
      55.57636260986328,
      49.353580474853516,
      27.878503799438477,
      22.19054412841797
    ],
    [
      39.50956726074219,
      34.88544845581055,
      39.79331588745117,
      39.92040252685547,
      47.79283905029297,
      59.424373626708984,
      51.795684814453125,
      56.50291442871094,
      48.90000534057617,
      50.48600769042969,
      47.98539352416992,
      53.88987731933594,
      52.104042053222656,
      62.26174545288086,
      60.740699768066406,
      56.335880279541016,
      31.29967498779297,
      25.922685623168945
    ],
    [
      37.16389846801758,
      31.399110794067383,
      40.55353546142578,
      36.21382141113281,
      48.57206726074219,
      51.795684814453125,
      58.550682067871094,
      57.71028518676758,
      47.74924850463867,
      45.1351432800293,
      45.558895111083984,
      47.384952545166016,
      48.84651184082031,
      54.895355224609375,
      57.222740173339844,
      52.52444839477539,
      30.55440902709961,
      26.108304977416992
    ],
    [
      37.163238525390625,
      30.780115127563477,
      35.99764633178711,
      36.24951171875,
      46.297908782958984,
      56.50291442871094,
      57.71028518676758,
      66.12179565429688,
      44.91827392578125,
      48.0323371887207,
      44.321720123291016,
      50.669551849365234,
      46.99171829223633,
      56.44841766357422,
      57.563419342041016,
      55.55208969116211,
      31.563457489013672,
      28.121837615966797
    ],
    [
      37.227394104003906,
      35.46969985961914,
      43.27885437011719,
      39.8339958190918,
      46.17268371582031,
      48.90000534057617,
      47.74924850463867,
      44.91827392578125,
      55.67502975463867,
      50.983070373535156,
      53.141807556152344,
      54.4527587890625,
      58.692588806152344,
      64.01155090332031,
      61.6251220703125,
      53.809234619140625,
      29.182209014892578,
      22.398399353027344
    ],
    [
      35.491485595703125,
      36.12485122680664,
      37.79838180541992,
      39.27197265625,
      43.160091400146484,
      50.48600769042969,
      45.1351432800293,
      48.0323371887207,
      50.983070373535156,
      54.83274841308594,
      50.471275329589844,
      56.3364143371582,
      56.26422882080078,
      66.02763366699219,
      61.0696907043457,
      55.78743362426758,
      29.41362762451172,
      23.378019332885742
    ],
    [
      36.22699737548828,
      32.09245681762695,
      39.86394119262695,
      39.08082580566406,
      46.79717254638672,
      47.98539352416992,
      45.558895111083984,
      44.321720123291016,
      53.141807556152344,
      50.471275329589844,
      62.35327911376953,
      58.240474700927734,
      66.99262237548828,
      66.82978820800781,
      66.97109985351562,
      58.890411376953125,
      33.16123580932617,
      25.352083206176758
    ],
    [
      38.48994827270508,
      35.72346496582031,
      40.602691650390625,
      41.415382385253906,
      47.19114685058594,
      53.88987731933594,
      47.384952545166016,
      50.669551849365234,
      54.4527587890625,
      56.3364143371582,
      58.240474700927734,
      67.01536560058594,
      63.87885284423828,
      72.62879943847656,
      68.88783264160156,
      62.7223014831543,
      33.87860107421875,
      26.661827087402344
    ],
    [
      40.14002227783203,
      34.03721618652344,
      42.41115188598633,
      41.08304977416992,
      50.6853141784668,
      52.104042053222656,
      48.84651184082031,
      46.99171829223633,
      58.692588806152344,
      56.26422882080078,
      66.99262237548828,
      63.87885284423828,
      80.16951751708984,
      76.95977783203125,
      77.71244812011719,
      68.9131851196289,
      39.49020767211914,
      30.136404037475586
    ],
    [
      47.09836196899414,
      44.014286041259766,
      48.0247688293457,
      48.45188522338867,
      55.298892974853516,
      62.26174545288086,
      54.895355224609375,
      56.44841766357422,
      64.01155090332031,
      66.02763366699219,
      66.82978820800781,
      72.62879943847656,
      76.95977783203125,
      112.20186614990234,
      99.57417297363281,
      87.95614624023438,
      47.47351837158203,
      36.93400955200195
    ],
    [
      46.03231430053711,
      36.97966766357422,
      45.8447265625,
      43.489776611328125,
      55.57636260986328,
      60.740699768066406,
      57.222740173339844,
      57.563419342041016,
      61.6251220703125,
      61.0696907043457,
      66.97109985351562,
      68.88783264160156,
      77.71244812011719,
      99.57417297363281,
      96.56375885009766,
      85.50873565673828,
      49.24177169799805,
      38.84207534790039
    ],
    [
      41.034584045410156,
      32.36115646362305,
      38.882911682128906,
      38.315975189208984,
      49.353580474853516,
      56.335880279541016,
      52.52444839477539,
      55.55208969116211,
      53.809234619140625,
      55.78743362426758,
      58.890411376953125,
      62.7223014831543,
      68.9131851196289,
      87.95614624023438,
      85.50873565673828,
      78.05886840820312,
      45.097076416015625,
      36.58496856689453
    ],
    [
      22.0975399017334,
      15.707215309143066,
      21.361968994140625,
      19.94584846496582,
      27.878503799438477,
      31.29967498779297,
      30.55440902709961,
      31.563457489013672,
      29.182209014892578,
      29.41362762451172,
      33.16123580932617,
      33.87860107421875,
      39.49020767211914,
      47.47351837158203,
      49.24177169799805,
      45.097076416015625,
      29.072711944580078,
      23.982765197753906
    ],
    [
      17.37396240234375,
      11.986574172973633,
      16.288759231567383,
      15.44033432006836,
      22.19054412841797,
      25.922685623168945,
      26.108304977416992,
      28.121837615966797,
      22.398399353027344,
      23.378019332885742,
      25.352083206176758,
      26.661827087402344,
      30.136404037475586,
      36.93400955200195,
      38.84207534790039,
      36.58496856689453,
      23.982765197753906,
      20.630624771118164
    ]
  ],
  "covariance_short": [
    [
      70.27281188964844,
      38.278011322021484,
      37.284488677978516,
      35.950199127197266,
      39.56074523925781,
      41.96947479248047,
      40.24003219604492,
      41.014469146728516,
      40.94533920288086,
      41.8292121887207,
      42.04182052612305,
      44.208457946777344,
      46.484397888183594,
      58.221710205078125,
      55.367950439453125,
      49.64977264404297,
      25.57079315185547,
      20.44001007080078
    ],
    [
      38.278011322021484,
      58.715877532958984,
      32.349212646484375,
      35.20610046386719,
      34.22370529174805,
      34.35037612915039,
      33.592506408691406,
      32.30287551879883,
      35.13014602661133,
      38.052146911621094,
      33.867103576660156,
      36.496158599853516,
      36.36985778808594,
      49.910518646240234,
      42.57630920410156,
      36.669002532958984,
      16.937488555908203,
      13.039921760559082
    ],
    [
      37.284488677978516,
      32.349212646484375,
      48.53513717651367,
      37.7815055847168,
      42.257835388183594,
      41.212074279785156,
      42.349239349365234,
      37.224979400634766,
      42.17821502685547,
      39.23362731933594,
      41.186038970947266,
      39.8455810546875,
      43.365997314453125,
      49.18552017211914,
      48.741886138916016,
      41.15102005004883,
      22.367198944091797,
      17.089078903198242
    ],
    [
      35.950199127197266,
      35.20610046386719,
      37.7815055847168,
      44.3705940246582,
      38.65878677368164,
      39.37525177001953,
      38.69356918334961,
      35.67101287841797,
      39.031471252441406,
      38.45319366455078,
      38.65585708618164,
      39.14151382446289,
      40.703975677490234,
      49.607749938964844,
      46.08504867553711,
      39.506866455078125,
      20.62673568725586,
      15.8879976272583
    ],
    [
      39.56074523925781,
      34.22370529174805,
      42.257835388183594,
      38.65878677368164,
      54.629119873046875,
      46.88654708862305,
      49.402061462402344,
      46.145111083984375,
      46.55310821533203,
      43.20769500732422,
      48.3136100769043,
      47.825279235839844,
      51.492679595947266,
      56.32997131347656,
      56.70041275024414,
      49.20890426635742,
      27.121286392211914,
      21.293485641479492
    ],
    [
      41.96947479248047,
      34.35037612915039,
      41.212074279785156,
      39.37525177001953,
      46.88654708862305,
      59.472198486328125,
      50.32758331298828,
      52.012969970703125,
      47.15618133544922,
      47.90024185180664,
      48.30934143066406,
      51.410926818847656,
      52.366703033447266,
      61.31843185424805,
      60.64411926269531,
      55.08604049682617,
      30.234556198120117,
      24.88406753540039
    ],
    [
      40.24003219604492,
      33.592506408691406,
      42.349239349365234,
      38.69356918334961,
      49.402061462402344,
      50.32758331298828,
      63.6156120300293,
      58.57063674926758,
      47.5666618347168,
      45.58676528930664,
      48.159664154052734,
      48.00572967529297,
      50.74217987060547,
      56.9179801940918,
      59.93220520019531,
      54.01251983642578,
      31.008310317993164,
      26.416372299194336
    ],
    [
      41.014469146728516,
      32.30287551879883,
      37.224979400634766,
      35.67101287841797,
      46.145111083984375,
      52.012969970703125,
      58.57063674926758,
      66.82621002197266,
      43.9088020324707,
      46.06916046142578,
      45.01481628417969,
      48.47010040283203,
      47.687400817871094,
      56.70780563354492,
      58.55507278442383,
      55.25511932373047,
      31.1332950592041,
      27.706405639648438
    ],
    [
      40.94533920288086,
      35.13014602661133,
      42.17821502685547,
      39.031471252441406,
      46.55310821533203,
      47.15618133544922,
      47.5666618347168,
      43.9088020324707,
      57.15785598754883,
      49.41548538208008,
      55.791900634765625,
      55.29861068725586,
      60.440399169921875,
      63.43688201904297,
      62.67153549194336,
      54.1062126159668,
      29.231647491455078,
      22.470739364624023
    ],
    [
      41.8292121887207,
      38.052146911621094,
      39.23362731933594,
      38.45319366455078,
      43.20769500732422,
      47.90024185180664,
      45.58676528930664,
      46.06916046142578,
      49.41548538208008,
      56.50166702270508,
      50.97346496582031,
      55.118919372558594,
      56.44491958618164,
      66.87271881103516,
      62.96141815185547,
      56.340599060058594,
      29.539960861206055,
      23.436864852905273
    ],
    [
      42.04182052612305,
      33.867103576660156,
      41.186038970947266,
      38.65585708618164,
      48.3136100769043,
      48.30934143066406,
      48.159664154052734,
      45.01481628417969,
      55.791900634765625,
      50.97346496582031,
      66.8494873046875,
      61.065887451171875,
      72.12403869628906,
      69.21235656738281,
      70.7465591430664,
      61.44630432128906,
      34.31596755981445,
      26.26030731201172
    ],
    [
      44.208457946777344,
      36.496158599853516,
      39.8455810546875,
      39.14151382446289,
      47.825279235839844,
      51.410926818847656,
      48.00572967529297,
      48.47010040283203,
      55.29861068725586,
      55.118919372558594,
      61.065887451171875,
      67.22481536865234,
      68.10816192626953,
      72.65097045898438,
      70.8543701171875,
      63.43439483642578,
      34.21916961669922,
      26.907794952392578
    ],
    [
      46.484397888183594,
      36.36985778808594,
      43.365997314453125,
      40.703975677490234,
      51.492679595947266,
      52.366703033447266,
      50.74217987060547,
      47.687400817871094,
      60.440399169921875,
      56.44491958618164,
      72.12403869628906,
      68.10816192626953,
      85.6700210571289,
      78.8830337524414,
      82.13430786132812,
      71.54825592041016,
      40.710514068603516,
      31.042922973632812
    ],
    [
      58.221710205078125,
      49.910518646240234,
      49.18552017211914,
      49.607749938964844,
      56.32997131347656,
      61.31843185424805,
      56.9179801940918,
      56.70780563354492,
      63.43688201904297,
      66.87271881103516,
      69.21235656738281,
      72.65097045898438,
      78.8830337524414,
      117.02619171142578,
      103.58165740966797,
      90.68548583984375,
      48.431175231933594,
      37.772220611572266
    ],
    [
      55.367950439453125,
      42.57630920410156,
      48.741886138916016,
      46.08504867553711,
      56.70041275024414,
      60.64411926269531,
      59.93220520019531,
      58.55507278442383,
      62.67153549194336,
      62.96141815185547,
      70.7465591430664,
      70.8543701171875,
      82.13430786132812,
      103.58165740966797,
      101.81634521484375,
      88.80147552490234,
      50.764892578125,
      39.980506896972656
    ],
    [
      49.64977264404297,
      36.669002532958984,
      41.15102005004883,
      39.506866455078125,
      49.20890426635742,
      55.08604049682617,
      54.01251983642578,
      55.25511932373047,
      54.1062126159668,
      56.340599060058594,
      61.44630432128906,
      63.43439483642578,
      71.54825592041016,
      90.68548583984375,
      88.80147552490234,
      80.24368286132812,
      45.858306884765625,
      37.187164306640625
    ],
    [
      25.57079315185547,
      16.937488555908203,
      22.367198944091797,
      20.62673568725586,
      27.121286392211914,
      30.234556198120117,
      31.008310317993164,
      31.1332950592041,
      29.231647491455078,
      29.539960861206055,
      34.31596755981445,
      34.21916961669922,
      40.710514068603516,
      48.431175231933594,
      50.764892578125,
      45.858306884765625,
      29.647987365722656,
      24.29088020324707
    ],
    [
      20.44001007080078,
      13.039921760559082,
      17.089078903198242,
      15.8879976272583,
      21.293485641479492,
      24.88406753540039,
      26.416372299194336,
      27.706405639648438,
      22.470739364624023,
      23.436864852905273,
      26.26030731201172,
      26.907794952392578,
      31.042922973632812,
      37.772220611572266,
      39.980506896972656,
      37.187164306640625,
      24.29088020324707,
      20.919692993164062
    ]
  ],
  "damage": -7.531078815460205,
  "diff_bandwidth": 421.8853759765625,
  "dissonance": 6.0154382914145,
  "drr": 5.696660995483398,
  "dynamics": 4.4794230461120605,
  "format": 1245190,
  "frames": 3090368,
  "loudness": -15.057637214660645,
  "loudness_range": 14.174466133117676,
  "loudness_range_short": 16.102596282958984,
  "lowpass_true_peak_15khz": -1.0363324880599976,
  "mastering3_acoustic_entropies": [
    {
      "acoustic_entropy": 4.486464977264404,
      "acoustic_entropy_mono": 4.456923961639404,
      "band_eliminated_acoustic_entropies": [
        {
          "acoustic_entropy": 4.571032524108887,
          "acoustic_entropy_side": 4.554783344268799,
          "hz": 129.47220167065723
        },
        {
          "acoustic_entropy": 4.212647438049316,
          "acoustic_entropy_side": 4.531007289886475,
          "hz": 202.92927478742237
        },
        {
          "acoustic_entropy": 4.4962358474731445,
          "acoustic_entropy_side": 4.46171236038208,
          "hz": 282.89161906338205
        },
        {
          "acoustic_entropy": 4.373810768127441,
          "acoustic_entropy_side": 4.491455078125,
          "hz": 369.9353335868758
        },
        {
          "acoustic_entropy": 4.523681640625,
          "acoustic_entropy_side": 4.509851455688477,
          "hz": 464.6875360973435
        },
        {
          "acoustic_entropy": 4.411381721496582,
          "acoustic_entropy_side": 4.432542324066162,
          "hz": 567.8308811364784
        },
        {
          "acoustic_entropy": 4.601681709289551,
          "acoustic_entropy_side": 4.54094123840332,
          "hz": 680.1084783214808
        },
        {
          "acoustic_entropy": 4.615741729736328,
          "acoustic_entropy_side": 4.592573642730713,
          "hz": 802.3292461747484
        },
        {
          "acoustic_entropy": 4.583780288696289,
          "acoustic_entropy_side": 4.53498649597168,
          "hz": 935.3737400823702
        },
        {
          "acoustic_entropy": 4.330219268798828,
          "acoustic_entropy_side": 4.281558036804199,
          "hz": 1080.2004963696966
        },
        {
          "acoustic_entropy": 4.540791988372803,
          "acoustic_entropy_side": 4.516897201538086,
          "hz": 1237.8529382007157
        },
        {
          "acoustic_entropy": 4.518353462219238,
          "acoustic_entropy_side": 4.509126663208008,
          "hz": 1409.4668930556702
        },
        {
          "acoustic_entropy": 4.523385047912598,
          "acoustic_entropy_side": 4.498215675354004,
          "hz": 1596.2787759475705
        },
        {
          "acoustic_entropy": 4.499894142150879,
          "acoustic_entropy_side": 4.486891269683838,
          "hz": 1799.6344973346393
        },
        {
          "acoustic_entropy": 4.427363395690918,
          "acoustic_entropy_side": 4.5387187004089355,
          "hz": 2020.9991599069049
        },
        {
          "acoustic_entropy": 4.494381427764893,
          "acoustic_entropy_side": 4.470946788787842,
          "hz": 2261.9676141086993
        },
        {
          "acoustic_entropy": 4.432248115539551,
          "acoustic_entropy_side": 4.473905086517334,
          "hz": 2524.2759484456974
        },
        {
          "acoustic_entropy": 4.387165069580078,
          "acoustic_entropy_side": 4.451488971710205,
          "hz": 2809.813997359896
        },
        {
          "acoustic_entropy": 4.460866451263428,
          "acoustic_entropy_side": 4.478299140930176,
          "hz": 3120.6389567871424
        },
        {
          "acoustic_entropy": 4.440184116363525,
          "acoustic_entropy_side": 4.474219799041748,
          "hz": 3458.990205492291
        },
        {
          "acoustic_entropy": 4.4484686851501465,
          "acoustic_entropy_side": 4.478468894958496,
          "hz": 3827.305438964164
        },
        {
          "acoustic_entropy": 4.451923370361328,
          "acoustic_entropy_side": 4.4794440269470215,
          "hz": 4228.238232109126
        },
        {
          "acoustic_entropy": 4.466415882110596,
          "acoustic_entropy_side": 4.482303142547607,
          "hz": 4664.6771572759235
        },
        {
          "acoustic_entropy": 4.479142189025879,
          "acoustic_entropy_side": 4.485049247741699,
          "hz": 5139.766595350093
        },
        {
          "acoustic_entropy": 4.469783782958984,
          "acoustic_entropy_side": 4.483816623687744,
          "hz": 5656.929389854203
        },
        {
          "acoustic_entropy": 4.489535808563232,
          "acoustic_entropy_side": 4.48629093170166,
          "hz": 6219.891507268283
        },
        {
          "acoustic_entropy": 4.495326995849609,
          "acoustic_entropy_side": 4.487199783325195,
          "hz": 6832.70888123896
        },
        {
          "acoustic_entropy": 4.499098777770996,
          "acoustic_entropy_side": 4.487712860107422,
          "hz": 7499.796634079867
        },
        {
          "acoustic_entropy": 4.4908270835876465,
          "acoustic_entropy_side": 4.487025260925293,
          "hz": 8225.96088609342
        },
        {
          "acoustic_entropy": 4.486149787902832,
          "acoustic_entropy_side": 4.486576080322266,
          "hz": 9016.43338188839
        },
        {
          "acoustic_entropy": 4.484755516052246,
          "acoustic_entropy_side": 4.486393451690674,
          "hz": 9876.909183162974
        },
        {
          "acoustic_entropy": 4.486821174621582,
          "acoustic_entropy_side": 4.486506462097168,
          "hz": 10813.587699516042
        },
        {
          "acoustic_entropy": 4.486875534057617,
          "acoustic_entropy_side": 4.486557960510254,
          "hz": 11833.21735289826
        },
        {
          "acoustic_entropy": 4.486532211303711,
          "acoustic_entropy_side": 4.48646354675293,
          "hz": 12943.144197493959
        },
        {
          "acoustic_entropy": 4.486455917358398,
          "acoustic_entropy_side": 4.486459255218506,
          "hz": 14151.364845322005
        },
        {
          "acoustic_entropy": 4.486476898193359,
          "acoustic_entropy_side": 4.4864654541015625,
          "hz": 15466.58407886509
        },
        {
          "acoustic_entropy": 4.48646879196167,
          "acoustic_entropy_side": 4.486465930938721,
          "hz": 16898.27756580493
        },
        {
          "acoustic_entropy": 4.4864654541015625,
          "acoustic_entropy_side": 4.4864654541015625,
          "hz": 18456.760127700032
        },
        {
          "acoustic_entropy": 4.486464977264404,
          "acoustic_entropy_side": 4.486464977264404,
          "hz": 20153.260054456492
        },
        {
          "acoustic_entropy": 4.486464977264404,
          "acoustic_entropy_side": 4.486464977264404,
          "hz": 22000.00000000001
        }
      ],
      "diff_acoustic_entropy": 1.8907979726791382,
      "sn": 6
    },
    {
      "acoustic_entropy": 7.154269218444824,
      "acoustic_entropy_mono": 6.160760879516602,
      "band_eliminated_acoustic_entropies": [
        {
          "acoustic_entropy": 7.329243183135986,
          "acoustic_entropy_side": 7.209487438201904,
          "hz": 129.47220167065723
        },
        {
          "acoustic_entropy": 7.491716384887695,
          "acoustic_entropy_side": 7.279599666595459,
          "hz": 202.92927478742237
        },
        {
          "acoustic_entropy": 7.471949100494385,
          "acoustic_entropy_side": 7.005063056945801,
          "hz": 282.89161906338205
        },
        {
          "acoustic_entropy": 7.408867835998535,
          "acoustic_entropy_side": 7.389082431793213,
          "hz": 369.9353335868758
        },
        {
          "acoustic_entropy": 7.943916320800781,
          "acoustic_entropy_side": 7.366788864135742,
          "hz": 464.6875360973435
        },
        {
          "acoustic_entropy": 7.143820285797119,
          "acoustic_entropy_side": 6.825116157531738,
          "hz": 567.8308811364784
        },
        {
          "acoustic_entropy": 7.902044773101807,
          "acoustic_entropy_side": 7.754160404205322,
          "hz": 680.1084783214808
        },
        {
          "acoustic_entropy": 7.642886638641357,
          "acoustic_entropy_side": 7.306368827819824,
          "hz": 802.3292461747484
        },
        {
          "acoustic_entropy": 7.46760368347168,
          "acoustic_entropy_side": 7.429510593414307,
          "hz": 935.3737400823702
        },
        {
          "acoustic_entropy": 7.026570796966553,
          "acoustic_entropy_side": 6.717325210571289,
          "hz": 1080.2004963696966
        },
        {
          "acoustic_entropy": 7.40350341796875,
          "acoustic_entropy_side": 7.060060501098633,
          "hz": 1237.8529382007157
        },
        {
          "acoustic_entropy": 7.057326793670654,
          "acoustic_entropy_side": 7.233879089355469,
          "hz": 1409.4668930556702
        },
        {
          "acoustic_entropy": 7.202303409576416,
          "acoustic_entropy_side": 7.379271030426025,
          "hz": 1596.2787759475705
        },
        {
          "acoustic_entropy": 7.456846714019775,
          "acoustic_entropy_side": 7.282951354980469,
          "hz": 1799.6344973346393
        },
        {
          "acoustic_entropy": 7.85020637512207,
          "acoustic_entropy_side": 7.459069728851318,
          "hz": 2020.9991599069049
        },
        {
          "acoustic_entropy": 7.358179569244385,
          "acoustic_entropy_side": 7.496976852416992,
          "hz": 2261.9676141086993
        },
        {
          "acoustic_entropy": 7.47692346572876,
          "acoustic_entropy_side": 7.0238728523254395,
          "hz": 2524.2759484456974
        },
        {
          "acoustic_entropy": 7.389047622680664,
          "acoustic_entropy_side": 7.269270420074463,
          "hz": 2809.813997359896
        },
        {
          "acoustic_entropy": 7.089355945587158,
          "acoustic_entropy_side": 7.153094291687012,
          "hz": 3120.6389567871424
        },
        {
          "acoustic_entropy": 7.005751132965088,
          "acoustic_entropy_side": 7.137592792510986,
          "hz": 3458.990205492291
        },
        {
          "acoustic_entropy": 7.0459303855896,
          "acoustic_entropy_side": 7.13791561126709,
          "hz": 3827.305438964164
        },
        {
          "acoustic_entropy": 7.07548189163208,
          "acoustic_entropy_side": 7.137065887451172,
          "hz": 4228.238232109126
        },
        {
          "acoustic_entropy": 7.122719764709473,
          "acoustic_entropy_side": 7.161950588226318,
          "hz": 4664.6771572759235
        },
        {
          "acoustic_entropy": 7.290563583374023,
          "acoustic_entropy_side": 7.2066168785095215,
          "hz": 5139.766595350093
        },
        {
          "acoustic_entropy": 7.059683799743652,
          "acoustic_entropy_side": 7.15932035446167,
          "hz": 5656.929389854203
        },
        {
          "acoustic_entropy": 7.303142070770264,
          "acoustic_entropy_side": 7.207195281982422,
          "hz": 6219.891507268283
        },
        {
          "acoustic_entropy": 7.54162073135376,
          "acoustic_entropy_side": 7.251988410949707,
          "hz": 6832.70888123896
        },
        {
          "acoustic_entropy": 7.612074851989746,
          "acoustic_entropy_side": 7.274974346160889,
          "hz": 7499.796634079867
        },
        {
          "acoustic_entropy": 7.458700180053711,
          "acoustic_entropy_side": 7.210485458374023,
          "hz": 8225.96088609342
        },
        {
          "acoustic_entropy": 7.390525817871094,
          "acoustic_entropy_side": 7.196476936340332,
          "hz": 9016.43338188839
        },
        {
          "acoustic_entropy": 7.142141342163086,
          "acoustic_entropy_side": 7.1630635261535645,
          "hz": 9876.909183162974
        },
        {
          "acoustic_entropy": 7.239299774169922,
          "acoustic_entropy_side": 7.168618202209473,
          "hz": 10813.587699516042
        },
        {
          "acoustic_entropy": 7.2247724533081055,
          "acoustic_entropy_side": 7.167984962463379,
          "hz": 11833.21735289826
        },
        {
          "acoustic_entropy": 7.18068790435791,
          "acoustic_entropy_side": 7.158062934875488,
          "hz": 12943.144197493959
        },
        {
          "acoustic_entropy": 7.159998416900635,
          "acoustic_entropy_side": 7.155086994171143,
          "hz": 14151.364845322005
        },
        {
          "acoustic_entropy": 7.157352924346924,
          "acoustic_entropy_side": 7.154627323150635,
          "hz": 15466.58407886509
        },
        {
          "acoustic_entropy": 7.154970645904541,
          "acoustic_entropy_side": 7.154333114624023,
          "hz": 16898.27756580493
        },
        {
          "acoustic_entropy": 7.154359817504883,
          "acoustic_entropy_side": 7.154275417327881,
          "hz": 18456.760127700032
        },
        {
          "acoustic_entropy": 7.154267311096191,
          "acoustic_entropy_side": 7.15426778793335,
          "hz": 20153.260054456492
        },
        {
          "acoustic_entropy": 7.15426778793335,
          "acoustic_entropy_side": 7.154268741607666,
          "hz": 22000.00000000001
        }
      ],
      "diff_acoustic_entropy": 3.3321926593780518,
      "sn": 12
    },
    {
      "acoustic_entropy": 11.174962043762207,
      "acoustic_entropy_mono": 9.755960464477539,
      "band_eliminated_acoustic_entropies": [
        {
          "acoustic_entropy": 10.476046562194824,
          "acoustic_entropy_side": 11.251873016357422,
          "hz": 129.47220167065723
        },
        {
          "acoustic_entropy": 11.335643768310547,
          "acoustic_entropy_side": 11.565343856811523,
          "hz": 202.92927478742237
        },
        {
          "acoustic_entropy": 11.395308494567871,
          "acoustic_entropy_side": 11.437138557434082,
          "hz": 282.89161906338205
        },
        {
          "acoustic_entropy": 11.223989486694336,
          "acoustic_entropy_side": 11.264781951904297,
          "hz": 369.9353335868758
        },
        {
          "acoustic_entropy": 11.216365814208984,
          "acoustic_entropy_side": 11.136919975280762,
          "hz": 464.6875360973435
        },
        {
          "acoustic_entropy": 11.10753059387207,
          "acoustic_entropy_side": 11.050272941589355,
          "hz": 567.8308811364784
        },
        {
          "acoustic_entropy": 11.457895278930664,
          "acoustic_entropy_side": 11.295817375183105,
          "hz": 680.1084783214808
        },
        {
          "acoustic_entropy": 10.997676849365234,
          "acoustic_entropy_side": 11.339545249938965,
          "hz": 802.3292461747484
        },
        {
          "acoustic_entropy": 11.419325828552246,
          "acoustic_entropy_side": 11.341217041015625,
          "hz": 935.3737400823702
        },
        {
          "acoustic_entropy": 11.191763877868652,
          "acoustic_entropy_side": 11.241416931152344,
          "hz": 1080.2004963696966
        },
        {
          "acoustic_entropy": 11.089207649230957,
          "acoustic_entropy_side": 11.193222999572754,
          "hz": 1237.8529382007157
        },
        {
          "acoustic_entropy": 11.396267890930176,
          "acoustic_entropy_side": 11.219018936157227,
          "hz": 1409.4668930556702
        },
        {
          "acoustic_entropy": 11.341733932495117,
          "acoustic_entropy_side": 11.309894561767578,
          "hz": 1596.2787759475705
        },
        {
          "acoustic_entropy": 11.081781387329102,
          "acoustic_entropy_side": 11.18034553527832,
          "hz": 1799.6344973346393
        },
        {
          "acoustic_entropy": 11.04926872253418,
          "acoustic_entropy_side": 11.201129913330078,
          "hz": 2020.9991599069049
        },
        {
          "acoustic_entropy": 11.217905044555664,
          "acoustic_entropy_side": 11.249216079711914,
          "hz": 2261.9676141086993
        },
        {
          "acoustic_entropy": 11.174857139587402,
          "acoustic_entropy_side": 11.203094482421875,
          "hz": 2524.2759484456974
        },
        {
          "acoustic_entropy": 11.288594245910645,
          "acoustic_entropy_side": 11.219441413879395,
          "hz": 2809.813997359896
        },
        {
          "acoustic_entropy": 11.155871391296387,
          "acoustic_entropy_side": 11.188872337341309,
          "hz": 3120.6389567871424
        },
        {
          "acoustic_entropy": 11.263860702514648,
          "acoustic_entropy_side": 11.230290412902832,
