{
  "acoustic_entropy": 211.2408905029297,
  "bands": [
    {
      "high_freq": 148.1999969482422,
      "loudness": -35.18423843383789,
      "loudness_range": 24.381282806396484,
      "mid_mean": -32.48482131958008,
      "mid_to_side_loudness": -7.729074478149414,
      "mid_to_side_loudness_range": 14.11626148223877,
      "side_mean": -40.69814682006836
    },
    {
      "high_freq": 392.3793640136719,
      "loudness": -30.730180740356445,
      "loudness_range": 14.09107780456543,
      "low_freq": 148.1999969482422,
      "mid_mean": -27.973007202148438,
      "mid_to_side_loudness": -6.588900566101074,
      "mid_to_side_loudness_range": 6.858497142791748,
      "side_mean": -34.62127685546875
    },
    {
      "high_freq": 794.6976318359375,
      "loudness": -34.04507064819336,
      "loudness_range": 19.776288986206055,
      "low_freq": 392.3793640136719,
      "mid_mean": -31.21038246154785,
      "mid_to_side_loudness": -7.4752726554870605,
      "mid_to_side_loudness_range": 8.48617172241211,
      "side_mean": -38.68629837036133
    },
    {
      "high_freq": 1457.5709228515625,
      "loudness": -39.5819091796875,
      "loudness_range": 28.47714614868164,
      "low_freq": 794.6976318359375,
      "mid_mean": -36.76456069946289,
      "mid_to_side_loudness": -7.4261908531188965,
      "mid_to_side_loudness_range": 8.94229507446289,
      "side_mean": -44.253292083740234
    },
    {
      "high_freq": 2549.74365234375,
      "loudness": -42.658023834228516,
      "loudness_range": 30.257062911987305,
      "low_freq": 1457.5709228515625,
      "mid_mean": -40.19150161743164,
      "mid_to_side_loudness": -7.302380561828613,
      "mid_to_side_loudness_range": 9.40045166015625,
      "side_mean": -48.16976547241211
    },
    {
      "high_freq": 4349.24462890625,
      "loudness": -44.27499008178711,
      "loudness_range": 28.491531372070312,
      "low_freq": 2549.74365234375,
      "mid_mean": -41.867244720458984,
      "mid_to_side_loudness": -8.799378395080566,
      "mid_to_side_loudness_range": 11.563525199890137,
      "side_mean": -51.759666442871094
    },
    {
      "high_freq": 7314.1640625,
      "loudness": -47.26130294799805,
      "loudness_range": 27.55807876586914,
      "low_freq": 4349.24462890625,
      "mid_mean": -44.90176773071289,
      "mid_to_side_loudness": -8.900585174560547,
      "mid_to_side_loudness_range": 12.468306541442871,
      "side_mean": -54.2233772277832
    },
    {
      "high_freq": 12199.2666015625,
      "loudness": -48.34476852416992,
      "loudness_range": 26.979232788085938,
      "low_freq": 7314.1640625,
      "mid_mean": -45.81507873535156,
      "mid_to_side_loudness": -9.70928955078125,
      "mid_to_side_loudness_range": 15.346938133239746,
      "side_mean": -55.80754089355469
    },
    {
      "loudness": -53.991947174072266,
      "loudness_range": 25.374774932861328,
      "low_freq": 12199.2666015625,
      "mid_mean": -52.0147705078125,
      "mid_to_side_loudness": -10.628423690795898,
      "mid_to_side_loudness_range": 16.600509643554688,
      "side_mean": -60.5684814453125
    }
  ],
  "bands_short": [
    {
      "high_freq": 148.1999969482422,
      "loudness": -38.00819396972656,
      "loudness_range": 29.6693115234375,
      "mid_mean": -35.43033981323242,
      "mid_to_side_loudness": -7.746891498565674,
      "mid_to_side_loudness_range": 18.513322830200195,
      "side_mean": -43.83970260620117
    },
    {
      "high_freq": 392.3793640136719,
      "loudness": -30.8348388671875,
      "loudness_range": 15.269765853881836,
      "low_freq": 148.1999969482422,
      "mid_mean": -28.122289657592773,
      "mid_to_side_loudness": -6.770223140716553,
      "mid_to_side_loudness_range": 9.680545806884766,
      "side_mean": -34.96104431152344
    },
    {
      "high_freq": 794.6976318359375,
      "loudness": -33.993465423583984,
      "loudness_range": 20.453447341918945,
      "low_freq": 392.3793640136719,
      "mid_mean": -31.32392120361328,
      "mid_to_side_loudness": -7.199341297149658,
      "mid_to_side_loudness_range": 12.041746139526367,
      "side_mean": -38.493011474609375
    },
    {
      "high_freq": 1457.5709228515625,
      "loudness": -39.60348129272461,
      "loudness_range": 28.81189727783203,
      "low_freq": 794.6976318359375,
      "mid_mean": -36.97365188598633,
      "mid_to_side_loudness": -7.208117961883545,
      "mid_to_side_loudness_range": 12.365103721618652,
      "side_mean": -44.25999069213867
    },
    {
      "high_freq": 2549.74365234375,
      "loudness": -43.32143783569336,
      "loudness_range": 31.24005699157715,
      "low_freq": 1457.5709228515625,
      "mid_mean": -41.10393524169922,
      "mid_to_side_loudness": -6.925142765045166,
      "mid_to_side_loudness_range": 12.241116523742676,
      "side_mean": -48.73366165161133
    },
    {
      "high_freq": 4349.24462890625,
      "loudness": -45.015872955322266,
      "loudness_range": 29.62654685974121,
      "low_freq": 2549.74365234375,
      "mid_mean": -42.78348159790039,
      "mid_to_side_loudness": -8.187141418457031,
      "mid_to_side_loudness_range": 13.245055198669434,
      "side_mean": -52.103816986083984
    },
    {
      "high_freq": 7314.1640625,
      "loudness": -48.57693099975586,
      "loudness_range": 29.253337860107422,
      "low_freq": 4349.24462890625,
      "mid_mean": -46.41196823120117,
      "mid_to_side_loudness": -7.957147598266602,
      "mid_to_side_loudness_range": 13.922847747802734,
      "side_mean": -55.14505386352539
    },
    {
      "high_freq": 12199.2666015625,
      "loudness": -50.091285705566406,
      "loudness_range": 28.985618591308594,
      "low_freq": 7314.1640625,
      "mid_mean": -48.11869430541992,
      "mid_to_side_loudness": -8.695698738098145,
      "mid_to_side_loudness_range": 16.783111572265625,
      "side_mean": -57.67914962768555
    },
    {
      "loudness": -56.166316986083984,
      "loudness_range": 27.63418960571289,
      "low_freq": 12199.2666015625,
      "mid_mean": -54.20848846435547,
      "mid_to_side_loudness": -9.499555587768555,
      "mid_to_side_loudness_range": 19.33626365661621,
      "side_mean": -63.00160217285156
    }
  ],
  "bandwidth": 488.9591369628906,
  "channels": 2,
  "covariance": [
    [
      84.89892578125,
      59.94565200805664,
      32.56102752685547,
      32.53776931762695,
      39.63520050048828,
      36.2866096496582,
      59.21076583862305,
      55.9245719909668,
      61.805381774902344,
      64.75463104248047,
      57.17044448852539,
      61.07217025756836,
      50.59074783325195,
      53.9432373046875,
      42.24969482421875,
      42.58240509033203,
      45.51405334472656,
      35.509098052978516
    ],
    [
      59.94565200805664,
      65.61592864990234,
      25.328426361083984,
      25.651081085205078,
      27.775341033935547,
      25.375131607055664,
      42.21442413330078,
      39.7105598449707,
      45.31291961669922,
      46.291961669921875,
      40.69190979003906,
      45.335514068603516,
      36.35143280029297,
      38.98893356323242,
      27.948976516723633,
      28.16466522216797,
      32.96187973022461,
      22.99224853515625
    ],
    [
      32.56102752685547,
      25.328426361083984,
      29.0183162689209,
      25.371015548706055,
      27.52450180053711,
      25.24698257446289,
      36.52646255493164,
      33.87755584716797,
      38.842166900634766,
      39.82998275756836,
      35.699432373046875,
      38.60591506958008,
      33.35065841674805,
      35.875328063964844,
      30.74054718017578,
      30.753192901611328,
      31.56385040283203,
      23.772319793701172
    ],
    [
      32.53776931762695,
      25.651081085205078,
      25.371015548706055,
      28.404783248901367,
      27.16632843017578,
      26.072959899902344,
      37.98741912841797,
      35.775787353515625,
      39.820308685302734,
      41.69016647338867,
      35.0380859375,
      40.073429107666016,
      32.9935188293457,
      37.71841812133789,
      28.974218368530273,
      31.82679557800293,
      30.14670753479004,
      24.162755966186523
    ],
    [
      39.63520050048828,
      27.775341033935547,
      27.52450180053711,
      27.16632843017578,
      53.99885940551758,
      43.38506317138672,
      60.97806167602539,
      53.11598205566406,
      58.809329986572266,
      59.148170471191406,
      54.647457122802734,
      55.820987701416016,
      45.497154235839844,
      47.1318244934082,
      43.50345230102539,
      42.0498161315918,
      47.72334671020508,
      32.70944595336914
    ],
    [
      36.2866096496582,
      25.375131607055664,
      25.24698257446289,
      26.072959899902344,
      43.38506317138672,
      42.96056365966797,
      53.256980895996094,
      50.164066314697266,
      52.2684326171875,
      55.42427444458008,
      44.79708480834961,
      51.29098129272461,
      39.13759994506836,
      43.74637222290039,
      36.6560173034668,
      39.15876770019531,
      39.84562683105469,
      30.36817741394043
    ],
    [
      59.21076583862305,
      42.21442413330078,
      36.52646255493164,
      37.98741912841797,
      60.97806167602539,
      53.256980895996094,
      100.48257446289062,
      84.1809310913086,
      86.51898193359375,
      85.88844299316406,
      85.71184539794922,
      83.15878295898438,
      69.33203887939453,
      69.71780395507812,
      63.069766998291016,
      61.223026275634766,
      64.84100341796875,
      47.43414306640625
    ],
    [
      55.9245719909668,
      39.7105598449707,
      33.87755584716797,
      35.775787353515625,
      53.11598205566406,
      50.164066314697266,
      84.1809310913086,
      79.76165771484375,
      77.10319519042969,
      81.33414459228516,
      72.04757690429688,
      77.05253601074219,
      62.2932014465332,
      65.28752136230469,
      56.27073669433594,
      57.616554260253906,
      58.58061599731445,
      45.24879837036133
    ],
    [
      61.805381774902344,
      45.31291961669922,
      38.842166900634766,
      39.820308685302734,
      58.809329986572266,
      52.2684326171875,
      86.51898193359375,
      77.10319519042969,
      115.15715789794922,
      99.43769836425781,
      92.8902816772461,
      88.11710357666016,
      79.38799285888672,
      75.17137145996094,
      71.84703826904297,
      63.16061019897461,
      73.69781494140625,
      50.80836868286133
    ],
    [
      64.75463104248047,
      46.291961669921875,
      39.82998275756836,
      41.69016647338867,
      59.148170471191406,
      55.42427444458008,
      85.88844299316406,
      81.33414459228516,
      99.43769836425781,
      107.55860900878906,
      86.36028289794922,
      92.2096939086914,
      77.56817626953125,
      78.50191497802734,
      70.76109313964844,
      69.16058349609375,
      73.07022094726562,
      54.66139221191406
    ],
    [
      57.17044448852539,
      40.69190979003906,
      35.699432373046875,
      35.0380859375,
      54.647457122802734,
      44.79708480834961,
      85.71184539794922,
      72.04757690429688,
      92.8902816772461,
      86.36028289794922,
      110.63037872314453,
      89.0155258178711,
      84.52049255371094,
      72.12515258789062,
      77.60992431640625,
      61.6692008972168,
      71.97209930419922,
      48.51517868041992
    ],
    [
      61.07217025756836,
      45.335514068603516,
      38.60591506958008,
      40.073429107666016,
      55.820987701416016,
      51.29098129272461,
      83.15878295898438,
      77.05253601074219,
      88.11710357666016,
      92.2096939086914,
      89.0155258178711,
      100.3627700805664,
      77.49559020996094,
      83.49311065673828,
      68.57904815673828,
      71.62229919433594,
      74.08969116210938,
      55.30070495605469
    ],
    [
      50.59074783325195,
      36.35143280029297,
      33.35065841674805,
      32.9935188293457,
      45.497154235839844,
      39.13759994506836,
      69.33203887939453,
      62.2932014465332,
      79.38799285888672,
      77.56817626953125,
      84.52049255371094,
      77.49559020996094,
      94.03243255615234,
      74.7734146118164,
      83.21755981445312,
      65.02053833007812,
      73.46353912353516,
      51.72513198852539
    ],
    [
      53.9432373046875,
      38.98893356323242,
      35.875328063964844,
      37.71841812133789,
      47.1318244934082,
      43.74637222290039,
      69.71780395507812,
      65.28752136230469,
      75.17137145996094,
      78.50191497802734,
      72.12515258789062,
      83.49311065673828,
      74.7734146118164,
      85.7906723022461,
      65.46040344238281,
      74.85509490966797,
      66.86345672607422,
      58.17073059082031
    ],
    [
      42.24969482421875,
      27.948976516723633,
      30.74054718017578,
      28.974218368530273,
      43.50345230102539,
      36.6560173034668,
      63.069766998291016,
      56.27073669433594,
      71.84703826904297,
      70.76109313964844,
      77.60992431640625,
      68.57904815673828,
      83.21755981445312,
      65.46040344238281,
      91.24435424804688,
      67.0468978881836,
      76.15288543701172,
      50.78055191040039
    ],
    [
      42.58240509033203,
      28.16466522216797,
      30.753192901611328,
      31.82679557800293,
      42.0498161315918,
      39.15876770019531,
      61.223026275634766,
      57.616554260253906,
      63.16061019897461,
      69.16058349609375,
      61.6692008972168,
      71.62229919433594,
      65.02053833007812,
      74.85509490966797,
      67.0468978881836,
      79.43860626220703,
      64.32611083984375,
      59.57746505737305
    ],
    [
      45.51405334472656,
      32.96187973022461,
      31.56385040283203,
      30.14670753479004,
      47.72334671020508,
      39.84562683105469,
      64.84100341796875,
      58.58061599731445,
      73.69781494140625,
      73.07022094726562,
      71.97209930419922,
      74.08969116210938,
      73.46353912353516,
      66.86345672607422,
      76.15288543701172,
      64.32611083984375,
      86.68260955810547,
      53.199039459228516
    ],
    [
      35.509098052978516,
      22.99224853515625,
      23.772319793701172,
      24.162755966186523,
      32.70944595336914,
      30.36817741394043,
      47.43414306640625,
      45.24879837036133,
      50.80836868286133,
      54.66139221191406,
      48.51517868041992,
      55.30070495605469,
      51.72513198852539,
      58.17073059082031,
      50.78055191040039,
      59.57746505737305,
      53.199039459228516,
      52.885169982910156
    ]
  ],
  "covariance_short": [
    [
      117.69925689697266,
      81.50092315673828,
      38.95707702636719,
      36.04547119140625,
      42.38675308227539,
      37.7945671081543,
      64.12754821777344,
      60.72127151489258,
      68.33364868164062,
      74.18533325195312,
      65.05318450927734,
      67.98141479492188,
      57.96895217895508,
      59.575233459472656,
      51.400577545166016,
      44.571197509765625,
      49.39470672607422,
      29.782703399658203
    ],
    [
      81.50092315673828,
      91.55943298339844,
      29.97821044921875,
      29.246519088745117,
      28.877859115600586,
      25.919485092163086,
      44.322776794433594,
      40.951637268066406,
      48.89474868774414,
      51.977996826171875,
      45.111419677734375,
      48.61871337890625,
      38.6074104309082,
      41.00226974487305,
      32.67654800415039,
      27.86013412475586,
      33.66318893432617,
      16.82383918762207
    ],
    [
      38.95707702636719,
      29.97821044921875,
      33.32560729980469,
      26.918731689453125,
      27.242944717407227,
      24.55767250061035,
      37.475669860839844,
      34.97275161743164,
      40.71759033203125,
      41.12217712402344,
      39.2047233581543,
      39.387054443359375,
      36.15144729614258,
      36.60555648803711,
      34.009422302246094,
      29.212121963500977,
      30.050214767456055,
      18.940099716186523
    ],
    [
      36.04547119140625,
      29.246519088745117,
      26.918731689453125,
      33.17164993286133,
      26.01262092590332,
      25.021883010864258,
      37.42408752441406,
      35.31965637207031,
      40.03003692626953,
      41.10956573486328,
      37.350833892822266,
      40.0853271484375,
      34.86840057373047,
      37.94905090332031,
      30.5191650390625,
      29.86417007446289,
      27.073474884033203,
      18.92873764038086
    ],
    [
      42.38675308227539,
      28.877859115600586,
      27.242944717407227,
      26.01262092590332,
      56.647300720214844,
      41.03189468383789,
      58.493133544921875,
      51.009456634521484,
      59.58185577392578,
      58.732398986816406,
      56.33436584472656,
      54.07051086425781,
      47.257652282714844,
      45.597198486328125,
      46.681026458740234,
      38.386905670166016,
      44.6347770690918,
      24.809574127197266
    ],
    [
      37.7945671081543,
      25.919485092163086,
      24.55767250061035,
      25.021883010864258,
      41.03189468383789,
      44.880008697509766,
      50.18343734741211,
      47.99531173706055,
      51.27870559692383,
      54.959007263183594,
      45.55072021484375,
      49.653446197509766,
      40.09348678588867,
      42.45716094970703,
      38.15515899658203,
      35.773101806640625,
      35.151241302490234,
      22.964324951171875
    ],
    [
      64.12754821777344,
      44.322776794433594,
      37.475669860839844,
      37.42408752441406,
      58.493133544921875,
      50.18343734741211,
      103.88037872314453,
      82.32365417480469,
      87.9297866821289,
      85.4073715209961,
      88.65594482421875,
      81.73357391357422,
      72.9356460571289,
      68.94092559814453,
      66.74309539794922,
      56.10647201538086,
      61.52273941040039,
      35.4075813293457
    ],
    [
      60.72127151489258,
      40.951637268066406,
      34.97275161743164,
      35.31965637207031,
      51.009456634521484,
      47.99531173706055,
      82.32365417480469,
      82.93781280517578,
      77.9404525756836,
      81.47142028808594,
      74.3025894165039,
      76.76204681396484,
      65.37152099609375,
      65.16873168945312,
      59.214298248291016,
      53.1416015625,
      53.86561584472656,
      34.276458740234375
    ],
    [
      68.33364868164062,
      48.89474868774414,
      40.71759033203125,
      40.03003692626953,
      59.58185577392578,
      51.27870559692383,
      87.9297866821289,
      77.9404525756836,
      121.37286376953125,
      100.99383544921875,
      98.64684295654297,
      88.42167663574219,
      83.87030792236328,
      74.65895080566406,
      76.66332244873047,
      58.270626068115234,
      72.32152557373047,
      37.928627014160156
    ],
    [
      74.18533325195312,
      51.977996826171875,
      41.12217712402344,
      41.10956573486328,
      58.732398986816406,
      54.959007263183594,
      85.4073715209961,
      81.47142028808594,
      100.99383544921875,
      112.10578918457031,
      88.53884887695312,
      93.9774398803711,
      81.14197540283203,
      79.66461944580078,
      74.36749267578125,
      64.96097564697266,
      68.23233795166016,
      42.02067565917969
    ],
    [
      65.05318450927734,
      45.111419677734375,
      39.2047233581543,
      37.350833892822266,
      56.33436584472656,
      45.55072021484375,
      88.65594482421875,
      74.3025894165039,
      98.64684295654297,
      88.53884887695312,
      117.43499755859375,
      89.73468017578125,
      90.07068634033203,
      72.927490234375,
      82.88861846923828,
      58.22270965576172,
      74.85587310791016,
      38.07889938354492
    ],
    [
      67.98141479492188,
      48.61871337890625,
      39.387054443359375,
      40.0853271484375,
      54.07051086425781,
      49.653446197509766,
      81.73357391357422,
      76.76204681396484,
      88.42167663574219,
      93.9774398803711,
      89.73468017578125,
      103.31002044677734,
      80.36991882324219,
      84.53425598144531,
      72.12519836425781,
      68.63015747070312,
      68.62604522705078,
      44.92545700073242
    ],
    [
      57.96895217895508,
      38.6074104309082,
      36.15144729614258,
      34.86840057373047,
      47.257652282714844,
      40.09348678588867,
      72.9356460571289,
      65.37152099609375,
      83.87030792236328,
      81.14197540283203,
      90.07068634033203,
      80.36991882324219,
      105.68819427490234,
      76.88052368164062,
      94.94572448730469,
      65.20831298828125,
      80.23027801513672,
      46.80570602416992
    ],
    [
      59.575233459472656,
      41.00226974487305,
      36.60555648803711,
      37.94905090332031,
      45.597198486328125,
      42.45716094970703,
      68.94092559814453,
      65.16873168945312,
      74.65895080566406,
      79.66461944580078,
      72.927490234375,
      84.53425598144531,
      76.88052368164062,
      93.80967712402344,
      67.96713256835938,
      79.72744750976562,
      60.85934829711914,
      55.832210540771484
    ],
    [
      51.400577545166016,
      32.67654800415039,
      34.009422302246094,
      30.5191650390625,
      46.681026458740234,
      38.15515899658203,
      66.74309539794922,
      59.214298248291016,
      76.66332244873047,
      74.36749267578125,
      82.88861846923828,
      72.12519836425781,
      94.94572448730469,
      67.96713256835938,
      107.6088638305664,
      66.88603210449219,
      89.40199279785156,
      47.21262741088867
    ],
    [
      44.571197509765625,
      27.86013412475586,
      29.212121963500977,
      29.86417007446289,
      38.386905670166016,
      35.773101806640625,
      56.10647201538086,
      53.1416015625,
      58.270626068115234,
      64.96097564697266,
      58.22270965576172,
      68.63015747070312,
      65.20831298828125,
      79.72744750976562,
      66.88603210449219,
      89.5062255859375,
      56.76272964477539,
      62.88363265991211
    ],
    [
      49.39470672607422,
      33.66318893432617,
      30.050214767456055,
      27.073474884033203,
      44.6347770690918,
      35.151241302490234,
      61.52273941040039,
      53.86561584472656,
      72.32152557373047,
      68.23233795166016,
      74.85587310791016,
      68.62604522705078,
      80.23027801513672,
      60.85934829711914,
      89.40199279785156,
      56.76272964477539,
      94.98068237304688,
      43.73655700683594
    ],
    [
      29.782703399658203,
      16.82383918762207,
      18.940099716186523,
      18.92873764038086,
      24.809574127197266,
      22.964324951171875,
      35.4075813293457,
      34.276458740234375,
      37.928627014160156,
      42.02067565917969,
      38.07889938354492,
      44.92545700073242,
      46.80570602416992,
      55.832210540771484,
      47.21262741088867,
      62.88363265991211,
      43.73655700683594,
      57.06171417236328
    ]
  ],
  "damage": -16.71088981628418,
  "diff_bandwidth": 546.1038818359375,
  "dissonance": 7.280388480353178,
  "drr": 9.68539047241211,
  "dynamics": 5.223757266998291,
  "format": 1245190,
  "frames": 10743744,
  "loudness": -22.421113967895508,
  "loudness_range": 15.187339782714844,
  "loudness_range_short": 16.37488555908203,
  "lowpass_true_peak_15khz": -3.1953201293945312,
  "mastering3_acoustic_entropies": [
    {
      "acoustic_entropy": 8.831737518310547,
      "acoustic_entropy_mono": 8.577065467834473,
      "band_eliminated_acoustic_entropies": [
        {
          "acoustic_entropy": 8.685874938964844,
          "acoustic_entropy_side": 8.83289909362793,
          "hz": 129.47220167065723
        },
        {
          "acoustic_entropy": 8.585688591003418,
          "acoustic_entropy_side": 8.778581619262695,
          "hz": 202.92927478742237
        },
        {
          "acoustic_entropy": 8.725889205932617,
          "acoustic_entropy_side": 8.744707107543945,
          "hz": 282.89161906338205
        },
        {
          "acoustic_entropy": 8.424529075622559,
          "acoustic_entropy_side": 8.796910285949707,
          "hz": 369.9353335868758
        },
        {
          "acoustic_entropy": 9.227498054504395,
          "acoustic_entropy_side": 9.0156888961792,
          "hz": 464.6875360973435
        },
        {
          "acoustic_entropy": 8.226134300231934,
          "acoustic_entropy_side": 8.296297073364258,
          "hz": 567.8308811364784
        },
        {
          "acoustic_entropy": 8.62852668762207,
          "acoustic_entropy_side": 8.905383110046387,
          "hz": 680.1084783214808
        },
        {
          "acoustic_entropy": 7.620941162109375,
          "acoustic_entropy_side": 8.823678016662598,
          "hz": 802.3292461747484
        },
        {
          "acoustic_entropy": 7.054177761077881,
          "acoustic_entropy_side": 8.5573148727417,
          "hz": 935.3737400823702
        },
        {
          "acoustic_entropy": 8.749104499816895,
          "acoustic_entropy_side": 8.697540283203125,
          "hz": 1080.2004963696966
        },
        {
          "acoustic_entropy": 8.168597221374512,
          "acoustic_entropy_side": 8.876041412353516,
          "hz": 1237.8529382007157
        },
        {
          "acoustic_entropy": 8.697539329528809,
          "acoustic_entropy_side": 8.832799911499023,
          "hz": 1409.4668930556702
        },
        {
          "acoustic_entropy": 7.76429557800293,
          "acoustic_entropy_side": 8.600872993469238,
          "hz": 1596.2787759475705
        },
        {
          "acoustic_entropy": 8.422884941101074,
          "acoustic_entropy_side": 8.88509464263916,
          "hz": 1799.6344973346393
        },
        {
          "acoustic_entropy": 8.238832473754883,
          "acoustic_entropy_side": 8.849336624145508,
          "hz": 2020.9991599069049
        },
        {
          "acoustic_entropy": 8.565847396850586,
          "acoustic_entropy_side": 8.820130348205566,
          "hz": 2261.9676141086993
        },
        {
          "acoustic_entropy": 8.34095287322998,
          "acoustic_entropy_side": 8.818963050842285,
          "hz": 2524.2759484456974
        },
        {
          "acoustic_entropy": 8.354909896850586,
          "acoustic_entropy_side": 8.83335018157959,
          "hz": 2809.813997359896
        },
        {
          "acoustic_entropy": 8.791764259338379,
          "acoustic_entropy_side": 8.83263111114502,
          "hz": 3120.6389567871424
        },
        {
          "acoustic_entropy": 8.8597412109375,
          "acoustic_entropy_side": 8.837899208068848,
          "hz": 3458.990205492291
        },
        {
          "acoustic_entropy": 8.889077186584473,
          "acoustic_entropy_side": 8.831064224243164,
          "hz": 3827.305438964164
        },
        {
          "acoustic_entropy": 8.481222152709961,
          "acoustic_entropy_side": 8.821382522583008,
          "hz": 4228.238232109126
        },
        {
          "acoustic_entropy": 8.521841049194336,
          "acoustic_entropy_side": 8.818199157714844,
          "hz": 4664.6771572759235
        },
        {
          "acoustic_entropy": 8.680238723754883,
          "acoustic_entropy_side": 8.83492660522461,
          "hz": 5139.766595350093
        },
        {
          "acoustic_entropy": 8.808063507080078,
          "acoustic_entropy_side": 8.834325790405273,
          "hz": 5656.929389854203
        },
        {
          "acoustic_entropy": 8.782381057739258,
          "acoustic_entropy_side": 8.839323043823242,
          "hz": 6219.891507268283
        },
        {
          "acoustic_entropy": 8.658483505249023,
          "acoustic_entropy_side": 8.839508056640625,
          "hz": 6832.70888123896
        },
        {
          "acoustic_entropy": 8.678980827331543,
          "acoustic_entropy_side": 8.837651252746582,
          "hz": 7499.796634079867
        },
        {
          "acoustic_entropy": 8.72452163696289,
          "acoustic_entropy_side": 8.838637351989746,
          "hz": 8225.96088609342
        },
        {
          "acoustic_entropy": 8.100582122802734,
          "acoustic_entropy_side": 8.814299583435059,
          "hz": 9016.43338188839
        },
        {
          "acoustic_entropy": 8.616942405700684,
          "acoustic_entropy_side": 8.816095352172852,
          "hz": 9876.909183162974
        },
        {
          "acoustic_entropy": 8.831066131591797,
          "acoustic_entropy_side": 8.832962989807129,
          "hz": 10813.587699516042
        },
        {
          "acoustic_entropy": 8.817512512207031,
          "acoustic_entropy_side": 8.832392692565918,
          "hz": 11833.21735289826
        },
        {
          "acoustic_entropy": 8.78169059753418,
          "acoustic_entropy_side": 8.831465721130371,
          "hz": 12943.144197493959
        },
        {
          "acoustic_entropy": 8.716620445251465,
          "acoustic_entropy_side": 8.829459190368652,
          "hz": 14151.364845322005
        },
        {
          "acoustic_entropy": 8.630562782287598,
          "acoustic_entropy_side": 8.82274055480957,
          "hz": 15466.58407886509
        },
        {
          "acoustic_entropy": 8.827651977539062,
          "acoustic_entropy_side": 8.831435203552246,
          "hz": 16898.27756580493
        },
        {
          "acoustic_entropy": 8.835850715637207,
          "acoustic_entropy_side": 8.831812858581543,
          "hz": 18456.760127700032
        },
        {
          "acoustic_entropy": 8.832966804504395,
          "acoustic_entropy_side": 8.831742286682129,
          "hz": 20153.260054456492
        },
        {
          "acoustic_entropy": 8.831779479980469,
          "acoustic_entropy_side": 8.831737518310547,
          "hz": 22000.00000000001
        }
      ],
      "diff_acoustic_entropy": 4.149486064910889,
      "sn": 6
    },
    {
      "acoustic_entropy": 11.900633811950684,
      "acoustic_entropy_mono": 11.744468688964844,
      "band_eliminated_acoustic_entropies": [
        {
          "acoustic_entropy": 12.10291576385498,
          "acoustic_entropy_side": 11.91163444519043,
          "hz": 129.47220167065723
        },
        {
          "acoustic_entropy": 12.83000373840332,
          "acoustic_entropy_side": 12.119322776794434,
          "hz": 202.92927478742237
        },
        {
          "acoustic_entropy": 12.551762580871582,
          "acoustic_entropy_side": 12.241446495056152,
          "hz": 282.89161906338205
        },
        {
          "acoustic_entropy": 12.150639533996582,
          "acoustic_entropy_side": 12.176761627197266,
          "hz": 369.9353335868758
        },
        {
          "acoustic_entropy": 12.718887329101562,
          "acoustic_entropy_side": 12.046905517578125,
          "hz": 464.6875360973435
        },
        {
          "acoustic_entropy": 12.047029495239258,
          "acoustic_entropy_side": 12.098010063171387,
          "hz": 567.8308811364784
        },
        {
          "acoustic_entropy": 11.849200248718262,
          "acoustic_entropy_side": 12.031435012817383,
          "hz": 680.1084783214808
        },
        {
          "acoustic_entropy": 11.535412788391113,
          "acoustic_entropy_side": 11.898468971252441,
          "hz": 802.3292461747484
        },
        {
          "acoustic_entropy": 11.976131439208984,
          "acoustic_entropy_side": 12.184586524963379,
          "hz": 935.3737400823702
        },
        {
          "acoustic_entropy": 12.413975715637207,
          "acoustic_entropy_side": 12.09505558013916,
          "hz": 1080.2004963696966
        },
        {
          "acoustic_entropy": 12.429891586303711,
          "acoustic_entropy_side": 12.056497573852539,
          "hz": 1237.8529382007157
        },
        {
          "acoustic_entropy": 12.112672805786133,
          "acoustic_entropy_side": 12.018759727478027,
          "hz": 1409.4668930556702
        },
        {
          "acoustic_entropy": 11.754951477050781,
          "acoustic_entropy_side": 11.985723495483398,
          "hz": 1596.2787759475705
        },
        {
          "acoustic_entropy": 11.7185697555542,
          "acoustic_entropy_side": 12.129801750183105,
          "hz": 1799.6344973346393
        },
        {
          "acoustic_entropy": 11.960597038269043,
          "acoustic_entropy_side": 11.903968811035156,
          "hz": 2020.9991599069049
        },
        {
          "acoustic_entropy": 12.36340618133545,
          "acoustic_entropy_side": 12.02640438079834,
          "hz": 2261.9676141086993
        },
        {
          "acoustic_entropy": 11.635659217834473,
          "acoustic_entropy_side": 11.920283317565918,
          "hz": 2524.2759484456974
        },
        {
          "acoustic_entropy": 11.785066604614258,
          "acoustic_entropy_side": 11.958332061767578,
          "hz": 2809.813997359896
        },
        {
          "acoustic_entropy": 11.98778247833252,
          "acoustic_entropy_side": 11.923160552978516,
          "hz": 3120.6389567871424
        },
        {
          "acoustic_entropy": 12.102495193481445,
          "acoustic_entropy_side": 11.956405639648438,
          "hz": 3458.990205492291
        },
        {
          "acoustic_entropy": 11.349513053894043,
          "acoustic_entropy_side": 11.870445251464844,
          "hz": 3827.305438964164
        },
        {
          "acoustic_entropy": 11.520646095275879,
          "acoustic_entropy_side": 11.806721687316895,
          "hz": 4228.238232109126
        },
        {
          "acoustic_entropy": 11.716334342956543,
          "acoustic_entropy_side": 11.846014976501465,
          "hz": 4664.6771572759235
        },
        {
          "acoustic_entropy": 11.829648971557617,
          "acoustic_entropy_side": 11.837234497070312,
          "hz": 5139.766595350093
        },
        {
          "acoustic_entropy": 12.034086227416992,
          "acoustic_entropy_side": 11.91673469543457,
          "hz": 5656.929389854203
        },
        {
          "acoustic_entropy": 11.958197593688965,
          "acoustic_entropy_side": 11.878509521484375,
          "hz": 6219.891507268283
        },
        {
          "acoustic_entropy": 11.898633003234863,
          "acoustic_entropy_side": 11.869884490966797,
          "hz": 6832.70888123896
        },
        {
          "acoustic_entropy": 11.862654685974121,
          "acoustic_entropy_side": 11.892273902893066,
          "hz": 7499.796634079867
        },
        {
          "acoustic_entropy": 11.882431030273438,
          "acoustic_entropy_side": 11.90707015991211,
          "hz": 8225.96088609342
        },
        {
          "acoustic_entropy": 11.714431762695312,
          "acoustic_entropy_side": 11.735422134399414,
          "hz": 9016.43338188839
        },
        {
          "acoustic_entropy": 11.892961502075195,
          "acoustic_entropy_side": 11.785290718078613,
          "hz": 9876.909183162974
        },
        {
          "acoustic_entropy": 11.95263385772705,
          "acoustic_entropy_side": 11.966638565063477,
          "hz": 10813.587699516042
        },
        {
          "acoustic_entropy": 11.984053611755371,
          "acoustic_entropy_side": 11.949564933776855,
          "hz": 11833.21735289826
        },
        {
          "acoustic_entropy": 11.903489112854004,
          "acoustic_entropy_side": 11.913071632385254,
          "hz": 12943.144197493959
        },
        {
          "acoustic_entropy": 11.89148998260498,
          "acoustic_entropy_side": 11.912029266357422,
          "hz": 14151.364845322005
        },
        {
          "acoustic_entropy": 11.791115760803223,
          "acoustic_entropy_side": 11.899186134338379,
          "hz": 15466.58407886509
        },
        {
          "acoustic_entropy": 11.907831192016602,
          "acoustic_entropy_side": 11.908895492553711,
          "hz": 16898.27756580493
        },
        {
          "acoustic_entropy": 11.90718936920166,
          "acoustic_entropy_side": 11.906707763671875,
          "hz": 18456.760127700032
        },
        {
          "acoustic_entropy": 11.90306568145752,
          "acoustic_entropy_side": 11.90089225769043,
          "hz": 20153.260054456492
        },
        {
          "acoustic_entropy": 11.900278091430664,
          "acoustic_entropy_side": 11.900635719299316,
          "hz": 22000.00000000001
        }
      ],
      "diff_acoustic_entropy": 6.935515403747559,
      "sn": 12
    },
    {
      "acoustic_entropy": 18.490642547607422,
      "acoustic_entropy_mono": 17.678560256958008,
      "band_eliminated_acoustic_entropies": [
        {
          "acoustic_entropy": 17.51275634765625,
          "acoustic_entropy_side": 19.073429107666016,
          "hz": 129.47220167065723
        },
        {
          "acoustic_entropy": 19.797035217285156,
          "acoustic_entropy_side": 19.401445388793945,
          "hz": 202.92927478742237
        },
        {
          "acoustic_entropy": 18.77675437927246,
          "acoustic_entropy_side": 19.103269577026367,
          "hz": 282.89161906338205
        },
        {
          "acoustic_entropy": 17.747581481933594,
          "acoustic_entropy_side": 18.33062171936035,
          "hz": 369.9353335868758
        },
        {
          "acoustic_entropy": 19.836584091186523,
          "acoustic_entropy_side": 19.00457763671875,
          "hz": 464.6875360973435
        },
        {
          "acoustic_entropy": 18.97730255126953,
          "acoustic_entropy_side": 19.416332244873047,
          "hz": 567.8308811364784
        },
        {
          "acoustic_entropy": 18.7264404296875,
          "acoustic_entropy_side": 18.648839950561523,
          "hz": 680.1084783214808
        },
        {
          "acoustic_entropy": 18.901987075805664,
          "acoustic_entropy_side": 18.462493896484375,
          "hz": 802.3292461747484
        },
        {
          "acoustic_entropy": 18.426115036010742,
          "acoustic_entropy_side": 18.311738967895508,
          "hz": 935.3737400823702
        },
        {
          "acoustic_entropy": 19.123733520507812,
          "acoustic_entropy_side": 19.081254959106445,
          "hz": 1080.2004963696966
        },
        {
          "acoustic_entropy": 18.096107482910156,
          "acoustic_entropy_side": 18.347320556640625,
          "hz": 1237.8529382007157
        },
        {
          "acoustic_entropy": 18.760971069335938,
          "acoustic_entropy_side": 18.7669734954834,
          "hz": 1409.4668930556702
        },
        {
          "acoustic_entropy": 18.163433074951172,
          "acoustic_entropy_side": 18.21927261352539,
          "hz": 1596.2787759475705
        },
        {
          "acoustic_entropy": 18.613056182861328,
          "acoustic_entropy_side": 18.968538284301758,
          "hz": 1799.6344973346393
        },
        {
          "acoustic_entropy": 18.79458236694336,
          "acoustic_entropy_side": 18.703289031982422,
          "hz": 2020.9991599069049
        },
        {
          "acoustic_entropy": 18.62870979309082,
          "acoustic_entropy_side": 18.603168487548828,
          "hz": 2261.9676141086993
        },
        {
          "acoustic_entropy": 18.251577377319336,
          "acoustic_entropy_side": 18.569446563720703,
          "hz": 2524.2759484456974
        },
        {
          "acoustic_entropy": 17.874286651611328,
          "acoustic_entropy_side": 18.519071578979492,
          "hz": 2809.813997359896
        },
        {
          "acoustic_entropy": 18.588830947875977,
          "acoustic_entropy_side": 18.618619918823242,
          "hz": 3120.6389567871424
        },
        {
          "acoustic_entropy": 18.42153549194336,
          "acoustic_entropy_side": 18.54645347595215,
          "hz": 3458.990205492291
        },
        {
