{
  "acoustic_entropy": 154.79103088378906,
  "bands": [
    {
      "high_freq": 148.1999969482422,
      "loudness": -56.25763702392578,
      "loudness_range": 22.076248168945312,
      "mid_mean": -52.86448669433594,
      "mid_to_side_loudness": -10.561308860778809,
      "mid_to_side_loudness_range": 7.2210845947265625,
      "side_mean": -61.781028747558594
    },
    {
      "high_freq": 392.3793640136719,
      "loudness": -48.01115798950195,
      "loudness_range": 35.85743713378906,
      "low_freq": 148.1999969482422,
      "mid_mean": -51.610321044921875,
      "mid_to_side_loudness": -2.7544193267822266,
      "mid_to_side_loudness_range": 8.949102401733398,
      "side_mean": -53.696781158447266
    },
    {
      "high_freq": 794.6976318359375,
      "loudness": -43.642818450927734,
      "loudness_range": 31.359283447265625,
      "low_freq": 392.3793640136719,
      "mid_mean": -44.37358856201172,
      "mid_to_side_loudness": -0.5057963728904724,
      "mid_to_side_loudness_range": 9.151134490966797,
      "side_mean": -45.102481842041016
    },
    {
      "high_freq": 1457.5709228515625,
      "loudness": -45.37922286987305,
      "loudness_range": 34.15813064575195,
      "low_freq": 794.6976318359375,
      "mid_mean": -47.908199310302734,
      "mid_to_side_loudness": -0.16535170376300812,
      "mid_to_side_loudness_range": 9.092717170715332,
      "side_mean": -48.557861328125
    },
    {
      "high_freq": 2549.74365234375,
      "loudness": -47.67426681518555,
      "loudness_range": 35.2265739440918,
      "low_freq": 1457.5709228515625,
      "mid_mean": -51.60907745361328,
      "mid_to_side_loudness": -1.8323633670806885,
      "mid_to_side_loudness_range": 7.787502288818359,
      "side_mean": -53.08971405029297
    },
    {
      "high_freq": 4349.24462890625,
      "loudness": -50.19834899902344,
      "loudness_range": 36.651878356933594,
      "low_freq": 2549.74365234375,
      "mid_mean": -54.683624267578125,
      "mid_to_side_loudness": -0.7835913896560669,
      "mid_to_side_loudness_range": 5.483449935913086,
      "side_mean": -55.24164581298828
    },
    {
      "high_freq": 7314.1640625,
      "loudness": -55.01826858520508,
      "loudness_range": 33.93255615234375,
      "low_freq": 4349.24462890625,
      "mid_mean": -58.896080017089844,
      "mid_to_side_loudness": -1.1998801231384277,
      "mid_to_side_loudness_range": 5.899433135986328,
      "side_mean": -59.63676071166992
    },
    {
      "high_freq": 12199.2666015625,
      "loudness": -56.77560043334961,
      "loudness_range": 32.21724319458008,
      "low_freq": 7314.1640625,
      "mid_mean": -60.4780158996582,
      "mid_to_side_loudness": -1.4243448972702026,
      "mid_to_side_loudness_range": 4.677309036254883,
      "side_mean": -61.385528564453125
    },
    {
      "loudness": -59.50894546508789,
      "loudness_range": 31.394969940185547,
      "low_freq": 12199.2666015625,
      "mid_mean": -62.64474105834961,
      "mid_to_side_loudness": -1.3767908811569214,
      "mid_to_side_loudness_range": 3.947023868560791,
      "side_mean": -63.097686767578125
    }
  ],
  "bands_short": [
    {
      "high_freq": 148.1999969482422,
      "loudness": -57.619346618652344,
      "loudness_range": 22.07022476196289,
      "mid_mean": -54.16641616821289,
      "mid_to_side_loudness": -11.319599151611328,
      "mid_to_side_loudness_range": 11.743658065795898,
      "side_mean": -63.32469940185547
    },
    {
      "high_freq": 392.3793640136719,
      "loudness": -53.46900177001953,
      "loudness_range": 38.1910400390625,
      "low_freq": 148.1999969482422,
      "mid_mean": -51.81195068359375,
      "mid_to_side_loudness": -3.818471670150757,
      "mid_to_side_loudness_range": 11.40729808807373,
      "side_mean": -54.77944564819336
    },
    {
      "high_freq": 794.6976318359375,
      "loudness": -44.0047721862793,
      "loudness_range": 32.061607360839844,
      "low_freq": 392.3793640136719,
      "mid_mean": -44.75164031982422,
      "mid_to_side_loudness": -0.43282797932624817,
      "mid_to_side_loudness_range": 12.035199165344238,
      "side_mean": -45.547298431396484
    },
    {
      "high_freq": 1457.5709228515625,
      "loudness": -45.4779052734375,
      "loudness_range": 34.82681655883789,
      "low_freq": 794.6976318359375,
      "mid_mean": -50.03078079223633,
      "mid_to_side_loudness": -0.2877550423145294,
      "mid_to_side_loudness_range": 11.192532539367676,
      "side_mean": -50.3537712097168
    },
    {
      "high_freq": 2549.74365234375,
      "loudness": -48.16673278808594,
      "loudness_range": 36.18162536621094,
      "low_freq": 1457.5709228515625,
      "mid_mean": -52.4150505065918,
      "mid_to_side_loudness": -1.7253832817077637,
      "mid_to_side_loudness_range": 9.538763046264648,
      "side_mean": -53.774009704589844
    },
    {
      "high_freq": 4349.24462890625,
      "loudness": -50.604129791259766,
      "loudness_range": 37.52172088623047,
      "low_freq": 2549.74365234375,
      "mid_mean": -55.32780456542969,
      "mid_to_side_loudness": -0.8199731707572937,
      "mid_to_side_loudness_range": 7.136003494262695,
      "side_mean": -55.913089752197266
    },
    {
      "high_freq": 7314.1640625,
      "loudness": -55.58937072753906,
      "loudness_range": 34.722068786621094,
      "low_freq": 4349.24462890625,
      "mid_mean": -59.56693649291992,
      "mid_to_side_loudness": -1.2567662000656128,
      "mid_to_side_loudness_range": 6.780571460723877,
      "side_mean": -60.34208297729492
    },
    {
      "high_freq": 12199.2666015625,
      "loudness": -57.75296401977539,
      "loudness_range": 33.37827682495117,
      "low_freq": 7314.1640625,
      "mid_mean": -61.43782424926758,
      "mid_to_side_loudness": -1.4302297830581665,
      "mid_to_side_loudness_range": 5.371764183044434,
      "side_mean": -62.32868194580078
    },
    {
      "loudness": -60.904396057128906,
      "loudness_range": 32.05708694458008,
      "low_freq": 12199.2666015625,
      "mid_mean": -63.623191833496094,
      "mid_to_side_loudness": -1.4688334465026855,
      "mid_to_side_loudness_range": 4.511294841766357,
      "side_mean": -64.07749938964844
    }
  ],
  "bandwidth": 1007.7588500976562,
  "channels": 2,
  "covariance": [
    [
      56.84020233154297,
      56.12507629394531,
      64.8982925415039,
      68.02985382080078,
      36.480594635009766,
      36.0241584777832,
      42.08702850341797,
      39.91537094116211,
      49.775875091552734,
      55.126792907714844,
      49.187679290771484,
      50.11516571044922,
      38.89458465576172,
      39.22406005859375,
      27.537981033325195,
      27.339418411254883,
      20.182064056396484,
      19.420528411865234
    ],
    [
      56.12507629394531,
      59.09086608886719,
      65.52175903320312,
      69.11389923095703,
      37.72268295288086,
      36.97225570678711,
      43.00626754760742,
      40.393463134765625,
      49.30605697631836,
      54.764163970947266,
      49.58481216430664,
      50.36417770385742,
      39.504188537597656,
      39.7115364074707,
      28.344675064086914,
      27.932910919189453,
      20.96153450012207,
      20.156469345092773
    ],
    [
      64.8982925415039,
      65.52175903320312,
      180.59054565429688,
      174.06045532226562,
      85.51114654541016,
      82.57679748535156,
      102.95825958251953,
      101.75414276123047,
      115.24256896972656,
      121.76681518554688,
      107.15434265136719,
      108.25582122802734,
      84.77240753173828,
      84.05936431884766,
      63.475830078125,
      62.22669982910156,
      46.72262954711914,
      45.934173583984375
    ],
    [
      68.02985382080078,
      69.11389923095703,
      174.06045532226562,
      176.3104705810547,
      86.70703887939453,
      84.64529418945312,
      104.99272918701172,
      102.08775329589844,
      115.07200622558594,
      123.13536834716797,
      108.48208618164062,
      109.99520111083984,
      84.67581939697266,
      84.42683410644531,
      61.7528076171875,
      60.964874267578125,
      45.255863189697266,
      44.599952697753906
    ],
    [
      36.480594635009766,
      37.72268295288086,
      85.51114654541016,
      86.70703887939453,
      136.38006591796875,
      125.07723999023438,
      117.74247741699219,
      114.27286529541016,
      122.01034545898438,
      121.56051635742188,
      110.94509887695312,
      110.39193725585938,
      92.8404312133789,
      90.18386840820312,
      80.12110137939453,
      76.18060302734375,
      63.02114486694336,
      61.071632385253906
    ],
    [
      36.0241584777832,
      36.97225570678711,
      82.57679748535156,
      84.64529418945312,
      125.07723999023438,
      131.761962890625,
      122.2440185546875,
      121.80683135986328,
      126.90715026855469,
      126.44237518310547,
      117.35848236083984,
      117.53314971923828,
      97.76297760009766,
      96.39606475830078,
      83.48894500732422,
      80.63531494140625,
      66.17739868164062,
      64.90060424804688
    ],
    [
      42.08702850341797,
      43.00626754760742,
      102.95825958251953,
      104.99272918701172,
      117.74247741699219,
      122.2440185546875,
      180.6643524169922,
      171.7731170654297,
      157.94180297851562,
      158.2122802734375,
      157.08767700195312,
      155.63694763183594,
      125.51366424560547,
      122.95370483398438,
      105.38011932373047,
      100.77499389648438,
      86.18074798583984,
      83.94483947753906
    ],
    [
      39.91537094116211,
      40.393463134765625,
      101.75414276123047,
      102.08775329589844,
      114.27286529541016,
      121.80683135986328,
      171.7731170654297,
      178.76470947265625,
      163.42481994628906,
      161.9731903076172,
      159.6281280517578,
      159.22637939453125,
      127.81270599365234,
      126.77625274658203,
      106.45564270019531,
      103.20645141601562,
      86.81791687011719,
      85.49137878417969
    ],
    [
      49.775875091552734,
      49.30605697631836,
      115.24256896972656,
      115.07200622558594,
      122.01034545898438,
      126.90715026855469,
      157.94180297851562,
      163.42481994628906,
      189.84779357910156,
      183.7882537841797,
      176.21658325195312,
      175.98410034179688,
      142.2765350341797,
      140.79010009765625,
      119.24944305419922,
      115.07658386230469,
      95.40071105957031,
      93.53295135498047
    ],
    [
      55.126792907714844,
      54.764163970947266,
      121.76681518554688,
      123.13536834716797,
      121.56051635742188,
      126.44237518310547,
      158.2122802734375,
      161.9731903076172,
      183.7882537841797,
      184.64584350585938,
      173.00302124023438,
      173.84339904785156,
      138.60137939453125,
      138.2084197998047,
      112.43160247802734,
      109.6041488647461,
      89.37921142578125,
      88.01717376708984
    ],
    [
      49.187679290771484,
      49.58481216430664,
      107.15434265136719,
      108.48208618164062,
      110.94509887695312,
      117.35848236083984,
      157.08767700195312,
      159.6281280517578,
      176.21658325195312,
      173.00302124023438,
      184.15863037109375,
      183.176025390625,
      149.70591735839844,
      149.10191345214844,
      124.34383392333984,
      120.57828521728516,
      100.24633026123047,
      98.44522857666016
    ],
    [
      50.11516571044922,
      50.36417770385742,
      108.25582122802734,
      109.99520111083984,
      110.39193725585938,
      117.53314971923828,
      155.63694763183594,
      159.22637939453125,
      175.98410034179688,
      173.84339904785156,
      183.176025390625,
      185.3944549560547,
      149.1964569091797,
      149.96458435058594,
      122.35491180419922,
      120.0480728149414,
      98.75836944580078,
      97.63336181640625
    ],
    [
      38.89458465576172,
      39.504188537597656,
      84.77240753173828,
      84.67581939697266,
      92.8404312133789,
      97.76297760009766,
      125.51366424560547,
      127.81270599365234,
      142.2765350341797,
      138.60137939453125,
      149.70591735839844,
      149.1964569091797,
      133.92977905273438,
      132.6056671142578,
      116.02384185791016,
      112.562255859375,
      94.36695861816406,
      92.741943359375
    ],
    [
      39.22406005859375,
      39.7115364074707,
      84.05936431884766,
      84.42683410644531,
      90.18386840820312,
      96.39606475830078,
      122.95370483398438,
      126.77625274658203,
      140.79010009765625,
      138.2084197998047,
      149.10191345214844,
      149.96458435058594,
      132.6056671142578,
      134.09375,
      113.28475189208984,
      111.6277084350586,
      92.1243896484375,
      91.33211517333984
    ],
    [
      27.537981033325195,
      28.344675064086914,
      63.475830078125,
      61.7528076171875,
      80.12110137939453,
      83.48894500732422,
      105.38011932373047,
      106.45564270019531,
      119.24944305419922,
      112.43160247802734,
      124.34383392333984,
      122.35491180419922,
      116.02384185791016,
      113.28475189208984,
      114.60417938232422,
      109.14515686035156,
      95.91305541992188,
      93.34847259521484
    ],
    [
      27.339418411254883,
      27.932910919189453,
      62.22669982910156,
      60.964874267578125,
      76.18060302734375,
      80.63531494140625,
      100.77499389648438,
      103.20645141601562,
      115.07658386230469,
      109.6041488647461,
      120.57828521728516,
      120.0480728149414,
      112.562255859375,
      111.6277084350586,
      109.14515686035156,
      106.09358215332031,
      91.63021850585938,
      90.0329818725586
    ],
    [
      20.182064056396484,
      20.96153450012207,
      46.72262954711914,
      45.255863189697266,
      63.02114486694336,
      66.17739868164062,
      86.18074798583984,
      86.81791687011719,
      95.40071105957031,
      89.37921142578125,
      100.24633026123047,
      98.75836944580078,
      94.36695861816406,
      92.1243896484375,
      95.91305541992188,
      91.63021850585938,
      84.74341583251953,
      82.4359130859375
    ],
    [
      19.420528411865234,
      20.156469345092773,
      45.934173583984375,
      44.599952697753906,
      61.071632385253906,
      64.90060424804688,
      83.94483947753906,
      85.49137878417969,
      93.53295135498047,
      88.01717376708984,
      98.44522857666016,
      97.63336181640625,
      92.741943359375,
      91.33211517333984,
      93.34847259521484,
      90.0329818725586,
      82.4359130859375,
      80.98490142822266
    ]
  ],
  "covariance_short": [
    [
      50.79135513305664,
      40.918235778808594,
      57.003047943115234,
      57.70009994506836,
      31.187179565429688,
      32.172828674316406,
      41.438697814941406,
      38.92214584350586,
      44.162635803222656,
      48.35513687133789,
      44.720054626464844,
      45.457759857177734,
      35.35774230957031,
      35.888370513916016,
      25.63115882873535,
      25.440227508544922,
      19.130895614624023,
      18.488733291625977
    ],
    [
      40.918235778808594,
      41.924964904785156,
      52.466087341308594,
      53.65883255004883,
      30.34886932373047,
      30.914962768554688,
      38.4847526550293,
      36.08494567871094,
      40.81726837158203,
      44.68049621582031,
      41.86924362182617,
      42.50909423828125,
      33.70375442504883,
      34.18376159667969,
      24.98291778564453,
      24.72675132751465,
      18.832839965820312,
      18.234315872192383
    ],
    [
      57.003047943115234,
      52.466087341308594,
      160.50555419921875,
      153.03382873535156,
      83.36418914794922,
      82.93603515625,
      112.45227813720703,
      108.22954559326172,
      109.38470458984375,
      115.24604797363281,
      101.65908813476562,
      102.75816345214844,
      80.28487396240234,
      80.26020812988281,
      58.625,
      57.93829345703125,
      43.102901458740234,
      42.4480094909668
    ],
    [
      57.70009994506836,
      53.65883255004883,
      153.03382873535156,
      158.15066528320312,
      84.44435119628906,
      85.76734161376953,
      114.1178207397461,
      108.96207427978516,
      110.62750244140625,
      117.47773742675781,
      104.40145874023438,
      105.83580780029297,
      81.48479461669922,
      81.8516616821289,
      58.70709228515625,
      58.25797653198242,
      43.40394973754883,
      42.858642578125
    ],
    [
      31.187179565429688,
      30.34886932373047,
      83.36418914794922,
      84.44435119628906,
      139.5916290283203,
      124.48225402832031,
      119.39884185791016,
      114.04899597167969,
      122.39582824707031,
      121.44861602783203,
      109.8617172241211,
      109.20673370361328,
      90.05457305908203,
      87.2790756225586,
      75.33631134033203,
      71.63392639160156,
      57.07139587402344,
      55.22975158691406
    ],
    [
      32.172828674316406,
      30.914962768554688,
      82.93603515625,
      85.76734161376953,
      124.48225402832031,
      136.61199951171875,
      123.79976654052734,
      121.52198028564453,
      127.47501373291016,
      127.05986022949219,
      115.79586791992188,
      116.32179260253906,
      94.48548126220703,
      92.8896484375,
      77.42111206054688,
      74.81465148925781,
      58.74827575683594,
      57.5235595703125
    ],
    [
      41.438697814941406,
      38.4847526550293,
      112.45227813720703,
      114.1178207397461,
      119.39884185791016,
      123.79976654052734,
      205.26829528808594,
      193.9861602783203,
      178.32089233398438,
      175.02008056640625,
      171.623046875,
      168.8137664794922,
      133.39195251464844,
      129.21713256835938,
      109.31764221191406,
      103.32791900634766,
      86.23246002197266,
      83.50554656982422
    ],
    [
      38.92214584350586,
      36.08494567871094,
      108.22954559326172,
      108.96207427978516,
      114.04899597167969,
      121.52198028564453,
      193.9861602783203,
      196.38427734375,
      176.85777282714844,
      173.54579162597656,
      168.65919494628906,
      167.11337280273438,
      131.7271270751953,
      129.30955505371094,
      105.99185943603516,
      101.7481689453125,
      82.85455322265625,
      81.14091491699219
    ],
    [
      44.162635803222656,
      40.81726837158203,
      109.38470458984375,
      110.62750244140625,
      122.39582824707031,
      127.47501373291016,
      178.32089233398438,
      176.85777282714844,
      191.9889678955078,
      184.20619201660156,
      176.4204559326172,
      175.6395721435547,
      140.35296630859375,
      138.15196228027344,
      112.83248901367188,
      108.54618835449219,
      87.11734771728516,
      85.1232681274414
    ],
    [
      48.35513687133789,
      44.68049621582031,
      115.24604797363281,
      117.47773742675781,
      121.44861602783203,
      127.05986022949219,
      175.02008056640625,
      173.54579162597656,
      184.20619201660156,
      186.53024291992188,
      173.0466766357422,
      173.51560974121094,
      136.76736450195312,
      135.98326110839844,
      106.8336181640625,
      104.05760192871094,
      82.20795440673828,
      80.85142517089844
    ],
    [
      44.720054626464844,
      41.86924362182617,
      101.65908813476562,
      104.40145874023438,
      109.8617172241211,
      115.79586791992188,
      171.623046875,
      168.65919494628906,
      176.4204559326172,
      173.0466766357422,
      185.09423828125,
      182.22195434570312,
      147.52670288085938,
      146.22427368164062,
      118.7824478149414,
      114.63207244873047,
      93.06065368652344,
      91.01709747314453
    ],
    [
      45.457759857177734,
      42.50909423828125,
      102.75816345214844,
      105.83580780029297,
      109.20673370361328,
      116.32179260253906,
      168.8137664794922,
      167.11337280273438,
      175.6395721435547,
      173.51560974121094,
      182.22195434570312,
      184.74339294433594,
      146.30722045898438,
      146.4219207763672,
      115.97718048095703,
      113.33234405517578,
      90.7949447631836,
      89.4265365600586
    ],
    [
      35.35774230957031,
      33.70375442504883,
      80.28487396240234,
      81.48479461669922,
      90.05457305908203,
      94.48548126220703,
      133.39195251464844,
      131.7271270751953,
      140.35296630859375,
      136.76736450195312,
      147.52670288085938,
      146.30722045898438,
      131.7245330810547,
      129.1540985107422,
      109.9974365234375,
      106.1688232421875,
      87.06004333496094,
      85.1215591430664
    ],
    [
      35.888370513916016,
      34.18376159667969,
      80.26020812988281,
      81.8516616821289,
      87.2790756225586,
      92.8896484375,
      129.21713256835938,
      129.30955505371094,
      138.15196228027344,
      135.98326110839844,
      146.22427368164062,
      146.4219207763672,
      129.1540985107422,
      130.51051330566406,
      106.27967071533203,
      104.41650390625,
      83.94950866699219,
      82.90877532958984
    ],
    [
      25.63115882873535,
      24.98291778564453,
      58.625,
      58.70709228515625,
      75.33631134033203,
      77.42111206054688,
      109.31764221191406,
      105.99185943603516,
      112.83248901367188,
      106.8336181640625,
      118.7824478149414,
      115.97718048095703,
      109.9974365234375,
      106.27967071533203,
      106.42195892333984,
      100.26407623291016,
      86.54561614990234,
      83.52412414550781
    ],
    [
      25.440227508544922,
      24.72675132751465,
      57.93829345703125,
      58.25797653198242,
      71.63392639160156,
      74.81465148925781,
      103.32791900634766,
      101.7481689453125,
      108.54618835449219,
      104.05760192871094,
      114.63207244873047,
      113.33234405517578,
      106.1688232421875,
      104.41650390625,
      100.26407623291016,
      97.01782989501953,
      81.84368896484375,
      79.86587524414062
    ],
    [
      19.130895614624023,
      18.832839965820312,
      43.102901458740234,
      43.40394973754883,
      57.07139587402344,
      58.74827575683594,
      86.23246002197266,
      82.85455322265625,
      87.11734771728516,
      82.20795440673828,
      93.06065368652344,
      90.7949447631836,
      87.06004333496094,
      83.94950866699219,
      86.54561614990234,
      81.84368896484375,
      75.4905014038086,
      72.67678833007812
    ],
    [
      18.488733291625977,
      18.234315872192383,
      42.4480094909668,
      42.858642578125,
      55.22975158691406,
      57.5235595703125,
      83.50554656982422,
      81.14091491699219,
      85.1232681274414,
      80.85142517089844,
      91.01709747314453,
      89.4265365600586,
      85.1215591430664,
      82.90877532958984,
      83.52412414550781,
      79.86587524414062,
      72.67678833007812,
      70.9549331665039
    ]
  ],
  "damage": -18.51255226135254,
  "diff_bandwidth": 1065.3087158203125,
  "dissonance": 9.64137025940541,
  "drr": 13.61515998840332,
  "dynamics": 8.75454044342041,
  "format": 1245190,
  "frames": 43540416,
  "loudness": -32.30348587036133,
  "loudness_range": 32.37500762939453,
  "loudness_range_short": 34.276695251464844,
  "lowpass_true_peak_15khz": 1.6890608072280884,
  "mastering3_acoustic_entropies": [
    {
      "acoustic_entropy": 3.9759674072265625,
      "acoustic_entropy_mono": 4.142690181732178,
      "band_eliminated_acoustic_entropies": [
        {
          "acoustic_entropy": 3.9767355918884277,
          "acoustic_entropy_side": 3.9760019779205322,
          "hz": 129.47220167065723
        },
        {
          "acoustic_entropy": 3.9840683937072754,
          "acoustic_entropy_side": 3.9781038761138916,
          "hz": 202.92927478742237
        },
        {
          "acoustic_entropy": 3.915757179260254,
          "acoustic_entropy_side": 3.975041151046753,
          "hz": 282.89161906338205
        },
        {
          "acoustic_entropy": 3.8860714435577393,
          "acoustic_entropy_side": 3.952761173248291,
          "hz": 369.9353335868758
        },
        {
          "acoustic_entropy": 3.853029489517212,
          "acoustic_entropy_side": 3.8622984886169434,
          "hz": 464.6875360973435
        },
        {
          "acoustic_entropy": 3.6982295513153076,
          "acoustic_entropy_side": 3.8884007930755615,
          "hz": 567.8308811364784
        },
        {
          "acoustic_entropy": 4.224006175994873,
          "acoustic_entropy_side": 3.9863548278808594,
          "hz": 680.1084783214808
        },
        {
          "acoustic_entropy": 3.9217584133148193,
          "acoustic_entropy_side": 4.094238758087158,
          "hz": 802.3292461747484
        },
        {
          "acoustic_entropy": 4.019152641296387,
          "acoustic_entropy_side": 4.082610607147217,
          "hz": 935.3737400823702
        },
        {
          "acoustic_entropy": 3.933756113052368,
          "acoustic_entropy_side": 3.9289908409118652,
          "hz": 1080.2004963696966
        },
        {
          "acoustic_entropy": 4.073328971862793,
          "acoustic_entropy_side": 4.126128196716309,
          "hz": 1237.8529382007157
        },
        {
          "acoustic_entropy": 4.070228576660156,
          "acoustic_entropy_side": 4.163238525390625,
          "hz": 1409.4668930556702
        },
        {
          "acoustic_entropy": 3.8436529636383057,
          "acoustic_entropy_side": 3.8877947330474854,
          "hz": 1596.2787759475705
        },
        {
          "acoustic_entropy": 3.95493483543396,
          "acoustic_entropy_side": 3.963512897491455,
          "hz": 1799.6344973346393
        },
        {
          "acoustic_entropy": 3.97709584236145,
          "acoustic_entropy_side": 3.9883015155792236,
          "hz": 2020.9991599069049
        },
        {
          "acoustic_entropy": 3.9282803535461426,
          "acoustic_entropy_side": 3.9944095611572266,
          "hz": 2261.9676141086993
        },
        {
          "acoustic_entropy": 3.8802688121795654,
          "acoustic_entropy_side": 3.93685245513916,
          "hz": 2524.2759484456974
        },
        {
          "acoustic_entropy": 3.9387855529785156,
          "acoustic_entropy_side": 3.9472625255584717,
          "hz": 2809.813997359896
        },
        {
          "acoustic_entropy": 4.019782066345215,
          "acoustic_entropy_side": 4.015425682067871,
          "hz": 3120.6389567871424
        },
        {
          "acoustic_entropy": 3.897771120071411,
          "acoustic_entropy_side": 3.9667012691497803,
          "hz": 3458.990205492291
        },
        {
          "acoustic_entropy": 3.9739835262298584,
          "acoustic_entropy_side": 3.9809861183166504,
          "hz": 3827.305438964164
        },
        {
          "acoustic_entropy": 3.982222557067871,
          "acoustic_entropy_side": 3.984133720397949,
          "hz": 4228.238232109126
        },
        {
          "acoustic_entropy": 3.96319842338562,
          "acoustic_entropy_side": 3.9730947017669678,
          "hz": 4664.6771572759235
        },
        {
          "acoustic_entropy": 3.95554518699646,
          "acoustic_entropy_side": 3.9616193771362305,
          "hz": 5139.766595350093
        },
        {
          "acoustic_entropy": 3.969250202178955,
          "acoustic_entropy_side": 3.9707798957824707,
          "hz": 5656.929389854203
        },
        {
          "acoustic_entropy": 3.9760382175445557,
          "acoustic_entropy_side": 3.973358154296875,
          "hz": 6219.891507268283
        },
        {
          "acoustic_entropy": 3.93792462348938,
          "acoustic_entropy_side": 3.955904006958008,
          "hz": 6832.70888123896
        },
        {
          "acoustic_entropy": 3.9609427452087402,
          "acoustic_entropy_side": 3.9674715995788574,
          "hz": 7499.796634079867
        },
        {
          "acoustic_entropy": 3.9715564250946045,
          "acoustic_entropy_side": 3.9695487022399902,
          "hz": 8225.96088609342
        },
        {
          "acoustic_entropy": 3.9701805114746094,
          "acoustic_entropy_side": 3.9689254760742188,
          "hz": 9016.43338188839
        },
        {
          "acoustic_entropy": 3.9738926887512207,
          "acoustic_entropy_side": 3.97495698928833,
          "hz": 9876.909183162974
        },
        {
          "acoustic_entropy": 3.9738516807556152,
          "acoustic_entropy_side": 3.977900505065918,
          "hz": 10813.587699516042
        },
        {
          "acoustic_entropy": 3.981743812561035,
          "acoustic_entropy_side": 3.98655366897583,
          "hz": 11833.21735289826
        },
        {
          "acoustic_entropy": 3.98058819770813,
          "acoustic_entropy_side": 3.9851505756378174,
          "hz": 12943.144197493959
        },
        {
          "acoustic_entropy": 3.984978675842285,
          "acoustic_entropy_side": 3.9863247871398926,
          "hz": 14151.364845322005
        },
        {
          "acoustic_entropy": 3.984067916870117,
          "acoustic_entropy_side": 3.9836721420288086,
          "hz": 15466.58407886509
        },
        {
          "acoustic_entropy": 3.982624053955078,
          "acoustic_entropy_side": 3.982717752456665,
          "hz": 16898.27756580493
        },
        {
          "acoustic_entropy": 3.9827802181243896,
          "acoustic_entropy_side": 3.9806010723114014,
          "hz": 18456.760127700032
        },
        {
          "acoustic_entropy": 3.9822261333465576,
          "acoustic_entropy_side": 3.979641914367676,
          "hz": 20153.260054456492
        },
        {
          "acoustic_entropy": 3.9789113998413086,
          "acoustic_entropy_side": 3.9777112007141113,
          "hz": 22000.00000000001
        }
      ],
      "diff_acoustic_entropy": 0.3461447060108185,
      "sn": 6
    },
    {
      "acoustic_entropy": 7.918021202087402,
      "acoustic_entropy_mono": 7.357115745544434,
      "band_eliminated_acoustic_entropies": [
        {
          "acoustic_entropy": 7.920725345611572,
          "acoustic_entropy_side": 7.918780326843262,
          "hz": 129.47220167065723
        },
        {
          "acoustic_entropy": 7.760480880737305,
          "acoustic_entropy_side": 7.9014573097229,
          "hz": 202.92927478742237
        },
        {
          "acoustic_entropy": 7.696078300476074,
          "acoustic_entropy_side": 7.768131256103516,
          "hz": 282.89161906338205
        },
        {
          "acoustic_entropy": 7.420872688293457,
          "acoustic_entropy_side": 7.77522087097168,
          "hz": 369.9353335868758
        },
        {
          "acoustic_entropy": 7.6902055740356445,
          "acoustic_entropy_side": 7.57012414932251,
          "hz": 464.6875360973435
        },
        {
          "acoustic_entropy": 7.096918106079102,
          "acoustic_entropy_side": 7.626397609710693,
          "hz": 567.8308811364784
        },
        {
          "acoustic_entropy": 8.068757057189941,
          "acoustic_entropy_side": 8.18106460571289,
          "hz": 680.1084783214808
        },
        {
          "acoustic_entropy": 8.032731056213379,
          "acoustic_entropy_side": 7.888980865478516,
          "hz": 802.3292461747484
        },
        {
          "acoustic_entropy": 7.676405429840088,
          "acoustic_entropy_side": 7.674912929534912,
          "hz": 935.3737400823702
        },
        {
          "acoustic_entropy": 8.216975212097168,
          "acoustic_entropy_side": 8.037714004516602,
          "hz": 1080.2004963696966
        },
        {
          "acoustic_entropy": 8.091094970703125,
          "acoustic_entropy_side": 7.742311954498291,
          "hz": 1237.8529382007157
        },
        {
          "acoustic_entropy": 7.408499240875244,
          "acoustic_entropy_side": 7.798597812652588,
          "hz": 1409.4668930556702
        },
        {
          "acoustic_entropy": 7.715746879577637,
          "acoustic_entropy_side": 7.8309221267700195,
          "hz": 1596.2787759475705
        },
        {
          "acoustic_entropy": 7.9082465171813965,
          "acoustic_entropy_side": 7.77850866317749,
          "hz": 1799.6344973346393
        },
        {
          "acoustic_entropy": 7.98675537109375,
          "acoustic_entropy_side": 7.784427165985107,
          "hz": 2020.9991599069049
        },
        {
          "acoustic_entropy": 7.597754001617432,
          "acoustic_entropy_side": 7.715482711791992,
          "hz": 2261.9676141086993
        },
        {
          "acoustic_entropy": 7.714093208312988,
          "acoustic_entropy_side": 7.937530994415283,
          "hz": 2524.2759484456974
        },
        {
          "acoustic_entropy": 7.726222038269043,
          "acoustic_entropy_side": 7.964189529418945,
          "hz": 2809.813997359896
        },
        {
          "acoustic_entropy": 7.797625541687012,
          "acoustic_entropy_side": 7.935359954833984,
          "hz": 3120.6389567871424
        },
        {
          "acoustic_entropy": 7.773700714111328,
          "acoustic_entropy_side": 7.713257312774658,
          "hz": 3458.990205492291
        },
        {
          "acoustic_entropy": 7.493118762969971,
          "acoustic_entropy_side": 7.625020503997803,
          "hz": 3827.305438964164
        },
        {
          "acoustic_entropy": 7.6177167892456055,
          "acoustic_entropy_side": 7.803288459777832,
          "hz": 4228.238232109126
        },
        {
          "acoustic_entropy": 7.878500461578369,
          "acoustic_entropy_side": 7.877885818481445,
          "hz": 4664.6771572759235
        },
        {
          "acoustic_entropy": 7.829217910766602,
          "acoustic_entropy_side": 7.854506969451904,
          "hz": 5139.766595350093
        },
        {
          "acoustic_entropy": 7.886571884155273,
          "acoustic_entropy_side": 7.900346279144287,
          "hz": 5656.929389854203
        },
        {
          "acoustic_entropy": 7.820985794067383,
          "acoustic_entropy_side": 7.806078910827637,
          "hz": 6219.891507268283
        },
        {
          "acoustic_entropy": 7.933089256286621,
          "acoustic_entropy_side": 7.9600653648376465,
          "hz": 6832.70888123896
        },
        {
          "acoustic_entropy": 7.814101219177246,
          "acoustic_entropy_side": 7.874473571777344,
          "hz": 7499.796634079867
        },
        {
          "acoustic_entropy": 7.816683769226074,
          "acoustic_entropy_side": 7.8896918296813965,
          "hz": 8225.96088609342
        },
        {
          "acoustic_entropy": 7.892353534698486,
          "acoustic_entropy_side": 7.907691478729248,
          "hz": 9016.43338188839
        },
        {
          "acoustic_entropy": 7.899707317352295,
          "acoustic_entropy_side": 7.90847110748291,
          "hz": 9876.909183162974
        },
        {
          "acoustic_entropy": 7.894215106964111,
          "acoustic_entropy_side": 7.90951681137085,
          "hz": 10813.587699516042
        },
        {
          "acoustic_entropy": 7.9067888259887695,
          "acoustic_entropy_side": 7.9144768714904785,
          "hz": 11833.21735289826
        },
        {
          "acoustic_entropy": 7.913300037384033,
          "acoustic_entropy_side": 7.917084217071533,
          "hz": 12943.144197493959
        },
        {
          "acoustic_entropy": 7.895620346069336,
          "acoustic_entropy_side": 7.9097771644592285,
          "hz": 14151.364845322005
        },
        {
          "acoustic_entropy": 7.926580429077148,
          "acoustic_entropy_side": 7.9198126792907715,
          "hz": 15466.58407886509
        },
        {
          "acoustic_entropy": 7.9010491371154785,
          "acoustic_entropy_side": 7.908618450164795,
          "hz": 16898.27756580493
        },
        {
          "acoustic_entropy": 7.9071831703186035,
          "acoustic_entropy_side": 7.913936614990234,
          "hz": 18456.760127700032
        },
        {
          "acoustic_entropy": 7.917820453643799,
          "acoustic_entropy_side": 7.918362617492676,
          "hz": 20153.260054456492
        },
        {
          "acoustic_entropy": 7.9188551902771,
          "acoustic_entropy_side": 7.916743278503418,
          "hz": 22000.00000000001
        }
      ],
      "diff_acoustic_entropy": 1.3920327425003052,
      "sn": 12
    },
    {
      "acoustic_entropy": 16.058910369873047,
      "acoustic_entropy_mono": 15.74523639678955,
      "band_eliminated_acoustic_entropies": [
        {
          "acoustic_entropy": 16.174943923950195,
          "acoustic_entropy_side": 16.08080291748047,
          "hz": 129.47220167065723
        },
        {
          "acoustic_entropy": 16.18411636352539,
          "acoustic_entropy_side": 16.0020694732666,
          "hz": 202.92927478742237
        },
        {
          "acoustic_entropy": 15.8624849319458,
          "acoustic_entropy_side": 16.13310432434082,
          "hz": 282.89161906338205
        },
        {
          "acoustic_entropy": 16.474679946899414,
          "acoustic_entropy_side": 16.245771408081055,
          "hz": 369.9353335868758
        },
        {
          "acoustic_entropy": 15.554576873779297,
          "acoustic_entropy_side": 16.216814041137695,
          "hz": 464.6875360973435
        },
        {
          "acoustic_entropy": 16.820764541625977,
          "acoustic_entropy_side": 16.74469757080078,
          "hz": 567.8308811364784
        },
        {
          "acoustic_entropy": 16.337629318237305,
          "acoustic_entropy_side": 16.78175926208496,
          "hz": 680.1084783214808
        },
        {
          "acoustic_entropy": 16.395586013793945,
          "acoustic_entropy_side": 16.8907527923584,
          "hz": 802.3292461747484
        },
        {
          "acoustic_entropy": 16.074138641357422,
          "acoustic_entropy_side": 16.807119369506836,
          "hz": 935.3737400823702
        },
        {
          "acoustic_entropy": 16.720558166503906,
          "acoustic_entropy_side": 16.233970642089844,
          "hz": 1080.2004963696966
        },
        {
          "acoustic_entropy": 16.517078399658203,
          "acoustic_entropy_side": 16.619863510131836,
          "hz": 1237.8529382007157
        },
        {
          "acoustic_entropy": 16.547666549682617,
          "acoustic_entropy_side": 16.98267364501953,
          "hz": 1409.4668930556702
        },
        {
          "acoustic_entropy": 15.775979995727539,
          "acoustic_entropy_side": 15.880151748657227,
          "hz": 1596.2787759475705
        },
        {
          "acoustic_entropy": 16.232114791870117,
          "acoustic_entropy_side": 16.29340934753418,
          "hz": 1799.6344973346393
        },
        {
          "acoustic_entropy": 16.783031463623047,
          "acoustic_entropy_side": 16.31282615661621,
          "hz": 2020.9991599069049
        },
        {
          "acoustic_entropy": 16.4245662689209,
          "acoustic_entropy_side": 16.220518112182617,
          "hz": 2261.9676141086993
        },
        {
          "acoustic_entropy": 17.0084171295166,
          "acoustic_entropy_side": 16.74488639831543,
          "hz": 2524.2759484456974
        },
        {
          "acoustic_entropy": 15.94355297088623,
          "acoustic_entropy_side": 16.067155838012695,
          "hz": 2809.813997359896
        },
        {
          "acoustic_entropy": 16.56899070739746,
          "acoustic_entropy_side": 16.61029052734375,
          "hz": 3120.6389567871424
        },
        {
          "acoustic_entropy": 15.995444297790527,
