{
  "acoustic_entropy": 248.06105041503906,
  "bands": [
    {
      "high_freq": 148.1999969482422,
      "loudness": -27.684812545776367,
      "loudness_range": 21.00156593322754,
      "mid_mean": -24.89647674560547,
      "mid_to_side_loudness": -7.341866493225098,
      "mid_to_side_loudness_range": 17.61400032043457,
      "side_mean": -33.025028228759766
    },
    {
      "high_freq": 392.3793640136719,
      "loudness": -24.18584632873535,
      "loudness_range": 11.382396697998047,
      "low_freq": 148.1999969482422,
      "mid_mean": -21.558218002319336,
      "mid_to_side_loudness": -6.3860368728637695,
      "mid_to_side_loudness_range": 9.57172966003418,
      "side_mean": -28.055355072021484
    },
    {
      "high_freq": 794.6976318359375,
      "loudness": -22.992698669433594,
      "loudness_range": 11.102291107177734,
      "low_freq": 392.3793640136719,
      "mid_mean": -20.571971893310547,
      "mid_to_side_loudness": -5.59621000289917,
      "mid_to_side_loudness_range": 10.393601417541504,
      "side_mean": -26.29119110107422
    },
    {
      "high_freq": 1457.5709228515625,
      "loudness": -24.1268253326416,
      "loudness_range": 18.045108795166016,
      "low_freq": 794.6976318359375,
      "mid_mean": -21.498363494873047,
      "mid_to_side_loudness": -6.622155666351318,
      "mid_to_side_loudness_range": 11.514030456542969,
      "side_mean": -28.364791870117188
    },
    {
      "high_freq": 2549.74365234375,
      "loudness": -27.92273712158203,
      "loudness_range": 17.784008026123047,
      "low_freq": 1457.5709228515625,
      "mid_mean": -25.39004135131836,
      "mid_to_side_loudness": -5.924099922180176,
      "mid_to_side_loudness_range": 8.98289680480957,
      "side_mean": -31.322917938232422
    },
    {
      "high_freq": 4349.24462890625,
      "loudness": -28.716564178466797,
      "loudness_range": 21.614866256713867,
      "low_freq": 2549.74365234375,
      "mid_mean": -26.053556442260742,
      "mid_to_side_loudness": -6.571693420410156,
      "mid_to_side_loudness_range": 10.198470115661621,
      "side_mean": -32.75749969482422
    },
    {
      "high_freq": 7314.1640625,
      "loudness": -32.80107879638672,
      "loudness_range": 21.333663940429688,
      "low_freq": 4349.24462890625,
      "mid_mean": -30.027273178100586,
      "mid_to_side_loudness": -7.205542087554932,
      "mid_to_side_loudness_range": 10.558850288391113,
      "side_mean": -37.77875518798828
    },
    {
      "high_freq": 12199.2666015625,
      "loudness": -35.73900604248047,
      "loudness_range": 18.292848587036133,
      "low_freq": 7314.1640625,
      "mid_mean": -32.790809631347656,
      "mid_to_side_loudness": -8.151010513305664,
      "mid_to_side_loudness_range": 9.745073318481445,
      "side_mean": -41.65236282348633
    },
    {
      "loudness": -42.12281799316406,
      "loudness_range": 16.80242156982422,
      "low_freq": 12199.2666015625,
      "mid_mean": -39.505924224853516,
      "mid_to_side_loudness": -7.265103340148926,
      "mid_to_side_loudness_range": 8.924392700195312,
      "side_mean": -47.836158752441406
    }
  ],
  "bands_short": [
    {
      "high_freq": 148.1999969482422,
      "loudness": -30.089693069458008,
      "loudness_range": 21.986835479736328,
      "mid_mean": -27.410003662109375,
      "mid_to_side_loudness": -8.040027618408203,
      "mid_to_side_loudness_range": 21.44746971130371,
      "side_mean": -36.771080017089844
    },
    {
      "high_freq": 392.3793640136719,
      "loudness": -23.80872917175293,
      "loudness_range": 12.758659362792969,
      "low_freq": 148.1999969482422,
      "mid_mean": -21.21304702758789,
      "mid_to_side_loudness": -6.5691914558410645,
      "mid_to_side_loudness_range": 11.858144760131836,
      "side_mean": -27.92203140258789
    },
    {
      "high_freq": 794.6976318359375,
      "loudness": -23.14933204650879,
      "loudness_range": 12.505437850952148,
      "low_freq": 392.3793640136719,
      "mid_mean": -20.94618797302246,
      "mid_to_side_loudness": -5.3126220703125,
      "mid_to_side_loudness_range": 13.496031761169434,
      "side_mean": -26.385162353515625
    },
    {
      "high_freq": 1457.5709228515625,
      "loudness": -24.738243103027344,
      "loudness_range": 19.603065490722656,
      "low_freq": 794.6976318359375,
      "mid_mean": -22.365663528442383,
      "mid_to_side_loudness": -6.348278045654297,
      "mid_to_side_loudness_range": 15.584420204162598,
      "side_mean": -28.97664451599121
    },
    {
      "high_freq": 2549.74365234375,
      "loudness": -28.371381759643555,
      "loudness_range": 18.862150192260742,
      "low_freq": 1457.5709228515625,
      "mid_mean": -26.01949691772461,
      "mid_to_side_loudness": -5.683692932128906,
      "mid_to_side_loudness_range": 11.75217342376709,
      "side_mean": -31.72671127319336
    },
    {
      "high_freq": 4349.24462890625,
      "loudness": -29.039365768432617,
      "loudness_range": 22.614273071289062,
      "low_freq": 2549.74365234375,
      "mid_mean": -26.55646324157715,
      "mid_to_side_loudness": -6.268256187438965,
      "mid_to_side_loudness_range": 12.13579273223877,
      "side_mean": -32.95396041870117
    },
    {
      "high_freq": 7314.1640625,
      "loudness": -33.38338851928711,
      "loudness_range": 23.007802963256836,
      "low_freq": 4349.24462890625,
      "mid_mean": -30.76679801940918,
      "mid_to_side_loudness": -6.8214640617370605,
      "mid_to_side_loudness_range": 12.137312889099121,
      "side_mean": -38.102294921875
    },
    {
      "high_freq": 12199.2666015625,
      "loudness": -37.216064453125,
      "loudness_range": 22.106775283813477,
      "low_freq": 7314.1640625,
      "mid_mean": -34.42719650268555,
      "mid_to_side_loudness": -8.13502311706543,
      "mid_to_side_loudness_range": 12.591398239135742,
      "side_mean": -43.36223220825195
    },
    {
      "loudness": -46.677764892578125,
      "loudness_range": 24.525165557861328,
      "low_freq": 12199.2666015625,
      "mid_mean": -44.32831954956055,
      "mid_to_side_loudness": -7.121071815490723,
      "mid_to_side_loudness_range": 12.487288475036621,
      "side_mean": -53.244140625
    }
  ],
  "bandwidth": 764.7526245117188,
  "channels": 2,
  "covariance": [
    [
      68.52571868896484,
      38.85637664794922,
      20.278182983398438,
      14.757906913757324,
      17.275482177734375,
      13.65286636352539,
      29.00319480895996,
      27.019588470458984,
      32.01963806152344,
      31.111265182495117,
      35.82140350341797,
      32.69136428833008,
      36.65019989013672,
      37.87129592895508,
      26.704120635986328,
      31.321033477783203,
      18.62554168701172,
      28.505353927612305
    ],
    [
      38.85637664794922,
      45.3211784362793,
      11.79328441619873,
      10.253602027893066,
      8.882728576660156,
      7.796736717224121,
      14.975440979003906,
      14.965428352355957,
      18.135276794433594,
      18.381877899169922,
      20.481534957885742,
      20.31943130493164,
      21.773073196411133,
      24.308744430541992,
      15.56527328491211,
      17.70366096496582,
      8.803740501403809,
      11.752588272094727
    ],
    [
      20.278182983398438,
      11.79328441619873,
      24.725675582885742,
      15.729694366455078,
      11.312393188476562,
      8.136256217956543,
      12.695449829101562,
      13.16878890991211,
      16.335540771484375,
      16.296960830688477,
      16.50211524963379,
      15.997379302978516,
      15.045537948608398,
      16.058635711669922,
      12.638653755187988,
      11.99462604522705,
      9.0736083984375,
      11.530957221984863
    ],
    [
      14.757906913757324,
      10.253602027893066,
      15.729694366455078,
      18.343481063842773,
      9.363143920898438,
      7.3989691734313965,
      10.572369575500488,
      11.027559280395508,
      13.042816162109375,
      13.395642280578613,
      12.126215934753418,
      12.906883239746094,
      11.81545639038086,
      13.268021583557129,
      10.1616792678833,
      10.247483253479004,
      7.198902606964111,
      9.370772361755371
    ],
    [
      17.275482177734375,
      8.882728576660156,
      11.312393188476562,
      9.363143920898438,
      23.06427764892578,
      12.4819917678833,
      19.059391021728516,
      15.212434768676758,
      17.850513458251953,
      15.558273315429688,
      18.359682083129883,
      16.080204010009766,
      17.04362678527832,
      17.129985809326172,
      11.385100364685059,
      12.213664054870605,
      7.953438758850098,
      11.806991577148438
    ],
    [
      13.65286636352539,
      7.796736717224121,
      8.136256217956543,
      7.3989691734313965,
      12.4819917678833,
      15.229775428771973,
      11.129868507385254,
      13.199395179748535,
      11.70748519897461,
      12.66048812866211,
      11.66303539276123,
      13.32016658782959,
      10.478147506713867,
      13.853497505187988,
      6.644939422607422,
      9.108859062194824,
      5.094662189483643,
      8.189699172973633
    ],
    [
      29.00319480895996,
      14.975440979003906,
      12.695449829101562,
      10.572369575500488,
      19.059391021728516,
      11.129868507385254,
      46.62688064575195,
      30.39082145690918,
      35.398380279541016,
      26.325448989868164,
      29.465776443481445,
      24.716426849365234,
      31.569530487060547,
      29.969825744628906,
      21.52264976501465,
      23.95074462890625,
      14.201148986816406,
      23.91311264038086
    ],
    [
      27.019588470458984,
      14.965428352355957,
      13.16878890991211,
      11.027559280395508,
      15.212434768676758,
      13.199395179748535,
      30.39082145690918,
      34.411773681640625,
      28.277006149291992,
      28.176605224609375,
      29.042570114135742,
      28.926733016967773,
      28.208627700805664,
      32.90465545654297,
      17.449338912963867,
      22.455745697021484,
      12.153693199157715,
      19.76548957824707
    ],
    [
      32.01963806152344,
      18.135276794433594,
      16.335540771484375,
      13.042816162109375,
      17.850513458251953,
      11.70748519897461,
      35.398380279541016,
      28.277006149291992,
      45.45127487182617,
      35.76120376586914,
      32.68560791015625,
      30.142065048217773,
      34.317832946777344,
      35.231605529785156,
      22.894044876098633,
      26.112674713134766,
      14.318892478942871,
      22.175588607788086
    ],
    [
      31.111265182495117,
      18.381877899169922,
      16.296960830688477,
      13.395642280578613,
      15.558273315429688,
      12.66048812866211,
      26.325448989868164,
      28.176605224609375,
      35.76120376586914,
      39.419193267822266,
      33.231849670410156,
      33.72772979736328,
      32.697242736816406,
      37.212623596191406,
      20.31159019470215,
      25.684091567993164,
      12.90566635131836,
      19.489070892333984
    ],
    [
      35.82140350341797,
      20.481534957885742,
      16.50211524963379,
      12.126215934753418,
      18.359682083129883,
      11.66303539276123,
      29.465776443481445,
      29.042570114135742,
      32.68560791015625,
      33.231849670410156,
      61.25895309448242,
      43.54502868652344,
      52.81265640258789,
      47.54701614379883,
      29.694990158081055,
      33.47111892700195,
      20.021427154541016,
      30.838306427001953
    ],
    [
      32.69136428833008,
      20.31943130493164,
      15.997379302978516,
      12.906883239746094,
      16.080204010009766,
      13.32016658782959,
      24.716426849365234,
      28.926733016967773,
      30.142065048217773,
      33.72772979736328,
      43.54502868652344,
      46.53398132324219,
      40.28788757324219,
      45.98099899291992,
      24.022451400756836,
      31.4117374420166,
      16.77178955078125,
      25.86530113220215
    ],
    [
      36.65019989013672,
      21.773073196411133,
      15.045537948608398,
      11.81545639038086,
      17.04362678527832,
      10.478147506713867,
      31.569530487060547,
      28.208627700805664,
      34.317832946777344,
      32.697242736816406,
      52.81265640258789,
      40.28788757324219,
      64.54098510742188,
      53.28169250488281,
      41.25621795654297,
      45.9993896484375,
      27.24111557006836,
      40.8466796875
    ],
    [
      37.87129592895508,
      24.308744430541992,
      16.058635711669922,
      13.268021583557129,
      17.129985809326172,
      13.853497505187988,
      29.969825744628906,
      32.90465545654297,
      35.231605529785156,
      37.212623596191406,
      47.54701614379883,
      45.98099899291992,
      53.28169250488281,
      61.23727035522461,
      36.54866409301758,
      47.09695053100586,
      24.821300506591797,
      38.1988525390625
    ],
    [
      26.704120635986328,
      15.56527328491211,
      12.638653755187988,
      10.1616792678833,
      11.385100364685059,
      6.644939422607422,
      21.52264976501465,
      17.449338912963867,
      22.894044876098633,
      20.31159019470215,
      29.694990158081055,
      24.022451400756836,
      41.25621795654297,
      36.54866409301758,
      44.460731506347656,
      42.410587310791016,
      31.502927780151367,
      38.632530212402344
    ],
    [
      31.321033477783203,
      17.70366096496582,
      11.99462604522705,
      10.247483253479004,
      12.213664054870605,
      9.108859062194824,
      23.95074462890625,
      22.455745697021484,
      26.112674713134766,
      25.684091567993164,
      33.47111892700195,
      31.4117374420166,
      45.9993896484375,
      47.09695053100586,
      42.410587310791016,
      55.707035064697266,
      32.30670928955078,
      49.357391357421875
    ],
    [
      18.62554168701172,
      8.803740501403809,
      9.0736083984375,
      7.198902606964111,
      7.953438758850098,
      5.094662189483643,
      14.201148986816406,
      12.153693199157715,
      14.318892478942871,
      12.90566635131836,
      20.021427154541016,
      16.77178955078125,
      27.24111557006836,
      24.821300506591797,
      31.502927780151367,
      32.30670928955078,
      40.98040771484375,
      41.04468536376953
    ],
    [
      28.505353927612305,
      11.752588272094727,
      11.530957221984863,
      9.370772361755371,
      11.806991577148438,
      8.189699172973633,
      23.91311264038086,
      19.76548957824707,
      22.175588607788086,
      19.489070892333984,
      30.838306427001953,
      25.86530113220215,
      40.8466796875,
      38.1988525390625,
      38.632530212402344,
      49.357391357421875,
      41.04468536376953,
      65.12139892578125
    ]
  ],
  "covariance_short": [
    [
      79.55545806884766,
      39.87070083618164,
      26.780323028564453,
      18.978368759155273,
      19.40871238708496,
      13.547384262084961,
      32.47600555419922,
      28.844058990478516,
      34.712276458740234,
      31.90900993347168,
      38.53250503540039,
      34.50714111328125,
      40.47868728637695,
      40.988033294677734,
      31.66285514831543,
      36.963802337646484,
      21.48318099975586,
      39.13239288330078
    ],
    [
      39.87070083618164,
      59.086795806884766,
      14.820091247558594,
      13.851625442504883,
      9.79822063446045,
      7.115546226501465,
      17.243770599365234,
      15.537345886230469,
      20.056318283081055,
      18.780948638916016,
      21.179521560668945,
      20.43411636352539,
      25.30125617980957,
      26.37153434753418,
      20.522613525390625,
      24.49736976623535,
      13.405519485473633,
      21.71201515197754
    ],
    [
      26.780323028564453,
      14.820091247558594,
      28.491350173950195,
      16.26104164123535,
      13.17375373840332,
      9.13628101348877,
      16.088768005371094,
      15.73822021484375,
      18.49662208557129,
      17.82913589477539,
      19.682035446166992,
      18.210132598876953,
      18.481338500976562,
      18.974502563476562,
      15.913068771362305,
      16.21124267578125,
      12.06141471862793,
      20.778566360473633
    ],
    [
      18.978368759155273,
      13.851625442504883,
      16.26104164123535,
      21.815866470336914,
      9.732686996459961,
      8.226816177368164,
      12.271793365478516,
      12.865367889404297,
      13.861834526062012,
      14.25681209564209,
      13.876397132873535,
      14.708319664001465,
      13.146007537841797,
      15.519582748413086,
      10.588235855102539,
      12.487325668334961,
      7.377660274505615,
      15.56319808959961
    ],
    [
      19.40871238708496,
      9.79822063446045,
      13.17375373840332,
      9.732686996459961,
      29.322782516479492,
      12.905701637268066,
      18.867942810058594,
      14.18396282196045,
      17.49835968017578,
      14.81363296508789,
      19.25791358947754,
      15.289231300354004,
      18.278226852416992,
      16.16613006591797,
      14.476125717163086,
      14.031570434570312,
      10.432921409606934,
      18.75164222717285
    ],
    [
      13.547384262084961,
      7.115546226501465,
      9.13628101348877,
      8.226816177368164,
      12.905701637268066,
      18.610755920410156,
      10.397072792053223,
      12.452289581298828,
      11.029471397399902,
      12.068799018859863,
      11.374252319335938,
      12.542062759399414,
      10.261062622070312,
      12.792519569396973,
      6.625990867614746,
      10.291281700134277,
      4.993657112121582,
      14.50171947479248
    ],
    [
      32.47600555419922,
      17.243770599365234,
      16.088768005371094,
      12.271793365478516,
      18.867942810058594,
      10.397072792053223,
      54.558773040771484,
      30.821826934814453,
      37.37466812133789,
      26.093181610107422,
      30.612506866455078,
      24.806028366088867,
      33.99094772338867,
      30.165956497192383,
      26.41986656188965,
      27.474260330200195,
      18.22304916381836,
      31.085952758789062
    ],
    [
      28.844058990478516,
      15.537345886230469,
      15.73822021484375,
      12.865367889404297,
      14.18396282196045,
      12.452289581298828,
      30.821826934814453,
      39.851707458496094,
      27.777299880981445,
      27.641040802001953,
      28.862728118896484,
      28.780668258666992,
      28.439937591552734,
      32.64558029174805,
      18.351057052612305,
      26.457841873168945,
      13.19846248626709,
      30.80732536315918
    ],
    [
      34.712276458740234,
      20.056318283081055,
      18.49662208557129,
      13.861834526062012,
      17.49835968017578,
      11.029471397399902,
      37.37466812133789,
      27.777299880981445,
      50.2464714050293,
      35.691097259521484,
      33.95195388793945,
      30.02973747253418,
      37.21918487548828,
      36.054222106933594,
      27.899513244628906,
      31.04012680053711,
      18.3330020904541,
      33.45831298828125
    ],
    [
      31.90900993347168,
      18.780948638916016,
      17.82913589477539,
      14.25681209564209,
      14.81363296508789,
      12.068799018859863,
      26.093181610107422,
      27.641040802001953,
      35.691097259521484,
      42.192726135253906,
      32.95907974243164,
      33.437835693359375,
      33.22829055786133,
      37.66325759887695,
      21.48847198486328,
      29.57316017150879,
      13.561787605285645,
      31.41023063659668
    ],
    [
      38.53250503540039,
      21.179521560668945,
      19.682035446166992,
      13.876397132873535,
      19.25791358947754,
      11.374252319335938,
      30.612506866455078,
      28.862728118896484,
      33.95195388793945,
      32.95907974243164,
      64.84603118896484,
      44.15635681152344,
      56.479774475097656,
      48.71720504760742,
      36.067535400390625,
      39.0389404296875,
      25.613859176635742,
      39.04740524291992
    ],
    [
      34.50714111328125,
      20.43411636352539,
      18.210132598876953,
      14.708319664001465,
      15.289231300354004,
      12.542062759399414,
      24.806028366088867,
      28.780668258666992,
      30.02973747253418,
      33.437835693359375,
      44.15635681152344,
      48.48952102661133,
      40.89565658569336,
      46.63462829589844,
      25.780263900756836,
      35.692562103271484,
      17.62139892578125,
      35.393829345703125
    ],
    [
      40.47868728637695,
      25.30125617980957,
      18.481338500976562,
      13.146007537841797,
      18.278226852416992,
      10.261062622070312,
      33.99094772338867,
      28.439937591552734,
      37.21918487548828,
      33.22829055786133,
      56.479774475097656,
      40.89565658569336,
      72.85530090332031,
      57.08079528808594,
      52.1955680847168,
      54.12905502319336,
      39.828304290771484,
      48.67195510864258
    ],
    [
      40.988033294677734,
      26.37153434753418,
      18.974502563476562,
      15.519582748413086,
      16.16613006591797,
      12.792519569396973,
      30.165956497192383,
      32.64558029174805,
      36.054222106933594,
      37.66325759887695,
      48.71720504760742,
      46.63462829589844,
      57.08079528808594,
      66.04632568359375,
      41.72588348388672,
      55.831748962402344,
      31.5438232421875,
      51.770721435546875
    ],
    [
      31.66285514831543,
      20.522613525390625,
      15.913068771362305,
      10.588235855102539,
      14.476125717163086,
      6.625990867614746,
      26.41986656188965,
      18.351057052612305,
      27.899513244628906,
      21.48847198486328,
      36.067535400390625,
      25.780263900756836,
      52.1955680847168,
      41.72588348388672,
      62.162742614746094,
      53.44200134277344,
      54.52643966674805,
      51.382205963134766
    ],
    [
      36.963802337646484,
      24.49736976623535,
      16.21124267578125,
      12.487325668334961,
      14.031570434570312,
      10.291281700134277,
      27.474260330200195,
      26.457841873168945,
      31.04012680053711,
      29.57316017150879,
      39.0389404296875,
      35.692562103271484,
      54.12905502319336,
      55.831748962402344,
      53.44200134277344,
      70.70024108886719,
      49.839942932128906,
      66.26451110839844
    ],
    [
      21.48318099975586,
      13.405519485473633,
      12.06141471862793,
      7.377660274505615,
      10.432921409606934,
      4.993657112121582,
      18.22304916381836,
      13.19846248626709,
      18.3330020904541,
      13.561787605285645,
      25.613859176635742,
      17.62139892578125,
      39.828304290771484,
      31.5438232421875,
      54.52643966674805,
      49.839942932128906,
      75.28054809570312,
      63.64349365234375
    ],
    [
      39.13239288330078,
      21.71201515197754,
      20.778566360473633,
      15.56319808959961,
      18.75164222717285,
      14.50171947479248,
      31.085952758789062,
      30.80732536315918,
      33.45831298828125,
      31.41023063659668,
      39.04740524291992,
      35.393829345703125,
      48.67195510864258,
      51.770721435546875,
      51.382205963134766,
      66.26451110839844,
      63.64349365234375,
      94.80829620361328
    ]
  ],
  "damage": -6.581726551055908,
  "diff_bandwidth": 846.3154296875,
  "dissonance": 6.783872887773656,
  "drr": -18.605051040649414,
  "dynamics": 3.806448221206665,
  "format": 1245190,
  "frames": 16339904,
  "loudness": -12.60142707824707,
  "loudness_range": 11.337579727172852,
  "loudness_range_short": 12.329519271850586,
  "lowpass_true_peak_15khz": 0.19322918355464935,
  "mastering3_acoustic_entropies": [
    {
      "acoustic_entropy": 8.84996223449707,
      "acoustic_entropy_mono": 8.94198226928711,
      "band_eliminated_acoustic_entropies": [
        {
          "acoustic_entropy": 8.832480430603027,
          "acoustic_entropy_side": 8.849669456481934,
          "hz": 129.47220167065723
        },
        {
          "acoustic_entropy": 8.88726806640625,
          "acoustic_entropy_side": 8.84719181060791,
          "hz": 202.92927478742237
        },
        {
          "acoustic_entropy": 9.13595199584961,
          "acoustic_entropy_side": 8.859772682189941,
          "hz": 282.89161906338205
        },
        {
          "acoustic_entropy": 8.836814880371094,
          "acoustic_entropy_side": 8.863275527954102,
          "hz": 369.9353335868758
        },
        {
          "acoustic_entropy": 9.065528869628906,
          "acoustic_entropy_side": 8.908784866333008,
          "hz": 464.6875360973435
        },
        {
          "acoustic_entropy": 8.872894287109375,
          "acoustic_entropy_side": 8.932243347167969,
          "hz": 567.8308811364784
        },
        {
          "acoustic_entropy": 9.112503051757812,
          "acoustic_entropy_side": 8.694899559020996,
          "hz": 680.1084783214808
        },
        {
          "acoustic_entropy": 8.97918701171875,
          "acoustic_entropy_side": 8.80465316772461,
          "hz": 802.3292461747484
        },
        {
          "acoustic_entropy": 8.45055866241455,
          "acoustic_entropy_side": 8.965754508972168,
          "hz": 935.3737400823702
        },
        {
          "acoustic_entropy": 9.191332817077637,
          "acoustic_entropy_side": 8.61682415008545,
          "hz": 1080.2004963696966
        },
        {
          "acoustic_entropy": 8.96165943145752,
          "acoustic_entropy_side": 8.71496868133545,
          "hz": 1237.8529382007157
        },
        {
          "acoustic_entropy": 8.553478240966797,
          "acoustic_entropy_side": 8.649584770202637,
          "hz": 1409.4668930556702
        },
        {
          "acoustic_entropy": 8.344783782958984,
          "acoustic_entropy_side": 8.744729042053223,
          "hz": 1596.2787759475705
        },
        {
          "acoustic_entropy": 8.379823684692383,
          "acoustic_entropy_side": 8.789374351501465,
          "hz": 1799.6344973346393
        },
        {
          "acoustic_entropy": 8.921359062194824,
          "acoustic_entropy_side": 8.78986644744873,
          "hz": 2020.9991599069049
        },
        {
          "acoustic_entropy": 9.109898567199707,
          "acoustic_entropy_side": 8.9497652053833,
          "hz": 2261.9676141086993
        },
        {
          "acoustic_entropy": 8.69896411895752,
          "acoustic_entropy_side": 8.823596000671387,
          "hz": 2524.2759484456974
        },
        {
          "acoustic_entropy": 8.696980476379395,
          "acoustic_entropy_side": 8.724011421203613,
          "hz": 2809.813997359896
        },
        {
          "acoustic_entropy": 8.782733917236328,
          "acoustic_entropy_side": 8.692509651184082,
          "hz": 3120.6389567871424
        },
        {
          "acoustic_entropy": 8.531074523925781,
          "acoustic_entropy_side": 8.768043518066406,
          "hz": 3458.990205492291
        },
        {
          "acoustic_entropy": 8.919816970825195,
          "acoustic_entropy_side": 8.808387756347656,
          "hz": 3827.305438964164
        },
        {
          "acoustic_entropy": 8.92973804473877,
          "acoustic_entropy_side": 8.712690353393555,
          "hz": 4228.238232109126
        },
        {
          "acoustic_entropy": 8.993778228759766,
          "acoustic_entropy_side": 8.745991706848145,
          "hz": 4664.6771572759235
        },
        {
          "acoustic_entropy": 8.892723083496094,
          "acoustic_entropy_side": 8.79738998413086,
          "hz": 5139.766595350093
        },
        {
          "acoustic_entropy": 8.80957317352295,
          "acoustic_entropy_side": 8.784933090209961,
          "hz": 5656.929389854203
        },
        {
          "acoustic_entropy": 8.872957229614258,
          "acoustic_entropy_side": 8.817285537719727,
          "hz": 6219.891507268283
        },
        {
          "acoustic_entropy": 8.88137149810791,
          "acoustic_entropy_side": 8.826361656188965,
          "hz": 6832.70888123896
        },
        {
          "acoustic_entropy": 8.860374450683594,
          "acoustic_entropy_side": 8.817652702331543,
          "hz": 7499.796634079867
        },
        {
          "acoustic_entropy": 8.898299217224121,
          "acoustic_entropy_side": 8.817229270935059,
          "hz": 8225.96088609342
        },
        {
          "acoustic_entropy": 8.400639533996582,
          "acoustic_entropy_side": 8.822639465332031,
          "hz": 9016.43338188839
        },
        {
          "acoustic_entropy": 8.580194473266602,
          "acoustic_entropy_side": 8.816287994384766,
          "hz": 9876.909183162974
        },
        {
          "acoustic_entropy": 8.846068382263184,
          "acoustic_entropy_side": 8.830867767333984,
          "hz": 10813.587699516042
        },
        {
          "acoustic_entropy": 8.820358276367188,
          "acoustic_entropy_side": 8.835744857788086,
          "hz": 11833.21735289826
        },
        {
          "acoustic_entropy": 8.794106483459473,
          "acoustic_entropy_side": 8.840560913085938,
          "hz": 12943.144197493959
        },
        {
          "acoustic_entropy": 8.75672721862793,
          "acoustic_entropy_side": 8.839266777038574,
          "hz": 14151.364845322005
        },
        {
          "acoustic_entropy": 8.673946380615234,
          "acoustic_entropy_side": 8.842446327209473,
          "hz": 15466.58407886509
        },
        {
          "acoustic_entropy": 8.814475059509277,
          "acoustic_entropy_side": 8.848725318908691,
          "hz": 16898.27756580493
        },
        {
          "acoustic_entropy": 8.822064399719238,
          "acoustic_entropy_side": 8.849211692810059,
          "hz": 18456.760127700032
        },
        {
          "acoustic_entropy": 8.792197227478027,
          "acoustic_entropy_side": 8.848936080932617,
          "hz": 20153.260054456492
        },
        {
          "acoustic_entropy": 8.842581748962402,
          "acoustic_entropy_side": 8.849775314331055,
          "hz": 22000.00000000001
        }
      ],
      "diff_acoustic_entropy": 4.5688252449035645,
      "sn": 6
    },
    {
      "acoustic_entropy": 13.256461143493652,
      "acoustic_entropy_mono": 13.074363708496094,
      "band_eliminated_acoustic_entropies": [
        {
          "acoustic_entropy": 13.342062950134277,
          "acoustic_entropy_side": 13.2603178024292,
          "hz": 129.47220167065723
        },
        {
          "acoustic_entropy": 13.322805404663086,
          "acoustic_entropy_side": 13.282774925231934,
          "hz": 202.92927478742237
        },
        {
          "acoustic_entropy": 13.924356460571289,
          "acoustic_entropy_side": 13.28903865814209,
          "hz": 282.89161906338205
        },
        {
          "acoustic_entropy": 13.039933204650879,
          "acoustic_entropy_side": 13.192276000976562,
          "hz": 369.9353335868758
        },
        {
          "acoustic_entropy": 13.63403034210205,
          "acoustic_entropy_side": 13.4586181640625,
          "hz": 464.6875360973435
        },
        {
          "acoustic_entropy": 13.246501922607422,
          "acoustic_entropy_side": 13.04172134399414,
          "hz": 567.8308811364784
        },
        {
          "acoustic_entropy": 12.850907325744629,
          "acoustic_entropy_side": 12.89433479309082,
          "hz": 680.1084783214808
        },
        {
          "acoustic_entropy": 13.428332328796387,
          "acoustic_entropy_side": 13.333843231201172,
          "hz": 802.3292461747484
        },
        {
          "acoustic_entropy": 12.949156761169434,
          "acoustic_entropy_side": 13.540692329406738,
          "hz": 935.3737400823702
        },
        {
          "acoustic_entropy": 12.98249626159668,
          "acoustic_entropy_side": 12.361371040344238,
          "hz": 1080.2004963696966
        },
        {
          "acoustic_entropy": 13.589016914367676,
          "acoustic_entropy_side": 12.994706153869629,
          "hz": 1237.8529382007157
        },
        {
          "acoustic_entropy": 13.29971981048584,
          "acoustic_entropy_side": 13.245373725891113,
          "hz": 1409.4668930556702
        },
        {
          "acoustic_entropy": 12.563843727111816,
          "acoustic_entropy_side": 13.212138175964355,
          "hz": 1596.2787759475705
        },
        {
          "acoustic_entropy": 13.35679817199707,
          "acoustic_entropy_side": 13.39216136932373,
          "hz": 1799.6344973346393
        },
        {
          "acoustic_entropy": 13.365748405456543,
          "acoustic_entropy_side": 13.205199241638184,
          "hz": 2020.9991599069049
        },
        {
          "acoustic_entropy": 13.272358894348145,
          "acoustic_entropy_side": 13.294628143310547,
          "hz": 2261.9676141086993
        },
        {
          "acoustic_entropy": 12.965346336364746,
          "acoustic_entropy_side": 13.16712760925293,
          "hz": 2524.2759484456974
        },
        {
          "acoustic_entropy": 13.343832969665527,
          "acoustic_entropy_side": 13.281766891479492,
          "hz": 2809.813997359896
        },
        {
          "acoustic_entropy": 13.212712287902832,
          "acoustic_entropy_side": 13.187024116516113,
          "hz": 3120.6389567871424
        },
        {
          "acoustic_entropy": 12.969892501831055,
          "acoustic_entropy_side": 13.234258651733398,
          "hz": 3458.990205492291
        },
        {
          "acoustic_entropy": 13.229402542114258,
          "acoustic_entropy_side": 13.227560997009277,
          "hz": 3827.305438964164
        },
        {
          "acoustic_entropy": 12.891312599182129,
          "acoustic_entropy_side": 13.225381851196289,
          "hz": 4228.238232109126
        },
        {
          "acoustic_entropy": 12.87230396270752,
          "acoustic_entropy_side": 13.249812126159668,
          "hz": 4664.6771572759235
        },
        {
          "acoustic_entropy": 13.103593826293945,
          "acoustic_entropy_side": 13.208767890930176,
          "hz": 5139.766595350093
        },
        {
          "acoustic_entropy": 13.212762832641602,
          "acoustic_entropy_side": 13.203824996948242,
          "hz": 5656.929389854203
        },
        {
          "acoustic_entropy": 13.329541206359863,
          "acoustic_entropy_side": 13.289243698120117,
          "hz": 6219.891507268283
        },
        {
          "acoustic_entropy": 13.388594627380371,
          "acoustic_entropy_side": 13.338794708251953,
          "hz": 6832.70888123896
        },
        {
          "acoustic_entropy": 12.993772506713867,
          "acoustic_entropy_side": 13.238859176635742,
          "hz": 7499.796634079867
        },
        {
          "acoustic_entropy": 13.170516967773438,
          "acoustic_entropy_side": 13.233027458190918,
          "hz": 8225.96088609342
        },
        {
          "acoustic_entropy": 12.894290924072266,
          "acoustic_entropy_side": 13.190694808959961,
          "hz": 9016.43338188839
        },
        {
          "acoustic_entropy": 12.847352981567383,
          "acoustic_entropy_side": 13.210770606994629,
          "hz": 9876.909183162974
        },
        {
          "acoustic_entropy": 13.194180488586426,
          "acoustic_entropy_side": 13.273818016052246,
          "hz": 10813.587699516042
        },
        {
          "acoustic_entropy": 13.228142738342285,
          "acoustic_entropy_side": 13.285494804382324,
          "hz": 11833.21735289826
        },
        {
          "acoustic_entropy": 13.071453094482422,
          "acoustic_entropy_side": 13.266289710998535,
          "hz": 12943.144197493959
        },
        {
          "acoustic_entropy": 12.770769119262695,
          "acoustic_entropy_side": 13.230263710021973,
          "hz": 14151.364845322005
        },
        {
          "acoustic_entropy": 12.769796371459961,
          "acoustic_entropy_side": 13.218502044677734,
          "hz": 15466.58407886509
        },
        {
          "acoustic_entropy": 13.142992973327637,
          "acoustic_entropy_side": 13.241413116455078,
          "hz": 16898.27756580493
        },
        {
          "acoustic_entropy": 13.162432670593262,
          "acoustic_entropy_side": 13.24742317199707,
          "hz": 18456.760127700032
        },
        {
          "acoustic_entropy": 13.145891189575195,
          "acoustic_entropy_side": 13.249313354492188,
          "hz": 20153.260054456492
        },
        {
          "acoustic_entropy": 13.242554664611816,
          "acoustic_entropy_side": 13.256314277648926,
          "hz": 22000.00000000001
        }
      ],
      "diff_acoustic_entropy": 8.24359130859375,
      "sn": 12
    },
    {
      "acoustic_entropy": 19.505596160888672,
      "acoustic_entropy_mono": 17.576339721679688,
      "band_eliminated_acoustic_entropies": [
        {
          "acoustic_entropy": 19.058773040771484,
          "acoustic_entropy_side": 19.628992080688477,
          "hz": 129.47220167065723
        },
        {
          "acoustic_entropy": 20.697744369506836,
          "acoustic_entropy_side": 19.296600341796875,
          "hz": 202.92927478742237
        },
        {
          "acoustic_entropy": 19.315156936645508,
          "acoustic_entropy_side": 19.49032974243164,
          "hz": 282.89161906338205
        },
        {
          "acoustic_entropy": 20.059566497802734,
          "acoustic_entropy_side": 19.79514503479004,
          "hz": 369.9353335868758
        },
        {
          "acoustic_entropy": 19.59070587158203,
          "acoustic_entropy_side": 19.690406799316406,
          "hz": 464.6875360973435
        },
        {
          "acoustic_entropy": 20.146053314208984,
          "acoustic_entropy_side": 20.08869171142578,
          "hz": 567.8308811364784
        },
        {
          "acoustic_entropy": 19.38517951965332,
          "acoustic_entropy_side": 20.344470977783203,
          "hz": 680.1084783214808
        },
        {
          "acoustic_entropy": 19.233715057373047,
          "acoustic_entropy_side": 20.216957092285156,
          "hz": 802.3292461747484
        },
        {
          "acoustic_entropy": 19.443195343017578,
          "acoustic_entropy_side": 20.118532180786133,
          "hz": 935.3737400823702
        },
        {
          "acoustic_entropy": 20.5627498626709,
          "acoustic_entropy_side": 19.987957000732422,
          "hz": 1080.2004963696966
        },
        {
          "acoustic_entropy": 19.824033737182617,
          "acoustic_entropy_side": 19.203744888305664,
          "hz": 1237.8529382007157
        },
        {
          "acoustic_entropy": 19.836320877075195,
          "acoustic_entropy_side": 20.191652297973633,
          "hz": 1409.4668930556702
        },
        {
          "acoustic_entropy": 19.906339645385742,
          "acoustic_entropy_side": 19.989368438720703,
          "hz": 1596.2787759475705
        },
        {
          "acoustic_entropy": 19.95928955078125,
          "acoustic_entropy_side": 19.77417755126953,
          "hz": 1799.6344973346393
        },
        {
          "acoustic_entropy": 20.2597713470459,
          "acoustic_entropy_side": 19.57090187072754,
          "hz": 2020.9991599069049
        },
        {
          "acoustic_entropy": 20.602855682373047,
          "acoustic_entropy_side": 19.802112579345703,
          "hz": 2261.9676141086993
        },
        {
          "acoustic_entropy": 20.065467834472656,
          "acoustic_entropy_side": 19.44266700744629,
          "hz": 2524.2759484456974
        },
        {
          "acoustic_entropy": 19.575002670288086,
          "acoustic_entropy_side": 19.50937843322754,
          "hz": 2809.813997359896
        },
        {
          "acoustic_entropy": 19.80028533935547,
