{
  "acoustic_entropy": 216.7073211669922,
  "bands": [
    {
      "high_freq": 148.1999969482422,
      "loudness": -34.029903411865234,
      "loudness_range": 19.616981506347656,
      "mid_mean": -30.68932342529297,
      "mid_to_side_loudness": -12.937429428100586,
      "mid_to_side_loudness_range": 15.693913459777832,
      "side_mean": -44.17747116088867
    },
    {
      "high_freq": 392.3793640136719,
      "loudness": -23.082448959350586,
      "loudness_range": 10.302845001220703,
      "low_freq": 148.1999969482422,
      "mid_mean": -19.753576278686523,
      "mid_to_side_loudness": -11.599483489990234,
      "mid_to_side_loudness_range": 12.468595504760742,
      "side_mean": -31.688236236572266
    },
    {
      "high_freq": 794.6976318359375,
      "loudness": -22.998613357543945,
      "loudness_range": 7.654048919677734,
      "low_freq": 392.3793640136719,
      "mid_mean": -19.953184127807617,
      "mid_to_side_loudness": -9.158738136291504,
      "mid_to_side_loudness_range": 11.013249397277832,
      "side_mean": -29.345653533935547
    },
    {
      "high_freq": 1457.5709228515625,
      "loudness": -26.188005447387695,
      "loudness_range": 8.49252700805664,
      "low_freq": 794.6976318359375,
      "mid_mean": -23.259897232055664,
      "mid_to_side_loudness": -8.103645324707031,
      "mid_to_side_loudness_range": 10.901914596557617,
      "side_mean": -31.54155921936035
    },
    {
      "high_freq": 2549.74365234375,
      "loudness": -27.300336837768555,
      "loudness_range": 11.813817977905273,
      "low_freq": 1457.5709228515625,
      "mid_mean": -24.083251953125,
      "mid_to_side_loudness": -10.313640594482422,
      "mid_to_side_loudness_range": 11.60374641418457,
      "side_mean": -34.66707992553711
    },
    {
      "high_freq": 4349.24462890625,
      "loudness": -30.684894561767578,
      "loudness_range": 11.950576782226562,
      "low_freq": 2549.74365234375,
      "mid_mean": -27.247570037841797,
      "mid_to_side_loudness": -13.1021146774292,
      "mid_to_side_loudness_range": 11.362865447998047,
      "side_mean": -40.689998626708984
    },
    {
      "high_freq": 7314.1640625,
      "loudness": -36.452552795410156,
      "loudness_range": 13.117534637451172,
      "low_freq": 4349.24462890625,
      "mid_mean": -33.1275520324707,
      "mid_to_side_loudness": -12.067865371704102,
      "mid_to_side_loudness_range": 11.850181579589844,
      "side_mean": -45.3677864074707
    },
    {
      "high_freq": 12199.2666015625,
      "loudness": -38.651004791259766,
      "loudness_range": 8.460403442382812,
      "low_freq": 7314.1640625,
      "mid_mean": -35.51860046386719,
      "mid_to_side_loudness": -9.607654571533203,
      "mid_to_side_loudness_range": 8.865557670593262,
      "side_mean": -45.16728591918945
    },
    {
      "loudness": -41.27227783203125,
      "loudness_range": 6.388572692871094,
      "low_freq": 12199.2666015625,
      "mid_mean": -38.2533073425293,
      "mid_to_side_loudness": -8.010496139526367,
      "mid_to_side_loudness_range": 6.666209697723389,
      "side_mean": -46.45296096801758
    }
  ],
  "bands_short": [
    {
      "high_freq": 148.1999969482422,
      "loudness": -40.814598083496094,
      "loudness_range": 21.72031021118164,
      "mid_mean": -37.73926544189453,
      "mid_to_side_loudness": -11.664620399475098,
      "mid_to_side_loudness_range": 20.743711471557617,
      "side_mean": -50.68449783325195
    },
    {
      "high_freq": 392.3793640136719,
      "loudness": -24.20199203491211,
      "loudness_range": 16.388635635375977,
      "low_freq": 148.1999969482422,
      "mid_mean": -21.029268264770508,
      "mid_to_side_loudness": -11.17255973815918,
      "mid_to_side_loudness_range": 17.62099266052246,
      "side_mean": -32.848690032958984
    },
    {
      "high_freq": 794.6976318359375,
      "loudness": -24.483108520507812,
      "loudness_range": 13.694364547729492,
      "low_freq": 392.3793640136719,
      "mid_mean": -21.518178939819336,
      "mid_to_side_loudness": -9.102774620056152,
      "mid_to_side_loudness_range": 13.836358070373535,
      "side_mean": -30.89137840270996
    },
    {
      "high_freq": 1457.5709228515625,
      "loudness": -26.587432861328125,
      "loudness_range": 14.198715209960938,
      "low_freq": 794.6976318359375,
      "mid_mean": -23.70328712463379,
      "mid_to_side_loudness": -8.407166481018066,
      "mid_to_side_loudness_range": 12.450252532958984,
      "side_mean": -32.321189880371094
    },
    {
      "high_freq": 2549.74365234375,
      "loudness": -28.619861602783203,
      "loudness_range": 15.955852508544922,
      "low_freq": 1457.5709228515625,
      "mid_mean": -25.48444938659668,
      "mid_to_side_loudness": -10.43996524810791,
      "mid_to_side_loudness_range": 14.050299644470215,
      "side_mean": -36.20379638671875
    },
    {
      "high_freq": 4349.24462890625,
      "loudness": -32.102821350097656,
      "loudness_range": 16.111921310424805,
      "low_freq": 2549.74365234375,
      "mid_mean": -28.73804473876953,
      "mid_to_side_loudness": -12.713813781738281,
      "mid_to_side_loudness_range": 13.960856437683105,
      "side_mean": -41.755069732666016
    },
    {
      "high_freq": 7314.1640625,
      "loudness": -37.71004867553711,
      "loudness_range": 17.520620346069336,
      "low_freq": 4349.24462890625,
      "mid_mean": -34.416664123535156,
      "mid_to_side_loudness": -11.90204906463623,
      "mid_to_side_loudness_range": 13.903175354003906,
      "side_mean": -46.5301513671875
    },
    {
      "high_freq": 12199.2666015625,
      "loudness": -39.73170852661133,
      "loudness_range": 13.493366241455078,
      "low_freq": 7314.1640625,
      "mid_mean": -36.60580062866211,
      "mid_to_side_loudness": -9.838883399963379,
      "mid_to_side_loudness_range": 11.087471961975098,
      "side_mean": -46.57241439819336
    },
    {
      "loudness": -42.199668884277344,
      "loudness_range": 11.530864715576172,
      "low_freq": 12199.2666015625,
      "mid_mean": -39.20875549316406,
      "mid_to_side_loudness": -8.502785682678223,
      "mid_to_side_loudness_range": 9.227081298828125,
      "side_mean": -47.82563400268555
    }
  ],
  "bandwidth": 681.6536865234375,
  "channels": 2,
  "covariance": [
    [
      46.89372253417969,
      23.477121353149414,
      20.575380325317383,
      13.233626365661621,
      8.482097625732422,
      16.296016693115234,
      4.914830207824707,
      6.90009069442749,
      3.208951711654663,
      -0.5499724745750427,
      6.418485641479492,
      3.3680641651153564,
      6.612320899963379,
      4.06927490234375,
      5.009714603424072,
      6.406275272369385,
      4.912824630737305,
      4.2732977867126465
    ],
    [
      23.477121353149414,
      23.888465881347656,
      12.00680923461914,
      11.898200035095215,
      7.589946269989014,
      11.712857246398926,
      4.843326091766357,
      3.3939876556396484,
      4.248209476470947,
      1.0966732501983643,
      4.685338020324707,
      2.627415180206299,
      6.1170525550842285,
      3.7237610816955566,
      5.238027572631836,
      6.194524765014648,
      4.898901462554932,
      4.8340911865234375
    ],
    [
      20.575380325317383,
      12.00680923461914,
      22.07478904724121,
      15.979618072509766,
      9.90151596069336,
      13.497871398925781,
      5.627615451812744,
      7.165380001068115,
      3.8842172622680664,
      3.4048516750335693,
      4.729831218719482,
      4.844644546508789,
      5.790550708770752,
      6.620371341705322,
      6.538561820983887,
      8.245214462280273,
      6.2155656814575195,
      5.888154983520508
    ],
    [
      13.233626365661621,
      11.898200035095215,
      15.979618072509766,
      24.600812911987305,
      9.764678955078125,
      12.811659812927246,
      6.878172874450684,
      6.281373977661133,
      3.7492504119873047,
      5.114712715148926,
      2.4838266372680664,
      5.289211273193359,
      4.328993797302246,
      6.646042823791504,
      6.138149261474609,
      7.7478156089782715,
      6.978780269622803,
      7.821329116821289
    ],
    [
      8.482097625732422,
      7.589946269989014,
      9.90151596069336,
      9.764678955078125,
      14.14828872680664,
      11.235222816467285,
      6.444265365600586,
      4.867979049682617,
      6.398962497711182,
      5.259967803955078,
      6.08222770690918,
      5.775802135467529,
      5.596014499664307,
      6.312287330627441,
      6.841794013977051,
      7.785264492034912,
      7.632862567901611,
      5.892292022705078
    ],
    [
      16.296016693115234,
      11.712857246398926,
      13.497871398925781,
      12.811659812927246,
      11.235222816467285,
      22.200021743774414,
      5.97829008102417,
      5.768642425537109,
      3.9652624130249023,
      3.0495457649230957,
      7.136013031005859,
      8.39539909362793,
      7.797984600067139,
      7.001649379730225,
      6.2715582847595215,
      7.145149230957031,
      6.294978618621826,
      7.4578962326049805
    ],
    [
      4.914830207824707,
      4.843326091766357,
      5.627615451812744,
      6.878172874450684,
      6.444265365600586,
      5.97829008102417,
      11.990659713745117,
      10.68294620513916,
      7.640261650085449,
      6.497684478759766,
      8.808238983154297,
      8.104497909545898,
      8.188743591308594,
      6.730917453765869,
      7.927171230316162,
      7.261567115783691,
      7.2102437019348145,
      6.377725601196289
    ],
    [
      6.90009069442749,
      3.3939876556396484,
      7.165380001068115,
      6.281373977661133,
      4.867979049682617,
      5.768642425537109,
      10.68294620513916,
      22.846437454223633,
      3.2536516189575195,
      4.6043806076049805,
      5.133895397186279,
      8.498353004455566,
      5.791102409362793,
      8.01269817352295,
      6.886083126068115,
      9.319403648376465,
      5.97835636138916,
      8.702675819396973
    ],
    [
      3.208951711654663,
      4.248209476470947,
      3.8842172622680664,
      3.7492504119873047,
      6.398962497711182,
      3.9652624130249023,
      7.640261650085449,
      3.2536516189575195,
      19.184154510498047,
      18.196815490722656,
      15.421514511108398,
      14.649410247802734,
      15.11563491821289,
      11.567315101623535,
      11.009098052978516,
      8.781697273254395,
      9.512775421142578,
      8.918495178222656
    ],
    [
      -0.5499724745750427,
      1.0966732501983643,
      3.4048516750335693,
      5.114712715148926,
      5.259967803955078,
      3.0495457649230957,
      6.497684478759766,
      4.6043806076049805,
      18.196815490722656,
      31.284116744995117,
      11.35413932800293,
      20.035844802856445,
      10.334883689880371,
      15.839019775390625,
      10.135444641113281,
      13.463303565979004,
      10.133920669555664,
      14.970069885253906
    ],
    [
      6.418485641479492,
      4.685338020324707,
      4.729831218719482,
      2.4838266372680664,
      6.08222770690918,
      7.136013031005859,
      8.808238983154297,
      5.133895397186279,
      15.421514511108398,
      11.35413932800293,
      19.06064796447754,
      13.755465507507324,
      17.49524688720703,
      9.800994873046875,
      11.62444019317627,
      6.239232063293457,
      8.569456100463867,
      6.480900287628174
    ],
    [
      3.3680641651153564,
      2.627415180206299,
      4.844644546508789,
      5.289211273193359,
      5.775802135467529,
      8.39539909362793,
      8.104497909545898,
      8.498353004455566,
      14.649410247802734,
      20.035844802856445,
      13.755465507507324,
      23.1815128326416,
      13.190710067749023,
      16.819242477416992,
      9.736838340759277,
      10.177490234375,
      9.023310661315918,
      12.253734588623047
    ],
    [
      6.612320899963379,
      6.1170525550842285,
      5.790550708770752,
      4.328993797302246,
      5.596014499664307,
      7.797984600067139,
      8.188743591308594,
      5.791102409362793,
      15.11563491821289,
      10.334883689880371,
      17.49524688720703,
      13.190710067749023,
      22.16460609436035,
      12.563020706176758,
      13.330138206481934,
      7.60280704498291,
      8.401019096374512,
      6.851902008056641
    ],
    [
      4.06927490234375,
      3.7237610816955566,
      6.620371341705322,
      6.646042823791504,
      6.312287330627441,
      7.001649379730225,
      6.730917453765869,
      8.01269817352295,
      11.567315101623535,
      15.839019775390625,
      9.800994873046875,
      16.819242477416992,
      12.563020706176758,
      18.277545928955078,
      9.890332221984863,
      12.128857612609863,
      8.529516220092773,
      11.68692398071289
    ],
    [
      5.009714603424072,
      5.238027572631836,
      6.538561820983887,
      6.138149261474609,
      6.841794013977051,
      6.2715582847595215,
      7.927171230316162,
      6.886083126068115,
      11.009098052978516,
      10.135444641113281,
      11.62444019317627,
      9.736838340759277,
      13.330138206481934,
      9.890332221984863,
      12.292463302612305,
      9.639724731445312,
      8.471426963806152,
      6.973649501800537
    ],
    [
      6.406275272369385,
      6.194524765014648,
      8.245214462280273,
      7.7478156089782715,
      7.785264492034912,
      7.145149230957031,
      7.261567115783691,
      9.319403648376465,
      8.781697273254395,
      13.463303565979004,
      6.239232063293457,
      10.177490234375,
      7.60280704498291,
      12.128857612609863,
      9.639724731445312,
      16.241716384887695,
      8.049928665161133,
      10.330018997192383
    ],
    [
      4.912824630737305,
      4.898901462554932,
      6.2155656814575195,
      6.978780269622803,
      7.632862567901611,
      6.294978618621826,
      7.2102437019348145,
      5.97835636138916,
      9.512775421142578,
      10.133920669555664,
      8.569456100463867,
      9.023310661315918,
      8.401019096374512,
      8.529516220092773,
      8.471426963806152,
      8.049928665161133,
      8.917174339294434,
      7.407442569732666
    ],
    [
      4.2732977867126465,
      4.8340911865234375,
      5.888154983520508,
      7.821329116821289,
      5.892292022705078,
      7.4578962326049805,
      6.377725601196289,
      8.702675819396973,
      8.918495178222656,
      14.970069885253906,
      6.480900287628174,
      12.253734588623047,
      6.851902008056641,
      11.68692398071289,
      6.973649501800537,
      10.330018997192383,
      7.407442569732666,
      13.106800079345703
    ]
  ],
  "covariance_short": [
    [
      73.93743133544922,
      31.700817108154297,
      42.958160400390625,
      19.69612693786621,
      18.677339553833008,
      17.781614303588867,
      9.718220710754395,
      11.3851957321167,
      8.534672737121582,
      8.733354568481445,
      10.305058479309082,
      7.297081470489502,
      9.404982566833496,
      9.951423645019531,
      9.983271598815918,
      12.451205253601074,
      9.230789184570312,
      11.687334060668945
    ],
    [
      31.700817108154297,
      49.80824661254883,
      19.47991371154785,
      14.966740608215332,
      11.317058563232422,
      11.38484001159668,
      5.147850513458252,
      4.748230934143066,
      4.779454231262207,
      7.401836395263672,
      3.6084699630737305,
      3.986161708831787,
      3.368476629257202,
      6.29835844039917,
      5.8105902671813965,
      9.071998596191406,
      5.020853519439697,
      8.080764770507812
    ],
    [
      42.958160400390625,
      19.47991371154785,
      44.940006256103516,
      20.787233352661133,
      19.26056480407715,
      17.76226806640625,
      13.981223106384277,
      15.277299880981445,
      12.086127281188965,
      10.11502456665039,
      13.254096031188965,
      10.385279655456543,
      13.271499633789062,
      12.620944023132324,
      12.262186050415039,
      14.256172180175781,
      12.606668472290039,
      13.340858459472656
    ],
    [
      19.69612693786621,
      14.966740608215332,
      20.787233352661133,
      31.695518493652344,
      13.129514694213867,
      15.408651351928711,
      10.103748321533203,
      10.20712661743164,
      6.871273517608643,
      9.131077766418457,
      5.851438045501709,
      7.1545090675354,
      6.321712017059326,
      8.652685165405273,
      8.28784465789795,
      11.335540771484375,
      9.130105972290039,
      11.871521949768066
    ],
    [
      18.677339553833008,
      11.317058563232422,
      19.26056480407715,
      13.129514694213867,
      29.677684783935547,
      19.733400344848633,
      15.659400939941406,
      11.880064010620117,
      15.060318946838379,
      11.232148170471191,
      15.09664249420166,
      11.5867919921875,
      13.447829246520996,
      12.213024139404297,
      13.496273040771484,
      14.313864707946777,
      15.142532348632812,
      12.91293716430664
    ],
    [
      17.781614303588867,
      11.38484001159668,
      17.76226806640625,
      15.408651351928711,
      19.733400344848633,
      33.99958419799805,
      12.557676315307617,
      12.958284378051758,
      9.891133308410645,
      12.523660659790039,
      11.883753776550293,
      15.423973083496094,
      12.195964813232422,
      13.633599281311035,
      11.126568794250488,
      15.123998641967773,
      11.815961837768555,
      16.121902465820312
    ],
    [
      9.718220710754395,
      5.147850513458252,
      13.981223106384277,
      10.103748321533203,
      15.659400939941406,
      12.557676315307617,
      27.065549850463867,
      21.829030990600586,
      18.15646743774414,
      12.379865646362305,
      20.783342361450195,
      15.664046287536621,
      20.40326499938965,
      15.406635284423828,
      17.78373908996582,
      15.592425346374512,
      17.387266159057617,
      15.25940227508545
    ],
    [
      11.3851957321167,
      4.748230934143066,
      15.277299880981445,
      10.20712661743164,
      11.880064010620117,
      12.958284378051758,
      21.829030990600586,
      36.508384704589844,
      11.794425964355469,
      12.13746452331543,
      15.300817489624023,
      16.93960952758789,
      16.7238826751709,
      18.04283905029297,
      14.707810401916504,
      18.93291473388672,
      14.364190101623535,
      19.94123649597168
    ],
    [
      8.534672737121582,
      4.779454231262207,
      12.086127281188965,
      6.871273517608643,
      15.060318946838379,
      9.891133308410645,
      18.15646743774414,
      11.794425964355469,
      33.896949768066406,
      26.230281829833984,
      29.037723541259766,
      21.916597366333008,
      28.94035530090332,
      20.20792579650879,
      22.365459442138672,
      16.83156394958496,
      20.724027633666992,
      16.217472076416016
    ],
    [
      8.733354568481445,
      7.401836395263672,
      10.11502456665039,
      9.131077766418457,
      11.232148170471191,
      12.523660659790039,
      12.379865646362305,
      12.13746452331543,
      26.230281829833984,
      41.388877868652344,
      19.306482315063477,
      27.546892166137695,
      18.572574615478516,
      24.819780349731445,
      17.10256576538086,
      21.94244384765625,
      17.4294376373291,
      23.796192169189453
    ],
    [
      10.305058479309082,
      3.6084699630737305,
      13.254096031188965,
      5.851438045501709,
      15.09664249420166,
      11.883753776550293,
      20.783342361450195,
      15.300817489624023,
      29.037723541259766,
      19.306482315063477,
      35.7764892578125,
      23.074508666992188,
      33.84904098510742,
      19.579261779785156,
      23.537202835083008,
      14.196017265319824,
      19.883113861083984,
      14.198312759399414
    ],
    [
      7.297081470489502,
      3.986161708831787,
      10.385279655456543,
      7.1545090675354,
      11.5867919921875,
      15.423973083496094,
      15.664046287536621,
      16.93960952758789,
      21.916597366333008,
      27.546892166137695,
      23.074508666992188,
      32.22834777832031,
      22.284404754638672,
      25.517606735229492,
      17.236846923828125,
      18.401294708251953,
      16.366193771362305,
      19.012319564819336
    ],
    [
      9.404982566833496,
      3.368476629257202,
      13.271499633789062,
      6.321712017059326,
      13.447829246520996,
      12.195964813232422,
      20.40326499938965,
      16.7238826751709,
      28.94035530090332,
      18.572574615478516,
      33.84904098510742,
      22.284404754638672,
      40.01001739501953,
      22.685239791870117,
      26.35068130493164,
      16.768482208251953,
      20.316036224365234,
      14.904952049255371
    ],
    [
      9.951423645019531,
      6.29835844039917,
      12.620944023132324,
      8.652685165405273,
      12.213024139404297,
      13.633599281311035,
      15.406635284423828,
      18.04283905029297,
      20.20792579650879,
      24.819780349731445,
      19.579261779785156,
      25.517606735229492,
      22.685239791870117,
      28.647388458251953,
      18.308109283447266,
      21.892974853515625,
      16.70426368713379,
      20.472148895263672
    ],
    [
      9.983271598815918,
      5.8105902671813965,
      12.262186050415039,
      8.28784465789795,
      13.496273040771484,
      11.126568794250488,
      17.78373908996582,
      14.707810401916504,
      22.365459442138672,
      17.10256576538086,
      23.537202835083008,
      17.236846923828125,
      26.35068130493164,
      18.308109283447266,
      24.09885597229004,
      18.04242515563965,
      18.12101173400879,
      14.501591682434082
    ],
    [
      12.451205253601074,
      9.071998596191406,
      14.256172180175781,
      11.335540771484375,
      14.313864707946777,
      15.123998641967773,
      15.592425346374512,
      18.93291473388672,
      16.83156394958496,
      21.94244384765625,
      14.196017265319824,
      18.401294708251953,
      16.768482208251953,
      21.892974853515625,
      18.04242515563965,
      27.82176399230957,
      15.840200424194336,
      21.28432273864746
    ],
    [
      9.230789184570312,
      5.020853519439697,
      12.606668472290039,
      9.130105972290039,
      15.142532348632812,
      11.815961837768555,
      17.387266159057617,
      14.364190101623535,
      20.724027633666992,
      17.4294376373291,
      19.883113861083984,
      16.366193771362305,
      20.316036224365234,
      16.70426368713379,
      18.12101173400879,
      15.840200424194336,
      19.84202766418457,
      15.99841022491455
    ],
    [
      11.687334060668945,
      8.080764770507812,
      13.340858459472656,
      11.871521949768066,
      12.91293716430664,
      16.121902465820312,
      15.25940227508545,
      19.94123649597168,
      16.217472076416016,
      23.796192169189453,
      14.198312759399414,
      19.012319564819336,
      14.904952049255371,
      20.472148895263672,
      14.501591682434082,
      21.28432273864746,
      15.99841022491455,
      25.350679397583008
    ]
  ],
  "damage": -9.793794631958008,
  "diff_bandwidth": 685.62548828125,
  "dissonance": 7.093146022695214,
  "drr": 5.525085926055908,
  "dynamics": 2.3361194133758545,
  "format": 1245190,
  "frames": 2392064,
  "loudness": -13.798723220825195,
  "loudness_range": 4.616645812988281,
  "loudness_range_short": 10.299643516540527,
  "lowpass_true_peak_15khz": 0.13109660148620605,
  "mastering3_acoustic_entropies": [
    {
      "acoustic_entropy": 6.850683689117432,
      "acoustic_entropy_mono": 6.7096052169799805,
      "band_eliminated_acoustic_entropies": [
        {
          "acoustic_entropy": 6.8521857261657715,
          "acoustic_entropy_side": 6.850685119628906,
          "hz": 129.47220167065723
        },
        {
          "acoustic_entropy": 6.890202045440674,
          "acoustic_entropy_side": 6.851814270019531,
          "hz": 202.92927478742237
        },
        {
          "acoustic_entropy": 6.902132511138916,
          "acoustic_entropy_side": 6.841099739074707,
          "hz": 282.89161906338205
        },
        {
          "acoustic_entropy": 6.541070938110352,
          "acoustic_entropy_side": 6.8091535568237305,
          "hz": 369.9353335868758
        },
        {
          "acoustic_entropy": 7.131307125091553,
          "acoustic_entropy_side": 6.999845504760742,
          "hz": 464.6875360973435
        },
        {
          "acoustic_entropy": 6.7334113121032715,
          "acoustic_entropy_side": 6.697675704956055,
          "hz": 567.8308811364784
        },
        {
          "acoustic_entropy": 6.4801025390625,
          "acoustic_entropy_side": 7.015393257141113,
          "hz": 680.1084783214808
        },
        {
          "acoustic_entropy": 7.299889087677002,
          "acoustic_entropy_side": 7.072477340698242,
          "hz": 802.3292461747484
        },
        {
          "acoustic_entropy": 5.909756183624268,
          "acoustic_entropy_side": 6.648684024810791,
          "hz": 935.3737400823702
        },
        {
          "acoustic_entropy": 7.332514762878418,
          "acoustic_entropy_side": 6.5394744873046875,
          "hz": 1080.2004963696966
        },
        {
          "acoustic_entropy": 6.664641380310059,
          "acoustic_entropy_side": 6.957284927368164,
          "hz": 1237.8529382007157
        },
        {
          "acoustic_entropy": 6.719285011291504,
          "acoustic_entropy_side": 6.745985507965088,
          "hz": 1409.4668930556702
        },
        {
          "acoustic_entropy": 6.341671466827393,
          "acoustic_entropy_side": 6.570085525512695,
          "hz": 1596.2787759475705
        },
        {
          "acoustic_entropy": 6.041542053222656,
          "acoustic_entropy_side": 6.629024028778076,
          "hz": 1799.6344973346393
        },
        {
          "acoustic_entropy": 6.772884845733643,
          "acoustic_entropy_side": 6.853183269500732,
          "hz": 2020.9991599069049
        },
        {
          "acoustic_entropy": 7.378320693969727,
          "acoustic_entropy_side": 7.034282684326172,
          "hz": 2261.9676141086993
        },
        {
          "acoustic_entropy": 6.806067943572998,
          "acoustic_entropy_side": 6.933704376220703,
          "hz": 2524.2759484456974
        },
        {
          "acoustic_entropy": 6.732719421386719,
          "acoustic_entropy_side": 6.830451011657715,
          "hz": 2809.813997359896
        },
        {
          "acoustic_entropy": 6.717798233032227,
          "acoustic_entropy_side": 6.831839561462402,
          "hz": 3120.6389567871424
        },
        {
          "acoustic_entropy": 6.747384548187256,
          "acoustic_entropy_side": 6.851138591766357,
          "hz": 3458.990205492291
        },
        {
          "acoustic_entropy": 6.671321868896484,
          "acoustic_entropy_side": 6.849971771240234,
          "hz": 3827.305438964164
        },
        {
          "acoustic_entropy": 6.573154449462891,
          "acoustic_entropy_side": 6.855906963348389,
          "hz": 4228.238232109126
        },
        {
          "acoustic_entropy": 6.540395259857178,
          "acoustic_entropy_side": 6.849771499633789,
          "hz": 4664.6771572759235
        },
        {
          "acoustic_entropy": 6.5979838371276855,
          "acoustic_entropy_side": 6.85084867477417,
          "hz": 5139.766595350093
        },
        {
          "acoustic_entropy": 6.48211145401001,
          "acoustic_entropy_side": 6.851694583892822,
          "hz": 5656.929389854203
        },
        {
          "acoustic_entropy": 6.397637844085693,
          "acoustic_entropy_side": 6.852212905883789,
          "hz": 6219.891507268283
        },
        {
          "acoustic_entropy": 6.627399921417236,
          "acoustic_entropy_side": 6.851498126983643,
          "hz": 6832.70888123896
        },
        {
          "acoustic_entropy": 6.668364524841309,
          "acoustic_entropy_side": 6.851115703582764,
          "hz": 7499.796634079867
        },
        {
          "acoustic_entropy": 6.747198104858398,
          "acoustic_entropy_side": 6.85148811340332,
          "hz": 8225.96088609342
        },
        {
          "acoustic_entropy": 6.7614030838012695,
          "acoustic_entropy_side": 6.851081371307373,
          "hz": 9016.43338188839
        },
        {
          "acoustic_entropy": 6.849509239196777,
          "acoustic_entropy_side": 6.850067138671875,
          "hz": 9876.909183162974
        },
        {
          "acoustic_entropy": 6.863122463226318,
          "acoustic_entropy_side": 6.849978446960449,
          "hz": 10813.587699516042
        },
        {
          "acoustic_entropy": 6.876858234405518,
          "acoustic_entropy_side": 6.852396488189697,
          "hz": 11833.21735289826
        },
        {
          "acoustic_entropy": 6.856771945953369,
          "acoustic_entropy_side": 6.853875637054443,
          "hz": 12943.144197493959
        },
        {
          "acoustic_entropy": 6.855951309204102,
          "acoustic_entropy_side": 6.849781036376953,
          "hz": 14151.364845322005
        },
        {
          "acoustic_entropy": 6.844349384307861,
          "acoustic_entropy_side": 6.848791122436523,
          "hz": 15466.58407886509
        },
        {
          "acoustic_entropy": 6.84478759765625,
          "acoustic_entropy_side": 6.849484920501709,
          "hz": 16898.27756580493
        },
        {
          "acoustic_entropy": 6.845839023590088,
          "acoustic_entropy_side": 6.849803447723389,
          "hz": 18456.760127700032
        },
        {
          "acoustic_entropy": 6.849920272827148,
          "acoustic_entropy_side": 6.85053825378418,
          "hz": 20153.260054456492
        },
        {
          "acoustic_entropy": 6.850714206695557,
          "acoustic_entropy_side": 6.850675582885742,
          "hz": 22000.00000000001
        }
      ],
      "diff_acoustic_entropy": 7.334515571594238,
      "sn": 6
    },
    {
      "acoustic_entropy": 11.843509674072266,
      "acoustic_entropy_mono": 9.855363845825195,
      "band_eliminated_acoustic_entropies": [
        {
          "acoustic_entropy": 11.806695938110352,
          "acoustic_entropy_side": 11.843496322631836,
          "hz": 129.47220167065723
        },
        {
          "acoustic_entropy": 11.278223037719727,
          "acoustic_entropy_side": 11.861894607543945,
          "hz": 202.92927478742237
        },
        {
          "acoustic_entropy": 11.765778541564941,
          "acoustic_entropy_side": 11.83881664276123,
          "hz": 282.89161906338205
        },
        {
          "acoustic_entropy": 11.215274810791016,
          "acoustic_entropy_side": 11.816468238830566,
          "hz": 369.9353335868758
        },
        {
          "acoustic_entropy": 12.48863410949707,
          "acoustic_entropy_side": 12.235791206359863,
          "hz": 464.6875360973435
        },
        {
          "acoustic_entropy": 11.58983039855957,
          "acoustic_entropy_side": 11.427638053894043,
          "hz": 567.8308811364784
        },
        {
          "acoustic_entropy": 12.598414421081543,
          "acoustic_entropy_side": 12.502483367919922,
          "hz": 680.1084783214808
        },
        {
          "acoustic_entropy": 11.924452781677246,
          "acoustic_entropy_side": 12.073458671569824,
          "hz": 802.3292461747484
        },
        {
          "acoustic_entropy": 11.145435333251953,
          "acoustic_entropy_side": 11.034923553466797,
          "hz": 935.3737400823702
        },
        {
          "acoustic_entropy": 11.956046104431152,
          "acoustic_entropy_side": 11.835805892944336,
          "hz": 1080.2004963696966
        },
        {
          "acoustic_entropy": 12.02706527709961,
          "acoustic_entropy_side": 11.76087760925293,
          "hz": 1237.8529382007157
        },
        {
          "acoustic_entropy": 12.258713722229004,
          "acoustic_entropy_side": 12.059427261352539,
          "hz": 1409.4668930556702
        },
        {
          "acoustic_entropy": 11.883955001831055,
          "acoustic_entropy_side": 12.35489559173584,
          "hz": 1596.2787759475705
        },
        {
          "acoustic_entropy": 11.890348434448242,
          "acoustic_entropy_side": 11.779518127441406,
          "hz": 1799.6344973346393
        },
        {
          "acoustic_entropy": 11.779481887817383,
          "acoustic_entropy_side": 12.1078519821167,
          "hz": 2020.9991599069049
        },
        {
          "acoustic_entropy": 12.464831352233887,
          "acoustic_entropy_side": 12.273265838623047,
          "hz": 2261.9676141086993
        },
        {
          "acoustic_entropy": 11.759337425231934,
          "acoustic_entropy_side": 11.595253944396973,
          "hz": 2524.2759484456974
        },
        {
          "acoustic_entropy": 11.727045059204102,
          "acoustic_entropy_side": 11.77039623260498,
          "hz": 2809.813997359896
        },
        {
          "acoustic_entropy": 12.742920875549316,
          "acoustic_entropy_side": 11.752418518066406,
          "hz": 3120.6389567871424
        },
        {
          "acoustic_entropy": 11.89688491821289,
          "acoustic_entropy_side": 11.836450576782227,
          "hz": 3458.990205492291
        },
        {
          "acoustic_entropy": 11.710209846496582,
          "acoustic_entropy_side": 11.876659393310547,
          "hz": 3827.305438964164
        },
        {
          "acoustic_entropy": 11.778579711914062,
          "acoustic_entropy_side": 11.83859920501709,
          "hz": 4228.238232109126
        },
        {
          "acoustic_entropy": 11.579084396362305,
          "acoustic_entropy_side": 11.818178176879883,
          "hz": 4664.6771572759235
        },
        {
          "acoustic_entropy": 11.762935638427734,
          "acoustic_entropy_side": 11.836466789245605,
          "hz": 5139.766595350093
        },
        {
          "acoustic_entropy": 11.681455612182617,
          "acoustic_entropy_side": 11.834551811218262,
          "hz": 5656.929389854203
        },
        {
          "acoustic_entropy": 11.782442092895508,
          "acoustic_entropy_side": 11.857839584350586,
          "hz": 6219.891507268283
        },
        {
          "acoustic_entropy": 11.646099090576172,
          "acoustic_entropy_side": 11.83269214630127,
          "hz": 6832.70888123896
        },
        {
          "acoustic_entropy": 11.70901870727539,
          "acoustic_entropy_side": 11.833647727966309,
          "hz": 7499.796634079867
        },
        {
          "acoustic_entropy": 11.769124031066895,
          "acoustic_entropy_side": 11.825478553771973,
          "hz": 8225.96088609342
        },
        {
          "acoustic_entropy": 11.71531867980957,
          "acoustic_entropy_side": 11.830347061157227,
          "hz": 9016.43338188839
        },
        {
          "acoustic_entropy": 11.726027488708496,
          "acoustic_entropy_side": 11.829010963439941,
          "hz": 9876.909183162974
        },
        {
          "acoustic_entropy": 11.595869064331055,
          "acoustic_entropy_side": 11.68729019165039,
          "hz": 10813.587699516042
        },
        {
          "acoustic_entropy": 11.50124740600586,
          "acoustic_entropy_side": 11.620895385742188,
          "hz": 11833.21735289826
        },
        {
          "acoustic_entropy": 11.762036323547363,
          "acoustic_entropy_side": 11.808528900146484,
          "hz": 12943.144197493959
        },
        {
          "acoustic_entropy": 11.90526008605957,
          "acoustic_entropy_side": 11.8535795211792,
          "hz": 14151.364845322005
        },
        {
          "acoustic_entropy": 11.878610610961914,
          "acoustic_entropy_side": 11.86845874786377,
          "hz": 15466.58407886509
        },
        {
          "acoustic_entropy": 11.977238655090332,
          "acoustic_entropy_side": 11.895949363708496,
          "hz": 16898.27756580493
        },
        {
          "acoustic_entropy": 11.919585227966309,
          "acoustic_entropy_side": 11.868524551391602,
          "hz": 18456.760127700032
        },
        {
          "acoustic_entropy": 11.85632610321045,
          "acoustic_entropy_side": 11.851570129394531,
          "hz": 20153.260054456492
        },
        {
          "acoustic_entropy": 11.84512996673584,
          "acoustic_entropy_side": 11.843819618225098,
          "hz": 22000.00000000001
        }
      ],
      "diff_acoustic_entropy": 11.839768409729004,
      "sn": 12
    },
    {
      "acoustic_entropy": 18.82517433166504,
      "acoustic_entropy_mono": 13.288971900939941,
      "band_eliminated_acoustic_entropies": [
        {
          "acoustic_entropy": 18.737899780273438,
          "acoustic_entropy_side": 18.82798957824707,
          "hz": 129.47220167065723
        },
        {
          "acoustic_entropy": 18.61187171936035,
          "acoustic_entropy_side": 19.129531860351562,
          "hz": 202.92927478742237
        },
        {
          "acoustic_entropy": 18.81014060974121,
          "acoustic_entropy_side": 19.002107620239258,
          "hz": 282.89161906338205
        },
        {
          "acoustic_entropy": 19.136463165283203,
          "acoustic_entropy_side": 18.66826057434082,
          "hz": 369.9353335868758
        },
        {
          "acoustic_entropy": 18.615158081054688,
          "acoustic_entropy_side": 18.572490692138672,
          "hz": 464.6875360973435
        },
        {
          "acoustic_entropy": 18.167150497436523,
          "acoustic_entropy_side": 18.886886596679688,
          "hz": 567.8308811364784
        },
        {
          "acoustic_entropy": 17.313610076904297,
          "acoustic_entropy_side": 18.23737144470215,
          "hz": 680.1084783214808
        },
        {
          "acoustic_entropy": 18.14671516418457,
          "acoustic_entropy_side": 18.350278854370117,
          "hz": 802.3292461747484
        },
        {
          "acoustic_entropy": 17.843996047973633,
          "acoustic_entropy_side": 17.46808433532715,
          "hz": 935.3737400823702
        },
        {
          "acoustic_entropy": 19.118722915649414,
          "acoustic_entropy_side": 19.062204360961914,
          "hz": 1080.2004963696966
        },
        {
          "acoustic_entropy": 18.80691146850586,
          "acoustic_entropy_side": 18.549650192260742,
          "hz": 1237.8529382007157
        },
        {
          "acoustic_entropy": 18.24479103088379,
          "acoustic_entropy_side": 18.459577560424805,
          "hz": 1409.4668930556702
        },
        {
          "acoustic_entropy": 18.63007354736328,
          "acoustic_entropy_side": 18.015287399291992,
          "hz": 1596.2787759475705
        },
        {
          "acoustic_entropy": 18.619308471679688,
          "acoustic_entropy_side": 18.53510284423828,
          "hz": 1799.6344973346393
        },
        {
          "acoustic_entropy": 18.414535522460938,
          "acoustic_entropy_side": 18.62082290649414,
          "hz": 2020.9991599069049
        },
        {
          "acoustic_entropy": 17.77580451965332,
          "acoustic_entropy_side": 18.342496871948242,
          "hz": 2261.9676141086993
        },
        {
          "acoustic_entropy": 19.132089614868164,
          "acoustic_entropy_side": 18.717185974121094,
          "hz": 2524.2759484456974
        },
        {
          "acoustic_entropy": 18.86856460571289,
          "acoustic_entropy_side": 18.94424057006836,
          "hz": 2809.813997359896
        },
        {
          "acoustic_entropy": 18.581607818603516,
          "acoustic_entropy_side": 18.95017433166504,
