{
  "acoustic_entropy": 112.7564926147461,
  "bands": [
    {
      "high_freq": 148.1999969482422,
      "loudness": -47.68751907348633,
      "loudness_range": 28.474407196044922,
      "mid_mean": -44.572574615478516,
      "mid_to_side_loudness": -20.276607513427734,
      "mid_to_side_loudness_range": 18.9091796875,
      "side_mean": -63.231449127197266
    },
    {
      "high_freq": 392.3793640136719,
      "loudness": -34.37272644042969,
      "loudness_range": 14.653270721435547,
      "low_freq": 148.1999969482422,
      "mid_mean": -30.912355422973633,
      "mid_to_side_loudness": -15.326040267944336,
      "mid_to_side_loudness_range": 11.48338508605957,
      "side_mean": -46.770103454589844
    },
    {
      "high_freq": 794.6976318359375,
      "loudness": -41.43366622924805,
      "loudness_range": 14.964080810546875,
      "low_freq": 392.3793640136719,
      "mid_mean": -38.33805465698242,
      "mid_to_side_loudness": -11.33851146697998,
      "mid_to_side_loudness_range": 14.808055877685547,
      "side_mean": -51.32793045043945
    },
    {
      "high_freq": 1457.5709228515625,
      "loudness": -49.35818099975586,
      "loudness_range": 20.503787994384766,
      "low_freq": 794.6976318359375,
      "mid_mean": -46.725067138671875,
      "mid_to_side_loudness": -8.181255340576172,
      "mid_to_side_loudness_range": 12.801677703857422,
      "side_mean": -56.29249572753906
    },
    {
      "high_freq": 2549.74365234375,
      "loudness": -53.370296478271484,
      "loudness_range": 22.12024688720703,
      "low_freq": 1457.5709228515625,
      "mid_mean": -52.941734313964844,
      "mid_to_side_loudness": -5.196054935455322,
      "mid_to_side_loudness_range": 9.710352897644043,
      "side_mean": -57.683528900146484
    },
    {
      "high_freq": 4349.24462890625,
      "loudness": -59.0937614440918,
      "loudness_range": 25.500293731689453,
      "low_freq": 2549.74365234375,
      "mid_mean": -58.026329040527344,
      "mid_to_side_loudness": -3.7304372787475586,
      "mid_to_side_loudness_range": 8.47407054901123,
      "side_mean": -61.214744567871094
    },
    {
      "high_freq": 7314.1640625,
      "loudness": -69.0973892211914,
      "loudness_range": 26.63904571533203,
      "low_freq": 4349.24462890625,
      "mid_mean": -64.76882934570312,
      "mid_to_side_loudness": -0.24769699573516846,
      "mid_to_side_loudness_range": 6.06479024887085,
      "side_mean": -65.0119857788086
    },
    {
      "high_freq": 12199.2666015625,
      "loudness": -74.01033020019531,
      "loudness_range": 18.441261291503906,
      "low_freq": 7314.1640625,
      "mid_mean": -67.4660415649414,
      "mid_to_side_loudness": -0.11441908776760101,
      "mid_to_side_loudness_range": 2.4306225776672363,
      "side_mean": -67.52315521240234
    },
    {
      "loudness": -78.09785461425781,
      "loudness_range": 15.77386474609375,
      "low_freq": 12199.2666015625,
      "mid_mean": -68.94837951660156,
      "mid_to_side_loudness": 0.5105140805244446,
      "mid_to_side_loudness_range": 3.4697251319885254,
      "side_mean": -68.7035903930664
    }
  ],
  "bands_short": [
    {
      "high_freq": 148.1999969482422,
      "loudness": -52.52306365966797,
      "loudness_range": 28.962181091308594,
      "mid_mean": -49.28413009643555,
      "mid_to_side_loudness": -19.713163375854492,
      "mid_to_side_loudness_range": 21.309253692626953,
      "side_mean": -65.50186157226562
    },
    {
      "high_freq": 392.3793640136719,
      "loudness": -35.17411804199219,
      "loudness_range": 17.26732063293457,
      "low_freq": 148.1999969482422,
      "mid_mean": -31.759904861450195,
      "mid_to_side_loudness": -15.339752197265625,
      "mid_to_side_loudness_range": 13.724810600280762,
      "side_mean": -47.79301452636719
    },
    {
      "high_freq": 794.6976318359375,
      "loudness": -40.88197326660156,
      "loudness_range": 19.11911964416504,
      "low_freq": 392.3793640136719,
      "mid_mean": -37.90001678466797,
      "mid_to_side_loudness": -11.798745155334473,
      "mid_to_side_loudness_range": 18.759031295776367,
      "side_mean": -51.390628814697266
    },
    {
      "high_freq": 1457.5709228515625,
      "loudness": -50.18540954589844,
      "loudness_range": 23.725608825683594,
      "low_freq": 794.6976318359375,
      "mid_mean": -48.086883544921875,
      "mid_to_side_loudness": -7.410372734069824,
      "mid_to_side_loudness_range": 14.716357231140137,
      "side_mean": -56.51422119140625
    },
    {
      "high_freq": 2549.74365234375,
      "loudness": -55.03295135498047,
      "loudness_range": 24.514434814453125,
      "low_freq": 1457.5709228515625,
      "mid_mean": -54.63511657714844,
      "mid_to_side_loudness": -4.3058905601501465,
      "mid_to_side_loudness_range": 10.9353666305542,
      "side_mean": -58.492210388183594
    },
    {
      "high_freq": 4349.24462890625,
      "loudness": -61.138065338134766,
      "loudness_range": 27.590682983398438,
      "low_freq": 2549.74365234375,
      "mid_mean": -59.77605438232422,
      "mid_to_side_loudness": -2.8842053413391113,
      "mid_to_side_loudness_range": 9.689562797546387,
      "side_mean": -62.168758392333984
    },
    {
      "high_freq": 7314.1640625,
      "loudness": -71.00530242919922,
      "loudness_range": 25.483013153076172,
      "low_freq": 4349.24462890625,
      "mid_mean": -65.8228988647461,
      "mid_to_side_loudness": 0.015667004510760307,
      "mid_to_side_loudness_range": 6.815852165222168,
      "side_mean": -65.90074157714844
    },
    {
      "high_freq": 12199.2666015625,
      "loudness": -75.66780853271484,
      "loudness_range": 17.823604583740234,
      "low_freq": 7314.1640625,
      "mid_mean": -67.9749984741211,
      "mid_to_side_loudness": 0.00040139548946172,
      "mid_to_side_loudness_range": 2.7201290130615234,
      "side_mean": -67.9756088256836
    },
    {
      "loudness": -79.4891586303711,
      "loudness_range": 16.31041717529297,
      "low_freq": 12199.2666015625,
      "mid_mean": -69.08894348144531,
      "mid_to_side_loudness": 0.2053600549697876,
      "mid_to_side_loudness_range": 4.010825157165527,
      "side_mean": -68.90743255615234
    }
  ],
  "bandwidth": 418.3751525878906,
  "channels": 2,
  "covariance": [
    [
      106.87903594970703,
      46.707332611083984,
      20.43842887878418,
      22.80057716369629,
      15.318074226379395,
      23.460657119750977,
      18.07766342163086,
      17.8359432220459,
      33.168190002441406,
      23.181041717529297,
      23.101381301879883,
      18.001075744628906,
      12.786299705505371,
      12.365323066711426,
      6.220886707305908,
      6.359963893890381,
      3.1111366748809814,
      4.117766380310059
    ],
    [
      46.707332611083984,
      31.462528228759766,
      9.855425834655762,
      11.747794151306152,
      6.478931903839111,
      16.49786376953125,
      8.468409538269043,
      11.946930885314941,
      19.38082504272461,
      14.051506996154785,
      13.127676963806152,
      10.482329368591309,
      6.187116622924805,
      5.867178916931152,
      2.8011817932128906,
      2.8571627140045166,
      1.3665152788162231,
      1.7814347743988037
    ],
    [
      20.43842887878418,
      9.855425834655762,
      34.7867546081543,
      26.237411499023438,
      23.140594482421875,
      18.113601684570312,
      25.485586166381836,
      21.129602432250977,
      29.58333969116211,
      22.251482009887695,
      25.795764923095703,
      18.772592544555664,
      12.747970581054688,
      10.999019622802734,
      4.745997428894043,
      4.466070652008057,
      1.697508454322815,
      2.160459518432617
    ],
    [
      22.80057716369629,
      11.747794151306152,
      26.237411499023438,
      33.87065887451172,
      19.078462600708008,
      21.50540542602539,
      18.2055606842041,
      20.173540115356445,
      24.666574478149414,
      19.900285720825195,
      19.04058074951172,
      14.253703117370605,
      8.19739818572998,
      7.629880905151367,
      3.042313575744629,
      2.8714475631713867,
      1.0350713729858398,
      1.3213943243026733
    ],
    [
      15.318074226379395,
      6.478931903839111,
      23.140594482421875,
      19.078462600708008,
      36.78621292114258,
      24.634601593017578,
      34.885406494140625,
      29.902528762817383,
      38.77029037475586,
      28.635093688964844,
      33.9273796081543,
      26.32602310180664,
      18.378969192504883,
      15.169790267944336,
      5.6733856201171875,
      5.049210548400879,
      1.4887187480926514,
      1.8966776132583618
    ],
    [
      23.460657119750977,
      16.49786376953125,
      18.113601684570312,
      21.50540542602539,
      24.634601593017578,
      58.7748908996582,
      26.074684143066406,
      44.12266540527344,
      55.70994186401367,
      42.15418243408203,
      43.46177291870117,
      33.589630126953125,
      20.30474090576172,
      18.67607307434082,
      7.972311019897461,
      7.62230110168457,
      2.6840646266937256,
      3.5635859966278076
    ],
    [
      18.07766342163086,
      8.468409538269043,
      25.485586166381836,
      18.2055606842041,
      34.885406494140625,
      26.074684143066406,
      60.014892578125,
      41.28437805175781,
      52.162357330322266,
      38.2806282043457,
      46.000244140625,
      37.872127532958984,
      27.978565216064453,
      24.520166397094727,
      10.489609718322754,
      9.577783584594727,
      3.1214494705200195,
      3.9416911602020264
    ],
    [
      17.8359432220459,
      11.946930885314941,
      21.129602432250977,
      20.173540115356445,
      29.902528762817383,
      44.12266540527344,
      41.28437805175781,
      52.403297424316406,
      55.880706787109375,
      42.77262496948242,
      45.42571258544922,
      37.122676849365234,
      25.09413719177246,
      22.63606834411621,
      9.5913667678833,
      8.82963752746582,
      3.015195846557617,
      3.8892056941986084
    ],
    [
      33.168190002441406,
      19.38082504272461,
      29.58333969116211,
      24.666574478149414,
      38.77029037475586,
      55.70994186401367,
      52.162357330322266,
      55.880706787109375,
      89.53504180908203,
      63.23313522338867,
      71.98735809326172,
      56.207237243652344,
      39.828277587890625,
      35.380008697509766,
      16.032958984375,
      15.156218528747559,
      5.352299213409424,
      6.8989033699035645
    ],
    [
      23.181041717529297,
      14.051506996154785,
      22.251482009887695,
      19.900285720825195,
      28.635093688964844,
      42.15418243408203,
      38.2806282043457,
      42.77262496948242,
      63.23313522338867,
      49.842689514160156,
      52.747276306152344,
      41.27700424194336,
      27.717077255249023,
      24.883859634399414,
      11.02579116821289,
      10.273490905761719,
      3.629798650741577,
      4.6765241622924805
    ],
    [
      23.101381301879883,
      13.127676963806152,
      25.795764923095703,
      19.04058074951172,
      33.9273796081543,
      43.46177291870117,
      46.000244140625,
      45.42571258544922,
      71.98735809326172,
      52.747276306152344,
      74.90995788574219,
      55.62309265136719,
      40.42584991455078,
      35.734649658203125,
      16.31812858581543,
      15.376938819885254,
      5.431954860687256,
      6.976212978363037
    ],
    [
      18.001075744628906,
      10.482329368591309,
      18.772592544555664,
      14.253703117370605,
      26.32602310180664,
      33.589630126953125,
      37.872127532958984,
      37.122676849365234,
      56.207237243652344,
      41.27700424194336,
      55.62309265136719,
      46.11409378051758,
      33.397247314453125,
      29.951648712158203,
      13.5499267578125,
      12.693952560424805,
      4.380177021026611,
      5.656095027923584
    ],
    [
      12.786299705505371,
      6.187116622924805,
      12.747970581054688,
      8.19739818572998,
      18.378969192504883,
      20.30474090576172,
      27.978565216064453,
      25.09413719177246,
      39.828277587890625,
      27.717077255249023,
      40.42584991455078,
      33.397247314453125,
      31.268556594848633,
      27.783023834228516,
      13.500907897949219,
      12.600693702697754,
      4.605249404907227,
      5.901190757751465
    ],
    [
      12.365323066711426,
      5.867178916931152,
      10.999019622802734,
      7.629880905151367,
      15.169790267944336,
      18.67607307434082,
      24.520166397094727,
      22.63606834411621,
      35.380008697509766,
      24.883859634399414,
      35.734649658203125,
      29.951648712158203,
      27.783023834228516,
      26.506290435791016,
      13.202384948730469,
      12.434720039367676,
      4.612083911895752,
      5.988015651702881
    ],
    [
      6.220886707305908,
      2.8011817932128906,
      4.745997428894043,
      3.042313575744629,
      5.6733856201171875,
      7.972311019897461,
      10.489609718322754,
      9.5913667678833,
      16.032958984375,
      11.02579116821289,
      16.31812858581543,
      13.5499267578125,
      13.500907897949219,
      13.202384948730469,
      9.012520790100098,
      8.52910041809082,
      3.4130496978759766,
      4.425526142120361
    ],
    [
      6.359963893890381,
      2.8571627140045166,
      4.466070652008057,
      2.8714475631713867,
      5.049210548400879,
      7.62230110168457,
      9.577783584594727,
      8.82963752746582,
      15.156218528747559,
      10.273490905761719,
      15.376938819885254,
      12.693952560424805,
      12.600693702697754,
      12.434720039367676,
      8.52910041809082,
      8.357767105102539,
      3.4085886478424072,
      4.437069892883301
    ],
    [
      3.1111366748809814,
      1.3665152788162231,
      1.697508454322815,
      1.0350713729858398,
      1.4887187480926514,
      2.6840646266937256,
      3.1214494705200195,
      3.015195846557617,
      5.352299213409424,
      3.629798650741577,
      5.431954860687256,
      4.380177021026611,
      4.605249404907227,
      4.612083911895752,
      3.4130496978759766,
      3.4085886478424072,
      1.8696062564849854,
      2.344104051589966
    ],
    [
      4.117766380310059,
      1.7814347743988037,
      2.160459518432617,
      1.3213943243026733,
      1.8966776132583618,
      3.5635859966278076,
      3.9416911602020264,
      3.8892056941986084,
      6.8989033699035645,
      4.6765241622924805,
      6.976212978363037,
      5.656095027923584,
      5.901190757751465,
      5.988015651702881,
      4.425526142120361,
      4.437069892883301,
      2.344104051589966,
      3.0953190326690674
    ]
  ],
  "covariance_short": [
    [
      100.18106079101562,
      31.67537498474121,
      28.70805549621582,
      26.419050216674805,
      22.459444046020508,
      28.627717971801758,
      23.512269973754883,
      23.610227584838867,
      35.245094299316406,
      25.337053298950195,
      24.92095947265625,
      18.88320541381836,
      11.952714920043945,
      10.750725746154785,
      4.638462066650391,
      4.547142028808594,
      1.9033241271972656,
      2.383824586868286
    ],
    [
      31.67537498474121,
      20.9908504486084,
      7.936082363128662,
      9.094017028808594,
      7.753814697265625,
      11.076258659362793,
      6.589484214782715,
      7.684708118438721,
      10.696682929992676,
      7.947121620178223,
      7.0560784339904785,
      5.377654075622559,
      2.509817600250244,
      2.2890565395355225,
      1.0205217599868774,
      1.0230969190597534,
      0.472639799118042,
      0.5145651698112488
    ],
    [
      28.70805549621582,
      7.936082363128662,
      42.649200439453125,
      30.520322799682617,
      27.856931686401367,
      20.38010025024414,
      35.30609893798828,
      25.673316955566406,
      34.23383712768555,
      24.88930892944336,
      26.602670669555664,
      20.056100845336914,
      12.761334419250488,
      10.526933670043945,
      3.506678581237793,
      3.240669012069702,
      0.8862379193305969,
      0.9965184926986694
    ],
    [
      26.419050216674805,
      9.094017028808594,
      30.520322799682617,
      45.72074508666992,
      20.399431228637695,
      27.86820411682129,
      26.684545516967773,
      26.69542694091797,
      30.80476951599121,
      24.131267547607422,
      21.346778869628906,
      16.591819763183594,
      8.047220230102539,
      7.334671974182129,
      2.180359125137329,
      2.0894572734832764,
      0.7028620839118958,
      0.845916211605072
    ],
    [
      22.459444046020508,
      7.753814697265625,
      27.856931686401367,
      20.399431228637695,
      53.20281219482422,
      24.961671829223633,
      43.64430618286133,
      30.070335388183594,
      44.24220275878906,
      31.837621688842773,
      36.93189239501953,
      26.892210006713867,
      16.602561950683594,
      12.707557678222656,
      2.577000141143799,
      2.015648365020752,
      -0.13128188252449036,
      -0.3615824282169342
    ],
    [
      28.627717971801758,
      11.076258659362793,
      20.38010025024414,
      27.86820411682129,
      24.961671829223633,
      60.13546371459961,
      31.69114875793457,
      43.4987907409668,
      52.48760986328125,
      40.6728515625,
      38.63910675048828,
      30.297718048095703,
      15.543259620666504,
      14.364850997924805,
      4.997537612915039,
      4.801433086395264,
      1.6198091506958008,
      2.1027140617370605
    ],
    [
      23.512269973754883,
      6.589484214782715,
      35.30609893798828,
      26.684545516967773,
      43.64430618286133,
      31.69114875793457,
      79.74158477783203,
      51.13240051269531,
      65.68696594238281,
      47.544254302978516,
      54.38266372680664,
      42.888336181640625,
      28.004947662353516,
      24.194072723388672,
      8.28356647491455,
      7.563733100891113,
      2.0969104766845703,
      2.452770709991455
    ],
    [
      23.610227584838867,
      7.684708118438721,
      25.673316955566406,
      26.69542694091797,
      30.070335388183594,
      43.4987907409668,
      51.13240051269531,
      57.22504425048828,
      58.2226448059082,
      44.73104476928711,
      44.91168212890625,
      36.80205535888672,
      21.869590759277344,
      19.99034309387207,
      6.721334934234619,
      6.279488563537598,
      1.9981043338775635,
      2.526233196258545
    ],
    [
      35.245094299316406,
      10.696682929992676,
      34.23383712768555,
      30.80476951599121,
      44.24220275878906,
      52.48760986328125,
      65.68696594238281,
      58.2226448059082,
      92.96041870117188,
      65.39396667480469,
      71.91537475585938,
      56.11272430419922,
      36.81943130493164,
      32.47682189941406,
      12.418246269226074,
      11.832655906677246,
      4.014404773712158,
      4.907776832580566
    ],
    [
      25.337053298950195,
      7.947121620178223,
      24.88930892944336,
      24.131267547607422,
      31.837621688842773,
      40.6728515625,
      47.544254302978516,
      44.73104476928711,
      65.39396667480469,
      52.970821380615234,
      52.621036529541016,
      41.3449592590332,
      25.57469367980957,
      22.851463317871094,
      8.579721450805664,
      8.117870330810547,
      2.747941255569458,
      3.410179853439331
    ],
    [
      24.92095947265625,
      7.0560784339904785,
      26.602670669555664,
      21.346778869628906,
      36.93189239501953,
      38.63910675048828,
      54.38266372680664,
      44.91168212890625,
      71.91537475585938,
      52.621036529541016,
      73.58751678466797,
      54.48297882080078,
      37.62015914916992,
      33.0794563293457,
      13.1994047164917,
      12.56686782836914,
      4.27475118637085,
      5.214423656463623
    ],
    [
      18.88320541381836,
      5.377654075622559,
      20.056100845336914,
      16.591819763183594,
      26.892210006713867,
      30.297718048095703,
      42.888336181640625,
      36.80205535888672,
      56.11272430419922,
      41.3449592590332,
      54.48297882080078,
      46.09669494628906,
      30.766448974609375,
      27.659101486206055,
      10.908201217651367,
      10.357619285583496,
      3.5138731002807617,
      4.3268141746521
    ],
    [
      11.952714920043945,
      2.509817600250244,
      12.761334419250488,
      8.047220230102539,
      16.602561950683594,
      15.543259620666504,
      28.004947662353516,
      21.869590759277344,
      36.81943130493164,
      25.57469367980957,
      37.62015914916992,
      30.766448974609375,
      28.411344528198242,
      24.941696166992188,
      11.212339401245117,
      10.645971298217773,
      3.8526315689086914,
      4.724776744842529
    ],
    [
      10.750725746154785,
      2.2890565395355225,
      10.526933670043945,
      7.334671974182129,
      12.707557678222656,
      14.364850997924805,
      24.194072723388672,
      19.99034309387207,
      32.47682189941406,
      22.851463317871094,
      33.0794563293457,
      27.659101486206055,
      24.941696166992188,
      24.189083099365234,
      11.212099075317383,
      10.754742622375488,
      4.103331089019775,
      5.150903224945068
    ],
    [
      4.638462066650391,
      1.0205217599868774,
      3.506678581237793,
      2.180359125137329,
      2.577000141143799,
      4.997537612915039,
      8.28356647491455,
      6.721334934234619,
      12.418246269226074,
      8.579721450805664,
      13.1994047164917,
      10.908201217651367,
      11.212339401245117,
      11.212099075317383,
      8.54039478302002,
      8.223118782043457,
      3.616981029510498,
      4.545855522155762
    ],
    [
      4.547142028808594,
      1.0230969190597534,
      3.240669012069702,
      2.0894572734832764,
      2.015648365020752,
      4.801433086395264,
      7.563733100891113,
      6.279488563537598,
      11.832655906677246,
      8.117870330810547,
      12.56686782836914,
      10.357619285583496,
      10.645971298217773,
      10.754742622375488,
      8.223118782043457,
      8.255438804626465,
      3.67389178276062,
      4.634958267211914
    ],
    [
      1.9033241271972656,
      0.472639799118042,
      0.8862379193305969,
      0.7028620839118958,
      -0.13128188252449036,
      1.6198091506958008,
      2.0969104766845703,
      1.9981043338775635,
      4.014404773712158,
      2.747941255569458,
      4.27475118637085,
      3.5138731002807617,
      3.8526315689086914,
      4.103331089019775,
      3.616981029510498,
      3.67389178276062,
      2.3231611251831055,
      2.822209358215332
    ],
    [
      2.383824586868286,
      0.5145651698112488,
      0.9965184926986694,
      0.845916211605072,
      -0.3615824282169342,
      2.1027140617370605,
      2.452770709991455,
      2.526233196258545,
      4.907776832580566,
      3.410179853439331,
      5.214423656463623,
      4.3268141746521,
      4.724776744842529,
      5.150903224945068,
      4.545855522155762,
      4.634958267211914,
      2.822209358215332,
      3.630885124206543
    ]
  ],
  "damage": -19.13739013671875,
  "diff_bandwidth": 438.2669982910156,
  "dissonance": 2.689731263592043,
  "drr": 10.006367683410645,
  "dynamics": 4.323049545288086,
  "format": 1245190,
  "frames": 10735552,
  "loudness": -28.335437774658203,
  "loudness_range": 12.21115493774414,
  "loudness_range_short": 15.882963180541992,
  "lowpass_true_peak_15khz": -9.077656745910645,
  "mastering3_acoustic_entropies": [
    {
      "acoustic_entropy": 7.8473029136657715,
      "acoustic_entropy_mono": 7.736826419830322,
      "band_eliminated_acoustic_entropies": [
        {
          "acoustic_entropy": 7.881388187408447,
          "acoustic_entropy_side": 7.847301483154297,
          "hz": 129.47220167065723
        },
        {
          "acoustic_entropy": 7.329630374908447,
          "acoustic_entropy_side": 7.8468403816223145,
          "hz": 202.92927478742237
        },
        {
          "acoustic_entropy": 7.6573028564453125,
          "acoustic_entropy_side": 7.841556072235107,
          "hz": 282.89161906338205
        },
        {
          "acoustic_entropy": 8.194123268127441,
          "acoustic_entropy_side": 7.849734306335449,
          "hz": 369.9353335868758
        },
        {
          "acoustic_entropy": 8.044593811035156,
          "acoustic_entropy_side": 7.8707146644592285,
          "hz": 464.6875360973435
        },
        {
          "acoustic_entropy": 7.526345729827881,
          "acoustic_entropy_side": 7.846786975860596,
          "hz": 567.8308811364784
        },
        {
          "acoustic_entropy": 7.484523296356201,
          "acoustic_entropy_side": 7.830565929412842,
          "hz": 680.1084783214808
        },
        {
          "acoustic_entropy": 7.075361251831055,
          "acoustic_entropy_side": 7.864568710327148,
          "hz": 802.3292461747484
        },
        {
          "acoustic_entropy": 7.120626926422119,
          "acoustic_entropy_side": 7.895885467529297,
          "hz": 935.3737400823702
        },
        {
          "acoustic_entropy": 7.885747909545898,
          "acoustic_entropy_side": 7.842637062072754,
          "hz": 1080.2004963696966
        },
        {
          "acoustic_entropy": 7.668928146362305,
          "acoustic_entropy_side": 7.8278913497924805,
          "hz": 1237.8529382007157
        },
        {
          "acoustic_entropy": 7.694648742675781,
          "acoustic_entropy_side": 7.909152984619141,
          "hz": 1409.4668930556702
        },
        {
          "acoustic_entropy": 7.692727565765381,
          "acoustic_entropy_side": 7.844378471374512,
          "hz": 1596.2787759475705
        },
        {
          "acoustic_entropy": 7.80312967300415,
          "acoustic_entropy_side": 7.83566427230835,
          "hz": 1799.6344973346393
        },
        {
          "acoustic_entropy": 7.78302001953125,
          "acoustic_entropy_side": 7.836106300354004,
          "hz": 2020.9991599069049
        },
        {
          "acoustic_entropy": 7.820611000061035,
          "acoustic_entropy_side": 7.847622394561768,
          "hz": 2261.9676141086993
        },
        {
          "acoustic_entropy": 7.713521480560303,
          "acoustic_entropy_side": 7.838569164276123,
          "hz": 2524.2759484456974
        },
        {
          "acoustic_entropy": 7.678122043609619,
          "acoustic_entropy_side": 7.836347579956055,
          "hz": 2809.813997359896
        },
        {
          "acoustic_entropy": 7.774063587188721,
          "acoustic_entropy_side": 7.835165500640869,
          "hz": 3120.6389567871424
        },
        {
          "acoustic_entropy": 7.726891040802002,
          "acoustic_entropy_side": 7.816372394561768,
          "hz": 3458.990205492291
        },
        {
          "acoustic_entropy": 7.763206481933594,
          "acoustic_entropy_side": 7.8328399658203125,
          "hz": 3827.305438964164
        },
        {
          "acoustic_entropy": 7.815756797790527,
          "acoustic_entropy_side": 7.840816974639893,
          "hz": 4228.238232109126
        },
        {
          "acoustic_entropy": 7.801834583282471,
          "acoustic_entropy_side": 7.836147785186768,
          "hz": 4664.6771572759235
        },
        {
          "acoustic_entropy": 7.817692756652832,
          "acoustic_entropy_side": 7.840259075164795,
          "hz": 5139.766595350093
        },
        {
          "acoustic_entropy": 7.831512451171875,
          "acoustic_entropy_side": 7.840698719024658,
          "hz": 5656.929389854203
        },
        {
          "acoustic_entropy": 7.840273380279541,
          "acoustic_entropy_side": 7.844836235046387,
          "hz": 6219.891507268283
        },
        {
          "acoustic_entropy": 7.843186855316162,
          "acoustic_entropy_side": 7.845973014831543,
          "hz": 6832.70888123896
        },
        {
          "acoustic_entropy": 7.84584903717041,
          "acoustic_entropy_side": 7.846841812133789,
          "hz": 7499.796634079867
        },
        {
          "acoustic_entropy": 7.846736431121826,
          "acoustic_entropy_side": 7.847067356109619,
          "hz": 8225.96088609342
        },
        {
          "acoustic_entropy": 7.846819877624512,
          "acoustic_entropy_side": 7.847134590148926,
          "hz": 9016.43338188839
        },
        {
          "acoustic_entropy": 7.846992015838623,
          "acoustic_entropy_side": 7.847207069396973,
          "hz": 9876.909183162974
        },
        {
          "acoustic_entropy": 7.847152233123779,
          "acoustic_entropy_side": 7.847257137298584,
          "hz": 10813.587699516042
        },
        {
          "acoustic_entropy": 7.84724760055542,
          "acoustic_entropy_side": 7.8472771644592285,
          "hz": 11833.21735289826
        },
        {
          "acoustic_entropy": 7.847255229949951,
          "acoustic_entropy_side": 7.847268104553223,
          "hz": 12943.144197493959
        },
        {
          "acoustic_entropy": 7.847290992736816,
          "acoustic_entropy_side": 7.84729528427124,
          "hz": 14151.364845322005
        },
        {
          "acoustic_entropy": 7.847302436828613,
          "acoustic_entropy_side": 7.847303867340088,
          "hz": 15466.58407886509
        },
        {
          "acoustic_entropy": 7.8473052978515625,
          "acoustic_entropy_side": 7.847303867340088,
          "hz": 16898.27756580493
        },
        {
          "acoustic_entropy": 7.847307205200195,
          "acoustic_entropy_side": 7.847306251525879,
          "hz": 18456.760127700032
        },
        {
          "acoustic_entropy": 7.847304821014404,
          "acoustic_entropy_side": 7.847303867340088,
          "hz": 20153.260054456492
        },
        {
          "acoustic_entropy": 7.847304344177246,
          "acoustic_entropy_side": 7.84730339050293,
          "hz": 22000.00000000001
        }
      ],
      "diff_acoustic_entropy": 4.869203090667725,
      "sn": 6
    },
    {
      "acoustic_entropy": 12.003975868225098,
      "acoustic_entropy_mono": 11.201042175292969,
      "band_eliminated_acoustic_entropies": [
        {
          "acoustic_entropy": 12.15361213684082,
          "acoustic_entropy_side": 12.004007339477539,
          "hz": 129.47220167065723
        },
        {
          "acoustic_entropy": 11.068197250366211,
          "acoustic_entropy_side": 12.005619049072266,
          "hz": 202.92927478742237
        },
        {
          "acoustic_entropy": 11.842415809631348,
          "acoustic_entropy_side": 11.959046363830566,
          "hz": 282.89161906338205
        },
        {
          "acoustic_entropy": 12.136340141296387,
          "acoustic_entropy_side": 11.747084617614746,
          "hz": 369.9353335868758
        },
        {
          "acoustic_entropy": 11.686615943908691,
          "acoustic_entropy_side": 11.993587493896484,
          "hz": 464.6875360973435
        },
        {
          "acoustic_entropy": 11.615330696105957,
          "acoustic_entropy_side": 11.726964950561523,
          "hz": 567.8308811364784
        },
        {
          "acoustic_entropy": 10.81348991394043,
          "acoustic_entropy_side": 11.059613227844238,
          "hz": 680.1084783214808
        },
        {
          "acoustic_entropy": 10.356587409973145,
          "acoustic_entropy_side": 12.156704902648926,
          "hz": 802.3292461747484
        },
        {
          "acoustic_entropy": 11.1696195602417,
          "acoustic_entropy_side": 11.67065143585205,
          "hz": 935.3737400823702
        },
        {
          "acoustic_entropy": 12.031065940856934,
          "acoustic_entropy_side": 11.980745315551758,
          "hz": 1080.2004963696966
        },
        {
          "acoustic_entropy": 10.830081939697266,
          "acoustic_entropy_side": 12.022316932678223,
          "hz": 1237.8529382007157
        },
        {
          "acoustic_entropy": 11.150679588317871,
          "acoustic_entropy_side": 12.048383712768555,
          "hz": 1409.4668930556702
        },
        {
          "acoustic_entropy": 11.830857276916504,
          "acoustic_entropy_side": 11.860550880432129,
          "hz": 1596.2787759475705
        },
        {
          "acoustic_entropy": 12.239937782287598,
          "acoustic_entropy_side": 11.988384246826172,
          "hz": 1799.6344973346393
        },
        {
          "acoustic_entropy": 12.129545211791992,
          "acoustic_entropy_side": 11.981977462768555,
          "hz": 2020.9991599069049
        },
        {
          "acoustic_entropy": 12.16392993927002,
          "acoustic_entropy_side": 12.007514953613281,
          "hz": 2261.9676141086993
        },
        {
          "acoustic_entropy": 11.168508529663086,
          "acoustic_entropy_side": 12.011045455932617,
          "hz": 2524.2759484456974
        },
        {
          "acoustic_entropy": 11.881879806518555,
          "acoustic_entropy_side": 11.96384048461914,
          "hz": 2809.813997359896
        },
        {
          "acoustic_entropy": 11.875290870666504,
          "acoustic_entropy_side": 11.967103004455566,
          "hz": 3120.6389567871424
        },
        {
          "acoustic_entropy": 11.786365509033203,
          "acoustic_entropy_side": 11.9605131149292,
          "hz": 3458.990205492291
        },
        {
          "acoustic_entropy": 11.986737251281738,
          "acoustic_entropy_side": 12.045431137084961,
          "hz": 3827.305438964164
        },
        {
          "acoustic_entropy": 12.074268341064453,
          "acoustic_entropy_side": 12.032632827758789,
          "hz": 4228.238232109126
        },
        {
          "acoustic_entropy": 12.029595375061035,
          "acoustic_entropy_side": 12.016959190368652,
          "hz": 4664.6771572759235
        },
        {
          "acoustic_entropy": 12.044917106628418,
          "acoustic_entropy_side": 12.03545093536377,
          "hz": 5139.766595350093
        },
        {
          "acoustic_entropy": 12.022345542907715,
          "acoustic_entropy_side": 12.027122497558594,
          "hz": 5656.929389854203
        },
        {
          "acoustic_entropy": 12.0308198928833,
          "acoustic_entropy_side": 12.017403602600098,
          "hz": 6219.891507268283
        },
        {
          "acoustic_entropy": 12.048714637756348,
          "acoustic_entropy_side": 12.021705627441406,
          "hz": 6832.70888123896
        },
        {
          "acoustic_entropy": 12.042889595031738,
          "acoustic_entropy_side": 12.020084381103516,
          "hz": 7499.796634079867
        },
        {
          "acoustic_entropy": 12.018074989318848,
          "acoustic_entropy_side": 12.011308670043945,
          "hz": 8225.96088609342
        },
        {
          "acoustic_entropy": 12.014087677001953,
          "acoustic_entropy_side": 12.008401870727539,
          "hz": 9016.43338188839
        },
        {
          "acoustic_entropy": 12.012080192565918,
          "acoustic_entropy_side": 12.00779914855957,
          "hz": 9876.909183162974
        },
        {
          "acoustic_entropy": 12.010778427124023,
          "acoustic_entropy_side": 12.00705337524414,
          "hz": 10813.587699516042
        },
        {
          "acoustic_entropy": 12.007646560668945,
          "acoustic_entropy_side": 12.006078720092773,
          "hz": 11833.21735289826
        },
        {
          "acoustic_entropy": 12.006024360656738,
          "acoustic_entropy_side": 12.00538444519043,
          "hz": 12943.144197493959
        },
        {
          "acoustic_entropy": 12.005101203918457,
          "acoustic_entropy_side": 12.004769325256348,
          "hz": 14151.364845322005
        },
        {
          "acoustic_entropy": 12.004572868347168,
          "acoustic_entropy_side": 12.004383087158203,
          "hz": 15466.58407886509
        },
        {
          "acoustic_entropy": 12.00422191619873,
          "acoustic_entropy_side": 12.00412368774414,
          "hz": 16898.27756580493
        },
        {
          "acoustic_entropy": 12.004085540771484,
          "acoustic_entropy_side": 12.004042625427246,
          "hz": 18456.760127700032
        },
        {
          "acoustic_entropy": 12.00406551361084,
          "acoustic_entropy_side": 12.004033088684082,
          "hz": 20153.260054456492
        },
        {
          "acoustic_entropy": 12.00400161743164,
          "acoustic_entropy_side": 12.003992080688477,
          "hz": 22000.00000000001
        }
      ],
      "diff_acoustic_entropy": 8.135218620300293,
      "sn": 12
    },
    {
      "acoustic_entropy": 18.172119140625,
      "acoustic_entropy_mono": 16.29718589782715,
      "band_eliminated_acoustic_entropies": [
        {
          "acoustic_entropy": 18.017051696777344,
          "acoustic_entropy_side": 18.16954803466797,
          "hz": 129.47220167065723
        },
        {
          "acoustic_entropy": 17.448158264160156,
          "acoustic_entropy_side": 17.978662490844727,
          "hz": 202.92927478742237
        },
        {
          "acoustic_entropy": 18.588287353515625,
          "acoustic_entropy_side": 18.006254196166992,
          "hz": 282.89161906338205
        },
        {
          "acoustic_entropy": 18.831340789794922,
          "acoustic_entropy_side": 18.448001861572266,
          "hz": 369.9353335868758
        },
        {
          "acoustic_entropy": 17.608261108398438,
          "acoustic_entropy_side": 17.819957733154297,
          "hz": 464.6875360973435
        },
        {
          "acoustic_entropy": 18.390283584594727,
          "acoustic_entropy_side": 18.126996994018555,
          "hz": 567.8308811364784
        },
        {
          "acoustic_entropy": 18.66010093688965,
          "acoustic_entropy_side": 17.59858512878418,
          "hz": 680.1084783214808
        },
        {
          "acoustic_entropy": 17.802539825439453,
          "acoustic_entropy_side": 18.235395431518555,
          "hz": 802.3292461747484
        },
        {
          "acoustic_entropy": 17.92372703552246,
          "acoustic_entropy_side": 18.267562866210938,
          "hz": 935.3737400823702
        },
        {
          "acoustic_entropy": 17.9591064453125,
          "acoustic_entropy_side": 18.640060424804688,
          "hz": 1080.2004963696966
        },
        {
          "acoustic_entropy": 16.420873641967773,
          "acoustic_entropy_side": 18.339672088623047,
          "hz": 1237.8529382007157
        },
        {
          "acoustic_entropy": 17.215667724609375,
          "acoustic_entropy_side": 18.18682098388672,
          "hz": 1409.4668930556702
        },
        {
          "acoustic_entropy": 17.694730758666992,
          "acoustic_entropy_side": 18.059043884277344,
          "hz": 1596.2787759475705
        },
        {
          "acoustic_entropy": 18.027206420898438,
          "acoustic_entropy_side": 18.232770919799805,
          "hz": 1799.6344973346393
        },
        {
          "acoustic_entropy": 18.558969497680664,
          "acoustic_entropy_side": 18.334003448486328,
          "hz": 2020.9991599069049
        },
        {
          "acoustic_entropy": 17.98335838317871,
          "acoustic_entropy_side": 18.0819149017334,
          "hz": 2261.9676141086993
        },
        {
          "acoustic_entropy": 19.035362243652344,
          "acoustic_entropy_side": 18.812923431396484,
          "hz": 2524.2759484456974
        },
        {
          "acoustic_entropy": 17.858070373535156,
          "acoustic_entropy_side": 17.9763240814209,
          "hz": 2809.813997359896
        },
        {
          "acoustic_entropy": 18.205930709838867,
          "acoustic_entropy_side": 18.298810958862305,
