{
  "acoustic_entropy": 205.27528381347656,
  "bands": [
    {
      "high_freq": 148.1999969482422,
      "loudness": -30.871185302734375,
      "loudness_range": 28.575084686279297,
      "mid_mean": -28.073041915893555,
      "mid_to_side_loudness": -20.833505630493164,
      "mid_to_side_loudness_range": 26.29509162902832,
      "side_mean": -55.200843811035156
    },
    {
      "high_freq": 392.3793640136719,
      "loudness": -27.00137710571289,
      "loudness_range": 21.820802688598633,
      "low_freq": 148.1999969482422,
      "mid_mean": -24.596317291259766,
      "mid_to_side_loudness": -10.049394607543945,
      "mid_to_side_loudness_range": 16.47974967956543,
      "side_mean": -35.05950164794922
    },
    {
      "high_freq": 794.6976318359375,
      "loudness": -26.89756965637207,
      "loudness_range": 20.490869522094727,
      "low_freq": 392.3793640136719,
      "mid_mean": -24.71030044555664,
      "mid_to_side_loudness": -6.513459205627441,
      "mid_to_side_loudness_range": 15.423140525817871,
      "side_mean": -30.94930648803711
    },
    {
      "high_freq": 1457.5709228515625,
      "loudness": -29.515878677368164,
      "loudness_range": 26.03719139099121,
      "low_freq": 794.6976318359375,
      "mid_mean": -28.822769165039062,
      "mid_to_side_loudness": -3.7036995887756348,
      "mid_to_side_loudness_range": 15.700319290161133,
      "side_mean": -31.376882553100586
    },
    {
      "high_freq": 2549.74365234375,
      "loudness": -26.945919036865234,
      "loudness_range": 25.434579849243164,
      "low_freq": 1457.5709228515625,
      "mid_mean": -26.436704635620117,
      "mid_to_side_loudness": -3.4423413276672363,
      "mid_to_side_loudness_range": 14.620892524719238,
      "side_mean": -29.294055938720703
    },
    {
      "high_freq": 4349.24462890625,
      "loudness": -32.508949279785156,
      "loudness_range": 33.091697692871094,
      "low_freq": 2549.74365234375,
      "mid_mean": -31.036577224731445,
      "mid_to_side_loudness": -4.374748706817627,
      "mid_to_side_loudness_range": 14.630146026611328,
      "side_mean": -36.151268005371094
    },
    {
      "high_freq": 7314.1640625,
      "loudness": -34.73066711425781,
      "loudness_range": 32.34821319580078,
      "low_freq": 4349.24462890625,
      "mid_mean": -32.83037567138672,
      "mid_to_side_loudness": -4.834808826446533,
      "mid_to_side_loudness_range": 15.705005645751953,
      "side_mean": -39.35572814941406
    },
    {
      "high_freq": 12199.2666015625,
      "loudness": -29.00250816345215,
      "loudness_range": 29.197967529296875,
      "low_freq": 7314.1640625,
      "mid_mean": -27.845809936523438,
      "mid_to_side_loudness": -3.4144506454467773,
      "mid_to_side_loudness_range": 14.446206092834473,
      "side_mean": -31.50501251220703
    },
    {
      "loudness": -30.680435180664062,
      "loudness_range": 24.00602912902832,
      "low_freq": 12199.2666015625,
      "mid_mean": -31.66008758544922,
      "mid_to_side_loudness": 1.1344338655471802,
      "mid_to_side_loudness_range": 24.5,
      "side_mean": -32.240081787109375
    }
  ],
  "bands_short": [
    {
      "high_freq": 148.1999969482422,
      "loudness": -32.46456527709961,
      "loudness_range": 30.35773468017578,
      "mid_mean": -29.900075912475586,
      "mid_to_side_loudness": -24.86659049987793,
      "mid_to_side_loudness_range": 30.434062957763672,
      "side_mean": -60.15143966674805
    },
    {
      "high_freq": 392.3793640136719,
      "loudness": -27.558000564575195,
      "loudness_range": 23.202964782714844,
      "low_freq": 148.1999969482422,
      "mid_mean": -25.197572708129883,
      "mid_to_side_loudness": -9.991730690002441,
      "mid_to_side_loudness_range": 18.923799514770508,
      "side_mean": -35.5265998840332
    },
    {
      "high_freq": 794.6976318359375,
      "loudness": -28.624406814575195,
      "loudness_range": 23.54435157775879,
      "low_freq": 392.3793640136719,
      "mid_mean": -26.577239990234375,
      "mid_to_side_loudness": -6.274725437164307,
      "mid_to_side_loudness_range": 18.10140609741211,
      "side_mean": -32.730628967285156
    },
    {
      "high_freq": 1457.5709228515625,
      "loudness": -28.61603355407715,
      "loudness_range": 25.185775756835938,
      "low_freq": 794.6976318359375,
      "mid_mean": -27.912948608398438,
      "mid_to_side_loudness": -4.060340404510498,
      "mid_to_side_loudness_range": 19.71245574951172,
      "side_mean": -31.3294677734375
    },
    {
      "high_freq": 2549.74365234375,
      "loudness": -27.323198318481445,
      "loudness_range": 25.827329635620117,
      "low_freq": 1457.5709228515625,
      "mid_mean": -27.203702926635742,
      "mid_to_side_loudness": -3.1351981163024902,
      "mid_to_side_loudness_range": 18.434432983398438,
      "side_mean": -29.82716941833496
    },
    {
      "high_freq": 4349.24462890625,
      "loudness": -32.90233612060547,
      "loudness_range": 33.45965576171875,
      "low_freq": 2549.74365234375,
      "mid_mean": -31.383907318115234,
      "mid_to_side_loudness": -4.00616979598999,
      "mid_to_side_loudness_range": 15.768289566040039,
      "side_mean": -36.60186004638672
    },
    {
      "high_freq": 7314.1640625,
      "loudness": -35.920467376708984,
      "loudness_range": 33.604042053222656,
      "low_freq": 4349.24462890625,
      "mid_mean": -34.7039909362793,
      "mid_to_side_loudness": -4.309433937072754,
      "mid_to_side_loudness_range": 15.72249698638916,
      "side_mean": -40.15098190307617
    },
    {
      "high_freq": 12199.2666015625,
      "loudness": -30.33331298828125,
      "loudness_range": 30.75934600830078,
      "low_freq": 7314.1640625,
      "mid_mean": -29.305198669433594,
      "mid_to_side_loudness": -2.8302977085113525,
      "mid_to_side_loudness_range": 13.806069374084473,
      "side_mean": -32.637977600097656
    },
    {
      "loudness": -31.816953659057617,
      "loudness_range": 26.434288024902344,
      "low_freq": 12199.2666015625,
      "mid_mean": -33.539512634277344,
      "mid_to_side_loudness": 1.8280279636383057,
      "mid_to_side_loudness_range": 23.623348236083984,
      "side_mean": -32.57620620727539
    }
  ],
  "bandwidth": 1003.2025756835938,
  "channels": 2,
  "covariance": [
    [
      123.72242736816406,
      121.06842803955078,
      63.48163604736328,
      85.78118896484375,
      66.3395004272461,
      56.863407135009766,
      82.03939819335938,
      53.837135314941406,
      82.50752258300781,
      47.39527130126953,
      102.25696563720703,
      96.81959533691406,
      83.14644622802734,
      83.01654815673828,
      65.54859161376953,
      51.3223991394043,
      54.63396072387695,
      20.219560623168945
    ],
    [
      121.06842803955078,
      178.10289001464844,
      91.21380615234375,
      117.19810485839844,
      83.95709228515625,
      79.42609405517578,
      105.26638793945312,
      68.35909271240234,
      104.42317962646484,
      62.116241455078125,
      136.31112670898438,
      128.1322479248047,
      113.5665512084961,
      108.80696868896484,
      92.15792083740234,
      76.55722045898438,
      82.74236297607422,
      40.63912582397461
    ],
    [
      63.48163604736328,
      91.21380615234375,
      80.23042297363281,
      79.47925567626953,
      60.58120346069336,
      50.97284698486328,
      66.2131118774414,
      49.95684051513672,
      59.26982498168945,
      41.0728759765625,
      71.4533920288086,
      70.55046844482422,
      51.75770568847656,
      58.010833740234375,
      52.77596664428711,
      47.96864318847656,
      51.89207458496094,
      33.59421157836914
    ],
    [
      85.78118896484375,
      117.19810485839844,
      79.47925567626953,
      107.5057601928711,
      71.56949615478516,
      71.29776000976562,
      86.28994750976562,
      56.72364807128906,
      86.59825134277344,
      52.524742126464844,
      99.96598815917969,
      99.22689819335938,
      81.40721130371094,
      83.11940002441406,
      71.56515502929688,
      63.85186004638672,
      64.80802917480469,
      34.15438461303711
    ],
    [
      66.3395004272461,
      83.95709228515625,
      60.58120346069336,
      71.56949615478516,
      74.03357696533203,
      51.00499725341797,
      66.58223724365234,
      43.5017204284668,
      65.60211181640625,
      35.66741943359375,
      80.11042785644531,
      79.92993927001953,
      56.881351470947266,
      63.997314453125,
      55.499534606933594,
      50.72370147705078,
      52.434608459472656,
      27.571535110473633
    ],
    [
      56.863407135009766,
      79.42609405517578,
      50.97284698486328,
      71.29776000976562,
      51.00499725341797,
      63.46242141723633,
      65.7555923461914,
      50.00133514404297,
      69.68612670898438,
      49.24932861328125,
      60.569244384765625,
      68.82689666748047,
      57.05988311767578,
      57.7956428527832,
      53.04228591918945,
      52.1622200012207,
      53.19293212890625,
      39.223106384277344
    ],
    [
      82.03939819335938,
      105.26638793945312,
      66.2131118774414,
      86.28994750976562,
      66.58223724365234,
      65.7555923461914,
      104.45708465576172,
      67.59976196289062,
      90.89530181884766,
      58.442562103271484,
      86.29108428955078,
      86.56053161621094,
      66.97004699707031,
      70.72169494628906,
      64.56891632080078,
      58.88610076904297,
      59.78415298461914,
      45.301734924316406
    ],
    [
      53.837135314941406,
      68.35909271240234,
      49.95684051513672,
      56.72364807128906,
      43.5017204284668,
      50.00133514404297,
      67.59976196289062,
      73.767333984375,
      65.27613830566406,
      59.609832763671875,
      38.35477828979492,
      46.9346809387207,
      30.951154708862305,
      38.77006530761719,
      37.444766998291016,
      39.35188674926758,
      43.51555633544922,
      51.98370361328125
    ],
    [
      82.50752258300781,
      104.42317962646484,
      59.26982498168945,
      86.59825134277344,
      65.60211181640625,
      69.68612670898438,
      90.89530181884766,
      65.27613830566406,
      110.94524383544922,
      64.58689880371094,
      91.05789184570312,
      98.2237319946289,
      85.95195007324219,
      83.49630737304688,
      65.80551147460938,
      62.64764404296875,
      64.40306854248047,
      45.85145568847656
    ],
    [
      47.39527130126953,
      62.116241455078125,
      41.0728759765625,
      52.524742126464844,
      35.66741943359375,
      49.24932861328125,
      58.442562103271484,
      59.609832763671875,
      64.58689880371094,
      72.7318344116211,
      31.203861236572266,
      45.57292938232422,
      30.598926544189453,
      39.347625732421875,
      32.013206481933594,
      36.2939453125,
      39.95769119262695,
      50.149681091308594
    ],
    [
      102.25696563720703,
      136.31112670898438,
      71.4533920288086,
      99.96598815917969,
      80.11042785644531,
      60.569244384765625,
      86.29108428955078,
      38.35477828979492,
      91.05789184570312,
      31.203861236572266,
      178.81301879882812,
      135.95457458496094,
      134.80763244628906,
      113.78054809570312,
      110.4483413696289,
      78.99662780761719,
      83.20922088623047,
      18.55480194091797
    ],
    [
      96.81959533691406,
      128.1322479248047,
      70.55046844482422,
      99.22689819335938,
      79.92993927001953,
      68.82689666748047,
      86.56053161621094,
      46.9346809387207,
      98.2237319946289,
      45.57292938232422,
      135.95457458496094,
      136.66871643066406,
      116.53548431396484,
      109.98958587646484,
      92.39041900634766,
      80.56165313720703,
      83.30802917480469,
      33.6280517578125
    ],
    [
      83.14644622802734,
      113.5665512084961,
      51.75770568847656,
      81.40721130371094,
      56.881351470947266,
      57.05988311767578,
      66.97004699707031,
      30.951154708862305,
      85.95195007324219,
      30.598926544189453,
      134.80763244628906,
      116.53548431396484,
      151.35647583007812,
      107.72086334228516,
      105.95792388916016,
      78.83142852783203,
      84.93834686279297,
      26.425058364868164
    ],
    [
      83.01654815673828,
      108.80696868896484,
      58.010833740234375,
      83.11940002441406,
      63.997314453125,
      57.7956428527832,
      70.72169494628906,
      38.77006530761719,
      83.49630737304688,
      39.347625732421875,
      113.78054809570312,
      109.98958587646484,
      107.72086334228516,
      116.97660827636719,
      90.30384826660156,
      77.86890411376953,
      81.6377944946289,
      32.30690383911133
    ],
    [
      65.54859161376953,
      92.15792083740234,
      52.77596664428711,
      71.56515502929688,
      55.499534606933594,
      53.04228591918945,
      64.56891632080078,
      37.444766998291016,
      65.80551147460938,
      32.013206481933594,
      110.4483413696289,
      92.39041900634766,
      105.95792388916016,
      90.30384826660156,
      113.56425476074219,
      88.86674499511719,
      95.95620727539062,
      48.144432067871094
    ],
    [
      51.3223991394043,
      76.55722045898438,
      47.96864318847656,
      63.85186004638672,
      50.72370147705078,
      52.1622200012207,
      58.88610076904297,
      39.35188674926758,
      62.64764404296875,
      36.2939453125,
      78.99662780761719,
      80.56165313720703,
      78.83142852783203,
      77.86890411376953,
      88.86674499511719,
      101.13308715820312,
      88.3996353149414,
      72.96630096435547
    ],
    [
      54.63396072387695,
      82.74236297607422,
      51.89207458496094,
      64.80802917480469,
      52.434608459472656,
      53.19293212890625,
      59.78415298461914,
      43.51555633544922,
      64.40306854248047,
      39.95769119262695,
      83.20922088623047,
      83.30802917480469,
      84.93834686279297,
      81.6377944946289,
      95.95620727539062,
      88.3996353149414,
      107.62185668945312,
      63.22038269042969
    ],
    [
      20.219560623168945,
      40.63912582397461,
      33.59421157836914,
      34.15438461303711,
      27.571535110473633,
      39.223106384277344,
      45.301734924316406,
      51.98370361328125,
      45.85145568847656,
      50.149681091308594,
      18.55480194091797,
      33.6280517578125,
      26.425058364868164,
      32.30690383911133,
      48.144432067871094,
      72.96630096435547,
      63.22038269042969,
      108.9389419555664
    ]
  ],
  "covariance_short": [
    [
      141.49620056152344,
      100.89598083496094,
      64.95447540283203,
      87.58348083496094,
      72.38446807861328,
      69.65951538085938,
      76.4091796875,
      58.2545280456543,
      88.20967864990234,
      53.781681060791016,
      106.74091339111328,
      103.71021270751953,
      93.8458251953125,
      87.11827850341797,
      64.28009033203125,
      55.79768753051758,
      59.58100128173828,
      22.191776275634766
    ],
    [
      100.89598083496094,
      98.80635833740234,
      66.39900207519531,
      87.73960876464844,
      67.62091064453125,
      70.27497863769531,
      69.77613830566406,
      53.0611457824707,
      81.06524658203125,
      50.16189956665039,
      102.85059356689453,
      99.85757446289062,
      92.77984619140625,
      86.38129425048828,
      66.05549621582031,
      61.39329528808594,
      62.293758392333984,
      27.983572006225586
    ],
    [
      64.95447540283203,
      66.39900207519531,
      85.0733642578125,
      76.31266784667969,
      65.6230697631836,
      56.416290283203125,
      58.23500061035156,
      47.62715530395508,
      59.237548828125,
      40.78113555908203,
      68.1458740234375,
      69.94646453857422,
      52.79228591918945,
      58.3314323425293,
      47.161041259765625,
      45.1642951965332,
      48.01337814331055,
      25.223684310913086
    ],
    [
      87.58348083496094,
      87.73960876464844,
      76.31266784667969,
      108.96613311767578,
      72.33518981933594,
      77.29216766357422,
      77.52925109863281,
      57.56824493408203,
      86.50018310546875,
      52.78337860107422,
      96.9216079711914,
      100.85560607910156,
      87.59066009521484,
      84.70272827148438,
      63.32957077026367,
      62.38237762451172,
      64.07040405273438,
      27.593345642089844
    ],
    [
      72.38446807861328,
      67.62091064453125,
      65.6230697631836,
      72.33518981933594,
      85.51524353027344,
      62.184242248535156,
      65.15755462646484,
      47.410186767578125,
      70.53482055664062,
      42.91088104248047,
      84.48834228515625,
      84.1768569946289,
      63.401214599609375,
      68.58718872070312,
      55.32406234741211,
      52.644954681396484,
      53.70565414428711,
      25.420652389526367
    ],
    [
      69.65951538085938,
      70.27497863769531,
      56.416290283203125,
      77.29216766357422,
      62.184242248535156,
      80.44558715820312,
      63.8765754699707,
      54.3597526550293,
      77.01021575927734,
      52.03569030761719,
      75.55917358398438,
      81.06379699707031,
      73.17733764648438,
      71.4488296508789,
      55.9175910949707,
      55.644630432128906,
      58.30411148071289,
      33.60045623779297
    ],
    [
      76.4091796875,
      69.77613830566406,
      58.23500061035156,
      77.52925109863281,
      65.15755462646484,
      63.8765754699707,
      96.82052612304688,
      59.2197265625,
      82.49065399169922,
      48.50846481323242,
      80.97389221191406,
      84.84342193603516,
      68.23189544677734,
      67.74014282226562,
      53.331459045410156,
      55.7183952331543,
      57.364933013916016,
      28.097379684448242
    ],
    [
      58.2545280456543,
      53.0611457824707,
      47.62715530395508,
      57.56824493408203,
      47.410186767578125,
      54.3597526550293,
      59.2197265625,
      78.51002502441406,
      70.0290298461914,
      61.48618698120117,
      41.511959075927734,
      51.768489837646484,
      38.01576614379883,
      42.48186492919922,
      37.59367752075195,
      46.2059440612793,
      46.68752670288086,
      48.90143966674805
    ],
    [
      88.20967864990234,
      81.06524658203125,
      59.237548828125,
      86.50018310546875,
      70.53482055664062,
      77.01021575927734,
      82.49065399169922,
      70.0290298461914,
      115.55706024169922,
      69.40293884277344,
      94.15971374511719,
      98.74061584472656,
      91.24250030517578,
      84.64652252197266,
      62.42509841918945,
      62.41202163696289,
      66.96041107177734,
      42.48711013793945
    ],
    [
      53.781681060791016,
      50.16189956665039,
      40.78113555908203,
      52.78337860107422,
      42.91088104248047,
      52.03569030761719,
      48.50846481323242,
      61.48618698120117,
      69.40293884277344,
      78.85206604003906,
      36.672218322753906,
      50.32950973510742,
      37.08345031738281,
      43.018924713134766,
      32.91645050048828,
      41.09844207763672,
      43.9114875793457,
      47.97064971923828
    ],
    [
      106.74091339111328,
      102.85059356689453,
      68.1458740234375,
      96.9216079711914,
      84.48834228515625,
      75.55917358398438,
      80.97389221191406,
      41.511959075927734,
      94.15971374511719,
      36.672218322753906,
      180.80484008789062,
      138.49342346191406,
      139.51116943359375,
      116.14397430419922,
      97.79865264892578,
      73.5458755493164,
      74.88862609863281,
      10.958062171936035
    ],
    [
      103.71021270751953,
      99.85757446289062,
      69.94646453857422,
      100.85560607910156,
      84.1768569946289,
      81.06379699707031,
      84.84342193603516,
      51.768489837646484,
      98.74061584472656,
      50.32950973510742,
      138.49342346191406,
      145.75482177734375,
      127.54851531982422,
      116.16600036621094,
      89.7328872680664,
      82.76316833496094,
      81.90218353271484,
      24.59480857849121
    ],
    [
      93.8458251953125,
      92.77984619140625,
      52.79228591918945,
      87.59066009521484,
      63.401214599609375,
      73.17733764648438,
      68.23189544677734,
      38.01576614379883,
      91.24250030517578,
      37.08345031738281,
      139.51116943359375,
      127.54851531982422,
      169.9576416015625,
      121.14171600341797,
      109.41368865966797,
      86.30502319335938,
      93.7978286743164,
      21.414560317993164
    ],
    [
      87.11827850341797,
      86.38129425048828,
      58.3314323425293,
      84.70272827148438,
      68.58718872070312,
      71.4488296508789,
      67.74014282226562,
      42.48186492919922,
      84.64652252197266,
      43.018924713134766,
      116.14397430419922,
      116.16600036621094,
      121.14171600341797,
      130.1897430419922,
      92.544677734375,
      85.22285461425781,
      86.74705505371094,
      31.180009841918945
    ],
    [
      64.28009033203125,
      66.05549621582031,
      47.161041259765625,
      63.32957077026367,
      55.32406234741211,
      55.9175910949707,
      53.331459045410156,
      37.59367752075195,
      62.42509841918945,
      32.91645050048828,
      97.79865264892578,
      89.7328872680664,
      109.41368865966797,
      92.544677734375,
      113.1683578491211,
      91.05595397949219,
      100.49212646484375,
      44.29159164428711
    ],
    [
      55.79768753051758,
      61.39329528808594,
      45.1642951965332,
      62.38237762451172,
      52.644954681396484,
      55.644630432128906,
      55.7183952331543,
      46.2059440612793,
      62.41202163696289,
      41.09844207763672,
      73.5458755493164,
      82.76316833496094,
      86.30502319335938,
      85.22285461425781,
      91.05595397949219,
      109.2916488647461,
      94.78628540039062,
      69.78997802734375
    ],
    [
      59.58100128173828,
      62.293758392333984,
      48.01337814331055,
      64.07040405273438,
      53.70565414428711,
      58.30411148071289,
      57.364933013916016,
      46.68752670288086,
      66.96041107177734,
      43.9114875793457,
      74.88862609863281,
      81.90218353271484,
      93.7978286743164,
      86.74705505371094,
      100.49212646484375,
      94.78628540039062,
      123.29399871826172,
      65.37535095214844
    ],
    [
      22.191776275634766,
      27.983572006225586,
      25.223684310913086,
      27.593345642089844,
      25.420652389526367,
      33.60045623779297,
      28.097379684448242,
      48.90143966674805,
      42.48711013793945,
      47.97064971923828,
      10.958062171936035,
      24.59480857849121,
      21.414560317993164,
      31.180009841918945,
      44.29159164428711,
      69.78997802734375,
      65.37535095214844,
      101.43482971191406
    ]
  ],
  "damage": -8.956219673156738,
  "diff_bandwidth": 1100.4840087890625,
  "dissonance": 11.424031360821466,
  "drr": 7.046522617340088,
  "dynamics": 6.388636112213135,
  "format": 1245190,
  "frames": 3264512,
  "loudness": -13.824479103088379,
  "loudness_range": 19.604291915893555,
  "loudness_range_short": 20.840839385986328,
  "lowpass_true_peak_15khz": 1.539646029472351,
  "mastering3_acoustic_entropies": [
    {
      "acoustic_entropy": 10.79307746887207,
      "acoustic_entropy_mono": 8.78868293762207,
      "band_eliminated_acoustic_entropies": [
        {
          "acoustic_entropy": 10.826523780822754,
          "acoustic_entropy_side": 10.793078422546387,
          "hz": 129.47220167065723
        },
        {
          "acoustic_entropy": 10.914205551147461,
          "acoustic_entropy_side": 10.792754173278809,
          "hz": 202.92927478742237
        },
        {
          "acoustic_entropy": 10.612045288085938,
          "acoustic_entropy_side": 10.796525955200195,
          "hz": 282.89161906338205
        },
        {
          "acoustic_entropy": 10.302950859069824,
          "acoustic_entropy_side": 10.84197998046875,
          "hz": 369.9353335868758
        },
        {
          "acoustic_entropy": 10.203993797302246,
          "acoustic_entropy_side": 10.798272132873535,
          "hz": 464.6875360973435
        },
        {
          "acoustic_entropy": 10.883347511291504,
          "acoustic_entropy_side": 10.78608512878418,
          "hz": 567.8308811364784
        },
        {
          "acoustic_entropy": 10.809039115905762,
          "acoustic_entropy_side": 10.75318717956543,
          "hz": 680.1084783214808
        },
        {
          "acoustic_entropy": 10.620538711547852,
          "acoustic_entropy_side": 10.787223815917969,
          "hz": 802.3292461747484
        },
        {
          "acoustic_entropy": 10.942268371582031,
          "acoustic_entropy_side": 10.827133178710938,
          "hz": 935.3737400823702
        },
        {
          "acoustic_entropy": 10.450512886047363,
          "acoustic_entropy_side": 10.801651000976562,
          "hz": 1080.2004963696966
        },
        {
          "acoustic_entropy": 10.656054496765137,
          "acoustic_entropy_side": 10.759337425231934,
          "hz": 1237.8529382007157
        },
        {
          "acoustic_entropy": 10.88295841217041,
          "acoustic_entropy_side": 10.92837142944336,
          "hz": 1409.4668930556702
        },
        {
          "acoustic_entropy": 10.86400032043457,
          "acoustic_entropy_side": 10.953897476196289,
          "hz": 1596.2787759475705
        },
        {
          "acoustic_entropy": 10.299399375915527,
          "acoustic_entropy_side": 10.720183372497559,
          "hz": 1799.6344973346393
        },
        {
          "acoustic_entropy": 10.731917381286621,
          "acoustic_entropy_side": 10.796177864074707,
          "hz": 2020.9991599069049
        },
        {
          "acoustic_entropy": 10.708087921142578,
          "acoustic_entropy_side": 10.666796684265137,
          "hz": 2261.9676141086993
        },
        {
          "acoustic_entropy": 10.563078880310059,
          "acoustic_entropy_side": 10.778409004211426,
          "hz": 2524.2759484456974
        },
        {
          "acoustic_entropy": 10.786018371582031,
          "acoustic_entropy_side": 10.74852466583252,
          "hz": 2809.813997359896
        },
        {
          "acoustic_entropy": 10.715944290161133,
          "acoustic_entropy_side": 10.730416297912598,
          "hz": 3120.6389567871424
        },
        {
          "acoustic_entropy": 10.795180320739746,
          "acoustic_entropy_side": 10.73232364654541,
          "hz": 3458.990205492291
        },
        {
          "acoustic_entropy": 10.78571605682373,
          "acoustic_entropy_side": 10.776349067687988,
          "hz": 3827.305438964164
        },
        {
          "acoustic_entropy": 10.756572723388672,
          "acoustic_entropy_side": 10.810989379882812,
          "hz": 4228.238232109126
        },
        {
          "acoustic_entropy": 10.631956100463867,
          "acoustic_entropy_side": 10.78862190246582,
          "hz": 4664.6771572759235
        },
        {
          "acoustic_entropy": 10.665156364440918,
          "acoustic_entropy_side": 10.776983261108398,
          "hz": 5139.766595350093
        },
        {
          "acoustic_entropy": 10.629541397094727,
          "acoustic_entropy_side": 10.76625919342041,
          "hz": 5656.929389854203
        },
        {
          "acoustic_entropy": 10.705904006958008,
          "acoustic_entropy_side": 10.759145736694336,
          "hz": 6219.891507268283
        },
        {
          "acoustic_entropy": 10.746210098266602,
          "acoustic_entropy_side": 10.74838638305664,
          "hz": 6832.70888123896
        },
        {
          "acoustic_entropy": 10.69031047821045,
          "acoustic_entropy_side": 10.715391159057617,
          "hz": 7499.796634079867
        },
        {
          "acoustic_entropy": 10.637435913085938,
          "acoustic_entropy_side": 10.68464469909668,
          "hz": 8225.96088609342
        },
        {
          "acoustic_entropy": 10.672067642211914,
          "acoustic_entropy_side": 10.728818893432617,
          "hz": 9016.43338188839
        },
        {
          "acoustic_entropy": 10.56905746459961,
          "acoustic_entropy_side": 10.59338092803955,
          "hz": 9876.909183162974
        },
        {
          "acoustic_entropy": 10.668778419494629,
          "acoustic_entropy_side": 10.688356399536133,
          "hz": 10813.587699516042
        },
        {
          "acoustic_entropy": 10.79641056060791,
          "acoustic_entropy_side": 10.772658348083496,
          "hz": 11833.21735289826
        },
        {
          "acoustic_entropy": 10.674903869628906,
          "acoustic_entropy_side": 10.623536109924316,
          "hz": 12943.144197493959
        },
        {
          "acoustic_entropy": 10.503045082092285,
          "acoustic_entropy_side": 10.528129577636719,
          "hz": 14151.364845322005
        },
        {
          "acoustic_entropy": 10.770367622375488,
          "acoustic_entropy_side": 10.660968780517578,
          "hz": 15466.58407886509
        },
        {
          "acoustic_entropy": 10.874649047851562,
          "acoustic_entropy_side": 10.831339836120605,
          "hz": 16898.27756580493
        },
        {
          "acoustic_entropy": 8.957942008972168,
          "acoustic_entropy_side": 8.981324195861816,
          "hz": 18456.760127700032
        },
        {
          "acoustic_entropy": 10.716054916381836,
          "acoustic_entropy_side": 10.858339309692383,
          "hz": 20153.260054456492
        },
        {
          "acoustic_entropy": 10.73822021484375,
          "acoustic_entropy_side": 10.834540367126465,
          "hz": 22000.00000000001
        }
      ],
      "diff_acoustic_entropy": 7.684170722961426,
      "sn": 6
    },
    {
      "acoustic_entropy": 15.125024795532227,
      "acoustic_entropy_mono": 11.970819473266602,
      "band_eliminated_acoustic_entropies": [
        {
          "acoustic_entropy": 14.879949569702148,
          "acoustic_entropy_side": 15.12505054473877,
          "hz": 129.47220167065723
        },
        {
          "acoustic_entropy": 15.013514518737793,
          "acoustic_entropy_side": 15.132678985595703,
          "hz": 202.92927478742237
        },
        {
          "acoustic_entropy": 14.565473556518555,
          "acoustic_entropy_side": 15.127464294433594,
          "hz": 282.89161906338205
        },
        {
          "acoustic_entropy": 14.763835906982422,
          "acoustic_entropy_side": 15.172491073608398,
          "hz": 369.9353335868758
        },
        {
          "acoustic_entropy": 14.651607513427734,
          "acoustic_entropy_side": 14.892572402954102,
          "hz": 464.6875360973435
        },
        {
          "acoustic_entropy": 15.508867263793945,
          "acoustic_entropy_side": 15.018179893493652,
          "hz": 567.8308811364784
        },
        {
          "acoustic_entropy": 14.971148490905762,
          "acoustic_entropy_side": 14.972911834716797,
          "hz": 680.1084783214808
        },
        {
          "acoustic_entropy": 15.266121864318848,
          "acoustic_entropy_side": 14.922440528869629,
          "hz": 802.3292461747484
        },
        {
          "acoustic_entropy": 14.468456268310547,
          "acoustic_entropy_side": 15.021519660949707,
          "hz": 935.3737400823702
        },
        {
          "acoustic_entropy": 14.789517402648926,
          "acoustic_entropy_side": 15.063314437866211,
          "hz": 1080.2004963696966
        },
        {
          "acoustic_entropy": 15.060432434082031,
          "acoustic_entropy_side": 15.088635444641113,
          "hz": 1237.8529382007157
        },
        {
          "acoustic_entropy": 15.334399223327637,
          "acoustic_entropy_side": 15.078557014465332,
          "hz": 1409.4668930556702
        },
        {
          "acoustic_entropy": 14.920723915100098,
          "acoustic_entropy_side": 14.946721076965332,
          "hz": 1596.2787759475705
        },
        {
          "acoustic_entropy": 14.988842010498047,
          "acoustic_entropy_side": 14.703831672668457,
          "hz": 1799.6344973346393
        },
        {
          "acoustic_entropy": 14.81253433227539,
          "acoustic_entropy_side": 15.0726900100708,
          "hz": 2020.9991599069049
        },
        {
          "acoustic_entropy": 15.401566505432129,
          "acoustic_entropy_side": 14.997305870056152,
          "hz": 2261.9676141086993
        },
        {
          "acoustic_entropy": 15.15468978881836,
          "acoustic_entropy_side": 15.026909828186035,
          "hz": 2524.2759484456974
        },
        {
          "acoustic_entropy": 15.031167984008789,
          "acoustic_entropy_side": 15.146936416625977,
          "hz": 2809.813997359896
        },
        {
          "acoustic_entropy": 14.938241958618164,
          "acoustic_entropy_side": 15.104616165161133,
          "hz": 3120.6389567871424
        },
        {
          "acoustic_entropy": 15.120782852172852,
          "acoustic_entropy_side": 15.069648742675781,
          "hz": 3458.990205492291
        },
        {
          "acoustic_entropy": 15.035689353942871,
          "acoustic_entropy_side": 15.186129570007324,
          "hz": 3827.305438964164
        },
        {
          "acoustic_entropy": 14.841461181640625,
          "acoustic_entropy_side": 15.09508991241455,
          "hz": 4228.238232109126
        },
        {
          "acoustic_entropy": 14.652831077575684,
          "acoustic_entropy_side": 14.999838829040527,
          "hz": 4664.6771572759235
        },
        {
          "acoustic_entropy": 14.74569034576416,
          "acoustic_entropy_side": 15.079501152038574,
          "hz": 5139.766595350093
        },
        {
          "acoustic_entropy": 15.045938491821289,
          "acoustic_entropy_side": 15.074129104614258,
          "hz": 5656.929389854203
        },
        {
          "acoustic_entropy": 14.963469505310059,
          "acoustic_entropy_side": 15.032830238342285,
          "hz": 6219.891507268283
        },
        {
          "acoustic_entropy": 15.11085319519043,
          "acoustic_entropy_side": 15.045624732971191,
          "hz": 6832.70888123896
        },
        {
          "acoustic_entropy": 15.027750015258789,
          "acoustic_entropy_side": 15.029802322387695,
          "hz": 7499.796634079867
        },
        {
          "acoustic_entropy": 15.071625709533691,
          "acoustic_entropy_side": 15.032583236694336,
          "hz": 8225.96088609342
        },
        {
          "acoustic_entropy": 15.258623123168945,
          "acoustic_entropy_side": 15.221169471740723,
          "hz": 9016.43338188839
        },
        {
          "acoustic_entropy": 15.11928653717041,
          "acoustic_entropy_side": 15.055301666259766,
          "hz": 9876.909183162974
        },
        {
          "acoustic_entropy": 14.785054206848145,
          "acoustic_entropy_side": 15.036033630371094,
          "hz": 10813.587699516042
        },
        {
          "acoustic_entropy": 14.854022026062012,
          "acoustic_entropy_side": 15.128129005432129,
          "hz": 11833.21735289826
        },
        {
          "acoustic_entropy": 14.995511054992676,
          "acoustic_entropy_side": 15.088932037353516,
          "hz": 12943.144197493959
        },
        {
          "acoustic_entropy": 14.871938705444336,
          "acoustic_entropy_side": 14.973150253295898,
          "hz": 14151.364845322005
        },
        {
          "acoustic_entropy": 14.786234855651855,
          "acoustic_entropy_side": 14.997645378112793,
          "hz": 15466.58407886509
        },
        {
          "acoustic_entropy": 15.335344314575195,
          "acoustic_entropy_side": 15.255605697631836,
          "hz": 16898.27756580493
        },
        {
          "acoustic_entropy": 13.449602127075195,
          "acoustic_entropy_side": 13.946120262145996,
          "hz": 18456.760127700032
        },
        {
          "acoustic_entropy": 15.031160354614258,
          "acoustic_entropy_side": 15.148920059204102,
          "hz": 20153.260054456492
        },
        {
          "acoustic_entropy": 15.06434440612793,
          "acoustic_entropy_side": 14.930408477783203,
          "hz": 22000.00000000001
        }
      ],
      "diff_acoustic_entropy": 10.415069580078125,
      "sn": 12
    },
    {
      "acoustic_entropy": 21.600383758544922,
      "acoustic_entropy_mono": 18.4888973236084,
      "band_eliminated_acoustic_entropies": [
        {
          "acoustic_entropy": 21.349515914916992,
          "acoustic_entropy_side": 21.60007095336914,
          "hz": 129.47220167065723
        },
        {
          "acoustic_entropy": 21.108671188354492,
          "acoustic_entropy_side": 21.50311851501465,
          "hz": 202.92927478742237
        },
        {
          "acoustic_entropy": 21.16124153137207,
          "acoustic_entropy_side": 21.44734001159668,
          "hz": 282.89161906338205
        },
        {
          "acoustic_entropy": 22.183609008789062,
          "acoustic_entropy_side": 21.02508544921875,
          "hz": 369.9353335868758
        },
        {
          "acoustic_entropy": 21.87385368347168,
          "acoustic_entropy_side": 21.34644889831543,
          "hz": 464.6875360973435
        },
        {
          "acoustic_entropy": 22.1426944732666,
          "acoustic_entropy_side": 21.703149795532227,
          "hz": 567.8308811364784
        },
        {
          "acoustic_entropy": 21.380123138427734,
          "acoustic_entropy_side": 21.7171573638916,
          "hz": 680.1084783214808
        },
        {
          "acoustic_entropy": 22.039587020874023,
          "acoustic_entropy_side": 21.624563217163086,
          "hz": 802.3292461747484
        },
        {
          "acoustic_entropy": 20.37824058532715,
          "acoustic_entropy_side": 21.382659912109375,
          "hz": 935.3737400823702
        },
        {
          "acoustic_entropy": 21.031814575195312,
          "acoustic_entropy_side": 21.338390350341797,
          "hz": 1080.2004963696966
        },
        {
          "acoustic_entropy": 21.533653259277344,
          "acoustic_entropy_side": 21.31793212890625,
          "hz": 1237.8529382007157
        },
        {
          "acoustic_entropy": 21.446247100830078,
          "acoustic_entropy_side": 21.28763198852539,
          "hz": 1409.4668930556702
        },
        {
          "acoustic_entropy": 21.268762588500977,
          "acoustic_entropy_side": 21.741207122802734,
          "hz": 1596.2787759475705
        },
        {
          "acoustic_entropy": 21.569900512695312,
          "acoustic_entropy_side": 21.329071044921875,
          "hz": 1799.6344973346393
        },
        {
          "acoustic_entropy": 21.529685974121094,
          "acoustic_entropy_side": 21.61867904663086,
          "hz": 2020.9991599069049
        },
        {
          "acoustic_entropy": 20.60978126525879,
          "acoustic_entropy_side": 21.3480167388916,
          "hz": 2261.9676141086993
        },
        {
          "acoustic_entropy": 21.555599212646484,
          "acoustic_entropy_side": 21.5369930267334,
          "hz": 2524.2759484456974
        },
        {
          "acoustic_entropy": 21.29840087890625,
          "acoustic_entropy_side": 21.641273498535156,
          "hz": 2809.813997359896
        },
        {
          "acoustic_entropy": 21.080350875854492,
          "acoustic_entropy_side": 21.485862731933594,
          "hz": 3120.6389567871424
        },
        {
          "acoustic_entropy": 21.38408851623535,
