{
  "acoustic_entropy": 189.98800659179688,
  "bands": [
    {
      "high_freq": 148.1999969482422,
      "loudness": -25.445104598999023,
      "loudness_range": 18.867557525634766,
      "mid_mean": -21.6834659576416,
      "mid_to_side_loudness": -24.222379684448242,
      "mid_to_side_loudness_range": 25.51685333251953,
      "side_mean": -47.41340637207031
    },
    {
      "high_freq": 392.3793640136719,
      "loudness": -26.46269416809082,
      "loudness_range": 17.1580867767334,
      "low_freq": 148.1999969482422,
      "mid_mean": -23.093006134033203,
      "mid_to_side_loudness": -13.91622543334961,
      "mid_to_side_loudness_range": 19.52516746520996,
      "side_mean": -36.59849548339844
    },
    {
      "high_freq": 794.6976318359375,
      "loudness": -29.058185577392578,
      "loudness_range": 17.906288146972656,
      "low_freq": 392.3793640136719,
      "mid_mean": -26.139427185058594,
      "mid_to_side_loudness": -9.256410598754883,
      "mid_to_side_loudness_range": 15.540292739868164,
      "side_mean": -34.595699310302734
    },
    {
      "high_freq": 1457.5709228515625,
      "loudness": -31.231826782226562,
      "loudness_range": 17.8491153717041,
      "low_freq": 794.6976318359375,
      "mid_mean": -28.61809730529785,
      "mid_to_side_loudness": -7.071717739105225,
      "mid_to_side_loudness_range": 13.558074951171875,
      "side_mean": -34.692665100097656
    },
    {
      "high_freq": 2549.74365234375,
      "loudness": -29.085350036621094,
      "loudness_range": 16.47722625732422,
      "low_freq": 1457.5709228515625,
      "mid_mean": -26.376005172729492,
      "mid_to_side_loudness": -7.066946983337402,
      "mid_to_side_loudness_range": 11.177425384521484,
      "side_mean": -33.281768798828125
    },
    {
      "high_freq": 4349.24462890625,
      "loudness": -29.27823829650879,
      "loudness_range": 16.42955207824707,
      "low_freq": 2549.74365234375,
      "mid_mean": -26.360769271850586,
      "mid_to_side_loudness": -8.33044147491455,
      "mid_to_side_loudness_range": 11.562719345092773,
      "side_mean": -34.72658157348633
    },
    {
      "high_freq": 7314.1640625,
      "loudness": -29.7308406829834,
      "loudness_range": 11.080755233764648,
      "low_freq": 4349.24462890625,
      "mid_mean": -26.497907638549805,
      "mid_to_side_loudness": -10.151962280273438,
      "mid_to_side_loudness_range": 8.883232116699219,
      "side_mean": -36.83403015136719
    },
    {
      "high_freq": 12199.2666015625,
      "loudness": -31.0736141204834,
      "loudness_range": 10.673351287841797,
      "low_freq": 7314.1640625,
      "mid_mean": -27.83711814880371,
      "mid_to_side_loudness": -10.986014366149902,
      "mid_to_side_loudness_range": 12.969058990478516,
      "side_mean": -39.00889587402344
    },
    {
      "loudness": -35.337886810302734,
      "loudness_range": 15.01388168334961,
      "low_freq": 12199.2666015625,
      "mid_mean": -32.18841552734375,
      "mid_to_side_loudness": -12.306672096252441,
      "mid_to_side_loudness_range": 18.467510223388672,
      "side_mean": -44.669273376464844
    }
  ],
  "bands_short": [
    {
      "high_freq": 148.1999969482422,
      "loudness": -28.712265014648438,
      "loudness_range": 27.526826858520508,
      "mid_mean": -25.063905715942383,
      "mid_to_side_loudness": -22.24838638305664,
      "mid_to_side_loudness_range": 32.236331939697266,
      "side_mean": -50.27566146850586
    },
    {
      "high_freq": 392.3793640136719,
      "loudness": -27.370380401611328,
      "loudness_range": 22.157089233398438,
      "low_freq": 148.1999969482422,
      "mid_mean": -24.232891082763672,
      "mid_to_side_loudness": -12.974865913391113,
      "mid_to_side_loudness_range": 22.022567749023438,
      "side_mean": -36.91676330566406
    },
    {
      "high_freq": 794.6976318359375,
      "loudness": -30.05202865600586,
      "loudness_range": 21.74711036682129,
      "low_freq": 392.3793640136719,
      "mid_mean": -27.466665267944336,
      "mid_to_side_loudness": -7.758887767791748,
      "mid_to_side_loudness_range": 16.472755432128906,
      "side_mean": -34.934043884277344
    },
    {
      "high_freq": 1457.5709228515625,
      "loudness": -32.06195831298828,
      "loudness_range": 20.613544464111328,
      "low_freq": 794.6976318359375,
      "mid_mean": -29.88821029663086,
      "mid_to_side_loudness": -5.815663814544678,
      "mid_to_side_loudness_range": 13.843242645263672,
      "side_mean": -34.978153228759766
    },
    {
      "high_freq": 2549.74365234375,
      "loudness": -30.372297286987305,
      "loudness_range": 19.214466094970703,
      "low_freq": 1457.5709228515625,
      "mid_mean": -28.055307388305664,
      "mid_to_side_loudness": -5.8266425132751465,
      "mid_to_side_loudness_range": 12.290093421936035,
      "side_mean": -33.7486686706543
    },
    {
      "high_freq": 4349.24462890625,
      "loudness": -30.926437377929688,
      "loudness_range": 20.56280517578125,
      "low_freq": 2549.74365234375,
      "mid_mean": -28.335445404052734,
      "mid_to_side_loudness": -6.681122303009033,
      "mid_to_side_loudness_range": 11.821054458618164,
      "side_mean": -35.083587646484375
    },
    {
      "high_freq": 7314.1640625,
      "loudness": -33.295654296875,
      "loudness_range": 21.809131622314453,
      "low_freq": 4349.24462890625,
      "mid_mean": -30.431962966918945,
      "mid_to_side_loudness": -8.202949523925781,
      "mid_to_side_loudness_range": 12.870460510253906,
      "side_mean": -38.833656311035156
    },
    {
      "high_freq": 12199.2666015625,
      "loudness": -35.03804397583008,
      "loudness_range": 23.324172973632812,
      "low_freq": 7314.1640625,
      "mid_mean": -31.857154846191406,
      "mid_to_side_loudness": -10.937870979309082,
      "mid_to_side_loudness_range": 14.845163345336914,
      "side_mean": -43.16410827636719
    },
    {
      "loudness": -39.88883590698242,
      "loudness_range": 27.540512084960938,
      "low_freq": 12199.2666015625,
      "mid_mean": -36.707847595214844,
      "mid_to_side_loudness": -13.559425354003906,
      "mid_to_side_loudness_range": 20.580568313598633,
      "side_mean": -51.593448638916016
    }
  ],
  "bandwidth": 587.2610473632812,
  "channels": 2,
  "covariance": [
    [
      47.36630630493164,
      17.418920516967773,
      8.352754592895508,
      10.375177383422852,
      8.1582612991333,
      10.047574043273926,
      11.613064765930176,
      10.008469581604004,
      10.308773040771484,
      10.180939674377441,
      8.515240669250488,
      10.319358825683594,
      2.938554286956787,
      4.228116035461426,
      3.2373898029327393,
      -1.2237465381622314,
      11.858556747436523,
      -1.0638481378555298
    ],
    [
      17.418920516967773,
      28.464338302612305,
      8.900352478027344,
      16.98451042175293,
      11.966109275817871,
      15.298783302307129,
      13.556699752807617,
      13.890593528747559,
      11.460350036621094,
      13.668124198913574,
      10.405003547668457,
      14.346738815307617,
      4.190437316894531,
      6.58237886428833,
      3.889913558959961,
      2.8076837062835693,
      4.825769901275635,
      0.7054571509361267
    ],
    [
      8.352754592895508,
      8.900352478027344,
      39.41636657714844,
      23.92401885986328,
      30.068531036376953,
      22.971553802490234,
      23.980405807495117,
      20.674848556518555,
      26.05733299255371,
      20.80548858642578,
      24.051118850708008,
      21.132678985595703,
      14.6420316696167,
      12.968432426452637,
      16.051210403442383,
      9.748891830444336,
      21.39877700805664,
      7.873187065124512
    ],
    [
      10.375177383422852,
      16.98451042175293,
      23.92401885986328,
      50.343482971191406,
      31.137727737426758,
      39.60341262817383,
      29.674116134643555,
      34.672828674316406,
      25.743419647216797,
      32.13931655883789,
      21.238842010498047,
      30.150827407836914,
      9.61026668548584,
      13.875824928283691,
      10.123737335205078,
      6.593934059143066,
      13.606240272521973,
      2.6866302490234375
    ],
    [
      8.1582612991333,
      11.966109275817871,
      30.068531036376953,
      31.137727737426758,
      44.1782112121582,
      33.65029525756836,
      34.600894927978516,
      28.99188232421875,
      29.543729782104492,
      28.504934310913086,
      25.936967849731445,
      26.232576370239258,
      14.167708396911621,
      13.83506965637207,
      15.67227840423584,
      9.091742515563965,
      20.799144744873047,
      6.503835201263428
    ],
    [
      10.047574043273926,
      15.298783302307129,
      22.971553802490234,
      39.60341262817383,
      33.65029525756836,
      53.12388610839844,
      33.01728057861328,
      42.9423942565918,
      28.59508514404297,
      35.047447204589844,
      24.346601486206055,
      31.897829055786133,
      11.427361488342285,
      15.943172454833984,
      11.471845626831055,
      8.316641807556152,
      16.279382705688477,
      4.25425386428833
    ],
    [
      11.613064765930176,
      13.556699752807617,
      23.980405807495117,
      29.674116134643555,
      34.600894927978516,
      33.01728057861328,
      39.88597869873047,
      33.40803146362305,
      32.43424987792969,
      30.873271942138672,
      28.165294647216797,
      29.0971622467041,
      13.364093780517578,
      14.58995246887207,
      12.026530265808105,
      7.145298004150391,
      17.641109466552734,
      4.705081462860107
    ],
    [
      10.008469581604004,
      13.890593528747559,
      20.674848556518555,
      34.672828674316406,
      28.99188232421875,
      42.9423942565918,
      33.40803146362305,
      54.42609405517578,
      26.935394287109375,
      36.30986785888672,
      22.78767204284668,
      33.80630111694336,
      10.820829391479492,
      16.74688720703125,
      9.772278785705566,
      8.525117874145508,
      12.899907112121582,
      3.519719362258911
    ],
    [
      10.308773040771484,
      11.460350036621094,
      26.05733299255371,
      25.743419647216797,
      29.543729782104492,
      28.59508514404297,
      32.43424987792969,
      26.935394287109375,
      36.796485900878906,
      28.746736526489258,
      31.598108291625977,
      27.97949981689453,
      15.323199272155762,
      14.920635223388672,
      13.103276252746582,
      7.5319952964782715,
      19.473628997802734,
      5.510415077209473
    ],
    [
      10.180939674377441,
      13.668124198913574,
      20.80548858642578,
      32.13931655883789,
      28.504934310913086,
      35.047447204589844,
      30.873271942138672,
      36.30986785888672,
      28.746736526489258,
      37.85895538330078,
      22.916555404663086,
      31.626399993896484,
      10.799452781677246,
      15.526983261108398,
      10.289349555969238,
      7.854037284851074,
      14.114896774291992,
      3.613219738006592
    ],
    [
      8.515240669250488,
      10.405003547668457,
      24.051118850708008,
      21.238842010498047,
      25.936967849731445,
      24.346601486206055,
      28.165294647216797,
      22.78767204284668,
      31.598108291625977,
      22.916555404663086,
      35.6689453125,
      26.963106155395508,
      18.123294830322266,
      16.501853942871094,
      14.265501976013184,
      8.233231544494629,
      20.124752044677734,
      6.444035530090332
    ],
    [
      10.319358825683594,
      14.346738815307617,
      21.132678985595703,
      30.150827407836914,
      26.232576370239258,
      31.897829055786133,
      29.0971622467041,
      33.80630111694336,
      27.97949981689453,
      31.626399993896484,
      26.963106155395508,
      35.19538497924805,
      12.8820161819458,
      18.197174072265625,
      10.766860961914062,
      8.689016342163086,
      13.5946683883667,
      4.0553765296936035
    ],
    [
      2.938554286956787,
      4.190437316894531,
      14.6420316696167,
      9.61026668548584,
      14.167708396911621,
      11.427361488342285,
      13.364093780517578,
      10.820829391479492,
      15.323199272155762,
      10.799452781677246,
      18.123294830322266,
      12.8820161819458,
      15.062858581542969,
      10.670304298400879,
      13.044977188110352,
      8.24165153503418,
      13.628026962280273,
      6.61031436920166
    ],
    [
      4.228116035461426,
      6.58237886428833,
      12.968432426452637,
      13.875824928283691,
      13.83506965637207,
      15.943172454833984,
      14.58995246887207,
      16.74688720703125,
      14.920635223388672,
      15.526983261108398,
      16.501853942871094,
      18.197174072265625,
      10.670304298400879,
      17.770559310913086,
      8.650558471679688,
      14.200979232788086,
      7.808708667755127,
      8.788961410522461
    ],
    [
      3.2373898029327393,
      3.889913558959961,
      16.051210403442383,
      10.123737335205078,
      15.67227840423584,
      11.471845626831055,
      12.026530265808105,
      9.772278785705566,
      13.103276252746582,
      10.289349555969238,
      14.265501976013184,
      10.766860961914062,
      13.044977188110352,
      8.650558471679688,
      15.048481941223145,
      8.093581199645996,
      17.305946350097656,
      7.2501654624938965
    ],
    [
      -1.2237465381622314,
      2.8076837062835693,
      9.748891830444336,
      6.593934059143066,
      9.091742515563965,
      8.316641807556152,
      7.145298004150391,
      8.525117874145508,
      7.5319952964782715,
      7.854037284851074,
      8.233231544494629,
      8.689016342163086,
      8.24165153503418,
      14.200979232788086,
      8.093581199645996,
      19.073211669921875,
      4.426606178283691,
      13.438909530639648
    ],
    [
      11.858556747436523,
      4.825769901275635,
      21.39877700805664,
      13.606240272521973,
      20.799144744873047,
      16.279382705688477,
      17.641109466552734,
      12.899907112121582,
      19.473628997802734,
      14.114896774291992,
      20.124752044677734,
      13.5946683883667,
      13.628026962280273,
      7.808708667755127,
      17.305946350097656,
      4.426606178283691,
      35.813720703125,
      8.150630950927734
    ],
    [
      -1.0638481378555298,
      0.7054571509361267,
      7.873187065124512,
      2.6866302490234375,
      6.503835201263428,
      4.25425386428833,
      4.705081462860107,
      3.519719362258911,
      5.510415077209473,
      3.613219738006592,
      6.444035530090332,
      4.0553765296936035,
      6.61031436920166,
      8.788961410522461,
      7.2501654624938965,
      13.438909530639648,
      8.150630950927734,
      12.895223617553711
    ]
  ],
  "covariance_short": [
    [
      97.2007827758789,
      24.744998931884766,
      4.267580032348633,
      7.646646499633789,
      7.153876304626465,
      5.821971893310547,
      9.059547424316406,
      7.0522894859313965,
      8.038798332214355,
      7.2787251472473145,
      9.206008911132812,
      8.084258079528809,
      7.475778102874756,
      5.854378700256348,
      4.211735725402832,
      1.8371549844741821,
      6.966867446899414,
      -0.68036288022995
    ],
    [
      24.744998931884766,
      49.01277160644531,
      11.284263610839844,
      15.441390037536621,
      15.130311012268066,
      16.094966888427734,
      15.603952407836914,
      15.103394508361816,
      15.208527565002441,
      14.61626148223877,
      15.143975257873535,
      16.643123626708984,
      10.870994567871094,
      11.844045639038086,
      8.934249877929688,
      11.314065933227539,
      5.997108459472656,
      13.732294082641602
    ],
    [
      4.267580032348633,
      11.284263610839844,
      68.19572448730469,
      30.31904411315918,
      41.89434051513672,
      28.060344696044922,
      35.74794006347656,
      24.943761825561523,
      37.81509017944336,
      25.409841537475586,
      38.38276672363281,
      28.048927307128906,
      32.05424118041992,
      24.733501434326172,
      31.601543426513672,
      26.10585594177246,
      28.360509872436523,
      24.058622360229492
    ],
    [
      7.646646499633789,
      15.441390037536621,
      30.31904411315918,
      51.671119689941406,
      35.21771240234375,
      38.57738494873047,
      34.66274642944336,
      35.01299285888672,
      30.896150588989258,
      31.372970581054688,
      28.703432083129883,
      31.911806106567383,
      19.512420654296875,
      21.467388153076172,
      17.355192184448242,
      18.65842056274414,
      13.876447677612305,
      12.220977783203125
    ],
    [
      7.153876304626465,
      15.130311012268066,
      41.89434051513672,
      35.21771240234375,
      66.34603881835938,
      40.77275466918945,
      50.32267379760742,
      36.20594787597656,
      42.90976333618164,
      34.0416374206543,
      41.36738967895508,
      34.684547424316406,
      31.634187698364258,
      27.330810546875,
      31.07632064819336,
      27.918689727783203,
      26.84569549560547,
      22.46419334411621
    ],
    [
      5.821971893310547,
      16.094966888427734,
      28.060344696044922,
      38.57738494873047,
      40.77275466918945,
      56.56698989868164,
      39.94034194946289,
      44.143070220947266,
      33.51982498168945,
      35.75047302246094,
      31.47051429748535,
      35.68398666381836,
      20.419170379638672,
      23.892492294311523,
      17.726133346557617,
      19.301349639892578,
      15.935858726501465,
      11.936951637268066
    ],
    [
      9.059547424316406,
      15.603952407836914,
      35.74794006347656,
      34.66274642944336,
      50.32267379760742,
      39.94034194946289,
      61.75398635864258,
      42.58380889892578,
      45.61917495727539,
      37.687442779541016,
      43.46553421020508,
      38.433929443359375,
      31.141990661621094,
      27.78103256225586,
      25.243364334106445,
      25.18233871459961,
      21.607826232910156,
      18.913862228393555
    ],
    [
      7.0522894859313965,
      15.103394508361816,
      24.943761825561523,
      35.01299285888672,
      36.20594787597656,
      44.143070220947266,
      42.58380889892578,
      57.866844177246094,
      33.21046829223633,
      37.979373931884766,
      30.75932502746582,
      36.540771484375,
      20.174030303955078,
      23.8746280670166,
      16.03847312927246,
      18.433984756469727,
      13.710986137390137,
      10.627589225769043
    ],
    [
      8.038798332214355,
      15.208527565002441,
      37.81509017944336,
      30.896150588989258,
      42.90976333618164,
      33.51982498168945,
      45.61917495727539,
      33.21046829223633,
      51.989219665527344,
      35.71788787841797,
      47.065513610839844,
      37.34815979003906,
      34.12024688720703,
      28.40703582763672,
      28.65680503845215,
      26.589889526367188,
      24.491716384887695,
      22.023929595947266
    ],
    [
      7.2787251472473145,
      14.61626148223877,
      25.409841537475586,
      31.372970581054688,
      34.0416374206543,
      35.75047302246094,
      37.687442779541016,
      37.979373931884766,
      35.71788787841797,
      41.77497482299805,
      32.22420120239258,
      35.95741653442383,
      21.189027786254883,
      23.842809677124023,
      17.497629165649414,
      19.83391571044922,
      14.376463890075684,
      12.371448516845703
    ],
    [
      9.206008911132812,
      15.143975257873535,
      38.38276672363281,
      28.703432083129883,
      41.36738967895508,
      31.47051429748535,
      43.46553421020508,
      30.75932502746582,
      47.065513610839844,
      32.22420120239258,
      54.850223541259766,
      38.15352249145508,
      42.778053283691406,
      32.65016174316406,
      35.01968002319336,
      31.51918601989746,
      30.80649185180664,
      27.93366813659668
    ],
    [
      8.084258079528809,
      16.643123626708984,
      28.048927307128906,
      31.911806106567383,
      34.684547424316406,
      35.68398666381836,
      38.433929443359375,
      36.540771484375,
      37.34815979003906,
      35.95741653442383,
      38.15352249145508,
      42.710914611816406,
      26.3248348236084,
      28.84515380859375,
      20.441553115844727,
      23.705957412719727,
      17.2142333984375,
      16.168336868286133
    ],
    [
      7.475778102874756,
      10.870994567871094,
      32.05424118041992,
      19.512420654296875,
      31.634187698364258,
      20.419170379638672,
      31.141990661621094,
      20.174030303955078,
      34.12024688720703,
      21.189027786254883,
      42.778053283691406,
      26.3248348236084,
      57.430850982666016,
      34.987213134765625,
      50.76902389526367,
      43.80988693237305,
      45.34074783325195,
      46.86379623413086
    ],
    [
      5.854378700256348,
      11.844045639038086,
      24.733501434326172,
      21.467388153076172,
      27.330810546875,
      23.892492294311523,
      27.78103256225586,
      23.8746280670166,
      28.40703582763672,
      23.842809677124023,
      32.65016174316406,
      28.84515380859375,
      34.987213134765625,
      35.76727294921875,
      30.179277420043945,
      37.2264518737793,
      25.943925857543945,
      33.65749740600586
    ],
    [
      4.211735725402832,
      8.934249877929688,
      31.601543426513672,
      17.355192184448242,
      31.07632064819336,
      17.726133346557617,
      25.243364334106445,
      16.03847312927246,
      28.65680503845215,
      17.497629165649414,
      35.01968002319336,
      20.441553115844727,
      50.76902389526367,
      30.179277420043945,
      62.87510681152344,
      44.88832473754883,
      59.11943435668945,
      53.318477630615234
    ],
    [
      1.8371549844741821,
      11.314065933227539,
      26.10585594177246,
      18.65842056274414,
      27.918689727783203,
      19.301349639892578,
      25.18233871459961,
      18.433984756469727,
      26.589889526367188,
      19.83391571044922,
      31.51918601989746,
      23.705957412719727,
      43.80988693237305,
      37.2264518737793,
      44.88832473754883,
      53.624080657958984,
      37.95841598510742,
      53.861602783203125
    ],
    [
      6.966867446899414,
      5.997108459472656,
      28.360509872436523,
      13.876447677612305,
      26.84569549560547,
      15.935858726501465,
      21.607826232910156,
      13.710986137390137,
      24.491716384887695,
      14.376463890075684,
      30.80649185180664,
      17.2142333984375,
      45.34074783325195,
      25.943925857543945,
      59.11943435668945,
      37.95841598510742,
      87.0674057006836,
      56.635074615478516
    ],
    [
      -0.68036288022995,
      13.732294082641602,
      24.058622360229492,
      12.220977783203125,
      22.46419334411621,
      11.936951637268066,
      18.913862228393555,
      10.627589225769043,
      22.023929595947266,
      12.371448516845703,
      27.93366813659668,
      16.168336868286133,
      46.86379623413086,
      33.65749740600586,
      53.318477630615234,
      53.861602783203125,
      56.635074615478516,
      78.11833953857422
    ]
  ],
  "damage": -9.33547592163086,
  "diff_bandwidth": 583.39990234375,
  "dissonance": 9.379272755250765,
  "drr": 1.2469762563705444,
  "dynamics": 3.802187204360962,
  "format": 1245190,
  "frames": 16105408,
  "loudness": -14.619890213012695,
  "loudness_range": 9.923380851745605,
  "loudness_range_short": 14.29494571685791,
  "lowpass_true_peak_15khz": 0.48541760444641113,
  "mastering3_acoustic_entropies": [
    {
      "acoustic_entropy": 6.8629961013793945,
      "acoustic_entropy_mono": 7.050317287445068,
      "band_eliminated_acoustic_entropies": [
        {
          "acoustic_entropy": 6.805745601654053,
          "acoustic_entropy_side": 6.86295747756958,
          "hz": 129.47220167065723
        },
        {
          "acoustic_entropy": 7.107734680175781,
          "acoustic_entropy_side": 6.863075256347656,
          "hz": 202.92927478742237
        },
        {
          "acoustic_entropy": 6.938415050506592,
          "acoustic_entropy_side": 6.865731239318848,
          "hz": 282.89161906338205
        },
        {
          "acoustic_entropy": 6.270837306976318,
          "acoustic_entropy_side": 6.873803615570068,
          "hz": 369.9353335868758
        },
        {
          "acoustic_entropy": 6.7816596031188965,
          "acoustic_entropy_side": 6.862338066101074,
          "hz": 464.6875360973435
        },
        {
          "acoustic_entropy": 6.844821453094482,
          "acoustic_entropy_side": 6.881436347961426,
          "hz": 567.8308811364784
        },
        {
          "acoustic_entropy": 7.192107200622559,
          "acoustic_entropy_side": 6.808471202850342,
          "hz": 680.1084783214808
        },
        {
          "acoustic_entropy": 7.265841484069824,
          "acoustic_entropy_side": 6.859262943267822,
          "hz": 802.3292461747484
        },
        {
          "acoustic_entropy": 6.666512966156006,
          "acoustic_entropy_side": 6.87472677230835,
          "hz": 935.3737400823702
        },
        {
          "acoustic_entropy": 7.0330305099487305,
          "acoustic_entropy_side": 6.885960578918457,
          "hz": 1080.2004963696966
        },
        {
          "acoustic_entropy": 6.831122398376465,
          "acoustic_entropy_side": 6.802102565765381,
          "hz": 1237.8529382007157
        },
        {
          "acoustic_entropy": 6.555624961853027,
          "acoustic_entropy_side": 6.833221912384033,
          "hz": 1409.4668930556702
        },
        {
          "acoustic_entropy": 6.907146453857422,
          "acoustic_entropy_side": 6.941007614135742,
          "hz": 1596.2787759475705
        },
        {
          "acoustic_entropy": 6.762060165405273,
          "acoustic_entropy_side": 6.680823802947998,
          "hz": 1799.6344973346393
        },
        {
          "acoustic_entropy": 6.826709270477295,
          "acoustic_entropy_side": 6.754456996917725,
          "hz": 2020.9991599069049
        },
        {
          "acoustic_entropy": 6.96840763092041,
          "acoustic_entropy_side": 6.859039783477783,
          "hz": 2261.9676141086993
        },
        {
          "acoustic_entropy": 6.834130764007568,
          "acoustic_entropy_side": 6.867581844329834,
          "hz": 2524.2759484456974
        },
        {
          "acoustic_entropy": 6.767626762390137,
          "acoustic_entropy_side": 6.825560569763184,
          "hz": 2809.813997359896
        },
        {
          "acoustic_entropy": 6.804887294769287,
          "acoustic_entropy_side": 6.899807453155518,
          "hz": 3120.6389567871424
        },
        {
          "acoustic_entropy": 6.922863006591797,
          "acoustic_entropy_side": 6.94748067855835,
          "hz": 3458.990205492291
        },
        {
          "acoustic_entropy": 6.8285346031188965,
          "acoustic_entropy_side": 6.926390171051025,
          "hz": 3827.305438964164
        },
        {
          "acoustic_entropy": 6.8045268058776855,
          "acoustic_entropy_side": 6.902292728424072,
          "hz": 4228.238232109126
        },
        {
          "acoustic_entropy": 7.024868011474609,
          "acoustic_entropy_side": 6.913578987121582,
          "hz": 4664.6771572759235
        },
        {
          "acoustic_entropy": 6.882818222045898,
          "acoustic_entropy_side": 6.912385940551758,
          "hz": 5139.766595350093
        },
        {
          "acoustic_entropy": 6.88871431350708,
          "acoustic_entropy_side": 6.883023262023926,
          "hz": 5656.929389854203
        },
        {
          "acoustic_entropy": 6.819156169891357,
          "acoustic_entropy_side": 6.821023464202881,
          "hz": 6219.891507268283
        },
        {
          "acoustic_entropy": 6.7493205070495605,
          "acoustic_entropy_side": 6.858684062957764,
          "hz": 6832.70888123896
        },
        {
          "acoustic_entropy": 6.882966041564941,
          "acoustic_entropy_side": 6.896363735198975,
          "hz": 7499.796634079867
        },
        {
          "acoustic_entropy": 6.888428211212158,
          "acoustic_entropy_side": 6.901044845581055,
          "hz": 8225.96088609342
        },
        {
          "acoustic_entropy": 6.948487758636475,
          "acoustic_entropy_side": 6.8805646896362305,
          "hz": 9016.43338188839
        },
        {
          "acoustic_entropy": 6.963680744171143,
          "acoustic_entropy_side": 6.871149063110352,
          "hz": 9876.909183162974
        },
        {
          "acoustic_entropy": 6.977320671081543,
          "acoustic_entropy_side": 6.868082523345947,
          "hz": 10813.587699516042
        },
        {
          "acoustic_entropy": 7.000102996826172,
          "acoustic_entropy_side": 6.875482082366943,
          "hz": 11833.21735289826
        },
        {
          "acoustic_entropy": 6.910815238952637,
          "acoustic_entropy_side": 6.871047496795654,
          "hz": 12943.144197493959
        },
        {
          "acoustic_entropy": 6.781303405761719,
          "acoustic_entropy_side": 6.8225860595703125,
          "hz": 14151.364845322005
        },
        {
          "acoustic_entropy": 6.863085746765137,
          "acoustic_entropy_side": 6.8043107986450195,
          "hz": 15466.58407886509
        },
        {
          "acoustic_entropy": 6.638613224029541,
          "acoustic_entropy_side": 6.809723377227783,
          "hz": 16898.27756580493
        },
        {
          "acoustic_entropy": 6.822572231292725,
          "acoustic_entropy_side": 6.856551170349121,
          "hz": 18456.760127700032
        },
        {
          "acoustic_entropy": 6.875450134277344,
          "acoustic_entropy_side": 6.862401008605957,
          "hz": 20153.260054456492
        },
        {
          "acoustic_entropy": 6.867218494415283,
          "acoustic_entropy_side": 6.862979888916016,
          "hz": 22000.00000000001
        }
      ],
      "diff_acoustic_entropy": 6.427587032318115,
      "sn": 6
    },
    {
      "acoustic_entropy": 11.332317352294922,
      "acoustic_entropy_mono": 10.963350296020508,
      "band_eliminated_acoustic_entropies": [
        {
          "acoustic_entropy": 10.899357795715332,
          "acoustic_entropy_side": 11.332300186157227,
          "hz": 129.47220167065723
        },
        {
          "acoustic_entropy": 12.025246620178223,
          "acoustic_entropy_side": 11.332109451293945,
          "hz": 202.92927478742237
        },
        {
          "acoustic_entropy": 11.98898696899414,
          "acoustic_entropy_side": 11.357499122619629,
          "hz": 282.89161906338205
        },
        {
          "acoustic_entropy": 10.719038963317871,
          "acoustic_entropy_side": 11.346996307373047,
          "hz": 369.9353335868758
        },
        {
          "acoustic_entropy": 11.731586456298828,
          "acoustic_entropy_side": 11.467443466186523,
          "hz": 464.6875360973435
        },
        {
          "acoustic_entropy": 11.595600128173828,
          "acoustic_entropy_side": 11.1519775390625,
          "hz": 567.8308811364784
        },
        {
          "acoustic_entropy": 11.377628326416016,
          "acoustic_entropy_side": 11.244550704956055,
          "hz": 680.1084783214808
        },
        {
          "acoustic_entropy": 10.729988098144531,
          "acoustic_entropy_side": 11.179047584533691,
          "hz": 802.3292461747484
        },
        {
          "acoustic_entropy": 11.539833068847656,
          "acoustic_entropy_side": 11.183004379272461,
          "hz": 935.3737400823702
        },
        {
          "acoustic_entropy": 11.238051414489746,
          "acoustic_entropy_side": 11.28171443939209,
          "hz": 1080.2004963696966
        },
        {
          "acoustic_entropy": 11.404280662536621,
          "acoustic_entropy_side": 11.158266067504883,
          "hz": 1237.8529382007157
        },
        {
          "acoustic_entropy": 11.497207641601562,
          "acoustic_entropy_side": 11.526763916015625,
          "hz": 1409.4668930556702
        },
        {
          "acoustic_entropy": 11.446808815002441,
          "acoustic_entropy_side": 11.241904258728027,
          "hz": 1596.2787759475705
        },
        {
          "acoustic_entropy": 11.295365333557129,
          "acoustic_entropy_side": 11.562246322631836,
          "hz": 1799.6344973346393
        },
        {
          "acoustic_entropy": 11.303507804870605,
          "acoustic_entropy_side": 11.248400688171387,
          "hz": 2020.9991599069049
        },
        {
          "acoustic_entropy": 11.412606239318848,
          "acoustic_entropy_side": 11.304383277893066,
          "hz": 2261.9676141086993
        },
        {
          "acoustic_entropy": 11.406124114990234,
          "acoustic_entropy_side": 11.335144996643066,
          "hz": 2524.2759484456974
        },
        {
          "acoustic_entropy": 11.216326713562012,
          "acoustic_entropy_side": 11.33457088470459,
          "hz": 2809.813997359896
        },
        {
          "acoustic_entropy": 11.427460670471191,
          "acoustic_entropy_side": 11.335872650146484,
          "hz": 3120.6389567871424
        },
        {
          "acoustic_entropy": 11.166400909423828,
          "acoustic_entropy_side": 11.342916488647461,
          "hz": 3458.990205492291
        },
        {
          "acoustic_entropy": 10.91804027557373,
          "acoustic_entropy_side": 11.083977699279785,
          "hz": 3827.305438964164
        },
        {
          "acoustic_entropy": 11.257492065429688,
          "acoustic_entropy_side": 11.307332992553711,
          "hz": 4228.238232109126
        },
        {
          "acoustic_entropy": 11.437968254089355,
          "acoustic_entropy_side": 11.286481857299805,
          "hz": 4664.6771572759235
        },
        {
          "acoustic_entropy": 11.418601036071777,
          "acoustic_entropy_side": 11.459270477294922,
          "hz": 5139.766595350093
        },
        {
          "acoustic_entropy": 11.182613372802734,
          "acoustic_entropy_side": 11.236093521118164,
          "hz": 5656.929389854203
        },
        {
          "acoustic_entropy": 11.234304428100586,
          "acoustic_entropy_side": 11.214354515075684,
          "hz": 6219.891507268283
        },
        {
          "acoustic_entropy": 11.215324401855469,
          "acoustic_entropy_side": 11.174853324890137,
          "hz": 6832.70888123896
        },
        {
          "acoustic_entropy": 11.375958442687988,
          "acoustic_entropy_side": 11.295662879943848,
          "hz": 7499.796634079867
        },
        {
          "acoustic_entropy": 11.086905479431152,
          "acoustic_entropy_side": 11.274251937866211,
          "hz": 8225.96088609342
        },
        {
          "acoustic_entropy": 11.157856941223145,
          "acoustic_entropy_side": 11.26007080078125,
          "hz": 9016.43338188839
        },
        {
          "acoustic_entropy": 11.034101486206055,
          "acoustic_entropy_side": 11.1566162109375,
          "hz": 9876.909183162974
        },
        {
          "acoustic_entropy": 11.265398025512695,
          "acoustic_entropy_side": 11.193477630615234,
          "hz": 10813.587699516042
        },
        {
          "acoustic_entropy": 11.319534301757812,
          "acoustic_entropy_side": 11.150080680847168,
          "hz": 11833.21735289826
        },
        {
          "acoustic_entropy": 11.078311920166016,
          "acoustic_entropy_side": 11.12876033782959,
          "hz": 12943.144197493959
        },
        {
          "acoustic_entropy": 11.149622917175293,
          "acoustic_entropy_side": 11.231636047363281,
          "hz": 14151.364845322005
        },
        {
          "acoustic_entropy": 11.492688179016113,
          "acoustic_entropy_side": 11.28663158416748,
          "hz": 15466.58407886509
        },
        {
          "acoustic_entropy": 10.842646598815918,
          "acoustic_entropy_side": 11.287191390991211,
          "hz": 16898.27756580493
        },
        {
          "acoustic_entropy": 11.182801246643066,
          "acoustic_entropy_side": 11.331196784973145,
          "hz": 18456.760127700032
        },
        {
          "acoustic_entropy": 11.489239692687988,
          "acoustic_entropy_side": 11.333653450012207,
          "hz": 20153.260054456492
        },
        {
          "acoustic_entropy": 11.422399520874023,
          "acoustic_entropy_side": 11.3323974609375,
          "hz": 22000.00000000001
        }
      ],
      "diff_acoustic_entropy": 9.999300956726074,
      "sn": 12
    },
    {
      "acoustic_entropy": 18.736906051635742,
      "acoustic_entropy_mono": 15.952555656433105,
      "band_eliminated_acoustic_entropies": [
        {
          "acoustic_entropy": 16.916080474853516,
          "acoustic_entropy_side": 18.73939323425293,
          "hz": 129.47220167065723
        },
        {
          "acoustic_entropy": 18.984943389892578,
          "acoustic_entropy_side": 18.69770622253418,
          "hz": 202.92927478742237
        },
        {
          "acoustic_entropy": 18.850364685058594,
          "acoustic_entropy_side": 18.268564224243164,
          "hz": 282.89161906338205
        },
        {
          "acoustic_entropy": 18.74309539794922,
          "acoustic_entropy_side": 18.773277282714844,
          "hz": 369.9353335868758
        },
        {
          "acoustic_entropy": 18.08112144470215,
          "acoustic_entropy_side": 18.537586212158203,
          "hz": 464.6875360973435
        },
        {
          "acoustic_entropy": 18.13765525817871,
          "acoustic_entropy_side": 18.44048309326172,
          "hz": 567.8308811364784
        },
        {
          "acoustic_entropy": 18.702329635620117,
          "acoustic_entropy_side": 18.685009002685547,
          "hz": 680.1084783214808
        },
        {
          "acoustic_entropy": 18.409358978271484,
          "acoustic_entropy_side": 18.72273826599121,
          "hz": 802.3292461747484
        },
        {
          "acoustic_entropy": 19.11516761779785,
          "acoustic_entropy_side": 18.860567092895508,
          "hz": 935.3737400823702
        },
        {
          "acoustic_entropy": 18.49846839904785,
          "acoustic_entropy_side": 18.769577026367188,
          "hz": 1080.2004963696966
        },
        {
          "acoustic_entropy": 18.92325782775879,
          "acoustic_entropy_side": 18.907123565673828,
          "hz": 1237.8529382007157
        },
        {
          "acoustic_entropy": 18.465782165527344,
          "acoustic_entropy_side": 18.837268829345703,
          "hz": 1409.4668930556702
        },
        {
          "acoustic_entropy": 19.095094680786133,
          "acoustic_entropy_side": 18.426218032836914,
          "hz": 1596.2787759475705
        },
        {
          "acoustic_entropy": 17.911075592041016,
          "acoustic_entropy_side": 18.265470504760742,
          "hz": 1799.6344973346393
        },
        {
          "acoustic_entropy": 19.010021209716797,
          "acoustic_entropy_side": 18.673965454101562,
          "hz": 2020.9991599069049
        },
        {
          "acoustic_entropy": 18.782297134399414,
          "acoustic_entropy_side": 18.757596969604492,
          "hz": 2261.9676141086993
        },
        {
          "acoustic_entropy": 18.63127899169922,
          "acoustic_entropy_side": 18.75570297241211,
          "hz": 2524.2759484456974
        },
        {
          "acoustic_entropy": 18.777923583984375,
          "acoustic_entropy_side": 18.2701473236084,
          "hz": 2809.813997359896
        },
        {
          "acoustic_entropy": 19.08375358581543,
