{
  "acoustic_entropy": 219.07373046875,
  "bands": [
    {
      "high_freq": 148.1999969482422,
      "loudness": -19.882680892944336,
      "loudness_range": 6.80859375,
      "mid_mean": -16.447797775268555,
      "mid_to_side_loudness": -13.364237785339355,
      "mid_to_side_loudness_range": 10.187478065490723,
      "side_mean": -29.836471557617188
    },
    {
      "high_freq": 392.3793640136719,
      "loudness": -16.913776397705078,
      "loudness_range": 6.066730499267578,
      "low_freq": 148.1999969482422,
      "mid_mean": -15.470717430114746,
      "mid_to_side_loudness": -2.1588516235351562,
      "mid_to_side_loudness_range": 7.530143737792969,
      "side_mean": -17.63087272644043
    },
    {
      "high_freq": 794.6976318359375,
      "loudness": -18.995954513549805,
      "loudness_range": 8.358697891235352,
      "low_freq": 392.3793640136719,
      "mid_mean": -16.767911911010742,
      "mid_to_side_loudness": -4.744715213775635,
      "mid_to_side_loudness_range": 9.3939208984375,
      "side_mean": -21.550750732421875
    },
    {
      "high_freq": 1457.5709228515625,
      "loudness": -19.293264389038086,
      "loudness_range": 11.982547760009766,
      "low_freq": 794.6976318359375,
      "mid_mean": -16.802379608154297,
      "mid_to_side_loudness": -6.098146438598633,
      "mid_to_side_loudness_range": 10.786526679992676,
      "side_mean": -22.988019943237305
    },
    {
      "high_freq": 2549.74365234375,
      "loudness": -19.364465713500977,
      "loudness_range": 9.191762924194336,
      "low_freq": 1457.5709228515625,
      "mid_mean": -17.219120025634766,
      "mid_to_side_loudness": -4.14602518081665,
      "mid_to_side_loudness_range": 7.131302356719971,
      "side_mean": -21.40705108642578
    },
    {
      "high_freq": 4349.24462890625,
      "loudness": -20.6267032623291,
      "loudness_range": 7.873584747314453,
      "low_freq": 2549.74365234375,
      "mid_mean": -18.446901321411133,
      "mid_to_side_loudness": -4.135138511657715,
      "mid_to_side_loudness_range": 6.711889266967773,
      "side_mean": -22.665849685668945
    },
    {
      "high_freq": 7314.1640625,
      "loudness": -24.171762466430664,
      "loudness_range": 9.055961608886719,
      "low_freq": 4349.24462890625,
      "mid_mean": -21.312362670898438,
      "mid_to_side_loudness": -7.1095871925354,
      "mid_to_side_loudness_range": 6.497214317321777,
      "side_mean": -28.52741050720215
    },
    {
      "high_freq": 12199.2666015625,
      "loudness": -26.92357635498047,
      "loudness_range": 11.952703475952148,
      "low_freq": 7314.1640625,
      "mid_mean": -23.878896713256836,
      "mid_to_side_loudness": -8.759292602539062,
      "mid_to_side_loudness_range": 8.887380599975586,
      "side_mean": -32.786376953125
    },
    {
      "loudness": -34.57249069213867,
      "loudness_range": 13.445348739624023,
      "low_freq": 12199.2666015625,
      "mid_mean": -31.80093765258789,
      "mid_to_side_loudness": -7.179455280303955,
      "mid_to_side_loudness_range": 9.568836212158203,
      "side_mean": -39.08623123168945
    }
  ],
  "bands_short": [
    {
      "high_freq": 148.1999969482422,
      "loudness": -24.433446884155273,
      "loudness_range": 14.291357040405273,
      "mid_mean": -21.13193702697754,
      "mid_to_side_loudness": -14.531776428222656,
      "mid_to_side_loudness_range": 18.967302322387695,
      "side_mean": -35.675010681152344
    },
    {
      "high_freq": 392.3793640136719,
      "loudness": -16.30331039428711,
      "loudness_range": 7.0166425704956055,
      "low_freq": 148.1999969482422,
      "mid_mean": -14.528316497802734,
      "mid_to_side_loudness": -3.5004525184631348,
      "mid_to_side_loudness_range": 10.703798294067383,
      "side_mean": -18.05085563659668
    },
    {
      "high_freq": 794.6976318359375,
      "loudness": -19.791521072387695,
      "loudness_range": 11.175134658813477,
      "low_freq": 392.3793640136719,
      "mid_mean": -18.00318145751953,
      "mid_to_side_loudness": -3.847280263900757,
      "mid_to_side_loudness_range": 12.399959564208984,
      "side_mean": -21.89200210571289
    },
    {
      "high_freq": 1457.5709228515625,
      "loudness": -19.94175910949707,
      "loudness_range": 14.395968437194824,
      "low_freq": 794.6976318359375,
      "mid_mean": -17.760726928710938,
      "mid_to_side_loudness": -5.337234973907471,
      "mid_to_side_loudness_range": 13.358185768127441,
      "side_mean": -23.198333740234375
    },
    {
      "high_freq": 2549.74365234375,
      "loudness": -19.99593734741211,
      "loudness_range": 11.849020004272461,
      "low_freq": 1457.5709228515625,
      "mid_mean": -18.03731346130371,
      "mid_to_side_loudness": -3.9897103309631348,
      "mid_to_side_loudness_range": 10.061777114868164,
      "side_mean": -22.05060386657715
    },
    {
      "high_freq": 4349.24462890625,
      "loudness": -21.144329071044922,
      "loudness_range": 10.350642204284668,
      "low_freq": 2549.74365234375,
      "mid_mean": -19.073972702026367,
      "mid_to_side_loudness": -4.13967227935791,
      "mid_to_side_loudness_range": 8.959190368652344,
      "side_mean": -23.26762580871582
    },
    {
      "high_freq": 7314.1640625,
      "loudness": -24.882171630859375,
      "loudness_range": 12.151805877685547,
      "low_freq": 4349.24462890625,
      "mid_mean": -22.132272720336914,
      "mid_to_side_loudness": -6.851234436035156,
      "mid_to_side_loudness_range": 9.11571979522705,
      "side_mean": -29.144145965576172
    },
    {
      "high_freq": 12199.2666015625,
      "loudness": -28.16094970703125,
      "loudness_range": 14.587722778320312,
      "low_freq": 7314.1640625,
      "mid_mean": -25.186126708984375,
      "mid_to_side_loudness": -8.3535737991333,
      "mid_to_side_loudness_range": 11.168326377868652,
      "side_mean": -33.929649353027344
    },
    {
      "loudness": -37.42121505737305,
      "loudness_range": 20.63449478149414,
      "low_freq": 12199.2666015625,
      "mid_mean": -34.66697311401367,
      "mid_to_side_loudness": -7.241439342498779,
      "mid_to_side_loudness_range": 11.316495895385742,
      "side_mean": -42.38996505737305
    }
  ],
  "bandwidth": 764.5317993164062,
  "channels": 2,
  "covariance": [
    [
      8.303462028503418,
      4.421892166137695,
      1.2477881908416748,
      2.066070318222046,
      -0.610922634601593,
      0.5132813453674316,
      -0.20835433900356293,
      -0.22931663691997528,
      0.6413304805755615,
      0.8743883967399597,
      0.6539263129234314,
      0.44343364238739014,
      1.08453369140625,
      0.386638879776001,
      1.1110783815383911,
      0.2556232810020447,
      0.8796638250350952,
      0.36634188890457153
    ],
    [
      4.421892166137695,
      13.454756736755371,
      1.447036623954773,
      1.8841795921325684,
      -0.9216524958610535,
      -1.9138802289962769,
      -2.5866332054138184,
      -3.4453163146972656,
      -1.6070904731750488,
      -1.9691599607467651,
      -1.066306471824646,
      -1.6090614795684814,
      -1.2212493419647217,
      -2.315448522567749,
      -0.9821311831474304,
      -3.238234758377075,
      -0.5515588521957397,
      -1.2275694608688354
    ],
    [
      1.2477881908416748,
      1.447036623954773,
      6.621756076812744,
      4.1387739181518555,
      2.6310365200042725,
      1.7367396354675293,
      -0.26935091614723206,
      0.920596182346344,
      0.9519304633140564,
      1.7090489864349365,
      2.3718204498291016,
      2.2538790702819824,
      1.1555081605911255,
      0.8175688982009888,
      2.774214267730713,
      1.3374323844909668,
      3.628023862838745,
      2.004394054412842
    ],
    [
      2.066070318222046,
      1.8841795921325684,
      4.1387739181518555,
      9.569563865661621,
      3.6045897006988525,
      5.0108137130737305,
      2.3092710971832275,
      3.982666492462158,
      2.881450653076172,
      4.260740756988525,
      3.024759531021118,
      4.352581977844238,
      2.017667293548584,
      2.4915058612823486,
      3.8459033966064453,
      3.0610320568084717,
      5.165646553039551,
      3.902383327484131
    ],
    [
      -0.610922634601593,
      -0.9216524958610535,
      2.6310365200042725,
      3.6045897006988525,
      11.505887985229492,
      5.801064491271973,
      6.039927959442139,
      5.04266881942749,
      3.921682119369507,
      4.088520526885986,
      3.164186954498291,
      3.923834800720215,
      1.3525410890579224,
      2.57734751701355,
      3.9014604091644287,
      4.343771934509277,
      4.040761470794678,
      3.9058687686920166
    ],
    [
      0.5132813453674316,
      -1.9138802289962769,
      1.7367396354675293,
      5.0108137130737305,
      5.801064491271973,
      11.796231269836426,
      4.534058570861816,
      9.83449649810791,
      5.141860485076904,
      8.311697006225586,
      4.716236114501953,
      7.637223720550537,
      3.3917341232299805,
      6.423241138458252,
      4.1640167236328125,
      8.125405311584473,
      3.0771586894989014,
      4.495668411254883
    ],
    [
      -0.20835433900356293,
      -2.5866332054138184,
      -0.26935091614723206,
      2.3092710971832275,
      6.039927959442139,
      4.534058570861816,
      21.70563507080078,
      11.036795616149902,
      10.433618545532227,
      6.1460418701171875,
      4.4146881103515625,
      4.3985185623168945,
      4.487634658813477,
      4.673130035400391,
      3.723140239715576,
      5.674983024597168,
      2.711822509765625,
      4.159922122955322
    ],
    [
      -0.22931663691997528,
      -3.4453163146972656,
      0.920596182346344,
      3.982666492462158,
      5.04266881942749,
      9.83449649810791,
      11.036795616149902,
      16.899930953979492,
      8.935246467590332,
      11.131247520446777,
      6.234663963317871,
      10.290112495422363,
      4.8237786293029785,
      9.094278335571289,
      4.64986515045166,
      10.757723808288574,
      2.9418835639953613,
      6.017184734344482
    ],
    [
      0.6413304805755615,
      -1.6070904731750488,
      0.9519304633140564,
      2.881450653076172,
      3.921682119369507,
      5.141860485076904,
      10.433618545532227,
      8.935246467590332,
      13.696022033691406,
      10.081019401550293,
      7.15221643447876,
      7.450954914093018,
      5.470486164093018,
      6.30349588394165,
      4.603783130645752,
      6.6815595626831055,
      3.34073543548584,
      4.841212272644043
    ],
    [
      0.8743883967399597,
      -1.9691599607467651,
      1.7090489864349365,
      4.260740756988525,
      4.088520526885986,
      8.311697006225586,
      6.1460418701171875,
      11.131247520446777,
      10.081019401550293,
      14.506232261657715,
      6.974037170410156,
      11.134321212768555,
      4.492750644683838,
      8.112732887268066,
      4.20061731338501,
      9.14528751373291,
      3.206099510192871,
      6.180541038513184
    ],
    [
      0.6539263129234314,
      -1.066306471824646,
      2.3718204498291016,
      3.024759531021118,
      3.164186954498291,
      4.716236114501953,
      4.4146881103515625,
      6.234663963317871,
      7.15221643447876,
      6.974037170410156,
      8.852217674255371,
      7.102949619293213,
      6.846767425537109,
      6.827546119689941,
      6.295254230499268,
      7.004945755004883,
      4.954095840454102,
      5.1382527351379395
    ],
    [
      0.44343364238739014,
      -1.6090614795684814,
      2.2538790702819824,
      4.352581977844238,
      3.923834800720215,
      7.637223720550537,
      4.3985185623168945,
      10.290112495422363,
      7.450954914093018,
      11.134321212768555,
      7.102949619293213,
      11.906304359436035,
      4.6660685539245605,
      8.522372245788574,
      4.655155658721924,
      9.805120468139648,
      3.9825384616851807,
      7.099862575531006
    ],
    [
      1.08453369140625,
      -1.2212493419647217,
      1.1555081605911255,
      2.017667293548584,
      1.3525410890579224,
      3.3917341232299805,
      4.487634658813477,
      4.8237786293029785,
      5.470486164093018,
      4.492750644683838,
      6.846767425537109,
      4.6660685539245605,
      11.880583763122559,
      8.574180603027344,
      10.08371353149414,
      9.006407737731934,
      8.62613582611084,
      6.1743083000183105
    ],
    [
      0.386638879776001,
      -2.315448522567749,
      0.8175688982009888,
      2.4915058612823486,
      2.57734751701355,
      6.423241138458252,
      4.673130035400391,
      9.094278335571289,
      6.30349588394165,
      8.112732887268066,
      6.827546119689941,
      8.522372245788574,
      8.574180603027344,
      11.369933128356934,
      7.328396797180176,
      12.33394718170166,
      6.180810451507568,
      8.664363861083984
    ],
    [
      1.1110783815383911,
      -0.9821311831474304,
      2.774214267730713,
      3.8459033966064453,
      3.9014604091644287,
      4.1640167236328125,
      3.723140239715576,
      4.64986515045166,
      4.603783130645752,
      4.20061731338501,
      6.295254230499268,
      4.655155658721924,
      10.08371353149414,
      7.328396797180176,
      17.94057846069336,
      11.395387649536133,
      18.44593620300293,
      9.827855110168457
    ],
    [
      0.2556232810020447,
      -3.238234758377075,
      1.3374323844909668,
      3.0610320568084717,
      4.343771934509277,
      8.125405311584473,
      5.674983024597168,
      10.757723808288574,
      6.6815595626831055,
      9.14528751373291,
      7.004945755004883,
      9.805120468139648,
      9.006407737731934,
      12.33394718170166,
      11.395387649536133,
      18.277048110961914,
      11.585552215576172,
      13.592406272888184
    ],
    [
      0.8796638250350952,
      -0.5515588521957397,
      3.628023862838745,
      5.165646553039551,
      4.040761470794678,
      3.0771586894989014,
      2.711822509765625,
      2.9418835639953613,
      3.34073543548584,
      3.206099510192871,
      4.954095840454102,
      3.9825384616851807,
      8.62613582611084,
      6.180810451507568,
      18.44593620300293,
      11.585552215576172,
      26.839826583862305,
      15.546743392944336
    ],
    [
      0.36634188890457153,
      -1.2275694608688354,
      2.004394054412842,
      3.902383327484131,
      3.9058687686920166,
      4.495668411254883,
      4.159922122955322,
      6.017184734344482,
      4.841212272644043,
      6.180541038513184,
      5.1382527351379395,
      7.099862575531006,
      6.1743083000183105,
      8.664363861083984,
      9.827855110168457,
      13.592406272888184,
      15.546743392944336,
      19.813289642333984
    ]
  ],
  "covariance_short": [
    [
      30.701642990112305,
      12.93667984008789,
      1.7467888593673706,
      3.995265007019043,
      -0.6699663400650024,
      0.874006450176239,
      -1.300888180732727,
      -1.2208763360977173,
      -0.43905574083328247,
      -0.06750735640525818,
      -0.2683087885379791,
      -0.6015074849128723,
      -0.9202220439910889,
      -1.2768608331680298,
      0.15697404742240906,
      -1.4628708362579346,
      1.0772672891616821,
      -0.4112437665462494
    ],
    [
      12.93667984008789,
      38.02396774291992,
      2.2499208450317383,
      4.0592169761657715,
      -1.1838407516479492,
      -2.742269992828369,
      -3.064363956451416,
      -5.7551984786987305,
      -2.307037591934204,
      -3.5804905891418457,
      -2.184112310409546,
      -3.300708770751953,
      -3.5189287662506104,
      -4.585704326629639,
      -2.7288901805877686,
      -5.490462779998779,
      -0.06267806887626648,
      -2.1974315643310547
    ],
    [
      1.7467888593673706,
      2.2499208450317383,
      10.52812671661377,
      5.077228546142578,
      4.524536609649658,
      3.0559115409851074,
      1.0451552867889404,
      1.901064395904541,
      2.4503276348114014,
      3.294855833053589,
      3.8358712196350098,
      3.919846534729004,
      2.1710963249206543,
      2.5443601608276367,
      2.359579086303711,
      2.4819858074188232,
      2.8427340984344482,
      3.931567430496216
    ],
    [
      3.995265007019043,
      4.0592169761657715,
      5.077228546142578,
      14.42625617980957,
      5.338686466217041,
      7.925926685333252,
      4.066927433013916,
      5.911030292510986,
      4.901354789733887,
      7.169600009918213,
      4.533285617828369,
      6.824734210968018,
      3.1740899085998535,
      4.571156024932861,
      4.090160846710205,
      4.5221686363220215,
      5.1035590171813965,
      5.68733024597168
    ],
    [
      -0.6699663400650024,
      -1.1838407516479492,
      4.524536609649658,
      5.338686466217041,
      22.085901260375977,
      9.19631290435791,
      10.683300018310547,
      7.726630210876465,
      8.008923530578613,
      8.154882431030273,
      7.876931190490723,
      8.109417915344238,
      5.167892932891846,
      6.351273059844971,
      7.037773609161377,
      8.515176773071289,
      7.695194721221924,
      10.392417907714844
    ],
    [
      0.874006450176239,
      -2.742269992828369,
      3.0559115409851074,
      7.925926685333252,
      9.19631290435791,
      17.14126968383789,
      7.366118431091309,
      11.694205284118652,
      7.656951904296875,
      11.692042350769043,
      7.199766635894775,
      10.908500671386719,
      5.5820136070251465,
      8.865411758422852,
      6.348923206329346,
      10.505034446716309,
      6.017895221710205,
      9.300174713134766
    ],
    [
      -1.300888180732727,
      -3.064363956451416,
      1.0451552867889404,
      4.066927433013916,
      10.683300018310547,
      7.366118431091309,
      34.779632568359375,
      16.155363082885742,
      18.48596954345703,
      11.504389762878418,
      10.927637100219727,
      8.826958656311035,
      10.286702156066895,
      9.293780326843262,
      9.515294075012207,
      10.510363578796387,
      6.925560474395752,
      9.55693531036377
    ],
    [
      -1.2208763360977173,
      -5.7551984786987305,
      1.901064395904541,
      5.911030292510986,
      7.726630210876465,
      11.694205284118652,
      16.155363082885742,
      22.65163230895996,
      12.631134033203125,
      15.410248756408691,
      9.35934829711914,
      14.175017356872559,
      8.17021656036377,
      12.180506706237793,
      7.816330909729004,
      13.752494812011719,
      5.692275524139404,
      10.84730052947998
    ],
    [
      -0.43905574083328247,
      -2.307037591934204,
      2.4503276348114014,
      4.901354789733887,
      8.008923530578613,
      7.656951904296875,
      18.48596954345703,
      12.631134033203125,
      23.25288200378418,
      15.339005470275879,
      13.368326187133789,
      11.939441680908203,
      11.164789199829102,
      10.965837478637695,
      10.410497665405273,
      11.055089950561523,
      8.844765663146973,
      11.19888973236084
    ],
    [
      -0.06750735640525818,
      -3.5804905891418457,
      3.294855833053589,
      7.169600009918213,
      8.154882431030273,
      11.692042350769043,
      11.504389762878418,
      15.410248756408691,
      15.339005470275879,
      22.13064193725586,
      11.38361930847168,
      16.687461853027344,
      8.253070831298828,
      12.71699047088623,
      7.786376953125,
      13.062972068786621,
      7.149871349334717,
      12.519152641296387
    ],
    [
      -0.2683087885379791,
      -2.184112310409546,
      3.8358712196350098,
      4.533285617828369,
      7.876931190490723,
      7.199766635894775,
      10.927637100219727,
      9.35934829711914,
      13.368326187133789,
      11.38361930847168,
      17.192337036132812,
      12.471497535705566,
      13.869535446166992,
      12.380890846252441,
      12.846451759338379,
      12.833441734313965,
      11.645928382873535,
      13.092679023742676
    ],
    [
      -0.6015074849128723,
      -3.300708770751953,
      3.919846534729004,
      6.824734210968018,
      8.109417915344238,
      10.908500671386719,
      8.826958656311035,
      14.175017356872559,
      11.939441680908203,
      16.687461853027344,
      12.471497535705566,
      19.61520004272461,
      9.502263069152832,
      14.578624725341797,
      8.797724723815918,
      15.03116512298584,
      8.2312593460083,
      14.760459899902344
    ],
    [
      -0.9202220439910889,
      -3.5189287662506104,
      2.1710963249206543,
      3.1740899085998535,
      5.167892932891846,
      5.5820136070251465,
      10.286702156066895,
      8.17021656036377,
      11.164789199829102,
      8.253070831298828,
      13.869535446166992,
      9.502263069152832,
      24.066146850585938,
      16.22435188293457,
      21.196630477905273,
      18.31201171875,
      20.931617736816406,
      18.44480323791504
    ],
    [
      -1.2768608331680298,
      -4.585704326629639,
      2.5443601608276367,
      4.571156024932861,
      6.351273059844971,
      8.865411758422852,
      9.293780326843262,
      12.180506706237793,
      10.965837478637695,
      12.71699047088623,
      12.380890846252441,
      14.578624725341797,
      16.22435188293457,
      20.441078186035156,
      14.574373245239258,
      21.2247257232666,
      15.290279388427734,
      20.85973358154297
    ],
    [
      0.15697404742240906,
      -2.7288901805877686,
      2.359579086303711,
      4.090160846710205,
      7.037773609161377,
      6.348923206329346,
      9.515294075012207,
      7.816330909729004,
      10.410497665405273,
      7.786376953125,
      12.846451759338379,
      8.797724723815918,
      21.196630477905273,
      14.574373245239258,
      33.22089385986328,
      21.871658325195312,
      33.92122268676758,
      24.633888244628906
    ],
    [
      -1.4628708362579346,
      -5.490462779998779,
      2.4819858074188232,
      4.5221686363220215,
      8.515176773071289,
      10.505034446716309,
      10.510363578796387,
      13.752494812011719,
      11.055089950561523,
      13.062972068786621,
      12.833441734313965,
      15.03116512298584,
      18.31201171875,
      21.2247257232666,
      21.871658325195312,
      32.6726188659668,
      25.139060974121094,
      32.07352828979492
    ],
    [
      1.0772672891616821,
      -0.06267806887626648,
      2.8427340984344482,
      5.1035590171813965,
      7.695194721221924,
      6.017895221710205,
      6.925560474395752,
      5.692275524139404,
      8.844765663146973,
      7.149871349334717,
      11.645928382873535,
      8.2312593460083,
      20.931617736816406,
      15.290279388427734,
      33.92122268676758,
      25.139060974121094,
      55.64625930786133,
      40.82881164550781
    ],
    [
      -0.4112437665462494,
      -2.1974315643310547,
      3.931567430496216,
      5.68733024597168,
      10.392417907714844,
      9.300174713134766,
      9.55693531036377,
      10.84730052947998,
      11.19888973236084,
      12.519152641296387,
      13.092679023742676,
      14.760459899902344,
      18.44480323791504,
      20.85973358154297,
      24.633888244628906,
      32.07352828979492,
      40.82881164550781,
      54.23535919189453
    ]
  ],
  "damage": -4.780914306640625,
  "diff_bandwidth": 790.8247680664062,
  "dissonance": 10.131703352857901,
  "drr": -0.465254008769989,
  "dynamics": 1.7431859970092773,
  "format": 1245190,
  "frames": 10168256,
  "loudness": -7.093978404998779,
  "loudness_range": 3.779813766479492,
  "loudness_range_short": 5.574919700622559,
  "lowpass_true_peak_15khz": 1.1304776668548584,
  "mastering3_acoustic_entropies": [
    {
      "acoustic_entropy": 5.680014610290527,
      "acoustic_entropy_mono": 5.696168422698975,
      "band_eliminated_acoustic_entropies": [
        {
          "acoustic_entropy": 5.696380138397217,
          "acoustic_entropy_side": 5.680448055267334,
          "hz": 129.47220167065723
        },
        {
          "acoustic_entropy": 5.639395713806152,
          "acoustic_entropy_side": 5.7305803298950195,
          "hz": 202.92927478742237
        },
        {
          "acoustic_entropy": 5.886472225189209,
          "acoustic_entropy_side": 5.7906880378723145,
          "hz": 282.89161906338205
        },
        {
          "acoustic_entropy": 5.637641429901123,
          "acoustic_entropy_side": 5.756850719451904,
          "hz": 369.9353335868758
        },
        {
          "acoustic_entropy": 5.717311382293701,
          "acoustic_entropy_side": 5.649522304534912,
          "hz": 464.6875360973435
        },
        {
          "acoustic_entropy": 5.853501796722412,
          "acoustic_entropy_side": 5.806891918182373,
          "hz": 567.8308811364784
        },
        {
          "acoustic_entropy": 5.272710800170898,
          "acoustic_entropy_side": 5.689804553985596,
          "hz": 680.1084783214808
        },
        {
          "acoustic_entropy": 5.810024738311768,
          "acoustic_entropy_side": 5.685417175292969,
          "hz": 802.3292461747484
        },
        {
          "acoustic_entropy": 5.627991676330566,
          "acoustic_entropy_side": 5.63180685043335,
          "hz": 935.3737400823702
        },
        {
          "acoustic_entropy": 5.769773006439209,
          "acoustic_entropy_side": 5.596389293670654,
          "hz": 1080.2004963696966
        },
        {
          "acoustic_entropy": 5.241429805755615,
          "acoustic_entropy_side": 5.56200647354126,
          "hz": 1237.8529382007157
        },
        {
          "acoustic_entropy": 5.882166385650635,
          "acoustic_entropy_side": 5.574009895324707,
          "hz": 1409.4668930556702
        },
        {
          "acoustic_entropy": 5.838041305541992,
          "acoustic_entropy_side": 5.508650302886963,
          "hz": 1596.2787759475705
        },
        {
          "acoustic_entropy": 5.850442886352539,
          "acoustic_entropy_side": 5.543532371520996,
          "hz": 1799.6344973346393
        },
        {
          "acoustic_entropy": 5.622104167938232,
          "acoustic_entropy_side": 5.632389545440674,
          "hz": 2020.9991599069049
        },
        {
          "acoustic_entropy": 5.5410990715026855,
          "acoustic_entropy_side": 5.588949203491211,
          "hz": 2261.9676141086993
        },
        {
          "acoustic_entropy": 5.589734077453613,
          "acoustic_entropy_side": 5.675389766693115,
          "hz": 2524.2759484456974
        },
        {
          "acoustic_entropy": 5.624675273895264,
          "acoustic_entropy_side": 5.625030040740967,
          "hz": 2809.813997359896
        },
        {
          "acoustic_entropy": 5.503252029418945,
          "acoustic_entropy_side": 5.606503009796143,
          "hz": 3120.6389567871424
        },
        {
          "acoustic_entropy": 5.522304534912109,
          "acoustic_entropy_side": 5.660072326660156,
          "hz": 3458.990205492291
        },
        {
          "acoustic_entropy": 5.644252777099609,
          "acoustic_entropy_side": 5.614602565765381,
          "hz": 3827.305438964164
        },
        {
          "acoustic_entropy": 5.665071487426758,
          "acoustic_entropy_side": 5.594916820526123,
          "hz": 4228.238232109126
        },
        {
          "acoustic_entropy": 5.657772541046143,
          "acoustic_entropy_side": 5.61884069442749,
          "hz": 4664.6771572759235
        },
        {
          "acoustic_entropy": 5.683493137359619,
          "acoustic_entropy_side": 5.661825656890869,
          "hz": 5139.766595350093
        },
        {
          "acoustic_entropy": 5.705492973327637,
          "acoustic_entropy_side": 5.663987636566162,
          "hz": 5656.929389854203
        },
        {
          "acoustic_entropy": 5.733818054199219,
          "acoustic_entropy_side": 5.6696248054504395,
          "hz": 6219.891507268283
        },
        {
          "acoustic_entropy": 5.731741428375244,
          "acoustic_entropy_side": 5.67282772064209,
          "hz": 6832.70888123896
        },
        {
          "acoustic_entropy": 5.659637451171875,
          "acoustic_entropy_side": 5.664535999298096,
          "hz": 7499.796634079867
        },
        {
          "acoustic_entropy": 5.643471717834473,
          "acoustic_entropy_side": 5.664575099945068,
          "hz": 8225.96088609342
        },
        {
          "acoustic_entropy": 5.579107284545898,
          "acoustic_entropy_side": 5.667614459991455,
          "hz": 9016.43338188839
        },
        {
          "acoustic_entropy": 5.54508638381958,
          "acoustic_entropy_side": 5.664595603942871,
          "hz": 9876.909183162974
        },
        {
          "acoustic_entropy": 5.497585296630859,
          "acoustic_entropy_side": 5.668644905090332,
          "hz": 10813.587699516042
        },
        {
          "acoustic_entropy": 5.50410270690918,
          "acoustic_entropy_side": 5.675179481506348,
          "hz": 11833.21735289826
        },
        {
          "acoustic_entropy": 5.528993129730225,
          "acoustic_entropy_side": 5.677842140197754,
          "hz": 12943.144197493959
        },
        {
          "acoustic_entropy": 5.5523200035095215,
          "acoustic_entropy_side": 5.675696849822998,
          "hz": 14151.364845322005
        },
        {
          "acoustic_entropy": 5.604005336761475,
          "acoustic_entropy_side": 5.675919532775879,
          "hz": 15466.58407886509
        },
        {
          "acoustic_entropy": 5.652122497558594,
          "acoustic_entropy_side": 5.678885459899902,
          "hz": 16898.27756580493
        },
        {
          "acoustic_entropy": 5.670132160186768,
          "acoustic_entropy_side": 5.679865837097168,
          "hz": 18456.760127700032
        },
        {
          "acoustic_entropy": 5.677811622619629,
          "acoustic_entropy_side": 5.679985046386719,
          "hz": 20153.260054456492
        },
        {
          "acoustic_entropy": 5.679920196533203,
          "acoustic_entropy_side": 5.680009365081787,
          "hz": 22000.00000000001
        }
      ],
      "diff_acoustic_entropy": 6.14747428894043,
      "sn": 6
    },
    {
      "acoustic_entropy": 9.533760070800781,
      "acoustic_entropy_mono": 8.676471710205078,
      "band_eliminated_acoustic_entropies": [
        {
          "acoustic_entropy": 9.428982734680176,
          "acoustic_entropy_side": 9.534937858581543,
          "hz": 129.47220167065723
        },
        {
          "acoustic_entropy": 9.282258033752441,
          "acoustic_entropy_side": 9.649434089660645,
          "hz": 202.92927478742237
        },
        {
          "acoustic_entropy": 9.507501602172852,
          "acoustic_entropy_side": 9.490470886230469,
          "hz": 282.89161906338205
        },
        {
          "acoustic_entropy": 9.879631996154785,
          "acoustic_entropy_side": 9.552658081054688,
          "hz": 369.9353335868758
        },
        {
          "acoustic_entropy": 9.429028511047363,
          "acoustic_entropy_side": 9.602448463439941,
          "hz": 464.6875360973435
        },
        {
          "acoustic_entropy": 9.515551567077637,
          "acoustic_entropy_side": 9.845903396606445,
          "hz": 567.8308811364784
        },
        {
          "acoustic_entropy": 9.264507293701172,
          "acoustic_entropy_side": 9.597991943359375,
          "hz": 680.1084783214808
        },
        {
          "acoustic_entropy": 9.452263832092285,
          "acoustic_entropy_side": 9.499679565429688,
          "hz": 802.3292461747484
        },
        {
          "acoustic_entropy": 9.533425331115723,
          "acoustic_entropy_side": 9.21081256866455,
          "hz": 935.3737400823702
        },
        {
          "acoustic_entropy": 9.655569076538086,
          "acoustic_entropy_side": 9.530706405639648,
          "hz": 1080.2004963696966
        },
        {
          "acoustic_entropy": 9.167744636535645,
          "acoustic_entropy_side": 9.293971061706543,
          "hz": 1237.8529382007157
        },
        {
          "acoustic_entropy": 9.563455581665039,
          "acoustic_entropy_side": 9.418669700622559,
          "hz": 1409.4668930556702
        },
        {
          "acoustic_entropy": 9.828871726989746,
          "acoustic_entropy_side": 9.511266708374023,
          "hz": 1596.2787759475705
        },
        {
          "acoustic_entropy": 9.13296890258789,
          "acoustic_entropy_side": 9.318397521972656,
          "hz": 1799.6344973346393
        },
        {
          "acoustic_entropy": 9.355083465576172,
          "acoustic_entropy_side": 9.422985076904297,
          "hz": 2020.9991599069049
        },
        {
          "acoustic_entropy": 9.500795364379883,
          "acoustic_entropy_side": 9.422879219055176,
          "hz": 2261.9676141086993
        },
        {
          "acoustic_entropy": 9.233832359313965,
          "acoustic_entropy_side": 9.4014892578125,
          "hz": 2524.2759484456974
        },
        {
          "acoustic_entropy": 9.682246208190918,
          "acoustic_entropy_side": 9.633414268493652,
          "hz": 2809.813997359896
        },
        {
          "acoustic_entropy": 9.303242683410645,
          "acoustic_entropy_side": 9.502582550048828,
          "hz": 3120.6389567871424
        },
        {
          "acoustic_entropy": 9.3738374710083,
          "acoustic_entropy_side": 9.586304664611816,
          "hz": 3458.990205492291
        },
        {
          "acoustic_entropy": 9.461078643798828,
          "acoustic_entropy_side": 9.447707176208496,
          "hz": 3827.305438964164
        },
        {
          "acoustic_entropy": 9.420913696289062,
          "acoustic_entropy_side": 9.500988006591797,
          "hz": 4228.238232109126
        },
        {
          "acoustic_entropy": 9.52519416809082,
          "acoustic_entropy_side": 9.50735855102539,
          "hz": 4664.6771572759235
        },
        {
          "acoustic_entropy": 9.581926345825195,
          "acoustic_entropy_side": 9.556790351867676,
          "hz": 5139.766595350093
        },
        {
          "acoustic_entropy": 9.504969596862793,
          "acoustic_entropy_side": 9.569948196411133,
          "hz": 5656.929389854203
        },
        {
          "acoustic_entropy": 9.548645973205566,
          "acoustic_entropy_side": 9.576754570007324,
          "hz": 6219.891507268283
        },
        {
          "acoustic_entropy": 9.577136993408203,
          "acoustic_entropy_side": 9.58312702178955,
          "hz": 6832.70888123896
        },
        {
          "acoustic_entropy": 9.634446144104004,
          "acoustic_entropy_side": 9.57485580444336,
          "hz": 7499.796634079867
        },
        {
          "acoustic_entropy": 9.575638771057129,
          "acoustic_entropy_side": 9.55744743347168,
          "hz": 8225.96088609342
        },
        {
          "acoustic_entropy": 9.572426795959473,
          "acoustic_entropy_side": 9.547405242919922,
          "hz": 9016.43338188839
        },
        {
          "acoustic_entropy": 9.5278959274292,
          "acoustic_entropy_side": 9.535736083984375,
          "hz": 9876.909183162974
        },
        {
          "acoustic_entropy": 9.375374794006348,
          "acoustic_entropy_side": 9.473709106445312,
          "hz": 10813.587699516042
        },
        {
          "acoustic_entropy": 9.356943130493164,
          "acoustic_entropy_side": 9.459612846374512,
          "hz": 11833.21735289826
        },
        {
          "acoustic_entropy": 9.235383033752441,
          "acoustic_entropy_side": 9.435193061828613,
          "hz": 12943.144197493959
        },
        {
          "acoustic_entropy": 9.363935470581055,
          "acoustic_entropy_side": 9.478466987609863,
          "hz": 14151.364845322005
        },
        {
          "acoustic_entropy": 9.54040241241455,
          "acoustic_entropy_side": 9.491384506225586,
          "hz": 15466.58407886509
        },
        {
          "acoustic_entropy": 9.551955223083496,
          "acoustic_entropy_side": 9.506138801574707,
          "hz": 16898.27756580493
        },
        {
          "acoustic_entropy": 9.53477954864502,
          "acoustic_entropy_side": 9.523022651672363,
          "hz": 18456.760127700032
        },
        {
          "acoustic_entropy": 9.465476036071777,
          "acoustic_entropy_side": 9.532299041748047,
          "hz": 20153.260054456492
        },
        {
          "acoustic_entropy": 9.536005973815918,
          "acoustic_entropy_side": 9.533692359924316,
          "hz": 22000.00000000001
        }
      ],
      "diff_acoustic_entropy": 8.926268577575684,
      "sn": 12
    },
    {
      "acoustic_entropy": 13.190268516540527,
      "acoustic_entropy_mono": 11.493597030639648,
      "band_eliminated_acoustic_entropies": [
        {
          "acoustic_entropy": 13.1209135055542,
          "acoustic_entropy_side": 13.209344863891602,
          "hz": 129.47220167065723
        },
        {
          "acoustic_entropy": 13.756697654724121,
          "acoustic_entropy_side": 12.785999298095703,
          "hz": 202.92927478742237
        },
        {
          "acoustic_entropy": 13.189804077148438,
          "acoustic_entropy_side": 13.673705101013184,
          "hz": 282.89161906338205
        },
        {
          "acoustic_entropy": 13.75029468536377,
          "acoustic_entropy_side": 13.940022468566895,
          "hz": 369.9353335868758
        },
        {
          "acoustic_entropy": 13.546907424926758,
          "acoustic_entropy_side": 13.259221076965332,
          "hz": 464.6875360973435
        },
        {
          "acoustic_entropy": 13.545418739318848,
          "acoustic_entropy_side": 13.463016510009766,
          "hz": 567.8308811364784
        },
        {
          "acoustic_entropy": 13.205700874328613,
          "acoustic_entropy_side": 13.342487335205078,
          "hz": 680.1084783214808
        },
        {
          "acoustic_entropy": 14.048084259033203,
          "acoustic_entropy_side": 13.106961250305176,
          "hz": 802.3292461747484
        },
        {
          "acoustic_entropy": 12.964570999145508,
          "acoustic_entropy_side": 13.481780052185059,
          "hz": 935.3737400823702
        },
        {
          "acoustic_entropy": 12.98558521270752,
          "acoustic_entropy_side": 13.000720024108887,
          "hz": 1080.2004963696966
        },
        {
          "acoustic_entropy": 13.241781234741211,
          "acoustic_entropy_side": 13.228001594543457,
          "hz": 1237.8529382007157
        },
        {
          "acoustic_entropy": 13.65759563446045,
          "acoustic_entropy_side": 13.269963264465332,
          "hz": 1409.4668930556702
        },
        {
          "acoustic_entropy": 13.531891822814941,
          "acoustic_entropy_side": 12.679718971252441,
          "hz": 1596.2787759475705
        },
        {
          "acoustic_entropy": 13.843501091003418,
          "acoustic_entropy_side": 13.619645118713379,
          "hz": 1799.6344973346393
        },
        {
          "acoustic_entropy": 12.790129661560059,
          "acoustic_entropy_side": 12.851284980773926,
          "hz": 2020.9991599069049
        },
        {
          "acoustic_entropy": 13.250547409057617,
          "acoustic_entropy_side": 13.023466110229492,
          "hz": 2261.9676141086993
        },
        {
          "acoustic_entropy": 13.100021362304688,
          "acoustic_entropy_side": 12.94194507598877,
          "hz": 2524.2759484456974
        },
        {
          "acoustic_entropy": 13.099611282348633,
          "acoustic_entropy_side": 13.296669960021973,
          "hz": 2809.813997359896
        },
        {
          "acoustic_entropy": 12.716523170471191,
