{
  "acoustic_entropy": 206.6582794189453,
  "bands": [
    {
      "high_freq": 148.1999969482422,
      "loudness": -17.736034393310547,
      "loudness_range": 4.993546485900879,
      "mid_mean": -14.317177772521973,
      "mid_to_side_loudness": -13.811217308044434,
      "mid_to_side_loudness_range": 14.081482887268066,
      "side_mean": -28.765357971191406
    },
    {
      "high_freq": 392.3793640136719,
      "loudness": -18.780792236328125,
      "loudness_range": 6.101406097412109,
      "low_freq": 148.1999969482422,
      "mid_mean": -16.16871452331543,
      "mid_to_side_loudness": -5.982835292816162,
      "mid_to_side_loudness_range": 6.792647361755371,
      "side_mean": -22.026103973388672
    },
    {
      "high_freq": 794.6976318359375,
      "loudness": -21.879562377929688,
      "loudness_range": 6.5429229736328125,
      "low_freq": 392.3793640136719,
      "mid_mean": -19.620534896850586,
      "mid_to_side_loudness": -4.549663543701172,
      "mid_to_side_loudness_range": 7.4434638023376465,
      "side_mean": -24.156394958496094
    },
    {
      "high_freq": 1457.5709228515625,
      "loudness": -26.568077087402344,
      "loudness_range": 7.888023376464844,
      "low_freq": 794.6976318359375,
      "mid_mean": -24.51650047302246,
      "mid_to_side_loudness": -3.743405342102051,
      "mid_to_side_loudness_range": 5.543142318725586,
      "side_mean": -28.21892738342285
    },
    {
      "high_freq": 2549.74365234375,
      "loudness": -26.154020309448242,
      "loudness_range": 6.949001312255859,
      "low_freq": 1457.5709228515625,
      "mid_mean": -24.359115600585938,
      "mid_to_side_loudness": -2.9164719581604004,
      "mid_to_side_loudness_range": 4.702036380767822,
      "side_mean": -27.191150665283203
    },
    {
      "high_freq": 4349.24462890625,
      "loudness": -26.647462844848633,
      "loudness_range": 6.711223602294922,
      "low_freq": 2549.74365234375,
      "mid_mean": -24.348737716674805,
      "mid_to_side_loudness": -4.42302942276001,
      "mid_to_side_loudness_range": 5.718405723571777,
      "side_mean": -28.87214469909668
    },
    {
      "high_freq": 7314.1640625,
      "loudness": -27.295915603637695,
      "loudness_range": 9.649555206298828,
      "low_freq": 4349.24462890625,
      "mid_mean": -24.20376205444336,
      "mid_to_side_loudness": -9.45887279510498,
      "mid_to_side_loudness_range": 12.645400047302246,
      "side_mean": -34.028297424316406
    },
    {
      "high_freq": 12199.2666015625,
      "loudness": -31.123058319091797,
      "loudness_range": 14.257816314697266,
      "low_freq": 7314.1640625,
      "mid_mean": -28.044185638427734,
      "mid_to_side_loudness": -10.223252296447754,
      "mid_to_side_loudness_range": 16.718019485473633,
      "side_mean": -38.69540023803711
    },
    {
      "loudness": -40.35450744628906,
      "loudness_range": 15.967018127441406,
      "low_freq": 12199.2666015625,
      "mid_mean": -37.2926139831543,
      "mid_to_side_loudness": -10.639896392822266,
      "mid_to_side_loudness_range": 17.250812530517578,
      "side_mean": -48.341835021972656
    }
  ],
  "bands_short": [
    {
      "high_freq": 148.1999969482422,
      "loudness": -19.717824935913086,
      "loudness_range": 11.400052070617676,
      "mid_mean": -16.247041702270508,
      "mid_to_side_loudness": -16.97672462463379,
      "mid_to_side_loudness_range": 24.171239852905273,
      "side_mean": -34.176025390625
    },
    {
      "high_freq": 392.3793640136719,
      "loudness": -18.89202880859375,
      "loudness_range": 9.900300979614258,
      "low_freq": 148.1999969482422,
      "mid_mean": -16.360055923461914,
      "mid_to_side_loudness": -6.26817512512207,
      "mid_to_side_loudness_range": 10.431441307067871,
      "side_mean": -22.555652618408203
    },
    {
      "high_freq": 794.6976318359375,
      "loudness": -22.15392303466797,
      "loudness_range": 10.565458297729492,
      "low_freq": 392.3793640136719,
      "mid_mean": -19.997028350830078,
      "mid_to_side_loudness": -4.790637016296387,
      "mid_to_side_loudness_range": 10.908772468566895,
      "side_mean": -24.801223754882812
    },
    {
      "high_freq": 1457.5709228515625,
      "loudness": -27.189626693725586,
      "loudness_range": 11.89253044128418,
      "low_freq": 794.6976318359375,
      "mid_mean": -25.294347763061523,
      "mid_to_side_loudness": -3.6885828971862793,
      "mid_to_side_loudness_range": 9.037519454956055,
      "side_mean": -28.93887710571289
    },
    {
      "high_freq": 2549.74365234375,
      "loudness": -27.396440505981445,
      "loudness_range": 12.902986526489258,
      "low_freq": 1457.5709228515625,
      "mid_mean": -25.736478805541992,
      "mid_to_side_loudness": -2.8583357334136963,
      "mid_to_side_loudness_range": 8.030139923095703,
      "side_mean": -28.523109436035156
    },
    {
      "high_freq": 4349.24462890625,
      "loudness": -27.92867660522461,
      "loudness_range": 12.880023956298828,
      "low_freq": 2549.74365234375,
      "mid_mean": -25.775657653808594,
      "mid_to_side_loudness": -4.372095108032227,
      "mid_to_side_loudness_range": 8.917129516601562,
      "side_mean": -30.2657527923584
    },
    {
      "high_freq": 7314.1640625,
      "loudness": -29.269224166870117,
      "loudness_range": 16.660852432250977,
      "low_freq": 4349.24462890625,
      "mid_mean": -26.39834976196289,
      "mid_to_side_loudness": -8.667834281921387,
      "mid_to_side_loudness_range": 15.900403022766113,
      "side_mean": -35.44462966918945
    },
    {
      "high_freq": 12199.2666015625,
      "loudness": -33.647438049316406,
      "loudness_range": 20.66252326965332,
      "low_freq": 7314.1640625,
      "mid_mean": -30.70412826538086,
      "mid_to_side_loudness": -9.442026138305664,
      "mid_to_side_loudness_range": 17.412235260009766,
      "side_mean": -40.54208755493164
    },
    {
      "loudness": -44.05221176147461,
      "loudness_range": 25.444353103637695,
      "low_freq": 12199.2666015625,
      "mid_mean": -41.24090576171875,
      "mid_to_side_loudness": -8.899539947509766,
      "mid_to_side_loudness_range": 16.63566017150879,
      "side_mean": -51.32014083862305
    }
  ],
  "bandwidth": 414.4020080566406,
  "channels": 2,
  "covariance": [
    [
      8.384532928466797,
      4.394296646118164,
      3.5720694065093994,
      2.8679921627044678,
      3.174950122833252,
      3.228163242340088,
      2.089794397354126,
      2.698026180267334,
      0.7842774391174316,
      1.645638346672058,
      0.21467994153499603,
      1.7081398963928223,
      -0.7994054555892944,
      -0.5780153870582581,
      -0.13266010582447052,
      -0.5008515119552612,
      0.5986946821212769,
      1.7521612644195557
    ],
    [
      4.394296646118164,
      18.309160232543945,
      2.7214460372924805,
      2.377962350845337,
      2.8387839794158936,
      2.8568713665008545,
      0.8745553493499756,
      1.3194386959075928,
      -0.9252738356590271,
      -0.7615648508071899,
      -0.7381042242050171,
      -0.1804344356060028,
      -0.543340802192688,
      0.7768580317497253,
      0.7198529243469238,
      2.0059144496917725,
      -0.6293658018112183,
      2.6519691944122314
    ],
    [
      3.5720694065093994,
      2.7214460372924805,
      7.817282199859619,
      5.16684103012085,
      4.53088903427124,
      4.72108793258667,
      3.3705832958221436,
      4.022171974182129,
      2.2874722480773926,
      3.4793148040771484,
      1.5371485948562622,
      3.261521339416504,
      -0.29877763986587524,
      3.7396867275238037,
      0.7365306615829468,
      4.595564842224121,
      -0.5568954348564148,
      5.127068996429443
    ],
    [
      2.8679921627044678,
      2.377962350845337,
      5.16684103012085,
      9.09615421295166,
      3.17130446434021,
      3.641340732574463,
      2.555691719055176,
      3.013540029525757,
      2.1334996223449707,
      2.597501277923584,
      1.111818790435791,
      2.538637161254883,
      -0.17432740330696106,
      2.0959253311157227,
      0.2807900905609131,
      1.8023122549057007,
      -0.7777350544929504,
      2.1436967849731445
    ],
    [
      3.174950122833252,
      2.8387839794158936,
      4.53088903427124,
      3.17130446434021,
      7.385820388793945,
      6.277228355407715,
      3.558584451675415,
      3.678694486618042,
      2.2465624809265137,
      3.113382339477539,
      1.6736547946929932,
      3.37760591506958,
      0.26699966192245483,
      2.9420230388641357,
      0.6883760690689087,
      3.1069397926330566,
      0.6477430462837219,
      4.3010077476501465
    ],
    [
      3.228163242340088,
      2.8568713665008545,
      4.72108793258667,
      3.641340732574463,
      6.277228355407715,
      11.229354858398438,
      3.269906997680664,
      5.039961814880371,
      2.0865731239318848,
      3.806988000869751,
      0.8934659957885742,
      3.6620969772338867,
      -1.1241753101348877,
      1.8786948919296265,
      -0.5727086663246155,
      1.5520108938217163,
      -1.0800451040267944,
      2.6190710067749023
    ],
    [
      2.089794397354126,
      0.8745553493499756,
      3.3705832958221436,
      2.555691719055176,
      3.558584451675415,
      3.269906997680664,
      8.893085479736328,
      5.877274513244629,
      4.194556713104248,
      4.166680812835693,
      3.7472732067108154,
      4.83092737197876,
      2.0685696601867676,
      6.62481689453125,
      2.681800365447998,
      7.326791286468506,
      2.437412738800049,
      7.26708459854126
    ],
    [
      2.698026180267334,
      1.3194386959075928,
      4.022171974182129,
      3.013540029525757,
      3.678694486618042,
      5.039961814880371,
      5.877274513244629,
      8.19625186920166,
      2.75433087348938,
      4.756801605224609,
      2.190372943878174,
      5.015159606933594,
      -0.12867006659507751,
      4.3634419441223145,
      1.0036119222640991,
      4.655142784118652,
      0.1379137635231018,
      4.9780354499816895
    ],
    [
      0.7842774391174316,
      -0.9252738356590271,
      2.2874722480773926,
      2.1334996223449707,
      2.2465624809265137,
      2.0865731239318848,
      4.194556713104248,
      2.75433087348938,
      9.264715194702148,
      5.833481788635254,
      5.266929626464844,
      6.325653076171875,
      3.0348048210144043,
      8.157015800476074,
      3.1348676681518555,
      8.491250038146973,
      3.7649173736572266,
      7.484573841094971
    ],
    [
      1.645638346672058,
      -0.7615648508071899,
      3.4793148040771484,
      2.597501277923584,
      3.113382339477539,
      3.806988000869751,
      4.166680812835693,
      4.756801605224609,
      5.833481788635254,
      8.019988059997559,
      3.526064395904541,
      6.903944969177246,
      0.6789485216140747,
      6.328061580657959,
      1.147301435470581,
      6.139756679534912,
      0.5578833818435669,
      5.432817459106445
    ],
    [
      0.21467994153499603,
      -0.7381042242050171,
      1.5371485948562622,
      1.111818790435791,
      1.6736547946929932,
      0.8934659957885742,
      3.7472732067108154,
      2.190372943878174,
      5.266929626464844,
      3.526064395904541,
      7.550565242767334,
      6.804595470428467,
      5.641757488250732,
      9.634968757629395,
      5.799436092376709,
      11.457820892333984,
      5.207602500915527,
      10.829591751098633
    ],
    [
      1.7081398963928223,
      -0.1804344356060028,
      3.261521339416504,
      2.538637161254883,
      3.37760591506958,
      3.6620969772338867,
      4.83092737197876,
      5.015159606933594,
      6.325653076171875,
      6.903944969177246,
      6.804595470428467,
      11.007495880126953,
      2.982252597808838,
      10.39257526397705,
      4.129621505737305,
      11.508278846740723,
      2.775334119796753,
      10.753937721252441
    ],
    [
      -0.7994054555892944,
      -0.543340802192688,
      -0.29877763986587524,
      -0.17432740330696106,
      0.26699966192245483,
      -1.1241753101348877,
      2.0685696601867676,
      -0.12867006659507751,
      3.0348048210144043,
      0.6789485216140747,
      5.641757488250732,
      2.982252597808838,
      12.192347526550293,
      10.797111511230469,
      13.176460266113281,
      17.032779693603516,
      14.373805046081543,
      16.98830223083496
    ],
    [
      -0.5780153870582581,
      0.7768580317497253,
      3.7396867275238037,
      2.0959253311157227,
      2.9420230388641357,
      1.8786948919296265,
      6.62481689453125,
      4.3634419441223145,
      8.157015800476074,
      6.328061580657959,
      9.634968757629395,
      10.39257526397705,
      10.797111511230469,
      31.253751754760742,
      15.739583015441895,
      42.79879379272461,
      11.605023384094238,
      37.1877326965332
    ],
    [
      -0.13266010582447052,
      0.7198529243469238,
      0.7365306615829468,
      0.2807900905609131,
      0.6883760690689087,
      -0.5727086663246155,
      2.681800365447998,
      1.0036119222640991,
      3.1348676681518555,
      1.147301435470581,
      5.799436092376709,
      4.129621505737305,
      13.176460266113281,
      15.739583015441895,
      19.94687271118164,
      28.394577026367188,
      18.72992706298828,
      28.04689598083496
    ],
    [
      -0.5008515119552612,
      2.0059144496917725,
      4.595564842224121,
      1.8023122549057007,
      3.1069397926330566,
      1.5520108938217163,
      7.326791286468506,
      4.655142784118652,
      8.491250038146973,
      6.139756679534912,
      11.457820892333984,
      11.508278846740723,
      17.032779693603516,
      42.79879379272461,
      28.394577026367188,
      71.42867279052734,
      21.617708206176758,
      62.910552978515625
    ],
    [
      0.5986946821212769,
      -0.6293658018112183,
      -0.5568954348564148,
      -0.7777350544929504,
      0.6477430462837219,
      -1.0800451040267944,
      2.437412738800049,
      0.1379137635231018,
      3.7649173736572266,
      0.5578833818435669,
      5.207602500915527,
      2.775334119796753,
      14.373805046081543,
      11.605023384094238,
      18.72992706298828,
      21.617708206176758,
      28.70612144470215,
      25.895620346069336
    ],
    [
      1.7521612644195557,
      2.6519691944122314,
      5.127068996429443,
      2.1436967849731445,
      4.3010077476501465,
      2.6190710067749023,
      7.26708459854126,
      4.9780354499816895,
      7.484573841094971,
      5.432817459106445,
      10.829591751098633,
      10.753937721252441,
      16.98830223083496,
      37.1877326965332,
      28.04689598083496,
      62.910552978515625,
      25.895620346069336,
      62.62907791137695
    ]
  ],
  "covariance_short": [
    [
      20.58233070373535,
      3.708573341369629,
      5.73892879486084,
      4.680030345916748,
      5.51061487197876,
      5.98226261138916,
      4.665502071380615,
      5.8299055099487305,
      4.5219902992248535,
      5.599109649658203,
      3.085552215576172,
      5.196747303009033,
      1.0815627574920654,
      2.14799165725708,
      1.421788215637207,
      1.5197137594223022,
      2.7621281147003174,
      5.312107086181641
    ],
    [
      3.708573341369629,
      41.235633850097656,
      6.361025810241699,
      6.938295364379883,
      5.097795009613037,
      5.499348163604736,
      3.3526523113250732,
      4.402616024017334,
      1.541314721107483,
      1.7515947818756104,
      0.7025133371353149,
      2.388353109359741,
      0.9297041893005371,
      4.308783531188965,
      2.4132416248321533,
      4.760491371154785,
      2.095111846923828,
      6.870207786560059
    ],
    [
      5.73892879486084,
      6.361025810241699,
      16.48368263244629,
      9.640229225158691,
      9.229726791381836,
      8.499646186828613,
      8.95467758178711,
      8.40025806427002,
      8.825540542602539,
      8.502901077270508,
      8.038310050964355,
      9.117595672607422,
      4.891822338104248,
      8.697013854980469,
      6.480251312255859,
      9.341577529907227,
      5.96987247467041,
      11.177382469177246
    ],
    [
      4.680030345916748,
      6.938295364379883,
      9.640229225158691,
      16.341758728027344,
      7.569550037384033,
      8.934494972229004,
      7.300653457641602,
      8.027730941772461,
      7.556509971618652,
      8.1334228515625,
      5.504638195037842,
      8.021088600158691,
      2.4574358463287354,
      5.7264275550842285,
      2.682511568069458,
      4.236902236938477,
      2.0106778144836426,
      6.361298084259033
    ],
    [
      5.51061487197876,
      5.097795009613037,
      9.229726791381836,
      7.569550037384033,
      17.15222930908203,
      12.25353717803955,
      10.779921531677246,
      9.985084533691406,
      10.863693237304688,
      11.099481582641602,
      9.51718521118164,
      11.54252815246582,
      5.553043842315674,
      9.861822128295898,
      5.637841701507568,
      8.66250991821289,
      7.110358715057373,
      10.66534423828125
    ],
    [
      5.98226261138916,
      5.499348163604736,
      8.499646186828613,
      8.934494972229004,
      12.25353717803955,
      22.19584846496582,
      9.844804763793945,
      12.432863235473633,
      10.133577346801758,
      12.55226993560791,
      7.5360331535339355,
      12.69879150390625,
      2.562936782836914,
      8.514272689819336,
      2.8616061210632324,
      6.679863929748535,
      3.061553478240967,
      8.970046043395996
    ],
    [
      4.665502071380615,
      3.3526523113250732,
      8.95467758178711,
      7.300653457641602,
      10.779921531677246,
      9.844804763793945,
      20.442136764526367,
      13.825716018676758,
      14.628252983093262,
      13.48461627960205,
      13.826135635375977,
      15.005874633789062,
      9.51687240600586,
      15.082340240478516,
      10.129380226135254,
      13.932388305664062,
      11.77581787109375,
      15.226876258850098
    ],
    [
      5.8299055099487305,
      4.402616024017334,
      8.40025806427002,
      8.027730941772461,
      9.985084533691406,
      12.432863235473633,
      13.825716018676758,
      18.53375244140625,
      11.943923950195312,
      14.40945053100586,
      9.922272682189941,
      15.117025375366211,
      4.289374351501465,
      11.541054725646973,
      5.421961307525635,
      9.885643005371094,
      6.151618480682373,
      12.024614334106445
    ],
    [
      4.5219902992248535,
      1.541314721107483,
      8.825540542602539,
      7.556509971618652,
      10.863693237304688,
      10.133577346801758,
      14.628252983093262,
      11.943923950195312,
      24.51219940185547,
      18.840450286865234,
      18.284976959228516,
      20.191844940185547,
      11.666454315185547,
      18.879404067993164,
      11.590436935424805,
      16.701541900634766,
      13.544870376586914,
      16.498743057250977
    ],
    [
      5.599109649658203,
      1.7515947818756104,
      8.502901077270508,
      8.1334228515625,
      11.099481582641602,
      12.55226993560791,
      13.48461627960205,
      14.40945053100586,
      18.840450286865234,
      23.203147888183594,
      14.170760154724121,
      20.962242126464844,
      6.354303359985352,
      16.05611801147461,
      6.61213493347168,
      13.155082702636719,
      7.3086395263671875,
      13.408259391784668
    ],
    [
      3.085552215576172,
      0.7025133371353149,
      8.038310050964355,
      5.504638195037842,
      9.51718521118164,
      7.5360331535339355,
      13.826135635375977,
      9.922272682189941,
      18.284976959228516,
      14.170760154724121,
      23.71915626525879,
      20.25084686279297,
      18.838577270507812,
      21.588071823120117,
      18.835302352905273,
      22.006290435791016,
      20.111669540405273,
      22.049453735351562
    ],
    [
      5.196747303009033,
      2.388353109359741,
      9.117595672607422,
      8.021088600158691,
      11.54252815246582,
      12.69879150390625,
      15.005874633789062,
      15.117025375366211,
      20.191844940185547,
      20.962242126464844,
      20.25084686279297,
      28.797710418701172,
      11.046036720275879,
      23.29774284362793,
      12.149959564208984,
      21.696779251098633,
      12.402257919311523,
      21.889589309692383
    ],
    [
      1.0815627574920654,
      0.9297041893005371,
      4.891822338104248,
      2.4574358463287354,
      5.553043842315674,
      2.562936782836914,
      9.51687240600586,
      4.289374351501465,
      11.666454315185547,
      6.354303359985352,
      18.838577270507812,
      11.046036720275879,
      38.33202362060547,
      26.914432525634766,
      40.814884185791016,
      36.60468292236328,
      44.62919616699219,
      37.42681884765625
    ],
    [
      2.14799165725708,
      4.308783531188965,
      8.697013854980469,
      5.7264275550842285,
      9.861822128295898,
      8.514272689819336,
      15.082340240478516,
      11.541054725646973,
      18.879404067993164,
      16.05611801147461,
      21.588071823120117,
      23.29774284362793,
      26.914432525634766,
      47.5931510925293,
      33.173553466796875,
      57.125328063964844,
      34.39067459106445,
      54.038936614990234
    ],
    [
      1.421788215637207,
      2.4132416248321533,
      6.480251312255859,
      2.682511568069458,
      5.637841701507568,
      2.8616061210632324,
      10.129380226135254,
      5.421961307525635,
      11.590436935424805,
      6.61213493347168,
      18.835302352905273,
      12.149959564208984,
      40.814884185791016,
      33.173553466796875,
      54.094749450683594,
      52.59541702270508,
      56.81977462768555,
      53.42039108276367
    ],
    [
      1.5197137594223022,
      4.760491371154785,
      9.341577529907227,
      4.236902236938477,
      8.66250991821289,
      6.679863929748535,
      13.932388305664062,
      9.885643005371094,
      16.701541900634766,
      13.155082702636719,
      22.006290435791016,
      21.696779251098633,
      36.60468292236328,
      57.125328063964844,
      52.59541702270508,
      91.61353302001953,
      53.72480010986328,
      82.66252136230469
    ],
    [
      2.7621281147003174,
      2.095111846923828,
      5.96987247467041,
      2.0106778144836426,
      7.110358715057373,
      3.061553478240967,
      11.77581787109375,
      6.151618480682373,
      13.544870376586914,
      7.3086395263671875,
      20.111669540405273,
      12.402257919311523,
      44.62919616699219,
      34.39067459106445,
      56.81977462768555,
      53.72480010986328,
      76.09262084960938,
      60.80727005004883
    ],
    [
      5.312107086181641,
      6.870207786560059,
      11.177382469177246,
      6.361298084259033,
      10.66534423828125,
      8.970046043395996,
      15.226876258850098,
      12.024614334106445,
      16.498743057250977,
      13.408259391784668,
      22.049453735351562,
      21.889589309692383,
      37.42681884765625,
      54.038936614990234,
      53.42039108276367,
      82.66252136230469,
      60.80727005004883,
      97.40340423583984
    ]
  ],
  "damage": -4.675477504730225,
  "diff_bandwidth": 406.885986328125,
  "dissonance": 8.431473663564674,
  "drr": -14.907421112060547,
  "dynamics": 1.7038911581039429,
  "format": 1245190,
  "frames": 7079872,
  "loudness": -9.797453880310059,
  "loudness_range": 3.1546783447265625,
  "loudness_range_short": 6.906180381774902,
  "lowpass_true_peak_15khz": 1.0285719633102417,
  "mastering3_acoustic_entropies": [
    {
      "acoustic_entropy": 3.952650785446167,
      "acoustic_entropy_mono": 3.664260149002075,
      "band_eliminated_acoustic_entropies": [
        {
          "acoustic_entropy": 4.002843856811523,
          "acoustic_entropy_side": 3.951636552810669,
          "hz": 129.47220167065723
        },
        {
          "acoustic_entropy": 3.894243001937866,
          "acoustic_entropy_side": 3.8687856197357178,
          "hz": 202.92927478742237
        },
        {
          "acoustic_entropy": 3.8412907123565674,
          "acoustic_entropy_side": 3.767143487930298,
          "hz": 282.89161906338205
        },
        {
          "acoustic_entropy": 3.9816579818725586,
          "acoustic_entropy_side": 3.9915404319763184,
          "hz": 369.9353335868758
        },
        {
          "acoustic_entropy": 4.181576728820801,
          "acoustic_entropy_side": 4.2826032638549805,
          "hz": 464.6875360973435
        },
        {
          "acoustic_entropy": 4.106616497039795,
          "acoustic_entropy_side": 3.9977989196777344,
          "hz": 567.8308811364784
        },
        {
          "acoustic_entropy": 3.9831628799438477,
          "acoustic_entropy_side": 3.827552556991577,
          "hz": 680.1084783214808
        },
        {
          "acoustic_entropy": 4.001806735992432,
          "acoustic_entropy_side": 3.971339464187622,
          "hz": 802.3292461747484
        },
        {
          "acoustic_entropy": 3.916203022003174,
          "acoustic_entropy_side": 3.9854748249053955,
          "hz": 935.3737400823702
        },
        {
          "acoustic_entropy": 4.021648406982422,
          "acoustic_entropy_side": 4.095470905303955,
          "hz": 1080.2004963696966
        },
        {
          "acoustic_entropy": 3.8302202224731445,
          "acoustic_entropy_side": 3.948169231414795,
          "hz": 1237.8529382007157
        },
        {
          "acoustic_entropy": 3.9816997051239014,
          "acoustic_entropy_side": 3.9610586166381836,
          "hz": 1409.4668930556702
        },
        {
          "acoustic_entropy": 3.7571680545806885,
          "acoustic_entropy_side": 3.9329545497894287,
          "hz": 1596.2787759475705
        },
        {
          "acoustic_entropy": 4.119300842285156,
          "acoustic_entropy_side": 3.9758589267730713,
          "hz": 1799.6344973346393
        },
        {
          "acoustic_entropy": 3.979203462600708,
          "acoustic_entropy_side": 4.019758224487305,
          "hz": 2020.9991599069049
        },
        {
          "acoustic_entropy": 4.180141448974609,
          "acoustic_entropy_side": 4.001773357391357,
          "hz": 2261.9676141086993
        },
        {
          "acoustic_entropy": 3.9356210231781006,
          "acoustic_entropy_side": 3.913501262664795,
          "hz": 2524.2759484456974
        },
        {
          "acoustic_entropy": 3.946162462234497,
          "acoustic_entropy_side": 3.9443843364715576,
          "hz": 2809.813997359896
        },
        {
          "acoustic_entropy": 3.8900609016418457,
          "acoustic_entropy_side": 3.948570489883423,
          "hz": 3120.6389567871424
        },
        {
          "acoustic_entropy": 3.9329164028167725,
          "acoustic_entropy_side": 3.8904359340667725,
          "hz": 3458.990205492291
        },
        {
          "acoustic_entropy": 4.0145087242126465,
          "acoustic_entropy_side": 4.005164623260498,
          "hz": 3827.305438964164
        },
        {
          "acoustic_entropy": 3.9625236988067627,
          "acoustic_entropy_side": 3.9395267963409424,
          "hz": 4228.238232109126
        },
        {
          "acoustic_entropy": 4.029473304748535,
          "acoustic_entropy_side": 3.9729692935943604,
          "hz": 4664.6771572759235
        },
        {
          "acoustic_entropy": 3.992997407913208,
          "acoustic_entropy_side": 3.971118688583374,
          "hz": 5139.766595350093
        },
        {
          "acoustic_entropy": 3.98901104927063,
          "acoustic_entropy_side": 3.964756727218628,
          "hz": 5656.929389854203
        },
        {
          "acoustic_entropy": 3.9372122287750244,
          "acoustic_entropy_side": 3.973987340927124,
          "hz": 6219.891507268283
        },
        {
          "acoustic_entropy": 4.013068199157715,
          "acoustic_entropy_side": 3.9447951316833496,
          "hz": 6832.70888123896
        },
        {
          "acoustic_entropy": 3.9562623500823975,
          "acoustic_entropy_side": 3.9243357181549072,
          "hz": 7499.796634079867
        },
        {
          "acoustic_entropy": 3.8673741817474365,
          "acoustic_entropy_side": 3.9204611778259277,
          "hz": 8225.96088609342
        },
        {
          "acoustic_entropy": 3.947357654571533,
          "acoustic_entropy_side": 3.915601968765259,
          "hz": 9016.43338188839
        },
        {
          "acoustic_entropy": 3.948021173477173,
          "acoustic_entropy_side": 3.915043830871582,
          "hz": 9876.909183162974
        },
        {
          "acoustic_entropy": 3.8813159465789795,
          "acoustic_entropy_side": 3.9044277667999268,
          "hz": 10813.587699516042
        },
        {
          "acoustic_entropy": 3.954207420349121,
          "acoustic_entropy_side": 3.931241989135742,
          "hz": 11833.21735289826
        },
        {
          "acoustic_entropy": 3.9469363689422607,
          "acoustic_entropy_side": 3.9324328899383545,
          "hz": 12943.144197493959
        },
        {
          "acoustic_entropy": 3.948289155960083,
          "acoustic_entropy_side": 3.9409708976745605,
          "hz": 14151.364845322005
        },
        {
          "acoustic_entropy": 3.9479427337646484,
          "acoustic_entropy_side": 3.944371461868286,
          "hz": 15466.58407886509
        },
        {
          "acoustic_entropy": 3.9443042278289795,
          "acoustic_entropy_side": 3.946458339691162,
          "hz": 16898.27756580493
        },
        {
          "acoustic_entropy": 3.9460268020629883,
          "acoustic_entropy_side": 3.9507007598876953,
          "hz": 18456.760127700032
        },
        {
          "acoustic_entropy": 3.8769614696502686,
          "acoustic_entropy_side": 3.9522902965545654,
          "hz": 20153.260054456492
        },
        {
          "acoustic_entropy": 3.957364320755005,
          "acoustic_entropy_side": 3.9526259899139404,
          "hz": 22000.00000000001
        }
      ],
      "diff_acoustic_entropy": 5.044386386871338,
      "sn": 6
    },
    {
      "acoustic_entropy": 8.17538070678711,
      "acoustic_entropy_mono": 6.785745143890381,
      "band_eliminated_acoustic_entropies": [
        {
          "acoustic_entropy": 8.067706108093262,
          "acoustic_entropy_side": 8.167617797851562,
          "hz": 129.47220167065723
        },
        {
          "acoustic_entropy": 8.079669952392578,
          "acoustic_entropy_side": 8.16435718536377,
          "hz": 202.92927478742237
        },
        {
          "acoustic_entropy": 8.201337814331055,
          "acoustic_entropy_side": 8.324417114257812,
          "hz": 282.89161906338205
        },
        {
          "acoustic_entropy": 8.526960372924805,
          "acoustic_entropy_side": 8.551488876342773,
          "hz": 369.9353335868758
        },
        {
          "acoustic_entropy": 8.98691177368164,
          "acoustic_entropy_side": 8.944374084472656,
          "hz": 464.6875360973435
        },
        {
          "acoustic_entropy": 8.196934700012207,
          "acoustic_entropy_side": 8.333369255065918,
          "hz": 567.8308811364784
        },
        {
          "acoustic_entropy": 8.453619956970215,
          "acoustic_entropy_side": 8.36037540435791,
          "hz": 680.1084783214808
        },
        {
          "acoustic_entropy": 8.134496688842773,
          "acoustic_entropy_side": 8.422601699829102,
          "hz": 802.3292461747484
        },
        {
          "acoustic_entropy": 9.103397369384766,
          "acoustic_entropy_side": 8.666230201721191,
          "hz": 935.3737400823702
        },
        {
          "acoustic_entropy": 8.385664939880371,
          "acoustic_entropy_side": 8.566420555114746,
          "hz": 1080.2004963696966
        },
        {
          "acoustic_entropy": 8.060776710510254,
          "acoustic_entropy_side": 8.018807411193848,
          "hz": 1237.8529382007157
        },
        {
          "acoustic_entropy": 8.234477043151855,
          "acoustic_entropy_side": 8.059392929077148,
          "hz": 1409.4668930556702
        },
        {
          "acoustic_entropy": 8.0217924118042,
          "acoustic_entropy_side": 8.261824607849121,
          "hz": 1596.2787759475705
        },
        {
          "acoustic_entropy": 8.397029876708984,
          "acoustic_entropy_side": 8.042705535888672,
          "hz": 1799.6344973346393
        },
        {
          "acoustic_entropy": 7.787904739379883,
          "acoustic_entropy_side": 7.89614200592041,
          "hz": 2020.9991599069049
        },
        {
          "acoustic_entropy": 8.406881332397461,
          "acoustic_entropy_side": 8.30416488647461,
          "hz": 2261.9676141086993
        },
        {
          "acoustic_entropy": 8.493680953979492,
          "acoustic_entropy_side": 8.404097557067871,
          "hz": 2524.2759484456974
        },
        {
          "acoustic_entropy": 8.181600570678711,
          "acoustic_entropy_side": 8.033287048339844,
          "hz": 2809.813997359896
        },
        {
          "acoustic_entropy": 8.098760604858398,
          "acoustic_entropy_side": 8.162877082824707,
          "hz": 3120.6389567871424
        },
        {
          "acoustic_entropy": 8.147350311279297,
          "acoustic_entropy_side": 8.158707618713379,
          "hz": 3458.990205492291
        },
        {
          "acoustic_entropy": 8.415657043457031,
          "acoustic_entropy_side": 8.248983383178711,
          "hz": 3827.305438964164
        },
        {
          "acoustic_entropy": 8.112594604492188,
          "acoustic_entropy_side": 8.179421424865723,
          "hz": 4228.238232109126
        },
        {
          "acoustic_entropy": 8.459362983703613,
          "acoustic_entropy_side": 8.269905090332031,
          "hz": 4664.6771572759235
        },
        {
          "acoustic_entropy": 8.158180236816406,
          "acoustic_entropy_side": 8.134159088134766,
          "hz": 5139.766595350093
        },
        {
          "acoustic_entropy": 8.2464017868042,
          "acoustic_entropy_side": 8.163206100463867,
          "hz": 5656.929389854203
        },
        {
          "acoustic_entropy": 7.9830780029296875,
          "acoustic_entropy_side": 8.151005744934082,
          "hz": 6219.891507268283
        },
        {
          "acoustic_entropy": 8.200324058532715,
          "acoustic_entropy_side": 8.112401008605957,
          "hz": 6832.70888123896
        },
        {
          "acoustic_entropy": 8.008956909179688,
          "acoustic_entropy_side": 8.062641143798828,
          "hz": 7499.796634079867
        },
        {
          "acoustic_entropy": 7.936153888702393,
          "acoustic_entropy_side": 8.050379753112793,
          "hz": 8225.96088609342
        },
        {
          "acoustic_entropy": 7.939956188201904,
          "acoustic_entropy_side": 8.053642272949219,
          "hz": 9016.43338188839
        },
        {
          "acoustic_entropy": 8.051579475402832,
          "acoustic_entropy_side": 8.15157413482666,
          "hz": 9876.909183162974
        },
        {
          "acoustic_entropy": 7.847498893737793,
          "acoustic_entropy_side": 8.160966873168945,
          "hz": 10813.587699516042
        },
        {
          "acoustic_entropy": 8.018797874450684,
          "acoustic_entropy_side": 8.154947280883789,
          "hz": 11833.21735289826
        },
        {
          "acoustic_entropy": 7.9727678298950195,
          "acoustic_entropy_side": 8.168248176574707,
          "hz": 12943.144197493959
        },
        {
          "acoustic_entropy": 8.197504043579102,
          "acoustic_entropy_side": 8.159666061401367,
          "hz": 14151.364845322005
        },
        {
          "acoustic_entropy": 8.230183601379395,
          "acoustic_entropy_side": 8.178412437438965,
          "hz": 15466.58407886509
        },
        {
          "acoustic_entropy": 8.193087577819824,
          "acoustic_entropy_side": 8.171342849731445,
          "hz": 16898.27756580493
        },
        {
          "acoustic_entropy": 8.11889934539795,
          "acoustic_entropy_side": 8.173420906066895,
          "hz": 18456.760127700032
        },
        {
          "acoustic_entropy": 7.890874862670898,
          "acoustic_entropy_side": 8.174875259399414,
          "hz": 20153.260054456492
        },
        {
          "acoustic_entropy": 7.942282199859619,
          "acoustic_entropy_side": 8.175318717956543,
          "hz": 22000.00000000001
        }
      ],
      "diff_acoustic_entropy": 8.597623825073242,
      "sn": 12
    },
    {
      "acoustic_entropy": 13.5175199508667,
      "acoustic_entropy_mono": 10.511429786682129,
      "band_eliminated_acoustic_entropies": [
        {
          "acoustic_entropy": 13.339401245117188,
          "acoustic_entropy_side": 13.516108512878418,
          "hz": 129.47220167065723
        },
        {
          "acoustic_entropy": 14.650425910949707,
          "acoustic_entropy_side": 14.61347484588623,
          "hz": 202.92927478742237
        },
        {
          "acoustic_entropy": 14.107062339782715,
          "acoustic_entropy_side": 14.016703605651855,
          "hz": 282.89161906338205
        },
        {
          "acoustic_entropy": 14.055914878845215,
          "acoustic_entropy_side": 14.299789428710938,
          "hz": 369.9353335868758
        },
        {
          "acoustic_entropy": 13.577970504760742,
          "acoustic_entropy_side": 13.89676570892334,
          "hz": 464.6875360973435
        },
        {
          "acoustic_entropy": 13.494667053222656,
          "acoustic_entropy_side": 13.980149269104004,
          "hz": 567.8308811364784
        },
        {
          "acoustic_entropy": 14.437191009521484,
          "acoustic_entropy_side": 14.485431671142578,
          "hz": 680.1084783214808
        },
        {
          "acoustic_entropy": 13.925936698913574,
          "acoustic_entropy_side": 14.245285987854004,
          "hz": 802.3292461747484
        },
        {
          "acoustic_entropy": 13.868523597717285,
          "acoustic_entropy_side": 14.410651206970215,
          "hz": 935.3737400823702
        },
        {
          "acoustic_entropy": 13.945494651794434,
          "acoustic_entropy_side": 13.756007194519043,
          "hz": 1080.2004963696966
        },
        {
          "acoustic_entropy": 13.583700180053711,
          "acoustic_entropy_side": 13.677606582641602,
          "hz": 1237.8529382007157
        },
        {
          "acoustic_entropy": 13.587455749511719,
          "acoustic_entropy_side": 13.469480514526367,
          "hz": 1409.4668930556702
        },
        {
          "acoustic_entropy": 13.254195213317871,
          "acoustic_entropy_side": 13.547514915466309,
          "hz": 1596.2787759475705
        },
        {
          "acoustic_entropy": 13.834856033325195,
          "acoustic_entropy_side": 13.556797981262207,
          "hz": 1799.6344973346393
        },
        {
          "acoustic_entropy": 13.756104469299316,
          "acoustic_entropy_side": 13.63499641418457,
          "hz": 2020.9991599069049
        },
        {
          "acoustic_entropy": 13.643388748168945,
          "acoustic_entropy_side": 13.617955207824707,
          "hz": 2261.9676141086993
        },
        {
          "acoustic_entropy": 14.047059059143066,
          "acoustic_entropy_side": 13.751799583435059,
          "hz": 2524.2759484456974
        },
        {
          "acoustic_entropy": 13.489644050598145,
          "acoustic_entropy_side": 13.613330841064453,
          "hz": 2809.813997359896
        },
        {
          "acoustic_entropy": 13.595454216003418,
